2020-12-27, 00:00:01, 8.57e-13, 5.34e-11
2020-12-27, 00:00:05, 8.98e-13, 5.38e-11
2020-12-27, 00:00:10, 9.37e-13, 5.36e-11
2020-12-27, 00:00:14, 9.19e-13, 5.38e-11
2020-12-27, 00:00:18, 9.46e-13, 5.39e-11
2020-12-27, 00:00:22, 9.62e-13, 5.37e-11
2020-12-27, 00:00:27, 9.05e-13, 5.39e-11
2020-12-27, 00:00:31, 9.28e-13, 5.35e-11
2020-12-27, 00:00:35, 8.92e-13, 5.35e-11
2020-12-27, 00:00:39, 9.67e-13, 5.34e-11
2020-12-27, 00:00:43, 9.14e-13, 5.35e-11
2020-12-27, 00:00:48, 9.1e-13, 5.36e-11
2020-12-27, 00:00:52, 1e-12, 5.36e-11
2020-12-27, 00:00:56, 9.6e-13, 5.4e-11
2020-12-27, 00:01:00, 9.8e-13, 5.36e-11
2020-12-27, 00:01:05, 8.83e-13, 5.35e-11
2020-12-27, 00:01:09, 9.44e-13, 5.35e-11
2020-12-27, 00:01:13, 9.37e-13, 5.34e-11
2020-12-27, 00:01:17, 9.11e-13, 5.37e-11
2020-12-27, 00:01:21, 9.02e-13, 5.38e-11
2020-12-27, 00:01:27, 9.5e-13, 5.37e-11
2020-12-27, 00:01:31, 9.04e-13, 5.35e-11
2020-12-27, 00:01:35, 9.7e-13, 5.33e-11
2020-12-27, 00:01:40, 9.5e-13, 5.37e-11
2020-12-27, 00:01:44, 9.32e-13, 5.36e-11
2020-12-27, 00:01:48, 8.96e-13, 5.37e-11
2020-12-27, 00:01:52, 8.98e-13, 5.35e-11
2020-12-27, 00:01:57, 1.02e-12, 5.38e-11
2020-12-27, 00:02:01, 1.17e-12, 5.38e-11
2020-12-27, 00:02:05, 8.98e-13, 5.37e-11
2020-12-27, 00:02:09, 1.11e-12, 5.37e-11
2020-12-27, 00:02:13, 9.57e-13, 5.39e-11
2020-12-27, 00:02:18, 8.89e-13, 5.35e-11
2020-12-27, 00:02:22, 8.98e-13, 5.37e-11
2020-12-27, 00:02:26, 9.74e-13, 5.39e-11
2020-12-27, 00:02:30, 9.01e-13, 5.37e-11
2020-12-27, 00:02:35, 9.76e-13, 5.34e-11
2020-12-27, 00:02:39, 9.34e-13, 5.37e-11
2020-12-27, 00:02:43, 8.56e-13, 5.35e-11
2020-12-27, 00:02:47, 9.54e-13, 5.41e-11
2020-12-27, 00:02:51, 8.63e-13, 5.39e-11
2020-12-27, 00:02:56, 9.52e-13, 5.38e-11
2020-12-27, 00:03:00, 9.75e-13, 5.41e-11
2020-12-27, 00:03:04, 9.9e-13, 5.38e-11
2020-12-27, 00:03:08, 9.59e-13, 5.37e-11
2020-12-27, 00:03:13, 9.12e-13, 5.37e-11
2020-12-27, 00:03:17, 9.09e-13, 5.39e-11
2020-12-27, 00:03:21, 9.32e-13, 5.38e-11
2020-12-27, 00:03:25, 9.07e-13, 5.39e-11
2020-12-27, 00:03:29, 9.25e-13, 5.36e-11
2020-12-27, 00:03:34, 9.11e-13, 5.36e-11
2020-12-27, 00:03:38, 9.42e-13, 5.4e-11
2020-12-27, 00:03:42, 8.16e-13, 5.38e-11
2020-12-27, 00:03:46, 8.88e-13, 5.39e-11
2020-12-27, 00:03:51, 9.62e-13, 5.37e-11
2020-12-27, 00:03:55, 9.29e-13, 5.35e-11
2020-12-27, 00:03:59, 1.03e-12, 5.4e-11
2020-12-27, 00:04:03, 9.13e-13, 5.36e-11
2020-12-27, 00:04:07, 9.4e-13, 5.39e-11
2020-12-27, 00:04:12, 9e-13, 5.39e-11
2020-12-27, 00:04:16, 9.78e-13, 5.39e-11
2020-12-27, 00:04:20, 9.12e-13, 5.39e-11
2020-12-27, 00:04:24, 8.72e-13, 5.39e-11
2020-12-27, 00:04:29, 9.08e-13, 5.37e-11
2020-12-27, 00:04:33, 8.9e-13, 5.39e-11
2020-12-27, 00:04:37, 9.3e-13, 5.4e-11
2020-12-27, 00:04:41, 9.51e-13, 5.38e-11
2020-12-27, 00:04:45, 9.35e-13, 5.4e-11
2020-12-27, 00:04:50, 8.45e-13, 5.39e-11
2020-12-27, 00:04:54, 9.72e-13, 5.38e-11
2020-12-27, 00:04:58, 9.45e-13, 5.39e-11
2020-12-27, 00:05:02, 9.45e-13, 5.37e-11
2020-12-27, 00:05:07, 8.94e-13, 5.38e-11
2020-12-27, 00:05:11, 8.79e-13, 5.36e-11
2020-12-27, 00:05:15, 8.47e-13, 5.37e-11
2020-12-27, 00:05:19, 8.6e-13, 5.4e-11
2020-12-27, 00:05:23, 8e-13, 5.41e-11
2020-12-27, 00:05:28, 8.72e-13, 5.39e-11
2020-12-27, 00:05:32, 9.65e-13, 5.39e-11
2020-12-27, 00:05:36, 9.13e-13, 5.38e-11
2020-12-27, 00:05:40, 9.1e-13, 5.39e-11
2020-12-27, 00:05:45, 8.9e-13, 5.4e-11
2020-12-27, 00:05:49, 9.43e-13, 5.42e-11
2020-12-27, 00:05:53, 9.41e-13, 5.41e-11
2020-12-27, 00:05:57, 9.29e-13, 5.38e-11
2020-12-27, 00:06:01, 9.35e-13, 5.38e-11
2020-12-27, 00:06:06, 1.02e-12, 5.36e-11
2020-12-27, 00:06:10, 9.34e-13, 5.36e-11
2020-12-27, 00:06:14, 9.48e-13, 5.4e-11
2020-12-27, 00:06:18, 9.46e-13, 5.38e-11
2020-12-27, 00:06:23, 9.32e-13, 5.36e-11
2020-12-27, 00:06:27, 9.26e-13, 5.37e-11
2020-12-27, 00:06:31, 8.82e-13, 5.35e-11
2020-12-27, 00:06:35, 9.26e-13, 5.34e-11
2020-12-27, 00:06:39, 8.8e-13, 5.4e-11
2020-12-27, 00:06:44, 9.5e-13, 5.36e-11
2020-12-27, 00:06:48, 1e-12, 5.37e-11
2020-12-27, 00:06:52, 9.41e-13, 5.37e-11
2020-12-27, 00:06:56, 8.64e-13, 5.35e-11
2020-12-27, 00:07:00, 8.94e-13, 5.37e-11
2020-12-27, 00:07:05, 9.51e-13, 5.4e-11
2020-12-27, 00:07:09, 9e-13, 5.41e-11
2020-12-27, 00:07:13, 9.28e-13, 5.42e-11
2020-12-27, 00:07:17, 9.6e-13, 5.43e-11
2020-12-27, 00:07:22, 1.04e-12, 5.38e-11
2020-12-27, 00:07:26, 9.06e-13, 5.4e-11
2020-12-27, 00:07:30, 9.77e-13, 5.37e-11
2020-12-27, 00:07:34, 9.24e-13, 5.43e-11
2020-12-27, 00:07:38, 9.22e-13, 5.43e-11
2020-12-27, 00:07:43, 9.18e-13, 5.4e-11
2020-12-27, 00:07:47, 9.08e-13, 5.39e-11
2020-12-27, 00:07:51, 9.16e-13, 5.39e-11
2020-12-27, 00:07:55, 8.84e-13, 5.39e-11
2020-12-27, 00:08:00, 9.01e-13, 5.38e-11
2020-12-27, 00:08:04, 9.53e-13, 5.38e-11
2020-12-27, 00:08:08, 8.87e-13, 5.41e-11
2020-12-27, 00:08:12, 9.21e-13, 5.4e-11
2020-12-27, 00:08:16, 9.22e-13, 5.4e-11
2020-12-27, 00:08:21, 9.47e-13, 5.39e-11
2020-12-27, 00:08:25, 8.95e-13, 5.39e-11
2020-12-27, 00:08:29, 8.96e-13, 5.39e-11
2020-12-27, 00:08:33, 9.46e-13, 5.41e-11
2020-12-27, 00:08:38, 8.98e-13, 5.42e-11
2020-12-27, 00:08:42, 9.53e-13, 5.38e-11
2020-12-27, 00:08:46, 8.82e-13, 5.4e-11
2020-12-27, 00:08:50, 9.85e-13, 5.41e-11
2020-12-27, 00:08:54, 9.63e-13, 5.39e-11
2020-12-27, 00:08:59, 9.06e-13, 5.43e-11
2020-12-27, 00:09:03, 8.52e-13, 5.4e-11
2020-12-27, 00:09:07, 9.32e-13, 5.4e-11
2020-12-27, 00:09:11, 8.76e-13, 5.41e-11
2020-12-27, 00:09:16, 9.39e-13, 5.41e-11
2020-12-27, 00:09:20, 9.93e-13, 5.42e-11
2020-12-27, 00:09:24, 1.03e-12, 5.39e-11
2020-12-27, 00:09:28, 9.36e-13, 5.43e-11
2020-12-27, 00:09:32, 9.3e-13, 5.41e-11
2020-12-27, 00:09:37, 9.53e-13, 5.38e-11
2020-12-27, 00:09:41, 9.19e-13, 5.38e-11
2020-12-27, 00:09:45, 1e-12, 5.41e-11
2020-12-27, 00:09:49, 8.83e-13, 5.41e-11
2020-12-27, 00:09:54, 8.82e-13, 5.41e-11
2020-12-27, 00:09:58, 9.8e-13, 5.4e-11
2020-12-27, 00:10:02, 9.06e-13, 5.36e-11
2020-12-27, 00:10:06, 1.04e-12, 5.37e-11
2020-12-27, 00:10:10, 8.82e-13, 5.38e-11
2020-12-27, 00:10:15, 9.42e-13, 5.38e-11
2020-12-27, 00:10:19, 9.2e-13, 5.39e-11
2020-12-27, 00:10:23, 9.5e-13, 5.4e-11
2020-12-27, 00:10:27, 9.11e-13, 5.4e-11
2020-12-27, 00:10:32, 9.91e-13, 5.38e-11
2020-12-27, 00:10:36, 9.2e-13, 5.41e-11
2020-12-27, 00:10:40, 9.33e-13, 5.4e-11
2020-12-27, 00:10:44, 9.18e-13, 5.41e-11
2020-12-27, 00:10:48, 8.73e-13, 5.37e-11
2020-12-27, 00:10:53, 9.19e-13, 5.38e-11
2020-12-27, 00:10:57, 1.04e-12, 5.39e-11
2020-12-27, 00:11:01, 9.4e-13, 5.38e-11
2020-12-27, 00:11:05, 1.06e-12, 5.39e-11
2020-12-27, 00:11:10, 9.17e-13, 5.42e-11
2020-12-27, 00:11:14, 9.41e-13, 5.44e-11
2020-12-27, 00:11:18, 9.82e-13, 5.43e-11
2020-12-27, 00:11:22, 1.04e-12, 5.42e-11
2020-12-27, 00:11:26, 9.84e-13, 5.38e-11
2020-12-27, 00:11:31, 9.02e-13, 5.4e-11
2020-12-27, 00:11:35, 8.66e-13, 5.41e-11
2020-12-27, 00:11:39, 9.4e-13, 5.41e-11
2020-12-27, 00:11:43, 9.31e-13, 5.39e-11
2020-12-27, 00:11:48, 9.56e-13, 5.43e-11
2020-12-27, 00:11:52, 9.32e-13, 5.39e-11
2020-12-27, 00:11:56, 8.95e-13, 5.42e-11
2020-12-27, 00:12:00, 9.17e-13, 5.42e-11
2020-12-27, 00:12:04, 9.54e-13, 5.38e-11
2020-12-27, 00:12:09, 9.51e-13, 5.41e-11
2020-12-27, 00:12:13, 8.65e-13, 5.36e-11
2020-12-27, 00:12:17, 9.67e-13, 5.36e-11
2020-12-27, 00:12:21, 9.38e-13, 5.35e-11
2020-12-27, 00:12:26, 9.48e-13, 5.4e-11
2020-12-27, 00:12:30, 8.73e-13, 5.38e-11
2020-12-27, 00:12:34, 9.65e-13, 5.38e-11
2020-12-27, 00:12:38, 9.32e-13, 5.38e-11
2020-12-27, 00:12:42, 9.24e-13, 5.39e-11
2020-12-27, 00:12:47, 1.06e-12, 5.34e-11
2020-12-27, 00:12:51, 9.3e-13, 5.37e-11
2020-12-27, 00:12:55, 9.79e-13, 5.4e-11
2020-12-27, 00:12:59, 9.03e-13, 5.38e-11
2020-12-27, 00:13:04, 9.12e-13, 5.37e-11
2020-12-27, 00:13:08, 9.33e-13, 5.36e-11
2020-12-27, 00:13:12, 9.37e-13, 5.36e-11
2020-12-27, 00:13:16, 8.65e-13, 5.38e-11
2020-12-27, 00:13:20, 9.49e-13, 5.4e-11
2020-12-27, 00:13:25, 9.17e-13, 5.39e-11
2020-12-27, 00:13:29, 8.4e-13, 5.44e-11
2020-12-27, 00:13:33, 9.47e-13, 5.43e-11
2020-12-27, 00:13:37, 8.31e-13, 5.42e-11
2020-12-27, 00:13:42, 9.8e-13, 5.43e-11
2020-12-27, 00:13:46, 9.51e-13, 5.41e-11
2020-12-27, 00:13:50, 9.61e-13, 5.42e-11
2020-12-27, 00:13:54, 9.1e-13, 5.41e-11
2020-12-27, 00:13:58, 9.11e-13, 5.42e-11
2020-12-27, 00:14:03, 9.2e-13, 5.38e-11
2020-12-27, 00:14:07, 9.07e-13, 5.39e-11
2020-12-27, 00:14:11, 9.01e-13, 5.37e-11
2020-12-27, 00:14:15, 8.92e-13, 5.38e-11
2020-12-27, 00:14:19, 8.88e-13, 5.4e-11
2020-12-27, 00:14:24, 9.87e-13, 5.41e-11
2020-12-27, 00:14:28, 8.62e-13, 5.39e-11
2020-12-27, 00:14:32, 9.24e-13, 5.4e-11
2020-12-27, 00:14:36, 9.19e-13, 5.38e-11
2020-12-27, 00:14:41, 9.07e-13, 5.38e-11
2020-12-27, 00:14:45, 9.17e-13, 5.39e-11
2020-12-27, 00:14:49, 9.45e-13, 5.4e-11
2020-12-27, 00:14:53, 8.6e-13, 5.4e-11
2020-12-27, 00:14:57, 9.77e-13, 5.39e-11
2020-12-27, 00:15:02, 9.38e-13, 5.4e-11
2020-12-27, 00:15:06, 9.02e-13, 5.38e-11
2020-12-27, 00:15:10, 9.37e-13, 5.41e-11
2020-12-27, 00:15:14, 8.38e-13, 5.4e-11
2020-12-27, 00:15:19, 8.89e-13, 5.4e-11
2020-12-27, 00:15:23, 9.55e-13, 5.38e-11
2020-12-27, 00:15:27, 9e-13, 5.39e-11
2020-12-27, 00:15:31, 9.5e-13, 5.39e-11
2020-12-27, 00:15:35, 1.01e-12, 5.38e-11
2020-12-27, 00:15:40, 9.46e-13, 5.37e-11
2020-12-27, 00:15:44, 9.36e-13, 5.39e-11
2020-12-27, 00:15:48, 9.12e-13, 5.35e-11
2020-12-27, 00:15:52, 9.57e-13, 5.36e-11
2020-12-27, 00:15:57, 9.25e-13, 5.37e-11
2020-12-27, 00:16:01, 8.65e-13, 5.39e-11
2020-12-27, 00:16:05, 9.79e-13, 5.38e-11
2020-12-27, 00:16:09, 9.28e-13, 5.37e-11
2020-12-27, 00:16:13, 9.14e-13, 5.38e-11
2020-12-27, 00:16:18, 9.43e-13, 5.38e-11
2020-12-27, 00:16:22, 8.57e-13, 5.4e-11
2020-12-27, 00:16:26, 9.5e-13, 5.44e-11
2020-12-27, 00:16:30, 9.4e-13, 5.38e-11
2020-12-27, 00:16:35, 9.32e-13, 5.38e-11
2020-12-27, 00:16:39, 9.28e-13, 5.41e-11
2020-12-27, 00:16:43, 9.63e-13, 5.39e-11
2020-12-27, 00:16:47, 9.12e-13, 5.37e-11
2020-12-27, 00:16:51, 8.94e-13, 5.37e-11
2020-12-27, 00:16:56, 9.07e-13, 5.39e-11
2020-12-27, 00:17:00, 9e-13, 5.4e-11
2020-12-27, 00:17:04, 8.68e-13, 5.38e-11
2020-12-27, 00:17:08, 9.41e-13, 5.4e-11
2020-12-27, 00:17:13, 9.07e-13, 5.4e-11
2020-12-27, 00:17:17, 8.76e-13, 5.37e-11
2020-12-27, 00:17:21, 9.23e-13, 5.38e-11
2020-12-27, 00:17:25, 8.16e-13, 5.39e-11
2020-12-27, 00:17:29, 9.59e-13, 5.4e-11
2020-12-27, 00:17:34, 9.33e-13, 5.4e-11
2020-12-27, 00:17:38, 8.57e-13, 5.39e-11
2020-12-27, 00:17:42, 9.32e-13, 5.41e-11
2020-12-27, 00:17:46, 8.96e-13, 5.37e-11
2020-12-27, 00:17:50, 1.08e-12, 5.39e-11
2020-12-27, 00:17:55, 8.57e-13, 5.41e-11
2020-12-27, 00:17:59, 8.95e-13, 5.41e-11
2020-12-27, 00:18:03, 9.23e-13, 5.39e-11
2020-12-27, 00:18:07, 9.7e-13, 5.41e-11
2020-12-27, 00:18:12, 9.65e-13, 5.4e-11
2020-12-27, 00:18:16, 8.88e-13, 5.36e-11
2020-12-27, 00:18:20, 9.57e-13, 5.39e-11
2020-12-27, 00:18:24, 9.16e-13, 5.37e-11
2020-12-27, 00:18:28, 9.02e-13, 5.38e-11
2020-12-27, 00:18:33, 9.15e-13, 5.39e-11
2020-12-27, 00:18:37, 9.47e-13, 5.4e-11
2020-12-27, 00:18:41, 9.86e-13, 5.38e-11
2020-12-27, 00:18:45, 9.23e-13, 5.4e-11
2020-12-27, 00:18:50, 8.9e-13, 5.37e-11
2020-12-27, 00:18:54, 9.33e-13, 5.39e-11
2020-12-27, 00:18:58, 8.79e-13, 5.42e-11
2020-12-27, 00:19:02, 9.35e-13, 5.43e-11
2020-12-27, 00:19:06, 8.79e-13, 5.35e-11
2020-12-27, 00:19:11, 9.02e-13, 5.37e-11
2020-12-27, 00:19:15, 8.36e-13, 5.39e-11
2020-12-27, 00:19:19, 1.03e-12, 5.42e-11
2020-12-27, 00:19:23, 9.42e-13, 5.42e-11
2020-12-27, 00:19:28, 9.77e-13, 5.4e-11
2020-12-27, 00:19:32, 9.19e-13, 5.42e-11
2020-12-27, 00:19:36, 9.48e-13, 5.34e-11
2020-12-27, 00:19:40, 9.07e-13, 5.4e-11
2020-12-27, 00:19:44, 9.34e-13, 5.39e-11
2020-12-27, 00:19:49, 8.88e-13, 5.39e-11
2020-12-27, 00:19:53, 1.03e-12, 5.36e-11
2020-12-27, 00:19:57, 9.67e-13, 5.38e-11
2020-12-27, 00:20:01, 8.88e-13, 5.36e-11
2020-12-27, 00:20:06, 9.07e-13, 5.38e-11
2020-12-27, 00:20:10, 9.18e-13, 5.4e-11
2020-12-27, 00:20:14, 8.45e-13, 5.36e-11
2020-12-27, 00:20:18, 9.4e-13, 5.37e-11
2020-12-27, 00:20:22, 9.31e-13, 5.38e-11
2020-12-27, 00:20:27, 8.88e-13, 5.38e-11
2020-12-27, 00:20:31, 1.05e-12, 5.37e-11
2020-12-27, 00:20:35, 7.83e-13, 5.37e-11
2020-12-27, 00:20:39, 9.36e-13, 5.35e-11
2020-12-27, 00:20:44, 9.62e-13, 5.37e-11
2020-12-27, 00:20:48, 9.58e-13, 5.38e-11
2020-12-27, 00:20:52, 8.66e-13, 5.36e-11
2020-12-27, 00:20:56, 9.42e-13, 5.36e-11
2020-12-27, 00:21:00, 8.88e-13, 5.39e-11
2020-12-27, 00:21:05, 1e-12, 5.39e-11
2020-12-27, 00:21:09, 9.44e-13, 5.38e-11
2020-12-27, 00:21:13, 9.33e-13, 5.4e-11
2020-12-27, 00:21:17, 9.3e-13, 5.38e-11
2020-12-27, 00:21:22, 8.86e-13, 5.36e-11
2020-12-27, 00:21:26, 9.21e-13, 5.38e-11
2020-12-27, 00:21:30, 9.69e-13, 5.38e-11
2020-12-27, 00:21:34, 9.33e-13, 5.35e-11
2020-12-27, 00:21:38, 9.03e-13, 5.35e-11
2020-12-27, 00:21:43, 9.36e-13, 5.36e-11
2020-12-27, 00:21:47, 9.37e-13, 5.38e-11
2020-12-27, 00:21:51, 9.12e-13, 5.38e-11
2020-12-27, 00:21:55, 9.02e-13, 5.39e-11
2020-12-27, 00:22:00, 9.3e-13, 5.37e-11
2020-12-27, 00:22:04, 9.04e-13, 5.36e-11
2020-12-27, 00:22:08, 9.61e-13, 5.41e-11
2020-12-27, 00:22:12, 9.81e-13, 5.38e-11
2020-12-27, 00:22:16, 9.14e-13, 5.39e-11
2020-12-27, 00:22:21, 8.97e-13, 5.38e-11
2020-12-27, 00:22:25, 9.53e-13, 5.39e-11
2020-12-27, 00:22:29, 9.9e-13, 5.4e-11
2020-12-27, 00:22:33, 8.77e-13, 5.38e-11
2020-12-27, 00:22:38, 9.45e-13, 5.38e-11
2020-12-27, 00:22:42, 9.61e-13, 5.41e-11
2020-12-27, 00:22:46, 1e-12, 5.4e-11
2020-12-27, 00:22:50, 9.11e-13, 5.38e-11
2020-12-27, 00:22:54, 9.3e-13, 5.36e-11
2020-12-27, 00:22:59, 9.47e-13, 5.4e-11
2020-12-27, 00:23:03, 9.35e-13, 5.43e-11
2020-12-27, 00:23:07, 8.48e-13, 5.38e-11
2020-12-27, 00:23:11, 9.44e-13, 5.42e-11
2020-12-27, 00:23:15, 9.49e-13, 5.39e-11
2020-12-27, 00:23:20, 9.6e-13, 5.4e-11
2020-12-27, 00:23:24, 9.39e-13, 5.39e-11
2020-12-27, 00:23:28, 9.59e-13, 5.39e-11
2020-12-27, 00:23:32, 9.16e-13, 5.38e-11
2020-12-27, 00:23:37, 9.55e-13, 5.4e-11
2020-12-27, 00:23:41, 9.33e-13, 5.41e-11
2020-12-27, 00:23:45, 8.32e-13, 5.38e-11
2020-12-27, 00:23:49, 9.4e-13, 5.39e-11
2020-12-27, 00:23:53, 9.87e-13, 5.39e-11
2020-12-27, 00:23:58, 9.25e-13, 5.38e-11
2020-12-27, 00:24:02, 9.81e-13, 5.38e-11
2020-12-27, 00:24:06, 9.37e-13, 5.39e-11
2020-12-27, 00:24:10, 9.74e-13, 5.38e-11
2020-12-27, 00:24:15, 9.15e-13, 5.39e-11
2020-12-27, 00:24:19, 9.02e-13, 5.38e-11
2020-12-27, 00:24:23, 9.1e-13, 5.4e-11
2020-12-27, 00:24:27, 9.66e-13, 5.4e-11
2020-12-27, 00:24:31, 9.71e-13, 5.4e-11
2020-12-27, 00:24:36, 9.79e-13, 5.37e-11
2020-12-27, 00:24:40, 1e-12, 5.36e-11
2020-12-27, 00:24:44, 8.52e-13, 5.39e-11
2020-12-27, 00:24:48, 9.22e-13, 5.39e-11
2020-12-27, 00:24:53, 9.34e-13, 5.41e-11
2020-12-27, 00:24:57, 9.02e-13, 5.39e-11
2020-12-27, 00:25:01, 9.55e-13, 5.4e-11
2020-12-27, 00:25:05, 9.6e-13, 5.38e-11
2020-12-27, 00:25:09, 1.03e-12, 5.42e-11
2020-12-27, 00:25:14, 9.04e-13, 5.4e-11
2020-12-27, 00:25:18, 9.92e-13, 5.4e-11
2020-12-27, 00:25:22, 9.53e-13, 5.42e-11
2020-12-27, 00:25:26, 8.78e-13, 5.41e-11
2020-12-27, 00:25:31, 8.52e-13, 5.41e-11
2020-12-27, 00:25:35, 9.32e-13, 5.41e-11
2020-12-27, 00:25:39, 9.19e-13, 5.44e-11
2020-12-27, 00:25:43, 9.79e-13, 5.39e-11
2020-12-27, 00:25:47, 9.26e-13, 5.41e-11
2020-12-27, 00:25:52, 9.12e-13, 5.38e-11
2020-12-27, 00:25:56, 1.02e-12, 5.4e-11
2020-12-27, 00:26:00, 9.42e-13, 5.39e-11
2020-12-27, 00:26:04, 9.4e-13, 5.42e-11
2020-12-27, 00:26:09, 8.21e-13, 5.39e-11
2020-12-27, 00:26:13, 8.9e-13, 5.42e-11
2020-12-27, 00:26:17, 9.26e-13, 5.4e-11
2020-12-27, 00:26:21, 1.07e-12, 5.42e-11
2020-12-27, 00:26:25, 9.63e-13, 5.41e-11
2020-12-27, 00:26:30, 9.21e-13, 5.39e-11
2020-12-27, 00:26:34, 9.09e-13, 5.4e-11
2020-12-27, 00:26:38, 9.18e-13, 5.39e-11
2020-12-27, 00:26:42, 9.77e-13, 5.4e-11
2020-12-27, 00:26:47, 8.59e-13, 5.4e-11
2020-12-27, 00:26:51, 9.23e-13, 5.37e-11
2020-12-27, 00:26:55, 9.72e-13, 5.38e-11
2020-12-27, 00:26:59, 9.26e-13, 5.37e-11
2020-12-27, 00:27:03, 8.99e-13, 5.38e-11
2020-12-27, 00:27:08, 9.89e-13, 5.38e-11
2020-12-27, 00:27:12, 9.95e-13, 5.36e-11
2020-12-27, 00:27:17, 9.67e-13, 5.37e-11
2020-12-27, 00:27:21, 8.99e-13, 5.35e-11
2020-12-27, 00:27:26, 8.25e-13, 5.36e-11
2020-12-27, 00:27:30, 9.05e-13, 5.37e-11
2020-12-27, 00:27:34, 9.11e-13, 5.42e-11
2020-12-27, 00:27:38, 8.67e-13, 5.39e-11
2020-12-27, 00:27:43, 9.83e-13, 5.38e-11
2020-12-27, 00:27:47, 9.58e-13, 5.39e-11
2020-12-27, 00:27:51, 9.19e-13, 5.39e-11
2020-12-27, 00:27:55, 9.56e-13, 5.41e-11
2020-12-27, 00:27:59, 9.46e-13, 5.39e-11
2020-12-27, 00:28:04, 8.96e-13, 5.37e-11
2020-12-27, 00:28:08, 9.74e-13, 5.4e-11
2020-12-27, 00:28:12, 9.14e-13, 5.41e-11
2020-12-27, 00:28:16, 9.67e-13, 5.4e-11
2020-12-27, 00:28:21, 9.41e-13, 5.39e-11
2020-12-27, 00:28:25, 1.08e-12, 5.39e-11
2020-12-27, 00:28:29, 8.76e-13, 5.38e-11
2020-12-27, 00:28:33, 9.38e-13, 5.4e-11
2020-12-27, 00:28:37, 9.83e-13, 5.38e-11
2020-12-27, 00:28:42, 8.4e-13, 5.42e-11
2020-12-27, 00:28:46, 8.77e-13, 5.39e-11
2020-12-27, 00:28:50, 1.06e-12, 5.39e-11
2020-12-27, 00:28:54, 9.5e-13, 5.38e-11
2020-12-27, 00:28:59, 7.73e-13, 5.41e-11
2020-12-27, 00:29:03, 9.46e-13, 5.42e-11
2020-12-27, 00:29:07, 9.31e-13, 5.41e-11
2020-12-27, 00:29:11, 9.8e-13, 5.42e-11
2020-12-27, 00:29:15, 9.56e-13, 5.41e-11
2020-12-27, 00:29:20, 9.39e-13, 5.39e-11
2020-12-27, 00:29:24, 9.75e-13, 5.4e-11
2020-12-27, 00:29:28, 9.28e-13, 5.41e-11
2020-12-27, 00:29:32, 9.03e-13, 5.39e-11
2020-12-27, 00:29:37, 9.29e-13, 5.4e-11
2020-12-27, 00:29:41, 9.17e-13, 5.4e-11
2020-12-27, 00:29:45, 9.49e-13, 5.38e-11
2020-12-27, 00:29:49, 9.41e-13, 5.42e-11
2020-12-27, 00:29:53, 9.46e-13, 5.38e-11
2020-12-27, 00:29:58, 8.79e-13, 5.4e-11
2020-12-27, 00:30:02, 8.41e-13, 5.39e-11
2020-12-27, 00:30:06, 9.34e-13, 5.42e-11
2020-12-27, 00:30:10, 8.72e-13, 5.42e-11
2020-12-27, 00:30:15, 8.83e-13, 5.38e-11
2020-12-27, 00:30:19, 9.69e-13, 5.38e-11
2020-12-27, 00:30:23, 9.22e-13, 5.41e-11
2020-12-27, 00:30:29, 9.09e-13, 5.41e-11
2020-12-27, 00:30:33, 9.07e-13, 5.4e-11
2020-12-27, 00:30:38, 9.02e-13, 5.41e-11
2020-12-27, 00:30:42, 9.28e-13, 5.4e-11
2020-12-27, 00:30:46, 9.25e-13, 5.4e-11
2020-12-27, 00:30:50, 9.07e-13, 5.38e-11
2020-12-27, 00:30:54, 9.38e-13, 5.4e-11
2020-12-27, 00:30:59, 9.27e-13, 5.39e-11
2020-12-27, 00:31:03, 9.43e-13, 5.39e-11
2020-12-27, 00:31:07, 9.48e-13, 5.39e-11
2020-12-27, 00:31:11, 8.99e-13, 5.4e-11
2020-12-27, 00:31:16, 9.46e-13, 5.4e-11
2020-12-27, 00:31:20, 9.51e-13, 5.41e-11
2020-12-27, 00:31:24, 8.85e-13, 5.38e-11
2020-12-27, 00:31:28, 9.28e-13, 5.39e-11
2020-12-27, 00:31:32, 9.49e-13, 5.39e-11
2020-12-27, 00:31:37, 9.58e-13, 5.43e-11
2020-12-27, 00:31:41, 8.89e-13, 5.38e-11
2020-12-27, 00:31:45, 9.21e-13, 5.37e-11
2020-12-27, 00:31:49, 9.37e-13, 5.39e-11
2020-12-27, 00:31:54, 9.34e-13, 5.37e-11
2020-12-27, 00:31:58, 7.59e-13, 5.39e-11
2020-12-27, 00:32:02, 9.01e-13, 5.38e-11
2020-12-27, 00:32:06, 8.98e-13, 5.38e-11
2020-12-27, 00:32:10, 9.92e-13, 5.37e-11
2020-12-27, 00:32:15, 8.9e-13, 5.4e-11
2020-12-27, 00:32:19, 1.03e-12, 5.37e-11
2020-12-27, 00:32:23, 9.26e-13, 5.38e-11
2020-12-27, 00:32:27, 8.94e-13, 5.39e-11
2020-12-27, 00:32:32, 9.03e-13, 5.4e-11
2020-12-27, 00:32:36, 9.81e-13, 5.38e-11
2020-12-27, 00:32:40, 9.1e-13, 5.4e-11
2020-12-27, 00:32:44, 9.2e-13, 5.38e-11
2020-12-27, 00:32:48, 9.65e-13, 5.38e-11
2020-12-27, 00:32:53, 9.39e-13, 5.38e-11
2020-12-27, 00:32:57, 9.73e-13, 5.39e-11
2020-12-27, 00:33:01, 9.46e-13, 5.41e-11
2020-12-27, 00:33:05, 9.06e-13, 5.4e-11
2020-12-27, 00:33:10, 9.15e-13, 5.37e-11
2020-12-27, 00:33:14, 9.74e-13, 5.39e-11
2020-12-27, 00:33:18, 1e-12, 5.39e-11
2020-12-27, 00:33:22, 9.1e-13, 5.41e-11
2020-12-27, 00:33:26, 9.02e-13, 5.4e-11
2020-12-27, 00:33:31, 9.23e-13, 5.35e-11
2020-12-27, 00:33:35, 9.18e-13, 5.39e-11
2020-12-27, 00:33:39, 9.35e-13, 5.4e-11
2020-12-27, 00:33:43, 9.41e-13, 5.39e-11
2020-12-27, 00:33:48, 1.02e-12, 5.38e-11
2020-12-27, 00:33:52, 9.29e-13, 5.37e-11
2020-12-27, 00:33:56, 9.35e-13, 5.35e-11
2020-12-27, 00:34:00, 9.68e-13, 5.39e-11
2020-12-27, 00:34:04, 1.05e-12, 5.38e-11
2020-12-27, 00:34:09, 8.93e-13, 5.38e-11
2020-12-27, 00:34:13, 9.84e-13, 5.38e-11
2020-12-27, 00:34:17, 9.33e-13, 5.39e-11
2020-12-27, 00:34:21, 9.46e-13, 5.37e-11
2020-12-27, 00:34:26, 9.32e-13, 5.37e-11
2020-12-27, 00:34:30, 9.28e-13, 5.36e-11
2020-12-27, 00:34:34, 8.94e-13, 5.38e-11
2020-12-27, 00:34:38, 9.42e-13, 5.39e-11
2020-12-27, 00:34:42, 9.14e-13, 5.36e-11
2020-12-27, 00:34:47, 8.9e-13, 5.36e-11
2020-12-27, 00:34:51, 9.6e-13, 5.36e-11
2020-12-27, 00:34:55, 8.86e-13, 5.35e-11
2020-12-27, 00:34:59, 8.86e-13, 5.37e-11
2020-12-27, 00:35:03, 8.65e-13, 5.4e-11
2020-12-27, 00:35:08, 9.58e-13, 5.4e-11
2020-12-27, 00:35:12, 8.72e-13, 5.38e-11
2020-12-27, 00:35:16, 9.63e-13, 5.41e-11
2020-12-27, 00:35:20, 9.2e-13, 5.39e-11
2020-12-27, 00:35:25, 1.09e-12, 5.39e-11
2020-12-27, 00:35:29, 9.34e-13, 5.38e-11
2020-12-27, 00:35:33, 9.4e-13, 5.4e-11
2020-12-27, 00:35:37, 9.53e-13, 5.4e-11
2020-12-27, 00:35:41, 9.26e-13, 5.38e-11
2020-12-27, 00:35:46, 1.03e-12, 5.38e-11
2020-12-27, 00:35:50, 9.38e-13, 5.38e-11
2020-12-27, 00:35:54, 9.62e-13, 5.4e-11
2020-12-27, 00:35:58, 9.61e-13, 5.38e-11
2020-12-27, 00:36:03, 8.7e-13, 5.39e-11
2020-12-27, 00:36:07, 9.43e-13, 5.4e-11
2020-12-27, 00:36:11, 1.09e-12, 5.44e-11
2020-12-27, 00:36:15, 9.55e-13, 5.39e-11
2020-12-27, 00:36:19, 9.25e-13, 5.38e-11
2020-12-27, 00:36:24, 8.92e-13, 5.4e-11
2020-12-27, 00:36:28, 8.59e-13, 5.45e-11
2020-12-27, 00:36:32, 9.33e-13, 5.43e-11
2020-12-27, 00:36:36, 9.26e-13, 5.38e-11
2020-12-27, 00:36:41, 9.22e-13, 5.38e-11
2020-12-27, 00:36:45, 9.63e-13, 5.38e-11
2020-12-27, 00:36:49, 9.05e-13, 5.39e-11
2020-12-27, 00:36:53, 9.14e-13, 5.38e-11
2020-12-27, 00:36:57, 8.98e-13, 5.36e-11
2020-12-27, 00:37:02, 9.49e-13, 5.39e-11
2020-12-27, 00:37:06, 9.63e-13, 5.38e-11
2020-12-27, 00:37:10, 9.06e-13, 5.39e-11
2020-12-27, 00:37:14, 9.21e-13, 5.37e-11
2020-12-27, 00:37:19, 8.53e-13, 5.4e-11
2020-12-27, 00:37:23, 9.1e-13, 5.38e-11
2020-12-27, 00:37:27, 8.96e-13, 5.39e-11
2020-12-27, 00:37:31, 8.94e-13, 5.39e-11
2020-12-27, 00:37:35, 8.93e-13, 5.38e-11
2020-12-27, 00:37:40, 9.4e-13, 5.4e-11
2020-12-27, 00:37:44, 9.64e-13, 5.39e-11
2020-12-27, 00:37:48, 9.34e-13, 5.38e-11
2020-12-27, 00:37:52, 9.22e-13, 5.41e-11
2020-12-27, 00:37:57, 9.65e-13, 5.4e-11
2020-12-27, 00:38:01, 9.62e-13, 5.41e-11
2020-12-27, 00:38:05, 9.33e-13, 5.39e-11
2020-12-27, 00:38:09, 9.46e-13, 5.38e-11
2020-12-27, 00:38:13, 9.12e-13, 5.41e-11
2020-12-27, 00:38:18, 8.46e-13, 5.42e-11
2020-12-27, 00:38:22, 9.22e-13, 5.41e-11
2020-12-27, 00:38:26, 9.28e-13, 5.39e-11
2020-12-27, 00:38:30, 9.8e-13, 5.42e-11
2020-12-27, 00:38:35, 9.14e-13, 5.39e-11
2020-12-27, 00:38:39, 8.88e-13, 5.4e-11
2020-12-27, 00:38:43, 8.9e-13, 5.38e-11
2020-12-27, 00:38:47, 9.15e-13, 5.38e-11
2020-12-27, 00:38:51, 9.3e-13, 5.39e-11
2020-12-27, 00:38:56, 9.46e-13, 5.4e-11
2020-12-27, 00:39:00, 9.4e-13, 5.41e-11
2020-12-27, 00:39:04, 9.62e-13, 5.4e-11
2020-12-27, 00:39:08, 8.6e-13, 5.42e-11
2020-12-27, 00:39:12, 9.44e-13, 5.39e-11
2020-12-27, 00:39:17, 9.68e-13, 5.41e-11
2020-12-27, 00:39:21, 9.12e-13, 5.41e-11
2020-12-27, 00:39:25, 9.44e-13, 5.42e-11
2020-12-27, 00:39:29, 8.18e-13, 5.42e-11
2020-12-27, 00:39:34, 9.32e-13, 5.4e-11
2020-12-27, 00:39:38, 9.18e-13, 5.41e-11
2020-12-27, 00:39:42, 8.07e-13, 5.42e-11
2020-12-27, 00:39:46, 9.28e-13, 5.42e-11
2020-12-27, 00:39:50, 8.33e-13, 5.41e-11
2020-12-27, 00:39:55, 9.71e-13, 5.37e-11
2020-12-27, 00:39:59, 8.98e-13, 5.39e-11
2020-12-27, 00:40:03, 9.07e-13, 5.39e-11
2020-12-27, 00:40:07, 9.64e-13, 5.38e-11
2020-12-27, 00:40:12, 9.21e-13, 5.4e-11
2020-12-27, 00:40:16, 9.75e-13, 5.39e-11
2020-12-27, 00:40:20, 9.88e-13, 5.41e-11
2020-12-27, 00:40:24, 9.12e-13, 5.36e-11
2020-12-27, 00:40:28, 9.07e-13, 5.38e-11
2020-12-27, 00:40:33, 9.34e-13, 5.37e-11
2020-12-27, 00:40:37, 9.35e-13, 5.37e-11
2020-12-27, 00:40:41, 9.2e-13, 5.38e-11
2020-12-27, 00:40:45, 9.1e-13, 5.36e-11
2020-12-27, 00:40:50, 9.38e-13, 5.37e-11
2020-12-27, 00:40:54, 9.1e-13, 5.39e-11
2020-12-27, 00:40:58, 9.67e-13, 5.4e-11
2020-12-27, 00:41:02, 9.4e-13, 5.38e-11
2020-12-27, 00:41:06, 9.24e-13, 5.36e-11
2020-12-27, 00:41:11, 9.47e-13, 5.38e-11
2020-12-27, 00:41:15, 9.52e-13, 5.37e-11
2020-12-27, 00:41:19, 9.03e-13, 5.4e-11
2020-12-27, 00:41:23, 9.92e-13, 5.38e-11
2020-12-27, 00:41:28, 8.9e-13, 5.36e-11
2020-12-27, 00:41:32, 9.26e-13, 5.4e-11
2020-12-27, 00:41:36, 1.09e-12, 5.39e-11
2020-12-27, 00:41:40, 8.85e-13, 5.4e-11
2020-12-27, 00:41:44, 8.89e-13, 5.38e-11
2020-12-27, 00:41:49, 9.17e-13, 5.41e-11
2020-12-27, 00:41:53, 8.98e-13, 5.39e-11
2020-12-27, 00:41:57, 9.24e-13, 5.39e-11
2020-12-27, 00:42:01, 9.67e-13, 5.4e-11
2020-12-27, 00:42:06, 8.4e-13, 5.41e-11
2020-12-27, 00:42:10, 9.31e-13, 5.4e-11
2020-12-27, 00:42:14, 9.83e-13, 5.4e-11
2020-12-27, 00:42:18, 8.83e-13, 5.39e-11
2020-12-27, 00:42:22, 8.83e-13, 5.37e-11
2020-12-27, 00:42:27, 9.27e-13, 5.38e-11
2020-12-27, 00:42:31, 9.33e-13, 5.36e-11
2020-12-27, 00:42:35, 9.66e-13, 5.37e-11
2020-12-27, 00:42:39, 9.3e-13, 5.38e-11
2020-12-27, 00:42:44, 9.15e-13, 5.36e-11
2020-12-27, 00:42:48, 9.39e-13, 5.39e-11
2020-12-27, 00:42:52, 9.19e-13, 5.4e-11
2020-12-27, 00:42:56, 9.12e-13, 5.39e-11
2020-12-27, 00:43:00, 9.12e-13, 5.38e-11
2020-12-27, 00:43:05, 8.77e-13, 5.38e-11
2020-12-27, 00:43:09, 9.56e-13, 5.39e-11
2020-12-27, 00:43:13, 9.57e-13, 5.37e-11
2020-12-27, 00:43:17, 8.5e-13, 5.38e-11
2020-12-27, 00:43:22, 9.24e-13, 5.38e-11
2020-12-27, 00:43:26, 9.16e-13, 5.38e-11
2020-12-27, 00:43:30, 8.92e-13, 5.39e-11
2020-12-27, 00:43:34, 9.33e-13, 5.37e-11
2020-12-27, 00:43:38, 9.75e-13, 5.35e-11
2020-12-27, 00:43:43, 9.24e-13, 5.36e-11
2020-12-27, 00:43:47, 1.01e-12, 5.39e-11
2020-12-27, 00:43:51, 9.59e-13, 5.41e-11
2020-12-27, 00:43:55, 9.39e-13, 5.39e-11
2020-12-27, 00:43:59, 9.67e-13, 5.38e-11
2020-12-27, 00:44:04, 9.25e-13, 5.42e-11
2020-12-27, 00:44:08, 1.06e-12, 5.4e-11
2020-12-27, 00:44:12, 9.18e-13, 5.39e-11
2020-12-27, 00:44:16, 9.83e-13, 5.41e-11
2020-12-27, 00:44:21, 9.18e-13, 5.38e-11
2020-12-27, 00:44:25, 9.9e-13, 5.38e-11
2020-12-27, 00:44:29, 8.98e-13, 5.38e-11
2020-12-27, 00:44:33, 9.63e-13, 5.34e-11
2020-12-27, 00:44:37, 9.24e-13, 5.38e-11
2020-12-27, 00:44:42, 8.9e-13, 5.38e-11
2020-12-27, 00:44:46, 8.98e-13, 5.37e-11
2020-12-27, 00:44:50, 9.03e-13, 5.39e-11
2020-12-27, 00:44:54, 9.24e-13, 5.38e-11
2020-12-27, 00:44:59, 9.7e-13, 5.35e-11
2020-12-27, 00:45:03, 8.09e-13, 5.38e-11
2020-12-27, 00:45:07, 9.11e-13, 5.4e-11
2020-12-27, 00:45:11, 9.25e-13, 5.35e-11
2020-12-27, 00:45:15, 9.48e-13, 5.36e-11
2020-12-27, 00:45:20, 9.26e-13, 5.35e-11
2020-12-27, 00:45:24, 9.27e-13, 5.36e-11
2020-12-27, 00:45:28, 9.56e-13, 5.41e-11
2020-12-27, 00:45:32, 9.5e-13, 5.4e-11
2020-12-27, 00:45:37, 9.22e-13, 5.39e-11
2020-12-27, 00:45:41, 9.02e-13, 5.42e-11
2020-12-27, 00:45:45, 9.47e-13, 5.39e-11
2020-12-27, 00:45:49, 9.01e-13, 5.4e-11
2020-12-27, 00:45:53, 9.63e-13, 5.4e-11
2020-12-27, 00:45:58, 9.69e-13, 5.41e-11
2020-12-27, 00:46:02, 8.78e-13, 5.39e-11
2020-12-27, 00:46:06, 8.89e-13, 5.4e-11
2020-12-27, 00:46:10, 9.81e-13, 5.4e-11
2020-12-27, 00:46:15, 8.6e-13, 5.43e-11
2020-12-27, 00:46:19, 9.11e-13, 5.4e-11
2020-12-27, 00:46:23, 9.16e-13, 5.36e-11
2020-12-27, 00:46:27, 9.2e-13, 5.4e-11
2020-12-27, 00:46:31, 9.17e-13, 5.38e-11
2020-12-27, 00:46:36, 9.1e-13, 5.39e-11
2020-12-27, 00:46:40, 8.63e-13, 5.41e-11
2020-12-27, 00:46:44, 9.14e-13, 5.39e-11
2020-12-27, 00:46:48, 9.13e-13, 5.39e-11
2020-12-27, 00:46:53, 9.16e-13, 5.39e-11
2020-12-27, 00:46:57, 8.91e-13, 5.4e-11
2020-12-27, 00:47:01, 9.36e-13, 5.39e-11
2020-12-27, 00:47:05, 9.18e-13, 5.38e-11
2020-12-27, 00:47:09, 9.57e-13, 5.4e-11
2020-12-27, 00:47:14, 9.68e-13, 5.38e-11
2020-12-27, 00:47:18, 8.75e-13, 5.39e-11
2020-12-27, 00:47:22, 9.69e-13, 5.39e-11
2020-12-27, 00:47:26, 9.04e-13, 5.41e-11
2020-12-27, 00:47:30, 7.59e-13, 5.37e-11
2020-12-27, 00:47:35, 9.55e-13, 5.4e-11
2020-12-27, 00:47:39, 9.39e-13, 5.38e-11
2020-12-27, 00:47:43, 8.9e-13, 5.38e-11
2020-12-27, 00:47:47, 9.58e-13, 5.39e-11
2020-12-27, 00:47:52, 9.45e-13, 5.41e-11
2020-12-27, 00:47:56, 8.93e-13, 5.39e-11
2020-12-27, 00:48:00, 9.5e-13, 5.4e-11
2020-12-27, 00:48:04, 9.02e-13, 5.37e-11
2020-12-27, 00:48:08, 9.44e-13, 5.38e-11
2020-12-27, 00:48:13, 9.16e-13, 5.4e-11
2020-12-27, 00:48:17, 9.51e-13, 5.38e-11
2020-12-27, 00:48:21, 9.83e-13, 5.4e-11
2020-12-27, 00:48:25, 9.4e-13, 5.39e-11
2020-12-27, 00:48:30, 8.61e-13, 5.4e-11
2020-12-27, 00:48:34, 1.1e-12, 5.38e-11
2020-12-27, 00:48:38, 1.04e-12, 5.39e-11
2020-12-27, 00:48:42, 8.73e-13, 5.41e-11
2020-12-27, 00:48:46, 9.45e-13, 5.38e-11
2020-12-27, 00:48:51, 9.86e-13, 5.38e-11
2020-12-27, 00:48:55, 9.59e-13, 5.4e-11
2020-12-27, 00:48:59, 9.53e-13, 5.4e-11
2020-12-27, 00:49:03, 9.93e-13, 5.38e-11
2020-12-27, 00:49:08, 9.05e-13, 5.41e-11
2020-12-27, 00:49:12, 9.77e-13, 5.42e-11
2020-12-27, 00:49:16, 9.1e-13, 5.38e-11
2020-12-27, 00:49:20, 9.53e-13, 5.4e-11
2020-12-27, 00:49:24, 8.83e-13, 5.41e-11
2020-12-27, 00:49:29, 9.29e-13, 5.42e-11
2020-12-27, 00:49:33, 9.47e-13, 5.37e-11
2020-12-27, 00:49:37, 9.46e-13, 5.39e-11
2020-12-27, 00:49:41, 7.34e-13, 5.38e-11
2020-12-27, 00:49:46, 9.6e-13, 5.38e-11
2020-12-27, 00:49:50, 9e-13, 5.39e-11
2020-12-27, 00:49:54, 9.56e-13, 5.41e-11
2020-12-27, 00:49:58, 9.84e-13, 5.4e-11
2020-12-27, 00:50:02, 9.5e-13, 5.39e-11
2020-12-27, 00:50:07, 9.11e-13, 5.41e-11
2020-12-27, 00:50:11, 8.95e-13, 5.4e-11
2020-12-27, 00:50:15, 8.24e-13, 5.39e-11
2020-12-27, 00:50:19, 9.63e-13, 5.39e-11
2020-12-27, 00:50:24, 9.76e-13, 5.38e-11
2020-12-27, 00:50:28, 9.17e-13, 5.38e-11
2020-12-27, 00:50:32, 9.14e-13, 5.38e-11
2020-12-27, 00:50:36, 8.92e-13, 5.39e-11
2020-12-27, 00:50:40, 9.42e-13, 5.38e-11
2020-12-27, 00:50:45, 1e-12, 5.38e-11
2020-12-27, 00:50:49, 8.42e-13, 5.38e-11
2020-12-27, 00:50:53, 9.49e-13, 5.4e-11
2020-12-27, 00:50:57, 9.53e-13, 5.39e-11
2020-12-27, 00:51:02, 9.27e-13, 5.34e-11
2020-12-27, 00:51:06, 9.45e-13, 5.38e-11
2020-12-27, 00:51:10, 8.78e-13, 5.38e-11
2020-12-27, 00:51:14, 9.96e-13, 5.38e-11
2020-12-27, 00:51:18, 9.52e-13, 5.33e-11
2020-12-27, 00:51:23, 9.63e-13, 5.39e-11
2020-12-27, 00:51:27, 8.82e-13, 5.37e-11
2020-12-27, 00:51:31, 9.17e-13, 5.38e-11
2020-12-27, 00:51:35, 1.03e-12, 5.4e-11
2020-12-27, 00:51:40, 9.31e-13, 5.38e-11
2020-12-27, 00:51:44, 8.83e-13, 5.38e-11
2020-12-27, 00:51:48, 9.43e-13, 5.37e-11
2020-12-27, 00:51:52, 9.08e-13, 5.38e-11
2020-12-27, 00:51:56, 8.97e-13, 5.37e-11
2020-12-27, 00:52:01, 9.58e-13, 5.4e-11
2020-12-27, 00:52:05, 9.9e-13, 5.39e-11
2020-12-27, 00:52:09, 8.84e-13, 5.37e-11
2020-12-27, 00:52:13, 9.36e-13, 5.38e-11
2020-12-27, 00:52:17, 9.51e-13, 5.36e-11
2020-12-27, 00:52:22, 8.92e-13, 5.38e-11
2020-12-27, 00:52:26, 9.16e-13, 5.36e-11
2020-12-27, 00:52:30, 9.04e-13, 5.39e-11
2020-12-27, 00:52:34, 9.23e-13, 5.38e-11
2020-12-27, 00:52:39, 9.49e-13, 5.36e-11
2020-12-27, 00:52:43, 8.94e-13, 5.37e-11
2020-12-27, 00:52:47, 9.99e-13, 5.38e-11
2020-12-27, 00:52:51, 9.04e-13, 5.39e-11
2020-12-27, 00:52:55, 9.27e-13, 5.38e-11
2020-12-27, 00:53:00, 9.59e-13, 5.39e-11
2020-12-27, 00:53:04, 9.23e-13, 5.39e-11
2020-12-27, 00:53:08, 9.39e-13, 5.39e-11
2020-12-27, 00:53:12, 9.19e-13, 5.4e-11
2020-12-27, 00:53:17, 9.59e-13, 5.4e-11
2020-12-27, 00:53:21, 1.09e-12, 5.41e-11
2020-12-27, 00:53:25, 9.47e-13, 5.39e-11
2020-12-27, 00:53:29, 8.92e-13, 5.39e-11
2020-12-27, 00:53:33, 9.09e-13, 5.39e-11
2020-12-27, 00:53:38, 9.56e-13, 5.36e-11
2020-12-27, 00:53:42, 9.5e-13, 5.37e-11
2020-12-27, 00:53:46, 9.44e-13, 5.39e-11
2020-12-27, 00:53:50, 8.76e-13, 5.39e-11
2020-12-27, 00:53:55, 8.58e-13, 5.39e-11
2020-12-27, 00:53:59, 9.53e-13, 5.39e-11
2020-12-27, 00:54:03, 9.27e-13, 5.41e-11
2020-12-27, 00:54:07, 9.5e-13, 5.39e-11
2020-12-27, 00:54:11, 8.98e-13, 5.38e-11
2020-12-27, 00:54:16, 1.04e-12, 5.37e-11
2020-12-27, 00:54:20, 9.62e-13, 5.38e-11
2020-12-27, 00:54:24, 8.86e-13, 5.39e-11
2020-12-27, 00:54:28, 8.9e-13, 5.38e-11
2020-12-27, 00:54:33, 9.27e-13, 5.38e-11
2020-12-27, 00:54:37, 9.22e-13, 5.37e-11
2020-12-27, 00:54:41, 8.84e-13, 5.38e-11
2020-12-27, 00:54:45, 9.61e-13, 5.37e-11
2020-12-27, 00:54:49, 9.47e-13, 5.37e-11
2020-12-27, 00:54:54, 9.27e-13, 5.37e-11
2020-12-27, 00:54:58, 9.18e-13, 5.39e-11
2020-12-27, 00:55:02, 9.22e-13, 5.39e-11
2020-12-27, 00:55:06, 9.5e-13, 5.38e-11
2020-12-27, 00:55:11, 9.06e-13, 5.4e-11
2020-12-27, 00:55:15, 9.05e-13, 5.39e-11
2020-12-27, 00:55:19, 9.85e-13, 5.4e-11
2020-12-27, 00:55:23, 9.03e-13, 5.41e-11
2020-12-27, 00:55:27, 9.08e-13, 5.37e-11
2020-12-27, 00:55:32, 9.1e-13, 5.36e-11
2020-12-27, 00:55:36, 9.34e-13, 5.38e-11
2020-12-27, 00:55:40, 8.7e-13, 5.41e-11
2020-12-27, 00:55:44, 9.85e-13, 5.41e-11
2020-12-27, 00:55:49, 9.56e-13, 5.38e-11
2020-12-27, 00:55:53, 9.66e-13, 5.39e-11
2020-12-27, 00:55:57, 9.88e-13, 5.39e-11
2020-12-27, 00:56:01, 1.02e-12, 5.4e-11
2020-12-27, 00:56:05, 8.5e-13, 5.38e-11
2020-12-27, 00:56:10, 1.01e-12, 5.39e-11
2020-12-27, 00:56:14, 9.41e-13, 5.35e-11
2020-12-27, 00:56:18, 9.16e-13, 5.4e-11
2020-12-27, 00:56:22, 8.73e-13, 5.39e-11
2020-12-27, 00:56:27, 9.61e-13, 5.41e-11
2020-12-27, 00:56:31, 9.04e-13, 5.38e-11
2020-12-27, 00:56:35, 9.24e-13, 5.37e-11
2020-12-27, 00:56:39, 9.75e-13, 5.4e-11
2020-12-27, 00:56:43, 9.61e-13, 5.4e-11
2020-12-27, 00:56:48, 9.3e-13, 5.41e-11
2020-12-27, 00:56:52, 9.67e-13, 5.4e-11
2020-12-27, 00:56:56, 9.69e-13, 5.4e-11
2020-12-27, 00:57:00, 8.41e-13, 5.41e-11
2020-12-27, 00:57:04, 7.46e-13, 5.42e-11
2020-12-27, 00:57:09, 8.69e-13, 5.39e-11
2020-12-27, 00:57:13, 9.44e-13, 5.4e-11
2020-12-27, 00:57:17, 9.28e-13, 5.4e-11
2020-12-27, 00:57:21, 9.11e-13, 5.39e-11
2020-12-27, 00:57:26, 9.21e-13, 5.39e-11
2020-12-27, 00:57:30, 9.23e-13, 5.38e-11
2020-12-27, 00:57:34, 9.21e-13, 5.35e-11
2020-12-27, 00:57:38, 9.47e-13, 5.4e-11
2020-12-27, 00:57:42, 8.62e-13, 5.4e-11
2020-12-27, 00:57:47, 1.07e-12, 5.4e-11
2020-12-27, 00:57:51, 9.74e-13, 5.37e-11
2020-12-27, 00:57:55, 8.84e-13, 5.39e-11
2020-12-27, 00:57:59, 8.96e-13, 5.39e-11
2020-12-27, 00:58:04, 9.34e-13, 5.4e-11
2020-12-27, 00:58:08, 9.28e-13, 5.38e-11
2020-12-27, 00:58:12, 9.53e-13, 5.4e-11
2020-12-27, 00:58:16, 9.06e-13, 5.4e-11
2020-12-27, 00:58:20, 9.63e-13, 5.4e-11
2020-12-27, 00:58:25, 9.17e-13, 5.39e-11
2020-12-27, 00:58:29, 9.51e-13, 5.38e-11
2020-12-27, 00:58:33, 9.23e-13, 5.41e-11
2020-12-27, 00:58:37, 9.72e-13, 5.41e-11
2020-12-27, 00:58:42, 9.72e-13, 5.38e-11
2020-12-27, 00:58:46, 9.2e-13, 5.37e-11
2020-12-27, 00:58:50, 9.5e-13, 5.4e-11
2020-12-27, 00:58:54, 9.95e-13, 5.38e-11
2020-12-27, 00:58:58, 9.26e-13, 5.4e-11
2020-12-27, 00:59:03, 9.38e-13, 5.42e-11
2020-12-27, 00:59:07, 7.86e-13, 5.4e-11
2020-12-27, 00:59:11, 9.7e-13, 5.42e-11
2020-12-27, 00:59:15, 9.24e-13, 5.39e-11
2020-12-27, 00:59:20, 9.84e-13, 5.4e-11
2020-12-27, 00:59:24, 9.13e-13, 5.42e-11
2020-12-27, 00:59:28, 8.95e-13, 5.42e-11
2020-12-27, 00:59:32, 8.1e-13, 5.4e-11
2020-12-27, 00:59:36, 9.76e-13, 5.39e-11
2020-12-27, 00:59:41, 9.18e-13, 5.39e-11
2020-12-27, 00:59:45, 1e-12, 5.4e-11
2020-12-27, 00:59:49, 9e-13, 5.43e-11
2020-12-27, 00:59:53, 9.08e-13, 5.42e-11
2020-12-27, 00:59:58, 8.86e-13, 5.41e-11
2020-12-27, 01:00:02, 9.6e-13, 5.42e-11
2020-12-27, 01:00:06, 9.17e-13, 5.41e-11
2020-12-27, 01:00:10, 9.29e-13, 5.4e-11
2020-12-27, 01:00:15, 8.92e-13, 5.4e-11
2020-12-27, 01:00:19, 8.65e-13, 5.42e-11
2020-12-27, 01:00:23, 9.83e-13, 5.41e-11
2020-12-27, 01:00:27, 9.12e-13, 5.36e-11
2020-12-27, 01:00:31, 9.91e-13, 5.41e-11
2020-12-27, 01:00:36, 9.43e-13, 5.37e-11
2020-12-27, 01:00:49, 9.18e-13, 5.36e-11
2020-12-27, 01:00:53, 9.41e-13, 5.37e-11
2020-12-27, 01:00:59, 9.72e-13, 5.4e-11
2020-12-27, 01:01:03, 8.96e-13, 5.4e-11
2020-12-27, 01:01:07, 8.82e-13, 5.4e-11
2020-12-27, 01:01:12, 1.01e-12, 5.36e-11
2020-12-27, 01:01:16, 9.8e-13, 5.37e-11
2020-12-27, 01:01:20, 9.76e-13, 5.37e-11
2020-12-27, 01:01:24, 9.95e-13, 5.4e-11
2020-12-27, 01:01:29, 9.7e-13, 5.35e-11
2020-12-27, 01:01:33, 9.6e-13, 5.37e-11
2020-12-27, 01:01:37, 9.25e-13, 5.4e-11
2020-12-27, 01:01:41, 9.67e-13, 5.37e-11
2020-12-27, 01:01:45, 8.76e-13, 5.4e-11
2020-12-27, 01:01:50, 9.84e-13, 5.4e-11
2020-12-27, 01:01:54, 9.31e-13, 5.4e-11
2020-12-27, 01:01:58, 1.03e-12, 5.42e-11
2020-12-27, 01:02:02, 9.72e-13, 5.4e-11
2020-12-27, 01:02:07, 9.26e-13, 5.39e-11
2020-12-27, 01:02:11, 9.29e-13, 5.39e-11
2020-12-27, 01:02:15, 1.01e-12, 5.38e-11
2020-12-27, 01:02:19, 9.7e-13, 5.41e-11
2020-12-27, 01:02:23, 9.21e-13, 5.39e-11
2020-12-27, 01:02:28, 9.24e-13, 5.44e-11
2020-12-27, 01:02:32, 9.74e-13, 5.42e-11
2020-12-27, 01:02:36, 9.81e-13, 5.39e-11
2020-12-27, 01:02:40, 1.02e-12, 5.41e-11
2020-12-27, 01:02:45, 9.62e-13, 5.41e-11
2020-12-27, 01:02:49, 9.19e-13, 5.4e-11
2020-12-27, 01:02:53, 9.98e-13, 5.41e-11
2020-12-27, 01:02:57, 1.03e-12, 5.4e-11
2020-12-27, 01:03:01, 9.33e-13, 5.41e-11
2020-12-27, 01:03:06, 9.01e-13, 5.43e-11
2020-12-27, 01:03:10, 9.26e-13, 5.4e-11
2020-12-27, 01:03:14, 1.01e-12, 5.42e-11
2020-12-27, 01:03:18, 8.53e-13, 5.36e-11
2020-12-27, 01:03:22, 8.86e-13, 5.38e-11
2020-12-27, 01:03:27, 9.57e-13, 5.4e-11
2020-12-27, 01:03:31, 8.96e-13, 5.39e-11
2020-12-27, 01:03:35, 8.77e-13, 5.39e-11
2020-12-27, 01:03:39, 9.56e-13, 5.38e-11
2020-12-27, 01:03:44, 7.71e-13, 5.38e-11
2020-12-27, 01:03:48, 9.48e-13, 5.4e-11
2020-12-27, 01:03:52, 8.67e-13, 5.38e-11
2020-12-27, 01:03:56, 9.09e-13, 5.38e-11
2020-12-27, 01:04:00, 9.41e-13, 5.38e-11
2020-12-27, 01:04:05, 9.51e-13, 5.4e-11
2020-12-27, 01:04:09, 9.67e-13, 5.39e-11
2020-12-27, 01:04:13, 9.48e-13, 5.37e-11
2020-12-27, 01:04:17, 8.84e-13, 5.39e-11
2020-12-27, 01:04:22, 9.2e-13, 5.4e-11
2020-12-27, 01:04:26, 1.06e-12, 5.37e-11
2020-12-27, 01:04:30, 9.02e-13, 5.4e-11
2020-12-27, 01:04:34, 9.1e-13, 5.38e-11
2020-12-27, 01:04:38, 9.3e-13, 5.39e-11
2020-12-27, 01:04:43, 9.72e-13, 5.41e-11
2020-12-27, 01:04:47, 1.06e-12, 5.39e-11
2020-12-27, 01:04:51, 9.63e-13, 5.41e-11
2020-12-27, 01:04:55, 9.15e-13, 5.4e-11
2020-12-27, 01:05:00, 9.13e-13, 5.41e-11
2020-12-27, 01:05:04, 9.56e-13, 5.4e-11
2020-12-27, 01:05:08, 9.12e-13, 5.4e-11
2020-12-27, 01:05:12, 9.66e-13, 5.4e-11
2020-12-27, 01:05:16, 9.36e-13, 5.4e-11
2020-12-27, 01:05:21, 9.41e-13, 5.43e-11
2020-12-27, 01:05:25, 9.02e-13, 5.41e-11
2020-12-27, 01:05:29, 9.16e-13, 5.39e-11
2020-12-27, 01:05:33, 9.66e-13, 5.4e-11
2020-12-27, 01:05:38, 9.45e-13, 5.38e-11
2020-12-27, 01:05:42, 9.44e-13, 5.41e-11
2020-12-27, 01:05:46, 9.27e-13, 5.42e-11
2020-12-27, 01:05:50, 9.39e-13, 5.42e-11
2020-12-27, 01:05:54, 9.8e-13, 5.42e-11
2020-12-27, 01:05:59, 9.7e-13, 5.39e-11
2020-12-27, 01:06:03, 8.9e-13, 5.43e-11
2020-12-27, 01:06:07, 9.62e-13, 5.45e-11
2020-12-27, 01:06:11, 9.24e-13, 5.4e-11
2020-12-27, 01:06:16, 9.22e-13, 5.4e-11
2020-12-27, 01:06:20, 9.1e-13, 5.44e-11
2020-12-27, 01:06:24, 8.8e-13, 5.43e-11
2020-12-27, 01:06:28, 9.4e-13, 5.39e-11
2020-12-27, 01:06:32, 9.77e-13, 5.38e-11
2020-12-27, 01:06:37, 8.55e-13, 5.38e-11
2020-12-27, 01:06:41, 9.36e-13, 5.38e-11
2020-12-27, 01:06:45, 8.99e-13, 5.38e-11
2020-12-27, 01:06:49, 9.49e-13, 5.41e-11
2020-12-27, 01:06:54, 9.86e-13, 5.4e-11
2020-12-27, 01:06:58, 9.17e-13, 5.38e-11
2020-12-27, 01:07:02, 9.14e-13, 5.39e-11
2020-12-27, 01:07:06, 8.82e-13, 5.41e-11
2020-12-27, 01:07:10, 9.47e-13, 5.41e-11
2020-12-27, 01:07:15, 8.57e-13, 5.39e-11
2020-12-27, 01:07:19, 9.11e-13, 5.4e-11
2020-12-27, 01:07:23, 9.65e-13, 5.39e-11
2020-12-27, 01:07:27, 9.86e-13, 5.42e-11
2020-12-27, 01:07:32, 9.41e-13, 5.39e-11
2020-12-27, 01:07:36, 9.62e-13, 5.39e-11
2020-12-27, 01:07:40, 9.08e-13, 5.4e-11
2020-12-27, 01:07:44, 9.28e-13, 5.42e-11
2020-12-27, 01:07:52, 9.34e-13, 5.41e-11
2020-12-27, 01:07:57, 9.2e-13, 5.44e-11
2020-12-27, 01:08:01, 9.7e-13, 5.44e-11
2020-12-27, 01:08:05, 8.6e-13, 5.41e-11
2020-12-27, 01:08:09, 9.6e-13, 5.4e-11
2020-12-27, 01:08:13, 9.5e-13, 5.4e-11
2020-12-27, 01:08:18, 9.52e-13, 5.41e-11
2020-12-27, 01:08:22, 1.01e-12, 5.39e-11
2020-12-27, 01:08:26, 1.08e-12, 5.41e-11
2020-12-27, 01:08:30, 8.87e-13, 5.35e-11
2020-12-27, 01:08:35, 9.07e-13, 5.38e-11
2020-12-27, 01:08:39, 9.55e-13, 5.38e-11
2020-12-27, 01:08:43, 8.83e-13, 5.36e-11
2020-12-27, 01:08:47, 9.8e-13, 5.38e-11
2020-12-27, 01:08:51, 9.84e-13, 5.39e-11
2020-12-27, 01:08:56, 9.28e-13, 5.39e-11
2020-12-27, 01:09:00, 9.39e-13, 5.38e-11
2020-12-27, 01:09:04, 9.39e-13, 5.41e-11
2020-12-27, 01:09:08, 9.18e-13, 5.38e-11
2020-12-27, 01:09:12, 9.83e-13, 5.38e-11
2020-12-27, 01:09:17, 9.42e-13, 5.38e-11
2020-12-27, 01:09:21, 9.78e-13, 5.38e-11
2020-12-27, 01:09:25, 9.52e-13, 5.36e-11
2020-12-27, 01:09:29, 9.84e-13, 5.39e-11
2020-12-27, 01:09:34, 9.37e-13, 5.37e-11
2020-12-27, 01:09:38, 9.57e-13, 5.41e-11
2020-12-27, 01:09:42, 8.96e-13, 5.43e-11
2020-12-27, 01:09:46, 9.55e-13, 5.39e-11
2020-12-27, 01:09:50, 8.88e-13, 5.39e-11
2020-12-27, 01:09:55, 9.05e-13, 5.41e-11
2020-12-27, 01:09:59, 9.12e-13, 5.41e-11
2020-12-27, 01:10:03, 9.37e-13, 5.41e-11
2020-12-27, 01:10:07, 9.83e-13, 5.41e-11
2020-12-27, 01:10:12, 9.06e-13, 5.42e-11
2020-12-27, 01:10:16, 8.36e-13, 5.41e-11
2020-12-27, 01:10:20, 9.49e-13, 5.4e-11
2020-12-27, 01:10:24, 8.98e-13, 5.41e-11
2020-12-27, 01:10:28, 8.75e-13, 5.45e-11
2020-12-27, 01:10:33, 9.3e-13, 5.4e-11
2020-12-27, 01:10:37, 9.04e-13, 5.41e-11
2020-12-27, 01:10:41, 9.51e-13, 5.44e-11
2020-12-27, 01:10:45, 9.57e-13, 5.41e-11
2020-12-27, 01:10:50, 1.03e-12, 5.4e-11
2020-12-27, 01:10:54, 8.97e-13, 5.41e-11
2020-12-27, 01:10:58, 9.7e-13, 5.43e-11
2020-12-27, 01:11:02, 9.25e-13, 5.4e-11
2020-12-27, 01:11:06, 8.85e-13, 5.4e-11
2020-12-27, 01:11:11, 9.09e-13, 5.4e-11
2020-12-27, 01:11:15, 8.79e-13, 5.41e-11
2020-12-27, 01:11:19, 9.14e-13, 5.39e-11
2020-12-27, 01:11:23, 9.13e-13, 5.38e-11
2020-12-27, 01:11:28, 9.09e-13, 5.4e-11
2020-12-27, 01:11:32, 9.19e-13, 5.41e-11
2020-12-27, 01:11:36, 9.43e-13, 5.39e-11
2020-12-27, 01:11:40, 9.7e-13, 5.41e-11
2020-12-27, 01:11:44, 9.38e-13, 5.4e-11
2020-12-27, 01:11:49, 9.14e-13, 5.41e-11
2020-12-27, 01:11:53, 9.74e-13, 5.44e-11
2020-12-27, 01:11:58, 9.74e-13, 5.42e-11
2020-12-27, 01:12:03, 9.76e-13, 5.41e-11
2020-12-27, 01:12:07, 8.94e-13, 5.4e-11
2020-12-27, 01:12:11, 9.55e-13, 5.44e-11
2020-12-27, 01:12:15, 8.63e-13, 5.39e-11
2020-12-27, 01:12:19, 9.04e-13, 5.41e-11
2020-12-27, 01:12:24, 1.14e-12, 5.43e-11
2020-12-27, 01:12:28, 9.9e-13, 5.4e-11
2020-12-27, 01:12:32, 1e-12, 5.41e-11
2020-12-27, 01:12:40, 1.01e-12, 5.44e-11
2020-12-27, 01:12:45, 9.04e-13, 5.46e-11
2020-12-27, 01:12:49, 8.95e-13, 5.41e-11
2020-12-27, 01:12:53, 8.99e-13, 5.42e-11
2020-12-27, 01:12:57, 9.49e-13, 5.41e-11
2020-12-27, 01:13:01, 9.62e-13, 5.42e-11
2020-12-27, 01:13:06, 9.72e-13, 5.43e-11
2020-12-27, 01:13:10, 8.92e-13, 5.41e-11
2020-12-27, 01:13:14, 9.36e-13, 5.4e-11
2020-12-27, 01:13:18, 7.96e-13, 5.39e-11
2020-12-27, 01:13:23, 8.96e-13, 5.41e-11
2020-12-27, 01:13:27, 9.23e-13, 5.39e-11
2020-12-27, 01:13:31, 8.89e-13, 5.38e-11
2020-12-27, 01:13:35, 8.94e-13, 5.38e-11
2020-12-27, 01:13:39, 8.98e-13, 5.36e-11
2020-12-27, 01:13:44, 9.15e-13, 5.4e-11
2020-12-27, 01:13:48, 9.2e-13, 5.45e-11
2020-12-27, 01:13:52, 9.12e-13, 5.42e-11
2020-12-27, 01:13:56, 9.17e-13, 5.36e-11
2020-12-27, 01:14:00, 8.92e-13, 5.42e-11
2020-12-27, 01:14:05, 9.33e-13, 5.37e-11
2020-12-27, 01:14:09, 9.13e-13, 5.39e-11
2020-12-27, 01:14:13, 9.18e-13, 5.38e-11
2020-12-27, 01:14:17, 1.02e-12, 5.37e-11
2020-12-27, 01:14:22, 8.62e-13, 5.43e-11
2020-12-27, 01:14:26, 9.57e-13, 5.42e-11
2020-12-27, 01:14:30, 9.01e-13, 5.42e-11
2020-12-27, 01:14:34, 9.15e-13, 5.4e-11
2020-12-27, 01:14:38, 9.35e-13, 5.38e-11
2020-12-27, 01:14:43, 8.82e-13, 5.43e-11
2020-12-27, 01:14:47, 9.2e-13, 5.4e-11
2020-12-27, 01:14:51, 9.17e-13, 5.4e-11
2020-12-27, 01:14:55, 8.63e-13, 5.41e-11
2020-12-27, 01:15:00, 9.45e-13, 5.39e-11
2020-12-27, 01:15:04, 9.43e-13, 5.39e-11
2020-12-27, 01:15:08, 9.24e-13, 5.4e-11
2020-12-27, 01:15:12, 9.67e-13, 5.42e-11
2020-12-27, 01:15:16, 9.38e-13, 5.41e-11
2020-12-27, 01:15:21, 8.89e-13, 5.41e-11
2020-12-27, 01:15:25, 9.32e-13, 5.42e-11
2020-12-27, 01:15:30, 8.86e-13, 5.41e-11
2020-12-27, 01:15:34, 1.03e-12, 5.42e-11
2020-12-27, 01:15:38, 8.99e-13, 5.38e-11
2020-12-27, 01:15:42, 9.2e-13, 5.4e-11
2020-12-27, 01:15:47, 8.61e-13, 5.39e-11
2020-12-27, 01:15:51, 8.87e-13, 5.4e-11
2020-12-27, 01:15:55, 9.44e-13, 5.39e-11
2020-12-27, 01:15:59, 9.52e-13, 5.38e-11
2020-12-27, 01:16:03, 9.78e-13, 5.36e-11
2020-12-27, 01:16:08, 9.63e-13, 5.35e-11
2020-12-27, 01:16:12, 9.03e-13, 5.37e-11
2020-12-27, 01:16:16, 9.52e-13, 5.37e-11
2020-12-27, 01:16:20, 9.59e-13, 5.39e-11
2020-12-27, 01:16:24, 9.13e-13, 5.38e-11
2020-12-27, 01:16:29, 9.42e-13, 5.41e-11
2020-12-27, 01:16:33, 8.61e-13, 5.41e-11
2020-12-27, 01:16:37, 9.92e-13, 5.4e-11
2020-12-27, 01:16:41, 9.39e-13, 5.41e-11
2020-12-27, 01:16:46, 8.88e-13, 5.4e-11
2020-12-27, 01:16:50, 1.05e-12, 5.42e-11
2020-12-27, 01:16:54, 9.54e-13, 5.39e-11
2020-12-27, 01:16:58, 8.22e-13, 5.41e-11
2020-12-27, 01:17:02, 8.64e-13, 5.4e-11
2020-12-27, 01:17:07, 9.68e-13, 5.4e-11
2020-12-27, 01:17:11, 7.52e-13, 5.41e-11
2020-12-27, 01:17:15, 9.47e-13, 5.42e-11
2020-12-27, 01:17:19, 8.86e-13, 5.4e-11
2020-12-27, 01:17:24, 9.15e-13, 5.38e-11
2020-12-27, 01:17:28, 8.71e-13, 5.39e-11
2020-12-27, 01:17:32, 9.64e-13, 5.38e-11
2020-12-27, 01:17:36, 9.48e-13, 5.43e-11
2020-12-27, 01:17:40, 9.02e-13, 5.4e-11
2020-12-27, 01:17:45, 9.27e-13, 5.41e-11
2020-12-27, 01:17:49, 9.12e-13, 5.41e-11
2020-12-27, 01:17:53, 9.36e-13, 5.39e-11
2020-12-27, 01:17:57, 9.55e-13, 5.4e-11
2020-12-27, 01:18:02, 8.93e-13, 5.4e-11
2020-12-27, 01:18:06, 9.5e-13, 5.37e-11
2020-12-27, 01:18:10, 9.96e-13, 5.37e-11
2020-12-27, 01:18:14, 9.34e-13, 5.37e-11
2020-12-27, 01:18:18, 9.61e-13, 5.37e-11
2020-12-27, 01:18:23, 9.69e-13, 5.39e-11
2020-12-27, 01:18:27, 9.09e-13, 5.39e-11
2020-12-27, 01:18:31, 8.57e-13, 5.41e-11
2020-12-27, 01:18:35, 8.85e-13, 5.37e-11
2020-12-27, 01:18:41, 9.09e-13, 5.38e-11
2020-12-27, 01:18:45, 8.89e-13, 5.38e-11
2020-12-27, 01:18:49, 8.88e-13, 5.38e-11
2020-12-27, 01:18:53, 8.05e-13, 5.41e-11
2020-12-27, 01:18:57, 9.26e-13, 5.42e-11
2020-12-27, 01:19:02, 8.56e-13, 5.4e-11
2020-12-27, 01:19:06, 1.03e-12, 5.36e-11
2020-12-27, 01:19:10, 8.6e-13, 5.36e-11
2020-12-27, 01:19:14, 9.34e-13, 5.37e-11
2020-12-27, 01:19:19, 9.17e-13, 5.38e-11
2020-12-27, 01:19:23, 8.55e-13, 5.38e-11
2020-12-27, 01:19:27, 9.93e-13, 5.41e-11
2020-12-27, 01:19:31, 9.73e-13, 5.38e-11
2020-12-27, 01:19:35, 8.87e-13, 5.4e-11
2020-12-27, 01:19:40, 9.79e-13, 5.41e-11
2020-12-27, 01:19:44, 9.79e-13, 5.41e-11
2020-12-27, 01:19:48, 8.77e-13, 5.39e-11
2020-12-27, 01:19:52, 8.99e-13, 5.39e-11
2020-12-27, 01:19:57, 9.54e-13, 5.39e-11
2020-12-27, 01:20:01, 1.04e-12, 5.38e-11
2020-12-27, 01:20:05, 8.92e-13, 5.38e-11
2020-12-27, 01:20:09, 9.02e-13, 5.4e-11
2020-12-27, 01:20:13, 9.1e-13, 5.37e-11
2020-12-27, 01:20:18, 1.06e-12, 5.4e-11
2020-12-27, 01:20:22, 9.25e-13, 5.38e-11
2020-12-27, 01:20:26, 9.41e-13, 5.36e-11
2020-12-27, 01:20:30, 9.58e-13, 5.38e-11
2020-12-27, 01:20:35, 8.96e-13, 5.38e-11
2020-12-27, 01:20:39, 9.13e-13, 5.4e-11
2020-12-27, 01:20:43, 9.22e-13, 5.37e-11
2020-12-27, 01:20:47, 1.09e-12, 5.38e-11
2020-12-27, 01:20:51, 9.54e-13, 5.38e-11
2020-12-27, 01:20:56, 8.55e-13, 5.39e-11
2020-12-27, 01:21:00, 9.51e-13, 5.4e-11
2020-12-27, 01:21:04, 9.3e-13, 5.39e-11
2020-12-27, 01:21:08, 8.85e-13, 5.41e-11
2020-12-27, 01:21:12, 9.51e-13, 5.41e-11
2020-12-27, 01:21:17, 9.36e-13, 5.36e-11
2020-12-27, 01:21:21, 9.74e-13, 5.36e-11
2020-12-27, 01:21:25, 9.12e-13, 5.37e-11
2020-12-27, 01:21:29, 9.26e-13, 5.37e-11
2020-12-27, 01:21:34, 9.52e-13, 5.39e-11
2020-12-27, 01:21:38, 9.8e-13, 5.39e-11
2020-12-27, 01:21:42, 1.01e-12, 5.38e-11
2020-12-27, 01:21:46, 9.35e-13, 5.38e-11
2020-12-27, 01:21:50, 8.78e-13, 5.4e-11
2020-12-27, 01:21:55, 9.76e-13, 5.38e-11
2020-12-27, 01:21:59, 9.72e-13, 5.36e-11
2020-12-27, 01:22:03, 8.71e-13, 5.36e-11
2020-12-27, 01:22:07, 9.47e-13, 5.36e-11
2020-12-27, 01:22:12, 9.46e-13, 5.38e-11
2020-12-27, 01:22:16, 9.09e-13, 5.39e-11
2020-12-27, 01:22:20, 8.95e-13, 5.36e-11
2020-12-27, 01:22:24, 9.6e-13, 5.38e-11
2020-12-27, 01:22:28, 8.83e-13, 5.4e-11
2020-12-27, 01:22:33, 9.04e-13, 5.37e-11
2020-12-27, 01:22:37, 9.62e-13, 5.39e-11
2020-12-27, 01:22:41, 9.01e-13, 5.41e-11
2020-12-27, 01:22:45, 9.02e-13, 5.38e-11
2020-12-27, 01:22:50, 9.81e-13, 5.4e-11
2020-12-27, 01:22:54, 9.46e-13, 5.39e-11
2020-12-27, 01:22:58, 9.51e-13, 5.39e-11
2020-12-27, 01:23:02, 9.49e-13, 5.4e-11
2020-12-27, 01:23:06, 1e-12, 5.39e-11
2020-12-27, 01:23:11, 8.9e-13, 5.38e-11
2020-12-27, 01:23:15, 9.07e-13, 5.38e-11
2020-12-27, 01:23:19, 8.88e-13, 5.39e-11
2020-12-27, 01:23:23, 9.04e-13, 5.4e-11
2020-12-27, 01:23:28, 9.22e-13, 5.42e-11
2020-12-27, 01:23:32, 9.07e-13, 5.4e-11
2020-12-27, 01:23:36, 9.53e-13, 5.4e-11
2020-12-27, 01:23:40, 9.08e-13, 5.38e-11
2020-12-27, 01:23:44, 9.01e-13, 5.38e-11
2020-12-27, 01:23:49, 9.52e-13, 5.4e-11
2020-12-27, 01:23:53, 8.71e-13, 5.38e-11
2020-12-27, 01:23:57, 9.69e-13, 5.39e-11
2020-12-27, 01:24:01, 9.48e-13, 5.37e-11
2020-12-27, 01:24:06, 8.81e-13, 5.4e-11
2020-12-27, 01:24:10, 9.08e-13, 5.39e-11
2020-12-27, 01:24:14, 9.19e-13, 5.41e-11
2020-12-27, 01:24:18, 9.02e-13, 5.38e-11
2020-12-27, 01:24:22, 9.5e-13, 5.42e-11
2020-12-27, 01:24:27, 8.43e-13, 5.37e-11
2020-12-27, 01:24:31, 9.11e-13, 5.41e-11
2020-12-27, 01:24:35, 9.34e-13, 5.39e-11
2020-12-27, 01:24:39, 9.78e-13, 5.38e-11
2020-12-27, 01:24:43, 8.81e-13, 5.4e-11
2020-12-27, 01:24:48, 9.68e-13, 5.39e-11
2020-12-27, 01:24:52, 8.81e-13, 5.4e-11
2020-12-27, 01:24:56, 8.77e-13, 5.41e-11
2020-12-27, 01:25:00, 9.04e-13, 5.43e-11
2020-12-27, 01:25:05, 9.68e-13, 5.4e-11
2020-12-27, 01:25:09, 9.1e-13, 5.39e-11
2020-12-27, 01:25:13, 9.69e-13, 5.41e-11
2020-12-27, 01:25:17, 9.17e-13, 5.39e-11
2020-12-27, 01:25:21, 9.65e-13, 5.42e-11
2020-12-27, 01:25:26, 9.29e-13, 5.37e-11
2020-12-27, 01:25:30, 9.58e-13, 5.41e-11
2020-12-27, 01:25:34, 8.63e-13, 5.4e-11
2020-12-27, 01:25:38, 9.13e-13, 5.41e-11
2020-12-27, 01:25:43, 9.74e-13, 5.42e-11
2020-12-27, 01:25:47, 9.77e-13, 5.41e-11
2020-12-27, 01:25:51, 8.99e-13, 5.39e-11
2020-12-27, 01:25:55, 9.51e-13, 5.39e-11
2020-12-27, 01:25:59, 9.12e-13, 5.39e-11
2020-12-27, 01:26:04, 9.26e-13, 5.4e-11
2020-12-27, 01:26:08, 9.13e-13, 5.4e-11
2020-12-27, 01:26:12, 1.05e-12, 5.41e-11
2020-12-27, 01:26:16, 9.51e-13, 5.42e-11
2020-12-27, 01:26:21, 9.42e-13, 5.4e-11
2020-12-27, 01:26:25, 9.35e-13, 5.4e-11
2020-12-27, 01:26:29, 9.4e-13, 5.39e-11
2020-12-27, 01:26:33, 9.34e-13, 5.38e-11
2020-12-27, 01:26:37, 9.4e-13, 5.38e-11
2020-12-27, 01:26:42, 9.58e-13, 5.4e-11
2020-12-27, 01:26:46, 9.64e-13, 5.39e-11
2020-12-27, 01:26:50, 9.41e-13, 5.39e-11
2020-12-27, 01:26:54, 9.3e-13, 5.39e-11
2020-12-27, 01:26:59, 9.6e-13, 5.41e-11
2020-12-27, 01:27:03, 9.19e-13, 5.42e-11
2020-12-27, 01:27:07, 9.54e-13, 5.41e-11
2020-12-27, 01:27:11, 8.88e-13, 5.42e-11
2020-12-27, 01:27:15, 9.36e-13, 5.43e-11
2020-12-27, 01:27:20, 9.31e-13, 5.4e-11
2020-12-27, 01:27:24, 8.97e-13, 5.39e-11
2020-12-27, 01:27:28, 9.35e-13, 5.39e-11
2020-12-27, 01:27:32, 9.47e-13, 5.39e-11
2020-12-27, 01:27:37, 1.11e-12, 5.39e-11
2020-12-27, 01:27:41, 8.88e-13, 5.39e-11
2020-12-27, 01:27:45, 9.59e-13, 5.4e-11
2020-12-27, 01:27:51, 9.36e-13, 5.4e-11
2020-12-27, 01:27:55, 9.15e-13, 5.39e-11
2020-12-27, 01:27:59, 9.44e-13, 5.38e-11
2020-12-27, 01:28:03, 9.34e-13, 5.4e-11
2020-12-27, 01:28:07, 1.01e-12, 5.4e-11
2020-12-27, 01:28:12, 8.65e-13, 5.38e-11
2020-12-27, 01:28:16, 9.03e-13, 5.41e-11
2020-12-27, 01:28:20, 9.94e-13, 5.42e-11
2020-12-27, 01:28:24, 9.46e-13, 5.39e-11
2020-12-27, 01:28:29, 9.43e-13, 5.4e-11
2020-12-27, 01:28:33, 9.24e-13, 5.39e-11
2020-12-27, 01:28:37, 8.64e-13, 5.4e-11
2020-12-27, 01:28:41, 1.04e-12, 5.39e-11
2020-12-27, 01:28:45, 8.93e-13, 5.4e-11
2020-12-27, 01:28:50, 9.09e-13, 5.36e-11
2020-12-27, 01:28:54, 9.54e-13, 5.4e-11
2020-12-27, 01:28:58, 9.48e-13, 5.4e-11
2020-12-27, 01:29:02, 9.86e-13, 5.39e-11
2020-12-27, 01:29:07, 9.19e-13, 5.37e-11
2020-12-27, 01:29:11, 8.99e-13, 5.41e-11
2020-12-27, 01:29:15, 9.04e-13, 5.42e-11
2020-12-27, 01:29:19, 9.18e-13, 5.4e-11
2020-12-27, 01:29:23, 9.57e-13, 5.4e-11
2020-12-27, 01:29:28, 9.19e-13, 5.38e-11
2020-12-27, 01:29:32, 8.91e-13, 5.4e-11
2020-12-27, 01:29:36, 9.64e-13, 5.37e-11
2020-12-27, 01:29:40, 9.01e-13, 5.38e-11
2020-12-27, 01:29:45, 9.23e-13, 5.36e-11
2020-12-27, 01:29:49, 9.37e-13, 5.36e-11
2020-12-27, 01:29:53, 9.86e-13, 5.37e-11
2020-12-27, 01:29:57, 9.24e-13, 5.39e-11
2020-12-27, 01:30:01, 9.19e-13, 5.39e-11
2020-12-27, 01:30:06, 1.07e-12, 5.39e-11
2020-12-27, 01:30:10, 1.03e-12, 5.36e-11
2020-12-27, 01:30:14, 9.48e-13, 5.38e-11
2020-12-27, 01:30:18, 9.8e-13, 5.41e-11
2020-12-27, 01:30:22, 9.27e-13, 5.4e-11
2020-12-27, 01:30:27, 9.56e-13, 5.41e-11
2020-12-27, 01:30:31, 9.06e-13, 5.36e-11
2020-12-27, 01:30:35, 8.97e-13, 5.36e-11
2020-12-27, 01:30:39, 9.46e-13, 5.37e-11
2020-12-27, 01:30:44, 9.41e-13, 5.36e-11
2020-12-27, 01:30:48, 9.36e-13, 5.4e-11
2020-12-27, 01:30:52, 8.96e-13, 5.39e-11
2020-12-27, 01:30:56, 9.56e-13, 5.39e-11
2020-12-27, 01:31:00, 9.75e-13, 5.36e-11
2020-12-27, 01:31:05, 9.23e-13, 5.36e-11
2020-12-27, 01:31:09, 9.44e-13, 5.37e-11
2020-12-27, 01:31:13, 8.8e-13, 5.37e-11
2020-12-27, 01:31:17, 9.68e-13, 5.36e-11
2020-12-27, 01:31:22, 9.07e-13, 5.39e-11
2020-12-27, 01:31:26, 9.31e-13, 5.37e-11
2020-12-27, 01:31:30, 9.55e-13, 5.37e-11
2020-12-27, 01:31:34, 8.43e-13, 5.37e-11
2020-12-27, 01:31:38, 8.97e-13, 5.41e-11
2020-12-27, 01:31:43, 9.53e-13, 5.37e-11
2020-12-27, 01:31:47, 9.19e-13, 5.4e-11
2020-12-27, 01:31:51, 9.87e-13, 5.41e-11
2020-12-27, 01:31:56, 9.67e-13, 5.42e-11
2020-12-27, 01:32:00, 9.11e-13, 5.39e-11
2020-12-27, 01:32:04, 9.65e-13, 5.4e-11
2020-12-27, 01:32:08, 8.94e-13, 5.38e-11
2020-12-27, 01:32:12, 9.52e-13, 5.37e-11
2020-12-27, 01:32:17, 9.4e-13, 5.35e-11
2020-12-27, 01:32:21, 9e-13, 5.39e-11
2020-12-27, 01:32:25, 9.4e-13, 5.35e-11
2020-12-27, 01:32:29, 9.2e-13, 5.34e-11
2020-12-27, 01:32:34, 9.79e-13, 5.36e-11
2020-12-27, 01:32:38, 8.58e-13, 5.35e-11
2020-12-27, 01:32:42, 9.12e-13, 5.35e-11
2020-12-27, 01:32:46, 9.5e-13, 5.37e-11
2020-12-27, 01:32:50, 8.74e-13, 5.36e-11
2020-12-27, 01:32:55, 9.53e-13, 5.38e-11
2020-12-27, 01:32:59, 9.72e-13, 5.39e-11
2020-12-27, 01:33:03, 9.6e-13, 5.41e-11
2020-12-27, 01:33:07, 8.77e-13, 5.4e-11
2020-12-27, 01:33:12, 9.63e-13, 5.42e-11
2020-12-27, 01:33:16, 9.77e-13, 5.41e-11
2020-12-27, 01:33:20, 9.35e-13, 5.39e-11
2020-12-27, 01:33:24, 9.12e-13, 5.37e-11
2020-12-27, 01:33:28, 9.22e-13, 5.38e-11
2020-12-27, 01:33:33, 9.19e-13, 5.35e-11
2020-12-27, 01:33:37, 9.07e-13, 5.37e-11
2020-12-27, 01:33:41, 8.96e-13, 5.39e-11
2020-12-27, 01:33:45, 9.83e-13, 5.37e-11
2020-12-27, 01:33:50, 9.5e-13, 5.38e-11
2020-12-27, 01:33:54, 9.14e-13, 5.38e-11
2020-12-27, 01:33:58, 9.09e-13, 5.37e-11
2020-12-27, 01:34:02, 9.33e-13, 5.37e-11
2020-12-27, 01:34:06, 9.48e-13, 5.36e-11
2020-12-27, 01:34:11, 9.39e-13, 5.38e-11
2020-12-27, 01:34:15, 9.57e-13, 5.37e-11
2020-12-27, 01:34:19, 9.72e-13, 5.36e-11
2020-12-27, 01:34:23, 9.45e-13, 5.38e-11
2020-12-27, 01:34:28, 9.26e-13, 5.37e-11
2020-12-27, 01:34:32, 9.25e-13, 5.4e-11
2020-12-27, 01:34:36, 9.36e-13, 5.37e-11
2020-12-27, 01:34:40, 9.79e-13, 5.37e-11
2020-12-27, 01:34:44, 9.32e-13, 5.36e-11
2020-12-27, 01:34:49, 9.53e-13, 5.36e-11
2020-12-27, 01:34:53, 9.57e-13, 5.37e-11
2020-12-27, 01:34:57, 9.02e-13, 5.37e-11
2020-12-27, 01:35:01, 9.94e-13, 5.38e-11
2020-12-27, 01:35:06, 9.75e-13, 5.39e-11
2020-12-27, 01:35:10, 9.63e-13, 5.4e-11
2020-12-27, 01:35:14, 9.15e-13, 5.38e-11
2020-12-27, 01:35:18, 8.82e-13, 5.41e-11
2020-12-27, 01:35:22, 8.85e-13, 5.37e-11
2020-12-27, 01:35:27, 9.14e-13, 5.38e-11
2020-12-27, 01:35:31, 9.02e-13, 5.38e-11
2020-12-27, 01:35:35, 9.29e-13, 5.37e-11
2020-12-27, 01:35:39, 8.97e-13, 5.39e-11
2020-12-27, 01:35:44, 9.95e-13, 5.42e-11
2020-12-27, 01:35:48, 9.59e-13, 5.38e-11
2020-12-27, 01:35:52, 9.33e-13, 5.39e-11
2020-12-27, 01:35:56, 9.34e-13, 5.38e-11
2020-12-27, 01:36:00, 8.44e-13, 5.39e-11
2020-12-27, 01:36:05, 9.6e-13, 5.4e-11
2020-12-27, 01:36:09, 9.05e-13, 5.4e-11
2020-12-27, 01:36:13, 9.02e-13, 5.41e-11
2020-12-27, 01:36:17, 1.09e-12, 5.38e-11
2020-12-27, 01:36:22, 8.97e-13, 5.38e-11
2020-12-27, 01:36:26, 9.63e-13, 5.39e-11
2020-12-27, 01:36:30, 9.85e-13, 5.36e-11
2020-12-27, 01:36:34, 9.25e-13, 5.39e-11
2020-12-27, 01:36:38, 9.41e-13, 5.36e-11
2020-12-27, 01:36:43, 9.56e-13, 5.37e-11
2020-12-27, 01:36:47, 9e-13, 5.4e-11
2020-12-27, 01:36:51, 9.41e-13, 5.41e-11
2020-12-27, 01:36:55, 9.15e-13, 5.41e-11
2020-12-27, 01:37:00, 9.04e-13, 5.39e-11
2020-12-27, 01:37:04, 9.15e-13, 5.43e-11
2020-12-27, 01:37:08, 9.08e-13, 5.41e-11
2020-12-27, 01:37:12, 9.75e-13, 5.38e-11
2020-12-27, 01:37:17, 9.99e-13, 5.37e-11
2020-12-27, 01:37:22, 9.7e-13, 5.4e-11
2020-12-27, 01:37:26, 9.47e-13, 5.38e-11
2020-12-27, 01:37:30, 9.48e-13, 5.4e-11
2020-12-27, 01:37:34, 9.69e-13, 5.42e-11
2020-12-27, 01:37:38, 9.6e-13, 5.39e-11
2020-12-27, 01:37:43, 9.26e-13, 5.4e-11
2020-12-27, 01:37:47, 8.94e-13, 5.42e-11
2020-12-27, 01:37:51, 9.35e-13, 5.37e-11
2020-12-27, 01:37:55, 1.01e-12, 5.37e-11
2020-12-27, 01:37:59, 8.79e-13, 5.41e-11
2020-12-27, 01:38:04, 8.87e-13, 5.41e-11
2020-12-27, 01:38:08, 8.05e-13, 5.41e-11
2020-12-27, 01:38:12, 8.77e-13, 5.42e-11
2020-12-27, 01:38:16, 9.14e-13, 5.38e-11
2020-12-27, 01:38:21, 8.92e-13, 5.39e-11
2020-12-27, 01:38:25, 9.03e-13, 5.4e-11
2020-12-27, 01:38:29, 9.24e-13, 5.35e-11
2020-12-27, 01:38:33, 9.17e-13, 5.39e-11
2020-12-27, 01:38:37, 9.48e-13, 5.37e-11
2020-12-27, 01:38:42, 9.51e-13, 5.37e-11
2020-12-27, 01:38:46, 9.13e-13, 5.4e-11
2020-12-27, 01:38:50, 8.94e-13, 5.39e-11
2020-12-27, 01:38:54, 9.02e-13, 5.39e-11
2020-12-27, 01:38:59, 9.52e-13, 5.38e-11
2020-12-27, 01:39:03, 9.63e-13, 5.41e-11
2020-12-27, 01:39:07, 9.63e-13, 5.39e-11
2020-12-27, 01:39:11, 9.34e-13, 5.37e-11
2020-12-27, 01:39:15, 9.38e-13, 5.38e-11
2020-12-27, 01:39:20, 1.04e-12, 5.41e-11
2020-12-27, 01:39:24, 1e-12, 5.35e-11
2020-12-27, 01:39:28, 9.31e-13, 5.37e-11
2020-12-27, 01:39:32, 9.61e-13, 5.41e-11
2020-12-27, 01:39:37, 9.51e-13, 5.37e-11
2020-12-27, 01:39:41, 9.1e-13, 5.36e-11
2020-12-27, 01:39:45, 9.21e-13, 5.37e-11
2020-12-27, 01:39:49, 9.16e-13, 5.39e-11
2020-12-27, 01:39:53, 9.53e-13, 5.4e-11
2020-12-27, 01:39:58, 9.26e-13, 5.36e-11
2020-12-27, 01:40:02, 9.4e-13, 5.37e-11
2020-12-27, 01:40:06, 8.87e-13, 5.37e-11
2020-12-27, 01:40:10, 9.1e-13, 5.38e-11
2020-12-27, 01:40:15, 9.54e-13, 5.38e-11
2020-12-27, 01:40:19, 9.49e-13, 5.38e-11
2020-12-27, 01:40:23, 8.97e-13, 5.4e-11
2020-12-27, 01:40:27, 9.2e-13, 5.39e-11
2020-12-27, 01:40:31, 9.61e-13, 5.39e-11
2020-12-27, 01:40:36, 9.34e-13, 5.37e-11
2020-12-27, 01:40:40, 9.28e-13, 5.39e-11
2020-12-27, 01:40:44, 9.57e-13, 5.4e-11
2020-12-27, 01:40:48, 9.86e-13, 5.39e-11
2020-12-27, 01:40:53, 1.02e-12, 5.36e-11
2020-12-27, 01:40:57, 9.26e-13, 5.39e-11
2020-12-27, 01:41:01, 9.88e-13, 5.37e-11
2020-12-27, 01:41:05, 9.44e-13, 5.36e-11
2020-12-27, 01:41:09, 9.06e-13, 5.39e-11
2020-12-27, 01:41:14, 9.24e-13, 5.41e-11
2020-12-27, 01:41:19, 9.23e-13, 5.39e-11
2020-12-27, 01:41:23, 8.71e-13, 5.36e-11
2020-12-27, 01:41:28, 9.32e-13, 5.38e-11
2020-12-27, 01:41:32, 9.67e-13, 5.44e-11
2020-12-27, 01:41:36, 9.32e-13, 5.38e-11
2020-12-27, 01:41:40, 9.43e-13, 5.38e-11
2020-12-27, 01:41:45, 9.36e-13, 5.37e-11
2020-12-27, 01:41:49, 9.48e-13, 5.36e-11
2020-12-27, 01:41:53, 9.36e-13, 5.37e-11
2020-12-27, 01:41:57, 8.72e-13, 5.36e-11
2020-12-27, 01:42:01, 9.29e-13, 5.39e-11
2020-12-27, 01:42:06, 9.29e-13, 5.36e-11
2020-12-27, 01:42:10, 9.12e-13, 5.37e-11
2020-12-27, 01:42:14, 8.89e-13, 5.36e-11
2020-12-27, 01:42:18, 8.98e-13, 5.34e-11
2020-12-27, 01:42:23, 8.96e-13, 5.38e-11
2020-12-27, 01:42:27, 8.86e-13, 5.39e-11
2020-12-27, 01:42:31, 9.01e-13, 5.37e-11
2020-12-27, 01:42:35, 1.02e-12, 5.38e-11
2020-12-27, 01:42:39, 8.64e-13, 5.4e-11
2020-12-27, 01:42:44, 8.81e-13, 5.37e-11
2020-12-27, 01:42:48, 9.34e-13, 5.38e-11
2020-12-27, 01:42:52, 9.34e-13, 5.39e-11
2020-12-27, 01:42:56, 9.34e-13, 5.38e-11
2020-12-27, 01:43:01, 8.84e-13, 5.39e-11
2020-12-27, 01:43:05, 8.94e-13, 5.37e-11
2020-12-27, 01:43:15, 9.17e-13, 5.39e-11
2020-12-27, 01:43:19, 9.44e-13, 5.38e-11
2020-12-27, 01:43:23, 9.63e-13, 5.39e-11
2020-12-27, 01:43:28, 8.17e-13, 5.41e-11
2020-12-27, 01:43:32, 9.68e-13, 5.41e-11
2020-12-27, 01:43:36, 1.02e-12, 5.41e-11
2020-12-27, 01:43:40, 9.12e-13, 5.39e-11
2020-12-27, 01:43:45, 9.58e-13, 5.4e-11
2020-12-27, 01:43:49, 1.06e-12, 5.38e-11
2020-12-27, 01:43:53, 8.98e-13, 5.41e-11
2020-12-27, 01:43:57, 9.51e-13, 5.4e-11
2020-12-27, 01:44:01, 9.58e-13, 5.38e-11
2020-12-27, 01:44:06, 9.71e-13, 5.38e-11
2020-12-27, 01:44:10, 9.78e-13, 5.37e-11
2020-12-27, 01:44:14, 9.18e-13, 5.37e-11
2020-12-27, 01:44:18, 9.5e-13, 5.37e-11
2020-12-27, 01:44:23, 9.22e-13, 5.38e-11
2020-12-27, 01:44:27, 9.59e-13, 5.37e-11
2020-12-27, 01:44:31, 9.76e-13, 5.41e-11
2020-12-27, 01:44:35, 8.89e-13, 5.4e-11
2020-12-27, 01:44:40, 9.55e-13, 5.39e-11
2020-12-27, 01:44:44, 9.76e-13, 5.38e-11
2020-12-27, 01:44:48, 9.46e-13, 5.37e-11
2020-12-27, 01:44:52, 9.32e-13, 5.39e-11
2020-12-27, 01:44:57, 9.34e-13, 5.39e-11
2020-12-27, 01:45:01, 9.27e-13, 5.4e-11
2020-12-27, 01:45:05, 8.25e-13, 5.39e-11
2020-12-27, 01:45:09, 9.88e-13, 5.39e-11
2020-12-27, 01:45:14, 9.37e-13, 5.4e-11
2020-12-27, 01:45:18, 9.1e-13, 5.39e-11
2020-12-27, 01:45:22, 9.03e-13, 5.41e-11
2020-12-27, 01:45:26, 9.13e-13, 5.37e-11
2020-12-27, 01:45:30, 9.05e-13, 5.36e-11
2020-12-27, 01:45:35, 9.3e-13, 5.35e-11
2020-12-27, 01:45:39, 9.2e-13, 5.37e-11
2020-12-27, 01:45:43, 8.96e-13, 5.36e-11
2020-12-27, 01:45:47, 8.69e-13, 5.39e-11
2020-12-27, 01:45:51, 9.85e-13, 5.37e-11
2020-12-27, 01:45:56, 9.03e-13, 5.38e-11
2020-12-27, 01:46:00, 9.21e-13, 5.4e-11
2020-12-27, 01:46:04, 1.06e-12, 5.39e-11
2020-12-27, 01:46:08, 9.34e-13, 5.39e-11
2020-12-27, 01:46:13, 8.59e-13, 5.38e-11
2020-12-27, 01:46:17, 1.04e-12, 5.39e-11
2020-12-27, 01:46:21, 9.36e-13, 5.43e-11
2020-12-27, 01:46:25, 8.86e-13, 5.39e-11
2020-12-27, 01:46:29, 9.01e-13, 5.42e-11
2020-12-27, 01:46:34, 1.12e-12, 5.41e-11
2020-12-27, 01:46:38, 8.84e-13, 5.4e-11
2020-12-27, 01:46:42, 9.26e-13, 5.4e-11
2020-12-27, 01:46:46, 8.86e-13, 5.39e-11
2020-12-27, 01:46:51, 9.36e-13, 5.36e-11
2020-12-27, 01:46:55, 9.31e-13, 5.38e-11
2020-12-27, 01:46:59, 8.85e-13, 5.37e-11
2020-12-27, 01:47:03, 9.25e-13, 5.4e-11
2020-12-27, 01:47:07, 8.91e-13, 5.37e-11
2020-12-27, 01:47:12, 9.33e-13, 5.39e-11
2020-12-27, 01:47:16, 9.44e-13, 5.41e-11
2020-12-27, 01:47:20, 1.04e-12, 5.37e-11
2020-12-27, 01:47:24, 9.12e-13, 5.4e-11
2020-12-27, 01:47:29, 9.09e-13, 5.4e-11
2020-12-27, 01:47:33, 9.66e-13, 5.42e-11
2020-12-27, 01:47:37, 9.48e-13, 5.41e-11
2020-12-27, 01:47:41, 8.78e-13, 5.41e-11
2020-12-27, 01:47:45, 9.13e-13, 5.39e-11
2020-12-27, 01:47:50, 9.37e-13, 5.41e-11
2020-12-27, 01:47:54, 9.34e-13, 5.42e-11
2020-12-27, 01:47:58, 8.91e-13, 5.4e-11
2020-12-27, 01:48:02, 9.11e-13, 5.41e-11
2020-12-27, 01:48:07, 9.09e-13, 5.41e-11
2020-12-27, 01:48:11, 8.85e-13, 5.41e-11
2020-12-27, 01:48:15, 9.44e-13, 5.37e-11
2020-12-27, 01:48:19, 9.76e-13, 5.37e-11
2020-12-27, 01:48:23, 9.01e-13, 5.39e-11
2020-12-27, 01:48:28, 9.07e-13, 5.41e-11
2020-12-27, 01:48:32, 9.7e-13, 5.4e-11
2020-12-27, 01:48:36, 8.96e-13, 5.39e-11
2020-12-27, 01:48:40, 9.67e-13, 5.39e-11
2020-12-27, 01:48:45, 9.7e-13, 5.4e-11
2020-12-27, 01:48:49, 9.68e-13, 5.38e-11
2020-12-27, 01:48:53, 9.55e-13, 5.4e-11
2020-12-27, 01:48:57, 9.77e-13, 5.4e-11
2020-12-27, 01:49:02, 8.52e-13, 5.37e-11
2020-12-27, 01:49:06, 9.2e-13, 5.39e-11
2020-12-27, 01:49:10, 9.42e-13, 5.38e-11
2020-12-27, 01:49:14, 9.16e-13, 5.4e-11
2020-12-27, 01:49:18, 9.3e-13, 5.4e-11
2020-12-27, 01:49:23, 1.06e-12, 5.4e-11
2020-12-27, 01:49:27, 9.7e-13, 5.41e-11
2020-12-27, 01:49:31, 9.53e-13, 5.41e-11
2020-12-27, 01:49:35, 9.25e-13, 5.4e-11
2020-12-27, 01:49:40, 9.57e-13, 5.4e-11
2020-12-27, 01:49:44, 8.93e-13, 5.4e-11
2020-12-27, 01:49:48, 9.68e-13, 5.39e-11
2020-12-27, 01:49:52, 9.51e-13, 5.35e-11
2020-12-27, 01:49:56, 9.35e-13, 5.38e-11
2020-12-27, 01:50:01, 9.37e-13, 5.37e-11
2020-12-27, 01:50:05, 9.42e-13, 5.37e-11
2020-12-27, 01:50:09, 9.87e-13, 5.36e-11
2020-12-27, 01:50:13, 8.96e-13, 5.38e-11
2020-12-27, 01:50:17, 8.83e-13, 5.37e-11
2020-12-27, 01:50:22, 9.3e-13, 5.38e-11
2020-12-27, 01:50:26, 8.76e-13, 5.36e-11
2020-12-27, 01:50:30, 8.87e-13, 5.41e-11
2020-12-27, 01:50:34, 9.07e-13, 5.4e-11
2020-12-27, 01:50:39, 8.92e-13, 5.4e-11
2020-12-27, 01:50:43, 8.88e-13, 5.41e-11
2020-12-27, 01:50:47, 8.8e-13, 5.42e-11
2020-12-27, 01:50:51, 9.27e-13, 5.42e-11
2020-12-27, 01:50:55, 9.2e-13, 5.39e-11
2020-12-27, 01:51:00, 9.63e-13, 5.4e-11
2020-12-27, 01:51:04, 9.74e-13, 5.39e-11
2020-12-27, 01:51:08, 9.44e-13, 5.39e-11
2020-12-27, 01:51:12, 9.62e-13, 5.41e-11
2020-12-27, 01:51:17, 9.42e-13, 5.37e-11
2020-12-27, 01:51:21, 1.04e-12, 5.37e-11
2020-12-27, 01:51:25, 8.7e-13, 5.37e-11
2020-12-27, 01:51:29, 9.13e-13, 5.35e-11
2020-12-27, 01:51:33, 9.13e-13, 5.37e-11
2020-12-27, 01:51:38, 9.56e-13, 5.37e-11
2020-12-27, 01:51:42, 1.09e-12, 5.41e-11
2020-12-27, 01:51:46, 9.73e-13, 5.38e-11
2020-12-27, 01:51:50, 9.26e-13, 5.38e-11
2020-12-27, 01:51:55, 1.03e-12, 5.41e-11
2020-12-27, 01:51:59, 9.13e-13, 5.36e-11
2020-12-27, 01:52:03, 9.06e-13, 5.36e-11
2020-12-27, 01:52:07, 9.12e-13, 5.37e-11
2020-12-27, 01:52:11, 9.02e-13, 5.37e-11
2020-12-27, 01:52:16, 9.08e-13, 5.39e-11
2020-12-27, 01:52:20, 9e-13, 5.41e-11
2020-12-27, 01:52:24, 8.78e-13, 5.4e-11
2020-12-27, 01:52:28, 9.23e-13, 5.36e-11
2020-12-27, 01:52:33, 9.5e-13, 5.38e-11
2020-12-27, 01:52:37, 9.35e-13, 5.38e-11
2020-12-27, 01:52:41, 9.5e-13, 5.4e-11
2020-12-27, 01:52:45, 9.54e-13, 5.36e-11
2020-12-27, 01:52:49, 9.43e-13, 5.42e-11
2020-12-27, 01:52:54, 1.01e-12, 5.43e-11
2020-12-27, 01:52:58, 9.33e-13, 5.41e-11
2020-12-27, 01:53:02, 9.29e-13, 5.4e-11
2020-12-27, 01:53:06, 9.69e-13, 5.43e-11
2020-12-27, 01:53:11, 9.88e-13, 5.43e-11
2020-12-27, 01:53:15, 1.03e-12, 5.42e-11
2020-12-27, 01:53:19, 8.9e-13, 5.38e-11
2020-12-27, 01:53:23, 9.09e-13, 5.39e-11
2020-12-27, 01:53:27, 9.75e-13, 5.41e-11
2020-12-27, 01:53:32, 8.98e-13, 5.38e-11
2020-12-27, 01:53:36, 9.09e-13, 5.41e-11
2020-12-27, 01:53:40, 9.4e-13, 5.4e-11
2020-12-27, 01:53:44, 9.78e-13, 5.39e-11
2020-12-27, 01:53:49, 9.44e-13, 5.43e-11
2020-12-27, 01:53:53, 9.38e-13, 5.42e-11
2020-12-27, 01:53:57, 9.85e-13, 5.41e-11
2020-12-27, 01:54:01, 8.69e-13, 5.4e-11
2020-12-27, 01:54:05, 9.76e-13, 5.38e-11
2020-12-27, 01:54:10, 9.57e-13, 5.4e-11
2020-12-27, 01:54:14, 8.98e-13, 5.38e-11
2020-12-27, 01:54:18, 9.51e-13, 5.37e-11
2020-12-27, 01:54:22, 9.69e-13, 5.39e-11
2020-12-27, 01:54:26, 9.01e-13, 5.4e-11
2020-12-27, 01:54:31, 9.78e-13, 5.39e-11
2020-12-27, 01:54:35, 9.83e-13, 5.39e-11
2020-12-27, 01:54:39, 9.69e-13, 5.39e-11
2020-12-27, 01:54:43, 9.76e-13, 5.38e-11
2020-12-27, 01:54:48, 9.23e-13, 5.38e-11
2020-12-27, 01:54:52, 9.36e-13, 5.38e-11
2020-12-27, 01:54:56, 8.93e-13, 5.39e-11
2020-12-27, 01:55:00, 8.85e-13, 5.4e-11
2020-12-27, 01:55:04, 8.25e-13, 5.4e-11
2020-12-27, 01:55:09, 9.2e-13, 5.38e-11
2020-12-27, 01:55:13, 9.91e-13, 5.39e-11
2020-12-27, 01:55:17, 9.97e-13, 5.38e-11
2020-12-27, 01:55:21, 8.78e-13, 5.38e-11
2020-12-27, 01:55:26, 9.15e-13, 5.42e-11
2020-12-27, 01:55:30, 8.95e-13, 5.39e-11
2020-12-27, 01:55:34, 9.92e-13, 5.42e-11
2020-12-27, 01:55:38, 8.88e-13, 5.43e-11
2020-12-27, 01:55:42, 9.74e-13, 5.4e-11
2020-12-27, 01:55:47, 8.3e-13, 5.38e-11
2020-12-27, 01:55:51, 9.29e-13, 5.37e-11
2020-12-27, 01:55:55, 9.53e-13, 5.39e-11
2020-12-27, 01:55:59, 1e-12, 5.39e-11
2020-12-27, 01:56:04, 9.47e-13, 5.39e-11
2020-12-27, 01:56:08, 9.27e-13, 5.38e-11
2020-12-27, 01:56:12, 9.25e-13, 5.39e-11
2020-12-27, 01:56:16, 9.31e-13, 5.39e-11
2020-12-27, 01:56:20, 9.35e-13, 5.35e-11
2020-12-27, 01:56:25, 8.64e-13, 5.39e-11
2020-12-27, 01:56:29, 9.29e-13, 5.38e-11
2020-12-27, 01:56:33, 9.67e-13, 5.39e-11
2020-12-27, 01:56:37, 8.74e-13, 5.37e-11
2020-12-27, 01:56:42, 8.89e-13, 5.39e-11
2020-12-27, 01:56:46, 9.45e-13, 5.41e-11
2020-12-27, 01:56:50, 9.65e-13, 5.42e-11
2020-12-27, 01:56:54, 9.8e-13, 5.41e-11
2020-12-27, 01:56:58, 8.55e-13, 5.41e-11
2020-12-27, 01:57:03, 8.67e-13, 5.41e-11
2020-12-27, 01:57:07, 9.13e-13, 5.4e-11
2020-12-27, 01:57:11, 9.55e-13, 5.41e-11
2020-12-27, 01:57:15, 9.86e-13, 5.39e-11
2020-12-27, 01:57:20, 9.38e-13, 5.42e-11
2020-12-27, 01:57:24, 9.46e-13, 5.41e-11
2020-12-27, 01:57:28, 9.24e-13, 5.39e-11
2020-12-27, 01:57:32, 9.62e-13, 5.4e-11
2020-12-27, 01:57:36, 8.67e-13, 5.39e-11
2020-12-27, 01:57:41, 9.1e-13, 5.41e-11
2020-12-27, 01:57:45, 9.57e-13, 5.43e-11
2020-12-27, 01:57:49, 9.59e-13, 5.37e-11
2020-12-27, 01:57:53, 8.77e-13, 5.43e-11
2020-12-27, 01:57:58, 9.64e-13, 5.39e-11
2020-12-27, 01:58:02, 9.26e-13, 5.41e-11
2020-12-27, 01:58:06, 9.57e-13, 5.4e-11
2020-12-27, 01:58:10, 9.55e-13, 5.41e-11
2020-12-27, 01:58:14, 9.34e-13, 5.41e-11
2020-12-27, 01:58:19, 9.32e-13, 5.41e-11
2020-12-27, 01:58:23, 9.42e-13, 5.39e-11
2020-12-27, 01:58:27, 8.99e-13, 5.38e-11
2020-12-27, 01:58:31, 9.19e-13, 5.37e-11
2020-12-27, 01:58:36, 1.03e-12, 5.39e-11
2020-12-27, 01:58:40, 9.55e-13, 5.38e-11
2020-12-27, 01:58:44, 9.88e-13, 5.41e-11
2020-12-27, 01:58:48, 9e-13, 5.43e-11
2020-12-27, 01:58:52, 9.27e-13, 5.42e-11
2020-12-27, 01:58:57, 9.21e-13, 5.4e-11
2020-12-27, 01:59:01, 9.49e-13, 5.4e-11
2020-12-27, 01:59:05, 9.51e-13, 5.39e-11
2020-12-27, 01:59:09, 8.33e-13, 5.38e-11
2020-12-27, 01:59:14, 9.27e-13, 5.36e-11
2020-12-27, 01:59:18, 8.95e-13, 5.38e-11
2020-12-27, 01:59:22, 9.29e-13, 5.41e-11
2020-12-27, 01:59:26, 9.21e-13, 5.35e-11
2020-12-27, 01:59:30, 9.31e-13, 5.37e-11
2020-12-27, 01:59:35, 7.57e-13, 5.38e-11
2020-12-27, 01:59:39, 8.52e-13, 5.35e-11
2020-12-27, 01:59:43, 9.61e-13, 5.38e-11
2020-12-27, 01:59:47, 8.81e-13, 5.38e-11
2020-12-27, 01:59:51, 8.72e-13, 5.38e-11
2020-12-27, 01:59:56, 8.99e-13, 5.39e-11
2020-12-27, 02:00:00, 9.01e-13, 5.39e-11
2020-12-27, 02:00:04, 9.8e-13, 5.4e-11
2020-12-27, 02:00:08, 8.69e-13, 5.41e-11
2020-12-27, 02:00:13, 1.07e-12, 5.37e-11
2020-12-27, 02:00:17, 8.32e-13, 5.39e-11
2020-12-27, 02:00:21, 9.22e-13, 5.37e-11
2020-12-27, 02:00:25, 9.55e-13, 5.36e-11
2020-12-27, 02:00:29, 8.61e-13, 5.38e-11
2020-12-27, 02:00:34, 9.64e-13, 5.4e-11
2020-12-27, 02:00:38, 9.97e-13, 5.39e-11
2020-12-27, 02:00:42, 9.56e-13, 5.39e-11
2020-12-27, 02:00:46, 9.66e-13, 5.36e-11
2020-12-27, 02:00:51, 9.19e-13, 5.4e-11
2020-12-27, 02:00:55, 9.11e-13, 5.39e-11
2020-12-27, 02:00:59, 9.23e-13, 5.41e-11
2020-12-27, 02:01:03, 9.3e-13, 5.38e-11
2020-12-27, 02:01:07, 9.04e-13, 5.38e-11
2020-12-27, 02:01:12, 9.25e-13, 5.4e-11
2020-12-27, 02:01:16, 1.09e-12, 5.39e-11
2020-12-27, 02:01:20, 9.06e-13, 5.41e-11
2020-12-27, 02:01:24, 9.62e-13, 5.41e-11
2020-12-27, 02:01:29, 8.97e-13, 5.4e-11
2020-12-27, 02:01:33, 9.49e-13, 5.41e-11
2020-12-27, 02:01:37, 8.95e-13, 5.38e-11
2020-12-27, 02:01:41, 9.91e-13, 5.39e-11
2020-12-27, 02:01:45, 9.25e-13, 5.4e-11
2020-12-27, 02:01:50, 9.74e-13, 5.39e-11
2020-12-27, 02:01:54, 9.27e-13, 5.39e-11
2020-12-27, 02:01:58, 1.04e-12, 5.35e-11
2020-12-27, 02:02:02, 9.65e-13, 5.36e-11
2020-12-27, 02:02:07, 9.41e-13, 5.36e-11
2020-12-27, 02:02:11, 9.11e-13, 5.35e-11
2020-12-27, 02:02:15, 9.16e-13, 5.38e-11
2020-12-27, 02:02:19, 8.78e-13, 5.37e-11
2020-12-27, 02:02:23, 8.88e-13, 5.38e-11
2020-12-27, 02:02:28, 9.54e-13, 5.37e-11
2020-12-27, 02:02:32, 9.27e-13, 5.37e-11
2020-12-27, 02:02:36, 9.02e-13, 5.38e-11
2020-12-27, 02:02:40, 9.13e-13, 5.38e-11
2020-12-27, 02:02:45, 9.45e-13, 5.35e-11
2020-12-27, 02:02:49, 8.74e-13, 5.39e-11
2020-12-27, 02:02:53, 1.01e-12, 5.41e-11
2020-12-27, 02:02:57, 9.35e-13, 5.37e-11
2020-12-27, 02:03:01, 9.98e-13, 5.37e-11
2020-12-27, 02:03:06, 9.38e-13, 5.39e-11
2020-12-27, 02:03:10, 9.51e-13, 5.38e-11
2020-12-27, 02:03:14, 8.93e-13, 5.39e-11
2020-12-27, 02:03:18, 9.37e-13, 5.37e-11
2020-12-27, 02:03:23, 8.71e-13, 5.37e-11
2020-12-27, 02:03:27, 9.33e-13, 5.4e-11
2020-12-27, 02:03:31, 8.86e-13, 5.36e-11
2020-12-27, 02:03:35, 1.05e-12, 5.4e-11
2020-12-27, 02:03:39, 9.61e-13, 5.39e-11
2020-12-27, 02:03:44, 1.04e-12, 5.4e-11
2020-12-27, 02:03:48, 8.71e-13, 5.38e-11
2020-12-27, 02:03:52, 8.41e-13, 5.41e-11
2020-12-27, 02:03:56, 9.55e-13, 5.4e-11
2020-12-27, 02:04:01, 8.5e-13, 5.4e-11
2020-12-27, 02:04:05, 9.02e-13, 5.39e-11
2020-12-27, 02:04:09, 9.52e-13, 5.42e-11
2020-12-27, 02:04:13, 9.47e-13, 5.44e-11
2020-12-27, 02:04:17, 9.33e-13, 5.41e-11
2020-12-27, 02:04:22, 9.98e-13, 5.39e-11
2020-12-27, 02:04:26, 9.62e-13, 5.39e-11
2020-12-27, 02:04:30, 9.11e-13, 5.38e-11
2020-12-27, 02:04:34, 9.43e-13, 5.39e-11
2020-12-27, 02:04:39, 9.35e-13, 5.37e-11
2020-12-27, 02:04:43, 8.38e-13, 5.35e-11
2020-12-27, 02:04:47, 9.61e-13, 5.38e-11
2020-12-27, 02:04:51, 9.45e-13, 5.37e-11
2020-12-27, 02:04:55, 8.6e-13, 5.38e-11
2020-12-27, 02:05:00, 9.43e-13, 5.41e-11
2020-12-27, 02:05:04, 9.64e-13, 5.37e-11
2020-12-27, 02:05:08, 9.59e-13, 5.38e-11
2020-12-27, 02:05:12, 9.25e-13, 5.38e-11
2020-12-27, 02:05:17, 9.16e-13, 5.42e-11
2020-12-27, 02:05:21, 9.71e-13, 5.38e-11
2020-12-27, 02:05:25, 9.61e-13, 5.41e-11
2020-12-27, 02:05:29, 8.67e-13, 5.39e-11
2020-12-27, 02:05:33, 9.06e-13, 5.42e-11
2020-12-27, 02:05:38, 8.97e-13, 5.39e-11
2020-12-27, 02:05:42, 8.9e-13, 5.37e-11
2020-12-27, 02:05:46, 9.2e-13, 5.38e-11
2020-12-27, 02:05:50, 9.66e-13, 5.41e-11
2020-12-27, 02:05:55, 9.94e-13, 5.4e-11
2020-12-27, 02:05:59, 1.06e-12, 5.41e-11
2020-12-27, 02:06:03, 9.14e-13, 5.4e-11
2020-12-27, 02:06:07, 8.94e-13, 5.4e-11
2020-12-27, 02:06:11, 9.79e-13, 5.42e-11
2020-12-27, 02:06:16, 9.22e-13, 5.41e-11
2020-12-27, 02:06:20, 9e-13, 5.39e-11
2020-12-27, 02:06:24, 9.45e-13, 5.38e-11
2020-12-27, 02:06:28, 9.51e-13, 5.4e-11
2020-12-27, 02:06:32, 8.74e-13, 5.39e-11
2020-12-27, 02:06:37, 9.19e-13, 5.39e-11
2020-12-27, 02:06:41, 1e-12, 5.4e-11
2020-12-27, 02:06:45, 9.1e-13, 5.38e-11
2020-12-27, 02:06:49, 9.55e-13, 5.38e-11
2020-12-27, 02:06:54, 8.73e-13, 5.4e-11
2020-12-27, 02:06:58, 9.04e-13, 5.39e-11
2020-12-27, 02:07:02, 9.52e-13, 5.4e-11
2020-12-27, 02:07:06, 8.61e-13, 5.39e-11
2020-12-27, 02:07:10, 8.93e-13, 5.38e-11
2020-12-27, 02:07:15, 8.84e-13, 5.38e-11
2020-12-27, 02:07:19, 9.33e-13, 5.37e-11
2020-12-27, 02:07:23, 8.84e-13, 5.36e-11
2020-12-27, 02:07:27, 8.63e-13, 5.36e-11
2020-12-27, 02:07:32, 9.53e-13, 5.37e-11
2020-12-27, 02:07:36, 9.77e-13, 5.42e-11
2020-12-27, 02:07:40, 9.19e-13, 5.41e-11
2020-12-27, 02:07:44, 9.17e-13, 5.4e-11
2020-12-27, 02:07:48, 9.06e-13, 5.4e-11
2020-12-27, 02:07:53, 9.36e-13, 5.45e-11
2020-12-27, 02:07:57, 9.89e-13, 5.44e-11
2020-12-27, 02:08:01, 9.24e-13, 5.4e-11
2020-12-27, 02:08:05, 1.09e-12, 5.42e-11
2020-12-27, 02:08:10, 9.33e-13, 5.39e-11
2020-12-27, 02:08:14, 9.57e-13, 5.41e-11
2020-12-27, 02:08:18, 9.52e-13, 5.43e-11
2020-12-27, 02:08:22, 8.79e-13, 5.42e-11
2020-12-27, 02:08:26, 9.16e-13, 5.45e-11
2020-12-27, 02:08:31, 9.62e-13, 5.42e-11
2020-12-27, 02:08:35, 8.4e-13, 5.42e-11
2020-12-27, 02:08:39, 9.5e-13, 5.4e-11
2020-12-27, 02:08:43, 9.62e-13, 5.4e-11
2020-12-27, 02:08:48, 8.64e-13, 5.4e-11
2020-12-27, 02:08:52, 1.07e-12, 5.41e-11
2020-12-27, 02:08:56, 8.52e-13, 5.38e-11
2020-12-27, 02:09:00, 9.12e-13, 5.41e-11
2020-12-27, 02:09:04, 8.72e-13, 5.43e-11
2020-12-27, 02:09:09, 9.78e-13, 5.38e-11
2020-12-27, 02:09:13, 9.54e-13, 5.38e-11
2020-12-27, 02:09:17, 8.99e-13, 5.4e-11
2020-12-27, 02:09:21, 9.32e-13, 5.42e-11
2020-12-27, 02:09:26, 9.49e-13, 5.4e-11
2020-12-27, 02:09:30, 9.5e-13, 5.43e-11
2020-12-27, 02:09:34, 9.89e-13, 5.45e-11
2020-12-27, 02:09:38, 9.28e-13, 5.42e-11
2020-12-27, 02:09:42, 1.11e-12, 5.41e-11
2020-12-27, 02:09:47, 9.59e-13, 5.41e-11
2020-12-27, 02:09:51, 9.75e-13, 5.44e-11
2020-12-27, 02:09:55, 9.41e-13, 5.41e-11
2020-12-27, 02:09:59, 1.17e-12, 5.41e-11
2020-12-27, 02:10:04, 1.01e-12, 5.4e-11
2020-12-27, 02:10:08, 8.52e-13, 5.4e-11
2020-12-27, 02:10:12, 8.8e-13, 5.39e-11
2020-12-27, 02:10:16, 9.39e-13, 5.4e-11
2020-12-27, 02:10:20, 9.11e-13, 5.41e-11
2020-12-27, 02:10:25, 9.41e-13, 5.41e-11
2020-12-27, 02:10:29, 9.29e-13, 5.42e-11
2020-12-27, 02:10:33, 8.68e-13, 5.39e-11
2020-12-27, 02:10:37, 9.55e-13, 5.39e-11
2020-12-27, 02:10:42, 8.96e-13, 5.4e-11
2020-12-27, 02:10:46, 9.7e-13, 5.39e-11
2020-12-27, 02:10:50, 9.34e-13, 5.4e-11
2020-12-27, 02:10:54, 9.89e-13, 5.4e-11
2020-12-27, 02:10:58, 8.74e-13, 5.42e-11
2020-12-27, 02:11:03, 9.48e-13, 5.44e-11
2020-12-27, 02:11:07, 1.03e-12, 5.41e-11
2020-12-27, 02:11:11, 9.24e-13, 5.39e-11
2020-12-27, 02:11:15, 9.4e-13, 5.4e-11
2020-12-27, 02:11:20, 9.08e-13, 5.39e-11
2020-12-27, 02:11:24, 8.77e-13, 5.37e-11
2020-12-27, 02:11:28, 9.49e-13, 5.39e-11
2020-12-27, 02:11:32, 9.12e-13, 5.38e-11
2020-12-27, 02:11:36, 9.5e-13, 5.35e-11
2020-12-27, 02:11:41, 8.79e-13, 5.4e-11
2020-12-27, 02:11:45, 9.47e-13, 5.38e-11
2020-12-27, 02:11:49, 9.4e-13, 5.4e-11
2020-12-27, 02:11:53, 9.33e-13, 5.38e-11
2020-12-27, 02:11:58, 8.99e-13, 5.39e-11
2020-12-27, 02:12:02, 9.21e-13, 5.39e-11
2020-12-27, 02:12:06, 9.42e-13, 5.38e-11
2020-12-27, 02:12:10, 8.4e-13, 5.4e-11
2020-12-27, 02:12:14, 9.49e-13, 5.42e-11
2020-12-27, 02:12:19, 9.59e-13, 5.39e-11
2020-12-27, 02:12:23, 9.15e-13, 5.41e-11
2020-12-27, 02:12:27, 9.57e-13, 5.4e-11
2020-12-27, 02:12:31, 9.06e-13, 5.39e-11
2020-12-27, 02:12:35, 9.29e-13, 5.37e-11
2020-12-27, 02:12:40, 8.9e-13, 5.4e-11
2020-12-27, 02:12:44, 8.81e-13, 5.39e-11
2020-12-27, 02:12:48, 9.51e-13, 5.39e-11
2020-12-27, 02:12:52, 9.18e-13, 5.4e-11
2020-12-27, 02:12:57, 9.38e-13, 5.42e-11
2020-12-27, 02:13:01, 9.88e-13, 5.4e-11
2020-12-27, 02:13:05, 9.13e-13, 5.4e-11
2020-12-27, 02:13:09, 8.74e-13, 5.37e-11
2020-12-27, 02:13:13, 9.26e-13, 5.41e-11
2020-12-27, 02:13:18, 7.52e-13, 5.41e-11
2020-12-27, 02:13:22, 8.93e-13, 5.38e-11
2020-12-27, 02:13:26, 9.36e-13, 5.43e-11
2020-12-27, 02:13:30, 9.85e-13, 5.42e-11
2020-12-27, 02:13:35, 9.9e-13, 5.37e-11
2020-12-27, 02:13:39, 9.29e-13, 5.37e-11
2020-12-27, 02:13:43, 1.03e-12, 5.4e-11
2020-12-27, 02:13:47, 8.81e-13, 5.41e-11
2020-12-27, 02:13:51, 9.57e-13, 5.4e-11
2020-12-27, 02:13:56, 9.21e-13, 5.37e-11
2020-12-27, 02:14:00, 9.19e-13, 5.39e-11
2020-12-27, 02:14:04, 8.73e-13, 5.39e-11
2020-12-27, 02:14:08, 9.19e-13, 5.4e-11
2020-12-27, 02:14:13, 9.07e-13, 5.4e-11
2020-12-27, 02:14:17, 8.89e-13, 5.42e-11
2020-12-27, 02:14:21, 9.77e-13, 5.38e-11
2020-12-27, 02:14:25, 9.27e-13, 5.4e-11
2020-12-27, 02:14:29, 9.35e-13, 5.4e-11
2020-12-27, 02:14:34, 9.46e-13, 5.4e-11
2020-12-27, 02:14:38, 7.59e-13, 5.42e-11
2020-12-27, 02:14:42, 9e-13, 5.4e-11
2020-12-27, 02:14:46, 8.85e-13, 5.42e-11
2020-12-27, 02:14:51, 9.37e-13, 5.41e-11
2020-12-27, 02:14:55, 9.58e-13, 5.4e-11
2020-12-27, 02:14:59, 8.99e-13, 5.4e-11
2020-12-27, 02:15:03, 9.22e-13, 5.39e-11
2020-12-27, 02:15:07, 9.42e-13, 5.42e-11
2020-12-27, 02:15:12, 9.49e-13, 5.41e-11
2020-12-27, 02:15:16, 9.75e-13, 5.44e-11
2020-12-27, 02:15:20, 9.83e-13, 5.44e-11
2020-12-27, 02:15:24, 9.54e-13, 5.42e-11
2020-12-27, 02:15:29, 9.53e-13, 5.4e-11
2020-12-27, 02:15:33, 9.24e-13, 5.41e-11
2020-12-27, 02:15:37, 8.95e-13, 5.42e-11
2020-12-27, 02:15:41, 9.28e-13, 5.43e-11
2020-12-27, 02:15:45, 8.92e-13, 5.42e-11
2020-12-27, 02:15:50, 9.22e-13, 5.39e-11
2020-12-27, 02:15:54, 8.92e-13, 5.44e-11
2020-12-27, 02:15:58, 9.4e-13, 5.39e-11
2020-12-27, 02:16:02, 9.37e-13, 5.42e-11
2020-12-27, 02:16:07, 9.44e-13, 5.41e-11
2020-12-27, 02:16:11, 8.72e-13, 5.42e-11
2020-12-27, 02:16:15, 9.18e-13, 5.43e-11
2020-12-27, 02:16:19, 9.25e-13, 5.41e-11
2020-12-27, 02:16:23, 8.84e-13, 5.4e-11
2020-12-27, 02:16:28, 9.09e-13, 5.39e-11
2020-12-27, 02:16:32, 9.02e-13, 5.38e-11
2020-12-27, 02:16:36, 9e-13, 5.38e-11
2020-12-27, 02:16:40, 9.8e-13, 5.36e-11
2020-12-27, 02:16:45, 9.62e-13, 5.4e-11
2020-12-27, 02:16:49, 9.3e-13, 5.39e-11
2020-12-27, 02:16:53, 9.43e-13, 5.37e-11
2020-12-27, 02:16:57, 9.88e-13, 5.36e-11
2020-12-27, 02:17:01, 9.17e-13, 5.38e-11
2020-12-27, 02:17:06, 8.96e-13, 5.37e-11
2020-12-27, 02:17:10, 9.39e-13, 5.37e-11
2020-12-27, 02:17:14, 9.49e-13, 5.38e-11
2020-12-27, 02:17:18, 9.16e-13, 5.39e-11
2020-12-27, 02:17:23, 9.04e-13, 5.38e-11
2020-12-27, 02:17:27, 8.73e-13, 5.39e-11
2020-12-27, 02:17:31, 9.2e-13, 5.39e-11
2020-12-27, 02:17:35, 1.01e-12, 5.41e-11
2020-12-27, 02:17:39, 9.66e-13, 5.39e-11
2020-12-27, 02:17:44, 9.72e-13, 5.37e-11
2020-12-27, 02:17:48, 9.45e-13, 5.41e-11
2020-12-27, 02:17:52, 9.04e-13, 5.38e-11
2020-12-27, 02:17:56, 9.21e-13, 5.39e-11
2020-12-27, 02:18:01, 9.67e-13, 5.41e-11
2020-12-27, 02:18:05, 9.24e-13, 5.41e-11
2020-12-27, 02:18:09, 9.21e-13, 5.38e-11
2020-12-27, 02:18:13, 9.55e-13, 5.37e-11
2020-12-27, 02:18:17, 9.3e-13, 5.38e-11
2020-12-27, 02:18:22, 9.04e-13, 5.39e-11
2020-12-27, 02:18:26, 8.82e-13, 5.38e-11
2020-12-27, 02:18:30, 8.5e-13, 5.4e-11
2020-12-27, 02:18:34, 9.73e-13, 5.39e-11
2020-12-27, 02:18:39, 9.19e-13, 5.38e-11
2020-12-27, 02:18:43, 9.48e-13, 5.41e-11
2020-12-27, 02:18:47, 8.9e-13, 5.39e-11
2020-12-27, 02:18:51, 9.13e-13, 5.38e-11
2020-12-27, 02:18:55, 9.35e-13, 5.41e-11
2020-12-27, 02:19:00, 9.5e-13, 5.38e-11
2020-12-27, 02:19:04, 9.68e-13, 5.38e-11
2020-12-27, 02:19:08, 9.35e-13, 5.38e-11
2020-12-27, 02:19:12, 8.6e-13, 5.39e-11
2020-12-27, 02:19:17, 9.52e-13, 5.41e-11
2020-12-27, 02:19:21, 9.49e-13, 5.39e-11
2020-12-27, 02:19:25, 9.53e-13, 5.37e-11
2020-12-27, 02:19:29, 9.31e-13, 5.38e-11
2020-12-27, 02:19:33, 8.68e-13, 5.39e-11
2020-12-27, 02:19:39, 9.77e-13, 5.37e-11
2020-12-27, 02:19:44, 9.98e-13, 5.39e-11
2020-12-27, 02:19:48, 9.53e-13, 5.37e-11
2020-12-27, 02:19:52, 9.6e-13, 5.37e-11
2020-12-27, 02:19:56, 9.55e-13, 5.36e-11
2020-12-27, 02:20:01, 8.99e-13, 5.37e-11
2020-12-27, 02:20:05, 8.98e-13, 5.39e-11
2020-12-27, 02:20:09, 8.7e-13, 5.39e-11
2020-12-27, 02:20:13, 9.02e-13, 5.38e-11
2020-12-27, 02:20:17, 9.7e-13, 5.37e-11
2020-12-27, 02:20:22, 7.78e-13, 5.38e-11
2020-12-27, 02:20:26, 9.24e-13, 5.37e-11
2020-12-27, 02:20:30, 8.75e-13, 5.4e-11
2020-12-27, 02:20:34, 9.23e-13, 5.42e-11
2020-12-27, 02:20:39, 9.37e-13, 5.4e-11
2020-12-27, 02:20:43, 9.45e-13, 5.4e-11
2020-12-27, 02:20:47, 9.99e-13, 5.38e-11
2020-12-27, 02:20:51, 9.31e-13, 5.41e-11
2020-12-27, 02:20:55, 8.76e-13, 5.4e-11
2020-12-27, 02:21:00, 9.19e-13, 5.39e-11
2020-12-27, 02:21:04, 9.19e-13, 5.38e-11
2020-12-27, 02:21:08, 9.43e-13, 5.37e-11
2020-12-27, 02:21:12, 9.01e-13, 5.4e-11
2020-12-27, 02:21:17, 9.35e-13, 5.4e-11
2020-12-27, 02:21:21, 9.35e-13, 5.39e-11
2020-12-27, 02:21:25, 9.26e-13, 5.43e-11
2020-12-27, 02:21:29, 8.61e-13, 5.38e-11
2020-12-27, 02:21:33, 9.56e-13, 5.42e-11
2020-12-27, 02:21:38, 9.39e-13, 5.36e-11
2020-12-27, 02:21:42, 9.15e-13, 5.41e-11
2020-12-27, 02:21:46, 9.9e-13, 5.42e-11
2020-12-27, 02:21:50, 9.22e-13, 5.39e-11
2020-12-27, 02:21:55, 1.01e-12, 5.36e-11
2020-12-27, 02:21:59, 9.51e-13, 5.38e-11
2020-12-27, 02:22:03, 8.97e-13, 5.38e-11
2020-12-27, 02:22:07, 9.57e-13, 5.4e-11
2020-12-27, 02:22:11, 9.65e-13, 5.39e-11
2020-12-27, 02:22:16, 9.96e-13, 5.41e-11
2020-12-27, 02:22:20, 9.51e-13, 5.41e-11
2020-12-27, 02:22:24, 9.19e-13, 5.42e-11
2020-12-27, 02:22:28, 9.08e-13, 5.4e-11
2020-12-27, 02:22:32, 9.97e-13, 5.35e-11
2020-12-27, 02:22:37, 9.37e-13, 5.36e-11
2020-12-27, 02:22:41, 9.16e-13, 5.37e-11
2020-12-27, 02:22:45, 9.61e-13, 5.36e-11
2020-12-27, 02:22:49, 9.42e-13, 5.37e-11
2020-12-27, 02:22:54, 9.46e-13, 5.4e-11
2020-12-27, 02:22:58, 9.11e-13, 5.37e-11
2020-12-27, 02:23:02, 1.04e-12, 5.35e-11
2020-12-27, 02:23:06, 8.87e-13, 5.38e-11
2020-12-27, 02:23:10, 9.16e-13, 5.39e-11
2020-12-27, 02:23:15, 9.49e-13, 5.39e-11
2020-12-27, 02:23:19, 1.1e-12, 5.4e-11
2020-12-27, 02:23:23, 9.49e-13, 5.39e-11
2020-12-27, 02:23:27, 9.46e-13, 5.4e-11
2020-12-27, 02:23:32, 9.05e-13, 5.42e-11
2020-12-27, 02:23:36, 8.96e-13, 5.37e-11
2020-12-27, 02:23:40, 9.37e-13, 5.37e-11
2020-12-27, 02:23:44, 9.91e-13, 5.39e-11
2020-12-27, 02:23:49, 8.64e-13, 5.42e-11
2020-12-27, 02:23:53, 8.84e-13, 5.38e-11
2020-12-27, 02:23:57, 8.29e-13, 5.39e-11
2020-12-27, 02:24:01, 9.21e-13, 5.39e-11
2020-12-27, 02:24:05, 9.63e-13, 5.43e-11
2020-12-27, 02:24:10, 9.9e-13, 5.4e-11
2020-12-27, 02:24:14, 9.28e-13, 5.36e-11
2020-12-27, 02:24:18, 9.12e-13, 5.36e-11
2020-12-27, 02:24:22, 9.5e-13, 5.39e-11
2020-12-27, 02:24:27, 9.3e-13, 5.38e-11
2020-12-27, 02:24:31, 9.61e-13, 5.42e-11
2020-12-27, 02:24:35, 8.72e-13, 5.38e-11
2020-12-27, 02:24:39, 9.36e-13, 5.41e-11
2020-12-27, 02:24:43, 8.77e-13, 5.39e-11
2020-12-27, 02:24:48, 9.28e-13, 5.42e-11
2020-12-27, 02:24:52, 9.68e-13, 5.42e-11
2020-12-27, 02:24:56, 8.66e-13, 5.41e-11
2020-12-27, 02:25:00, 9.57e-13, 5.42e-11
2020-12-27, 02:25:05, 9.25e-13, 5.42e-11
2020-12-27, 02:25:09, 9.64e-13, 5.44e-11
2020-12-27, 02:25:13, 9.61e-13, 5.43e-11
2020-12-27, 02:25:17, 9.19e-13, 5.42e-11
2020-12-27, 02:25:21, 8.22e-13, 5.42e-11
2020-12-27, 02:25:26, 8.97e-13, 5.44e-11
2020-12-27, 02:25:30, 9.46e-13, 5.41e-11
2020-12-27, 02:25:34, 7.91e-13, 5.42e-11
2020-12-27, 02:25:38, 9.01e-13, 5.4e-11
2020-12-27, 02:25:43, 9.86e-13, 5.41e-11
2020-12-27, 02:25:47, 9.76e-13, 5.41e-11
2020-12-27, 02:25:51, 9.26e-13, 5.41e-11
2020-12-27, 02:25:55, 9.81e-13, 5.43e-11
2020-12-27, 02:25:59, 8.7e-13, 5.41e-11
2020-12-27, 02:26:04, 9.8e-13, 5.4e-11
2020-12-27, 02:26:08, 9.25e-13, 5.41e-11
2020-12-27, 02:26:12, 9.2e-13, 5.4e-11
2020-12-27, 02:26:16, 9.9e-13, 5.43e-11
2020-12-27, 02:26:21, 9.15e-13, 5.42e-11
2020-12-27, 02:26:25, 9.38e-13, 5.43e-11
2020-12-27, 02:26:29, 9.4e-13, 5.39e-11
2020-12-27, 02:26:33, 9.66e-13, 5.38e-11
2020-12-27, 02:26:37, 8.99e-13, 5.41e-11
2020-12-27, 02:26:42, 9.55e-13, 5.42e-11
2020-12-27, 02:26:46, 8.76e-13, 5.41e-11
2020-12-27, 02:26:50, 8.91e-13, 5.36e-11
2020-12-27, 02:26:54, 9.37e-13, 5.38e-11
2020-12-27, 02:26:59, 1e-12, 5.39e-11
2020-12-27, 02:27:03, 9.36e-13, 5.4e-11
2020-12-27, 02:27:07, 8.84e-13, 5.4e-11
2020-12-27, 02:27:11, 9.46e-13, 5.41e-11
2020-12-27, 02:27:15, 9.08e-13, 5.4e-11
2020-12-27, 02:27:20, 9.95e-13, 5.4e-11
2020-12-27, 02:27:24, 9.28e-13, 5.41e-11
2020-12-27, 02:27:28, 9.23e-13, 5.37e-11
2020-12-27, 02:27:32, 9.31e-13, 5.39e-11
2020-12-27, 02:27:37, 8.9e-13, 5.4e-11
2020-12-27, 02:27:41, 9.12e-13, 5.41e-11
2020-12-27, 02:27:45, 9.19e-13, 5.4e-11
2020-12-27, 02:27:49, 8.74e-13, 5.37e-11
2020-12-27, 02:27:53, 9.53e-13, 5.4e-11
2020-12-27, 02:27:58, 9.42e-13, 5.4e-11
2020-12-27, 02:28:02, 8.95e-13, 5.4e-11
2020-12-27, 02:28:06, 9.82e-13, 5.38e-11
2020-12-27, 02:28:10, 7.61e-13, 5.38e-11
2020-12-27, 02:28:14, 8.07e-13, 5.4e-11
2020-12-27, 02:28:19, 9.72e-13, 5.44e-11
2020-12-27, 02:28:23, 9.66e-13, 5.44e-11
2020-12-27, 02:28:27, 9.59e-13, 5.43e-11
2020-12-27, 02:28:31, 9.36e-13, 5.41e-11
2020-12-27, 02:28:36, 9.7e-13, 5.42e-11
2020-12-27, 02:28:40, 8.64e-13, 5.41e-11
2020-12-27, 02:28:44, 9.5e-13, 5.39e-11
2020-12-27, 02:28:48, 9.77e-13, 5.41e-11
2020-12-27, 02:28:52, 1.01e-12, 5.38e-11
2020-12-27, 02:28:57, 9.87e-13, 5.38e-11
2020-12-27, 02:29:01, 9.24e-13, 5.37e-11
2020-12-27, 02:29:05, 9.68e-13, 5.41e-11
2020-12-27, 02:29:09, 9.21e-13, 5.39e-11
2020-12-27, 02:29:14, 9.92e-13, 5.41e-11
2020-12-27, 02:29:18, 8.77e-13, 5.41e-11
2020-12-27, 02:29:22, 1.01e-12, 5.42e-11
2020-12-27, 02:29:26, 9.67e-13, 5.41e-11
2020-12-27, 02:29:31, 8.72e-13, 5.43e-11
2020-12-27, 02:29:35, 9.03e-13, 5.36e-11
2020-12-27, 02:29:40, 9.01e-13, 5.4e-11
2020-12-27, 02:29:44, 8.36e-13, 5.41e-11
2020-12-27, 02:29:48, 8.98e-13, 5.36e-11
2020-12-27, 02:29:52, 9.22e-13, 5.37e-11
2020-12-27, 02:29:56, 8.47e-13, 5.36e-11
2020-12-27, 02:30:01, 1.08e-12, 5.39e-11
2020-12-27, 02:30:05, 9e-13, 5.39e-11
2020-12-27, 02:30:09, 8.94e-13, 5.42e-11
2020-12-27, 02:30:14, 9.25e-13, 5.42e-11
2020-12-27, 02:30:18, 8.69e-13, 5.43e-11
2020-12-27, 02:30:22, 9.49e-13, 5.41e-11
2020-12-27, 02:30:26, 9.01e-13, 5.42e-11
2020-12-27, 02:30:31, 1.01e-12, 5.42e-11
2020-12-27, 02:30:35, 8.26e-13, 5.4e-11
2020-12-27, 02:30:39, 9.19e-13, 5.43e-11
2020-12-27, 02:30:43, 8.96e-13, 5.42e-11
2020-12-27, 02:30:48, 9.62e-13, 5.36e-11
2020-12-27, 02:30:52, 1.03e-12, 5.41e-11
2020-12-27, 02:30:56, 8.14e-13, 5.4e-11
2020-12-27, 02:31:00, 9.41e-13, 5.4e-11
2020-12-27, 02:31:04, 9.04e-13, 5.41e-11
2020-12-27, 02:31:09, 9.79e-13, 5.41e-11
2020-12-27, 02:31:13, 8.15e-13, 5.46e-11
2020-12-27, 02:31:17, 9.91e-13, 5.44e-11
2020-12-27, 02:31:21, 8.87e-13, 5.4e-11
2020-12-27, 02:31:26, 8.96e-13, 5.42e-11
2020-12-27, 02:31:30, 9.43e-13, 5.4e-11
2020-12-27, 02:31:34, 9.07e-13, 5.42e-11
2020-12-27, 02:31:38, 9.43e-13, 5.41e-11
2020-12-27, 02:31:42, 9.5e-13, 5.4e-11
2020-12-27, 02:31:47, 1.01e-12, 5.41e-11
2020-12-27, 02:31:51, 9.59e-13, 5.4e-11
2020-12-27, 02:31:55, 8.95e-13, 5.39e-11
2020-12-27, 02:31:59, 9.23e-13, 5.41e-11
2020-12-27, 02:32:04, 9.71e-13, 5.44e-11
2020-12-27, 02:32:08, 8.42e-13, 5.4e-11
2020-12-27, 02:32:12, 9.17e-13, 5.39e-11
2020-12-27, 02:32:16, 8.74e-13, 5.38e-11
2020-12-27, 02:32:20, 9.24e-13, 5.38e-11
2020-12-27, 02:32:25, 9.14e-13, 5.41e-11
2020-12-27, 02:32:29, 9.73e-13, 5.38e-11
2020-12-27, 02:32:33, 9.38e-13, 5.39e-11
2020-12-27, 02:32:37, 9.49e-13, 5.4e-11
2020-12-27, 02:32:42, 9.03e-13, 5.39e-11
2020-12-27, 02:32:46, 8.57e-13, 5.42e-11
2020-12-27, 02:32:50, 9.15e-13, 5.4e-11
2020-12-27, 02:32:54, 8.66e-13, 5.42e-11
2020-12-27, 02:32:58, 9.84e-13, 5.41e-11
2020-12-27, 02:33:03, 9.24e-13, 5.42e-11
2020-12-27, 02:33:07, 9.68e-13, 5.43e-11
2020-12-27, 02:33:11, 8.67e-13, 5.39e-11
2020-12-27, 02:33:15, 9.89e-13, 5.4e-11
2020-12-27, 02:33:20, 9.75e-13, 5.39e-11
2020-12-27, 02:33:24, 9.79e-13, 5.39e-11
2020-12-27, 02:33:28, 1.05e-12, 5.39e-11
2020-12-27, 02:33:32, 9.78e-13, 5.38e-11
2020-12-27, 02:33:36, 9.33e-13, 5.41e-11
2020-12-27, 02:33:41, 9.04e-13, 5.4e-11
2020-12-27, 02:33:45, 9.01e-13, 5.4e-11
2020-12-27, 02:33:49, 9.16e-13, 5.41e-11
2020-12-27, 02:33:53, 9.58e-13, 5.4e-11
2020-12-27, 02:33:57, 9.5e-13, 5.4e-11
2020-12-27, 02:34:02, 8.76e-13, 5.39e-11
2020-12-27, 02:34:06, 8.96e-13, 5.39e-11
2020-12-27, 02:34:10, 9.74e-13, 5.41e-11
2020-12-27, 02:34:14, 8.57e-13, 5.38e-11
2020-12-27, 02:34:19, 9.28e-13, 5.38e-11
2020-12-27, 02:34:23, 9.12e-13, 5.39e-11
2020-12-27, 02:34:27, 9.42e-13, 5.39e-11
2020-12-27, 02:34:31, 9.73e-13, 5.39e-11
2020-12-27, 02:34:36, 8.94e-13, 5.41e-11
2020-12-27, 02:34:40, 9.58e-13, 5.41e-11
2020-12-27, 02:34:44, 9.86e-13, 5.39e-11
2020-12-27, 02:34:48, 8.55e-13, 5.39e-11
2020-12-27, 02:34:52, 1.04e-12, 5.38e-11
2020-12-27, 02:34:57, 9.56e-13, 5.44e-11
2020-12-27, 02:35:01, 9.18e-13, 5.38e-11
2020-12-27, 02:35:05, 9.1e-13, 5.4e-11
2020-12-27, 02:35:09, 9.22e-13, 5.4e-11
2020-12-27, 02:35:13, 9.49e-13, 5.4e-11
2020-12-27, 02:35:18, 9.52e-13, 5.42e-11
2020-12-27, 02:35:22, 9.18e-13, 5.42e-11
2020-12-27, 02:35:26, 9.2e-13, 5.38e-11
2020-12-27, 02:35:30, 1.03e-12, 5.4e-11
2020-12-27, 02:35:35, 9.33e-13, 5.41e-11
2020-12-27, 02:35:39, 9.13e-13, 5.38e-11
2020-12-27, 02:35:43, 9.66e-13, 5.4e-11
2020-12-27, 02:35:47, 9.94e-13, 5.4e-11
2020-12-27, 02:35:51, 9.69e-13, 5.41e-11
2020-12-27, 02:35:56, 9.69e-13, 5.41e-11
2020-12-27, 02:36:00, 9.17e-13, 5.41e-11
2020-12-27, 02:36:04, 8.72e-13, 5.4e-11
2020-12-27, 02:36:08, 1.05e-12, 5.39e-11
2020-12-27, 02:36:13, 9.06e-13, 5.42e-11
2020-12-27, 02:36:17, 9.39e-13, 5.43e-11
2020-12-27, 02:36:21, 9.95e-13, 5.43e-11
2020-12-27, 02:36:25, 9.79e-13, 5.39e-11
2020-12-27, 02:36:29, 9.45e-13, 5.39e-11
2020-12-27, 02:36:34, 9.4e-13, 5.4e-11
2020-12-27, 02:36:38, 9.56e-13, 5.4e-11
2020-12-27, 02:36:42, 8.72e-13, 5.39e-11
2020-12-27, 02:36:46, 9.23e-13, 5.4e-11
2020-12-27, 02:36:51, 9.3e-13, 5.41e-11
2020-12-27, 02:36:55, 9.51e-13, 5.46e-11
2020-12-27, 02:36:59, 9.31e-13, 5.42e-11
2020-12-27, 02:37:03, 9.44e-13, 5.42e-11
2020-12-27, 02:37:07, 9.52e-13, 5.43e-11
2020-12-27, 02:37:12, 9.51e-13, 5.41e-11
2020-12-27, 02:37:16, 8.79e-13, 5.41e-11
2020-12-27, 02:37:20, 9.47e-13, 5.38e-11
2020-12-27, 02:37:24, 8.99e-13, 5.39e-11
2020-12-27, 02:37:29, 9.5e-13, 5.38e-11
2020-12-27, 02:37:33, 1.02e-12, 5.38e-11
2020-12-27, 02:37:37, 9.72e-13, 5.39e-11
2020-12-27, 02:37:41, 9.11e-13, 5.4e-11
2020-12-27, 02:37:45, 9.9e-13, 5.39e-11
2020-12-27, 02:37:50, 9.46e-13, 5.37e-11
2020-12-27, 02:37:54, 9.23e-13, 5.42e-11
2020-12-27, 02:37:58, 9.28e-13, 5.38e-11
2020-12-27, 02:38:02, 8.96e-13, 5.4e-11
2020-12-27, 02:38:07, 9.42e-13, 5.4e-11
2020-12-27, 02:38:11, 9.48e-13, 5.38e-11
2020-12-27, 02:38:15, 9.5e-13, 5.39e-11
2020-12-27, 02:38:19, 9.61e-13, 5.4e-11
2020-12-27, 02:38:23, 9.73e-13, 5.43e-11
2020-12-27, 02:38:28, 9.28e-13, 5.39e-11
2020-12-27, 02:38:32, 9.08e-13, 5.41e-11
2020-12-27, 02:38:36, 9.06e-13, 5.39e-11
2020-12-27, 02:38:40, 9.31e-13, 5.39e-11
2020-12-27, 02:38:45, 9.27e-13, 5.39e-11
2020-12-27, 02:38:49, 9.64e-13, 5.43e-11
2020-12-27, 02:38:53, 8.55e-13, 5.41e-11
2020-12-27, 02:38:57, 9.08e-13, 5.42e-11
2020-12-27, 02:39:01, 9.03e-13, 5.42e-11
2020-12-27, 02:39:06, 9.01e-13, 5.43e-11
2020-12-27, 02:39:10, 9.57e-13, 5.41e-11
2020-12-27, 02:39:14, 9.2e-13, 5.44e-11
2020-12-27, 02:39:18, 9.67e-13, 5.42e-11
2020-12-27, 02:39:23, 9.58e-13, 5.45e-11
2020-12-27, 02:39:27, 9.55e-13, 5.39e-11
2020-12-27, 02:39:31, 9.19e-13, 5.39e-11
2020-12-27, 02:39:35, 9.58e-13, 5.38e-11
2020-12-27, 02:39:39, 1.07e-12, 5.43e-11
2020-12-27, 02:39:44, 9.72e-13, 5.42e-11
2020-12-27, 02:39:48, 9.6e-13, 5.43e-11
2020-12-27, 02:39:52, 9.69e-13, 5.43e-11
2020-12-27, 02:39:56, 9.57e-13, 5.42e-11
2020-12-27, 02:40:01, 9.29e-13, 5.41e-11
2020-12-27, 02:40:05, 1e-12, 5.42e-11
2020-12-27, 02:40:09, 9.89e-13, 5.43e-11
2020-12-27, 02:40:13, 9.49e-13, 5.41e-11
2020-12-27, 02:40:17, 9.16e-13, 5.39e-11
2020-12-27, 02:40:22, 9.51e-13, 5.4e-11
2020-12-27, 02:40:26, 8.82e-13, 5.41e-11
2020-12-27, 02:40:30, 8.6e-13, 5.38e-11
2020-12-27, 02:40:34, 9.54e-13, 5.4e-11
2020-12-27, 02:40:38, 8.83e-13, 5.39e-11
2020-12-27, 02:40:43, 9.51e-13, 5.35e-11
2020-12-27, 02:40:47, 1.06e-12, 5.38e-11
2020-12-27, 02:40:51, 9.15e-13, 5.37e-11
2020-12-27, 02:40:55, 9.38e-13, 5.37e-11
2020-12-27, 02:41:00, 9.39e-13, 5.38e-11
2020-12-27, 02:41:04, 9.87e-13, 5.39e-11
2020-12-27, 02:41:08, 9.71e-13, 5.38e-11
2020-12-27, 02:41:12, 9.33e-13, 5.38e-11
2020-12-27, 02:41:16, 1.13e-12, 5.38e-11
2020-12-27, 02:41:21, 9.91e-13, 5.39e-11
2020-12-27, 02:41:25, 9.06e-13, 5.4e-11
2020-12-27, 02:41:29, 8.82e-13, 5.42e-11
2020-12-27, 02:41:33, 9.09e-13, 5.39e-11
2020-12-27, 02:41:38, 8.76e-13, 5.38e-11
2020-12-27, 02:41:42, 8.49e-13, 5.4e-11
2020-12-27, 02:41:46, 9.09e-13, 5.38e-11
2020-12-27, 02:41:50, 1e-12, 5.39e-11
2020-12-27, 02:41:54, 9.57e-13, 5.41e-11
2020-12-27, 02:41:59, 9.42e-13, 5.4e-11
2020-12-27, 02:42:03, 9.17e-13, 5.41e-11
2020-12-27, 02:42:07, 9.08e-13, 5.41e-11
2020-12-27, 02:42:11, 9.07e-13, 5.39e-11
2020-12-27, 02:42:16, 9.3e-13, 5.4e-11
2020-12-27, 02:42:20, 9.91e-13, 5.38e-11
2020-12-27, 02:42:24, 9.72e-13, 5.41e-11
2020-12-27, 02:42:28, 9.04e-13, 5.41e-11
2020-12-27, 02:42:32, 9.61e-13, 5.4e-11
2020-12-27, 02:42:37, 9.87e-13, 5.38e-11
2020-12-27, 02:42:41, 8.78e-13, 5.37e-11
2020-12-27, 02:42:45, 9.24e-13, 5.39e-11
2020-12-27, 02:42:49, 9.24e-13, 5.42e-11
2020-12-27, 02:42:54, 1e-12, 5.38e-11
2020-12-27, 02:42:58, 9.76e-13, 5.4e-11
2020-12-27, 02:43:02, 9.46e-13, 5.42e-11
2020-12-27, 02:43:06, 9.7e-13, 5.35e-11
2020-12-27, 02:43:10, 9.16e-13, 5.39e-11
2020-12-27, 02:43:15, 9.25e-13, 5.41e-11
2020-12-27, 02:43:19, 9.35e-13, 5.41e-11
2020-12-27, 02:43:23, 9.51e-13, 5.4e-11
2020-12-27, 02:43:27, 9.5e-13, 5.41e-11
2020-12-27, 02:43:32, 9.71e-13, 5.41e-11
2020-12-27, 02:43:36, 9.69e-13, 5.39e-11
2020-12-27, 02:43:40, 8.85e-13, 5.4e-11
2020-12-27, 02:43:44, 9.59e-13, 5.4e-11
2020-12-27, 02:43:48, 7.97e-13, 5.4e-11
2020-12-27, 02:43:53, 9.27e-13, 5.39e-11
2020-12-27, 02:43:57, 9.63e-13, 5.39e-11
2020-12-27, 02:44:01, 9.18e-13, 5.38e-11
2020-12-27, 02:44:05, 9.7e-13, 5.41e-11
2020-12-27, 02:44:10, 9.42e-13, 5.4e-11
2020-12-27, 02:44:14, 8.97e-13, 5.41e-11
2020-12-27, 02:44:18, 9.42e-13, 5.39e-11
2020-12-27, 02:44:22, 1.02e-12, 5.4e-11
2020-12-27, 02:44:26, 9.71e-13, 5.42e-11
2020-12-27, 02:44:31, 9.08e-13, 5.4e-11
2020-12-27, 02:44:35, 9.36e-13, 5.41e-11
2020-12-27, 02:44:39, 9.8e-13, 5.39e-11
2020-12-27, 02:44:43, 9.07e-13, 5.4e-11
2020-12-27, 02:44:47, 9.33e-13, 5.41e-11
2020-12-27, 02:44:52, 8.65e-13, 5.38e-11
2020-12-27, 02:44:56, 8.74e-13, 5.39e-11
2020-12-27, 02:45:00, 9.83e-13, 5.4e-11
2020-12-27, 02:45:04, 9.54e-13, 5.38e-11
2020-12-27, 02:45:09, 9.17e-13, 5.4e-11
2020-12-27, 02:45:13, 9.01e-13, 5.39e-11
2020-12-27, 02:45:17, 9.39e-13, 5.39e-11
2020-12-27, 02:45:21, 9.44e-13, 5.39e-11
2020-12-27, 02:45:25, 9.36e-13, 5.39e-11
2020-12-27, 02:45:30, 9.26e-13, 5.39e-11
2020-12-27, 02:45:34, 9.68e-13, 5.38e-11
2020-12-27, 02:45:38, 8.28e-13, 5.38e-11
2020-12-27, 02:45:42, 8.95e-13, 5.45e-11
2020-12-27, 02:45:47, 8.93e-13, 5.43e-11
2020-12-27, 02:45:51, 8.93e-13, 5.42e-11
2020-12-27, 02:45:55, 9.51e-13, 5.43e-11
2020-12-27, 02:45:59, 9e-13, 5.38e-11
2020-12-27, 02:46:03, 1.01e-12, 5.39e-11
2020-12-27, 02:46:08, 9.36e-13, 5.38e-11
2020-12-27, 02:46:12, 8.63e-13, 5.37e-11
2020-12-27, 02:46:16, 9.56e-13, 5.39e-11
2020-12-27, 02:46:20, 9.05e-13, 5.38e-11
2020-12-27, 02:46:25, 9.1e-13, 5.41e-11
2020-12-27, 02:46:29, 9.49e-13, 5.37e-11
2020-12-27, 02:46:33, 9.35e-13, 5.43e-11
2020-12-27, 02:46:37, 9.18e-13, 5.41e-11
2020-12-27, 02:46:41, 9.45e-13, 5.41e-11
2020-12-27, 02:46:46, 9.33e-13, 5.38e-11
2020-12-27, 02:46:50, 9.35e-13, 5.4e-11
2020-12-27, 02:46:54, 9.27e-13, 5.39e-11
2020-12-27, 02:46:58, 9.31e-13, 5.42e-11
2020-12-27, 02:47:03, 9.21e-13, 5.42e-11
2020-12-27, 02:47:07, 8.79e-13, 5.42e-11
2020-12-27, 02:47:11, 9.1e-13, 5.43e-11
2020-12-27, 02:47:15, 9.62e-13, 5.42e-11
2020-12-27, 02:47:20, 9.3e-13, 5.39e-11
2020-12-27, 02:47:24, 8.6e-13, 5.42e-11
2020-12-27, 02:47:28, 9.78e-13, 5.36e-11
2020-12-27, 02:47:32, 9.65e-13, 5.37e-11
2020-12-27, 02:47:36, 9.56e-13, 5.38e-11
2020-12-27, 02:47:41, 9.38e-13, 5.4e-11
2020-12-27, 02:47:45, 9.07e-13, 5.39e-11
2020-12-27, 02:47:49, 9.93e-13, 5.4e-11
2020-12-27, 02:47:53, 8.92e-13, 5.42e-11
2020-12-27, 02:47:58, 9.33e-13, 5.4e-11
2020-12-27, 02:48:02, 8.95e-13, 5.38e-11
2020-12-27, 02:48:06, 8.67e-13, 5.41e-11
2020-12-27, 02:48:10, 9.08e-13, 5.41e-11
2020-12-27, 02:48:14, 9.02e-13, 5.42e-11
2020-12-27, 02:48:19, 9.84e-13, 5.42e-11
2020-12-27, 02:48:23, 8.5e-13, 5.41e-11
2020-12-27, 02:48:27, 9.56e-13, 5.43e-11
2020-12-27, 02:48:31, 9.6e-13, 5.41e-11
2020-12-27, 02:48:36, 9.9e-13, 5.42e-11
2020-12-27, 02:48:40, 1.01e-12, 5.44e-11
2020-12-27, 02:48:44, 9.37e-13, 5.42e-11
2020-12-27, 02:48:48, 9.74e-13, 5.43e-11
2020-12-27, 02:48:52, 9.72e-13, 5.41e-11
2020-12-27, 02:48:57, 9.37e-13, 5.41e-11
2020-12-27, 02:49:01, 9.73e-13, 5.4e-11
2020-12-27, 02:49:05, 9.45e-13, 5.41e-11
2020-12-27, 02:49:09, 8.84e-13, 5.41e-11
2020-12-27, 02:49:14, 1.01e-12, 5.43e-11
2020-12-27, 02:49:18, 9.95e-13, 5.43e-11
2020-12-27, 02:49:22, 9.2e-13, 5.44e-11
2020-12-27, 02:49:26, 9.84e-13, 5.39e-11
2020-12-27, 02:49:30, 1.01e-12, 5.41e-11
2020-12-27, 02:49:35, 8.73e-13, 5.41e-11
2020-12-27, 02:49:39, 9.42e-13, 5.43e-11
2020-12-27, 02:49:43, 8.63e-13, 5.4e-11
2020-12-27, 02:49:47, 9.16e-13, 5.41e-11
2020-12-27, 02:49:52, 9.22e-13, 5.41e-11
2020-12-27, 02:49:56, 9.13e-13, 5.4e-11
2020-12-27, 02:50:00, 8.9e-13, 5.41e-11
2020-12-27, 02:50:04, 8.46e-13, 5.4e-11
2020-12-27, 02:50:08, 9.32e-13, 5.38e-11
2020-12-27, 02:50:13, 9.36e-13, 5.4e-11
2020-12-27, 02:50:17, 9.32e-13, 5.43e-11
2020-12-27, 02:50:21, 9.72e-13, 5.42e-11
2020-12-27, 02:50:25, 9.05e-13, 5.4e-11
2020-12-27, 02:50:30, 1.01e-12, 5.41e-11
2020-12-27, 02:50:34, 9.81e-13, 5.43e-11
2020-12-27, 02:50:38, 8.95e-13, 5.43e-11
2020-12-27, 02:50:42, 9.49e-13, 5.43e-11
2020-12-27, 02:50:46, 9.27e-13, 5.4e-11
2020-12-27, 02:50:51, 1.07e-12, 5.41e-11
2020-12-27, 02:50:55, 1.02e-12, 5.43e-11
2020-12-27, 02:50:59, 9.39e-13, 5.41e-11
2020-12-27, 02:51:03, 9.38e-13, 5.41e-11
2020-12-27, 02:51:07, 9.5e-13, 5.41e-11
2020-12-27, 02:51:12, 9.02e-13, 5.39e-11
2020-12-27, 02:51:16, 9.97e-13, 5.39e-11
2020-12-27, 02:51:20, 9.37e-13, 5.4e-11
2020-12-27, 02:51:24, 9.86e-13, 5.4e-11
2020-12-27, 02:51:29, 8.52e-13, 5.39e-11
2020-12-27, 02:51:33, 8.8e-13, 5.41e-11
2020-12-27, 02:51:37, 8.73e-13, 5.38e-11
2020-12-27, 02:51:41, 9.72e-13, 5.4e-11
2020-12-27, 02:51:45, 9.75e-13, 5.4e-11
2020-12-27, 02:51:50, 9.82e-13, 5.42e-11
2020-12-27, 02:51:54, 9.69e-13, 5.41e-11
2020-12-27, 02:51:58, 9.33e-13, 5.41e-11
2020-12-27, 02:52:02, 9.87e-13, 5.42e-11
2020-12-27, 02:52:07, 9.67e-13, 5.44e-11
2020-12-27, 02:52:11, 8.8e-13, 5.44e-11
2020-12-27, 02:52:15, 9.4e-13, 5.45e-11
2020-12-27, 02:52:19, 8.91e-13, 5.41e-11
2020-12-27, 02:52:23, 9.45e-13, 5.41e-11
2020-12-27, 02:52:28, 9.53e-13, 5.41e-11
2020-12-27, 02:52:32, 8.83e-13, 5.4e-11
2020-12-27, 02:52:36, 9.24e-13, 5.42e-11
2020-12-27, 02:52:40, 1.01e-12, 5.39e-11
2020-12-27, 02:52:45, 8.91e-13, 5.38e-11
2020-12-27, 02:52:49, 9.17e-13, 5.39e-11
2020-12-27, 02:52:53, 9.04e-13, 5.39e-11
2020-12-27, 02:52:57, 8.89e-13, 5.4e-11
2020-12-27, 02:53:01, 9.39e-13, 5.4e-11
2020-12-27, 02:53:06, 9.46e-13, 5.42e-11
2020-12-27, 02:53:10, 9.75e-13, 5.4e-11
2020-12-27, 02:53:14, 9.63e-13, 5.42e-11
2020-12-27, 02:53:18, 8.99e-13, 5.38e-11
2020-12-27, 02:53:23, 9.4e-13, 5.42e-11
2020-12-27, 02:53:27, 9.67e-13, 5.38e-11
2020-12-27, 02:53:31, 8.88e-13, 5.39e-11
2020-12-27, 02:53:35, 9.58e-13, 5.4e-11
2020-12-27, 02:53:39, 1.03e-12, 5.39e-11
2020-12-27, 02:53:44, 9.54e-13, 5.4e-11
2020-12-27, 02:53:48, 9.53e-13, 5.41e-11
2020-12-27, 02:53:52, 9.25e-13, 5.42e-11
2020-12-27, 02:53:56, 8.8e-13, 5.39e-11
2020-12-27, 02:54:01, 8.57e-13, 5.41e-11
2020-12-27, 02:54:05, 9.24e-13, 5.41e-11
2020-12-27, 02:54:09, 8.97e-13, 5.38e-11
2020-12-27, 02:54:13, 9.02e-13, 5.42e-11
2020-12-27, 02:54:17, 9.75e-13, 5.43e-11
2020-12-27, 02:54:22, 8.98e-13, 5.43e-11
2020-12-27, 02:54:26, 8.91e-13, 5.41e-11
2020-12-27, 02:54:30, 7.19e-13, 5.41e-11
2020-12-27, 02:54:34, 8.91e-13, 5.43e-11
2020-12-27, 02:54:39, 9.6e-13, 5.42e-11
2020-12-27, 02:54:43, 9.32e-13, 5.42e-11
2020-12-27, 02:54:47, 7.48e-13, 5.43e-11
2020-12-27, 02:54:51, 8.71e-13, 5.4e-11
2020-12-27, 02:54:55, 9.2e-13, 5.4e-11
2020-12-27, 02:55:00, 9.23e-13, 5.43e-11
2020-12-27, 02:55:04, 9.55e-13, 5.45e-11
2020-12-27, 02:55:08, 8.74e-13, 5.41e-11
2020-12-27, 02:55:12, 9.18e-13, 5.4e-11
2020-12-27, 02:55:16, 8.8e-13, 5.42e-11
2020-12-27, 02:55:21, 9.24e-13, 5.42e-11
2020-12-27, 02:55:25, 9.04e-13, 5.4e-11
2020-12-27, 02:55:29, 9.45e-13, 5.42e-11
2020-12-27, 02:55:33, 9.25e-13, 5.4e-11
2020-12-27, 02:55:38, 9.33e-13, 5.4e-11
2020-12-27, 02:55:42, 9.73e-13, 5.44e-11
2020-12-27, 02:55:46, 9.54e-13, 5.4e-11
2020-12-27, 02:55:50, 8.57e-13, 5.39e-11
2020-12-27, 02:55:54, 8.91e-13, 5.42e-11
2020-12-27, 02:55:59, 9.51e-13, 5.39e-11
2020-12-27, 02:56:03, 9.41e-13, 5.39e-11
2020-12-27, 02:56:07, 8.83e-13, 5.39e-11
2020-12-27, 02:56:11, 9.18e-13, 5.39e-11
2020-12-27, 02:56:16, 9.75e-13, 5.41e-11
2020-12-27, 02:56:20, 9.03e-13, 5.39e-11
2020-12-27, 02:56:24, 9.53e-13, 5.41e-11
2020-12-27, 02:56:28, 9.12e-13, 5.39e-11
2020-12-27, 02:56:32, 1.02e-12, 5.39e-11
2020-12-27, 02:56:37, 9.29e-13, 5.4e-11
2020-12-27, 02:56:41, 9.15e-13, 5.41e-11
2020-12-27, 02:56:45, 9.11e-13, 5.43e-11
2020-12-27, 02:56:49, 9.53e-13, 5.43e-11
2020-12-27, 02:56:54, 9.48e-13, 5.41e-11
2020-12-27, 02:56:58, 1.02e-12, 5.42e-11
2020-12-27, 02:57:02, 9.07e-13, 5.45e-11
2020-12-27, 02:57:06, 8.64e-13, 5.43e-11
2020-12-27, 02:57:10, 9.24e-13, 5.45e-11
2020-12-27, 02:57:15, 8.67e-13, 5.44e-11
2020-12-27, 02:57:19, 9.19e-13, 5.44e-11
2020-12-27, 02:57:23, 9.47e-13, 5.44e-11
2020-12-27, 02:57:27, 8.99e-13, 5.42e-11
2020-12-27, 02:57:32, 9.39e-13, 5.4e-11
2020-12-27, 02:57:36, 9.55e-13, 5.4e-11
2020-12-27, 02:57:40, 9e-13, 5.4e-11
2020-12-27, 02:57:44, 9.6e-13, 5.43e-11
2020-12-27, 02:57:48, 9.54e-13, 5.43e-11
2020-12-27, 02:57:53, 8.68e-13, 5.44e-11
2020-12-27, 02:57:57, 9.52e-13, 5.45e-11
2020-12-27, 02:58:01, 9.57e-13, 5.43e-11
2020-12-27, 02:58:05, 9.78e-13, 5.43e-11
2020-12-27, 02:58:10, 9.39e-13, 5.46e-11
2020-12-27, 02:58:14, 9.53e-13, 5.45e-11
2020-12-27, 02:58:18, 9.56e-13, 5.43e-11
2020-12-27, 02:58:22, 9.24e-13, 5.41e-11
2020-12-27, 02:58:26, 9.01e-13, 5.41e-11
2020-12-27, 02:58:31, 9.73e-13, 5.43e-11
2020-12-27, 02:58:35, 9.36e-13, 5.4e-11
2020-12-27, 02:58:39, 9.21e-13, 5.39e-11
2020-12-27, 02:58:43, 9.54e-13, 5.41e-11
2020-12-27, 02:58:48, 9.54e-13, 5.41e-11
2020-12-27, 02:58:52, 9.67e-13, 5.44e-11
2020-12-27, 02:58:56, 9.29e-13, 5.42e-11
2020-12-27, 02:59:00, 9.55e-13, 5.44e-11
2020-12-27, 02:59:04, 9.07e-13, 5.43e-11
2020-12-27, 02:59:09, 8.83e-13, 5.45e-11
2020-12-27, 02:59:13, 9.88e-13, 5.44e-11
2020-12-27, 02:59:17, 9.61e-13, 5.45e-11
2020-12-27, 02:59:21, 9.27e-13, 5.43e-11
2020-12-27, 02:59:25, 9.31e-13, 5.42e-11
2020-12-27, 02:59:30, 9.08e-13, 5.4e-11
2020-12-27, 02:59:34, 9.2e-13, 5.4e-11
2020-12-27, 02:59:38, 9.71e-13, 5.44e-11
2020-12-27, 02:59:42, 1e-12, 5.44e-11
2020-12-27, 02:59:47, 9.6e-13, 5.43e-11
2020-12-27, 02:59:51, 9.31e-13, 5.4e-11
2020-12-27, 02:59:55, 9.81e-13, 5.4e-11
2020-12-27, 02:59:59, 9.52e-13, 5.41e-11
2020-12-27, 03:00:03, 8.93e-13, 5.39e-11
2020-12-27, 03:00:08, 8.95e-13, 5.39e-11
2020-12-27, 03:00:12, 9.79e-13, 5.4e-11
2020-12-27, 03:00:16, 9.14e-13, 5.45e-11
2020-12-27, 03:00:20, 9.01e-13, 5.41e-11
2020-12-27, 03:00:25, 9.89e-13, 5.44e-11
2020-12-27, 03:00:29, 8.19e-13, 5.44e-11
2020-12-27, 03:00:33, 9.78e-13, 5.45e-11
2020-12-27, 03:00:37, 1.01e-12, 5.46e-11
2020-12-27, 03:00:41, 9.51e-13, 5.45e-11
2020-12-27, 03:00:46, 9.23e-13, 5.43e-11
2020-12-27, 03:00:50, 9.28e-13, 5.45e-11
2020-12-27, 03:00:54, 9.59e-13, 5.45e-11
2020-12-27, 03:00:59, 9.21e-13, 5.43e-11
2020-12-27, 03:01:03, 9.39e-13, 5.42e-11
2020-12-27, 03:01:07, 9.53e-13, 5.41e-11
2020-12-27, 03:01:12, 8.23e-13, 5.42e-11
2020-12-27, 03:01:16, 9.03e-13, 5.43e-11
2020-12-27, 03:01:20, 9.56e-13, 5.4e-11
2020-12-27, 03:01:24, 9.03e-13, 5.41e-11
2020-12-27, 03:01:28, 9.48e-13, 5.39e-11
2020-12-27, 03:01:33, 9.12e-13, 5.4e-11
2020-12-27, 03:01:37, 9.32e-13, 5.41e-11
2020-12-27, 03:01:41, 9.98e-13, 5.42e-11
2020-12-27, 03:01:45, 9.7e-13, 5.41e-11
2020-12-27, 03:01:50, 9.46e-13, 5.41e-11
2020-12-27, 03:01:54, 1.05e-12, 5.4e-11
2020-12-27, 03:01:58, 8.2e-13, 5.4e-11
2020-12-27, 03:02:02, 9.29e-13, 5.43e-11
2020-12-27, 03:02:06, 8.95e-13, 5.4e-11
2020-12-27, 03:02:11, 9.38e-13, 5.43e-11
2020-12-27, 03:02:15, 9.01e-13, 5.41e-11
2020-12-27, 03:02:19, 9.07e-13, 5.41e-11
2020-12-27, 03:02:23, 9.52e-13, 5.4e-11
2020-12-27, 03:02:27, 9.56e-13, 5.43e-11
2020-12-27, 03:02:32, 8.98e-13, 5.43e-11
2020-12-27, 03:02:36, 9.17e-13, 5.42e-11
2020-12-27, 03:02:40, 9.04e-13, 5.4e-11
2020-12-27, 03:02:44, 9.55e-13, 5.39e-11
2020-12-27, 03:02:49, 8.95e-13, 5.4e-11
2020-12-27, 03:02:53, 9.07e-13, 5.41e-11
2020-12-27, 03:02:57, 1.02e-12, 5.4e-11
2020-12-27, 03:03:01, 9.1e-13, 5.41e-11
2020-12-27, 03:03:05, 8.98e-13, 5.4e-11
2020-12-27, 03:03:10, 9.12e-13, 5.41e-11
2020-12-27, 03:03:14, 9.54e-13, 5.42e-11
2020-12-27, 03:03:18, 9.99e-13, 5.41e-11
2020-12-27, 03:03:22, 9.09e-13, 5.39e-11
2020-12-27, 03:03:27, 9.39e-13, 5.37e-11
2020-12-27, 03:03:31, 9.58e-13, 5.36e-11
2020-12-27, 03:03:35, 9.44e-13, 5.37e-11
2020-12-27, 03:03:39, 9.25e-13, 5.37e-11
2020-12-27, 03:03:43, 9.34e-13, 5.38e-11
2020-12-27, 03:03:48, 9.27e-13, 5.42e-11
2020-12-27, 03:03:52, 9.87e-13, 5.39e-11
2020-12-27, 03:03:56, 9.34e-13, 5.39e-11
2020-12-27, 03:04:00, 9.3e-13, 5.38e-11
2020-12-27, 03:04:05, 8.78e-13, 5.38e-11
2020-12-27, 03:04:09, 8.05e-13, 5.44e-11
2020-12-27, 03:04:13, 9.47e-13, 5.39e-11
2020-12-27, 03:04:17, 9.06e-13, 5.38e-11
2020-12-27, 03:04:21, 9.19e-13, 5.4e-11
2020-12-27, 03:04:26, 9.77e-13, 5.39e-11
2020-12-27, 03:04:30, 9.14e-13, 5.37e-11
2020-12-27, 03:04:34, 9.12e-13, 5.41e-11
2020-12-27, 03:04:38, 9.15e-13, 5.41e-11
2020-12-27, 03:04:43, 9.37e-13, 5.41e-11
2020-12-27, 03:04:47, 9.33e-13, 5.42e-11
2020-12-27, 03:04:51, 9.71e-13, 5.4e-11
2020-12-27, 03:04:55, 9.59e-13, 5.41e-11
2020-12-27, 03:04:59, 9.99e-13, 5.41e-11
2020-12-27, 03:05:04, 9.3e-13, 5.42e-11
2020-12-27, 03:05:08, 9.04e-13, 5.42e-11
2020-12-27, 03:05:12, 8.87e-13, 5.41e-11
2020-12-27, 03:05:16, 9.44e-13, 5.43e-11
2020-12-27, 03:05:21, 9.66e-13, 5.45e-11
2020-12-27, 03:05:25, 9.62e-13, 5.42e-11
2020-12-27, 03:05:29, 9.3e-13, 5.4e-11
2020-12-27, 03:05:33, 9.31e-13, 5.45e-11
2020-12-27, 03:05:37, 9.2e-13, 5.4e-11
2020-12-27, 03:05:42, 9.23e-13, 5.43e-11
2020-12-27, 03:05:46, 8.82e-13, 5.4e-11
2020-12-27, 03:05:50, 9.37e-13, 5.4e-11
2020-12-27, 03:05:54, 9.56e-13, 5.41e-11
2020-12-27, 03:05:59, 9.46e-13, 5.41e-11
2020-12-27, 03:06:03, 9.21e-13, 5.4e-11
2020-12-27, 03:06:07, 9.31e-13, 5.4e-11
2020-12-27, 03:06:11, 1.1e-12, 5.38e-11
2020-12-27, 03:06:15, 9.24e-13, 5.42e-11
2020-12-27, 03:06:20, 7.87e-13, 5.39e-11
2020-12-27, 03:06:24, 8.4e-13, 5.4e-11
2020-12-27, 03:06:28, 8.63e-13, 5.44e-11
2020-12-27, 03:06:32, 1.01e-12, 5.4e-11
2020-12-27, 03:06:37, 9e-13, 5.41e-11
2020-12-27, 03:06:41, 6.99e-13, 5.39e-11
2020-12-27, 03:06:45, 9.42e-13, 5.4e-11
2020-12-27, 03:06:49, 9.12e-13, 5.39e-11
2020-12-27, 03:06:53, 9.37e-13, 5.43e-11
2020-12-27, 03:06:58, 8.92e-13, 5.39e-11
2020-12-27, 03:07:02, 9.73e-13, 5.43e-11
2020-12-27, 03:07:06, 9.51e-13, 5.38e-11
2020-12-27, 03:07:10, 9.3e-13, 5.39e-11
2020-12-27, 03:07:15, 9.18e-13, 5.41e-11
2020-12-27, 03:07:19, 9.32e-13, 5.4e-11
2020-12-27, 03:07:23, 9.43e-13, 5.42e-11
2020-12-27, 03:07:27, 8.46e-13, 5.38e-11
2020-12-27, 03:07:31, 8.49e-13, 5.39e-11
2020-12-27, 03:07:36, 9.02e-13, 5.39e-11
2020-12-27, 03:07:40, 9.65e-13, 5.4e-11
2020-12-27, 03:07:44, 9.53e-13, 5.4e-11
2020-12-27, 03:07:48, 8.8e-13, 5.4e-11
2020-12-27, 03:07:53, 9.75e-13, 5.44e-11
2020-12-27, 03:07:57, 9.69e-13, 5.41e-11
2020-12-27, 03:08:01, 9.97e-13, 5.4e-11
2020-12-27, 03:08:05, 9.33e-13, 5.4e-11
2020-12-27, 03:08:09, 9.44e-13, 5.39e-11
2020-12-27, 03:08:14, 9.1e-13, 5.39e-11
2020-12-27, 03:08:18, 8.76e-13, 5.4e-11
2020-12-27, 03:08:22, 9.62e-13, 5.41e-11
2020-12-27, 03:08:26, 9.32e-13, 5.41e-11
2020-12-27, 03:08:31, 9.58e-13, 5.4e-11
2020-12-27, 03:08:35, 8.18e-13, 5.4e-11
2020-12-27, 03:08:39, 1.02e-12, 5.38e-11
2020-12-27, 03:08:43, 9.5e-13, 5.4e-11
2020-12-27, 03:08:47, 9.42e-13, 5.4e-11
2020-12-27, 03:08:52, 9.17e-13, 5.41e-11
2020-12-27, 03:08:56, 1.04e-12, 5.42e-11
2020-12-27, 03:09:00, 8.89e-13, 5.41e-11
2020-12-27, 03:09:04, 9.87e-13, 5.41e-11
2020-12-27, 03:09:09, 8.96e-13, 5.39e-11
2020-12-27, 03:09:13, 9.58e-13, 5.38e-11
2020-12-27, 03:09:17, 9.78e-13, 5.41e-11
2020-12-27, 03:09:21, 9.44e-13, 5.41e-11
2020-12-27, 03:09:25, 9.47e-13, 5.42e-11
2020-12-27, 03:09:30, 1.01e-12, 5.43e-11
2020-12-27, 03:09:34, 9.92e-13, 5.45e-11
2020-12-27, 03:09:38, 9.27e-13, 5.45e-11
2020-12-27, 03:09:42, 9.25e-13, 5.44e-11
2020-12-27, 03:09:47, 9.08e-13, 5.41e-11
2020-12-27, 03:09:51, 9.67e-13, 5.4e-11
2020-12-27, 03:09:55, 8.78e-13, 5.4e-11
2020-12-27, 03:09:59, 9.89e-13, 5.42e-11
2020-12-27, 03:10:03, 9.63e-13, 5.4e-11
2020-12-27, 03:10:08, 9.54e-13, 5.4e-11
2020-12-27, 03:10:12, 8.51e-13, 5.42e-11
2020-12-27, 03:10:16, 9.75e-13, 5.39e-11
2020-12-27, 03:10:20, 9.96e-13, 5.37e-11
2020-12-27, 03:10:24, 8.99e-13, 5.39e-11
2020-12-27, 03:10:29, 9.26e-13, 5.42e-11
2020-12-27, 03:10:33, 9.82e-13, 5.41e-11
2020-12-27, 03:10:37, 9.21e-13, 5.4e-11
2020-12-27, 03:10:41, 9.66e-13, 5.42e-11
2020-12-27, 03:10:46, 9.33e-13, 5.4e-11
2020-12-27, 03:10:50, 9.46e-13, 5.41e-11
2020-12-27, 03:10:54, 8.92e-13, 5.41e-11
2020-12-27, 03:10:58, 9.82e-13, 5.4e-11
2020-12-27, 03:11:02, 9.99e-13, 5.4e-11
2020-12-27, 03:11:07, 9.39e-13, 5.39e-11
2020-12-27, 03:11:11, 8.58e-13, 5.4e-11
2020-12-27, 03:11:15, 8.97e-13, 5.39e-11
2020-12-27, 03:11:19, 8.86e-13, 5.42e-11
2020-12-27, 03:11:24, 9.45e-13, 5.39e-11
2020-12-27, 03:11:28, 9.31e-13, 5.42e-11
2020-12-27, 03:11:32, 9.27e-13, 5.39e-11
2020-12-27, 03:11:36, 9.2e-13, 5.39e-11
2020-12-27, 03:11:40, 1.02e-12, 5.4e-11
2020-12-27, 03:11:45, 9.46e-13, 5.38e-11
2020-12-27, 03:11:49, 8.69e-13, 5.4e-11
2020-12-27, 03:11:53, 9.12e-13, 5.4e-11
2020-12-27, 03:11:57, 9.24e-13, 5.4e-11
2020-12-27, 03:12:02, 9.65e-13, 5.41e-11
2020-12-27, 03:12:06, 9.39e-13, 5.39e-11
2020-12-27, 03:12:10, 9.13e-13, 5.39e-11
2020-12-27, 03:12:14, 8.97e-13, 5.41e-11
2020-12-27, 03:12:18, 9.73e-13, 5.42e-11
2020-12-27, 03:12:23, 9.53e-13, 5.4e-11
2020-12-27, 03:12:27, 9.17e-13, 5.42e-11
2020-12-27, 03:12:31, 1.1e-12, 5.42e-11
2020-12-27, 03:12:35, 9.29e-13, 5.4e-11
2020-12-27, 03:12:40, 9.99e-13, 5.39e-11
2020-12-27, 03:12:44, 9.29e-13, 5.44e-11
2020-12-27, 03:12:48, 9.56e-13, 5.4e-11
2020-12-27, 03:12:54, 9.91e-13, 5.42e-11
2020-12-27, 03:12:58, 9.21e-13, 5.4e-11
2020-12-27, 03:13:03, 9.15e-13, 5.42e-11
2020-12-27, 03:13:07, 9.13e-13, 5.41e-11
2020-12-27, 03:13:11, 9.02e-13, 5.44e-11
2020-12-27, 03:13:15, 9.18e-13, 5.39e-11
2020-12-27, 03:13:19, 9.17e-13, 5.38e-11
2020-12-27, 03:13:24, 9.14e-13, 5.36e-11
2020-12-27, 03:13:28, 8.98e-13, 5.4e-11
2020-12-27, 03:13:32, 9.26e-13, 5.38e-11
2020-12-27, 03:13:36, 8.72e-13, 5.38e-11
2020-12-27, 03:13:40, 8.62e-13, 5.37e-11
2020-12-27, 03:13:45, 8.43e-13, 5.39e-11
2020-12-27, 03:13:49, 9.15e-13, 5.44e-11
2020-12-27, 03:13:53, 9.06e-13, 5.4e-11
2020-12-27, 03:13:57, 9.11e-13, 5.41e-11
2020-12-27, 03:14:02, 9.92e-13, 5.4e-11
2020-12-27, 03:14:06, 9.3e-13, 5.41e-11
2020-12-27, 03:14:10, 9.54e-13, 5.42e-11
2020-12-27, 03:14:14, 9.64e-13, 5.41e-11
2020-12-27, 03:14:18, 9.86e-13, 5.39e-11
2020-12-27, 03:14:23, 9.62e-13, 5.39e-11
2020-12-27, 03:14:27, 9.05e-13, 5.41e-11
2020-12-27, 03:14:31, 9.27e-13, 5.41e-11
2020-12-27, 03:14:35, 9.35e-13, 5.41e-11
2020-12-27, 03:14:40, 9.53e-13, 5.43e-11
2020-12-27, 03:14:44, 8.81e-13, 5.42e-11
2020-12-27, 03:14:48, 9.57e-13, 5.36e-11
2020-12-27, 03:14:52, 8.41e-13, 5.4e-11
2020-12-27, 03:14:56, 9.93e-13, 5.38e-11
2020-12-27, 03:15:01, 8.38e-13, 5.38e-11
2020-12-27, 03:15:05, 9.23e-13, 5.41e-11
2020-12-27, 03:15:09, 9.16e-13, 5.38e-11
2020-12-27, 03:15:13, 9.2e-13, 5.39e-11
2020-12-27, 03:15:18, 9.5e-13, 5.41e-11
2020-12-27, 03:15:22, 9.4e-13, 5.45e-11
2020-12-27, 03:15:26, 1.04e-12, 5.43e-11
2020-12-27, 03:15:30, 9.31e-13, 5.41e-11
2020-12-27, 03:15:34, 9.75e-13, 5.42e-11
2020-12-27, 03:15:39, 8.94e-13, 5.42e-11
2020-12-27, 03:15:43, 9.3e-13, 5.41e-11
2020-12-27, 03:15:47, 8.81e-13, 5.39e-11
2020-12-27, 03:15:51, 9.82e-13, 5.39e-11
2020-12-27, 03:15:56, 9.63e-13, 5.41e-11
2020-12-27, 03:16:00, 1.01e-12, 5.4e-11
2020-12-27, 03:16:04, 9.8e-13, 5.42e-11
2020-12-27, 03:16:08, 9.35e-13, 5.41e-11
2020-12-27, 03:16:12, 9.99e-13, 5.41e-11
2020-12-27, 03:16:17, 9.38e-13, 5.42e-11
2020-12-27, 03:16:21, 9.35e-13, 5.42e-11
2020-12-27, 03:16:25, 9.37e-13, 5.43e-11
2020-12-27, 03:16:29, 9.41e-13, 5.41e-11
2020-12-27, 03:16:34, 9.36e-13, 5.44e-11
2020-12-27, 03:16:38, 9.47e-13, 5.4e-11
2020-12-27, 03:16:42, 9.46e-13, 5.44e-11
2020-12-27, 03:16:46, 9.13e-13, 5.4e-11
2020-12-27, 03:16:50, 9.28e-13, 5.38e-11
2020-12-27, 03:16:55, 9.48e-13, 5.42e-11
2020-12-27, 03:16:59, 9.69e-13, 5.44e-11
2020-12-27, 03:17:03, 9.52e-13, 5.4e-11
2020-12-27, 03:17:07, 8.86e-13, 5.42e-11
2020-12-27, 03:17:12, 9.91e-13, 5.36e-11
2020-12-27, 03:17:16, 9.33e-13, 5.42e-11
2020-12-27, 03:17:20, 8.69e-13, 5.42e-11
2020-12-27, 03:17:24, 9.32e-13, 5.39e-11
2020-12-27, 03:17:28, 9.32e-13, 5.37e-11
2020-12-27, 03:17:33, 9.15e-13, 5.39e-11
2020-12-27, 03:17:37, 9.47e-13, 5.39e-11
2020-12-27, 03:17:41, 9.22e-13, 5.4e-11
2020-12-27, 03:17:45, 8.94e-13, 5.4e-11
2020-12-27, 03:17:49, 8.83e-13, 5.39e-11
2020-12-27, 03:17:54, 9.14e-13, 5.4e-11
2020-12-27, 03:17:58, 9.02e-13, 5.39e-11
2020-12-27, 03:18:02, 9.34e-13, 5.39e-11
2020-12-27, 03:18:06, 8.91e-13, 5.41e-11
2020-12-27, 03:18:11, 9.4e-13, 5.38e-11
2020-12-27, 03:18:15, 9.24e-13, 5.41e-11
2020-12-27, 03:18:19, 8.71e-13, 5.39e-11
2020-12-27, 03:18:23, 9.23e-13, 5.41e-11
2020-12-27, 03:18:27, 1.01e-12, 5.41e-11
2020-12-27, 03:18:32, 9.26e-13, 5.41e-11
2020-12-27, 03:18:36, 9.05e-13, 5.41e-11
2020-12-27, 03:18:40, 9.08e-13, 5.43e-11
2020-12-27, 03:18:44, 9.4e-13, 5.42e-11
2020-12-27, 03:18:49, 9.84e-13, 5.4e-11
2020-12-27, 03:18:53, 9.62e-13, 5.39e-11
2020-12-27, 03:18:57, 9.59e-13, 5.39e-11
2020-12-27, 03:19:01, 9.2e-13, 5.44e-11
2020-12-27, 03:19:06, 9.76e-13, 5.43e-11
2020-12-27, 03:19:10, 9.49e-13, 5.41e-11
2020-12-27, 03:19:14, 9.14e-13, 5.41e-11
2020-12-27, 03:19:18, 9.85e-13, 5.43e-11
2020-12-27, 03:19:22, 9.59e-13, 5.4e-11
2020-12-27, 03:19:27, 9.22e-13, 5.43e-11
2020-12-27, 03:19:31, 9.11e-13, 5.38e-11
2020-12-27, 03:19:35, 9.33e-13, 5.4e-11
2020-12-27, 03:19:39, 9.78e-13, 5.44e-11
2020-12-27, 03:19:44, 9.02e-13, 5.38e-11
2020-12-27, 03:19:48, 9.18e-13, 5.4e-11
2020-12-27, 03:19:52, 9.27e-13, 5.39e-11
2020-12-27, 03:19:56, 8.88e-13, 5.41e-11
2020-12-27, 03:20:00, 1.02e-12, 5.41e-11
2020-12-27, 03:20:05, 9.28e-13, 5.44e-11
2020-12-27, 03:20:09, 1.08e-12, 5.42e-11
2020-12-27, 03:20:13, 9.68e-13, 5.42e-11
2020-12-27, 03:20:17, 9.73e-13, 5.4e-11
2020-12-27, 03:20:22, 9.21e-13, 5.39e-11
2020-12-27, 03:20:26, 9.54e-13, 5.42e-11
2020-12-27, 03:20:30, 9.16e-13, 5.41e-11
2020-12-27, 03:20:34, 9.33e-13, 5.39e-11
2020-12-27, 03:20:38, 9.96e-13, 5.38e-11
2020-12-27, 03:20:43, 9.32e-13, 5.42e-11
2020-12-27, 03:20:47, 9.44e-13, 5.44e-11
2020-12-27, 03:20:51, 9.31e-13, 5.42e-11
2020-12-27, 03:20:55, 9.41e-13, 5.42e-11
2020-12-27, 03:21:00, 9.18e-13, 5.41e-11
2020-12-27, 03:21:05, 9.6e-13, 5.44e-11
2020-12-27, 03:21:09, 9.22e-13, 5.44e-11
2020-12-27, 03:21:14, 9.33e-13, 5.42e-11
2020-12-27, 03:21:18, 9.32e-13, 5.47e-11
2020-12-27, 03:21:22, 8.91e-13, 5.44e-11
2020-12-27, 03:21:26, 8.86e-13, 5.42e-11
2020-12-27, 03:21:31, 8.78e-13, 5.43e-11
2020-12-27, 03:21:35, 9.25e-13, 5.44e-11
2020-12-27, 03:21:39, 9.25e-13, 5.38e-11
2020-12-27, 03:21:43, 9.35e-13, 5.37e-11
2020-12-27, 03:21:47, 9e-13, 5.39e-11
2020-12-27, 03:21:52, 8.29e-13, 5.39e-11
2020-12-27, 03:21:56, 9.48e-13, 5.4e-11
2020-12-27, 03:22:00, 9.42e-13, 5.4e-11
2020-12-27, 03:22:04, 8.79e-13, 5.39e-11
2020-12-27, 03:22:09, 9.44e-13, 5.42e-11
2020-12-27, 03:22:13, 8.91e-13, 5.41e-11
2020-12-27, 03:22:17, 9.36e-13, 5.38e-11
2020-12-27, 03:22:21, 9.78e-13, 5.4e-11
2020-12-27, 03:22:25, 8.71e-13, 5.4e-11
2020-12-27, 03:22:30, 9.23e-13, 5.38e-11
2020-12-27, 03:22:34, 8.84e-13, 5.41e-11
2020-12-27, 03:22:38, 9.4e-13, 5.43e-11
2020-12-27, 03:22:42, 1.01e-12, 5.4e-11
2020-12-27, 03:22:47, 9.47e-13, 5.38e-11
2020-12-27, 03:22:51, 9.65e-13, 5.35e-11
2020-12-27, 03:22:55, 8.32e-13, 5.4e-11
2020-12-27, 03:22:59, 8.81e-13, 5.38e-11
2020-12-27, 03:23:03, 9.57e-13, 5.37e-11
2020-12-27, 03:23:08, 9.33e-13, 5.42e-11
2020-12-27, 03:23:12, 8.92e-13, 5.41e-11
2020-12-27, 03:23:16, 9.39e-13, 5.41e-11
2020-12-27, 03:23:20, 8.67e-13, 5.42e-11
2020-12-27, 03:23:25, 9.3e-13, 5.41e-11
2020-12-27, 03:23:29, 8.72e-13, 5.38e-11
2020-12-27, 03:23:33, 9.17e-13, 5.4e-11
2020-12-27, 03:23:37, 8.57e-13, 5.4e-11
2020-12-27, 03:23:41, 8.86e-13, 5.42e-11
2020-12-27, 03:23:46, 9.39e-13, 5.4e-11
2020-12-27, 03:23:50, 9.58e-13, 5.41e-11
2020-12-27, 03:23:54, 8.81e-13, 5.44e-11
2020-12-27, 03:23:58, 9.12e-13, 5.42e-11
2020-12-27, 03:24:03, 8.92e-13, 5.43e-11
2020-12-27, 03:24:07, 8.93e-13, 5.42e-11
2020-12-27, 03:24:11, 8.88e-13, 5.41e-11
2020-12-27, 03:24:15, 9.9e-13, 5.4e-11
2020-12-27, 03:24:19, 9.09e-13, 5.4e-11
2020-12-27, 03:24:24, 8.81e-13, 5.44e-11
2020-12-27, 03:24:28, 9.14e-13, 5.38e-11
2020-12-27, 03:24:32, 9.45e-13, 5.41e-11
2020-12-27, 03:24:36, 9.57e-13, 5.49e-11
2020-12-27, 03:24:41, 9.67e-13, 5.42e-11
2020-12-27, 03:24:45, 9.28e-13, 5.42e-11
2020-12-27, 03:24:49, 9.43e-13, 5.38e-11
2020-12-27, 03:24:53, 8.95e-13, 5.4e-11
2020-12-27, 03:24:57, 9.92e-13, 5.42e-11
2020-12-27, 03:25:02, 9.23e-13, 5.38e-11
2020-12-27, 03:25:06, 8.64e-13, 5.41e-11
2020-12-27, 03:25:10, 9.57e-13, 5.41e-11
2020-12-27, 03:25:14, 9.86e-13, 5.4e-11
2020-12-27, 03:25:19, 9.5e-13, 5.4e-11
2020-12-27, 03:25:23, 9.18e-13, 5.42e-11
2020-12-27, 03:25:27, 9.6e-13, 5.41e-11
2020-12-27, 03:25:31, 9.95e-13, 5.39e-11
2020-12-27, 03:25:35, 9.7e-13, 5.4e-11
2020-12-27, 03:25:40, 9.24e-13, 5.33e-11
2020-12-27, 03:25:44, 1e-12, 5.37e-11
2020-12-27, 03:25:48, 9.34e-13, 5.36e-11
2020-12-27, 03:25:52, 9.26e-13, 5.39e-11
2020-12-27, 03:25:57, 9.4e-13, 5.43e-11
2020-12-27, 03:26:01, 9.21e-13, 5.42e-11
2020-12-27, 03:26:05, 8.55e-13, 5.39e-11
2020-12-27, 03:26:09, 9.17e-13, 5.39e-11
2020-12-27, 03:26:14, 9.53e-13, 5.37e-11
2020-12-27, 03:26:18, 9.61e-13, 5.41e-11
2020-12-27, 03:26:22, 9.19e-13, 5.4e-11
2020-12-27, 03:26:26, 8.23e-13, 5.4e-11
2020-12-27, 03:26:30, 9.55e-13, 5.38e-11
2020-12-27, 03:26:35, 9.27e-13, 5.39e-11
2020-12-27, 03:26:39, 9.24e-13, 5.43e-11
2020-12-27, 03:26:43, 9.02e-13, 5.47e-11
2020-12-27, 03:26:47, 9.5e-13, 5.43e-11
2020-12-27, 03:26:52, 9.44e-13, 5.45e-11
2020-12-27, 03:26:56, 8.47e-13, 5.46e-11
2020-12-27, 03:27:00, 9.34e-13, 5.4e-11
2020-12-27, 03:27:04, 9.54e-13, 5.4e-11
2020-12-27, 03:27:08, 9.12e-13, 5.41e-11
2020-12-27, 03:27:13, 9.45e-13, 5.42e-11
2020-12-27, 03:27:17, 8.19e-13, 5.42e-11
2020-12-27, 03:27:21, 8.18e-13, 5.39e-11
2020-12-27, 03:27:25, 9.45e-13, 5.42e-11
2020-12-27, 03:27:30, 8.71e-13, 5.4e-11
2020-12-27, 03:27:34, 9.15e-13, 5.45e-11
2020-12-27, 03:27:38, 1.03e-12, 5.45e-11
2020-12-27, 03:27:42, 9.36e-13, 5.43e-11
2020-12-27, 03:27:46, 9.62e-13, 5.39e-11
2020-12-27, 03:27:51, 8.99e-13, 5.42e-11
2020-12-27, 03:27:55, 9.24e-13, 5.43e-11
2020-12-27, 03:27:59, 9.48e-13, 5.43e-11
2020-12-27, 03:28:03, 9.63e-13, 5.4e-11
2020-12-27, 03:28:07, 9.26e-13, 5.4e-11
2020-12-27, 03:28:12, 8.97e-13, 5.36e-11
2020-12-27, 03:28:16, 9.46e-13, 5.38e-11
2020-12-27, 03:28:20, 9.38e-13, 5.39e-11
2020-12-27, 03:28:24, 8.77e-13, 5.42e-11
2020-12-27, 03:28:29, 9.31e-13, 5.38e-11
2020-12-27, 03:28:33, 9.81e-13, 5.4e-11
2020-12-27, 03:28:37, 9.74e-13, 5.42e-11
2020-12-27, 03:28:41, 8.86e-13, 5.43e-11
2020-12-27, 03:28:46, 1.03e-12, 5.44e-11
2020-12-27, 03:28:50, 8.31e-13, 5.42e-11
2020-12-27, 03:28:54, 9.72e-13, 5.42e-11
2020-12-27, 03:28:58, 9.82e-13, 5.46e-11
2020-12-27, 03:29:02, 8.87e-13, 5.43e-11
2020-12-27, 03:29:07, 9.4e-13, 5.45e-11
2020-12-27, 03:29:11, 9.02e-13, 5.44e-11
2020-12-27, 03:29:15, 9.35e-13, 5.44e-11
2020-12-27, 03:29:19, 8.59e-13, 5.42e-11
2020-12-27, 03:29:23, 9.59e-13, 5.42e-11
2020-12-27, 03:29:28, 8.83e-13, 5.41e-11
2020-12-27, 03:29:32, 9.53e-13, 5.42e-11
2020-12-27, 03:29:36, 8.76e-13, 5.42e-11
2020-12-27, 03:29:40, 9.73e-13, 5.44e-11
2020-12-27, 03:29:45, 9.59e-13, 5.39e-11
2020-12-27, 03:29:49, 9.2e-13, 5.4e-11
2020-12-27, 03:29:53, 8.87e-13, 5.38e-11
2020-12-27, 03:29:57, 9.09e-13, 5.39e-11
2020-12-27, 03:30:01, 9e-13, 5.37e-11
2020-12-27, 03:30:06, 9.24e-13, 5.4e-11
2020-12-27, 03:30:10, 9.33e-13, 5.4e-11
2020-12-27, 03:30:14, 8.93e-13, 5.42e-11
2020-12-27, 03:30:18, 9.29e-13, 5.39e-11
2020-12-27, 03:30:23, 8.99e-13, 5.43e-11
2020-12-27, 03:30:27, 9.17e-13, 5.4e-11
2020-12-27, 03:30:31, 8.86e-13, 5.42e-11
2020-12-27, 03:30:35, 9.49e-13, 5.42e-11
2020-12-27, 03:30:39, 9.41e-13, 5.42e-11
2020-12-27, 03:30:44, 9.05e-13, 5.43e-11
2020-12-27, 03:30:48, 9.28e-13, 5.45e-11
2020-12-27, 03:30:52, 9.6e-13, 5.41e-11
2020-12-27, 03:30:56, 9.03e-13, 5.41e-11
2020-12-27, 03:31:01, 8.85e-13, 5.42e-11
2020-12-27, 03:31:05, 9.64e-13, 5.42e-11
2020-12-27, 03:31:09, 9.81e-13, 5.39e-11
2020-12-27, 03:31:13, 9.69e-13, 5.39e-11
2020-12-27, 03:31:17, 9.45e-13, 5.42e-11
2020-12-27, 03:31:22, 8.97e-13, 5.42e-11
2020-12-27, 03:31:26, 9.1e-13, 5.42e-11
2020-12-27, 03:31:30, 9.84e-13, 5.39e-11
2020-12-27, 03:31:34, 9.37e-13, 5.38e-11
2020-12-27, 03:31:39, 1.06e-12, 5.41e-11
2020-12-27, 03:31:43, 9.56e-13, 5.43e-11
2020-12-27, 03:31:47, 9.55e-13, 5.44e-11
2020-12-27, 03:31:51, 9.17e-13, 5.42e-11
2020-12-27, 03:31:55, 8.62e-13, 5.43e-11
2020-12-27, 03:32:00, 9.4e-13, 5.38e-11
2020-12-27, 03:32:04, 8.86e-13, 5.41e-11
2020-12-27, 03:32:08, 9.29e-13, 5.41e-11
2020-12-27, 03:32:12, 8.99e-13, 5.42e-11
2020-12-27, 03:32:17, 9.03e-13, 5.37e-11
2020-12-27, 03:32:21, 8.75e-13, 5.38e-11
2020-12-27, 03:32:25, 9.49e-13, 5.42e-11
2020-12-27, 03:32:29, 9.71e-13, 5.41e-11
2020-12-27, 03:32:33, 9.19e-13, 5.41e-11
2020-12-27, 03:32:38, 9.37e-13, 5.42e-11
2020-12-27, 03:32:42, 8.95e-13, 5.42e-11
2020-12-27, 03:32:46, 1.09e-12, 5.42e-11
2020-12-27, 03:32:50, 1e-12, 5.41e-11
2020-12-27, 03:32:55, 9.34e-13, 5.39e-11
2020-12-27, 03:32:59, 9.01e-13, 5.42e-11
2020-12-27, 03:33:03, 8.95e-13, 5.37e-11
2020-12-27, 03:33:07, 9.33e-13, 5.38e-11
2020-12-27, 03:33:11, 9.66e-13, 5.4e-11
2020-12-27, 03:33:16, 8.79e-13, 5.4e-11
2020-12-27, 03:33:20, 9.05e-13, 5.39e-11
2020-12-27, 03:33:24, 9.18e-13, 5.41e-11
2020-12-27, 03:33:28, 9.42e-13, 5.41e-11
2020-12-27, 03:33:35, 9.19e-13, 5.42e-11
2020-12-27, 03:33:39, 9.6e-13, 5.41e-11
2020-12-27, 03:33:43, 9.2e-13, 5.39e-11
2020-12-27, 03:33:47, 8.61e-13, 5.41e-11
2020-12-27, 03:33:52, 1.09e-12, 5.44e-11
2020-12-27, 03:33:56, 1e-12, 5.4e-11
2020-12-27, 03:34:00, 9.47e-13, 5.4e-11
2020-12-27, 03:34:04, 9.6e-13, 5.38e-11
2020-12-27, 03:34:08, 9.49e-13, 5.39e-11
2020-12-27, 03:34:13, 8.82e-13, 5.4e-11
2020-12-27, 03:34:17, 9.39e-13, 5.42e-11
2020-12-27, 03:34:22, 9.15e-13, 5.38e-11
2020-12-27, 03:34:26, 9.59e-13, 5.42e-11
2020-12-27, 03:34:30, 9.69e-13, 5.41e-11
2020-12-27, 03:34:34, 9.72e-13, 5.4e-11
2020-12-27, 03:34:38, 8.38e-13, 5.41e-11
2020-12-27, 03:34:43, 9.7e-13, 5.36e-11
2020-12-27, 03:34:47, 9.37e-13, 5.37e-11
2020-12-27, 03:34:51, 8.84e-13, 5.35e-11
2020-12-27, 03:34:55, 9.35e-13, 5.42e-11
2020-12-27, 03:35:00, 8.76e-13, 5.39e-11
2020-12-27, 03:35:04, 8.97e-13, 5.4e-11
2020-12-27, 03:35:08, 9.55e-13, 5.38e-11
2020-12-27, 03:35:12, 9.65e-13, 5.36e-11
2020-12-27, 03:35:16, 9.33e-13, 5.4e-11
2020-12-27, 03:35:21, 8.91e-13, 5.42e-11
2020-12-27, 03:35:25, 8.55e-13, 5.39e-11
2020-12-27, 03:35:29, 8.38e-13, 5.4e-11
2020-12-27, 03:35:33, 9.56e-13, 5.39e-11
2020-12-27, 03:35:38, 9.64e-13, 5.36e-11
2020-12-27, 03:35:42, 9.16e-13, 5.36e-11
2020-12-27, 03:35:46, 9.92e-13, 5.38e-11
2020-12-27, 03:35:50, 8.99e-13, 5.4e-11
2020-12-27, 03:35:54, 1.01e-12, 5.43e-11
2020-12-27, 03:35:59, 9.33e-13, 5.44e-11
2020-12-27, 03:36:03, 9.55e-13, 5.45e-11
2020-12-27, 03:36:07, 9.02e-13, 5.42e-11
2020-12-27, 03:36:11, 9.04e-13, 5.4e-11
2020-12-27, 03:36:16, 8.89e-13, 5.39e-11
2020-12-27, 03:36:20, 8.31e-13, 5.38e-11
2020-12-27, 03:36:24, 8.94e-13, 5.4e-11
2020-12-27, 03:36:28, 8.58e-13, 5.4e-11
2020-12-27, 03:36:32, 9.11e-13, 5.42e-11
2020-12-27, 03:36:37, 9.75e-13, 5.42e-11
2020-12-27, 03:36:41, 9.37e-13, 5.39e-11
2020-12-27, 03:36:45, 9.11e-13, 5.42e-11
2020-12-27, 03:36:49, 9.1e-13, 5.41e-11
2020-12-27, 03:36:54, 9.89e-13, 5.4e-11
2020-12-27, 03:36:58, 9.27e-13, 5.43e-11
2020-12-27, 03:37:05, 9.9e-13, 5.44e-11
2020-12-27, 03:37:09, 9.69e-13, 5.4e-11
2020-12-27, 03:37:14, 9.66e-13, 5.39e-11
2020-12-27, 03:37:18, 8.83e-13, 5.35e-11
2020-12-27, 03:37:22, 1.01e-12, 5.38e-11
2020-12-27, 03:37:26, 9.33e-13, 5.38e-11
2020-12-27, 03:37:30, 8.82e-13, 5.37e-11
2020-12-27, 03:37:35, 9.41e-13, 5.39e-11
2020-12-27, 03:37:39, 9.24e-13, 5.4e-11
2020-12-27, 03:37:43, 9.86e-13, 5.37e-11
2020-12-27, 03:37:47, 9.38e-13, 5.42e-11
2020-12-27, 03:37:51, 9.04e-13, 5.38e-11
2020-12-27, 03:37:56, 9.83e-13, 5.4e-11
2020-12-27, 03:38:00, 9.31e-13, 5.36e-11
2020-12-27, 03:38:04, 9.24e-13, 5.43e-11
2020-12-27, 03:38:08, 8.75e-13, 5.4e-11
2020-12-27, 03:38:13, 1.01e-12, 5.44e-11
2020-12-27, 03:38:17, 9.23e-13, 5.43e-11
2020-12-27, 03:38:21, 9.31e-13, 5.42e-11
2020-12-27, 03:38:25, 9.32e-13, 5.41e-11
2020-12-27, 03:38:29, 8.73e-13, 5.45e-11
2020-12-27, 03:38:34, 9.9e-13, 5.4e-11
2020-12-27, 03:38:38, 7.37e-13, 5.41e-11
2020-12-27, 03:38:42, 7.93e-13, 5.41e-11
2020-12-27, 03:38:46, 9.22e-13, 5.4e-11
2020-12-27, 03:38:51, 9.01e-13, 5.41e-11
2020-12-27, 03:38:55, 9.64e-13, 5.42e-11
2020-12-27, 03:38:59, 8.99e-13, 5.43e-11
2020-12-27, 03:39:03, 9.54e-13, 5.42e-11
2020-12-27, 03:39:07, 9.65e-13, 5.41e-11
2020-12-27, 03:39:12, 1.01e-12, 5.42e-11
2020-12-27, 03:39:16, 9.25e-13, 5.44e-11
2020-12-27, 03:39:20, 9.03e-13, 5.43e-11
2020-12-27, 03:39:24, 9.56e-13, 5.44e-11
2020-12-27, 03:39:29, 8.89e-13, 5.47e-11
2020-12-27, 03:39:33, 8.87e-13, 5.49e-11
2020-12-27, 03:39:37, 9.64e-13, 5.44e-11
2020-12-27, 03:39:41, 9.41e-13, 5.5e-11
2020-12-27, 03:39:45, 8.89e-13, 5.4e-11
2020-12-27, 03:39:50, 8.87e-13, 5.4e-11
2020-12-27, 03:39:54, 9.01e-13, 5.41e-11
2020-12-27, 03:39:58, 8.26e-13, 5.43e-11
2020-12-27, 03:40:02, 9.49e-13, 5.42e-11
2020-12-27, 03:40:07, 9.33e-13, 5.4e-11
2020-12-27, 03:40:11, 9.07e-13, 5.42e-11
2020-12-27, 03:40:15, 9.57e-13, 5.41e-11
2020-12-27, 03:40:19, 9.28e-13, 5.44e-11
2020-12-27, 03:40:23, 9.27e-13, 5.4e-11
2020-12-27, 03:40:28, 9.7e-13, 5.45e-11
2020-12-27, 03:40:32, 9.77e-13, 5.44e-11
2020-12-27, 03:40:36, 9.33e-13, 5.43e-11
2020-12-27, 03:40:40, 9.44e-13, 5.45e-11
2020-12-27, 03:40:45, 9.43e-13, 5.44e-11
2020-12-27, 03:40:49, 9.26e-13, 5.43e-11
2020-12-27, 03:40:53, 9.07e-13, 5.38e-11
2020-12-27, 03:40:57, 8.59e-13, 5.38e-11
2020-12-27, 03:41:01, 8.98e-13, 5.39e-11
2020-12-27, 03:41:06, 8.84e-13, 5.39e-11
2020-12-27, 03:41:10, 9.6e-13, 5.38e-11
2020-12-27, 03:41:14, 9.11e-13, 5.38e-11
2020-12-27, 03:41:18, 8.95e-13, 5.39e-11
2020-12-27, 03:41:23, 9.54e-13, 5.4e-11
2020-12-27, 03:41:27, 8.82e-13, 5.43e-11
2020-12-27, 03:41:31, 9.01e-13, 5.43e-11
2020-12-27, 03:41:35, 9.28e-13, 5.43e-11
2020-12-27, 03:41:39, 1.03e-12, 5.42e-11
2020-12-27, 03:41:44, 8.93e-13, 5.44e-11
2020-12-27, 03:41:48, 9.18e-13, 5.42e-11
2020-12-27, 03:41:52, 9.26e-13, 5.41e-11
2020-12-27, 03:41:56, 8.76e-13, 5.42e-11
2020-12-27, 03:42:01, 8.82e-13, 5.44e-11
2020-12-27, 03:42:05, 8.69e-13, 5.43e-11
2020-12-27, 03:42:09, 9.45e-13, 5.41e-11
2020-12-27, 03:42:13, 9.11e-13, 5.42e-11
2020-12-27, 03:42:17, 8.98e-13, 5.41e-11
2020-12-27, 03:42:22, 9.11e-13, 5.42e-11
2020-12-27, 03:42:26, 9.82e-13, 5.41e-11
2020-12-27, 03:42:30, 8.77e-13, 5.42e-11
2020-12-27, 03:42:34, 8.71e-13, 5.43e-11
2020-12-27, 03:42:39, 9.33e-13, 5.41e-11
2020-12-27, 03:42:43, 9.34e-13, 5.41e-11
2020-12-27, 03:42:47, 9.32e-13, 5.39e-11
2020-12-27, 03:42:51, 9.72e-13, 5.4e-11
2020-12-27, 03:42:55, 9.69e-13, 5.42e-11
2020-12-27, 03:43:00, 8.67e-13, 5.43e-11
2020-12-27, 03:43:04, 9.03e-13, 5.44e-11
2020-12-27, 03:43:08, 9.24e-13, 5.4e-11
2020-12-27, 03:43:12, 1.02e-12, 5.4e-11
2020-12-27, 03:43:17, 9.67e-13, 5.43e-11
2020-12-27, 03:43:21, 8.03e-13, 5.4e-11
2020-12-27, 03:43:25, 9.32e-13, 5.44e-11
2020-12-27, 03:43:29, 9.29e-13, 5.43e-11
2020-12-27, 03:43:33, 9.06e-13, 5.42e-11
2020-12-27, 03:43:38, 9.76e-13, 5.48e-11
2020-12-27, 03:43:42, 8.88e-13, 5.42e-11
2020-12-27, 03:43:46, 1.06e-12, 5.46e-11
2020-12-27, 03:43:50, 9.54e-13, 5.43e-11
2020-12-27, 03:43:54, 9.25e-13, 5.44e-11
2020-12-27, 03:43:59, 8.78e-13, 5.38e-11
2020-12-27, 03:44:03, 8.92e-13, 5.4e-11
2020-12-27, 03:44:07, 8.57e-13, 5.41e-11
2020-12-27, 03:44:11, 9.16e-13, 5.42e-11
2020-12-27, 03:44:16, 8.43e-13, 5.39e-11
2020-12-27, 03:44:20, 9.21e-13, 5.41e-11
2020-12-27, 03:44:24, 9.28e-13, 5.42e-11
2020-12-27, 03:44:28, 9.59e-13, 5.4e-11
2020-12-27, 03:44:32, 9.7e-13, 5.41e-11
2020-12-27, 03:44:37, 9.63e-13, 5.43e-11
2020-12-27, 03:44:41, 9.76e-13, 5.39e-11
2020-12-27, 03:44:45, 9.37e-13, 5.4e-11
2020-12-27, 03:44:49, 1.03e-12, 5.38e-11
2020-12-27, 03:44:54, 9.54e-13, 5.37e-11
2020-12-27, 03:44:58, 8.95e-13, 5.4e-11
2020-12-27, 03:45:02, 1.05e-12, 5.41e-11
2020-12-27, 03:45:06, 9.29e-13, 5.4e-11
2020-12-27, 03:45:10, 9.12e-13, 5.39e-11
2020-12-27, 03:45:15, 8.5e-13, 5.41e-11
2020-12-27, 03:45:19, 9.27e-13, 5.4e-11
2020-12-27, 03:45:23, 9.26e-13, 5.4e-11
2020-12-27, 03:45:27, 9.09e-13, 5.42e-11
2020-12-27, 03:45:32, 9.04e-13, 5.42e-11
2020-12-27, 03:45:36, 9.24e-13, 5.43e-11
2020-12-27, 03:45:40, 9.4e-13, 5.42e-11
2020-12-27, 03:45:44, 9.87e-13, 5.4e-11
2020-12-27, 03:45:48, 9.52e-13, 5.4e-11
2020-12-27, 03:45:53, 8.9e-13, 5.4e-11
2020-12-27, 03:45:57, 1.01e-12, 5.42e-11
2020-12-27, 03:46:01, 9.47e-13, 5.42e-11
2020-12-27, 03:46:05, 8.65e-13, 5.4e-11
2020-12-27, 03:46:10, 1.08e-12, 5.41e-11
2020-12-27, 03:46:14, 8.98e-13, 5.43e-11
2020-12-27, 03:46:18, 9.54e-13, 5.43e-11
2020-12-27, 03:46:22, 1.02e-12, 5.38e-11
2020-12-27, 03:46:26, 9.45e-13, 5.4e-11
2020-12-27, 03:46:31, 9.31e-13, 5.42e-11
2020-12-27, 03:46:35, 9.25e-13, 5.43e-11
2020-12-27, 03:46:39, 9.36e-13, 5.42e-11
2020-12-27, 03:46:43, 9.24e-13, 5.38e-11
2020-12-27, 03:46:48, 9.7e-13, 5.39e-11
2020-12-27, 03:46:52, 9.38e-13, 5.38e-11
2020-12-27, 03:46:56, 1.05e-12, 5.39e-11
2020-12-27, 03:47:00, 9.22e-13, 5.42e-11
2020-12-27, 03:47:04, 9.21e-13, 5.41e-11
2020-12-27, 03:47:09, 9.22e-13, 5.4e-11
2020-12-27, 03:47:13, 8.99e-13, 5.38e-11
2020-12-27, 03:47:17, 9.09e-13, 5.39e-11
2020-12-27, 03:47:21, 1.05e-12, 5.4e-11
2020-12-27, 03:47:25, 9.55e-13, 5.41e-11
2020-12-27, 03:47:30, 1e-12, 5.4e-11
2020-12-27, 03:47:34, 9.01e-13, 5.41e-11
2020-12-27, 03:47:38, 1.02e-12, 5.42e-11
2020-12-27, 03:47:42, 9.79e-13, 5.39e-11
2020-12-27, 03:47:47, 9.31e-13, 5.39e-11
2020-12-27, 03:47:51, 9.72e-13, 5.42e-11
2020-12-27, 03:47:55, 1.09e-12, 5.4e-11
2020-12-27, 03:47:59, 9.74e-13, 5.42e-11
2020-12-27, 03:48:03, 9.76e-13, 5.42e-11
2020-12-27, 03:48:08, 9.2e-13, 5.43e-11
2020-12-27, 03:48:12, 9.66e-13, 5.44e-11
2020-12-27, 03:48:16, 8.9e-13, 5.39e-11
2020-12-27, 03:48:20, 1.08e-12, 5.38e-11
2020-12-27, 03:48:25, 9.33e-13, 5.39e-11
2020-12-27, 03:48:29, 8.62e-13, 5.39e-11
2020-12-27, 03:48:33, 9.24e-13, 5.4e-11
2020-12-27, 03:48:37, 9.28e-13, 5.42e-11
2020-12-27, 03:48:41, 8.93e-13, 5.4e-11
2020-12-27, 03:48:46, 9.07e-13, 5.42e-11
2020-12-27, 03:48:50, 9.23e-13, 5.42e-11
2020-12-27, 03:48:54, 9.43e-13, 5.42e-11
2020-12-27, 03:48:58, 9.48e-13, 5.42e-11
2020-12-27, 03:49:03, 8.75e-13, 5.43e-11
2020-12-27, 03:49:07, 9.13e-13, 5.39e-11
2020-12-27, 03:49:11, 8.17e-13, 5.41e-11
2020-12-27, 03:49:15, 1.05e-12, 5.41e-11
2020-12-27, 03:49:19, 9.71e-13, 5.4e-11
2020-12-27, 03:49:24, 9.25e-13, 5.39e-11
2020-12-27, 03:49:28, 1.01e-12, 5.4e-11
2020-12-27, 03:49:32, 9.55e-13, 5.4e-11
2020-12-27, 03:49:36, 9.52e-13, 5.39e-11
2020-12-27, 03:49:41, 9.31e-13, 5.37e-11
2020-12-27, 03:49:45, 9.06e-13, 5.4e-11
2020-12-27, 03:49:49, 9.15e-13, 5.38e-11
2020-12-27, 03:49:53, 8.81e-13, 5.37e-11
2020-12-27, 03:49:57, 8.73e-13, 5.42e-11
2020-12-27, 03:50:02, 9.15e-13, 5.4e-11
2020-12-27, 03:50:06, 9.01e-13, 5.42e-11
2020-12-27, 03:50:10, 9.3e-13, 5.43e-11
2020-12-27, 03:50:14, 9.37e-13, 5.42e-11
2020-12-27, 03:50:19, 9.94e-13, 5.41e-11
2020-12-27, 03:50:23, 9.32e-13, 5.42e-11
2020-12-27, 03:50:27, 9.14e-13, 5.38e-11
2020-12-27, 03:50:31, 9.12e-13, 5.39e-11
2020-12-27, 03:50:35, 8.62e-13, 5.39e-11
2020-12-27, 03:50:40, 9.05e-13, 5.38e-11
2020-12-27, 03:50:44, 9.32e-13, 5.38e-11
2020-12-27, 03:50:48, 9.62e-13, 5.43e-11
2020-12-27, 03:50:52, 9.8e-13, 5.38e-11
2020-12-27, 03:50:57, 9.67e-13, 5.4e-11
2020-12-27, 03:51:01, 9.19e-13, 5.38e-11
2020-12-27, 03:51:05, 9.24e-13, 5.39e-11
2020-12-27, 03:51:09, 9.06e-13, 5.42e-11
2020-12-27, 03:51:13, 8.38e-13, 5.39e-11
2020-12-27, 03:51:18, 9.26e-13, 5.37e-11
2020-12-27, 03:51:22, 8.99e-13, 5.39e-11
2020-12-27, 03:51:26, 9.42e-13, 5.4e-11
2020-12-27, 03:51:30, 9.61e-13, 5.41e-11
2020-12-27, 03:51:35, 9.78e-13, 5.37e-11
2020-12-27, 03:51:39, 9.78e-13, 5.41e-11
2020-12-27, 03:51:43, 9.57e-13, 5.39e-11
2020-12-27, 03:51:47, 9.3e-13, 5.41e-11
2020-12-27, 03:51:51, 9.13e-13, 5.37e-11
2020-12-27, 03:51:56, 9.03e-13, 5.4e-11
2020-12-27, 03:52:00, 8.99e-13, 5.42e-11
2020-12-27, 03:52:04, 9.04e-13, 5.38e-11
2020-12-27, 03:52:08, 8.9e-13, 5.39e-11
2020-12-27, 03:52:12, 9.77e-13, 5.41e-11
2020-12-27, 03:52:17, 9.36e-13, 5.37e-11
2020-12-27, 03:52:21, 9.9e-13, 5.38e-11
2020-12-27, 03:52:25, 9.4e-13, 5.38e-11
2020-12-27, 03:52:29, 8.99e-13, 5.38e-11
2020-12-27, 03:52:34, 9.42e-13, 5.4e-11
2020-12-27, 03:52:38, 1e-12, 5.37e-11
2020-12-27, 03:52:42, 9.53e-13, 5.38e-11
2020-12-27, 03:52:46, 9.09e-13, 5.4e-11
2020-12-27, 03:52:50, 9.76e-13, 5.4e-11
2020-12-27, 03:52:55, 1.02e-12, 5.39e-11
2020-12-27, 03:52:59, 9.71e-13, 5.4e-11
2020-12-27, 03:53:03, 9.5e-13, 5.39e-11
2020-12-27, 03:53:07, 8.92e-13, 5.4e-11
2020-12-27, 03:53:12, 9.34e-13, 5.42e-11
2020-12-27, 03:53:16, 9.51e-13, 5.41e-11
2020-12-27, 03:53:20, 9.52e-13, 5.41e-11
2020-12-27, 03:53:24, 9.16e-13, 5.4e-11
2020-12-27, 03:53:28, 9.25e-13, 5.39e-11
2020-12-27, 03:53:33, 1.12e-12, 5.44e-11
2020-12-27, 03:53:37, 9.07e-13, 5.4e-11
2020-12-27, 03:53:41, 1.01e-12, 5.39e-11
2020-12-27, 03:53:45, 9.01e-13, 5.4e-11
2020-12-27, 03:53:50, 9.29e-13, 5.41e-11
2020-12-27, 03:53:54, 9.15e-13, 5.42e-11
2020-12-27, 03:53:58, 9.79e-13, 5.4e-11
2020-12-27, 03:54:02, 9.11e-13, 5.4e-11
2020-12-27, 03:54:06, 9.9e-13, 5.39e-11
2020-12-27, 03:54:11, 1e-12, 5.42e-11
2020-12-27, 03:54:15, 9.11e-13, 5.4e-11
2020-12-27, 03:54:19, 9.32e-13, 5.4e-11
2020-12-27, 03:54:23, 8.74e-13, 5.39e-11
2020-12-27, 03:54:28, 9.33e-13, 5.43e-11
2020-12-27, 03:54:32, 9.24e-13, 5.41e-11
2020-12-27, 03:54:36, 9.48e-13, 5.42e-11
2020-12-27, 03:54:40, 9.19e-13, 5.43e-11
2020-12-27, 03:54:44, 9.21e-13, 5.4e-11
2020-12-27, 03:54:49, 9.85e-13, 5.41e-11
2020-12-27, 03:54:53, 8.16e-13, 5.42e-11
2020-12-27, 03:54:57, 8.74e-13, 5.41e-11
2020-12-27, 03:55:01, 9.45e-13, 5.45e-11
2020-12-27, 03:55:06, 1.07e-12, 5.41e-11
2020-12-27, 03:55:10, 9.49e-13, 5.4e-11
2020-12-27, 03:55:14, 8.42e-13, 5.42e-11
2020-12-27, 03:55:18, 9.34e-13, 5.42e-11
2020-12-27, 03:55:22, 1.07e-12, 5.44e-11
2020-12-27, 03:55:27, 7.82e-13, 5.42e-11
2020-12-27, 03:55:31, 8.81e-13, 5.45e-11
2020-12-27, 03:55:35, 9.4e-13, 5.43e-11
2020-12-27, 03:55:39, 8.99e-13, 5.41e-11
2020-12-27, 03:55:44, 8.81e-13, 5.42e-11
2020-12-27, 03:55:48, 9.48e-13, 5.42e-11
2020-12-27, 03:55:52, 9.32e-13, 5.42e-11
2020-12-27, 03:55:56, 9.33e-13, 5.44e-11
2020-12-27, 03:56:00, 9.45e-13, 5.42e-11
2020-12-27, 03:56:05, 9.15e-13, 5.4e-11
2020-12-27, 03:56:09, 9.08e-13, 5.39e-11
2020-12-27, 03:56:13, 9.02e-13, 5.39e-11
2020-12-27, 03:56:17, 9.45e-13, 5.4e-11
2020-12-27, 03:56:22, 9.94e-13, 5.46e-11
2020-12-27, 03:56:26, 9.19e-13, 5.43e-11
2020-12-27, 03:56:30, 1.07e-12, 5.44e-11
2020-12-27, 03:56:34, 8.92e-13, 5.43e-11
2020-12-27, 03:56:38, 9.19e-13, 5.44e-11
2020-12-27, 03:56:43, 8.89e-13, 5.47e-11
2020-12-27, 03:56:47, 9.08e-13, 5.41e-11
2020-12-27, 03:56:51, 9.75e-13, 5.42e-11
2020-12-27, 03:56:55, 9.66e-13, 5.41e-11
2020-12-27, 03:57:00, 9.6e-13, 5.44e-11
2020-12-27, 03:57:04, 8.98e-13, 5.44e-11
2020-12-27, 03:57:08, 9.29e-13, 5.4e-11
2020-12-27, 03:57:12, 9.25e-13, 5.43e-11
2020-12-27, 03:57:16, 9.28e-13, 5.41e-11
2020-12-27, 03:57:21, 9.12e-13, 5.42e-11
2020-12-27, 03:57:25, 9.8e-13, 5.41e-11
2020-12-27, 03:57:29, 9.77e-13, 5.41e-11
2020-12-27, 03:57:33, 9.7e-13, 5.42e-11
2020-12-27, 03:57:38, 9.2e-13, 5.48e-11
2020-12-27, 03:57:42, 8.89e-13, 5.44e-11
2020-12-27, 03:57:46, 9.82e-13, 5.43e-11
2020-12-27, 03:57:50, 9.47e-13, 5.43e-11
2020-12-27, 03:57:54, 9.56e-13, 5.43e-11
2020-12-27, 03:57:59, 9.39e-13, 5.4e-11
2020-12-27, 03:58:03, 1.01e-12, 5.41e-11
2020-12-27, 03:58:07, 1.01e-12, 5.42e-11
2020-12-27, 03:58:11, 1.01e-12, 5.44e-11
2020-12-27, 03:58:16, 9.14e-13, 5.47e-11
2020-12-27, 03:58:20, 9.62e-13, 5.46e-11
2020-12-27, 03:58:24, 9.21e-13, 5.46e-11
2020-12-27, 03:58:28, 9.56e-13, 5.44e-11
2020-12-27, 03:58:32, 9.36e-13, 5.46e-11
2020-12-27, 03:58:38, 9.43e-13, 5.41e-11
2020-12-27, 03:58:42, 9.16e-13, 5.43e-11
2020-12-27, 03:58:46, 9.41e-13, 5.41e-11
2020-12-27, 03:58:50, 9.51e-13, 5.43e-11
2020-12-27, 03:58:54, 9.13e-13, 5.44e-11
2020-12-27, 03:58:59, 9.37e-13, 5.45e-11
2020-12-27, 03:59:03, 8.88e-13, 5.44e-11
2020-12-27, 03:59:07, 9.37e-13, 5.44e-11
2020-12-27, 03:59:11, 9.63e-13, 5.41e-11
2020-12-27, 03:59:16, 9e-13, 5.45e-11
2020-12-27, 03:59:20, 9.18e-13, 5.46e-11
2020-12-27, 03:59:24, 9.11e-13, 5.47e-11
2020-12-27, 03:59:28, 1.03e-12, 5.45e-11
2020-12-27, 03:59:32, 8.73e-13, 5.46e-11
2020-12-27, 03:59:37, 8.84e-13, 5.46e-11
2020-12-27, 03:59:41, 9.24e-13, 5.42e-11
2020-12-27, 03:59:45, 9.28e-13, 5.41e-11
2020-12-27, 03:59:50, 9.1e-13, 5.43e-11
2020-12-27, 03:59:54, 9.68e-13, 5.46e-11
2020-12-27, 03:59:58, 8.34e-13, 5.45e-11
2020-12-27, 04:00:02, 9.12e-13, 5.47e-11
2020-12-27, 04:00:06, 9.57e-13, 5.42e-11
2020-12-27, 04:00:11, 9.13e-13, 5.44e-11
2020-12-27, 04:00:15, 9.13e-13, 5.43e-11
2020-12-27, 04:00:19, 9.45e-13, 5.44e-11
2020-12-27, 04:00:24, 9.19e-13, 5.43e-11
2020-12-27, 04:00:28, 1e-12, 5.42e-11
2020-12-27, 04:00:32, 9.65e-13, 5.42e-11
2020-12-27, 04:00:36, 9.8e-13, 5.43e-11
2020-12-27, 04:00:40, 9.67e-13, 5.42e-11
2020-12-27, 04:00:54, 8.79e-13, 5.4e-11
2020-12-27, 04:00:58, 8.99e-13, 5.37e-11
2020-12-27, 04:01:02, 9.32e-13, 5.4e-11
2020-12-27, 04:01:07, 9.25e-13, 5.39e-11
2020-12-27, 04:01:11, 9.24e-13, 5.39e-11
2020-12-27, 04:01:15, 8.51e-13, 5.43e-11
2020-12-27, 04:01:19, 9.11e-13, 5.42e-11
2020-12-27, 04:01:23, 9.24e-13, 5.42e-11
2020-12-27, 04:01:28, 8.99e-13, 5.42e-11
2020-12-27, 04:01:32, 9.19e-13, 5.44e-11
2020-12-27, 04:01:36, 8.92e-13, 5.46e-11
2020-12-27, 04:01:40, 9.55e-13, 5.44e-11
2020-12-27, 04:01:45, 9.19e-13, 5.44e-11
2020-12-27, 04:01:49, 9.74e-13, 5.43e-11
2020-12-27, 04:01:53, 9.72e-13, 5.42e-11
2020-12-27, 04:01:57, 7.62e-13, 5.42e-11
2020-12-27, 04:02:01, 9.17e-13, 5.43e-11
2020-12-27, 04:02:06, 8.62e-13, 5.4e-11
2020-12-27, 04:02:10, 8.98e-13, 5.42e-11
2020-12-27, 04:02:14, 9.43e-13, 5.43e-11
2020-12-27, 04:02:18, 9.24e-13, 5.45e-11
2020-12-27, 04:02:23, 8.98e-13, 5.42e-11
2020-12-27, 04:02:27, 9.12e-13, 5.44e-11
2020-12-27, 04:02:31, 1.03e-12, 5.45e-11
2020-12-27, 04:02:35, 9.92e-13, 5.44e-11
2020-12-27, 04:02:39, 8.49e-13, 5.44e-11
2020-12-27, 04:02:44, 9.1e-13, 5.42e-11
2020-12-27, 04:02:48, 9.1e-13, 5.47e-11
2020-12-27, 04:02:52, 9.57e-13, 5.46e-11
2020-12-27, 04:02:56, 9.58e-13, 5.46e-11
2020-12-27, 04:03:01, 9.13e-13, 5.42e-11
2020-12-27, 04:03:05, 9.76e-13, 5.4e-11
2020-12-27, 04:03:09, 9.81e-13, 5.39e-11
2020-12-27, 04:03:13, 8.98e-13, 5.39e-11
2020-12-27, 04:03:17, 9.42e-13, 5.39e-11
2020-12-27, 04:03:22, 9.51e-13, 5.41e-11
2020-12-27, 04:03:26, 9.43e-13, 5.45e-11
2020-12-27, 04:03:30, 9.81e-13, 5.46e-11
2020-12-27, 04:03:34, 9.46e-13, 5.42e-11
2020-12-27, 04:03:38, 9.86e-13, 5.42e-11
2020-12-27, 04:03:43, 1.03e-12, 5.44e-11
2020-12-27, 04:03:47, 9.9e-13, 5.46e-11
2020-12-27, 04:03:51, 8.62e-13, 5.41e-11
2020-12-27, 04:03:55, 9.36e-13, 5.42e-11
2020-12-27, 04:04:00, 9.62e-13, 5.43e-11
2020-12-27, 04:04:04, 9.34e-13, 5.4e-11
2020-12-27, 04:04:08, 8.83e-13, 5.42e-11
2020-12-27, 04:04:12, 9.27e-13, 5.41e-11
2020-12-27, 04:04:16, 9.41e-13, 5.41e-11
2020-12-27, 04:04:21, 9e-13, 5.42e-11
2020-12-27, 04:04:25, 8.04e-13, 5.43e-11
2020-12-27, 04:04:29, 9.24e-13, 5.4e-11
2020-12-27, 04:04:33, 8.59e-13, 5.41e-11
2020-12-27, 04:04:38, 9.18e-13, 5.44e-11
2020-12-27, 04:04:42, 9.11e-13, 5.41e-11
2020-12-27, 04:04:46, 9.09e-13, 5.41e-11
2020-12-27, 04:04:50, 9.45e-13, 5.42e-11
2020-12-27, 04:04:54, 9.48e-13, 5.42e-11
2020-12-27, 04:04:59, 9.48e-13, 5.4e-11
2020-12-27, 04:05:03, 1.01e-12, 5.42e-11
2020-12-27, 04:05:07, 8.98e-13, 5.44e-11
2020-12-27, 04:05:11, 9.29e-13, 5.43e-11
2020-12-27, 04:05:16, 8.74e-13, 5.43e-11
2020-12-27, 04:05:20, 1.07e-12, 5.46e-11
2020-12-27, 04:05:24, 9.13e-13, 5.45e-11
2020-12-27, 04:05:28, 9.11e-13, 5.46e-11
2020-12-27, 04:05:32, 9.37e-13, 5.49e-11
2020-12-27, 04:05:37, 8.96e-13, 5.47e-11
2020-12-27, 04:05:41, 8.94e-13, 5.44e-11
2020-12-27, 04:05:45, 9.22e-13, 5.44e-11
2020-12-27, 04:05:49, 8.66e-13, 5.45e-11
2020-12-27, 04:05:54, 9.36e-13, 5.41e-11
2020-12-27, 04:05:58, 9.23e-13, 5.43e-11
2020-12-27, 04:06:02, 8.74e-13, 5.41e-11
2020-12-27, 04:06:06, 8.96e-13, 5.41e-11
2020-12-27, 04:06:10, 9.12e-13, 5.42e-11
2020-12-27, 04:06:15, 9.11e-13, 5.41e-11
2020-12-27, 04:06:19, 9.81e-13, 5.4e-11
2020-12-27, 04:06:23, 8.47e-13, 5.42e-11
2020-12-27, 04:06:27, 9.62e-13, 5.44e-11
2020-12-27, 04:06:32, 9.67e-13, 5.43e-11
2020-12-27, 04:06:36, 9.91e-13, 5.43e-11
2020-12-27, 04:06:40, 9.27e-13, 5.44e-11
2020-12-27, 04:06:44, 9.09e-13, 5.46e-11
2020-12-27, 04:06:48, 8.97e-13, 5.46e-11
2020-12-27, 04:06:53, 9.41e-13, 5.43e-11
2020-12-27, 04:06:57, 9.07e-13, 5.47e-11
2020-12-27, 04:07:01, 9.23e-13, 5.44e-11
2020-12-27, 04:07:05, 8.98e-13, 5.47e-11
2020-12-27, 04:07:10, 9.36e-13, 5.46e-11
2020-12-27, 04:07:14, 9.37e-13, 5.46e-11
2020-12-27, 04:07:18, 9.06e-13, 5.46e-11
2020-12-27, 04:07:22, 9.24e-13, 5.42e-11
2020-12-27, 04:07:26, 9.45e-13, 5.42e-11
2020-12-27, 04:07:31, 9.45e-13, 5.45e-11
2020-12-27, 04:07:35, 1.06e-12, 5.43e-11
2020-12-27, 04:07:39, 9.11e-13, 5.43e-11
2020-12-27, 04:07:43, 9.82e-13, 5.4e-11
2020-12-27, 04:07:47, 9.45e-13, 5.43e-11
2020-12-27, 04:07:52, 8.97e-13, 5.42e-11
2020-12-27, 04:07:56, 8.81e-13, 5.46e-11
2020-12-27, 04:08:00, 9.53e-13, 5.42e-11
2020-12-27, 04:08:04, 9.64e-13, 5.4e-11
2020-12-27, 04:08:09, 9.46e-13, 5.4e-11
2020-12-27, 04:08:13, 8.75e-13, 5.4e-11
2020-12-27, 04:08:17, 1.01e-12, 5.41e-11
2020-12-27, 04:08:21, 9.01e-13, 5.41e-11
2020-12-27, 04:08:25, 9.14e-13, 5.44e-11
2020-12-27, 04:08:30, 9.21e-13, 5.43e-11
2020-12-27, 04:08:34, 9.57e-13, 5.42e-11
2020-12-27, 04:08:38, 8.8e-13, 5.4e-11
2020-12-27, 04:08:42, 9.07e-13, 5.44e-11
2020-12-27, 04:08:47, 9.57e-13, 5.43e-11
2020-12-27, 04:08:51, 9.79e-13, 5.43e-11
2020-12-27, 04:08:55, 8.97e-13, 5.4e-11
2020-12-27, 04:08:59, 9.16e-13, 5.42e-11
2020-12-27, 04:09:03, 1.04e-12, 5.42e-11
2020-12-27, 04:09:08, 8.85e-13, 5.42e-11
2020-12-27, 04:09:12, 9.41e-13, 5.43e-11
2020-12-27, 04:09:16, 9.14e-13, 5.42e-11
2020-12-27, 04:09:20, 9.37e-13, 5.42e-11
2020-12-27, 04:09:25, 1.01e-12, 5.42e-11
2020-12-27, 04:09:29, 1.05e-12, 5.38e-11
2020-12-27, 04:09:33, 9.04e-13, 5.39e-11
2020-12-27, 04:09:37, 9.19e-13, 5.38e-11
2020-12-27, 04:09:41, 9.83e-13, 5.41e-11
2020-12-27, 04:09:46, 9.81e-13, 5.42e-11
2020-12-27, 04:09:50, 8.78e-13, 5.43e-11
2020-12-27, 04:09:54, 9.23e-13, 5.44e-11
2020-12-27, 04:09:58, 9.38e-13, 5.41e-11
2020-12-27, 04:10:03, 9.24e-13, 5.42e-11
2020-12-27, 04:10:07, 8.87e-13, 5.4e-11
2020-12-27, 04:10:11, 7.79e-13, 5.44e-11
2020-12-27, 04:10:15, 9.1e-13, 5.4e-11
2020-12-27, 04:10:19, 9.06e-13, 5.39e-11
2020-12-27, 04:10:24, 9.3e-13, 5.42e-11
2020-12-27, 04:10:28, 9.65e-13, 5.41e-11
2020-12-27, 04:10:32, 9.45e-13, 5.42e-11
2020-12-27, 04:10:36, 9.35e-13, 5.41e-11
2020-12-27, 04:10:41, 9.55e-13, 5.44e-11
2020-12-27, 04:10:45, 9.13e-13, 5.47e-11
2020-12-27, 04:10:49, 1.11e-12, 5.43e-11
2020-12-27, 04:10:53, 8.87e-13, 5.41e-11
2020-12-27, 04:10:57, 9.35e-13, 5.44e-11
2020-12-27, 04:11:02, 9.25e-13, 5.43e-11
2020-12-27, 04:11:06, 9.34e-13, 5.44e-11
2020-12-27, 04:11:10, 9.16e-13, 5.45e-11
2020-12-27, 04:11:14, 9.37e-13, 5.4e-11
2020-12-27, 04:11:19, 9.36e-13, 5.42e-11
2020-12-27, 04:11:23, 9.24e-13, 5.44e-11
2020-12-27, 04:11:27, 9.12e-13, 5.45e-11
2020-12-27, 04:11:31, 9.9e-13, 5.44e-11
2020-12-27, 04:11:35, 9.33e-13, 5.39e-11
2020-12-27, 04:11:40, 8.43e-13, 5.41e-11
2020-12-27, 04:11:44, 9.17e-13, 5.4e-11
2020-12-27, 04:11:48, 9.39e-13, 5.41e-11
2020-12-27, 04:11:52, 9.22e-13, 5.42e-11
2020-12-27, 04:11:57, 9.29e-13, 5.42e-11
2020-12-27, 04:12:01, 9.48e-13, 5.43e-11
2020-12-27, 04:12:05, 8.79e-13, 5.45e-11
2020-12-27, 04:12:09, 9.1e-13, 5.43e-11
2020-12-27, 04:12:13, 9.65e-13, 5.43e-11
2020-12-27, 04:12:18, 8.83e-13, 5.39e-11
2020-12-27, 04:12:22, 9.25e-13, 5.43e-11
2020-12-27, 04:12:26, 9.56e-13, 5.42e-11
2020-12-27, 04:12:30, 9.05e-13, 5.44e-11
2020-12-27, 04:12:34, 9.53e-13, 5.43e-11
2020-12-27, 04:12:39, 9.15e-13, 5.43e-11
2020-12-27, 04:12:43, 9.39e-13, 5.39e-11
2020-12-27, 04:12:47, 9.27e-13, 5.42e-11
2020-12-27, 04:12:51, 8.51e-13, 5.42e-11
2020-12-27, 04:12:56, 9.08e-13, 5.45e-11
2020-12-27, 04:13:00, 9.51e-13, 5.47e-11
2020-12-27, 04:13:04, 9.18e-13, 5.48e-11
2020-12-27, 04:13:08, 9.93e-13, 5.47e-11
2020-12-27, 04:13:12, 9.5e-13, 5.46e-11
2020-12-27, 04:13:17, 8.91e-13, 5.4e-11
2020-12-27, 04:13:21, 9.3e-13, 5.43e-11
2020-12-27, 04:13:25, 9.53e-13, 5.39e-11
2020-12-27, 04:13:29, 9.76e-13, 5.4e-11
2020-12-27, 04:13:34, 8.64e-13, 5.42e-11
2020-12-27, 04:13:38, 8.7e-13, 5.4e-11
2020-12-27, 04:13:42, 9.47e-13, 5.41e-11
2020-12-27, 04:13:46, 9.56e-13, 5.42e-11
2020-12-27, 04:13:50, 9.68e-13, 5.4e-11
2020-12-27, 04:13:55, 9.04e-13, 5.42e-11
2020-12-27, 04:13:59, 9.98e-13, 5.42e-11
2020-12-27, 04:14:03, 8.7e-13, 5.41e-11
2020-12-27, 04:14:07, 9.16e-13, 5.4e-11
2020-12-27, 04:14:12, 1.04e-12, 5.37e-11
2020-12-27, 04:14:16, 8.5e-13, 5.35e-11
2020-12-27, 04:14:20, 9.42e-13, 5.38e-11
2020-12-27, 04:14:24, 9.45e-13, 5.4e-11
2020-12-27, 04:14:28, 9.26e-13, 5.4e-11
2020-12-27, 04:14:33, 1e-12, 5.42e-11
2020-12-27, 04:14:37, 8.97e-13, 5.39e-11
2020-12-27, 04:14:41, 9.38e-13, 5.4e-11
2020-12-27, 04:14:45, 8.4e-13, 5.38e-11
2020-12-27, 04:14:50, 9.47e-13, 5.4e-11
2020-12-27, 04:14:54, 8.83e-13, 5.45e-11
2020-12-27, 04:14:58, 9.23e-13, 5.43e-11
2020-12-27, 04:15:02, 1.06e-12, 5.42e-11
2020-12-27, 04:15:06, 9.16e-13, 5.41e-11
2020-12-27, 04:15:11, 9.03e-13, 5.43e-11
2020-12-27, 04:15:15, 9.43e-13, 5.43e-11
2020-12-27, 04:15:19, 9.5e-13, 5.43e-11
2020-12-27, 04:15:23, 8.94e-13, 5.43e-11
2020-12-27, 04:15:28, 9.51e-13, 5.46e-11
2020-12-27, 04:15:32, 9.26e-13, 5.44e-11
2020-12-27, 04:15:36, 9e-13, 5.46e-11
2020-12-27, 04:15:40, 9.02e-13, 5.45e-11
2020-12-27, 04:15:44, 9.8e-13, 5.44e-11
2020-12-27, 04:15:49, 9.39e-13, 5.43e-11
2020-12-27, 04:15:53, 9.46e-13, 5.44e-11
2020-12-27, 04:15:57, 9.08e-13, 5.44e-11
2020-12-27, 04:16:01, 9.37e-13, 5.42e-11
2020-12-27, 04:16:05, 9.71e-13, 5.42e-11
2020-12-27, 04:16:10, 9.44e-13, 5.4e-11
2020-12-27, 04:16:14, 8.72e-13, 5.43e-11
2020-12-27, 04:16:18, 9.7e-13, 5.45e-11
2020-12-27, 04:16:22, 9.23e-13, 5.41e-11
2020-12-27, 04:16:27, 8.09e-13, 5.41e-11
2020-12-27, 04:16:31, 9.07e-13, 5.42e-11
2020-12-27, 04:16:35, 1.01e-12, 5.42e-11
2020-12-27, 04:16:39, 8.95e-13, 5.42e-11
2020-12-27, 04:16:43, 9.07e-13, 5.46e-11
2020-12-27, 04:16:48, 9.69e-13, 5.42e-11
2020-12-27, 04:16:52, 8.95e-13, 5.44e-11
2020-12-27, 04:16:56, 9.34e-13, 5.44e-11
2020-12-27, 04:17:00, 9.71e-13, 5.43e-11
2020-12-27, 04:17:05, 8.83e-13, 5.43e-11
2020-12-27, 04:17:09, 9.01e-13, 5.43e-11
2020-12-27, 04:17:13, 9.25e-13, 5.43e-11
2020-12-27, 04:17:17, 9.35e-13, 5.4e-11
2020-12-27, 04:17:21, 8.83e-13, 5.39e-11
2020-12-27, 04:17:26, 9.44e-13, 5.4e-11
2020-12-27, 04:17:30, 9.63e-13, 5.4e-11
2020-12-27, 04:17:34, 8.91e-13, 5.4e-11
2020-12-27, 04:17:38, 9.17e-13, 5.4e-11
2020-12-27, 04:17:43, 9.58e-13, 5.42e-11
2020-12-27, 04:17:47, 9.78e-13, 5.38e-11
2020-12-27, 04:17:51, 8.77e-13, 5.39e-11
2020-12-27, 04:17:55, 9.49e-13, 5.41e-11
2020-12-27, 04:17:59, 8e-13, 5.41e-11
2020-12-27, 04:18:04, 9.34e-13, 5.4e-11
2020-12-27, 04:18:08, 8.51e-13, 5.39e-11
2020-12-27, 04:18:12, 8.39e-13, 5.4e-11
2020-12-27, 04:18:16, 9.47e-13, 5.4e-11
2020-12-27, 04:18:21, 9.02e-13, 5.4e-11
2020-12-27, 04:18:25, 9.38e-13, 5.41e-11
2020-12-27, 04:18:29, 9.06e-13, 5.42e-11
2020-12-27, 04:18:33, 9.09e-13, 5.4e-11
2020-12-27, 04:18:37, 8.56e-13, 5.43e-11
2020-12-27, 04:18:42, 1.04e-12, 5.37e-11
2020-12-27, 04:18:46, 8.74e-13, 5.39e-11
2020-12-27, 04:18:50, 8.61e-13, 5.42e-11
2020-12-27, 04:18:54, 9.74e-13, 5.39e-11
2020-12-27, 04:18:59, 9.5e-13, 5.39e-11
2020-12-27, 04:19:03, 1.08e-12, 5.4e-11
2020-12-27, 04:19:07, 9.19e-13, 5.4e-11
2020-12-27, 04:19:11, 9.68e-13, 5.41e-11
2020-12-27, 04:19:15, 8.96e-13, 5.41e-11
2020-12-27, 04:19:20, 9.53e-13, 5.39e-11
2020-12-27, 04:19:24, 9.6e-13, 5.42e-11
2020-12-27, 04:19:28, 9.69e-13, 5.41e-11
2020-12-27, 04:19:32, 9.29e-13, 5.39e-11
2020-12-27, 04:19:37, 9.45e-13, 5.42e-11
2020-12-27, 04:19:41, 8.81e-13, 5.42e-11
2020-12-27, 04:19:45, 9.77e-13, 5.43e-11
2020-12-27, 04:19:49, 9.77e-13, 5.42e-11
2020-12-27, 04:19:53, 9.73e-13, 5.43e-11
2020-12-27, 04:19:58, 9.57e-13, 5.4e-11
2020-12-27, 04:20:02, 9.19e-13, 5.4e-11
2020-12-27, 04:20:06, 9.98e-13, 5.44e-11
2020-12-27, 04:20:10, 8.47e-13, 5.45e-11
2020-12-27, 04:20:15, 9.09e-13, 5.42e-11
2020-12-27, 04:20:19, 8.16e-13, 5.44e-11
2020-12-27, 04:20:23, 9.84e-13, 5.44e-11
2020-12-27, 04:20:27, 9.12e-13, 5.42e-11
2020-12-27, 04:20:31, 8.79e-13, 5.4e-11
2020-12-27, 04:20:36, 9.45e-13, 5.41e-11
2020-12-27, 04:20:40, 9.39e-13, 5.43e-11
2020-12-27, 04:20:44, 9.56e-13, 5.42e-11
2020-12-27, 04:20:48, 8.72e-13, 5.4e-11
2020-12-27, 04:20:53, 9.85e-13, 5.44e-11
2020-12-27, 04:20:57, 9.22e-13, 5.42e-11
2020-12-27, 04:21:01, 9.19e-13, 5.44e-11
2020-12-27, 04:21:05, 9.24e-13, 5.45e-11
2020-12-27, 04:21:09, 8.85e-13, 5.42e-11
2020-12-27, 04:21:14, 9.32e-13, 5.4e-11
2020-12-27, 04:21:18, 8.99e-13, 5.4e-11
2020-12-27, 04:21:22, 9.86e-13, 5.41e-11
2020-12-27, 04:21:26, 9.82e-13, 5.4e-11
2020-12-27, 04:21:31, 9.48e-13, 5.39e-11
2020-12-27, 04:21:35, 9.48e-13, 5.41e-11
2020-12-27, 04:21:39, 9.22e-13, 5.41e-11
2020-12-27, 04:21:43, 9.68e-13, 5.4e-11
2020-12-27, 04:21:47, 8.99e-13, 5.41e-11
2020-12-27, 04:21:52, 9.47e-13, 5.36e-11
2020-12-27, 04:21:56, 9.37e-13, 5.38e-11
2020-12-27, 04:22:00, 1.01e-12, 5.37e-11
2020-12-27, 04:22:04, 9.78e-13, 5.36e-11
2020-12-27, 04:22:09, 1.05e-12, 5.39e-11
2020-12-27, 04:22:13, 9.24e-13, 5.41e-11
2020-12-27, 04:22:17, 9.34e-13, 5.41e-11
2020-12-27, 04:22:21, 9.29e-13, 5.42e-11
2020-12-27, 04:22:25, 9.08e-13, 5.4e-11
2020-12-27, 04:22:30, 8.93e-13, 5.44e-11
2020-12-27, 04:22:34, 9.49e-13, 5.4e-11
2020-12-27, 04:22:38, 9.46e-13, 5.4e-11
2020-12-27, 04:22:42, 9.12e-13, 5.42e-11
2020-12-27, 04:22:46, 8.89e-13, 5.41e-11
2020-12-27, 04:22:51, 8.98e-13, 5.43e-11
2020-12-27, 04:22:55, 9.06e-13, 5.43e-11
2020-12-27, 04:22:59, 9.31e-13, 5.41e-11
2020-12-27, 04:23:03, 9.64e-13, 5.41e-11
2020-12-27, 04:23:08, 9e-13, 5.4e-11
2020-12-27, 04:23:12, 9.5e-13, 5.44e-11
2020-12-27, 04:23:16, 9.64e-13, 5.42e-11
2020-12-27, 04:23:20, 9.22e-13, 5.42e-11
2020-12-27, 04:23:24, 8.94e-13, 5.42e-11
2020-12-27, 04:23:29, 9.24e-13, 5.43e-11
2020-12-27, 04:23:33, 8.76e-13, 5.42e-11
2020-12-27, 04:23:37, 8.57e-13, 5.45e-11
2020-12-27, 04:23:41, 9.86e-13, 5.43e-11
2020-12-27, 04:23:46, 9.86e-13, 5.4e-11
2020-12-27, 04:23:50, 1.01e-12, 5.38e-11
2020-12-27, 04:23:54, 9.34e-13, 5.4e-11
2020-12-27, 04:23:58, 9.59e-13, 5.41e-11
2020-12-27, 04:24:02, 1.01e-12, 5.39e-11
2020-12-27, 04:24:07, 9.55e-13, 5.38e-11
2020-12-27, 04:24:11, 9.42e-13, 5.42e-11
2020-12-27, 04:24:15, 9.39e-13, 5.41e-11
2020-12-27, 04:24:19, 9.52e-13, 5.41e-11
2020-12-27, 04:24:24, 9.01e-13, 5.4e-11
2020-12-27, 04:24:28, 9.58e-13, 5.41e-11
2020-12-27, 04:24:32, 9.44e-13, 5.41e-11
2020-12-27, 04:24:36, 9.42e-13, 5.38e-11
2020-12-27, 04:24:40, 7.95e-13, 5.39e-11
2020-12-27, 04:24:45, 8.94e-13, 5.41e-11
2020-12-27, 04:24:49, 1.05e-12, 5.44e-11
2020-12-27, 04:24:53, 9.23e-13, 5.45e-11
2020-12-27, 04:24:57, 9.32e-13, 5.44e-11
2020-12-27, 04:25:02, 9.23e-13, 5.44e-11
2020-12-27, 04:25:06, 9.53e-13, 5.44e-11
2020-12-27, 04:25:10, 1.08e-12, 5.47e-11
2020-12-27, 04:25:14, 8.89e-13, 5.44e-11
2020-12-27, 04:25:18, 9.23e-13, 5.4e-11
2020-12-27, 04:25:23, 8.62e-13, 5.42e-11
2020-12-27, 04:25:27, 1.07e-12, 5.43e-11
2020-12-27, 04:25:31, 8.69e-13, 5.42e-11
2020-12-27, 04:25:35, 9.41e-13, 5.41e-11
2020-12-27, 04:25:40, 9.04e-13, 5.42e-11
2020-12-27, 04:25:44, 9.02e-13, 5.39e-11
2020-12-27, 04:25:48, 9.7e-13, 5.37e-11
2020-12-27, 04:25:52, 9.82e-13, 5.42e-11
2020-12-27, 04:25:56, 8.7e-13, 5.4e-11
2020-12-27, 04:26:01, 9.49e-13, 5.37e-11
2020-12-27, 04:26:05, 9.3e-13, 5.42e-11
2020-12-27, 04:26:09, 9.11e-13, 5.42e-11
2020-12-27, 04:26:13, 1.05e-12, 5.42e-11
2020-12-27, 04:26:18, 7.61e-13, 5.41e-11
2020-12-27, 04:26:22, 9.53e-13, 5.44e-11
2020-12-27, 04:26:26, 8.51e-13, 5.41e-11
2020-12-27, 04:26:30, 9.3e-13, 5.39e-11
2020-12-27, 04:26:34, 9.63e-13, 5.43e-11
2020-12-27, 04:26:39, 9.23e-13, 5.43e-11
2020-12-27, 04:26:43, 9.29e-13, 5.44e-11
2020-12-27, 04:26:47, 9.34e-13, 5.42e-11
2020-12-27, 04:26:51, 8.84e-13, 5.42e-11
2020-12-27, 04:26:56, 8.93e-13, 5.41e-11
2020-12-27, 04:27:00, 9.2e-13, 5.4e-11
2020-12-27, 04:27:04, 8.96e-13, 5.42e-11
2020-12-27, 04:27:08, 9.06e-13, 5.43e-11
2020-12-27, 04:27:12, 1.02e-12, 5.45e-11
2020-12-27, 04:27:17, 8.76e-13, 5.42e-11
2020-12-27, 04:27:21, 9.46e-13, 5.41e-11
2020-12-27, 04:27:25, 9.11e-13, 5.45e-11
2020-12-27, 04:27:29, 8.88e-13, 5.43e-11
2020-12-27, 04:27:34, 1.04e-12, 5.43e-11
2020-12-27, 04:27:38, 9.91e-13, 5.41e-11
2020-12-27, 04:27:42, 9.21e-13, 5.41e-11
2020-12-27, 04:27:46, 9.62e-13, 5.45e-11
2020-12-27, 04:27:50, 9.16e-13, 5.43e-11
2020-12-27, 04:27:55, 8.91e-13, 5.43e-11
2020-12-27, 04:27:59, 8.94e-13, 5.44e-11
2020-12-27, 04:28:03, 9.59e-13, 5.44e-11
2020-12-27, 04:28:07, 9.44e-13, 5.41e-11
2020-12-27, 04:28:12, 9.69e-13, 5.4e-11
2020-12-27, 04:28:16, 9.12e-13, 5.39e-11
2020-12-27, 04:28:20, 8.89e-13, 5.41e-11
2020-12-27, 04:28:24, 9.09e-13, 5.42e-11
2020-12-27, 04:28:28, 1.03e-12, 5.41e-11
2020-12-27, 04:28:33, 9.83e-13, 5.45e-11
2020-12-27, 04:28:37, 9.23e-13, 5.42e-11
2020-12-27, 04:28:41, 8.96e-13, 5.42e-11
2020-12-27, 04:28:45, 9.15e-13, 5.41e-11
2020-12-27, 04:28:50, 9.89e-13, 5.41e-11
2020-12-27, 04:28:54, 9.2e-13, 5.42e-11
2020-12-27, 04:28:58, 9.97e-13, 5.4e-11
2020-12-27, 04:29:02, 9.88e-13, 5.42e-11
2020-12-27, 04:29:06, 9.53e-13, 5.41e-11
2020-12-27, 04:29:11, 8.58e-13, 5.43e-11
2020-12-27, 04:29:15, 9.34e-13, 5.43e-11
2020-12-27, 04:29:19, 9.41e-13, 5.43e-11
2020-12-27, 04:29:23, 9.5e-13, 5.42e-11
2020-12-27, 04:29:27, 9.54e-13, 5.42e-11
2020-12-27, 04:29:32, 9.33e-13, 5.41e-11
2020-12-27, 04:29:45, 9.53e-13, 5.41e-11
2020-12-27, 04:29:49, 9.41e-13, 5.44e-11
2020-12-27, 04:29:53, 9.74e-13, 5.43e-11
2020-12-27, 04:29:57, 9.73e-13, 5.42e-11
2020-12-27, 04:30:01, 9.45e-13, 5.39e-11
2020-12-27, 04:30:06, 9.94e-13, 5.37e-11
2020-12-27, 04:30:10, 8.97e-13, 5.41e-11
2020-12-27, 04:30:14, 9.49e-13, 5.41e-11
2020-12-27, 04:30:18, 9.43e-13, 5.42e-11
2020-12-27, 04:30:23, 9.33e-13, 5.44e-11
2020-12-27, 04:30:27, 9.01e-13, 5.43e-11
2020-12-27, 04:30:31, 9.35e-13, 5.45e-11
2020-12-27, 04:30:35, 1.04e-12, 5.44e-11
2020-12-27, 04:30:39, 9.03e-13, 5.45e-11
2020-12-27, 04:30:44, 8.14e-13, 5.47e-11
2020-12-27, 04:30:49, 9.48e-13, 5.44e-11
2020-12-27, 04:30:53, 8.93e-13, 5.45e-11
2020-12-27, 04:30:57, 8.3e-13, 5.45e-11
2020-12-27, 04:31:01, 9.68e-13, 5.45e-11
2020-12-27, 04:31:06, 9.78e-13, 5.42e-11
2020-12-27, 04:31:10, 8.98e-13, 5.4e-11
2020-12-27, 04:31:14, 9.4e-13, 5.39e-11
2020-12-27, 04:31:18, 8.89e-13, 5.42e-11
2020-12-27, 04:31:23, 9e-13, 5.44e-11
2020-12-27, 04:31:27, 9.56e-13, 5.44e-11
2020-12-27, 04:31:31, 9.45e-13, 5.39e-11
2020-12-27, 04:31:35, 9.23e-13, 5.42e-11
2020-12-27, 04:31:39, 9.15e-13, 5.41e-11
2020-12-27, 04:31:44, 9.69e-13, 5.44e-11
2020-12-27, 04:31:48, 9.62e-13, 5.37e-11
2020-12-27, 04:31:52, 9.12e-13, 5.39e-11
2020-12-27, 04:31:56, 9.59e-13, 5.39e-11
2020-12-27, 04:32:00, 9.3e-13, 5.41e-11
2020-12-27, 04:32:05, 9.75e-13, 5.41e-11
2020-12-27, 04:32:09, 9.31e-13, 5.41e-11
2020-12-27, 04:32:13, 9.18e-13, 5.43e-11
2020-12-27, 04:32:17, 9.8e-13, 5.39e-11
2020-12-27, 04:32:22, 9.51e-13, 5.41e-11
2020-12-27, 04:32:26, 9.64e-13, 5.43e-11
2020-12-27, 04:32:30, 1.02e-12, 5.41e-11
2020-12-27, 04:32:34, 9.5e-13, 5.4e-11
2020-12-27, 04:32:38, 9.02e-13, 5.42e-11
2020-12-27, 04:32:43, 9.41e-13, 5.42e-11
2020-12-27, 04:32:47, 9.2e-13, 5.41e-11
2020-12-27, 04:32:51, 9.05e-13, 5.4e-11
2020-12-27, 04:32:55, 9.68e-13, 5.41e-11
2020-12-27, 04:33:00, 9.51e-13, 5.42e-11
2020-12-27, 04:33:04, 9.69e-13, 5.44e-11
2020-12-27, 04:33:08, 8.81e-13, 5.39e-11
2020-12-27, 04:33:12, 9.48e-13, 5.4e-11
2020-12-27, 04:33:16, 8.78e-13, 5.39e-11
2020-12-27, 04:33:21, 9.66e-13, 5.42e-11
2020-12-27, 04:33:25, 9.61e-13, 5.41e-11
2020-12-27, 04:33:29, 9.28e-13, 5.43e-11
2020-12-27, 04:33:33, 1.05e-12, 5.42e-11
2020-12-27, 04:33:38, 9.41e-13, 5.41e-11
2020-12-27, 04:33:42, 8.77e-13, 5.42e-11
2020-12-27, 04:33:46, 8.94e-13, 5.39e-11
2020-12-27, 04:33:50, 8.67e-13, 5.39e-11
2020-12-27, 04:33:54, 9.14e-13, 5.37e-11
2020-12-27, 04:33:59, 9.48e-13, 5.37e-11
2020-12-27, 04:34:03, 8.72e-13, 5.39e-11
2020-12-27, 04:34:07, 8.66e-13, 5.4e-11
2020-12-27, 04:34:11, 1.03e-12, 5.41e-11
2020-12-27, 04:34:16, 1.08e-12, 5.4e-11
2020-12-27, 04:34:20, 9.06e-13, 5.43e-11
2020-12-27, 04:34:24, 9.09e-13, 5.39e-11
2020-12-27, 04:34:28, 9.56e-13, 5.42e-11
2020-12-27, 04:34:32, 9.54e-13, 5.42e-11
2020-12-27, 04:34:37, 9.18e-13, 5.39e-11
2020-12-27, 04:34:41, 9.19e-13, 5.39e-11
2020-12-27, 04:34:45, 8.61e-13, 5.41e-11
2020-12-27, 04:34:49, 9.17e-13, 5.4e-11
2020-12-27, 04:34:54, 9.88e-13, 5.41e-11
2020-12-27, 04:34:58, 9.35e-13, 5.42e-11
2020-12-27, 04:35:02, 9.24e-13, 5.42e-11
2020-12-27, 04:35:06, 8.49e-13, 5.4e-11
2020-12-27, 04:35:10, 9.24e-13, 5.38e-11
2020-12-27, 04:35:15, 9.23e-13, 5.37e-11
2020-12-27, 04:35:19, 9.31e-13, 5.38e-11
2020-12-27, 04:35:23, 8.8e-13, 5.39e-11
2020-12-27, 04:35:27, 8.86e-13, 5.42e-11
2020-12-27, 04:35:32, 9.24e-13, 5.43e-11
2020-12-27, 04:35:36, 8.81e-13, 5.41e-11
2020-12-27, 04:35:40, 8.46e-13, 5.42e-11
2020-12-27, 04:35:44, 1.04e-12, 5.39e-11
2020-12-27, 04:35:48, 9.56e-13, 5.39e-11
2020-12-27, 04:35:53, 9.21e-13, 5.39e-11
2020-12-27, 04:35:57, 8.76e-13, 5.38e-11
2020-12-27, 04:36:01, 1e-12, 5.41e-11
2020-12-27, 04:36:05, 9.29e-13, 5.41e-11
2020-12-27, 04:36:10, 8.83e-13, 5.4e-11
2020-12-27, 04:36:14, 9.14e-13, 5.43e-11
2020-12-27, 04:36:18, 9.16e-13, 5.44e-11
2020-12-27, 04:36:22, 9.93e-13, 5.44e-11
2020-12-27, 04:36:26, 9.74e-13, 5.45e-11
2020-12-27, 04:36:31, 9.07e-13, 5.42e-11
2020-12-27, 04:36:35, 9.2e-13, 5.47e-11
2020-12-27, 04:36:39, 9.47e-13, 5.44e-11
2020-12-27, 04:36:43, 9.52e-13, 5.46e-11
2020-12-27, 04:36:48, 8.96e-13, 5.48e-11
2020-12-27, 04:36:52, 9.36e-13, 5.49e-11
2020-12-27, 04:36:56, 9.3e-13, 5.45e-11
2020-12-27, 04:37:00, 8.72e-13, 5.43e-11
2020-12-27, 04:37:04, 9.48e-13, 5.43e-11
2020-12-27, 04:37:09, 9.49e-13, 5.47e-11
2020-12-27, 04:37:13, 9.29e-13, 5.39e-11
2020-12-27, 04:37:17, 8.89e-13, 5.39e-11
2020-12-27, 04:37:21, 9.04e-13, 5.4e-11
2020-12-27, 04:37:26, 9.88e-13, 5.43e-11
2020-12-27, 04:37:30, 9.28e-13, 5.43e-11
2020-12-27, 04:37:34, 8.84e-13, 5.41e-11
2020-12-27, 04:37:38, 9.44e-13, 5.43e-11
2020-12-27, 04:37:42, 8.88e-13, 5.4e-11
2020-12-27, 04:37:47, 9.91e-13, 5.41e-11
2020-12-27, 04:37:51, 9.53e-13, 5.4e-11
2020-12-27, 04:37:55, 1.02e-12, 5.43e-11
2020-12-27, 04:37:59, 9.04e-13, 5.45e-11
2020-12-27, 04:38:03, 9.31e-13, 5.45e-11
2020-12-27, 04:38:08, 9.25e-13, 5.44e-11
2020-12-27, 04:38:12, 8.84e-13, 5.4e-11
2020-12-27, 04:38:16, 9.08e-13, 5.4e-11
2020-12-27, 04:38:20, 1.04e-12, 5.39e-11
2020-12-27, 04:38:25, 8.57e-13, 5.37e-11
2020-12-27, 04:38:29, 9.19e-13, 5.38e-11
2020-12-27, 04:38:33, 8.8e-13, 5.41e-11
2020-12-27, 04:38:37, 9.32e-13, 5.38e-11
2020-12-27, 04:38:41, 9.67e-13, 5.4e-11
2020-12-27, 04:38:46, 9.2e-13, 5.37e-11
2020-12-27, 04:38:50, 9.55e-13, 5.42e-11
2020-12-27, 04:38:54, 9.5e-13, 5.41e-11
2020-12-27, 04:38:58, 9.64e-13, 5.39e-11
2020-12-27, 04:39:03, 1.06e-12, 5.42e-11
2020-12-27, 04:39:07, 9.59e-13, 5.45e-11
2020-12-27, 04:39:11, 8.79e-13, 5.45e-11
2020-12-27, 04:39:15, 9.2e-13, 5.4e-11
2020-12-27, 04:39:19, 8.59e-13, 5.39e-11
2020-12-27, 04:39:24, 8.52e-13, 5.42e-11
2020-12-27, 04:39:28, 9.29e-13, 5.41e-11
2020-12-27, 04:39:32, 9.4e-13, 5.46e-11
2020-12-27, 04:39:36, 9.4e-13, 5.46e-11
2020-12-27, 04:39:41, 9.35e-13, 5.45e-11
2020-12-27, 04:39:45, 8.58e-13, 5.47e-11
2020-12-27, 04:39:49, 1.01e-12, 5.45e-11
2020-12-27, 04:39:53, 9.09e-13, 5.46e-11
2020-12-27, 04:39:57, 9.32e-13, 5.43e-11
2020-12-27, 04:40:02, 9.63e-13, 5.45e-11
2020-12-27, 04:40:06, 9.44e-13, 5.46e-11
2020-12-27, 04:40:10, 9.63e-13, 5.47e-11
2020-12-27, 04:40:14, 9.82e-13, 5.44e-11
2020-12-27, 04:40:19, 9.21e-13, 5.4e-11
2020-12-27, 04:40:23, 8.83e-13, 5.4e-11
2020-12-27, 04:40:27, 9.13e-13, 5.4e-11
2020-12-27, 04:40:31, 1.02e-12, 5.4e-11
2020-12-27, 04:40:35, 8.83e-13, 5.41e-11
2020-12-27, 04:40:40, 9.47e-13, 5.41e-11
2020-12-27, 04:40:44, 9.14e-13, 5.41e-11
2020-12-27, 04:40:48, 9.19e-13, 5.42e-11
2020-12-27, 04:40:52, 8.93e-13, 5.43e-11
2020-12-27, 04:40:57, 7.94e-13, 5.46e-11
2020-12-27, 04:41:01, 9.08e-13, 5.43e-11
2020-12-27, 04:41:05, 8.32e-13, 5.44e-11
2020-12-27, 04:41:09, 9.38e-13, 5.4e-11
2020-12-27, 04:41:13, 9.27e-13, 5.44e-11
2020-12-27, 04:41:18, 9.72e-13, 5.44e-11
2020-12-27, 04:41:22, 9.68e-13, 5.43e-11
2020-12-27, 04:41:26, 1.07e-12, 5.43e-11
2020-12-27, 04:41:30, 9.26e-13, 5.43e-11
2020-12-27, 04:41:35, 9.16e-13, 5.42e-11
2020-12-27, 04:41:39, 9.54e-13, 5.42e-11
2020-12-27, 04:41:43, 9.74e-13, 5.41e-11
2020-12-27, 04:41:47, 9.18e-13, 5.42e-11
2020-12-27, 04:41:51, 9.71e-13, 5.41e-11
2020-12-27, 04:41:56, 8.94e-13, 5.42e-11
2020-12-27, 04:42:00, 9.16e-13, 5.43e-11
2020-12-27, 04:42:04, 8.91e-13, 5.46e-11
2020-12-27, 04:42:08, 9.43e-13, 5.44e-11
2020-12-27, 04:42:12, 8.54e-13, 5.42e-11
2020-12-27, 04:42:17, 9.47e-13, 5.42e-11
2020-12-27, 04:42:21, 9e-13, 5.43e-11
2020-12-27, 04:42:25, 8.74e-13, 5.44e-11
2020-12-27, 04:42:29, 9.22e-13, 5.44e-11
2020-12-27, 04:42:34, 9.37e-13, 5.44e-11
2020-12-27, 04:42:38, 8.84e-13, 5.42e-11
2020-12-27, 04:42:42, 9.19e-13, 5.39e-11
2020-12-27, 04:42:46, 9.72e-13, 5.42e-11
2020-12-27, 04:42:50, 9.75e-13, 5.4e-11
2020-12-27, 04:42:55, 9.74e-13, 5.42e-11
2020-12-27, 04:42:59, 9.46e-13, 5.4e-11
2020-12-27, 04:43:03, 1.05e-12, 5.44e-11
2020-12-27, 04:43:07, 9.04e-13, 5.42e-11
2020-12-27, 04:43:12, 9.35e-13, 5.41e-11
2020-12-27, 04:43:16, 8.76e-13, 5.43e-11
2020-12-27, 04:43:20, 9.15e-13, 5.43e-11
2020-12-27, 04:43:24, 9.07e-13, 5.43e-11
2020-12-27, 04:43:28, 9.32e-13, 5.39e-11
2020-12-27, 04:43:33, 9.08e-13, 5.42e-11
2020-12-27, 04:43:37, 9.82e-13, 5.47e-11
2020-12-27, 04:43:41, 9.64e-13, 5.42e-11
2020-12-27, 04:43:45, 9.24e-13, 5.4e-11
2020-12-27, 04:43:50, 9.12e-13, 5.4e-11
2020-12-27, 04:43:54, 9.26e-13, 5.41e-11
2020-12-27, 04:43:58, 9.46e-13, 5.4e-11
2020-12-27, 04:44:02, 9.45e-13, 5.43e-11
2020-12-27, 04:44:06, 9.55e-13, 5.47e-11
2020-12-27, 04:44:11, 9.51e-13, 5.42e-11
2020-12-27, 04:44:15, 8.91e-13, 5.43e-11
2020-12-27, 04:44:19, 9.38e-13, 5.42e-11
2020-12-27, 04:44:23, 8.8e-13, 5.46e-11
2020-12-27, 04:44:28, 9.83e-13, 5.44e-11
2020-12-27, 04:44:32, 9.58e-13, 5.42e-11
2020-12-27, 04:44:36, 9.33e-13, 5.44e-11
2020-12-27, 04:44:40, 8.12e-13, 5.46e-11
2020-12-27, 04:44:44, 9.34e-13, 5.45e-11
2020-12-27, 04:44:49, 9.35e-13, 5.45e-11
2020-12-27, 04:44:53, 1.09e-12, 5.44e-11
2020-12-27, 04:44:57, 9.36e-13, 5.45e-11
2020-12-27, 04:45:01, 9.54e-13, 5.47e-11
2020-12-27, 04:45:06, 9.97e-13, 5.46e-11
2020-12-27, 04:45:10, 8.53e-13, 5.47e-11
2020-12-27, 04:45:14, 9.68e-13, 5.45e-11
2020-12-27, 04:45:18, 9.24e-13, 5.48e-11
2020-12-27, 04:45:22, 8.78e-13, 5.47e-11
2020-12-27, 04:45:27, 8.93e-13, 5.47e-11
2020-12-27, 04:45:31, 9.06e-13, 5.43e-11
2020-12-27, 04:45:35, 1.03e-12, 5.4e-11
2020-12-27, 04:45:39, 9.3e-13, 5.42e-11
2020-12-27, 04:45:44, 9.13e-13, 5.45e-11
2020-12-27, 04:45:48, 9.31e-13, 5.41e-11
2020-12-27, 04:45:52, 9.25e-13, 5.45e-11
2020-12-27, 04:45:56, 8.83e-13, 5.44e-11
2020-12-27, 04:46:00, 8.49e-13, 5.45e-11
2020-12-27, 04:46:05, 8.84e-13, 5.42e-11
2020-12-27, 04:46:09, 9.22e-13, 5.43e-11
2020-12-27, 04:46:13, 8.64e-13, 5.43e-11
2020-12-27, 04:46:17, 9.98e-13, 5.41e-11
2020-12-27, 04:46:21, 1.01e-12, 5.41e-11
2020-12-27, 04:46:26, 9.42e-13, 5.42e-11
2020-12-27, 04:46:30, 9.11e-13, 5.41e-11
2020-12-27, 04:46:34, 1.03e-12, 5.44e-11
2020-12-27, 04:46:38, 9.94e-13, 5.45e-11
2020-12-27, 04:46:43, 9.41e-13, 5.43e-11
2020-12-27, 04:46:47, 9.01e-13, 5.43e-11
2020-12-27, 04:46:51, 7.82e-13, 5.39e-11
2020-12-27, 04:46:55, 9.64e-13, 5.4e-11
2020-12-27, 04:46:59, 8.62e-13, 5.43e-11
2020-12-27, 04:47:04, 9.64e-13, 5.42e-11
2020-12-27, 04:47:08, 9.2e-13, 5.44e-11
2020-12-27, 04:47:12, 9.1e-13, 5.44e-11
2020-12-27, 04:47:16, 9.37e-13, 5.42e-11
2020-12-27, 04:47:21, 9.19e-13, 5.43e-11
2020-12-27, 04:47:25, 9.66e-13, 5.4e-11
2020-12-27, 04:47:29, 9.33e-13, 5.44e-11
2020-12-27, 04:47:33, 9.39e-13, 5.45e-11
2020-12-27, 04:47:37, 7.4e-13, 5.45e-11
2020-12-27, 04:47:42, 9.32e-13, 5.44e-11
2020-12-27, 04:47:46, 9.77e-13, 5.46e-11
2020-12-27, 04:47:50, 1.02e-12, 5.45e-11
2020-12-27, 04:47:54, 9.06e-13, 5.44e-11
2020-12-27, 04:47:59, 8.89e-13, 5.44e-11
2020-12-27, 04:48:03, 1.04e-12, 5.45e-11
2020-12-27, 04:48:07, 8.73e-13, 5.44e-11
2020-12-27, 04:48:11, 9e-13, 5.43e-11
2020-12-27, 04:48:15, 8.96e-13, 5.42e-11
2020-12-27, 04:48:20, 9.66e-13, 5.44e-11
2020-12-27, 04:48:24, 9.42e-13, 5.45e-11
2020-12-27, 04:48:28, 9.21e-13, 5.45e-11
2020-12-27, 04:48:32, 9.32e-13, 5.46e-11
2020-12-27, 04:48:37, 9.34e-13, 5.43e-11
2020-12-27, 04:48:41, 9.2e-13, 5.43e-11
2020-12-27, 04:48:45, 8.63e-13, 5.44e-11
2020-12-27, 04:48:49, 9.23e-13, 5.44e-11
2020-12-27, 04:48:53, 1.06e-12, 5.43e-11
2020-12-27, 04:48:58, 9.42e-13, 5.45e-11
2020-12-27, 04:49:02, 9.49e-13, 5.44e-11
2020-12-27, 04:49:06, 9.1e-13, 5.44e-11
2020-12-27, 04:49:10, 9.72e-13, 5.44e-11
2020-12-27, 04:49:15, 9.43e-13, 5.43e-11
2020-12-27, 04:49:19, 9.13e-13, 5.47e-11
2020-12-27, 04:49:23, 9.73e-13, 5.45e-11
2020-12-27, 04:49:27, 9.07e-13, 5.47e-11
2020-12-27, 04:49:31, 9.05e-13, 5.43e-11
2020-12-27, 04:49:36, 8.66e-13, 5.44e-11
2020-12-27, 04:49:40, 9.14e-13, 5.44e-11
2020-12-27, 04:49:44, 9.08e-13, 5.43e-11
2020-12-27, 04:49:48, 9.52e-13, 5.45e-11
2020-12-27, 04:49:52, 9.39e-13, 5.43e-11
2020-12-27, 04:49:57, 9.5e-13, 5.44e-11
2020-12-27, 04:50:01, 1.03e-12, 5.46e-11
2020-12-27, 04:50:05, 9.08e-13, 5.46e-11
2020-12-27, 04:50:09, 9.25e-13, 5.48e-11
2020-12-27, 04:50:14, 8.28e-13, 5.47e-11
2020-12-27, 04:50:18, 1.04e-12, 5.48e-11
2020-12-27, 04:50:22, 9.24e-13, 5.49e-11
2020-12-27, 04:50:26, 9.22e-13, 5.44e-11
2020-12-27, 04:50:30, 9.59e-13, 5.46e-11
2020-12-27, 04:50:35, 1.07e-12, 5.46e-11
2020-12-27, 04:50:39, 8.99e-13, 5.46e-11
2020-12-27, 04:50:43, 9.39e-13, 5.45e-11
2020-12-27, 04:50:47, 9.25e-13, 5.44e-11
2020-12-27, 04:50:52, 8.7e-13, 5.47e-11
2020-12-27, 04:50:56, 8.79e-13, 5.42e-11
2020-12-27, 04:51:00, 9.54e-13, 5.46e-11
2020-12-27, 04:51:04, 9.67e-13, 5.48e-11
2020-12-27, 04:51:08, 9.05e-13, 5.46e-11
2020-12-27, 04:51:13, 9.39e-13, 5.41e-11
2020-12-27, 04:51:17, 9.34e-13, 5.4e-11
2020-12-27, 04:51:21, 1.02e-12, 5.42e-11
2020-12-27, 04:51:25, 8.52e-13, 5.42e-11
2020-12-27, 04:51:30, 8.09e-13, 5.44e-11
2020-12-27, 04:51:34, 8.86e-13, 5.44e-11
2020-12-27, 04:51:38, 9.1e-13, 5.43e-11
2020-12-27, 04:51:42, 8.88e-13, 5.39e-11
2020-12-27, 04:51:46, 9.6e-13, 5.42e-11
2020-12-27, 04:51:51, 9.7e-13, 5.45e-11
2020-12-27, 04:51:55, 9.31e-13, 5.45e-11
2020-12-27, 04:51:59, 9.37e-13, 5.44e-11
2020-12-27, 04:52:03, 9.39e-13, 5.43e-11
2020-12-27, 04:52:08, 8.75e-13, 5.43e-11
2020-12-27, 04:52:12, 9.4e-13, 5.45e-11
2020-12-27, 04:52:16, 9.27e-13, 5.42e-11
2020-12-27, 04:52:20, 9.54e-13, 5.44e-11
2020-12-27, 04:52:24, 9.28e-13, 5.46e-11
2020-12-27, 04:52:29, 8.94e-13, 5.45e-11
2020-12-27, 04:52:33, 9.55e-13, 5.39e-11
2020-12-27, 04:52:37, 1.03e-12, 5.42e-11
2020-12-27, 04:52:41, 8.38e-13, 5.42e-11
2020-12-27, 04:52:46, 9.05e-13, 5.42e-11
2020-12-27, 04:52:50, 9.72e-13, 5.43e-11
2020-12-27, 04:52:54, 9.69e-13, 5.41e-11
2020-12-27, 04:52:58, 9.45e-13, 5.43e-11
2020-12-27, 04:53:02, 9.43e-13, 5.45e-11
2020-12-27, 04:53:07, 8.73e-13, 5.41e-11
2020-12-27, 04:53:11, 9.17e-13, 5.41e-11
2020-12-27, 04:53:15, 9.52e-13, 5.42e-11
2020-12-27, 04:53:19, 8.95e-13, 5.4e-11
2020-12-27, 04:53:24, 9.18e-13, 5.39e-11
2020-12-27, 04:53:28, 9.61e-13, 5.41e-11
2020-12-27, 04:53:32, 8.57e-13, 5.43e-11
2020-12-27, 04:53:36, 8.15e-13, 5.39e-11
2020-12-27, 04:53:40, 1.07e-12, 5.42e-11
2020-12-27, 04:53:45, 9.44e-13, 5.43e-11
2020-12-27, 04:53:49, 8.63e-13, 5.43e-11
2020-12-27, 04:53:53, 9.25e-13, 5.41e-11
2020-12-27, 04:53:57, 9.45e-13, 5.46e-11
2020-12-27, 04:54:02, 9.17e-13, 5.46e-11
2020-12-27, 04:54:06, 9.23e-13, 5.45e-11
2020-12-27, 04:54:10, 9.75e-13, 5.44e-11
2020-12-27, 04:54:14, 9.14e-13, 5.45e-11
2020-12-27, 04:54:18, 8.93e-13, 5.44e-11
2020-12-27, 04:54:23, 9.09e-13, 5.43e-11
2020-12-27, 04:54:27, 9.17e-13, 5.43e-11
2020-12-27, 04:54:31, 9.17e-13, 5.45e-11
2020-12-27, 04:54:35, 9.11e-13, 5.44e-11
2020-12-27, 04:54:39, 9.09e-13, 5.44e-11
2020-12-27, 04:54:44, 9.78e-13, 5.43e-11
2020-12-27, 04:54:48, 9.49e-13, 5.45e-11
2020-12-27, 04:54:52, 9.29e-13, 5.42e-11
2020-12-27, 04:54:56, 8.79e-13, 5.45e-11
2020-12-27, 04:55:01, 9.85e-13, 5.42e-11
2020-12-27, 04:55:05, 8.78e-13, 5.41e-11
2020-12-27, 04:55:09, 9.5e-13, 5.4e-11
2020-12-27, 04:55:13, 9.32e-13, 5.45e-11
2020-12-27, 04:55:17, 9.27e-13, 5.45e-11
2020-12-27, 04:55:22, 8.74e-13, 5.4e-11
2020-12-27, 04:55:26, 7.63e-13, 5.45e-11
2020-12-27, 04:55:30, 9.06e-13, 5.45e-11
2020-12-27, 04:55:34, 8.85e-13, 5.42e-11
2020-12-27, 04:55:39, 9.45e-13, 5.43e-11
2020-12-27, 04:55:43, 9.28e-13, 5.42e-11
2020-12-27, 04:55:47, 8.87e-13, 5.44e-11
2020-12-27, 04:55:51, 9.41e-13, 5.42e-11
2020-12-27, 04:55:55, 8.98e-13, 5.43e-11
2020-12-27, 04:56:00, 1.01e-12, 5.41e-11
2020-12-27, 04:56:04, 9.41e-13, 5.39e-11
2020-12-27, 04:56:08, 9.01e-13, 5.4e-11
2020-12-27, 04:56:12, 9.27e-13, 5.44e-11
2020-12-27, 04:56:17, 8.84e-13, 5.44e-11
2020-12-27, 04:56:21, 9.58e-13, 5.44e-11
2020-12-27, 04:56:25, 9.76e-13, 5.42e-11
2020-12-27, 04:56:29, 9.9e-13, 5.42e-11
2020-12-27, 04:56:33, 9.56e-13, 5.44e-11
2020-12-27, 04:56:38, 9.39e-13, 5.46e-11
2020-12-27, 04:56:42, 8.88e-13, 5.42e-11
2020-12-27, 04:56:46, 9.21e-13, 5.41e-11
2020-12-27, 04:56:50, 9.44e-13, 5.39e-11
2020-12-27, 04:56:55, 9.33e-13, 5.44e-11
2020-12-27, 04:56:59, 9.1e-13, 5.44e-11
2020-12-27, 04:57:05, 8.96e-13, 5.48e-11
2020-12-27, 04:57:10, 9.12e-13, 5.49e-11
2020-12-27, 04:57:14, 9.43e-13, 5.46e-11
2020-12-27, 04:57:18, 9.47e-13, 5.45e-11
2020-12-27, 04:57:22, 9.47e-13, 5.44e-11
2020-12-27, 04:57:27, 9.21e-13, 5.43e-11
2020-12-27, 04:57:31, 9.11e-13, 5.42e-11
2020-12-27, 04:57:35, 1.05e-12, 5.43e-11
2020-12-27, 04:57:39, 9.23e-13, 5.42e-11
2020-12-27, 04:57:43, 9.1e-13, 5.42e-11
2020-12-27, 04:57:48, 9.44e-13, 5.4e-11
2020-12-27, 04:57:52, 9.26e-13, 5.44e-11
2020-12-27, 04:57:56, 8.66e-13, 5.42e-11
2020-12-27, 04:58:00, 9.52e-13, 5.42e-11
2020-12-27, 04:58:05, 9.72e-13, 5.4e-11
2020-12-27, 04:58:09, 8.92e-13, 5.42e-11
2020-12-27, 04:58:13, 8.94e-13, 5.41e-11
2020-12-27, 04:58:17, 9.53e-13, 5.4e-11
2020-12-27, 04:58:21, 9.34e-13, 5.4e-11
2020-12-27, 04:58:26, 9.01e-13, 5.41e-11
2020-12-27, 04:58:30, 9.6e-13, 5.38e-11
2020-12-27, 04:58:34, 9.22e-13, 5.4e-11
2020-12-27, 04:58:38, 9.75e-13, 5.41e-11
2020-12-27, 04:58:43, 8.66e-13, 5.35e-11
2020-12-27, 04:58:47, 8.24e-13, 5.4e-11
2020-12-27, 04:58:51, 9.46e-13, 5.38e-11
2020-12-27, 04:58:55, 9.05e-13, 5.41e-11
2020-12-27, 04:58:59, 1.02e-12, 5.41e-11
2020-12-27, 04:59:04, 9.67e-13, 5.4e-11
2020-12-27, 04:59:08, 9.52e-13, 5.41e-11
2020-12-27, 04:59:12, 9.24e-13, 5.4e-11
2020-12-27, 04:59:16, 9.73e-13, 5.37e-11
2020-12-27, 04:59:21, 9.32e-13, 5.37e-11
2020-12-27, 04:59:25, 9.09e-13, 5.4e-11
2020-12-27, 04:59:29, 9.37e-13, 5.41e-11
2020-12-27, 04:59:33, 9.14e-13, 5.42e-11
2020-12-27, 04:59:37, 9.3e-13, 5.44e-11
2020-12-27, 04:59:42, 9.13e-13, 5.41e-11
2020-12-27, 04:59:46, 9.25e-13, 5.41e-11
2020-12-27, 04:59:50, 8.17e-13, 5.43e-11
2020-12-27, 04:59:54, 8.99e-13, 5.43e-11
2020-12-27, 04:59:59, 9.51e-13, 5.43e-11
2020-12-27, 05:00:03, 9.02e-13, 5.41e-11
2020-12-27, 05:00:07, 9.18e-13, 5.42e-11
2020-12-27, 05:00:11, 9e-13, 5.43e-11
2020-12-27, 05:00:15, 8.87e-13, 5.44e-11
2020-12-27, 05:00:20, 9.28e-13, 5.42e-11
2020-12-27, 05:00:24, 1.04e-12, 5.43e-11
2020-12-27, 05:00:28, 9.38e-13, 5.39e-11
2020-12-27, 05:00:32, 9.15e-13, 5.41e-11
2020-12-27, 05:00:36, 8.39e-13, 5.41e-11
2020-12-27, 05:00:41, 9.01e-13, 5.43e-11
2020-12-27, 05:00:45, 8.97e-13, 5.41e-11
2020-12-27, 05:00:49, 9.99e-13, 5.43e-11
2020-12-27, 05:00:53, 9.16e-13, 5.43e-11
2020-12-27, 05:00:58, 8.93e-13, 5.42e-11
2020-12-27, 05:01:02, 9.13e-13, 5.43e-11
2020-12-27, 05:01:06, 9.53e-13, 5.45e-11
2020-12-27, 05:01:10, 8.97e-13, 5.42e-11
2020-12-27, 05:01:14, 9.26e-13, 5.46e-11
2020-12-27, 05:01:19, 8.96e-13, 5.43e-11
2020-12-27, 05:01:23, 9.29e-13, 5.43e-11
2020-12-27, 05:01:27, 9.46e-13, 5.42e-11
2020-12-27, 05:01:31, 9.3e-13, 5.42e-11
2020-12-27, 05:01:36, 9.91e-13, 5.42e-11
2020-12-27, 05:01:40, 9.5e-13, 5.41e-11
2020-12-27, 05:01:44, 9.36e-13, 5.42e-11
2020-12-27, 05:01:48, 9.27e-13, 5.44e-11
2020-12-27, 05:01:52, 9.42e-13, 5.41e-11
2020-12-27, 05:01:57, 8.94e-13, 5.44e-11
2020-12-27, 05:02:01, 9.44e-13, 5.45e-11
2020-12-27, 05:02:05, 9.59e-13, 5.45e-11
2020-12-27, 05:02:09, 9.02e-13, 5.43e-11
2020-12-27, 05:02:14, 9.24e-13, 5.39e-11
2020-12-27, 05:02:18, 9.71e-13, 5.39e-11
2020-12-27, 05:02:22, 9.55e-13, 5.4e-11
2020-12-27, 05:02:26, 7.95e-13, 5.43e-11
2020-12-27, 05:02:30, 9.38e-13, 5.42e-11
2020-12-27, 05:02:35, 8.84e-13, 5.44e-11
2020-12-27, 05:02:39, 1.05e-12, 5.4e-11
2020-12-27, 05:02:43, 9.37e-13, 5.41e-11
2020-12-27, 05:02:47, 9.41e-13, 5.4e-11
2020-12-27, 05:02:52, 9.56e-13, 5.4e-11
2020-12-27, 05:02:56, 9.04e-13, 5.43e-11
2020-12-27, 05:03:00, 9.26e-13, 5.41e-11
2020-12-27, 05:03:04, 9.46e-13, 5.42e-11
2020-12-27, 05:03:08, 8.91e-13, 5.42e-11
2020-12-27, 05:03:13, 1.02e-12, 5.45e-11
2020-12-27, 05:03:17, 1.11e-12, 5.41e-11
2020-12-27, 05:03:21, 9.53e-13, 5.42e-11
2020-12-27, 05:03:25, 8.95e-13, 5.41e-11
2020-12-27, 05:03:30, 9.54e-13, 5.43e-11
2020-12-27, 05:03:34, 8.33e-13, 5.44e-11
2020-12-27, 05:03:38, 8.88e-13, 5.44e-11
2020-12-27, 05:03:42, 8.74e-13, 5.41e-11
2020-12-27, 05:03:46, 9.34e-13, 5.42e-11
2020-12-27, 05:03:51, 9.22e-13, 5.4e-11
2020-12-27, 05:03:55, 1.02e-12, 5.41e-11
2020-12-27, 05:03:59, 9.89e-13, 5.4e-11
2020-12-27, 05:04:03, 9.07e-13, 5.42e-11
2020-12-27, 05:04:08, 9.58e-13, 5.41e-11
2020-12-27, 05:04:12, 8.93e-13, 5.4e-11
2020-12-27, 05:04:16, 9.17e-13, 5.38e-11
2020-12-27, 05:04:20, 8.98e-13, 5.4e-11
2020-12-27, 05:04:24, 9.19e-13, 5.4e-11
2020-12-27, 05:04:29, 9.84e-13, 5.44e-11
2020-12-27, 05:04:33, 9.39e-13, 5.42e-11
2020-12-27, 05:04:37, 9.82e-13, 5.44e-11
2020-12-27, 05:04:41, 9.43e-13, 5.46e-11
2020-12-27, 05:04:46, 8.64e-13, 5.43e-11
2020-12-27, 05:04:50, 9.34e-13, 5.4e-11
2020-12-27, 05:04:54, 9.43e-13, 5.42e-11
2020-12-27, 05:04:58, 8.92e-13, 5.42e-11
2020-12-27, 05:05:02, 8.8e-13, 5.44e-11
2020-12-27, 05:05:07, 9.43e-13, 5.41e-11
2020-12-27, 05:05:11, 8.83e-13, 5.43e-11
2020-12-27, 05:05:15, 9.34e-13, 5.42e-11
2020-12-27, 05:05:19, 9.21e-13, 5.42e-11
2020-12-27, 05:05:23, 8.62e-13, 5.43e-11
2020-12-27, 05:05:28, 9.19e-13, 5.43e-11
2020-12-27, 05:05:32, 1.01e-12, 5.43e-11
2020-12-27, 05:05:36, 9.17e-13, 5.45e-11
2020-12-27, 05:05:40, 7.91e-13, 5.44e-11
2020-12-27, 05:05:45, 9.01e-13, 5.41e-11
2020-12-27, 05:05:49, 9.45e-13, 5.41e-11
2020-12-27, 05:05:53, 9.6e-13, 5.41e-11
2020-12-27, 05:05:57, 8.71e-13, 5.41e-11
2020-12-27, 05:06:01, 9.81e-13, 5.43e-11
2020-12-27, 05:06:06, 9.49e-13, 5.42e-11
2020-12-27, 05:06:10, 8.44e-13, 5.41e-11
2020-12-27, 05:06:14, 9.38e-13, 5.41e-11
2020-12-27, 05:06:18, 9.37e-13, 5.44e-11
2020-12-27, 05:06:23, 9.35e-13, 5.4e-11
2020-12-27, 05:06:27, 9.59e-13, 5.42e-11
2020-12-27, 05:06:31, 9.2e-13, 5.39e-11
2020-12-27, 05:06:35, 9.83e-13, 5.41e-11
2020-12-27, 05:06:39, 9.39e-13, 5.4e-11
2020-12-27, 05:06:44, 9.21e-13, 5.43e-11
2020-12-27, 05:06:48, 9.07e-13, 5.4e-11
2020-12-27, 05:06:52, 8.85e-13, 5.4e-11
2020-12-27, 05:06:56, 9.13e-13, 5.4e-11
2020-12-27, 05:07:01, 9.19e-13, 5.41e-11
2020-12-27, 05:07:05, 8.86e-13, 5.42e-11
2020-12-27, 05:07:09, 9.43e-13, 5.4e-11
2020-12-27, 05:07:13, 9.52e-13, 5.37e-11
2020-12-27, 05:07:17, 9.1e-13, 5.41e-11
2020-12-27, 05:07:22, 8.59e-13, 5.39e-11
2020-12-27, 05:07:26, 9.1e-13, 5.4e-11
2020-12-27, 05:07:30, 9.61e-13, 5.43e-11
2020-12-27, 05:07:34, 9.44e-13, 5.44e-11
2020-12-27, 05:07:39, 9.32e-13, 5.42e-11
2020-12-27, 05:07:43, 9.33e-13, 5.43e-11
2020-12-27, 05:07:47, 9.25e-13, 5.44e-11
2020-12-27, 05:07:51, 9.66e-13, 5.47e-11
2020-12-27, 05:07:55, 8.83e-13, 5.47e-11
2020-12-27, 05:08:00, 9.55e-13, 5.43e-11
2020-12-27, 05:08:04, 8.88e-13, 5.44e-11
2020-12-27, 05:08:08, 9.19e-13, 5.42e-11
2020-12-27, 05:08:12, 9.36e-13, 5.42e-11
2020-12-27, 05:08:17, 9.43e-13, 5.45e-11
2020-12-27, 05:08:21, 9.24e-13, 5.44e-11
2020-12-27, 05:08:25, 9.56e-13, 5.44e-11
2020-12-27, 05:08:29, 9.27e-13, 5.44e-11
2020-12-27, 05:08:33, 8.94e-13, 5.44e-11
2020-12-27, 05:08:38, 9.11e-13, 5.44e-11
2020-12-27, 05:08:42, 9.98e-13, 5.43e-11
2020-12-27, 05:08:46, 9.52e-13, 5.42e-11
2020-12-27, 05:08:50, 8.8e-13, 5.42e-11
2020-12-27, 05:08:55, 9.64e-13, 5.43e-11
2020-12-27, 05:08:59, 9.42e-13, 5.4e-11
2020-12-27, 05:09:03, 9.74e-13, 5.43e-11
2020-12-27, 05:09:07, 8.68e-13, 5.4e-11
2020-12-27, 05:09:11, 9.32e-13, 5.41e-11
2020-12-27, 05:09:16, 8.74e-13, 5.4e-11
2020-12-27, 05:09:20, 9.4e-13, 5.39e-11
2020-12-27, 05:09:24, 1.02e-12, 5.39e-11
2020-12-27, 05:09:28, 9.31e-13, 5.41e-11
2020-12-27, 05:09:33, 9.17e-13, 5.41e-11
2020-12-27, 05:09:37, 9.17e-13, 5.42e-11
2020-12-27, 05:09:41, 8.54e-13, 5.38e-11
2020-12-27, 05:09:45, 9.49e-13, 5.41e-11
2020-12-27, 05:09:49, 8.76e-13, 5.41e-11
2020-12-27, 05:09:54, 9.65e-13, 5.4e-11
2020-12-27, 05:09:58, 1.02e-12, 5.43e-11
2020-12-27, 05:10:02, 9.22e-13, 5.41e-11
2020-12-27, 05:10:06, 9.04e-13, 5.45e-11
2020-12-27, 05:10:11, 9.72e-13, 5.4e-11
2020-12-27, 05:10:15, 9.4e-13, 5.41e-11
2020-12-27, 05:10:19, 1.01e-12, 5.4e-11
2020-12-27, 05:10:23, 9.12e-13, 5.43e-11
2020-12-27, 05:10:27, 9.47e-13, 5.39e-11
2020-12-27, 05:10:32, 9.17e-13, 5.38e-11
2020-12-27, 05:10:36, 9.2e-13, 5.39e-11
2020-12-27, 05:10:40, 9e-13, 5.39e-11
2020-12-27, 05:10:44, 9.29e-13, 5.37e-11
2020-12-27, 05:10:48, 9.47e-13, 5.42e-11
2020-12-27, 05:10:53, 9.34e-13, 5.4e-11
2020-12-27, 05:10:57, 9.48e-13, 5.43e-11
2020-12-27, 05:11:01, 8.34e-13, 5.4e-11
2020-12-27, 05:11:05, 8.68e-13, 5.41e-11
2020-12-27, 05:11:10, 8.68e-13, 5.43e-11
2020-12-27, 05:11:14, 1.06e-12, 5.41e-11
2020-12-27, 05:11:18, 8.76e-13, 5.44e-11
2020-12-27, 05:11:22, 8.22e-13, 5.43e-11
2020-12-27, 05:11:26, 9.24e-13, 5.42e-11
2020-12-27, 05:11:31, 9.59e-13, 5.43e-11
2020-12-27, 05:11:35, 8.77e-13, 5.42e-11
2020-12-27, 05:11:39, 8.78e-13, 5.45e-11
2020-12-27, 05:11:43, 9.58e-13, 5.42e-11
2020-12-27, 05:11:48, 9.52e-13, 5.41e-11
2020-12-27, 05:11:52, 9.75e-13, 5.42e-11
2020-12-27, 05:11:56, 9.57e-13, 5.42e-11
2020-12-27, 05:12:00, 9.45e-13, 5.45e-11
2020-12-27, 05:12:04, 8.89e-13, 5.41e-11
2020-12-27, 05:12:09, 8.34e-13, 5.42e-11
2020-12-27, 05:12:13, 8.98e-13, 5.41e-11
2020-12-27, 05:12:17, 9.29e-13, 5.39e-11
2020-12-27, 05:12:21, 9.57e-13, 5.4e-11
2020-12-27, 05:12:26, 9.31e-13, 5.38e-11
2020-12-27, 05:12:30, 8.97e-13, 5.39e-11
2020-12-27, 05:12:34, 1.09e-12, 5.43e-11
2020-12-27, 05:12:38, 8.8e-13, 5.45e-11
2020-12-27, 05:12:42, 9.31e-13, 5.42e-11
2020-12-27, 05:12:47, 9.72e-13, 5.44e-11
2020-12-27, 05:12:51, 9.16e-13, 5.39e-11
2020-12-27, 05:12:55, 9.51e-13, 5.4e-11
2020-12-27, 05:12:59, 9.57e-13, 5.4e-11
2020-12-27, 05:13:04, 9.88e-13, 5.39e-11
2020-12-27, 05:13:08, 8.54e-13, 5.41e-11
2020-12-27, 05:13:12, 8.76e-13, 5.4e-11
2020-12-27, 05:13:16, 8.88e-13, 5.4e-11
2020-12-27, 05:13:20, 9.11e-13, 5.44e-11
2020-12-27, 05:13:25, 9.49e-13, 5.42e-11
2020-12-27, 05:13:29, 9.57e-13, 5.4e-11
2020-12-27, 05:13:33, 8.91e-13, 5.42e-11
2020-12-27, 05:13:37, 8.95e-13, 5.42e-11
2020-12-27, 05:13:42, 9.72e-13, 5.44e-11
2020-12-27, 05:13:46, 9.91e-13, 5.4e-11
2020-12-27, 05:13:50, 9.03e-13, 5.43e-11
2020-12-27, 05:13:54, 9.51e-13, 5.38e-11
2020-12-27, 05:13:58, 9.93e-13, 5.42e-11
2020-12-27, 05:14:03, 9.03e-13, 5.43e-11
2020-12-27, 05:14:07, 1.08e-12, 5.4e-11
2020-12-27, 05:14:11, 1.02e-12, 5.4e-11
2020-12-27, 05:14:15, 9.51e-13, 5.4e-11
2020-12-27, 05:14:20, 9.5e-13, 5.4e-11
2020-12-27, 05:14:24, 8.21e-13, 5.37e-11
2020-12-27, 05:14:28, 9.52e-13, 5.37e-11
2020-12-27, 05:14:32, 8.71e-13, 5.42e-11
2020-12-27, 05:14:36, 1.05e-12, 5.42e-11
2020-12-27, 05:14:41, 8.63e-13, 5.45e-11
2020-12-27, 05:14:45, 9.51e-13, 5.42e-11
2020-12-27, 05:14:49, 9.49e-13, 5.45e-11
2020-12-27, 05:14:53, 9.01e-13, 5.44e-11
2020-12-27, 05:14:58, 9.88e-13, 5.42e-11
2020-12-27, 05:15:02, 9.25e-13, 5.45e-11
2020-12-27, 05:15:06, 8.73e-13, 5.48e-11
2020-12-27, 05:15:10, 9.91e-13, 5.43e-11
2020-12-27, 05:15:14, 9.78e-13, 5.43e-11
2020-12-27, 05:15:19, 9.27e-13, 5.43e-11
2020-12-27, 05:15:23, 9.11e-13, 5.44e-11
2020-12-27, 05:15:27, 8.96e-13, 5.42e-11
2020-12-27, 05:15:31, 9.28e-13, 5.42e-11
2020-12-27, 05:15:36, 9.31e-13, 5.43e-11
2020-12-27, 05:15:40, 8.17e-13, 5.41e-11
2020-12-27, 05:15:44, 9.28e-13, 5.44e-11
2020-12-27, 05:15:48, 9.19e-13, 5.44e-11
2020-12-27, 05:15:52, 9.45e-13, 5.44e-11
2020-12-27, 05:15:57, 9.15e-13, 5.46e-11
2020-12-27, 05:16:01, 9.34e-13, 5.45e-11
2020-12-27, 05:16:05, 9.25e-13, 5.43e-11
2020-12-27, 05:16:09, 9.91e-13, 5.44e-11
2020-12-27, 05:16:14, 9.21e-13, 5.43e-11
2020-12-27, 05:16:19, 9.24e-13, 5.37e-11
2020-12-27, 05:16:24, 9.09e-13, 5.38e-11
2020-12-27, 05:16:28, 9.13e-13, 5.42e-11
2020-12-27, 05:16:32, 9.31e-13, 5.46e-11
2020-12-27, 05:16:36, 9.85e-13, 5.44e-11
2020-12-27, 05:16:41, 9.95e-13, 5.44e-11
2020-12-27, 05:16:45, 8.39e-13, 5.44e-11
2020-12-27, 05:16:49, 9.04e-13, 5.45e-11
2020-12-27, 05:16:53, 9.27e-13, 5.48e-11
2020-12-27, 05:16:57, 9.28e-13, 5.44e-11
2020-12-27, 05:17:02, 9.27e-13, 5.46e-11
2020-12-27, 05:17:06, 9.44e-13, 5.41e-11
2020-12-27, 05:17:10, 8.9e-13, 5.41e-11
2020-12-27, 05:17:14, 8.74e-13, 5.42e-11
2020-12-27, 05:17:19, 9.98e-13, 5.41e-11
2020-12-27, 05:17:23, 9.57e-13, 5.41e-11
2020-12-27, 05:17:27, 9.57e-13, 5.39e-11
2020-12-27, 05:17:31, 9.35e-13, 5.42e-11
2020-12-27, 05:17:35, 9.54e-13, 5.42e-11
2020-12-27, 05:17:40, 8.99e-13, 5.38e-11
2020-12-27, 05:17:44, 9.59e-13, 5.41e-11
2020-12-27, 05:17:48, 8.78e-13, 5.42e-11
2020-12-27, 05:17:52, 9.37e-13, 5.42e-11
2020-12-27, 05:17:57, 1.01e-12, 5.44e-11
2020-12-27, 05:18:01, 8.95e-13, 5.44e-11
2020-12-27, 05:18:05, 9.68e-13, 5.4e-11
2020-12-27, 05:18:09, 8.63e-13, 5.4e-11
2020-12-27, 05:18:14, 9.19e-13, 5.37e-11
2020-12-27, 05:18:18, 8.72e-13, 5.38e-11
2020-12-27, 05:18:22, 8.77e-13, 5.42e-11
2020-12-27, 05:18:26, 9.07e-13, 5.41e-11
2020-12-27, 05:18:30, 1.01e-12, 5.41e-11
2020-12-27, 05:18:35, 8.87e-13, 5.43e-11
2020-12-27, 05:18:39, 9.39e-13, 5.44e-11
2020-12-27, 05:18:43, 9.43e-13, 5.46e-11
2020-12-27, 05:18:47, 9.38e-13, 5.45e-11
2020-12-27, 05:18:51, 9.25e-13, 5.46e-11
2020-12-27, 05:18:56, 9.05e-13, 5.43e-11
2020-12-27, 05:19:00, 1.11e-12, 5.41e-11
2020-12-27, 05:19:04, 9.48e-13, 5.4e-11
2020-12-27, 05:19:08, 8.82e-13, 5.4e-11
2020-12-27, 05:19:13, 9.74e-13, 5.4e-11
2020-12-27, 05:19:17, 9.69e-13, 5.42e-11
2020-12-27, 05:19:21, 7.94e-13, 5.42e-11
2020-12-27, 05:19:25, 9.55e-13, 5.42e-11
2020-12-27, 05:19:29, 8.98e-13, 5.4e-11
2020-12-27, 05:19:34, 1e-12, 5.43e-11
2020-12-27, 05:19:38, 9.54e-13, 5.42e-11
2020-12-27, 05:19:42, 9.67e-13, 5.42e-11
2020-12-27, 05:19:46, 9.09e-13, 5.41e-11
2020-12-27, 05:19:51, 7.77e-13, 5.45e-11
2020-12-27, 05:19:55, 9.79e-13, 5.42e-11
2020-12-27, 05:19:59, 8.62e-13, 5.44e-11
2020-12-27, 05:20:03, 9.34e-13, 5.46e-11
2020-12-27, 05:20:07, 9.15e-13, 5.39e-11
2020-12-27, 05:20:12, 9.7e-13, 5.4e-11
2020-12-27, 05:20:19, 9.32e-13, 5.41e-11
2020-12-27, 05:20:23, 8.8e-13, 5.39e-11
2020-12-27, 05:20:27, 9.33e-13, 5.41e-11
2020-12-27, 05:20:32, 9.7e-13, 5.41e-11
2020-12-27, 05:20:36, 9.36e-13, 5.44e-11
2020-12-27, 05:20:40, 8.89e-13, 5.42e-11
2020-12-27, 05:20:44, 9.62e-13, 5.4e-11
2020-12-27, 05:20:49, 9.58e-13, 5.41e-11
2020-12-27, 05:20:53, 9.33e-13, 5.37e-11
2020-12-27, 05:20:57, 8.96e-13, 5.4e-11
2020-12-27, 05:21:01, 9.58e-13, 5.4e-11
2020-12-27, 05:21:05, 9.8e-13, 5.41e-11
2020-12-27, 05:21:10, 9.02e-13, 5.4e-11
2020-12-27, 05:21:14, 9.12e-13, 5.41e-11
2020-12-27, 05:21:18, 9.84e-13, 5.39e-11
2020-12-27, 05:21:22, 8.62e-13, 5.4e-11
2020-12-27, 05:21:27, 9.33e-13, 5.42e-11
2020-12-27, 05:21:31, 9.71e-13, 5.36e-11
2020-12-27, 05:21:35, 9.6e-13, 5.36e-11
2020-12-27, 05:21:39, 9.36e-13, 5.39e-11
2020-12-27, 05:21:43, 9.83e-13, 5.41e-11
2020-12-27, 05:21:48, 9.43e-13, 5.42e-11
2020-12-27, 05:21:52, 9.88e-13, 5.41e-11
2020-12-27, 05:21:56, 9.01e-13, 5.41e-11
2020-12-27, 05:22:00, 8.95e-13, 5.41e-11
2020-12-27, 05:22:05, 9.17e-13, 5.41e-11
2020-12-27, 05:22:09, 9.22e-13, 5.36e-11
2020-12-27, 05:22:13, 8.27e-13, 5.38e-11
2020-12-27, 05:22:17, 9.43e-13, 5.4e-11
2020-12-27, 05:22:21, 9.04e-13, 5.36e-11
2020-12-27, 05:22:26, 9.44e-13, 5.38e-11
2020-12-27, 05:22:30, 8.75e-13, 5.4e-11
2020-12-27, 05:22:34, 9.41e-13, 5.41e-11
2020-12-27, 05:22:38, 9.51e-13, 5.42e-11
2020-12-27, 05:22:43, 9.28e-13, 5.41e-11
2020-12-27, 05:22:47, 1.07e-12, 5.4e-11
2020-12-27, 05:22:51, 9.66e-13, 5.38e-11
2020-12-27, 05:22:55, 9.49e-13, 5.4e-11
2020-12-27, 05:22:59, 9.43e-13, 5.36e-11
2020-12-27, 05:23:04, 9.51e-13, 5.38e-11
2020-12-27, 05:23:08, 9.2e-13, 5.41e-11
2020-12-27, 05:23:12, 9.15e-13, 5.39e-11
2020-12-27, 05:23:16, 9.77e-13, 5.4e-11
2020-12-27, 05:23:21, 1.07e-12, 5.41e-11
2020-12-27, 05:23:25, 9.12e-13, 5.42e-11
2020-12-27, 05:23:29, 9.06e-13, 5.43e-11
2020-12-27, 05:23:33, 9.59e-13, 5.41e-11
2020-12-27, 05:23:37, 9.16e-13, 5.4e-11
2020-12-27, 05:23:42, 9.83e-13, 5.45e-11
2020-12-27, 05:23:46, 9.04e-13, 5.39e-11
2020-12-27, 05:23:50, 9.37e-13, 5.4e-11
2020-12-27, 05:23:54, 9.71e-13, 5.41e-11
2020-12-27, 05:23:59, 9.25e-13, 5.41e-11
2020-12-27, 05:24:03, 9.07e-13, 5.37e-11
2020-12-27, 05:24:07, 9.24e-13, 5.39e-11
2020-12-27, 05:24:11, 9.43e-13, 5.4e-11
2020-12-27, 05:24:15, 9.22e-13, 5.42e-11
2020-12-27, 05:24:20, 9.57e-13, 5.41e-11
2020-12-27, 05:24:24, 9.43e-13, 5.41e-11
2020-12-27, 05:24:28, 9.36e-13, 5.4e-11
2020-12-27, 05:24:32, 1e-12, 5.42e-11
2020-12-27, 05:24:37, 9.12e-13, 5.41e-11
2020-12-27, 05:24:41, 9.12e-13, 5.4e-11
2020-12-27, 05:24:45, 8.99e-13, 5.38e-11
2020-12-27, 05:24:49, 9.31e-13, 5.4e-11
2020-12-27, 05:24:53, 9.18e-13, 5.4e-11
2020-12-27, 05:24:58, 9.67e-13, 5.43e-11
2020-12-27, 05:25:02, 9.23e-13, 5.39e-11
2020-12-27, 05:25:06, 1.07e-12, 5.41e-11
2020-12-27, 05:25:10, 9.36e-13, 5.42e-11
2020-12-27, 05:25:14, 9.49e-13, 5.41e-11
2020-12-27, 05:25:19, 9.94e-13, 5.41e-11
2020-12-27, 05:25:23, 8.59e-13, 5.42e-11
2020-12-27, 05:25:27, 8.65e-13, 5.41e-11
2020-12-27, 05:25:31, 9.29e-13, 5.41e-11
2020-12-27, 05:25:36, 9.22e-13, 5.4e-11
2020-12-27, 05:25:40, 8.88e-13, 5.38e-11
2020-12-27, 05:25:44, 9.58e-13, 5.4e-11
2020-12-27, 05:25:48, 8.84e-13, 5.41e-11
2020-12-27, 05:25:52, 9.48e-13, 5.4e-11
2020-12-27, 05:25:57, 8.83e-13, 5.4e-11
2020-12-27, 05:26:01, 9.47e-13, 5.41e-11
2020-12-27, 05:26:05, 8.77e-13, 5.42e-11
2020-12-27, 05:26:09, 9.35e-13, 5.42e-11
2020-12-27, 05:26:14, 9.15e-13, 5.4e-11
2020-12-27, 05:26:18, 8.81e-13, 5.4e-11
2020-12-27, 05:26:22, 9.53e-13, 5.4e-11
2020-12-27, 05:26:26, 9.46e-13, 5.4e-11
2020-12-27, 05:26:30, 9.44e-13, 5.38e-11
2020-12-27, 05:26:35, 9.01e-13, 5.4e-11
2020-12-27, 05:26:39, 9.62e-13, 5.44e-11
2020-12-27, 05:26:43, 9.73e-13, 5.43e-11
2020-12-27, 05:26:47, 8.86e-13, 5.43e-11
2020-12-27, 05:26:52, 9.42e-13, 5.43e-11
2020-12-27, 05:26:56, 9.19e-13, 5.41e-11
2020-12-27, 05:27:00, 8.22e-13, 5.45e-11
2020-12-27, 05:27:04, 8.98e-13, 5.43e-11
2020-12-27, 05:27:16, 8.92e-13, 5.43e-11
2020-12-27, 05:27:22, 8.73e-13, 5.42e-11
2020-12-27, 05:27:26, 8.75e-13, 5.4e-11
2020-12-27, 05:27:31, 8.99e-13, 5.4e-11
2020-12-27, 05:27:35, 9.97e-13, 5.43e-11
2020-12-27, 05:27:39, 1.1e-12, 5.41e-11
2020-12-27, 05:27:43, 8.94e-13, 5.42e-11
2020-12-27, 05:27:47, 9.81e-13, 5.37e-11
2020-12-27, 05:27:52, 9.68e-13, 5.42e-11
2020-12-27, 05:27:56, 9.58e-13, 5.41e-11
2020-12-27, 05:28:00, 9.07e-13, 5.4e-11
2020-12-27, 05:28:04, 8.62e-13, 5.41e-11
2020-12-27, 05:28:09, 8.69e-13, 5.37e-11
2020-12-27, 05:28:13, 9.41e-13, 5.39e-11
2020-12-27, 05:28:17, 9.4e-13, 5.41e-11
2020-12-27, 05:28:21, 9.58e-13, 5.4e-11
2020-12-27, 05:28:25, 9.3e-13, 5.38e-11
2020-12-27, 05:28:30, 9.42e-13, 5.38e-11
2020-12-27, 05:28:34, 9.25e-13, 5.4e-11
2020-12-27, 05:28:38, 8.33e-13, 5.39e-11
2020-12-27, 05:28:42, 9.17e-13, 5.42e-11
2020-12-27, 05:28:47, 9.14e-13, 5.42e-11
2020-12-27, 05:28:51, 9.4e-13, 5.43e-11
2020-12-27, 05:28:55, 9.02e-13, 5.43e-11
2020-12-27, 05:28:59, 9.38e-13, 5.42e-11
2020-12-27, 05:29:04, 9.24e-13, 5.43e-11
2020-12-27, 05:29:08, 8.83e-13, 5.43e-11
2020-12-27, 05:29:12, 9.41e-13, 5.42e-11
2020-12-27, 05:29:16, 9.4e-13, 5.42e-11
2020-12-27, 05:29:20, 9.53e-13, 5.43e-11
2020-12-27, 05:29:25, 9.32e-13, 5.45e-11
2020-12-27, 05:29:29, 9.25e-13, 5.42e-11
2020-12-27, 05:29:33, 9.01e-13, 5.44e-11
2020-12-27, 05:29:37, 9.07e-13, 5.42e-11
2020-12-27, 05:29:41, 9.15e-13, 5.42e-11
2020-12-27, 05:29:46, 1.02e-12, 5.4e-11
2020-12-27, 05:29:50, 1.15e-12, 5.42e-11
2020-12-27, 05:29:54, 8.84e-13, 5.4e-11
2020-12-27, 05:29:58, 1.04e-12, 5.37e-11
2020-12-27, 05:30:03, 8.21e-13, 5.35e-11
2020-12-27, 05:30:07, 9.97e-13, 5.36e-11
2020-12-27, 05:30:11, 9.49e-13, 5.37e-11
2020-12-27, 05:30:15, 9.91e-13, 5.38e-11
2020-12-27, 05:30:19, 9.05e-13, 5.39e-11
2020-12-27, 05:30:24, 9.73e-13, 5.41e-11
2020-12-27, 05:30:28, 8.35e-13, 5.4e-11
2020-12-27, 05:30:32, 8.97e-13, 5.39e-11
2020-12-27, 05:30:36, 9.6e-13, 5.39e-11
2020-12-27, 05:30:41, 9.29e-13, 5.39e-11
2020-12-27, 05:30:45, 8.84e-13, 5.37e-11
2020-12-27, 05:30:49, 8.5e-13, 5.41e-11
2020-12-27, 05:30:53, 9.43e-13, 5.41e-11
2020-12-27, 05:30:57, 8.91e-13, 5.41e-11
2020-12-27, 05:31:02, 9.73e-13, 5.42e-11
2020-12-27, 05:31:06, 8.97e-13, 5.4e-11
2020-12-27, 05:31:10, 8.98e-13, 5.4e-11
2020-12-27, 05:31:14, 9.11e-13, 5.41e-11
2020-12-27, 05:31:19, 8.63e-13, 5.38e-11
2020-12-27, 05:31:23, 1.07e-12, 5.4e-11
2020-12-27, 05:31:27, 9.79e-13, 5.41e-11
2020-12-27, 05:31:31, 9.51e-13, 5.4e-11
2020-12-27, 05:31:35, 8.78e-13, 5.41e-11
2020-12-27, 05:31:40, 9.94e-13, 5.41e-11
2020-12-27, 05:31:44, 9.78e-13, 5.42e-11
2020-12-27, 05:31:48, 9.57e-13, 5.4e-11
2020-12-27, 05:31:52, 9.7e-13, 5.42e-11
2020-12-27, 05:31:57, 9.17e-13, 5.41e-11
2020-12-27, 05:32:01, 8.83e-13, 5.43e-11
2020-12-27, 05:32:05, 8.66e-13, 5.41e-11
2020-12-27, 05:32:09, 9.89e-13, 5.41e-11
2020-12-27, 05:32:13, 1.03e-12, 5.42e-11
2020-12-27, 05:32:18, 9.33e-13, 5.43e-11
2020-12-27, 05:32:22, 8.49e-13, 5.42e-11
2020-12-27, 05:32:26, 8.91e-13, 5.49e-11
2020-12-27, 05:32:30, 8.8e-13, 5.43e-11
2020-12-27, 05:32:35, 8.68e-13, 5.42e-11
2020-12-27, 05:32:39, 8.82e-13, 5.43e-11
2020-12-27, 05:32:43, 9.37e-13, 5.42e-11
2020-12-27, 05:32:47, 8.88e-13, 5.42e-11
2020-12-27, 05:32:51, 9.35e-13, 5.41e-11
2020-12-27, 05:32:56, 9.39e-13, 5.43e-11
2020-12-27, 05:33:00, 8.72e-13, 5.43e-11
2020-12-27, 05:33:04, 9.61e-13, 5.41e-11
2020-12-27, 05:33:08, 9.12e-13, 5.41e-11
2020-12-27, 05:33:13, 9.78e-13, 5.42e-11
2020-12-27, 05:33:17, 9.46e-13, 5.42e-11
2020-12-27, 05:33:21, 9.06e-13, 5.44e-11
2020-12-27, 05:33:25, 9.41e-13, 5.41e-11
2020-12-27, 05:33:29, 9.35e-13, 5.46e-11
2020-12-27, 05:33:34, 9.29e-13, 5.45e-11
2020-12-27, 05:33:38, 9.35e-13, 5.44e-11
2020-12-27, 05:33:42, 8.9e-13, 5.46e-11
2020-12-27, 05:33:46, 9.01e-13, 5.45e-11
2020-12-27, 05:33:51, 9.3e-13, 5.45e-11
2020-12-27, 05:33:55, 9.3e-13, 5.43e-11
2020-12-27, 05:33:59, 9.35e-13, 5.46e-11
2020-12-27, 05:34:03, 9.43e-13, 5.46e-11
2020-12-27, 05:34:07, 9.51e-13, 5.44e-11
2020-12-27, 05:34:12, 9.2e-13, 5.47e-11
2020-12-27, 05:34:16, 9.6e-13, 5.42e-11
2020-12-27, 05:34:20, 9.27e-13, 5.47e-11
2020-12-27, 05:34:24, 9.26e-13, 5.4e-11
2020-12-27, 05:34:29, 8.88e-13, 5.42e-11
2020-12-27, 05:34:33, 9.46e-13, 5.44e-11
2020-12-27, 05:34:37, 1.03e-12, 5.45e-11
2020-12-27, 05:34:41, 9.45e-13, 5.45e-11
2020-12-27, 05:34:45, 8.7e-13, 5.41e-11
2020-12-27, 05:34:50, 9.24e-13, 5.41e-11
2020-12-27, 05:34:54, 9.27e-13, 5.41e-11
2020-12-27, 05:34:58, 7.78e-13, 5.44e-11
2020-12-27, 05:35:02, 9.81e-13, 5.4e-11
2020-12-27, 05:35:07, 8.95e-13, 5.46e-11
2020-12-27, 05:35:11, 9.27e-13, 5.44e-11
2020-12-27, 05:35:15, 9.25e-13, 5.46e-11
2020-12-27, 05:35:19, 9.38e-13, 5.45e-11
2020-12-27, 05:35:23, 9.29e-13, 5.42e-11
2020-12-27, 05:35:28, 8.93e-13, 5.43e-11
2020-12-27, 05:35:32, 8.85e-13, 5.41e-11
2020-12-27, 05:35:36, 9.27e-13, 5.43e-11
2020-12-27, 05:35:40, 9.23e-13, 5.44e-11
2020-12-27, 05:35:45, 9.38e-13, 5.41e-11
2020-12-27, 05:35:49, 9.74e-13, 5.41e-11
2020-12-27, 05:35:53, 9.7e-13, 5.42e-11
2020-12-27, 05:35:57, 1.03e-12, 5.41e-11
2020-12-27, 05:36:01, 9.17e-13, 5.4e-11
2020-12-27, 05:36:06, 9.34e-13, 5.42e-11
2020-12-27, 05:36:10, 1.01e-12, 5.41e-11
2020-12-27, 05:36:14, 9.45e-13, 5.43e-11
2020-12-27, 05:36:18, 9.03e-13, 5.45e-11
2020-12-27, 05:36:23, 9.4e-13, 5.39e-11
2020-12-27, 05:36:27, 9.29e-13, 5.43e-11
2020-12-27, 05:36:31, 9.35e-13, 5.41e-11
2020-12-27, 05:36:35, 9.49e-13, 5.43e-11
2020-12-27, 05:36:40, 9.25e-13, 5.43e-11
2020-12-27, 05:36:44, 8.74e-13, 5.44e-11
2020-12-27, 05:36:48, 9.49e-13, 5.43e-11
2020-12-27, 05:36:52, 9.69e-13, 5.46e-11
2020-12-27, 05:36:57, 9.53e-13, 5.43e-11
2020-12-27, 05:37:01, 9.14e-13, 5.44e-11
2020-12-27, 05:37:05, 9.18e-13, 5.46e-11
2020-12-27, 05:37:09, 9.12e-13, 5.43e-11
2020-12-27, 05:37:13, 9.13e-13, 5.43e-11
2020-12-27, 05:37:18, 9.89e-13, 5.44e-11
2020-12-27, 05:37:22, 9.78e-13, 5.42e-11
2020-12-27, 05:37:26, 9.41e-13, 5.43e-11
2020-12-27, 05:37:30, 8.8e-13, 5.41e-11
2020-12-27, 05:37:34, 9.25e-13, 5.43e-11
2020-12-27, 05:37:39, 9.15e-13, 5.44e-11
2020-12-27, 05:37:43, 8.93e-13, 5.42e-11
2020-12-27, 05:37:47, 9.83e-13, 5.41e-11
2020-12-27, 05:37:51, 9.54e-13, 5.39e-11
2020-12-27, 05:37:56, 9.53e-13, 5.4e-11
2020-12-27, 05:38:00, 9.16e-13, 5.42e-11
2020-12-27, 05:38:04, 9.15e-13, 5.4e-11
2020-12-27, 05:38:08, 9.33e-13, 5.42e-11
2020-12-27, 05:38:12, 9.25e-13, 5.4e-11
2020-12-27, 05:38:17, 9.24e-13, 5.42e-11
2020-12-27, 05:38:21, 8.33e-13, 5.43e-11
2020-12-27, 05:38:25, 8.48e-13, 5.42e-11
2020-12-27, 05:38:29, 9.32e-13, 5.42e-11
2020-12-27, 05:38:34, 9.86e-13, 5.41e-11
2020-12-27, 05:38:38, 8.96e-13, 5.43e-11
2020-12-27, 05:38:42, 9.65e-13, 5.41e-11
2020-12-27, 05:38:46, 9.94e-13, 5.43e-11
2020-12-27, 05:38:50, 9.72e-13, 5.48e-11
2020-12-27, 05:38:55, 9.59e-13, 5.43e-11
2020-12-27, 05:38:59, 8.83e-13, 5.45e-11
2020-12-27, 05:39:03, 9.36e-13, 5.43e-11
2020-12-27, 05:39:07, 9.59e-13, 5.46e-11
2020-12-27, 05:39:12, 9.84e-13, 5.45e-11
2020-12-27, 05:39:16, 8.79e-13, 5.43e-11
2020-12-27, 05:39:20, 9.47e-13, 5.43e-11
2020-12-27, 05:39:24, 9.51e-13, 5.49e-11
2020-12-27, 05:39:28, 8.65e-13, 5.48e-11
2020-12-27, 05:39:33, 9.33e-13, 5.46e-11
2020-12-27, 05:39:37, 9.31e-13, 5.43e-11
2020-12-27, 05:39:41, 9.27e-13, 5.46e-11
2020-12-27, 05:39:45, 7.85e-13, 5.42e-11
2020-12-27, 05:39:50, 9.47e-13, 5.45e-11
2020-12-27, 05:39:54, 9.12e-13, 5.42e-11
2020-12-27, 05:39:58, 9.74e-13, 5.43e-11
2020-12-27, 05:40:02, 9.04e-13, 5.44e-11
2020-12-27, 05:40:06, 9.35e-13, 5.43e-11
2020-12-27, 05:40:11, 9.14e-13, 5.43e-11
2020-12-27, 05:40:15, 9.14e-13, 5.42e-11
2020-12-27, 05:40:19, 9.09e-13, 5.43e-11
2020-12-27, 05:40:23, 1.01e-12, 5.46e-11
2020-12-27, 05:40:28, 1.02e-12, 5.42e-11
2020-12-27, 05:40:32, 8.91e-13, 5.44e-11
2020-12-27, 05:40:36, 9.45e-13, 5.43e-11
2020-12-27, 05:40:40, 7.88e-13, 5.42e-11
2020-12-27, 05:40:44, 9.39e-13, 5.44e-11
2020-12-27, 05:40:49, 9.02e-13, 5.44e-11
2020-12-27, 05:40:53, 9.18e-13, 5.43e-11
2020-12-27, 05:40:57, 9.83e-13, 5.45e-11
2020-12-27, 05:41:01, 9.82e-13, 5.45e-11
2020-12-27, 05:41:06, 9.2e-13, 5.43e-11
2020-12-27, 05:41:10, 9.32e-13, 5.43e-11
2020-12-27, 05:41:14, 9.18e-13, 5.41e-11
2020-12-27, 05:41:18, 9.36e-13, 5.41e-11
2020-12-27, 05:41:22, 8.98e-13, 5.46e-11
2020-12-27, 05:41:27, 9.33e-13, 5.42e-11
2020-12-27, 05:41:31, 9.74e-13, 5.47e-11
2020-12-27, 05:41:35, 9.19e-13, 5.45e-11
2020-12-27, 05:41:39, 9.39e-13, 5.44e-11
2020-12-27, 05:41:44, 8.58e-13, 5.46e-11
2020-12-27, 05:41:48, 9.13e-13, 5.47e-11
2020-12-27, 05:41:52, 9.74e-13, 5.47e-11
2020-12-27, 05:41:56, 9.61e-13, 5.44e-11
2020-12-27, 05:42:00, 9.42e-13, 5.44e-11
2020-12-27, 05:42:05, 9.52e-13, 5.46e-11
2020-12-27, 05:42:09, 9.45e-13, 5.46e-11
2020-12-27, 05:42:13, 9.89e-13, 5.48e-11
2020-12-27, 05:42:17, 9.35e-13, 5.42e-11
2020-12-27, 05:42:22, 9.5e-13, 5.42e-11
2020-12-27, 05:42:26, 8.76e-13, 5.43e-11
2020-12-27, 05:42:30, 9.49e-13, 5.42e-11
2020-12-27, 05:42:34, 8.54e-13, 5.43e-11
2020-12-27, 05:42:38, 9.37e-13, 5.44e-11
2020-12-27, 05:42:43, 9.14e-13, 5.42e-11
2020-12-27, 05:42:47, 9.43e-13, 5.43e-11
2020-12-27, 05:42:51, 9.01e-13, 5.44e-11
2020-12-27, 05:42:55, 9.3e-13, 5.45e-11
2020-12-27, 05:42:59, 9.14e-13, 5.41e-11
2020-12-27, 05:43:04, 9.36e-13, 5.43e-11
2020-12-27, 05:43:08, 9.55e-13, 5.4e-11
2020-12-27, 05:43:12, 9.43e-13, 5.4e-11
2020-12-27, 05:43:16, 8.46e-13, 5.42e-11
2020-12-27, 05:43:21, 9.36e-13, 5.43e-11
2020-12-27, 05:43:25, 9.76e-13, 5.41e-11
2020-12-27, 05:43:29, 9.29e-13, 5.44e-11
2020-12-27, 05:43:33, 9.23e-13, 5.47e-11
2020-12-27, 05:43:37, 1.1e-12, 5.43e-11
2020-12-27, 05:43:42, 9.46e-13, 5.44e-11
2020-12-27, 05:43:46, 8.57e-13, 5.43e-11
2020-12-27, 05:43:50, 9.96e-13, 5.44e-11
2020-12-27, 05:43:54, 8.99e-13, 5.43e-11
2020-12-27, 05:43:59, 9.25e-13, 5.42e-11
2020-12-27, 05:44:03, 9.53e-13, 5.42e-11
2020-12-27, 05:44:07, 9e-13, 5.41e-11
2020-12-27, 05:44:11, 9.73e-13, 5.43e-11
2020-12-27, 05:44:15, 9.6e-13, 5.42e-11
2020-12-27, 05:44:20, 9.55e-13, 5.41e-11
2020-12-27, 05:44:24, 8.62e-13, 5.43e-11
2020-12-27, 05:44:28, 9.3e-13, 5.42e-11
2020-12-27, 05:44:32, 9.65e-13, 5.42e-11
2020-12-27, 05:44:37, 7.95e-13, 5.42e-11
2020-12-27, 05:44:41, 9.32e-13, 5.44e-11
2020-12-27, 05:44:45, 8.89e-13, 5.43e-11
2020-12-27, 05:44:49, 9.08e-13, 5.42e-11
2020-12-27, 05:44:53, 9.18e-13, 5.44e-11
2020-12-27, 05:44:58, 9.26e-13, 5.44e-11
2020-12-27, 05:45:02, 8.85e-13, 5.44e-11
2020-12-27, 05:45:06, 9.89e-13, 5.44e-11
2020-12-27, 05:45:10, 8.98e-13, 5.45e-11
2020-12-27, 05:45:15, 8.77e-13, 5.45e-11
2020-12-27, 05:45:19, 8.87e-13, 5.42e-11
2020-12-27, 05:45:23, 9.1e-13, 5.43e-11
2020-12-27, 05:45:27, 1.03e-12, 5.43e-11
2020-12-27, 05:45:31, 9.29e-13, 5.43e-11
2020-12-27, 05:45:36, 8.29e-13, 5.43e-11
2020-12-27, 05:45:40, 9.62e-13, 5.42e-11
2020-12-27, 05:45:44, 9.29e-13, 5.43e-11
2020-12-27, 05:45:48, 9.14e-13, 5.45e-11
2020-12-27, 05:45:53, 9.3e-13, 5.47e-11
2020-12-27, 05:45:57, 9.13e-13, 5.45e-11
2020-12-27, 05:46:01, 9.32e-13, 5.46e-11
2020-12-27, 05:46:05, 9.83e-13, 5.42e-11
2020-12-27, 05:46:09, 9.52e-13, 5.45e-11
2020-12-27, 05:46:14, 9.46e-13, 5.42e-11
2020-12-27, 05:46:18, 8.8e-13, 5.42e-11
2020-12-27, 05:46:22, 8.92e-13, 5.42e-11
2020-12-27, 05:46:26, 1.07e-12, 5.44e-11
2020-12-27, 05:46:31, 9.42e-13, 5.44e-11
2020-12-27, 05:46:35, 9.55e-13, 5.43e-11
2020-12-27, 05:46:39, 8.94e-13, 5.44e-11
2020-12-27, 05:46:43, 8.77e-13, 5.47e-11
2020-12-27, 05:46:47, 8.76e-13, 5.42e-11
2020-12-27, 05:46:52, 8.39e-13, 5.41e-11
2020-12-27, 05:46:56, 8.84e-13, 5.42e-11
2020-12-27, 05:47:00, 9.67e-13, 5.42e-11
2020-12-27, 05:47:04, 9.55e-13, 5.42e-11
2020-12-27, 05:47:09, 9.46e-13, 5.44e-11
2020-12-27, 05:47:13, 9.38e-13, 5.44e-11
2020-12-27, 05:47:17, 9.55e-13, 5.44e-11
2020-12-27, 05:47:21, 9.59e-13, 5.45e-11
2020-12-27, 05:47:25, 9.18e-13, 5.46e-11
2020-12-27, 05:47:30, 9.23e-13, 5.48e-11
2020-12-27, 05:47:34, 9.37e-13, 5.46e-11
2020-12-27, 05:47:38, 8.89e-13, 5.46e-11
2020-12-27, 05:47:42, 9.02e-13, 5.48e-11
2020-12-27, 05:47:47, 9.95e-13, 5.47e-11
2020-12-27, 05:47:51, 9.34e-13, 5.47e-11
2020-12-27, 05:47:55, 9.25e-13, 5.45e-11
2020-12-27, 05:47:59, 9.05e-13, 5.46e-11
2020-12-27, 05:48:03, 9.08e-13, 5.45e-11
2020-12-27, 05:48:08, 1.03e-12, 5.43e-11
2020-12-27, 05:48:12, 9.26e-13, 5.46e-11
2020-12-27, 05:48:16, 9.85e-13, 5.41e-11
2020-12-27, 05:48:20, 9.86e-13, 5.45e-11
2020-12-27, 05:48:24, 9.01e-13, 5.41e-11
2020-12-27, 05:48:29, 9.69e-13, 5.43e-11
2020-12-27, 05:48:33, 9.51e-13, 5.42e-11
2020-12-27, 05:48:37, 9.53e-13, 5.42e-11
2020-12-27, 05:48:41, 9.38e-13, 5.45e-11
2020-12-27, 05:48:46, 9.72e-13, 5.48e-11
2020-12-27, 05:48:50, 9.03e-13, 5.48e-11
2020-12-27, 05:48:54, 9.24e-13, 5.48e-11
2020-12-27, 05:48:58, 8.59e-13, 5.45e-11
2020-12-27, 05:49:02, 9.19e-13, 5.45e-11
2020-12-27, 05:49:07, 1.01e-12, 5.44e-11
2020-12-27, 05:49:11, 8.51e-13, 5.49e-11
2020-12-27, 05:49:15, 9.08e-13, 5.47e-11
2020-12-27, 05:49:19, 9.59e-13, 5.47e-11
2020-12-27, 05:49:24, 9.7e-13, 5.45e-11
2020-12-27, 05:49:28, 9.44e-13, 5.44e-11
2020-12-27, 05:49:32, 9.01e-13, 5.43e-11
2020-12-27, 05:49:36, 9.3e-13, 5.42e-11
2020-12-27, 05:49:40, 9.16e-13, 5.45e-11
2020-12-27, 05:49:45, 9.15e-13, 5.44e-11
2020-12-27, 05:49:49, 9.32e-13, 5.43e-11
2020-12-27, 05:49:53, 9.26e-13, 5.43e-11
2020-12-27, 05:49:57, 9.45e-13, 5.43e-11
2020-12-27, 05:50:02, 9.42e-13, 5.43e-11
2020-12-27, 05:50:06, 9.01e-13, 5.41e-11
2020-12-27, 05:50:10, 9.35e-13, 5.43e-11
2020-12-27, 05:50:14, 9.43e-13, 5.41e-11
2020-12-27, 05:50:18, 9.38e-13, 5.43e-11
2020-12-27, 05:50:23, 8.55e-13, 5.43e-11
2020-12-27, 05:50:27, 9.33e-13, 5.43e-11
2020-12-27, 05:50:31, 9.09e-13, 5.44e-11
2020-12-27, 05:50:35, 9.28e-13, 5.42e-11
2020-12-27, 05:50:40, 9.37e-13, 5.41e-11
2020-12-27, 05:50:44, 9.39e-13, 5.43e-11
2020-12-27, 05:50:48, 8.84e-13, 5.44e-11
2020-12-27, 05:50:52, 9.22e-13, 5.46e-11
2020-12-27, 05:50:56, 9.06e-13, 5.45e-11
2020-12-27, 05:51:01, 1.06e-12, 5.44e-11
2020-12-27, 05:51:05, 8.91e-13, 5.42e-11
2020-12-27, 05:51:09, 9.17e-13, 5.43e-11
2020-12-27, 05:51:13, 7.93e-13, 5.42e-11
2020-12-27, 05:51:18, 9.1e-13, 5.46e-11
2020-12-27, 05:51:22, 9.04e-13, 5.44e-11
2020-12-27, 05:51:26, 9.32e-13, 5.46e-11
2020-12-27, 05:51:30, 9.22e-13, 5.45e-11
2020-12-27, 05:51:34, 8.52e-13, 5.41e-11
2020-12-27, 05:51:39, 1.01e-12, 5.43e-11
2020-12-27, 05:51:43, 9.55e-13, 5.44e-11
2020-12-27, 05:51:47, 9.45e-13, 5.48e-11
2020-12-27, 05:51:51, 9.5e-13, 5.44e-11
2020-12-27, 05:51:56, 9.7e-13, 5.46e-11
2020-12-27, 05:52:00, 9.38e-13, 5.44e-11
2020-12-27, 05:52:04, 9.27e-13, 5.45e-11
2020-12-27, 05:52:08, 9.06e-13, 5.47e-11
2020-12-27, 05:52:12, 9.54e-13, 5.44e-11
2020-12-27, 05:52:17, 8.96e-13, 5.44e-11
2020-12-27, 05:52:21, 9.52e-13, 5.46e-11
2020-12-27, 05:52:25, 9.87e-13, 5.43e-11
2020-12-27, 05:52:29, 8.51e-13, 5.43e-11
2020-12-27, 05:52:34, 9.52e-13, 5.42e-11
2020-12-27, 05:52:38, 9.18e-13, 5.42e-11
2020-12-27, 05:52:42, 9.54e-13, 5.42e-11
2020-12-27, 05:52:46, 8.88e-13, 5.44e-11
2020-12-27, 05:52:50, 9.03e-13, 5.43e-11
2020-12-27, 05:52:55, 9.84e-13, 5.42e-11
2020-12-27, 05:52:59, 9.06e-13, 5.42e-11
2020-12-27, 05:53:03, 1.01e-12, 5.45e-11
2020-12-27, 05:53:07, 9.69e-13, 5.46e-11
2020-12-27, 05:53:12, 9.4e-13, 5.48e-11
2020-12-27, 05:53:16, 9.44e-13, 5.44e-11
2020-12-27, 05:53:20, 1.12e-12, 5.46e-11
2020-12-27, 05:53:24, 9.6e-13, 5.46e-11
2020-12-27, 05:53:28, 8.95e-13, 5.43e-11
2020-12-27, 05:53:33, 9.47e-13, 5.42e-11
2020-12-27, 05:53:37, 9.63e-13, 5.45e-11
2020-12-27, 05:53:41, 1.02e-12, 5.42e-11
2020-12-27, 05:53:45, 9.51e-13, 5.44e-11
2020-12-27, 05:53:49, 9.1e-13, 5.42e-11
2020-12-27, 05:53:54, 9.85e-13, 5.43e-11
2020-12-27, 05:53:58, 9.39e-13, 5.43e-11
2020-12-27, 05:54:02, 9.28e-13, 5.42e-11
2020-12-27, 05:54:06, 8.95e-13, 5.46e-11
2020-12-27, 05:54:11, 9.76e-13, 5.4e-11
2020-12-27, 05:54:15, 9.17e-13, 5.4e-11
2020-12-27, 05:54:19, 9.33e-13, 5.41e-11
2020-12-27, 05:54:23, 1.08e-12, 5.41e-11
2020-12-27, 05:54:27, 9.41e-13, 5.42e-11
2020-12-27, 05:54:32, 9.32e-13, 5.45e-11
2020-12-27, 05:54:36, 9.08e-13, 5.43e-11
2020-12-27, 05:54:40, 8.86e-13, 5.45e-11
2020-12-27, 05:54:44, 8.22e-13, 5.44e-11
2020-12-27, 05:54:49, 9.77e-13, 5.47e-11
2020-12-27, 05:54:53, 9.27e-13, 5.45e-11
2020-12-27, 05:54:57, 9.6e-13, 5.42e-11
2020-12-27, 05:55:01, 9.34e-13, 5.38e-11
2020-12-27, 05:55:06, 9.58e-13, 5.44e-11
2020-12-27, 05:55:10, 9.32e-13, 5.41e-11
2020-12-27, 05:55:14, 8.96e-13, 5.4e-11
2020-12-27, 05:55:18, 9.28e-13, 5.42e-11
2020-12-27, 05:55:23, 9.12e-13, 5.41e-11
2020-12-27, 05:55:27, 8.78e-13, 5.45e-11
2020-12-27, 05:55:31, 9.03e-13, 5.45e-11
2020-12-27, 05:55:35, 8.96e-13, 5.42e-11
2020-12-27, 05:55:39, 9.7e-13, 5.44e-11
2020-12-27, 05:55:44, 1.03e-12, 5.47e-11
2020-12-27, 05:55:48, 9e-13, 5.43e-11
2020-12-27, 05:55:52, 8.07e-13, 5.43e-11
2020-12-27, 05:55:56, 9.25e-13, 5.46e-11
2020-12-27, 05:56:01, 9.12e-13, 5.44e-11
2020-12-27, 05:56:05, 9.23e-13, 5.43e-11
2020-12-27, 05:56:09, 8.63e-13, 5.43e-11
2020-12-27, 05:56:13, 9.47e-13, 5.45e-11
2020-12-27, 05:56:17, 9.46e-13, 5.45e-11
2020-12-27, 05:56:22, 8.91e-13, 5.42e-11
2020-12-27, 05:56:26, 8.79e-13, 5.43e-11
2020-12-27, 05:56:30, 8.93e-13, 5.45e-11
2020-12-27, 05:56:34, 9.93e-13, 5.44e-11
2020-12-27, 05:56:38, 9.03e-13, 5.44e-11
2020-12-27, 05:56:43, 9.41e-13, 5.44e-11
2020-12-27, 05:56:47, 8.76e-13, 5.44e-11
2020-12-27, 05:56:51, 9.37e-13, 5.43e-11
2020-12-27, 05:56:55, 1.02e-12, 5.41e-11
2020-12-27, 05:57:00, 9e-13, 5.42e-11
2020-12-27, 05:57:04, 9.47e-13, 5.46e-11
2020-12-27, 05:57:08, 1.03e-12, 5.43e-11
2020-12-27, 05:57:12, 9.45e-13, 5.46e-11
2020-12-27, 05:57:16, 8.77e-13, 5.46e-11
2020-12-27, 05:57:21, 8.89e-13, 5.46e-11
2020-12-27, 05:57:25, 1.09e-12, 5.43e-11
2020-12-27, 05:57:29, 9.79e-13, 5.42e-11
2020-12-27, 05:57:33, 8.97e-13, 5.46e-11
2020-12-27, 05:57:38, 9.67e-13, 5.45e-11
2020-12-27, 05:57:42, 9.27e-13, 5.44e-11
2020-12-27, 05:57:46, 9.1e-13, 5.45e-11
2020-12-27, 05:57:50, 7.68e-13, 5.44e-11
2020-12-27, 05:57:54, 9.06e-13, 5.44e-11
2020-12-27, 05:57:59, 8.64e-13, 5.47e-11
2020-12-27, 05:58:03, 9.42e-13, 5.45e-11
2020-12-27, 05:58:07, 9.36e-13, 5.45e-11
2020-12-27, 05:58:11, 9.06e-13, 5.46e-11
2020-12-27, 05:58:16, 9.7e-13, 5.45e-11
2020-12-27, 05:58:20, 9.33e-13, 5.44e-11
2020-12-27, 05:58:26, 9.3e-13, 5.42e-11
2020-12-27, 05:58:30, 9.65e-13, 5.43e-11
2020-12-27, 05:58:34, 9.51e-13, 5.43e-11
2020-12-27, 05:58:38, 9.37e-13, 5.44e-11
2020-12-27, 05:58:43, 9.41e-13, 5.44e-11
2020-12-27, 05:58:47, 9.12e-13, 5.46e-11
2020-12-27, 05:58:51, 8.97e-13, 5.49e-11
2020-12-27, 05:58:55, 1.03e-12, 5.49e-11
2020-12-27, 05:59:00, 8.78e-13, 5.45e-11
2020-12-27, 05:59:04, 9.29e-13, 5.45e-11
2020-12-27, 05:59:08, 8.8e-13, 5.4e-11
2020-12-27, 05:59:12, 8.88e-13, 5.43e-11
2020-12-27, 05:59:17, 9.79e-13, 5.41e-11
2020-12-27, 05:59:21, 9.35e-13, 5.42e-11
2020-12-27, 05:59:25, 9.41e-13, 5.44e-11
2020-12-27, 05:59:29, 9.23e-13, 5.41e-11
2020-12-27, 05:59:33, 9.57e-13, 5.41e-11
2020-12-27, 05:59:38, 9.13e-13, 5.42e-11
2020-12-27, 05:59:42, 9.08e-13, 5.4e-11
2020-12-27, 05:59:46, 9.15e-13, 5.43e-11
2020-12-27, 05:59:51, 9.9e-13, 5.47e-11
2020-12-27, 05:59:55, 9.04e-13, 5.45e-11
2020-12-27, 05:59:59, 9.04e-13, 5.43e-11
2020-12-27, 06:00:03, 9.29e-13, 5.44e-11
2020-12-27, 06:00:08, 9.2e-13, 5.45e-11
2020-12-27, 06:00:12, 9.91e-13, 5.45e-11
2020-12-27, 06:00:16, 8.6e-13, 5.45e-11
2020-12-27, 06:00:20, 8.99e-13, 5.48e-11
2020-12-27, 06:00:24, 9.43e-13, 5.47e-11
2020-12-27, 06:00:29, 9.29e-13, 5.48e-11
2020-12-27, 06:00:33, 9.42e-13, 5.44e-11
2020-12-27, 06:00:37, 9.06e-13, 5.47e-11
2020-12-27, 06:00:41, 9.37e-13, 5.46e-11
2020-12-27, 06:00:46, 8.87e-13, 5.45e-11
2020-12-27, 06:00:50, 9.34e-13, 5.44e-11
2020-12-27, 06:00:54, 8.88e-13, 5.46e-11
2020-12-27, 06:00:59, 9.89e-13, 5.43e-11
2020-12-27, 06:01:03, 8.67e-13, 5.43e-11
2020-12-27, 06:01:07, 9e-13, 5.43e-11
2020-12-27, 06:01:11, 9.42e-13, 5.48e-11
2020-12-27, 06:01:15, 9.14e-13, 5.47e-11
2020-12-27, 06:01:20, 9.18e-13, 5.48e-11
2020-12-27, 06:01:24, 8.95e-13, 5.46e-11
2020-12-27, 06:01:28, 9.79e-13, 5.43e-11
2020-12-27, 06:01:32, 9.33e-13, 5.43e-11
2020-12-27, 06:01:37, 9.22e-13, 5.47e-11
2020-12-27, 06:01:41, 9.04e-13, 5.45e-11
2020-12-27, 06:01:45, 7.98e-13, 5.47e-11
2020-12-27, 06:01:49, 8.93e-13, 5.48e-11
2020-12-27, 06:01:53, 9.2e-13, 5.43e-11
2020-12-27, 06:01:58, 8.91e-13, 5.42e-11
2020-12-27, 06:02:02, 8.96e-13, 5.43e-11
2020-12-27, 06:02:06, 9.53e-13, 5.42e-11
2020-12-27, 06:02:10, 9.33e-13, 5.43e-11
2020-12-27, 06:02:15, 9.34e-13, 5.42e-11
2020-12-27, 06:02:19, 8.39e-13, 5.42e-11
2020-12-27, 06:02:23, 9.66e-13, 5.45e-11
2020-12-27, 06:02:27, 8.77e-13, 5.42e-11
2020-12-27, 06:02:31, 9.19e-13, 5.44e-11
2020-12-27, 06:02:36, 1.05e-12, 5.42e-11
2020-12-27, 06:02:40, 9.51e-13, 5.44e-11
2020-12-27, 06:02:44, 9.45e-13, 5.44e-11
2020-12-27, 06:02:48, 9.73e-13, 5.43e-11
2020-12-27, 06:02:53, 9.32e-13, 5.42e-11
2020-12-27, 06:02:57, 8.85e-13, 5.46e-11
2020-12-27, 06:03:01, 9.84e-13, 5.41e-11
2020-12-27, 06:03:05, 9.62e-13, 5.43e-11
2020-12-27, 06:03:09, 9.35e-13, 5.42e-11
2020-12-27, 06:03:14, 8.92e-13, 5.43e-11
2020-12-27, 06:03:18, 7.58e-13, 5.45e-11
2020-12-27, 06:03:22, 9.75e-13, 5.44e-11
2020-12-27, 06:03:26, 1.01e-12, 5.43e-11
2020-12-27, 06:03:31, 9.91e-13, 5.42e-11
2020-12-27, 06:03:35, 9.2e-13, 5.42e-11
2020-12-27, 06:03:39, 9.27e-13, 5.41e-11
2020-12-27, 06:03:43, 9.27e-13, 5.43e-11
2020-12-27, 06:03:47, 8.95e-13, 5.41e-11
2020-12-27, 06:03:52, 9.32e-13, 5.42e-11
2020-12-27, 06:03:56, 9.46e-13, 5.4e-11
2020-12-27, 06:04:00, 8.78e-13, 5.44e-11
2020-12-27, 06:04:04, 9.51e-13, 5.42e-11
2020-12-27, 06:04:09, 8.71e-13, 5.4e-11
2020-12-27, 06:04:13, 9.42e-13, 5.44e-11
2020-12-27, 06:04:17, 9.02e-13, 5.42e-11
2020-12-27, 06:04:21, 9.44e-13, 5.41e-11
2020-12-27, 06:04:25, 9.24e-13, 5.42e-11
2020-12-27, 06:04:30, 1e-12, 5.4e-11
2020-12-27, 06:04:34, 9.38e-13, 5.41e-11
2020-12-27, 06:04:38, 9.27e-13, 5.43e-11
2020-12-27, 06:04:42, 8.08e-13, 5.43e-11
2020-12-27, 06:04:46, 9.26e-13, 5.43e-11
2020-12-27, 06:04:51, 9.09e-13, 5.43e-11
2020-12-27, 06:04:55, 9.63e-13, 5.44e-11
2020-12-27, 06:04:59, 1.11e-12, 5.39e-11
2020-12-27, 06:05:03, 9.11e-13, 5.4e-11
2020-12-27, 06:05:08, 9.4e-13, 5.4e-11
2020-12-27, 06:05:12, 8.96e-13, 5.4e-11
2020-12-27, 06:05:16, 9.23e-13, 5.4e-11
2020-12-27, 06:05:20, 9.25e-13, 5.42e-11
2020-12-27, 06:05:24, 9.58e-13, 5.42e-11
2020-12-27, 06:05:29, 9.29e-13, 5.44e-11
2020-12-27, 06:05:33, 8.02e-13, 5.42e-11
2020-12-27, 06:05:37, 9.45e-13, 5.42e-11
2020-12-27, 06:05:41, 8.95e-13, 5.42e-11
2020-12-27, 06:05:46, 9.31e-13, 5.38e-11
2020-12-27, 06:05:50, 9.3e-13, 5.39e-11
2020-12-27, 06:05:54, 9.37e-13, 5.4e-11
2020-12-27, 06:05:58, 9.61e-13, 5.39e-11
2020-12-27, 06:06:02, 9.84e-13, 5.39e-11
2020-12-27, 06:06:07, 9.06e-13, 5.42e-11
2020-12-27, 06:06:11, 9.73e-13, 5.44e-11
2020-12-27, 06:06:15, 8.42e-13, 5.41e-11
2020-12-27, 06:06:19, 9.81e-13, 5.4e-11
2020-12-27, 06:06:24, 8.17e-13, 5.39e-11
2020-12-27, 06:06:28, 8.79e-13, 5.4e-11
2020-12-27, 06:06:32, 8.98e-13, 5.44e-11
2020-12-27, 06:06:36, 9.3e-13, 5.46e-11
2020-12-27, 06:06:40, 8.6e-13, 5.46e-11
2020-12-27, 06:06:45, 9.27e-13, 5.44e-11
2020-12-27, 06:06:49, 9.45e-13, 5.44e-11
2020-12-27, 06:06:53, 9.6e-13, 5.45e-11
2020-12-27, 06:06:57, 9.19e-13, 5.41e-11
2020-12-27, 06:07:02, 1.01e-12, 5.42e-11
2020-12-27, 06:07:06, 9.47e-13, 5.39e-11
2020-12-27, 06:07:10, 8.49e-13, 5.42e-11
2020-12-27, 06:07:14, 9.03e-13, 5.39e-11
2020-12-27, 06:07:18, 9.25e-13, 5.42e-11
2020-12-27, 06:07:23, 9.55e-13, 5.43e-11
2020-12-27, 06:07:27, 9.43e-13, 5.39e-11
2020-12-27, 06:07:31, 9.52e-13, 5.41e-11
2020-12-27, 06:07:35, 8.74e-13, 5.42e-11
2020-12-27, 06:07:40, 9.04e-13, 5.41e-11
2020-12-27, 06:07:44, 9.09e-13, 5.43e-11
2020-12-27, 06:07:48, 8.88e-13, 5.41e-11
2020-12-27, 06:07:52, 1.1e-12, 5.41e-11
2020-12-27, 06:07:56, 8.92e-13, 5.43e-11
2020-12-27, 06:08:01, 9.68e-13, 5.42e-11
2020-12-27, 06:08:05, 9.46e-13, 5.42e-11
2020-12-27, 06:08:09, 9.05e-13, 5.39e-11
2020-12-27, 06:08:13, 8.94e-13, 5.41e-11
2020-12-27, 06:08:18, 9.93e-13, 5.4e-11
2020-12-27, 06:08:22, 9.12e-13, 5.43e-11
2020-12-27, 06:08:26, 9.58e-13, 5.47e-11
2020-12-27, 06:08:30, 9.35e-13, 5.44e-11
2020-12-27, 06:08:34, 9.41e-13, 5.47e-11
2020-12-27, 06:08:39, 9.48e-13, 5.42e-11
2020-12-27, 06:08:43, 9.18e-13, 5.44e-11
2020-12-27, 06:08:47, 9.33e-13, 5.41e-11
2020-12-27, 06:08:51, 9.43e-13, 5.45e-11
2020-12-27, 06:08:56, 9.2e-13, 5.44e-11
2020-12-27, 06:09:00, 9.62e-13, 5.42e-11
2020-12-27, 06:09:04, 9.45e-13, 5.41e-11
2020-12-27, 06:09:08, 9.16e-13, 5.4e-11
2020-12-27, 06:09:12, 8.71e-13, 5.43e-11
2020-12-27, 06:09:17, 9.6e-13, 5.42e-11
2020-12-27, 06:09:21, 9.66e-13, 5.4e-11
2020-12-27, 06:09:25, 8.99e-13, 5.42e-11
2020-12-27, 06:09:29, 9.39e-13, 5.39e-11
2020-12-27, 06:09:34, 9.35e-13, 5.37e-11
2020-12-27, 06:09:38, 9.26e-13, 5.39e-11
2020-12-27, 06:09:42, 8.91e-13, 5.4e-11
2020-12-27, 06:09:46, 9.27e-13, 5.38e-11
2020-12-27, 06:09:50, 9.52e-13, 5.4e-11
2020-12-27, 06:09:55, 9.51e-13, 5.37e-11
2020-12-27, 06:09:59, 9.5e-13, 5.4e-11
2020-12-27, 06:10:03, 9.61e-13, 5.41e-11
2020-12-27, 06:10:07, 9.13e-13, 5.41e-11
2020-12-27, 06:10:11, 1.01e-12, 5.42e-11
2020-12-27, 06:10:16, 9.42e-13, 5.4e-11
2020-12-27, 06:10:20, 9.31e-13, 5.4e-11
2020-12-27, 06:10:24, 9.66e-13, 5.4e-11
2020-12-27, 06:10:28, 1.04e-12, 5.4e-11
2020-12-27, 06:10:33, 9.17e-13, 5.41e-11
2020-12-27, 06:10:37, 9.74e-13, 5.41e-11
2020-12-27, 06:10:41, 9.52e-13, 5.4e-11
2020-12-27, 06:10:45, 8.92e-13, 5.41e-11
2020-12-27, 06:10:49, 9.59e-13, 5.39e-11
2020-12-27, 06:10:54, 9.58e-13, 5.4e-11
2020-12-27, 06:10:58, 8.9e-13, 5.38e-11
2020-12-27, 06:11:02, 8.66e-13, 5.4e-11
2020-12-27, 06:11:06, 9.78e-13, 5.41e-11
2020-12-27, 06:11:11, 9.76e-13, 5.41e-11
2020-12-27, 06:11:15, 9.21e-13, 5.4e-11
2020-12-27, 06:11:19, 9.45e-13, 5.4e-11
2020-12-27, 06:11:23, 9.37e-13, 5.4e-11
2020-12-27, 06:11:27, 8.94e-13, 5.43e-11
2020-12-27, 06:11:32, 9.48e-13, 5.41e-11
2020-12-27, 06:11:36, 9.33e-13, 5.41e-11
2020-12-27, 06:11:40, 8.8e-13, 5.44e-11
2020-12-27, 06:11:44, 9.21e-13, 5.43e-11
2020-12-27, 06:11:49, 9.38e-13, 5.43e-11
2020-12-27, 06:11:53, 8.56e-13, 5.43e-11
2020-12-27, 06:11:57, 9.61e-13, 5.41e-11
2020-12-27, 06:12:01, 8.85e-13, 5.43e-11
2020-12-27, 06:12:05, 9.06e-13, 5.41e-11
2020-12-27, 06:12:10, 1.06e-12, 5.42e-11
2020-12-27, 06:12:14, 9.69e-13, 5.42e-11
2020-12-27, 06:12:18, 9.89e-13, 5.41e-11
2020-12-27, 06:12:22, 9.26e-13, 5.42e-11
2020-12-27, 06:12:27, 9.41e-13, 5.43e-11
2020-12-27, 06:12:31, 9.29e-13, 5.42e-11
2020-12-27, 06:12:35, 9.13e-13, 5.41e-11
2020-12-27, 06:12:39, 9.63e-13, 5.42e-11
2020-12-27, 06:12:43, 9.43e-13, 5.42e-11
2020-12-27, 06:12:48, 9.08e-13, 5.42e-11
2020-12-27, 06:12:52, 9.32e-13, 5.42e-11
2020-12-27, 06:12:56, 9.66e-13, 5.43e-11
2020-12-27, 06:13:00, 9.39e-13, 5.4e-11
2020-12-27, 06:13:05, 1.03e-12, 5.39e-11
2020-12-27, 06:13:09, 9.3e-13, 5.4e-11
2020-12-27, 06:13:13, 9.42e-13, 5.41e-11
2020-12-27, 06:13:17, 9.49e-13, 5.43e-11
2020-12-27, 06:13:21, 9.6e-13, 5.42e-11
2020-12-27, 06:13:26, 9.4e-13, 5.42e-11
2020-12-27, 06:13:30, 9.26e-13, 5.42e-11
2020-12-27, 06:13:34, 9.14e-13, 5.43e-11
2020-12-27, 06:13:38, 9.64e-13, 5.41e-11
2020-12-27, 06:13:43, 9.31e-13, 5.44e-11
2020-12-27, 06:13:47, 9.17e-13, 5.42e-11
2020-12-27, 06:13:51, 9.41e-13, 5.41e-11
2020-12-27, 06:13:55, 9.08e-13, 5.4e-11
2020-12-27, 06:13:59, 8.98e-13, 5.43e-11
2020-12-27, 06:14:04, 9.24e-13, 5.41e-11
2020-12-27, 06:14:08, 9.13e-13, 5.44e-11
2020-12-27, 06:14:12, 8.99e-13, 5.44e-11
2020-12-27, 06:14:16, 9.27e-13, 5.46e-11
2020-12-27, 06:14:21, 9.07e-13, 5.43e-11
2020-12-27, 06:14:25, 9.43e-13, 5.45e-11
2020-12-27, 06:14:29, 9.31e-13, 5.41e-11
2020-12-27, 06:14:33, 1.01e-12, 5.42e-11
2020-12-27, 06:14:37, 9.6e-13, 5.42e-11
2020-12-27, 06:14:42, 1.08e-12, 5.42e-11
2020-12-27, 06:14:46, 8.71e-13, 5.41e-11
2020-12-27, 06:14:50, 9.45e-13, 5.42e-11
2020-12-27, 06:14:54, 8.5e-13, 5.41e-11
2020-12-27, 06:14:58, 9.06e-13, 5.43e-11
2020-12-27, 06:15:03, 9.57e-13, 5.43e-11
2020-12-27, 06:15:07, 1.13e-12, 5.41e-11
2020-12-27, 06:15:11, 9.56e-13, 5.43e-11
2020-12-27, 06:15:15, 9.51e-13, 5.44e-11
2020-12-27, 06:15:20, 9.47e-13, 5.44e-11
2020-12-27, 06:15:24, 8.83e-13, 5.43e-11
2020-12-27, 06:15:28, 8.38e-13, 5.41e-11
2020-12-27, 06:15:32, 9.57e-13, 5.4e-11
2020-12-27, 06:15:36, 9.13e-13, 5.42e-11
2020-12-27, 06:15:41, 9.22e-13, 5.37e-11
2020-12-27, 06:15:45, 9.85e-13, 5.4e-11
2020-12-27, 06:15:49, 1e-12, 5.39e-11
2020-12-27, 06:15:53, 9.54e-13, 5.39e-11
2020-12-27, 06:15:58, 9.6e-13, 5.42e-11
2020-12-27, 06:16:02, 9.37e-13, 5.45e-11
2020-12-27, 06:16:06, 7.98e-13, 5.4e-11
2020-12-27, 06:16:10, 8.59e-13, 5.44e-11
2020-12-27, 06:16:14, 9.56e-13, 5.42e-11
2020-12-27, 06:16:19, 9.01e-13, 5.42e-11
2020-12-27, 06:16:23, 8.94e-13, 5.4e-11
2020-12-27, 06:16:27, 9.38e-13, 5.44e-11
2020-12-27, 06:16:31, 9.62e-13, 5.42e-11
2020-12-27, 06:16:36, 9.58e-13, 5.4e-11
2020-12-27, 06:16:40, 9.34e-13, 5.41e-11
2020-12-27, 06:16:44, 9.65e-13, 5.45e-11
2020-12-27, 06:16:48, 9.29e-13, 5.42e-11
2020-12-27, 06:16:52, 9.12e-13, 5.43e-11
2020-12-27, 06:16:57, 9.4e-13, 5.42e-11
2020-12-27, 06:17:01, 9.48e-13, 5.45e-11
2020-12-27, 06:17:05, 8.72e-13, 5.42e-11
2020-12-27, 06:17:09, 9.32e-13, 5.4e-11
2020-12-27, 06:17:14, 8.9e-13, 5.41e-11
2020-12-27, 06:17:18, 9.2e-13, 5.42e-11
2020-12-27, 06:17:22, 8.32e-13, 5.41e-11
2020-12-27, 06:17:26, 1.08e-12, 5.38e-11
2020-12-27, 06:17:30, 9.08e-13, 5.39e-11
2020-12-27, 06:17:35, 9.48e-13, 5.4e-11
2020-12-27, 06:17:39, 9.12e-13, 5.4e-11
2020-12-27, 06:17:43, 9.24e-13, 5.43e-11
2020-12-27, 06:17:47, 9.69e-13, 5.42e-11
2020-12-27, 06:17:52, 9.33e-13, 5.43e-11
2020-12-27, 06:17:56, 9.82e-13, 5.44e-11
2020-12-27, 06:18:00, 9.82e-13, 5.41e-11
2020-12-27, 06:18:04, 8.83e-13, 5.43e-11
2020-12-27, 06:18:08, 8.93e-13, 5.41e-11
2020-12-27, 06:18:13, 9.58e-13, 5.41e-11
2020-12-27, 06:18:17, 9.4e-13, 5.39e-11
2020-12-27, 06:18:21, 9.78e-13, 5.41e-11
2020-12-27, 06:18:25, 9.33e-13, 5.42e-11
2020-12-27, 06:18:30, 9.49e-13, 5.39e-11
2020-12-27, 06:18:34, 9.19e-13, 5.41e-11
2020-12-27, 06:18:38, 9.77e-13, 5.44e-11
2020-12-27, 06:18:42, 9.05e-13, 5.42e-11
2020-12-27, 06:18:46, 9.27e-13, 5.41e-11
2020-12-27, 06:18:51, 9.86e-13, 5.41e-11
2020-12-27, 06:18:55, 9.58e-13, 5.43e-11
2020-12-27, 06:18:59, 9.93e-13, 5.42e-11
2020-12-27, 06:19:03, 9.08e-13, 5.41e-11
2020-12-27, 06:19:08, 8.73e-13, 5.45e-11
2020-12-27, 06:19:12, 8.6e-13, 5.44e-11
2020-12-27, 06:19:16, 9e-13, 5.42e-11
2020-12-27, 06:19:20, 9.41e-13, 5.42e-11
2020-12-27, 06:19:24, 8.87e-13, 5.4e-11
2020-12-27, 06:19:29, 8.78e-13, 5.43e-11
2020-12-27, 06:19:33, 9.12e-13, 5.43e-11
2020-12-27, 06:19:37, 9.07e-13, 5.42e-11
2020-12-27, 06:19:41, 9.66e-13, 5.42e-11
2020-12-27, 06:19:45, 9.58e-13, 5.42e-11
2020-12-27, 06:19:50, 9.89e-13, 5.42e-11
2020-12-27, 06:19:54, 9.4e-13, 5.41e-11
2020-12-27, 06:19:58, 9.13e-13, 5.42e-11
2020-12-27, 06:20:02, 9.07e-13, 5.41e-11
2020-12-27, 06:20:07, 9.85e-13, 5.4e-11
2020-12-27, 06:20:11, 8.94e-13, 5.44e-11
2020-12-27, 06:20:15, 9.45e-13, 5.43e-11
2020-12-27, 06:20:19, 9.56e-13, 5.43e-11
2020-12-27, 06:20:23, 7.71e-13, 5.42e-11
2020-12-27, 06:20:28, 9.28e-13, 5.43e-11
2020-12-27, 06:20:32, 8.79e-13, 5.42e-11
2020-12-27, 06:20:36, 1.03e-12, 5.38e-11
2020-12-27, 06:20:40, 9.15e-13, 5.42e-11
2020-12-27, 06:20:45, 8.87e-13, 5.38e-11
2020-12-27, 06:20:49, 9.32e-13, 5.4e-11
2020-12-27, 06:20:53, 9.6e-13, 5.39e-11
2020-12-27, 06:20:57, 9.92e-13, 5.42e-11
2020-12-27, 06:21:01, 8.79e-13, 5.39e-11
2020-12-27, 06:21:06, 9.54e-13, 5.41e-11
2020-12-27, 06:21:10, 9.36e-13, 5.4e-11
2020-12-27, 06:21:14, 9.45e-13, 5.4e-11
2020-12-27, 06:21:18, 8.67e-13, 5.41e-11
2020-12-27, 06:21:23, 9.02e-13, 5.43e-11
2020-12-27, 06:21:27, 9.3e-13, 5.4e-11
2020-12-27, 06:21:31, 9.05e-13, 5.41e-11
2020-12-27, 06:21:35, 9.05e-13, 5.46e-11
2020-12-27, 06:21:39, 9.22e-13, 5.43e-11
2020-12-27, 06:21:44, 9.7e-13, 5.42e-11
2020-12-27, 06:21:48, 8.82e-13, 5.42e-11
2020-12-27, 06:21:52, 8.89e-13, 5.45e-11
2020-12-27, 06:21:56, 1.03e-12, 5.42e-11
2020-12-27, 06:22:01, 9.46e-13, 5.42e-11
2020-12-27, 06:22:05, 8.62e-13, 5.41e-11
2020-12-27, 06:22:09, 1.1e-12, 5.42e-11
2020-12-27, 06:22:13, 9.66e-13, 5.41e-11
2020-12-27, 06:22:17, 9.15e-13, 5.43e-11
2020-12-27, 06:22:22, 9.85e-13, 5.43e-11
2020-12-27, 06:22:26, 9.79e-13, 5.42e-11
2020-12-27, 06:22:30, 9.55e-13, 5.38e-11
2020-12-27, 06:22:34, 9.46e-13, 5.39e-11
2020-12-27, 06:22:39, 9.03e-13, 5.41e-11
2020-12-27, 06:22:43, 9.16e-13, 5.39e-11
2020-12-27, 06:22:47, 9.48e-13, 5.41e-11
2020-12-27, 06:22:51, 9.45e-13, 5.4e-11
2020-12-27, 06:22:55, 9.13e-13, 5.41e-11
2020-12-27, 06:23:00, 9.95e-13, 5.43e-11
2020-12-27, 06:23:04, 8.53e-13, 5.42e-11
2020-12-27, 06:23:08, 9.54e-13, 5.39e-11
2020-12-27, 06:23:12, 9.32e-13, 5.38e-11
2020-12-27, 06:23:17, 9.41e-13, 5.39e-11
2020-12-27, 06:23:21, 8.92e-13, 5.37e-11
2020-12-27, 06:23:25, 9.69e-13, 5.39e-11
2020-12-27, 06:23:29, 9.62e-13, 5.41e-11
2020-12-27, 06:23:33, 9.61e-13, 5.4e-11
2020-12-27, 06:23:38, 1.01e-12, 5.41e-11
2020-12-27, 06:23:42, 8.91e-13, 5.42e-11
2020-12-27, 06:23:46, 9.47e-13, 5.41e-11
2020-12-27, 06:23:50, 8.92e-13, 5.44e-11
2020-12-27, 06:23:54, 9.3e-13, 5.44e-11
2020-12-27, 06:23:59, 9.19e-13, 5.42e-11
2020-12-27, 06:24:03, 9.36e-13, 5.44e-11
2020-12-27, 06:24:07, 9.52e-13, 5.42e-11
2020-12-27, 06:24:11, 9.12e-13, 5.41e-11
2020-12-27, 06:24:16, 9.51e-13, 5.43e-11
2020-12-27, 06:24:20, 9.14e-13, 5.44e-11
2020-12-27, 06:24:24, 9.05e-13, 5.41e-11
2020-12-27, 06:24:28, 9.01e-13, 5.42e-11
2020-12-27, 06:24:32, 8.68e-13, 5.41e-11
2020-12-27, 06:24:37, 9.69e-13, 5.41e-11
2020-12-27, 06:24:41, 9.17e-13, 5.42e-11
2020-12-27, 06:24:45, 9.23e-13, 5.42e-11
2020-12-27, 06:24:49, 1.05e-12, 5.42e-11
2020-12-27, 06:24:54, 9.33e-13, 5.41e-11
2020-12-27, 06:24:58, 8.48e-13, 5.41e-11
2020-12-27, 06:25:02, 9.44e-13, 5.41e-11
2020-12-27, 06:25:06, 8.76e-13, 5.39e-11
2020-12-27, 06:25:10, 9.56e-13, 5.4e-11
2020-12-27, 06:25:15, 8.92e-13, 5.39e-11
2020-12-27, 06:25:19, 9.24e-13, 5.41e-11
2020-12-27, 06:25:23, 9.02e-13, 5.42e-11
2020-12-27, 06:25:27, 9.82e-13, 5.42e-11
2020-12-27, 06:25:32, 9.08e-13, 5.41e-11
2020-12-27, 06:25:36, 9.15e-13, 5.38e-11
2020-12-27, 06:25:40, 8.92e-13, 5.38e-11
2020-12-27, 06:25:44, 8.85e-13, 5.38e-11
2020-12-27, 06:25:48, 9.7e-13, 5.37e-11
2020-12-27, 06:25:53, 8.84e-13, 5.4e-11
2020-12-27, 06:25:57, 9.17e-13, 5.4e-11
2020-12-27, 06:26:01, 1.01e-12, 5.39e-11
2020-12-27, 06:26:05, 8.98e-13, 5.4e-11
2020-12-27, 06:26:10, 9.4e-13, 5.42e-11
2020-12-27, 06:26:14, 9.22e-13, 5.41e-11
2020-12-27, 06:26:18, 9.08e-13, 5.4e-11
2020-12-27, 06:26:22, 8.89e-13, 5.4e-11
2020-12-27, 06:26:26, 9.35e-13, 5.42e-11
2020-12-27, 06:26:31, 8.07e-13, 5.41e-11
2020-12-27, 06:26:35, 9.38e-13, 5.39e-11
2020-12-27, 06:26:39, 9.65e-13, 5.39e-11
2020-12-27, 06:26:43, 9.45e-13, 5.38e-11
2020-12-27, 06:26:48, 9.88e-13, 5.38e-11
2020-12-27, 06:26:52, 1.05e-12, 5.42e-11
2020-12-27, 06:26:56, 9.53e-13, 5.4e-11
2020-12-27, 06:27:00, 9.11e-13, 5.4e-11
2020-12-27, 06:27:04, 9.13e-13, 5.39e-11
2020-12-27, 06:27:09, 9.3e-13, 5.39e-11
2020-12-27, 06:27:13, 9.04e-13, 5.38e-11
2020-12-27, 06:27:17, 9.47e-13, 5.4e-11
2020-12-27, 06:27:21, 8.69e-13, 5.4e-11
2020-12-27, 06:27:26, 9.56e-13, 5.36e-11
2020-12-27, 06:27:30, 9.31e-13, 5.38e-11
2020-12-27, 06:27:34, 9.39e-13, 5.39e-11
2020-12-27, 06:27:38, 9.23e-13, 5.38e-11
2020-12-27, 06:27:42, 9.13e-13, 5.38e-11
2020-12-27, 06:27:47, 9.13e-13, 5.36e-11
2020-12-27, 06:27:51, 8.81e-13, 5.4e-11
2020-12-27, 06:27:55, 9.28e-13, 5.41e-11
2020-12-27, 06:27:59, 9.71e-13, 5.38e-11
2020-12-27, 06:28:04, 8.55e-13, 5.41e-11
2020-12-27, 06:28:08, 9.68e-13, 5.37e-11
2020-12-27, 06:28:12, 9.66e-13, 5.38e-11
2020-12-27, 06:28:16, 9.49e-13, 5.41e-11
2020-12-27, 06:28:20, 8.45e-13, 5.4e-11
2020-12-27, 06:28:25, 9.72e-13, 5.41e-11
2020-12-27, 06:28:29, 9.43e-13, 5.41e-11
2020-12-27, 06:28:33, 9.08e-13, 5.37e-11
2020-12-27, 06:28:37, 9.43e-13, 5.39e-11
2020-12-27, 06:28:42, 9.72e-13, 5.38e-11
2020-12-27, 06:28:46, 8.95e-13, 5.39e-11
2020-12-27, 06:28:50, 1.01e-12, 5.41e-11
2020-12-27, 06:28:54, 9.37e-13, 5.39e-11
2020-12-27, 06:28:58, 9.07e-13, 5.41e-11
2020-12-27, 06:29:03, 9.47e-13, 5.42e-11
2020-12-27, 06:29:07, 9.97e-13, 5.4e-11
2020-12-27, 06:29:11, 8.91e-13, 5.39e-11
2020-12-27, 06:29:15, 9.09e-13, 5.39e-11
2020-12-27, 06:29:20, 9.67e-13, 5.4e-11
2020-12-27, 06:29:24, 9.73e-13, 5.4e-11
2020-12-27, 06:29:28, 9.09e-13, 5.37e-11
2020-12-27, 06:29:32, 9e-13, 5.4e-11
2020-12-27, 06:29:36, 8.86e-13, 5.42e-11
2020-12-27, 06:29:41, 9.16e-13, 5.42e-11
2020-12-27, 06:29:45, 9.51e-13, 5.42e-11
2020-12-27, 06:29:49, 1.01e-12, 5.41e-11
2020-12-27, 06:29:53, 8.64e-13, 5.39e-11
2020-12-27, 06:29:58, 9.27e-13, 5.4e-11
2020-12-27, 06:30:02, 9.81e-13, 5.41e-11
2020-12-27, 06:30:06, 9.47e-13, 5.38e-11
2020-12-27, 06:30:10, 8.91e-13, 5.41e-11
2020-12-27, 06:30:14, 9.43e-13, 5.36e-11
2020-12-27, 06:30:19, 9.2e-13, 5.38e-11
2020-12-27, 06:30:23, 9.91e-13, 5.4e-11
2020-12-27, 06:30:27, 9.17e-13, 5.4e-11
2020-12-27, 06:30:31, 9.32e-13, 5.39e-11
2020-12-27, 06:30:35, 9.33e-13, 5.4e-11
2020-12-27, 06:30:40, 8.89e-13, 5.39e-11
2020-12-27, 06:30:44, 9.18e-13, 5.41e-11
2020-12-27, 06:30:48, 1.05e-12, 5.4e-11
2020-12-27, 06:30:52, 9.76e-13, 5.39e-11
2020-12-27, 06:30:57, 9.4e-13, 5.41e-11
2020-12-27, 06:31:01, 9.27e-13, 5.39e-11
2020-12-27, 06:31:05, 9.39e-13, 5.41e-11
2020-12-27, 06:31:09, 9.65e-13, 5.39e-11
2020-12-27, 06:31:13, 9.1e-13, 5.39e-11
2020-12-27, 06:31:18, 7.68e-13, 5.4e-11
2020-12-27, 06:31:22, 9.48e-13, 5.39e-11
2020-12-27, 06:31:26, 9.46e-13, 5.39e-11
2020-12-27, 06:31:30, 9.04e-13, 5.42e-11
2020-12-27, 06:31:35, 9.42e-13, 5.39e-11
2020-12-27, 06:31:39, 9.17e-13, 5.4e-11
2020-12-27, 06:31:43, 8.99e-13, 5.39e-11
2020-12-27, 06:31:47, 9.55e-13, 5.39e-11
2020-12-27, 06:31:51, 9.5e-13, 5.35e-11
2020-12-27, 06:31:56, 8.01e-13, 5.41e-11
2020-12-27, 06:32:00, 1e-12, 5.35e-11
2020-12-27, 06:32:04, 9.47e-13, 5.38e-11
2020-12-27, 06:32:08, 9.48e-13, 5.4e-11
2020-12-27, 06:32:13, 1.04e-12, 5.37e-11
2020-12-27, 06:32:17, 9.64e-13, 5.38e-11
2020-12-27, 06:32:21, 8.88e-13, 5.35e-11
2020-12-27, 06:32:25, 8.86e-13, 5.36e-11
2020-12-27, 06:32:29, 9.83e-13, 5.37e-11
2020-12-27, 06:32:34, 9.25e-13, 5.39e-11
2020-12-27, 06:32:38, 9.19e-13, 5.39e-11
2020-12-27, 06:32:42, 9.82e-13, 5.39e-11
2020-12-27, 06:32:46, 9.81e-13, 5.39e-11
2020-12-27, 06:32:51, 9.88e-13, 5.39e-11
2020-12-27, 06:32:55, 9.69e-13, 5.38e-11
2020-12-27, 06:32:59, 9.24e-13, 5.41e-11
2020-12-27, 06:33:03, 9.46e-13, 5.41e-11
2020-12-27, 06:33:07, 9.73e-13, 5.41e-11
2020-12-27, 06:33:12, 8.27e-13, 5.36e-11
2020-12-27, 06:33:16, 9e-13, 5.4e-11
2020-12-27, 06:33:20, 9.67e-13, 5.4e-11
2020-12-27, 06:33:24, 9.68e-13, 5.41e-11
2020-12-27, 06:33:29, 9.02e-13, 5.4e-11
2020-12-27, 06:33:33, 8.81e-13, 5.39e-11
2020-12-27, 06:33:37, 9.56e-13, 5.4e-11
2020-12-27, 06:33:41, 9e-13, 5.38e-11
2020-12-27, 06:33:45, 9.17e-13, 5.38e-11
2020-12-27, 06:33:50, 8.91e-13, 5.39e-11
2020-12-27, 06:33:54, 8.94e-13, 5.41e-11
2020-12-27, 06:33:58, 7.51e-13, 5.41e-11
2020-12-27, 06:34:02, 9.33e-13, 5.39e-11
2020-12-27, 06:34:07, 8.72e-13, 5.41e-11
2020-12-27, 06:34:11, 9.14e-13, 5.39e-11
2020-12-27, 06:34:15, 9.13e-13, 5.41e-11
2020-12-27, 06:34:19, 9.02e-13, 5.4e-11
2020-12-27, 06:34:23, 9.66e-13, 5.4e-11
2020-12-27, 06:34:28, 8.94e-13, 5.4e-11
2020-12-27, 06:34:32, 8.05e-13, 5.42e-11
2020-12-27, 06:34:36, 9.33e-13, 5.4e-11
2020-12-27, 06:34:40, 9.3e-13, 5.38e-11
2020-12-27, 06:34:44, 9.29e-13, 5.37e-11
2020-12-27, 06:34:49, 8.44e-13, 5.39e-11
2020-12-27, 06:34:53, 8.76e-13, 5.39e-11
2020-12-27, 06:34:57, 9.62e-13, 5.41e-11
2020-12-27, 06:35:01, 9.35e-13, 5.41e-11
2020-12-27, 06:35:06, 9.51e-13, 5.39e-11
2020-12-27, 06:35:10, 9.07e-13, 5.42e-11
2020-12-27, 06:35:14, 9.13e-13, 5.4e-11
2020-12-27, 06:35:18, 1.03e-12, 5.43e-11
2020-12-27, 06:35:22, 9.02e-13, 5.38e-11
2020-12-27, 06:35:27, 9.47e-13, 5.42e-11
2020-12-27, 06:35:31, 8.66e-13, 5.4e-11
2020-12-27, 06:35:35, 1.09e-12, 5.41e-11
2020-12-27, 06:35:39, 9.54e-13, 5.39e-11
2020-12-27, 06:35:44, 7.83e-13, 5.42e-11
2020-12-27, 06:35:48, 1.02e-12, 5.43e-11
2020-12-27, 06:35:52, 9.12e-13, 5.38e-11
2020-12-27, 06:35:56, 9.3e-13, 5.37e-11
2020-12-27, 06:36:00, 8.32e-13, 5.4e-11
2020-12-27, 06:36:05, 8.33e-13, 5.41e-11
2020-12-27, 06:36:09, 8.1e-13, 5.42e-11
2020-12-27, 06:36:13, 1.03e-12, 5.4e-11
2020-12-27, 06:36:17, 9.44e-13, 5.4e-11
2020-12-27, 06:36:22, 8.75e-13, 5.38e-11
2020-12-27, 06:36:26, 9.62e-13, 5.39e-11
2020-12-27, 06:36:30, 9.13e-13, 5.36e-11
2020-12-27, 06:36:34, 1.03e-12, 5.39e-11
2020-12-27, 06:36:38, 8.9e-13, 5.4e-11
2020-12-27, 06:36:43, 9.21e-13, 5.4e-11
2020-12-27, 06:36:47, 1e-12, 5.38e-11
2020-12-27, 06:36:51, 8.88e-13, 5.4e-11
2020-12-27, 06:36:55, 8.89e-13, 5.39e-11
2020-12-27, 06:37:00, 9.34e-13, 5.4e-11
2020-12-27, 06:37:04, 9.17e-13, 5.43e-11
2020-12-27, 06:37:08, 8.75e-13, 5.45e-11
2020-12-27, 06:37:12, 9.81e-13, 5.43e-11
2020-12-27, 06:37:16, 9.3e-13, 5.4e-11
2020-12-27, 06:37:21, 9.36e-13, 5.42e-11
2020-12-27, 06:37:25, 9.56e-13, 5.4e-11
2020-12-27, 06:37:29, 8.28e-13, 5.4e-11
2020-12-27, 06:37:33, 9.84e-13, 5.4e-11
2020-12-27, 06:37:38, 9.2e-13, 5.4e-11
2020-12-27, 06:37:42, 9.26e-13, 5.4e-11
2020-12-27, 06:37:46, 1.02e-12, 5.39e-11
2020-12-27, 06:37:50, 1.07e-12, 5.41e-11
2020-12-27, 06:37:54, 8.95e-13, 5.41e-11
2020-12-27, 06:37:59, 9.05e-13, 5.39e-11
2020-12-27, 06:38:03, 9.2e-13, 5.4e-11
2020-12-27, 06:38:07, 9.62e-13, 5.42e-11
2020-12-27, 06:38:11, 9.28e-13, 5.42e-11
2020-12-27, 06:38:16, 8.94e-13, 5.4e-11
2020-12-27, 06:38:20, 9.13e-13, 5.45e-11
2020-12-27, 06:38:24, 8.63e-13, 5.4e-11
2020-12-27, 06:38:28, 8.84e-13, 5.41e-11
2020-12-27, 06:38:32, 9.92e-13, 5.43e-11
2020-12-27, 06:38:37, 8.79e-13, 5.42e-11
2020-12-27, 06:38:41, 9.29e-13, 5.43e-11
2020-12-27, 06:38:45, 9.16e-13, 5.4e-11
2020-12-27, 06:38:49, 9.33e-13, 5.39e-11
2020-12-27, 06:38:54, 9.17e-13, 5.37e-11
2020-12-27, 06:38:58, 9.85e-13, 5.39e-11
2020-12-27, 06:39:02, 7.95e-13, 5.4e-11
2020-12-27, 06:39:06, 9.51e-13, 5.4e-11
2020-12-27, 06:39:10, 9.11e-13, 5.41e-11
2020-12-27, 06:39:15, 9.09e-13, 5.42e-11
2020-12-27, 06:39:19, 9.27e-13, 5.41e-11
2020-12-27, 06:39:23, 9.12e-13, 5.41e-11
2020-12-27, 06:39:27, 9.18e-13, 5.43e-11
2020-12-27, 06:39:32, 9.32e-13, 5.4e-11
2020-12-27, 06:39:36, 9.07e-13, 5.44e-11
2020-12-27, 06:39:40, 9.27e-13, 5.4e-11
2020-12-27, 06:39:44, 9.23e-13, 5.4e-11
2020-12-27, 06:39:48, 8.54e-13, 5.39e-11
2020-12-27, 06:39:53, 9.12e-13, 5.41e-11
2020-12-27, 06:39:57, 1.01e-12, 5.39e-11
2020-12-27, 06:40:01, 9.3e-13, 5.38e-11
2020-12-27, 06:40:05, 9.21e-13, 5.41e-11
2020-12-27, 06:40:10, 8.91e-13, 5.41e-11
2020-12-27, 06:40:14, 9.04e-13, 5.41e-11
2020-12-27, 06:40:18, 9.82e-13, 5.42e-11
2020-12-27, 06:40:22, 8.77e-13, 5.41e-11
2020-12-27, 06:40:26, 9.93e-13, 5.43e-11
2020-12-27, 06:40:31, 9.48e-13, 5.42e-11
2020-12-27, 06:40:35, 9.22e-13, 5.42e-11
2020-12-27, 06:40:39, 9.32e-13, 5.42e-11
2020-12-27, 06:40:43, 9.3e-13, 5.39e-11
2020-12-27, 06:40:48, 9.39e-13, 5.42e-11
2020-12-27, 06:40:52, 9.13e-13, 5.43e-11
2020-12-27, 06:40:56, 9.04e-13, 5.42e-11
2020-12-27, 06:41:00, 9.34e-13, 5.41e-11
2020-12-27, 06:41:04, 9.18e-13, 5.41e-11
2020-12-27, 06:41:09, 9.7e-13, 5.39e-11
2020-12-27, 06:41:13, 8.65e-13, 5.42e-11
2020-12-27, 06:41:17, 9.47e-13, 5.41e-11
2020-12-27, 06:41:21, 9.5e-13, 5.42e-11
2020-12-27, 06:41:25, 8.95e-13, 5.4e-11
2020-12-27, 06:41:30, 8.95e-13, 5.45e-11
2020-12-27, 06:41:34, 9.29e-13, 5.43e-11
2020-12-27, 06:41:38, 9.14e-13, 5.43e-11
2020-12-27, 06:41:42, 9.01e-13, 5.4e-11
2020-12-27, 06:41:47, 8.65e-13, 5.4e-11
2020-12-27, 06:41:51, 1.05e-12, 5.37e-11
2020-12-27, 06:41:55, 8.62e-13, 5.39e-11
2020-12-27, 06:41:59, 9.39e-13, 5.38e-11
2020-12-27, 06:42:03, 1.08e-12, 5.39e-11
2020-12-27, 06:42:08, 9.32e-13, 5.41e-11
2020-12-27, 06:42:12, 9.35e-13, 5.41e-11
2020-12-27, 06:42:16, 9.74e-13, 5.41e-11
2020-12-27, 06:42:20, 9.47e-13, 5.36e-11
2020-12-27, 06:42:25, 9.26e-13, 5.39e-11
2020-12-27, 06:42:29, 9.3e-13, 5.36e-11
2020-12-27, 06:42:33, 8.89e-13, 5.37e-11
2020-12-27, 06:42:37, 9.5e-13, 5.41e-11
2020-12-27, 06:42:41, 9.45e-13, 5.4e-11
2020-12-27, 06:42:46, 8.5e-13, 5.44e-11
2020-12-27, 06:42:50, 8.64e-13, 5.43e-11
2020-12-27, 06:42:54, 8e-13, 5.43e-11
2020-12-27, 06:42:58, 9.73e-13, 5.42e-11
2020-12-27, 06:43:03, 9.22e-13, 5.41e-11
2020-12-27, 06:43:07, 9.18e-13, 5.4e-11
2020-12-27, 06:43:11, 9.01e-13, 5.43e-11
2020-12-27, 06:43:15, 9.4e-13, 5.42e-11
2020-12-27, 06:43:19, 9.34e-13, 5.41e-11
2020-12-27, 06:43:24, 9.27e-13, 5.42e-11
2020-12-27, 06:43:28, 9.49e-13, 5.41e-11
2020-12-27, 06:43:32, 8.99e-13, 5.42e-11
2020-12-27, 06:43:36, 9.39e-13, 5.41e-11
2020-12-27, 06:43:41, 9.09e-13, 5.43e-11
2020-12-27, 06:43:45, 9.77e-13, 5.41e-11
2020-12-27, 06:43:49, 9.23e-13, 5.4e-11
2020-12-27, 06:43:53, 9.37e-13, 5.41e-11
2020-12-27, 06:43:57, 9.48e-13, 5.42e-11
2020-12-27, 06:44:02, 8.97e-13, 5.44e-11
2020-12-27, 06:44:06, 9.58e-13, 5.4e-11
2020-12-27, 06:44:10, 9.04e-13, 5.42e-11
2020-12-27, 06:44:14, 9e-13, 5.41e-11
2020-12-27, 06:44:19, 9.15e-13, 5.42e-11
2020-12-27, 06:44:23, 9.49e-13, 5.4e-11
2020-12-27, 06:44:27, 1.01e-12, 5.42e-11
2020-12-27, 06:44:31, 9.48e-13, 5.45e-11
2020-12-27, 06:44:35, 9.82e-13, 5.45e-11
2020-12-27, 06:44:40, 9.81e-13, 5.43e-11
2020-12-27, 06:44:44, 9.21e-13, 5.44e-11
2020-12-27, 06:44:48, 9.43e-13, 5.41e-11
2020-12-27, 06:44:52, 8.91e-13, 5.42e-11
2020-12-27, 06:44:56, 9.52e-13, 5.42e-11
2020-12-27, 06:45:01, 8.62e-13, 5.42e-11
2020-12-27, 06:45:05, 9.06e-13, 5.4e-11
2020-12-27, 06:45:09, 9.33e-13, 5.41e-11
2020-12-27, 06:45:13, 1.01e-12, 5.43e-11
2020-12-27, 06:45:18, 9.42e-13, 5.42e-11
2020-12-27, 06:45:22, 9.28e-13, 5.41e-11
2020-12-27, 06:45:26, 1.04e-12, 5.4e-11
2020-12-27, 06:45:30, 8.99e-13, 5.42e-11
2020-12-27, 06:45:34, 9.46e-13, 5.41e-11
2020-12-27, 06:45:39, 9.78e-13, 5.39e-11
2020-12-27, 06:45:43, 9.13e-13, 5.42e-11
2020-12-27, 06:45:47, 8.9e-13, 5.45e-11
2020-12-27, 06:45:51, 9.55e-13, 5.39e-11
2020-12-27, 06:45:56, 9.23e-13, 5.38e-11
2020-12-27, 06:46:00, 9.73e-13, 5.41e-11
2020-12-27, 06:46:04, 9.7e-13, 5.41e-11
2020-12-27, 06:46:08, 9.13e-13, 5.38e-11
2020-12-27, 06:46:12, 9.95e-13, 5.39e-11
2020-12-27, 06:46:17, 9.59e-13, 5.43e-11
2020-12-27, 06:46:21, 9.09e-13, 5.42e-11
2020-12-27, 06:46:25, 1.04e-12, 5.43e-11
2020-12-27, 06:46:29, 8.53e-13, 5.42e-11
2020-12-27, 06:46:34, 9.16e-13, 5.42e-11
2020-12-27, 06:46:38, 1.01e-12, 5.4e-11
2020-12-27, 06:46:42, 8.95e-13, 5.39e-11
2020-12-27, 06:46:46, 9.84e-13, 5.42e-11
2020-12-27, 06:46:50, 7.82e-13, 5.42e-11
2020-12-27, 06:46:55, 9.06e-13, 5.41e-11
2020-12-27, 06:46:59, 8.81e-13, 5.43e-11
2020-12-27, 06:47:03, 8.97e-13, 5.46e-11
2020-12-27, 06:47:07, 8.63e-13, 5.45e-11
2020-12-27, 06:47:12, 9.37e-13, 5.45e-11
2020-12-27, 06:47:16, 9.4e-13, 5.42e-11
2020-12-27, 06:47:20, 9.3e-13, 5.41e-11
2020-12-27, 06:47:24, 9.39e-13, 5.43e-11
2020-12-27, 06:47:28, 9.12e-13, 5.43e-11
2020-12-27, 06:47:33, 9.38e-13, 5.41e-11
2020-12-27, 06:47:37, 9.73e-13, 5.43e-11
2020-12-27, 06:47:41, 9.41e-13, 5.41e-11
2020-12-27, 06:47:45, 8.15e-13, 5.42e-11
2020-12-27, 06:47:50, 9.16e-13, 5.44e-11
2020-12-27, 06:47:54, 1.04e-12, 5.43e-11
2020-12-27, 06:47:58, 9.7e-13, 5.42e-11
2020-12-27, 06:48:02, 8.82e-13, 5.44e-11
2020-12-27, 06:48:06, 8.93e-13, 5.44e-11
2020-12-27, 06:48:11, 9.23e-13, 5.43e-11
2020-12-27, 06:48:15, 9.56e-13, 5.43e-11
2020-12-27, 06:48:19, 9.63e-13, 5.42e-11
2020-12-27, 06:48:23, 9.55e-13, 5.43e-11
2020-12-27, 06:48:27, 8.24e-13, 5.43e-11
2020-12-27, 06:48:32, 1.09e-12, 5.43e-11
2020-12-27, 06:48:36, 9.7e-13, 5.43e-11
2020-12-27, 06:48:40, 9.02e-13, 5.41e-11
2020-12-27, 06:48:44, 1.1e-12, 5.44e-11
2020-12-27, 06:48:49, 9.66e-13, 5.4e-11
2020-12-27, 06:48:53, 8.75e-13, 5.47e-11
2020-12-27, 06:48:57, 1.07e-12, 5.41e-11
2020-12-27, 06:49:01, 1.03e-12, 5.41e-11
2020-12-27, 06:49:05, 8.97e-13, 5.4e-11
2020-12-27, 06:49:10, 9.7e-13, 5.4e-11
2020-12-27, 06:49:14, 9.69e-13, 5.42e-11
2020-12-27, 06:49:18, 9.02e-13, 5.44e-11
2020-12-27, 06:49:22, 8.23e-13, 5.44e-11
2020-12-27, 06:49:27, 9.99e-13, 5.4e-11
2020-12-27, 06:49:31, 9.47e-13, 5.4e-11
2020-12-27, 06:49:35, 9.53e-13, 5.41e-11
2020-12-27, 06:49:39, 9.23e-13, 5.39e-11
2020-12-27, 06:49:43, 9e-13, 5.41e-11
2020-12-27, 06:49:48, 8.83e-13, 5.42e-11
2020-12-27, 06:49:52, 8.6e-13, 5.42e-11
2020-12-27, 06:49:56, 8.93e-13, 5.41e-11
2020-12-27, 06:50:00, 1.03e-12, 5.43e-11
2020-12-27, 06:50:05, 9.39e-13, 5.43e-11
2020-12-27, 06:50:09, 9.24e-13, 5.4e-11
2020-12-27, 06:50:13, 9.46e-13, 5.41e-11
2020-12-27, 06:50:17, 9.61e-13, 5.43e-11
2020-12-27, 06:50:21, 9.12e-13, 5.41e-11
2020-12-27, 06:50:26, 9.36e-13, 5.44e-11
2020-12-27, 06:50:30, 9.23e-13, 5.45e-11
2020-12-27, 06:50:34, 1.02e-12, 5.41e-11
2020-12-27, 06:50:38, 9.05e-13, 5.45e-11
2020-12-27, 06:50:43, 9.02e-13, 5.43e-11
2020-12-27, 06:50:47, 9.32e-13, 5.44e-11
2020-12-27, 06:50:51, 9.47e-13, 5.45e-11
2020-12-27, 06:50:55, 9.4e-13, 5.44e-11
2020-12-27, 06:50:59, 9.66e-13, 5.45e-11
2020-12-27, 06:51:04, 9.5e-13, 5.43e-11
2020-12-27, 06:51:08, 8.81e-13, 5.42e-11
2020-12-27, 06:51:12, 9.19e-13, 5.43e-11
2020-12-27, 06:51:16, 1.03e-12, 5.45e-11
2020-12-27, 06:51:21, 9.38e-13, 5.42e-11
2020-12-27, 06:51:25, 9.36e-13, 5.42e-11
2020-12-27, 06:51:29, 9.55e-13, 5.43e-11
2020-12-27, 06:51:34, 8.68e-13, 5.41e-11
2020-12-27, 06:51:39, 1.08e-12, 5.43e-11
2020-12-27, 06:51:44, 9.28e-13, 5.44e-11
2020-12-27, 06:51:48, 9.92e-13, 5.43e-11
2020-12-27, 06:51:52, 9.32e-13, 5.44e-11
2020-12-27, 06:51:56, 9.51e-13, 5.43e-11
2020-12-27, 06:52:01, 8.85e-13, 5.4e-11
2020-12-27, 06:52:05, 9.72e-13, 5.41e-11
2020-12-27, 06:52:09, 9.37e-13, 5.42e-11
2020-12-27, 06:52:13, 8.76e-13, 5.43e-11
2020-12-27, 06:52:18, 9.57e-13, 5.41e-11
2020-12-27, 06:52:22, 9.25e-13, 5.42e-11
2020-12-27, 06:52:26, 9.43e-13, 5.45e-11
2020-12-27, 06:52:30, 8.97e-13, 5.45e-11
2020-12-27, 06:52:34, 8.88e-13, 5.44e-11
2020-12-27, 06:52:39, 1e-12, 5.44e-11
2020-12-27, 06:52:43, 9.26e-13, 5.42e-11
2020-12-27, 06:52:47, 9.24e-13, 5.42e-11
2020-12-27, 06:52:51, 8.66e-13, 5.45e-11
2020-12-27, 06:52:56, 8.91e-13, 5.43e-11
2020-12-27, 06:53:00, 9.65e-13, 5.42e-11
2020-12-27, 06:53:04, 9.7e-13, 5.41e-11
2020-12-27, 06:53:08, 7.48e-13, 5.43e-11
2020-12-27, 06:53:12, 9.14e-13, 5.43e-11
2020-12-27, 06:53:17, 8.91e-13, 5.44e-11
2020-12-27, 06:53:21, 1.02e-12, 5.41e-11
2020-12-27, 06:53:25, 9.15e-13, 5.44e-11
2020-12-27, 06:53:29, 9.39e-13, 5.43e-11
2020-12-27, 06:53:34, 9.71e-13, 5.41e-11
2020-12-27, 06:53:38, 8.91e-13, 5.44e-11
2020-12-27, 06:53:42, 8.66e-13, 5.4e-11
2020-12-27, 06:53:46, 9.65e-13, 5.42e-11
2020-12-27, 06:53:50, 9.32e-13, 5.42e-11
2020-12-27, 06:53:55, 9.86e-13, 5.42e-11
2020-12-27, 06:53:59, 8.98e-13, 5.42e-11
2020-12-27, 06:54:03, 9.1e-13, 5.43e-11
2020-12-27, 06:54:07, 9.59e-13, 5.43e-11
2020-12-27, 06:54:12, 9.51e-13, 5.43e-11
2020-12-27, 06:54:16, 7.94e-13, 5.41e-11
2020-12-27, 06:54:20, 9.87e-13, 5.43e-11
2020-12-27, 06:54:24, 9.39e-13, 5.43e-11
2020-12-27, 06:54:28, 9.46e-13, 5.43e-11
2020-12-27, 06:54:33, 8.99e-13, 5.39e-11
2020-12-27, 06:54:37, 8.56e-13, 5.41e-11
2020-12-27, 06:54:41, 9.42e-13, 5.41e-11
2020-12-27, 06:54:45, 8.84e-13, 5.41e-11
2020-12-27, 06:54:50, 9.17e-13, 5.42e-11
2020-12-27, 06:54:54, 9.57e-13, 5.41e-11
2020-12-27, 06:54:58, 9.05e-13, 5.4e-11
2020-12-27, 06:55:02, 9.28e-13, 5.38e-11
2020-12-27, 06:55:06, 9.2e-13, 5.4e-11
2020-12-27, 06:55:11, 9.15e-13, 5.39e-11
2020-12-27, 06:55:15, 9.21e-13, 5.42e-11
2020-12-27, 06:55:19, 9.35e-13, 5.42e-11
2020-12-27, 06:55:23, 9.33e-13, 5.42e-11
2020-12-27, 06:55:27, 9.5e-13, 5.41e-11
2020-12-27, 06:55:32, 9.45e-13, 5.42e-11
2020-12-27, 06:55:36, 9.84e-13, 5.41e-11
2020-12-27, 06:55:40, 9.1e-13, 5.42e-11
2020-12-27, 06:55:44, 9.65e-13, 5.45e-11
2020-12-27, 06:55:49, 9.08e-13, 5.42e-11
2020-12-27, 06:55:53, 9.4e-13, 5.39e-11
2020-12-27, 06:55:57, 8.45e-13, 5.43e-11
2020-12-27, 06:56:01, 9.4e-13, 5.44e-11
2020-12-27, 06:56:05, 9.39e-13, 5.43e-11
2020-12-27, 06:56:10, 9.83e-13, 5.42e-11
2020-12-27, 06:56:14, 8.89e-13, 5.43e-11
2020-12-27, 06:56:18, 9.93e-13, 5.42e-11
2020-12-27, 06:56:22, 9.66e-13, 5.42e-11
2020-12-27, 06:56:27, 9.07e-13, 5.43e-11
2020-12-27, 06:56:31, 1.03e-12, 5.41e-11
2020-12-27, 06:56:35, 8.85e-13, 5.43e-11
2020-12-27, 06:56:39, 9.68e-13, 5.43e-11
2020-12-27, 06:56:43, 8.8e-13, 5.41e-11
2020-12-27, 06:56:48, 8.94e-13, 5.45e-11
2020-12-27, 06:56:52, 8.78e-13, 5.41e-11
2020-12-27, 06:56:56, 9.57e-13, 5.41e-11
2020-12-27, 06:57:00, 9.06e-13, 5.42e-11
2020-12-27, 06:57:05, 9.05e-13, 5.43e-11
2020-12-27, 06:57:09, 9.31e-13, 5.42e-11
2020-12-27, 06:57:13, 9.12e-13, 5.42e-11
2020-12-27, 06:57:17, 7.58e-13, 5.4e-11
2020-12-27, 06:57:21, 9.59e-13, 5.4e-11
2020-12-27, 06:57:26, 9.53e-13, 5.42e-11
2020-12-27, 06:57:30, 9.29e-13, 5.42e-11
2020-12-27, 06:57:34, 8.97e-13, 5.4e-11
2020-12-27, 06:57:38, 7.73e-13, 5.39e-11
2020-12-27, 06:57:43, 9.62e-13, 5.39e-11
2020-12-27, 06:57:47, 9.71e-13, 5.41e-11
2020-12-27, 06:57:51, 9.04e-13, 5.44e-11
2020-12-27, 06:57:55, 1.08e-12, 5.41e-11
2020-12-27, 06:57:59, 8.43e-13, 5.42e-11
2020-12-27, 06:58:04, 1.01e-12, 5.42e-11
2020-12-27, 06:58:08, 9.02e-13, 5.43e-11
2020-12-27, 06:58:12, 8.97e-13, 5.41e-11
2020-12-27, 06:58:16, 9.29e-13, 5.41e-11
2020-12-27, 06:58:21, 9.39e-13, 5.43e-11
2020-12-27, 06:58:25, 8.27e-13, 5.42e-11
2020-12-27, 06:58:29, 9.79e-13, 5.42e-11
2020-12-27, 06:58:33, 9.51e-13, 5.43e-11
2020-12-27, 06:58:37, 9.17e-13, 5.44e-11
2020-12-27, 06:58:42, 9.17e-13, 5.43e-11
2020-12-27, 06:58:46, 9.08e-13, 5.41e-11
2020-12-27, 06:58:50, 9.02e-13, 5.4e-11
2020-12-27, 06:58:54, 8.86e-13, 5.41e-11
2020-12-27, 06:58:59, 8.04e-13, 5.41e-11
2020-12-27, 06:59:03, 8.7e-13, 5.4e-11
2020-12-27, 06:59:07, 1.02e-12, 5.41e-11
2020-12-27, 06:59:11, 9.1e-13, 5.41e-11
2020-12-27, 06:59:15, 9.44e-13, 5.45e-11
2020-12-27, 06:59:20, 9.47e-13, 5.39e-11
2020-12-27, 06:59:24, 9.25e-13, 5.39e-11
2020-12-27, 06:59:28, 9.27e-13, 5.42e-11
2020-12-27, 06:59:32, 9.61e-13, 5.4e-11
2020-12-27, 06:59:36, 9.64e-13, 5.41e-11
2020-12-27, 06:59:41, 9.38e-13, 5.38e-11
2020-12-27, 06:59:45, 9.4e-13, 5.38e-11
2020-12-27, 06:59:49, 9.75e-13, 5.42e-11
2020-12-27, 06:59:53, 1.01e-12, 5.4e-11
2020-12-27, 06:59:58, 9.59e-13, 5.4e-11
2020-12-27, 07:00:02, 9.24e-13, 5.44e-11
2020-12-27, 07:00:06, 9.7e-13, 5.39e-11
2020-12-27, 07:00:10, 9.17e-13, 5.41e-11
2020-12-27, 07:00:14, 9.59e-13, 5.4e-11
2020-12-27, 07:00:19, 9.32e-13, 5.42e-11
2020-12-27, 07:00:23, 8.62e-13, 5.39e-11
2020-12-27, 07:00:27, 9.24e-13, 5.41e-11
2020-12-27, 07:00:31, 9.13e-13, 5.4e-11
2020-12-27, 07:00:36, 8.74e-13, 5.41e-11
2020-12-27, 07:00:40, 9.2e-13, 5.41e-11
2020-12-27, 07:00:44, 9.11e-13, 5.4e-11
2020-12-27, 07:00:48, 9.11e-13, 5.41e-11
2020-12-27, 07:00:52, 9.06e-13, 5.4e-11
2020-12-27, 07:00:57, 9.08e-13, 5.37e-11
2020-12-27, 07:01:01, 9.57e-13, 5.4e-11
2020-12-27, 07:01:05, 9.2e-13, 5.4e-11
2020-12-27, 07:01:09, 9.43e-13, 5.41e-11
2020-12-27, 07:01:14, 9.47e-13, 5.42e-11
2020-12-27, 07:01:18, 9.07e-13, 5.43e-11
2020-12-27, 07:01:22, 8.67e-13, 5.4e-11
2020-12-27, 07:01:26, 1.06e-12, 5.4e-11
2020-12-27, 07:01:30, 9.28e-13, 5.42e-11
2020-12-27, 07:01:35, 8.72e-13, 5.42e-11
2020-12-27, 07:01:39, 9.06e-13, 5.43e-11
2020-12-27, 07:01:43, 9.23e-13, 5.42e-11
2020-12-27, 07:01:47, 8.91e-13, 5.39e-11
2020-12-27, 07:01:52, 8.83e-13, 5.39e-11
2020-12-27, 07:01:56, 9.88e-13, 5.38e-11
2020-12-27, 07:02:00, 9.24e-13, 5.45e-11
2020-12-27, 07:02:04, 9.06e-13, 5.42e-11
2020-12-27, 07:02:08, 9.18e-13, 5.43e-11
2020-12-27, 07:02:13, 9.14e-13, 5.44e-11
2020-12-27, 07:02:17, 9.74e-13, 5.44e-11
2020-12-27, 07:02:21, 8.66e-13, 5.39e-11
2020-12-27, 07:02:25, 9.63e-13, 5.4e-11
2020-12-27, 07:02:30, 8.81e-13, 5.39e-11
2020-12-27, 07:02:34, 9.1e-13, 5.4e-11
2020-12-27, 07:02:38, 9.36e-13, 5.42e-11
2020-12-27, 07:02:42, 9.61e-13, 5.41e-11
2020-12-27, 07:02:46, 9.55e-13, 5.4e-11
2020-12-27, 07:02:51, 9.35e-13, 5.41e-11
2020-12-27, 07:02:55, 8.8e-13, 5.42e-11
2020-12-27, 07:02:59, 8.71e-13, 5.4e-11
2020-12-27, 07:03:03, 9.97e-13, 5.4e-11
2020-12-27, 07:03:08, 9.22e-13, 5.41e-11
2020-12-27, 07:03:12, 1.04e-12, 5.4e-11
2020-12-27, 07:03:16, 9.28e-13, 5.43e-11
2020-12-27, 07:03:20, 9.76e-13, 5.42e-11
2020-12-27, 07:03:24, 8.97e-13, 5.41e-11
2020-12-27, 07:03:29, 9.86e-13, 5.47e-11
2020-12-27, 07:03:33, 9.6e-13, 5.45e-11
2020-12-27, 07:03:37, 9.48e-13, 5.42e-11
2020-12-27, 07:03:41, 8.68e-13, 5.44e-11
2020-12-27, 07:03:46, 8.51e-13, 5.41e-11
2020-12-27, 07:03:50, 9.45e-13, 5.42e-11
2020-12-27, 07:03:54, 9.32e-13, 5.44e-11
2020-12-27, 07:03:58, 9.44e-13, 5.45e-11
2020-12-27, 07:04:02, 9.33e-13, 5.44e-11
2020-12-27, 07:04:07, 9.02e-13, 5.42e-11
2020-12-27, 07:04:11, 9.32e-13, 5.41e-11
2020-12-27, 07:04:15, 9.36e-13, 5.42e-11
2020-12-27, 07:04:19, 8.79e-13, 5.44e-11
2020-12-27, 07:04:24, 9.83e-13, 5.42e-11
2020-12-27, 07:04:28, 8.95e-13, 5.44e-11
2020-12-27, 07:04:32, 9.58e-13, 5.39e-11
2020-12-27, 07:04:36, 8.73e-13, 5.41e-11
2020-12-27, 07:04:40, 9.87e-13, 5.42e-11
2020-12-27, 07:04:45, 8.94e-13, 5.42e-11
2020-12-27, 07:04:49, 9.13e-13, 5.42e-11
2020-12-27, 07:04:53, 9.35e-13, 5.45e-11
2020-12-27, 07:04:57, 9.81e-13, 5.42e-11
2020-12-27, 07:05:01, 9.16e-13, 5.44e-11
2020-12-27, 07:05:06, 9.45e-13, 5.46e-11
2020-12-27, 07:05:10, 9.4e-13, 5.46e-11
2020-12-27, 07:05:14, 9.89e-13, 5.44e-11
2020-12-27, 07:05:18, 9.36e-13, 5.44e-11
2020-12-27, 07:05:23, 9.7e-13, 5.45e-11
2020-12-27, 07:05:27, 1.05e-12, 5.43e-11
2020-12-27, 07:05:31, 9.15e-13, 5.45e-11
2020-12-27, 07:05:35, 9.72e-13, 5.46e-11
2020-12-27, 07:05:39, 8.97e-13, 5.43e-11
2020-12-27, 07:05:44, 9.41e-13, 5.43e-11
2020-12-27, 07:05:48, 9.78e-13, 5.44e-11
2020-12-27, 07:05:52, 1.07e-12, 5.46e-11
2020-12-27, 07:05:56, 9.45e-13, 5.42e-11
2020-12-27, 07:06:01, 9.04e-13, 5.45e-11
2020-12-27, 07:06:05, 9.61e-13, 5.42e-11
2020-12-27, 07:06:09, 9.7e-13, 5.45e-11
2020-12-27, 07:06:13, 1.01e-12, 5.44e-11
2020-12-27, 07:06:17, 9.31e-13, 5.43e-11
2020-12-27, 07:06:22, 9.79e-13, 5.46e-11
2020-12-27, 07:06:27, 8.42e-13, 5.43e-11
2020-12-27, 07:06:31, 8.89e-13, 5.44e-11
2020-12-27, 07:06:35, 9.38e-13, 5.45e-11
2020-12-27, 07:06:40, 9.67e-13, 5.48e-11
2020-12-27, 07:06:44, 9.14e-13, 5.44e-11
2020-12-27, 07:06:48, 9.34e-13, 5.42e-11
2020-12-27, 07:06:52, 9.67e-13, 5.42e-11
2020-12-27, 07:06:57, 9.69e-13, 5.41e-11
2020-12-27, 07:07:01, 9.22e-13, 5.42e-11
2020-12-27, 07:07:05, 9.04e-13, 5.4e-11
2020-12-27, 07:07:09, 9.46e-13, 5.42e-11
2020-12-27, 07:07:13, 1.01e-12, 5.44e-11
2020-12-27, 07:07:18, 9.7e-13, 5.45e-11
2020-12-27, 07:07:22, 9.51e-13, 5.44e-11
2020-12-27, 07:07:26, 9.15e-13, 5.46e-11
2020-12-27, 07:07:30, 9.25e-13, 5.44e-11
2020-12-27, 07:07:35, 9.48e-13, 5.44e-11
2020-12-27, 07:07:39, 9.46e-13, 5.44e-11
2020-12-27, 07:07:43, 9.21e-13, 5.45e-11
2020-12-27, 07:07:47, 9.65e-13, 5.45e-11
2020-12-27, 07:07:51, 9.17e-13, 5.43e-11
2020-12-27, 07:07:56, 8.51e-13, 5.42e-11
2020-12-27, 07:08:00, 9.76e-13, 5.45e-11
2020-12-27, 07:08:04, 8.91e-13, 5.42e-11
2020-12-27, 07:08:08, 8.94e-13, 5.42e-11
2020-12-27, 07:08:13, 9.57e-13, 5.43e-11
2020-12-27, 07:08:17, 8.81e-13, 5.45e-11
2020-12-27, 07:08:21, 9.87e-13, 5.42e-11
2020-12-27, 07:08:25, 9.8e-13, 5.42e-11
2020-12-27, 07:08:29, 9.32e-13, 5.42e-11
2020-12-27, 07:08:34, 9.37e-13, 5.45e-11
2020-12-27, 07:08:38, 9.4e-13, 5.44e-11
2020-12-27, 07:08:42, 9.36e-13, 5.42e-11
2020-12-27, 07:08:46, 9.25e-13, 5.43e-11
2020-12-27, 07:08:51, 9.58e-13, 5.4e-11
2020-12-27, 07:08:55, 9.19e-13, 5.39e-11
2020-12-27, 07:08:59, 9.3e-13, 5.41e-11
2020-12-27, 07:09:03, 8.52e-13, 5.43e-11
2020-12-27, 07:09:07, 8.53e-13, 5.42e-11
2020-12-27, 07:09:12, 9.54e-13, 5.41e-11
2020-12-27, 07:09:16, 9.32e-13, 5.42e-11
2020-12-27, 07:09:20, 9.42e-13, 5.44e-11
2020-12-27, 07:09:24, 8.69e-13, 5.44e-11
2020-12-27, 07:09:29, 9.15e-13, 5.44e-11
2020-12-27, 07:09:33, 9.58e-13, 5.44e-11
2020-12-27, 07:09:37, 9.6e-13, 5.46e-11
2020-12-27, 07:09:41, 9.55e-13, 5.44e-11
2020-12-27, 07:09:45, 9.33e-13, 5.45e-11
2020-12-27, 07:09:50, 9.43e-13, 5.45e-11
2020-12-27, 07:09:54, 9.08e-13, 5.44e-11
2020-12-27, 07:09:58, 9.36e-13, 5.44e-11
2020-12-27, 07:10:02, 9.31e-13, 5.45e-11
2020-12-27, 07:10:06, 9.23e-13, 5.45e-11
2020-12-27, 07:10:11, 9.53e-13, 5.43e-11
2020-12-27, 07:10:15, 9.08e-13, 5.45e-11
2020-12-27, 07:10:19, 9.46e-13, 5.45e-11
2020-12-27, 07:10:23, 9.96e-13, 5.43e-11
2020-12-27, 07:10:28, 9.61e-13, 5.44e-11
2020-12-27, 07:10:32, 9.23e-13, 5.44e-11
2020-12-27, 07:10:36, 9.86e-13, 5.43e-11
2020-12-27, 07:10:40, 8.98e-13, 5.45e-11
2020-12-27, 07:10:44, 9.31e-13, 5.45e-11
2020-12-27, 07:10:49, 8.99e-13, 5.44e-11
2020-12-27, 07:10:53, 9.5e-13, 5.44e-11
2020-12-27, 07:10:57, 9.29e-13, 5.45e-11
2020-12-27, 07:11:01, 8.73e-13, 5.42e-11
2020-12-27, 07:11:06, 8.87e-13, 5.39e-11
2020-12-27, 07:11:10, 8.4e-13, 5.41e-11
2020-12-27, 07:11:14, 9.45e-13, 5.44e-11
2020-12-27, 07:11:18, 9.08e-13, 5.42e-11
2020-12-27, 07:11:22, 1e-12, 5.44e-11
2020-12-27, 07:11:27, 9.4e-13, 5.46e-11
2020-12-27, 07:11:31, 9.51e-13, 5.45e-11
2020-12-27, 07:11:35, 9.54e-13, 5.44e-11
2020-12-27, 07:11:39, 1.07e-12, 5.43e-11
2020-12-27, 07:11:44, 9.46e-13, 5.43e-11
2020-12-27, 07:11:48, 9.32e-13, 5.46e-11
2020-12-27, 07:11:52, 9.31e-13, 5.45e-11
2020-12-27, 07:11:56, 8.48e-13, 5.41e-11
2020-12-27, 07:12:00, 9.09e-13, 5.42e-11
2020-12-27, 07:12:05, 1.01e-12, 5.42e-11
2020-12-27, 07:12:09, 8.13e-13, 5.42e-11
2020-12-27, 07:12:13, 9.85e-13, 5.43e-11
2020-12-27, 07:12:17, 9.32e-13, 5.44e-11
2020-12-27, 07:12:22, 9.87e-13, 5.46e-11
2020-12-27, 07:12:26, 9.34e-13, 5.45e-11
2020-12-27, 07:12:30, 8.95e-13, 5.44e-11
2020-12-27, 07:12:34, 9.33e-13, 5.46e-11
2020-12-27, 07:12:38, 8.38e-13, 5.44e-11
2020-12-27, 07:12:43, 9.28e-13, 5.4e-11
2020-12-27, 07:12:47, 9.18e-13, 5.45e-11
2020-12-27, 07:12:51, 1.01e-12, 5.42e-11
2020-12-27, 07:12:55, 9.45e-13, 5.44e-11
2020-12-27, 07:13:00, 9.31e-13, 5.43e-11
2020-12-27, 07:13:04, 9.89e-13, 5.43e-11
2020-12-27, 07:13:08, 9.22e-13, 5.41e-11
2020-12-27, 07:13:12, 9.18e-13, 5.41e-11
2020-12-27, 07:13:16, 9.8e-13, 5.44e-11
2020-12-27, 07:13:21, 7.68e-13, 5.42e-11
2020-12-27, 07:13:25, 9.05e-13, 5.41e-11
2020-12-27, 07:13:29, 8.86e-13, 5.43e-11
2020-12-27, 07:13:33, 9.48e-13, 5.47e-11
2020-12-27, 07:13:38, 9.46e-13, 5.44e-11
2020-12-27, 07:13:42, 9.99e-13, 5.44e-11
2020-12-27, 07:13:46, 8.77e-13, 5.47e-11
2020-12-27, 07:13:50, 9.11e-13, 5.44e-11
2020-12-27, 07:13:54, 9.95e-13, 5.46e-11
2020-12-27, 07:13:59, 9.19e-13, 5.42e-11
2020-12-27, 07:14:03, 9.59e-13, 5.43e-11
2020-12-27, 07:14:07, 9.23e-13, 5.47e-11
2020-12-27, 07:14:11, 9.19e-13, 5.45e-11
2020-12-27, 07:14:16, 9.31e-13, 5.46e-11
2020-12-27, 07:14:20, 9.78e-13, 5.43e-11
2020-12-27, 07:14:24, 9.32e-13, 5.45e-11
2020-12-27, 07:14:28, 9.13e-13, 5.44e-11
2020-12-27, 07:14:32, 8.43e-13, 5.47e-11
2020-12-27, 07:14:37, 9.28e-13, 5.44e-11
2020-12-27, 07:14:41, 8.96e-13, 5.47e-11
2020-12-27, 07:14:45, 8.53e-13, 5.44e-11
2020-12-27, 07:14:49, 9.18e-13, 5.44e-11
2020-12-27, 07:14:54, 1.04e-12, 5.45e-11
2020-12-27, 07:14:58, 9.65e-13, 5.45e-11
2020-12-27, 07:15:02, 9.24e-13, 5.43e-11
2020-12-27, 07:15:06, 9.39e-13, 5.44e-11
2020-12-27, 07:15:10, 9.97e-13, 5.44e-11
2020-12-27, 07:15:15, 9.28e-13, 5.44e-11
2020-12-27, 07:15:19, 9.13e-13, 5.44e-11
2020-12-27, 07:15:23, 8.83e-13, 5.45e-11
2020-12-27, 07:15:27, 9.67e-13, 5.43e-11
2020-12-27, 07:15:32, 9.23e-13, 5.45e-11
2020-12-27, 07:15:36, 9.1e-13, 5.44e-11
2020-12-27, 07:15:40, 9.19e-13, 5.46e-11
2020-12-27, 07:15:44, 9.32e-13, 5.44e-11
2020-12-27, 07:15:48, 8.67e-13, 5.49e-11
2020-12-27, 07:15:53, 8.86e-13, 5.49e-11
2020-12-27, 07:15:57, 9.83e-13, 5.48e-11
2020-12-27, 07:16:01, 8.94e-13, 5.43e-11
2020-12-27, 07:16:05, 9.59e-13, 5.41e-11
2020-12-27, 07:16:10, 8.78e-13, 5.42e-11
2020-12-27, 07:16:14, 8.96e-13, 5.4e-11
2020-12-27, 07:16:18, 9.7e-13, 5.45e-11
2020-12-27, 07:16:22, 9.5e-13, 5.42e-11
2020-12-27, 07:16:26, 9.83e-13, 5.43e-11
2020-12-27, 07:16:31, 8.89e-13, 5.41e-11
2020-12-27, 07:16:35, 8.66e-13, 5.47e-11
2020-12-27, 07:16:39, 9.51e-13, 5.44e-11
2020-12-27, 07:16:43, 8.04e-13, 5.45e-11
2020-12-27, 07:16:48, 9.6e-13, 5.42e-11
2020-12-27, 07:16:52, 9.01e-13, 5.43e-11
2020-12-27, 07:16:56, 8.72e-13, 5.42e-11
2020-12-27, 07:17:00, 8.84e-13, 5.43e-11
2020-12-27, 07:17:04, 8.97e-13, 5.43e-11
2020-12-27, 07:17:09, 8.62e-13, 5.44e-11
2020-12-27, 07:17:13, 9.7e-13, 5.45e-11
2020-12-27, 07:17:17, 8.97e-13, 5.43e-11
2020-12-27, 07:17:21, 9.43e-13, 5.43e-11
2020-12-27, 07:17:26, 8.82e-13, 5.44e-11
2020-12-27, 07:17:30, 9.7e-13, 5.43e-11
2020-12-27, 07:17:34, 8.93e-13, 5.45e-11
2020-12-27, 07:17:38, 9.09e-13, 5.44e-11
2020-12-27, 07:17:42, 9.49e-13, 5.45e-11
2020-12-27, 07:17:47, 9.04e-13, 5.43e-11
2020-12-27, 07:17:51, 9.53e-13, 5.43e-11
2020-12-27, 07:17:55, 1.02e-12, 5.44e-11
2020-12-27, 07:17:59, 8.33e-13, 5.42e-11
2020-12-27, 07:18:04, 8.84e-13, 5.42e-11
2020-12-27, 07:18:08, 9.47e-13, 5.45e-11
2020-12-27, 07:18:12, 9.46e-13, 5.42e-11
2020-12-27, 07:18:16, 9.47e-13, 5.44e-11
2020-12-27, 07:18:20, 9.37e-13, 5.47e-11
2020-12-27, 07:18:25, 9.7e-13, 5.47e-11
2020-12-27, 07:18:29, 9.38e-13, 5.44e-11
2020-12-27, 07:18:33, 8.98e-13, 5.4e-11
2020-12-27, 07:18:38, 9.16e-13, 5.47e-11
2020-12-27, 07:18:42, 9.39e-13, 5.43e-11
2020-12-27, 07:18:46, 9.3e-13, 5.43e-11
2020-12-27, 07:18:50, 8.72e-13, 5.44e-11
2020-12-27, 07:18:55, 1.11e-12, 5.45e-11
2020-12-27, 07:18:59, 9.34e-13, 5.46e-11
2020-12-27, 07:19:03, 9.79e-13, 5.44e-11
2020-12-27, 07:19:07, 9.29e-13, 5.44e-11
2020-12-27, 07:19:11, 9.21e-13, 5.44e-11
2020-12-27, 07:19:16, 9.43e-13, 5.46e-11
2020-12-27, 07:19:20, 9.33e-13, 5.44e-11
2020-12-27, 07:19:24, 9.16e-13, 5.46e-11
2020-12-27, 07:19:28, 9.23e-13, 5.44e-11
2020-12-27, 07:19:33, 9.21e-13, 5.46e-11
2020-12-27, 07:19:37, 9.27e-13, 5.45e-11
2020-12-27, 07:19:41, 9.31e-13, 5.45e-11
2020-12-27, 07:19:45, 9.51e-13, 5.44e-11
2020-12-27, 07:19:49, 9.45e-13, 5.44e-11
2020-12-27, 07:19:54, 9.27e-13, 5.43e-11
2020-12-27, 07:19:58, 9.21e-13, 5.44e-11
2020-12-27, 07:20:02, 9.45e-13, 5.45e-11
2020-12-27, 07:20:06, 9.1e-13, 5.46e-11
2020-12-27, 07:20:11, 9.39e-13, 5.44e-11
2020-12-27, 07:20:15, 9.68e-13, 5.47e-11
2020-12-27, 07:20:19, 9.53e-13, 5.42e-11
2020-12-27, 07:20:23, 9.78e-13, 5.41e-11
2020-12-27, 07:20:27, 1.04e-12, 5.43e-11
2020-12-27, 07:20:32, 9.06e-13, 5.4e-11
2020-12-27, 07:20:36, 9.21e-13, 5.43e-11
2020-12-27, 07:20:40, 9.66e-13, 5.43e-11
2020-12-27, 07:20:44, 8.33e-13, 5.45e-11
2020-12-27, 07:20:48, 9.38e-13, 5.43e-11
2020-12-27, 07:20:53, 9.11e-13, 5.41e-11
2020-12-27, 07:20:57, 9.36e-13, 5.41e-11
2020-12-27, 07:21:01, 1.01e-12, 5.42e-11
2020-12-27, 07:21:05, 9.18e-13, 5.42e-11
2020-12-27, 07:21:10, 9.65e-13, 5.42e-11
2020-12-27, 07:21:14, 8.98e-13, 5.41e-11
2020-12-27, 07:21:18, 8.89e-13, 5.42e-11
2020-12-27, 07:21:22, 8.67e-13, 5.42e-11
2020-12-27, 07:21:26, 8.95e-13, 5.46e-11
2020-12-27, 07:21:31, 9.7e-13, 5.4e-11
2020-12-27, 07:21:35, 9.08e-13, 5.43e-11
2020-12-27, 07:21:39, 9.34e-13, 5.46e-11
2020-12-27, 07:21:43, 9.43e-13, 5.43e-11
2020-12-27, 07:21:48, 9.89e-13, 5.41e-11
2020-12-27, 07:21:52, 9.92e-13, 5.44e-11
2020-12-27, 07:21:57, 9.29e-13, 5.43e-11
2020-12-27, 07:22:01, 8.79e-13, 5.42e-11
2020-12-27, 07:22:06, 9.13e-13, 5.44e-11
2020-12-27, 07:22:10, 9.38e-13, 5.44e-11
2020-12-27, 07:22:14, 8.89e-13, 5.43e-11
2020-12-27, 07:22:18, 9.07e-13, 5.44e-11
2020-12-27, 07:22:23, 9.06e-13, 5.44e-11
2020-12-27, 07:22:27, 9.47e-13, 5.42e-11
2020-12-27, 07:22:33, 8.81e-13, 5.43e-11
2020-12-27, 07:22:39, 8.63e-13, 5.44e-11
2020-12-27, 07:22:45, 9.71e-13, 5.42e-11
2020-12-27, 07:22:49, 9.51e-13, 5.45e-11
2020-12-27, 07:22:53, 9.31e-13, 5.43e-11
2020-12-27, 07:22:57, 8.97e-13, 5.42e-11
2020-12-27, 07:23:02, 9.26e-13, 5.44e-11
2020-12-27, 07:23:06, 9.2e-13, 5.43e-11
2020-12-27, 07:23:10, 9.81e-13, 5.44e-11
2020-12-27, 07:23:16, 9.97e-13, 5.42e-11
2020-12-27, 07:23:20, 9.13e-13, 5.45e-11
2020-12-27, 07:23:24, 9.58e-13, 5.45e-11
2020-12-27, 07:23:29, 1.04e-12, 5.45e-11
2020-12-27, 07:23:33, 9.23e-13, 5.46e-11
2020-12-27, 07:23:37, 9.8e-13, 5.43e-11
2020-12-27, 07:23:41, 8.82e-13, 5.43e-11
2020-12-27, 07:23:45, 9.03e-13, 5.44e-11
2020-12-27, 07:23:50, 9.11e-13, 5.45e-11
2020-12-27, 07:23:54, 9.7e-13, 5.4e-11
2020-12-27, 07:23:58, 9.08e-13, 5.42e-11
2020-12-27, 07:24:02, 8.58e-13, 5.41e-11
2020-12-27, 07:24:06, 9.2e-13, 5.44e-11
2020-12-27, 07:24:11, 8.51e-13, 5.44e-11
2020-12-27, 07:24:15, 8.72e-13, 5.43e-11
2020-12-27, 07:24:19, 9.61e-13, 5.45e-11
2020-12-27, 07:24:23, 9.22e-13, 5.44e-11
2020-12-27, 07:24:28, 8.55e-13, 5.41e-11
2020-12-27, 07:24:32, 9.14e-13, 5.42e-11
2020-12-27, 07:24:36, 9.02e-13, 5.42e-11
2020-12-27, 07:24:40, 1.03e-12, 5.43e-11
2020-12-27, 07:24:44, 9.82e-13, 5.44e-11
2020-12-27, 07:24:49, 9.27e-13, 5.41e-11
2020-12-27, 07:24:53, 1.01e-12, 5.43e-11
2020-12-27, 07:24:57, 7.83e-13, 5.42e-11
2020-12-27, 07:25:01, 8.94e-13, 5.43e-11
2020-12-27, 07:25:06, 8.74e-13, 5.41e-11
2020-12-27, 07:25:10, 9.17e-13, 5.44e-11
2020-12-27, 07:25:14, 9.04e-13, 5.42e-11
2020-12-27, 07:25:18, 8.48e-13, 5.44e-11
2020-12-27, 07:25:22, 7.58e-13, 5.43e-11
2020-12-27, 07:25:27, 9.19e-13, 5.44e-11
2020-12-27, 07:25:31, 9.16e-13, 5.46e-11
2020-12-27, 07:25:35, 9.54e-13, 5.43e-11
2020-12-27, 07:25:39, 9.23e-13, 5.47e-11
2020-12-27, 07:25:44, 9.53e-13, 5.42e-11
2020-12-27, 07:25:48, 8.65e-13, 5.45e-11
2020-12-27, 07:25:52, 8.19e-13, 5.4e-11
2020-12-27, 07:25:56, 9.03e-13, 5.41e-11
2020-12-27, 07:26:00, 9.22e-13, 5.42e-11
2020-12-27, 07:26:05, 9.64e-13, 5.43e-11
2020-12-27, 07:26:09, 9.11e-13, 5.43e-11
2020-12-27, 07:26:13, 9.19e-13, 5.43e-11
2020-12-27, 07:26:17, 8.97e-13, 5.43e-11
2020-12-27, 07:26:22, 9.27e-13, 5.45e-11
2020-12-27, 07:26:26, 9.12e-13, 5.41e-11
2020-12-27, 07:26:30, 8.65e-13, 5.42e-11
2020-12-27, 07:26:34, 9.34e-13, 5.43e-11
2020-12-27, 07:26:38, 8.64e-13, 5.42e-11
2020-12-27, 07:26:43, 9.32e-13, 5.43e-11
2020-12-27, 07:26:47, 9.64e-13, 5.43e-11
2020-12-27, 07:26:51, 8.91e-13, 5.43e-11
2020-12-27, 07:26:55, 9.3e-13, 5.44e-11
2020-12-27, 07:27:00, 9.39e-13, 5.42e-11
2020-12-27, 07:27:04, 9.46e-13, 5.42e-11
2020-12-27, 07:27:08, 9.48e-13, 5.44e-11
2020-12-27, 07:27:12, 9.11e-13, 5.48e-11
2020-12-27, 07:27:16, 8.36e-13, 5.42e-11
2020-12-27, 07:27:21, 1e-12, 5.45e-11
2020-12-27, 07:27:25, 9.19e-13, 5.43e-11
2020-12-27, 07:27:29, 8.92e-13, 5.42e-11
2020-12-27, 07:27:33, 8.5e-13, 5.44e-11
2020-12-27, 07:27:38, 9.41e-13, 5.42e-11
2020-12-27, 07:27:42, 9.77e-13, 5.42e-11
2020-12-27, 07:27:46, 9.18e-13, 5.43e-11
2020-12-27, 07:27:50, 1.02e-12, 5.44e-11
2020-12-27, 07:27:54, 9.13e-13, 5.43e-11
2020-12-27, 07:27:59, 8.71e-13, 5.45e-11
2020-12-27, 07:28:03, 9.33e-13, 5.45e-11
2020-12-27, 07:28:07, 1e-12, 5.44e-11
2020-12-27, 07:28:11, 8.94e-13, 5.43e-11
2020-12-27, 07:28:16, 7.78e-13, 5.41e-11
2020-12-27, 07:28:20, 1.06e-12, 5.43e-11
2020-12-27, 07:28:24, 9.18e-13, 5.39e-11
2020-12-27, 07:28:28, 9.66e-13, 5.41e-11
2020-12-27, 07:28:32, 8.92e-13, 5.43e-11
2020-12-27, 07:28:37, 9.51e-13, 5.41e-11
2020-12-27, 07:28:41, 9.34e-13, 5.4e-11
2020-12-27, 07:28:45, 9.41e-13, 5.4e-11
2020-12-27, 07:28:49, 8.5e-13, 5.43e-11
2020-12-27, 07:28:54, 1.04e-12, 5.45e-11
2020-12-27, 07:28:58, 9.42e-13, 5.41e-11
2020-12-27, 07:29:02, 9.36e-13, 5.44e-11
2020-12-27, 07:29:06, 9.81e-13, 5.42e-11
2020-12-27, 07:29:10, 9.42e-13, 5.45e-11
2020-12-27, 07:29:15, 8.86e-13, 5.44e-11
2020-12-27, 07:29:19, 9.55e-13, 5.44e-11
2020-12-27, 07:29:23, 9.85e-13, 5.42e-11
2020-12-27, 07:29:27, 9.17e-13, 5.43e-11
2020-12-27, 07:29:32, 1.06e-12, 5.42e-11
2020-12-27, 07:29:36, 9.46e-13, 5.46e-11
2020-12-27, 07:29:40, 9.73e-13, 5.44e-11
2020-12-27, 07:29:44, 9.39e-13, 5.43e-11
2020-12-27, 07:29:48, 9.56e-13, 5.41e-11
2020-12-27, 07:29:53, 9.76e-13, 5.43e-11
2020-12-27, 07:29:57, 8.47e-13, 5.44e-11
2020-12-27, 07:30:01, 9.16e-13, 5.43e-11
2020-12-27, 07:30:05, 9.46e-13, 5.44e-11
2020-12-27, 07:30:10, 9.56e-13, 5.43e-11
2020-12-27, 07:30:14, 8.36e-13, 5.42e-11
2020-12-27, 07:30:18, 1e-12, 5.42e-11
2020-12-27, 07:30:22, 9.36e-13, 5.42e-11
2020-12-27, 07:30:26, 9.25e-13, 5.42e-11
2020-12-27, 07:30:31, 9.64e-13, 5.43e-11
2020-12-27, 07:30:35, 9.7e-13, 5.44e-11
2020-12-27, 07:30:39, 9.2e-13, 5.5e-11
2020-12-27, 07:30:43, 8.35e-13, 5.43e-11
2020-12-27, 07:30:48, 9.27e-13, 5.43e-11
2020-12-27, 07:30:52, 9.82e-13, 5.44e-11
2020-12-27, 07:30:56, 9e-13, 5.44e-11
2020-12-27, 07:31:00, 8.96e-13, 5.43e-11
2020-12-27, 07:31:04, 9.61e-13, 5.44e-11
2020-12-27, 07:31:09, 9.41e-13, 5.4e-11
2020-12-27, 07:31:13, 9.99e-13, 5.43e-11
2020-12-27, 07:31:17, 9.64e-13, 5.42e-11
2020-12-27, 07:31:21, 9.27e-13, 5.41e-11
2020-12-27, 07:31:26, 9.27e-13, 5.41e-11
2020-12-27, 07:31:30, 9.4e-13, 5.42e-11
2020-12-27, 07:31:34, 9.69e-13, 5.44e-11
2020-12-27, 07:31:38, 9.19e-13, 5.44e-11
2020-12-27, 07:31:42, 8.75e-13, 5.41e-11
2020-12-27, 07:31:47, 8.44e-13, 5.43e-11
2020-12-27, 07:31:51, 9.32e-13, 5.45e-11
2020-12-27, 07:31:55, 8.31e-13, 5.42e-11
2020-12-27, 07:31:59, 8.63e-13, 5.41e-11
2020-12-27, 07:32:04, 8.61e-13, 5.44e-11
2020-12-27, 07:32:08, 9.33e-13, 5.44e-11
2020-12-27, 07:32:12, 8.45e-13, 5.44e-11
2020-12-27, 07:32:16, 8.9e-13, 5.44e-11
2020-12-27, 07:32:20, 1.06e-12, 5.42e-11
2020-12-27, 07:32:25, 8.95e-13, 5.41e-11
2020-12-27, 07:32:29, 8.65e-13, 5.42e-11
2020-12-27, 07:32:33, 8.65e-13, 5.43e-11
2020-12-27, 07:32:37, 9.06e-13, 5.44e-11
2020-12-27, 07:32:42, 8.37e-13, 5.44e-11
2020-12-27, 07:32:46, 9.56e-13, 5.42e-11
2020-12-27, 07:32:50, 9.36e-13, 5.44e-11
2020-12-27, 07:32:54, 9.49e-13, 5.4e-11
2020-12-27, 07:32:58, 8.91e-13, 5.41e-11
2020-12-27, 07:33:03, 1.07e-12, 5.43e-11
2020-12-27, 07:33:07, 9.13e-13, 5.43e-11
2020-12-27, 07:33:11, 9.09e-13, 5.44e-11
2020-12-27, 07:33:15, 9.76e-13, 5.43e-11
2020-12-27, 07:33:20, 9.68e-13, 5.43e-11
2020-12-27, 07:33:24, 8.86e-13, 5.41e-11
2020-12-27, 07:33:28, 9.01e-13, 5.42e-11
2020-12-27, 07:33:32, 8.76e-13, 5.42e-11
2020-12-27, 07:33:36, 1.07e-12, 5.41e-11
2020-12-27, 07:33:41, 9.44e-13, 5.41e-11
2020-12-27, 07:33:45, 9.68e-13, 5.42e-11
2020-12-27, 07:33:49, 8.98e-13, 5.42e-11
2020-12-27, 07:33:53, 9.06e-13, 5.41e-11
2020-12-27, 07:33:57, 9.17e-13, 5.43e-11
2020-12-27, 07:34:02, 9.3e-13, 5.45e-11
2020-12-27, 07:34:06, 9.42e-13, 5.44e-11
2020-12-27, 07:34:10, 1.04e-12, 5.42e-11
2020-12-27, 07:34:14, 8.98e-13, 5.43e-11
2020-12-27, 07:34:19, 8.92e-13, 5.42e-11
2020-12-27, 07:34:23, 9.23e-13, 5.44e-11
2020-12-27, 07:34:27, 9.26e-13, 5.42e-11
2020-12-27, 07:34:31, 9.23e-13, 5.41e-11
2020-12-27, 07:34:35, 9.88e-13, 5.43e-11
2020-12-27, 07:34:40, 8.95e-13, 5.4e-11
2020-12-27, 07:34:44, 9.15e-13, 5.41e-11
2020-12-27, 07:34:48, 9.29e-13, 5.42e-11
2020-12-27, 07:34:52, 9.33e-13, 5.41e-11
2020-12-27, 07:34:57, 9.04e-13, 5.41e-11
2020-12-27, 07:35:01, 9.56e-13, 5.4e-11
2020-12-27, 07:35:05, 8.98e-13, 5.42e-11
2020-12-27, 07:35:09, 9.94e-13, 5.42e-11
2020-12-27, 07:35:13, 9.63e-13, 5.42e-11
2020-12-27, 07:35:18, 1.04e-12, 5.44e-11
2020-12-27, 07:35:22, 9.63e-13, 5.46e-11
2020-12-27, 07:35:26, 9.32e-13, 5.44e-11
2020-12-27, 07:35:30, 9.11e-13, 5.43e-11
2020-12-27, 07:35:35, 9.15e-13, 5.47e-11
2020-12-27, 07:35:39, 9e-13, 5.44e-11
2020-12-27, 07:35:43, 9.46e-13, 5.44e-11
2020-12-27, 07:35:47, 9.64e-13, 5.46e-11
2020-12-27, 07:35:51, 9.1e-13, 5.43e-11
2020-12-27, 07:35:56, 9.62e-13, 5.45e-11
2020-12-27, 07:36:00, 9e-13, 5.42e-11
2020-12-27, 07:36:04, 9.16e-13, 5.44e-11
2020-12-27, 07:36:08, 1.02e-12, 5.45e-11
2020-12-27, 07:36:13, 9.15e-13, 5.46e-11
2020-12-27, 07:36:17, 9.03e-13, 5.44e-11
2020-12-27, 07:36:21, 8.93e-13, 5.44e-11
2020-12-27, 07:36:25, 8.91e-13, 5.41e-11
2020-12-27, 07:36:29, 9.47e-13, 5.4e-11
2020-12-27, 07:36:34, 9.19e-13, 5.42e-11
2020-12-27, 07:36:38, 8.82e-13, 5.43e-11
2020-12-27, 07:36:42, 9.74e-13, 5.44e-11
2020-12-27, 07:36:46, 9.27e-13, 5.43e-11
2020-12-27, 07:36:51, 9.61e-13, 5.42e-11
2020-12-27, 07:36:55, 8.97e-13, 5.41e-11
2020-12-27, 07:36:59, 9.4e-13, 5.42e-11
2020-12-27, 07:37:03, 8.73e-13, 5.45e-11
2020-12-27, 07:37:07, 9.34e-13, 5.43e-11
2020-12-27, 07:37:12, 9.06e-13, 5.43e-11
2020-12-27, 07:37:16, 1.01e-12, 5.42e-11
2020-12-27, 07:37:20, 8.78e-13, 5.42e-11
2020-12-27, 07:37:24, 9.18e-13, 5.45e-11
2020-12-27, 07:37:29, 9.03e-13, 5.44e-11
2020-12-27, 07:37:33, 9.72e-13, 5.44e-11
2020-12-27, 07:37:37, 8.99e-13, 5.45e-11
2020-12-27, 07:37:41, 9.69e-13, 5.41e-11
2020-12-27, 07:37:45, 9.8e-13, 5.41e-11
2020-12-27, 07:37:50, 9.12e-13, 5.43e-11
2020-12-27, 07:37:54, 8.9e-13, 5.45e-11
2020-12-27, 07:37:58, 8.83e-13, 5.46e-11
2020-12-27, 07:38:02, 9.35e-13, 5.46e-11
2020-12-27, 07:38:07, 9.28e-13, 5.45e-11
2020-12-27, 07:38:11, 9.34e-13, 5.44e-11
2020-12-27, 07:38:15, 9.21e-13, 5.46e-11
2020-12-27, 07:38:19, 8.95e-13, 5.46e-11
2020-12-27, 07:38:23, 9.41e-13, 5.44e-11
2020-12-27, 07:38:28, 9.52e-13, 5.43e-11
2020-12-27, 07:38:32, 1.05e-12, 5.41e-11
2020-12-27, 07:38:36, 8.67e-13, 5.41e-11
2020-12-27, 07:38:40, 9.81e-13, 5.44e-11
2020-12-27, 07:38:45, 9.19e-13, 5.43e-11
2020-12-27, 07:38:49, 9.17e-13, 5.42e-11
2020-12-27, 07:38:53, 9.25e-13, 5.42e-11
2020-12-27, 07:38:57, 9.59e-13, 5.42e-11
2020-12-27, 07:39:01, 9.78e-13, 5.41e-11
2020-12-27, 07:39:06, 9.51e-13, 5.42e-11
2020-12-27, 07:39:10, 9.29e-13, 5.42e-11
2020-12-27, 07:39:14, 9.39e-13, 5.43e-11
2020-12-27, 07:39:18, 9.72e-13, 5.44e-11
2020-12-27, 07:39:22, 9.26e-13, 5.42e-11
2020-12-27, 07:39:27, 9.02e-13, 5.43e-11
2020-12-27, 07:39:31, 9.09e-13, 5.42e-11
2020-12-27, 07:39:35, 9.1e-13, 5.42e-11
2020-12-27, 07:39:39, 9.5e-13, 5.45e-11
2020-12-27, 07:39:44, 9.3e-13, 5.41e-11
2020-12-27, 07:39:48, 9.85e-13, 5.43e-11
2020-12-27, 07:39:52, 9.6e-13, 5.41e-11
2020-12-27, 07:39:56, 9.04e-13, 5.42e-11
2020-12-27, 07:40:00, 9.12e-13, 5.43e-11
2020-12-27, 07:40:05, 8.39e-13, 5.4e-11
2020-12-27, 07:40:09, 8.74e-13, 5.38e-11
2020-12-27, 07:40:13, 9.58e-13, 5.39e-11
2020-12-27, 07:40:17, 8.48e-13, 5.41e-11
2020-12-27, 07:40:22, 8.65e-13, 5.39e-11
2020-12-27, 07:40:26, 9.94e-13, 5.41e-11
2020-12-27, 07:40:30, 1.09e-12, 5.42e-11
2020-12-27, 07:40:34, 9.57e-13, 5.42e-11
2020-12-27, 07:40:38, 1.01e-12, 5.42e-11
2020-12-27, 07:40:43, 9.46e-13, 5.41e-11
2020-12-27, 07:40:47, 9.23e-13, 5.45e-11
2020-12-27, 07:40:51, 9.6e-13, 5.45e-11
2020-12-27, 07:40:55, 9.43e-13, 5.41e-11
2020-12-27, 07:41:00, 9.29e-13, 5.4e-11
2020-12-27, 07:41:04, 8.79e-13, 5.44e-11
2020-12-27, 07:41:08, 9e-13, 5.43e-11
2020-12-27, 07:41:12, 9e-13, 5.44e-11
2020-12-27, 07:41:16, 9.5e-13, 5.43e-11
2020-12-27, 07:41:21, 7.98e-13, 5.41e-11
2020-12-27, 07:41:25, 9.31e-13, 5.41e-11
2020-12-27, 07:41:29, 1.03e-12, 5.44e-11
2020-12-27, 07:41:33, 9.09e-13, 5.41e-11
2020-12-27, 07:41:38, 9.53e-13, 5.41e-11
2020-12-27, 07:41:42, 9.43e-13, 5.4e-11
2020-12-27, 07:41:46, 9e-13, 5.42e-11
2020-12-27, 07:41:50, 9.12e-13, 5.43e-11
2020-12-27, 07:41:54, 9.27e-13, 5.42e-11
2020-12-27, 07:41:59, 9.13e-13, 5.41e-11
2020-12-27, 07:42:03, 9e-13, 5.43e-11
2020-12-27, 07:42:07, 9.62e-13, 5.45e-11
2020-12-27, 07:42:11, 9.52e-13, 5.43e-11
2020-12-27, 07:42:16, 8.81e-13, 5.42e-11
2020-12-27, 07:42:20, 9.27e-13, 5.41e-11
2020-12-27, 07:42:24, 9.46e-13, 5.44e-11
2020-12-27, 07:42:28, 9.1e-13, 5.43e-11
2020-12-27, 07:42:32, 1.02e-12, 5.45e-11
2020-12-27, 07:42:37, 9.02e-13, 5.45e-11
2020-12-27, 07:42:41, 8.88e-13, 5.39e-11
2020-12-27, 07:42:45, 8.84e-13, 5.43e-11
2020-12-27, 07:42:49, 1.08e-12, 5.44e-11
2020-12-27, 07:42:54, 9.43e-13, 5.42e-11
2020-12-27, 07:42:58, 9.37e-13, 5.43e-11
2020-12-27, 07:43:02, 8.8e-13, 5.43e-11
2020-12-27, 07:43:06, 9.27e-13, 5.44e-11
2020-12-27, 07:43:10, 9.54e-13, 5.42e-11
2020-12-27, 07:43:15, 1.01e-12, 5.42e-11
2020-12-27, 07:43:19, 9.19e-13, 5.42e-11
2020-12-27, 07:43:23, 8.88e-13, 5.41e-11
2020-12-27, 07:43:27, 9.26e-13, 5.4e-11
2020-12-27, 07:43:31, 9.34e-13, 5.45e-11
2020-12-27, 07:43:36, 8.9e-13, 5.42e-11
2020-12-27, 07:43:40, 9.41e-13, 5.42e-11
2020-12-27, 07:43:44, 8.95e-13, 5.42e-11
2020-12-27, 07:43:48, 9.71e-13, 5.4e-11
2020-12-27, 07:43:53, 9.33e-13, 5.4e-11
2020-12-27, 07:43:57, 9.41e-13, 5.41e-11
2020-12-27, 07:44:01, 9.28e-13, 5.44e-11
2020-12-27, 07:44:05, 8.94e-13, 5.41e-11
2020-12-27, 07:44:09, 8.31e-13, 5.44e-11
2020-12-27, 07:44:14, 9.91e-13, 5.42e-11
2020-12-27, 07:44:18, 9.46e-13, 5.42e-11
2020-12-27, 07:44:22, 8.93e-13, 5.42e-11
2020-12-27, 07:44:26, 9.18e-13, 5.41e-11
2020-12-27, 07:44:31, 9.41e-13, 5.42e-11
2020-12-27, 07:44:35, 8.97e-13, 5.42e-11
2020-12-27, 07:44:39, 9.05e-13, 5.41e-11
2020-12-27, 07:44:43, 9.32e-13, 5.41e-11
2020-12-27, 07:44:47, 9.39e-13, 5.41e-11
2020-12-27, 07:44:52, 9.88e-13, 5.44e-11
2020-12-27, 07:44:56, 8.96e-13, 5.43e-11
2020-12-27, 07:45:00, 1e-12, 5.41e-11
2020-12-27, 07:45:04, 9.61e-13, 5.44e-11
2020-12-27, 07:45:09, 9.19e-13, 5.4e-11
2020-12-27, 07:45:13, 1.05e-12, 5.4e-11
2020-12-27, 07:45:17, 9.81e-13, 5.4e-11
2020-12-27, 07:45:21, 9.05e-13, 5.4e-11
2020-12-27, 07:45:25, 8.1e-13, 5.4e-11
2020-12-27, 07:45:30, 9.02e-13, 5.38e-11
2020-12-27, 07:45:34, 9.38e-13, 5.41e-11
2020-12-27, 07:45:38, 9.03e-13, 5.4e-11
2020-12-27, 07:45:42, 9.45e-13, 5.43e-11
2020-12-27, 07:45:47, 9.28e-13, 5.42e-11
2020-12-27, 07:45:51, 8.73e-13, 5.42e-11
2020-12-27, 07:45:55, 8.29e-13, 5.4e-11
2020-12-27, 07:45:59, 9.28e-13, 5.43e-11
2020-12-27, 07:46:03, 8.17e-13, 5.43e-11
2020-12-27, 07:46:08, 9.96e-13, 5.42e-11
2020-12-27, 07:46:12, 9.37e-13, 5.41e-11
2020-12-27, 07:46:16, 9.45e-13, 5.42e-11
2020-12-27, 07:46:20, 9.22e-13, 5.43e-11
2020-12-27, 07:46:25, 8.99e-13, 5.45e-11
2020-12-27, 07:46:29, 9.61e-13, 5.42e-11
2020-12-27, 07:46:33, 9.26e-13, 5.41e-11
2020-12-27, 07:46:37, 9.48e-13, 5.42e-11
2020-12-27, 07:46:41, 9.81e-13, 5.42e-11
2020-12-27, 07:46:46, 9.01e-13, 5.41e-11
2020-12-27, 07:46:50, 9.48e-13, 5.4e-11
2020-12-27, 07:46:54, 9.39e-13, 5.43e-11
2020-12-27, 07:46:58, 8.52e-13, 5.41e-11
2020-12-27, 07:47:03, 9.38e-13, 5.38e-11
2020-12-27, 07:47:07, 9.63e-13, 5.39e-11
2020-12-27, 07:47:11, 9.27e-13, 5.39e-11
2020-12-27, 07:47:15, 9.15e-13, 5.39e-11
2020-12-27, 07:47:19, 9.43e-13, 5.37e-11
2020-12-27, 07:47:24, 9.75e-13, 5.39e-11
2020-12-27, 07:47:28, 9.08e-13, 5.4e-11
2020-12-27, 07:47:32, 9.68e-13, 5.42e-11
2020-12-27, 07:47:36, 9.75e-13, 5.39e-11
2020-12-27, 07:47:41, 9.56e-13, 5.38e-11
2020-12-27, 07:47:45, 8.93e-13, 5.39e-11
2020-12-27, 07:47:49, 9.7e-13, 5.41e-11
2020-12-27, 07:47:53, 1.03e-12, 5.42e-11
2020-12-27, 07:47:57, 9.09e-13, 5.43e-11
2020-12-27, 07:48:02, 9.08e-13, 5.43e-11
2020-12-27, 07:48:06, 9.33e-13, 5.44e-11
2020-12-27, 07:48:10, 1e-12, 5.44e-11
2020-12-27, 07:48:14, 9.61e-13, 5.44e-11
2020-12-27, 07:48:19, 9.56e-13, 5.42e-11
2020-12-27, 07:48:23, 9.57e-13, 5.43e-11
2020-12-27, 07:48:27, 8.71e-13, 5.43e-11
2020-12-27, 07:48:31, 9.24e-13, 5.44e-11
2020-12-27, 07:48:35, 9.19e-13, 5.44e-11
2020-12-27, 07:48:40, 9.4e-13, 5.43e-11
2020-12-27, 07:48:44, 9.39e-13, 5.44e-11
2020-12-27, 07:48:48, 9.43e-13, 5.45e-11
2020-12-27, 07:48:52, 9.49e-13, 5.43e-11
2020-12-27, 07:48:57, 9.91e-13, 5.41e-11
2020-12-27, 07:49:01, 9.32e-13, 5.42e-11
2020-12-27, 07:49:05, 9.44e-13, 5.44e-11
2020-12-27, 07:49:09, 9.2e-13, 5.42e-11
2020-12-27, 07:49:14, 9.97e-13, 5.42e-11
2020-12-27, 07:49:18, 9.18e-13, 5.42e-11
2020-12-27, 07:49:22, 9.79e-13, 5.43e-11
2020-12-27, 07:49:26, 9.84e-13, 5.44e-11
2020-12-27, 07:49:30, 9.06e-13, 5.41e-11
2020-12-27, 07:49:35, 9.59e-13, 5.42e-11
2020-12-27, 07:49:39, 9.15e-13, 5.41e-11
2020-12-27, 07:49:43, 9.17e-13, 5.43e-11
2020-12-27, 07:49:47, 9.46e-13, 5.42e-11
2020-12-27, 07:49:51, 8.95e-13, 5.39e-11
2020-12-27, 07:49:56, 9.4e-13, 5.42e-11
2020-12-27, 07:50:00, 8.76e-13, 5.44e-11
2020-12-27, 07:50:04, 9.29e-13, 5.43e-11
2020-12-27, 07:50:08, 9.92e-13, 5.42e-11
2020-12-27, 07:50:13, 8.66e-13, 5.39e-11
2020-12-27, 07:50:17, 9.52e-13, 5.39e-11
2020-12-27, 07:50:21, 9.11e-13, 5.42e-11
2020-12-27, 07:50:25, 9.57e-13, 5.39e-11
2020-12-27, 07:50:29, 9.44e-13, 5.41e-11
2020-12-27, 07:50:34, 9.37e-13, 5.41e-11
2020-12-27, 07:50:38, 8.83e-13, 5.39e-11
2020-12-27, 07:50:42, 8.87e-13, 5.4e-11
2020-12-27, 07:50:46, 8.91e-13, 5.42e-11
2020-12-27, 07:50:51, 9.17e-13, 5.42e-11
2020-12-27, 07:50:55, 9.74e-13, 5.41e-11
2020-12-27, 07:50:59, 9.29e-13, 5.43e-11
2020-12-27, 07:51:03, 9.46e-13, 5.43e-11
2020-12-27, 07:51:07, 9.67e-13, 5.4e-11
2020-12-27, 07:51:12, 8.04e-13, 5.44e-11
2020-12-27, 07:51:16, 9.19e-13, 5.43e-11
2020-12-27, 07:51:20, 9.8e-13, 5.42e-11
2020-12-27, 07:51:24, 9.16e-13, 5.41e-11
2020-12-27, 07:51:29, 9.03e-13, 5.41e-11
2020-12-27, 07:51:33, 9.17e-13, 5.41e-11
2020-12-27, 07:51:37, 9.31e-13, 5.41e-11
2020-12-27, 07:51:41, 8.83e-13, 5.42e-11
2020-12-27, 07:51:45, 9.49e-13, 5.42e-11
2020-12-27, 07:51:50, 9.67e-13, 5.43e-11
2020-12-27, 07:51:54, 9.12e-13, 5.42e-11
2020-12-27, 07:51:58, 9.14e-13, 5.43e-11
2020-12-27, 07:52:02, 8.75e-13, 5.43e-11
2020-12-27, 07:52:07, 9.29e-13, 5.41e-11
2020-12-27, 07:52:11, 8.59e-13, 5.43e-11
2020-12-27, 07:52:15, 9.36e-13, 5.41e-11
2020-12-27, 07:52:19, 9.81e-13, 5.4e-11
2020-12-27, 07:52:23, 9.51e-13, 5.42e-11
2020-12-27, 07:52:28, 9.19e-13, 5.44e-11
2020-12-27, 07:52:32, 9.16e-13, 5.43e-11
2020-12-27, 07:52:36, 9.88e-13, 5.42e-11
2020-12-27, 07:52:40, 9.4e-13, 5.41e-11
2020-12-27, 07:52:45, 9.01e-13, 5.42e-11
2020-12-27, 07:52:49, 9.36e-13, 5.42e-11
2020-12-27, 07:52:53, 9.7e-13, 5.43e-11
2020-12-27, 07:52:57, 1.01e-12, 5.44e-11
2020-12-27, 07:53:01, 9.09e-13, 5.43e-11
2020-12-27, 07:53:06, 9.18e-13, 5.42e-11
2020-12-27, 07:53:10, 9.41e-13, 5.4e-11
2020-12-27, 07:53:14, 1.03e-12, 5.44e-11
2020-12-27, 07:53:18, 9.41e-13, 5.44e-11
2020-12-27, 07:53:23, 9.62e-13, 5.45e-11
2020-12-27, 07:53:27, 9.9e-13, 5.45e-11
2020-12-27, 07:53:31, 9.65e-13, 5.43e-11
2020-12-27, 07:53:35, 9.42e-13, 5.42e-11
2020-12-27, 07:53:39, 9.11e-13, 5.43e-11
2020-12-27, 07:53:44, 8.06e-13, 5.41e-11
2020-12-27, 07:53:48, 9.36e-13, 5.4e-11
2020-12-27, 07:53:52, 9.43e-13, 5.44e-11
2020-12-27, 07:53:56, 1.06e-12, 5.42e-11
2020-12-27, 07:54:01, 9.96e-13, 5.4e-11
2020-12-27, 07:54:05, 9.6e-13, 5.4e-11
2020-12-27, 07:54:09, 9.46e-13, 5.39e-11
2020-12-27, 07:54:13, 1.11e-12, 5.43e-11
2020-12-27, 07:54:17, 1.11e-12, 5.42e-11
2020-12-27, 07:54:22, 9.47e-13, 5.4e-11
2020-12-27, 07:54:26, 9.58e-13, 5.43e-11
2020-12-27, 07:54:30, 9.22e-13, 5.43e-11
2020-12-27, 07:54:34, 9.05e-13, 5.41e-11
2020-12-27, 07:54:39, 9.09e-13, 5.42e-11
2020-12-27, 07:54:43, 9.31e-13, 5.43e-11
2020-12-27, 07:54:47, 9.52e-13, 5.42e-11
2020-12-27, 07:54:51, 9.15e-13, 5.4e-11
2020-12-27, 07:54:55, 1e-12, 5.43e-11
2020-12-27, 07:55:00, 9.24e-13, 5.42e-11
2020-12-27, 07:55:04, 1.02e-12, 5.42e-11
2020-12-27, 07:55:08, 8.85e-13, 5.44e-11
2020-12-27, 07:55:12, 9.26e-13, 5.42e-11
2020-12-27, 07:55:17, 9.11e-13, 5.43e-11
2020-12-27, 07:55:21, 8.85e-13, 5.42e-11
2020-12-27, 07:55:25, 9.28e-13, 5.42e-11
2020-12-27, 07:55:29, 9.34e-13, 5.42e-11
2020-12-27, 07:55:33, 9.4e-13, 5.42e-11
2020-12-27, 07:55:38, 9.02e-13, 5.42e-11
2020-12-27, 07:55:42, 9.01e-13, 5.44e-11
2020-12-27, 07:55:46, 9.08e-13, 5.43e-11
2020-12-27, 07:55:50, 9.1e-13, 5.41e-11
2020-12-27, 07:55:55, 8.67e-13, 5.44e-11
2020-12-27, 07:55:59, 9.05e-13, 5.43e-11
2020-12-27, 07:56:03, 9.57e-13, 5.43e-11
2020-12-27, 07:56:07, 1e-12, 5.42e-11
2020-12-27, 07:56:11, 9.57e-13, 5.4e-11
2020-12-27, 07:56:16, 8.91e-13, 5.42e-11
2020-12-27, 07:56:20, 9.13e-13, 5.43e-11
2020-12-27, 07:56:24, 9.52e-13, 5.44e-11
2020-12-27, 07:56:28, 8.75e-13, 5.43e-11
2020-12-27, 07:56:32, 9.94e-13, 5.44e-11
2020-12-27, 07:56:37, 9.59e-13, 5.41e-11
2020-12-27, 07:56:41, 9.98e-13, 5.42e-11
2020-12-27, 07:56:45, 9.43e-13, 5.43e-11
2020-12-27, 07:56:49, 9.1e-13, 5.44e-11
2020-12-27, 07:56:54, 9.38e-13, 5.43e-11
2020-12-27, 07:56:58, 9.96e-13, 5.43e-11
2020-12-27, 07:57:02, 9.28e-13, 5.42e-11
2020-12-27, 07:57:06, 8.69e-13, 5.41e-11
2020-12-27, 07:57:10, 9.32e-13, 5.45e-11
2020-12-27, 07:57:15, 9.13e-13, 5.44e-11
2020-12-27, 07:57:19, 8.83e-13, 5.42e-11
2020-12-27, 07:57:23, 8.94e-13, 5.45e-11
2020-12-27, 07:57:27, 9.52e-13, 5.4e-11
2020-12-27, 07:57:32, 8.16e-13, 5.43e-11
2020-12-27, 07:57:36, 9.94e-13, 5.42e-11
2020-12-27, 07:57:40, 8.55e-13, 5.41e-11
2020-12-27, 07:57:44, 9.39e-13, 5.4e-11
2020-12-27, 07:57:48, 9.54e-13, 5.41e-11
2020-12-27, 07:57:53, 9.19e-13, 5.4e-11
2020-12-27, 07:57:57, 9.44e-13, 5.41e-11
2020-12-27, 07:58:01, 9.67e-13, 5.43e-11
2020-12-27, 07:58:05, 9.23e-13, 5.41e-11
2020-12-27, 07:58:10, 9.52e-13, 5.42e-11
2020-12-27, 07:58:14, 9.47e-13, 5.4e-11
2020-12-27, 07:58:18, 9.45e-13, 5.4e-11
2020-12-27, 07:58:22, 8.97e-13, 5.43e-11
2020-12-27, 07:58:26, 9.06e-13, 5.4e-11
2020-12-27, 07:58:31, 1e-12, 5.43e-11
2020-12-27, 07:58:35, 9.35e-13, 5.43e-11
2020-12-27, 07:58:39, 9.69e-13, 5.42e-11
2020-12-27, 07:58:43, 9.02e-13, 5.42e-11
2020-12-27, 07:58:48, 9.2e-13, 5.43e-11
2020-12-27, 07:58:52, 8.98e-13, 5.44e-11
2020-12-27, 07:58:56, 1.07e-12, 5.4e-11
2020-12-27, 07:59:00, 9.46e-13, 5.38e-11
2020-12-27, 07:59:04, 9.6e-13, 5.42e-11
2020-12-27, 07:59:09, 9.1e-13, 5.4e-11
2020-12-27, 07:59:13, 8.82e-13, 5.39e-11
2020-12-27, 07:59:17, 9.65e-13, 5.4e-11
2020-12-27, 07:59:21, 8.71e-13, 5.41e-11
2020-12-27, 07:59:26, 9.88e-13, 5.39e-11
2020-12-27, 07:59:30, 9.16e-13, 5.4e-11
2020-12-27, 07:59:34, 9.56e-13, 5.4e-11
2020-12-27, 07:59:38, 1.02e-12, 5.38e-11
2020-12-27, 07:59:42, 9.16e-13, 5.4e-11
2020-12-27, 07:59:47, 9.3e-13, 5.42e-11
2020-12-27, 07:59:51, 9.49e-13, 5.39e-11
2020-12-27, 07:59:55, 8.91e-13, 5.4e-11
2020-12-27, 07:59:59, 9.26e-13, 5.42e-11
2020-12-27, 08:00:04, 1.01e-12, 5.39e-11
2020-12-27, 08:00:08, 8.91e-13, 5.41e-11
2020-12-27, 08:00:12, 9.67e-13, 5.42e-11
2020-12-27, 08:00:16, 9.11e-13, 5.41e-11
2020-12-27, 08:00:20, 9.72e-13, 5.42e-11
2020-12-27, 08:00:25, 9.95e-13, 5.4e-11
2020-12-27, 08:00:29, 9.49e-13, 5.41e-11
2020-12-27, 08:00:34, 8.8e-13, 5.42e-11
2020-12-27, 08:00:38, 9.24e-13, 5.41e-11
2020-12-27, 08:00:42, 9.76e-13, 5.41e-11
2020-12-27, 08:00:46, 1.01e-12, 5.44e-11
2020-12-27, 08:00:50, 9.3e-13, 5.42e-11
2020-12-27, 08:00:55, 9.52e-13, 5.37e-11
2020-12-27, 08:00:59, 9.26e-13, 5.38e-11
2020-12-27, 08:01:03, 8.98e-13, 5.4e-11
2020-12-27, 08:01:07, 1.01e-12, 5.39e-11
2020-12-27, 08:01:12, 8.92e-13, 5.39e-11
2020-12-27, 08:01:16, 9.43e-13, 5.4e-11
2020-12-27, 08:01:20, 9.84e-13, 5.38e-11
2020-12-27, 08:01:24, 9.98e-13, 5.41e-11
2020-12-27, 08:01:28, 9.92e-13, 5.43e-11
2020-12-27, 08:01:33, 9.42e-13, 5.41e-11
2020-12-27, 08:01:37, 8.82e-13, 5.36e-11
2020-12-27, 08:01:41, 9.5e-13, 5.38e-11
2020-12-27, 08:01:45, 9.28e-13, 5.4e-11
2020-12-27, 08:01:50, 1.03e-12, 5.4e-11
2020-12-27, 08:01:54, 1.01e-12, 5.38e-11
2020-12-27, 08:01:58, 9.43e-13, 5.42e-11
2020-12-27, 08:02:02, 8.75e-13, 5.38e-11
2020-12-27, 08:02:06, 9.39e-13, 5.4e-11
2020-12-27, 08:02:11, 9.33e-13, 5.42e-11
2020-12-27, 08:02:15, 8.95e-13, 5.44e-11
2020-12-27, 08:02:19, 1.01e-12, 5.44e-11
2020-12-27, 08:02:23, 9.84e-13, 5.41e-11
2020-12-27, 08:02:28, 8.23e-13, 5.4e-11
2020-12-27, 08:02:32, 9.36e-13, 5.43e-11
2020-12-27, 08:02:36, 9.48e-13, 5.44e-11
2020-12-27, 08:02:40, 9.72e-13, 5.46e-11
2020-12-27, 08:02:44, 9.13e-13, 5.44e-11
2020-12-27, 08:02:49, 9.03e-13, 5.42e-11
2020-12-27, 08:02:53, 9.35e-13, 5.45e-11
2020-12-27, 08:02:57, 9.31e-13, 5.46e-11
2020-12-27, 08:03:01, 1e-12, 5.44e-11
2020-12-27, 08:03:06, 9.38e-13, 5.44e-11
2020-12-27, 08:03:10, 9.43e-13, 5.39e-11
2020-12-27, 08:03:14, 9.26e-13, 5.43e-11
2020-12-27, 08:03:18, 9.64e-13, 5.38e-11
2020-12-27, 08:03:22, 9.66e-13, 5.39e-11
2020-12-27, 08:03:27, 8.92e-13, 5.41e-11
2020-12-27, 08:03:31, 9.45e-13, 5.39e-11
2020-12-27, 08:03:35, 9.66e-13, 5.41e-11
2020-12-27, 08:03:39, 8.85e-13, 5.42e-11
2020-12-27, 08:03:44, 8.38e-13, 5.43e-11
2020-12-27, 08:03:48, 9.47e-13, 5.41e-11
2020-12-27, 08:03:52, 9.18e-13, 5.43e-11
2020-12-27, 08:03:56, 8.97e-13, 5.43e-11
2020-12-27, 08:04:00, 9.58e-13, 5.44e-11
2020-12-27, 08:04:05, 1.01e-12, 5.42e-11
2020-12-27, 08:04:09, 7.43e-13, 5.44e-11
2020-12-27, 08:04:13, 9.39e-13, 5.42e-11
2020-12-27, 08:04:17, 9.04e-13, 5.34e-11
2020-12-27, 08:04:22, 9.72e-13, 5.39e-11
2020-12-27, 08:04:26, 8.84e-13, 5.39e-11
2020-12-27, 08:04:30, 9.52e-13, 5.4e-11
2020-12-27, 08:04:34, 8.92e-13, 5.41e-11
2020-12-27, 08:04:38, 9.5e-13, 5.4e-11
2020-12-27, 08:04:43, 9.13e-13, 5.39e-11
2020-12-27, 08:04:47, 9.77e-13, 5.41e-11
2020-12-27, 08:04:51, 9.66e-13, 5.37e-11
2020-12-27, 08:04:55, 9.5e-13, 5.36e-11
2020-12-27, 08:05:00, 9.85e-13, 5.37e-11
2020-12-27, 08:05:04, 9.38e-13, 5.36e-11
2020-12-27, 08:05:08, 9.66e-13, 5.36e-11
2020-12-27, 08:05:12, 8.76e-13, 5.36e-11
2020-12-27, 08:05:16, 9.28e-13, 5.39e-11
2020-12-27, 08:05:21, 8.96e-13, 5.4e-11
2020-12-27, 08:05:25, 9.84e-13, 5.39e-11
2020-12-27, 08:05:29, 8.75e-13, 5.38e-11
2020-12-27, 08:05:33, 9.14e-13, 5.4e-11
2020-12-27, 08:05:38, 9.08e-13, 5.4e-11
2020-12-27, 08:05:42, 9.14e-13, 5.41e-11
2020-12-27, 08:05:46, 9.41e-13, 5.39e-11
2020-12-27, 08:05:50, 9.35e-13, 5.41e-11
2020-12-27, 08:05:54, 9.4e-13, 5.4e-11
2020-12-27, 08:05:59, 8.81e-13, 5.41e-11
2020-12-27, 08:06:03, 9.65e-13, 5.4e-11
2020-12-27, 08:06:07, 1.17e-12, 5.41e-11
2020-12-27, 08:06:11, 9.31e-13, 5.42e-11
2020-12-27, 08:06:15, 8.93e-13, 5.4e-11
2020-12-27, 08:06:20, 9.43e-13, 5.39e-11
2020-12-27, 08:06:24, 8.89e-13, 5.42e-11
2020-12-27, 08:06:28, 8.95e-13, 5.38e-11
2020-12-27, 08:06:32, 9.49e-13, 5.42e-11
2020-12-27, 08:06:37, 9.14e-13, 5.43e-11
2020-12-27, 08:06:41, 8.6e-13, 5.41e-11
2020-12-27, 08:06:45, 9.41e-13, 5.38e-11
2020-12-27, 08:06:49, 9.38e-13, 5.41e-11
2020-12-27, 08:06:53, 9.04e-13, 5.39e-11
2020-12-27, 08:06:58, 9.54e-13, 5.4e-11
2020-12-27, 08:07:02, 8.87e-13, 5.41e-11
2020-12-27, 08:07:06, 8.77e-13, 5.38e-11
2020-12-27, 08:07:10, 8.92e-13, 5.4e-11
2020-12-27, 08:07:15, 9.31e-13, 5.41e-11
2020-12-27, 08:07:19, 9.59e-13, 5.39e-11
2020-12-27, 08:07:23, 1.02e-12, 5.42e-11
2020-12-27, 08:07:27, 9.65e-13, 5.42e-11
2020-12-27, 08:07:31, 8.93e-13, 5.41e-11
2020-12-27, 08:07:36, 8.7e-13, 5.44e-11
2020-12-27, 08:07:40, 9.13e-13, 5.41e-11
2020-12-27, 08:07:44, 9.63e-13, 5.42e-11
2020-12-27, 08:07:48, 9.29e-13, 5.44e-11
2020-12-27, 08:07:53, 9.25e-13, 5.43e-11
2020-12-27, 08:07:57, 9.72e-13, 5.38e-11
2020-12-27, 08:08:01, 9.43e-13, 5.38e-11
2020-12-27, 08:08:05, 9.54e-13, 5.4e-11
2020-12-27, 08:08:10, 9.54e-13, 5.41e-11
2020-12-27, 08:08:14, 1.05e-12, 5.38e-11
2020-12-27, 08:08:18, 9.07e-13, 5.39e-11
2020-12-27, 08:08:22, 1.01e-12, 5.4e-11
2020-12-27, 08:08:26, 8.91e-13, 5.38e-11
2020-12-27, 08:08:31, 1.01e-12, 5.37e-11
2020-12-27, 08:08:35, 8.76e-13, 5.41e-11
2020-12-27, 08:08:39, 9.4e-13, 5.38e-11
2020-12-27, 08:08:43, 1.02e-12, 5.36e-11
2020-12-27, 08:08:48, 7.8e-13, 5.37e-11
2020-12-27, 08:08:52, 9.72e-13, 5.37e-11
2020-12-27, 08:08:56, 9.09e-13, 5.37e-11
2020-12-27, 08:09:00, 8.65e-13, 5.41e-11
2020-12-27, 08:09:04, 9.23e-13, 5.37e-11
2020-12-27, 08:09:09, 9.59e-13, 5.39e-11
2020-12-27, 08:09:13, 9.67e-13, 5.37e-11
2020-12-27, 08:09:17, 9.27e-13, 5.36e-11
2020-12-27, 08:09:21, 9.27e-13, 5.38e-11
2020-12-27, 08:09:25, 9.54e-13, 5.41e-11
2020-12-27, 08:09:30, 9.97e-13, 5.38e-11
2020-12-27, 08:09:34, 9.82e-13, 5.37e-11
2020-12-27, 08:09:38, 9.41e-13, 5.38e-11
2020-12-27, 08:09:42, 9.07e-13, 5.39e-11
2020-12-27, 08:09:47, 8.68e-13, 5.39e-11
2020-12-27, 08:09:51, 9.44e-13, 5.37e-11
2020-12-27, 08:09:55, 9.53e-13, 5.38e-11
2020-12-27, 08:09:59, 9.11e-13, 5.4e-11
2020-12-27, 08:10:03, 9.17e-13, 5.39e-11
2020-12-27, 08:10:08, 9.08e-13, 5.39e-11
2020-12-27, 08:10:12, 9.43e-13, 5.4e-11
2020-12-27, 08:10:16, 8.61e-13, 5.4e-11
2020-12-27, 08:10:20, 9.12e-13, 5.39e-11
2020-12-27, 08:10:25, 8.86e-13, 5.38e-11
2020-12-27, 08:10:29, 9.11e-13, 5.41e-11
2020-12-27, 08:10:33, 9.29e-13, 5.4e-11
2020-12-27, 08:10:37, 9.18e-13, 5.41e-11
2020-12-27, 08:10:41, 9.19e-13, 5.4e-11
2020-12-27, 08:10:46, 1e-12, 5.4e-11
2020-12-27, 08:10:50, 9.61e-13, 5.4e-11
2020-12-27, 08:10:54, 1.07e-12, 5.41e-11
2020-12-27, 08:10:58, 9.56e-13, 5.41e-11
2020-12-27, 08:11:03, 9.06e-13, 5.4e-11
2020-12-27, 08:11:07, 9.54e-13, 5.42e-11
2020-12-27, 08:11:11, 9.78e-13, 5.44e-11
2020-12-27, 08:11:15, 9.52e-13, 5.4e-11
2020-12-27, 08:11:19, 9.76e-13, 5.41e-11
2020-12-27, 08:11:24, 8.62e-13, 5.42e-11
2020-12-27, 08:11:28, 1.06e-12, 5.42e-11
2020-12-27, 08:11:32, 1.01e-12, 5.43e-11
2020-12-27, 08:11:36, 9.12e-13, 5.42e-11
2020-12-27, 08:11:41, 9.37e-13, 5.4e-11
2020-12-27, 08:11:45, 9.36e-13, 5.42e-11
2020-12-27, 08:11:49, 8.99e-13, 5.4e-11
2020-12-27, 08:11:53, 8.92e-13, 5.38e-11
2020-12-27, 08:11:57, 9.49e-13, 5.38e-11
2020-12-27, 08:12:02, 9.35e-13, 5.41e-11
2020-12-27, 08:12:06, 9.51e-13, 5.4e-11
2020-12-27, 08:12:10, 9.28e-13, 5.34e-11
2020-12-27, 08:12:14, 9.14e-13, 5.36e-11
2020-12-27, 08:12:19, 1.02e-12, 5.35e-11
2020-12-27, 08:12:23, 9.32e-13, 5.37e-11
2020-12-27, 08:12:27, 9.28e-13, 5.37e-11
2020-12-27, 08:12:31, 8.99e-13, 5.39e-11
2020-12-27, 08:12:35, 8.91e-13, 5.37e-11
2020-12-27, 08:12:40, 9.16e-13, 5.41e-11
2020-12-27, 08:12:44, 9.01e-13, 5.4e-11
2020-12-27, 08:12:48, 9.17e-13, 5.42e-11
2020-12-27, 08:12:52, 9.57e-13, 5.43e-11
2020-12-27, 08:12:57, 8.9e-13, 5.39e-11
2020-12-27, 08:13:01, 9.42e-13, 5.4e-11
2020-12-27, 08:13:05, 9.07e-13, 5.37e-11
2020-12-27, 08:13:09, 9.23e-13, 5.4e-11
2020-12-27, 08:13:13, 9.29e-13, 5.37e-11
2020-12-27, 08:13:18, 9.44e-13, 5.38e-11
2020-12-27, 08:13:22, 9.3e-13, 5.38e-11
2020-12-27, 08:13:26, 9.66e-13, 5.39e-11
2020-12-27, 08:13:30, 8.85e-13, 5.39e-11
2020-12-27, 08:13:34, 9.75e-13, 5.42e-11
2020-12-27, 08:13:39, 9.79e-13, 5.41e-11
2020-12-27, 08:13:43, 9.45e-13, 5.37e-11
2020-12-27, 08:13:47, 9.04e-13, 5.36e-11
2020-12-27, 08:13:51, 9.42e-13, 5.4e-11
2020-12-27, 08:13:56, 9.04e-13, 5.39e-11
2020-12-27, 08:14:00, 9.03e-13, 5.38e-11
2020-12-27, 08:14:04, 9.25e-13, 5.41e-11
2020-12-27, 08:14:08, 8.36e-13, 5.4e-11
2020-12-27, 08:14:12, 8.71e-13, 5.41e-11
2020-12-27, 08:14:17, 8.76e-13, 5.39e-11
2020-12-27, 08:14:21, 9.48e-13, 5.41e-11
2020-12-27, 08:14:25, 9.51e-13, 5.43e-11
2020-12-27, 08:14:29, 9.2e-13, 5.43e-11
2020-12-27, 08:14:34, 8.65e-13, 5.39e-11
2020-12-27, 08:14:38, 9.85e-13, 5.4e-11
2020-12-27, 08:14:42, 9.71e-13, 5.42e-11
2020-12-27, 08:14:46, 9.61e-13, 5.37e-11
2020-12-27, 08:14:50, 9.48e-13, 5.38e-11
2020-12-27, 08:14:55, 9.03e-13, 5.41e-11
2020-12-27, 08:14:59, 9.71e-13, 5.42e-11
2020-12-27, 08:15:03, 9.5e-13, 5.4e-11
2020-12-27, 08:15:07, 8.36e-13, 5.42e-11
2020-12-27, 08:15:12, 8.81e-13, 5.39e-11
2020-12-27, 08:15:16, 9.28e-13, 5.37e-11
2020-12-27, 08:15:20, 9.41e-13, 5.41e-11
2020-12-27, 08:15:24, 9.17e-13, 5.41e-11
2020-12-27, 08:15:28, 9.56e-13, 5.41e-11
2020-12-27, 08:15:33, 8.87e-13, 5.39e-11
2020-12-27, 08:15:37, 8.14e-13, 5.4e-11
2020-12-27, 08:15:41, 9.11e-13, 5.42e-11
2020-12-27, 08:15:45, 9.07e-13, 5.38e-11
2020-12-27, 08:15:50, 8.88e-13, 5.42e-11
2020-12-27, 08:15:54, 9.61e-13, 5.41e-11
2020-12-27, 08:15:58, 8.68e-13, 5.4e-11
2020-12-27, 08:16:02, 9.19e-13, 5.42e-11
2020-12-27, 08:16:06, 9.55e-13, 5.4e-11
2020-12-27, 08:16:11, 9.49e-13, 5.42e-11
2020-12-27, 08:16:15, 9.44e-13, 5.44e-11
2020-12-27, 08:16:19, 9.44e-13, 5.42e-11
2020-12-27, 08:16:23, 9.12e-13, 5.39e-11
2020-12-27, 08:16:28, 9.15e-13, 5.4e-11
2020-12-27, 08:16:32, 8.15e-13, 5.42e-11
2020-12-27, 08:16:36, 9.77e-13, 5.42e-11
2020-12-27, 08:16:40, 1.01e-12, 5.42e-11
2020-12-27, 08:16:44, 9.52e-13, 5.43e-11
2020-12-27, 08:16:49, 9.4e-13, 5.4e-11
2020-12-27, 08:16:53, 9.38e-13, 5.36e-11
2020-12-27, 08:16:57, 9.32e-13, 5.41e-11
2020-12-27, 08:17:01, 9.15e-13, 5.43e-11
2020-12-27, 08:17:06, 9.44e-13, 5.42e-11
2020-12-27, 08:17:10, 9.08e-13, 5.42e-11
2020-12-27, 08:17:14, 9.32e-13, 5.4e-11
2020-12-27, 08:17:18, 9.01e-13, 5.4e-11
2020-12-27, 08:17:22, 8.98e-13, 5.41e-11
2020-12-27, 08:17:27, 1.05e-12, 5.41e-11
2020-12-27, 08:17:31, 9.35e-13, 5.43e-11
2020-12-27, 08:17:35, 9.35e-13, 5.41e-11
2020-12-27, 08:17:39, 9.44e-13, 5.42e-11
2020-12-27, 08:17:44, 9.33e-13, 5.44e-11
2020-12-27, 08:17:48, 9.77e-13, 5.4e-11
2020-12-27, 08:17:52, 9.83e-13, 5.39e-11
2020-12-27, 08:17:56, 8.82e-13, 5.41e-11
2020-12-27, 08:18:00, 8.88e-13, 5.42e-11
2020-12-27, 08:18:05, 8.9e-13, 5.42e-11
2020-12-27, 08:18:09, 9.23e-13, 5.46e-11
2020-12-27, 08:18:13, 8.84e-13, 5.43e-11
2020-12-27, 08:18:17, 8.95e-13, 5.41e-11
2020-12-27, 08:18:21, 9.57e-13, 5.41e-11
2020-12-27, 08:18:26, 8.63e-13, 5.45e-11
2020-12-27, 08:18:30, 8.76e-13, 5.4e-11
2020-12-27, 08:18:34, 1.06e-12, 5.4e-11
2020-12-27, 08:18:38, 9.74e-13, 5.37e-11
2020-12-27, 08:18:43, 9.53e-13, 5.38e-11
2020-12-27, 08:18:47, 8.49e-13, 5.36e-11
2020-12-27, 08:18:51, 9.23e-13, 5.41e-11
2020-12-27, 08:18:55, 1e-12, 5.43e-11
2020-12-27, 08:18:59, 9.06e-13, 5.42e-11
2020-12-27, 08:19:04, 9.15e-13, 5.41e-11
2020-12-27, 08:19:08, 8.75e-13, 5.41e-11
2020-12-27, 08:19:12, 9.31e-13, 5.38e-11
2020-12-27, 08:19:16, 9.5e-13, 5.37e-11
2020-12-27, 08:19:21, 9.27e-13, 5.39e-11
2020-12-27, 08:19:25, 9.65e-13, 5.37e-11
2020-12-27, 08:19:29, 9.95e-13, 5.39e-11
2020-12-27, 08:19:33, 9.35e-13, 5.43e-11
2020-12-27, 08:19:37, 9.79e-13, 5.43e-11
2020-12-27, 08:19:42, 8.47e-13, 5.41e-11
2020-12-27, 08:19:46, 9.03e-13, 5.4e-11
2020-12-27, 08:19:50, 9.07e-13, 5.41e-11
2020-12-27, 08:19:54, 9.54e-13, 5.4e-11
2020-12-27, 08:19:59, 9.78e-13, 5.39e-11
2020-12-27, 08:20:03, 1.06e-12, 5.41e-11
2020-12-27, 08:20:07, 8.92e-13, 5.41e-11
2020-12-27, 08:20:11, 9.37e-13, 5.42e-11
2020-12-27, 08:20:15, 9.23e-13, 5.38e-11
2020-12-27, 08:20:20, 1.1e-12, 5.38e-11
2020-12-27, 08:20:24, 9.93e-13, 5.39e-11
2020-12-27, 08:20:28, 8.97e-13, 5.4e-11
2020-12-27, 08:20:32, 9.85e-13, 5.41e-11
2020-12-27, 08:20:37, 8.86e-13, 5.4e-11
2020-12-27, 08:20:41, 9.4e-13, 5.43e-11
2020-12-27, 08:20:45, 9.27e-13, 5.42e-11
2020-12-27, 08:20:49, 9.16e-13, 5.42e-11
2020-12-27, 08:20:53, 9.69e-13, 5.37e-11
2020-12-27, 08:20:58, 1e-12, 5.4e-11
2020-12-27, 08:21:02, 9.22e-13, 5.43e-11
2020-12-27, 08:21:06, 9.09e-13, 5.37e-11
2020-12-27, 08:21:11, 9.26e-13, 5.38e-11
2020-12-27, 08:21:15, 8.05e-13, 5.4e-11
2020-12-27, 08:21:19, 9.37e-13, 5.39e-11
2020-12-27, 08:21:23, 1.02e-12, 5.4e-11
2020-12-27, 08:21:27, 8.61e-13, 5.4e-11
2020-12-27, 08:21:32, 9.45e-13, 5.41e-11
2020-12-27, 08:21:36, 9.76e-13, 5.38e-11
2020-12-27, 08:21:40, 9.67e-13, 5.4e-11
2020-12-27, 08:21:44, 8.95e-13, 5.43e-11
2020-12-27, 08:21:49, 9.06e-13, 5.41e-11
2020-12-27, 08:21:53, 9.57e-13, 5.42e-11
2020-12-27, 08:21:57, 9.6e-13, 5.42e-11
2020-12-27, 08:22:01, 9.2e-13, 5.38e-11
2020-12-27, 08:22:05, 9.54e-13, 5.41e-11
2020-12-27, 08:22:10, 8.95e-13, 5.38e-11
2020-12-27, 08:22:14, 9.96e-13, 5.38e-11
2020-12-27, 08:22:18, 9.24e-13, 5.4e-11
2020-12-27, 08:22:22, 1.01e-12, 5.38e-11
2020-12-27, 08:22:27, 9.33e-13, 5.4e-11
2020-12-27, 08:22:31, 9.06e-13, 5.41e-11
2020-12-27, 08:22:35, 9.21e-13, 5.4e-11
2020-12-27, 08:22:39, 9.34e-13, 5.39e-11
2020-12-27, 08:22:43, 9.09e-13, 5.39e-11
2020-12-27, 08:22:48, 8.95e-13, 5.37e-11
2020-12-27, 08:22:52, 8.77e-13, 5.37e-11
2020-12-27, 08:22:56, 9.16e-13, 5.41e-11
2020-12-27, 08:23:00, 9.05e-13, 5.37e-11
2020-12-27, 08:23:05, 9e-13, 5.37e-11
2020-12-27, 08:23:09, 9.33e-13, 5.39e-11
2020-12-27, 08:23:13, 9.54e-13, 5.4e-11
2020-12-27, 08:23:17, 8.64e-13, 5.41e-11
2020-12-27, 08:23:21, 9.44e-13, 5.39e-11
2020-12-27, 08:23:26, 9.43e-13, 5.39e-11
2020-12-27, 08:23:30, 9.73e-13, 5.38e-11
2020-12-27, 08:23:34, 8.65e-13, 5.38e-11
2020-12-27, 08:23:38, 9.25e-13, 5.4e-11
2020-12-27, 08:23:43, 9.17e-13, 5.4e-11
2020-12-27, 08:23:47, 9.38e-13, 5.43e-11
2020-12-27, 08:23:51, 9.81e-13, 5.38e-11
2020-12-27, 08:23:55, 9.41e-13, 5.39e-11
2020-12-27, 08:23:59, 9.17e-13, 5.39e-11
2020-12-27, 08:24:04, 8.45e-13, 5.43e-11
2020-12-27, 08:24:08, 9.21e-13, 5.42e-11
2020-12-27, 08:24:12, 9.23e-13, 5.41e-11
2020-12-27, 08:24:16, 9.89e-13, 5.37e-11
2020-12-27, 08:24:21, 9.98e-13, 5.38e-11
2020-12-27, 08:24:25, 8.6e-13, 5.38e-11
2020-12-27, 08:24:29, 9.83e-13, 5.41e-11
2020-12-27, 08:24:33, 9.81e-13, 5.4e-11
2020-12-27, 08:24:37, 9.38e-13, 5.4e-11
2020-12-27, 08:24:42, 9.25e-13, 5.4e-11
2020-12-27, 08:24:46, 9.17e-13, 5.39e-11
2020-12-27, 08:24:50, 9.45e-13, 5.38e-11
2020-12-27, 08:24:55, 8.96e-13, 5.38e-11
2020-12-27, 08:24:59, 8.52e-13, 5.37e-11
2020-12-27, 08:25:05, 9.14e-13, 5.39e-11
2020-12-27, 08:25:09, 9.47e-13, 5.36e-11
2020-12-27, 08:25:14, 8.65e-13, 5.39e-11
2020-12-27, 08:25:18, 9.5e-13, 5.41e-11
2020-12-27, 08:25:22, 9.19e-13, 5.41e-11
2020-12-27, 08:25:26, 8.95e-13, 5.4e-11
2020-12-27, 08:25:30, 8.79e-13, 5.39e-11
2020-12-27, 08:25:35, 9.42e-13, 5.4e-11
2020-12-27, 08:25:39, 9.06e-13, 5.37e-11
2020-12-27, 08:25:43, 8.87e-13, 5.38e-11
2020-12-27, 08:25:47, 9.39e-13, 5.4e-11
2020-12-27, 08:25:52, 9.51e-13, 5.39e-11
2020-12-27, 08:25:56, 9.85e-13, 5.4e-11
2020-12-27, 08:26:00, 9.32e-13, 5.39e-11
2020-12-27, 08:26:04, 9.5e-13, 5.4e-11
2020-12-27, 08:26:08, 9.36e-13, 5.39e-11
2020-12-27, 08:26:13, 9.53e-13, 5.39e-11
2020-12-27, 08:26:17, 9.62e-13, 5.41e-11
2020-12-27, 08:26:21, 9.41e-13, 5.4e-11
2020-12-27, 08:26:25, 9.05e-13, 5.41e-11
2020-12-27, 08:26:29, 9.83e-13, 5.42e-11
2020-12-27, 08:26:34, 9.31e-13, 5.38e-11
2020-12-27, 08:26:38, 1.01e-12, 5.39e-11
2020-12-27, 08:26:42, 8.48e-13, 5.39e-11
2020-12-27, 08:26:46, 9.32e-13, 5.38e-11
2020-12-27, 08:26:51, 9.86e-13, 5.4e-11
2020-12-27, 08:26:55, 9.42e-13, 5.41e-11
2020-12-27, 08:26:59, 9.25e-13, 5.4e-11
2020-12-27, 08:27:03, 1e-12, 5.37e-11
2020-12-27, 08:27:07, 9.34e-13, 5.4e-11
2020-12-27, 08:27:12, 9.93e-13, 5.38e-11
2020-12-27, 08:27:16, 9.1e-13, 5.39e-11
2020-12-27, 08:27:20, 9.28e-13, 5.37e-11
2020-12-27, 08:27:24, 8.86e-13, 5.36e-11
2020-12-27, 08:27:29, 8.74e-13, 5.37e-11
2020-12-27, 08:27:33, 9.34e-13, 5.37e-11
2020-12-27, 08:27:37, 9.13e-13, 5.35e-11
2020-12-27, 08:27:41, 9.32e-13, 5.37e-11
2020-12-27, 08:27:45, 9.27e-13, 5.36e-11
2020-12-27, 08:27:50, 8.7e-13, 5.36e-11
2020-12-27, 08:27:54, 9.85e-13, 5.37e-11
2020-12-27, 08:27:58, 9.74e-13, 5.37e-11
2020-12-27, 08:28:02, 8.91e-13, 5.38e-11
2020-12-27, 08:28:07, 8.97e-13, 5.4e-11
2020-12-27, 08:28:11, 9.28e-13, 5.43e-11
2020-12-27, 08:28:15, 8.51e-13, 5.43e-11
2020-12-27, 08:28:19, 1.01e-12, 5.41e-11
2020-12-27, 08:28:23, 9.65e-13, 5.45e-11
2020-12-27, 08:28:28, 8.96e-13, 5.42e-11
2020-12-27, 08:28:32, 9.22e-13, 5.41e-11
2020-12-27, 08:28:36, 8.96e-13, 5.43e-11
2020-12-27, 08:28:40, 9.08e-13, 5.42e-11
2020-12-27, 08:28:45, 9.41e-13, 5.41e-11
2020-12-27, 08:28:49, 9.26e-13, 5.45e-11
2020-12-27, 08:28:53, 9.72e-13, 5.42e-11
2020-12-27, 08:28:57, 9.64e-13, 5.42e-11
2020-12-27, 08:29:01, 9.24e-13, 5.41e-11
2020-12-27, 08:29:06, 9.12e-13, 5.4e-11
2020-12-27, 08:29:10, 9.18e-13, 5.4e-11
2020-12-27, 08:29:14, 8.95e-13, 5.37e-11
2020-12-27, 08:29:18, 9.84e-13, 5.37e-11
2020-12-27, 08:29:23, 9.63e-13, 5.37e-11
2020-12-27, 08:29:27, 9.72e-13, 5.41e-11
2020-12-27, 08:29:31, 9.36e-13, 5.37e-11
2020-12-27, 08:29:35, 8.94e-13, 5.36e-11
2020-12-27, 08:29:39, 9.42e-13, 5.36e-11
2020-12-27, 08:29:44, 9.49e-13, 5.35e-11
2020-12-27, 08:29:48, 8.64e-13, 5.36e-11
2020-12-27, 08:29:52, 9.39e-13, 5.37e-11
2020-12-27, 08:29:56, 9.81e-13, 5.39e-11
2020-12-27, 08:30:01, 9.3e-13, 5.38e-11
2020-12-27, 08:30:05, 8.93e-13, 5.4e-11
2020-12-27, 08:30:09, 8.77e-13, 5.38e-11
2020-12-27, 08:30:13, 9.42e-13, 5.39e-11
2020-12-27, 08:30:17, 8.88e-13, 5.41e-11
2020-12-27, 08:30:22, 9.52e-13, 5.41e-11
2020-12-27, 08:30:26, 9.55e-13, 5.39e-11
2020-12-27, 08:30:33, 9.27e-13, 5.38e-11
2020-12-27, 08:30:37, 9e-13, 5.39e-11
2020-12-27, 08:30:42, 9.79e-13, 5.4e-11
2020-12-27, 08:30:46, 9.73e-13, 5.4e-11
2020-12-27, 08:30:50, 9.12e-13, 5.4e-11
2020-12-27, 08:30:54, 8.68e-13, 5.4e-11
2020-12-27, 08:30:59, 1.07e-12, 5.43e-11
2020-12-27, 08:31:03, 9.2e-13, 5.42e-11
2020-12-27, 08:31:07, 9.37e-13, 5.42e-11
2020-12-27, 08:31:11, 1.03e-12, 5.35e-11
2020-12-27, 08:31:16, 8.45e-13, 5.37e-11
2020-12-27, 08:31:20, 9e-13, 5.41e-11
2020-12-27, 08:31:24, 8.91e-13, 5.39e-11
2020-12-27, 08:31:28, 9.44e-13, 5.37e-11
2020-12-27, 08:31:32, 9.27e-13, 5.36e-11
2020-12-27, 08:31:37, 9.04e-13, 5.39e-11
2020-12-27, 08:31:41, 9.47e-13, 5.4e-11
2020-12-27, 08:31:45, 9.24e-13, 5.39e-11
2020-12-27, 08:31:49, 9.36e-13, 5.41e-11
2020-12-27, 08:31:54, 9.86e-13, 5.37e-11
2020-12-27, 08:31:58, 1.08e-12, 5.37e-11
2020-12-27, 08:32:02, 8.48e-13, 5.4e-11
2020-12-27, 08:32:06, 9.29e-13, 5.4e-11
2020-12-27, 08:32:10, 8.35e-13, 5.39e-11
2020-12-27, 08:32:15, 9.9e-13, 5.4e-11
2020-12-27, 08:32:19, 8.42e-13, 5.4e-11
2020-12-27, 08:32:23, 9.32e-13, 5.42e-11
2020-12-27, 08:32:27, 9.43e-13, 5.42e-11
2020-12-27, 08:32:32, 8.91e-13, 5.45e-11
2020-12-27, 08:32:36, 9.25e-13, 5.4e-11
2020-12-27, 08:32:40, 8.56e-13, 5.4e-11
2020-12-27, 08:32:44, 9.27e-13, 5.42e-11
2020-12-27, 08:32:48, 9.39e-13, 5.41e-11
2020-12-27, 08:32:53, 9.02e-13, 5.41e-11
2020-12-27, 08:32:57, 9.54e-13, 5.42e-11
2020-12-27, 08:33:01, 9.88e-13, 5.42e-11
2020-12-27, 08:33:05, 8.97e-13, 5.41e-11
2020-12-27, 08:33:10, 9.05e-13, 5.4e-11
2020-12-27, 08:33:14, 9.39e-13, 5.42e-11
2020-12-27, 08:33:18, 9.44e-13, 5.39e-11
2020-12-27, 08:33:22, 9.63e-13, 5.42e-11
2020-12-27, 08:33:26, 9.76e-13, 5.4e-11
2020-12-27, 08:33:31, 9.25e-13, 5.41e-11
2020-12-27, 08:33:35, 9.31e-13, 5.43e-11
2020-12-27, 08:33:39, 9.23e-13, 5.36e-11
2020-12-27, 08:33:43, 1.08e-12, 5.38e-11
2020-12-27, 08:33:48, 9.74e-13, 5.42e-11
2020-12-27, 08:33:52, 1.03e-12, 5.4e-11
2020-12-27, 08:33:56, 9.66e-13, 5.4e-11
2020-12-27, 08:34:00, 1.04e-12, 5.38e-11
2020-12-27, 08:34:04, 9.31e-13, 5.43e-11
2020-12-27, 08:34:09, 9.14e-13, 5.41e-11
2020-12-27, 08:34:13, 9.82e-13, 5.41e-11
2020-12-27, 08:34:17, 8.9e-13, 5.4e-11
2020-12-27, 08:34:21, 9.05e-13, 5.4e-11
2020-12-27, 08:34:25, 9.17e-13, 5.38e-11
2020-12-27, 08:34:30, 9.41e-13, 5.4e-11
2020-12-27, 08:34:34, 9.6e-13, 5.38e-11
2020-12-27, 08:34:38, 9.21e-13, 5.34e-11
2020-12-27, 08:34:42, 9.16e-13, 5.37e-11
2020-12-27, 08:34:47, 9.53e-13, 5.37e-11
2020-12-27, 08:34:51, 9.41e-13, 5.34e-11
2020-12-27, 08:34:55, 9.72e-13, 5.37e-11
2020-12-27, 08:34:59, 9.3e-13, 5.36e-11
2020-12-27, 08:35:03, 9.29e-13, 5.39e-11
2020-12-27, 08:35:08, 9.57e-13, 5.38e-11
2020-12-27, 08:35:12, 9.12e-13, 5.4e-11
2020-12-27, 08:35:16, 8.71e-13, 5.41e-11
2020-12-27, 08:35:20, 9.54e-13, 5.37e-11
2020-12-27, 08:35:25, 9.26e-13, 5.35e-11
2020-12-27, 08:35:29, 9.55e-13, 5.37e-11
2020-12-27, 08:35:33, 9.77e-13, 5.38e-11
2020-12-27, 08:35:37, 9.28e-13, 5.42e-11
2020-12-27, 08:35:41, 9.19e-13, 5.45e-11
2020-12-27, 08:35:46, 9.29e-13, 5.42e-11
2020-12-27, 08:35:50, 9.19e-13, 5.42e-11
2020-12-27, 08:35:54, 9.33e-13, 5.4e-11
2020-12-27, 08:35:58, 8.68e-13, 5.41e-11
2020-12-27, 08:36:03, 9.04e-13, 5.43e-11
2020-12-27, 08:36:07, 9.48e-13, 5.41e-11
2020-12-27, 08:36:11, 1.02e-12, 5.4e-11
2020-12-27, 08:36:15, 1e-12, 5.4e-11
2020-12-27, 08:36:19, 9.16e-13, 5.41e-11
2020-12-27, 08:36:24, 9.01e-13, 5.41e-11
2020-12-27, 08:36:28, 9.37e-13, 5.4e-11
2020-12-27, 08:36:32, 9.5e-13, 5.42e-11
2020-12-27, 08:36:36, 9.15e-13, 5.41e-11
2020-12-27, 08:36:41, 9.11e-13, 5.42e-11
2020-12-27, 08:36:45, 9.3e-13, 5.41e-11
2020-12-27, 08:36:49, 8.16e-13, 5.41e-11
2020-12-27, 08:36:53, 9.66e-13, 5.4e-11
2020-12-27, 08:36:57, 9.42e-13, 5.41e-11
2020-12-27, 08:37:02, 9.1e-13, 5.39e-11
2020-12-27, 08:37:06, 9.13e-13, 5.39e-11
2020-12-27, 08:37:10, 7.89e-13, 5.36e-11
2020-12-27, 08:37:14, 9.03e-13, 5.39e-11
2020-12-27, 08:37:19, 8.97e-13, 5.38e-11
2020-12-27, 08:37:23, 1.03e-12, 5.4e-11
2020-12-27, 08:37:27, 9.31e-13, 5.39e-11
2020-12-27, 08:37:31, 8.93e-13, 5.39e-11
2020-12-27, 08:37:35, 9.5e-13, 5.39e-11
2020-12-27, 08:37:40, 9.15e-13, 5.4e-11
2020-12-27, 08:37:44, 9.31e-13, 5.39e-11
2020-12-27, 08:37:48, 9.01e-13, 5.39e-11
2020-12-27, 08:37:52, 8.67e-13, 5.39e-11
2020-12-27, 08:37:57, 1.09e-12, 5.38e-11
2020-12-27, 08:38:01, 9.49e-13, 5.37e-11
2020-12-27, 08:38:05, 8.9e-13, 5.39e-11
2020-12-27, 08:38:09, 9.34e-13, 5.43e-11
2020-12-27, 08:38:13, 9.09e-13, 5.42e-11
2020-12-27, 08:38:18, 9.03e-13, 5.42e-11
2020-12-27, 08:38:22, 9.18e-13, 5.43e-11
2020-12-27, 08:38:26, 9.95e-13, 5.43e-11
2020-12-27, 08:38:30, 9.01e-13, 5.38e-11
2020-12-27, 08:38:35, 9.06e-13, 5.4e-11
2020-12-27, 08:38:39, 8.99e-13, 5.37e-11
2020-12-27, 08:38:43, 9.15e-13, 5.42e-11
2020-12-27, 08:38:47, 9.83e-13, 5.39e-11
2020-12-27, 08:38:51, 9.61e-13, 5.37e-11
2020-12-27, 08:38:56, 1.03e-12, 5.42e-11
2020-12-27, 08:39:00, 9.6e-13, 5.44e-11
2020-12-27, 08:39:04, 9.2e-13, 5.37e-11
2020-12-27, 08:39:08, 9.33e-13, 5.4e-11
2020-12-27, 08:39:13, 9.62e-13, 5.4e-11
2020-12-27, 08:39:17, 9.07e-13, 5.42e-11
2020-12-27, 08:39:21, 9.55e-13, 5.4e-11
2020-12-27, 08:39:25, 9.12e-13, 5.38e-11
2020-12-27, 08:39:29, 9.38e-13, 5.4e-11
2020-12-27, 08:39:34, 9.37e-13, 5.38e-11
2020-12-27, 08:39:38, 8.94e-13, 5.37e-11
2020-12-27, 08:39:42, 9.78e-13, 5.37e-11
2020-12-27, 08:39:46, 9.41e-13, 5.38e-11
2020-12-27, 08:39:51, 9.48e-13, 5.41e-11
2020-12-27, 08:39:55, 9.42e-13, 5.4e-11
2020-12-27, 08:40:02, 9.35e-13, 5.39e-11
2020-12-27, 08:40:06, 9.34e-13, 5.42e-11
2020-12-27, 08:40:11, 9.39e-13, 5.39e-11
2020-12-27, 08:40:15, 8.63e-13, 5.4e-11
2020-12-27, 08:40:19, 9.21e-13, 5.41e-11
2020-12-27, 08:40:23, 9.19e-13, 5.39e-11
2020-12-27, 08:40:28, 9.59e-13, 5.42e-11
2020-12-27, 08:40:32, 8.72e-13, 5.43e-11
2020-12-27, 08:40:36, 9.01e-13, 5.4e-11
2020-12-27, 08:40:40, 8.72e-13, 5.4e-11
2020-12-27, 08:40:44, 9.41e-13, 5.4e-11
2020-12-27, 08:40:50, 9.18e-13, 5.45e-11
2020-12-27, 08:40:54, 8.41e-13, 5.4e-11
2020-12-27, 08:40:58, 8.55e-13, 5.39e-11
2020-12-27, 08:41:02, 8.76e-13, 5.38e-11
2020-12-27, 08:41:07, 9.25e-13, 5.36e-11
2020-12-27, 08:41:11, 1.04e-12, 5.39e-11
2020-12-27, 08:41:15, 9.35e-13, 5.35e-11
2020-12-27, 08:41:19, 8.74e-13, 5.39e-11
2020-12-27, 08:41:24, 8.94e-13, 5.42e-11
2020-12-27, 08:41:28, 8.96e-13, 5.41e-11
2020-12-27, 08:41:32, 9.01e-13, 5.4e-11
2020-12-27, 08:41:36, 8.66e-13, 5.41e-11
2020-12-27, 08:41:40, 9.61e-13, 5.39e-11
2020-12-27, 08:41:45, 9.49e-13, 5.38e-11
2020-12-27, 08:41:49, 9.01e-13, 5.33e-11
2020-12-27, 08:41:53, 8.14e-13, 5.39e-11
2020-12-27, 08:41:57, 8.79e-13, 5.38e-11
2020-12-27, 08:42:02, 9e-13, 5.38e-11
2020-12-27, 08:42:06, 8.8e-13, 5.42e-11
2020-12-27, 08:42:10, 8.91e-13, 5.39e-11
2020-12-27, 08:42:14, 9.16e-13, 5.42e-11
2020-12-27, 08:42:18, 9.31e-13, 5.42e-11
2020-12-27, 08:42:23, 9.43e-13, 5.41e-11
2020-12-27, 08:42:27, 9.09e-13, 5.44e-11
2020-12-27, 08:42:31, 9.43e-13, 5.42e-11
2020-12-27, 08:42:35, 9.71e-13, 5.39e-11
2020-12-27, 08:42:40, 8.59e-13, 5.4e-11
2020-12-27, 08:42:44, 8.78e-13, 5.41e-11
2020-12-27, 08:42:48, 9.7e-13, 5.4e-11
2020-12-27, 08:42:52, 9.71e-13, 5.4e-11
2020-12-27, 08:42:56, 9.65e-13, 5.37e-11
2020-12-27, 08:43:01, 9.77e-13, 5.39e-11
2020-12-27, 08:43:05, 9.14e-13, 5.4e-11
2020-12-27, 08:43:09, 1.01e-12, 5.41e-11
2020-12-27, 08:43:13, 1e-12, 5.42e-11
2020-12-27, 08:43:18, 9.3e-13, 5.4e-11
2020-12-27, 08:43:22, 9.73e-13, 5.41e-11
2020-12-27, 08:43:26, 9.44e-13, 5.43e-11
2020-12-27, 08:43:30, 9.35e-13, 5.39e-11
2020-12-27, 08:43:34, 9.01e-13, 5.41e-11
2020-12-27, 08:43:39, 1.03e-12, 5.42e-11
2020-12-27, 08:43:43, 9.44e-13, 5.42e-11
2020-12-27, 08:43:47, 9.27e-13, 5.43e-11
2020-12-27, 08:43:51, 9.06e-13, 5.41e-11
2020-12-27, 08:43:56, 9.33e-13, 5.39e-11
2020-12-27, 08:44:00, 8.93e-13, 5.37e-11
2020-12-27, 08:44:04, 9.16e-13, 5.38e-11
2020-12-27, 08:44:08, 9.11e-13, 5.39e-11
2020-12-27, 08:44:12, 9.01e-13, 5.38e-11
2020-12-27, 08:44:17, 9.41e-13, 5.38e-11
2020-12-27, 08:44:21, 9.32e-13, 5.4e-11
2020-12-27, 08:44:25, 9.12e-13, 5.41e-11
2020-12-27, 08:44:29, 8.47e-13, 5.43e-11
2020-12-27, 08:44:34, 9.89e-13, 5.43e-11
2020-12-27, 08:44:38, 8.97e-13, 5.44e-11
2020-12-27, 08:44:42, 8.41e-13, 5.4e-11
2020-12-27, 08:44:46, 9.53e-13, 5.43e-11
2020-12-27, 08:44:50, 8.68e-13, 5.4e-11
2020-12-27, 08:44:55, 9.44e-13, 5.4e-11
2020-12-27, 08:44:59, 9.61e-13, 5.44e-11
2020-12-27, 08:45:03, 9.04e-13, 5.4e-11
2020-12-27, 08:45:07, 8.98e-13, 5.43e-11
2020-12-27, 08:45:12, 9.11e-13, 5.4e-11
2020-12-27, 08:45:16, 9.23e-13, 5.39e-11
2020-12-27, 08:45:20, 8.38e-13, 5.41e-11
2020-12-27, 08:45:24, 9.11e-13, 5.43e-11
2020-12-27, 08:45:28, 9.27e-13, 5.41e-11
2020-12-27, 08:45:33, 9.34e-13, 5.39e-11
2020-12-27, 08:45:37, 9.44e-13, 5.39e-11
2020-12-27, 08:45:41, 9.36e-13, 5.41e-11
2020-12-27, 08:45:45, 9.54e-13, 5.42e-11
2020-12-27, 08:45:49, 9.3e-13, 5.42e-11
2020-12-27, 08:45:54, 9.71e-13, 5.41e-11
2020-12-27, 08:45:58, 9.35e-13, 5.43e-11
2020-12-27, 08:46:02, 9.14e-13, 5.39e-11
2020-12-27, 08:46:06, 8.2e-13, 5.39e-11
2020-12-27, 08:46:11, 9.3e-13, 5.38e-11
2020-12-27, 08:46:15, 8.04e-13, 5.39e-11
2020-12-27, 08:46:19, 9.18e-13, 5.42e-11
2020-12-27, 08:46:23, 9.19e-13, 5.4e-11
2020-12-27, 08:46:27, 8.92e-13, 5.4e-11
2020-12-27, 08:46:32, 9.4e-13, 5.39e-11
2020-12-27, 08:46:36, 9.56e-13, 5.38e-11
2020-12-27, 08:46:40, 9.07e-13, 5.4e-11
2020-12-27, 08:46:44, 9.1e-13, 5.39e-11
2020-12-27, 08:46:49, 9.94e-13, 5.38e-11
2020-12-27, 08:46:53, 9.41e-13, 5.41e-11
2020-12-27, 08:46:57, 9.29e-13, 5.4e-11
2020-12-27, 08:47:01, 9.91e-13, 5.4e-11
2020-12-27, 08:47:05, 8.97e-13, 5.41e-11
2020-12-27, 08:47:10, 9.5e-13, 5.42e-11
2020-12-27, 08:47:14, 9.24e-13, 5.39e-11
2020-12-27, 08:47:18, 9.88e-13, 5.4e-11
2020-12-27, 08:47:22, 9.08e-13, 5.41e-11
2020-12-27, 08:47:27, 9.85e-13, 5.41e-11
2020-12-27, 08:47:31, 8.79e-13, 5.44e-11
2020-12-27, 08:47:35, 9.11e-13, 5.4e-11
2020-12-27, 08:47:39, 9.05e-13, 5.4e-11
2020-12-27, 08:47:43, 9.28e-13, 5.41e-11
2020-12-27, 08:47:48, 9.27e-13, 5.41e-11
2020-12-27, 08:47:52, 9.29e-13, 5.4e-11
2020-12-27, 08:47:56, 9.8e-13, 5.41e-11
2020-12-27, 08:48:00, 8.73e-13, 5.46e-11
2020-12-27, 08:48:05, 1.06e-12, 5.42e-11
2020-12-27, 08:48:09, 1.05e-12, 5.39e-11
2020-12-27, 08:48:13, 9.73e-13, 5.37e-11
2020-12-27, 08:48:17, 8.82e-13, 5.41e-11
2020-12-27, 08:48:21, 9.58e-13, 5.4e-11
2020-12-27, 08:48:26, 9.52e-13, 5.39e-11
2020-12-27, 08:48:30, 1.06e-12, 5.42e-11
2020-12-27, 08:48:34, 9.3e-13, 5.42e-11
2020-12-27, 08:48:38, 9.25e-13, 5.42e-11
2020-12-27, 08:48:43, 9.83e-13, 5.4e-11
2020-12-27, 08:48:47, 9.59e-13, 5.41e-11
2020-12-27, 08:48:51, 9.72e-13, 5.43e-11
2020-12-27, 08:48:55, 9.28e-13, 5.38e-11
2020-12-27, 08:48:59, 8.99e-13, 5.41e-11
2020-12-27, 08:49:04, 9.37e-13, 5.44e-11
2020-12-27, 08:49:08, 9.32e-13, 5.39e-11
2020-12-27, 08:49:12, 9.56e-13, 5.39e-11
2020-12-27, 08:49:16, 9.82e-13, 5.42e-11
2020-12-27, 08:49:21, 9.08e-13, 5.42e-11
2020-12-27, 08:49:25, 9.56e-13, 5.38e-11
2020-12-27, 08:49:29, 9.91e-13, 5.39e-11
2020-12-27, 08:49:33, 9.93e-13, 5.4e-11
2020-12-27, 08:49:37, 9.34e-13, 5.37e-11
2020-12-27, 08:49:42, 9.18e-13, 5.41e-11
2020-12-27, 08:49:46, 8.8e-13, 5.39e-11
2020-12-27, 08:49:50, 9.43e-13, 5.36e-11
2020-12-27, 08:49:54, 1.1e-12, 5.39e-11
2020-12-27, 08:49:59, 9.31e-13, 5.35e-11
2020-12-27, 08:50:03, 9.04e-13, 5.39e-11
2020-12-27, 08:50:07, 9.21e-13, 5.4e-11
2020-12-27, 08:50:11, 9.48e-13, 5.4e-11
2020-12-27, 08:50:15, 1.02e-12, 5.38e-11
2020-12-27, 08:50:20, 8.73e-13, 5.39e-11
2020-12-27, 08:50:24, 9.43e-13, 5.38e-11
2020-12-27, 08:50:28, 8.32e-13, 5.4e-11
2020-12-27, 08:50:32, 8.91e-13, 5.4e-11
2020-12-27, 08:50:37, 8.67e-13, 5.4e-11
2020-12-27, 08:50:41, 9.37e-13, 5.4e-11
2020-12-27, 08:50:45, 9.28e-13, 5.41e-11
2020-12-27, 08:50:49, 9.86e-13, 5.38e-11
2020-12-27, 08:50:53, 9.21e-13, 5.38e-11
2020-12-27, 08:50:58, 9.3e-13, 5.4e-11
2020-12-27, 08:51:02, 9.25e-13, 5.38e-11
2020-12-27, 08:51:06, 9.26e-13, 5.38e-11
2020-12-27, 08:51:10, 9.45e-13, 5.38e-11
2020-12-27, 08:51:15, 9.36e-13, 5.41e-11
2020-12-27, 08:51:19, 9.8e-13, 5.37e-11
2020-12-27, 08:51:23, 9.29e-13, 5.41e-11
2020-12-27, 08:51:27, 8.99e-13, 5.4e-11
2020-12-27, 08:51:31, 8.19e-13, 5.41e-11
2020-12-27, 08:51:36, 9.09e-13, 5.38e-11
2020-12-27, 08:51:40, 8.85e-13, 5.39e-11
2020-12-27, 08:51:44, 9.74e-13, 5.39e-11
2020-12-27, 08:51:48, 1.01e-12, 5.38e-11
2020-12-27, 08:51:53, 9.04e-13, 5.44e-11
2020-12-27, 08:51:57, 9.69e-13, 5.43e-11
2020-12-27, 08:52:01, 8.87e-13, 5.38e-11
2020-12-27, 08:52:05, 1.09e-12, 5.39e-11
2020-12-27, 08:52:09, 9.45e-13, 5.42e-11
2020-12-27, 08:52:14, 9.09e-13, 5.42e-11
2020-12-27, 08:52:18, 9.15e-13, 5.4e-11
2020-12-27, 08:52:22, 8.65e-13, 5.39e-11
2020-12-27, 08:52:26, 9.76e-13, 5.42e-11
2020-12-27, 08:52:30, 9.85e-13, 5.39e-11
2020-12-27, 08:52:35, 8.46e-13, 5.4e-11
2020-12-27, 08:52:39, 9.09e-13, 5.39e-11
2020-12-27, 08:52:43, 9.38e-13, 5.39e-11
2020-12-27, 08:52:47, 9.49e-13, 5.41e-11
2020-12-27, 08:52:52, 9.52e-13, 5.39e-11
2020-12-27, 08:52:56, 9.38e-13, 5.39e-11
2020-12-27, 08:53:00, 1.01e-12, 5.39e-11
2020-12-27, 08:53:04, 9.11e-13, 5.35e-11
2020-12-27, 08:53:08, 9.05e-13, 5.35e-11
2020-12-27, 08:53:13, 9.22e-13, 5.4e-11
2020-12-27, 08:53:17, 9.67e-13, 5.41e-11
2020-12-27, 08:53:21, 9.72e-13, 5.39e-11
2020-12-27, 08:53:25, 8.8e-13, 5.41e-11
2020-12-27, 08:53:30, 8.93e-13, 5.41e-11
2020-12-27, 08:53:34, 9.21e-13, 5.39e-11
2020-12-27, 08:53:38, 9.8e-13, 5.38e-11
2020-12-27, 08:53:42, 9.39e-13, 5.39e-11
2020-12-27, 08:53:46, 9.85e-13, 5.39e-11
2020-12-27, 08:53:51, 1.05e-12, 5.39e-11
2020-12-27, 08:53:55, 1.1e-12, 5.43e-11
2020-12-27, 08:53:59, 9.65e-13, 5.4e-11
2020-12-27, 08:54:03, 9.39e-13, 5.41e-11
2020-12-27, 08:54:08, 9.04e-13, 5.39e-11
2020-12-27, 08:54:12, 9.1e-13, 5.41e-11
2020-12-27, 08:54:16, 9.47e-13, 5.41e-11
2020-12-27, 08:54:20, 8.62e-13, 5.45e-11
2020-12-27, 08:54:24, 9.43e-13, 5.39e-11
2020-12-27, 08:54:29, 9.24e-13, 5.38e-11
2020-12-27, 08:54:33, 9.25e-13, 5.36e-11
2020-12-27, 08:54:37, 9.26e-13, 5.37e-11
2020-12-27, 08:54:41, 1.05e-12, 5.38e-11
2020-12-27, 08:54:46, 8.91e-13, 5.38e-11
2020-12-27, 08:54:50, 1.07e-12, 5.38e-11
2020-12-27, 08:54:54, 9.35e-13, 5.42e-11
2020-12-27, 08:54:58, 9.31e-13, 5.37e-11
2020-12-27, 08:55:02, 9.48e-13, 5.36e-11
2020-12-27, 08:55:07, 9.59e-13, 5.4e-11
2020-12-27, 08:55:11, 8.99e-13, 5.38e-11
2020-12-27, 08:55:15, 9.67e-13, 5.4e-11
2020-12-27, 08:55:19, 9.09e-13, 5.4e-11
2020-12-27, 08:55:24, 9.46e-13, 5.37e-11
2020-12-27, 08:55:28, 1.13e-12, 5.37e-11
2020-12-27, 08:55:32, 9.07e-13, 5.4e-11
2020-12-27, 08:55:36, 8.84e-13, 5.37e-11
2020-12-27, 08:55:40, 9.4e-13, 5.4e-11
2020-12-27, 08:55:45, 9.25e-13, 5.4e-11
2020-12-27, 08:55:49, 9.6e-13, 5.4e-11
2020-12-27, 08:55:53, 8.62e-13, 5.38e-11
2020-12-27, 08:55:57, 1.06e-12, 5.36e-11
2020-12-27, 08:56:02, 9.01e-13, 5.38e-11
2020-12-27, 08:56:06, 9.25e-13, 5.39e-11
2020-12-27, 08:56:10, 1.02e-12, 5.37e-11
2020-12-27, 08:56:14, 9.27e-13, 5.42e-11
2020-12-27, 08:56:18, 9.56e-13, 5.4e-11
2020-12-27, 08:56:23, 9.11e-13, 5.42e-11
2020-12-27, 08:56:27, 8.75e-13, 5.45e-11
2020-12-27, 08:56:31, 9.88e-13, 5.43e-11
2020-12-27, 08:56:35, 9.43e-13, 5.41e-11
2020-12-27, 08:56:40, 8.68e-13, 5.39e-11
2020-12-27, 08:56:44, 9.14e-13, 5.42e-11
2020-12-27, 08:56:48, 9.64e-13, 5.4e-11
2020-12-27, 08:56:52, 9e-13, 5.4e-11
2020-12-27, 08:56:56, 1.06e-12, 5.41e-11
2020-12-27, 08:57:01, 8.21e-13, 5.4e-11
2020-12-27, 08:57:05, 9.32e-13, 5.38e-11
2020-12-27, 08:57:09, 9.14e-13, 5.39e-11
2020-12-27, 08:57:13, 9.23e-13, 5.37e-11
2020-12-27, 08:57:18, 9.32e-13, 5.4e-11
2020-12-27, 08:57:22, 9.36e-13, 5.39e-11
2020-12-27, 08:57:26, 9.88e-13, 5.4e-11
2020-12-27, 08:57:30, 9.27e-13, 5.38e-11
2020-12-27, 08:57:34, 9.13e-13, 5.4e-11
2020-12-27, 08:57:39, 9.28e-13, 5.39e-11
2020-12-27, 08:57:43, 8.65e-13, 5.39e-11
2020-12-27, 08:57:47, 9.41e-13, 5.38e-11
2020-12-27, 08:57:51, 9.04e-13, 5.4e-11
2020-12-27, 08:57:55, 9.65e-13, 5.4e-11
2020-12-27, 08:58:00, 9.28e-13, 5.4e-11
2020-12-27, 08:58:04, 9.73e-13, 5.42e-11
2020-12-27, 08:58:08, 9.18e-13, 5.4e-11
2020-12-27, 08:58:12, 9.65e-13, 5.4e-11
2020-12-27, 08:58:17, 1.02e-12, 5.39e-11
2020-12-27, 08:58:21, 8.29e-13, 5.4e-11
2020-12-27, 08:58:25, 1.01e-12, 5.42e-11
2020-12-27, 08:58:29, 9.9e-13, 5.4e-11
2020-12-27, 08:58:33, 1.07e-12, 5.42e-11
2020-12-27, 08:58:38, 9.19e-13, 5.4e-11
2020-12-27, 08:58:42, 1.02e-12, 5.4e-11
2020-12-27, 08:58:46, 1.02e-12, 5.4e-11
2020-12-27, 08:58:50, 9.9e-13, 5.42e-11
2020-12-27, 08:58:55, 9.8e-13, 5.4e-11
2020-12-27, 08:58:59, 9.48e-13, 5.4e-11
2020-12-27, 08:59:03, 9.16e-13, 5.38e-11
2020-12-27, 08:59:07, 9.18e-13, 5.41e-11
2020-12-27, 08:59:11, 9.46e-13, 5.39e-11
2020-12-27, 08:59:16, 9.02e-13, 5.4e-11
2020-12-27, 08:59:20, 9.41e-13, 5.43e-11
2020-12-27, 08:59:24, 9.15e-13, 5.4e-11
2020-12-27, 08:59:28, 8.07e-13, 5.4e-11
2020-12-27, 08:59:33, 9.29e-13, 5.41e-11
2020-12-27, 08:59:37, 9.69e-13, 5.42e-11
2020-12-27, 08:59:41, 9.29e-13, 5.4e-11
2020-12-27, 08:59:45, 9.78e-13, 5.4e-11
2020-12-27, 08:59:49, 9.55e-13, 5.37e-11
2020-12-27, 08:59:54, 9.59e-13, 5.41e-11
2020-12-27, 08:59:58, 9.07e-13, 5.39e-11
2020-12-27, 09:00:02, 9.71e-13, 5.4e-11
2020-12-27, 09:00:06, 9.6e-13, 5.4e-11
2020-12-27, 09:00:11, 9.46e-13, 5.39e-11
2020-12-27, 09:00:15, 9.21e-13, 5.4e-11
2020-12-27, 09:00:19, 9.4e-13, 5.4e-11
2020-12-27, 09:00:23, 9.25e-13, 5.4e-11
2020-12-27, 09:00:27, 9.88e-13, 5.39e-11
2020-12-27, 09:00:32, 9.5e-13, 5.38e-11
2020-12-27, 09:00:36, 9.07e-13, 5.4e-11
2020-12-27, 09:00:40, 9.78e-13, 5.4e-11
2020-12-27, 09:00:44, 9.54e-13, 5.39e-11
2020-12-27, 09:00:49, 9.38e-13, 5.4e-11
2020-12-27, 09:00:53, 7.75e-13, 5.4e-11
2020-12-27, 09:00:57, 9.42e-13, 5.39e-11
2020-12-27, 09:01:01, 9.68e-13, 5.39e-11
2020-12-27, 09:01:05, 8.96e-13, 5.43e-11
2020-12-27, 09:01:10, 8.02e-13, 5.43e-11
2020-12-27, 09:01:14, 9.59e-13, 5.42e-11
2020-12-27, 09:01:18, 9.31e-13, 5.42e-11
2020-12-27, 09:01:22, 9.23e-13, 5.41e-11
2020-12-27, 09:01:27, 9.03e-13, 5.42e-11
2020-12-27, 09:01:31, 9.46e-13, 5.41e-11
2020-12-27, 09:01:35, 9.2e-13, 5.42e-11
2020-12-27, 09:01:39, 9.54e-13, 5.42e-11
2020-12-27, 09:01:43, 9.08e-13, 5.4e-11
2020-12-27, 09:01:48, 9.45e-13, 5.41e-11
2020-12-27, 09:01:52, 9.14e-13, 5.42e-11
2020-12-27, 09:01:56, 9.62e-13, 5.43e-11
2020-12-27, 09:02:00, 8.96e-13, 5.41e-11
2020-12-27, 09:02:05, 8.91e-13, 5.38e-11
2020-12-27, 09:02:09, 9.13e-13, 5.4e-11
2020-12-27, 09:02:13, 9.63e-13, 5.47e-11
2020-12-27, 09:02:17, 8.89e-13, 5.39e-11
2020-12-27, 09:02:21, 9.6e-13, 5.41e-11
2020-12-27, 09:02:26, 9.91e-13, 5.44e-11
2020-12-27, 09:02:30, 1.05e-12, 5.42e-11
2020-12-27, 09:02:34, 9.55e-13, 5.41e-11
2020-12-27, 09:02:38, 1.08e-12, 5.42e-11
2020-12-27, 09:02:43, 9.59e-13, 5.41e-11
2020-12-27, 09:02:47, 9.59e-13, 5.41e-11
2020-12-27, 09:02:51, 9.06e-13, 5.41e-11
2020-12-27, 09:02:55, 8.61e-13, 5.4e-11
2020-12-27, 09:02:59, 9.37e-13, 5.38e-11
2020-12-27, 09:03:04, 9.37e-13, 5.41e-11
2020-12-27, 09:03:08, 7.7e-13, 5.44e-11
2020-12-27, 09:03:12, 9.33e-13, 5.42e-11
2020-12-27, 09:03:16, 9.2e-13, 5.41e-11
2020-12-27, 09:03:21, 1.1e-12, 5.42e-11
2020-12-27, 09:03:25, 8.88e-13, 5.43e-11
2020-12-27, 09:03:29, 1.02e-12, 5.44e-11
2020-12-27, 09:03:33, 9.02e-13, 5.4e-11
2020-12-27, 09:03:37, 8.56e-13, 5.39e-11
2020-12-27, 09:03:42, 1.1e-12, 5.4e-11
2020-12-27, 09:03:46, 9.03e-13, 5.38e-11
2020-12-27, 09:03:50, 9.07e-13, 5.4e-11
2020-12-27, 09:03:54, 8.54e-13, 5.38e-11
2020-12-27, 09:03:58, 9.15e-13, 5.41e-11
2020-12-27, 09:04:03, 9.4e-13, 5.4e-11
2020-12-27, 09:04:07, 8.78e-13, 5.37e-11
2020-12-27, 09:04:11, 9.66e-13, 5.39e-11
2020-12-27, 09:04:15, 9.72e-13, 5.39e-11
2020-12-27, 09:04:20, 1.05e-12, 5.39e-11
2020-12-27, 09:04:24, 8.91e-13, 5.39e-11
2020-12-27, 09:04:28, 9.09e-13, 5.38e-11
2020-12-27, 09:04:32, 9.39e-13, 5.36e-11
2020-12-27, 09:04:36, 9.94e-13, 5.37e-11
2020-12-27, 09:04:41, 9.65e-13, 5.38e-11
2020-12-27, 09:04:45, 8.7e-13, 5.37e-11
2020-12-27, 09:04:49, 8.76e-13, 5.37e-11
2020-12-27, 09:04:53, 9.58e-13, 5.4e-11
2020-12-27, 09:04:58, 9.17e-13, 5.41e-11
2020-12-27, 09:05:02, 8.67e-13, 5.41e-11
2020-12-27, 09:05:06, 9.19e-13, 5.43e-11
2020-12-27, 09:05:10, 9.39e-13, 5.39e-11
2020-12-27, 09:05:14, 9.23e-13, 5.42e-11
2020-12-27, 09:05:19, 8.77e-13, 5.41e-11
2020-12-27, 09:05:23, 8.93e-13, 5.39e-11
2020-12-27, 09:05:27, 9.19e-13, 5.4e-11
2020-12-27, 09:05:31, 8.94e-13, 5.43e-11
2020-12-27, 09:05:36, 9.54e-13, 5.37e-11
2020-12-27, 09:05:40, 9.23e-13, 5.37e-11
2020-12-27, 09:05:44, 9.44e-13, 5.39e-11
2020-12-27, 09:05:48, 1.04e-12, 5.41e-11
2020-12-27, 09:05:52, 1.06e-12, 5.43e-11
2020-12-27, 09:05:57, 8.98e-13, 5.41e-11
2020-12-27, 09:06:01, 9.64e-13, 5.41e-11
2020-12-27, 09:06:05, 8.99e-13, 5.4e-11
2020-12-27, 09:06:09, 9.23e-13, 5.4e-11
2020-12-27, 09:06:14, 8.48e-13, 5.39e-11
2020-12-27, 09:06:18, 8.84e-13, 5.38e-11
2020-12-27, 09:06:22, 8.3e-13, 5.39e-11
2020-12-27, 09:06:26, 9.25e-13, 5.36e-11
2020-12-27, 09:06:30, 9.42e-13, 5.38e-11
2020-12-27, 09:06:35, 1.11e-12, 5.39e-11
2020-12-27, 09:06:39, 1.01e-12, 5.39e-11
2020-12-27, 09:06:43, 1.04e-12, 5.4e-11
2020-12-27, 09:06:47, 9.28e-13, 5.4e-11
2020-12-27, 09:06:52, 9.92e-13, 5.37e-11
2020-12-27, 09:06:56, 9.7e-13, 5.39e-11
2020-12-27, 09:07:00, 9.42e-13, 5.38e-11
2020-12-27, 09:07:04, 9.25e-13, 5.38e-11
2020-12-27, 09:07:08, 9.33e-13, 5.36e-11
2020-12-27, 09:07:13, 9.15e-13, 5.38e-11
2020-12-27, 09:07:17, 9.52e-13, 5.39e-11
2020-12-27, 09:07:21, 9.45e-13, 5.39e-11
2020-12-27, 09:07:25, 9.41e-13, 5.4e-11
2020-12-27, 09:07:29, 9.48e-13, 5.37e-11
2020-12-27, 09:07:34, 9.26e-13, 5.4e-11
2020-12-27, 09:07:38, 9.22e-13, 5.42e-11
2020-12-27, 09:07:42, 9.19e-13, 5.4e-11
2020-12-27, 09:07:46, 8.83e-13, 5.4e-11
2020-12-27, 09:07:51, 9.72e-13, 5.4e-11
2020-12-27, 09:07:55, 9.05e-13, 5.39e-11
2020-12-27, 09:07:59, 9.16e-13, 5.39e-11
2020-12-27, 09:08:03, 9.82e-13, 5.4e-11
2020-12-27, 09:08:07, 9.49e-13, 5.4e-11
2020-12-27, 09:08:12, 9.41e-13, 5.39e-11
2020-12-27, 09:08:16, 9.63e-13, 5.42e-11
2020-12-27, 09:08:20, 9.34e-13, 5.39e-11
2020-12-27, 09:08:24, 9.19e-13, 5.37e-11
2020-12-27, 09:08:29, 9.45e-13, 5.37e-11
2020-12-27, 09:08:33, 9.27e-13, 5.34e-11
2020-12-27, 09:08:37, 9.41e-13, 5.38e-11
2020-12-27, 09:08:41, 1.02e-12, 5.41e-11
2020-12-27, 09:08:45, 9.55e-13, 5.41e-11
2020-12-27, 09:08:50, 9.08e-13, 5.4e-11
2020-12-27, 09:08:54, 8.58e-13, 5.39e-11
2020-12-27, 09:08:58, 8.61e-13, 5.4e-11
2020-12-27, 09:09:02, 9.29e-13, 5.41e-11
2020-12-27, 09:09:07, 9.18e-13, 5.4e-11
2020-12-27, 09:09:11, 9.45e-13, 5.38e-11
2020-12-27, 09:09:15, 9.21e-13, 5.39e-11
2020-12-27, 09:09:19, 9.62e-13, 5.37e-11
2020-12-27, 09:09:23, 1.1e-12, 5.37e-11
2020-12-27, 09:09:28, 9.37e-13, 5.37e-11
2020-12-27, 09:09:32, 8.24e-13, 5.39e-11
2020-12-27, 09:09:36, 9.35e-13, 5.38e-11
2020-12-27, 09:09:40, 9.77e-13, 5.41e-11
2020-12-27, 09:09:45, 9.48e-13, 5.39e-11
2020-12-27, 09:09:49, 9.32e-13, 5.38e-11
2020-12-27, 09:09:53, 9.81e-13, 5.4e-11
2020-12-27, 09:09:57, 1.12e-12, 5.37e-11
2020-12-27, 09:10:01, 9.49e-13, 5.37e-11
2020-12-27, 09:10:06, 9.58e-13, 5.38e-11
2020-12-27, 09:10:10, 1.04e-12, 5.39e-11
2020-12-27, 09:10:14, 9.53e-13, 5.36e-11
2020-12-27, 09:10:18, 8.83e-13, 5.35e-11
2020-12-27, 09:10:23, 9.2e-13, 5.38e-11
2020-12-27, 09:10:27, 9.41e-13, 5.4e-11
2020-12-27, 09:10:31, 9.61e-13, 5.42e-11
2020-12-27, 09:10:35, 9.19e-13, 5.41e-11
2020-12-27, 09:10:39, 9.55e-13, 5.41e-11
2020-12-27, 09:10:44, 9.83e-13, 5.44e-11
2020-12-27, 09:10:48, 9.67e-13, 5.42e-11
2020-12-27, 09:10:52, 9.44e-13, 5.39e-11
2020-12-27, 09:10:56, 9.8e-13, 5.41e-11
2020-12-27, 09:11:00, 9.23e-13, 5.38e-11
2020-12-27, 09:11:05, 9.77e-13, 5.4e-11
2020-12-27, 09:11:09, 1e-12, 5.38e-11
2020-12-27, 09:11:13, 9.64e-13, 5.38e-11
2020-12-27, 09:11:17, 9.39e-13, 5.4e-11
2020-12-27, 09:11:22, 9.75e-13, 5.38e-11
2020-12-27, 09:11:26, 9.27e-13, 5.38e-11
2020-12-27, 09:11:30, 9.39e-13, 5.37e-11
2020-12-27, 09:11:34, 8.82e-13, 5.4e-11
2020-12-27, 09:11:38, 8.64e-13, 5.4e-11
2020-12-27, 09:11:43, 9.22e-13, 5.4e-11
2020-12-27, 09:11:47, 9.07e-13, 5.36e-11
2020-12-27, 09:11:51, 8.86e-13, 5.35e-11
2020-12-27, 09:11:55, 8.72e-13, 5.36e-11
2020-12-27, 09:12:00, 9.7e-13, 5.37e-11
2020-12-27, 09:12:04, 8.99e-13, 5.39e-11
2020-12-27, 09:12:08, 9.64e-13, 5.41e-11
2020-12-27, 09:12:12, 9.11e-13, 5.39e-11
2020-12-27, 09:12:16, 9.12e-13, 5.37e-11
2020-12-27, 09:12:21, 9.13e-13, 5.39e-11
2020-12-27, 09:12:25, 9.66e-13, 5.43e-11
2020-12-27, 09:12:29, 9.44e-13, 5.43e-11
2020-12-27, 09:12:33, 7.77e-13, 5.41e-11
2020-12-27, 09:12:38, 9.41e-13, 5.39e-11
2020-12-27, 09:12:42, 9.61e-13, 5.41e-11
2020-12-27, 09:12:46, 8.92e-13, 5.41e-11
2020-12-27, 09:12:50, 1e-12, 5.41e-11
2020-12-27, 09:12:54, 9.61e-13, 5.41e-11
2020-12-27, 09:12:59, 1.03e-12, 5.42e-11
2020-12-27, 09:13:03, 9.62e-13, 5.44e-11
2020-12-27, 09:13:07, 9.76e-13, 5.43e-11
2020-12-27, 09:13:11, 9.63e-13, 5.4e-11
2020-12-27, 09:13:16, 9.5e-13, 5.41e-11
2020-12-27, 09:13:20, 9.24e-13, 5.39e-11
2020-12-27, 09:13:24, 9.06e-13, 5.4e-11
2020-12-27, 09:13:28, 9.58e-13, 5.4e-11
2020-12-27, 09:13:32, 9.75e-13, 5.38e-11
2020-12-27, 09:13:37, 9.42e-13, 5.4e-11
2020-12-27, 09:13:41, 8.61e-13, 5.4e-11
2020-12-27, 09:13:45, 8.88e-13, 5.39e-11
2020-12-27, 09:13:49, 1.06e-12, 5.43e-11
2020-12-27, 09:13:54, 9.31e-13, 5.42e-11
2020-12-27, 09:13:58, 9.56e-13, 5.41e-11
2020-12-27, 09:14:02, 9.33e-13, 5.37e-11
2020-12-27, 09:14:06, 9.47e-13, 5.38e-11
2020-12-27, 09:14:10, 9.11e-13, 5.4e-11
2020-12-27, 09:14:15, 9.72e-13, 5.41e-11
2020-12-27, 09:14:19, 9.53e-13, 5.44e-11
2020-12-27, 09:14:23, 9.35e-13, 5.45e-11
2020-12-27, 09:14:27, 8.36e-13, 5.4e-11
2020-12-27, 09:14:32, 9.15e-13, 5.4e-11
2020-12-27, 09:14:36, 9.94e-13, 5.4e-11
2020-12-27, 09:14:40, 9.24e-13, 5.39e-11
2020-12-27, 09:14:44, 9.2e-13, 5.41e-11
2020-12-27, 09:14:48, 8.76e-13, 5.41e-11
2020-12-27, 09:14:53, 9.88e-13, 5.39e-11
2020-12-27, 09:14:57, 9.77e-13, 5.41e-11
2020-12-27, 09:15:01, 9.36e-13, 5.39e-11
2020-12-27, 09:15:05, 8.75e-13, 5.39e-11
2020-12-27, 09:15:09, 8.59e-13, 5.38e-11
2020-12-27, 09:15:14, 9.24e-13, 5.43e-11
2020-12-27, 09:15:18, 9.27e-13, 5.44e-11
2020-12-27, 09:15:22, 9.37e-13, 5.39e-11
2020-12-27, 09:15:26, 9.31e-13, 5.41e-11
2020-12-27, 09:15:31, 9.27e-13, 5.4e-11
2020-12-27, 09:15:35, 8.54e-13, 5.4e-11
2020-12-27, 09:15:39, 9.51e-13, 5.37e-11
2020-12-27, 09:15:43, 9.56e-13, 5.37e-11
2020-12-27, 09:15:47, 8.68e-13, 5.39e-11
2020-12-27, 09:15:52, 9.34e-13, 5.39e-11
2020-12-27, 09:15:56, 8.37e-13, 5.39e-11
2020-12-27, 09:16:00, 9.4e-13, 5.41e-11
2020-12-27, 09:16:04, 9.06e-13, 5.39e-11
2020-12-27, 09:16:09, 9.32e-13, 5.39e-11
2020-12-27, 09:16:13, 9.17e-13, 5.4e-11
2020-12-27, 09:16:17, 1.01e-12, 5.39e-11
2020-12-27, 09:16:21, 9.69e-13, 5.42e-11
2020-12-27, 09:16:25, 9.29e-13, 5.41e-11
2020-12-27, 09:16:30, 1.03e-12, 5.39e-11
2020-12-27, 09:16:34, 9.66e-13, 5.38e-11
2020-12-27, 09:16:38, 9.31e-13, 5.36e-11
2020-12-27, 09:16:42, 8.92e-13, 5.39e-11
2020-12-27, 09:16:47, 8.98e-13, 5.36e-11
2020-12-27, 09:16:51, 9.78e-13, 5.37e-11
2020-12-27, 09:16:55, 8.45e-13, 5.39e-11
2020-12-27, 09:16:59, 8.93e-13, 5.37e-11
2020-12-27, 09:17:03, 9.21e-13, 5.35e-11
2020-12-27, 09:17:08, 9.31e-13, 5.39e-11
2020-12-27, 09:17:12, 9.18e-13, 5.38e-11
2020-12-27, 09:17:16, 9.35e-13, 5.39e-11
2020-12-27, 09:17:20, 9.41e-13, 5.41e-11
2020-12-27, 09:17:25, 9.4e-13, 5.38e-11
2020-12-27, 09:17:29, 9.4e-13, 5.38e-11
2020-12-27, 09:17:33, 1.09e-12, 5.4e-11
2020-12-27, 09:17:37, 1.07e-12, 5.4e-11
2020-12-27, 09:17:41, 9.45e-13, 5.41e-11
2020-12-27, 09:17:46, 1.02e-12, 5.44e-11
2020-12-27, 09:17:50, 8.78e-13, 5.39e-11
2020-12-27, 09:17:54, 9.84e-13, 5.41e-11
2020-12-27, 09:17:58, 9.1e-13, 5.38e-11
2020-12-27, 09:18:03, 9.81e-13, 5.37e-11
2020-12-27, 09:18:07, 9.36e-13, 5.36e-11
2020-12-27, 09:18:11, 8.8e-13, 5.39e-11
2020-12-27, 09:18:15, 9.93e-13, 5.41e-11
2020-12-27, 09:18:19, 9.28e-13, 5.4e-11
2020-12-27, 09:18:24, 9.47e-13, 5.38e-11
2020-12-27, 09:18:28, 9.58e-13, 5.41e-11
2020-12-27, 09:18:32, 8.92e-13, 5.44e-11
2020-12-27, 09:18:36, 9.4e-13, 5.39e-11
2020-12-27, 09:18:41, 9.09e-13, 5.39e-11
2020-12-27, 09:18:45, 9.1e-13, 5.37e-11
2020-12-27, 09:18:49, 9.44e-13, 5.39e-11
2020-12-27, 09:18:53, 9.13e-13, 5.39e-11
2020-12-27, 09:18:57, 8.62e-13, 5.38e-11
2020-12-27, 09:19:02, 1.1e-12, 5.39e-11
2020-12-27, 09:19:06, 9.54e-13, 5.38e-11
2020-12-27, 09:19:10, 9.35e-13, 5.43e-11
2020-12-27, 09:19:14, 9.5e-13, 5.4e-11
2020-12-27, 09:19:19, 9.58e-13, 5.41e-11
2020-12-27, 09:19:23, 9.03e-13, 5.41e-11
2020-12-27, 09:19:27, 9.21e-13, 5.4e-11
2020-12-27, 09:19:31, 9.14e-13, 5.41e-11
2020-12-27, 09:19:35, 9.1e-13, 5.42e-11
2020-12-27, 09:19:40, 9.12e-13, 5.42e-11
2020-12-27, 09:19:44, 9.62e-13, 5.4e-11
2020-12-27, 09:19:48, 9.46e-13, 5.4e-11
2020-12-27, 09:19:52, 8.38e-13, 5.41e-11
2020-12-27, 09:19:57, 9.95e-13, 5.39e-11
2020-12-27, 09:20:01, 9.45e-13, 5.4e-11
2020-12-27, 09:20:05, 9.07e-13, 5.39e-11
2020-12-27, 09:20:09, 9.38e-13, 5.4e-11
2020-12-27, 09:20:13, 9.07e-13, 5.39e-11
2020-12-27, 09:20:18, 9.3e-13, 5.38e-11
2020-12-27, 09:20:22, 9.3e-13, 5.42e-11
2020-12-27, 09:20:26, 9.29e-13, 5.41e-11
2020-12-27, 09:20:30, 9.28e-13, 5.4e-11
2020-12-27, 09:20:34, 9.18e-13, 5.42e-11
2020-12-27, 09:20:39, 9.18e-13, 5.41e-11
2020-12-27, 09:20:43, 9.42e-13, 5.42e-11
2020-12-27, 09:20:47, 9.13e-13, 5.4e-11
2020-12-27, 09:20:51, 9.34e-13, 5.39e-11
2020-12-27, 09:20:56, 9.19e-13, 5.37e-11
2020-12-27, 09:21:00, 8.99e-13, 5.37e-11
2020-12-27, 09:21:04, 9.27e-13, 5.41e-11
2020-12-27, 09:21:08, 9.24e-13, 5.39e-11
2020-12-27, 09:21:12, 9.99e-13, 5.44e-11
2020-12-27, 09:21:17, 9.67e-13, 5.43e-11
2020-12-27, 09:21:21, 9.71e-13, 5.37e-11
2020-12-27, 09:21:25, 9.14e-13, 5.42e-11
2020-12-27, 09:21:29, 9.65e-13, 5.39e-11
2020-12-27, 09:21:34, 9.23e-13, 5.36e-11
2020-12-27, 09:21:38, 9.35e-13, 5.35e-11
2020-12-27, 09:21:42, 9.38e-13, 5.35e-11
2020-12-27, 09:21:46, 9.16e-13, 5.39e-11
2020-12-27, 09:21:50, 9.23e-13, 5.41e-11
2020-12-27, 09:21:55, 9.11e-13, 5.39e-11
2020-12-27, 09:21:59, 9.22e-13, 5.38e-11
2020-12-27, 09:22:03, 9.3e-13, 5.4e-11
2020-12-27, 09:22:07, 9.38e-13, 5.39e-11
2020-12-27, 09:22:12, 9.55e-13, 5.42e-11
2020-12-27, 09:22:16, 9.4e-13, 5.41e-11
2020-12-27, 09:22:20, 9.09e-13, 5.4e-11
2020-12-27, 09:22:24, 9.12e-13, 5.38e-11
2020-12-27, 09:22:28, 1e-12, 5.39e-11
2020-12-27, 09:22:33, 9.71e-13, 5.38e-11
2020-12-27, 09:22:37, 9.42e-13, 5.35e-11
2020-12-27, 09:22:41, 9.3e-13, 5.37e-11
2020-12-27, 09:22:45, 9.18e-13, 5.37e-11
2020-12-27, 09:22:50, 9.05e-13, 5.39e-11
2020-12-27, 09:22:54, 8.72e-13, 5.41e-11
2020-12-27, 09:22:58, 9.23e-13, 5.37e-11
2020-12-27, 09:23:02, 9.08e-13, 5.4e-11
2020-12-27, 09:23:06, 8.71e-13, 5.38e-11
2020-12-27, 09:23:11, 9.32e-13, 5.41e-11
2020-12-27, 09:23:15, 9.03e-13, 5.4e-11
2020-12-27, 09:23:19, 1.1e-12, 5.38e-11
2020-12-27, 09:23:23, 7.96e-13, 5.39e-11
2020-12-27, 09:23:28, 9.15e-13, 5.39e-11
2020-12-27, 09:23:32, 9.3e-13, 5.41e-11
2020-12-27, 09:23:36, 9.05e-13, 5.43e-11
2020-12-27, 09:23:40, 9.36e-13, 5.42e-11
2020-12-27, 09:23:44, 8.87e-13, 5.43e-11
2020-12-27, 09:23:49, 9.31e-13, 5.41e-11
2020-12-27, 09:23:53, 9.39e-13, 5.41e-11
2020-12-27, 09:23:57, 8.83e-13, 5.4e-11
2020-12-27, 09:24:01, 8.89e-13, 5.41e-11
2020-12-27, 09:24:06, 9.76e-13, 5.4e-11
2020-12-27, 09:24:10, 9.63e-13, 5.4e-11
2020-12-27, 09:24:14, 9.34e-13, 5.38e-11
2020-12-27, 09:24:18, 9.17e-13, 5.45e-11
2020-12-27, 09:24:22, 8.43e-13, 5.34e-11
2020-12-27, 09:24:27, 9.03e-13, 5.36e-11
2020-12-27, 09:24:31, 9.73e-13, 5.39e-11
2020-12-27, 09:24:35, 9.97e-13, 5.39e-11
2020-12-27, 09:24:39, 8.93e-13, 5.4e-11
2020-12-27, 09:24:43, 9.55e-13, 5.38e-11
2020-12-27, 09:24:48, 9.29e-13, 5.37e-11
2020-12-27, 09:24:52, 9.76e-13, 5.39e-11
2020-12-27, 09:24:56, 8.74e-13, 5.39e-11
2020-12-27, 09:25:00, 8.97e-13, 5.42e-11
2020-12-27, 09:25:05, 9.25e-13, 5.4e-11
2020-12-27, 09:25:09, 9.03e-13, 5.4e-11
2020-12-27, 09:25:13, 8.99e-13, 5.38e-11
2020-12-27, 09:25:17, 9.31e-13, 5.38e-11
2020-12-27, 09:25:21, 9.66e-13, 5.4e-11
2020-12-27, 09:25:26, 9.25e-13, 5.39e-11
2020-12-27, 09:25:30, 8.17e-13, 5.4e-11
2020-12-27, 09:25:34, 8.97e-13, 5.41e-11
2020-12-27, 09:25:38, 9.56e-13, 5.41e-11
2020-12-27, 09:25:43, 9.45e-13, 5.41e-11
2020-12-27, 09:25:47, 9.01e-13, 5.42e-11
2020-12-27, 09:25:51, 9.13e-13, 5.41e-11
2020-12-27, 09:25:55, 9.36e-13, 5.41e-11
2020-12-27, 09:25:59, 8.99e-13, 5.43e-11
2020-12-27, 09:26:04, 9.12e-13, 5.42e-11
2020-12-27, 09:26:08, 9.81e-13, 5.4e-11
2020-12-27, 09:26:12, 9.07e-13, 5.4e-11
2020-12-27, 09:26:16, 9.42e-13, 5.41e-11
2020-12-27, 09:26:21, 9.62e-13, 5.41e-11
2020-12-27, 09:26:25, 8.34e-13, 5.4e-11
2020-12-27, 09:26:29, 9.32e-13, 5.38e-11
2020-12-27, 09:26:33, 9.77e-13, 5.4e-11
2020-12-27, 09:26:37, 9.86e-13, 5.41e-11
2020-12-27, 09:26:42, 9.28e-13, 5.41e-11
2020-12-27, 09:26:46, 9.22e-13, 5.39e-11
2020-12-27, 09:26:50, 9.17e-13, 5.39e-11
2020-12-27, 09:26:54, 9.3e-13, 5.39e-11
2020-12-27, 09:26:59, 9.39e-13, 5.4e-11
2020-12-27, 09:27:03, 9.19e-13, 5.37e-11
2020-12-27, 09:27:07, 9.18e-13, 5.42e-11
2020-12-27, 09:27:11, 8.97e-13, 5.37e-11
2020-12-27, 09:27:15, 8.67e-13, 5.38e-11
2020-12-27, 09:27:20, 8.77e-13, 5.38e-11
2020-12-27, 09:27:24, 9.09e-13, 5.39e-11
2020-12-27, 09:27:28, 1.06e-12, 5.43e-11
2020-12-27, 09:27:32, 9.34e-13, 5.43e-11
2020-12-27, 09:27:37, 8.89e-13, 5.35e-11
2020-12-27, 09:27:41, 9.37e-13, 5.37e-11
2020-12-27, 09:27:45, 9.03e-13, 5.36e-11
2020-12-27, 09:27:49, 9.76e-13, 5.37e-11
2020-12-27, 09:27:53, 9.36e-13, 5.41e-11
2020-12-27, 09:27:58, 8.91e-13, 5.4e-11
2020-12-27, 09:28:02, 1.03e-12, 5.39e-11
2020-12-27, 09:28:06, 9.4e-13, 5.41e-11
2020-12-27, 09:28:10, 8.59e-13, 5.42e-11
2020-12-27, 09:28:15, 8.72e-13, 5.41e-11
2020-12-27, 09:28:19, 8.9e-13, 5.4e-11
2020-12-27, 09:28:23, 9.85e-13, 5.39e-11
2020-12-27, 09:28:27, 9.08e-13, 5.39e-11
2020-12-27, 09:28:31, 8.24e-13, 5.43e-11
2020-12-27, 09:28:36, 9.45e-13, 5.38e-11
2020-12-27, 09:28:40, 8.21e-13, 5.36e-11
2020-12-27, 09:28:44, 9.15e-13, 5.4e-11
2020-12-27, 09:28:48, 9.39e-13, 5.38e-11
2020-12-27, 09:28:53, 9.34e-13, 5.4e-11
2020-12-27, 09:28:57, 9.19e-13, 5.38e-11
2020-12-27, 09:29:01, 9.13e-13, 5.4e-11
2020-12-27, 09:29:05, 9.28e-13, 5.39e-11
2020-12-27, 09:29:09, 1e-12, 5.41e-11
2020-12-27, 09:29:14, 9.19e-13, 5.38e-11
2020-12-27, 09:29:18, 8.78e-13, 5.38e-11
2020-12-27, 09:29:22, 9.39e-13, 5.39e-11
2020-12-27, 09:29:26, 9.12e-13, 5.38e-11
2020-12-27, 09:29:31, 9.15e-13, 5.39e-11
2020-12-27, 09:29:35, 9.58e-13, 5.39e-11
2020-12-27, 09:29:39, 9.23e-13, 5.39e-11
2020-12-27, 09:29:43, 8.94e-13, 5.39e-11
2020-12-27, 09:29:47, 9.27e-13, 5.41e-11
2020-12-27, 09:29:52, 9.14e-13, 5.4e-11
2020-12-27, 09:29:56, 9.17e-13, 5.42e-11
2020-12-27, 09:30:00, 9.24e-13, 5.36e-11
2020-12-27, 09:30:04, 9.72e-13, 5.4e-11
2020-12-27, 09:30:08, 9.12e-13, 5.41e-11
2020-12-27, 09:30:13, 9.71e-13, 5.4e-11
2020-12-27, 09:30:17, 9.75e-13, 5.41e-11
2020-12-27, 09:30:21, 8.97e-13, 5.38e-11
2020-12-27, 09:30:26, 9.28e-13, 5.37e-11
2020-12-27, 09:30:30, 8.74e-13, 5.39e-11
2020-12-27, 09:30:34, 9.5e-13, 5.37e-11
2020-12-27, 09:30:38, 8.61e-13, 5.4e-11
2020-12-27, 09:30:43, 9.18e-13, 5.4e-11
2020-12-27, 09:30:47, 8.85e-13, 5.38e-11
2020-12-27, 09:30:51, 9.06e-13, 5.38e-11
2020-12-27, 09:30:55, 9.13e-13, 5.41e-11
2020-12-27, 09:30:59, 9.66e-13, 5.41e-11
2020-12-27, 09:31:04, 9.28e-13, 5.38e-11
2020-12-27, 09:31:08, 9.1e-13, 5.37e-11
2020-12-27, 09:31:12, 9.29e-13, 5.38e-11
2020-12-27, 09:31:16, 9.43e-13, 5.39e-11
2020-12-27, 09:31:21, 8.97e-13, 5.4e-11
2020-12-27, 09:31:25, 9.64e-13, 5.4e-11
2020-12-27, 09:31:29, 9.16e-13, 5.42e-11
2020-12-27, 09:31:33, 9.27e-13, 5.38e-11
2020-12-27, 09:31:37, 8.81e-13, 5.39e-11
2020-12-27, 09:31:42, 9.61e-13, 5.4e-11
2020-12-27, 09:31:46, 9.27e-13, 5.38e-11
2020-12-27, 09:31:50, 9.67e-13, 5.39e-11
2020-12-27, 09:31:54, 9.42e-13, 5.41e-11
2020-12-27, 09:31:59, 9.71e-13, 5.37e-11
2020-12-27, 09:32:03, 8.66e-13, 5.36e-11
2020-12-27, 09:32:07, 9.36e-13, 5.41e-11
2020-12-27, 09:32:11, 9.05e-13, 5.39e-11
2020-12-27, 09:32:15, 8.71e-13, 5.38e-11
2020-12-27, 09:32:20, 9.56e-13, 5.41e-11
2020-12-27, 09:32:24, 9.07e-13, 5.39e-11
2020-12-27, 09:32:28, 7.72e-13, 5.37e-11
2020-12-27, 09:32:32, 9.25e-13, 5.4e-11
2020-12-27, 09:32:36, 9.22e-13, 5.38e-11
2020-12-27, 09:32:41, 9.88e-13, 5.38e-11
2020-12-27, 09:32:45, 9.82e-13, 5.39e-11
2020-12-27, 09:32:49, 9.8e-13, 5.4e-11
2020-12-27, 09:32:53, 9.76e-13, 5.4e-11
2020-12-27, 09:32:58, 9.15e-13, 5.38e-11
2020-12-27, 09:33:02, 1.04e-12, 5.42e-11
2020-12-27, 09:33:06, 9.67e-13, 5.42e-11
2020-12-27, 09:33:10, 8.96e-13, 5.4e-11
2020-12-27, 09:33:14, 9.18e-13, 5.36e-11
2020-12-27, 09:33:19, 9.72e-13, 5.38e-11
2020-12-27, 09:33:23, 9.6e-13, 5.41e-11
2020-12-27, 09:33:27, 7.91e-13, 5.38e-11
2020-12-27, 09:33:31, 9.14e-13, 5.4e-11
2020-12-27, 09:33:36, 9.48e-13, 5.38e-11
2020-12-27, 09:33:40, 9.39e-13, 5.38e-11
2020-12-27, 09:33:44, 9.45e-13, 5.36e-11
2020-12-27, 09:33:48, 9.37e-13, 5.34e-11
2020-12-27, 09:33:52, 9.04e-13, 5.33e-11
2020-12-27, 09:33:57, 8.18e-13, 5.38e-11
2020-12-27, 09:34:01, 8.19e-13, 5.34e-11
2020-12-27, 09:34:05, 8.8e-13, 5.36e-11
2020-12-27, 09:34:09, 8.79e-13, 5.37e-11
2020-12-27, 09:34:14, 8.65e-13, 5.38e-11
2020-12-27, 09:34:18, 9.2e-13, 5.38e-11
2020-12-27, 09:34:22, 8.85e-13, 5.35e-11
2020-12-27, 09:34:26, 1.02e-12, 5.37e-11
2020-12-27, 09:34:30, 8.64e-13, 5.37e-11
2020-12-27, 09:34:35, 9.06e-13, 5.41e-11
2020-12-27, 09:34:39, 9.02e-13, 5.4e-11
2020-12-27, 09:34:43, 9.07e-13, 5.41e-11
2020-12-27, 09:34:47, 9.03e-13, 5.4e-11
2020-12-27, 09:34:52, 9.18e-13, 5.39e-11
2020-12-27, 09:34:56, 9.23e-13, 5.38e-11
2020-12-27, 09:35:00, 9.65e-13, 5.4e-11
2020-12-27, 09:35:04, 9.86e-13, 5.4e-11
2020-12-27, 09:35:08, 9.06e-13, 5.4e-11
2020-12-27, 09:35:13, 9.39e-13, 5.4e-11
2020-12-27, 09:35:17, 9.02e-13, 5.4e-11
2020-12-27, 09:35:21, 9.88e-13, 5.39e-11
2020-12-27, 09:35:25, 9.29e-13, 5.4e-11
2020-12-27, 09:35:30, 9.34e-13, 5.42e-11
2020-12-27, 09:35:34, 9.35e-13, 5.38e-11
2020-12-27, 09:35:38, 8.86e-13, 5.38e-11
2020-12-27, 09:35:42, 8.92e-13, 5.37e-11
2020-12-27, 09:35:46, 9.2e-13, 5.4e-11
2020-12-27, 09:35:51, 9.39e-13, 5.4e-11
2020-12-27, 09:35:55, 9.15e-13, 5.38e-11
2020-12-27, 09:35:59, 9.47e-13, 5.4e-11
2020-12-27, 09:36:03, 1.02e-12, 5.4e-11
2020-12-27, 09:36:08, 8.78e-13, 5.37e-11
2020-12-27, 09:36:12, 9.49e-13, 5.4e-11
2020-12-27, 09:36:16, 9.26e-13, 5.42e-11
2020-12-27, 09:36:20, 9.46e-13, 5.4e-11
2020-12-27, 09:36:24, 9.23e-13, 5.38e-11
2020-12-27, 09:36:29, 9.12e-13, 5.41e-11
2020-12-27, 09:36:33, 8.94e-13, 5.39e-11
2020-12-27, 09:36:37, 9.33e-13, 5.42e-11
2020-12-27, 09:36:41, 8.79e-13, 5.37e-11
2020-12-27, 09:36:46, 9.13e-13, 5.38e-11
2020-12-27, 09:36:50, 9.08e-13, 5.4e-11
2020-12-27, 09:36:54, 9.22e-13, 5.4e-11
2020-12-27, 09:36:58, 7.94e-13, 5.38e-11
2020-12-27, 09:37:02, 9.78e-13, 5.38e-11
2020-12-27, 09:37:07, 9.61e-13, 5.4e-11
2020-12-27, 09:37:11, 8.93e-13, 5.39e-11
2020-12-27, 09:37:15, 1.08e-12, 5.35e-11
2020-12-27, 09:37:19, 9.42e-13, 5.39e-11
2020-12-27, 09:37:24, 8.94e-13, 5.38e-11
2020-12-27, 09:37:28, 9.24e-13, 5.38e-11
2020-12-27, 09:37:32, 8.89e-13, 5.37e-11
2020-12-27, 09:37:36, 1.01e-12, 5.39e-11
2020-12-27, 09:37:40, 9.74e-13, 5.39e-11
2020-12-27, 09:37:45, 9.09e-13, 5.39e-11
2020-12-27, 09:37:49, 8.37e-13, 5.39e-11
2020-12-27, 09:37:53, 8.85e-13, 5.42e-11
2020-12-27, 09:37:57, 1.04e-12, 5.39e-11
2020-12-27, 09:38:02, 8.66e-13, 5.43e-11
2020-12-27, 09:38:06, 8.87e-13, 5.42e-11
2020-12-27, 09:38:10, 9.4e-13, 5.42e-11
2020-12-27, 09:38:14, 9.18e-13, 5.42e-11
2020-12-27, 09:38:18, 8.84e-13, 5.39e-11
2020-12-27, 09:38:23, 8.74e-13, 5.4e-11
2020-12-27, 09:38:27, 8.98e-13, 5.41e-11
2020-12-27, 09:38:31, 9.52e-13, 5.4e-11
2020-12-27, 09:38:35, 9.11e-13, 5.42e-11
2020-12-27, 09:38:40, 9.56e-13, 5.39e-11
2020-12-27, 09:38:44, 9.15e-13, 5.4e-11
2020-12-27, 09:38:48, 9.43e-13, 5.39e-11
2020-12-27, 09:38:52, 9.62e-13, 5.38e-11
2020-12-27, 09:38:56, 9.7e-13, 5.35e-11
2020-12-27, 09:39:01, 9.33e-13, 5.4e-11
2020-12-27, 09:39:05, 9.45e-13, 5.38e-11
2020-12-27, 09:39:09, 8.48e-13, 5.39e-11
2020-12-27, 09:39:13, 9.36e-13, 5.39e-11
2020-12-27, 09:39:17, 9.64e-13, 5.38e-11
2020-12-27, 09:39:22, 9.36e-13, 5.35e-11
2020-12-27, 09:39:26, 9.05e-13, 5.38e-11
2020-12-27, 09:39:30, 9.75e-13, 5.39e-11
2020-12-27, 09:39:34, 9.18e-13, 5.38e-11
2020-12-27, 09:39:39, 9.88e-13, 5.37e-11
2020-12-27, 09:39:43, 9.62e-13, 5.38e-11
2020-12-27, 09:39:47, 8.82e-13, 5.4e-11
2020-12-27, 09:39:51, 9.54e-13, 5.4e-11
2020-12-27, 09:39:55, 9.17e-13, 5.38e-11
2020-12-27, 09:40:00, 9.04e-13, 5.4e-11
2020-12-27, 09:40:04, 8.92e-13, 5.39e-11
2020-12-27, 09:40:08, 1.06e-12, 5.4e-11
2020-12-27, 09:40:12, 9.43e-13, 5.41e-11
2020-12-27, 09:40:17, 9.21e-13, 5.39e-11
2020-12-27, 09:40:21, 9.55e-13, 5.39e-11
2020-12-27, 09:40:25, 8.92e-13, 5.41e-11
2020-12-27, 09:40:29, 9.38e-13, 5.4e-11
2020-12-27, 09:40:33, 9.04e-13, 5.41e-11
2020-12-27, 09:40:38, 9.43e-13, 5.4e-11
2020-12-27, 09:40:42, 9.64e-13, 5.38e-11
2020-12-27, 09:40:46, 8.99e-13, 5.38e-11
2020-12-27, 09:40:50, 9.66e-13, 5.38e-11
2020-12-27, 09:40:55, 9.06e-13, 5.4e-11
2020-12-27, 09:40:59, 9.12e-13, 5.41e-11
2020-12-27, 09:41:03, 8.59e-13, 5.38e-11
2020-12-27, 09:41:07, 9.07e-13, 5.41e-11
2020-12-27, 09:41:11, 9.09e-13, 5.41e-11
2020-12-27, 09:41:16, 9.31e-13, 5.41e-11
2020-12-27, 09:41:20, 9.46e-13, 5.42e-11
2020-12-27, 09:41:24, 9.33e-13, 5.4e-11
2020-12-27, 09:41:28, 8.87e-13, 5.39e-11
2020-12-27, 09:41:33, 9.42e-13, 5.39e-11
2020-12-27, 09:41:37, 9.56e-13, 5.4e-11
2020-12-27, 09:41:41, 9.78e-13, 5.4e-11
2020-12-27, 09:41:45, 9.32e-13, 5.38e-11
2020-12-27, 09:41:49, 8.75e-13, 5.38e-11
2020-12-27, 09:41:54, 9.42e-13, 5.37e-11
2020-12-27, 09:41:58, 9.3e-13, 5.39e-11
2020-12-27, 09:42:02, 9.29e-13, 5.38e-11
2020-12-27, 09:42:06, 1.01e-12, 5.4e-11
2020-12-27, 09:42:11, 8.74e-13, 5.4e-11
2020-12-27, 09:42:15, 8.09e-13, 5.37e-11
2020-12-27, 09:42:19, 9.18e-13, 5.39e-11
2020-12-27, 09:42:23, 9.13e-13, 5.41e-11
2020-12-27, 09:42:27, 8.94e-13, 5.42e-11
2020-12-27, 09:42:32, 9.12e-13, 5.4e-11
2020-12-27, 09:42:36, 8.98e-13, 5.41e-11
2020-12-27, 09:42:40, 8.94e-13, 5.4e-11
2020-12-27, 09:42:44, 8.94e-13, 5.38e-11
2020-12-27, 09:42:49, 1.03e-12, 5.38e-11
2020-12-27, 09:42:53, 9.17e-13, 5.39e-11
2020-12-27, 09:42:57, 9.14e-13, 5.41e-11
2020-12-27, 09:43:01, 9.77e-13, 5.43e-11
2020-12-27, 09:43:05, 8.84e-13, 5.41e-11
2020-12-27, 09:43:10, 9.74e-13, 5.4e-11
2020-12-27, 09:43:14, 9.53e-13, 5.41e-11
2020-12-27, 09:43:18, 1e-12, 5.4e-11
2020-12-27, 09:43:22, 1.01e-12, 5.42e-11
2020-12-27, 09:43:27, 9.24e-13, 5.4e-11
2020-12-27, 09:43:31, 8.6e-13, 5.41e-11
2020-12-27, 09:43:35, 9.26e-13, 5.41e-11
2020-12-27, 09:43:39, 9.5e-13, 5.42e-11
2020-12-27, 09:43:43, 9.79e-13, 5.43e-11
2020-12-27, 09:43:48, 9.39e-13, 5.41e-11
2020-12-27, 09:43:52, 9.36e-13, 5.43e-11
2020-12-27, 09:43:56, 9.78e-13, 5.42e-11
2020-12-27, 09:44:00, 9.91e-13, 5.4e-11
2020-12-27, 09:44:05, 1.01e-12, 5.41e-11
2020-12-27, 09:44:09, 9.5e-13, 5.41e-11
2020-12-27, 09:44:13, 8.35e-13, 5.42e-11
2020-12-27, 09:44:17, 9.52e-13, 5.39e-11
2020-12-27, 09:44:21, 9.7e-13, 5.4e-11
2020-12-27, 09:44:26, 9.61e-13, 5.41e-11
2020-12-27, 09:44:30, 9.5e-13, 5.41e-11
2020-12-27, 09:44:34, 9.36e-13, 5.42e-11
2020-12-27, 09:44:38, 8.88e-13, 5.41e-11
2020-12-27, 09:44:42, 8.52e-13, 5.41e-11
2020-12-27, 09:44:47, 9.36e-13, 5.41e-11
2020-12-27, 09:44:51, 9.45e-13, 5.38e-11
2020-12-27, 09:44:55, 9.63e-13, 5.4e-11
2020-12-27, 09:44:59, 9.23e-13, 5.37e-11
2020-12-27, 09:45:04, 9.23e-13, 5.4e-11
2020-12-27, 09:45:08, 8.76e-13, 5.38e-11
2020-12-27, 09:45:12, 8.87e-13, 5.39e-11
2020-12-27, 09:45:16, 9.37e-13, 5.41e-11
2020-12-27, 09:45:20, 9.52e-13, 5.41e-11
2020-12-27, 09:45:25, 9.36e-13, 5.4e-11
2020-12-27, 09:45:29, 9.31e-13, 5.42e-11
2020-12-27, 09:45:33, 1e-12, 5.43e-11
2020-12-27, 09:45:37, 9.52e-13, 5.42e-11
2020-12-27, 09:45:42, 9.33e-13, 5.42e-11
2020-12-27, 09:45:46, 8.95e-13, 5.42e-11
2020-12-27, 09:45:50, 9.54e-13, 5.42e-11
2020-12-27, 09:45:54, 9.26e-13, 5.42e-11
2020-12-27, 09:45:58, 9.33e-13, 5.41e-11
2020-12-27, 09:46:03, 9.06e-13, 5.39e-11
2020-12-27, 09:46:07, 9.85e-13, 5.4e-11
2020-12-27, 09:46:11, 9.44e-13, 5.4e-11
2020-12-27, 09:46:15, 8.68e-13, 5.42e-11
2020-12-27, 09:46:20, 9.25e-13, 5.41e-11
2020-12-27, 09:46:24, 9.29e-13, 5.39e-11
2020-12-27, 09:46:28, 9.33e-13, 5.38e-11
2020-12-27, 09:46:32, 9.34e-13, 5.4e-11
2020-12-27, 09:46:36, 9.78e-13, 5.37e-11
2020-12-27, 09:46:41, 9.54e-13, 5.38e-11
2020-12-27, 09:46:45, 9.45e-13, 5.41e-11
2020-12-27, 09:46:49, 8.88e-13, 5.41e-11
2020-12-27, 09:46:53, 8.85e-13, 5.44e-11
2020-12-27, 09:46:58, 9.58e-13, 5.42e-11
2020-12-27, 09:47:02, 9.88e-13, 5.4e-11
2020-12-27, 09:47:06, 9.14e-13, 5.43e-11
2020-12-27, 09:47:10, 9.15e-13, 5.42e-11
2020-12-27, 09:47:14, 9.04e-13, 5.41e-11
2020-12-27, 09:47:19, 9.16e-13, 5.41e-11
2020-12-27, 09:47:23, 9.05e-13, 5.41e-11
2020-12-27, 09:47:27, 9.37e-13, 5.41e-11
2020-12-27, 09:47:31, 9.05e-13, 5.41e-11
2020-12-27, 09:47:36, 9.74e-13, 5.41e-11
2020-12-27, 09:47:40, 7.97e-13, 5.41e-11
2020-12-27, 09:47:44, 9.27e-13, 5.39e-11
2020-12-27, 09:47:48, 9.12e-13, 5.4e-11
2020-12-27, 09:47:52, 9.21e-13, 5.41e-11
2020-12-27, 09:47:57, 9.56e-13, 5.41e-11
2020-12-27, 09:48:01, 1.01e-12, 5.46e-11
2020-12-27, 09:48:05, 9.82e-13, 5.41e-11
2020-12-27, 09:48:09, 9.75e-13, 5.42e-11
2020-12-27, 09:48:14, 9.39e-13, 5.42e-11
2020-12-27, 09:48:18, 9.15e-13, 5.41e-11
2020-12-27, 09:48:22, 9.01e-13, 5.42e-11
2020-12-27, 09:48:26, 9e-13, 5.45e-11
2020-12-27, 09:48:30, 9.54e-13, 5.4e-11
2020-12-27, 09:48:35, 8.93e-13, 5.4e-11
2020-12-27, 09:48:39, 8.08e-13, 5.39e-11
2020-12-27, 09:48:43, 9.6e-13, 5.39e-11
2020-12-27, 09:48:47, 9.18e-13, 5.38e-11
2020-12-27, 09:48:51, 8.89e-13, 5.4e-11
2020-12-27, 09:48:56, 8.94e-13, 5.42e-11
2020-12-27, 09:49:00, 9.29e-13, 5.4e-11
2020-12-27, 09:49:04, 9.75e-13, 5.4e-11
2020-12-27, 09:49:08, 8.94e-13, 5.4e-11
2020-12-27, 09:49:13, 9.55e-13, 5.39e-11
2020-12-27, 09:49:17, 1.01e-12, 5.4e-11
2020-12-27, 09:49:21, 9.33e-13, 5.39e-11
2020-12-27, 09:49:25, 8.75e-13, 5.41e-11
2020-12-27, 09:49:29, 1.04e-12, 5.37e-11
2020-12-27, 09:49:34, 9.42e-13, 5.36e-11
2020-12-27, 09:49:38, 1.04e-12, 5.37e-11
2020-12-27, 09:49:42, 9.27e-13, 5.41e-11
2020-12-27, 09:49:46, 9.27e-13, 5.41e-11
2020-12-27, 09:49:51, 9.31e-13, 5.42e-11
2020-12-27, 09:49:55, 9.25e-13, 5.39e-11
2020-12-27, 09:49:59, 9.3e-13, 5.4e-11
2020-12-27, 09:50:03, 9.12e-13, 5.38e-11
2020-12-27, 09:50:07, 8.84e-13, 5.38e-11
2020-12-27, 09:50:12, 9.44e-13, 5.4e-11
2020-12-27, 09:50:16, 9.15e-13, 5.38e-11
2020-12-27, 09:50:20, 7.9e-13, 5.4e-11
2020-12-27, 09:50:24, 9.2e-13, 5.4e-11
2020-12-27, 09:50:29, 9.37e-13, 5.41e-11
2020-12-27, 09:50:33, 8.79e-13, 5.4e-11
2020-12-27, 09:50:37, 9.42e-13, 5.39e-11
2020-12-27, 09:50:41, 9.52e-13, 5.42e-11
2020-12-27, 09:50:45, 9.78e-13, 5.39e-11
2020-12-27, 09:50:50, 9.08e-13, 5.37e-11
2020-12-27, 09:50:54, 8.63e-13, 5.39e-11
2020-12-27, 09:50:58, 7.92e-13, 5.4e-11
2020-12-27, 09:51:02, 8.62e-13, 5.41e-11
2020-12-27, 09:51:07, 9.31e-13, 5.43e-11
2020-12-27, 09:51:11, 9.18e-13, 5.42e-11
2020-12-27, 09:51:15, 9.67e-13, 5.37e-11
2020-12-27, 09:51:19, 9.18e-13, 5.37e-11
2020-12-27, 09:51:23, 9.24e-13, 5.4e-11
2020-12-27, 09:51:28, 8.83e-13, 5.39e-11
2020-12-27, 09:51:32, 8.25e-13, 5.38e-11
2020-12-27, 09:51:36, 9.07e-13, 5.39e-11
2020-12-27, 09:51:40, 9.26e-13, 5.41e-11
2020-12-27, 09:51:45, 8.99e-13, 5.41e-11
2020-12-27, 09:51:49, 9.2e-13, 5.39e-11
2020-12-27, 09:51:53, 9.23e-13, 5.37e-11
2020-12-27, 09:51:57, 8.74e-13, 5.37e-11
2020-12-27, 09:52:01, 1.08e-12, 5.36e-11
2020-12-27, 09:52:06, 9.47e-13, 5.36e-11
2020-12-27, 09:52:10, 9.6e-13, 5.4e-11
2020-12-27, 09:52:14, 8.96e-13, 5.41e-11
2020-12-27, 09:52:18, 9.37e-13, 5.4e-11
2020-12-27, 09:52:23, 1.03e-12, 5.39e-11
2020-12-27, 09:52:27, 9.6e-13, 5.38e-11
2020-12-27, 09:52:31, 9.19e-13, 5.41e-11
2020-12-27, 09:52:35, 9.38e-13, 5.41e-11
2020-12-27, 09:52:39, 9.23e-13, 5.41e-11
2020-12-27, 09:52:44, 9.31e-13, 5.38e-11
2020-12-27, 09:52:48, 9.61e-13, 5.4e-11
2020-12-27, 09:52:52, 9.51e-13, 5.37e-11
2020-12-27, 09:52:56, 8.94e-13, 5.39e-11
2020-12-27, 09:53:00, 8.94e-13, 5.39e-11
2020-12-27, 09:53:05, 9.2e-13, 5.4e-11
2020-12-27, 09:53:09, 9.29e-13, 5.39e-11
2020-12-27, 09:53:13, 8.95e-13, 5.39e-11
2020-12-27, 09:53:17, 9.2e-13, 5.37e-11
2020-12-27, 09:53:22, 9.67e-13, 5.37e-11
2020-12-27, 09:53:26, 9.87e-13, 5.39e-11
2020-12-27, 09:53:30, 9.44e-13, 5.36e-11
2020-12-27, 09:53:34, 9.57e-13, 5.39e-11
2020-12-27, 09:53:38, 9.24e-13, 5.4e-11
2020-12-27, 09:53:43, 9.66e-13, 5.36e-11
2020-12-27, 09:53:47, 9.9e-13, 5.36e-11
2020-12-27, 09:53:51, 9.1e-13, 5.34e-11
2020-12-27, 09:53:55, 9.34e-13, 5.37e-11
2020-12-27, 09:54:00, 9.19e-13, 5.36e-11
2020-12-27, 09:54:04, 9.6e-13, 5.39e-11
2020-12-27, 09:54:08, 1.02e-12, 5.38e-11
2020-12-27, 09:54:12, 9.25e-13, 5.36e-11
2020-12-27, 09:54:16, 8.37e-13, 5.39e-11
2020-12-27, 09:54:21, 8.98e-13, 5.39e-11
2020-12-27, 09:54:25, 9.33e-13, 5.38e-11
2020-12-27, 09:54:29, 8.75e-13, 5.39e-11
2020-12-27, 09:54:33, 9.07e-13, 5.39e-11
2020-12-27, 09:54:38, 1.08e-12, 5.4e-11
2020-12-27, 09:54:42, 9.46e-13, 5.39e-11
2020-12-27, 09:54:46, 1.03e-12, 5.42e-11
2020-12-27, 09:54:50, 9.33e-13, 5.39e-11
2020-12-27, 09:54:54, 8.54e-13, 5.4e-11
2020-12-27, 09:54:59, 9.56e-13, 5.41e-11
2020-12-27, 09:55:03, 9.73e-13, 5.41e-11
2020-12-27, 09:55:07, 9.51e-13, 5.42e-11
2020-12-27, 09:55:11, 9.14e-13, 5.4e-11
2020-12-27, 09:55:16, 9.66e-13, 5.39e-11
2020-12-27, 09:55:20, 9.35e-13, 5.37e-11
2020-12-27, 09:55:24, 9.72e-13, 5.39e-11
2020-12-27, 09:55:28, 9.46e-13, 5.4e-11
2020-12-27, 09:55:32, 8.86e-13, 5.41e-11
2020-12-27, 09:55:37, 8.83e-13, 5.4e-11
2020-12-27, 09:55:41, 9.17e-13, 5.39e-11
2020-12-27, 09:55:45, 9.56e-13, 5.41e-11
2020-12-27, 09:55:49, 9.12e-13, 5.4e-11
2020-12-27, 09:55:54, 1.02e-12, 5.4e-11
2020-12-27, 09:55:58, 9.79e-13, 5.38e-11
2020-12-27, 09:56:02, 9.24e-13, 5.39e-11
2020-12-27, 09:56:06, 1e-12, 5.39e-11
2020-12-27, 09:56:10, 8.48e-13, 5.39e-11
2020-12-27, 09:56:15, 9.42e-13, 5.35e-11
2020-12-27, 09:56:19, 9.49e-13, 5.38e-11
2020-12-27, 09:56:23, 9.29e-13, 5.37e-11
2020-12-27, 09:56:27, 9.06e-13, 5.38e-11
2020-12-27, 09:56:32, 8.94e-13, 5.39e-11
2020-12-27, 09:56:36, 8.91e-13, 5.36e-11
2020-12-27, 09:56:40, 9.33e-13, 5.39e-11
2020-12-27, 09:56:44, 9.67e-13, 5.39e-11
2020-12-27, 09:56:48, 9.65e-13, 5.36e-11
2020-12-27, 09:56:53, 8.67e-13, 5.37e-11
2020-12-27, 09:56:57, 8.13e-13, 5.38e-11
2020-12-27, 09:57:01, 8.9e-13, 5.38e-11
2020-12-27, 09:57:05, 9.63e-13, 5.37e-11
2020-12-27, 09:57:10, 9e-13, 5.39e-11
2020-12-27, 09:57:14, 9.06e-13, 5.37e-11
2020-12-27, 09:57:18, 8.73e-13, 5.37e-11
2020-12-27, 09:57:22, 8.58e-13, 5.35e-11
2020-12-27, 09:57:26, 9.06e-13, 5.36e-11
2020-12-27, 09:57:31, 1.01e-12, 5.38e-11
2020-12-27, 09:57:35, 9.81e-13, 5.38e-11
2020-12-27, 09:57:39, 9.49e-13, 5.4e-11
2020-12-27, 09:57:43, 9.37e-13, 5.39e-11
2020-12-27, 09:57:47, 8.45e-13, 5.38e-11
2020-12-27, 09:57:52, 9.08e-13, 5.37e-11
2020-12-27, 09:57:56, 9.61e-13, 5.38e-11
2020-12-27, 09:58:00, 9.71e-13, 5.39e-11
2020-12-27, 09:58:04, 9.17e-13, 5.42e-11
2020-12-27, 09:58:09, 9.07e-13, 5.39e-11
2020-12-27, 09:58:13, 8.82e-13, 5.4e-11
2020-12-27, 09:58:17, 9.42e-13, 5.4e-11
2020-12-27, 09:58:21, 9.09e-13, 5.39e-11
2020-12-27, 09:58:25, 9.67e-13, 5.4e-11
2020-12-27, 09:58:30, 8.67e-13, 5.4e-11
2020-12-27, 09:58:34, 9.04e-13, 5.42e-11
2020-12-27, 09:58:38, 9.24e-13, 5.41e-11
2020-12-27, 09:58:42, 9.51e-13, 5.42e-11
2020-12-27, 09:58:47, 9.47e-13, 5.4e-11
2020-12-27, 09:58:51, 9.16e-13, 5.41e-11
2020-12-27, 09:58:55, 8.67e-13, 5.38e-11
2020-12-27, 09:58:59, 9.91e-13, 5.38e-11
2020-12-27, 09:59:03, 9.07e-13, 5.4e-11
2020-12-27, 09:59:08, 9.54e-13, 5.4e-11
2020-12-27, 09:59:12, 9.52e-13, 5.38e-11
2020-12-27, 09:59:16, 9.11e-13, 5.38e-11
2020-12-27, 09:59:20, 9.3e-13, 5.38e-11
2020-12-27, 09:59:25, 9.5e-13, 5.41e-11
2020-12-27, 09:59:29, 9.46e-13, 5.42e-11
2020-12-27, 09:59:33, 7.44e-13, 5.44e-11
2020-12-27, 09:59:37, 9.4e-13, 5.41e-11
2020-12-27, 09:59:41, 9.09e-13, 5.43e-11
2020-12-27, 09:59:46, 9.74e-13, 5.38e-11
2020-12-27, 09:59:50, 8.69e-13, 5.4e-11
2020-12-27, 09:59:54, 8.35e-13, 5.42e-11
2020-12-27, 09:59:58, 9.13e-13, 5.38e-11
2020-12-27, 10:00:03, 9.95e-13, 5.39e-11
2020-12-27, 10:00:07, 9.44e-13, 5.4e-11
2020-12-27, 10:00:11, 9.78e-13, 5.39e-11
2020-12-27, 10:00:15, 8.97e-13, 5.42e-11
2020-12-27, 10:00:19, 9.15e-13, 5.37e-11
2020-12-27, 10:00:24, 8.98e-13, 5.39e-11
2020-12-27, 10:00:28, 9.09e-13, 5.4e-11
2020-12-27, 10:00:32, 9.58e-13, 5.42e-11
2020-12-27, 10:00:36, 9.14e-13, 5.38e-11
2020-12-27, 10:00:41, 9.1e-13, 5.38e-11
2020-12-27, 10:00:45, 8.04e-13, 5.39e-11
2020-12-27, 10:00:49, 9.42e-13, 5.39e-11
2020-12-27, 10:00:53, 9.1e-13, 5.37e-11
2020-12-27, 10:00:57, 8.94e-13, 5.36e-11
2020-12-27, 10:01:02, 9.41e-13, 5.4e-11
2020-12-27, 10:01:06, 9.03e-13, 5.39e-11
2020-12-27, 10:01:10, 9.37e-13, 5.4e-11
2020-12-27, 10:01:14, 9.29e-13, 5.39e-11
2020-12-27, 10:01:19, 8.97e-13, 5.4e-11
2020-12-27, 10:01:23, 8.99e-13, 5.37e-11
2020-12-27, 10:01:27, 9.48e-13, 5.37e-11
2020-12-27, 10:01:31, 9.9e-13, 5.39e-11
2020-12-27, 10:01:35, 9.12e-13, 5.38e-11
2020-12-27, 10:01:40, 9.39e-13, 5.39e-11
2020-12-27, 10:01:44, 8.46e-13, 5.39e-11
2020-12-27, 10:01:48, 9.45e-13, 5.41e-11
2020-12-27, 10:01:52, 9.27e-13, 5.42e-11
2020-12-27, 10:01:57, 9.32e-13, 5.41e-11
2020-12-27, 10:02:01, 9.35e-13, 5.42e-11
2020-12-27, 10:02:05, 9.8e-13, 5.4e-11
2020-12-27, 10:02:09, 8.94e-13, 5.4e-11
2020-12-27, 10:02:13, 9.5e-13, 5.4e-11
2020-12-27, 10:02:18, 9.03e-13, 5.41e-11
2020-12-27, 10:02:22, 8.69e-13, 5.42e-11
2020-12-27, 10:02:26, 9.29e-13, 5.4e-11
2020-12-27, 10:02:30, 9.25e-13, 5.38e-11
2020-12-27, 10:02:34, 9.21e-13, 5.36e-11
2020-12-27, 10:02:39, 9.41e-13, 5.37e-11
2020-12-27, 10:02:43, 8.84e-13, 5.38e-11
2020-12-27, 10:02:47, 8.92e-13, 5.38e-11
2020-12-27, 10:02:51, 9.48e-13, 5.37e-11
2020-12-27, 10:02:56, 9.46e-13, 5.36e-11
2020-12-27, 10:03:00, 9.31e-13, 5.37e-11
2020-12-27, 10:03:04, 8.79e-13, 5.36e-11
2020-12-27, 10:03:08, 9.63e-13, 5.38e-11
2020-12-27, 10:03:12, 9.53e-13, 5.38e-11
2020-12-27, 10:03:17, 8.47e-13, 5.41e-11
2020-12-27, 10:03:21, 9.1e-13, 5.41e-11
2020-12-27, 10:03:25, 9.73e-13, 5.4e-11
2020-12-27, 10:03:29, 9.22e-13, 5.36e-11
2020-12-27, 10:03:34, 8.5e-13, 5.37e-11
2020-12-27, 10:03:38, 9.28e-13, 5.37e-11
2020-12-27, 10:03:42, 8.95e-13, 5.38e-11
2020-12-27, 10:03:46, 8.46e-13, 5.39e-11
2020-12-27, 10:03:50, 9.47e-13, 5.39e-11
2020-12-27, 10:03:55, 9.41e-13, 5.41e-11
2020-12-27, 10:03:59, 9.25e-13, 5.41e-11
2020-12-27, 10:04:03, 9.08e-13, 5.39e-11
2020-12-27, 10:04:07, 9.22e-13, 5.43e-11
2020-12-27, 10:04:12, 9.3e-13, 5.42e-11
2020-12-27, 10:04:16, 9.49e-13, 5.41e-11
2020-12-27, 10:04:20, 9.23e-13, 5.42e-11
2020-12-27, 10:04:24, 1.03e-12, 5.36e-11
2020-12-27, 10:04:28, 9.04e-13, 5.39e-11
2020-12-27, 10:04:33, 9.8e-13, 5.39e-11
2020-12-27, 10:04:37, 9.88e-13, 5.39e-11
2020-12-27, 10:04:41, 9.29e-13, 5.41e-11
2020-12-27, 10:04:45, 9.41e-13, 5.42e-11
2020-12-27, 10:04:50, 8.91e-13, 5.39e-11
2020-12-27, 10:04:54, 9.46e-13, 5.4e-11
2020-12-27, 10:04:58, 9.06e-13, 5.39e-11
2020-12-27, 10:05:02, 9.31e-13, 5.39e-11
2020-12-27, 10:05:06, 9.31e-13, 5.4e-11
2020-12-27, 10:05:11, 9e-13, 5.4e-11
2020-12-27, 10:05:15, 8.79e-13, 5.38e-11
2020-12-27, 10:05:19, 1e-12, 5.38e-11
2020-12-27, 10:05:23, 9.26e-13, 5.33e-11
2020-12-27, 10:05:28, 9.16e-13, 5.38e-11
2020-12-27, 10:05:32, 9.5e-13, 5.36e-11
2020-12-27, 10:05:36, 9.32e-13, 5.35e-11
2020-12-27, 10:05:40, 9.03e-13, 5.37e-11
2020-12-27, 10:05:44, 8.74e-13, 5.37e-11
2020-12-27, 10:05:49, 8.96e-13, 5.39e-11
2020-12-27, 10:05:53, 8.65e-13, 5.41e-11
2020-12-27, 10:05:57, 9.42e-13, 5.37e-11
2020-12-27, 10:06:01, 9.28e-13, 5.39e-11
2020-12-27, 10:06:06, 9.55e-13, 5.39e-11
2020-12-27, 10:06:10, 9.53e-13, 5.39e-11
2020-12-27, 10:06:14, 9.37e-13, 5.4e-11
2020-12-27, 10:06:18, 9.65e-13, 5.4e-11
2020-12-27, 10:06:22, 9.29e-13, 5.37e-11
2020-12-27, 10:06:27, 9.35e-13, 5.36e-11
2020-12-27, 10:06:31, 9.57e-13, 5.38e-11
2020-12-27, 10:06:35, 9.35e-13, 5.39e-11
2020-12-27, 10:06:39, 9.23e-13, 5.38e-11
2020-12-27, 10:06:43, 9.39e-13, 5.4e-11
2020-12-27, 10:06:48, 9.84e-13, 5.4e-11
2020-12-27, 10:06:52, 9.56e-13, 5.4e-11
2020-12-27, 10:06:56, 1.01e-12, 5.41e-11
2020-12-27, 10:07:00, 9.64e-13, 5.39e-11
2020-12-27, 10:07:05, 1.02e-12, 5.39e-11
2020-12-27, 10:07:09, 9.32e-13, 5.4e-11
2020-12-27, 10:07:13, 8.37e-13, 5.41e-11
2020-12-27, 10:07:17, 9.59e-13, 5.42e-11
2020-12-27, 10:07:21, 8.78e-13, 5.4e-11
2020-12-27, 10:07:26, 9.33e-13, 5.41e-11
2020-12-27, 10:07:30, 9.22e-13, 5.4e-11
2020-12-27, 10:07:34, 1.01e-12, 5.39e-11
2020-12-27, 10:07:38, 8.67e-13, 5.39e-11
2020-12-27, 10:07:43, 9.42e-13, 5.39e-11
2020-12-27, 10:07:47, 9.1e-13, 5.38e-11
2020-12-27, 10:07:51, 9.25e-13, 5.39e-11
2020-12-27, 10:07:55, 9.3e-13, 5.4e-11
2020-12-27, 10:07:59, 8.93e-13, 5.39e-11
2020-12-27, 10:08:04, 8.92e-13, 5.41e-11
2020-12-27, 10:08:08, 9.64e-13, 5.39e-11
2020-12-27, 10:08:12, 9.46e-13, 5.4e-11
2020-12-27, 10:08:16, 8.8e-13, 5.41e-11
2020-12-27, 10:08:21, 8.89e-13, 5.43e-11
2020-12-27, 10:08:25, 9.41e-13, 5.42e-11
2020-12-27, 10:08:29, 9.98e-13, 5.43e-11
2020-12-27, 10:08:33, 1.01e-12, 5.41e-11
2020-12-27, 10:08:37, 9.38e-13, 5.4e-11
2020-12-27, 10:08:42, 8.96e-13, 5.4e-11
2020-12-27, 10:08:46, 9.98e-13, 5.42e-11
2020-12-27, 10:08:50, 9.93e-13, 5.4e-11
2020-12-27, 10:08:54, 9.53e-13, 5.4e-11
2020-12-27, 10:08:59, 9.62e-13, 5.4e-11
2020-12-27, 10:09:03, 9.57e-13, 5.4e-11
2020-12-27, 10:09:07, 9.08e-13, 5.42e-11
2020-12-27, 10:09:11, 9.57e-13, 5.42e-11
2020-12-27, 10:09:15, 9.17e-13, 5.4e-11
2020-12-27, 10:09:20, 9.06e-13, 5.39e-11
2020-12-27, 10:09:24, 1.06e-12, 5.39e-11
2020-12-27, 10:09:28, 9.44e-13, 5.38e-11
2020-12-27, 10:09:32, 1.01e-12, 5.41e-11
2020-12-27, 10:09:37, 8.61e-13, 5.39e-11
2020-12-27, 10:09:41, 9.89e-13, 5.42e-11
2020-12-27, 10:09:45, 8.93e-13, 5.44e-11
2020-12-27, 10:09:49, 9.35e-13, 5.41e-11
2020-12-27, 10:09:53, 9.55e-13, 5.43e-11
2020-12-27, 10:09:58, 9.43e-13, 5.41e-11
2020-12-27, 10:10:02, 9.48e-13, 5.41e-11
2020-12-27, 10:10:06, 9.45e-13, 5.41e-11
2020-12-27, 10:10:10, 9.47e-13, 5.41e-11
2020-12-27, 10:10:14, 9.64e-13, 5.39e-11
2020-12-27, 10:10:19, 9.39e-13, 5.39e-11
2020-12-27, 10:10:23, 9.79e-13, 5.42e-11
2020-12-27, 10:10:27, 7.85e-13, 5.44e-11
2020-12-27, 10:10:31, 9.38e-13, 5.43e-11
2020-12-27, 10:10:36, 9.41e-13, 5.43e-11
2020-12-27, 10:10:40, 9.15e-13, 5.41e-11
2020-12-27, 10:10:44, 9.48e-13, 5.4e-11
2020-12-27, 10:10:48, 9.06e-13, 5.42e-11
2020-12-27, 10:10:52, 9.24e-13, 5.41e-11
2020-12-27, 10:10:57, 9.14e-13, 5.41e-11
2020-12-27, 10:11:01, 8.62e-13, 5.41e-11
2020-12-27, 10:11:05, 8.97e-13, 5.37e-11
2020-12-27, 10:11:09, 1.07e-12, 5.41e-11
2020-12-27, 10:11:14, 8.28e-13, 5.39e-11
2020-12-27, 10:11:18, 8.78e-13, 5.42e-11
2020-12-27, 10:11:22, 9.11e-13, 5.38e-11
2020-12-27, 10:11:26, 1.04e-12, 5.38e-11
2020-12-27, 10:11:30, 9.85e-13, 5.37e-11
2020-12-27, 10:11:35, 8.59e-13, 5.38e-11
2020-12-27, 10:11:39, 9.7e-13, 5.39e-11
2020-12-27, 10:11:43, 9.23e-13, 5.38e-11
2020-12-27, 10:11:47, 9.89e-13, 5.4e-11
2020-12-27, 10:11:52, 9.54e-13, 5.39e-11
2020-12-27, 10:11:56, 8.75e-13, 5.39e-11
2020-12-27, 10:12:00, 9.66e-13, 5.39e-11
2020-12-27, 10:12:04, 8.84e-13, 5.39e-11
2020-12-27, 10:12:08, 1.01e-12, 5.4e-11
2020-12-27, 10:12:13, 8.97e-13, 5.41e-11
2020-12-27, 10:12:17, 8.66e-13, 5.41e-11
2020-12-27, 10:12:21, 9.47e-13, 5.4e-11
2020-12-27, 10:12:25, 9.12e-13, 5.39e-11
2020-12-27, 10:12:30, 8.71e-13, 5.41e-11
2020-12-27, 10:12:34, 9.14e-13, 5.4e-11
2020-12-27, 10:12:38, 8.79e-13, 5.4e-11
2020-12-27, 10:12:42, 9.31e-13, 5.39e-11
2020-12-27, 10:12:46, 8.85e-13, 5.4e-11
2020-12-27, 10:12:51, 9.15e-13, 5.41e-11
2020-12-27, 10:12:55, 8.86e-13, 5.4e-11
2020-12-27, 10:12:59, 9.15e-13, 5.42e-11
2020-12-27, 10:13:03, 8.91e-13, 5.39e-11
2020-12-27, 10:13:08, 9.84e-13, 5.39e-11
2020-12-27, 10:13:12, 9.08e-13, 5.43e-11
2020-12-27, 10:13:16, 9.72e-13, 5.4e-11
2020-12-27, 10:13:20, 9.38e-13, 5.42e-11
2020-12-27, 10:13:24, 9.02e-13, 5.42e-11
2020-12-27, 10:13:29, 1e-12, 5.43e-11
2020-12-27, 10:13:33, 8.96e-13, 5.43e-11
2020-12-27, 10:13:37, 1e-12, 5.43e-11
2020-12-27, 10:13:41, 9.31e-13, 5.42e-11
2020-12-27, 10:13:46, 8.53e-13, 5.45e-11
2020-12-27, 10:13:50, 9.25e-13, 5.41e-11
2020-12-27, 10:13:54, 8.6e-13, 5.41e-11
2020-12-27, 10:13:58, 8.9e-13, 5.43e-11
2020-12-27, 10:14:02, 7.99e-13, 5.43e-11
2020-12-27, 10:14:07, 9.25e-13, 5.39e-11
2020-12-27, 10:14:11, 9.05e-13, 5.4e-11
2020-12-27, 10:14:15, 9.09e-13, 5.4e-11
2020-12-27, 10:14:19, 9.9e-13, 5.38e-11
2020-12-27, 10:14:24, 9.08e-13, 5.39e-11
2020-12-27, 10:14:28, 9.3e-13, 5.43e-11
2020-12-27, 10:14:32, 8.98e-13, 5.4e-11
2020-12-27, 10:14:36, 9.73e-13, 5.43e-11
2020-12-27, 10:14:40, 8.8e-13, 5.42e-11
2020-12-27, 10:14:45, 9.63e-13, 5.41e-11
2020-12-27, 10:14:49, 9.71e-13, 5.4e-11
2020-12-27, 10:14:53, 9.1e-13, 5.41e-11
2020-12-27, 10:14:57, 8.77e-13, 5.39e-11
2020-12-27, 10:15:02, 9.28e-13, 5.4e-11
2020-12-27, 10:15:06, 8.71e-13, 5.4e-11
2020-12-27, 10:15:10, 9.4e-13, 5.41e-11
2020-12-27, 10:15:14, 8.78e-13, 5.39e-11
2020-12-27, 10:15:18, 8.74e-13, 5.38e-11
2020-12-27, 10:15:23, 8.77e-13, 5.37e-11
2020-12-27, 10:15:27, 9.44e-13, 5.38e-11
2020-12-27, 10:15:31, 9.58e-13, 5.38e-11
2020-12-27, 10:15:35, 8.91e-13, 5.4e-11
2020-12-27, 10:15:40, 9.23e-13, 5.41e-11
2020-12-27, 10:15:44, 8.47e-13, 5.42e-11
2020-12-27, 10:15:48, 8.74e-13, 5.4e-11
2020-12-27, 10:15:52, 9.24e-13, 5.39e-11
2020-12-27, 10:15:56, 1.06e-12, 5.41e-11
2020-12-27, 10:16:01, 9.2e-13, 5.4e-11
2020-12-27, 10:16:05, 9.43e-13, 5.37e-11
2020-12-27, 10:16:09, 9.05e-13, 5.36e-11
2020-12-27, 10:16:13, 8.98e-13, 5.38e-11
2020-12-27, 10:16:18, 9.21e-13, 5.37e-11
2020-12-27, 10:16:22, 1.01e-12, 5.37e-11
2020-12-27, 10:16:26, 9.32e-13, 5.37e-11
2020-12-27, 10:16:30, 9.29e-13, 5.37e-11
2020-12-27, 10:16:34, 1.01e-12, 5.39e-11
2020-12-27, 10:16:39, 9.82e-13, 5.39e-11
2020-12-27, 10:16:43, 9.15e-13, 5.38e-11
2020-12-27, 10:16:47, 8.11e-13, 5.42e-11
2020-12-27, 10:16:51, 9.35e-13, 5.41e-11
2020-12-27, 10:16:56, 9.45e-13, 5.4e-11
2020-12-27, 10:17:00, 9.56e-13, 5.37e-11
2020-12-27, 10:17:04, 9.65e-13, 5.39e-11
2020-12-27, 10:17:08, 9.34e-13, 5.38e-11
2020-12-27, 10:17:12, 8.95e-13, 5.39e-11
2020-12-27, 10:17:17, 8.12e-13, 5.4e-11
2020-12-27, 10:17:21, 8.83e-13, 5.41e-11
2020-12-27, 10:17:25, 9.58e-13, 5.4e-11
2020-12-27, 10:17:29, 9.5e-13, 5.41e-11
2020-12-27, 10:17:33, 9.23e-13, 5.43e-11
2020-12-27, 10:17:38, 9.2e-13, 5.4e-11
2020-12-27, 10:17:42, 9.83e-13, 5.41e-11
2020-12-27, 10:17:46, 9.01e-13, 5.43e-11
2020-12-27, 10:17:50, 1.07e-12, 5.43e-11
2020-12-27, 10:17:55, 9.51e-13, 5.43e-11
2020-12-27, 10:17:59, 1.02e-12, 5.4e-11
2020-12-27, 10:18:03, 9.7e-13, 5.4e-11
2020-12-27, 10:18:07, 9.25e-13, 5.4e-11
2020-12-27, 10:18:11, 9.06e-13, 5.41e-11
2020-12-27, 10:18:16, 8.65e-13, 5.4e-11
2020-12-27, 10:18:20, 9.37e-13, 5.4e-11
2020-12-27, 10:18:24, 8.86e-13, 5.43e-11
2020-12-27, 10:18:28, 9.41e-13, 5.42e-11
2020-12-27, 10:18:33, 9.76e-13, 5.41e-11
2020-12-27, 10:18:37, 9.19e-13, 5.42e-11
2020-12-27, 10:18:41, 8.87e-13, 5.41e-11
2020-12-27, 10:18:45, 9.09e-13, 5.4e-11
2020-12-27, 10:18:49, 1.01e-12, 5.41e-11
2020-12-27, 10:18:54, 9.7e-13, 5.4e-11
2020-12-27, 10:18:58, 9.36e-13, 5.41e-11
2020-12-27, 10:19:02, 9.44e-13, 5.39e-11
2020-12-27, 10:19:06, 9.48e-13, 5.38e-11
2020-12-27, 10:19:11, 8.65e-13, 5.39e-11
2020-12-27, 10:19:15, 8.9e-13, 5.41e-11
2020-12-27, 10:19:19, 9.91e-13, 5.37e-11
2020-12-27, 10:19:23, 9.54e-13, 5.4e-11
2020-12-27, 10:19:27, 9e-13, 5.37e-11
2020-12-27, 10:19:32, 9.28e-13, 5.38e-11
2020-12-27, 10:19:36, 8.63e-13, 5.38e-11
2020-12-27, 10:19:40, 9.4e-13, 5.36e-11
2020-12-27, 10:19:44, 8.75e-13, 5.38e-11
2020-12-27, 10:19:49, 8.7e-13, 5.36e-11
2020-12-27, 10:19:53, 9.75e-13, 5.36e-11
2020-12-27, 10:19:57, 9.36e-13, 5.38e-11
2020-12-27, 10:20:01, 9.33e-13, 5.38e-11
2020-12-27, 10:20:05, 9.32e-13, 5.39e-11
2020-12-27, 10:20:12, 9.44e-13, 5.36e-11
2020-12-27, 10:20:16, 9.58e-13, 5.37e-11
2020-12-27, 10:20:20, 9.28e-13, 5.38e-11
2020-12-27, 10:20:24, 8.78e-13, 5.38e-11
2020-12-27, 10:20:29, 9.05e-13, 5.37e-11
2020-12-27, 10:20:33, 1.01e-12, 5.38e-11
2020-12-27, 10:20:37, 9.7e-13, 5.4e-11
2020-12-27, 10:20:41, 8.88e-13, 5.39e-11
2020-12-27, 10:20:45, 9.16e-13, 5.42e-11
2020-12-27, 10:20:50, 1.06e-12, 5.4e-11
2020-12-27, 10:20:54, 1.03e-12, 5.42e-11
2020-12-27, 10:20:58, 8.45e-13, 5.41e-11
2020-12-27, 10:21:02, 9.53e-13, 5.42e-11
2020-12-27, 10:21:07, 9.66e-13, 5.42e-11
2020-12-27, 10:21:11, 9.87e-13, 5.4e-11
2020-12-27, 10:21:15, 8.83e-13, 5.43e-11
2020-12-27, 10:21:19, 8.88e-13, 5.4e-11
2020-12-27, 10:21:23, 9.46e-13, 5.4e-11
2020-12-27, 10:21:28, 9.32e-13, 5.41e-11
2020-12-27, 10:21:32, 9.42e-13, 5.39e-11
2020-12-27, 10:21:36, 8.95e-13, 5.41e-11
2020-12-27, 10:21:40, 9.01e-13, 5.4e-11
2020-12-27, 10:21:44, 9.12e-13, 5.39e-11
2020-12-27, 10:21:49, 9.42e-13, 5.4e-11
2020-12-27, 10:21:53, 8.96e-13, 5.39e-11
2020-12-27, 10:21:57, 9.7e-13, 5.38e-11
2020-12-27, 10:22:01, 8.15e-13, 5.4e-11
2020-12-27, 10:22:06, 9.25e-13, 5.39e-11
2020-12-27, 10:22:10, 8.24e-13, 5.41e-11
2020-12-27, 10:22:14, 9.5e-13, 5.44e-11
2020-12-27, 10:22:18, 7.76e-13, 5.41e-11
2020-12-27, 10:22:22, 9.59e-13, 5.41e-11
2020-12-27, 10:22:27, 9.34e-13, 5.4e-11
2020-12-27, 10:22:31, 9.25e-13, 5.38e-11
2020-12-27, 10:22:35, 8.86e-13, 5.38e-11
2020-12-27, 10:22:39, 9.27e-13, 5.4e-11
2020-12-27, 10:22:44, 9.56e-13, 5.39e-11
2020-12-27, 10:22:48, 9.01e-13, 5.37e-11
2020-12-27, 10:22:52, 9.28e-13, 5.4e-11
2020-12-27, 10:22:56, 9.4e-13, 5.41e-11
2020-12-27, 10:23:00, 9.64e-13, 5.4e-11
2020-12-27, 10:23:05, 9.5e-13, 5.4e-11
2020-12-27, 10:23:09, 9.15e-13, 5.42e-11
2020-12-27, 10:23:13, 8.95e-13, 5.41e-11
2020-12-27, 10:23:17, 9.34e-13, 5.4e-11
2020-12-27, 10:23:22, 9.09e-13, 5.39e-11
2020-12-27, 10:23:26, 9.54e-13, 5.41e-11
2020-12-27, 10:23:30, 8.89e-13, 5.41e-11
2020-12-27, 10:23:34, 9.09e-13, 5.39e-11
2020-12-27, 10:23:38, 9.37e-13, 5.4e-11
2020-12-27, 10:23:43, 9.09e-13, 5.42e-11
2020-12-27, 10:23:47, 9.52e-13, 5.42e-11
2020-12-27, 10:23:51, 9.18e-13, 5.41e-11
2020-12-27, 10:23:55, 9.67e-13, 5.41e-11
2020-12-27, 10:24:00, 9.81e-13, 5.44e-11
2020-12-27, 10:24:04, 9.37e-13, 5.4e-11
2020-12-27, 10:24:08, 8.93e-13, 5.41e-11
2020-12-27, 10:24:12, 9.55e-13, 5.42e-11
2020-12-27, 10:24:16, 9.76e-13, 5.42e-11
2020-12-27, 10:24:21, 9.32e-13, 5.41e-11
2020-12-27, 10:24:25, 9.36e-13, 5.41e-11
2020-12-27, 10:24:29, 1.04e-12, 5.39e-11
2020-12-27, 10:24:33, 1.07e-12, 5.41e-11
2020-12-27, 10:24:38, 9.09e-13, 5.42e-11
2020-12-27, 10:24:42, 9.08e-13, 5.4e-11
2020-12-27, 10:24:46, 9.61e-13, 5.44e-11
2020-12-27, 10:24:50, 1.01e-12, 5.4e-11
2020-12-27, 10:24:54, 8.87e-13, 5.41e-11
2020-12-27, 10:24:59, 9.1e-13, 5.41e-11
2020-12-27, 10:25:03, 1.08e-12, 5.41e-11
2020-12-27, 10:25:07, 9.07e-13, 5.41e-11
2020-12-27, 10:25:11, 9.44e-13, 5.43e-11
2020-12-27, 10:25:15, 1.03e-12, 5.44e-11
2020-12-27, 10:25:20, 9.04e-13, 5.42e-11
2020-12-27, 10:25:24, 9.66e-13, 5.41e-11
2020-12-27, 10:25:28, 9.37e-13, 5.42e-11
2020-12-27, 10:25:32, 8.69e-13, 5.42e-11
2020-12-27, 10:25:37, 9.35e-13, 5.4e-11
2020-12-27, 10:25:41, 9.14e-13, 5.4e-11
2020-12-27, 10:25:45, 9.52e-13, 5.43e-11
2020-12-27, 10:25:49, 9.89e-13, 5.43e-11
2020-12-27, 10:25:53, 9.31e-13, 5.42e-11
2020-12-27, 10:25:58, 1.11e-12, 5.41e-11
2020-12-27, 10:26:02, 9.04e-13, 5.41e-11
2020-12-27, 10:26:06, 8.84e-13, 5.42e-11
2020-12-27, 10:26:10, 9.24e-13, 5.42e-11
2020-12-27, 10:26:15, 9.84e-13, 5.42e-11
2020-12-27, 10:26:19, 9.15e-13, 5.43e-11
2020-12-27, 10:26:23, 9.22e-13, 5.42e-11
2020-12-27, 10:26:27, 9.07e-13, 5.44e-11
2020-12-27, 10:26:31, 9.43e-13, 5.42e-11
2020-12-27, 10:26:36, 9.39e-13, 5.41e-11
2020-12-27, 10:26:40, 8.28e-13, 5.4e-11
2020-12-27, 10:26:44, 9.7e-13, 5.42e-11
2020-12-27, 10:26:48, 1e-12, 5.41e-11
2020-12-27, 10:26:53, 9.2e-13, 5.39e-11
2020-12-27, 10:26:57, 9.51e-13, 5.41e-11
2020-12-27, 10:27:01, 9.15e-13, 5.37e-11
2020-12-27, 10:27:05, 9.77e-13, 5.38e-11
2020-12-27, 10:27:09, 8.91e-13, 5.39e-11
2020-12-27, 10:27:14, 9.37e-13, 5.39e-11
2020-12-27, 10:27:18, 9.36e-13, 5.41e-11
2020-12-27, 10:27:22, 9.27e-13, 5.41e-11
2020-12-27, 10:27:26, 8.85e-13, 5.43e-11
2020-12-27, 10:27:31, 8.97e-13, 5.41e-11
2020-12-27, 10:27:35, 1.03e-12, 5.41e-11
2020-12-27, 10:27:39, 9.9e-13, 5.43e-11
2020-12-27, 10:27:43, 9.67e-13, 5.43e-11
2020-12-27, 10:27:47, 9.02e-13, 5.42e-11
2020-12-27, 10:27:52, 9.81e-13, 5.42e-11
2020-12-27, 10:27:56, 9.39e-13, 5.42e-11
2020-12-27, 10:28:00, 9.78e-13, 5.42e-11
2020-12-27, 10:28:04, 9.45e-13, 5.42e-11
2020-12-27, 10:28:09, 9.78e-13, 5.42e-11
2020-12-27, 10:28:13, 9.33e-13, 5.38e-11
2020-12-27, 10:28:17, 9.74e-13, 5.4e-11
2020-12-27, 10:28:21, 9.18e-13, 5.41e-11
2020-12-27, 10:28:25, 9.31e-13, 5.42e-11
2020-12-27, 10:28:30, 8.92e-13, 5.4e-11
2020-12-27, 10:28:34, 9.41e-13, 5.39e-11
2020-12-27, 10:28:38, 8.73e-13, 5.41e-11
2020-12-27, 10:28:42, 9.42e-13, 5.39e-11
2020-12-27, 10:28:47, 9.67e-13, 5.41e-11
2020-12-27, 10:28:51, 1.06e-12, 5.41e-11
2020-12-27, 10:28:55, 9.25e-13, 5.41e-11
2020-12-27, 10:28:59, 9.04e-13, 5.45e-11
2020-12-27, 10:29:03, 9.89e-13, 5.4e-11
2020-12-27, 10:29:08, 8.84e-13, 5.42e-11
2020-12-27, 10:29:12, 9.39e-13, 5.41e-11
2020-12-27, 10:29:16, 9.37e-13, 5.42e-11
2020-12-27, 10:29:20, 9.52e-13, 5.43e-11
2020-12-27, 10:29:25, 9.4e-13, 5.41e-11
2020-12-27, 10:29:29, 9.58e-13, 5.41e-11
2020-12-27, 10:29:33, 9.72e-13, 5.41e-11
2020-12-27, 10:29:37, 9.28e-13, 5.38e-11
2020-12-27, 10:29:41, 9.44e-13, 5.39e-11
2020-12-27, 10:29:46, 8.91e-13, 5.4e-11
2020-12-27, 10:29:50, 9.41e-13, 5.39e-11
2020-12-27, 10:29:54, 9.25e-13, 5.4e-11
2020-12-27, 10:29:58, 9.62e-13, 5.41e-11
2020-12-27, 10:30:03, 9.22e-13, 5.39e-11
2020-12-27, 10:30:07, 9.2e-13, 5.38e-11
2020-12-27, 10:30:11, 9.62e-13, 5.4e-11
2020-12-27, 10:30:15, 8.81e-13, 5.39e-11
2020-12-27, 10:30:19, 9.38e-13, 5.41e-11
2020-12-27, 10:30:24, 9.55e-13, 5.4e-11
2020-12-27, 10:30:28, 8.72e-13, 5.41e-11
2020-12-27, 10:30:32, 9.38e-13, 5.38e-11
2020-12-27, 10:30:36, 9.07e-13, 5.39e-11
2020-12-27, 10:30:40, 1.04e-12, 5.42e-11
2020-12-27, 10:30:45, 9.26e-13, 5.4e-11
2020-12-27, 10:30:49, 8.7e-13, 5.39e-11
2020-12-27, 10:30:53, 8.31e-13, 5.4e-11
2020-12-27, 10:30:57, 9.37e-13, 5.38e-11
2020-12-27, 10:31:02, 9.43e-13, 5.39e-11
2020-12-27, 10:31:06, 9.53e-13, 5.41e-11
2020-12-27, 10:31:10, 8.81e-13, 5.42e-11
2020-12-27, 10:31:14, 9.88e-13, 5.4e-11
2020-12-27, 10:31:18, 9.43e-13, 5.38e-11
2020-12-27, 10:31:23, 9.15e-13, 5.41e-11
2020-12-27, 10:31:27, 8.73e-13, 5.39e-11
2020-12-27, 10:31:31, 8.74e-13, 5.41e-11
2020-12-27, 10:31:35, 9.69e-13, 5.42e-11
2020-12-27, 10:31:40, 9.58e-13, 5.39e-11
2020-12-27, 10:31:44, 8.8e-13, 5.4e-11
2020-12-27, 10:31:48, 9.78e-13, 5.41e-11
2020-12-27, 10:31:52, 9.09e-13, 5.4e-11
2020-12-27, 10:31:56, 9.03e-13, 5.39e-11
2020-12-27, 10:32:01, 9.72e-13, 5.4e-11
2020-12-27, 10:32:05, 9.58e-13, 5.41e-11
2020-12-27, 10:32:09, 9.64e-13, 5.39e-11
2020-12-27, 10:32:13, 9.6e-13, 5.41e-11
2020-12-27, 10:32:18, 9.11e-13, 5.4e-11
2020-12-27, 10:32:22, 9.37e-13, 5.4e-11
2020-12-27, 10:32:26, 8.99e-13, 5.39e-11
2020-12-27, 10:32:30, 8.92e-13, 5.39e-11
2020-12-27, 10:32:34, 9.92e-13, 5.39e-11
2020-12-27, 10:32:39, 9.27e-13, 5.41e-11
2020-12-27, 10:32:43, 1.1e-12, 5.42e-11
2020-12-27, 10:32:47, 8.78e-13, 5.4e-11
2020-12-27, 10:32:51, 9.25e-13, 5.4e-11
2020-12-27, 10:32:56, 8.9e-13, 5.37e-11
2020-12-27, 10:33:00, 9.92e-13, 5.39e-11
2020-12-27, 10:33:04, 9.81e-13, 5.41e-11
2020-12-27, 10:33:08, 9.79e-13, 5.41e-11
2020-12-27, 10:33:12, 9.27e-13, 5.42e-11
2020-12-27, 10:33:17, 9.51e-13, 5.42e-11
2020-12-27, 10:33:21, 9.45e-13, 5.38e-11
2020-12-27, 10:33:25, 8.99e-13, 5.38e-11
2020-12-27, 10:33:29, 9.26e-13, 5.37e-11
2020-12-27, 10:33:34, 9.6e-13, 5.39e-11
2020-12-27, 10:33:38, 9.46e-13, 5.39e-11
2020-12-27, 10:33:42, 9.37e-13, 5.37e-11
2020-12-27, 10:33:46, 9.18e-13, 5.38e-11
2020-12-27, 10:33:50, 9.02e-13, 5.39e-11
2020-12-27, 10:33:55, 9.56e-13, 5.4e-11
2020-12-27, 10:33:59, 9.6e-13, 5.38e-11
2020-12-27, 10:34:03, 8.72e-13, 5.41e-11
2020-12-27, 10:34:07, 9.92e-13, 5.39e-11
2020-12-27, 10:34:12, 9.87e-13, 5.41e-11
2020-12-27, 10:34:16, 9.41e-13, 5.39e-11
2020-12-27, 10:34:20, 9.64e-13, 5.42e-11
2020-12-27, 10:34:24, 9.58e-13, 5.4e-11
2020-12-27, 10:34:28, 9.57e-13, 5.39e-11
2020-12-27, 10:34:33, 8.36e-13, 5.39e-11
2020-12-27, 10:34:37, 9.93e-13, 5.39e-11
2020-12-27, 10:34:41, 9.66e-13, 5.41e-11
2020-12-27, 10:34:45, 9.13e-13, 5.37e-11
2020-12-27, 10:34:49, 8.79e-13, 5.39e-11
2020-12-27, 10:34:54, 9.89e-13, 5.4e-11
2020-12-27, 10:34:58, 9.34e-13, 5.41e-11
2020-12-27, 10:35:02, 9.43e-13, 5.42e-11
2020-12-27, 10:35:06, 7.77e-13, 5.41e-11
2020-12-27, 10:35:11, 9.39e-13, 5.41e-11
2020-12-27, 10:35:15, 9.35e-13, 5.42e-11
2020-12-27, 10:35:19, 9.89e-13, 5.39e-11
2020-12-27, 10:35:23, 9.46e-13, 5.37e-11
2020-12-27, 10:35:27, 9.19e-13, 5.4e-11
2020-12-27, 10:35:32, 8.4e-13, 5.39e-11
2020-12-27, 10:35:36, 9.08e-13, 5.41e-11
2020-12-27, 10:35:40, 8.8e-13, 5.37e-11
2020-12-27, 10:35:44, 9.54e-13, 5.42e-11
2020-12-27, 10:35:49, 9.28e-13, 5.41e-11
2020-12-27, 10:35:53, 9.21e-13, 5.39e-11
2020-12-27, 10:35:57, 9.14e-13, 5.42e-11
2020-12-27, 10:36:01, 9.52e-13, 5.43e-11
2020-12-27, 10:36:05, 9.6e-13, 5.39e-11
2020-12-27, 10:36:10, 8.48e-13, 5.39e-11
2020-12-27, 10:36:14, 9.45e-13, 5.42e-11
2020-12-27, 10:36:18, 8.97e-13, 5.39e-11
2020-12-27, 10:36:22, 9.86e-13, 5.4e-11
2020-12-27, 10:36:27, 8.94e-13, 5.38e-11
2020-12-27, 10:36:31, 8.83e-13, 5.4e-11
2020-12-27, 10:36:35, 9.38e-13, 5.43e-11
2020-12-27, 10:36:39, 9.56e-13, 5.37e-11
2020-12-27, 10:36:43, 9.07e-13, 5.39e-11
2020-12-27, 10:36:48, 9.4e-13, 5.41e-11
2020-12-27, 10:36:52, 8.76e-13, 5.39e-11
2020-12-27, 10:36:56, 9.52e-13, 5.4e-11
2020-12-27, 10:37:00, 1.02e-12, 5.39e-11
2020-12-27, 10:37:05, 8.48e-13, 5.4e-11
2020-12-27, 10:37:09, 9.35e-13, 5.39e-11
2020-12-27, 10:37:13, 9.02e-13, 5.4e-11
2020-12-27, 10:37:17, 8.86e-13, 5.36e-11
2020-12-27, 10:37:21, 9.22e-13, 5.39e-11
2020-12-27, 10:37:26, 8.9e-13, 5.38e-11
2020-12-27, 10:37:30, 9.4e-13, 5.37e-11
2020-12-27, 10:37:34, 9.48e-13, 5.38e-11
2020-12-27, 10:37:38, 9.36e-13, 5.39e-11
2020-12-27, 10:37:43, 9.09e-13, 5.38e-11
2020-12-27, 10:37:47, 9.09e-13, 5.4e-11
2020-12-27, 10:37:51, 8.67e-13, 5.37e-11
2020-12-27, 10:37:55, 9.71e-13, 5.39e-11
2020-12-27, 10:37:59, 9.43e-13, 5.38e-11
2020-12-27, 10:38:04, 9.47e-13, 5.36e-11
2020-12-27, 10:38:08, 9.28e-13, 5.39e-11
2020-12-27, 10:38:12, 9.48e-13, 5.37e-11
2020-12-27, 10:38:16, 8.8e-13, 5.4e-11
2020-12-27, 10:38:20, 1.01e-12, 5.42e-11
2020-12-27, 10:38:25, 9.08e-13, 5.41e-11
2020-12-27, 10:38:29, 9.54e-13, 5.45e-11
2020-12-27, 10:38:33, 9.76e-13, 5.43e-11
2020-12-27, 10:38:37, 8.79e-13, 5.42e-11
2020-12-27, 10:38:42, 9.23e-13, 5.41e-11
2020-12-27, 10:38:46, 9.57e-13, 5.43e-11
2020-12-27, 10:38:50, 1.01e-12, 5.42e-11
2020-12-27, 10:38:54, 9.61e-13, 5.41e-11
2020-12-27, 10:38:58, 9.45e-13, 5.41e-11
2020-12-27, 10:39:03, 9.69e-13, 5.42e-11
2020-12-27, 10:39:07, 9.79e-13, 5.44e-11
2020-12-27, 10:39:11, 9e-13, 5.41e-11
2020-12-27, 10:39:15, 9.62e-13, 5.42e-11
2020-12-27, 10:39:20, 9.46e-13, 5.42e-11
2020-12-27, 10:39:24, 8.7e-13, 5.41e-11
2020-12-27, 10:39:28, 8.9e-13, 5.43e-11
2020-12-27, 10:39:32, 9.32e-13, 5.43e-11
2020-12-27, 10:39:36, 9.54e-13, 5.41e-11
2020-12-27, 10:39:41, 9.9e-13, 5.41e-11
2020-12-27, 10:39:45, 9.12e-13, 5.4e-11
2020-12-27, 10:39:49, 9.26e-13, 5.39e-11
2020-12-27, 10:39:53, 9.4e-13, 5.4e-11
2020-12-27, 10:39:58, 9.29e-13, 5.41e-11
2020-12-27, 10:40:02, 9.42e-13, 5.4e-11
2020-12-27, 10:40:06, 9.13e-13, 5.4e-11
2020-12-27, 10:40:10, 9.11e-13, 5.44e-11
2020-12-27, 10:40:14, 9.7e-13, 5.4e-11
2020-12-27, 10:40:19, 9.18e-13, 5.42e-11
2020-12-27, 10:40:23, 8.9e-13, 5.43e-11
2020-12-27, 10:40:27, 9.93e-13, 5.41e-11
2020-12-27, 10:40:31, 9.2e-13, 5.42e-11
2020-12-27, 10:40:36, 9.46e-13, 5.46e-11
2020-12-27, 10:40:40, 1.1e-12, 5.41e-11
2020-12-27, 10:40:44, 9.27e-13, 5.42e-11
2020-12-27, 10:40:48, 9.62e-13, 5.43e-11
2020-12-27, 10:40:52, 8.78e-13, 5.41e-11
2020-12-27, 10:40:57, 9.58e-13, 5.42e-11
2020-12-27, 10:41:01, 9.25e-13, 5.45e-11
2020-12-27, 10:41:05, 9.59e-13, 5.44e-11
2020-12-27, 10:41:09, 9.38e-13, 5.43e-11
2020-12-27, 10:41:14, 9.07e-13, 5.44e-11
2020-12-27, 10:41:18, 9.12e-13, 5.44e-11
2020-12-27, 10:41:22, 9.66e-13, 5.43e-11
2020-12-27, 10:41:26, 9.26e-13, 5.48e-11
2020-12-27, 10:41:30, 8.96e-13, 5.45e-11
2020-12-27, 10:41:35, 9.39e-13, 5.43e-11
2020-12-27, 10:41:39, 9.26e-13, 5.42e-11
2020-12-27, 10:41:43, 9.22e-13, 5.39e-11
2020-12-27, 10:41:47, 9.02e-13, 5.42e-11
2020-12-27, 10:41:52, 8.76e-13, 5.41e-11
2020-12-27, 10:41:56, 1.15e-12, 5.44e-11
2020-12-27, 10:42:00, 9.34e-13, 5.47e-11
2020-12-27, 10:42:04, 9.66e-13, 5.42e-11
2020-12-27, 10:42:08, 1.03e-12, 5.43e-11
2020-12-27, 10:42:13, 9.99e-13, 5.45e-11
2020-12-27, 10:42:17, 9.19e-13, 5.41e-11
2020-12-27, 10:42:21, 9.37e-13, 5.42e-11
2020-12-27, 10:42:25, 9.02e-13, 5.43e-11
2020-12-27, 10:42:30, 8.75e-13, 5.44e-11
2020-12-27, 10:42:34, 8.76e-13, 5.43e-11
2020-12-27, 10:42:38, 9.69e-13, 5.43e-11
2020-12-27, 10:42:42, 9.47e-13, 5.44e-11
2020-12-27, 10:42:46, 9.59e-13, 5.42e-11
2020-12-27, 10:42:51, 8.35e-13, 5.42e-11
2020-12-27, 10:42:55, 9.42e-13, 5.46e-11
2020-12-27, 10:42:59, 7.7e-13, 5.46e-11
2020-12-27, 10:43:03, 9.19e-13, 5.42e-11
2020-12-27, 10:43:08, 9.08e-13, 5.43e-11
2020-12-27, 10:43:12, 9.62e-13, 5.41e-11
2020-12-27, 10:43:16, 9.07e-13, 5.44e-11
2020-12-27, 10:43:20, 9e-13, 5.41e-11
2020-12-27, 10:43:24, 9.45e-13, 5.41e-11
2020-12-27, 10:43:29, 9.09e-13, 5.42e-11
2020-12-27, 10:43:33, 9.08e-13, 5.41e-11
2020-12-27, 10:43:37, 1.05e-12, 5.4e-11
2020-12-27, 10:43:41, 1e-12, 5.4e-11
2020-12-27, 10:43:46, 9.39e-13, 5.39e-11
2020-12-27, 10:43:50, 9.29e-13, 5.4e-11
2020-12-27, 10:43:54, 9.92e-13, 5.39e-11
2020-12-27, 10:43:58, 9.24e-13, 5.41e-11
2020-12-27, 10:44:02, 9.58e-13, 5.4e-11
2020-12-27, 10:44:07, 9.85e-13, 5.4e-11
2020-12-27, 10:44:11, 8.89e-13, 5.4e-11
2020-12-27, 10:44:15, 9.33e-13, 5.41e-11
2020-12-27, 10:44:19, 9.41e-13, 5.41e-11
2020-12-27, 10:44:24, 9.11e-13, 5.43e-11
2020-12-27, 10:44:28, 9.72e-13, 5.41e-11
2020-12-27, 10:44:32, 8.91e-13, 5.45e-11
2020-12-27, 10:44:36, 9.43e-13, 5.43e-11
2020-12-27, 10:44:40, 9.34e-13, 5.4e-11
2020-12-27, 10:44:45, 1.11e-12, 5.39e-11
2020-12-27, 10:44:49, 8.47e-13, 5.41e-11
2020-12-27, 10:44:53, 9.68e-13, 5.4e-11
2020-12-27, 10:44:57, 9.95e-13, 5.39e-11
2020-12-27, 10:45:01, 9.47e-13, 5.41e-11
2020-12-27, 10:45:06, 9.72e-13, 5.38e-11
2020-12-27, 10:45:10, 9.58e-13, 5.4e-11
2020-12-27, 10:45:14, 9.41e-13, 5.39e-11
2020-12-27, 10:45:18, 9.39e-13, 5.42e-11
2020-12-27, 10:45:23, 9e-13, 5.4e-11
2020-12-27, 10:45:27, 9.69e-13, 5.43e-11
2020-12-27, 10:45:31, 9.46e-13, 5.4e-11
2020-12-27, 10:45:35, 8.8e-13, 5.4e-11
2020-12-27, 10:45:39, 9.3e-13, 5.39e-11
2020-12-27, 10:45:44, 9.23e-13, 5.41e-11
2020-12-27, 10:45:48, 9.65e-13, 5.4e-11
2020-12-27, 10:45:52, 8.1e-13, 5.4e-11
2020-12-27, 10:45:56, 9.22e-13, 5.42e-11
2020-12-27, 10:46:01, 8.86e-13, 5.39e-11
2020-12-27, 10:46:05, 8.65e-13, 5.39e-11
2020-12-27, 10:46:09, 9.73e-13, 5.42e-11
2020-12-27, 10:46:13, 9.94e-13, 5.4e-11
2020-12-27, 10:46:17, 9.49e-13, 5.43e-11
2020-12-27, 10:46:22, 9.71e-13, 5.41e-11
2020-12-27, 10:46:26, 9.15e-13, 5.43e-11
2020-12-27, 10:46:30, 9.16e-13, 5.4e-11
2020-12-27, 10:46:34, 8.93e-13, 5.46e-11
2020-12-27, 10:46:39, 9.64e-13, 5.42e-11
2020-12-27, 10:46:43, 9.32e-13, 5.4e-11
2020-12-27, 10:46:47, 8.97e-13, 5.42e-11
2020-12-27, 10:46:51, 9.67e-13, 5.43e-11
2020-12-27, 10:46:55, 9.21e-13, 5.42e-11
2020-12-27, 10:47:00, 9.2e-13, 5.41e-11
2020-12-27, 10:47:04, 8.51e-13, 5.42e-11
2020-12-27, 10:47:08, 9.61e-13, 5.38e-11
2020-12-27, 10:47:12, 9.18e-13, 5.4e-11
2020-12-27, 10:47:17, 8.9e-13, 5.4e-11
2020-12-27, 10:47:21, 8.54e-13, 5.43e-11
2020-12-27, 10:47:25, 9.49e-13, 5.41e-11
2020-12-27, 10:47:29, 8.86e-13, 5.46e-11
2020-12-27, 10:47:33, 1.06e-12, 5.41e-11
2020-12-27, 10:47:38, 9.27e-13, 5.42e-11
2020-12-27, 10:47:42, 9.15e-13, 5.4e-11
2020-12-27, 10:47:46, 9.12e-13, 5.39e-11
2020-12-27, 10:47:50, 9.41e-13, 5.43e-11
2020-12-27, 10:47:55, 9.15e-13, 5.44e-11
2020-12-27, 10:47:59, 9.53e-13, 5.44e-11
2020-12-27, 10:48:03, 9.63e-13, 5.45e-11
2020-12-27, 10:48:07, 8.77e-13, 5.42e-11
2020-12-27, 10:48:11, 9.57e-13, 5.42e-11
2020-12-27, 10:48:16, 9.33e-13, 5.43e-11
2020-12-27, 10:48:20, 9.66e-13, 5.45e-11
2020-12-27, 10:48:24, 9.54e-13, 5.42e-11
2020-12-27, 10:48:28, 1.06e-12, 5.43e-11
2020-12-27, 10:48:33, 9.43e-13, 5.45e-11
2020-12-27, 10:48:37, 9.03e-13, 5.42e-11
2020-12-27, 10:48:41, 9.21e-13, 5.41e-11
2020-12-27, 10:48:45, 9.07e-13, 5.43e-11
2020-12-27, 10:48:49, 9.64e-13, 5.42e-11
2020-12-27, 10:48:54, 9.23e-13, 5.41e-11
2020-12-27, 10:48:58, 9.04e-13, 5.41e-11
2020-12-27, 10:49:02, 9.45e-13, 5.41e-11
2020-12-27, 10:49:06, 7.92e-13, 5.38e-11
2020-12-27, 10:49:10, 9.24e-13, 5.39e-11
2020-12-27, 10:49:15, 9.64e-13, 5.38e-11
2020-12-27, 10:49:19, 8.77e-13, 5.39e-11
2020-12-27, 10:49:23, 9.46e-13, 5.4e-11
2020-12-27, 10:49:27, 9.31e-13, 5.43e-11
2020-12-27, 10:49:32, 8.46e-13, 5.43e-11
2020-12-27, 10:49:36, 9.61e-13, 5.41e-11
2020-12-27, 10:49:40, 9.63e-13, 5.43e-11
2020-12-27, 10:49:44, 9.57e-13, 5.4e-11
2020-12-27, 10:49:48, 1.05e-12, 5.39e-11
2020-12-27, 10:49:53, 9.21e-13, 5.43e-11
2020-12-27, 10:49:57, 9.65e-13, 5.39e-11
2020-12-27, 10:50:01, 9.35e-13, 5.44e-11
2020-12-27, 10:50:05, 9.26e-13, 5.41e-11
2020-12-27, 10:50:10, 8.25e-13, 5.41e-11
2020-12-27, 10:50:14, 9.85e-13, 5.41e-11
2020-12-27, 10:50:18, 1.09e-12, 5.42e-11
2020-12-27, 10:50:22, 8.87e-13, 5.41e-11
2020-12-27, 10:50:26, 9.3e-13, 5.41e-11
2020-12-27, 10:50:31, 9.32e-13, 5.45e-11
2020-12-27, 10:50:35, 1e-12, 5.42e-11
2020-12-27, 10:50:39, 9.75e-13, 5.41e-11
2020-12-27, 10:50:43, 9.35e-13, 5.4e-11
2020-12-27, 10:50:48, 9.06e-13, 5.41e-11
2020-12-27, 10:50:52, 8.98e-13, 5.44e-11
2020-12-27, 10:50:56, 9e-13, 5.42e-11
2020-12-27, 10:51:00, 9.12e-13, 5.42e-11
2020-12-27, 10:51:04, 9.7e-13, 5.4e-11
2020-12-27, 10:51:09, 9.76e-13, 5.41e-11
2020-12-27, 10:51:13, 9.75e-13, 5.42e-11
2020-12-27, 10:51:17, 9.35e-13, 5.42e-11
2020-12-27, 10:51:21, 9.37e-13, 5.46e-11
2020-12-27, 10:51:26, 8.65e-13, 5.41e-11
2020-12-27, 10:51:30, 8.95e-13, 5.41e-11
2020-12-27, 10:51:34, 8.64e-13, 5.43e-11
2020-12-27, 10:51:38, 9.69e-13, 5.41e-11
2020-12-27, 10:51:42, 9.63e-13, 5.39e-11
2020-12-27, 10:51:47, 9.13e-13, 5.4e-11
2020-12-27, 10:51:51, 9.6e-13, 5.39e-11
2020-12-27, 10:51:55, 9.5e-13, 5.38e-11
2020-12-27, 10:51:59, 9.86e-13, 5.39e-11
2020-12-27, 10:52:04, 8.96e-13, 5.41e-11
2020-12-27, 10:52:08, 9.44e-13, 5.4e-11
2020-12-27, 10:52:12, 9.49e-13, 5.41e-11
2020-12-27, 10:52:16, 9.18e-13, 5.4e-11
2020-12-27, 10:52:20, 9.37e-13, 5.4e-11
2020-12-27, 10:52:25, 1.02e-12, 5.4e-11
2020-12-27, 10:52:29, 9.56e-13, 5.43e-11
2020-12-27, 10:52:33, 9.03e-13, 5.39e-11
2020-12-27, 10:52:37, 9.42e-13, 5.41e-11
2020-12-27, 10:52:42, 9.37e-13, 5.44e-11
2020-12-27, 10:52:46, 8.98e-13, 5.41e-11
2020-12-27, 10:52:50, 1.07e-12, 5.4e-11
2020-12-27, 10:52:54, 8.12e-13, 5.36e-11
2020-12-27, 10:52:58, 9.01e-13, 5.4e-11
2020-12-27, 10:53:03, 8.92e-13, 5.4e-11
2020-12-27, 10:53:07, 9.01e-13, 5.38e-11
2020-12-27, 10:53:11, 9.42e-13, 5.37e-11
2020-12-27, 10:53:15, 9.48e-13, 5.37e-11
2020-12-27, 10:53:20, 9.67e-13, 5.37e-11
2020-12-27, 10:53:24, 9.15e-13, 5.39e-11
2020-12-27, 10:53:28, 9.19e-13, 5.41e-11
2020-12-27, 10:53:32, 9.37e-13, 5.4e-11
2020-12-27, 10:53:36, 8.98e-13, 5.41e-11
2020-12-27, 10:53:41, 9.13e-13, 5.38e-11
2020-12-27, 10:53:45, 9.51e-13, 5.4e-11
2020-12-27, 10:53:49, 9.52e-13, 5.38e-11
2020-12-27, 10:53:53, 9.36e-13, 5.42e-11
2020-12-27, 10:53:58, 9.51e-13, 5.41e-11
2020-12-27, 10:54:02, 1.01e-12, 5.4e-11
2020-12-27, 10:54:06, 8.48e-13, 5.41e-11
2020-12-27, 10:54:10, 8.7e-13, 5.4e-11
2020-12-27, 10:54:14, 8.98e-13, 5.43e-11
2020-12-27, 10:54:19, 9.36e-13, 5.42e-11
2020-12-27, 10:54:23, 9.6e-13, 5.41e-11
2020-12-27, 10:54:27, 8.66e-13, 5.39e-11
2020-12-27, 10:54:31, 8.51e-13, 5.41e-11
2020-12-27, 10:54:36, 8.69e-13, 5.43e-11
2020-12-27, 10:54:40, 9.06e-13, 5.39e-11
2020-12-27, 10:54:44, 9.35e-13, 5.36e-11
2020-12-27, 10:54:48, 8.93e-13, 5.36e-11
2020-12-27, 10:54:52, 1.01e-12, 5.38e-11
2020-12-27, 10:54:57, 9.71e-13, 5.36e-11
2020-12-27, 10:55:01, 9.77e-13, 5.36e-11
2020-12-27, 10:55:05, 9.43e-13, 5.37e-11
2020-12-27, 10:55:09, 9.14e-13, 5.38e-11
2020-12-27, 10:55:14, 9.9e-13, 5.39e-11
2020-12-27, 10:55:18, 9.07e-13, 5.39e-11
2020-12-27, 10:55:22, 8.54e-13, 5.41e-11
2020-12-27, 10:55:26, 9.52e-13, 5.42e-11
2020-12-27, 10:55:30, 9.76e-13, 5.38e-11
2020-12-27, 10:55:35, 9.33e-13, 5.39e-11
2020-12-27, 10:55:39, 9.59e-13, 5.39e-11
2020-12-27, 10:55:43, 9.35e-13, 5.39e-11
2020-12-27, 10:55:47, 8.81e-13, 5.41e-11
2020-12-27, 10:55:52, 9.47e-13, 5.4e-11
2020-12-27, 10:55:56, 9.55e-13, 5.41e-11
2020-12-27, 10:56:00, 8.84e-13, 5.37e-11
2020-12-27, 10:56:04, 8.97e-13, 5.4e-11
2020-12-27, 10:56:08, 8.98e-13, 5.37e-11
2020-12-27, 10:56:13, 9.36e-13, 5.38e-11
2020-12-27, 10:56:17, 8.59e-13, 5.41e-11
2020-12-27, 10:56:21, 9.35e-13, 5.39e-11
2020-12-27, 10:56:25, 9.66e-13, 5.39e-11
2020-12-27, 10:56:30, 8.72e-13, 5.39e-11
2020-12-27, 10:56:34, 1e-12, 5.4e-11
2020-12-27, 10:56:38, 8.8e-13, 5.43e-11
2020-12-27, 10:56:42, 1.17e-12, 5.42e-11
2020-12-27, 10:56:46, 8.39e-13, 5.41e-11
2020-12-27, 10:56:51, 9.07e-13, 5.41e-11
2020-12-27, 10:56:55, 9.18e-13, 5.43e-11
2020-12-27, 10:56:59, 8.72e-13, 5.4e-11
2020-12-27, 10:57:03, 9.22e-13, 5.41e-11
2020-12-27, 10:57:08, 9.41e-13, 5.42e-11
2020-12-27, 10:57:12, 9.92e-13, 5.41e-11
2020-12-27, 10:57:16, 9.62e-13, 5.43e-11
2020-12-27, 10:57:20, 9.2e-13, 5.4e-11
2020-12-27, 10:57:24, 9.23e-13, 5.42e-11
2020-12-27, 10:57:29, 8.95e-13, 5.38e-11
2020-12-27, 10:57:33, 9.08e-13, 5.38e-11
2020-12-27, 10:57:37, 9.53e-13, 5.39e-11
2020-12-27, 10:57:41, 1.02e-12, 5.39e-11
2020-12-27, 10:57:46, 8.86e-13, 5.38e-11
2020-12-27, 10:57:50, 8.92e-13, 5.43e-11
2020-12-27, 10:57:54, 9.19e-13, 5.42e-11
2020-12-27, 10:57:58, 9.49e-13, 5.42e-11
2020-12-27, 10:58:02, 9.88e-13, 5.41e-11
2020-12-27, 10:58:07, 9.53e-13, 5.41e-11
2020-12-27, 10:58:11, 9.42e-13, 5.41e-11
2020-12-27, 10:58:15, 8.9e-13, 5.38e-11
2020-12-27, 10:58:19, 9.72e-13, 5.38e-11
2020-12-27, 10:58:23, 9.81e-13, 5.38e-11
2020-12-27, 10:58:28, 9.63e-13, 5.42e-11
2020-12-27, 10:58:32, 9.63e-13, 5.39e-11
2020-12-27, 10:58:36, 9.24e-13, 5.41e-11
2020-12-27, 10:58:40, 8.87e-13, 5.4e-11
2020-12-27, 10:58:45, 8.61e-13, 5.4e-11
2020-12-27, 10:58:49, 9.2e-13, 5.36e-11
2020-12-27, 10:58:53, 1.01e-12, 5.39e-11
2020-12-27, 10:58:57, 9.53e-13, 5.38e-11
2020-12-27, 10:59:01, 9.64e-13, 5.39e-11
2020-12-27, 10:59:06, 9.43e-13, 5.39e-11
2020-12-27, 10:59:10, 9.85e-13, 5.42e-11
2020-12-27, 10:59:14, 9.33e-13, 5.41e-11
2020-12-27, 10:59:18, 9.28e-13, 5.41e-11
2020-12-27, 10:59:23, 9.93e-13, 5.4e-11
2020-12-27, 10:59:27, 8.74e-13, 5.43e-11
2020-12-27, 10:59:31, 9.39e-13, 5.44e-11
2020-12-27, 10:59:35, 9.01e-13, 5.4e-11
2020-12-27, 10:59:39, 9.95e-13, 5.42e-11
2020-12-27, 10:59:44, 9.7e-13, 5.4e-11
2020-12-27, 10:59:48, 9.97e-13, 5.41e-11
2020-12-27, 10:59:52, 8.94e-13, 5.41e-11
2020-12-27, 10:59:56, 9.5e-13, 5.42e-11
2020-12-27, 11:00:01, 8.44e-13, 5.42e-11
2020-12-27, 11:00:05, 9.23e-13, 5.43e-11
2020-12-27, 11:00:09, 9.44e-13, 5.42e-11
2020-12-27, 11:00:13, 9.51e-13, 5.39e-11
2020-12-27, 11:00:17, 9.07e-13, 5.39e-11
2020-12-27, 11:00:22, 9.42e-13, 5.41e-11
2020-12-27, 11:00:26, 9.09e-13, 5.41e-11
2020-12-27, 11:00:30, 8.99e-13, 5.36e-11
2020-12-27, 11:00:34, 9.47e-13, 5.4e-11
2020-12-27, 11:00:39, 9.31e-13, 5.41e-11
2020-12-27, 11:00:43, 8.77e-13, 5.45e-11
2020-12-27, 11:00:47, 1.04e-12, 5.4e-11
2020-12-27, 11:00:51, 9.76e-13, 5.42e-11
2020-12-27, 11:00:55, 1.03e-12, 5.39e-11
2020-12-27, 11:01:00, 8.36e-13, 5.41e-11
2020-12-27, 11:01:04, 9.86e-13, 5.41e-11
2020-12-27, 11:01:08, 9.53e-13, 5.4e-11
2020-12-27, 11:01:12, 9.49e-13, 5.39e-11
2020-12-27, 11:01:17, 9.07e-13, 5.39e-11
2020-12-27, 11:01:21, 9.69e-13, 5.37e-11
2020-12-27, 11:01:25, 9.83e-13, 5.41e-11
2020-12-27, 11:01:29, 9.98e-13, 5.39e-11
2020-12-27, 11:01:33, 9.82e-13, 5.4e-11
2020-12-27, 11:01:38, 9.35e-13, 5.4e-11
2020-12-27, 11:01:42, 9.77e-13, 5.41e-11
2020-12-27, 11:01:46, 9.88e-13, 5.4e-11
2020-12-27, 11:01:50, 9.08e-13, 5.42e-11
2020-12-27, 11:01:54, 1.03e-12, 5.42e-11
2020-12-27, 11:01:59, 9.61e-13, 5.39e-11
2020-12-27, 11:02:03, 9.15e-13, 5.41e-11
2020-12-27, 11:02:07, 8.78e-13, 5.42e-11
2020-12-27, 11:02:11, 9.56e-13, 5.43e-11
2020-12-27, 11:02:16, 8.78e-13, 5.42e-11
2020-12-27, 11:02:20, 9.42e-13, 5.4e-11
2020-12-27, 11:02:24, 8.92e-13, 5.4e-11
2020-12-27, 11:02:28, 9.33e-13, 5.41e-11
2020-12-27, 11:02:33, 9.19e-13, 5.41e-11
2020-12-27, 11:02:37, 9.35e-13, 5.42e-11
2020-12-27, 11:02:41, 9.77e-13, 5.42e-11
2020-12-27, 11:02:45, 9.07e-13, 5.37e-11
2020-12-27, 11:02:49, 9.98e-13, 5.4e-11
2020-12-27, 11:02:54, 9.46e-13, 5.4e-11
2020-12-27, 11:02:58, 9.62e-13, 5.39e-11
2020-12-27, 11:03:02, 8.95e-13, 5.36e-11
2020-12-27, 11:03:06, 9.34e-13, 5.39e-11
2020-12-27, 11:03:10, 9.56e-13, 5.39e-11
2020-12-27, 11:03:15, 9.12e-13, 5.4e-11
2020-12-27, 11:03:19, 9.58e-13, 5.38e-11
2020-12-27, 11:03:23, 8.8e-13, 5.37e-11
2020-12-27, 11:03:27, 9.54e-13, 5.39e-11
2020-12-27, 11:03:32, 9.68e-13, 5.42e-11
2020-12-27, 11:03:36, 9.2e-13, 5.4e-11
2020-12-27, 11:03:40, 9.33e-13, 5.4e-11
2020-12-27, 11:03:44, 9.55e-13, 5.41e-11
2020-12-27, 11:03:48, 8.7e-13, 5.4e-11
2020-12-27, 11:03:53, 9.92e-13, 5.43e-11
2020-12-27, 11:03:57, 8.96e-13, 5.42e-11
2020-12-27, 11:04:01, 9.28e-13, 5.42e-11
2020-12-27, 11:04:05, 8.19e-13, 5.42e-11
2020-12-27, 11:04:10, 9.2e-13, 5.42e-11
2020-12-27, 11:04:14, 8.44e-13, 5.43e-11
2020-12-27, 11:04:18, 8.84e-13, 5.44e-11
2020-12-27, 11:04:22, 9.09e-13, 5.45e-11
2020-12-27, 11:04:26, 9.87e-13, 5.42e-11
2020-12-27, 11:04:31, 9.01e-13, 5.43e-11
2020-12-27, 11:04:35, 9.12e-13, 5.41e-11
2020-12-27, 11:04:39, 9.33e-13, 5.37e-11
2020-12-27, 11:04:43, 1.01e-12, 5.37e-11
2020-12-27, 11:04:48, 9.72e-13, 5.4e-11
2020-12-27, 11:04:52, 8.31e-13, 5.4e-11
2020-12-27, 11:04:56, 9.66e-13, 5.4e-11
2020-12-27, 11:05:00, 8.75e-13, 5.39e-11
2020-12-27, 11:05:04, 9.31e-13, 5.39e-11
2020-12-27, 11:05:09, 8.24e-13, 5.39e-11
2020-12-27, 11:05:13, 9.19e-13, 5.37e-11
2020-12-27, 11:05:17, 9.4e-13, 5.39e-11
2020-12-27, 11:05:21, 9.94e-13, 5.4e-11
2020-12-27, 11:05:26, 9.41e-13, 5.39e-11
2020-12-27, 11:05:30, 9.32e-13, 5.4e-11
2020-12-27, 11:05:34, 9.6e-13, 5.45e-11
2020-12-27, 11:05:38, 9.35e-13, 5.41e-11
2020-12-27, 11:05:42, 9.05e-13, 5.4e-11
2020-12-27, 11:05:47, 9.75e-13, 5.41e-11
2020-12-27, 11:05:51, 8.24e-13, 5.41e-11
2020-12-27, 11:05:55, 9.36e-13, 5.43e-11
2020-12-27, 11:05:59, 9.36e-13, 5.4e-11
2020-12-27, 11:06:04, 9.45e-13, 5.41e-11
2020-12-27, 11:06:08, 8.75e-13, 5.44e-11
2020-12-27, 11:06:12, 8.98e-13, 5.45e-11
2020-12-27, 11:06:16, 1.13e-12, 5.44e-11
2020-12-27, 11:06:20, 1.06e-12, 5.4e-11
2020-12-27, 11:06:25, 9.07e-13, 5.4e-11
2020-12-27, 11:06:29, 9.52e-13, 5.39e-11
2020-12-27, 11:06:33, 9.38e-13, 5.4e-11
2020-12-27, 11:06:37, 9.55e-13, 5.41e-11
2020-12-27, 11:06:42, 9.11e-13, 5.41e-11
2020-12-27, 11:06:46, 9.57e-13, 5.44e-11
2020-12-27, 11:06:50, 1.01e-12, 5.38e-11
2020-12-27, 11:06:54, 9.97e-13, 5.39e-11
2020-12-27, 11:06:58, 9.15e-13, 5.37e-11
2020-12-27, 11:07:03, 9.65e-13, 5.39e-11
2020-12-27, 11:07:07, 9.78e-13, 5.4e-11
2020-12-27, 11:07:11, 9.32e-13, 5.4e-11
2020-12-27, 11:07:15, 9.78e-13, 5.4e-11
2020-12-27, 11:07:20, 9.06e-13, 5.41e-11
2020-12-27, 11:07:24, 9.71e-13, 5.42e-11
2020-12-27, 11:07:28, 9.14e-13, 5.43e-11
2020-12-27, 11:07:32, 8.75e-13, 5.41e-11
2020-12-27, 11:07:36, 1.08e-12, 5.42e-11
2020-12-27, 11:07:41, 9.26e-13, 5.42e-11
2020-12-27, 11:07:45, 9.42e-13, 5.42e-11
2020-12-27, 11:07:49, 9.61e-13, 5.41e-11
2020-12-27, 11:07:53, 9.85e-13, 5.4e-11
2020-12-27, 11:07:57, 9.52e-13, 5.43e-11
2020-12-27, 11:08:02, 1.03e-12, 5.39e-11
2020-12-27, 11:08:06, 9.35e-13, 5.41e-11
2020-12-27, 11:08:10, 9.02e-13, 5.4e-11
2020-12-27, 11:08:14, 9.6e-13, 5.43e-11
2020-12-27, 11:08:19, 8.97e-13, 5.42e-11
2020-12-27, 11:08:23, 8.81e-13, 5.42e-11
2020-12-27, 11:08:27, 9.12e-13, 5.45e-11
2020-12-27, 11:08:31, 9.68e-13, 5.39e-11
2020-12-27, 11:08:35, 9e-13, 5.41e-11
2020-12-27, 11:08:40, 9.34e-13, 5.43e-11
2020-12-27, 11:08:44, 9.56e-13, 5.42e-11
2020-12-27, 11:08:48, 9.93e-13, 5.41e-11
2020-12-27, 11:08:52, 9.35e-13, 5.41e-11
2020-12-27, 11:08:57, 9.71e-13, 5.48e-11
2020-12-27, 11:09:01, 1.04e-12, 5.42e-11
2020-12-27, 11:09:05, 9.22e-13, 5.39e-11
2020-12-27, 11:09:09, 9.84e-13, 5.38e-11
2020-12-27, 11:09:13, 8.88e-13, 5.42e-11
2020-12-27, 11:09:18, 9.52e-13, 5.39e-11
2020-12-27, 11:09:22, 9.25e-13, 5.39e-11
2020-12-27, 11:09:26, 8.73e-13, 5.37e-11
2020-12-27, 11:09:30, 9.53e-13, 5.36e-11
2020-12-27, 11:09:35, 9.45e-13, 5.4e-11
2020-12-27, 11:09:39, 9.63e-13, 5.4e-11
2020-12-27, 11:09:43, 1.06e-12, 5.43e-11
2020-12-27, 11:09:47, 9.04e-13, 5.42e-11
2020-12-27, 11:09:51, 9.21e-13, 5.42e-11
2020-12-27, 11:09:56, 8.87e-13, 5.41e-11
2020-12-27, 11:10:00, 9.85e-13, 5.42e-11
2020-12-27, 11:10:04, 9.34e-13, 5.43e-11
2020-12-27, 11:10:08, 9.5e-13, 5.39e-11
2020-12-27, 11:10:13, 9.36e-13, 5.41e-11
2020-12-27, 11:10:17, 8.87e-13, 5.45e-11
2020-12-27, 11:10:21, 8.08e-13, 5.39e-11
2020-12-27, 11:10:25, 9.1e-13, 5.41e-11
2020-12-27, 11:10:29, 1.01e-12, 5.38e-11
2020-12-27, 11:10:34, 9.61e-13, 5.39e-11
2020-12-27, 11:10:38, 9.31e-13, 5.4e-11
2020-12-27, 11:10:42, 9.75e-13, 5.44e-11
2020-12-27, 11:10:46, 9.29e-13, 5.41e-11
2020-12-27, 11:10:51, 9.15e-13, 5.43e-11
2020-12-27, 11:10:55, 1.01e-12, 5.4e-11
2020-12-27, 11:10:59, 9.11e-13, 5.4e-11
2020-12-27, 11:11:03, 9.74e-13, 5.39e-11
2020-12-27, 11:11:07, 9.17e-13, 5.42e-11
2020-12-27, 11:11:12, 9.36e-13, 5.45e-11
2020-12-27, 11:11:16, 9.2e-13, 5.42e-11
2020-12-27, 11:11:20, 9.15e-13, 5.4e-11
2020-12-27, 11:11:24, 9.52e-13, 5.39e-11
2020-12-27, 11:11:29, 8.93e-13, 5.38e-11
2020-12-27, 11:11:33, 8.59e-13, 5.39e-11
2020-12-27, 11:11:37, 8.77e-13, 5.41e-11
2020-12-27, 11:11:41, 9.42e-13, 5.39e-11
2020-12-27, 11:11:45, 9.89e-13, 5.41e-11
2020-12-27, 11:11:50, 8.02e-13, 5.41e-11
2020-12-27, 11:11:54, 9.26e-13, 5.44e-11
2020-12-27, 11:11:58, 9.59e-13, 5.39e-11
2020-12-27, 11:12:02, 9.49e-13, 5.4e-11
2020-12-27, 11:12:06, 9.82e-13, 5.39e-11
2020-12-27, 11:12:11, 9.42e-13, 5.4e-11
2020-12-27, 11:12:15, 9.48e-13, 5.41e-11
2020-12-27, 11:12:19, 9.82e-13, 5.41e-11
2020-12-27, 11:12:23, 9.41e-13, 5.38e-11
2020-12-27, 11:12:28, 1e-12, 5.43e-11
2020-12-27, 11:12:32, 1.03e-12, 5.37e-11
2020-12-27, 11:12:36, 8.71e-13, 5.36e-11
2020-12-27, 11:12:40, 8.9e-13, 5.38e-11
2020-12-27, 11:12:44, 9.55e-13, 5.38e-11
2020-12-27, 11:12:49, 9.28e-13, 5.4e-11
2020-12-27, 11:12:53, 9.28e-13, 5.39e-11
2020-12-27, 11:12:57, 9.38e-13, 5.4e-11
2020-12-27, 11:13:01, 8.3e-13, 5.4e-11
2020-12-27, 11:13:06, 8.84e-13, 5.41e-11
2020-12-27, 11:13:10, 9.51e-13, 5.43e-11
2020-12-27, 11:13:14, 9.63e-13, 5.41e-11
2020-12-27, 11:13:18, 9.13e-13, 5.41e-11
2020-12-27, 11:13:22, 9.32e-13, 5.4e-11
2020-12-27, 11:13:27, 9.59e-13, 5.39e-11
2020-12-27, 11:13:31, 9.09e-13, 5.39e-11
2020-12-27, 11:13:35, 8.94e-13, 5.36e-11
2020-12-27, 11:13:39, 9.51e-13, 5.41e-11
2020-12-27, 11:13:44, 9.35e-13, 5.41e-11
2020-12-27, 11:13:48, 9.57e-13, 5.41e-11
2020-12-27, 11:13:52, 9.79e-13, 5.41e-11
2020-12-27, 11:13:56, 9.91e-13, 5.42e-11
2020-12-27, 11:14:00, 9.18e-13, 5.4e-11
2020-12-27, 11:14:05, 9.7e-13, 5.39e-11
2020-12-27, 11:14:09, 8.1e-13, 5.39e-11
2020-12-27, 11:14:13, 9.31e-13, 5.41e-11
2020-12-27, 11:14:17, 8.04e-13, 5.41e-11
2020-12-27, 11:14:22, 9.22e-13, 5.4e-11
2020-12-27, 11:14:26, 9.41e-13, 5.41e-11
2020-12-27, 11:14:30, 9.14e-13, 5.4e-11
2020-12-27, 11:14:34, 9.49e-13, 5.38e-11
2020-12-27, 11:14:38, 9.11e-13, 5.4e-11
2020-12-27, 11:14:43, 9.67e-13, 5.41e-11
2020-12-27, 11:14:47, 9.23e-13, 5.41e-11
2020-12-27, 11:14:51, 8.79e-13, 5.41e-11
2020-12-27, 11:14:55, 8.8e-13, 5.4e-11
2020-12-27, 11:15:00, 8.76e-13, 5.4e-11
2020-12-27, 11:15:04, 7.84e-13, 5.39e-11
2020-12-27, 11:15:08, 9.19e-13, 5.38e-11
2020-12-27, 11:15:12, 8.98e-13, 5.36e-11
2020-12-27, 11:15:16, 9.43e-13, 5.36e-11
2020-12-27, 11:15:21, 1.06e-12, 5.38e-11
2020-12-27, 11:15:25, 9.13e-13, 5.36e-11
2020-12-27, 11:15:29, 9.22e-13, 5.38e-11
2020-12-27, 11:15:33, 9.06e-13, 5.4e-11
2020-12-27, 11:15:38, 9.43e-13, 5.36e-11
2020-12-27, 11:15:42, 8.23e-13, 5.36e-11
2020-12-27, 11:15:46, 9.16e-13, 5.38e-11
2020-12-27, 11:15:50, 9.14e-13, 5.41e-11
2020-12-27, 11:15:54, 9.46e-13, 5.37e-11
2020-12-27, 11:15:59, 9.53e-13, 5.39e-11
2020-12-27, 11:16:03, 9.3e-13, 5.38e-11
2020-12-27, 11:16:07, 9.4e-13, 5.38e-11
2020-12-27, 11:16:11, 1e-12, 5.39e-11
2020-12-27, 11:16:16, 8.53e-13, 5.39e-11
2020-12-27, 11:16:20, 9.02e-13, 5.39e-11
2020-12-27, 11:16:24, 9.28e-13, 5.41e-11
2020-12-27, 11:16:28, 9.51e-13, 5.42e-11
2020-12-27, 11:16:32, 9.73e-13, 5.39e-11
2020-12-27, 11:16:37, 9.26e-13, 5.39e-11
2020-12-27, 11:16:41, 9.78e-13, 5.42e-11
2020-12-27, 11:16:45, 9.2e-13, 5.41e-11
2020-12-27, 11:16:49, 9.18e-13, 5.38e-11
2020-12-27, 11:16:54, 8.94e-13, 5.36e-11
2020-12-27, 11:16:58, 9.63e-13, 5.38e-11
2020-12-27, 11:17:02, 9.53e-13, 5.4e-11
2020-12-27, 11:17:06, 9.22e-13, 5.41e-11
2020-12-27, 11:17:10, 9.1e-13, 5.38e-11
2020-12-27, 11:17:15, 7.95e-13, 5.39e-11
2020-12-27, 11:17:19, 9.28e-13, 5.4e-11
2020-12-27, 11:17:23, 9.01e-13, 5.36e-11
2020-12-27, 11:17:27, 9.49e-13, 5.36e-11
2020-12-27, 11:17:31, 9.56e-13, 5.4e-11
2020-12-27, 11:17:36, 9.29e-13, 5.41e-11
2020-12-27, 11:17:40, 9.66e-13, 5.4e-11
2020-12-27, 11:17:44, 8.92e-13, 5.4e-11
2020-12-27, 11:17:48, 9.5e-13, 5.4e-11
2020-12-27, 11:17:53, 8.97e-13, 5.4e-11
2020-12-27, 11:17:57, 1e-12, 5.4e-11
2020-12-27, 11:18:01, 8.93e-13, 5.38e-11
2020-12-27, 11:18:05, 1.06e-12, 5.36e-11
2020-12-27, 11:18:09, 8.41e-13, 5.39e-11
2020-12-27, 11:18:14, 9.37e-13, 5.4e-11
2020-12-27, 11:18:18, 9.86e-13, 5.36e-11
2020-12-27, 11:18:22, 9.81e-13, 5.38e-11
2020-12-27, 11:18:26, 9.55e-13, 5.39e-11
2020-12-27, 11:18:31, 9.09e-13, 5.37e-11
2020-12-27, 11:18:35, 9.37e-13, 5.37e-11
2020-12-27, 11:18:39, 9.1e-13, 5.37e-11
2020-12-27, 11:18:43, 9.92e-13, 5.37e-11
2020-12-27, 11:18:49, 9.38e-13, 5.41e-11
2020-12-27, 11:18:53, 9.76e-13, 5.39e-11
2020-12-27, 11:18:57, 8.69e-13, 5.43e-11
2020-12-27, 11:19:01, 9.66e-13, 5.4e-11
2020-12-27, 11:19:06, 9.11e-13, 5.39e-11
2020-12-27, 11:19:10, 8.71e-13, 5.42e-11
2020-12-27, 11:19:14, 1.05e-12, 5.41e-11
2020-12-27, 11:19:18, 9.17e-13, 5.39e-11
2020-12-27, 11:19:22, 9.2e-13, 5.39e-11
2020-12-27, 11:19:27, 8.84e-13, 5.36e-11
2020-12-27, 11:19:31, 8.8e-13, 5.4e-11
2020-12-27, 11:19:35, 9.19e-13, 5.41e-11
2020-12-27, 11:19:39, 9.22e-13, 5.4e-11
2020-12-27, 11:19:44, 8.94e-13, 5.38e-11
2020-12-27, 11:19:48, 9.47e-13, 5.37e-11
2020-12-27, 11:19:52, 9.16e-13, 5.38e-11
2020-12-27, 11:19:56, 9.99e-13, 5.39e-11
2020-12-27, 11:20:00, 8.98e-13, 5.39e-11
2020-12-27, 11:20:05, 9.26e-13, 5.37e-11
2020-12-27, 11:20:09, 9.66e-13, 5.35e-11
2020-12-27, 11:20:13, 8.61e-13, 5.38e-11
2020-12-27, 11:20:17, 9.01e-13, 5.38e-11
2020-12-27, 11:20:21, 9.38e-13, 5.4e-11
2020-12-27, 11:20:26, 9.01e-13, 5.37e-11
2020-12-27, 11:20:30, 8.98e-13, 5.41e-11
2020-12-27, 11:20:34, 9.44e-13, 5.4e-11
2020-12-27, 11:20:38, 9.31e-13, 5.38e-11
2020-12-27, 11:20:43, 9.97e-13, 5.4e-11
2020-12-27, 11:20:47, 9.53e-13, 5.44e-11
2020-12-27, 11:20:51, 1.06e-12, 5.4e-11
2020-12-27, 11:20:55, 8.48e-13, 5.4e-11
2020-12-27, 11:20:59, 9.16e-13, 5.38e-11
2020-12-27, 11:21:04, 9.25e-13, 5.36e-11
2020-12-27, 11:21:08, 9.38e-13, 5.38e-11
2020-12-27, 11:21:12, 8.82e-13, 5.36e-11
2020-12-27, 11:21:16, 9.23e-13, 5.37e-11
2020-12-27, 11:21:21, 9.35e-13, 5.38e-11
2020-12-27, 11:21:25, 9.27e-13, 5.4e-11
2020-12-27, 11:21:29, 9.8e-13, 5.41e-11
2020-12-27, 11:21:33, 9.12e-13, 5.38e-11
2020-12-27, 11:21:37, 9.54e-13, 5.39e-11
2020-12-27, 11:21:42, 8.91e-13, 5.39e-11
2020-12-27, 11:21:46, 8.99e-13, 5.4e-11
2020-12-27, 11:21:50, 1.1e-12, 5.4e-11
2020-12-27, 11:21:54, 9.2e-13, 5.39e-11
2020-12-27, 11:21:59, 9.49e-13, 5.39e-11
2020-12-27, 11:22:03, 9.54e-13, 5.39e-11
2020-12-27, 11:22:07, 9.37e-13, 5.38e-11
2020-12-27, 11:22:11, 9.56e-13, 5.38e-11
2020-12-27, 11:22:15, 9.66e-13, 5.41e-11
2020-12-27, 11:22:20, 9.78e-13, 5.38e-11
2020-12-27, 11:22:24, 9.42e-13, 5.38e-11
2020-12-27, 11:22:28, 9.33e-13, 5.38e-11
2020-12-27, 11:22:32, 9.15e-13, 5.42e-11
2020-12-27, 11:22:37, 9.37e-13, 5.39e-11
2020-12-27, 11:22:41, 9.34e-13, 5.39e-11
2020-12-27, 11:22:45, 9.02e-13, 5.37e-11
2020-12-27, 11:22:49, 9.51e-13, 5.41e-11
2020-12-27, 11:22:53, 9.33e-13, 5.39e-11
2020-12-27, 11:22:58, 9.52e-13, 5.42e-11
2020-12-27, 11:23:02, 9.25e-13, 5.4e-11
2020-12-27, 11:23:06, 9.32e-13, 5.42e-11
2020-12-27, 11:23:10, 9.16e-13, 5.39e-11
2020-12-27, 11:23:15, 1.02e-12, 5.39e-11
2020-12-27, 11:23:19, 9.5e-13, 5.4e-11
2020-12-27, 11:23:23, 9.73e-13, 5.38e-11
2020-12-27, 11:23:27, 9.46e-13, 5.39e-11
2020-12-27, 11:23:31, 9.64e-13, 5.39e-11
2020-12-27, 11:23:36, 8.68e-13, 5.39e-11
2020-12-27, 11:23:40, 8.98e-13, 5.39e-11
2020-12-27, 11:23:44, 8.87e-13, 5.41e-11
2020-12-27, 11:23:48, 9.59e-13, 5.37e-11
2020-12-27, 11:23:53, 9.3e-13, 5.39e-11
2020-12-27, 11:23:57, 9.82e-13, 5.41e-11
2020-12-27, 11:24:01, 8.64e-13, 5.39e-11
2020-12-27, 11:24:05, 9.34e-13, 5.38e-11
2020-12-27, 11:24:09, 9.45e-13, 5.4e-11
2020-12-27, 11:24:14, 8.84e-13, 5.4e-11
2020-12-27, 11:24:18, 9.49e-13, 5.4e-11
2020-12-27, 11:24:22, 8.97e-13, 5.37e-11
2020-12-27, 11:24:26, 8.92e-13, 5.41e-11
2020-12-27, 11:24:31, 8.91e-13, 5.42e-11
2020-12-27, 11:24:35, 9.09e-13, 5.43e-11
2020-12-27, 11:24:39, 9.66e-13, 5.4e-11
2020-12-27, 11:24:43, 9.55e-13, 5.38e-11
2020-12-27, 11:24:47, 9.07e-13, 5.4e-11
2020-12-27, 11:24:52, 9.46e-13, 5.42e-11
2020-12-27, 11:24:56, 9.38e-13, 5.41e-11
2020-12-27, 11:25:00, 1.04e-12, 5.4e-11
2020-12-27, 11:25:04, 9.79e-13, 5.41e-11
2020-12-27, 11:25:08, 9.64e-13, 5.42e-11
2020-12-27, 11:25:13, 8.8e-13, 5.43e-11
2020-12-27, 11:25:17, 9.45e-13, 5.39e-11
2020-12-27, 11:25:21, 9.14e-13, 5.42e-11
2020-12-27, 11:25:25, 9.63e-13, 5.42e-11
2020-12-27, 11:25:30, 8.83e-13, 5.41e-11
2020-12-27, 11:25:34, 9.77e-13, 5.39e-11
2020-12-27, 11:25:38, 9.18e-13, 5.39e-11
2020-12-27, 11:25:42, 1.02e-12, 5.4e-11
2020-12-27, 11:25:46, 9e-13, 5.39e-11
2020-12-27, 11:25:51, 9.47e-13, 5.38e-11
2020-12-27, 11:25:55, 8.46e-13, 5.41e-11
2020-12-27, 11:26:01, 9.92e-13, 5.39e-11
2020-12-27, 11:26:05, 9.49e-13, 5.4e-11
2020-12-27, 11:26:09, 9.15e-13, 5.39e-11
2020-12-27, 11:26:13, 8.93e-13, 5.39e-11
2020-12-27, 11:26:18, 8.5e-13, 5.39e-11
2020-12-27, 11:26:22, 9.87e-13, 5.4e-11
2020-12-27, 11:26:26, 9.3e-13, 5.42e-11
2020-12-27, 11:26:30, 8.3e-13, 5.43e-11
2020-12-27, 11:26:34, 9.47e-13, 5.4e-11
2020-12-27, 11:26:39, 1.03e-12, 5.38e-11
2020-12-27, 11:26:43, 8.5e-13, 5.42e-11
2020-12-27, 11:26:47, 9.25e-13, 5.42e-11
2020-12-27, 11:26:51, 9.59e-13, 5.4e-11
2020-12-27, 11:26:56, 9.67e-13, 5.4e-11
2020-12-27, 11:27:00, 9.1e-13, 5.38e-11
2020-12-27, 11:27:04, 9.36e-13, 5.39e-11
2020-12-27, 11:27:08, 9.08e-13, 5.41e-11
2020-12-27, 11:27:12, 9.31e-13, 5.42e-11
2020-12-27, 11:27:17, 9.47e-13, 5.42e-11
2020-12-27, 11:27:21, 9.93e-13, 5.42e-11
2020-12-27, 11:27:25, 9.27e-13, 5.42e-11
2020-12-27, 11:27:29, 9.13e-13, 5.4e-11
2020-12-27, 11:27:34, 9.06e-13, 5.39e-11
2020-12-27, 11:27:38, 9.51e-13, 5.39e-11
2020-12-27, 11:27:42, 8.89e-13, 5.36e-11
2020-12-27, 11:27:46, 9.58e-13, 5.39e-11
2020-12-27, 11:27:50, 9.38e-13, 5.38e-11
2020-12-27, 11:27:55, 9.08e-13, 5.38e-11
2020-12-27, 11:27:59, 8.99e-13, 5.39e-11
2020-12-27, 11:28:03, 8.73e-13, 5.39e-11
2020-12-27, 11:28:07, 9.12e-13, 5.4e-11
2020-12-27, 11:28:11, 1e-12, 5.41e-11
2020-12-27, 11:28:16, 9.02e-13, 5.41e-11
2020-12-27, 11:28:20, 1.01e-12, 5.4e-11
2020-12-27, 11:28:24, 9.72e-13, 5.41e-11
2020-12-27, 11:28:28, 9.47e-13, 5.39e-11
2020-12-27, 11:28:33, 9.07e-13, 5.43e-11
2020-12-27, 11:28:37, 9.82e-13, 5.4e-11
2020-12-27, 11:28:41, 9.08e-13, 5.4e-11
2020-12-27, 11:28:45, 9.23e-13, 5.42e-11
2020-12-27, 11:28:50, 9e-13, 5.41e-11
2020-12-27, 11:28:54, 9.54e-13, 5.42e-11
2020-12-27, 11:28:58, 9.52e-13, 5.41e-11
2020-12-27, 11:29:02, 9.7e-13, 5.4e-11
2020-12-27, 11:29:06, 9.3e-13, 5.41e-11
2020-12-27, 11:29:11, 8.81e-13, 5.41e-11
2020-12-27, 11:29:15, 9.11e-13, 5.42e-11
2020-12-27, 11:29:19, 9.23e-13, 5.41e-11
2020-12-27, 11:29:23, 8.53e-13, 5.4e-11
2020-12-27, 11:29:28, 1e-12, 5.4e-11
2020-12-27, 11:29:32, 9.23e-13, 5.41e-11
2020-12-27, 11:29:36, 9.56e-13, 5.41e-11
2020-12-27, 11:29:40, 9.48e-13, 5.41e-11
2020-12-27, 11:29:44, 9.34e-13, 5.39e-11
2020-12-27, 11:29:49, 9.39e-13, 5.37e-11
2020-12-27, 11:29:53, 9.34e-13, 5.4e-11
2020-12-27, 11:29:57, 9.46e-13, 5.42e-11
2020-12-27, 11:30:01, 9.45e-13, 5.4e-11
2020-12-27, 11:30:06, 9.5e-13, 5.4e-11
2020-12-27, 11:30:10, 8.93e-13, 5.41e-11
2020-12-27, 11:30:14, 9.18e-13, 5.39e-11
2020-12-27, 11:30:18, 8.88e-13, 5.4e-11
2020-12-27, 11:30:22, 9.65e-13, 5.38e-11
2020-12-27, 11:30:27, 9.67e-13, 5.42e-11
2020-12-27, 11:30:31, 9.22e-13, 5.43e-11
2020-12-27, 11:30:35, 9.18e-13, 5.41e-11
2020-12-27, 11:30:39, 8.79e-13, 5.39e-11
2020-12-27, 11:30:43, 1.03e-12, 5.39e-11
2020-12-27, 11:30:48, 9.05e-13, 5.4e-11
2020-12-27, 11:30:52, 8.61e-13, 5.39e-11
2020-12-27, 11:30:56, 8.98e-13, 5.39e-11
2020-12-27, 11:31:00, 9.24e-13, 5.39e-11
2020-12-27, 11:31:05, 9.63e-13, 5.43e-11
2020-12-27, 11:31:09, 9.82e-13, 5.4e-11
2020-12-27, 11:31:13, 9.39e-13, 5.44e-11
2020-12-27, 11:31:17, 9.52e-13, 5.41e-11
2020-12-27, 11:31:21, 9.13e-13, 5.42e-11
2020-12-27, 11:31:26, 1.04e-12, 5.4e-11
2020-12-27, 11:31:30, 7.81e-13, 5.4e-11
2020-12-27, 11:31:34, 1e-12, 5.42e-11
2020-12-27, 11:31:38, 9.21e-13, 5.4e-11
2020-12-27, 11:31:43, 9.24e-13, 5.41e-11
2020-12-27, 11:31:47, 8.62e-13, 5.42e-11
2020-12-27, 11:31:51, 9.14e-13, 5.39e-11
2020-12-27, 11:31:55, 9.01e-13, 5.4e-11
2020-12-27, 11:31:59, 8.79e-13, 5.39e-11
2020-12-27, 11:32:04, 9.58e-13, 5.41e-11
2020-12-27, 11:32:08, 8.98e-13, 5.41e-11
2020-12-27, 11:32:12, 9.2e-13, 5.4e-11
2020-12-27, 11:32:16, 9.44e-13, 5.4e-11
2020-12-27, 11:32:21, 9.39e-13, 5.41e-11
2020-12-27, 11:32:25, 9.1e-13, 5.39e-11
2020-12-27, 11:32:29, 9.04e-13, 5.39e-11
2020-12-27, 11:32:33, 8.84e-13, 5.41e-11
2020-12-27, 11:32:37, 9.53e-13, 5.41e-11
2020-12-27, 11:32:42, 9.38e-13, 5.4e-11
2020-12-27, 11:32:46, 9.43e-13, 5.4e-11
2020-12-27, 11:32:50, 9.47e-13, 5.41e-11
2020-12-27, 11:32:54, 8.97e-13, 5.39e-11
2020-12-27, 11:32:59, 8.93e-13, 5.38e-11
2020-12-27, 11:33:03, 9.54e-13, 5.38e-11
2020-12-27, 11:33:07, 9.14e-13, 5.39e-11
2020-12-27, 11:33:11, 9.26e-13, 5.39e-11
2020-12-27, 11:33:16, 9.39e-13, 5.38e-11
2020-12-27, 11:33:20, 8.76e-13, 5.37e-11
2020-12-27, 11:33:24, 9.66e-13, 5.37e-11
2020-12-27, 11:33:28, 9.48e-13, 5.38e-11
2020-12-27, 11:33:32, 9.06e-13, 5.38e-11
2020-12-27, 11:33:37, 9.67e-13, 5.35e-11
2020-12-27, 11:33:41, 9.23e-13, 5.39e-11
2020-12-27, 11:33:45, 9.29e-13, 5.39e-11
2020-12-27, 11:33:49, 9.13e-13, 5.38e-11
2020-12-27, 11:33:54, 9.51e-13, 5.41e-11
2020-12-27, 11:33:58, 8.98e-13, 5.4e-11
2020-12-27, 11:34:02, 8.86e-13, 5.38e-11
2020-12-27, 11:34:06, 9.32e-13, 5.39e-11
2020-12-27, 11:34:10, 8.88e-13, 5.39e-11
2020-12-27, 11:34:15, 9.69e-13, 5.39e-11
2020-12-27, 11:34:19, 9.22e-13, 5.37e-11
2020-12-27, 11:34:23, 9.16e-13, 5.4e-11
2020-12-27, 11:34:27, 8.92e-13, 5.37e-11
2020-12-27, 11:34:32, 9.78e-13, 5.41e-11
2020-12-27, 11:34:36, 9.2e-13, 5.4e-11
2020-12-27, 11:34:40, 9.52e-13, 5.39e-11
2020-12-27, 11:34:44, 8.74e-13, 5.38e-11
2020-12-27, 11:34:48, 9.31e-13, 5.38e-11
2020-12-27, 11:34:53, 9.53e-13, 5.37e-11
2020-12-27, 11:34:57, 8.85e-13, 5.39e-11
2020-12-27, 11:35:01, 9.47e-13, 5.42e-11
2020-12-27, 11:35:05, 9.71e-13, 5.42e-11
2020-12-27, 11:35:09, 8.56e-13, 5.41e-11
2020-12-27, 11:35:14, 9.35e-13, 5.4e-11
2020-12-27, 11:35:18, 9.35e-13, 5.41e-11
2020-12-27, 11:35:22, 9.85e-13, 5.38e-11
2020-12-27, 11:35:26, 9.38e-13, 5.38e-11
2020-12-27, 11:35:31, 8.55e-13, 5.39e-11
2020-12-27, 11:35:35, 8.81e-13, 5.39e-11
2020-12-27, 11:35:39, 8.91e-13, 5.38e-11
2020-12-27, 11:35:43, 8.91e-13, 5.35e-11
2020-12-27, 11:35:47, 9.72e-13, 5.36e-11
2020-12-27, 11:35:52, 9.39e-13, 5.38e-11
2020-12-27, 11:35:56, 9.53e-13, 5.37e-11
2020-12-27, 11:36:00, 8.41e-13, 5.39e-11
2020-12-27, 11:36:04, 8.91e-13, 5.41e-11
2020-12-27, 11:36:09, 9e-13, 5.41e-11
2020-12-27, 11:36:13, 9.12e-13, 5.38e-11
2020-12-27, 11:36:17, 9.24e-13, 5.4e-11
2020-12-27, 11:36:21, 1.04e-12, 5.4e-11
2020-12-27, 11:36:25, 1.01e-12, 5.36e-11
2020-12-27, 11:36:30, 9.27e-13, 5.34e-11
2020-12-27, 11:36:34, 9.32e-13, 5.35e-11
2020-12-27, 11:36:38, 8.94e-13, 5.38e-11
2020-12-27, 11:36:42, 9.47e-13, 5.38e-11
2020-12-27, 11:36:47, 1.02e-12, 5.37e-11
2020-12-27, 11:36:51, 8.18e-13, 5.36e-11
2020-12-27, 11:36:55, 9.08e-13, 5.38e-11
2020-12-27, 11:36:59, 8.8e-13, 5.39e-11
2020-12-27, 11:37:03, 9.65e-13, 5.4e-11
2020-12-27, 11:37:08, 9.47e-13, 5.37e-11
2020-12-27, 11:37:12, 9.19e-13, 5.38e-11
2020-12-27, 11:37:16, 9.26e-13, 5.39e-11
2020-12-27, 11:37:20, 9.02e-13, 5.38e-11
2020-12-27, 11:37:25, 9.23e-13, 5.43e-11
2020-12-27, 11:37:29, 8.53e-13, 5.4e-11
2020-12-27, 11:37:33, 9.07e-13, 5.37e-11
2020-12-27, 11:37:37, 9.78e-13, 5.36e-11
2020-12-27, 11:37:41, 1.03e-12, 5.39e-11
2020-12-27, 11:37:46, 9.43e-13, 5.39e-11
2020-12-27, 11:37:50, 8.59e-13, 5.39e-11
2020-12-27, 11:37:54, 8.94e-13, 5.4e-11
2020-12-27, 11:37:58, 8.92e-13, 5.39e-11
2020-12-27, 11:38:03, 9.52e-13, 5.39e-11
2020-12-27, 11:38:07, 9.15e-13, 5.43e-11
2020-12-27, 11:38:11, 1e-12, 5.39e-11
2020-12-27, 11:38:15, 9.16e-13, 5.4e-11
2020-12-27, 11:38:19, 9.09e-13, 5.41e-11
2020-12-27, 11:38:24, 8.96e-13, 5.39e-11
2020-12-27, 11:38:28, 9.27e-13, 5.38e-11
2020-12-27, 11:38:32, 8.55e-13, 5.38e-11
2020-12-27, 11:38:36, 9.13e-13, 5.39e-11
2020-12-27, 11:38:41, 9.79e-13, 5.37e-11
2020-12-27, 11:38:45, 9.78e-13, 5.38e-11
2020-12-27, 11:38:49, 8.86e-13, 5.39e-11
2020-12-27, 11:38:53, 1.07e-12, 5.4e-11
2020-12-27, 11:38:57, 9.28e-13, 5.4e-11
2020-12-27, 11:39:02, 8.78e-13, 5.41e-11
2020-12-27, 11:39:06, 9.3e-13, 5.37e-11
2020-12-27, 11:39:10, 9.37e-13, 5.41e-11
2020-12-27, 11:39:14, 1e-12, 5.4e-11
2020-12-27, 11:39:18, 9.7e-13, 5.39e-11
2020-12-27, 11:39:23, 9.52e-13, 5.36e-11
2020-12-27, 11:39:27, 9.15e-13, 5.38e-11
2020-12-27, 11:39:31, 9.07e-13, 5.38e-11
2020-12-27, 11:39:35, 8e-13, 5.37e-11
2020-12-27, 11:39:40, 9.69e-13, 5.43e-11
2020-12-27, 11:39:44, 9.47e-13, 5.41e-11
2020-12-27, 11:39:48, 8.8e-13, 5.4e-11
2020-12-27, 11:39:52, 9.57e-13, 5.41e-11
2020-12-27, 11:39:56, 9.34e-13, 5.39e-11
2020-12-27, 11:40:01, 9.26e-13, 5.39e-11
2020-12-27, 11:40:05, 9.49e-13, 5.37e-11
2020-12-27, 11:40:09, 9.31e-13, 5.37e-11
2020-12-27, 11:40:13, 9.04e-13, 5.38e-11
2020-12-27, 11:40:18, 9.26e-13, 5.37e-11
2020-12-27, 11:40:22, 8.81e-13, 5.38e-11
2020-12-27, 11:40:26, 9.39e-13, 5.42e-11
2020-12-27, 11:40:30, 9.86e-13, 5.4e-11
2020-12-27, 11:40:34, 8.36e-13, 5.39e-11
2020-12-27, 11:40:39, 8.04e-13, 5.39e-11
2020-12-27, 11:40:43, 8.85e-13, 5.38e-11
2020-12-27, 11:40:47, 8.65e-13, 5.39e-11
2020-12-27, 11:40:51, 9.31e-13, 5.36e-11
2020-12-27, 11:40:56, 9.94e-13, 5.4e-11
2020-12-27, 11:41:00, 9.22e-13, 5.41e-11
2020-12-27, 11:41:04, 9.48e-13, 5.42e-11
2020-12-27, 11:41:08, 9.61e-13, 5.43e-11
2020-12-27, 11:41:12, 9.25e-13, 5.41e-11
2020-12-27, 11:41:17, 9.58e-13, 5.41e-11
2020-12-27, 11:41:21, 8.94e-13, 5.4e-11
2020-12-27, 11:41:25, 1e-12, 5.41e-11
2020-12-27, 11:41:29, 9.41e-13, 5.42e-11
2020-12-27, 11:41:34, 9.79e-13, 5.41e-11
2020-12-27, 11:41:38, 9.26e-13, 5.41e-11
2020-12-27, 11:41:42, 9.44e-13, 5.4e-11
2020-12-27, 11:41:46, 9.23e-13, 5.41e-11
2020-12-27, 11:41:50, 9.28e-13, 5.42e-11
2020-12-27, 11:41:55, 7.88e-13, 5.39e-11
2020-12-27, 11:41:59, 9.81e-13, 5.4e-11
2020-12-27, 11:42:03, 9.56e-13, 5.4e-11
2020-12-27, 11:42:07, 8.96e-13, 5.39e-11
2020-12-27, 11:42:12, 8.91e-13, 5.43e-11
2020-12-27, 11:42:16, 9.48e-13, 5.41e-11
2020-12-27, 11:42:20, 1.01e-12, 5.4e-11
2020-12-27, 11:42:24, 9.39e-13, 5.41e-11
2020-12-27, 11:42:28, 9.37e-13, 5.42e-11
2020-12-27, 11:42:33, 9.39e-13, 5.41e-11
2020-12-27, 11:42:37, 9.24e-13, 5.43e-11
2020-12-27, 11:42:41, 9.32e-13, 5.4e-11
2020-12-27, 11:42:45, 9.06e-13, 5.41e-11
2020-12-27, 11:42:50, 8.16e-13, 5.42e-11
2020-12-27, 11:42:54, 9.12e-13, 5.39e-11
2020-12-27, 11:42:58, 9.29e-13, 5.4e-11
2020-12-27, 11:43:02, 9.58e-13, 5.41e-11
2020-12-27, 11:43:06, 8.96e-13, 5.43e-11
2020-12-27, 11:43:11, 9.25e-13, 5.42e-11
2020-12-27, 11:43:15, 9.45e-13, 5.42e-11
2020-12-27, 11:43:19, 1.06e-12, 5.43e-11
2020-12-27, 11:43:23, 8.94e-13, 5.39e-11
2020-12-27, 11:43:27, 8.78e-13, 5.41e-11
2020-12-27, 11:43:32, 9.37e-13, 5.41e-11
2020-12-27, 11:43:36, 8.11e-13, 5.41e-11
2020-12-27, 11:43:40, 9.56e-13, 5.41e-11
2020-12-27, 11:43:44, 8.8e-13, 5.42e-11
2020-12-27, 11:43:49, 7.71e-13, 5.45e-11
2020-12-27, 11:43:53, 8.94e-13, 5.38e-11
2020-12-27, 11:43:57, 9.36e-13, 5.4e-11
2020-12-27, 11:44:01, 9.41e-13, 5.41e-11
2020-12-27, 11:44:05, 9.02e-13, 5.42e-11
2020-12-27, 11:44:10, 9.33e-13, 5.43e-11
2020-12-27, 11:44:14, 8.81e-13, 5.41e-11
2020-12-27, 11:44:18, 9.59e-13, 5.38e-11
2020-12-27, 11:44:22, 9.65e-13, 5.4e-11
2020-12-27, 11:44:27, 9.64e-13, 5.42e-11
2020-12-27, 11:44:31, 9.26e-13, 5.41e-11
2020-12-27, 11:44:35, 8.87e-13, 5.43e-11
2020-12-27, 11:44:39, 8.93e-13, 5.37e-11
2020-12-27, 11:44:43, 8.74e-13, 5.38e-11
2020-12-27, 11:44:48, 9.61e-13, 5.42e-11
2020-12-27, 11:44:52, 9.46e-13, 5.42e-11
2020-12-27, 11:44:56, 9.78e-13, 5.39e-11
2020-12-27, 11:45:00, 8.96e-13, 5.39e-11
2020-12-27, 11:45:05, 9.58e-13, 5.39e-11
2020-12-27, 11:45:09, 9.41e-13, 5.43e-11
2020-12-27, 11:45:13, 9.32e-13, 5.41e-11
2020-12-27, 11:45:17, 1.08e-12, 5.4e-11
2020-12-27, 11:45:21, 8.93e-13, 5.4e-11
2020-12-27, 11:45:26, 9.26e-13, 5.41e-11
2020-12-27, 11:45:30, 9.9e-13, 5.4e-11
2020-12-27, 11:45:34, 9.34e-13, 5.41e-11
2020-12-27, 11:45:38, 9.13e-13, 5.43e-11
2020-12-27, 11:45:43, 8.58e-13, 5.41e-11
2020-12-27, 11:45:47, 1.1e-12, 5.43e-11
2020-12-27, 11:45:51, 9.65e-13, 5.4e-11
2020-12-27, 11:45:55, 7.94e-13, 5.4e-11
2020-12-27, 11:45:59, 9.74e-13, 5.44e-11
2020-12-27, 11:46:04, 9.62e-13, 5.42e-11
2020-12-27, 11:46:08, 9.32e-13, 5.41e-11
2020-12-27, 11:46:12, 9.89e-13, 5.4e-11
2020-12-27, 11:46:16, 9.28e-13, 5.43e-11
2020-12-27, 11:46:21, 9.47e-13, 5.43e-11
2020-12-27, 11:46:25, 9.34e-13, 5.39e-11
2020-12-27, 11:46:29, 9.32e-13, 5.38e-11
2020-12-27, 11:46:33, 9.17e-13, 5.41e-11
2020-12-27, 11:46:37, 9.57e-13, 5.42e-11
2020-12-27, 11:46:42, 8.97e-13, 5.42e-11
2020-12-27, 11:46:46, 9.34e-13, 5.41e-11
2020-12-27, 11:46:50, 9.19e-13, 5.44e-11
2020-12-27, 11:46:54, 9.32e-13, 5.43e-11
2020-12-27, 11:46:58, 8.84e-13, 5.41e-11
2020-12-27, 11:47:03, 1.02e-12, 5.41e-11
2020-12-27, 11:47:07, 9.53e-13, 5.43e-11
2020-12-27, 11:47:11, 9.82e-13, 5.44e-11
2020-12-27, 11:47:15, 9.47e-13, 5.42e-11
2020-12-27, 11:47:20, 9.09e-13, 5.44e-11
2020-12-27, 11:47:24, 8.95e-13, 5.42e-11
2020-12-27, 11:47:28, 9.88e-13, 5.41e-11
2020-12-27, 11:47:32, 9.28e-13, 5.4e-11
2020-12-27, 11:47:36, 9.52e-13, 5.4e-11
2020-12-27, 11:47:41, 9e-13, 5.41e-11
2020-12-27, 11:47:45, 9.32e-13, 5.42e-11
2020-12-27, 11:47:49, 9.65e-13, 5.39e-11
2020-12-27, 11:47:53, 9.3e-13, 5.4e-11
2020-12-27, 11:47:58, 8.91e-13, 5.39e-11
2020-12-27, 11:48:02, 9.69e-13, 5.4e-11
2020-12-27, 11:48:06, 9.36e-13, 5.4e-11
2020-12-27, 11:48:10, 9.37e-13, 5.43e-11
2020-12-27, 11:48:14, 8.91e-13, 5.42e-11
2020-12-27, 11:48:19, 8.9e-13, 5.4e-11
2020-12-27, 11:48:23, 8.85e-13, 5.45e-11
2020-12-27, 11:48:27, 9.38e-13, 5.42e-11
2020-12-27, 11:48:31, 9.01e-13, 5.39e-11
2020-12-27, 11:48:36, 8.64e-13, 5.43e-11
2020-12-27, 11:48:40, 9.08e-13, 5.42e-11
2020-12-27, 11:48:44, 9.88e-13, 5.42e-11
2020-12-27, 11:48:48, 9.01e-13, 5.38e-11
2020-12-27, 11:48:52, 9.21e-13, 5.36e-11
2020-12-27, 11:48:57, 8.53e-13, 5.37e-11
2020-12-27, 11:49:01, 9.6e-13, 5.37e-11
2020-12-27, 11:49:05, 9.51e-13, 5.38e-11
2020-12-27, 11:49:09, 9.19e-13, 5.4e-11
2020-12-27, 11:49:14, 1.01e-12, 5.42e-11
2020-12-27, 11:49:18, 8.81e-13, 5.4e-11
2020-12-27, 11:49:22, 9.54e-13, 5.39e-11
2020-12-27, 11:49:26, 9.3e-13, 5.39e-11
2020-12-27, 11:49:30, 8.99e-13, 5.41e-11
2020-12-27, 11:49:35, 1.04e-12, 5.39e-11
2020-12-27, 11:49:39, 9.68e-13, 5.39e-11
2020-12-27, 11:49:43, 9.15e-13, 5.38e-11
2020-12-27, 11:49:47, 9.71e-13, 5.44e-11
2020-12-27, 11:49:52, 8.66e-13, 5.39e-11
2020-12-27, 11:49:56, 9.08e-13, 5.4e-11
2020-12-27, 11:50:00, 8.54e-13, 5.4e-11
2020-12-27, 11:50:04, 9.9e-13, 5.4e-11
2020-12-27, 11:50:08, 1.03e-12, 5.4e-11
2020-12-27, 11:50:13, 9.22e-13, 5.39e-11
2020-12-27, 11:50:17, 9.29e-13, 5.4e-11
2020-12-27, 11:50:21, 9.61e-13, 5.41e-11
2020-12-27, 11:50:25, 9.33e-13, 5.42e-11
2020-12-27, 11:50:30, 9.81e-13, 5.42e-11
2020-12-27, 11:50:34, 9.62e-13, 5.43e-11
2020-12-27, 11:50:38, 8.51e-13, 5.42e-11
2020-12-27, 11:50:42, 9.21e-13, 5.44e-11
2020-12-27, 11:50:46, 9.2e-13, 5.41e-11
2020-12-27, 11:50:51, 9.72e-13, 5.42e-11
2020-12-27, 11:50:56, 9.1e-13, 5.47e-11
2020-12-27, 11:51:00, 8.48e-13, 5.43e-11
2020-12-27, 11:51:04, 9.66e-13, 5.43e-11
2020-12-27, 11:51:08, 9.41e-13, 5.41e-11
2020-12-27, 11:51:13, 9.2e-13, 5.42e-11
2020-12-27, 11:51:17, 8.23e-13, 5.44e-11
2020-12-27, 11:51:21, 9.04e-13, 5.42e-11
2020-12-27, 11:51:27, 9.19e-13, 5.4e-11
2020-12-27, 11:51:31, 9.36e-13, 5.43e-11
2020-12-27, 11:51:36, 9.78e-13, 5.42e-11
2020-12-27, 11:51:40, 8.93e-13, 5.41e-11
2020-12-27, 11:51:44, 8.94e-13, 5.41e-11
2020-12-27, 11:51:48, 9.98e-13, 5.44e-11
2020-12-27, 11:51:53, 1.02e-12, 5.42e-11
2020-12-27, 11:51:57, 9.85e-13, 5.43e-11
2020-12-27, 11:52:01, 9.37e-13, 5.41e-11
2020-12-27, 11:52:06, 1.07e-12, 5.42e-11
2020-12-27, 11:52:10, 8.28e-13, 5.4e-11
2020-12-27, 11:52:14, 9.5e-13, 5.45e-11
2020-12-27, 11:52:18, 8.84e-13, 5.44e-11
2020-12-27, 11:52:23, 8.82e-13, 5.44e-11
2020-12-27, 11:52:27, 9.09e-13, 5.41e-11
2020-12-27, 11:52:31, 7.67e-13, 5.41e-11
2020-12-27, 11:52:35, 7.8e-13, 5.42e-11
2020-12-27, 11:52:39, 8.4e-13, 5.44e-11
2020-12-27, 11:52:44, 9.1e-13, 5.41e-11
2020-12-27, 11:52:48, 9.38e-13, 5.4e-11
2020-12-27, 11:52:52, 9.43e-13, 5.42e-11
2020-12-27, 11:52:56, 9.42e-13, 5.42e-11
2020-12-27, 11:53:01, 9.2e-13, 5.4e-11
2020-12-27, 11:53:05, 9.67e-13, 5.41e-11
2020-12-27, 11:53:09, 1.06e-12, 5.43e-11
2020-12-27, 11:53:13, 9.05e-13, 5.41e-11
2020-12-27, 11:53:17, 8.8e-13, 5.4e-11
2020-12-27, 11:53:22, 8.88e-13, 5.39e-11
2020-12-27, 11:53:26, 9.1e-13, 5.37e-11
2020-12-27, 11:53:30, 9.41e-13, 5.4e-11
2020-12-27, 11:53:34, 9.11e-13, 5.4e-11
2020-12-27, 11:53:39, 8.79e-13, 5.41e-11
2020-12-27, 11:53:43, 9.18e-13, 5.45e-11
2020-12-27, 11:53:47, 9.53e-13, 5.42e-11
2020-12-27, 11:53:51, 9.29e-13, 5.42e-11
2020-12-27, 11:53:55, 8.86e-13, 5.43e-11
2020-12-27, 11:54:00, 8.76e-13, 5.42e-11
2020-12-27, 11:54:04, 9.16e-13, 5.42e-11
2020-12-27, 11:54:08, 9.64e-13, 5.38e-11
2020-12-27, 11:54:12, 9.37e-13, 5.4e-11
2020-12-27, 11:54:17, 9.13e-13, 5.46e-11
2020-12-27, 11:54:21, 8.85e-13, 5.39e-11
2020-12-27, 11:54:25, 1.07e-12, 5.4e-11
2020-12-27, 11:54:29, 9.59e-13, 5.42e-11
2020-12-27, 11:54:33, 9.76e-13, 5.42e-11
2020-12-27, 11:54:38, 9.33e-13, 5.43e-11
2020-12-27, 11:54:42, 8.34e-13, 5.41e-11
2020-12-27, 11:54:46, 9.47e-13, 5.4e-11
2020-12-27, 11:54:50, 1.05e-12, 5.4e-11
2020-12-27, 11:54:55, 8.64e-13, 5.45e-11
2020-12-27, 11:54:59, 9.17e-13, 5.41e-11
2020-12-27, 11:55:03, 8.88e-13, 5.42e-11
2020-12-27, 11:55:07, 9.34e-13, 5.42e-11
2020-12-27, 11:55:11, 9.62e-13, 5.42e-11
2020-12-27, 11:55:16, 8.56e-13, 5.4e-11
2020-12-27, 11:55:20, 9.25e-13, 5.44e-11
2020-12-27, 11:55:24, 9.22e-13, 5.4e-11
2020-12-27, 11:55:28, 9.25e-13, 5.41e-11
2020-12-27, 11:55:33, 8.95e-13, 5.44e-11
2020-12-27, 11:55:37, 9.47e-13, 5.42e-11
2020-12-27, 11:55:41, 1.03e-12, 5.41e-11
2020-12-27, 11:55:45, 8.95e-13, 5.41e-11
2020-12-27, 11:55:49, 9.24e-13, 5.46e-11
2020-12-27, 11:55:54, 1.01e-12, 5.39e-11
2020-12-27, 11:55:58, 8.84e-13, 5.42e-11
2020-12-27, 11:56:02, 9.37e-13, 5.42e-11
2020-12-27, 11:56:06, 9.1e-13, 5.43e-11
2020-12-27, 11:56:11, 9.47e-13, 5.4e-11
2020-12-27, 11:56:15, 9.12e-13, 5.41e-11
2020-12-27, 11:56:19, 9.96e-13, 5.42e-11
2020-12-27, 11:56:23, 9.27e-13, 5.41e-11
2020-12-27, 11:56:27, 8.84e-13, 5.41e-11
2020-12-27, 11:56:32, 9.42e-13, 5.43e-11
2020-12-27, 11:56:36, 1.01e-12, 5.41e-11
2020-12-27, 11:56:40, 9.3e-13, 5.4e-11
2020-12-27, 11:56:44, 9.59e-13, 5.44e-11
2020-12-27, 11:56:49, 9.7e-13, 5.41e-11
2020-12-27, 11:56:53, 9.29e-13, 5.43e-11
2020-12-27, 11:56:57, 9.45e-13, 5.41e-11
2020-12-27, 11:57:01, 8.83e-13, 5.43e-11
2020-12-27, 11:57:05, 9.45e-13, 5.43e-11
2020-12-27, 11:57:10, 9.02e-13, 5.39e-11
2020-12-27, 11:57:14, 1.03e-12, 5.41e-11
2020-12-27, 11:57:18, 1.01e-12, 5.39e-11
2020-12-27, 11:57:22, 1.09e-12, 5.41e-11
2020-12-27, 11:57:26, 9.31e-13, 5.42e-11
2020-12-27, 11:57:31, 9.34e-13, 5.42e-11
2020-12-27, 11:57:35, 9.21e-13, 5.42e-11
2020-12-27, 11:57:39, 8.22e-13, 5.44e-11
2020-12-27, 11:57:43, 1.11e-12, 5.42e-11
2020-12-27, 11:57:48, 9.18e-13, 5.43e-11
2020-12-27, 11:57:52, 9.37e-13, 5.41e-11
2020-12-27, 11:57:56, 9.6e-13, 5.41e-11
2020-12-27, 11:58:00, 8.58e-13, 5.42e-11
2020-12-27, 11:58:04, 9.73e-13, 5.41e-11
2020-12-27, 11:58:09, 9.31e-13, 5.39e-11
2020-12-27, 11:58:13, 8.67e-13, 5.41e-11
2020-12-27, 11:58:17, 9.07e-13, 5.38e-11
2020-12-27, 11:58:21, 8.7e-13, 5.39e-11
2020-12-27, 11:58:26, 9.05e-13, 5.42e-11
2020-12-27, 11:58:30, 8.98e-13, 5.4e-11
2020-12-27, 11:58:34, 8.43e-13, 5.41e-11
2020-12-27, 11:58:38, 9.31e-13, 5.39e-11
2020-12-27, 11:58:42, 9.71e-13, 5.4e-11
2020-12-27, 11:58:47, 9.77e-13, 5.41e-11
2020-12-27, 11:58:51, 8.88e-13, 5.41e-11
2020-12-27, 11:58:55, 9.04e-13, 5.41e-11
2020-12-27, 11:58:59, 9.84e-13, 5.41e-11
2020-12-27, 11:59:04, 8.8e-13, 5.41e-11
2020-12-27, 11:59:08, 8.95e-13, 5.42e-11
2020-12-27, 11:59:12, 1.01e-12, 5.4e-11
2020-12-27, 11:59:16, 9.71e-13, 5.41e-11
2020-12-27, 11:59:21, 9.83e-13, 5.41e-11
2020-12-27, 11:59:25, 9.75e-13, 5.41e-11
2020-12-27, 11:59:29, 8.92e-13, 5.45e-11
2020-12-27, 11:59:33, 9.22e-13, 5.44e-11
2020-12-27, 11:59:38, 8.5e-13, 5.42e-11
2020-12-27, 11:59:42, 9.02e-13, 5.4e-11
2020-12-27, 11:59:46, 8.89e-13, 5.4e-11
2020-12-27, 11:59:50, 8.43e-13, 5.4e-11
2020-12-27, 11:59:55, 8.36e-13, 5.42e-11
2020-12-27, 11:59:59, 8.96e-13, 5.41e-11
2020-12-27, 12:00:03, 1.04e-12, 5.42e-11
2020-12-27, 12:00:08, 8.91e-13, 5.39e-11
2020-12-27, 12:00:12, 9.57e-13, 5.39e-11
2020-12-27, 12:00:16, 9.07e-13, 5.41e-11
2020-12-27, 12:00:20, 8.62e-13, 5.42e-11
2020-12-27, 12:00:24, 8.62e-13, 5.41e-11
2020-12-27, 12:00:33, 8.97e-13, 5.44e-11
2020-12-27, 12:00:38, 9.34e-13, 5.37e-11
2020-12-27, 12:00:42, 9.79e-13, 5.38e-11
2020-12-27, 12:00:46, 8.44e-13, 5.39e-11
2020-12-27, 12:00:50, 9.68e-13, 5.41e-11
2020-12-27, 12:00:54, 8.96e-13, 5.43e-11
2020-12-27, 12:00:59, 8.93e-13, 5.41e-11
2020-12-27, 12:01:03, 9.34e-13, 5.46e-11
2020-12-27, 12:01:07, 9.37e-13, 5.43e-11
2020-12-27, 12:01:11, 9.22e-13, 5.4e-11
2020-12-27, 12:01:16, 9.73e-13, 5.44e-11
2020-12-27, 12:01:20, 9.23e-13, 5.44e-11
2020-12-27, 12:01:24, 9.65e-13, 5.4e-11
2020-12-27, 12:01:28, 9.97e-13, 5.41e-11
2020-12-27, 12:01:32, 9.78e-13, 5.41e-11
2020-12-27, 12:01:37, 8.7e-13, 5.42e-11
2020-12-27, 12:01:41, 8.94e-13, 5.42e-11
2020-12-27, 12:01:45, 9.43e-13, 5.44e-11
2020-12-27, 12:01:49, 9.1e-13, 5.4e-11
2020-12-27, 12:01:54, 9.53e-13, 5.41e-11
2020-12-27, 12:01:58, 8.68e-13, 5.39e-11
2020-12-27, 12:02:02, 1.01e-12, 5.41e-11
2020-12-27, 12:02:06, 9.71e-13, 5.39e-11
2020-12-27, 12:02:10, 8.7e-13, 5.4e-11
2020-12-27, 12:02:15, 8.77e-13, 5.42e-11
2020-12-27, 12:02:19, 9.58e-13, 5.41e-11
2020-12-27, 12:02:23, 9.87e-13, 5.42e-11
2020-12-27, 12:02:27, 9.16e-13, 5.43e-11
2020-12-27, 12:02:32, 9.12e-13, 5.44e-11
2020-12-27, 12:02:36, 9e-13, 5.41e-11
2020-12-27, 12:02:40, 8.87e-13, 5.43e-11
2020-12-27, 12:02:44, 8.68e-13, 5.4e-11
2020-12-27, 12:02:48, 9.2e-13, 5.39e-11
2020-12-27, 12:02:53, 9.27e-13, 5.41e-11
2020-12-27, 12:02:57, 9.52e-13, 5.39e-11
2020-12-27, 12:03:01, 9.18e-13, 5.41e-11
2020-12-27, 12:03:05, 9.58e-13, 5.45e-11
2020-12-27, 12:03:09, 9.08e-13, 5.42e-11
2020-12-27, 12:03:14, 9.58e-13, 5.43e-11
2020-12-27, 12:03:18, 8.98e-13, 5.44e-11
2020-12-27, 12:03:22, 8.47e-13, 5.47e-11
2020-12-27, 12:03:26, 8.96e-13, 5.39e-11
2020-12-27, 12:03:31, 9e-13, 5.4e-11
2020-12-27, 12:03:35, 9.08e-13, 5.42e-11
2020-12-27, 12:03:39, 8.82e-13, 5.43e-11
2020-12-27, 12:03:43, 9.13e-13, 5.43e-11
2020-12-27, 12:03:47, 9.32e-13, 5.4e-11
2020-12-27, 12:03:52, 1.01e-12, 5.4e-11
2020-12-27, 12:03:56, 9.21e-13, 5.41e-11
2020-12-27, 12:04:00, 8.81e-13, 5.44e-11
2020-12-27, 12:04:04, 8.9e-13, 5.4e-11
2020-12-27, 12:04:09, 9.16e-13, 5.41e-11
2020-12-27, 12:04:13, 9.49e-13, 5.41e-11
2020-12-27, 12:04:17, 8.85e-13, 5.43e-11
2020-12-27, 12:04:21, 9.21e-13, 5.41e-11
2020-12-27, 12:04:25, 8.93e-13, 5.43e-11
2020-12-27, 12:04:30, 7.76e-13, 5.41e-11
2020-12-27, 12:04:34, 1.05e-12, 5.42e-11
2020-12-27, 12:04:38, 9.1e-13, 5.4e-11
2020-12-27, 12:04:42, 9.51e-13, 5.4e-11
2020-12-27, 12:04:47, 9.38e-13, 5.39e-11
2020-12-27, 12:04:51, 9.2e-13, 5.39e-11
2020-12-27, 12:04:55, 1.01e-12, 5.4e-11
2020-12-27, 12:04:59, 9.61e-13, 5.38e-11
2020-12-27, 12:05:03, 9.32e-13, 5.39e-11
2020-12-27, 12:05:08, 8.48e-13, 5.41e-11
2020-12-27, 12:05:12, 9.82e-13, 5.39e-11
2020-12-27, 12:05:16, 9.92e-13, 5.41e-11
2020-12-27, 12:05:20, 9.77e-13, 5.41e-11
2020-12-27, 12:05:25, 9.04e-13, 5.42e-11
2020-12-27, 12:05:29, 9.32e-13, 5.42e-11
2020-12-27, 12:05:33, 9.31e-13, 5.4e-11
2020-12-27, 12:05:37, 9.87e-13, 5.41e-11
2020-12-27, 12:05:41, 9.35e-13, 5.42e-11
2020-12-27, 12:05:46, 8.71e-13, 5.39e-11
2020-12-27, 12:05:50, 1.01e-12, 5.44e-11
2020-12-27, 12:05:54, 9.6e-13, 5.45e-11
2020-12-27, 12:05:58, 9.95e-13, 5.42e-11
2020-12-27, 12:06:03, 8.9e-13, 5.43e-11
2020-12-27, 12:06:07, 8.69e-13, 5.41e-11
2020-12-27, 12:06:11, 9.56e-13, 5.44e-11
2020-12-27, 12:06:15, 9.96e-13, 5.41e-11
2020-12-27, 12:06:19, 9.37e-13, 5.42e-11
2020-12-27, 12:06:24, 9.11e-13, 5.4e-11
2020-12-27, 12:06:28, 8.95e-13, 5.41e-11
2020-12-27, 12:06:32, 9.27e-13, 5.45e-11
2020-12-27, 12:06:36, 1.11e-12, 5.42e-11
2020-12-27, 12:06:40, 8.63e-13, 5.41e-11
2020-12-27, 12:06:45, 9.76e-13, 5.41e-11
2020-12-27, 12:06:49, 1.01e-12, 5.39e-11
2020-12-27, 12:06:53, 8.82e-13, 5.43e-11
2020-12-27, 12:06:57, 8.72e-13, 5.39e-11
2020-12-27, 12:07:02, 9.06e-13, 5.42e-11
2020-12-27, 12:07:06, 9.01e-13, 5.42e-11
2020-12-27, 12:07:10, 9.9e-13, 5.42e-11
2020-12-27, 12:07:14, 9.26e-13, 5.39e-11
2020-12-27, 12:07:18, 1e-12, 5.43e-11
2020-12-27, 12:07:23, 8.99e-13, 5.43e-11
2020-12-27, 12:07:27, 9.18e-13, 5.39e-11
2020-12-27, 12:07:31, 8.99e-13, 5.37e-11
2020-12-27, 12:07:35, 9.95e-13, 5.39e-11
2020-12-27, 12:07:40, 8.97e-13, 5.41e-11
2020-12-27, 12:07:44, 9.13e-13, 5.39e-11
2020-12-27, 12:07:48, 9.37e-13, 5.4e-11
2020-12-27, 12:07:52, 9.42e-13, 5.39e-11
2020-12-27, 12:07:56, 9.83e-13, 5.4e-11
2020-12-27, 12:08:01, 8.93e-13, 5.39e-11
2020-12-27, 12:08:05, 9.51e-13, 5.41e-11
2020-12-27, 12:08:09, 9.02e-13, 5.42e-11
2020-12-27, 12:08:13, 8.65e-13, 5.41e-11
2020-12-27, 12:08:18, 9.32e-13, 5.4e-11
2020-12-27, 12:08:22, 8.98e-13, 5.4e-11
2020-12-27, 12:08:26, 9.45e-13, 5.4e-11
2020-12-27, 12:08:30, 9.23e-13, 5.42e-11
2020-12-27, 12:08:34, 9.31e-13, 5.41e-11
2020-12-27, 12:08:39, 9.5e-13, 5.44e-11
2020-12-27, 12:08:43, 9.13e-13, 5.41e-11
2020-12-27, 12:08:47, 8.95e-13, 5.41e-11
2020-12-27, 12:08:51, 9.33e-13, 5.42e-11
2020-12-27, 12:08:56, 9.28e-13, 5.43e-11
2020-12-27, 12:09:00, 8.81e-13, 5.41e-11
2020-12-27, 12:09:04, 9.5e-13, 5.41e-11
2020-12-27, 12:09:08, 9.56e-13, 5.44e-11
2020-12-27, 12:09:12, 9.2e-13, 5.43e-11
2020-12-27, 12:09:17, 9.17e-13, 5.42e-11
2020-12-27, 12:09:21, 9.48e-13, 5.44e-11
2020-12-27, 12:09:25, 8.68e-13, 5.43e-11
2020-12-27, 12:09:29, 8.99e-13, 5.45e-11
2020-12-27, 12:09:34, 1.02e-12, 5.42e-11
2020-12-27, 12:09:38, 8.8e-13, 5.39e-11
2020-12-27, 12:09:42, 9.41e-13, 5.4e-11
2020-12-27, 12:09:46, 9.21e-13, 5.38e-11
2020-12-27, 12:09:50, 9.91e-13, 5.41e-11
2020-12-27, 12:09:55, 9.59e-13, 5.41e-11
2020-12-27, 12:09:59, 9.81e-13, 5.43e-11
2020-12-27, 12:10:03, 9.62e-13, 5.42e-11
2020-12-27, 12:10:07, 9.08e-13, 5.44e-11
2020-12-27, 12:10:11, 9.13e-13, 5.42e-11
2020-12-27, 12:10:16, 9.22e-13, 5.43e-11
2020-12-27, 12:10:20, 9.71e-13, 5.43e-11
2020-12-27, 12:10:24, 9.27e-13, 5.41e-11
2020-12-27, 12:10:28, 9.66e-13, 5.41e-11
2020-12-27, 12:10:33, 9.11e-13, 5.4e-11
2020-12-27, 12:10:37, 9.26e-13, 5.44e-11
2020-12-27, 12:10:41, 1.08e-12, 5.41e-11
2020-12-27, 12:10:45, 9.43e-13, 5.41e-11
2020-12-27, 12:10:49, 9.95e-13, 5.42e-11
2020-12-27, 12:10:54, 8.89e-13, 5.41e-11
2020-12-27, 12:10:58, 9.12e-13, 5.42e-11
2020-12-27, 12:11:02, 9.03e-13, 5.43e-11
2020-12-27, 12:11:06, 9.19e-13, 5.43e-11
2020-12-27, 12:11:11, 9.26e-13, 5.41e-11
2020-12-27, 12:11:15, 1e-12, 5.41e-11
2020-12-27, 12:11:19, 9.71e-13, 5.4e-11
2020-12-27, 12:11:23, 9.61e-13, 5.4e-11
2020-12-27, 12:11:27, 9.06e-13, 5.45e-11
2020-12-27, 12:11:32, 9.17e-13, 5.44e-11
2020-12-27, 12:11:36, 9.79e-13, 5.41e-11
2020-12-27, 12:11:40, 8.85e-13, 5.41e-11
2020-12-27, 12:11:44, 9.99e-13, 5.42e-11
2020-12-27, 12:11:49, 9.71e-13, 5.39e-11
2020-12-27, 12:11:53, 9.67e-13, 5.41e-11
2020-12-27, 12:11:57, 9.35e-13, 5.43e-11
2020-12-27, 12:12:01, 9.57e-13, 5.41e-11
2020-12-27, 12:12:05, 9.48e-13, 5.43e-11
2020-12-27, 12:12:10, 9.38e-13, 5.41e-11
2020-12-27, 12:12:14, 9.13e-13, 5.4e-11
2020-12-27, 12:12:18, 1.07e-12, 5.41e-11
2020-12-27, 12:12:22, 9.2e-13, 5.4e-11
2020-12-27, 12:12:27, 1.01e-12, 5.42e-11
2020-12-27, 12:12:31, 9.08e-13, 5.42e-11
2020-12-27, 12:12:35, 9.41e-13, 5.43e-11
2020-12-27, 12:12:39, 9.13e-13, 5.43e-11
2020-12-27, 12:12:43, 9.05e-13, 5.43e-11
2020-12-27, 12:12:48, 9.16e-13, 5.43e-11
2020-12-27, 12:12:52, 9.87e-13, 5.39e-11
2020-12-27, 12:12:56, 9.3e-13, 5.42e-11
2020-12-27, 12:13:00, 9.13e-13, 5.45e-11
2020-12-27, 12:13:05, 1e-12, 5.43e-11
2020-12-27, 12:13:09, 9.11e-13, 5.43e-11
2020-12-27, 12:13:13, 9.95e-13, 5.43e-11
2020-12-27, 12:13:17, 8.9e-13, 5.43e-11
2020-12-27, 12:13:21, 9.28e-13, 5.47e-11
2020-12-27, 12:13:26, 9.94e-13, 5.42e-11
2020-12-27, 12:13:30, 9.08e-13, 5.43e-11
2020-12-27, 12:13:34, 8.87e-13, 5.4e-11
2020-12-27, 12:13:38, 9.42e-13, 5.43e-11
2020-12-27, 12:13:42, 9.39e-13, 5.46e-11
2020-12-27, 12:13:47, 1.05e-12, 5.47e-11
2020-12-27, 12:13:51, 9.23e-13, 5.45e-11
2020-12-27, 12:13:55, 8.66e-13, 5.42e-11
2020-12-27, 12:13:59, 8.31e-13, 5.42e-11
2020-12-27, 12:14:04, 9.42e-13, 5.44e-11
2020-12-27, 12:14:08, 9.34e-13, 5.39e-11
2020-12-27, 12:14:12, 9.62e-13, 5.42e-11
2020-12-27, 12:14:16, 9.19e-13, 5.45e-11
2020-12-27, 12:14:20, 9.43e-13, 5.42e-11
2020-12-27, 12:14:25, 8.49e-13, 5.4e-11
2020-12-27, 12:14:29, 9.4e-13, 5.44e-11
2020-12-27, 12:14:33, 9.2e-13, 5.48e-11
2020-12-27, 12:14:37, 9.08e-13, 5.44e-11
2020-12-27, 12:14:42, 9.51e-13, 5.41e-11
2020-12-27, 12:14:46, 9.57e-13, 5.42e-11
2020-12-27, 12:14:50, 9.79e-13, 5.45e-11
2020-12-27, 12:14:54, 9.33e-13, 5.45e-11
2020-12-27, 12:14:58, 8.82e-13, 5.41e-11
2020-12-27, 12:15:03, 9.15e-13, 5.42e-11
2020-12-27, 12:15:07, 9.67e-13, 5.43e-11
2020-12-27, 12:15:11, 1.03e-12, 5.45e-11
2020-12-27, 12:15:15, 8.69e-13, 5.48e-11
2020-12-27, 12:15:20, 9.02e-13, 5.41e-11
2020-12-27, 12:15:24, 9.05e-13, 5.43e-11
2020-12-27, 12:15:28, 9.44e-13, 5.43e-11
2020-12-27, 12:15:32, 1.03e-12, 5.42e-11
2020-12-27, 12:15:36, 9.11e-13, 5.42e-11
2020-12-27, 12:15:41, 9.43e-13, 5.46e-11
2020-12-27, 12:15:45, 9.33e-13, 5.44e-11
2020-12-27, 12:15:49, 8.86e-13, 5.42e-11
2020-12-27, 12:15:53, 9.47e-13, 5.42e-11
2020-12-27, 12:15:58, 8.77e-13, 5.44e-11
2020-12-27, 12:16:02, 8.93e-13, 5.43e-11
2020-12-27, 12:16:06, 8.42e-13, 5.44e-11
2020-12-27, 12:16:10, 7.67e-13, 5.44e-11
2020-12-27, 12:16:14, 8.9e-13, 5.39e-11
2020-12-27, 12:16:19, 9.43e-13, 5.41e-11
2020-12-27, 12:16:23, 9.77e-13, 5.4e-11
2020-12-27, 12:16:27, 9.76e-13, 5.41e-11
2020-12-27, 12:16:31, 9.63e-13, 5.43e-11
2020-12-27, 12:16:36, 9.02e-13, 5.41e-11
2020-12-27, 12:16:40, 8.34e-13, 5.44e-11
2020-12-27, 12:16:44, 9.64e-13, 5.4e-11
2020-12-27, 12:16:48, 9.07e-13, 5.4e-11
2020-12-27, 12:16:52, 8.72e-13, 5.41e-11
2020-12-27, 12:16:57, 9.2e-13, 5.42e-11
2020-12-27, 12:17:01, 9.84e-13, 5.43e-11
2020-12-27, 12:17:05, 9.97e-13, 5.47e-11
2020-12-27, 12:17:09, 9.39e-13, 5.44e-11
2020-12-27, 12:17:14, 9.64e-13, 5.42e-11
2020-12-27, 12:17:18, 9.1e-13, 5.42e-11
2020-12-27, 12:17:22, 9.06e-13, 5.42e-11
2020-12-27, 12:17:26, 7.76e-13, 5.4e-11
2020-12-27, 12:17:30, 9.08e-13, 5.43e-11
2020-12-27, 12:17:35, 9.17e-13, 5.39e-11
2020-12-27, 12:17:39, 9.76e-13, 5.41e-11
2020-12-27, 12:17:43, 8.64e-13, 5.41e-11
2020-12-27, 12:17:47, 8.9e-13, 5.41e-11
2020-12-27, 12:17:52, 9.15e-13, 5.36e-11
2020-12-27, 12:17:56, 9.56e-13, 5.38e-11
2020-12-27, 12:18:00, 9.25e-13, 5.38e-11
2020-12-27, 12:18:04, 9.97e-13, 5.41e-11
2020-12-27, 12:18:08, 9.27e-13, 5.39e-11
2020-12-27, 12:18:13, 8.93e-13, 5.41e-11
2020-12-27, 12:18:17, 1.02e-12, 5.4e-11
2020-12-27, 12:18:21, 9e-13, 5.38e-11
2020-12-27, 12:18:25, 9.16e-13, 5.4e-11
2020-12-27, 12:18:30, 9.11e-13, 5.4e-11
2020-12-27, 12:18:34, 8.92e-13, 5.41e-11
2020-12-27, 12:18:38, 9.04e-13, 5.41e-11
2020-12-27, 12:18:42, 8.57e-13, 5.41e-11
2020-12-27, 12:18:46, 8.92e-13, 5.43e-11
2020-12-27, 12:18:51, 9.42e-13, 5.4e-11
2020-12-27, 12:18:55, 8.96e-13, 5.39e-11
2020-12-27, 12:18:59, 9.77e-13, 5.39e-11
2020-12-27, 12:19:03, 8.75e-13, 5.41e-11
2020-12-27, 12:19:08, 9.15e-13, 5.46e-11
2020-12-27, 12:19:12, 9.28e-13, 5.4e-11
2020-12-27, 12:19:16, 8.67e-13, 5.43e-11
2020-12-27, 12:19:20, 8.99e-13, 5.44e-11
2020-12-27, 12:19:24, 9.39e-13, 5.42e-11
2020-12-27, 12:19:29, 8.19e-13, 5.45e-11
2020-12-27, 12:19:33, 9.4e-13, 5.43e-11
2020-12-27, 12:19:37, 9.83e-13, 5.46e-11
2020-12-27, 12:19:41, 9.35e-13, 5.42e-11
2020-12-27, 12:19:45, 9.6e-13, 5.44e-11
2020-12-27, 12:19:50, 9.37e-13, 5.42e-11
2020-12-27, 12:19:54, 9.66e-13, 5.44e-11
2020-12-27, 12:19:58, 9.08e-13, 5.4e-11
2020-12-27, 12:20:02, 1.05e-12, 5.38e-11
2020-12-27, 12:20:07, 9.03e-13, 5.41e-11
2020-12-27, 12:20:11, 8.97e-13, 5.38e-11
2020-12-27, 12:20:15, 9.29e-13, 5.37e-11
2020-12-27, 12:20:19, 1.01e-12, 5.42e-11
2020-12-27, 12:20:23, 1.04e-12, 5.44e-11
2020-12-27, 12:20:28, 9.39e-13, 5.42e-11
2020-12-27, 12:20:32, 9.53e-13, 5.44e-11
2020-12-27, 12:20:36, 9.83e-13, 5.43e-11
2020-12-27, 12:20:40, 9.23e-13, 5.39e-11
2020-12-27, 12:20:45, 9.83e-13, 5.4e-11
2020-12-27, 12:20:49, 9.34e-13, 5.4e-11
2020-12-27, 12:20:53, 9.36e-13, 5.39e-11
2020-12-27, 12:20:57, 9.61e-13, 5.39e-11
2020-12-27, 12:21:01, 9.09e-13, 5.41e-11
2020-12-27, 12:21:06, 9.01e-13, 5.39e-11
2020-12-27, 12:21:10, 9.06e-13, 5.38e-11
2020-12-27, 12:21:14, 8.51e-13, 5.37e-11
2020-12-27, 12:21:18, 9.77e-13, 5.38e-11
2020-12-27, 12:21:23, 9.67e-13, 5.39e-11
2020-12-27, 12:21:27, 9.38e-13, 5.39e-11
2020-12-27, 12:21:31, 8.6e-13, 5.42e-11
2020-12-27, 12:21:35, 9.75e-13, 5.41e-11
2020-12-27, 12:21:39, 9.6e-13, 5.4e-11
2020-12-27, 12:21:44, 8.65e-13, 5.44e-11
2020-12-27, 12:21:48, 9.36e-13, 5.42e-11
2020-12-27, 12:21:52, 9.39e-13, 5.41e-11
2020-12-27, 12:21:56, 9.76e-13, 5.44e-11
2020-12-27, 12:22:01, 9.11e-13, 5.45e-11
2020-12-27, 12:22:05, 1.07e-12, 5.44e-11
2020-12-27, 12:22:09, 9.44e-13, 5.43e-11
2020-12-27, 12:22:13, 9.46e-13, 5.41e-11
2020-12-27, 12:22:17, 9.11e-13, 5.44e-11
2020-12-27, 12:22:22, 9.83e-13, 5.42e-11
2020-12-27, 12:22:26, 1.02e-12, 5.44e-11
2020-12-27, 12:22:30, 9.74e-13, 5.4e-11
2020-12-27, 12:22:34, 8.96e-13, 5.39e-11
2020-12-27, 12:22:39, 9.03e-13, 5.37e-11
2020-12-27, 12:22:43, 8.39e-13, 5.39e-11
2020-12-27, 12:22:47, 8.77e-13, 5.4e-11
2020-12-27, 12:22:51, 8.94e-13, 5.39e-11
2020-12-27, 12:22:55, 8.89e-13, 5.4e-11
2020-12-27, 12:23:00, 9.14e-13, 5.4e-11
2020-12-27, 12:23:04, 9.84e-13, 5.4e-11
2020-12-27, 12:23:08, 9.5e-13, 5.42e-11
2020-12-27, 12:23:12, 8.47e-13, 5.42e-11
2020-12-27, 12:23:16, 9.4e-13, 5.45e-11
2020-12-27, 12:23:21, 9.17e-13, 5.42e-11
2020-12-27, 12:23:25, 9.43e-13, 5.41e-11
2020-12-27, 12:23:29, 8.34e-13, 5.39e-11
2020-12-27, 12:23:33, 9.08e-13, 5.39e-11
2020-12-27, 12:23:38, 9.4e-13, 5.42e-11
2020-12-27, 12:23:42, 7.6e-13, 5.39e-11
2020-12-27, 12:23:46, 8.73e-13, 5.39e-11
2020-12-27, 12:23:50, 9.55e-13, 5.43e-11
2020-12-27, 12:23:54, 9.42e-13, 5.44e-11
2020-12-27, 12:23:59, 9.3e-13, 5.42e-11
2020-12-27, 12:24:03, 8.96e-13, 5.41e-11
2020-12-27, 12:24:07, 9.14e-13, 5.42e-11
2020-12-27, 12:24:11, 9.95e-13, 5.41e-11
2020-12-27, 12:24:16, 9.58e-13, 5.38e-11
2020-12-27, 12:24:20, 9.47e-13, 5.4e-11
2020-12-27, 12:24:24, 9.06e-13, 5.41e-11
2020-12-27, 12:24:28, 9.2e-13, 5.4e-11
2020-12-27, 12:24:32, 9.18e-13, 5.42e-11
2020-12-27, 12:24:37, 9.34e-13, 5.42e-11
2020-12-27, 12:24:41, 9.97e-13, 5.41e-11
2020-12-27, 12:24:45, 8.87e-13, 5.43e-11
2020-12-27, 12:24:49, 9.82e-13, 5.42e-11
2020-12-27, 12:24:54, 9.63e-13, 5.4e-11
2020-12-27, 12:24:58, 8.78e-13, 5.41e-11
2020-12-27, 12:25:02, 8.9e-13, 5.4e-11
2020-12-27, 12:25:06, 8.86e-13, 5.41e-11
2020-12-27, 12:25:10, 9.95e-13, 5.4e-11
2020-12-27, 12:25:15, 9.21e-13, 5.4e-11
2020-12-27, 12:25:19, 9.1e-13, 5.4e-11
2020-12-27, 12:25:23, 9.05e-13, 5.4e-11
2020-12-27, 12:25:27, 9.27e-13, 5.41e-11
2020-12-27, 12:25:32, 9.4e-13, 5.42e-11
2020-12-27, 12:25:36, 9.64e-13, 5.37e-11
2020-12-27, 12:25:40, 8.67e-13, 5.39e-11
2020-12-27, 12:25:44, 9.89e-13, 5.44e-11
2020-12-27, 12:25:48, 8e-13, 5.43e-11
2020-12-27, 12:25:53, 1.04e-12, 5.43e-11
2020-12-27, 12:25:57, 9.55e-13, 5.39e-11
2020-12-27, 12:26:01, 9.72e-13, 5.42e-11
2020-12-27, 12:26:05, 9.56e-13, 5.41e-11
2020-12-27, 12:26:10, 9.81e-13, 5.42e-11
2020-12-27, 12:26:14, 1.03e-12, 5.41e-11
2020-12-27, 12:26:18, 9.72e-13, 5.46e-11
2020-12-27, 12:26:22, 8.87e-13, 5.42e-11
2020-12-27, 12:26:26, 9.11e-13, 5.41e-11
2020-12-27, 12:26:31, 9.51e-13, 5.41e-11
2020-12-27, 12:26:35, 8.91e-13, 5.44e-11
2020-12-27, 12:26:39, 9.22e-13, 5.46e-11
2020-12-27, 12:26:43, 9.21e-13, 5.39e-11
2020-12-27, 12:26:48, 8.73e-13, 5.42e-11
2020-12-27, 12:26:52, 9.9e-13, 5.42e-11
2020-12-27, 12:26:56, 9.33e-13, 5.45e-11
2020-12-27, 12:27:00, 9.16e-13, 5.43e-11
2020-12-27, 12:27:04, 8.6e-13, 5.4e-11
2020-12-27, 12:27:09, 9.28e-13, 5.43e-11
2020-12-27, 12:27:13, 9.07e-13, 5.41e-11
2020-12-27, 12:27:17, 1e-12, 5.41e-11
2020-12-27, 12:27:21, 9.05e-13, 5.43e-11
2020-12-27, 12:27:26, 9.68e-13, 5.41e-11
2020-12-27, 12:27:30, 9.4e-13, 5.42e-11
2020-12-27, 12:27:34, 8.53e-13, 5.41e-11
2020-12-27, 12:27:38, 9.08e-13, 5.41e-11
2020-12-27, 12:27:42, 9.06e-13, 5.43e-11
2020-12-27, 12:27:47, 9.57e-13, 5.39e-11
2020-12-27, 12:27:51, 9.1e-13, 5.41e-11
2020-12-27, 12:27:55, 9.12e-13, 5.41e-11
2020-12-27, 12:27:59, 9.06e-13, 5.41e-11
2020-12-27, 12:28:04, 9.47e-13, 5.42e-11
2020-12-27, 12:28:08, 8.78e-13, 5.44e-11
2020-12-27, 12:28:12, 9.88e-13, 5.43e-11
2020-12-27, 12:28:16, 9.67e-13, 5.4e-11
2020-12-27, 12:28:20, 9.21e-13, 5.42e-11
2020-12-27, 12:28:25, 9.55e-13, 5.4e-11
2020-12-27, 12:28:29, 9.75e-13, 5.41e-11
2020-12-27, 12:28:33, 1e-12, 5.43e-11
2020-12-27, 12:28:37, 9.36e-13, 5.42e-11
2020-12-27, 12:28:41, 9.65e-13, 5.43e-11
2020-12-27, 12:28:46, 8.75e-13, 5.41e-11
2020-12-27, 12:28:50, 8.64e-13, 5.44e-11
2020-12-27, 12:28:54, 9.12e-13, 5.43e-11
2020-12-27, 12:28:58, 9.05e-13, 5.4e-11
2020-12-27, 12:29:03, 9.68e-13, 5.43e-11
2020-12-27, 12:29:07, 9.31e-13, 5.43e-11
2020-12-27, 12:29:11, 9.01e-13, 5.45e-11
2020-12-27, 12:29:15, 9.08e-13, 5.41e-11
2020-12-27, 12:29:19, 9.65e-13, 5.38e-11
2020-12-27, 12:29:24, 9.69e-13, 5.41e-11
2020-12-27, 12:29:28, 8.75e-13, 5.4e-11
2020-12-27, 12:29:32, 9.11e-13, 5.41e-11
2020-12-27, 12:29:36, 1.14e-12, 5.44e-11
2020-12-27, 12:29:41, 9.41e-13, 5.4e-11
2020-12-27, 12:29:45, 9.42e-13, 5.44e-11
2020-12-27, 12:29:49, 1.02e-12, 5.44e-11
2020-12-27, 12:29:53, 9.36e-13, 5.45e-11
2020-12-27, 12:29:57, 9.18e-13, 5.44e-11
2020-12-27, 12:30:02, 9.36e-13, 5.42e-11
2020-12-27, 12:30:06, 9.76e-13, 5.4e-11
2020-12-27, 12:30:10, 8.96e-13, 5.42e-11
2020-12-27, 12:30:15, 9.38e-13, 5.42e-11
2020-12-27, 12:30:19, 8.91e-13, 5.45e-11
2020-12-27, 12:30:23, 8.57e-13, 5.43e-11
2020-12-27, 12:30:27, 9.31e-13, 5.43e-11
2020-12-27, 12:30:32, 9.84e-13, 5.44e-11
2020-12-27, 12:30:36, 9.54e-13, 5.42e-11
2020-12-27, 12:30:40, 9.52e-13, 5.39e-11
2020-12-27, 12:30:44, 9.39e-13, 5.4e-11
2020-12-27, 12:30:48, 9.15e-13, 5.39e-11
2020-12-27, 12:30:53, 9.37e-13, 5.41e-11
2020-12-27, 12:30:57, 9.73e-13, 5.4e-11
2020-12-27, 12:31:01, 9.5e-13, 5.4e-11
2020-12-27, 12:31:05, 8.96e-13, 5.4e-11
2020-12-27, 12:31:10, 1.04e-12, 5.43e-11
2020-12-27, 12:31:14, 9.66e-13, 5.44e-11
2020-12-27, 12:31:18, 9.43e-13, 5.44e-11
2020-12-27, 12:31:22, 1.11e-12, 5.43e-11
2020-12-27, 12:31:26, 9.73e-13, 5.43e-11
2020-12-27, 12:31:31, 9.47e-13, 5.45e-11
2020-12-27, 12:31:35, 9.77e-13, 5.41e-11
2020-12-27, 12:31:39, 9.4e-13, 5.45e-11
2020-12-27, 12:31:43, 8.99e-13, 5.43e-11
2020-12-27, 12:31:48, 9.86e-13, 5.44e-11
2020-12-27, 12:31:52, 9.12e-13, 5.47e-11
2020-12-27, 12:31:56, 9.38e-13, 5.45e-11
2020-12-27, 12:32:00, 8.97e-13, 5.44e-11
2020-12-27, 12:32:04, 9.28e-13, 5.43e-11
2020-12-27, 12:32:09, 9.5e-13, 5.44e-11
2020-12-27, 12:32:13, 9.46e-13, 5.46e-11
2020-12-27, 12:32:17, 9.48e-13, 5.44e-11
2020-12-27, 12:32:21, 9.06e-13, 5.45e-11
2020-12-27, 12:32:26, 8.98e-13, 5.42e-11
2020-12-27, 12:32:30, 9.53e-13, 5.47e-11
2020-12-27, 12:32:34, 8.78e-13, 5.43e-11
2020-12-27, 12:32:38, 9.96e-13, 5.46e-11
2020-12-27, 12:32:42, 9.28e-13, 5.44e-11
2020-12-27, 12:32:47, 9.77e-13, 5.43e-11
2020-12-27, 12:32:51, 9.19e-13, 5.43e-11
2020-12-27, 12:32:55, 9.59e-13, 5.43e-11
2020-12-27, 12:32:59, 9.11e-13, 5.44e-11
2020-12-27, 12:33:04, 9.28e-13, 5.45e-11
2020-12-27, 12:33:08, 9.26e-13, 5.47e-11
2020-12-27, 12:33:12, 9.55e-13, 5.42e-11
2020-12-27, 12:33:16, 8.98e-13, 5.42e-11
2020-12-27, 12:33:20, 9.02e-13, 5.41e-11
2020-12-27, 12:33:25, 9.44e-13, 5.45e-11
2020-12-27, 12:33:29, 9.09e-13, 5.44e-11
2020-12-27, 12:33:33, 9.84e-13, 5.43e-11
2020-12-27, 12:33:37, 8.07e-13, 5.43e-11
2020-12-27, 12:33:42, 8.79e-13, 5.45e-11
2020-12-27, 12:33:46, 8.9e-13, 5.43e-11
2020-12-27, 12:33:50, 9.98e-13, 5.42e-11
2020-12-27, 12:33:54, 9.78e-13, 5.42e-11
2020-12-27, 12:33:58, 8.8e-13, 5.45e-11
2020-12-27, 12:34:03, 9.06e-13, 5.43e-11
2020-12-27, 12:34:07, 9.18e-13, 5.41e-11
2020-12-27, 12:34:11, 9.39e-13, 5.42e-11
2020-12-27, 12:34:15, 9.27e-13, 5.41e-11
2020-12-27, 12:34:20, 9.05e-13, 5.42e-11
2020-12-27, 12:34:24, 1.01e-12, 5.4e-11
2020-12-27, 12:34:28, 9.75e-13, 5.44e-11
2020-12-27, 12:34:32, 9.36e-13, 5.39e-11
2020-12-27, 12:34:36, 9.36e-13, 5.43e-11
2020-12-27, 12:34:41, 9.77e-13, 5.39e-11
2020-12-27, 12:34:45, 9.2e-13, 5.41e-11
2020-12-27, 12:34:49, 9.39e-13, 5.4e-11
2020-12-27, 12:34:53, 9.61e-13, 5.38e-11
2020-12-27, 12:34:57, 9.22e-13, 5.4e-11
2020-12-27, 12:35:02, 9.8e-13, 5.41e-11
2020-12-27, 12:35:06, 9.47e-13, 5.4e-11
2020-12-27, 12:35:10, 9.82e-13, 5.39e-11
2020-12-27, 12:35:14, 9.27e-13, 5.41e-11
2020-12-27, 12:35:19, 9.35e-13, 5.42e-11
2020-12-27, 12:35:23, 9.03e-13, 5.44e-11
2020-12-27, 12:35:27, 8.42e-13, 5.44e-11
2020-12-27, 12:35:31, 9e-13, 5.43e-11
2020-12-27, 12:35:35, 9.49e-13, 5.4e-11
2020-12-27, 12:35:40, 1.02e-12, 5.41e-11
2020-12-27, 12:35:44, 9.87e-13, 5.41e-11
2020-12-27, 12:35:48, 9.43e-13, 5.41e-11
2020-12-27, 12:35:52, 9.56e-13, 5.4e-11
2020-12-27, 12:35:57, 9.66e-13, 5.42e-11
2020-12-27, 12:36:01, 8.6e-13, 5.41e-11
2020-12-27, 12:36:05, 9.71e-13, 5.39e-11
2020-12-27, 12:36:09, 8.67e-13, 5.41e-11
2020-12-27, 12:36:13, 9.27e-13, 5.41e-11
2020-12-27, 12:36:18, 9.04e-13, 5.43e-11
2020-12-27, 12:36:22, 9.38e-13, 5.43e-11
2020-12-27, 12:36:26, 8.97e-13, 5.42e-11
2020-12-27, 12:36:30, 9.65e-13, 5.45e-11
2020-12-27, 12:36:35, 9.92e-13, 5.41e-11
2020-12-27, 12:36:39, 9.01e-13, 5.44e-11
2020-12-27, 12:36:43, 8.75e-13, 5.43e-11
2020-12-27, 12:36:47, 9.81e-13, 5.44e-11
2020-12-27, 12:36:51, 9.54e-13, 5.42e-11
2020-12-27, 12:36:56, 9.33e-13, 5.42e-11
2020-12-27, 12:37:00, 9.09e-13, 5.42e-11
2020-12-27, 12:37:04, 9.43e-13, 5.43e-11
2020-12-27, 12:37:08, 9.52e-13, 5.42e-11
2020-12-27, 12:37:13, 9.86e-13, 5.41e-11
2020-12-27, 12:37:17, 9.43e-13, 5.43e-11
2020-12-27, 12:37:21, 9e-13, 5.44e-11
2020-12-27, 12:37:25, 9.59e-13, 5.44e-11
2020-12-27, 12:37:29, 8.7e-13, 5.42e-11
2020-12-27, 12:37:34, 9.36e-13, 5.41e-11
2020-12-27, 12:37:38, 1.01e-12, 5.39e-11
2020-12-27, 12:37:42, 9.04e-13, 5.42e-11
2020-12-27, 12:37:46, 9.31e-13, 5.42e-11
2020-12-27, 12:37:51, 1.1e-12, 5.42e-11
2020-12-27, 12:37:55, 8.92e-13, 5.44e-11
2020-12-27, 12:37:59, 9.55e-13, 5.4e-11
2020-12-27, 12:38:03, 8.86e-13, 5.41e-11
2020-12-27, 12:38:07, 9.62e-13, 5.4e-11
2020-12-27, 12:38:12, 9.41e-13, 5.41e-11
2020-12-27, 12:38:16, 9.06e-13, 5.4e-11
2020-12-27, 12:38:20, 1.06e-12, 5.4e-11
2020-12-27, 12:38:24, 9.22e-13, 5.39e-11
2020-12-27, 12:38:29, 9.28e-13, 5.41e-11
2020-12-27, 12:38:33, 9.36e-13, 5.41e-11
2020-12-27, 12:38:37, 9.8e-13, 5.41e-11
2020-12-27, 12:38:41, 9.73e-13, 5.42e-11
2020-12-27, 12:38:45, 9.19e-13, 5.4e-11
2020-12-27, 12:38:50, 9.74e-13, 5.42e-11
2020-12-27, 12:38:54, 8.94e-13, 5.44e-11
2020-12-27, 12:38:58, 9.21e-13, 5.42e-11
2020-12-27, 12:39:02, 9.52e-13, 5.43e-11
2020-12-27, 12:39:06, 9.33e-13, 5.43e-11
2020-12-27, 12:39:11, 8.94e-13, 5.44e-11
2020-12-27, 12:39:15, 9.54e-13, 5.43e-11
2020-12-27, 12:39:19, 9.48e-13, 5.4e-11
2020-12-27, 12:39:23, 8.97e-13, 5.42e-11
2020-12-27, 12:39:28, 9.18e-13, 5.43e-11
2020-12-27, 12:39:32, 8.78e-13, 5.41e-11
2020-12-27, 12:39:36, 9.53e-13, 5.41e-11
2020-12-27, 12:39:40, 9.04e-13, 5.42e-11
2020-12-27, 12:39:44, 9.16e-13, 5.39e-11
2020-12-27, 12:39:49, 9.79e-13, 5.4e-11
2020-12-27, 12:39:53, 1.04e-12, 5.41e-11
2020-12-27, 12:39:57, 9.47e-13, 5.4e-11
2020-12-27, 12:40:01, 9.34e-13, 5.42e-11
2020-12-27, 12:40:06, 8.36e-13, 5.41e-11
2020-12-27, 12:40:10, 9.42e-13, 5.42e-11
2020-12-27, 12:40:14, 9.82e-13, 5.44e-11
2020-12-27, 12:40:18, 9.58e-13, 5.43e-11
2020-12-27, 12:40:22, 9.47e-13, 5.4e-11
2020-12-27, 12:40:28, 9.48e-13, 5.42e-11
2020-12-27, 12:40:32, 8.87e-13, 5.41e-11
2020-12-27, 12:40:36, 9.98e-13, 5.42e-11
2020-12-27, 12:40:40, 9.23e-13, 5.41e-11
2020-12-27, 12:40:44, 7.86e-13, 5.42e-11
2020-12-27, 12:40:49, 7.77e-13, 5.4e-11
2020-12-27, 12:40:53, 1.04e-12, 5.42e-11
2020-12-27, 12:40:57, 8.54e-13, 5.43e-11
2020-12-27, 12:41:01, 9.05e-13, 5.42e-11
2020-12-27, 12:41:06, 9.89e-13, 5.42e-11
2020-12-27, 12:41:10, 9.46e-13, 5.42e-11
2020-12-27, 12:41:14, 9.11e-13, 5.44e-11
2020-12-27, 12:41:18, 9.11e-13, 5.44e-11
2020-12-27, 12:41:22, 9.02e-13, 5.43e-11
2020-12-27, 12:41:27, 9.04e-13, 5.39e-11
2020-12-27, 12:41:31, 9.21e-13, 5.42e-11
2020-12-27, 12:41:35, 8.54e-13, 5.41e-11
2020-12-27, 12:41:39, 9.38e-13, 5.45e-11
2020-12-27, 12:41:44, 9.39e-13, 5.42e-11
2020-12-27, 12:41:48, 9.63e-13, 5.41e-11
2020-12-27, 12:41:52, 9.48e-13, 5.42e-11
2020-12-27, 12:41:56, 9.33e-13, 5.46e-11
2020-12-27, 12:42:00, 9.53e-13, 5.39e-11
2020-12-27, 12:42:05, 9.04e-13, 5.4e-11
2020-12-27, 12:42:09, 9.61e-13, 5.41e-11
2020-12-27, 12:42:13, 8.92e-13, 5.43e-11
2020-12-27, 12:42:17, 8.73e-13, 5.4e-11
2020-12-27, 12:42:21, 9.36e-13, 5.39e-11
2020-12-27, 12:42:26, 9.25e-13, 5.41e-11
2020-12-27, 12:42:30, 8.82e-13, 5.44e-11
2020-12-27, 12:42:34, 9.75e-13, 5.43e-11
2020-12-27, 12:42:38, 9.35e-13, 5.41e-11
2020-12-27, 12:42:43, 9.21e-13, 5.42e-11
2020-12-27, 12:42:47, 9.16e-13, 5.42e-11
2020-12-27, 12:42:51, 8.71e-13, 5.42e-11
2020-12-27, 12:42:55, 9.77e-13, 5.43e-11
2020-12-27, 12:42:59, 9.06e-13, 5.43e-11
2020-12-27, 12:43:04, 8.76e-13, 5.45e-11
2020-12-27, 12:43:08, 9.28e-13, 5.43e-11
2020-12-27, 12:43:12, 9.14e-13, 5.44e-11
2020-12-27, 12:43:16, 9.31e-13, 5.44e-11
2020-12-27, 12:43:21, 9.36e-13, 5.41e-11
2020-12-27, 12:43:25, 9.41e-13, 5.43e-11
2020-12-27, 12:43:29, 8.7e-13, 5.45e-11
2020-12-27, 12:43:33, 1.06e-12, 5.44e-11
2020-12-27, 12:43:37, 9.28e-13, 5.4e-11
2020-12-27, 12:43:42, 9.45e-13, 5.4e-11
2020-12-27, 12:43:46, 9.68e-13, 5.41e-11
2020-12-27, 12:43:50, 8.79e-13, 5.41e-11
2020-12-27, 12:43:54, 9.82e-13, 5.44e-11
2020-12-27, 12:43:59, 8.76e-13, 5.42e-11
2020-12-27, 12:44:03, 9.28e-13, 5.44e-11
2020-12-27, 12:44:07, 9.29e-13, 5.44e-11
2020-12-27, 12:44:11, 9.25e-13, 5.45e-11
2020-12-27, 12:44:15, 9.96e-13, 5.45e-11
2020-12-27, 12:44:20, 8.68e-13, 5.42e-11
2020-12-27, 12:44:24, 9.1e-13, 5.42e-11
2020-12-27, 12:44:28, 9.47e-13, 5.44e-11
2020-12-27, 12:44:32, 9.14e-13, 5.46e-11
2020-12-27, 12:44:37, 9.92e-13, 5.47e-11
2020-12-27, 12:44:41, 9.71e-13, 5.49e-11
2020-12-27, 12:44:45, 1.03e-12, 5.47e-11
2020-12-27, 12:44:49, 9.25e-13, 5.48e-11
2020-12-27, 12:44:53, 9.98e-13, 5.47e-11
2020-12-27, 12:44:58, 8.74e-13, 5.45e-11
2020-12-27, 12:45:02, 9.56e-13, 5.45e-11
2020-12-27, 12:45:06, 9.16e-13, 5.42e-11
2020-12-27, 12:45:10, 9.03e-13, 5.44e-11
2020-12-27, 12:45:15, 7.59e-13, 5.45e-11
2020-12-27, 12:45:19, 8.82e-13, 5.42e-11
2020-12-27, 12:45:23, 8.83e-13, 5.45e-11
2020-12-27, 12:45:27, 9.35e-13, 5.43e-11
2020-12-27, 12:45:31, 9.04e-13, 5.43e-11
2020-12-27, 12:45:36, 1e-12, 5.44e-11
2020-12-27, 12:45:40, 9.2e-13, 5.45e-11
2020-12-27, 12:45:44, 9.4e-13, 5.44e-11
2020-12-27, 12:45:48, 9.84e-13, 5.46e-11
2020-12-27, 12:45:52, 9.44e-13, 5.42e-11
2020-12-27, 12:45:57, 9.31e-13, 5.42e-11
2020-12-27, 12:46:01, 8.68e-13, 5.42e-11
2020-12-27, 12:46:05, 8.84e-13, 5.43e-11
2020-12-27, 12:46:09, 8.52e-13, 5.45e-11
2020-12-27, 12:46:14, 9.71e-13, 5.43e-11
2020-12-27, 12:46:18, 9.87e-13, 5.41e-11
2020-12-27, 12:46:22, 9.05e-13, 5.42e-11
2020-12-27, 12:46:26, 9.11e-13, 5.41e-11
2020-12-27, 12:46:30, 1.09e-12, 5.42e-11
2020-12-27, 12:46:35, 9.26e-13, 5.41e-11
2020-12-27, 12:46:39, 9.3e-13, 5.41e-11
2020-12-27, 12:46:43, 9.82e-13, 5.44e-11
2020-12-27, 12:46:47, 9.12e-13, 5.42e-11
2020-12-27, 12:46:52, 9.34e-13, 5.42e-11
2020-12-27, 12:46:56, 9.67e-13, 5.43e-11
2020-12-27, 12:47:00, 9.47e-13, 5.41e-11
2020-12-27, 12:47:04, 8.96e-13, 5.44e-11
2020-12-27, 12:47:08, 9.22e-13, 5.44e-11
2020-12-27, 12:47:13, 8.97e-13, 5.43e-11
2020-12-27, 12:47:17, 9.24e-13, 5.43e-11
2020-12-27, 12:47:21, 8.8e-13, 5.47e-11
2020-12-27, 12:47:25, 9.54e-13, 5.4e-11
2020-12-27, 12:47:30, 9.86e-13, 5.43e-11
2020-12-27, 12:47:34, 9.11e-13, 5.46e-11
2020-12-27, 12:47:38, 9.29e-13, 5.43e-11
2020-12-27, 12:47:42, 8.96e-13, 5.46e-11
2020-12-27, 12:47:46, 9.34e-13, 5.46e-11
2020-12-27, 12:47:51, 9.01e-13, 5.43e-11
2020-12-27, 12:47:55, 8.82e-13, 5.44e-11
2020-12-27, 12:47:59, 9.27e-13, 5.44e-11
2020-12-27, 12:48:03, 9.6e-13, 5.45e-11
2020-12-27, 12:48:08, 9.11e-13, 5.45e-11
2020-12-27, 12:48:12, 9.66e-13, 5.44e-11
2020-12-27, 12:48:16, 9.75e-13, 5.45e-11
2020-12-27, 12:48:20, 9.09e-13, 5.45e-11
2020-12-27, 12:48:24, 7.77e-13, 5.44e-11
2020-12-27, 12:48:29, 9.72e-13, 5.43e-11
2020-12-27, 12:48:33, 8.26e-13, 5.44e-11
2020-12-27, 12:48:37, 8.53e-13, 5.45e-11
2020-12-27, 12:48:41, 9.42e-13, 5.44e-11
2020-12-27, 12:48:46, 8.99e-13, 5.44e-11
2020-12-27, 12:48:50, 8.82e-13, 5.42e-11
2020-12-27, 12:48:54, 1.01e-12, 5.42e-11
2020-12-27, 12:48:58, 9.52e-13, 5.43e-11
2020-12-27, 12:49:02, 9.83e-13, 5.41e-11
2020-12-27, 12:49:07, 9.6e-13, 5.44e-11
2020-12-27, 12:49:11, 8.92e-13, 5.46e-11
2020-12-27, 12:49:15, 9.63e-13, 5.42e-11
2020-12-27, 12:49:19, 8.37e-13, 5.42e-11
2020-12-27, 12:49:24, 8.96e-13, 5.44e-11
2020-12-27, 12:49:28, 9.25e-13, 5.46e-11
2020-12-27, 12:49:32, 9.49e-13, 5.44e-11
2020-12-27, 12:49:36, 9.58e-13, 5.44e-11
2020-12-27, 12:49:40, 9.39e-13, 5.44e-11
2020-12-27, 12:49:45, 8.81e-13, 5.45e-11
2020-12-27, 12:49:49, 9.32e-13, 5.44e-11
2020-12-27, 12:49:53, 9.74e-13, 5.44e-11
2020-12-27, 12:49:57, 9.25e-13, 5.44e-11
2020-12-27, 12:50:02, 8.99e-13, 5.41e-11
2020-12-27, 12:50:06, 9.19e-13, 5.43e-11
2020-12-27, 12:50:10, 9.33e-13, 5.45e-11
2020-12-27, 12:50:14, 8.77e-13, 5.44e-11
2020-12-27, 12:50:18, 9.63e-13, 5.46e-11
2020-12-27, 12:50:23, 8.02e-13, 5.45e-11
2020-12-27, 12:50:27, 9.42e-13, 5.45e-11
2020-12-27, 12:50:31, 9.59e-13, 5.45e-11
2020-12-27, 12:50:35, 8.86e-13, 5.45e-11
2020-12-27, 12:50:40, 9.44e-13, 5.47e-11
2020-12-27, 12:50:44, 8.83e-13, 5.46e-11
2020-12-27, 12:50:48, 9.32e-13, 5.43e-11
2020-12-27, 12:50:52, 9.41e-13, 5.44e-11
2020-12-27, 12:50:56, 9.73e-13, 5.44e-11
2020-12-27, 12:51:01, 9.53e-13, 5.43e-11
2020-12-27, 12:51:05, 9.58e-13, 5.45e-11
2020-12-27, 12:51:09, 9.49e-13, 5.45e-11
2020-12-27, 12:51:13, 8.93e-13, 5.4e-11
2020-12-27, 12:51:18, 9.71e-13, 5.42e-11
2020-12-27, 12:51:22, 9.01e-13, 5.43e-11
2020-12-27, 12:51:26, 9.33e-13, 5.45e-11
2020-12-27, 12:51:30, 9.84e-13, 5.42e-11
2020-12-27, 12:51:34, 9.38e-13, 5.43e-11
2020-12-27, 12:51:39, 9.02e-13, 5.44e-11
2020-12-27, 12:51:43, 8.8e-13, 5.42e-11
2020-12-27, 12:51:47, 9.3e-13, 5.41e-11
2020-12-27, 12:51:51, 9.35e-13, 5.42e-11
2020-12-27, 12:51:55, 9.14e-13, 5.42e-11
2020-12-27, 12:52:00, 9.27e-13, 5.42e-11
2020-12-27, 12:52:04, 9.92e-13, 5.43e-11
2020-12-27, 12:52:08, 9.18e-13, 5.45e-11
2020-12-27, 12:52:12, 9.11e-13, 5.43e-11
2020-12-27, 12:52:17, 8.53e-13, 5.45e-11
2020-12-27, 12:52:21, 8.89e-13, 5.42e-11
2020-12-27, 12:52:25, 8.91e-13, 5.43e-11
2020-12-27, 12:52:29, 9.01e-13, 5.44e-11
2020-12-27, 12:52:33, 9.42e-13, 5.45e-11
2020-12-27, 12:52:38, 9.22e-13, 5.48e-11
2020-12-27, 12:52:42, 9.1e-13, 5.47e-11
2020-12-27, 12:52:46, 9.53e-13, 5.45e-11
2020-12-27, 12:52:50, 9.26e-13, 5.45e-11
2020-12-27, 12:52:55, 8.95e-13, 5.44e-11
2020-12-27, 12:52:59, 1.06e-12, 5.42e-11
2020-12-27, 12:53:03, 9.24e-13, 5.43e-11
2020-12-27, 12:53:07, 9.54e-13, 5.41e-11
2020-12-27, 12:53:11, 9.81e-13, 5.43e-11
2020-12-27, 12:53:16, 9.72e-13, 5.45e-11
2020-12-27, 12:53:20, 1.01e-12, 5.45e-11
2020-12-27, 12:53:24, 8.97e-13, 5.46e-11
2020-12-27, 12:53:28, 8.42e-13, 5.45e-11
2020-12-27, 12:53:33, 9.25e-13, 5.48e-11
2020-12-27, 12:53:37, 9.53e-13, 5.46e-11
2020-12-27, 12:53:41, 8.95e-13, 5.43e-11
2020-12-27, 12:53:45, 9.11e-13, 5.45e-11
2020-12-27, 12:53:49, 8.83e-13, 5.45e-11
2020-12-27, 12:53:54, 8.79e-13, 5.43e-11
2020-12-27, 12:53:58, 9.15e-13, 5.44e-11
2020-12-27, 12:54:02, 9.28e-13, 5.41e-11
2020-12-27, 12:54:06, 9.76e-13, 5.44e-11
2020-12-27, 12:54:11, 8.99e-13, 5.42e-11
2020-12-27, 12:54:15, 9.45e-13, 5.44e-11
2020-12-27, 12:54:19, 9.21e-13, 5.46e-11
2020-12-27, 12:54:23, 9.04e-13, 5.43e-11
2020-12-27, 12:54:27, 8.81e-13, 5.44e-11
2020-12-27, 12:54:32, 1e-12, 5.41e-11
2020-12-27, 12:54:36, 9.75e-13, 5.43e-11
2020-12-27, 12:54:40, 9.42e-13, 5.42e-11
2020-12-27, 12:54:44, 9.16e-13, 5.43e-11
2020-12-27, 12:54:49, 9.17e-13, 5.43e-11
2020-12-27, 12:54:53, 9.14e-13, 5.43e-11
2020-12-27, 12:54:57, 8.86e-13, 5.45e-11
2020-12-27, 12:55:01, 9.37e-13, 5.42e-11
2020-12-27, 12:55:05, 8.71e-13, 5.42e-11
2020-12-27, 12:55:10, 9.56e-13, 5.42e-11
2020-12-27, 12:55:14, 9.28e-13, 5.43e-11
2020-12-27, 12:55:18, 9.36e-13, 5.43e-11
2020-12-27, 12:55:22, 8.32e-13, 5.44e-11
2020-12-27, 12:55:27, 1.03e-12, 5.43e-11
2020-12-27, 12:55:31, 9.35e-13, 5.46e-11
2020-12-27, 12:55:35, 8.31e-13, 5.45e-11
2020-12-27, 12:55:39, 9.09e-13, 5.44e-11
2020-12-27, 12:55:43, 8.57e-13, 5.46e-11
2020-12-27, 12:55:48, 9.06e-13, 5.44e-11
2020-12-27, 12:55:52, 8.58e-13, 5.43e-11
2020-12-27, 12:55:56, 9.16e-13, 5.43e-11
2020-12-27, 12:56:00, 9.3e-13, 5.42e-11
2020-12-27, 12:56:05, 8.08e-13, 5.42e-11
2020-12-27, 12:56:09, 9.25e-13, 5.45e-11
2020-12-27, 12:56:13, 9.03e-13, 5.42e-11
2020-12-27, 12:56:17, 9.68e-13, 5.44e-11
2020-12-27, 12:56:21, 9.17e-13, 5.45e-11
2020-12-27, 12:56:26, 9.22e-13, 5.41e-11
2020-12-27, 12:56:30, 9.68e-13, 5.44e-11
2020-12-27, 12:56:34, 9.02e-13, 5.47e-11
2020-12-27, 12:56:38, 1.01e-12, 5.46e-11
2020-12-27, 12:56:43, 9.27e-13, 5.45e-11
2020-12-27, 12:56:47, 9.13e-13, 5.45e-11
2020-12-27, 12:56:51, 8.97e-13, 5.45e-11
2020-12-27, 12:56:55, 1e-12, 5.44e-11
2020-12-27, 12:56:59, 9.96e-13, 5.43e-11
2020-12-27, 12:57:04, 8.9e-13, 5.42e-11
2020-12-27, 12:57:08, 8.95e-13, 5.43e-11
2020-12-27, 12:57:12, 9.4e-13, 5.46e-11
2020-12-27, 12:57:16, 9.49e-13, 5.42e-11
2020-12-27, 12:57:20, 9.11e-13, 5.42e-11
2020-12-27, 12:57:25, 9.59e-13, 5.43e-11
2020-12-27, 12:57:29, 8.84e-13, 5.41e-11
2020-12-27, 12:57:33, 9.83e-13, 5.43e-11
2020-12-27, 12:57:37, 1.06e-12, 5.43e-11
2020-12-27, 12:57:42, 1.09e-12, 5.43e-11
2020-12-27, 12:57:46, 9.51e-13, 5.46e-11
2020-12-27, 12:57:50, 9.33e-13, 5.42e-11
2020-12-27, 12:57:54, 9.24e-13, 5.45e-11
2020-12-27, 12:57:58, 9.03e-13, 5.46e-11
2020-12-27, 12:58:03, 9.35e-13, 5.46e-11
2020-12-27, 12:58:07, 9.29e-13, 5.47e-11
2020-12-27, 12:58:11, 8.93e-13, 5.44e-11
2020-12-27, 12:58:15, 9.64e-13, 5.46e-11
2020-12-27, 12:58:20, 9.17e-13, 5.44e-11
2020-12-27, 12:58:24, 9.99e-13, 5.44e-11
2020-12-27, 12:58:28, 9.56e-13, 5.45e-11
2020-12-27, 12:58:32, 9.1e-13, 5.42e-11
2020-12-27, 12:58:36, 9.37e-13, 5.45e-11
2020-12-27, 12:58:41, 9.42e-13, 5.47e-11
2020-12-27, 12:58:45, 9.31e-13, 5.44e-11
2020-12-27, 12:58:49, 8e-13, 5.46e-11
2020-12-27, 12:58:53, 9.56e-13, 5.44e-11
2020-12-27, 12:58:58, 9.22e-13, 5.44e-11
2020-12-27, 12:59:02, 9.38e-13, 5.48e-11
2020-12-27, 12:59:06, 8.91e-13, 5.44e-11
2020-12-27, 12:59:10, 9.12e-13, 5.44e-11
2020-12-27, 12:59:14, 9.21e-13, 5.43e-11
2020-12-27, 12:59:19, 9.1e-13, 5.44e-11
2020-12-27, 12:59:23, 9.23e-13, 5.46e-11
2020-12-27, 12:59:27, 9.79e-13, 5.44e-11
2020-12-27, 12:59:31, 8.83e-13, 5.44e-11
2020-12-27, 12:59:36, 9.52e-13, 5.45e-11
2020-12-27, 12:59:40, 9.75e-13, 5.43e-11
2020-12-27, 12:59:44, 9.73e-13, 5.46e-11
2020-12-27, 12:59:48, 8.96e-13, 5.45e-11
2020-12-27, 12:59:52, 9.17e-13, 5.43e-11
2020-12-27, 12:59:57, 9.19e-13, 5.45e-11
2020-12-27, 13:00:01, 9.57e-13, 5.46e-11
2020-12-27, 13:00:05, 9.21e-13, 5.44e-11
2020-12-27, 13:00:09, 7.89e-13, 5.47e-11
2020-12-27, 13:00:14, 8.1e-13, 5.45e-11
2020-12-27, 13:00:18, 9.53e-13, 5.45e-11
2020-12-27, 13:00:22, 9.25e-13, 5.43e-11
2020-12-27, 13:00:26, 9.06e-13, 5.43e-11
2020-12-27, 13:00:30, 1.05e-12, 5.44e-11
2020-12-27, 13:00:35, 8.77e-13, 5.44e-11
2020-12-27, 13:00:39, 9.43e-13, 5.46e-11
2020-12-27, 13:00:43, 9.35e-13, 5.45e-11
2020-12-27, 13:00:47, 8.92e-13, 5.45e-11
2020-12-27, 13:00:52, 9.63e-13, 5.45e-11
2020-12-27, 13:00:56, 9.41e-13, 5.43e-11
2020-12-27, 13:01:00, 8.96e-13, 5.43e-11
2020-12-27, 13:01:04, 9.33e-13, 5.44e-11
2020-12-27, 13:01:08, 9.48e-13, 5.46e-11
2020-12-27, 13:01:13, 9.16e-13, 5.45e-11
2020-12-27, 13:01:17, 8.98e-13, 5.46e-11
2020-12-27, 13:01:21, 8.57e-13, 5.46e-11
2020-12-27, 13:01:25, 9.55e-13, 5.43e-11
2020-12-27, 13:01:30, 8.7e-13, 5.44e-11
2020-12-27, 13:01:34, 8.96e-13, 5.45e-11
2020-12-27, 13:01:38, 9.08e-13, 5.46e-11
2020-12-27, 13:01:42, 8.97e-13, 5.45e-11
2020-12-27, 13:01:46, 9.13e-13, 5.46e-11
2020-12-27, 13:01:51, 9.29e-13, 5.43e-11
2020-12-27, 13:01:55, 9.4e-13, 5.47e-11
2020-12-27, 13:01:59, 8.9e-13, 5.44e-11
2020-12-27, 13:02:03, 9.39e-13, 5.44e-11
2020-12-27, 13:02:07, 9.5e-13, 5.43e-11
2020-12-27, 13:02:12, 8.67e-13, 5.43e-11
2020-12-27, 13:02:16, 9.4e-13, 5.45e-11
2020-12-27, 13:02:20, 9.14e-13, 5.42e-11
2020-12-27, 13:02:24, 9.22e-13, 5.43e-11
2020-12-27, 13:02:29, 8.56e-13, 5.42e-11
2020-12-27, 13:02:33, 9.28e-13, 5.42e-11
2020-12-27, 13:02:37, 9.23e-13, 5.44e-11
2020-12-27, 13:02:41, 9.59e-13, 5.43e-11
2020-12-27, 13:02:45, 9.34e-13, 5.42e-11
2020-12-27, 13:02:50, 9e-13, 5.44e-11
2020-12-27, 13:02:54, 9.17e-13, 5.42e-11
2020-12-27, 13:02:58, 9.91e-13, 5.42e-11
2020-12-27, 13:03:02, 8.92e-13, 5.44e-11
2020-12-27, 13:03:07, 9.04e-13, 5.44e-11
2020-12-27, 13:03:11, 8.78e-13, 5.43e-11
2020-12-27, 13:03:15, 9.12e-13, 5.46e-11
2020-12-27, 13:03:19, 1.01e-12, 5.44e-11
2020-12-27, 13:03:23, 9.26e-13, 5.46e-11
2020-12-27, 13:03:28, 9.17e-13, 5.43e-11
2020-12-27, 13:03:32, 9.29e-13, 5.47e-11
2020-12-27, 13:03:36, 9.35e-13, 5.45e-11
2020-12-27, 13:03:40, 8.61e-13, 5.45e-11
2020-12-27, 13:03:45, 9.78e-13, 5.44e-11
2020-12-27, 13:03:49, 9.48e-13, 5.45e-11
2020-12-27, 13:03:53, 9.09e-13, 5.43e-11
2020-12-27, 13:03:57, 9.67e-13, 5.46e-11
2020-12-27, 13:04:01, 9.67e-13, 5.43e-11
2020-12-27, 13:04:06, 8.95e-13, 5.46e-11
2020-12-27, 13:04:10, 9.22e-13, 5.42e-11
2020-12-27, 13:04:14, 8.35e-13, 5.45e-11
2020-12-27, 13:04:18, 8.59e-13, 5.43e-11
2020-12-27, 13:04:23, 9.12e-13, 5.43e-11
2020-12-27, 13:04:27, 9.76e-13, 5.43e-11
2020-12-27, 13:04:31, 8.81e-13, 5.41e-11
2020-12-27, 13:04:35, 9.1e-13, 5.43e-11
2020-12-27, 13:04:39, 9.37e-13, 5.42e-11
2020-12-27, 13:04:44, 9.27e-13, 5.44e-11
2020-12-27, 13:04:48, 9.45e-13, 5.48e-11
2020-12-27, 13:04:52, 8.6e-13, 5.45e-11
2020-12-27, 13:04:56, 9.04e-13, 5.42e-11
2020-12-27, 13:05:01, 9.85e-13, 5.42e-11
2020-12-27, 13:05:05, 8.62e-13, 5.42e-11
2020-12-27, 13:05:09, 8.94e-13, 5.45e-11
2020-12-27, 13:05:13, 9.44e-13, 5.44e-11
2020-12-27, 13:05:17, 9.1e-13, 5.44e-11
2020-12-27, 13:05:22, 9.95e-13, 5.45e-11
2020-12-27, 13:05:26, 1.13e-12, 5.45e-11
2020-12-27, 13:05:30, 9.88e-13, 5.43e-11
2020-12-27, 13:05:34, 9.42e-13, 5.47e-11
2020-12-27, 13:05:39, 1.01e-12, 5.43e-11
2020-12-27, 13:05:43, 9.45e-13, 5.43e-11
2020-12-27, 13:05:47, 9.49e-13, 5.47e-11
2020-12-27, 13:05:51, 9.64e-13, 5.46e-11
2020-12-27, 13:05:55, 9.63e-13, 5.44e-11
2020-12-27, 13:06:00, 9.54e-13, 5.47e-11
2020-12-27, 13:06:04, 9.01e-13, 5.44e-11
2020-12-27, 13:06:08, 9.02e-13, 5.46e-11
2020-12-27, 13:06:12, 9.14e-13, 5.44e-11
2020-12-27, 13:06:16, 9.85e-13, 5.47e-11
2020-12-27, 13:06:21, 9.24e-13, 5.46e-11
2020-12-27, 13:06:25, 9.16e-13, 5.44e-11
2020-12-27, 13:06:29, 9.58e-13, 5.43e-11
2020-12-27, 13:06:33, 1.07e-12, 5.43e-11
2020-12-27, 13:06:38, 8.93e-13, 5.42e-11
2020-12-27, 13:06:42, 8.8e-13, 5.43e-11
2020-12-27, 13:06:46, 9.29e-13, 5.44e-11
2020-12-27, 13:06:50, 9.52e-13, 5.46e-11
2020-12-27, 13:06:55, 9.13e-13, 5.44e-11
2020-12-27, 13:06:59, 9.32e-13, 5.43e-11
2020-12-27, 13:07:03, 9.07e-13, 5.44e-11
2020-12-27, 13:07:07, 8.92e-13, 5.42e-11
2020-12-27, 13:07:11, 9.35e-13, 5.42e-11
2020-12-27, 13:07:16, 9.16e-13, 5.42e-11
2020-12-27, 13:07:20, 9.21e-13, 5.43e-11
2020-12-27, 13:07:24, 8.99e-13, 5.42e-11
2020-12-27, 13:07:28, 9.81e-13, 5.43e-11
2020-12-27, 13:07:32, 8.87e-13, 5.41e-11
2020-12-27, 13:07:37, 9.35e-13, 5.43e-11
2020-12-27, 13:07:41, 9.61e-13, 5.44e-11
2020-12-27, 13:07:45, 9.41e-13, 5.42e-11
2020-12-27, 13:07:49, 9.78e-13, 5.41e-11
2020-12-27, 13:07:54, 8.96e-13, 5.4e-11
2020-12-27, 13:07:58, 9.84e-13, 5.43e-11
2020-12-27, 13:08:02, 8.95e-13, 5.42e-11
2020-12-27, 13:08:06, 8.53e-13, 5.42e-11
2020-12-27, 13:08:10, 9.36e-13, 5.41e-11
2020-12-27, 13:08:15, 8.55e-13, 5.42e-11
2020-12-27, 13:08:19, 9.7e-13, 5.42e-11
2020-12-27, 13:08:23, 9.5e-13, 5.42e-11
2020-12-27, 13:08:27, 8.89e-13, 5.46e-11
2020-12-27, 13:08:32, 9.84e-13, 5.46e-11
2020-12-27, 13:08:36, 9.75e-13, 5.41e-11
2020-12-27, 13:08:40, 9.39e-13, 5.4e-11
2020-12-27, 13:08:44, 9.29e-13, 5.42e-11
2020-12-27, 13:08:48, 9.03e-13, 5.42e-11
2020-12-27, 13:08:53, 8.91e-13, 5.45e-11
2020-12-27, 13:08:57, 8.78e-13, 5.44e-11
2020-12-27, 13:09:01, 9.42e-13, 5.44e-11
2020-12-27, 13:09:05, 9.51e-13, 5.45e-11
2020-12-27, 13:09:10, 9.13e-13, 5.49e-11
2020-12-27, 13:09:14, 9.16e-13, 5.45e-11
2020-12-27, 13:09:18, 9.47e-13, 5.44e-11
2020-12-27, 13:09:22, 9.24e-13, 5.45e-11
2020-12-27, 13:09:26, 1.1e-12, 5.43e-11
2020-12-27, 13:09:31, 8.96e-13, 5.44e-11
2020-12-27, 13:09:35, 1.12e-12, 5.39e-11
2020-12-27, 13:09:39, 9.46e-13, 5.41e-11
2020-12-27, 13:09:43, 9.12e-13, 5.42e-11
2020-12-27, 13:09:48, 9.29e-13, 5.4e-11
2020-12-27, 13:09:52, 9.52e-13, 5.45e-11
2020-12-27, 13:09:56, 9.26e-13, 5.47e-11
2020-12-27, 13:10:00, 9.8e-13, 5.43e-11
2020-12-27, 13:10:04, 8.91e-13, 5.44e-11
2020-12-27, 13:10:09, 8.78e-13, 5.44e-11
2020-12-27, 13:10:13, 7.82e-13, 5.45e-11
2020-12-27, 13:10:17, 9.27e-13, 5.44e-11
2020-12-27, 13:10:21, 9.55e-13, 5.48e-11
2020-12-27, 13:10:26, 9.47e-13, 5.45e-11
2020-12-27, 13:10:30, 9.67e-13, 5.45e-11
2020-12-27, 13:10:34, 1.04e-12, 5.46e-11
2020-12-27, 13:10:38, 9.36e-13, 5.44e-11
2020-12-27, 13:10:42, 9.26e-13, 5.45e-11
2020-12-27, 13:10:47, 8.93e-13, 5.46e-11
2020-12-27, 13:10:51, 9.79e-13, 5.44e-11
2020-12-27, 13:10:55, 9.34e-13, 5.45e-11
2020-12-27, 13:10:59, 8.07e-13, 5.45e-11
2020-12-27, 13:11:03, 9.03e-13, 5.43e-11
2020-12-27, 13:11:08, 9.27e-13, 5.44e-11
2020-12-27, 13:11:12, 9.81e-13, 5.47e-11
2020-12-27, 13:11:16, 9.24e-13, 5.46e-11
2020-12-27, 13:11:20, 9.47e-13, 5.45e-11
2020-12-27, 13:11:25, 9.32e-13, 5.47e-11
2020-12-27, 13:11:29, 9.56e-13, 5.45e-11
2020-12-27, 13:11:33, 8.79e-13, 5.43e-11
2020-12-27, 13:11:37, 9.23e-13, 5.45e-11
2020-12-27, 13:11:41, 8.91e-13, 5.44e-11
2020-12-27, 13:11:46, 9.4e-13, 5.45e-11
2020-12-27, 13:11:50, 9.02e-13, 5.43e-11
2020-12-27, 13:11:54, 9.14e-13, 5.45e-11
2020-12-27, 13:11:58, 9.07e-13, 5.46e-11
2020-12-27, 13:12:03, 9.01e-13, 5.48e-11
2020-12-27, 13:12:07, 9.12e-13, 5.46e-11
2020-12-27, 13:12:11, 9.61e-13, 5.44e-11
2020-12-27, 13:12:15, 9.17e-13, 5.44e-11
2020-12-27, 13:12:19, 9.4e-13, 5.41e-11
2020-12-27, 13:12:24, 9.4e-13, 5.42e-11
2020-12-27, 13:12:28, 9.03e-13, 5.42e-11
2020-12-27, 13:12:32, 9.5e-13, 5.45e-11
2020-12-27, 13:12:36, 9.54e-13, 5.45e-11
2020-12-27, 13:12:41, 8.99e-13, 5.45e-11
2020-12-27, 13:12:45, 9.89e-13, 5.46e-11
2020-12-27, 13:12:49, 8.92e-13, 5.44e-11
2020-12-27, 13:12:53, 1.01e-12, 5.47e-11
2020-12-27, 13:12:57, 9.09e-13, 5.48e-11
2020-12-27, 13:13:02, 9.51e-13, 5.43e-11
2020-12-27, 13:13:06, 7.63e-13, 5.46e-11
2020-12-27, 13:13:10, 8.97e-13, 5.48e-11
2020-12-27, 13:13:14, 9.09e-13, 5.48e-11
2020-12-27, 13:13:19, 9.26e-13, 5.43e-11
2020-12-27, 13:13:23, 9.08e-13, 5.44e-11
2020-12-27, 13:13:27, 9.44e-13, 5.46e-11
2020-12-27, 13:13:31, 9.7e-13, 5.45e-11
2020-12-27, 13:13:35, 9.57e-13, 5.43e-11
2020-12-27, 13:13:40, 9.95e-13, 5.45e-11
2020-12-27, 13:13:44, 9.94e-13, 5.44e-11
2020-12-27, 13:13:48, 9.29e-13, 5.45e-11
2020-12-27, 13:13:52, 9.51e-13, 5.47e-11
2020-12-27, 13:13:57, 9.18e-13, 5.43e-11
2020-12-27, 13:14:01, 9.17e-13, 5.43e-11
2020-12-27, 13:14:05, 1.05e-12, 5.43e-11
2020-12-27, 13:14:09, 9.3e-13, 5.43e-11
2020-12-27, 13:14:13, 9.13e-13, 5.46e-11
2020-12-27, 13:14:18, 8.29e-13, 5.45e-11
2020-12-27, 13:14:22, 1.01e-12, 5.44e-11
2020-12-27, 13:14:26, 9.43e-13, 5.44e-11
2020-12-27, 13:14:30, 8.98e-13, 5.43e-11
2020-12-27, 13:14:35, 9.29e-13, 5.46e-11
2020-12-27, 13:14:39, 8.7e-13, 5.43e-11
2020-12-27, 13:14:43, 9.14e-13, 5.47e-11
2020-12-27, 13:14:47, 9.52e-13, 5.45e-11
2020-12-27, 13:14:51, 1.01e-12, 5.43e-11
2020-12-27, 13:14:56, 8.87e-13, 5.44e-11
2020-12-27, 13:15:00, 9.64e-13, 5.43e-11
2020-12-27, 13:15:04, 9.49e-13, 5.44e-11
2020-12-27, 13:15:08, 9.86e-13, 5.44e-11
2020-12-27, 13:15:13, 9.8e-13, 5.48e-11
2020-12-27, 13:15:17, 9.26e-13, 5.44e-11
2020-12-27, 13:15:21, 9.17e-13, 5.43e-11
2020-12-27, 13:15:25, 1.11e-12, 5.42e-11
2020-12-27, 13:15:29, 8.79e-13, 5.45e-11
2020-12-27, 13:15:34, 9.26e-13, 5.49e-11
2020-12-27, 13:15:38, 8.88e-13, 5.46e-11
2020-12-27, 13:15:42, 9.44e-13, 5.45e-11
2020-12-27, 13:15:46, 9.1e-13, 5.44e-11
2020-12-27, 13:15:51, 9.71e-13, 5.45e-11
2020-12-27, 13:15:55, 8.44e-13, 5.43e-11
2020-12-27, 13:15:59, 9.03e-13, 5.45e-11
2020-12-27, 13:16:03, 9.37e-13, 5.43e-11
2020-12-27, 13:16:07, 8.59e-13, 5.44e-11
2020-12-27, 13:16:12, 9.65e-13, 5.45e-11
2020-12-27, 13:16:16, 9.15e-13, 5.44e-11
2020-12-27, 13:16:20, 7.81e-13, 5.43e-11
2020-12-27, 13:16:24, 8.41e-13, 5.45e-11
2020-12-27, 13:16:28, 9.3e-13, 5.45e-11
2020-12-27, 13:16:33, 9.67e-13, 5.44e-11
2020-12-27, 13:16:37, 8.89e-13, 5.42e-11
2020-12-27, 13:16:41, 1.04e-12, 5.43e-11
2020-12-27, 13:16:45, 9.71e-13, 5.44e-11
2020-12-27, 13:16:50, 9.13e-13, 5.44e-11
2020-12-27, 13:16:54, 9.07e-13, 5.42e-11
2020-12-27, 13:16:58, 8.87e-13, 5.46e-11
2020-12-27, 13:17:02, 8.98e-13, 5.44e-11
2020-12-27, 13:17:06, 8.56e-13, 5.45e-11
2020-12-27, 13:17:11, 9.33e-13, 5.46e-11
2020-12-27, 13:17:15, 9.25e-13, 5.43e-11
2020-12-27, 13:17:19, 9.17e-13, 5.42e-11
2020-12-27, 13:17:23, 9.95e-13, 5.42e-11
2020-12-27, 13:17:28, 9.24e-13, 5.42e-11
2020-12-27, 13:17:32, 8.89e-13, 5.42e-11
2020-12-27, 13:17:36, 9.72e-13, 5.42e-11
2020-12-27, 13:17:40, 9.24e-13, 5.4e-11
2020-12-27, 13:17:44, 9.46e-13, 5.43e-11
2020-12-27, 13:17:49, 1e-12, 5.44e-11
2020-12-27, 13:17:53, 8.54e-13, 5.46e-11
2020-12-27, 13:17:57, 9.04e-13, 5.45e-11
2020-12-27, 13:18:01, 9.55e-13, 5.43e-11
2020-12-27, 13:18:06, 9.2e-13, 5.45e-11
2020-12-27, 13:18:10, 9.3e-13, 5.46e-11
2020-12-27, 13:18:14, 8.65e-13, 5.45e-11
2020-12-27, 13:18:18, 9.68e-13, 5.44e-11
2020-12-27, 13:18:22, 9.09e-13, 5.42e-11
2020-12-27, 13:18:27, 9.43e-13, 5.44e-11
2020-12-27, 13:18:31, 9.78e-13, 5.41e-11
2020-12-27, 13:18:35, 9.23e-13, 5.43e-11
2020-12-27, 13:18:39, 9.18e-13, 5.44e-11
2020-12-27, 13:18:44, 8.87e-13, 5.44e-11
2020-12-27, 13:18:48, 9.83e-13, 5.46e-11
2020-12-27, 13:18:52, 9.61e-13, 5.45e-11
2020-12-27, 13:18:56, 8.83e-13, 5.45e-11
2020-12-27, 13:19:00, 9.78e-13, 5.45e-11
2020-12-27, 13:19:05, 9.12e-13, 5.41e-11
2020-12-27, 13:19:09, 9.83e-13, 5.43e-11
2020-12-27, 13:19:13, 9.47e-13, 5.45e-11
2020-12-27, 13:19:17, 8.95e-13, 5.42e-11
2020-12-27, 13:19:22, 9.46e-13, 5.47e-11
2020-12-27, 13:19:26, 9.81e-13, 5.47e-11
2020-12-27, 13:19:30, 9.35e-13, 5.43e-11
2020-12-27, 13:19:34, 8.75e-13, 5.44e-11
2020-12-27, 13:19:38, 9.11e-13, 5.42e-11
2020-12-27, 13:19:43, 9.06e-13, 5.45e-11
2020-12-27, 13:19:47, 9e-13, 5.43e-11
2020-12-27, 13:19:51, 1.02e-12, 5.43e-11
2020-12-27, 13:19:55, 9.7e-13, 5.43e-11
2020-12-27, 13:20:00, 8.93e-13, 5.44e-11
2020-12-27, 13:20:04, 9.61e-13, 5.44e-11
2020-12-27, 13:20:08, 8.6e-13, 5.43e-11
2020-12-27, 13:20:12, 9.34e-13, 5.45e-11
2020-12-27, 13:20:16, 1.01e-12, 5.44e-11
2020-12-27, 13:20:21, 8.72e-13, 5.45e-11
2020-12-27, 13:20:25, 9e-13, 5.45e-11
2020-12-27, 13:20:29, 9.05e-13, 5.45e-11
2020-12-27, 13:20:33, 8.97e-13, 5.46e-11
2020-12-27, 13:20:38, 9.3e-13, 5.49e-11
2020-12-27, 13:20:42, 9.15e-13, 5.46e-11
2020-12-27, 13:20:46, 9.52e-13, 5.45e-11
2020-12-27, 13:20:50, 9.35e-13, 5.44e-11
2020-12-27, 13:20:54, 9.67e-13, 5.42e-11
2020-12-27, 13:20:59, 9.06e-13, 5.43e-11
2020-12-27, 13:21:03, 9.36e-13, 5.43e-11
2020-12-27, 13:21:07, 1.08e-12, 5.43e-11
2020-12-27, 13:21:11, 1.01e-12, 5.41e-11
2020-12-27, 13:21:15, 8.99e-13, 5.43e-11
2020-12-27, 13:21:20, 9.28e-13, 5.42e-11
2020-12-27, 13:21:24, 8.95e-13, 5.44e-11
2020-12-27, 13:21:28, 9.05e-13, 5.39e-11
2020-12-27, 13:21:32, 9.94e-13, 5.42e-11
2020-12-27, 13:21:37, 9.15e-13, 5.43e-11
2020-12-27, 13:21:41, 9.91e-13, 5.41e-11
2020-12-27, 13:21:45, 1.01e-12, 5.43e-11
2020-12-27, 13:21:49, 9.6e-13, 5.42e-11
2020-12-27, 13:21:53, 9.4e-13, 5.41e-11
2020-12-27, 13:21:58, 9.52e-13, 5.42e-11
2020-12-27, 13:22:02, 9.45e-13, 5.46e-11
2020-12-27, 13:22:06, 9.12e-13, 5.43e-11
2020-12-27, 13:22:10, 9.09e-13, 5.42e-11
2020-12-27, 13:22:15, 9.75e-13, 5.45e-11
2020-12-27, 13:22:19, 9.09e-13, 5.48e-11
2020-12-27, 13:22:23, 9.1e-13, 5.45e-11
2020-12-27, 13:22:27, 9.14e-13, 5.45e-11
2020-12-27, 13:22:31, 9.99e-13, 5.46e-11
2020-12-27, 13:22:36, 9.28e-13, 5.44e-11
2020-12-27, 13:22:40, 9.32e-13, 5.45e-11
2020-12-27, 13:22:44, 9.35e-13, 5.43e-11
2020-12-27, 13:22:48, 9.32e-13, 5.45e-11
2020-12-27, 13:22:53, 9.38e-13, 5.46e-11
2020-12-27, 13:22:57, 9.17e-13, 5.45e-11
2020-12-27, 13:23:01, 9.16e-13, 5.44e-11
2020-12-27, 13:23:05, 9.01e-13, 5.45e-11
2020-12-27, 13:23:09, 9.25e-13, 5.43e-11
2020-12-27, 13:23:14, 9.37e-13, 5.45e-11
2020-12-27, 13:23:18, 9.63e-13, 5.44e-11
2020-12-27, 13:23:22, 9.46e-13, 5.46e-11
2020-12-27, 13:23:26, 8.47e-13, 5.45e-11
2020-12-27, 13:23:31, 9.34e-13, 5.43e-11
2020-12-27, 13:23:35, 9.23e-13, 5.44e-11
2020-12-27, 13:23:39, 9.23e-13, 5.44e-11
2020-12-27, 13:23:43, 9.18e-13, 5.45e-11
2020-12-27, 13:23:47, 8.92e-13, 5.45e-11
2020-12-27, 13:23:52, 1.02e-12, 5.45e-11
2020-12-27, 13:23:56, 9.69e-13, 5.44e-11
2020-12-27, 13:24:00, 9.12e-13, 5.42e-11
2020-12-27, 13:24:04, 9.87e-13, 5.44e-11
2020-12-27, 13:24:09, 9.54e-13, 5.43e-11
2020-12-27, 13:24:13, 9.16e-13, 5.44e-11
2020-12-27, 13:24:17, 9.22e-13, 5.43e-11
2020-12-27, 13:24:21, 9.78e-13, 5.44e-11
2020-12-27, 13:24:25, 8.29e-13, 5.44e-11
2020-12-27, 13:24:30, 9.24e-13, 5.45e-11
2020-12-27, 13:24:34, 8.21e-13, 5.43e-11
2020-12-27, 13:24:38, 8.98e-13, 5.43e-11
2020-12-27, 13:24:42, 9.02e-13, 5.47e-11
2020-12-27, 13:24:47, 8.92e-13, 5.44e-11
2020-12-27, 13:24:51, 8.87e-13, 5.44e-11
2020-12-27, 13:24:55, 8.94e-13, 5.45e-11
2020-12-27, 13:24:59, 9.37e-13, 5.43e-11
2020-12-27, 13:25:03, 9.36e-13, 5.45e-11
2020-12-27, 13:25:08, 9.01e-13, 5.44e-11
2020-12-27, 13:25:12, 9.05e-13, 5.44e-11
2020-12-27, 13:25:16, 9.24e-13, 5.43e-11
2020-12-27, 13:25:20, 9.22e-13, 5.43e-11
2020-12-27, 13:25:25, 1.05e-12, 5.4e-11
2020-12-27, 13:25:29, 8.27e-13, 5.42e-11
2020-12-27, 13:25:33, 1.01e-12, 5.4e-11
2020-12-27, 13:25:37, 9.23e-13, 5.42e-11
2020-12-27, 13:25:41, 9.78e-13, 5.42e-11
2020-12-27, 13:25:46, 9.37e-13, 5.4e-11
2020-12-27, 13:25:50, 9.63e-13, 5.41e-11
2020-12-27, 13:25:54, 8.45e-13, 5.38e-11
2020-12-27, 13:25:58, 9.84e-13, 5.39e-11
2020-12-27, 13:26:03, 9.4e-13, 5.42e-11
2020-12-27, 13:26:07, 9.02e-13, 5.43e-11
2020-12-27, 13:26:11, 9.16e-13, 5.44e-11
2020-12-27, 13:26:15, 9.09e-13, 5.44e-11
2020-12-27, 13:26:19, 9.9e-13, 5.42e-11
2020-12-27, 13:26:24, 9.24e-13, 5.43e-11
2020-12-27, 13:26:28, 9.2e-13, 5.43e-11
2020-12-27, 13:26:32, 9.78e-13, 5.44e-11
2020-12-27, 13:26:36, 8.46e-13, 5.45e-11
2020-12-27, 13:26:41, 8.95e-13, 5.41e-11
2020-12-27, 13:26:45, 9.58e-13, 5.43e-11
2020-12-27, 13:26:49, 8.84e-13, 5.45e-11
2020-12-27, 13:26:53, 8.18e-13, 5.44e-11
2020-12-27, 13:26:57, 9.14e-13, 5.44e-11
2020-12-27, 13:27:02, 8.97e-13, 5.43e-11
2020-12-27, 13:27:06, 9.68e-13, 5.44e-11
2020-12-27, 13:27:10, 9.42e-13, 5.43e-11
2020-12-27, 13:27:14, 9.73e-13, 5.44e-11
2020-12-27, 13:27:18, 8.96e-13, 5.44e-11
2020-12-27, 13:27:23, 9.59e-13, 5.45e-11
2020-12-27, 13:27:27, 9.94e-13, 5.43e-11
2020-12-27, 13:27:31, 9.26e-13, 5.44e-11
2020-12-27, 13:27:35, 9.8e-13, 5.45e-11
2020-12-27, 13:27:40, 8.02e-13, 5.43e-11
2020-12-27, 13:27:44, 9.75e-13, 5.39e-11
2020-12-27, 13:27:48, 9.13e-13, 5.42e-11
2020-12-27, 13:27:52, 9.48e-13, 5.43e-11
2020-12-27, 13:27:56, 9.66e-13, 5.43e-11
2020-12-27, 13:28:01, 9.66e-13, 5.43e-11
2020-12-27, 13:28:05, 9.62e-13, 5.44e-11
2020-12-27, 13:28:09, 9.94e-13, 5.44e-11
2020-12-27, 13:28:13, 9.09e-13, 5.44e-11
2020-12-27, 13:28:18, 9.33e-13, 5.45e-11
2020-12-27, 13:28:22, 9.22e-13, 5.45e-11
2020-12-27, 13:28:26, 9.52e-13, 5.46e-11
2020-12-27, 13:28:30, 9.68e-13, 5.43e-11
2020-12-27, 13:28:34, 9.4e-13, 5.45e-11
2020-12-27, 13:28:39, 9.55e-13, 5.45e-11
2020-12-27, 13:28:43, 9.09e-13, 5.44e-11
2020-12-27, 13:28:47, 8.81e-13, 5.44e-11
2020-12-27, 13:28:51, 9.65e-13, 5.44e-11
2020-12-27, 13:28:56, 9.52e-13, 5.43e-11
2020-12-27, 13:29:00, 8.98e-13, 5.42e-11
2020-12-27, 13:29:04, 9.14e-13, 5.43e-11
2020-12-27, 13:29:08, 8.94e-13, 5.44e-11
2020-12-27, 13:29:12, 9.39e-13, 5.43e-11
2020-12-27, 13:29:17, 9.86e-13, 5.45e-11
2020-12-27, 13:29:21, 9.29e-13, 5.45e-11
2020-12-27, 13:29:25, 1.08e-12, 5.41e-11
2020-12-27, 13:29:29, 9.16e-13, 5.41e-11
2020-12-27, 13:29:34, 8.88e-13, 5.42e-11
2020-12-27, 13:29:38, 1.06e-12, 5.41e-11
2020-12-27, 13:29:42, 9.01e-13, 5.43e-11
2020-12-27, 13:29:46, 9.74e-13, 5.42e-11
2020-12-27, 13:29:50, 9.11e-13, 5.43e-11
2020-12-27, 13:29:55, 9.3e-13, 5.43e-11
2020-12-27, 13:29:59, 9.12e-13, 5.39e-11
2020-12-27, 13:30:03, 9.27e-13, 5.44e-11
2020-12-27, 13:30:07, 9.32e-13, 5.43e-11
2020-12-27, 13:30:12, 9.16e-13, 5.4e-11
2020-12-27, 13:30:16, 9.23e-13, 5.42e-11
2020-12-27, 13:30:20, 9.48e-13, 5.42e-11
2020-12-27, 13:30:24, 9.67e-13, 5.43e-11
2020-12-27, 13:30:28, 9.29e-13, 5.41e-11
2020-12-27, 13:30:33, 9.42e-13, 5.43e-11
2020-12-27, 13:30:37, 8.75e-13, 5.43e-11
2020-12-27, 13:30:41, 9.12e-13, 5.43e-11
2020-12-27, 13:30:45, 8.93e-13, 5.42e-11
2020-12-27, 13:30:50, 8.73e-13, 5.42e-11
2020-12-27, 13:30:54, 8.87e-13, 5.43e-11
2020-12-27, 13:30:58, 8.92e-13, 5.43e-11
2020-12-27, 13:31:02, 9.91e-13, 5.43e-11
2020-12-27, 13:31:06, 9.22e-13, 5.41e-11
2020-12-27, 13:31:11, 9.6e-13, 5.44e-11
2020-12-27, 13:31:15, 9.95e-13, 5.41e-11
2020-12-27, 13:31:19, 1e-12, 5.41e-11
2020-12-27, 13:31:23, 8.91e-13, 5.41e-11
2020-12-27, 13:31:28, 9.76e-13, 5.43e-11
2020-12-27, 13:31:32, 8.25e-13, 5.42e-11
2020-12-27, 13:31:36, 9.2e-13, 5.39e-11
2020-12-27, 13:31:40, 9.9e-13, 5.4e-11
2020-12-27, 13:31:44, 8.84e-13, 5.41e-11
2020-12-27, 13:31:49, 9.67e-13, 5.44e-11
2020-12-27, 13:31:53, 8.67e-13, 5.46e-11
2020-12-27, 13:31:57, 9.69e-13, 5.42e-11
2020-12-27, 13:32:01, 9.59e-13, 5.44e-11
2020-12-27, 13:32:06, 1.03e-12, 5.4e-11
2020-12-27, 13:32:10, 8.98e-13, 5.42e-11
2020-12-27, 13:32:14, 9.17e-13, 5.42e-11
2020-12-27, 13:32:18, 9.77e-13, 5.43e-11
2020-12-27, 13:32:22, 8.68e-13, 5.41e-11
2020-12-27, 13:32:27, 1.06e-12, 5.43e-11
2020-12-27, 13:32:31, 9.62e-13, 5.44e-11
2020-12-27, 13:32:35, 8.77e-13, 5.41e-11
2020-12-27, 13:32:39, 8.87e-13, 5.4e-11
2020-12-27, 13:32:44, 9.77e-13, 5.42e-11
2020-12-27, 13:32:48, 9.43e-13, 5.41e-11
2020-12-27, 13:32:52, 9.6e-13, 5.38e-11
2020-12-27, 13:32:56, 9.07e-13, 5.39e-11
2020-12-27, 13:33:00, 9.22e-13, 5.39e-11
2020-12-27, 13:33:05, 9.42e-13, 5.39e-11
2020-12-27, 13:33:09, 9.31e-13, 5.41e-11
2020-12-27, 13:33:13, 9.32e-13, 5.43e-11
2020-12-27, 13:33:17, 1e-12, 5.41e-11
2020-12-27, 13:33:22, 9.07e-13, 5.41e-11
2020-12-27, 13:33:26, 9.73e-13, 5.41e-11
2020-12-27, 13:33:30, 9.68e-13, 5.43e-11
2020-12-27, 13:33:34, 8.36e-13, 5.44e-11
2020-12-27, 13:33:38, 9.77e-13, 5.45e-11
2020-12-27, 13:33:43, 8.9e-13, 5.43e-11
2020-12-27, 13:33:47, 9.58e-13, 5.46e-11
2020-12-27, 13:33:51, 8.88e-13, 5.43e-11
2020-12-27, 13:33:55, 8.98e-13, 5.44e-11
2020-12-27, 13:33:59, 9.41e-13, 5.43e-11
2020-12-27, 13:34:04, 1.01e-12, 5.45e-11
2020-12-27, 13:34:08, 9.73e-13, 5.43e-11
2020-12-27, 13:34:12, 9.27e-13, 5.4e-11
2020-12-27, 13:34:16, 9.11e-13, 5.43e-11
2020-12-27, 13:34:21, 9.47e-13, 5.42e-11
2020-12-27, 13:34:25, 9.74e-13, 5.41e-11
2020-12-27, 13:34:29, 9.91e-13, 5.41e-11
2020-12-27, 13:34:33, 9e-13, 5.45e-11
2020-12-27, 13:34:37, 9.07e-13, 5.45e-11
2020-12-27, 13:34:42, 9.06e-13, 5.41e-11
2020-12-27, 13:34:46, 9.47e-13, 5.43e-11
2020-12-27, 13:34:50, 9.76e-13, 5.41e-11
2020-12-27, 13:34:54, 9.23e-13, 5.43e-11
2020-12-27, 13:34:59, 9.4e-13, 5.42e-11
2020-12-27, 13:35:03, 9.25e-13, 5.42e-11
2020-12-27, 13:35:07, 9.2e-13, 5.39e-11
2020-12-27, 13:35:11, 9.44e-13, 5.42e-11
2020-12-27, 13:35:15, 9.17e-13, 5.45e-11
2020-12-27, 13:35:20, 9.36e-13, 5.45e-11
2020-12-27, 13:35:24, 9.49e-13, 5.45e-11
2020-12-27, 13:35:28, 9.63e-13, 5.44e-11
2020-12-27, 13:35:32, 9.41e-13, 5.43e-11
2020-12-27, 13:35:37, 9.56e-13, 5.42e-11
2020-12-27, 13:35:41, 7.94e-13, 5.41e-11
2020-12-27, 13:35:45, 9.36e-13, 5.45e-11
2020-12-27, 13:35:49, 8.96e-13, 5.45e-11
2020-12-27, 13:35:53, 8.96e-13, 5.41e-11
2020-12-27, 13:35:58, 9.23e-13, 5.44e-11
2020-12-27, 13:36:02, 1e-12, 5.47e-11
2020-12-27, 13:36:06, 1.03e-12, 5.42e-11
2020-12-27, 13:36:10, 9.34e-13, 5.44e-11
2020-12-27, 13:36:15, 9.67e-13, 5.4e-11
2020-12-27, 13:36:19, 9.28e-13, 5.41e-11
2020-12-27, 13:36:23, 9e-13, 5.43e-11
2020-12-27, 13:36:27, 9.55e-13, 5.44e-11
2020-12-27, 13:36:31, 9.43e-13, 5.41e-11
2020-12-27, 13:36:36, 8.5e-13, 5.41e-11
2020-12-27, 13:36:40, 8.51e-13, 5.43e-11
2020-12-27, 13:36:44, 1.03e-12, 5.44e-11
2020-12-27, 13:36:48, 9.11e-13, 5.45e-11
2020-12-27, 13:36:53, 9.32e-13, 5.43e-11
2020-12-27, 13:36:57, 9.63e-13, 5.42e-11
2020-12-27, 13:37:01, 1.02e-12, 5.43e-11
2020-12-27, 13:37:05, 9.9e-13, 5.44e-11
2020-12-27, 13:37:09, 9.53e-13, 5.41e-11
2020-12-27, 13:37:14, 9.4e-13, 5.41e-11
2020-12-27, 13:37:18, 9.76e-13, 5.43e-11
2020-12-27, 13:37:22, 9.62e-13, 5.41e-11
2020-12-27, 13:37:26, 1.13e-12, 5.43e-11
2020-12-27, 13:37:31, 9.46e-13, 5.43e-11
2020-12-27, 13:37:35, 9.13e-13, 5.4e-11
2020-12-27, 13:37:39, 9.43e-13, 5.42e-11
2020-12-27, 13:37:43, 9.39e-13, 5.44e-11
2020-12-27, 13:37:47, 9.44e-13, 5.43e-11
2020-12-27, 13:37:52, 1.02e-12, 5.41e-11
2020-12-27, 13:37:56, 1.07e-12, 5.44e-11
2020-12-27, 13:38:00, 1.01e-12, 5.43e-11
2020-12-27, 13:38:04, 9.39e-13, 5.45e-11
2020-12-27, 13:38:09, 9.48e-13, 5.44e-11
2020-12-27, 13:38:13, 9.19e-13, 5.43e-11
2020-12-27, 13:38:17, 9.88e-13, 5.45e-11
2020-12-27, 13:38:21, 8.9e-13, 5.45e-11
2020-12-27, 13:38:25, 8.84e-13, 5.46e-11
2020-12-27, 13:38:30, 9.05e-13, 5.44e-11
2020-12-27, 13:38:34, 8.98e-13, 5.44e-11
2020-12-27, 13:38:38, 8.98e-13, 5.44e-11
2020-12-27, 13:38:42, 9.56e-13, 5.45e-11
2020-12-27, 13:38:47, 9.22e-13, 5.41e-11
2020-12-27, 13:38:51, 9.7e-13, 5.42e-11
2020-12-27, 13:38:55, 9.63e-13, 5.42e-11
2020-12-27, 13:38:59, 8.44e-13, 5.42e-11
2020-12-27, 13:39:03, 9.86e-13, 5.41e-11
2020-12-27, 13:39:08, 9.48e-13, 5.41e-11
2020-12-27, 13:39:12, 9.2e-13, 5.43e-11
2020-12-27, 13:39:16, 9.26e-13, 5.43e-11
2020-12-27, 13:39:20, 9.14e-13, 5.46e-11
2020-12-27, 13:39:24, 9.34e-13, 5.42e-11
2020-12-27, 13:39:29, 1e-12, 5.43e-11
2020-12-27, 13:39:33, 9.16e-13, 5.45e-11
2020-12-27, 13:39:37, 1.11e-12, 5.44e-11
2020-12-27, 13:39:41, 9.67e-13, 5.44e-11
2020-12-27, 13:39:46, 9.55e-13, 5.46e-11
2020-12-27, 13:39:50, 9.06e-13, 5.45e-11
2020-12-27, 13:39:54, 9.42e-13, 5.43e-11
2020-12-27, 13:39:58, 9.52e-13, 5.43e-11
2020-12-27, 13:40:02, 9.46e-13, 5.45e-11
2020-12-27, 13:40:07, 9.52e-13, 5.43e-11
2020-12-27, 13:40:11, 9.46e-13, 5.41e-11
2020-12-27, 13:40:15, 8.24e-13, 5.41e-11
2020-12-27, 13:40:19, 8.92e-13, 5.44e-11
2020-12-27, 13:40:24, 9.22e-13, 5.44e-11
2020-12-27, 13:40:28, 8.89e-13, 5.43e-11
2020-12-27, 13:40:32, 9.39e-13, 5.44e-11
2020-12-27, 13:40:36, 8.95e-13, 5.44e-11
2020-12-27, 13:40:40, 8.71e-13, 5.45e-11
2020-12-27, 13:40:45, 9.67e-13, 5.44e-11
2020-12-27, 13:40:49, 8.91e-13, 5.44e-11
2020-12-27, 13:40:53, 9.47e-13, 5.44e-11
2020-12-27, 13:40:57, 9.42e-13, 5.43e-11
2020-12-27, 13:41:02, 9.18e-13, 5.46e-11
2020-12-27, 13:41:06, 8.57e-13, 5.44e-11
2020-12-27, 13:41:10, 9.21e-13, 5.42e-11
2020-12-27, 13:41:14, 7.63e-13, 5.43e-11
2020-12-27, 13:41:18, 9.17e-13, 5.44e-11
2020-12-27, 13:41:23, 1.08e-12, 5.44e-11
2020-12-27, 13:41:27, 9.73e-13, 5.41e-11
2020-12-27, 13:41:31, 9.59e-13, 5.43e-11
2020-12-27, 13:41:35, 9.29e-13, 5.43e-11
2020-12-27, 13:41:40, 9.3e-13, 5.42e-11
2020-12-27, 13:41:44, 1.02e-12, 5.42e-11
2020-12-27, 13:41:48, 9.29e-13, 5.43e-11
2020-12-27, 13:41:52, 9.77e-13, 5.46e-11
2020-12-27, 13:41:56, 8.91e-13, 5.48e-11
2020-12-27, 13:42:01, 9.75e-13, 5.46e-11
2020-12-27, 13:42:05, 8.82e-13, 5.44e-11
2020-12-27, 13:42:09, 9.57e-13, 5.42e-11
2020-12-27, 13:42:13, 8.44e-13, 5.41e-11
2020-12-27, 13:42:18, 9.24e-13, 5.41e-11
2020-12-27, 13:42:22, 9.13e-13, 5.42e-11
2020-12-27, 13:42:26, 9.53e-13, 5.44e-11
2020-12-27, 13:42:30, 8.85e-13, 5.42e-11
2020-12-27, 13:42:34, 8.69e-13, 5.45e-11
2020-12-27, 13:42:39, 9.54e-13, 5.46e-11
2020-12-27, 13:42:43, 9.61e-13, 5.42e-11
2020-12-27, 13:42:47, 9.48e-13, 5.47e-11
2020-12-27, 13:42:51, 9.3e-13, 5.42e-11
2020-12-27, 13:42:56, 8.94e-13, 5.41e-11
2020-12-27, 13:43:00, 9.25e-13, 5.42e-11
2020-12-27, 13:43:04, 8.99e-13, 5.41e-11
2020-12-27, 13:43:08, 9.08e-13, 5.43e-11
2020-12-27, 13:43:12, 9.34e-13, 5.4e-11
2020-12-27, 13:43:17, 9.64e-13, 5.41e-11
2020-12-27, 13:43:21, 9.23e-13, 5.42e-11
2020-12-27, 13:43:25, 9.4e-13, 5.45e-11
2020-12-27, 13:43:29, 9.45e-13, 5.41e-11
2020-12-27, 13:43:34, 9.05e-13, 5.44e-11
2020-12-27, 13:43:38, 9.26e-13, 5.46e-11
2020-12-27, 13:43:42, 9.31e-13, 5.45e-11
2020-12-27, 13:43:46, 9.87e-13, 5.44e-11
2020-12-27, 13:43:50, 8.91e-13, 5.41e-11
2020-12-27, 13:43:55, 9.1e-13, 5.43e-11
2020-12-27, 13:43:59, 1.09e-12, 5.43e-11
2020-12-27, 13:44:03, 9.48e-13, 5.44e-11
2020-12-27, 13:44:07, 9.31e-13, 5.48e-11
2020-12-27, 13:44:12, 9.23e-13, 5.46e-11
2020-12-27, 13:44:16, 9.87e-13, 5.42e-11
2020-12-27, 13:44:20, 9.49e-13, 5.44e-11
2020-12-27, 13:44:24, 9.33e-13, 5.44e-11
2020-12-27, 13:44:28, 9.66e-13, 5.43e-11
2020-12-27, 13:44:33, 9.26e-13, 5.42e-11
2020-12-27, 13:44:37, 8.9e-13, 5.42e-11
2020-12-27, 13:44:41, 8.78e-13, 5.4e-11
2020-12-27, 13:44:45, 9.46e-13, 5.42e-11
2020-12-27, 13:44:50, 9.38e-13, 5.41e-11
2020-12-27, 13:44:54, 8.63e-13, 5.42e-11
2020-12-27, 13:44:58, 8.85e-13, 5.4e-11
2020-12-27, 13:45:02, 8.89e-13, 5.42e-11
2020-12-27, 13:45:06, 9.05e-13, 5.4e-11
2020-12-27, 13:45:11, 9.27e-13, 5.42e-11
2020-12-27, 13:45:15, 9.05e-13, 5.41e-11
2020-12-27, 13:45:19, 9.6e-13, 5.42e-11
2020-12-27, 13:45:23, 9.37e-13, 5.44e-11
2020-12-27, 13:45:27, 9.9e-13, 5.44e-11
2020-12-27, 13:45:32, 9.05e-13, 5.44e-11
2020-12-27, 13:45:36, 9.8e-13, 5.44e-11
2020-12-27, 13:45:40, 8.56e-13, 5.44e-11
2020-12-27, 13:45:44, 9.36e-13, 5.44e-11
2020-12-27, 13:45:49, 8.9e-13, 5.43e-11
2020-12-27, 13:45:53, 9.09e-13, 5.42e-11
2020-12-27, 13:45:57, 8.83e-13, 5.43e-11
2020-12-27, 13:46:01, 9.85e-13, 5.43e-11
2020-12-27, 13:46:05, 9.19e-13, 5.42e-11
2020-12-27, 13:46:10, 9.22e-13, 5.42e-11
2020-12-27, 13:46:14, 8.91e-13, 5.44e-11
2020-12-27, 13:46:18, 1.06e-12, 5.46e-11
2020-12-27, 13:46:22, 9.19e-13, 5.46e-11
2020-12-27, 13:46:27, 9.67e-13, 5.43e-11
2020-12-27, 13:46:31, 9.62e-13, 5.44e-11
2020-12-27, 13:46:35, 8.87e-13, 5.42e-11
2020-12-27, 13:46:39, 9.71e-13, 5.44e-11
2020-12-27, 13:46:43, 9.49e-13, 5.46e-11
2020-12-27, 13:46:48, 7.94e-13, 5.47e-11
2020-12-27, 13:46:52, 9.2e-13, 5.44e-11
2020-12-27, 13:46:56, 8.93e-13, 5.42e-11
2020-12-27, 13:47:00, 9.3e-13, 5.42e-11
2020-12-27, 13:47:05, 8.41e-13, 5.42e-11
2020-12-27, 13:47:09, 9.45e-13, 5.45e-11
2020-12-27, 13:47:13, 1e-12, 5.44e-11
2020-12-27, 13:47:17, 9.53e-13, 5.45e-11
2020-12-27, 13:47:21, 9.67e-13, 5.43e-11
2020-12-27, 13:47:26, 9.19e-13, 5.4e-11
2020-12-27, 13:47:30, 9.18e-13, 5.45e-11
2020-12-27, 13:47:34, 8.66e-13, 5.4e-11
2020-12-27, 13:47:38, 9.09e-13, 5.42e-11
2020-12-27, 13:47:43, 1.05e-12, 5.4e-11
2020-12-27, 13:47:47, 9.37e-13, 5.41e-11
2020-12-27, 13:47:51, 9.3e-13, 5.42e-11
2020-12-27, 13:47:55, 9.63e-13, 5.43e-11
2020-12-27, 13:47:59, 9.26e-13, 5.48e-11
2020-12-27, 13:48:04, 9.23e-13, 5.44e-11
2020-12-27, 13:48:08, 9.27e-13, 5.43e-11
2020-12-27, 13:48:12, 8.96e-13, 5.46e-11
2020-12-27, 13:48:16, 9.3e-13, 5.4e-11
2020-12-27, 13:48:21, 9.81e-13, 5.42e-11
2020-12-27, 13:48:25, 8.14e-13, 5.43e-11
2020-12-27, 13:48:29, 8.89e-13, 5.45e-11
2020-12-27, 13:48:33, 9.71e-13, 5.44e-11
2020-12-27, 13:48:37, 8.93e-13, 5.42e-11
2020-12-27, 13:48:42, 8.94e-13, 5.42e-11
2020-12-27, 13:48:46, 8.78e-13, 5.45e-11
2020-12-27, 13:48:50, 9.78e-13, 5.45e-11
2020-12-27, 13:48:54, 9.14e-13, 5.42e-11
2020-12-27, 13:48:59, 8.66e-13, 5.4e-11
2020-12-27, 13:49:03, 9.48e-13, 5.42e-11
2020-12-27, 13:49:07, 8.92e-13, 5.44e-11
2020-12-27, 13:49:11, 8.71e-13, 5.45e-11
2020-12-27, 13:49:15, 8.4e-13, 5.43e-11
2020-12-27, 13:49:20, 1.01e-12, 5.44e-11
2020-12-27, 13:49:24, 8.92e-13, 5.43e-11
2020-12-27, 13:49:28, 1.02e-12, 5.44e-11
2020-12-27, 13:49:32, 9.7e-13, 5.45e-11
2020-12-27, 13:49:37, 8.86e-13, 5.43e-11
2020-12-27, 13:49:41, 9.69e-13, 5.44e-11
2020-12-27, 13:49:45, 9.25e-13, 5.44e-11
2020-12-27, 13:49:49, 9.4e-13, 5.43e-11
2020-12-27, 13:49:53, 9.65e-13, 5.43e-11
2020-12-27, 13:49:58, 9.35e-13, 5.43e-11
2020-12-27, 13:50:02, 9.55e-13, 5.43e-11
2020-12-27, 13:50:06, 9.4e-13, 5.45e-11
2020-12-27, 13:50:10, 9.49e-13, 5.46e-11
2020-12-27, 13:50:15, 9.45e-13, 5.42e-11
2020-12-27, 13:50:19, 9.24e-13, 5.44e-11
2020-12-27, 13:50:23, 8.58e-13, 5.46e-11
2020-12-27, 13:50:27, 9.69e-13, 5.46e-11
2020-12-27, 13:50:31, 9.09e-13, 5.44e-11
2020-12-27, 13:50:36, 8.85e-13, 5.42e-11
2020-12-27, 13:50:40, 9.08e-13, 5.45e-11
2020-12-27, 13:50:44, 9.56e-13, 5.43e-11
2020-12-27, 13:50:48, 1.01e-12, 5.44e-11
2020-12-27, 13:50:53, 8.93e-13, 5.45e-11
2020-12-27, 13:50:57, 8.7e-13, 5.43e-11
2020-12-27, 13:51:01, 9.61e-13, 5.43e-11
2020-12-27, 13:51:05, 8.39e-13, 5.44e-11
2020-12-27, 13:51:09, 9.25e-13, 5.45e-11
2020-12-27, 13:51:14, 9.04e-13, 5.44e-11
2020-12-27, 13:51:18, 9.7e-13, 5.47e-11
2020-12-27, 13:51:22, 9.71e-13, 5.4e-11
2020-12-27, 13:51:26, 9.42e-13, 5.43e-11
2020-12-27, 13:51:31, 8.58e-13, 5.42e-11
2020-12-27, 13:51:35, 9.49e-13, 5.45e-11
2020-12-27, 13:51:39, 9.73e-13, 5.41e-11
2020-12-27, 13:51:43, 9.58e-13, 5.42e-11
2020-12-27, 13:51:47, 1.03e-12, 5.41e-11
2020-12-27, 13:51:52, 9.51e-13, 5.44e-11
2020-12-27, 13:51:56, 8.79e-13, 5.42e-11
2020-12-27, 13:52:00, 9.44e-13, 5.43e-11
2020-12-27, 13:52:04, 8.73e-13, 5.42e-11
2020-12-27, 13:52:09, 8.79e-13, 5.43e-11
2020-12-27, 13:52:13, 9.37e-13, 5.43e-11
2020-12-27, 13:52:17, 9.17e-13, 5.44e-11
2020-12-27, 13:52:21, 8.74e-13, 5.47e-11
2020-12-27, 13:52:25, 9.47e-13, 5.49e-11
2020-12-27, 13:52:30, 9.72e-13, 5.42e-11
2020-12-27, 13:52:34, 8.76e-13, 5.45e-11
2020-12-27, 13:52:38, 8.98e-13, 5.44e-11
2020-12-27, 13:52:42, 9.85e-13, 5.42e-11
2020-12-27, 13:52:47, 1e-12, 5.44e-11
2020-12-27, 13:52:51, 9e-13, 5.44e-11
2020-12-27, 13:52:55, 8.01e-13, 5.43e-11
2020-12-27, 13:52:59, 9.85e-13, 5.43e-11
2020-12-27, 13:53:03, 9.72e-13, 5.44e-11
2020-12-27, 13:53:08, 9.19e-13, 5.42e-11
2020-12-27, 13:53:12, 9.39e-13, 5.43e-11
2020-12-27, 13:53:16, 8.81e-13, 5.41e-11
2020-12-27, 13:53:20, 9.16e-13, 5.42e-11
2020-12-27, 13:53:25, 9.92e-13, 5.44e-11
2020-12-27, 13:53:29, 8.96e-13, 5.43e-11
2020-12-27, 13:53:33, 9.5e-13, 5.42e-11
2020-12-27, 13:53:37, 9.03e-13, 5.42e-11
2020-12-27, 13:53:41, 9.54e-13, 5.44e-11
2020-12-27, 13:53:46, 8.97e-13, 5.41e-11
2020-12-27, 13:53:50, 9.76e-13, 5.46e-11
2020-12-27, 13:53:54, 1e-12, 5.43e-11
2020-12-27, 13:53:58, 8.81e-13, 5.43e-11
2020-12-27, 13:54:02, 9.63e-13, 5.46e-11
2020-12-27, 13:54:07, 9.17e-13, 5.44e-11
2020-12-27, 13:54:11, 9.78e-13, 5.4e-11
2020-12-27, 13:54:15, 9.9e-13, 5.42e-11
2020-12-27, 13:54:19, 8.84e-13, 5.43e-11
2020-12-27, 13:54:24, 9.42e-13, 5.4e-11
2020-12-27, 13:54:28, 9.05e-13, 5.42e-11
2020-12-27, 13:54:32, 9.8e-13, 5.45e-11
2020-12-27, 13:54:36, 9.63e-13, 5.46e-11
2020-12-27, 13:54:40, 8.97e-13, 5.42e-11
2020-12-27, 13:54:45, 9.26e-13, 5.44e-11
2020-12-27, 13:54:49, 9.84e-13, 5.44e-11
2020-12-27, 13:54:53, 9.66e-13, 5.44e-11
2020-12-27, 13:54:57, 9.18e-13, 5.44e-11
2020-12-27, 13:55:02, 8.6e-13, 5.42e-11
2020-12-27, 13:55:06, 8.37e-13, 5.42e-11
2020-12-27, 13:55:10, 9.53e-13, 5.42e-11
2020-12-27, 13:55:14, 9.61e-13, 5.46e-11
2020-12-27, 13:55:18, 9.95e-13, 5.43e-11
2020-12-27, 13:55:23, 9.47e-13, 5.44e-11
2020-12-27, 13:55:27, 9.39e-13, 5.43e-11
2020-12-27, 13:55:31, 9.05e-13, 5.41e-11
2020-12-27, 13:55:35, 9.53e-13, 5.45e-11
2020-12-27, 13:55:40, 1e-12, 5.42e-11
2020-12-27, 13:55:44, 8.4e-13, 5.42e-11
2020-12-27, 13:55:48, 9.15e-13, 5.42e-11
2020-12-27, 13:55:52, 8.38e-13, 5.43e-11
2020-12-27, 13:55:56, 8.75e-13, 5.42e-11
2020-12-27, 13:56:01, 9.18e-13, 5.48e-11
2020-12-27, 13:56:05, 8.84e-13, 5.44e-11
2020-12-27, 13:56:09, 9.22e-13, 5.46e-11
2020-12-27, 13:56:13, 1.03e-12, 5.43e-11
2020-12-27, 13:56:18, 9.59e-13, 5.46e-11
2020-12-27, 13:56:22, 8.96e-13, 5.44e-11
2020-12-27, 13:56:26, 9.11e-13, 5.43e-11
2020-12-27, 13:56:30, 9.12e-13, 5.47e-11
2020-12-27, 13:56:34, 9.84e-13, 5.4e-11
2020-12-27, 13:56:39, 9.39e-13, 5.43e-11
2020-12-27, 13:56:43, 9.58e-13, 5.41e-11
2020-12-27, 13:56:47, 9.1e-13, 5.39e-11
2020-12-27, 13:56:51, 9.08e-13, 5.44e-11
2020-12-27, 13:56:56, 9.39e-13, 5.42e-11
2020-12-27, 13:57:00, 9.62e-13, 5.45e-11
2020-12-27, 13:57:04, 8.86e-13, 5.4e-11
2020-12-27, 13:57:08, 8.83e-13, 5.43e-11
2020-12-27, 13:57:12, 1.08e-12, 5.45e-11
2020-12-27, 13:57:17, 8.64e-13, 5.47e-11
2020-12-27, 13:57:21, 9.42e-13, 5.44e-11
2020-12-27, 13:57:25, 9.21e-13, 5.44e-11
2020-12-27, 13:57:29, 9.15e-13, 5.48e-11
2020-12-27, 13:57:34, 8.45e-13, 5.46e-11
2020-12-27, 13:57:38, 8.69e-13, 5.43e-11
2020-12-27, 13:57:42, 9.21e-13, 5.43e-11
2020-12-27, 13:57:46, 9.5e-13, 5.46e-11
2020-12-27, 13:57:50, 8.97e-13, 5.45e-11
2020-12-27, 13:57:55, 9.94e-13, 5.44e-11
2020-12-27, 13:57:59, 9.06e-13, 5.42e-11
2020-12-27, 13:58:03, 9.53e-13, 5.43e-11
2020-12-27, 13:58:07, 9.04e-13, 5.48e-11
2020-12-27, 13:58:11, 9.43e-13, 5.44e-11
2020-12-27, 13:58:16, 9.14e-13, 5.47e-11
2020-12-27, 13:58:20, 9.36e-13, 5.44e-11
2020-12-27, 13:58:24, 8.93e-13, 5.45e-11
2020-12-27, 13:58:28, 8.99e-13, 5.45e-11
2020-12-27, 13:58:33, 9.76e-13, 5.45e-11
2020-12-27, 13:58:37, 9.55e-13, 5.43e-11
2020-12-27, 13:58:41, 9.62e-13, 5.41e-11
2020-12-27, 13:58:45, 8.36e-13, 5.41e-11
2020-12-27, 13:58:49, 1e-12, 5.44e-11
2020-12-27, 13:58:54, 9.57e-13, 5.41e-11
2020-12-27, 13:58:58, 8.69e-13, 5.43e-11
2020-12-27, 13:59:02, 9.31e-13, 5.45e-11
2020-12-27, 13:59:06, 9.6e-13, 5.44e-11
2020-12-27, 13:59:11, 8.75e-13, 5.43e-11
2020-12-27, 13:59:15, 9.29e-13, 5.42e-11
2020-12-27, 13:59:19, 9.73e-13, 5.42e-11
2020-12-27, 13:59:23, 8.86e-13, 5.41e-11
2020-12-27, 13:59:27, 1.03e-12, 5.44e-11
2020-12-27, 13:59:32, 9.18e-13, 5.44e-11
2020-12-27, 13:59:36, 8.42e-13, 5.4e-11
2020-12-27, 13:59:40, 9.17e-13, 5.39e-11
2020-12-27, 13:59:44, 9.66e-13, 5.39e-11
2020-12-27, 13:59:49, 9.71e-13, 5.4e-11
2020-12-27, 13:59:53, 9.74e-13, 5.4e-11
2020-12-27, 13:59:57, 9.39e-13, 5.43e-11
2020-12-27, 14:00:01, 9.42e-13, 5.44e-11
2020-12-27, 14:00:05, 9.22e-13, 5.44e-11
2020-12-27, 14:00:10, 9.34e-13, 5.41e-11
2020-12-27, 14:00:14, 9.24e-13, 5.44e-11
2020-12-27, 14:00:18, 9.25e-13, 5.46e-11
2020-12-27, 14:00:22, 9.46e-13, 5.43e-11
2020-12-27, 14:00:27, 9.18e-13, 5.43e-11
2020-12-27, 14:00:31, 9.65e-13, 5.41e-11
2020-12-27, 14:00:35, 9.42e-13, 5.4e-11
2020-12-27, 14:00:39, 8.92e-13, 5.44e-11
2020-12-27, 14:00:43, 9.15e-13, 5.41e-11
2020-12-27, 14:00:48, 9.23e-13, 5.42e-11
2020-12-27, 14:00:52, 8.8e-13, 5.45e-11
2020-12-27, 14:00:56, 9.52e-13, 5.49e-11
2020-12-27, 14:01:00, 7.59e-13, 5.49e-11
2020-12-27, 14:01:05, 9.25e-13, 5.44e-11
2020-12-27, 14:01:09, 9.01e-13, 5.45e-11
2020-12-27, 14:01:13, 9.17e-13, 5.5e-11
2020-12-27, 14:01:17, 9.59e-13, 5.44e-11
2020-12-27, 14:01:21, 9.44e-13, 5.47e-11
2020-12-27, 14:01:26, 9.34e-13, 5.41e-11
2020-12-27, 14:01:30, 9.18e-13, 5.44e-11
2020-12-27, 14:01:34, 8.87e-13, 5.42e-11
2020-12-27, 14:01:38, 9.13e-13, 5.44e-11
2020-12-27, 14:01:42, 9.59e-13, 5.45e-11
2020-12-27, 14:01:47, 8.88e-13, 5.47e-11
2020-12-27, 14:01:51, 9.54e-13, 5.44e-11
2020-12-27, 14:01:55, 8.98e-13, 5.44e-11
2020-12-27, 14:01:59, 9.06e-13, 5.47e-11
2020-12-27, 14:02:04, 8.34e-13, 5.48e-11
2020-12-27, 14:02:08, 8.85e-13, 5.46e-11
2020-12-27, 14:02:12, 9.26e-13, 5.45e-11
2020-12-27, 14:02:16, 9.86e-13, 5.45e-11
2020-12-27, 14:02:20, 9.34e-13, 5.44e-11
2020-12-27, 14:02:25, 8.76e-13, 5.46e-11
2020-12-27, 14:02:29, 9.77e-13, 5.46e-11
2020-12-27, 14:02:33, 9.55e-13, 5.45e-11
2020-12-27, 14:02:37, 1.02e-12, 5.49e-11
2020-12-27, 14:02:42, 9.53e-13, 5.45e-11
2020-12-27, 14:02:46, 1.01e-12, 5.47e-11
2020-12-27, 14:02:50, 8.99e-13, 5.47e-11
2020-12-27, 14:02:54, 9.59e-13, 5.46e-11
2020-12-27, 14:02:58, 9.17e-13, 5.45e-11
2020-12-27, 14:03:03, 9.86e-13, 5.47e-11
2020-12-27, 14:03:07, 9.94e-13, 5.46e-11
2020-12-27, 14:03:11, 8.89e-13, 5.44e-11
2020-12-27, 14:03:15, 9.19e-13, 5.46e-11
2020-12-27, 14:03:20, 7.76e-13, 5.45e-11
2020-12-27, 14:03:24, 9.37e-13, 5.44e-11
2020-12-27, 14:03:28, 9.02e-13, 5.46e-11
2020-12-27, 14:03:32, 8.51e-13, 5.43e-11
2020-12-27, 14:03:36, 9.33e-13, 5.45e-11
2020-12-27, 14:03:41, 9.8e-13, 5.49e-11
2020-12-27, 14:03:45, 9.64e-13, 5.43e-11
2020-12-27, 14:03:49, 9.72e-13, 5.45e-11
2020-12-27, 14:03:53, 9.15e-13, 5.45e-11
2020-12-27, 14:03:58, 9.9e-13, 5.44e-11
2020-12-27, 14:04:02, 9.72e-13, 5.45e-11
2020-12-27, 14:04:06, 8.95e-13, 5.46e-11
2020-12-27, 14:04:10, 8.74e-13, 5.46e-11
2020-12-27, 14:04:14, 9.72e-13, 5.46e-11
2020-12-27, 14:04:19, 8.8e-13, 5.42e-11
2020-12-27, 14:04:23, 9.27e-13, 5.44e-11
2020-12-27, 14:04:27, 9.52e-13, 5.44e-11
2020-12-27, 14:04:31, 9.31e-13, 5.43e-11
2020-12-27, 14:04:36, 9.04e-13, 5.43e-11
2020-12-27, 14:04:40, 9.46e-13, 5.44e-11
2020-12-27, 14:04:44, 9.53e-13, 5.47e-11
2020-12-27, 14:04:48, 9.18e-13, 5.46e-11
2020-12-27, 14:04:52, 9.84e-13, 5.45e-11
2020-12-27, 14:04:57, 9.11e-13, 5.46e-11
2020-12-27, 14:05:01, 9.33e-13, 5.42e-11
2020-12-27, 14:05:05, 1.07e-12, 5.42e-11
2020-12-27, 14:05:09, 8.94e-13, 5.41e-11
2020-12-27, 14:05:14, 9.26e-13, 5.42e-11
2020-12-27, 14:05:18, 9.17e-13, 5.44e-11
2020-12-27, 14:05:22, 8.97e-13, 5.43e-11
2020-12-27, 14:05:26, 9.49e-13, 5.44e-11
2020-12-27, 14:05:30, 9.18e-13, 5.43e-11
2020-12-27, 14:05:35, 7.75e-13, 5.45e-11
2020-12-27, 14:05:39, 9.23e-13, 5.45e-11
2020-12-27, 14:05:43, 9.42e-13, 5.43e-11
2020-12-27, 14:05:47, 8.07e-13, 5.42e-11
2020-12-27, 14:05:52, 9.58e-13, 5.43e-11
2020-12-27, 14:05:56, 9.38e-13, 5.43e-11
2020-12-27, 14:06:00, 8.97e-13, 5.44e-11
2020-12-27, 14:06:04, 9.18e-13, 5.42e-11
2020-12-27, 14:06:08, 8.94e-13, 5.41e-11
2020-12-27, 14:06:13, 8.3e-13, 5.4e-11
2020-12-27, 14:06:17, 8.74e-13, 5.45e-11
2020-12-27, 14:06:21, 9.57e-13, 5.46e-11
2020-12-27, 14:06:25, 9.24e-13, 5.42e-11
2020-12-27, 14:06:29, 9.42e-13, 5.45e-11
2020-12-27, 14:06:34, 9.58e-13, 5.44e-11
2020-12-27, 14:06:38, 9.35e-13, 5.45e-11
2020-12-27, 14:06:42, 9.13e-13, 5.45e-11
2020-12-27, 14:06:46, 9.84e-13, 5.47e-11
2020-12-27, 14:06:51, 9.47e-13, 5.45e-11
2020-12-27, 14:06:55, 9.45e-13, 5.46e-11
2020-12-27, 14:06:59, 9.48e-13, 5.45e-11
2020-12-27, 14:07:03, 9.78e-13, 5.46e-11
2020-12-27, 14:07:07, 9.64e-13, 5.48e-11
2020-12-27, 14:07:12, 9.53e-13, 5.45e-11
2020-12-27, 14:07:16, 1.05e-12, 5.47e-11
2020-12-27, 14:07:20, 9.07e-13, 5.45e-11
2020-12-27, 14:07:24, 9.23e-13, 5.45e-11
2020-12-27, 14:07:29, 8.64e-13, 5.44e-11
2020-12-27, 14:07:33, 1.09e-12, 5.4e-11
2020-12-27, 14:07:37, 9.96e-13, 5.42e-11
2020-12-27, 14:07:41, 9.65e-13, 5.4e-11
2020-12-27, 14:07:45, 9.21e-13, 5.39e-11
2020-12-27, 14:07:50, 9.25e-13, 5.42e-11
2020-12-27, 14:07:54, 1e-12, 5.42e-11
2020-12-27, 14:07:58, 9.55e-13, 5.45e-11
2020-12-27, 14:08:02, 1.07e-12, 5.45e-11
2020-12-27, 14:08:07, 9.01e-13, 5.46e-11
2020-12-27, 14:08:11, 8.89e-13, 5.44e-11
2020-12-27, 14:08:15, 9.53e-13, 5.42e-11
2020-12-27, 14:08:19, 9.42e-13, 5.43e-11
2020-12-27, 14:08:23, 9.15e-13, 5.44e-11
2020-12-27, 14:08:28, 8.64e-13, 5.48e-11
2020-12-27, 14:08:32, 8.69e-13, 5.44e-11
2020-12-27, 14:08:36, 9.1e-13, 5.45e-11
2020-12-27, 14:08:40, 9.62e-13, 5.43e-11
2020-12-27, 14:08:45, 9.35e-13, 5.44e-11
2020-12-27, 14:08:49, 1.03e-12, 5.43e-11
2020-12-27, 14:08:53, 9.93e-13, 5.45e-11
2020-12-27, 14:08:57, 9.08e-13, 5.44e-11
2020-12-27, 14:09:01, 8.98e-13, 5.42e-11
2020-12-27, 14:09:06, 9e-13, 5.43e-11
2020-12-27, 14:09:10, 8.41e-13, 5.43e-11
2020-12-27, 14:09:14, 9.02e-13, 5.45e-11
2020-12-27, 14:09:18, 9.12e-13, 5.45e-11
2020-12-27, 14:09:23, 9.13e-13, 5.45e-11
2020-12-27, 14:09:27, 8.95e-13, 5.43e-11
2020-12-27, 14:09:31, 8.95e-13, 5.44e-11
2020-12-27, 14:09:35, 8.68e-13, 5.46e-11
2020-12-27, 14:09:39, 9.41e-13, 5.45e-11
2020-12-27, 14:09:44, 9.53e-13, 5.45e-11
2020-12-27, 14:09:48, 8.81e-13, 5.42e-11
2020-12-27, 14:09:52, 1e-12, 5.45e-11
2020-12-27, 14:09:56, 1.07e-12, 5.45e-11
2020-12-27, 14:10:01, 9e-13, 5.46e-11
2020-12-27, 14:10:05, 9.24e-13, 5.43e-11
2020-12-27, 14:10:09, 9.28e-13, 5.46e-11
2020-12-27, 14:10:13, 9.16e-13, 5.44e-11
2020-12-27, 14:10:17, 8.92e-13, 5.42e-11
2020-12-27, 14:10:22, 8.78e-13, 5.43e-11
2020-12-27, 14:10:26, 9.61e-13, 5.42e-11
2020-12-27, 14:10:30, 9.19e-13, 5.47e-11
2020-12-27, 14:10:34, 8.98e-13, 5.43e-11
2020-12-27, 14:10:39, 9.12e-13, 5.44e-11
2020-12-27, 14:10:43, 9.08e-13, 5.45e-11
2020-12-27, 14:10:47, 9.71e-13, 5.43e-11
2020-12-27, 14:10:51, 9.22e-13, 5.45e-11
2020-12-27, 14:10:55, 9.26e-13, 5.47e-11
2020-12-27, 14:11:00, 9.01e-13, 5.45e-11
2020-12-27, 14:11:04, 9.43e-13, 5.39e-11
2020-12-27, 14:11:08, 9.49e-13, 5.41e-11
2020-12-27, 14:11:12, 9.01e-13, 5.39e-11
2020-12-27, 14:11:17, 8.9e-13, 5.39e-11
2020-12-27, 14:11:21, 9.21e-13, 5.4e-11
2020-12-27, 14:11:25, 9.93e-13, 5.42e-11
2020-12-27, 14:11:29, 9.38e-13, 5.43e-11
2020-12-27, 14:11:33, 9.41e-13, 5.42e-11
2020-12-27, 14:11:38, 8.84e-13, 5.41e-11
2020-12-27, 14:11:42, 1e-12, 5.43e-11
2020-12-27, 14:11:46, 9.15e-13, 5.44e-11
2020-12-27, 14:11:50, 8.73e-13, 5.44e-11
2020-12-27, 14:11:54, 9.46e-13, 5.46e-11
2020-12-27, 14:11:59, 9.51e-13, 5.45e-11
2020-12-27, 14:12:03, 1.08e-12, 5.43e-11
2020-12-27, 14:12:07, 9.37e-13, 5.42e-11
2020-12-27, 14:12:11, 9.04e-13, 5.44e-11
2020-12-27, 14:12:16, 1.01e-12, 5.42e-11
2020-12-27, 14:12:20, 9.44e-13, 5.45e-11
2020-12-27, 14:12:24, 9.35e-13, 5.46e-11
2020-12-27, 14:12:28, 9.8e-13, 5.46e-11
2020-12-27, 14:12:32, 9.16e-13, 5.47e-11
2020-12-27, 14:12:37, 8.88e-13, 5.47e-11
2020-12-27, 14:12:41, 9.75e-13, 5.42e-11
2020-12-27, 14:12:45, 9.19e-13, 5.43e-11
2020-12-27, 14:12:49, 9.47e-13, 5.45e-11
2020-12-27, 14:12:54, 9.12e-13, 5.44e-11
2020-12-27, 14:12:58, 1e-12, 5.45e-11
2020-12-27, 14:13:02, 8.67e-13, 5.44e-11
2020-12-27, 14:13:06, 9.19e-13, 5.45e-11
2020-12-27, 14:13:10, 8.74e-13, 5.43e-11
2020-12-27, 14:13:15, 9.13e-13, 5.46e-11
2020-12-27, 14:13:19, 1.02e-12, 5.44e-11
2020-12-27, 14:13:23, 9.12e-13, 5.46e-11
2020-12-27, 14:13:27, 9.72e-13, 5.41e-11
2020-12-27, 14:13:32, 1e-12, 5.42e-11
2020-12-27, 14:13:36, 9.17e-13, 5.44e-11
2020-12-27, 14:13:40, 9.48e-13, 5.44e-11
2020-12-27, 14:13:44, 8.69e-13, 5.43e-11
2020-12-27, 14:13:48, 8.79e-13, 5.39e-11
2020-12-27, 14:13:53, 9.19e-13, 5.43e-11
2020-12-27, 14:13:57, 9.56e-13, 5.44e-11
2020-12-27, 14:14:01, 9.48e-13, 5.42e-11
2020-12-27, 14:14:05, 8.64e-13, 5.44e-11
2020-12-27, 14:14:10, 9.09e-13, 5.44e-11
2020-12-27, 14:14:14, 8.98e-13, 5.44e-11
2020-12-27, 14:14:18, 8.98e-13, 5.44e-11
2020-12-27, 14:14:22, 9.38e-13, 5.41e-11
2020-12-27, 14:14:26, 9.36e-13, 5.39e-11
2020-12-27, 14:14:31, 9.17e-13, 5.44e-11
2020-12-27, 14:14:35, 8.88e-13, 5.41e-11
2020-12-27, 14:14:39, 9.29e-13, 5.4e-11
2020-12-27, 14:14:43, 8.97e-13, 5.4e-11
2020-12-27, 14:14:48, 9.02e-13, 5.42e-11
2020-12-27, 14:14:52, 9.19e-13, 5.44e-11
2020-12-27, 14:14:56, 8.94e-13, 5.45e-11
2020-12-27, 14:15:00, 1.03e-12, 5.45e-11
2020-12-27, 14:15:04, 9.81e-13, 5.44e-11
2020-12-27, 14:15:09, 9.28e-13, 5.46e-11
2020-12-27, 14:15:13, 8.93e-13, 5.45e-11
2020-12-27, 14:15:17, 9.02e-13, 5.44e-11
2020-12-27, 14:15:21, 9.26e-13, 5.42e-11
2020-12-27, 14:15:26, 9.28e-13, 5.39e-11
2020-12-27, 14:15:30, 8.73e-13, 5.4e-11
2020-12-27, 14:15:34, 9.69e-13, 5.42e-11
2020-12-27, 14:15:38, 9.42e-13, 5.44e-11
2020-12-27, 14:15:42, 9.15e-13, 5.43e-11
2020-12-27, 14:15:47, 9.38e-13, 5.41e-11
2020-12-27, 14:15:51, 8.76e-13, 5.42e-11
2020-12-27, 14:15:55, 9.33e-13, 5.45e-11
2020-12-27, 14:15:59, 8.9e-13, 5.45e-11
2020-12-27, 14:16:04, 8.93e-13, 5.43e-11
2020-12-27, 14:16:08, 9.35e-13, 5.44e-11
2020-12-27, 14:16:12, 9.31e-13, 5.45e-11
2020-12-27, 14:16:16, 9.16e-13, 5.42e-11
2020-12-27, 14:16:20, 9.46e-13, 5.45e-11
2020-12-27, 14:16:25, 8.61e-13, 5.41e-11
2020-12-27, 14:16:29, 9.4e-13, 5.42e-11
2020-12-27, 14:16:33, 9.26e-13, 5.41e-11
2020-12-27, 14:16:37, 9.28e-13, 5.4e-11
2020-12-27, 14:16:42, 9.21e-13, 5.41e-11
2020-12-27, 14:16:46, 9.01e-13, 5.48e-11
2020-12-27, 14:16:50, 9.29e-13, 5.44e-11
2020-12-27, 14:16:54, 9.49e-13, 5.45e-11
2020-12-27, 14:16:58, 8.94e-13, 5.42e-11
2020-12-27, 14:17:03, 9.91e-13, 5.46e-11
2020-12-27, 14:17:07, 9.21e-13, 5.45e-11
2020-12-27, 14:17:11, 8.74e-13, 5.45e-11
2020-12-27, 14:17:15, 8.66e-13, 5.42e-11
2020-12-27, 14:17:20, 8.62e-13, 5.43e-11
2020-12-27, 14:17:24, 1.02e-12, 5.41e-11
2020-12-27, 14:17:28, 9.45e-13, 5.39e-11
2020-12-27, 14:17:32, 8.88e-13, 5.4e-11
2020-12-27, 14:17:36, 9.62e-13, 5.42e-11
2020-12-27, 14:17:41, 9.3e-13, 5.44e-11
2020-12-27, 14:17:45, 8.6e-13, 5.43e-11
2020-12-27, 14:17:49, 8.86e-13, 5.43e-11
2020-12-27, 14:17:53, 9.61e-13, 5.44e-11
2020-12-27, 14:17:58, 9.58e-13, 5.46e-11
2020-12-27, 14:18:02, 9.26e-13, 5.42e-11
2020-12-27, 14:18:06, 9.79e-13, 5.44e-11
2020-12-27, 14:18:10, 9.23e-13, 5.43e-11
2020-12-27, 14:18:14, 9.36e-13, 5.44e-11
2020-12-27, 14:18:19, 9.18e-13, 5.43e-11
2020-12-27, 14:18:23, 9.46e-13, 5.43e-11
2020-12-27, 14:18:27, 9.86e-13, 5.44e-11
2020-12-27, 14:18:31, 9.39e-13, 5.44e-11
2020-12-27, 14:18:35, 9.25e-13, 5.44e-11
2020-12-27, 14:18:40, 9.78e-13, 5.43e-11
2020-12-27, 14:18:44, 9.09e-13, 5.46e-11
2020-12-27, 14:18:48, 9.62e-13, 5.42e-11
2020-12-27, 14:18:52, 9.8e-13, 5.44e-11
2020-12-27, 14:18:57, 9.08e-13, 5.45e-11
2020-12-27, 14:19:01, 8.81e-13, 5.44e-11
2020-12-27, 14:19:05, 9.77e-13, 5.45e-11
2020-12-27, 14:19:09, 9.23e-13, 5.4e-11
2020-12-27, 14:19:13, 8.94e-13, 5.37e-11
2020-12-27, 14:19:18, 1.04e-12, 5.41e-11
2020-12-27, 14:19:22, 8.55e-13, 5.41e-11
2020-12-27, 14:19:26, 9.14e-13, 5.4e-11
2020-12-27, 14:19:30, 9.01e-13, 5.4e-11
2020-12-27, 14:19:35, 9.29e-13, 5.42e-11
2020-12-27, 14:19:39, 9.62e-13, 5.4e-11
2020-12-27, 14:19:43, 9.48e-13, 5.45e-11
2020-12-27, 14:19:47, 9.44e-13, 5.42e-11
2020-12-27, 14:19:51, 8.67e-13, 5.44e-11
2020-12-27, 14:19:56, 8.34e-13, 5.43e-11
2020-12-27, 14:20:00, 8.9e-13, 5.42e-11
2020-12-27, 14:20:04, 8.75e-13, 5.42e-11
2020-12-27, 14:20:08, 9.05e-13, 5.39e-11
2020-12-27, 14:20:13, 8.91e-13, 5.42e-11
2020-12-27, 14:20:17, 1.02e-12, 5.4e-11
2020-12-27, 14:20:21, 9.8e-13, 5.44e-11
2020-12-27, 14:20:25, 9.08e-13, 5.41e-11
2020-12-27, 14:20:29, 9.87e-13, 5.43e-11
2020-12-27, 14:20:34, 1e-12, 5.43e-11
2020-12-27, 14:20:38, 9.7e-13, 5.43e-11
2020-12-27, 14:20:42, 8.84e-13, 5.4e-11
2020-12-27, 14:20:46, 9.5e-13, 5.42e-11
2020-12-27, 14:20:51, 8.89e-13, 5.42e-11
2020-12-27, 14:20:55, 9.06e-13, 5.42e-11
2020-12-27, 14:20:59, 8.82e-13, 5.42e-11
2020-12-27, 14:21:03, 9.53e-13, 5.41e-11
2020-12-27, 14:21:07, 9.53e-13, 5.39e-11
2020-12-27, 14:21:12, 9.34e-13, 5.4e-11
2020-12-27, 14:21:16, 9.29e-13, 5.39e-11
2020-12-27, 14:21:20, 9.21e-13, 5.44e-11
2020-12-27, 14:21:24, 9.43e-13, 5.45e-11
2020-12-27, 14:21:29, 8.92e-13, 5.46e-11
2020-12-27, 14:21:33, 9.52e-13, 5.4e-11
2020-12-27, 14:21:37, 1.02e-12, 5.41e-11
2020-12-27, 14:21:41, 9.14e-13, 5.43e-11
2020-12-27, 14:21:45, 9.52e-13, 5.43e-11
2020-12-27, 14:21:50, 9.31e-13, 5.42e-11
2020-12-27, 14:21:54, 8.96e-13, 5.43e-11
2020-12-27, 14:21:58, 8.53e-13, 5.44e-11
2020-12-27, 14:22:02, 9.81e-13, 5.44e-11
2020-12-27, 14:22:06, 8.91e-13, 5.43e-11
2020-12-27, 14:22:11, 9.72e-13, 5.46e-11
2020-12-27, 14:22:15, 9.25e-13, 5.43e-11
2020-12-27, 14:22:19, 9.19e-13, 5.42e-11
2020-12-27, 14:22:23, 8.91e-13, 5.44e-11
2020-12-27, 14:22:28, 9.55e-13, 5.42e-11
2020-12-27, 14:22:32, 8.11e-13, 5.44e-11
2020-12-27, 14:22:36, 9.03e-13, 5.44e-11
2020-12-27, 14:22:40, 9.75e-13, 5.46e-11
2020-12-27, 14:22:44, 8.16e-13, 5.43e-11
2020-12-27, 14:22:49, 9.57e-13, 5.44e-11
2020-12-27, 14:22:53, 9.41e-13, 5.44e-11
2020-12-27, 14:22:57, 9.86e-13, 5.44e-11
2020-12-27, 14:23:01, 9.05e-13, 5.42e-11
2020-12-27, 14:23:06, 9.39e-13, 5.43e-11
2020-12-27, 14:23:10, 8.71e-13, 5.42e-11
2020-12-27, 14:23:14, 9.07e-13, 5.42e-11
2020-12-27, 14:23:18, 9.12e-13, 5.45e-11
2020-12-27, 14:23:22, 9.71e-13, 5.46e-11
2020-12-27, 14:23:27, 7.77e-13, 5.42e-11
2020-12-27, 14:23:31, 9.13e-13, 5.43e-11
2020-12-27, 14:23:35, 9.29e-13, 5.47e-11
2020-12-27, 14:23:39, 9.43e-13, 5.45e-11
2020-12-27, 14:23:44, 9.26e-13, 5.44e-11
2020-12-27, 14:23:48, 9.53e-13, 5.44e-11
2020-12-27, 14:23:52, 8.86e-13, 5.45e-11
2020-12-27, 14:23:56, 9.05e-13, 5.47e-11
2020-12-27, 14:24:00, 9.69e-13, 5.47e-11
2020-12-27, 14:24:05, 9.56e-13, 5.43e-11
2020-12-27, 14:24:09, 9.19e-13, 5.42e-11
2020-12-27, 14:24:13, 9.04e-13, 5.47e-11
2020-12-27, 14:24:17, 9.41e-13, 5.45e-11
2020-12-27, 14:24:22, 9.15e-13, 5.44e-11
2020-12-27, 14:24:26, 9.32e-13, 5.44e-11
2020-12-27, 14:24:30, 9.4e-13, 5.45e-11
2020-12-27, 14:24:34, 9.25e-13, 5.45e-11
2020-12-27, 14:24:38, 9.28e-13, 5.44e-11
2020-12-27, 14:24:43, 9.33e-13, 5.44e-11
2020-12-27, 14:24:47, 9.05e-13, 5.44e-11
2020-12-27, 14:24:51, 9.39e-13, 5.45e-11
2020-12-27, 14:24:55, 9.32e-13, 5.41e-11
2020-12-27, 14:25:00, 9.47e-13, 5.44e-11
2020-12-27, 14:25:04, 8.81e-13, 5.46e-11
2020-12-27, 14:25:08, 9.43e-13, 5.44e-11
2020-12-27, 14:25:12, 8.98e-13, 5.43e-11
2020-12-27, 14:25:16, 1.11e-12, 5.43e-11
2020-12-27, 14:25:21, 9.62e-13, 5.44e-11
2020-12-27, 14:25:25, 8.9e-13, 5.42e-11
2020-12-27, 14:25:29, 9.55e-13, 5.43e-11
2020-12-27, 14:25:33, 8.75e-13, 5.46e-11
2020-12-27, 14:25:38, 8.99e-13, 5.45e-11
2020-12-27, 14:25:42, 8.72e-13, 5.43e-11
2020-12-27, 14:25:46, 9.67e-13, 5.42e-11
2020-12-27, 14:25:50, 9.06e-13, 5.48e-11
2020-12-27, 14:25:54, 1.08e-12, 5.44e-11
2020-12-27, 14:25:59, 9.99e-13, 5.43e-11
2020-12-27, 14:26:03, 9.38e-13, 5.45e-11
2020-12-27, 14:26:07, 9.94e-13, 5.42e-11
2020-12-27, 14:26:11, 9.45e-13, 5.43e-11
2020-12-27, 14:26:16, 9.24e-13, 5.47e-11
2020-12-27, 14:26:20, 9.25e-13, 5.43e-11
2020-12-27, 14:26:24, 9.59e-13, 5.4e-11
2020-12-27, 14:26:28, 9.25e-13, 5.43e-11
2020-12-27, 14:26:32, 9.11e-13, 5.44e-11
2020-12-27, 14:26:37, 9.15e-13, 5.45e-11
2020-12-27, 14:26:41, 9.41e-13, 5.42e-11
2020-12-27, 14:26:45, 8.96e-13, 5.44e-11
2020-12-27, 14:26:49, 9.75e-13, 5.42e-11
2020-12-27, 14:26:54, 9.27e-13, 5.41e-11
2020-12-27, 14:26:58, 9.81e-13, 5.44e-11
2020-12-27, 14:27:02, 9.77e-13, 5.42e-11
2020-12-27, 14:27:06, 9.43e-13, 5.46e-11
2020-12-27, 14:27:10, 8.92e-13, 5.41e-11
2020-12-27, 14:27:15, 9.42e-13, 5.42e-11
2020-12-27, 14:27:19, 9.72e-13, 5.45e-11
2020-12-27, 14:27:23, 8.87e-13, 5.43e-11
2020-12-27, 14:27:27, 9.16e-13, 5.44e-11
2020-12-27, 14:27:31, 8.93e-13, 5.41e-11
2020-12-27, 14:27:36, 9.27e-13, 5.42e-11
2020-12-27, 14:27:40, 9.34e-13, 5.44e-11
2020-12-27, 14:27:44, 9.2e-13, 5.46e-11
2020-12-27, 14:27:48, 9.2e-13, 5.41e-11
2020-12-27, 14:27:53, 9.29e-13, 5.44e-11
2020-12-27, 14:27:57, 1.03e-12, 5.43e-11
2020-12-27, 14:28:01, 1.04e-12, 5.42e-11
2020-12-27, 14:28:05, 1.07e-12, 5.47e-11
2020-12-27, 14:28:10, 9.25e-13, 5.41e-11
2020-12-27, 14:28:14, 8.46e-13, 5.4e-11
2020-12-27, 14:28:18, 8.73e-13, 5.43e-11
2020-12-27, 14:28:22, 9.61e-13, 5.41e-11
2020-12-27, 14:28:26, 9.66e-13, 5.42e-11
2020-12-27, 14:28:31, 9.15e-13, 5.42e-11
2020-12-27, 14:28:35, 8.15e-13, 5.42e-11
2020-12-27, 14:28:39, 9.27e-13, 5.39e-11
2020-12-27, 14:28:43, 9.65e-13, 5.4e-11
2020-12-27, 14:28:47, 9.39e-13, 5.4e-11
2020-12-27, 14:28:52, 9.63e-13, 5.37e-11
2020-12-27, 14:28:56, 9.64e-13, 5.41e-11
2020-12-27, 14:29:00, 9.34e-13, 5.4e-11
2020-12-27, 14:29:04, 9.42e-13, 5.38e-11
2020-12-27, 14:29:09, 8.86e-13, 5.41e-11
2020-12-27, 14:29:13, 9.11e-13, 5.4e-11
2020-12-27, 14:29:17, 9.44e-13, 5.43e-11
2020-12-27, 14:29:21, 9.8e-13, 5.42e-11
2020-12-27, 14:29:25, 9.85e-13, 5.42e-11
2020-12-27, 14:29:30, 9.08e-13, 5.43e-11
2020-12-27, 14:29:34, 9.66e-13, 5.44e-11
2020-12-27, 14:29:38, 8.86e-13, 5.39e-11
2020-12-27, 14:29:42, 9.18e-13, 5.39e-11
2020-12-27, 14:29:47, 9.44e-13, 5.46e-11
2020-12-27, 14:29:51, 8.72e-13, 5.43e-11
2020-12-27, 14:29:55, 9.72e-13, 5.43e-11
2020-12-27, 14:29:59, 9.56e-13, 5.4e-11
2020-12-27, 14:30:03, 9.07e-13, 5.44e-11
2020-12-27, 14:30:08, 8.86e-13, 5.42e-11
2020-12-27, 14:30:12, 9.82e-13, 5.44e-11
2020-12-27, 14:30:16, 9.02e-13, 5.43e-11
2020-12-27, 14:30:20, 9.47e-13, 5.44e-11
2020-12-27, 14:30:25, 9.04e-13, 5.45e-11
2020-12-27, 14:30:29, 9.17e-13, 5.41e-11
2020-12-27, 14:30:33, 1.04e-12, 5.42e-11
2020-12-27, 14:30:37, 9.95e-13, 5.4e-11
2020-12-27, 14:30:41, 9.55e-13, 5.39e-11
2020-12-27, 14:30:46, 1.05e-12, 5.4e-11
2020-12-27, 14:30:50, 1.02e-12, 5.4e-11
2020-12-27, 14:30:54, 9.22e-13, 5.4e-11
2020-12-27, 14:30:58, 8.84e-13, 5.44e-11
2020-12-27, 14:31:03, 9.66e-13, 5.41e-11
2020-12-27, 14:31:07, 9.81e-13, 5.41e-11
2020-12-27, 14:31:11, 8.84e-13, 5.41e-11
2020-12-27, 14:31:15, 9.24e-13, 5.42e-11
2020-12-27, 14:31:19, 9.27e-13, 5.41e-11
2020-12-27, 14:31:24, 8.74e-13, 5.42e-11
2020-12-27, 14:31:28, 8.11e-13, 5.44e-11
2020-12-27, 14:31:32, 8.98e-13, 5.42e-11
2020-12-27, 14:31:36, 9.79e-13, 5.42e-11
2020-12-27, 14:31:41, 9.39e-13, 5.43e-11
2020-12-27, 14:31:45, 9.82e-13, 5.42e-11
2020-12-27, 14:31:49, 1.05e-12, 5.41e-11
2020-12-27, 14:31:53, 9.41e-13, 5.42e-11
2020-12-27, 14:31:57, 8.3e-13, 5.45e-11
2020-12-27, 14:32:02, 9.26e-13, 5.42e-11
2020-12-27, 14:32:06, 9.18e-13, 5.39e-11
2020-12-27, 14:32:10, 9.64e-13, 5.41e-11
2020-12-27, 14:32:14, 1.07e-12, 5.43e-11
2020-12-27, 14:32:19, 9.4e-13, 5.44e-11
2020-12-27, 14:32:23, 9.59e-13, 5.42e-11
2020-12-27, 14:32:27, 1.04e-12, 5.42e-11
2020-12-27, 14:32:31, 9.25e-13, 5.41e-11
2020-12-27, 14:32:35, 9.63e-13, 5.43e-11
2020-12-27, 14:32:40, 9.42e-13, 5.41e-11
2020-12-27, 14:32:44, 9.32e-13, 5.4e-11
2020-12-27, 14:32:48, 8.99e-13, 5.45e-11
2020-12-27, 14:32:52, 9.29e-13, 5.43e-11
2020-12-27, 14:32:57, 1.15e-12, 5.41e-11
2020-12-27, 14:33:01, 9.2e-13, 5.45e-11
2020-12-27, 14:33:05, 8.75e-13, 5.4e-11
2020-12-27, 14:33:09, 9.02e-13, 5.42e-11
2020-12-27, 14:33:13, 9.47e-13, 5.39e-11
2020-12-27, 14:33:18, 8.77e-13, 5.45e-11
2020-12-27, 14:33:22, 9.06e-13, 5.43e-11
2020-12-27, 14:33:26, 8.84e-13, 5.43e-11
2020-12-27, 14:33:30, 9.49e-13, 5.44e-11
2020-12-27, 14:33:35, 9.16e-13, 5.43e-11
2020-12-27, 14:33:39, 8.58e-13, 5.41e-11
2020-12-27, 14:33:43, 9.53e-13, 5.41e-11
2020-12-27, 14:33:47, 8.42e-13, 5.47e-11
2020-12-27, 14:33:51, 8.95e-13, 5.4e-11
2020-12-27, 14:33:56, 8.9e-13, 5.42e-11
2020-12-27, 14:34:00, 9.14e-13, 5.42e-11
2020-12-27, 14:34:04, 9.6e-13, 5.42e-11
2020-12-27, 14:34:08, 8.44e-13, 5.43e-11
2020-12-27, 14:34:13, 9.19e-13, 5.42e-11
2020-12-27, 14:34:17, 1e-12, 5.43e-11
2020-12-27, 14:34:21, 8.82e-13, 5.41e-11
2020-12-27, 14:34:25, 9.47e-13, 5.41e-11
2020-12-27, 14:34:29, 9.08e-13, 5.4e-11
2020-12-27, 14:34:34, 9.11e-13, 5.42e-11
2020-12-27, 14:34:38, 1.06e-12, 5.44e-11
2020-12-27, 14:34:42, 8.67e-13, 5.43e-11
2020-12-27, 14:34:46, 8.6e-13, 5.42e-11
2020-12-27, 14:34:51, 9.43e-13, 5.41e-11
2020-12-27, 14:34:55, 9.54e-13, 5.41e-11
2020-12-27, 14:34:59, 9.08e-13, 5.42e-11
2020-12-27, 14:35:03, 9.29e-13, 5.39e-11
2020-12-27, 14:35:07, 9.13e-13, 5.42e-11
2020-12-27, 14:35:12, 1.08e-12, 5.41e-11
2020-12-27, 14:35:16, 9.83e-13, 5.4e-11
2020-12-27, 14:35:20, 9.86e-13, 5.4e-11
2020-12-27, 14:35:24, 9.53e-13, 5.42e-11
2020-12-27, 14:35:28, 9.49e-13, 5.42e-11
2020-12-27, 14:35:33, 8.97e-13, 5.41e-11
2020-12-27, 14:35:37, 9.57e-13, 5.41e-11
2020-12-27, 14:35:41, 9.52e-13, 5.43e-11
2020-12-27, 14:35:45, 8.81e-13, 5.4e-11
2020-12-27, 14:35:50, 9.2e-13, 5.48e-11
2020-12-27, 14:35:54, 9.58e-13, 5.41e-11
2020-12-27, 14:35:58, 9.09e-13, 5.43e-11
2020-12-27, 14:36:02, 9.15e-13, 5.44e-11
2020-12-27, 14:36:07, 9.82e-13, 5.4e-11
2020-12-27, 14:36:11, 9.37e-13, 5.45e-11
2020-12-27, 14:36:15, 9.1e-13, 5.42e-11
2020-12-27, 14:36:19, 9.26e-13, 5.42e-11
2020-12-27, 14:36:23, 8.91e-13, 5.42e-11
2020-12-27, 14:36:28, 9.34e-13, 5.42e-11
2020-12-27, 14:36:32, 9.49e-13, 5.45e-11
2020-12-27, 14:36:36, 9.41e-13, 5.42e-11
2020-12-27, 14:36:40, 9.72e-13, 5.44e-11
2020-12-27, 14:36:45, 8.79e-13, 5.45e-11
2020-12-27, 14:36:49, 9.52e-13, 5.45e-11
2020-12-27, 14:36:53, 9.55e-13, 5.45e-11
2020-12-27, 14:36:57, 8.87e-13, 5.44e-11
2020-12-27, 14:37:01, 8.27e-13, 5.42e-11
2020-12-27, 14:37:06, 1.04e-12, 5.44e-11
2020-12-27, 14:37:10, 1.04e-12, 5.42e-11
2020-12-27, 14:37:14, 1.01e-12, 5.42e-11
2020-12-27, 14:37:18, 8.93e-13, 5.41e-11
2020-12-27, 14:37:23, 9.2e-13, 5.42e-11
2020-12-27, 14:37:27, 8.68e-13, 5.41e-11
2020-12-27, 14:37:31, 9.04e-13, 5.42e-11
2020-12-27, 14:37:35, 9.08e-13, 5.43e-11
2020-12-27, 14:37:39, 7.93e-13, 5.42e-11
2020-12-27, 14:37:44, 7.77e-13, 5.41e-11
2020-12-27, 14:37:48, 9.48e-13, 5.42e-11
2020-12-27, 14:37:52, 9.18e-13, 5.43e-11
2020-12-27, 14:37:56, 9.39e-13, 5.43e-11
2020-12-27, 14:38:00, 8.95e-13, 5.44e-11
2020-12-27, 14:38:05, 9.52e-13, 5.42e-11
2020-12-27, 14:38:09, 9.31e-13, 5.4e-11
2020-12-27, 14:38:13, 8.87e-13, 5.41e-11
2020-12-27, 14:38:17, 9.52e-13, 5.42e-11
2020-12-27, 14:38:22, 9.57e-13, 5.42e-11
2020-12-27, 14:38:26, 9.66e-13, 5.42e-11
2020-12-27, 14:38:30, 8.85e-13, 5.42e-11
2020-12-27, 14:38:34, 1.05e-12, 5.44e-11
2020-12-27, 14:38:38, 9.51e-13, 5.4e-11
2020-12-27, 14:38:43, 9.56e-13, 5.41e-11
2020-12-27, 14:38:47, 9.87e-13, 5.42e-11
2020-12-27, 14:38:51, 8.44e-13, 5.44e-11
2020-12-27, 14:38:55, 8.81e-13, 5.41e-11
2020-12-27, 14:39:00, 8.88e-13, 5.43e-11
2020-12-27, 14:39:04, 9.01e-13, 5.45e-11
2020-12-27, 14:39:08, 9.09e-13, 5.43e-11
2020-12-27, 14:39:12, 8.35e-13, 5.43e-11
2020-12-27, 14:39:16, 8.74e-13, 5.42e-11
2020-12-27, 14:39:21, 9.35e-13, 5.4e-11
2020-12-27, 14:39:25, 8.7e-13, 5.39e-11
2020-12-27, 14:39:29, 9.4e-13, 5.43e-11
2020-12-27, 14:39:33, 9.53e-13, 5.44e-11
2020-12-27, 14:39:38, 8.82e-13, 5.42e-11
2020-12-27, 14:39:42, 8.7e-13, 5.45e-11
2020-12-27, 14:39:46, 9.77e-13, 5.38e-11
2020-12-27, 14:39:50, 8e-13, 5.38e-11
2020-12-27, 14:39:54, 8.92e-13, 5.38e-11
2020-12-27, 14:39:59, 9.48e-13, 5.4e-11
2020-12-27, 14:40:03, 9.17e-13, 5.42e-11
2020-12-27, 14:40:07, 8.89e-13, 5.44e-11
2020-12-27, 14:40:11, 9.14e-13, 5.44e-11
2020-12-27, 14:40:16, 8.94e-13, 5.44e-11
2020-12-27, 14:40:20, 9.71e-13, 5.42e-11
2020-12-27, 14:40:24, 9.32e-13, 5.44e-11
2020-12-27, 14:40:28, 9.63e-13, 5.44e-11
2020-12-27, 14:40:32, 8.73e-13, 5.43e-11
2020-12-27, 14:40:37, 9.82e-13, 5.44e-11
2020-12-27, 14:40:41, 9.15e-13, 5.41e-11
2020-12-27, 14:40:45, 9.32e-13, 5.43e-11
2020-12-27, 14:40:49, 9.4e-13, 5.41e-11
2020-12-27, 14:40:54, 8.89e-13, 5.44e-11
2020-12-27, 14:40:58, 9.29e-13, 5.41e-11
2020-12-27, 14:41:02, 9.75e-13, 5.45e-11
2020-12-27, 14:41:06, 9.71e-13, 5.42e-11
2020-12-27, 14:41:10, 8.96e-13, 5.43e-11
2020-12-27, 14:41:15, 8.7e-13, 5.45e-11
2020-12-27, 14:41:19, 9.43e-13, 5.42e-11
2020-12-27, 14:41:23, 9.99e-13, 5.42e-11
2020-12-27, 14:41:27, 8.72e-13, 5.41e-11
2020-12-27, 14:41:32, 9.93e-13, 5.42e-11
2020-12-27, 14:41:36, 9.2e-13, 5.42e-11
2020-12-27, 14:41:40, 9.17e-13, 5.43e-11
2020-12-27, 14:41:44, 9.61e-13, 5.41e-11
2020-12-27, 14:41:48, 8.74e-13, 5.44e-11
2020-12-27, 14:41:53, 9.49e-13, 5.42e-11
2020-12-27, 14:41:57, 9.64e-13, 5.4e-11
2020-12-27, 14:42:01, 9.15e-13, 5.42e-11
2020-12-27, 14:42:05, 9.31e-13, 5.4e-11
2020-12-27, 14:42:10, 9.2e-13, 5.38e-11
2020-12-27, 14:42:14, 9.37e-13, 5.39e-11
2020-12-27, 14:42:18, 1e-12, 5.41e-11
2020-12-27, 14:42:22, 9.46e-13, 5.46e-11
2020-12-27, 14:42:26, 9.04e-13, 5.41e-11
2020-12-27, 14:42:31, 8.32e-13, 5.41e-11
2020-12-27, 14:42:35, 8.4e-13, 5.41e-11
2020-12-27, 14:42:39, 9.24e-13, 5.41e-11
2020-12-27, 14:42:43, 8.98e-13, 5.41e-11
2020-12-27, 14:42:47, 9.24e-13, 5.43e-11
2020-12-27, 14:42:52, 8.62e-13, 5.43e-11
2020-12-27, 14:42:56, 8.94e-13, 5.45e-11
2020-12-27, 14:43:00, 1e-12, 5.42e-11
2020-12-27, 14:43:04, 8.61e-13, 5.44e-11
2020-12-27, 14:43:09, 8.91e-13, 5.43e-11
2020-12-27, 14:43:13, 9.47e-13, 5.42e-11
2020-12-27, 14:43:17, 9.23e-13, 5.43e-11
2020-12-27, 14:43:21, 1.05e-12, 5.45e-11
2020-12-27, 14:43:25, 9.34e-13, 5.42e-11
2020-12-27, 14:43:30, 1.02e-12, 5.41e-11
2020-12-27, 14:43:34, 9.97e-13, 5.44e-11
2020-12-27, 14:43:38, 9.77e-13, 5.45e-11
2020-12-27, 14:43:42, 8.52e-13, 5.42e-11
2020-12-27, 14:43:47, 8.74e-13, 5.41e-11
2020-12-27, 14:43:51, 8.87e-13, 5.43e-11
2020-12-27, 14:43:55, 9.46e-13, 5.42e-11
2020-12-27, 14:43:59, 9.35e-13, 5.42e-11
2020-12-27, 14:44:03, 9.3e-13, 5.43e-11
2020-12-27, 14:44:08, 9.13e-13, 5.4e-11
2020-12-27, 14:44:12, 9.71e-13, 5.4e-11
2020-12-27, 14:44:16, 9.56e-13, 5.41e-11
2020-12-27, 14:44:20, 9.8e-13, 5.41e-11
2020-12-27, 14:44:25, 8.84e-13, 5.4e-11
2020-12-27, 14:44:29, 8.3e-13, 5.43e-11
2020-12-27, 14:44:33, 9.35e-13, 5.39e-11
2020-12-27, 14:44:37, 9.52e-13, 5.38e-11
2020-12-27, 14:44:41, 9.44e-13, 5.39e-11
2020-12-27, 14:44:46, 8.86e-13, 5.41e-11
2020-12-27, 14:44:50, 9.42e-13, 5.42e-11
2020-12-27, 14:44:54, 9.16e-13, 5.42e-11
2020-12-27, 14:44:58, 9.13e-13, 5.4e-11
2020-12-27, 14:45:03, 9.14e-13, 5.43e-11
2020-12-27, 14:45:07, 8.91e-13, 5.4e-11
2020-12-27, 14:45:11, 9.23e-13, 5.43e-11
2020-12-27, 14:45:15, 8.72e-13, 5.41e-11
2020-12-27, 14:45:19, 9.19e-13, 5.41e-11
2020-12-27, 14:45:24, 1.03e-12, 5.42e-11
2020-12-27, 14:45:28, 8.63e-13, 5.44e-11
2020-12-27, 14:45:32, 8.89e-13, 5.42e-11
2020-12-27, 14:45:36, 9.91e-13, 5.43e-11
2020-12-27, 14:45:41, 8.98e-13, 5.47e-11
2020-12-27, 14:45:45, 8.66e-13, 5.44e-11
2020-12-27, 14:45:49, 9.62e-13, 5.43e-11
2020-12-27, 14:45:53, 9.47e-13, 5.44e-11
2020-12-27, 14:45:57, 9.2e-13, 5.43e-11
2020-12-27, 14:46:02, 9.37e-13, 5.42e-11
2020-12-27, 14:46:06, 9.41e-13, 5.43e-11
2020-12-27, 14:46:10, 9.38e-13, 5.41e-11
2020-12-27, 14:46:14, 9.16e-13, 5.44e-11
2020-12-27, 14:46:19, 9.25e-13, 5.39e-11
2020-12-27, 14:46:23, 9.56e-13, 5.44e-11
2020-12-27, 14:46:27, 9.44e-13, 5.4e-11
2020-12-27, 14:46:31, 9.42e-13, 5.41e-11
2020-12-27, 14:46:35, 8.77e-13, 5.43e-11
2020-12-27, 14:46:40, 9.66e-13, 5.42e-11
2020-12-27, 14:46:44, 9.25e-13, 5.42e-11
2020-12-27, 14:46:48, 9.21e-13, 5.42e-11
2020-12-27, 14:46:52, 7.7e-13, 5.42e-11
2020-12-27, 14:46:57, 9.97e-13, 5.42e-11
2020-12-27, 14:47:01, 8.97e-13, 5.43e-11
2020-12-27, 14:47:05, 9.12e-13, 5.44e-11
2020-12-27, 14:47:09, 9.47e-13, 5.4e-11
2020-12-27, 14:47:13, 9.74e-13, 5.43e-11
2020-12-27, 14:47:18, 9.34e-13, 5.43e-11
2020-12-27, 14:47:22, 9.27e-13, 5.42e-11
2020-12-27, 14:47:26, 9.39e-13, 5.43e-11
2020-12-27, 14:47:30, 8.76e-13, 5.42e-11
2020-12-27, 14:47:35, 9.22e-13, 5.41e-11
2020-12-27, 14:47:39, 9.18e-13, 5.42e-11
2020-12-27, 14:47:43, 9.38e-13, 5.4e-11
2020-12-27, 14:47:47, 8.84e-13, 5.42e-11
2020-12-27, 14:47:51, 9.35e-13, 5.4e-11
2020-12-27, 14:47:56, 9.61e-13, 5.4e-11
2020-12-27, 14:48:00, 9.12e-13, 5.41e-11
2020-12-27, 14:48:04, 8.92e-13, 5.42e-11
2020-12-27, 14:48:08, 9.78e-13, 5.38e-11
2020-12-27, 14:48:13, 9.06e-13, 5.41e-11
2020-12-27, 14:48:17, 9e-13, 5.42e-11
2020-12-27, 14:48:21, 8.79e-13, 5.41e-11
2020-12-27, 14:48:25, 9.71e-13, 5.4e-11
2020-12-27, 14:48:29, 9.25e-13, 5.42e-11
2020-12-27, 14:48:34, 9.72e-13, 5.41e-11
2020-12-27, 14:48:38, 9.7e-13, 5.39e-11
2020-12-27, 14:48:42, 9.4e-13, 5.38e-11
2020-12-27, 14:48:46, 9.2e-13, 5.38e-11
2020-12-27, 14:48:51, 1.09e-12, 5.4e-11
2020-12-27, 14:48:55, 8.73e-13, 5.4e-11
2020-12-27, 14:48:59, 9.31e-13, 5.42e-11
2020-12-27, 14:49:03, 9.41e-13, 5.42e-11
2020-12-27, 14:49:07, 9.09e-13, 5.44e-11
2020-12-27, 14:49:12, 9.83e-13, 5.41e-11
2020-12-27, 14:49:16, 9.05e-13, 5.43e-11
2020-12-27, 14:49:20, 9.68e-13, 5.42e-11
2020-12-27, 14:49:24, 9.33e-13, 5.42e-11
2020-12-27, 14:49:29, 9.69e-13, 5.41e-11
2020-12-27, 14:49:33, 9.27e-13, 5.41e-11
2020-12-27, 14:49:37, 8.95e-13, 5.41e-11
2020-12-27, 14:49:41, 8.8e-13, 5.41e-11
2020-12-27, 14:49:45, 9.03e-13, 5.42e-11
2020-12-27, 14:49:50, 9.69e-13, 5.39e-11
2020-12-27, 14:49:54, 7.76e-13, 5.4e-11
2020-12-27, 14:49:58, 9.48e-13, 5.44e-11
2020-12-27, 14:50:02, 9.34e-13, 5.39e-11
2020-12-27, 14:50:06, 9.12e-13, 5.42e-11
2020-12-27, 14:50:11, 8.69e-13, 5.42e-11
2020-12-27, 14:50:15, 9.43e-13, 5.44e-11
2020-12-27, 14:50:19, 1.03e-12, 5.41e-11
2020-12-27, 14:50:23, 7.98e-13, 5.4e-11
2020-12-27, 14:50:28, 9.97e-13, 5.43e-11
2020-12-27, 14:50:32, 9.23e-13, 5.45e-11
2020-12-27, 14:50:36, 8.26e-13, 5.42e-11
2020-12-27, 14:50:40, 9.4e-13, 5.41e-11
2020-12-27, 14:50:44, 9.21e-13, 5.39e-11
2020-12-27, 14:50:49, 8.01e-13, 5.42e-11
2020-12-27, 14:50:53, 8.89e-13, 5.41e-11
2020-12-27, 14:50:57, 8.52e-13, 5.41e-11
2020-12-27, 14:51:01, 1.07e-12, 5.45e-11
2020-12-27, 14:51:06, 9.36e-13, 5.46e-11
2020-12-27, 14:51:10, 1e-12, 5.41e-11
2020-12-27, 14:51:14, 9.56e-13, 5.41e-11
2020-12-27, 14:51:18, 8.88e-13, 5.4e-11
2020-12-27, 14:51:22, 9.4e-13, 5.41e-11
2020-12-27, 14:51:27, 9.59e-13, 5.41e-11
2020-12-27, 14:51:31, 8.23e-13, 5.42e-11
2020-12-27, 14:51:35, 9.29e-13, 5.44e-11
2020-12-27, 14:51:39, 9.19e-13, 5.4e-11
2020-12-27, 14:51:44, 8.51e-13, 5.4e-11
2020-12-27, 14:51:48, 9.52e-13, 5.41e-11
2020-12-27, 14:51:52, 9.44e-13, 5.39e-11
2020-12-27, 14:51:56, 9.58e-13, 5.4e-11
2020-12-27, 14:52:00, 9.01e-13, 5.39e-11
2020-12-27, 14:52:05, 1.07e-12, 5.37e-11
2020-12-27, 14:52:09, 9.13e-13, 5.4e-11
2020-12-27, 14:52:13, 9.86e-13, 5.42e-11
2020-12-27, 14:52:17, 9.27e-13, 5.39e-11
2020-12-27, 14:52:22, 9.22e-13, 5.39e-11
2020-12-27, 14:52:26, 9.23e-13, 5.4e-11
2020-12-27, 14:52:30, 9.45e-13, 5.43e-11
2020-12-27, 14:52:34, 8.52e-13, 5.41e-11
2020-12-27, 14:52:38, 9.86e-13, 5.4e-11
2020-12-27, 14:52:43, 9.23e-13, 5.4e-11
2020-12-27, 14:52:47, 9.6e-13, 5.41e-11
2020-12-27, 14:52:51, 9.4e-13, 5.39e-11
2020-12-27, 14:52:55, 9.36e-13, 5.41e-11
2020-12-27, 14:53:00, 8.84e-13, 5.37e-11
2020-12-27, 14:53:04, 9.08e-13, 5.41e-11
2020-12-27, 14:53:08, 9.21e-13, 5.4e-11
2020-12-27, 14:53:12, 9.41e-13, 5.4e-11
2020-12-27, 14:53:16, 9.2e-13, 5.36e-11
2020-12-27, 14:53:21, 1.05e-12, 5.4e-11
2020-12-27, 14:53:25, 9.7e-13, 5.39e-11
2020-12-27, 14:53:29, 9.44e-13, 5.41e-11
2020-12-27, 14:53:33, 9.5e-13, 5.38e-11
2020-12-27, 14:53:38, 9.25e-13, 5.41e-11
2020-12-27, 14:53:42, 9.55e-13, 5.38e-11
2020-12-27, 14:53:46, 9.44e-13, 5.39e-11
2020-12-27, 14:53:50, 9.39e-13, 5.37e-11
2020-12-27, 14:53:54, 9.38e-13, 5.41e-11
2020-12-27, 14:53:59, 9.43e-13, 5.4e-11
2020-12-27, 14:54:03, 9.38e-13, 5.39e-11
2020-12-27, 14:54:07, 9.24e-13, 5.42e-11
2020-12-27, 14:54:11, 9.45e-13, 5.39e-11
2020-12-27, 14:54:16, 9.45e-13, 5.42e-11
2020-12-27, 14:54:20, 9.47e-13, 5.41e-11
2020-12-27, 14:54:24, 9.42e-13, 5.42e-11
2020-12-27, 14:54:28, 8.82e-13, 5.42e-11
2020-12-27, 14:54:32, 9.47e-13, 5.4e-11
2020-12-27, 14:54:37, 9.26e-13, 5.44e-11
2020-12-27, 14:54:41, 9.01e-13, 5.42e-11
2020-12-27, 14:54:45, 9.31e-13, 5.4e-11
2020-12-27, 14:54:49, 9.78e-13, 5.42e-11
2020-12-27, 14:54:54, 9.38e-13, 5.4e-11
2020-12-27, 14:54:58, 9.24e-13, 5.4e-11
2020-12-27, 14:55:02, 9.65e-13, 5.39e-11
2020-12-27, 14:55:06, 1.01e-12, 5.42e-11
2020-12-27, 14:55:10, 9.21e-13, 5.39e-11
2020-12-27, 14:55:15, 8.55e-13, 5.42e-11
2020-12-27, 14:55:19, 7.86e-13, 5.4e-11
2020-12-27, 14:55:23, 9.65e-13, 5.42e-11
2020-12-27, 14:55:27, 7.9e-13, 5.41e-11
2020-12-27, 14:55:32, 8.85e-13, 5.4e-11
2020-12-27, 14:55:36, 9.48e-13, 5.41e-11
2020-12-27, 14:55:40, 8.93e-13, 5.4e-11
2020-12-27, 14:55:44, 9.7e-13, 5.39e-11
2020-12-27, 14:55:48, 8.61e-13, 5.41e-11
2020-12-27, 14:55:53, 9.46e-13, 5.41e-11
2020-12-27, 14:55:57, 9.28e-13, 5.39e-11
2020-12-27, 14:56:01, 8.83e-13, 5.4e-11
2020-12-27, 14:56:05, 1e-12, 5.4e-11
2020-12-27, 14:56:09, 8.94e-13, 5.38e-11
2020-12-27, 14:56:14, 9.79e-13, 5.38e-11
2020-12-27, 14:56:18, 9.28e-13, 5.37e-11
2020-12-27, 14:56:22, 1.05e-12, 5.4e-11
2020-12-27, 14:56:26, 9.43e-13, 5.42e-11
2020-12-27, 14:56:31, 9.21e-13, 5.4e-11
2020-12-27, 14:56:35, 9.23e-13, 5.4e-11
2020-12-27, 14:56:39, 9.31e-13, 5.41e-11
2020-12-27, 14:56:43, 1.02e-12, 5.4e-11
2020-12-27, 14:56:47, 8.69e-13, 5.42e-11
2020-12-27, 14:56:52, 7.99e-13, 5.4e-11
2020-12-27, 14:56:56, 9.31e-13, 5.38e-11
2020-12-27, 14:57:00, 9.33e-13, 5.38e-11
2020-12-27, 14:57:04, 8.01e-13, 5.39e-11
2020-12-27, 14:57:09, 8.93e-13, 5.38e-11
2020-12-27, 14:57:13, 9.04e-13, 5.39e-11
2020-12-27, 14:57:17, 9.15e-13, 5.37e-11
2020-12-27, 14:57:21, 9.23e-13, 5.4e-11
2020-12-27, 14:57:25, 9.53e-13, 5.4e-11
2020-12-27, 14:57:30, 9.45e-13, 5.4e-11
2020-12-27, 14:57:34, 9.25e-13, 5.4e-11
2020-12-27, 14:57:38, 9.48e-13, 5.4e-11
2020-12-27, 14:57:42, 9.73e-13, 5.39e-11
2020-12-27, 14:57:47, 8.7e-13, 5.41e-11
2020-12-27, 14:57:51, 1.01e-12, 5.38e-11
2020-12-27, 14:57:55, 9.43e-13, 5.38e-11
2020-12-27, 14:57:59, 8.9e-13, 5.4e-11
2020-12-27, 14:58:03, 9.82e-13, 5.41e-11
2020-12-27, 14:58:08, 9.35e-13, 5.4e-11
2020-12-27, 14:58:12, 9.52e-13, 5.39e-11
2020-12-27, 14:58:16, 8.47e-13, 5.4e-11
2020-12-27, 14:58:20, 9.16e-13, 5.39e-11
2020-12-27, 14:58:25, 9.75e-13, 5.41e-11
2020-12-27, 14:58:29, 8.97e-13, 5.41e-11
2020-12-27, 14:58:33, 9.01e-13, 5.41e-11
2020-12-27, 14:58:37, 9.61e-13, 5.36e-11
2020-12-27, 14:58:41, 9.11e-13, 5.41e-11
2020-12-27, 14:58:46, 9e-13, 5.38e-11
2020-12-27, 14:58:50, 9.55e-13, 5.39e-11
2020-12-27, 14:58:54, 9.2e-13, 5.38e-11
2020-12-27, 14:58:58, 9.27e-13, 5.39e-11
2020-12-27, 14:59:03, 9.38e-13, 5.4e-11
2020-12-27, 14:59:07, 8.81e-13, 5.38e-11
2020-12-27, 14:59:11, 9.07e-13, 5.36e-11
2020-12-27, 14:59:15, 9.75e-13, 5.4e-11
2020-12-27, 14:59:19, 9.66e-13, 5.4e-11
2020-12-27, 14:59:24, 8.96e-13, 5.41e-11
2020-12-27, 14:59:28, 9.36e-13, 5.39e-11
2020-12-27, 14:59:32, 9.47e-13, 5.39e-11
2020-12-27, 14:59:36, 8.31e-13, 5.39e-11
2020-12-27, 14:59:41, 9.02e-13, 5.4e-11
2020-12-27, 14:59:45, 9.31e-13, 5.38e-11
2020-12-27, 14:59:49, 9.64e-13, 5.39e-11
2020-12-27, 14:59:53, 9.27e-13, 5.41e-11
2020-12-27, 14:59:57, 9.48e-13, 5.39e-11
2020-12-27, 15:00:02, 9.08e-13, 5.37e-11
2020-12-27, 15:00:06, 1e-12, 5.42e-11
2020-12-27, 15:00:10, 8.86e-13, 5.41e-11
2020-12-27, 15:00:14, 1e-12, 5.41e-11
2020-12-27, 15:00:19, 8.92e-13, 5.42e-11
2020-12-27, 15:00:23, 9.81e-13, 5.39e-11
2020-12-27, 15:00:27, 9.24e-13, 5.43e-11
2020-12-27, 15:00:31, 9.23e-13, 5.41e-11
2020-12-27, 15:00:35, 8.74e-13, 5.39e-11
2020-12-27, 15:00:40, 9.44e-13, 5.4e-11
2020-12-27, 15:00:44, 9.31e-13, 5.41e-11
2020-12-27, 15:00:48, 8.91e-13, 5.43e-11
2020-12-27, 15:00:52, 9.09e-13, 5.41e-11
2020-12-27, 15:00:56, 9.33e-13, 5.42e-11
2020-12-27, 15:01:01, 9e-13, 5.4e-11
2020-12-27, 15:01:05, 8.81e-13, 5.43e-11
2020-12-27, 15:01:09, 1.06e-12, 5.4e-11
2020-12-27, 15:01:13, 9e-13, 5.39e-11
2020-12-27, 15:01:18, 9.76e-13, 5.38e-11
2020-12-27, 15:01:22, 9.2e-13, 5.4e-11
2020-12-27, 15:01:26, 9.6e-13, 5.41e-11
2020-12-27, 15:01:30, 9.54e-13, 5.39e-11
2020-12-27, 15:01:34, 9.01e-13, 5.42e-11
2020-12-27, 15:01:39, 9.47e-13, 5.41e-11
2020-12-27, 15:01:43, 9.41e-13, 5.41e-11
2020-12-27, 15:01:47, 7.7e-13, 5.4e-11
2020-12-27, 15:01:51, 8.96e-13, 5.46e-11
2020-12-27, 15:01:56, 8.11e-13, 5.42e-11
2020-12-27, 15:02:00, 8.98e-13, 5.43e-11
2020-12-27, 15:02:04, 9.25e-13, 5.4e-11
2020-12-27, 15:02:08, 8.82e-13, 5.39e-11
2020-12-27, 15:02:12, 9.67e-13, 5.39e-11
2020-12-27, 15:02:17, 9.86e-13, 5.39e-11
2020-12-27, 15:02:21, 9.34e-13, 5.39e-11
2020-12-27, 15:02:25, 9.31e-13, 5.41e-11
2020-12-27, 15:02:29, 8.93e-13, 5.42e-11
2020-12-27, 15:02:34, 8.92e-13, 5.39e-11
2020-12-27, 15:02:38, 1.05e-12, 5.39e-11
2020-12-27, 15:02:42, 9.46e-13, 5.41e-11
2020-12-27, 15:02:46, 1.01e-12, 5.4e-11
2020-12-27, 15:02:50, 9.55e-13, 5.43e-11
2020-12-27, 15:02:55, 9.35e-13, 5.41e-11
2020-12-27, 15:02:59, 9.37e-13, 5.41e-11
2020-12-27, 15:03:03, 1.02e-12, 5.43e-11
2020-12-27, 15:03:07, 9.24e-13, 5.43e-11
2020-12-27, 15:03:12, 9.02e-13, 5.39e-11
2020-12-27, 15:03:16, 9.23e-13, 5.41e-11
2020-12-27, 15:03:20, 9.27e-13, 5.4e-11
2020-12-27, 15:03:24, 9.06e-13, 5.42e-11
2020-12-27, 15:03:28, 9.51e-13, 5.42e-11
2020-12-27, 15:03:33, 9.53e-13, 5.42e-11
2020-12-27, 15:03:37, 9.02e-13, 5.46e-11
2020-12-27, 15:03:41, 1.12e-12, 5.41e-11
2020-12-27, 15:03:45, 9.51e-13, 5.38e-11
2020-12-27, 15:03:50, 8.62e-13, 5.41e-11
2020-12-27, 15:03:54, 9.39e-13, 5.38e-11
2020-12-27, 15:03:58, 9.44e-13, 5.4e-11
2020-12-27, 15:04:02, 8.87e-13, 5.37e-11
2020-12-27, 15:04:06, 8.81e-13, 5.41e-11
2020-12-27, 15:04:11, 9.1e-13, 5.43e-11
2020-12-27, 15:04:15, 9.14e-13, 5.42e-11
2020-12-27, 15:04:19, 9.39e-13, 5.43e-11
2020-12-27, 15:04:23, 9.92e-13, 5.43e-11
2020-12-27, 15:04:28, 9.05e-13, 5.4e-11
2020-12-27, 15:04:32, 9.87e-13, 5.39e-11
2020-12-27, 15:04:36, 9.19e-13, 5.4e-11
2020-12-27, 15:04:40, 9.66e-13, 5.4e-11
2020-12-27, 15:04:44, 8.9e-13, 5.39e-11
2020-12-27, 15:04:49, 1e-12, 5.41e-11
2020-12-27, 15:04:53, 9.7e-13, 5.42e-11
2020-12-27, 15:04:57, 9.31e-13, 5.44e-11
2020-12-27, 15:05:01, 9.46e-13, 5.4e-11
2020-12-27, 15:05:06, 9.65e-13, 5.44e-11
2020-12-27, 15:05:10, 9.42e-13, 5.42e-11
2020-12-27, 15:05:14, 9.03e-13, 5.41e-11
2020-12-27, 15:05:18, 9.1e-13, 5.39e-11
2020-12-27, 15:05:22, 9.32e-13, 5.4e-11
2020-12-27, 15:05:27, 9.46e-13, 5.4e-11
2020-12-27, 15:05:31, 9.07e-13, 5.43e-11
2020-12-27, 15:05:35, 9.48e-13, 5.4e-11
2020-12-27, 15:05:39, 9.15e-13, 5.39e-11
2020-12-27, 15:05:43, 9.07e-13, 5.39e-11
2020-12-27, 15:05:48, 9.3e-13, 5.4e-11
2020-12-27, 15:05:52, 9.76e-13, 5.36e-11
2020-12-27, 15:05:56, 8.83e-13, 5.4e-11
2020-12-27, 15:06:00, 7.79e-13, 5.38e-11
2020-12-27, 15:06:05, 9.09e-13, 5.41e-11
2020-12-27, 15:06:09, 9.32e-13, 5.4e-11
2020-12-27, 15:06:13, 9.18e-13, 5.39e-11
2020-12-27, 15:06:17, 1.04e-12, 5.4e-11
2020-12-27, 15:06:21, 8.98e-13, 5.39e-11
2020-12-27, 15:06:26, 8.89e-13, 5.39e-11
2020-12-27, 15:06:30, 9.63e-13, 5.42e-11
2020-12-27, 15:06:34, 9e-13, 5.42e-11
2020-12-27, 15:06:38, 1.15e-12, 5.42e-11
2020-12-27, 15:06:43, 1.03e-12, 5.41e-11
2020-12-27, 15:06:47, 9.09e-13, 5.4e-11
2020-12-27, 15:06:51, 9.82e-13, 5.41e-11
2020-12-27, 15:06:55, 9.48e-13, 5.4e-11
2020-12-27, 15:06:59, 9.11e-13, 5.4e-11
2020-12-27, 15:07:04, 9.31e-13, 5.4e-11
2020-12-27, 15:07:08, 9.57e-13, 5.42e-11
2020-12-27, 15:07:12, 9.24e-13, 5.41e-11
2020-12-27, 15:07:16, 1.01e-12, 5.4e-11
2020-12-27, 15:07:21, 9.06e-13, 5.4e-11
2020-12-27, 15:07:25, 9.63e-13, 5.42e-11
2020-12-27, 15:07:29, 9.24e-13, 5.4e-11
2020-12-27, 15:07:33, 9.15e-13, 5.42e-11
2020-12-27, 15:07:37, 9.65e-13, 5.42e-11
2020-12-27, 15:07:42, 9.28e-13, 5.42e-11
2020-12-27, 15:07:46, 9.07e-13, 5.41e-11
2020-12-27, 15:07:50, 8.83e-13, 5.42e-11
2020-12-27, 15:07:54, 9.59e-13, 5.42e-11
2020-12-27, 15:07:59, 9.07e-13, 5.44e-11
2020-12-27, 15:08:03, 9.18e-13, 5.41e-11
2020-12-27, 15:08:07, 8.9e-13, 5.4e-11
2020-12-27, 15:08:11, 8.68e-13, 5.42e-11
2020-12-27, 15:08:15, 9.08e-13, 5.42e-11
2020-12-27, 15:08:20, 7.59e-13, 5.43e-11
2020-12-27, 15:08:24, 9.49e-13, 5.44e-11
2020-12-27, 15:08:28, 9.72e-13, 5.43e-11
2020-12-27, 15:08:32, 9.84e-13, 5.42e-11
2020-12-27, 15:08:37, 9.39e-13, 5.43e-11
2020-12-27, 15:08:41, 9.41e-13, 5.41e-11
2020-12-27, 15:08:45, 9.48e-13, 5.41e-11
2020-12-27, 15:08:49, 9.48e-13, 5.37e-11
2020-12-27, 15:08:53, 9.08e-13, 5.38e-11
2020-12-27, 15:08:58, 8.77e-13, 5.39e-11
2020-12-27, 15:09:02, 9.31e-13, 5.42e-11
2020-12-27, 15:09:06, 9.29e-13, 5.41e-11
2020-12-27, 15:09:10, 9.48e-13, 5.43e-11
2020-12-27, 15:09:15, 8.82e-13, 5.41e-11
2020-12-27, 15:09:19, 8.89e-13, 5.42e-11
2020-12-27, 15:09:23, 9.11e-13, 5.41e-11
2020-12-27, 15:09:27, 8.96e-13, 5.43e-11
2020-12-27, 15:09:31, 9.46e-13, 5.38e-11
2020-12-27, 15:09:36, 8.38e-13, 5.41e-11
2020-12-27, 15:09:40, 9.09e-13, 5.4e-11
2020-12-27, 15:09:44, 9.28e-13, 5.42e-11
2020-12-27, 15:09:48, 9.18e-13, 5.4e-11
2020-12-27, 15:09:52, 9.75e-13, 5.44e-11
2020-12-27, 15:09:57, 9.31e-13, 5.37e-11
2020-12-27, 15:10:01, 9.43e-13, 5.4e-11
2020-12-27, 15:10:05, 9.01e-13, 5.41e-11
2020-12-27, 15:10:09, 9.29e-13, 5.4e-11
2020-12-27, 15:10:14, 1.03e-12, 5.43e-11
2020-12-27, 15:10:18, 9.67e-13, 5.41e-11
2020-12-27, 15:10:22, 8.36e-13, 5.44e-11
2020-12-27, 15:10:26, 9.75e-13, 5.43e-11
2020-12-27, 15:10:30, 9.03e-13, 5.39e-11
2020-12-27, 15:10:35, 9.69e-13, 5.43e-11
2020-12-27, 15:10:39, 8.95e-13, 5.42e-11
2020-12-27, 15:10:43, 9.05e-13, 5.42e-11
2020-12-27, 15:10:47, 9.22e-13, 5.43e-11
2020-12-27, 15:10:52, 9.18e-13, 5.43e-11
2020-12-27, 15:10:56, 9.55e-13, 5.43e-11
2020-12-27, 15:11:00, 8.09e-13, 5.39e-11
2020-12-27, 15:11:04, 9.21e-13, 5.43e-11
2020-12-27, 15:11:08, 9.43e-13, 5.41e-11
2020-12-27, 15:11:13, 9.34e-13, 5.4e-11
2020-12-27, 15:11:17, 9e-13, 5.4e-11
2020-12-27, 15:11:21, 9.57e-13, 5.4e-11
2020-12-27, 15:11:25, 9e-13, 5.4e-11
2020-12-27, 15:11:30, 8.87e-13, 5.41e-11
2020-12-27, 15:11:34, 8.98e-13, 5.41e-11
2020-12-27, 15:11:38, 9.49e-13, 5.41e-11
2020-12-27, 15:11:42, 9.41e-13, 5.41e-11
2020-12-27, 15:11:46, 1.05e-12, 5.41e-11
2020-12-27, 15:11:51, 9.42e-13, 5.43e-11
2020-12-27, 15:11:55, 9.67e-13, 5.38e-11
2020-12-27, 15:11:59, 9.21e-13, 5.4e-11
2020-12-27, 15:12:03, 9.07e-13, 5.41e-11
2020-12-27, 15:12:08, 9.5e-13, 5.4e-11
2020-12-27, 15:12:12, 8.56e-13, 5.43e-11
2020-12-27, 15:12:16, 9.58e-13, 5.38e-11
2020-12-27, 15:12:20, 9.67e-13, 5.42e-11
2020-12-27, 15:12:24, 9.78e-13, 5.41e-11
2020-12-27, 15:12:29, 9.81e-13, 5.42e-11
2020-12-27, 15:12:33, 9.3e-13, 5.41e-11
2020-12-27, 15:12:37, 9.36e-13, 5.4e-11
2020-12-27, 15:12:41, 8.88e-13, 5.4e-11
2020-12-27, 15:12:46, 9.14e-13, 5.43e-11
2020-12-27, 15:12:50, 9.27e-13, 5.38e-11
2020-12-27, 15:12:54, 9.57e-13, 5.38e-11
2020-12-27, 15:12:58, 9.49e-13, 5.39e-11
2020-12-27, 15:13:02, 9.86e-13, 5.38e-11
2020-12-27, 15:13:07, 9.58e-13, 5.4e-11
2020-12-27, 15:13:11, 9.6e-13, 5.39e-11
2020-12-27, 15:13:15, 9.25e-13, 5.39e-11
2020-12-27, 15:13:19, 9.58e-13, 5.39e-11
2020-12-27, 15:13:24, 9.02e-13, 5.4e-11
2020-12-27, 15:13:28, 8.84e-13, 5.42e-11
2020-12-27, 15:13:32, 9.46e-13, 5.4e-11
2020-12-27, 15:13:36, 9.36e-13, 5.39e-11
2020-12-27, 15:13:40, 9.26e-13, 5.4e-11
2020-12-27, 15:13:45, 9.54e-13, 5.35e-11
2020-12-27, 15:13:49, 8.93e-13, 5.46e-11
2020-12-27, 15:13:53, 9.27e-13, 5.4e-11
2020-12-27, 15:13:57, 9.59e-13, 5.44e-11
2020-12-27, 15:14:02, 8.92e-13, 5.43e-11
2020-12-27, 15:14:06, 9.88e-13, 5.41e-11
2020-12-27, 15:14:10, 9.45e-13, 5.41e-11
2020-12-27, 15:14:14, 9.31e-13, 5.43e-11
2020-12-27, 15:14:18, 9.06e-13, 5.41e-11
2020-12-27, 15:14:23, 8.67e-13, 5.41e-11
2020-12-27, 15:14:27, 9.6e-13, 5.44e-11
2020-12-27, 15:14:31, 9.42e-13, 5.39e-11
2020-12-27, 15:14:35, 9.68e-13, 5.42e-11
2020-12-27, 15:14:39, 9.12e-13, 5.39e-11
2020-12-27, 15:14:44, 9.24e-13, 5.42e-11
2020-12-27, 15:14:48, 8.7e-13, 5.39e-11
2020-12-27, 15:14:52, 9.08e-13, 5.41e-11
2020-12-27, 15:14:56, 9.43e-13, 5.41e-11
2020-12-27, 15:15:01, 1.01e-12, 5.41e-11
2020-12-27, 15:15:05, 1.01e-12, 5.43e-11
2020-12-27, 15:15:09, 9.26e-13, 5.41e-11
2020-12-27, 15:15:13, 1e-12, 5.46e-11
2020-12-27, 15:15:17, 9.79e-13, 5.42e-11
2020-12-27, 15:15:22, 1.03e-12, 5.4e-11
2020-12-27, 15:15:26, 1.03e-12, 5.4e-11
2020-12-27, 15:15:30, 8.56e-13, 5.41e-11
2020-12-27, 15:15:34, 8.85e-13, 5.42e-11
2020-12-27, 15:15:39, 8.96e-13, 5.39e-11
2020-12-27, 15:15:43, 9.82e-13, 5.42e-11
2020-12-27, 15:15:47, 1e-12, 5.38e-11
2020-12-27, 15:15:51, 9.42e-13, 5.4e-11
2020-12-27, 15:15:55, 1.08e-12, 5.38e-11
2020-12-27, 15:16:00, 9.42e-13, 5.36e-11
2020-12-27, 15:16:04, 1e-12, 5.39e-11
2020-12-27, 15:16:08, 9.77e-13, 5.39e-11
2020-12-27, 15:16:12, 9.04e-13, 5.39e-11
2020-12-27, 15:16:17, 9.5e-13, 5.4e-11
2020-12-27, 15:16:21, 9.66e-13, 5.4e-11
2020-12-27, 15:16:25, 8.97e-13, 5.42e-11
2020-12-27, 15:16:29, 9.63e-13, 5.41e-11
2020-12-27, 15:16:33, 9.5e-13, 5.41e-11
2020-12-27, 15:16:38, 9.29e-13, 5.42e-11
2020-12-27, 15:16:42, 8.75e-13, 5.42e-11
2020-12-27, 15:16:46, 9.28e-13, 5.39e-11
2020-12-27, 15:16:50, 9.37e-13, 5.39e-11
2020-12-27, 15:16:55, 9.26e-13, 5.42e-11
2020-12-27, 15:16:59, 9.09e-13, 5.4e-11
2020-12-27, 15:17:03, 9.86e-13, 5.4e-11
2020-12-27, 15:17:07, 9.55e-13, 5.4e-11
2020-12-27, 15:17:11, 9.3e-13, 5.4e-11
2020-12-27, 15:17:16, 9.55e-13, 5.43e-11
2020-12-27, 15:17:20, 9.06e-13, 5.41e-11
2020-12-27, 15:17:24, 1.12e-12, 5.37e-11
2020-12-27, 15:17:28, 9.5e-13, 5.36e-11
2020-12-27, 15:17:33, 8.37e-13, 5.38e-11
2020-12-27, 15:17:37, 8.64e-13, 5.38e-11
2020-12-27, 15:17:41, 8.87e-13, 5.39e-11
2020-12-27, 15:17:45, 9.37e-13, 5.39e-11
2020-12-27, 15:17:49, 1.04e-12, 5.41e-11
2020-12-27, 15:17:54, 9.16e-13, 5.42e-11
2020-12-27, 15:17:58, 9.54e-13, 5.41e-11
2020-12-27, 15:18:02, 9.24e-13, 5.42e-11
2020-12-27, 15:18:06, 9.28e-13, 5.4e-11
2020-12-27, 15:18:10, 9.3e-13, 5.43e-11
2020-12-27, 15:18:15, 8.88e-13, 5.39e-11
2020-12-27, 15:18:19, 9.29e-13, 5.38e-11
2020-12-27, 15:18:23, 8.9e-13, 5.39e-11
2020-12-27, 15:18:27, 9.01e-13, 5.4e-11
2020-12-27, 15:18:32, 9.06e-13, 5.41e-11
2020-12-27, 15:18:36, 9.49e-13, 5.41e-11
2020-12-27, 15:18:40, 9.16e-13, 5.43e-11
2020-12-27, 15:18:44, 9.59e-13, 5.34e-11
2020-12-27, 15:18:48, 9.5e-13, 5.4e-11
2020-12-27, 15:18:53, 1.01e-12, 5.43e-11
2020-12-27, 15:18:57, 9.15e-13, 5.4e-11
2020-12-27, 15:19:01, 9.46e-13, 5.41e-11
2020-12-27, 15:19:05, 8.52e-13, 5.4e-11
2020-12-27, 15:19:10, 1.06e-12, 5.39e-11
2020-12-27, 15:19:14, 8.58e-13, 5.4e-11
2020-12-27, 15:19:18, 1.02e-12, 5.4e-11
2020-12-27, 15:19:22, 9.42e-13, 5.4e-11
2020-12-27, 15:19:26, 9.05e-13, 5.44e-11
2020-12-27, 15:19:31, 8.49e-13, 5.4e-11
2020-12-27, 15:19:35, 9.41e-13, 5.42e-11
2020-12-27, 15:19:39, 9.4e-13, 5.43e-11
2020-12-27, 15:19:43, 9.51e-13, 5.44e-11
2020-12-27, 15:19:48, 8.97e-13, 5.4e-11
2020-12-27, 15:19:52, 8.78e-13, 5.42e-11
2020-12-27, 15:19:56, 8.74e-13, 5.4e-11
2020-12-27, 15:20:00, 8.79e-13, 5.41e-11
2020-12-27, 15:20:04, 9.56e-13, 5.41e-11
2020-12-27, 15:20:09, 8.6e-13, 5.41e-11
2020-12-27, 15:20:13, 9.56e-13, 5.4e-11
2020-12-27, 15:20:17, 9.56e-13, 5.39e-11
2020-12-27, 15:20:21, 9.66e-13, 5.4e-11
2020-12-27, 15:20:26, 9.29e-13, 5.39e-11
2020-12-27, 15:20:30, 9.32e-13, 5.42e-11
2020-12-27, 15:20:34, 9.27e-13, 5.42e-11
2020-12-27, 15:20:38, 9.24e-13, 5.41e-11
2020-12-27, 15:20:42, 8.86e-13, 5.39e-11
2020-12-27, 15:20:47, 1.03e-12, 5.41e-11
2020-12-27, 15:20:51, 9.43e-13, 5.39e-11
2020-12-27, 15:20:55, 9.9e-13, 5.41e-11
2020-12-27, 15:20:59, 8.97e-13, 5.43e-11
2020-12-27, 15:21:04, 9.34e-13, 5.39e-11
2020-12-27, 15:21:08, 9.12e-13, 5.38e-11
2020-12-27, 15:21:12, 9.05e-13, 5.38e-11
2020-12-27, 15:21:16, 1.02e-12, 5.38e-11
2020-12-27, 15:21:20, 9.1e-13, 5.37e-11
2020-12-27, 15:21:25, 9.38e-13, 5.41e-11
2020-12-27, 15:21:29, 9.25e-13, 5.37e-11
2020-12-27, 15:21:33, 8.07e-13, 5.38e-11
2020-12-27, 15:21:37, 9.88e-13, 5.39e-11
2020-12-27, 15:21:42, 1.03e-12, 5.37e-11
2020-12-27, 15:21:46, 9.37e-13, 5.4e-11
2020-12-27, 15:21:50, 9.79e-13, 5.4e-11
2020-12-27, 15:21:54, 9.21e-13, 5.4e-11
2020-12-27, 15:21:58, 8.04e-13, 5.41e-11
2020-12-27, 15:22:03, 9.58e-13, 5.4e-11
2020-12-27, 15:22:07, 9.13e-13, 5.41e-11
2020-12-27, 15:22:11, 9.22e-13, 5.41e-11
2020-12-27, 15:22:15, 9.41e-13, 5.42e-11
2020-12-27, 15:22:19, 8.99e-13, 5.42e-11
2020-12-27, 15:22:24, 8.95e-13, 5.42e-11
2020-12-27, 15:22:28, 9.69e-13, 5.39e-11
2020-12-27, 15:22:32, 8.88e-13, 5.4e-11
2020-12-27, 15:22:36, 8.98e-13, 5.44e-11
2020-12-27, 15:22:41, 9.32e-13, 5.4e-11
2020-12-27, 15:22:45, 9.59e-13, 5.41e-11
2020-12-27, 15:22:49, 8.77e-13, 5.43e-11
2020-12-27, 15:22:53, 8.62e-13, 5.43e-11
2020-12-27, 15:22:57, 9.14e-13, 5.43e-11
2020-12-27, 15:23:02, 9.22e-13, 5.41e-11
2020-12-27, 15:23:06, 9.28e-13, 5.42e-11
2020-12-27, 15:23:10, 9.68e-13, 5.41e-11
2020-12-27, 15:23:14, 9.93e-13, 5.41e-11
2020-12-27, 15:23:19, 9.45e-13, 5.41e-11
2020-12-27, 15:23:23, 9.72e-13, 5.43e-11
2020-12-27, 15:23:27, 9.33e-13, 5.41e-11
2020-12-27, 15:23:31, 9.48e-13, 5.45e-11
2020-12-27, 15:23:35, 9.26e-13, 5.41e-11
2020-12-27, 15:23:40, 9.37e-13, 5.42e-11
2020-12-27, 15:23:44, 9.35e-13, 5.42e-11
2020-12-27, 15:23:48, 8.76e-13, 5.44e-11
2020-12-27, 15:23:52, 9.19e-13, 5.44e-11
2020-12-27, 15:23:57, 9.56e-13, 5.38e-11
2020-12-27, 15:24:01, 9.3e-13, 5.41e-11
2020-12-27, 15:24:05, 9.72e-13, 5.41e-11
2020-12-27, 15:24:09, 1.06e-12, 5.47e-11
2020-12-27, 15:24:13, 9.21e-13, 5.43e-11
2020-12-27, 15:24:18, 9.09e-13, 5.39e-11
2020-12-27, 15:24:22, 8.65e-13, 5.38e-11
2020-12-27, 15:24:26, 1.01e-12, 5.4e-11
2020-12-27, 15:24:30, 9.9e-13, 5.38e-11
2020-12-27, 15:24:35, 9.39e-13, 5.41e-11
2020-12-27, 15:24:39, 9.56e-13, 5.39e-11
2020-12-27, 15:24:43, 9.33e-13, 5.38e-11
2020-12-27, 15:24:47, 9.23e-13, 5.39e-11
2020-12-27, 15:24:51, 9.47e-13, 5.4e-11
2020-12-27, 15:24:56, 9.89e-13, 5.37e-11
2020-12-27, 15:25:00, 9.94e-13, 5.4e-11
2020-12-27, 15:25:04, 9.3e-13, 5.4e-11
2020-12-27, 15:25:08, 9.08e-13, 5.41e-11
2020-12-27, 15:25:13, 9.56e-13, 5.39e-11
2020-12-27, 15:25:17, 9.34e-13, 5.44e-11
2020-12-27, 15:25:21, 9.41e-13, 5.41e-11
2020-12-27, 15:25:25, 9.44e-13, 5.41e-11
2020-12-27, 15:25:29, 9.55e-13, 5.4e-11
2020-12-27, 15:25:34, 9.66e-13, 5.39e-11
2020-12-27, 15:25:38, 8.81e-13, 5.4e-11
2020-12-27, 15:25:42, 8.84e-13, 5.38e-11
2020-12-27, 15:25:46, 9.72e-13, 5.4e-11
2020-12-27, 15:25:51, 9.05e-13, 5.43e-11
2020-12-27, 15:25:55, 8.85e-13, 5.38e-11
2020-12-27, 15:25:59, 9.4e-13, 5.4e-11
2020-12-27, 15:26:03, 7.97e-13, 5.43e-11
2020-12-27, 15:26:07, 9.12e-13, 5.41e-11
2020-12-27, 15:26:12, 9.54e-13, 5.39e-11
2020-12-27, 15:26:16, 9.22e-13, 5.38e-11
2020-12-27, 15:26:20, 9.05e-13, 5.38e-11
2020-12-27, 15:26:24, 9.12e-13, 5.38e-11
2020-12-27, 15:26:28, 9.56e-13, 5.38e-11
2020-12-27, 15:26:33, 8.65e-13, 5.41e-11
2020-12-27, 15:26:37, 9.26e-13, 5.38e-11
2020-12-27, 15:26:41, 9.54e-13, 5.37e-11
2020-12-27, 15:26:45, 9.19e-13, 5.37e-11
2020-12-27, 15:26:50, 9.49e-13, 5.36e-11
2020-12-27, 15:26:54, 9.54e-13, 5.41e-11
2020-12-27, 15:26:58, 9.24e-13, 5.38e-11
2020-12-27, 15:27:02, 9.39e-13, 5.39e-11
2020-12-27, 15:27:06, 9.71e-13, 5.44e-11
2020-12-27, 15:27:11, 9.41e-13, 5.38e-11
2020-12-27, 15:27:15, 9.74e-13, 5.37e-11
2020-12-27, 15:27:19, 9.54e-13, 5.41e-11
2020-12-27, 15:27:23, 9.53e-13, 5.39e-11
2020-12-27, 15:27:28, 9.39e-13, 5.39e-11
2020-12-27, 15:27:32, 9.19e-13, 5.4e-11
2020-12-27, 15:27:36, 9.1e-13, 5.41e-11
2020-12-27, 15:27:40, 8.77e-13, 5.4e-11
2020-12-27, 15:27:44, 9.15e-13, 5.41e-11
2020-12-27, 15:27:49, 9.58e-13, 5.41e-11
2020-12-27, 15:27:53, 8.8e-13, 5.4e-11
2020-12-27, 15:27:57, 9.2e-13, 5.42e-11
2020-12-27, 15:28:01, 8.99e-13, 5.43e-11
2020-12-27, 15:28:06, 9.04e-13, 5.41e-11
2020-12-27, 15:28:10, 9.62e-13, 5.39e-11
2020-12-27, 15:28:14, 9.57e-13, 5.44e-11
2020-12-27, 15:28:18, 1e-12, 5.42e-11
2020-12-27, 15:28:22, 9.81e-13, 5.4e-11
2020-12-27, 15:28:27, 9.76e-13, 5.42e-11
2020-12-27, 15:28:31, 8.96e-13, 5.39e-11
2020-12-27, 15:28:35, 9.27e-13, 5.38e-11
2020-12-27, 15:28:39, 8.86e-13, 5.4e-11
2020-12-27, 15:28:44, 8.88e-13, 5.43e-11
2020-12-27, 15:28:48, 9.92e-13, 5.4e-11
2020-12-27, 15:28:52, 8.85e-13, 5.41e-11
2020-12-27, 15:28:56, 1.04e-12, 5.43e-11
2020-12-27, 15:29:00, 9.24e-13, 5.4e-11
2020-12-27, 15:29:05, 9.48e-13, 5.41e-11
2020-12-27, 15:29:09, 9.4e-13, 5.42e-11
2020-12-27, 15:29:13, 8.98e-13, 5.41e-11
2020-12-27, 15:29:17, 9.84e-13, 5.42e-11
2020-12-27, 15:29:22, 9.13e-13, 5.43e-11
2020-12-27, 15:29:26, 9.7e-13, 5.4e-11
2020-12-27, 15:29:30, 9.51e-13, 5.39e-11
2020-12-27, 15:29:34, 8.73e-13, 5.4e-11
2020-12-27, 15:29:38, 9.82e-13, 5.41e-11
2020-12-27, 15:29:43, 9.49e-13, 5.4e-11
2020-12-27, 15:29:47, 9.01e-13, 5.42e-11
2020-12-27, 15:29:51, 9.21e-13, 5.41e-11
2020-12-27, 15:29:55, 9.35e-13, 5.41e-11
2020-12-27, 15:30:00, 9.19e-13, 5.41e-11
2020-12-27, 15:30:04, 8.88e-13, 5.43e-11
2020-12-27, 15:30:08, 9.27e-13, 5.4e-11
2020-12-27, 15:30:12, 9.31e-13, 5.43e-11
2020-12-27, 15:30:16, 1.03e-12, 5.42e-11
2020-12-27, 15:30:21, 8.94e-13, 5.42e-11
2020-12-27, 15:30:25, 8.71e-13, 5.41e-11
2020-12-27, 15:30:29, 9.53e-13, 5.45e-11
2020-12-27, 15:30:33, 8.89e-13, 5.42e-11
2020-12-27, 15:30:38, 9.63e-13, 5.43e-11
2020-12-27, 15:30:42, 9.31e-13, 5.42e-11
2020-12-27, 15:30:46, 9.05e-13, 5.41e-11
2020-12-27, 15:30:50, 9.2e-13, 5.42e-11
2020-12-27, 15:30:54, 9.5e-13, 5.42e-11
2020-12-27, 15:30:59, 9.52e-13, 5.42e-11
2020-12-27, 15:31:03, 8.84e-13, 5.41e-11
2020-12-27, 15:31:07, 9e-13, 5.41e-11
2020-12-27, 15:31:11, 9.06e-13, 5.42e-11
2020-12-27, 15:31:15, 9.73e-13, 5.42e-11
2020-12-27, 15:31:20, 9.47e-13, 5.41e-11
2020-12-27, 15:31:24, 9.68e-13, 5.41e-11
2020-12-27, 15:31:28, 9.41e-13, 5.43e-11
2020-12-27, 15:31:32, 9.26e-13, 5.43e-11
2020-12-27, 15:31:37, 9.18e-13, 5.4e-11
2020-12-27, 15:31:41, 8.75e-13, 5.42e-11
2020-12-27, 15:31:45, 9.21e-13, 5.43e-11
2020-12-27, 15:31:49, 8.77e-13, 5.38e-11
2020-12-27, 15:31:53, 9.85e-13, 5.36e-11
2020-12-27, 15:31:58, 8.88e-13, 5.41e-11
2020-12-27, 15:32:02, 9.72e-13, 5.4e-11
2020-12-27, 15:32:06, 9.22e-13, 5.39e-11
2020-12-27, 15:32:10, 8.86e-13, 5.41e-11
2020-12-27, 15:32:15, 9.09e-13, 5.43e-11
2020-12-27, 15:32:19, 9.61e-13, 5.44e-11
2020-12-27, 15:32:23, 9.13e-13, 5.42e-11
2020-12-27, 15:32:27, 1.05e-12, 5.43e-11
2020-12-27, 15:32:31, 8.97e-13, 5.41e-11
2020-12-27, 15:32:36, 9.43e-13, 5.41e-11
2020-12-27, 15:32:40, 9.7e-13, 5.4e-11
2020-12-27, 15:32:44, 9.31e-13, 5.4e-11
2020-12-27, 15:32:48, 9.07e-13, 5.4e-11
2020-12-27, 15:32:53, 8.86e-13, 5.37e-11
2020-12-27, 15:32:57, 8.84e-13, 5.38e-11
2020-12-27, 15:33:01, 9.14e-13, 5.4e-11
2020-12-27, 15:33:05, 9.41e-13, 5.42e-11
2020-12-27, 15:33:09, 8.69e-13, 5.37e-11
2020-12-27, 15:33:14, 9.01e-13, 5.4e-11
2020-12-27, 15:33:18, 9.39e-13, 5.38e-11
2020-12-27, 15:33:22, 9.81e-13, 5.4e-11
2020-12-27, 15:33:26, 9.77e-13, 5.4e-11
2020-12-27, 15:33:31, 9.56e-13, 5.42e-11
2020-12-27, 15:33:35, 8.95e-13, 5.38e-11
2020-12-27, 15:33:39, 9.18e-13, 5.41e-11
2020-12-27, 15:33:43, 9.58e-13, 5.41e-11
2020-12-27, 15:33:47, 9.39e-13, 5.44e-11
2020-12-27, 15:33:52, 9.05e-13, 5.41e-11
2020-12-27, 15:33:56, 9.31e-13, 5.44e-11
2020-12-27, 15:34:00, 9.95e-13, 5.41e-11
2020-12-27, 15:34:04, 9.84e-13, 5.43e-11
2020-12-27, 15:34:09, 8.12e-13, 5.42e-11
2020-12-27, 15:34:13, 9.39e-13, 5.43e-11
2020-12-27, 15:34:17, 9.43e-13, 5.4e-11
2020-12-27, 15:34:21, 8.92e-13, 5.43e-11
2020-12-27, 15:34:25, 9.36e-13, 5.42e-11
2020-12-27, 15:34:30, 8.5e-13, 5.43e-11
2020-12-27, 15:34:34, 9.38e-13, 5.41e-11
2020-12-27, 15:34:38, 1.03e-12, 5.42e-11
2020-12-27, 15:34:42, 9.09e-13, 5.4e-11
2020-12-27, 15:34:47, 8.82e-13, 5.4e-11
2020-12-27, 15:34:51, 9.79e-13, 5.39e-11
2020-12-27, 15:34:55, 9.39e-13, 5.46e-11
2020-12-27, 15:34:59, 9.57e-13, 5.41e-11
2020-12-27, 15:35:03, 9.85e-13, 5.4e-11
2020-12-27, 15:35:08, 9.28e-13, 5.43e-11
2020-12-27, 15:35:12, 9.41e-13, 5.38e-11
2020-12-27, 15:35:16, 9.46e-13, 5.42e-11
2020-12-27, 15:35:20, 1.1e-12, 5.42e-11
2020-12-27, 15:35:24, 9.45e-13, 5.42e-11
2020-12-27, 15:35:29, 8.38e-13, 5.42e-11
2020-12-27, 15:35:33, 9.63e-13, 5.45e-11
2020-12-27, 15:35:37, 9.04e-13, 5.4e-11
2020-12-27, 15:35:41, 9.06e-13, 5.45e-11
2020-12-27, 15:35:46, 1.02e-12, 5.41e-11
2020-12-27, 15:35:50, 9.35e-13, 5.39e-11
2020-12-27, 15:35:54, 9.43e-13, 5.35e-11
2020-12-27, 15:35:58, 9.01e-13, 5.38e-11
2020-12-27, 15:36:02, 9.4e-13, 5.42e-11
2020-12-27, 15:36:07, 8.67e-13, 5.39e-11
2020-12-27, 15:36:11, 8.96e-13, 5.41e-11
2020-12-27, 15:36:15, 9.09e-13, 5.42e-11
2020-12-27, 15:36:19, 9.12e-13, 5.4e-11
2020-12-27, 15:36:24, 8.99e-13, 5.41e-11
2020-12-27, 15:36:28, 8.09e-13, 5.41e-11
2020-12-27, 15:36:32, 9.45e-13, 5.41e-11
2020-12-27, 15:36:36, 9.79e-13, 5.4e-11
2020-12-27, 15:36:40, 9.51e-13, 5.38e-11
2020-12-27, 15:36:45, 8.26e-13, 5.42e-11
2020-12-27, 15:36:49, 9.55e-13, 5.4e-11
2020-12-27, 15:36:53, 9.32e-13, 5.41e-11
2020-12-27, 15:36:57, 9e-13, 5.4e-11
2020-12-27, 15:37:02, 9.61e-13, 5.4e-11
2020-12-27, 15:37:06, 9.15e-13, 5.41e-11
2020-12-27, 15:37:10, 9.4e-13, 5.41e-11
2020-12-27, 15:37:14, 1.02e-12, 5.39e-11
2020-12-27, 15:37:18, 9.16e-13, 5.43e-11
2020-12-27, 15:37:23, 9.19e-13, 5.41e-11
2020-12-27, 15:37:27, 1.01e-12, 5.41e-11
2020-12-27, 15:37:31, 9.31e-13, 5.42e-11
2020-12-27, 15:37:35, 8.93e-13, 5.41e-11
2020-12-27, 15:37:40, 8.92e-13, 5.41e-11
2020-12-27, 15:37:44, 9.3e-13, 5.41e-11
2020-12-27, 15:37:48, 9.99e-13, 5.41e-11
2020-12-27, 15:37:52, 8.62e-13, 5.43e-11
2020-12-27, 15:37:56, 9.59e-13, 5.41e-11
2020-12-27, 15:38:01, 9.2e-13, 5.41e-11
2020-12-27, 15:38:05, 9.3e-13, 5.4e-11
2020-12-27, 15:38:09, 9.29e-13, 5.43e-11
2020-12-27, 15:38:13, 9.23e-13, 5.38e-11
2020-12-27, 15:38:18, 9.84e-13, 5.42e-11
2020-12-27, 15:38:22, 9.15e-13, 5.44e-11
2020-12-27, 15:38:26, 9.5e-13, 5.43e-11
2020-12-27, 15:38:30, 9.27e-13, 5.43e-11
2020-12-27, 15:38:34, 1.01e-12, 5.42e-11
2020-12-27, 15:38:39, 9.29e-13, 5.4e-11
2020-12-27, 15:38:43, 8.56e-13, 5.42e-11
2020-12-27, 15:38:47, 9.31e-13, 5.41e-11
2020-12-27, 15:38:51, 9.34e-13, 5.42e-11
2020-12-27, 15:38:56, 8.93e-13, 5.43e-11
2020-12-27, 15:39:00, 9.19e-13, 5.44e-11
2020-12-27, 15:39:04, 9.39e-13, 5.45e-11
2020-12-27, 15:39:08, 9.29e-13, 5.42e-11
2020-12-27, 15:39:12, 1.07e-12, 5.44e-11
2020-12-27, 15:39:17, 9.56e-13, 5.44e-11
2020-12-27, 15:39:21, 9.51e-13, 5.42e-11
2020-12-27, 15:39:25, 9.27e-13, 5.43e-11
2020-12-27, 15:39:29, 9.64e-13, 5.42e-11
2020-12-27, 15:39:34, 9.03e-13, 5.41e-11
2020-12-27, 15:39:38, 1.06e-12, 5.4e-11
2020-12-27, 15:39:42, 9.25e-13, 5.43e-11
2020-12-27, 15:39:46, 9.91e-13, 5.46e-11
2020-12-27, 15:39:50, 9.02e-13, 5.44e-11
2020-12-27, 15:39:55, 9.12e-13, 5.44e-11
2020-12-27, 15:39:59, 9.07e-13, 5.46e-11
2020-12-27, 15:40:03, 8.67e-13, 5.45e-11
2020-12-27, 15:40:07, 9.95e-13, 5.44e-11
2020-12-27, 15:40:12, 8.43e-13, 5.45e-11
2020-12-27, 15:40:16, 9.42e-13, 5.44e-11
2020-12-27, 15:40:20, 9.5e-13, 5.4e-11
2020-12-27, 15:40:24, 8.96e-13, 5.43e-11
2020-12-27, 15:40:28, 9.65e-13, 5.43e-11
2020-12-27, 15:40:33, 8.75e-13, 5.43e-11
2020-12-27, 15:40:37, 9.4e-13, 5.44e-11
2020-12-27, 15:40:41, 9.26e-13, 5.42e-11
2020-12-27, 15:40:45, 9.75e-13, 5.45e-11
2020-12-27, 15:40:49, 9.39e-13, 5.42e-11
2020-12-27, 15:40:54, 8.52e-13, 5.44e-11
2020-12-27, 15:40:58, 8.75e-13, 5.43e-11
2020-12-27, 15:41:02, 1e-12, 5.42e-11
2020-12-27, 15:41:06, 1.02e-12, 5.43e-11
2020-12-27, 15:41:11, 9.79e-13, 5.45e-11
2020-12-27, 15:41:15, 1.07e-12, 5.41e-11
2020-12-27, 15:41:19, 1.07e-12, 5.42e-11
2020-12-27, 15:41:23, 9.5e-13, 5.42e-11
2020-12-27, 15:41:27, 9.21e-13, 5.38e-11
2020-12-27, 15:41:32, 9.79e-13, 5.38e-11
2020-12-27, 15:41:36, 8.66e-13, 5.4e-11
2020-12-27, 15:41:40, 9.22e-13, 5.39e-11
2020-12-27, 15:41:44, 9.46e-13, 5.39e-11
2020-12-27, 15:41:49, 9.58e-13, 5.42e-11
2020-12-27, 15:41:53, 9.03e-13, 5.43e-11
2020-12-27, 15:41:57, 9.2e-13, 5.42e-11
2020-12-27, 15:42:01, 9.06e-13, 5.46e-11
2020-12-27, 15:42:05, 9.02e-13, 5.44e-11
2020-12-27, 15:42:10, 9.01e-13, 5.43e-11
2020-12-27, 15:42:14, 9.41e-13, 5.41e-11
2020-12-27, 15:42:18, 8.93e-13, 5.42e-11
2020-12-27, 15:42:22, 9.18e-13, 5.45e-11
2020-12-27, 15:42:27, 1.02e-12, 5.46e-11
2020-12-27, 15:42:31, 9.35e-13, 5.42e-11
2020-12-27, 15:42:35, 8.85e-13, 5.4e-11
2020-12-27, 15:42:39, 8.71e-13, 5.41e-11
2020-12-27, 15:42:43, 9.1e-13, 5.41e-11
2020-12-27, 15:42:48, 9.34e-13, 5.42e-11
2020-12-27, 15:42:52, 8.99e-13, 5.43e-11
2020-12-27, 15:42:56, 9.01e-13, 5.42e-11
2020-12-27, 15:43:00, 8.48e-13, 5.42e-11
2020-12-27, 15:43:05, 1.03e-12, 5.42e-11
2020-12-27, 15:43:09, 9.04e-13, 5.41e-11
2020-12-27, 15:43:13, 9.21e-13, 5.42e-11
2020-12-27, 15:43:17, 9.41e-13, 5.41e-11
2020-12-27, 15:43:21, 9.27e-13, 5.41e-11
2020-12-27, 15:43:26, 9.29e-13, 5.43e-11
2020-12-27, 15:43:30, 9.46e-13, 5.45e-11
2020-12-27, 15:43:34, 9.53e-13, 5.41e-11
2020-12-27, 15:43:38, 9.07e-13, 5.42e-11
2020-12-27, 15:43:43, 9.45e-13, 5.38e-11
2020-12-27, 15:43:47, 9.76e-13, 5.42e-11
2020-12-27, 15:43:51, 1.01e-12, 5.41e-11
2020-12-27, 15:43:55, 8.82e-13, 5.4e-11
2020-12-27, 15:43:59, 9.07e-13, 5.4e-11
2020-12-27, 15:44:04, 9.33e-13, 5.41e-11
2020-12-27, 15:44:08, 9.23e-13, 5.48e-11
2020-12-27, 15:44:12, 9.57e-13, 5.42e-11
2020-12-27, 15:44:16, 9.25e-13, 5.43e-11
2020-12-27, 15:44:21, 9.13e-13, 5.39e-11
2020-12-27, 15:44:25, 9.16e-13, 5.4e-11
2020-12-27, 15:44:29, 9.1e-13, 5.42e-11
2020-12-27, 15:44:33, 9.37e-13, 5.41e-11
2020-12-27, 15:44:37, 9.22e-13, 5.42e-11
2020-12-27, 15:44:42, 8.96e-13, 5.42e-11
2020-12-27, 15:44:46, 8.89e-13, 5.45e-11
2020-12-27, 15:44:50, 9.53e-13, 5.42e-11
2020-12-27, 15:44:54, 9.07e-13, 5.41e-11
2020-12-27, 15:44:58, 9.97e-13, 5.41e-11
2020-12-27, 15:45:03, 9.09e-13, 5.42e-11
2020-12-27, 15:45:07, 9.04e-13, 5.46e-11
2020-12-27, 15:45:11, 9.77e-13, 5.42e-11
2020-12-27, 15:45:15, 9.58e-13, 5.44e-11
2020-12-27, 15:45:20, 9.62e-13, 5.42e-11
2020-12-27, 15:45:24, 1.08e-12, 5.43e-11
2020-12-27, 15:45:28, 1.01e-12, 5.43e-11
2020-12-27, 15:45:32, 8.97e-13, 5.46e-11
2020-12-27, 15:45:36, 9.38e-13, 5.43e-11
2020-12-27, 15:45:41, 9.24e-13, 5.44e-11
2020-12-27, 15:45:45, 9e-13, 5.43e-11
2020-12-27, 15:45:49, 9.36e-13, 5.41e-11
2020-12-27, 15:45:53, 9.14e-13, 5.43e-11
2020-12-27, 15:45:58, 9.51e-13, 5.45e-11
2020-12-27, 15:46:02, 9.06e-13, 5.42e-11
2020-12-27, 15:46:06, 9.4e-13, 5.43e-11
2020-12-27, 15:46:10, 9.71e-13, 5.42e-11
2020-12-27, 15:46:14, 9.23e-13, 5.44e-11
2020-12-27, 15:46:19, 9.54e-13, 5.42e-11
2020-12-27, 15:46:23, 8.71e-13, 5.39e-11
2020-12-27, 15:46:27, 9.19e-13, 5.44e-11
2020-12-27, 15:46:31, 8.16e-13, 5.42e-11
2020-12-27, 15:46:36, 9.56e-13, 5.43e-11
2020-12-27, 15:46:40, 8.57e-13, 5.41e-11
2020-12-27, 15:46:44, 9.02e-13, 5.39e-11
2020-12-27, 15:46:48, 9.31e-13, 5.42e-11
2020-12-27, 15:46:52, 9.61e-13, 5.38e-11
2020-12-27, 15:46:57, 8.86e-13, 5.4e-11
2020-12-27, 15:47:01, 9.39e-13, 5.46e-11
2020-12-27, 15:47:05, 8.81e-13, 5.43e-11
2020-12-27, 15:47:09, 9.2e-13, 5.43e-11
2020-12-27, 15:47:14, 9.2e-13, 5.42e-11
2020-12-27, 15:47:18, 9.4e-13, 5.41e-11
2020-12-27, 15:47:22, 9.29e-13, 5.42e-11
2020-12-27, 15:47:26, 9.46e-13, 5.39e-11
2020-12-27, 15:47:30, 8.73e-13, 5.38e-11
2020-12-27, 15:47:35, 9e-13, 5.4e-11
2020-12-27, 15:47:39, 1.04e-12, 5.43e-11
2020-12-27, 15:47:43, 9.02e-13, 5.41e-11
2020-12-27, 15:47:47, 9.26e-13, 5.43e-11
2020-12-27, 15:47:52, 9.03e-13, 5.43e-11
2020-12-27, 15:47:56, 1e-12, 5.44e-11
2020-12-27, 15:48:00, 8.84e-13, 5.42e-11
2020-12-27, 15:48:04, 8.63e-13, 5.41e-11
2020-12-27, 15:48:08, 8.79e-13, 5.41e-11
2020-12-27, 15:48:13, 8.53e-13, 5.43e-11
2020-12-27, 15:48:17, 9.53e-13, 5.4e-11
2020-12-27, 15:48:21, 9.14e-13, 5.43e-11
2020-12-27, 15:48:25, 9.56e-13, 5.41e-11
2020-12-27, 15:48:30, 9.7e-13, 5.41e-11
2020-12-27, 15:48:34, 9.65e-13, 5.39e-11
2020-12-27, 15:48:38, 8.77e-13, 5.42e-11
2020-12-27, 15:48:42, 9.26e-13, 5.42e-11
2020-12-27, 15:48:46, 8.9e-13, 5.41e-11
2020-12-27, 15:48:51, 9.18e-13, 5.42e-11
2020-12-27, 15:48:55, 9.21e-13, 5.39e-11
2020-12-27, 15:48:59, 9.25e-13, 5.39e-11
2020-12-27, 15:49:03, 8.68e-13, 5.39e-11
2020-12-27, 15:49:07, 9.32e-13, 5.43e-11
2020-12-27, 15:49:12, 9.71e-13, 5.4e-11
2020-12-27, 15:49:16, 9.05e-13, 5.42e-11
2020-12-27, 15:49:20, 9e-13, 5.41e-11
2020-12-27, 15:49:24, 9.75e-13, 5.42e-11
2020-12-27, 15:49:29, 9.24e-13, 5.4e-11
2020-12-27, 15:49:33, 9.15e-13, 5.41e-11
2020-12-27, 15:49:37, 1e-12, 5.42e-11
2020-12-27, 15:49:41, 8.76e-13, 5.41e-11
2020-12-27, 15:49:45, 9.14e-13, 5.4e-11
2020-12-27, 15:49:50, 9.2e-13, 5.42e-11
2020-12-27, 15:49:54, 9.27e-13, 5.4e-11
2020-12-27, 15:49:58, 9.14e-13, 5.4e-11
2020-12-27, 15:50:02, 9.61e-13, 5.43e-11
2020-12-27, 15:50:07, 9.35e-13, 5.41e-11
2020-12-27, 15:50:11, 8.82e-13, 5.42e-11
2020-12-27, 15:50:15, 8.94e-13, 5.4e-11
2020-12-27, 15:50:19, 8.85e-13, 5.45e-11
2020-12-27, 15:50:23, 9.04e-13, 5.4e-11
2020-12-27, 15:50:28, 1.09e-12, 5.4e-11
2020-12-27, 15:50:32, 9.32e-13, 5.41e-11
2020-12-27, 15:50:36, 1e-12, 5.41e-11
2020-12-27, 15:50:40, 9.21e-13, 5.41e-11
2020-12-27, 15:50:45, 9.19e-13, 5.43e-11
2020-12-27, 15:50:49, 8.97e-13, 5.41e-11
2020-12-27, 15:50:53, 8.47e-13, 5.42e-11
2020-12-27, 15:50:57, 9.2e-13, 5.45e-11
2020-12-27, 15:51:01, 9.89e-13, 5.41e-11
2020-12-27, 15:51:06, 8.83e-13, 5.43e-11
2020-12-27, 15:51:10, 9.76e-13, 5.43e-11
2020-12-27, 15:51:14, 9.55e-13, 5.41e-11
2020-12-27, 15:51:18, 1.09e-12, 5.4e-11
2020-12-27, 15:51:23, 9.19e-13, 5.41e-11
2020-12-27, 15:51:27, 9.4e-13, 5.43e-11
2020-12-27, 15:51:31, 9.35e-13, 5.45e-11
2020-12-27, 15:51:35, 9.22e-13, 5.38e-11
2020-12-27, 15:51:39, 9.56e-13, 5.39e-11
2020-12-27, 15:51:44, 9.97e-13, 5.43e-11
2020-12-27, 15:51:48, 9.44e-13, 5.41e-11
2020-12-27, 15:51:52, 8.9e-13, 5.44e-11
2020-12-27, 15:51:56, 8.92e-13, 5.43e-11
2020-12-27, 15:52:01, 9.02e-13, 5.41e-11
2020-12-27, 15:52:05, 8.82e-13, 5.44e-11
2020-12-27, 15:52:09, 8.81e-13, 5.46e-11
2020-12-27, 15:52:13, 8.86e-13, 5.43e-11
2020-12-27, 15:52:17, 9.35e-13, 5.4e-11
2020-12-27, 15:52:22, 9.15e-13, 5.41e-11
2020-12-27, 15:52:26, 9.24e-13, 5.45e-11
2020-12-27, 15:52:30, 8.88e-13, 5.41e-11
2020-12-27, 15:52:34, 9.27e-13, 5.42e-11
2020-12-27, 15:52:39, 8.93e-13, 5.43e-11
2020-12-27, 15:52:43, 9.37e-13, 5.42e-11
2020-12-27, 15:52:47, 9.87e-13, 5.41e-11
2020-12-27, 15:52:51, 9.11e-13, 5.4e-11
2020-12-27, 15:52:55, 9.14e-13, 5.39e-11
2020-12-27, 15:53:00, 8.95e-13, 5.41e-11
2020-12-27, 15:53:04, 9.27e-13, 5.4e-11
2020-12-27, 15:53:08, 1.06e-12, 5.42e-11
2020-12-27, 15:53:12, 1.06e-12, 5.4e-11
2020-12-27, 15:53:16, 9.83e-13, 5.4e-11
2020-12-27, 15:53:21, 9.41e-13, 5.39e-11
2020-12-27, 15:53:25, 9.12e-13, 5.4e-11
2020-12-27, 15:53:29, 9.13e-13, 5.41e-11
2020-12-27, 15:53:33, 8.77e-13, 5.42e-11
2020-12-27, 15:53:38, 9.69e-13, 5.42e-11
2020-12-27, 15:53:42, 9.31e-13, 5.41e-11
2020-12-27, 15:53:46, 1.1e-12, 5.43e-11
2020-12-27, 15:53:50, 8.94e-13, 5.42e-11
2020-12-27, 15:53:54, 9.01e-13, 5.39e-11
2020-12-27, 15:53:59, 9.53e-13, 5.42e-11
2020-12-27, 15:54:03, 9.58e-13, 5.42e-11
2020-12-27, 15:54:07, 9.29e-13, 5.47e-11
2020-12-27, 15:54:11, 9.26e-13, 5.4e-11
2020-12-27, 15:54:16, 8.52e-13, 5.42e-11
2020-12-27, 15:54:20, 9.17e-13, 5.43e-11
2020-12-27, 15:54:24, 9.18e-13, 5.41e-11
2020-12-27, 15:54:28, 9.18e-13, 5.4e-11
2020-12-27, 15:54:32, 9.16e-13, 5.44e-11
2020-12-27, 15:54:37, 9.37e-13, 5.39e-11
2020-12-27, 15:54:41, 1.03e-12, 5.42e-11
2020-12-27, 15:54:45, 9.21e-13, 5.4e-11
2020-12-27, 15:54:49, 8.4e-13, 5.4e-11
2020-12-27, 15:54:54, 8.83e-13, 5.41e-11
2020-12-27, 15:54:58, 9.55e-13, 5.44e-11
2020-12-27, 15:55:02, 9.47e-13, 5.43e-11
2020-12-27, 15:55:06, 1.01e-12, 5.44e-11
2020-12-27, 15:55:10, 9.93e-13, 5.42e-11
2020-12-27, 15:55:15, 9.63e-13, 5.41e-11
2020-12-27, 15:55:19, 8.53e-13, 5.41e-11
2020-12-27, 15:55:23, 9.01e-13, 5.41e-11
2020-12-27, 15:55:27, 8.61e-13, 5.44e-11
2020-12-27, 15:55:32, 9.5e-13, 5.41e-11
2020-12-27, 15:55:36, 9.46e-13, 5.43e-11
2020-12-27, 15:55:40, 9.36e-13, 5.42e-11
2020-12-27, 15:55:44, 1.06e-12, 5.45e-11
2020-12-27, 15:55:48, 9.73e-13, 5.43e-11
2020-12-27, 15:55:53, 9.55e-13, 5.43e-11
2020-12-27, 15:55:57, 9.17e-13, 5.44e-11
2020-12-27, 15:56:01, 8.9e-13, 5.43e-11
2020-12-27, 15:56:05, 1.06e-12, 5.4e-11
2020-12-27, 15:56:10, 1.03e-12, 5.43e-11
2020-12-27, 15:56:14, 9.28e-13, 5.45e-11
2020-12-27, 15:56:18, 9.17e-13, 5.46e-11
2020-12-27, 15:56:22, 9.28e-13, 5.44e-11
2020-12-27, 15:56:26, 9.14e-13, 5.47e-11
2020-12-27, 15:56:31, 9.44e-13, 5.49e-11
2020-12-27, 15:56:35, 9.07e-13, 5.47e-11
2020-12-27, 15:56:39, 9.71e-13, 5.45e-11
2020-12-27, 15:56:43, 9.31e-13, 5.44e-11
2020-12-27, 15:56:48, 8.48e-13, 5.45e-11
2020-12-27, 15:56:52, 1e-12, 5.42e-11
2020-12-27, 15:56:56, 9.62e-13, 5.44e-11
2020-12-27, 15:57:00, 8.9e-13, 5.43e-11
2020-12-27, 15:57:04, 9.57e-13, 5.45e-11
2020-12-27, 15:57:09, 9.23e-13, 5.4e-11
2020-12-27, 15:57:13, 9.58e-13, 5.45e-11
2020-12-27, 15:57:17, 9.74e-13, 5.42e-11
2020-12-27, 15:57:21, 9.34e-13, 5.41e-11
2020-12-27, 15:57:26, 9.27e-13, 5.46e-11
2020-12-27, 15:57:30, 9.45e-13, 5.46e-11
2020-12-27, 15:57:34, 9.11e-13, 5.43e-11
2020-12-27, 15:57:38, 8.64e-13, 5.45e-11
2020-12-27, 15:57:42, 7.83e-13, 5.45e-11
2020-12-27, 15:57:47, 9.33e-13, 5.44e-11
2020-12-27, 15:57:51, 9.34e-13, 5.42e-11
2020-12-27, 15:57:55, 9.17e-13, 5.43e-11
2020-12-27, 15:57:59, 9.26e-13, 5.43e-11
2020-12-27, 15:58:04, 9.54e-13, 5.45e-11
2020-12-27, 15:58:08, 8.87e-13, 5.45e-11
2020-12-27, 15:58:12, 9.06e-13, 5.44e-11
2020-12-27, 15:58:16, 9.4e-13, 5.45e-11
2020-12-27, 15:58:20, 9.75e-13, 5.45e-11
2020-12-27, 15:58:25, 9.88e-13, 5.46e-11
2020-12-27, 15:58:29, 9.96e-13, 5.44e-11
2020-12-27, 15:58:33, 1.08e-12, 5.42e-11
2020-12-27, 15:58:37, 1.03e-12, 5.43e-11
2020-12-27, 15:58:42, 9.56e-13, 5.42e-11
2020-12-27, 15:58:46, 9.64e-13, 5.4e-11
2020-12-27, 15:58:50, 1.02e-12, 5.45e-11
2020-12-27, 15:58:54, 9.62e-13, 5.39e-11
2020-12-27, 15:58:58, 9.22e-13, 5.46e-11
2020-12-27, 15:59:03, 9.51e-13, 5.42e-11
2020-12-27, 15:59:07, 8.86e-13, 5.42e-11
2020-12-27, 15:59:11, 9.12e-13, 5.47e-11
2020-12-27, 15:59:15, 8.49e-13, 5.4e-11
2020-12-27, 15:59:20, 9.3e-13, 5.44e-11
2020-12-27, 15:59:24, 9.29e-13, 5.43e-11
2020-12-27, 15:59:28, 8.95e-13, 5.4e-11
2020-12-27, 15:59:32, 1.07e-12, 5.45e-11
2020-12-27, 15:59:36, 9.86e-13, 5.41e-11
2020-12-27, 15:59:41, 9.58e-13, 5.42e-11
2020-12-27, 15:59:45, 9.01e-13, 5.43e-11
2020-12-27, 15:59:49, 9.32e-13, 5.43e-11
2020-12-27, 15:59:53, 9.55e-13, 5.46e-11
2020-12-27, 15:59:58, 9.59e-13, 5.42e-11
2020-12-27, 16:00:02, 8.91e-13, 5.4e-11
2020-12-27, 16:00:06, 8.72e-13, 5.45e-11
2020-12-27, 16:00:10, 8.71e-13, 5.46e-11
2020-12-27, 16:00:14, 9.14e-13, 5.42e-11
2020-12-27, 16:00:19, 9.18e-13, 5.47e-11
2020-12-27, 16:00:23, 9.44e-13, 5.43e-11
2020-12-27, 16:00:27, 1.08e-12, 5.43e-11
2020-12-27, 16:00:31, 9.3e-13, 5.44e-11
2020-12-27, 16:00:36, 9.8e-13, 5.44e-11
2020-12-27, 16:00:40, 9.06e-13, 5.42e-11
2020-12-27, 16:00:44, 8.75e-13, 5.43e-11
2020-12-27, 16:00:48, 9.31e-13, 5.48e-11
2020-12-27, 16:00:52, 9.18e-13, 5.41e-11
2020-12-27, 16:00:57, 1.01e-12, 5.44e-11
2020-12-27, 16:01:01, 8.94e-13, 5.46e-11
2020-12-27, 16:01:05, 9.41e-13, 5.42e-11
2020-12-27, 16:01:09, 9.34e-13, 5.43e-11
2020-12-27, 16:01:14, 9.36e-13, 5.44e-11
2020-12-27, 16:01:18, 9.34e-13, 5.44e-11
2020-12-27, 16:01:22, 9.09e-13, 5.44e-11
2020-12-27, 16:01:26, 9.18e-13, 5.4e-11
2020-12-27, 16:01:30, 9.36e-13, 5.44e-11
2020-12-27, 16:01:35, 9.95e-13, 5.43e-11
2020-12-27, 16:01:39, 9.31e-13, 5.42e-11
2020-12-27, 16:01:43, 9.67e-13, 5.41e-11
2020-12-27, 16:01:47, 9.69e-13, 5.41e-11
2020-12-27, 16:01:52, 9.5e-13, 5.42e-11
2020-12-27, 16:01:56, 9.54e-13, 5.43e-11
2020-12-27, 16:02:00, 9.62e-13, 5.42e-11
2020-12-27, 16:02:04, 8.92e-13, 5.42e-11
2020-12-27, 16:02:08, 8.79e-13, 5.43e-11
2020-12-27, 16:02:13, 9.31e-13, 5.44e-11
2020-12-27, 16:02:17, 9e-13, 5.44e-11
2020-12-27, 16:02:21, 8.96e-13, 5.42e-11
2020-12-27, 16:02:25, 9.43e-13, 5.46e-11
2020-12-27, 16:02:30, 8.98e-13, 5.45e-11
2020-12-27, 16:02:34, 9.17e-13, 5.44e-11
2020-12-27, 16:02:38, 9.12e-13, 5.43e-11
2020-12-27, 16:02:42, 9.21e-13, 5.44e-11
2020-12-27, 16:02:46, 8.43e-13, 5.42e-11
2020-12-27, 16:02:51, 9.88e-13, 5.42e-11
2020-12-27, 16:02:55, 8.72e-13, 5.43e-11
2020-12-27, 16:02:59, 9.25e-13, 5.44e-11
2020-12-27, 16:03:03, 9.11e-13, 5.46e-11
2020-12-27, 16:03:08, 8.94e-13, 5.44e-11
2020-12-27, 16:03:12, 9.2e-13, 5.45e-11
2020-12-27, 16:03:16, 1.04e-12, 5.43e-11
2020-12-27, 16:03:20, 9.15e-13, 5.4e-11
2020-12-27, 16:03:24, 9.14e-13, 5.44e-11
2020-12-27, 16:03:29, 9.08e-13, 5.41e-11
2020-12-27, 16:03:33, 9.64e-13, 5.44e-11
2020-12-27, 16:03:37, 9.15e-13, 5.41e-11
2020-12-27, 16:03:41, 9.33e-13, 5.43e-11
2020-12-27, 16:03:46, 9.07e-13, 5.4e-11
2020-12-27, 16:03:50, 9.44e-13, 5.4e-11
2020-12-27, 16:03:54, 9.2e-13, 5.4e-11
2020-12-27, 16:03:58, 8.06e-13, 5.43e-11
2020-12-27, 16:04:02, 8.4e-13, 5.42e-11
2020-12-27, 16:04:07, 9.22e-13, 5.43e-11
2020-12-27, 16:04:11, 8.9e-13, 5.45e-11
2020-12-27, 16:04:15, 9.28e-13, 5.46e-11
2020-12-27, 16:04:19, 8.58e-13, 5.43e-11
2020-12-27, 16:04:24, 8.64e-13, 5.43e-11
2020-12-27, 16:04:28, 9.21e-13, 5.44e-11
2020-12-27, 16:04:32, 9.3e-13, 5.44e-11
2020-12-27, 16:04:36, 9.51e-13, 5.4e-11
2020-12-27, 16:04:40, 1.09e-12, 5.43e-11
2020-12-27, 16:04:45, 9.33e-13, 5.48e-11
2020-12-27, 16:04:49, 9.5e-13, 5.42e-11
2020-12-27, 16:04:53, 9.8e-13, 5.44e-11
2020-12-27, 16:04:57, 9.48e-13, 5.43e-11
2020-12-27, 16:05:02, 9.47e-13, 5.45e-11
2020-12-27, 16:05:06, 9.17e-13, 5.46e-11
2020-12-27, 16:05:10, 9.58e-13, 5.43e-11
2020-12-27, 16:05:14, 9.25e-13, 5.44e-11
2020-12-27, 16:05:18, 9.04e-13, 5.44e-11
2020-12-27, 16:05:23, 9.18e-13, 5.42e-11
2020-12-27, 16:05:27, 8.73e-13, 5.43e-11
2020-12-27, 16:05:31, 8.72e-13, 5.43e-11
2020-12-27, 16:05:35, 9.46e-13, 5.45e-11
2020-12-27, 16:05:40, 9.09e-13, 5.41e-11
2020-12-27, 16:05:44, 9.21e-13, 5.45e-11
2020-12-27, 16:05:48, 9.46e-13, 5.42e-11
2020-12-27, 16:05:52, 9.31e-13, 5.43e-11
2020-12-27, 16:05:56, 9.58e-13, 5.44e-11
2020-12-27, 16:06:01, 8.95e-13, 5.42e-11
2020-12-27, 16:06:05, 8.6e-13, 5.41e-11
2020-12-27, 16:06:09, 9.48e-13, 5.42e-11
2020-12-27, 16:06:13, 9.12e-13, 5.46e-11
2020-12-27, 16:06:17, 9.51e-13, 5.41e-11
2020-12-27, 16:06:22, 9.4e-13, 5.42e-11
2020-12-27, 16:06:26, 9.56e-13, 5.44e-11
2020-12-27, 16:06:30, 9.05e-13, 5.44e-11
2020-12-27, 16:06:34, 8.4e-13, 5.45e-11
2020-12-27, 16:06:39, 8.78e-13, 5.42e-11
2020-12-27, 16:06:43, 8.63e-13, 5.45e-11
2020-12-27, 16:06:47, 9.55e-13, 5.43e-11
2020-12-27, 16:06:51, 9.45e-13, 5.41e-11
2020-12-27, 16:06:55, 8.83e-13, 5.42e-11
2020-12-27, 16:07:00, 9e-13, 5.46e-11
2020-12-27, 16:07:04, 9.4e-13, 5.44e-11
2020-12-27, 16:07:08, 8.42e-13, 5.42e-11
2020-12-27, 16:07:12, 9.21e-13, 5.45e-11
2020-12-27, 16:07:17, 9.76e-13, 5.44e-11
2020-12-27, 16:07:21, 8.34e-13, 5.44e-11
2020-12-27, 16:07:25, 8.88e-13, 5.41e-11
2020-12-27, 16:07:29, 9.48e-13, 5.42e-11
2020-12-27, 16:07:33, 8.99e-13, 5.43e-11
2020-12-27, 16:07:38, 9.5e-13, 5.41e-11
2020-12-27, 16:07:42, 9.1e-13, 5.4e-11
2020-12-27, 16:07:46, 8.42e-13, 5.41e-11
2020-12-27, 16:07:50, 9.56e-13, 5.41e-11
2020-12-27, 16:07:55, 9.77e-13, 5.4e-11
2020-12-27, 16:07:59, 8.81e-13, 5.45e-11
2020-12-27, 16:08:03, 9.4e-13, 5.41e-11
2020-12-27, 16:08:07, 9.37e-13, 5.38e-11
2020-12-27, 16:08:11, 9.9e-13, 5.4e-11
2020-12-27, 16:08:16, 9.32e-13, 5.41e-11
2020-12-27, 16:08:20, 9.72e-13, 5.38e-11
2020-12-27, 16:08:24, 8.97e-13, 5.39e-11
2020-12-27, 16:08:28, 9.02e-13, 5.44e-11
2020-12-27, 16:08:33, 8.84e-13, 5.43e-11
2020-12-27, 16:08:37, 9.26e-13, 5.42e-11
2020-12-27, 16:08:41, 9.39e-13, 5.42e-11
2020-12-27, 16:08:45, 1.07e-12, 5.41e-11
2020-12-27, 16:08:49, 8.82e-13, 5.43e-11
2020-12-27, 16:08:54, 9.54e-13, 5.44e-11
2020-12-27, 16:08:58, 8.68e-13, 5.46e-11
2020-12-27, 16:09:02, 9.45e-13, 5.45e-11
2020-12-27, 16:09:06, 9.46e-13, 5.43e-11
2020-12-27, 16:09:11, 9.4e-13, 5.43e-11
2020-12-27, 16:09:15, 9.18e-13, 5.46e-11
2020-12-27, 16:09:19, 8.91e-13, 5.42e-11
2020-12-27, 16:09:23, 9.11e-13, 5.44e-11
2020-12-27, 16:09:27, 9.01e-13, 5.43e-11
2020-12-27, 16:09:32, 9.72e-13, 5.42e-11
2020-12-27, 16:09:36, 9.75e-13, 5.43e-11
2020-12-27, 16:09:40, 9.27e-13, 5.48e-11
2020-12-27, 16:09:44, 9.44e-13, 5.44e-11
2020-12-27, 16:09:49, 9.55e-13, 5.46e-11
2020-12-27, 16:09:53, 9.19e-13, 5.45e-11
2020-12-27, 16:09:57, 9.2e-13, 5.45e-11
2020-12-27, 16:10:01, 8.69e-13, 5.43e-11
2020-12-27, 16:10:05, 9.99e-13, 5.45e-11
2020-12-27, 16:10:10, 9.43e-13, 5.41e-11
2020-12-27, 16:10:14, 9.45e-13, 5.39e-11
2020-12-27, 16:10:18, 9.33e-13, 5.42e-11
2020-12-27, 16:10:22, 9.62e-13, 5.44e-11
2020-12-27, 16:10:27, 9.48e-13, 5.39e-11
2020-12-27, 16:10:31, 9.43e-13, 5.44e-11
2020-12-27, 16:10:35, 8.92e-13, 5.41e-11
2020-12-27, 16:10:39, 9.84e-13, 5.41e-11
2020-12-27, 16:10:43, 9.08e-13, 5.43e-11
2020-12-27, 16:10:48, 8.76e-13, 5.44e-11
2020-12-27, 16:10:52, 9.53e-13, 5.4e-11
2020-12-27, 16:10:56, 8.72e-13, 5.4e-11
2020-12-27, 16:11:00, 9.43e-13, 5.41e-11
2020-12-27, 16:11:05, 9.83e-13, 5.41e-11
2020-12-27, 16:11:09, 9.79e-13, 5.4e-11
2020-12-27, 16:11:13, 9.02e-13, 5.42e-11
2020-12-27, 16:11:17, 9.49e-13, 5.43e-11
2020-12-27, 16:11:21, 9.28e-13, 5.42e-11
2020-12-27, 16:11:26, 8.96e-13, 5.43e-11
2020-12-27, 16:11:30, 8.7e-13, 5.39e-11
2020-12-27, 16:11:34, 9.34e-13, 5.42e-11
2020-12-27, 16:11:38, 8.85e-13, 5.39e-11
2020-12-27, 16:11:43, 9.3e-13, 5.41e-11
2020-12-27, 16:11:47, 9.55e-13, 5.4e-11
2020-12-27, 16:11:51, 9.51e-13, 5.43e-11
2020-12-27, 16:11:55, 9.37e-13, 5.4e-11
2020-12-27, 16:11:59, 9.2e-13, 5.4e-11
2020-12-27, 16:12:04, 8.7e-13, 5.42e-11
2020-12-27, 16:12:08, 9.9e-13, 5.43e-11
2020-12-27, 16:12:12, 9.24e-13, 5.45e-11
2020-12-27, 16:12:16, 9.24e-13, 5.41e-11
2020-12-27, 16:12:20, 9.56e-13, 5.42e-11
2020-12-27, 16:12:25, 1.06e-12, 5.44e-11
2020-12-27, 16:12:29, 7.52e-13, 5.41e-11
2020-12-27, 16:12:33, 7.7e-13, 5.43e-11
2020-12-27, 16:12:37, 1.01e-12, 5.4e-11
2020-12-27, 16:12:42, 9.38e-13, 5.43e-11
2020-12-27, 16:12:46, 8.89e-13, 5.44e-11
2020-12-27, 16:12:50, 9.48e-13, 5.41e-11
2020-12-27, 16:12:54, 9.46e-13, 5.4e-11
2020-12-27, 16:12:58, 8.52e-13, 5.4e-11
2020-12-27, 16:13:03, 9.04e-13, 5.41e-11
2020-12-27, 16:13:07, 9.15e-13, 5.41e-11
2020-12-27, 16:13:11, 9.6e-13, 5.4e-11
2020-12-27, 16:13:15, 9.38e-13, 5.42e-11
2020-12-27, 16:13:20, 9.02e-13, 5.43e-11
2020-12-27, 16:13:24, 9.52e-13, 5.44e-11
2020-12-27, 16:13:28, 8.82e-13, 5.41e-11
2020-12-27, 16:13:32, 9.04e-13, 5.43e-11
2020-12-27, 16:13:37, 8.86e-13, 5.42e-11
2020-12-27, 16:13:41, 9.62e-13, 5.42e-11
2020-12-27, 16:13:45, 9.66e-13, 5.41e-11
2020-12-27, 16:13:49, 9.25e-13, 5.43e-11
2020-12-27, 16:13:53, 9.4e-13, 5.4e-11
2020-12-27, 16:13:58, 9.2e-13, 5.43e-11
2020-12-27, 16:14:02, 9.35e-13, 5.42e-11
2020-12-27, 16:14:06, 9.67e-13, 5.42e-11
2020-12-27, 16:14:10, 9.32e-13, 5.42e-11
2020-12-27, 16:14:14, 1.03e-12, 5.46e-11
2020-12-27, 16:14:19, 9.43e-13, 5.39e-11
2020-12-27, 16:14:23, 9.33e-13, 5.42e-11
2020-12-27, 16:14:27, 9.53e-13, 5.45e-11
2020-12-27, 16:14:31, 9.32e-13, 5.44e-11
2020-12-27, 16:14:36, 8.84e-13, 5.44e-11
2020-12-27, 16:14:40, 9.36e-13, 5.43e-11
2020-12-27, 16:14:44, 8.76e-13, 5.44e-11
2020-12-27, 16:14:48, 8.99e-13, 5.42e-11
2020-12-27, 16:14:52, 9.57e-13, 5.41e-11
2020-12-27, 16:14:57, 9.36e-13, 5.42e-11
2020-12-27, 16:15:01, 9.61e-13, 5.43e-11
2020-12-27, 16:15:05, 9.09e-13, 5.45e-11
2020-12-27, 16:15:09, 9e-13, 5.45e-11
2020-12-27, 16:15:14, 9.38e-13, 5.44e-11
2020-12-27, 16:15:18, 7.7e-13, 5.46e-11
2020-12-27, 16:15:22, 9.43e-13, 5.42e-11
2020-12-27, 16:15:26, 8.95e-13, 5.43e-11
2020-12-27, 16:15:30, 9.43e-13, 5.44e-11
2020-12-27, 16:15:35, 9.35e-13, 5.42e-11
2020-12-27, 16:15:39, 9.38e-13, 5.43e-11
2020-12-27, 16:15:43, 9.74e-13, 5.45e-11
2020-12-27, 16:15:47, 9.61e-13, 5.44e-11
2020-12-27, 16:15:52, 9.1e-13, 5.42e-11
2020-12-27, 16:15:56, 8.69e-13, 5.44e-11
2020-12-27, 16:16:00, 9.54e-13, 5.42e-11
2020-12-27, 16:16:04, 8.83e-13, 5.4e-11
2020-12-27, 16:16:08, 8.84e-13, 5.42e-11
2020-12-27, 16:16:13, 9.64e-13, 5.4e-11
2020-12-27, 16:16:17, 9.08e-13, 5.42e-11
2020-12-27, 16:16:21, 8.97e-13, 5.43e-11
2020-12-27, 16:16:25, 9.72e-13, 5.46e-11
2020-12-27, 16:16:30, 9.64e-13, 5.43e-11
2020-12-27, 16:16:34, 1.14e-12, 5.44e-11
2020-12-27, 16:16:38, 9.17e-13, 5.44e-11
2020-12-27, 16:16:42, 9.26e-13, 5.43e-11
2020-12-27, 16:16:46, 8.9e-13, 5.43e-11
2020-12-27, 16:16:51, 9.48e-13, 5.42e-11
2020-12-27, 16:16:55, 9.42e-13, 5.43e-11
2020-12-27, 16:16:59, 8.27e-13, 5.41e-11
2020-12-27, 16:17:03, 9.34e-13, 5.39e-11
2020-12-27, 16:17:08, 9.15e-13, 5.42e-11
2020-12-27, 16:17:12, 9.11e-13, 5.42e-11
2020-12-27, 16:17:16, 9.46e-13, 5.4e-11
2020-12-27, 16:17:20, 8.95e-13, 5.39e-11
2020-12-27, 16:17:24, 9.17e-13, 5.41e-11
2020-12-27, 16:17:29, 9.2e-13, 5.4e-11
2020-12-27, 16:17:33, 9.45e-13, 5.45e-11
2020-12-27, 16:17:37, 8.79e-13, 5.41e-11
2020-12-27, 16:17:41, 7.99e-13, 5.41e-11
2020-12-27, 16:17:45, 8.68e-13, 5.44e-11
2020-12-27, 16:17:50, 9.92e-13, 5.42e-11
2020-12-27, 16:17:54, 9.38e-13, 5.43e-11
2020-12-27, 16:17:58, 9.2e-13, 5.41e-11
2020-12-27, 16:18:02, 9.1e-13, 5.44e-11
2020-12-27, 16:18:07, 8.98e-13, 5.43e-11
2020-12-27, 16:18:11, 9.04e-13, 5.4e-11
2020-12-27, 16:18:15, 8.91e-13, 5.4e-11
2020-12-27, 16:18:19, 9.46e-13, 5.41e-11
2020-12-27, 16:18:23, 9.81e-13, 5.41e-11
2020-12-27, 16:18:28, 9.67e-13, 5.4e-11
2020-12-27, 16:18:32, 9.4e-13, 5.41e-11
2020-12-27, 16:18:36, 8.76e-13, 5.4e-11
2020-12-27, 16:18:40, 9.22e-13, 5.43e-11
2020-12-27, 16:18:45, 8.47e-13, 5.43e-11
2020-12-27, 16:18:49, 9.38e-13, 5.39e-11
2020-12-27, 16:18:53, 9.17e-13, 5.4e-11
2020-12-27, 16:18:57, 8.84e-13, 5.43e-11
2020-12-27, 16:19:01, 9.19e-13, 5.42e-11
2020-12-27, 16:19:06, 8.8e-13, 5.43e-11
2020-12-27, 16:19:10, 8.94e-13, 5.45e-11
2020-12-27, 16:19:14, 8.69e-13, 5.41e-11
2020-12-27, 16:19:18, 9.1e-13, 5.41e-11
2020-12-27, 16:19:23, 9.85e-13, 5.4e-11
2020-12-27, 16:19:27, 9.13e-13, 5.4e-11
2020-12-27, 16:19:31, 9.85e-13, 5.42e-11
2020-12-27, 16:19:35, 9.23e-13, 5.43e-11
2020-12-27, 16:19:39, 1.08e-12, 5.4e-11
2020-12-27, 16:19:44, 8.9e-13, 5.4e-11
2020-12-27, 16:19:48, 8.95e-13, 5.4e-11
2020-12-27, 16:19:52, 9.47e-13, 5.4e-11
2020-12-27, 16:19:56, 8.95e-13, 5.41e-11
2020-12-27, 16:20:01, 9.31e-13, 5.45e-11
2020-12-27, 16:20:05, 8.93e-13, 5.42e-11
2020-12-27, 16:20:09, 9.37e-13, 5.41e-11
2020-12-27, 16:20:13, 9.17e-13, 5.42e-11
2020-12-27, 16:20:17, 8.72e-13, 5.46e-11
2020-12-27, 16:20:22, 8.97e-13, 5.42e-11
2020-12-27, 16:20:26, 9.19e-13, 5.4e-11
2020-12-27, 16:20:30, 9.66e-13, 5.4e-11
2020-12-27, 16:20:34, 8.71e-13, 5.41e-11
2020-12-27, 16:20:39, 9.9e-13, 5.4e-11
2020-12-27, 16:20:43, 9.55e-13, 5.4e-11
2020-12-27, 16:20:47, 9.16e-13, 5.41e-11
2020-12-27, 16:20:51, 9.49e-13, 5.4e-11
2020-12-27, 16:20:55, 7.7e-13, 5.39e-11
2020-12-27, 16:21:00, 9.78e-13, 5.38e-11
2020-12-27, 16:21:04, 9.83e-13, 5.41e-11
2020-12-27, 16:21:08, 9.96e-13, 5.41e-11
2020-12-27, 16:21:12, 1.02e-12, 5.37e-11
2020-12-27, 16:21:17, 8.64e-13, 5.41e-11
2020-12-27, 16:21:21, 9.46e-13, 5.41e-11
2020-12-27, 16:21:25, 8.88e-13, 5.4e-11
2020-12-27, 16:21:29, 8.95e-13, 5.4e-11
2020-12-27, 16:21:33, 9.37e-13, 5.43e-11
2020-12-27, 16:21:38, 9.83e-13, 5.47e-11
2020-12-27, 16:21:42, 9.49e-13, 5.44e-11
2020-12-27, 16:21:46, 9.52e-13, 5.44e-11
2020-12-27, 16:21:50, 8.76e-13, 5.4e-11
2020-12-27, 16:21:55, 9.26e-13, 5.42e-11
2020-12-27, 16:21:59, 9.06e-13, 5.42e-11
2020-12-27, 16:22:03, 9.42e-13, 5.45e-11
2020-12-27, 16:22:07, 8.75e-13, 5.45e-11
2020-12-27, 16:22:11, 9.66e-13, 5.42e-11
2020-12-27, 16:22:16, 8.99e-13, 5.42e-11
2020-12-27, 16:22:20, 9.48e-13, 5.42e-11
2020-12-27, 16:22:24, 9.59e-13, 5.42e-11
2020-12-27, 16:22:28, 9.49e-13, 5.41e-11
2020-12-27, 16:22:33, 9.01e-13, 5.44e-11
2020-12-27, 16:22:37, 9.77e-13, 5.42e-11
2020-12-27, 16:22:41, 8.77e-13, 5.42e-11
2020-12-27, 16:22:45, 9.47e-13, 5.45e-11
2020-12-27, 16:22:49, 8.83e-13, 5.46e-11
2020-12-27, 16:22:54, 8.66e-13, 5.43e-11
2020-12-27, 16:22:58, 9.11e-13, 5.42e-11
2020-12-27, 16:23:02, 9.2e-13, 5.42e-11
2020-12-27, 16:23:06, 9.71e-13, 5.41e-11
2020-12-27, 16:23:10, 8.73e-13, 5.4e-11
2020-12-27, 16:23:15, 9.67e-13, 5.41e-11
2020-12-27, 16:23:19, 9.69e-13, 5.41e-11
2020-12-27, 16:23:23, 1.04e-12, 5.41e-11
2020-12-27, 16:23:27, 8.9e-13, 5.41e-11
2020-12-27, 16:23:32, 9.52e-13, 5.4e-11
2020-12-27, 16:23:36, 8.72e-13, 5.41e-11
2020-12-27, 16:23:40, 9.23e-13, 5.4e-11
2020-12-27, 16:23:44, 8.67e-13, 5.4e-11
2020-12-27, 16:23:48, 9.29e-13, 5.42e-11
2020-12-27, 16:23:53, 8.56e-13, 5.41e-11
2020-12-27, 16:23:57, 9.5e-13, 5.42e-11
2020-12-27, 16:24:01, 1.03e-12, 5.41e-11
2020-12-27, 16:24:05, 9.17e-13, 5.42e-11
2020-12-27, 16:24:10, 9.46e-13, 5.4e-11
2020-12-27, 16:24:14, 9.5e-13, 5.43e-11
2020-12-27, 16:24:18, 9.62e-13, 5.4e-11
2020-12-27, 16:24:22, 9.69e-13, 5.46e-11
2020-12-27, 16:24:26, 9.93e-13, 5.43e-11
2020-12-27, 16:24:31, 9.73e-13, 5.44e-11
2020-12-27, 16:24:35, 8.73e-13, 5.43e-11
2020-12-27, 16:24:39, 7.83e-13, 5.42e-11
2020-12-27, 16:24:43, 9.96e-13, 5.46e-11
2020-12-27, 16:24:48, 9.53e-13, 5.46e-11
2020-12-27, 16:24:52, 9.44e-13, 5.46e-11
2020-12-27, 16:24:56, 9.22e-13, 5.42e-11
2020-12-27, 16:25:00, 9.04e-13, 5.42e-11
2020-12-27, 16:25:04, 9.42e-13, 5.41e-11
2020-12-27, 16:25:09, 8.46e-13, 5.43e-11
2020-12-27, 16:25:13, 8.66e-13, 5.42e-11
2020-12-27, 16:25:17, 8.78e-13, 5.4e-11
2020-12-27, 16:25:21, 9.67e-13, 5.41e-11
2020-12-27, 16:25:26, 9.39e-13, 5.4e-11
2020-12-27, 16:25:30, 9.4e-13, 5.39e-11
2020-12-27, 16:25:34, 9.56e-13, 5.41e-11
2020-12-27, 16:25:38, 9.17e-13, 5.4e-11
2020-12-27, 16:25:42, 8.29e-13, 5.42e-11
2020-12-27, 16:25:47, 9.61e-13, 5.42e-11
2020-12-27, 16:25:51, 9.25e-13, 5.42e-11
2020-12-27, 16:25:55, 9.53e-13, 5.42e-11
2020-12-27, 16:25:59, 8.73e-13, 5.43e-11
2020-12-27, 16:26:04, 9.13e-13, 5.38e-11
2020-12-27, 16:26:08, 9.52e-13, 5.41e-11
2020-12-27, 16:26:12, 9.58e-13, 5.39e-11
2020-12-27, 16:26:16, 9.01e-13, 5.39e-11
2020-12-27, 16:26:20, 9.24e-13, 5.42e-11
2020-12-27, 16:26:25, 1.11e-12, 5.4e-11
2020-12-27, 16:26:29, 9.89e-13, 5.4e-11
2020-12-27, 16:26:33, 9.17e-13, 5.4e-11
2020-12-27, 16:26:37, 9.6e-13, 5.4e-11
2020-12-27, 16:26:42, 9.26e-13, 5.42e-11
2020-12-27, 16:26:46, 9.05e-13, 5.42e-11
2020-12-27, 16:26:50, 9.43e-13, 5.4e-11
2020-12-27, 16:26:54, 1.03e-12, 5.4e-11
2020-12-27, 16:26:58, 9.45e-13, 5.43e-11
2020-12-27, 16:27:03, 9.38e-13, 5.41e-11
2020-12-27, 16:27:07, 1.03e-12, 5.41e-11
2020-12-27, 16:27:11, 9.15e-13, 5.41e-11
2020-12-27, 16:27:15, 9.78e-13, 5.39e-11
2020-12-27, 16:27:19, 8.81e-13, 5.39e-11
2020-12-27, 16:27:24, 9.22e-13, 5.41e-11
2020-12-27, 16:27:28, 9.59e-13, 5.4e-11
2020-12-27, 16:27:32, 8.91e-13, 5.41e-11
2020-12-27, 16:27:36, 8.2e-13, 5.41e-11
2020-12-27, 16:27:41, 8.66e-13, 5.45e-11
2020-12-27, 16:27:45, 9.87e-13, 5.41e-11
2020-12-27, 16:27:49, 9.97e-13, 5.39e-11
2020-12-27, 16:27:53, 9.16e-13, 5.42e-11
2020-12-27, 16:27:57, 9.36e-13, 5.41e-11
2020-12-27, 16:28:02, 9.55e-13, 5.42e-11
2020-12-27, 16:28:06, 9.04e-13, 5.41e-11
2020-12-27, 16:28:10, 9.7e-13, 5.42e-11
2020-12-27, 16:28:14, 9.49e-13, 5.41e-11
2020-12-27, 16:28:19, 9.7e-13, 5.41e-11
2020-12-27, 16:28:23, 8.83e-13, 5.45e-11
2020-12-27, 16:28:27, 8.96e-13, 5.39e-11
2020-12-27, 16:28:31, 9.04e-13, 5.41e-11
2020-12-27, 16:28:35, 8.9e-13, 5.41e-11
2020-12-27, 16:28:40, 9.39e-13, 5.41e-11
2020-12-27, 16:28:44, 9.4e-13, 5.4e-11
2020-12-27, 16:28:48, 8.94e-13, 5.43e-11
2020-12-27, 16:28:52, 1.01e-12, 5.44e-11
2020-12-27, 16:28:57, 9.75e-13, 5.42e-11
2020-12-27, 16:29:01, 9.44e-13, 5.39e-11
2020-12-27, 16:29:05, 9.38e-13, 5.42e-11
2020-12-27, 16:29:09, 9.42e-13, 5.41e-11
2020-12-27, 16:29:13, 9.15e-13, 5.41e-11
2020-12-27, 16:29:18, 9.62e-13, 5.41e-11
2020-12-27, 16:29:22, 9.19e-13, 5.39e-11
2020-12-27, 16:29:26, 9.39e-13, 5.41e-11
2020-12-27, 16:29:30, 9.27e-13, 5.4e-11
2020-12-27, 16:29:35, 9.33e-13, 5.41e-11
2020-12-27, 16:29:39, 9.1e-13, 5.41e-11
2020-12-27, 16:29:43, 8.94e-13, 5.41e-11
2020-12-27, 16:29:47, 9.52e-13, 5.42e-11
2020-12-27, 16:29:51, 9.54e-13, 5.4e-11
2020-12-27, 16:29:56, 9.02e-13, 5.41e-11
2020-12-27, 16:30:00, 9.31e-13, 5.42e-11
2020-12-27, 16:30:04, 8.91e-13, 5.4e-11
2020-12-27, 16:30:08, 9.15e-13, 5.41e-11
2020-12-27, 16:30:13, 8.76e-13, 5.43e-11
2020-12-27, 16:30:17, 9.29e-13, 5.43e-11
2020-12-27, 16:30:21, 9.44e-13, 5.44e-11
2020-12-27, 16:30:25, 9.69e-13, 5.41e-11
2020-12-27, 16:30:29, 9.17e-13, 5.42e-11
2020-12-27, 16:30:34, 8.71e-13, 5.41e-11
2020-12-27, 16:30:38, 9e-13, 5.44e-11
2020-12-27, 16:30:42, 9.89e-13, 5.42e-11
2020-12-27, 16:30:46, 9.27e-13, 5.41e-11
2020-12-27, 16:30:51, 9.06e-13, 5.43e-11
2020-12-27, 16:30:55, 9.37e-13, 5.42e-11
2020-12-27, 16:30:59, 9.47e-13, 5.4e-11
2020-12-27, 16:31:03, 8.81e-13, 5.4e-11
2020-12-27, 16:31:07, 9.58e-13, 5.38e-11
2020-12-27, 16:31:12, 8.82e-13, 5.4e-11
2020-12-27, 16:31:16, 9.2e-13, 5.39e-11
2020-12-27, 16:31:20, 9.17e-13, 5.38e-11
2020-12-27, 16:31:24, 8.56e-13, 5.41e-11
2020-12-27, 16:31:28, 9.48e-13, 5.41e-11
2020-12-27, 16:31:33, 9.96e-13, 5.42e-11
2020-12-27, 16:31:37, 8.56e-13, 5.42e-11
2020-12-27, 16:31:41, 9.1e-13, 5.39e-11
2020-12-27, 16:31:45, 9.6e-13, 5.4e-11
2020-12-27, 16:31:50, 8.94e-13, 5.4e-11
2020-12-27, 16:31:54, 9.42e-13, 5.4e-11
2020-12-27, 16:31:58, 9.29e-13, 5.41e-11
2020-12-27, 16:32:02, 1.07e-12, 5.4e-11
2020-12-27, 16:32:06, 8.67e-13, 5.37e-11
2020-12-27, 16:32:11, 9.2e-13, 5.38e-11
2020-12-27, 16:32:15, 9.15e-13, 5.39e-11
2020-12-27, 16:32:19, 9.05e-13, 5.39e-11
2020-12-27, 16:32:23, 9.24e-13, 5.38e-11
2020-12-27, 16:32:28, 9.26e-13, 5.36e-11
2020-12-27, 16:32:32, 8.59e-13, 5.4e-11
2020-12-27, 16:32:36, 8.95e-13, 5.4e-11
2020-12-27, 16:32:40, 9.29e-13, 5.38e-11
2020-12-27, 16:32:44, 9.63e-13, 5.38e-11
2020-12-27, 16:32:49, 9.7e-13, 5.4e-11
2020-12-27, 16:32:53, 9.66e-13, 5.4e-11
2020-12-27, 16:32:57, 9.82e-13, 5.39e-11
2020-12-27, 16:33:01, 9.69e-13, 5.38e-11
2020-12-27, 16:33:06, 9.38e-13, 5.39e-11
2020-12-27, 16:33:10, 9.59e-13, 5.41e-11
2020-12-27, 16:33:14, 9.1e-13, 5.43e-11
2020-12-27, 16:33:18, 8.43e-13, 5.38e-11
2020-12-27, 16:33:22, 9.15e-13, 5.38e-11
2020-12-27, 16:33:27, 9e-13, 5.41e-11
2020-12-27, 16:33:31, 9.9e-13, 5.41e-11
2020-12-27, 16:33:35, 8.56e-13, 5.4e-11
2020-12-27, 16:33:39, 9.02e-13, 5.4e-11
2020-12-27, 16:33:44, 9.22e-13, 5.42e-11
2020-12-27, 16:33:48, 8.87e-13, 5.4e-11
2020-12-27, 16:33:52, 9e-13, 5.39e-11
2020-12-27, 16:33:56, 9.51e-13, 5.42e-11
2020-12-27, 16:34:00, 9.22e-13, 5.42e-11
2020-12-27, 16:34:05, 7.51e-13, 5.41e-11
2020-12-27, 16:34:09, 9.2e-13, 5.41e-11
2020-12-27, 16:34:13, 9.59e-13, 5.41e-11
2020-12-27, 16:34:17, 9.17e-13, 5.43e-11
2020-12-27, 16:34:22, 9.18e-13, 5.39e-11
2020-12-27, 16:34:26, 9.31e-13, 5.37e-11
2020-12-27, 16:34:30, 8.78e-13, 5.38e-11
2020-12-27, 16:34:34, 9.59e-13, 5.39e-11
2020-12-27, 16:34:38, 1.01e-12, 5.41e-11
2020-12-27, 16:34:43, 8.93e-13, 5.39e-11
2020-12-27, 16:34:47, 9.11e-13, 5.42e-11
2020-12-27, 16:34:51, 9.56e-13, 5.41e-11
2020-12-27, 16:34:55, 9.32e-13, 5.42e-11
2020-12-27, 16:34:59, 8.19e-13, 5.43e-11
2020-12-27, 16:35:04, 8.94e-13, 5.42e-11
2020-12-27, 16:35:08, 9.69e-13, 5.42e-11
2020-12-27, 16:35:12, 9.48e-13, 5.41e-11
2020-12-27, 16:35:16, 9.71e-13, 5.41e-11
2020-12-27, 16:35:21, 9.92e-13, 5.41e-11
2020-12-27, 16:35:25, 9.74e-13, 5.44e-11
2020-12-27, 16:35:29, 9.15e-13, 5.42e-11
2020-12-27, 16:35:33, 9.23e-13, 5.43e-11
2020-12-27, 16:35:37, 1.1e-12, 5.41e-11
2020-12-27, 16:35:42, 9.37e-13, 5.41e-11
2020-12-27, 16:35:46, 9.46e-13, 5.41e-11
2020-12-27, 16:35:50, 1.01e-12, 5.42e-11
2020-12-27, 16:35:54, 9.54e-13, 5.4e-11
2020-12-27, 16:35:59, 9.33e-13, 5.43e-11
2020-12-27, 16:36:03, 9.56e-13, 5.41e-11
2020-12-27, 16:36:07, 8.44e-13, 5.45e-11
2020-12-27, 16:36:11, 9.9e-13, 5.44e-11
2020-12-27, 16:36:15, 9.15e-13, 5.41e-11
2020-12-27, 16:36:20, 9.15e-13, 5.4e-11
2020-12-27, 16:36:24, 9.47e-13, 5.43e-11
2020-12-27, 16:36:28, 9.66e-13, 5.41e-11
2020-12-27, 16:36:32, 9.01e-13, 5.41e-11
2020-12-27, 16:36:37, 8.82e-13, 5.42e-11
2020-12-27, 16:36:41, 9.7e-13, 5.4e-11
2020-12-27, 16:36:45, 8.59e-13, 5.42e-11
2020-12-27, 16:36:49, 9.47e-13, 5.41e-11
2020-12-27, 16:36:53, 9.75e-13, 5.41e-11
2020-12-27, 16:36:58, 8.97e-13, 5.37e-11
2020-12-27, 16:37:02, 8.58e-13, 5.38e-11
2020-12-27, 16:37:06, 9.43e-13, 5.39e-11
2020-12-27, 16:37:10, 9.33e-13, 5.36e-11
2020-12-27, 16:37:15, 8.77e-13, 5.42e-11
2020-12-27, 16:37:19, 9.31e-13, 5.4e-11
2020-12-27, 16:37:23, 9.5e-13, 5.41e-11
2020-12-27, 16:37:27, 1.07e-12, 5.41e-11
2020-12-27, 16:37:31, 9.2e-13, 5.4e-11
2020-12-27, 16:37:36, 8.89e-13, 5.4e-11
2020-12-27, 16:37:40, 9.8e-13, 5.4e-11
2020-12-27, 16:37:44, 9.2e-13, 5.39e-11
2020-12-27, 16:37:48, 8.68e-13, 5.39e-11
2020-12-27, 16:37:53, 1.01e-12, 5.42e-11
2020-12-27, 16:37:57, 1.03e-12, 5.4e-11
2020-12-27, 16:38:01, 9.42e-13, 5.4e-11
2020-12-27, 16:38:05, 9.36e-13, 5.42e-11
2020-12-27, 16:38:09, 9.05e-13, 5.38e-11
2020-12-27, 16:38:14, 8.93e-13, 5.43e-11
2020-12-27, 16:38:18, 9.29e-13, 5.43e-11
2020-12-27, 16:38:22, 1.02e-12, 5.42e-11
2020-12-27, 16:38:26, 1.08e-12, 5.44e-11
2020-12-27, 16:38:31, 1.02e-12, 5.4e-11
2020-12-27, 16:38:35, 9.22e-13, 5.38e-11
2020-12-27, 16:38:39, 9.56e-13, 5.38e-11
2020-12-27, 16:38:43, 9.77e-13, 5.39e-11
2020-12-27, 16:38:47, 9.26e-13, 5.41e-11
2020-12-27, 16:38:52, 9.29e-13, 5.39e-11
2020-12-27, 16:38:56, 9.38e-13, 5.4e-11
2020-12-27, 16:39:00, 8.97e-13, 5.4e-11
2020-12-27, 16:39:04, 8.16e-13, 5.38e-11
2020-12-27, 16:39:08, 8.51e-13, 5.41e-11
2020-12-27, 16:39:13, 9.41e-13, 5.39e-11
2020-12-27, 16:39:17, 9.67e-13, 5.4e-11
2020-12-27, 16:39:21, 8.69e-13, 5.39e-11
2020-12-27, 16:39:25, 8.71e-13, 5.41e-11
2020-12-27, 16:39:30, 9.52e-13, 5.4e-11
2020-12-27, 16:39:34, 9.22e-13, 5.42e-11
2020-12-27, 16:39:38, 9.48e-13, 5.41e-11
2020-12-27, 16:39:42, 9.32e-13, 5.4e-11
2020-12-27, 16:39:47, 9.44e-13, 5.4e-11
2020-12-27, 16:39:51, 9.15e-13, 5.42e-11
2020-12-27, 16:39:55, 9.07e-13, 5.41e-11
2020-12-27, 16:39:59, 9.2e-13, 5.42e-11
2020-12-27, 16:40:03, 1.02e-12, 5.37e-11
2020-12-27, 16:40:08, 1.04e-12, 5.42e-11
2020-12-27, 16:40:12, 8.77e-13, 5.42e-11
2020-12-27, 16:40:16, 9.85e-13, 5.41e-11
2020-12-27, 16:40:20, 9.29e-13, 5.4e-11
2020-12-27, 16:40:25, 8.42e-13, 5.41e-11
2020-12-27, 16:40:29, 8.9e-13, 5.41e-11
2020-12-27, 16:40:33, 9.27e-13, 5.38e-11
2020-12-27, 16:40:37, 9.67e-13, 5.39e-11
2020-12-27, 16:40:41, 9.49e-13, 5.39e-11
2020-12-27, 16:40:46, 9.27e-13, 5.42e-11
2020-12-27, 16:40:50, 1.06e-12, 5.4e-11
2020-12-27, 16:40:54, 9.44e-13, 5.41e-11
2020-12-27, 16:40:58, 9.43e-13, 5.41e-11
2020-12-27, 16:41:02, 9.37e-13, 5.41e-11
2020-12-27, 16:41:07, 8.52e-13, 5.4e-11
2020-12-27, 16:41:11, 9.66e-13, 5.4e-11
2020-12-27, 16:41:15, 9.38e-13, 5.39e-11
2020-12-27, 16:41:19, 1.01e-12, 5.38e-11
2020-12-27, 16:41:24, 9.63e-13, 5.38e-11
2020-12-27, 16:41:28, 9.08e-13, 5.39e-11
2020-12-27, 16:41:32, 9.19e-13, 5.36e-11
2020-12-27, 16:41:36, 8.78e-13, 5.38e-11
2020-12-27, 16:41:40, 9.38e-13, 5.43e-11
2020-12-27, 16:41:45, 9.28e-13, 5.39e-11
2020-12-27, 16:41:49, 9.13e-13, 5.42e-11
2020-12-27, 16:41:53, 9.18e-13, 5.4e-11
2020-12-27, 16:41:57, 9.3e-13, 5.38e-11
2020-12-27, 16:42:02, 9.42e-13, 5.37e-11
2020-12-27, 16:42:06, 9.34e-13, 5.39e-11
2020-12-27, 16:42:10, 8.74e-13, 5.37e-11
2020-12-27, 16:42:14, 9.11e-13, 5.39e-11
2020-12-27, 16:42:18, 9.73e-13, 5.42e-11
2020-12-27, 16:42:23, 9.55e-13, 5.41e-11
2020-12-27, 16:42:27, 8.72e-13, 5.43e-11
2020-12-27, 16:42:31, 8.74e-13, 5.41e-11
2020-12-27, 16:42:35, 1e-12, 5.44e-11
2020-12-27, 16:42:40, 8.88e-13, 5.44e-11
2020-12-27, 16:42:44, 9.28e-13, 5.43e-11
2020-12-27, 16:42:48, 9.04e-13, 5.4e-11
2020-12-27, 16:42:52, 9.55e-13, 5.42e-11
2020-12-27, 16:42:56, 9.52e-13, 5.41e-11
2020-12-27, 16:43:01, 9.65e-13, 5.43e-11
2020-12-27, 16:43:05, 9.15e-13, 5.42e-11
2020-12-27, 16:43:09, 9.11e-13, 5.41e-11
2020-12-27, 16:43:13, 9.35e-13, 5.42e-11
2020-12-27, 16:43:18, 9.29e-13, 5.42e-11
2020-12-27, 16:43:22, 8.87e-13, 5.41e-11
2020-12-27, 16:43:26, 9.13e-13, 5.4e-11
2020-12-27, 16:43:30, 9.17e-13, 5.44e-11
2020-12-27, 16:43:34, 9.11e-13, 5.41e-11
2020-12-27, 16:43:39, 9.52e-13, 5.42e-11
2020-12-27, 16:43:43, 9.15e-13, 5.4e-11
2020-12-27, 16:43:47, 8.93e-13, 5.44e-11
2020-12-27, 16:43:51, 9.16e-13, 5.41e-11
2020-12-27, 16:43:56, 9.2e-13, 5.38e-11
2020-12-27, 16:44:00, 8.15e-13, 5.42e-11
2020-12-27, 16:44:04, 9.12e-13, 5.43e-11
2020-12-27, 16:44:08, 9.55e-13, 5.42e-11
2020-12-27, 16:44:12, 9.24e-13, 5.43e-11
2020-12-27, 16:44:17, 9.86e-13, 5.45e-11
2020-12-27, 16:44:21, 9.81e-13, 5.39e-11
2020-12-27, 16:44:25, 9.21e-13, 5.42e-11
2020-12-27, 16:44:29, 9.62e-13, 5.44e-11
2020-12-27, 16:44:34, 9.61e-13, 5.41e-11
2020-12-27, 16:44:38, 8.7e-13, 5.44e-11
2020-12-27, 16:44:42, 9.49e-13, 5.41e-11
2020-12-27, 16:44:46, 9.36e-13, 5.42e-11
2020-12-27, 16:44:50, 1.01e-12, 5.42e-11
2020-12-27, 16:44:55, 9.55e-13, 5.41e-11
2020-12-27, 16:44:59, 9.23e-13, 5.42e-11
2020-12-27, 16:45:03, 8.68e-13, 5.45e-11
2020-12-27, 16:45:07, 9.03e-13, 5.4e-11
2020-12-27, 16:45:12, 8.84e-13, 5.43e-11
2020-12-27, 16:45:16, 9.47e-13, 5.41e-11
2020-12-27, 16:45:20, 9.55e-13, 5.41e-11
2020-12-27, 16:45:24, 9.14e-13, 5.43e-11
2020-12-27, 16:45:28, 9.53e-13, 5.42e-11
2020-12-27, 16:45:33, 9.68e-13, 5.41e-11
2020-12-27, 16:45:37, 8.82e-13, 5.39e-11
2020-12-27, 16:45:41, 9.1e-13, 5.4e-11
2020-12-27, 16:45:45, 9.21e-13, 5.43e-11
2020-12-27, 16:45:49, 9.17e-13, 5.43e-11
2020-12-27, 16:45:54, 9.22e-13, 5.44e-11
2020-12-27, 16:45:58, 9.91e-13, 5.43e-11
2020-12-27, 16:46:02, 8.1e-13, 5.4e-11
2020-12-27, 16:46:06, 8.42e-13, 5.41e-11
2020-12-27, 16:46:11, 8.86e-13, 5.42e-11
2020-12-27, 16:46:15, 8.58e-13, 5.41e-11
2020-12-27, 16:46:19, 9.32e-13, 5.43e-11
2020-12-27, 16:46:23, 9.67e-13, 5.44e-11
2020-12-27, 16:46:27, 9.43e-13, 5.43e-11
2020-12-27, 16:46:32, 9.86e-13, 5.46e-11
2020-12-27, 16:46:36, 9.82e-13, 5.41e-11
2020-12-27, 16:46:40, 8.83e-13, 5.43e-11
2020-12-27, 16:46:44, 9.19e-13, 5.46e-11
2020-12-27, 16:46:49, 8.49e-13, 5.4e-11
2020-12-27, 16:46:53, 8.71e-13, 5.42e-11
2020-12-27, 16:46:57, 9.64e-13, 5.42e-11
2020-12-27, 16:47:01, 9.11e-13, 5.43e-11
2020-12-27, 16:47:05, 9.54e-13, 5.46e-11
2020-12-27, 16:47:10, 1.1e-12, 5.42e-11
2020-12-27, 16:47:14, 9.34e-13, 5.45e-11
2020-12-27, 16:47:18, 9.68e-13, 5.43e-11
2020-12-27, 16:47:22, 9.72e-13, 5.42e-11
2020-12-27, 16:47:27, 9.26e-13, 5.43e-11
2020-12-27, 16:47:31, 9.79e-13, 5.43e-11
2020-12-27, 16:47:35, 9.05e-13, 5.46e-11
2020-12-27, 16:47:39, 8.73e-13, 5.4e-11
2020-12-27, 16:47:43, 8.99e-13, 5.43e-11
2020-12-27, 16:47:48, 8.62e-13, 5.41e-11
2020-12-27, 16:47:52, 9.8e-13, 5.41e-11
2020-12-27, 16:47:56, 9.86e-13, 5.43e-11
2020-12-27, 16:48:00, 9.26e-13, 5.41e-11
2020-12-27, 16:48:05, 9.85e-13, 5.42e-11
2020-12-27, 16:48:09, 1e-12, 5.44e-11
2020-12-27, 16:48:13, 9.71e-13, 5.43e-11
2020-12-27, 16:48:17, 9.52e-13, 5.42e-11
2020-12-27, 16:48:21, 8.79e-13, 5.42e-11
2020-12-27, 16:48:26, 8.99e-13, 5.44e-11
2020-12-27, 16:48:30, 8.99e-13, 5.42e-11
2020-12-27, 16:48:34, 8.83e-13, 5.42e-11
2020-12-27, 16:48:38, 9.26e-13, 5.44e-11
2020-12-27, 16:48:43, 8.97e-13, 5.41e-11
2020-12-27, 16:48:47, 9e-13, 5.44e-11
2020-12-27, 16:48:51, 9.49e-13, 5.44e-11
2020-12-27, 16:48:55, 9.07e-13, 5.43e-11
2020-12-27, 16:48:59, 9.16e-13, 5.39e-11
2020-12-27, 16:49:04, 9.74e-13, 5.39e-11
2020-12-27, 16:49:08, 9.61e-13, 5.42e-11
2020-12-27, 16:49:12, 8.94e-13, 5.44e-11
2020-12-27, 16:49:16, 8.72e-13, 5.44e-11
2020-12-27, 16:49:21, 8.68e-13, 5.45e-11
2020-12-27, 16:49:25, 9.3e-13, 5.42e-11
2020-12-27, 16:49:29, 9.73e-13, 5.42e-11
2020-12-27, 16:49:33, 1.06e-12, 5.42e-11
2020-12-27, 16:49:37, 8.13e-13, 5.41e-11
2020-12-27, 16:49:42, 9.78e-13, 5.41e-11
2020-12-27, 16:49:46, 9.04e-13, 5.4e-11
2020-12-27, 16:49:50, 9.19e-13, 5.41e-11
2020-12-27, 16:49:54, 9.51e-13, 5.41e-11
2020-12-27, 16:49:59, 8.38e-13, 5.41e-11
2020-12-27, 16:50:03, 1.07e-12, 5.41e-11
2020-12-27, 16:50:07, 9.15e-13, 5.41e-11
2020-12-27, 16:50:11, 9.74e-13, 5.42e-11
2020-12-27, 16:50:15, 9.05e-13, 5.41e-11
2020-12-27, 16:50:20, 9.11e-13, 5.44e-11
2020-12-27, 16:50:24, 9.19e-13, 5.43e-11
2020-12-27, 16:50:28, 8.88e-13, 5.41e-11
2020-12-27, 16:50:32, 9.09e-13, 5.42e-11
2020-12-27, 16:50:37, 9.64e-13, 5.43e-11
2020-12-27, 16:50:41, 9.38e-13, 5.4e-11
2020-12-27, 16:50:45, 9.27e-13, 5.4e-11
2020-12-27, 16:50:49, 8.89e-13, 5.4e-11
2020-12-27, 16:50:53, 9.56e-13, 5.42e-11
2020-12-27, 16:50:58, 9.48e-13, 5.43e-11
2020-12-27, 16:51:02, 9.35e-13, 5.41e-11
2020-12-27, 16:51:06, 9.23e-13, 5.42e-11
2020-12-27, 16:51:10, 1.01e-12, 5.41e-11
2020-12-27, 16:51:14, 9.54e-13, 5.42e-11
2020-12-27, 16:51:19, 9.59e-13, 5.41e-11
2020-12-27, 16:51:23, 9.33e-13, 5.43e-11
2020-12-27, 16:51:27, 9.61e-13, 5.4e-11
2020-12-27, 16:51:31, 8.74e-13, 5.42e-11
2020-12-27, 16:51:36, 1e-12, 5.45e-11
2020-12-27, 16:51:40, 8.91e-13, 5.41e-11
2020-12-27, 16:51:44, 8.9e-13, 5.42e-11
2020-12-27, 16:51:48, 9.1e-13, 5.4e-11
2020-12-27, 16:51:52, 9.95e-13, 5.4e-11
2020-12-27, 16:51:57, 8.85e-13, 5.39e-11
2020-12-27, 16:52:01, 9.36e-13, 5.39e-11
2020-12-27, 16:52:05, 9.68e-13, 5.4e-11
2020-12-27, 16:52:09, 9.07e-13, 5.39e-11
2020-12-27, 16:52:14, 1.04e-12, 5.37e-11
2020-12-27, 16:52:18, 9.45e-13, 5.41e-11
2020-12-27, 16:52:22, 9.44e-13, 5.4e-11
2020-12-27, 16:52:26, 9.84e-13, 5.41e-11
2020-12-27, 16:52:30, 9.05e-13, 5.4e-11
2020-12-27, 16:52:35, 9.06e-13, 5.45e-11
2020-12-27, 16:52:39, 9.27e-13, 5.43e-11
2020-12-27, 16:52:43, 9.17e-13, 5.41e-11
2020-12-27, 16:52:47, 1.04e-12, 5.41e-11
2020-12-27, 16:52:52, 9.4e-13, 5.41e-11
2020-12-27, 16:52:56, 1.03e-12, 5.43e-11
2020-12-27, 16:53:00, 9.2e-13, 5.42e-11
2020-12-27, 16:53:04, 9.08e-13, 5.42e-11
2020-12-27, 16:53:08, 9.37e-13, 5.43e-11
2020-12-27, 16:53:13, 8.71e-13, 5.41e-11
2020-12-27, 16:53:17, 9.47e-13, 5.4e-11
2020-12-27, 16:53:21, 9.07e-13, 5.44e-11
2020-12-27, 16:53:25, 9.12e-13, 5.42e-11
2020-12-27, 16:53:30, 9.57e-13, 5.42e-11
2020-12-27, 16:53:34, 9.41e-13, 5.42e-11
2020-12-27, 16:53:38, 1.06e-12, 5.4e-11
2020-12-27, 16:53:42, 9.94e-13, 5.42e-11
2020-12-27, 16:53:46, 9.52e-13, 5.41e-11
2020-12-27, 16:53:51, 9.06e-13, 5.41e-11
2020-12-27, 16:53:55, 9.64e-13, 5.38e-11
2020-12-27, 16:53:59, 9.32e-13, 5.46e-11
2020-12-27, 16:54:03, 9.61e-13, 5.4e-11
2020-12-27, 16:54:08, 9.03e-13, 5.42e-11
2020-12-27, 16:54:12, 8.83e-13, 5.41e-11
2020-12-27, 16:54:16, 9.83e-13, 5.43e-11
2020-12-27, 16:54:20, 9.77e-13, 5.42e-11
2020-12-27, 16:54:24, 9.1e-13, 5.41e-11
2020-12-27, 16:54:29, 9.43e-13, 5.43e-11
2020-12-27, 16:54:33, 8.51e-13, 5.42e-11
2020-12-27, 16:54:37, 9.77e-13, 5.4e-11
2020-12-27, 16:54:41, 9e-13, 5.41e-11
2020-12-27, 16:54:46, 9.43e-13, 5.4e-11
2020-12-27, 16:54:50, 1.1e-12, 5.4e-11
2020-12-27, 16:54:54, 9.5e-13, 5.42e-11
2020-12-27, 16:54:58, 9.43e-13, 5.42e-11
2020-12-27, 16:55:02, 9.37e-13, 5.43e-11
2020-12-27, 16:55:07, 9.13e-13, 5.41e-11
2020-12-27, 16:55:11, 1.01e-12, 5.39e-11
2020-12-27, 16:55:15, 8.19e-13, 5.37e-11
2020-12-27, 16:55:19, 9.81e-13, 5.39e-11
2020-12-27, 16:55:23, 9.26e-13, 5.41e-11
2020-12-27, 16:55:28, 9.53e-13, 5.42e-11
2020-12-27, 16:55:32, 7.6e-13, 5.42e-11
2020-12-27, 16:55:36, 8.54e-13, 5.45e-11
2020-12-27, 16:55:40, 9.47e-13, 5.38e-11
2020-12-27, 16:55:45, 1.04e-12, 5.39e-11
2020-12-27, 16:55:49, 1.13e-12, 5.39e-11
2020-12-27, 16:55:53, 9.6e-13, 5.39e-11
2020-12-27, 16:55:57, 8.13e-13, 5.39e-11
2020-12-27, 16:56:01, 9.39e-13, 5.39e-11
2020-12-27, 16:56:06, 9.8e-13, 5.46e-11
2020-12-27, 16:56:10, 1e-12, 5.4e-11
2020-12-27, 16:56:14, 9.17e-13, 5.42e-11
2020-12-27, 16:56:18, 9.34e-13, 5.4e-11
2020-12-27, 16:56:23, 9.36e-13, 5.41e-11
2020-12-27, 16:56:27, 9.35e-13, 5.41e-11
2020-12-27, 16:56:31, 9.07e-13, 5.42e-11
2020-12-27, 16:56:35, 1.11e-12, 5.41e-11
2020-12-27, 16:56:39, 9.18e-13, 5.42e-11
2020-12-27, 16:56:44, 9.63e-13, 5.4e-11
2020-12-27, 16:56:48, 9.76e-13, 5.45e-11
2020-12-27, 16:56:52, 9.18e-13, 5.41e-11
2020-12-27, 16:56:56, 8.82e-13, 5.4e-11
2020-12-27, 16:57:01, 9.88e-13, 5.44e-11
2020-12-27, 16:57:05, 9.26e-13, 5.42e-11
2020-12-27, 16:57:09, 8.41e-13, 5.43e-11
2020-12-27, 16:57:13, 9.38e-13, 5.41e-11
2020-12-27, 16:57:17, 1.05e-12, 5.44e-11
2020-12-27, 16:57:22, 8.75e-13, 5.39e-11
2020-12-27, 16:57:26, 9.9e-13, 5.41e-11
2020-12-27, 16:57:30, 9.27e-13, 5.43e-11
2020-12-27, 16:57:34, 9.35e-13, 5.45e-11
2020-12-27, 16:57:39, 9.84e-13, 5.41e-11
2020-12-27, 16:57:43, 8.96e-13, 5.43e-11
2020-12-27, 16:57:47, 9.52e-13, 5.4e-11
2020-12-27, 16:57:51, 8.47e-13, 5.42e-11
2020-12-27, 16:57:55, 9.47e-13, 5.42e-11
2020-12-27, 16:58:00, 9.6e-13, 5.41e-11
2020-12-27, 16:58:04, 9.33e-13, 5.41e-11
2020-12-27, 16:58:08, 9.12e-13, 5.4e-11
2020-12-27, 16:58:12, 9.51e-13, 5.43e-11
2020-12-27, 16:58:17, 9.69e-13, 5.42e-11
2020-12-27, 16:58:21, 8.99e-13, 5.41e-11
2020-12-27, 16:58:25, 9.54e-13, 5.39e-11
2020-12-27, 16:58:29, 9.11e-13, 5.42e-11
2020-12-27, 16:58:33, 8.95e-13, 5.4e-11
2020-12-27, 16:58:38, 9.45e-13, 5.41e-11
2020-12-27, 16:58:42, 9.07e-13, 5.41e-11
2020-12-27, 16:58:46, 9.47e-13, 5.39e-11
2020-12-27, 16:58:50, 9.41e-13, 5.41e-11
2020-12-27, 16:58:55, 9.45e-13, 5.4e-11
2020-12-27, 16:58:59, 9.22e-13, 5.39e-11
2020-12-27, 16:59:03, 9.44e-13, 5.43e-11
2020-12-27, 16:59:07, 9e-13, 5.43e-11
2020-12-27, 16:59:11, 8.54e-13, 5.42e-11
2020-12-27, 16:59:16, 9.54e-13, 5.44e-11
2020-12-27, 16:59:20, 9.27e-13, 5.42e-11
2020-12-27, 16:59:24, 9.41e-13, 5.43e-11
2020-12-27, 16:59:28, 9.24e-13, 5.41e-11
2020-12-27, 16:59:32, 9.43e-13, 5.42e-11
2020-12-27, 16:59:37, 9.17e-13, 5.41e-11
2020-12-27, 16:59:41, 9.28e-13, 5.4e-11
2020-12-27, 16:59:45, 9.16e-13, 5.4e-11
2020-12-27, 16:59:49, 9.48e-13, 5.4e-11
2020-12-27, 16:59:54, 1.01e-12, 5.38e-11
2020-12-27, 16:59:58, 7.96e-13, 5.37e-11
2020-12-27, 17:00:02, 9.26e-13, 5.39e-11
2020-12-27, 17:00:06, 9.23e-13, 5.38e-11
2020-12-27, 17:00:10, 9.37e-13, 5.4e-11
2020-12-27, 17:00:15, 9.58e-13, 5.41e-11
2020-12-27, 17:00:19, 9.45e-13, 5.39e-11
2020-12-27, 17:00:23, 9.77e-13, 5.38e-11
2020-12-27, 17:00:27, 9.32e-13, 5.38e-11
2020-12-27, 17:00:32, 8.84e-13, 5.39e-11
2020-12-27, 17:00:36, 9.89e-13, 5.39e-11
2020-12-27, 17:00:40, 9.71e-13, 5.42e-11
2020-12-27, 17:00:44, 9.49e-13, 5.45e-11
2020-12-27, 17:00:48, 9.87e-13, 5.43e-11
2020-12-27, 17:00:53, 9.52e-13, 5.44e-11
2020-12-27, 17:00:57, 9.17e-13, 5.45e-11
2020-12-27, 17:01:01, 9.18e-13, 5.44e-11
2020-12-27, 17:01:05, 9.95e-13, 5.45e-11
2020-12-27, 17:01:10, 9.29e-13, 5.42e-11
2020-12-27, 17:01:14, 8.96e-13, 5.41e-11
2020-12-27, 17:01:18, 9.09e-13, 5.42e-11
2020-12-27, 17:01:22, 9.13e-13, 5.42e-11
2020-12-27, 17:01:26, 9.49e-13, 5.4e-11
2020-12-27, 17:01:31, 8.7e-13, 5.41e-11
2020-12-27, 17:01:35, 9.8e-13, 5.4e-11
2020-12-27, 17:01:39, 9.38e-13, 5.42e-11
2020-12-27, 17:01:43, 8.97e-13, 5.41e-11
2020-12-27, 17:01:48, 9.47e-13, 5.39e-11
2020-12-27, 17:01:52, 8.26e-13, 5.42e-11
2020-12-27, 17:01:56, 9.75e-13, 5.41e-11
2020-12-27, 17:02:00, 9.44e-13, 5.42e-11
2020-12-27, 17:02:04, 8.79e-13, 5.47e-11
2020-12-27, 17:02:09, 9.07e-13, 5.4e-11
2020-12-27, 17:02:13, 9.5e-13, 5.4e-11
2020-12-27, 17:02:17, 9.37e-13, 5.42e-11
2020-12-27, 17:02:21, 9.16e-13, 5.43e-11
2020-12-27, 17:02:26, 9.49e-13, 5.39e-11
2020-12-27, 17:02:30, 9.15e-13, 5.43e-11
2020-12-27, 17:02:34, 9.06e-13, 5.42e-11
2020-12-27, 17:02:38, 9.24e-13, 5.41e-11
2020-12-27, 17:02:42, 9.25e-13, 5.42e-11
2020-12-27, 17:02:47, 9e-13, 5.41e-11
2020-12-27, 17:02:51, 9.11e-13, 5.39e-11
2020-12-27, 17:02:55, 9.11e-13, 5.41e-11
2020-12-27, 17:02:59, 9.04e-13, 5.38e-11
2020-12-27, 17:03:04, 9.2e-13, 5.4e-11
2020-12-27, 17:03:08, 9.71e-13, 5.41e-11
2020-12-27, 17:03:12, 9.79e-13, 5.39e-11
2020-12-27, 17:03:16, 9.05e-13, 5.41e-11
2020-12-27, 17:03:20, 8.81e-13, 5.43e-11
2020-12-27, 17:03:25, 8.93e-13, 5.39e-11
2020-12-27, 17:03:29, 9.76e-13, 5.4e-11
2020-12-27, 17:03:33, 9.97e-13, 5.38e-11
2020-12-27, 17:03:37, 9.36e-13, 5.4e-11
2020-12-27, 17:03:41, 9.18e-13, 5.42e-11
2020-12-27, 17:03:46, 9.49e-13, 5.39e-11
2020-12-27, 17:03:50, 9e-13, 5.38e-11
2020-12-27, 17:03:54, 9.28e-13, 5.42e-11
2020-12-27, 17:03:58, 9.41e-13, 5.43e-11
2020-12-27, 17:04:03, 9.25e-13, 5.43e-11
2020-12-27, 17:04:07, 9.1e-13, 5.45e-11
2020-12-27, 17:04:11, 9.55e-13, 5.42e-11
2020-12-27, 17:04:15, 1.05e-12, 5.43e-11
2020-12-27, 17:04:19, 9.98e-13, 5.41e-11
2020-12-27, 17:04:24, 9.18e-13, 5.38e-11
2020-12-27, 17:04:28, 8.91e-13, 5.39e-11
2020-12-27, 17:04:32, 8.72e-13, 5.43e-11
2020-12-27, 17:04:36, 9.43e-13, 5.37e-11
2020-12-27, 17:04:41, 8.84e-13, 5.39e-11
2020-12-27, 17:04:45, 9.62e-13, 5.37e-11
2020-12-27, 17:04:49, 9.24e-13, 5.39e-11
2020-12-27, 17:04:53, 8.84e-13, 5.37e-11
2020-12-27, 17:04:57, 9.37e-13, 5.39e-11
2020-12-27, 17:05:02, 9.63e-13, 5.43e-11
2020-12-27, 17:05:06, 9.7e-13, 5.4e-11
2020-12-27, 17:05:10, 9.74e-13, 5.43e-11
2020-12-27, 17:05:14, 9.57e-13, 5.41e-11
2020-12-27, 17:05:19, 8.78e-13, 5.42e-11
2020-12-27, 17:05:23, 9.67e-13, 5.42e-11
2020-12-27, 17:05:27, 1.05e-12, 5.39e-11
2020-12-27, 17:05:31, 1.02e-12, 5.41e-11
2020-12-27, 17:05:35, 9.23e-13, 5.45e-11
2020-12-27, 17:05:40, 8.63e-13, 5.41e-11
2020-12-27, 17:05:44, 9.1e-13, 5.41e-11
2020-12-27, 17:05:48, 8.97e-13, 5.44e-11
2020-12-27, 17:05:52, 9.36e-13, 5.44e-11
2020-12-27, 17:05:57, 9.85e-13, 5.42e-11
2020-12-27, 17:06:01, 9.21e-13, 5.45e-11
2020-12-27, 17:06:05, 9e-13, 5.44e-11
2020-12-27, 17:06:09, 7.66e-13, 5.41e-11
2020-12-27, 17:06:13, 9.54e-13, 5.41e-11
2020-12-27, 17:06:18, 9.84e-13, 5.44e-11
2020-12-27, 17:06:22, 9.41e-13, 5.43e-11
2020-12-27, 17:06:26, 9.56e-13, 5.38e-11
2020-12-27, 17:06:30, 8.74e-13, 5.38e-11
2020-12-27, 17:06:35, 9.44e-13, 5.4e-11
2020-12-27, 17:06:39, 1.05e-12, 5.41e-11
2020-12-27, 17:06:43, 9.29e-13, 5.4e-11
2020-12-27, 17:06:47, 9.34e-13, 5.42e-11
2020-12-27, 17:06:51, 9.06e-13, 5.44e-11
2020-12-27, 17:06:56, 8.63e-13, 5.4e-11
2020-12-27, 17:07:00, 9.98e-13, 5.41e-11
2020-12-27, 17:07:04, 9.79e-13, 5.39e-11
2020-12-27, 17:07:08, 8.21e-13, 5.4e-11
2020-12-27, 17:07:13, 9.03e-13, 5.39e-11
2020-12-27, 17:07:17, 9.32e-13, 5.43e-11
2020-12-27, 17:07:21, 8.98e-13, 5.42e-11
2020-12-27, 17:07:25, 9.53e-13, 5.39e-11
2020-12-27, 17:07:29, 9.44e-13, 5.42e-11
2020-12-27, 17:07:34, 9.4e-13, 5.42e-11
2020-12-27, 17:07:38, 9.03e-13, 5.42e-11
2020-12-27, 17:07:42, 8.2e-13, 5.36e-11
2020-12-27, 17:07:46, 8.34e-13, 5.38e-11
2020-12-27, 17:07:51, 9.44e-13, 5.41e-11
2020-12-27, 17:07:55, 9.62e-13, 5.4e-11
2020-12-27, 17:07:59, 9.82e-13, 5.43e-11
2020-12-27, 17:08:03, 9.35e-13, 5.4e-11
2020-12-27, 17:08:07, 8.75e-13, 5.43e-11
2020-12-27, 17:08:12, 9.31e-13, 5.42e-11
2020-12-27, 17:08:16, 8.83e-13, 5.39e-11
2020-12-27, 17:08:20, 9.59e-13, 5.41e-11
2020-12-27, 17:08:24, 9.26e-13, 5.38e-11
2020-12-27, 17:08:29, 9.69e-13, 5.38e-11
2020-12-27, 17:08:33, 9.14e-13, 5.45e-11
2020-12-27, 17:08:37, 8.95e-13, 5.38e-11
2020-12-27, 17:08:41, 9.04e-13, 5.41e-11
2020-12-27, 17:08:45, 9.1e-13, 5.41e-11
2020-12-27, 17:08:50, 9.14e-13, 5.42e-11
2020-12-27, 17:08:54, 9.33e-13, 5.44e-11
2020-12-27, 17:08:58, 9.19e-13, 5.41e-11
2020-12-27, 17:09:02, 9.85e-13, 5.41e-11
2020-12-27, 17:09:07, 9.16e-13, 5.4e-11
2020-12-27, 17:09:11, 9.22e-13, 5.41e-11
2020-12-27, 17:09:15, 7.88e-13, 5.41e-11
2020-12-27, 17:09:19, 1.08e-12, 5.4e-11
2020-12-27, 17:09:23, 9.11e-13, 5.39e-11
2020-12-27, 17:09:28, 8.78e-13, 5.42e-11
2020-12-27, 17:09:32, 9.09e-13, 5.44e-11
2020-12-27, 17:09:36, 9.71e-13, 5.4e-11
2020-12-27, 17:09:40, 9.46e-13, 5.4e-11
2020-12-27, 17:09:45, 8.47e-13, 5.44e-11
2020-12-27, 17:09:49, 8.93e-13, 5.41e-11
2020-12-27, 17:09:53, 8.72e-13, 5.45e-11
2020-12-27, 17:09:57, 9.42e-13, 5.44e-11
2020-12-27, 17:10:01, 9.34e-13, 5.45e-11
2020-12-27, 17:10:06, 9.88e-13, 5.45e-11
2020-12-27, 17:10:10, 8.89e-13, 5.46e-11
2020-12-27, 17:10:14, 7.95e-13, 5.47e-11
2020-12-27, 17:10:18, 9.8e-13, 5.44e-11
2020-12-27, 17:10:23, 8.68e-13, 5.44e-11
2020-12-27, 17:10:27, 9.39e-13, 5.43e-11
2020-12-27, 17:10:31, 9.16e-13, 5.41e-11
2020-12-27, 17:10:35, 9.44e-13, 5.39e-11
2020-12-27, 17:10:39, 9.04e-13, 5.39e-11
2020-12-27, 17:10:44, 8.82e-13, 5.43e-11
2020-12-27, 17:10:48, 8.93e-13, 5.44e-11
2020-12-27, 17:10:52, 9.36e-13, 5.44e-11
2020-12-27, 17:10:56, 9.21e-13, 5.46e-11
2020-12-27, 17:11:00, 1.11e-12, 5.42e-11
2020-12-27, 17:11:05, 9.92e-13, 5.43e-11
2020-12-27, 17:11:09, 8.94e-13, 5.44e-11
2020-12-27, 17:11:13, 9.03e-13, 5.49e-11
2020-12-27, 17:11:17, 9.74e-13, 5.44e-11
2020-12-27, 17:11:22, 7.77e-13, 5.43e-11
2020-12-27, 17:11:26, 9.73e-13, 5.44e-11
2020-12-27, 17:11:30, 9.35e-13, 5.45e-11
2020-12-27, 17:11:34, 9.11e-13, 5.41e-11
2020-12-27, 17:11:38, 9.77e-13, 5.43e-11
2020-12-27, 17:11:43, 9.11e-13, 5.42e-11
2020-12-27, 17:11:47, 9.16e-13, 5.45e-11
2020-12-27, 17:11:51, 9.31e-13, 5.4e-11
2020-12-27, 17:11:55, 8.78e-13, 5.42e-11
2020-12-27, 17:12:00, 9.32e-13, 5.41e-11
2020-12-27, 17:12:04, 9.5e-13, 5.41e-11
2020-12-27, 17:12:08, 8.55e-13, 5.4e-11
2020-12-27, 17:12:12, 9.58e-13, 5.4e-11
2020-12-27, 17:12:16, 9.44e-13, 5.4e-11
2020-12-27, 17:12:21, 9.25e-13, 5.4e-11
2020-12-27, 17:12:25, 9.29e-13, 5.43e-11
2020-12-27, 17:12:29, 9e-13, 5.41e-11
2020-12-27, 17:12:33, 1.05e-12, 5.42e-11
2020-12-27, 17:12:38, 9.25e-13, 5.42e-11
2020-12-27, 17:12:42, 9.44e-13, 5.43e-11
2020-12-27, 17:12:46, 9.29e-13, 5.42e-11
2020-12-27, 17:12:50, 9.16e-13, 5.44e-11
2020-12-27, 17:12:54, 9.5e-13, 5.42e-11
2020-12-27, 17:12:59, 9.33e-13, 5.44e-11
2020-12-27, 17:13:03, 8.83e-13, 5.43e-11
2020-12-27, 17:13:07, 9.03e-13, 5.44e-11
2020-12-27, 17:13:11, 8.44e-13, 5.41e-11
2020-12-27, 17:13:16, 9.38e-13, 5.41e-11
2020-12-27, 17:13:20, 9e-13, 5.43e-11
2020-12-27, 17:13:24, 8.93e-13, 5.4e-11
2020-12-27, 17:13:28, 8.76e-13, 5.45e-11
2020-12-27, 17:13:32, 9.03e-13, 5.41e-11
2020-12-27, 17:13:37, 9.36e-13, 5.39e-11
2020-12-27, 17:13:41, 8.99e-13, 5.41e-11
2020-12-27, 17:13:45, 1.05e-12, 5.42e-11
2020-12-27, 17:13:49, 8.39e-13, 5.44e-11
2020-12-27, 17:13:54, 8.2e-13, 5.41e-11
2020-12-27, 17:13:58, 9.54e-13, 5.44e-11
2020-12-27, 17:14:02, 9.1e-13, 5.43e-11
2020-12-27, 17:14:06, 9.41e-13, 5.42e-11
2020-12-27, 17:14:10, 1.01e-12, 5.41e-11
2020-12-27, 17:14:15, 9.61e-13, 5.41e-11
2020-12-27, 17:14:19, 8.89e-13, 5.43e-11
2020-12-27, 17:14:23, 9.92e-13, 5.43e-11
2020-12-27, 17:14:27, 9.12e-13, 5.41e-11
2020-12-27, 17:14:32, 8.94e-13, 5.46e-11
2020-12-27, 17:14:36, 9.76e-13, 5.39e-11
2020-12-27, 17:14:40, 9.03e-13, 5.44e-11
2020-12-27, 17:14:44, 9.28e-13, 5.42e-11
2020-12-27, 17:14:48, 9.17e-13, 5.42e-11
2020-12-27, 17:14:53, 9.62e-13, 5.39e-11
2020-12-27, 17:14:57, 8.89e-13, 5.43e-11
2020-12-27, 17:15:01, 9.5e-13, 5.44e-11
2020-12-27, 17:15:05, 1.02e-12, 5.39e-11
2020-12-27, 17:15:09, 9.35e-13, 5.4e-11
2020-12-27, 17:15:14, 9.47e-13, 5.4e-11
2020-12-27, 17:15:18, 9.23e-13, 5.4e-11
2020-12-27, 17:15:22, 9.12e-13, 5.4e-11
2020-12-27, 17:15:26, 8.69e-13, 5.41e-11
2020-12-27, 17:15:31, 8.81e-13, 5.41e-11
2020-12-27, 17:15:35, 9.16e-13, 5.41e-11
2020-12-27, 17:15:39, 8.95e-13, 5.4e-11
2020-12-27, 17:15:43, 9.02e-13, 5.4e-11
2020-12-27, 17:15:47, 1.01e-12, 5.41e-11
2020-12-27, 17:15:52, 8.08e-13, 5.42e-11
2020-12-27, 17:15:56, 9.33e-13, 5.38e-11
2020-12-27, 17:16:00, 9.09e-13, 5.38e-11
2020-12-27, 17:16:04, 8.52e-13, 5.4e-11
2020-12-27, 17:16:09, 9.35e-13, 5.4e-11
2020-12-27, 17:16:13, 9.44e-13, 5.39e-11
2020-12-27, 17:16:17, 1.07e-12, 5.4e-11
2020-12-27, 17:16:21, 9.53e-13, 5.43e-11
2020-12-27, 17:16:25, 9.55e-13, 5.45e-11
2020-12-27, 17:16:30, 8.62e-13, 5.44e-11
2020-12-27, 17:16:34, 9.31e-13, 5.42e-11
2020-12-27, 17:16:38, 9.16e-13, 5.44e-11
2020-12-27, 17:16:42, 9.79e-13, 5.43e-11
2020-12-27, 17:16:47, 9.37e-13, 5.39e-11
2020-12-27, 17:16:51, 9.07e-13, 5.39e-11
2020-12-27, 17:16:55, 9.35e-13, 5.4e-11
2020-12-27, 17:16:59, 8.95e-13, 5.4e-11
2020-12-27, 17:17:03, 9.09e-13, 5.42e-11
2020-12-27, 17:17:08, 9.58e-13, 5.41e-11
2020-12-27, 17:17:12, 1e-12, 5.4e-11
2020-12-27, 17:17:16, 9.58e-13, 5.42e-11
2020-12-27, 17:17:20, 9.29e-13, 5.41e-11
2020-12-27, 17:17:25, 9.86e-13, 5.42e-11
2020-12-27, 17:17:29, 9.89e-13, 5.41e-11
2020-12-27, 17:17:33, 8.86e-13, 5.42e-11
2020-12-27, 17:17:37, 1.07e-12, 5.42e-11
2020-12-27, 17:17:41, 9.72e-13, 5.43e-11
2020-12-27, 17:17:46, 8.41e-13, 5.43e-11
2020-12-27, 17:17:50, 8.92e-13, 5.39e-11
2020-12-27, 17:17:54, 9.2e-13, 5.41e-11
2020-12-27, 17:17:58, 1.01e-12, 5.4e-11
2020-12-27, 17:18:03, 9.64e-13, 5.39e-11
2020-12-27, 17:18:07, 9.33e-13, 5.43e-11
2020-12-27, 17:18:11, 1e-12, 5.38e-11
2020-12-27, 17:18:15, 8.58e-13, 5.39e-11
2020-12-27, 17:18:19, 8.79e-13, 5.41e-11
2020-12-27, 17:18:24, 9.92e-13, 5.42e-11
2020-12-27, 17:18:28, 9.12e-13, 5.38e-11
2020-12-27, 17:18:32, 9.29e-13, 5.42e-11
2020-12-27, 17:18:36, 8.2e-13, 5.38e-11
2020-12-27, 17:18:41, 9.19e-13, 5.38e-11
2020-12-27, 17:18:45, 9.42e-13, 5.39e-11
2020-12-27, 17:18:49, 9.62e-13, 5.4e-11
2020-12-27, 17:18:53, 8.44e-13, 5.42e-11
2020-12-27, 17:18:57, 9.05e-13, 5.4e-11
2020-12-27, 17:19:02, 9.53e-13, 5.42e-11
2020-12-27, 17:19:06, 9.35e-13, 5.37e-11
2020-12-27, 17:19:10, 8.9e-13, 5.38e-11
2020-12-27, 17:19:14, 9.35e-13, 5.4e-11
2020-12-27, 17:19:19, 7.95e-13, 5.39e-11
2020-12-27, 17:19:23, 9.55e-13, 5.38e-11
2020-12-27, 17:19:27, 9.48e-13, 5.37e-11
2020-12-27, 17:19:31, 1.06e-12, 5.37e-11
2020-12-27, 17:19:35, 8.96e-13, 5.38e-11
2020-12-27, 17:19:40, 1.02e-12, 5.4e-11
2020-12-27, 17:19:44, 9.34e-13, 5.39e-11
2020-12-27, 17:19:48, 1.02e-12, 5.39e-11
2020-12-27, 17:19:52, 8.68e-13, 5.39e-11
2020-12-27, 17:19:56, 8.68e-13, 5.38e-11
2020-12-27, 17:20:01, 9.63e-13, 5.41e-11
2020-12-27, 17:20:05, 8.86e-13, 5.41e-11
2020-12-27, 17:20:09, 1.03e-12, 5.42e-11
2020-12-27, 17:20:13, 9.37e-13, 5.38e-11
2020-12-27, 17:20:18, 9e-13, 5.37e-11
2020-12-27, 17:20:22, 9.11e-13, 5.42e-11
2020-12-27, 17:20:26, 8.57e-13, 5.4e-11
2020-12-27, 17:20:30, 9.71e-13, 5.43e-11
2020-12-27, 17:20:34, 8.91e-13, 5.39e-11
2020-12-27, 17:20:39, 9.14e-13, 5.38e-11
2020-12-27, 17:20:43, 9.13e-13, 5.42e-11
2020-12-27, 17:20:47, 9.78e-13, 5.4e-11
2020-12-27, 17:20:51, 1.02e-12, 5.38e-11
2020-12-27, 17:20:56, 9.35e-13, 5.4e-11
2020-12-27, 17:21:00, 9.27e-13, 5.39e-11
2020-12-27, 17:21:04, 9.6e-13, 5.42e-11
2020-12-27, 17:21:08, 9.57e-13, 5.43e-11
2020-12-27, 17:21:12, 9.26e-13, 5.41e-11
2020-12-27, 17:21:17, 1.01e-12, 5.4e-11
2020-12-27, 17:21:21, 8.99e-13, 5.4e-11
2020-12-27, 17:21:25, 9.75e-13, 5.4e-11
2020-12-27, 17:21:29, 9e-13, 5.41e-11
2020-12-27, 17:21:34, 9.02e-13, 5.39e-11
2020-12-27, 17:21:38, 9.41e-13, 5.38e-11
2020-12-27, 17:21:42, 8.95e-13, 5.4e-11
2020-12-27, 17:21:46, 9.91e-13, 5.4e-11
2020-12-27, 17:21:50, 9.83e-13, 5.41e-11
2020-12-27, 17:21:55, 8.9e-13, 5.4e-11
2020-12-27, 17:21:59, 9.82e-13, 5.42e-11
2020-12-27, 17:22:03, 8.89e-13, 5.39e-11
2020-12-27, 17:22:07, 9.47e-13, 5.43e-11
2020-12-27, 17:22:12, 9.63e-13, 5.42e-11
2020-12-27, 17:22:16, 9.23e-13, 5.4e-11
2020-12-27, 17:22:20, 9.22e-13, 5.43e-11
2020-12-27, 17:22:24, 9.58e-13, 5.41e-11
2020-12-27, 17:22:28, 9.26e-13, 5.4e-11
2020-12-27, 17:22:33, 8.9e-13, 5.4e-11
2020-12-27, 17:22:37, 1e-12, 5.4e-11
2020-12-27, 17:22:41, 8.17e-13, 5.39e-11
2020-12-27, 17:22:45, 9.3e-13, 5.41e-11
2020-12-27, 17:22:50, 9.16e-13, 5.43e-11
2020-12-27, 17:22:54, 9.38e-13, 5.39e-11
2020-12-27, 17:22:58, 9.21e-13, 5.38e-11
2020-12-27, 17:23:02, 9.41e-13, 5.42e-11
2020-12-27, 17:23:06, 8.67e-13, 5.4e-11
2020-12-27, 17:23:11, 9.51e-13, 5.39e-11
2020-12-27, 17:23:15, 9.39e-13, 5.39e-11
2020-12-27, 17:23:19, 9.57e-13, 5.4e-11
2020-12-27, 17:23:23, 8.75e-13, 5.4e-11
2020-12-27, 17:23:28, 9.33e-13, 5.39e-11
2020-12-27, 17:23:32, 8.07e-13, 5.4e-11
2020-12-27, 17:23:36, 9.44e-13, 5.42e-11
2020-12-27, 17:23:40, 9.79e-13, 5.4e-11
2020-12-27, 17:23:44, 9.92e-13, 5.4e-11
2020-12-27, 17:23:49, 1.02e-12, 5.41e-11
2020-12-27, 17:23:53, 9.12e-13, 5.4e-11
2020-12-27, 17:23:57, 9.23e-13, 5.41e-11
2020-12-27, 17:24:01, 8.87e-13, 5.44e-11
2020-12-27, 17:24:05, 9.24e-13, 5.4e-11
2020-12-27, 17:24:10, 9.64e-13, 5.41e-11
2020-12-27, 17:24:14, 9.66e-13, 5.4e-11
2020-12-27, 17:24:18, 9.45e-13, 5.39e-11
2020-12-27, 17:24:22, 8.7e-13, 5.41e-11
2020-12-27, 17:24:27, 9.32e-13, 5.42e-11
2020-12-27, 17:24:31, 9.03e-13, 5.39e-11
2020-12-27, 17:24:35, 9.18e-13, 5.41e-11
2020-12-27, 17:24:39, 9.27e-13, 5.42e-11
2020-12-27, 17:24:43, 9.41e-13, 5.39e-11
2020-12-27, 17:24:48, 9.73e-13, 5.38e-11
2020-12-27, 17:24:52, 9.57e-13, 5.41e-11
2020-12-27, 17:24:56, 9.45e-13, 5.38e-11
2020-12-27, 17:25:00, 9.18e-13, 5.39e-11
2020-12-27, 17:25:05, 8.88e-13, 5.41e-11
2020-12-27, 17:25:09, 8.89e-13, 5.39e-11
2020-12-27, 17:25:13, 8.96e-13, 5.4e-11
2020-12-27, 17:25:17, 9.61e-13, 5.41e-11
2020-12-27, 17:25:21, 9.72e-13, 5.4e-11
2020-12-27, 17:25:26, 8.83e-13, 5.4e-11
2020-12-27, 17:25:30, 8.89e-13, 5.41e-11
2020-12-27, 17:25:34, 9.78e-13, 5.39e-11
2020-12-27, 17:25:38, 9.13e-13, 5.4e-11
2020-12-27, 17:25:43, 9.33e-13, 5.38e-11
2020-12-27, 17:25:47, 9.95e-13, 5.38e-11
2020-12-27, 17:25:51, 9.25e-13, 5.37e-11
2020-12-27, 17:25:55, 9.15e-13, 5.39e-11
2020-12-27, 17:25:59, 9.3e-13, 5.39e-11
2020-12-27, 17:26:04, 9.3e-13, 5.37e-11
2020-12-27, 17:26:08, 9.37e-13, 5.39e-11
2020-12-27, 17:26:12, 9.21e-13, 5.4e-11
2020-12-27, 17:26:16, 9.42e-13, 5.39e-11
2020-12-27, 17:26:21, 9.92e-13, 5.41e-11
2020-12-27, 17:26:25, 9.05e-13, 5.42e-11
2020-12-27, 17:26:29, 9.36e-13, 5.43e-11
2020-12-27, 17:26:33, 9.02e-13, 5.37e-11
2020-12-27, 17:26:37, 9.49e-13, 5.4e-11
2020-12-27, 17:26:42, 9.93e-13, 5.39e-11
2020-12-27, 17:26:46, 8.63e-13, 5.42e-11
2020-12-27, 17:26:50, 7.97e-13, 5.39e-11
2020-12-27, 17:26:54, 9.8e-13, 5.4e-11
2020-12-27, 17:26:59, 8.97e-13, 5.4e-11
2020-12-27, 17:27:03, 8.98e-13, 5.38e-11
2020-12-27, 17:27:07, 9.55e-13, 5.4e-11
2020-12-27, 17:27:11, 9.48e-13, 5.38e-11
2020-12-27, 17:27:15, 9.79e-13, 5.39e-11
2020-12-27, 17:27:20, 1.02e-12, 5.39e-11
2020-12-27, 17:27:24, 9.65e-13, 5.4e-11
2020-12-27, 17:27:28, 9.29e-13, 5.38e-11
2020-12-27, 17:27:32, 9.91e-13, 5.41e-11
2020-12-27, 17:27:36, 8.16e-13, 5.39e-11
2020-12-27, 17:27:41, 9.06e-13, 5.4e-11
2020-12-27, 17:27:45, 9.22e-13, 5.38e-11
2020-12-27, 17:27:49, 1.09e-12, 5.4e-11
2020-12-27, 17:27:53, 9.13e-13, 5.39e-11
2020-12-27, 17:27:58, 9.04e-13, 5.41e-11
2020-12-27, 17:28:02, 9.49e-13, 5.4e-11
2020-12-27, 17:28:06, 9.26e-13, 5.42e-11
2020-12-27, 17:28:10, 9.78e-13, 5.41e-11
2020-12-27, 17:28:14, 9.56e-13, 5.41e-11
2020-12-27, 17:28:19, 8.95e-13, 5.4e-11
2020-12-27, 17:28:23, 9.68e-13, 5.4e-11
2020-12-27, 17:28:27, 9.57e-13, 5.43e-11
2020-12-27, 17:28:31, 8.95e-13, 5.4e-11
2020-12-27, 17:28:36, 8.82e-13, 5.4e-11
2020-12-27, 17:28:40, 9.71e-13, 5.41e-11
2020-12-27, 17:28:44, 8.52e-13, 5.42e-11
2020-12-27, 17:28:48, 9.42e-13, 5.4e-11
2020-12-27, 17:28:52, 9.55e-13, 5.42e-11
2020-12-27, 17:28:57, 9.53e-13, 5.42e-11
2020-12-27, 17:29:01, 1.04e-12, 5.42e-11
2020-12-27, 17:29:05, 9.46e-13, 5.42e-11
2020-12-27, 17:29:09, 9.24e-13, 5.41e-11
2020-12-27, 17:29:14, 9e-13, 5.46e-11
2020-12-27, 17:29:18, 9.37e-13, 5.38e-11
2020-12-27, 17:29:22, 9.24e-13, 5.41e-11
2020-12-27, 17:29:26, 9.79e-13, 5.4e-11
2020-12-27, 17:29:30, 8.72e-13, 5.39e-11
2020-12-27, 17:29:35, 9.23e-13, 5.42e-11
2020-12-27, 17:29:39, 9.27e-13, 5.4e-11
2020-12-27, 17:29:43, 8.51e-13, 5.4e-11
2020-12-27, 17:29:47, 9.42e-13, 5.42e-11
2020-12-27, 17:29:52, 9.53e-13, 5.4e-11
2020-12-27, 17:29:56, 9.3e-13, 5.41e-11
2020-12-27, 17:30:00, 9.7e-13, 5.44e-11
2020-12-27, 17:30:04, 8.91e-13, 5.45e-11
2020-12-27, 17:30:08, 8.98e-13, 5.41e-11
2020-12-27, 17:30:13, 9.19e-13, 5.41e-11
2020-12-27, 17:30:17, 9.84e-13, 5.42e-11
2020-12-27, 17:30:21, 9.43e-13, 5.43e-11
2020-12-27, 17:30:25, 8.95e-13, 5.45e-11
2020-12-27, 17:30:30, 9.58e-13, 5.44e-11
2020-12-27, 17:30:34, 8.99e-13, 5.43e-11
2020-12-27, 17:30:38, 9.65e-13, 5.42e-11
2020-12-27, 17:30:42, 8.72e-13, 5.43e-11
2020-12-27, 17:30:46, 9.32e-13, 5.41e-11
2020-12-27, 17:30:51, 8.72e-13, 5.41e-11
2020-12-27, 17:30:55, 9.51e-13, 5.42e-11
2020-12-27, 17:30:59, 9.06e-13, 5.4e-11
2020-12-27, 17:31:03, 8.49e-13, 5.43e-11
2020-12-27, 17:31:08, 8.91e-13, 5.42e-11
2020-12-27, 17:31:12, 9.59e-13, 5.41e-11
2020-12-27, 17:31:16, 8.21e-13, 5.42e-11
2020-12-27, 17:31:20, 9.1e-13, 5.41e-11
2020-12-27, 17:31:24, 9.04e-13, 5.42e-11
2020-12-27, 17:31:29, 8.96e-13, 5.42e-11
2020-12-27, 17:31:33, 9.38e-13, 5.43e-11
2020-12-27, 17:31:37, 9.05e-13, 5.41e-11
2020-12-27, 17:31:41, 9.03e-13, 5.43e-11
2020-12-27, 17:31:45, 9.17e-13, 5.44e-11
2020-12-27, 17:31:50, 9.48e-13, 5.44e-11
2020-12-27, 17:31:54, 9.53e-13, 5.42e-11
2020-12-27, 17:31:58, 8.9e-13, 5.43e-11
2020-12-27, 17:32:02, 9.09e-13, 5.45e-11
2020-12-27, 17:32:07, 9.34e-13, 5.45e-11
2020-12-27, 17:32:11, 9.58e-13, 5.41e-11
2020-12-27, 17:32:15, 8.18e-13, 5.42e-11
2020-12-27, 17:32:19, 9.48e-13, 5.42e-11
2020-12-27, 17:32:23, 7.86e-13, 5.41e-11
2020-12-27, 17:32:28, 9.52e-13, 5.41e-11
2020-12-27, 17:32:32, 9.22e-13, 5.4e-11
2020-12-27, 17:32:36, 9.37e-13, 5.41e-11
2020-12-27, 17:32:40, 9.75e-13, 5.42e-11
2020-12-27, 17:32:45, 8.9e-13, 5.43e-11
2020-12-27, 17:32:49, 8.77e-13, 5.43e-11
2020-12-27, 17:32:53, 9.97e-13, 5.45e-11
2020-12-27, 17:32:57, 9.08e-13, 5.42e-11
2020-12-27, 17:33:01, 9.29e-13, 5.43e-11
2020-12-27, 17:33:06, 9.15e-13, 5.42e-11
2020-12-27, 17:33:10, 9.3e-13, 5.47e-11
2020-12-27, 17:33:14, 9.59e-13, 5.42e-11
2020-12-27, 17:33:18, 9.34e-13, 5.43e-11
2020-12-27, 17:33:23, 9.59e-13, 5.45e-11
2020-12-27, 17:33:27, 9.54e-13, 5.42e-11
2020-12-27, 17:33:31, 9.9e-13, 5.44e-11
2020-12-27, 17:33:35, 9.16e-13, 5.42e-11
2020-12-27, 17:33:39, 1.05e-12, 5.44e-11
2020-12-27, 17:33:44, 9.36e-13, 5.43e-11
2020-12-27, 17:33:48, 9.69e-13, 5.43e-11
2020-12-27, 17:33:52, 9.77e-13, 5.44e-11
2020-12-27, 17:33:56, 9.39e-13, 5.46e-11
2020-12-27, 17:34:01, 9.71e-13, 5.43e-11
2020-12-27, 17:34:05, 9.77e-13, 5.42e-11
2020-12-27, 17:34:09, 9.4e-13, 5.44e-11
2020-12-27, 17:34:13, 9.69e-13, 5.45e-11
2020-12-27, 17:34:17, 9.16e-13, 5.43e-11
2020-12-27, 17:34:22, 9.29e-13, 5.44e-11
2020-12-27, 17:34:26, 9.25e-13, 5.41e-11
2020-12-27, 17:34:30, 8.27e-13, 5.44e-11
2020-12-27, 17:34:34, 8.66e-13, 5.44e-11
2020-12-27, 17:34:39, 9.21e-13, 5.43e-11
2020-12-27, 17:34:43, 9.57e-13, 5.42e-11
2020-12-27, 17:34:47, 9.3e-13, 5.44e-11
2020-12-27, 17:34:51, 8.05e-13, 5.45e-11
2020-12-27, 17:34:55, 8.75e-13, 5.42e-11
2020-12-27, 17:35:00, 8.88e-13, 5.43e-11
2020-12-27, 17:35:04, 9.68e-13, 5.44e-11
2020-12-27, 17:35:08, 9.38e-13, 5.42e-11
2020-12-27, 17:35:12, 8.9e-13, 5.43e-11
2020-12-27, 17:35:17, 9.82e-13, 5.43e-11
2020-12-27, 17:35:21, 9.87e-13, 5.44e-11
2020-12-27, 17:35:25, 8.95e-13, 5.41e-11
2020-12-27, 17:35:29, 9.44e-13, 5.46e-11
2020-12-27, 17:35:33, 1.02e-12, 5.45e-11
2020-12-27, 17:35:38, 9.5e-13, 5.45e-11
2020-12-27, 17:35:42, 9.31e-13, 5.44e-11
2020-12-27, 17:35:46, 9.16e-13, 5.44e-11
2020-12-27, 17:35:50, 9.61e-13, 5.49e-11
2020-12-27, 17:35:55, 8.97e-13, 5.42e-11
2020-12-27, 17:35:59, 9.8e-13, 5.43e-11
2020-12-27, 17:36:03, 8.86e-13, 5.42e-11
2020-12-27, 17:36:07, 9.15e-13, 5.44e-11
2020-12-27, 17:36:11, 8.39e-13, 5.48e-11
2020-12-27, 17:36:16, 8.26e-13, 5.42e-11
2020-12-27, 17:36:20, 9.6e-13, 5.41e-11
2020-12-27, 17:36:24, 9.05e-13, 5.41e-11
2020-12-27, 17:36:28, 9.39e-13, 5.43e-11
2020-12-27, 17:36:32, 8.79e-13, 5.39e-11
2020-12-27, 17:36:37, 8.68e-13, 5.41e-11
2020-12-27, 17:36:41, 9.14e-13, 5.41e-11
2020-12-27, 17:36:45, 8.75e-13, 5.41e-11
2020-12-27, 17:36:49, 9.29e-13, 5.4e-11
2020-12-27, 17:36:54, 9.36e-13, 5.41e-11
2020-12-27, 17:36:58, 9.64e-13, 5.42e-11
2020-12-27, 17:37:02, 8.79e-13, 5.42e-11
2020-12-27, 17:37:06, 9.39e-13, 5.43e-11
2020-12-27, 17:37:10, 9.41e-13, 5.41e-11
2020-12-27, 17:37:15, 8.76e-13, 5.42e-11
2020-12-27, 17:37:19, 9.48e-13, 5.41e-11
2020-12-27, 17:37:23, 9.93e-13, 5.42e-11
2020-12-27, 17:37:27, 8.94e-13, 5.41e-11
2020-12-27, 17:37:32, 9.62e-13, 5.42e-11
2020-12-27, 17:37:36, 9.17e-13, 5.4e-11
2020-12-27, 17:37:40, 9.04e-13, 5.41e-11
2020-12-27, 17:37:44, 9.05e-13, 5.42e-11
2020-12-27, 17:37:48, 9.64e-13, 5.43e-11
2020-12-27, 17:37:53, 9.82e-13, 5.45e-11
2020-12-27, 17:37:57, 9.64e-13, 5.4e-11
2020-12-27, 17:38:01, 9.21e-13, 5.43e-11
2020-12-27, 17:38:05, 9.54e-13, 5.42e-11
2020-12-27, 17:38:10, 9.19e-13, 5.43e-11
2020-12-27, 17:38:14, 9.5e-13, 5.42e-11
2020-12-27, 17:38:18, 9.87e-13, 5.43e-11
2020-12-27, 17:38:22, 9.52e-13, 5.39e-11
2020-12-27, 17:38:26, 9.12e-13, 5.41e-11
2020-12-27, 17:38:31, 9.76e-13, 5.42e-11
2020-12-27, 17:38:35, 9.43e-13, 5.42e-11
2020-12-27, 17:38:39, 8.12e-13, 5.42e-11
2020-12-27, 17:38:43, 9.15e-13, 5.41e-11
2020-12-27, 17:38:48, 8.82e-13, 5.42e-11
2020-12-27, 17:38:52, 8.94e-13, 5.42e-11
2020-12-27, 17:38:56, 9.25e-13, 5.41e-11
2020-12-27, 17:39:00, 9.34e-13, 5.41e-11
2020-12-27, 17:39:04, 8.81e-13, 5.4e-11
2020-12-27, 17:39:09, 9.25e-13, 5.44e-11
2020-12-27, 17:39:13, 9.47e-13, 5.41e-11
2020-12-27, 17:39:17, 9.03e-13, 5.4e-11
2020-12-27, 17:39:21, 9.22e-13, 5.4e-11
2020-12-27, 17:39:26, 9.73e-13, 5.4e-11
2020-12-27, 17:39:30, 9.24e-13, 5.42e-11
2020-12-27, 17:39:34, 9.44e-13, 5.41e-11
2020-12-27, 17:39:38, 9.18e-13, 5.42e-11
2020-12-27, 17:39:42, 9.51e-13, 5.42e-11
2020-12-27, 17:39:47, 9.47e-13, 5.41e-11
2020-12-27, 17:39:51, 1.09e-12, 5.41e-11
2020-12-27, 17:39:55, 8.89e-13, 5.44e-11
2020-12-27, 17:39:59, 9.31e-13, 5.43e-11
2020-12-27, 17:40:04, 9.45e-13, 5.42e-11
2020-12-27, 17:40:08, 9.36e-13, 5.41e-11
2020-12-27, 17:40:12, 9.22e-13, 5.44e-11
2020-12-27, 17:40:16, 7.31e-13, 5.44e-11
2020-12-27, 17:40:20, 9.92e-13, 5.41e-11
2020-12-27, 17:40:25, 9.02e-13, 5.4e-11
2020-12-27, 17:40:29, 8.97e-13, 5.42e-11
2020-12-27, 17:40:33, 8.7e-13, 5.42e-11
2020-12-27, 17:40:37, 9.09e-13, 5.41e-11
2020-12-27, 17:40:41, 8.91e-13, 5.43e-11
2020-12-27, 17:40:46, 9.44e-13, 5.43e-11
2020-12-27, 17:40:50, 9.97e-13, 5.45e-11
2020-12-27, 17:40:54, 9.41e-13, 5.43e-11
2020-12-27, 17:40:58, 9.23e-13, 5.45e-11
2020-12-27, 17:41:03, 9.35e-13, 5.41e-11
2020-12-27, 17:41:07, 9.31e-13, 5.42e-11
2020-12-27, 17:41:11, 9.4e-13, 5.41e-11
2020-12-27, 17:41:15, 9.11e-13, 5.44e-11
2020-12-27, 17:41:19, 8.84e-13, 5.44e-11
2020-12-27, 17:41:24, 9.87e-13, 5.44e-11
2020-12-27, 17:41:28, 9.5e-13, 5.41e-11
2020-12-27, 17:41:32, 9.67e-13, 5.42e-11
2020-12-27, 17:41:36, 9.62e-13, 5.44e-11
2020-12-27, 17:41:41, 9.55e-13, 5.44e-11
2020-12-27, 17:41:45, 9.67e-13, 5.41e-11
2020-12-27, 17:41:49, 9.28e-13, 5.45e-11
2020-12-27, 17:41:53, 9.32e-13, 5.42e-11
2020-12-27, 17:41:57, 9.65e-13, 5.43e-11
2020-12-27, 17:42:02, 9.75e-13, 5.41e-11
2020-12-27, 17:42:06, 9.12e-13, 5.46e-11
2020-12-27, 17:42:10, 8.69e-13, 5.46e-11
2020-12-27, 17:42:14, 9.23e-13, 5.44e-11
2020-12-27, 17:42:19, 8.95e-13, 5.45e-11
2020-12-27, 17:42:23, 7.85e-13, 5.46e-11
2020-12-27, 17:42:27, 9.72e-13, 5.45e-11
2020-12-27, 17:42:31, 9.18e-13, 5.42e-11
2020-12-27, 17:42:35, 8.99e-13, 5.41e-11
2020-12-27, 17:42:40, 9.57e-13, 5.44e-11
2020-12-27, 17:42:44, 9.45e-13, 5.42e-11
2020-12-27, 17:42:48, 9.34e-13, 5.4e-11
2020-12-27, 17:42:52, 9.71e-13, 5.43e-11
2020-12-27, 17:42:57, 1.08e-12, 5.42e-11
2020-12-27, 17:43:01, 9.09e-13, 5.43e-11
2020-12-27, 17:43:05, 7.84e-13, 5.45e-11
2020-12-27, 17:43:09, 9.42e-13, 5.42e-11
2020-12-27, 17:43:13, 8.85e-13, 5.41e-11
2020-12-27, 17:43:18, 9.87e-13, 5.42e-11
2020-12-27, 17:43:22, 9.62e-13, 5.41e-11
2020-12-27, 17:43:26, 8.64e-13, 5.45e-11
2020-12-27, 17:43:30, 9.23e-13, 5.45e-11
2020-12-27, 17:43:35, 9.38e-13, 5.42e-11
2020-12-27, 17:43:39, 9.65e-13, 5.43e-11
2020-12-27, 17:43:43, 9.1e-13, 5.47e-11
2020-12-27, 17:43:47, 9.51e-13, 5.43e-11
2020-12-27, 17:43:51, 9.58e-13, 5.42e-11
2020-12-27, 17:43:56, 8.59e-13, 5.44e-11
2020-12-27, 17:44:00, 9.36e-13, 5.42e-11
2020-12-27, 17:44:04, 9.09e-13, 5.45e-11
2020-12-27, 17:44:08, 9.18e-13, 5.41e-11
2020-12-27, 17:44:13, 9.4e-13, 5.48e-11
2020-12-27, 17:44:17, 8.77e-13, 5.42e-11
2020-12-27, 17:44:21, 9.36e-13, 5.43e-11
2020-12-27, 17:44:25, 9.49e-13, 5.44e-11
2020-12-27, 17:44:29, 9.94e-13, 5.46e-11
2020-12-27, 17:44:34, 8.7e-13, 5.44e-11
2020-12-27, 17:44:38, 9.5e-13, 5.45e-11
2020-12-27, 17:44:42, 7.65e-13, 5.43e-11
2020-12-27, 17:44:46, 9.36e-13, 5.46e-11
2020-12-27, 17:44:50, 9.24e-13, 5.47e-11
2020-12-27, 17:44:55, 9.12e-13, 5.47e-11
2020-12-27, 17:44:59, 9.45e-13, 5.45e-11
2020-12-27, 17:45:03, 9.25e-13, 5.44e-11
2020-12-27, 17:45:07, 9.73e-13, 5.43e-11
2020-12-27, 17:45:12, 9.1e-13, 5.46e-11
2020-12-27, 17:45:16, 9.51e-13, 5.44e-11
2020-12-27, 17:45:20, 8.19e-13, 5.44e-11
2020-12-27, 17:45:24, 1.05e-12, 5.43e-11
2020-12-27, 17:45:28, 9.21e-13, 5.44e-11
2020-12-27, 17:45:33, 9.48e-13, 5.43e-11
2020-12-27, 17:45:37, 9.15e-13, 5.45e-11
2020-12-27, 17:45:41, 9.75e-13, 5.44e-11
2020-12-27, 17:45:45, 1.01e-12, 5.44e-11
2020-12-27, 17:45:50, 9.9e-13, 5.46e-11
2020-12-27, 17:45:54, 9.53e-13, 5.41e-11
2020-12-27, 17:45:58, 9.57e-13, 5.43e-11
2020-12-27, 17:46:02, 9.74e-13, 5.45e-11
2020-12-27, 17:46:06, 1.02e-12, 5.43e-11
2020-12-27, 17:46:11, 8.89e-13, 5.45e-11
2020-12-27, 17:46:15, 8.93e-13, 5.45e-11
2020-12-27, 17:46:19, 1.02e-12, 5.42e-11
2020-12-27, 17:46:23, 9.06e-13, 5.43e-11
2020-12-27, 17:46:28, 1.02e-12, 5.39e-11
2020-12-27, 17:46:32, 8.44e-13, 5.43e-11
2020-12-27, 17:46:36, 8.79e-13, 5.42e-11
2020-12-27, 17:46:40, 9.27e-13, 5.45e-11
2020-12-27, 17:46:44, 9.25e-13, 5.42e-11
2020-12-27, 17:46:49, 9.41e-13, 5.41e-11
2020-12-27, 17:46:53, 9.22e-13, 5.42e-11
2020-12-27, 17:46:57, 9.13e-13, 5.44e-11
2020-12-27, 17:47:01, 8.36e-13, 5.42e-11
2020-12-27, 17:47:06, 9.28e-13, 5.42e-11
2020-12-27, 17:47:10, 8.88e-13, 5.43e-11
2020-12-27, 17:47:14, 9.1e-13, 5.43e-11
2020-12-27, 17:47:18, 9.53e-13, 5.44e-11
2020-12-27, 17:47:22, 8.86e-13, 5.43e-11
2020-12-27, 17:47:27, 9.33e-13, 5.45e-11
2020-12-27, 17:47:31, 8.9e-13, 5.42e-11
2020-12-27, 17:47:35, 9.51e-13, 5.44e-11
2020-12-27, 17:47:39, 9.32e-13, 5.43e-11
2020-12-27, 17:47:44, 9.03e-13, 5.44e-11
2020-12-27, 17:47:48, 9.36e-13, 5.44e-11
2020-12-27, 17:47:52, 9.04e-13, 5.44e-11
2020-12-27, 17:47:56, 8.95e-13, 5.46e-11
2020-12-27, 17:48:00, 9.1e-13, 5.43e-11
2020-12-27, 17:48:05, 9.6e-13, 5.42e-11
2020-12-27, 17:48:09, 8.73e-13, 5.42e-11
2020-12-27, 17:48:13, 9.7e-13, 5.42e-11
2020-12-27, 17:48:17, 9.36e-13, 5.43e-11
2020-12-27, 17:48:22, 9.38e-13, 5.44e-11
2020-12-27, 17:48:26, 1.08e-12, 5.4e-11
2020-12-27, 17:48:30, 9.66e-13, 5.43e-11
2020-12-27, 17:48:34, 9.07e-13, 5.43e-11
2020-12-27, 17:48:38, 8.4e-13, 5.44e-11
2020-12-27, 17:48:43, 9.19e-13, 5.43e-11
2020-12-27, 17:48:47, 8.76e-13, 5.43e-11
2020-12-27, 17:48:51, 9.55e-13, 5.43e-11
2020-12-27, 17:48:55, 9.52e-13, 5.48e-11
2020-12-27, 17:48:59, 8.96e-13, 5.43e-11
2020-12-27, 17:49:04, 9.28e-13, 5.44e-11
2020-12-27, 17:49:08, 9.52e-13, 5.44e-11
2020-12-27, 17:49:12, 9.69e-13, 5.44e-11
2020-12-27, 17:49:16, 9.58e-13, 5.46e-11
2020-12-27, 17:49:21, 1.08e-12, 5.45e-11
2020-12-27, 17:49:25, 9.29e-13, 5.41e-11
2020-12-27, 17:49:29, 9.18e-13, 5.42e-11
2020-12-27, 17:49:33, 9.14e-13, 5.42e-11
2020-12-27, 17:49:37, 9.45e-13, 5.44e-11
2020-12-27, 17:49:42, 8.97e-13, 5.44e-11
2020-12-27, 17:49:46, 8.93e-13, 5.45e-11
2020-12-27, 17:49:50, 9.57e-13, 5.44e-11
2020-12-27, 17:49:54, 9.44e-13, 5.44e-11
2020-12-27, 17:49:59, 9.76e-13, 5.45e-11
2020-12-27, 17:50:03, 1.01e-12, 5.44e-11
2020-12-27, 17:50:07, 8.82e-13, 5.44e-11
2020-12-27, 17:50:11, 9.22e-13, 5.46e-11
2020-12-27, 17:50:15, 9.62e-13, 5.45e-11
2020-12-27, 17:50:20, 9.78e-13, 5.43e-11
2020-12-27, 17:50:24, 9.43e-13, 5.46e-11
2020-12-27, 17:50:28, 9.2e-13, 5.45e-11
2020-12-27, 17:50:32, 9.13e-13, 5.45e-11
2020-12-27, 17:50:37, 9.24e-13, 5.44e-11
2020-12-27, 17:50:41, 9.97e-13, 5.41e-11
2020-12-27, 17:50:45, 9.72e-13, 5.42e-11
2020-12-27, 17:50:49, 8.46e-13, 5.43e-11
2020-12-27, 17:50:53, 9.28e-13, 5.41e-11
2020-12-27, 17:50:58, 9.33e-13, 5.41e-11
2020-12-27, 17:51:02, 9.8e-13, 5.44e-11
2020-12-27, 17:51:06, 9.27e-13, 5.42e-11
2020-12-27, 17:51:10, 8.4e-13, 5.42e-11
2020-12-27, 17:51:15, 9.07e-13, 5.43e-11
2020-12-27, 17:51:19, 9.78e-13, 5.46e-11
2020-12-27, 17:51:23, 1.05e-12, 5.43e-11
2020-12-27, 17:51:27, 9.35e-13, 5.43e-11
2020-12-27, 17:51:31, 9.39e-13, 5.43e-11
2020-12-27, 17:51:36, 9.24e-13, 5.43e-11
2020-12-27, 17:51:40, 7.66e-13, 5.44e-11
2020-12-27, 17:51:44, 9.61e-13, 5.43e-11
2020-12-27, 17:51:48, 9.73e-13, 5.43e-11
2020-12-27, 17:51:53, 9.25e-13, 5.43e-11
2020-12-27, 17:51:57, 1.02e-12, 5.43e-11
2020-12-27, 17:52:01, 9.57e-13, 5.44e-11
2020-12-27, 17:52:05, 1.12e-12, 5.44e-11
2020-12-27, 17:52:09, 9.39e-13, 5.44e-11
2020-12-27, 17:52:14, 9e-13, 5.44e-11
2020-12-27, 17:52:18, 1.06e-12, 5.44e-11
2020-12-27, 17:52:22, 9.04e-13, 5.45e-11
2020-12-27, 17:52:26, 8.59e-13, 5.43e-11
2020-12-27, 17:52:31, 8.94e-13, 5.43e-11
2020-12-27, 17:52:35, 9.74e-13, 5.43e-11
2020-12-27, 17:52:39, 9.24e-13, 5.42e-11
2020-12-27, 17:52:43, 9.78e-13, 5.45e-11
2020-12-27, 17:52:47, 8.66e-13, 5.41e-11
2020-12-27, 17:52:52, 9.69e-13, 5.44e-11
2020-12-27, 17:52:56, 1.01e-12, 5.44e-11
2020-12-27, 17:53:00, 8.82e-13, 5.44e-11
2020-12-27, 17:53:04, 9.19e-13, 5.45e-11
2020-12-27, 17:53:09, 9.09e-13, 5.44e-11
2020-12-27, 17:53:13, 9.52e-13, 5.42e-11
2020-12-27, 17:53:17, 9.5e-13, 5.41e-11
2020-12-27, 17:53:21, 9.19e-13, 5.43e-11
2020-12-27, 17:53:25, 9.52e-13, 5.42e-11
2020-12-27, 17:53:30, 9.03e-13, 5.45e-11
2020-12-27, 17:53:34, 1.04e-12, 5.43e-11
2020-12-27, 17:53:38, 1.07e-12, 5.45e-11
2020-12-27, 17:53:42, 9.76e-13, 5.43e-11
2020-12-27, 17:53:47, 9.41e-13, 5.48e-11
2020-12-27, 17:53:51, 9.36e-13, 5.44e-11
2020-12-27, 17:53:55, 9.64e-13, 5.44e-11
2020-12-27, 17:53:59, 9.12e-13, 5.45e-11
2020-12-27, 17:54:03, 9.22e-13, 5.46e-11
2020-12-27, 17:54:08, 8.8e-13, 5.43e-11
2020-12-27, 17:54:12, 9.29e-13, 5.39e-11
2020-12-27, 17:54:16, 9.9e-13, 5.39e-11
2020-12-27, 17:54:20, 8.76e-13, 5.42e-11
2020-12-27, 17:54:24, 9.92e-13, 5.43e-11
2020-12-27, 17:54:29, 9.46e-13, 5.47e-11
2020-12-27, 17:54:33, 9.5e-13, 5.42e-11
2020-12-27, 17:54:37, 9.5e-13, 5.45e-11
2020-12-27, 17:54:41, 9.13e-13, 5.44e-11
2020-12-27, 17:54:46, 9.2e-13, 5.44e-11
2020-12-27, 17:54:50, 8.95e-13, 5.44e-11
2020-12-27, 17:54:54, 9.4e-13, 5.45e-11
2020-12-27, 17:54:58, 9.17e-13, 5.46e-11
2020-12-27, 17:55:02, 9.32e-13, 5.46e-11
2020-12-27, 17:55:07, 9.68e-13, 5.42e-11
2020-12-27, 17:55:11, 9.41e-13, 5.45e-11
2020-12-27, 17:55:15, 9.87e-13, 5.49e-11
2020-12-27, 17:55:19, 9.01e-13, 5.43e-11
2020-12-27, 17:55:24, 9.33e-13, 5.47e-11
2020-12-27, 17:55:28, 9.15e-13, 5.43e-11
2020-12-27, 17:55:32, 9.37e-13, 5.45e-11
2020-12-27, 17:55:36, 9.47e-13, 5.46e-11
2020-12-27, 17:55:40, 9.79e-13, 5.48e-11
2020-12-27, 17:55:45, 9.54e-13, 5.43e-11
2020-12-27, 17:55:49, 9.19e-13, 5.46e-11
2020-12-27, 17:55:53, 9.51e-13, 5.47e-11
2020-12-27, 17:55:57, 9.27e-13, 5.45e-11
2020-12-27, 17:56:02, 8.59e-13, 5.43e-11
2020-12-27, 17:56:06, 7.9e-13, 5.44e-11
2020-12-27, 17:56:10, 9.96e-13, 5.44e-11
2020-12-27, 17:56:14, 9.2e-13, 5.46e-11
2020-12-27, 17:56:18, 9.46e-13, 5.45e-11
2020-12-27, 17:56:23, 9.43e-13, 5.46e-11
2020-12-27, 17:56:27, 9.83e-13, 5.44e-11
2020-12-27, 17:56:31, 9.28e-13, 5.42e-11
2020-12-27, 17:56:35, 9.07e-13, 5.46e-11
2020-12-27, 17:56:40, 8.92e-13, 5.46e-11
2020-12-27, 17:56:44, 9.25e-13, 5.47e-11
2020-12-27, 17:56:48, 9.71e-13, 5.43e-11
2020-12-27, 17:56:52, 9.15e-13, 5.46e-11
2020-12-27, 17:56:56, 9.95e-13, 5.49e-11
2020-12-27, 17:57:01, 8.95e-13, 5.47e-11
2020-12-27, 17:57:05, 9.33e-13, 5.48e-11
2020-12-27, 17:57:09, 9.21e-13, 5.45e-11
2020-12-27, 17:57:13, 9.44e-13, 5.45e-11
2020-12-27, 17:57:18, 8.7e-13, 5.44e-11
2020-12-27, 17:57:22, 9.23e-13, 5.45e-11
2020-12-27, 17:57:26, 8.73e-13, 5.46e-11
2020-12-27, 17:57:30, 9.31e-13, 5.46e-11
2020-12-27, 17:57:34, 1.02e-12, 5.48e-11
2020-12-27, 17:57:39, 9.09e-13, 5.45e-11
2020-12-27, 17:57:43, 9.65e-13, 5.43e-11
2020-12-27, 17:57:47, 9.3e-13, 5.46e-11
2020-12-27, 17:57:51, 9.08e-13, 5.42e-11
2020-12-27, 17:57:56, 9.67e-13, 5.45e-11
2020-12-27, 17:58:00, 9.09e-13, 5.44e-11
2020-12-27, 17:58:04, 9.26e-13, 5.45e-11
2020-12-27, 17:58:08, 9.08e-13, 5.44e-11
2020-12-27, 17:58:12, 9.16e-13, 5.42e-11
2020-12-27, 17:58:17, 8.89e-13, 5.42e-11
2020-12-27, 17:58:21, 9.33e-13, 5.39e-11
2020-12-27, 17:58:25, 9.31e-13, 5.42e-11
2020-12-27, 17:58:29, 9.32e-13, 5.41e-11
2020-12-27, 17:58:33, 9.27e-13, 5.41e-11
2020-12-27, 17:58:38, 9.55e-13, 5.4e-11
2020-12-27, 17:58:42, 9.34e-13, 5.44e-11
2020-12-27, 17:58:46, 8.04e-13, 5.49e-11
2020-12-27, 17:58:50, 9.72e-13, 5.45e-11
2020-12-27, 17:58:55, 1.1e-12, 5.46e-11
2020-12-27, 17:58:59, 9.73e-13, 5.45e-11
2020-12-27, 17:59:03, 9.29e-13, 5.44e-11
2020-12-27, 17:59:07, 9.41e-13, 5.44e-11
2020-12-27, 17:59:11, 8.78e-13, 5.44e-11
2020-12-27, 17:59:16, 9.37e-13, 5.44e-11
2020-12-27, 17:59:20, 9.42e-13, 5.47e-11
2020-12-27, 17:59:24, 1.03e-12, 5.43e-11
2020-12-27, 17:59:28, 9.88e-13, 5.41e-11
2020-12-27, 17:59:33, 9.4e-13, 5.45e-11
2020-12-27, 17:59:37, 1.01e-12, 5.45e-11
2020-12-27, 17:59:41, 9.37e-13, 5.44e-11
2020-12-27, 17:59:45, 9.26e-13, 5.45e-11
2020-12-27, 17:59:49, 9.91e-13, 5.43e-11
2020-12-27, 17:59:54, 9.03e-13, 5.49e-11
2020-12-27, 17:59:58, 9.22e-13, 5.43e-11
2020-12-27, 18:00:02, 7.67e-13, 5.45e-11
2020-12-27, 18:00:06, 1.1e-12, 5.4e-11
2020-12-27, 18:00:11, 9.31e-13, 5.44e-11
2020-12-27, 18:00:15, 8.56e-13, 5.46e-11
2020-12-27, 18:00:19, 9.79e-13, 5.44e-11
2020-12-27, 18:00:23, 9.17e-13, 5.43e-11
2020-12-27, 18:00:27, 9.07e-13, 5.45e-11
2020-12-27, 18:00:32, 9.68e-13, 5.44e-11
2020-12-27, 18:00:36, 9.13e-13, 5.42e-11
2020-12-27, 18:00:40, 9.63e-13, 5.42e-11
2020-12-27, 18:00:44, 9.61e-13, 5.41e-11
2020-12-27, 18:00:49, 9.07e-13, 5.45e-11
2020-12-27, 18:00:53, 1.02e-12, 5.46e-11
2020-12-27, 18:00:57, 9.59e-13, 5.47e-11
2020-12-27, 18:01:01, 9.46e-13, 5.43e-11
2020-12-27, 18:01:05, 9.28e-13, 5.45e-11
2020-12-27, 18:01:10, 9.35e-13, 5.45e-11
2020-12-27, 18:01:14, 9.68e-13, 5.46e-11
2020-12-27, 18:01:18, 9.11e-13, 5.44e-11
2020-12-27, 18:01:22, 9.35e-13, 5.45e-11
2020-12-27, 18:01:27, 9.39e-13, 5.44e-11
2020-12-27, 18:01:31, 9.49e-13, 5.47e-11
2020-12-27, 18:01:35, 9.56e-13, 5.44e-11
2020-12-27, 18:01:39, 8.9e-13, 5.45e-11
2020-12-27, 18:01:43, 9.6e-13, 5.46e-11
2020-12-27, 18:01:48, 9.02e-13, 5.46e-11
2020-12-27, 18:01:52, 9.25e-13, 5.47e-11
2020-12-27, 18:01:56, 8.78e-13, 5.45e-11
2020-12-27, 18:02:00, 9.55e-13, 5.44e-11
2020-12-27, 18:02:05, 8.84e-13, 5.42e-11
2020-12-27, 18:02:09, 9.7e-13, 5.45e-11
2020-12-27, 18:02:13, 9.45e-13, 5.43e-11
2020-12-27, 18:02:17, 9.37e-13, 5.43e-11
2020-12-27, 18:02:21, 9.45e-13, 5.45e-11
2020-12-27, 18:02:26, 8.68e-13, 5.43e-11
2020-12-27, 18:02:30, 9.25e-13, 5.45e-11
2020-12-27, 18:02:34, 9e-13, 5.45e-11
2020-12-27, 18:02:38, 9.97e-13, 5.45e-11
2020-12-27, 18:02:43, 9.85e-13, 5.46e-11
2020-12-27, 18:02:47, 9.7e-13, 5.44e-11
2020-12-27, 18:02:51, 8.96e-13, 5.45e-11
2020-12-27, 18:02:55, 9.42e-13, 5.45e-11
2020-12-27, 18:02:59, 8.99e-13, 5.43e-11
2020-12-27, 18:03:04, 9.53e-13, 5.43e-11
2020-12-27, 18:03:08, 9.45e-13, 5.45e-11
2020-12-27, 18:03:12, 9.47e-13, 5.45e-11
2020-12-27, 18:03:16, 9.73e-13, 5.44e-11
2020-12-27, 18:03:21, 8.84e-13, 5.44e-11
2020-12-27, 18:03:25, 9.4e-13, 5.42e-11
2020-12-27, 18:03:29, 9.06e-13, 5.43e-11
2020-12-27, 18:03:33, 9.77e-13, 5.45e-11
2020-12-27, 18:03:37, 9.29e-13, 5.44e-11
2020-12-27, 18:03:42, 9.89e-13, 5.44e-11
2020-12-27, 18:03:46, 9.24e-13, 5.43e-11
2020-12-27, 18:03:50, 8.96e-13, 5.42e-11
2020-12-27, 18:03:54, 9.63e-13, 5.44e-11
2020-12-27, 18:03:59, 9.17e-13, 5.45e-11
2020-12-27, 18:04:03, 9.24e-13, 5.44e-11
2020-12-27, 18:04:07, 9.22e-13, 5.42e-11
2020-12-27, 18:04:11, 1.07e-12, 5.45e-11
2020-12-27, 18:04:15, 9.34e-13, 5.43e-11
2020-12-27, 18:04:20, 9.22e-13, 5.45e-11
2020-12-27, 18:04:24, 9.54e-13, 5.4e-11
2020-12-27, 18:04:28, 8.52e-13, 5.43e-11
2020-12-27, 18:04:32, 9.75e-13, 5.44e-11
2020-12-27, 18:04:36, 9.14e-13, 5.44e-11
2020-12-27, 18:04:41, 9.29e-13, 5.47e-11
2020-12-27, 18:04:45, 8.76e-13, 5.43e-11
2020-12-27, 18:04:49, 9.22e-13, 5.44e-11
2020-12-27, 18:04:53, 8.97e-13, 5.46e-11
2020-12-27, 18:04:58, 9.19e-13, 5.45e-11
2020-12-27, 18:05:02, 9.61e-13, 5.43e-11
2020-12-27, 18:05:06, 9.14e-13, 5.44e-11
2020-12-27, 18:05:10, 1.18e-12, 5.47e-11
2020-12-27, 18:05:14, 8.37e-13, 5.43e-11
2020-12-27, 18:05:19, 7.97e-13, 5.43e-11
2020-12-27, 18:05:23, 9.45e-13, 5.45e-11
2020-12-27, 18:05:27, 9.31e-13, 5.44e-11
2020-12-27, 18:05:31, 1.01e-12, 5.45e-11
2020-12-27, 18:05:36, 1.06e-12, 5.44e-11
2020-12-27, 18:05:40, 8.5e-13, 5.43e-11
2020-12-27, 18:05:44, 9.48e-13, 5.45e-11
2020-12-27, 18:05:48, 8.87e-13, 5.46e-11
2020-12-27, 18:05:52, 9.32e-13, 5.47e-11
2020-12-27, 18:05:57, 8.68e-13, 5.44e-11
2020-12-27, 18:06:01, 9.07e-13, 5.44e-11
2020-12-27, 18:06:05, 8.95e-13, 5.45e-11
2020-12-27, 18:06:09, 9.24e-13, 5.44e-11
2020-12-27, 18:06:14, 9.17e-13, 5.45e-11
2020-12-27, 18:06:18, 8.67e-13, 5.41e-11
2020-12-27, 18:06:22, 9.82e-13, 5.41e-11
2020-12-27, 18:06:26, 9.56e-13, 5.44e-11
2020-12-27, 18:06:30, 9.05e-13, 5.43e-11
2020-12-27, 18:06:35, 9e-13, 5.42e-11
2020-12-27, 18:06:39, 9.07e-13, 5.48e-11
2020-12-27, 18:06:43, 8.8e-13, 5.43e-11
2020-12-27, 18:06:47, 9.64e-13, 5.45e-11
2020-12-27, 18:06:52, 9.25e-13, 5.47e-11
2020-12-27, 18:06:56, 8.97e-13, 5.44e-11
2020-12-27, 18:07:00, 9.59e-13, 5.46e-11
2020-12-27, 18:07:04, 9.39e-13, 5.46e-11
2020-12-27, 18:07:08, 9.03e-13, 5.44e-11
2020-12-27, 18:07:13, 9.2e-13, 5.41e-11
2020-12-27, 18:07:17, 7.7e-13, 5.41e-11
2020-12-27, 18:07:21, 8.92e-13, 5.42e-11
2020-12-27, 18:07:25, 9.43e-13, 5.43e-11
2020-12-27, 18:07:30, 9.7e-13, 5.44e-11
2020-12-27, 18:07:34, 9.44e-13, 5.45e-11
2020-12-27, 18:07:38, 9.9e-13, 5.42e-11
2020-12-27, 18:07:42, 8.82e-13, 5.42e-11
2020-12-27, 18:07:46, 9.97e-13, 5.43e-11
2020-12-27, 18:07:51, 9.58e-13, 5.45e-11
2020-12-27, 18:07:55, 8.31e-13, 5.43e-11
2020-12-27, 18:07:59, 9.21e-13, 5.42e-11
2020-12-27, 18:08:03, 8.96e-13, 5.48e-11
2020-12-27, 18:08:08, 8.52e-13, 5.45e-11
2020-12-27, 18:08:12, 9.7e-13, 5.44e-11
2020-12-27, 18:08:16, 9.55e-13, 5.39e-11
2020-12-27, 18:08:20, 9.33e-13, 5.42e-11
2020-12-27, 18:08:24, 9.12e-13, 5.41e-11
2020-12-27, 18:08:29, 8.73e-13, 5.45e-11
2020-12-27, 18:08:33, 1.1e-12, 5.45e-11
2020-12-27, 18:08:37, 9.65e-13, 5.45e-11
2020-12-27, 18:08:41, 9.53e-13, 5.44e-11
2020-12-27, 18:08:46, 8.67e-13, 5.43e-11
2020-12-27, 18:08:50, 9.59e-13, 5.43e-11
2020-12-27, 18:08:54, 8.86e-13, 5.45e-11
2020-12-27, 18:08:58, 8.8e-13, 5.46e-11
2020-12-27, 18:09:02, 9.33e-13, 5.46e-11
2020-12-27, 18:09:07, 9.71e-13, 5.48e-11
2020-12-27, 18:09:11, 9.42e-13, 5.44e-11
2020-12-27, 18:09:15, 9.17e-13, 5.44e-11
2020-12-27, 18:09:19, 9.07e-13, 5.47e-11
2020-12-27, 18:09:24, 9.21e-13, 5.45e-11
2020-12-27, 18:09:28, 9.55e-13, 5.47e-11
2020-12-27, 18:09:32, 9.96e-13, 5.45e-11
2020-12-27, 18:09:36, 9.08e-13, 5.44e-11
2020-12-27, 18:09:40, 9.5e-13, 5.43e-11
2020-12-27, 18:09:45, 9.17e-13, 5.43e-11
2020-12-27, 18:09:49, 8.99e-13, 5.44e-11
2020-12-27, 18:09:53, 9.81e-13, 5.45e-11
2020-12-27, 18:09:57, 9.42e-13, 5.45e-11
2020-12-27, 18:10:02, 9.58e-13, 5.43e-11
2020-12-27, 18:10:06, 9.45e-13, 5.45e-11
2020-12-27, 18:10:10, 9.58e-13, 5.43e-11
2020-12-27, 18:10:14, 9.58e-13, 5.43e-11
2020-12-27, 18:10:18, 9.27e-13, 5.47e-11
2020-12-27, 18:10:23, 9.08e-13, 5.43e-11
2020-12-27, 18:10:27, 9.68e-13, 5.42e-11
2020-12-27, 18:10:31, 9.74e-13, 5.42e-11
2020-12-27, 18:10:35, 9.91e-13, 5.45e-11
2020-12-27, 18:10:39, 9.81e-13, 5.43e-11
2020-12-27, 18:10:44, 9.81e-13, 5.44e-11
2020-12-27, 18:10:48, 9.73e-13, 5.43e-11
2020-12-27, 18:10:52, 9.23e-13, 5.41e-11
2020-12-27, 18:10:56, 9.15e-13, 5.46e-11
2020-12-27, 18:11:01, 9.65e-13, 5.42e-11
2020-12-27, 18:11:05, 9.04e-13, 5.46e-11
2020-12-27, 18:11:09, 9.1e-13, 5.45e-11
2020-12-27, 18:11:13, 9.26e-13, 5.46e-11
2020-12-27, 18:11:17, 9.57e-13, 5.46e-11
2020-12-27, 18:11:22, 9.11e-13, 5.43e-11
2020-12-27, 18:11:26, 1.01e-12, 5.43e-11
2020-12-27, 18:11:30, 9.47e-13, 5.46e-11
2020-12-27, 18:11:34, 8.83e-13, 5.44e-11
2020-12-27, 18:11:39, 9.2e-13, 5.45e-11
2020-12-27, 18:11:43, 9.25e-13, 5.44e-11
2020-12-27, 18:11:47, 9.03e-13, 5.44e-11
2020-12-27, 18:11:51, 9.46e-13, 5.47e-11
2020-12-27, 18:11:55, 8.77e-13, 5.47e-11
2020-12-27, 18:12:00, 1.02e-12, 5.44e-11
2020-12-27, 18:12:04, 9.41e-13, 5.47e-11
2020-12-27, 18:12:08, 8.83e-13, 5.45e-11
2020-12-27, 18:12:12, 9.62e-13, 5.45e-11
2020-12-27, 18:12:17, 8.58e-13, 5.45e-11
2020-12-27, 18:12:21, 8.51e-13, 5.44e-11
2020-12-27, 18:12:25, 9.63e-13, 5.46e-11
2020-12-27, 18:12:29, 9.14e-13, 5.44e-11
2020-12-27, 18:12:33, 9.42e-13, 5.46e-11
2020-12-27, 18:12:38, 9.17e-13, 5.44e-11
2020-12-27, 18:12:42, 9.86e-13, 5.44e-11
2020-12-27, 18:12:46, 9.3e-13, 5.42e-11
2020-12-27, 18:12:50, 8.99e-13, 5.41e-11
2020-12-27, 18:12:55, 9e-13, 5.42e-11
2020-12-27, 18:12:59, 8.95e-13, 5.42e-11
2020-12-27, 18:13:03, 9.26e-13, 5.42e-11
2020-12-27, 18:13:07, 8.85e-13, 5.43e-11
2020-12-27, 18:13:11, 8.9e-13, 5.42e-11
2020-12-27, 18:13:16, 9.85e-13, 5.44e-11
2020-12-27, 18:13:20, 9.58e-13, 5.43e-11
2020-12-27, 18:13:24, 9.32e-13, 5.44e-11
2020-12-27, 18:13:28, 9.19e-13, 5.46e-11
2020-12-27, 18:13:33, 9.3e-13, 5.43e-11
2020-12-27, 18:13:37, 9.28e-13, 5.45e-11
2020-12-27, 18:13:41, 9.62e-13, 5.43e-11
2020-12-27, 18:13:45, 8.95e-13, 5.45e-11
2020-12-27, 18:13:49, 9.38e-13, 5.43e-11
2020-12-27, 18:13:54, 9.02e-13, 5.43e-11
2020-12-27, 18:13:58, 8.95e-13, 5.44e-11
2020-12-27, 18:14:02, 9.66e-13, 5.42e-11
2020-12-27, 18:14:06, 9.65e-13, 5.43e-11
2020-12-27, 18:14:11, 8.53e-13, 5.43e-11
2020-12-27, 18:14:15, 1.07e-12, 5.46e-11
2020-12-27, 18:14:19, 9.26e-13, 5.41e-11
2020-12-27, 18:14:23, 9.46e-13, 5.44e-11
2020-12-27, 18:14:27, 9.36e-13, 5.45e-11
2020-12-27, 18:14:32, 8.76e-13, 5.46e-11
2020-12-27, 18:14:36, 8.64e-13, 5.46e-11
2020-12-27, 18:14:40, 1.08e-12, 5.44e-11
2020-12-27, 18:14:44, 9.37e-13, 5.43e-11
2020-12-27, 18:14:49, 9.34e-13, 5.44e-11
2020-12-27, 18:14:53, 9.45e-13, 5.45e-11
2020-12-27, 18:14:57, 9.33e-13, 5.44e-11
2020-12-27, 18:15:01, 9.47e-13, 5.43e-11
2020-12-27, 18:15:05, 9.25e-13, 5.42e-11
2020-12-27, 18:15:10, 8.96e-13, 5.43e-11
2020-12-27, 18:15:14, 9.25e-13, 5.41e-11
2020-12-27, 18:15:18, 9.46e-13, 5.42e-11
2020-12-27, 18:15:22, 9.56e-13, 5.44e-11
2020-12-27, 18:15:26, 8.65e-13, 5.46e-11
2020-12-27, 18:15:31, 9.39e-13, 5.44e-11
2020-12-27, 18:15:35, 9.81e-13, 5.4e-11
2020-12-27, 18:15:39, 9.02e-13, 5.42e-11
2020-12-27, 18:15:43, 9.62e-13, 5.4e-11
2020-12-27, 18:15:48, 9.28e-13, 5.44e-11
2020-12-27, 18:15:52, 9.37e-13, 5.46e-11
2020-12-27, 18:15:56, 1.04e-12, 5.44e-11
2020-12-27, 18:16:00, 9.23e-13, 5.44e-11
2020-12-27, 18:16:04, 9.77e-13, 5.46e-11
2020-12-27, 18:16:09, 9.38e-13, 5.45e-11
2020-12-27, 18:16:13, 9.67e-13, 5.46e-11
2020-12-27, 18:16:17, 8.9e-13, 5.44e-11
2020-12-27, 18:16:21, 9e-13, 5.45e-11
2020-12-27, 18:16:26, 9.49e-13, 5.45e-11
2020-12-27, 18:16:30, 8.92e-13, 5.45e-11
2020-12-27, 18:16:34, 1.05e-12, 5.46e-11
2020-12-27, 18:16:38, 9.7e-13, 5.44e-11
2020-12-27, 18:16:42, 9.4e-13, 5.46e-11
2020-12-27, 18:16:47, 9.08e-13, 5.45e-11
2020-12-27, 18:16:51, 9.73e-13, 5.43e-11
2020-12-27, 18:16:55, 8.43e-13, 5.43e-11
2020-12-27, 18:16:59, 9.09e-13, 5.4e-11
2020-12-27, 18:17:04, 9.45e-13, 5.43e-11
2020-12-27, 18:17:08, 9.44e-13, 5.44e-11
2020-12-27, 18:17:12, 8.99e-13, 5.44e-11
2020-12-27, 18:17:16, 9.49e-13, 5.46e-11
2020-12-27, 18:17:20, 1.06e-12, 5.44e-11
2020-12-27, 18:17:25, 9.4e-13, 5.45e-11
2020-12-27, 18:17:29, 9.38e-13, 5.43e-11
2020-12-27, 18:17:33, 9.6e-13, 5.48e-11
2020-12-27, 18:17:37, 9.27e-13, 5.45e-11
2020-12-27, 18:17:42, 8.83e-13, 5.45e-11
2020-12-27, 18:17:46, 9.33e-13, 5.45e-11
2020-12-27, 18:17:50, 9.41e-13, 5.45e-11
2020-12-27, 18:17:54, 9.15e-13, 5.47e-11
2020-12-27, 18:17:58, 8.89e-13, 5.47e-11
2020-12-27, 18:18:03, 8.33e-13, 5.45e-11
2020-12-27, 18:18:07, 7.71e-13, 5.45e-11
2020-12-27, 18:18:11, 9.4e-13, 5.42e-11
2020-12-27, 18:18:15, 9.43e-13, 5.42e-11
2020-12-27, 18:18:20, 9.33e-13, 5.42e-11
2020-12-27, 18:18:24, 9.21e-13, 5.44e-11
2020-12-27, 18:18:28, 9.51e-13, 5.46e-11
2020-12-27, 18:18:32, 9.5e-13, 5.47e-11
2020-12-27, 18:18:36, 9.46e-13, 5.43e-11
2020-12-27, 18:18:41, 9.33e-13, 5.45e-11
2020-12-27, 18:18:45, 9.54e-13, 5.44e-11
2020-12-27, 18:18:49, 8.54e-13, 5.45e-11
2020-12-27, 18:18:53, 8.82e-13, 5.44e-11
2020-12-27, 18:18:58, 8.7e-13, 5.44e-11
2020-12-27, 18:19:02, 9.38e-13, 5.43e-11
2020-12-27, 18:19:06, 8.98e-13, 5.45e-11
2020-12-27, 18:19:10, 9.01e-13, 5.44e-11
2020-12-27, 18:19:14, 1.11e-12, 5.45e-11
2020-12-27, 18:19:19, 9.23e-13, 5.44e-11
2020-12-27, 18:19:23, 9e-13, 5.45e-11
2020-12-27, 18:19:27, 9.33e-13, 5.44e-11
2020-12-27, 18:19:31, 9.53e-13, 5.46e-11
2020-12-27, 18:19:35, 8.46e-13, 5.46e-11
2020-12-27, 18:19:40, 9.39e-13, 5.45e-11
2020-12-27, 18:19:44, 9.05e-13, 5.44e-11
2020-12-27, 18:19:48, 9.16e-13, 5.43e-11
2020-12-27, 18:19:52, 9.47e-13, 5.45e-11
2020-12-27, 18:19:57, 9.42e-13, 5.44e-11
2020-12-27, 18:20:01, 9.77e-13, 5.44e-11
2020-12-27, 18:20:05, 9.29e-13, 5.43e-11
2020-12-27, 18:20:09, 9.38e-13, 5.45e-11
2020-12-27, 18:20:13, 9.89e-13, 5.43e-11
2020-12-27, 18:20:18, 1.02e-12, 5.41e-11
2020-12-27, 18:20:22, 1.03e-12, 5.45e-11
2020-12-27, 18:20:26, 8.18e-13, 5.43e-11
2020-12-27, 18:20:30, 9e-13, 5.45e-11
2020-12-27, 18:20:35, 8.91e-13, 5.46e-11
2020-12-27, 18:20:39, 9.75e-13, 5.42e-11
2020-12-27, 18:20:43, 9.29e-13, 5.44e-11
2020-12-27, 18:20:47, 9.33e-13, 5.43e-11
2020-12-27, 18:20:51, 9e-13, 5.46e-11
2020-12-27, 18:20:56, 9.5e-13, 5.44e-11
2020-12-27, 18:21:00, 9.18e-13, 5.44e-11
2020-12-27, 18:21:04, 9e-13, 5.44e-11
2020-12-27, 18:21:08, 8.98e-13, 5.45e-11
2020-12-27, 18:21:13, 9.67e-13, 5.43e-11
2020-12-27, 18:21:17, 8.9e-13, 5.44e-11
2020-12-27, 18:21:21, 9.4e-13, 5.46e-11
2020-12-27, 18:21:25, 8.99e-13, 5.46e-11
2020-12-27, 18:21:29, 8.89e-13, 5.44e-11
2020-12-27, 18:21:34, 9.2e-13, 5.45e-11
2020-12-27, 18:21:38, 9.8e-13, 5.44e-11
2020-12-27, 18:21:42, 9.74e-13, 5.45e-11
2020-12-27, 18:21:46, 8.63e-13, 5.43e-11
2020-12-27, 18:21:51, 9.21e-13, 5.44e-11
2020-12-27, 18:21:55, 9.37e-13, 5.45e-11
2020-12-27, 18:21:59, 9.7e-13, 5.43e-11
2020-12-27, 18:22:03, 9.39e-13, 5.43e-11
2020-12-27, 18:22:07, 9.46e-13, 5.46e-11
2020-12-27, 18:22:12, 9.3e-13, 5.46e-11
2020-12-27, 18:22:16, 9.76e-13, 5.44e-11
2020-12-27, 18:22:20, 9.48e-13, 5.49e-11
2020-12-27, 18:22:24, 9.62e-13, 5.47e-11
2020-12-27, 18:22:29, 9.48e-13, 5.47e-11
2020-12-27, 18:22:33, 1.01e-12, 5.46e-11
2020-12-27, 18:22:37, 9.28e-13, 5.47e-11
2020-12-27, 18:22:41, 8.78e-13, 5.44e-11
2020-12-27, 18:22:45, 9.5e-13, 5.44e-11
2020-12-27, 18:22:50, 8.65e-13, 5.43e-11
2020-12-27, 18:22:54, 9.04e-13, 5.47e-11
2020-12-27, 18:22:58, 9.21e-13, 5.5e-11
2020-12-27, 18:23:02, 8.21e-13, 5.45e-11
2020-12-27, 18:23:07, 8.36e-13, 5.44e-11
2020-12-27, 18:23:11, 8.92e-13, 5.42e-11
2020-12-27, 18:23:15, 8.22e-13, 5.45e-11
2020-12-27, 18:23:19, 9.35e-13, 5.44e-11
2020-12-27, 18:23:23, 9.65e-13, 5.44e-11
2020-12-27, 18:23:28, 9.73e-13, 5.43e-11
2020-12-27, 18:23:32, 9.83e-13, 5.43e-11
2020-12-27, 18:23:36, 9.44e-13, 5.44e-11
2020-12-27, 18:23:40, 9.56e-13, 5.41e-11
2020-12-27, 18:23:44, 9.5e-13, 5.42e-11
2020-12-27, 18:23:49, 9.41e-13, 5.4e-11
2020-12-27, 18:23:53, 9.72e-13, 5.43e-11
2020-12-27, 18:23:57, 9.61e-13, 5.45e-11
2020-12-27, 18:24:01, 9.58e-13, 5.44e-11
2020-12-27, 18:24:06, 9.49e-13, 5.46e-11
2020-12-27, 18:24:10, 9.51e-13, 5.44e-11
2020-12-27, 18:24:14, 9.22e-13, 5.45e-11
2020-12-27, 18:24:18, 9.58e-13, 5.44e-11
2020-12-27, 18:24:22, 9.62e-13, 5.41e-11
2020-12-27, 18:24:27, 9.13e-13, 5.44e-11
2020-12-27, 18:24:31, 9.41e-13, 5.42e-11
2020-12-27, 18:24:35, 9.69e-13, 5.45e-11
2020-12-27, 18:24:39, 9.49e-13, 5.43e-11
2020-12-27, 18:24:44, 9.12e-13, 5.45e-11
2020-12-27, 18:24:48, 1.03e-12, 5.45e-11
2020-12-27, 18:24:52, 9.14e-13, 5.43e-11
2020-12-27, 18:24:56, 9.24e-13, 5.45e-11
2020-12-27, 18:25:00, 9.66e-13, 5.43e-11
2020-12-27, 18:25:05, 9.16e-13, 5.44e-11
2020-12-27, 18:25:09, 9.42e-13, 5.45e-11
2020-12-27, 18:25:13, 8.89e-13, 5.44e-11
2020-12-27, 18:25:17, 9.38e-13, 5.45e-11
2020-12-27, 18:25:22, 8.9e-13, 5.43e-11
2020-12-27, 18:25:26, 8.94e-13, 5.44e-11
2020-12-27, 18:25:30, 9.13e-13, 5.45e-11
2020-12-27, 18:25:34, 1.02e-12, 5.45e-11
2020-12-27, 18:25:38, 9.24e-13, 5.45e-11
2020-12-27, 18:25:43, 9.64e-13, 5.44e-11
2020-12-27, 18:25:47, 8.73e-13, 5.46e-11
2020-12-27, 18:25:51, 9.88e-13, 5.44e-11
2020-12-27, 18:25:55, 8.97e-13, 5.43e-11
2020-12-27, 18:26:00, 9.59e-13, 5.44e-11
2020-12-27, 18:26:04, 9.02e-13, 5.44e-11
2020-12-27, 18:26:08, 9.1e-13, 5.45e-11
2020-12-27, 18:26:12, 8.69e-13, 5.44e-11
2020-12-27, 18:26:16, 9.25e-13, 5.46e-11
2020-12-27, 18:26:21, 1.05e-12, 5.41e-11
2020-12-27, 18:26:25, 8.71e-13, 5.42e-11
2020-12-27, 18:26:29, 9.7e-13, 5.43e-11
2020-12-27, 18:26:33, 9.66e-13, 5.45e-11
2020-12-27, 18:26:38, 1.02e-12, 5.46e-11
2020-12-27, 18:26:42, 9.67e-13, 5.42e-11
2020-12-27, 18:26:46, 8.94e-13, 5.44e-11
2020-12-27, 18:26:50, 9.05e-13, 5.46e-11
2020-12-27, 18:26:54, 9.23e-13, 5.45e-11
2020-12-27, 18:26:59, 9.81e-13, 5.46e-11
2020-12-27, 18:27:03, 9.62e-13, 5.46e-11
2020-12-27, 18:27:07, 8.77e-13, 5.47e-11
2020-12-27, 18:27:11, 9.56e-13, 5.44e-11
2020-12-27, 18:27:16, 9.68e-13, 5.45e-11
2020-12-27, 18:27:20, 8.73e-13, 5.46e-11
2020-12-27, 18:27:24, 9.38e-13, 5.47e-11
2020-12-27, 18:27:28, 9.47e-13, 5.43e-11
2020-12-27, 18:27:32, 9.73e-13, 5.44e-11
2020-12-27, 18:27:37, 8.17e-13, 5.46e-11
2020-12-27, 18:27:41, 8.52e-13, 5.45e-11
2020-12-27, 18:27:45, 1.01e-12, 5.46e-11
2020-12-27, 18:27:49, 9.44e-13, 5.45e-11
2020-12-27, 18:27:54, 9.09e-13, 5.47e-11
2020-12-27, 18:27:58, 9.86e-13, 5.46e-11
2020-12-27, 18:28:02, 9.85e-13, 5.44e-11
2020-12-27, 18:28:06, 9.85e-13, 5.43e-11
2020-12-27, 18:28:10, 9.27e-13, 5.45e-11
2020-12-27, 18:28:15, 9.18e-13, 5.44e-11
2020-12-27, 18:28:19, 9.92e-13, 5.43e-11
2020-12-27, 18:28:23, 9.85e-13, 5.45e-11
2020-12-27, 18:28:27, 8.52e-13, 5.45e-11
2020-12-27, 18:28:31, 1.06e-12, 5.46e-11
2020-12-27, 18:28:36, 9.37e-13, 5.43e-11
2020-12-27, 18:28:40, 9.43e-13, 5.44e-11
2020-12-27, 18:28:44, 8.88e-13, 5.44e-11
2020-12-27, 18:28:48, 9.17e-13, 5.42e-11
2020-12-27, 18:28:53, 8.99e-13, 5.45e-11
2020-12-27, 18:28:57, 8.69e-13, 5.41e-11
2020-12-27, 18:29:01, 1.05e-12, 5.43e-11
2020-12-27, 18:29:05, 9.16e-13, 5.44e-11
2020-12-27, 18:29:09, 9.85e-13, 5.44e-11
2020-12-27, 18:29:14, 9.49e-13, 5.44e-11
2020-12-27, 18:29:18, 8.53e-13, 5.44e-11
2020-12-27, 18:29:22, 8.95e-13, 5.43e-11
2020-12-27, 18:29:26, 8.63e-13, 5.41e-11
2020-12-27, 18:29:31, 1.09e-12, 5.4e-11
2020-12-27, 18:29:35, 1.01e-12, 5.41e-11
2020-12-27, 18:29:39, 8.64e-13, 5.43e-11
2020-12-27, 18:29:43, 8.71e-13, 5.45e-11
2020-12-27, 18:29:47, 9.22e-13, 5.46e-11
2020-12-27, 18:29:52, 1.01e-12, 5.45e-11
2020-12-27, 18:29:56, 9.08e-13, 5.5e-11
2020-12-27, 18:30:00, 9.2e-13, 5.43e-11
2020-12-27, 18:30:04, 9.31e-13, 5.46e-11
2020-12-27, 18:30:09, 9.58e-13, 5.45e-11
2020-12-27, 18:30:13, 8.87e-13, 5.45e-11
2020-12-27, 18:30:17, 9.46e-13, 5.43e-11
2020-12-27, 18:30:21, 9.67e-13, 5.48e-11
2020-12-27, 18:30:25, 9.41e-13, 5.45e-11
2020-12-27, 18:30:30, 9.08e-13, 5.45e-11
2020-12-27, 18:30:34, 9.34e-13, 5.43e-11
2020-12-27, 18:30:38, 8.81e-13, 5.46e-11
2020-12-27, 18:30:42, 9.37e-13, 5.44e-11
2020-12-27, 18:30:47, 9.12e-13, 5.45e-11
2020-12-27, 18:30:51, 9.25e-13, 5.45e-11
2020-12-27, 18:30:55, 9.32e-13, 5.44e-11
2020-12-27, 18:30:59, 9.6e-13, 5.47e-11
2020-12-27, 18:31:03, 9.15e-13, 5.44e-11
2020-12-27, 18:31:08, 1e-12, 5.44e-11
2020-12-27, 18:31:12, 9.46e-13, 5.46e-11
2020-12-27, 18:31:16, 9.6e-13, 5.42e-11
2020-12-27, 18:31:20, 9.02e-13, 5.44e-11
2020-12-27, 18:31:25, 9.55e-13, 5.45e-11
2020-12-27, 18:31:29, 9.06e-13, 5.44e-11
2020-12-27, 18:31:33, 9.17e-13, 5.45e-11
2020-12-27, 18:31:37, 9.17e-13, 5.41e-11
2020-12-27, 18:31:41, 9.61e-13, 5.43e-11
2020-12-27, 18:31:46, 9.46e-13, 5.43e-11
2020-12-27, 18:31:50, 9.5e-13, 5.41e-11
2020-12-27, 18:31:54, 9.52e-13, 5.4e-11
2020-12-27, 18:31:58, 9.41e-13, 5.42e-11
2020-12-27, 18:32:02, 8.31e-13, 5.44e-11
2020-12-27, 18:32:07, 9.45e-13, 5.47e-11
2020-12-27, 18:32:11, 8.64e-13, 5.4e-11
2020-12-27, 18:32:15, 9.17e-13, 5.43e-11
2020-12-27, 18:32:19, 9.3e-13, 5.42e-11
2020-12-27, 18:32:24, 8.78e-13, 5.47e-11
2020-12-27, 18:32:28, 9.15e-13, 5.42e-11
2020-12-27, 18:32:32, 8.81e-13, 5.42e-11
2020-12-27, 18:32:36, 9.67e-13, 5.44e-11
2020-12-27, 18:32:40, 8.46e-13, 5.43e-11
2020-12-27, 18:32:45, 8.87e-13, 5.47e-11
2020-12-27, 18:32:49, 9.37e-13, 5.42e-11
2020-12-27, 18:32:53, 9.41e-13, 5.43e-11
2020-12-27, 18:32:57, 8.9e-13, 5.43e-11
2020-12-27, 18:33:02, 9.56e-13, 5.48e-11
2020-12-27, 18:33:06, 8.73e-13, 5.44e-11
2020-12-27, 18:33:10, 8.95e-13, 5.44e-11
2020-12-27, 18:33:14, 1.03e-12, 5.42e-11
2020-12-27, 18:33:18, 9.13e-13, 5.43e-11
2020-12-27, 18:33:23, 9.47e-13, 5.43e-11
2020-12-27, 18:33:27, 8.49e-13, 5.44e-11
2020-12-27, 18:33:31, 9.63e-13, 5.44e-11
2020-12-27, 18:33:35, 9.44e-13, 5.41e-11
2020-12-27, 18:33:40, 9.41e-13, 5.42e-11
2020-12-27, 18:33:44, 9.47e-13, 5.42e-11
2020-12-27, 18:33:48, 9.62e-13, 5.42e-11
2020-12-27, 18:33:52, 8.66e-13, 5.42e-11
2020-12-27, 18:33:56, 9.28e-13, 5.43e-11
2020-12-27, 18:34:01, 9.07e-13, 5.44e-11
2020-12-27, 18:34:05, 9.36e-13, 5.46e-11
2020-12-27, 18:34:09, 9.61e-13, 5.42e-11
2020-12-27, 18:34:13, 9.65e-13, 5.43e-11
2020-12-27, 18:34:18, 9.13e-13, 5.41e-11
2020-12-27, 18:34:22, 8.98e-13, 5.45e-11
2020-12-27, 18:34:26, 9.21e-13, 5.46e-11
2020-12-27, 18:34:30, 8.97e-13, 5.45e-11
2020-12-27, 18:34:34, 9.55e-13, 5.42e-11
2020-12-27, 18:34:39, 9.15e-13, 5.44e-11
2020-12-27, 18:34:43, 9.26e-13, 5.44e-11
2020-12-27, 18:34:47, 8.86e-13, 5.41e-11
2020-12-27, 18:34:51, 9.07e-13, 5.44e-11
2020-12-27, 18:34:56, 9.91e-13, 5.39e-11
2020-12-27, 18:35:00, 9.6e-13, 5.47e-11
2020-12-27, 18:35:04, 9.35e-13, 5.43e-11
2020-12-27, 18:35:08, 8.58e-13, 5.47e-11
2020-12-27, 18:35:12, 1.06e-12, 5.44e-11
2020-12-27, 18:35:17, 9.38e-13, 5.44e-11
2020-12-27, 18:35:21, 8.48e-13, 5.45e-11
2020-12-27, 18:35:25, 9.01e-13, 5.42e-11
2020-12-27, 18:35:29, 8.14e-13, 5.44e-11
2020-12-27, 18:35:34, 9.07e-13, 5.46e-11
2020-12-27, 18:35:38, 8.05e-13, 5.43e-11
2020-12-27, 18:35:42, 9.86e-13, 5.44e-11
2020-12-27, 18:35:46, 9.67e-13, 5.45e-11
2020-12-27, 18:35:50, 8.9e-13, 5.46e-11
2020-12-27, 18:35:55, 8.39e-13, 5.46e-11
2020-12-27, 18:35:59, 9.4e-13, 5.47e-11
2020-12-27, 18:36:03, 9.12e-13, 5.42e-11
2020-12-27, 18:36:07, 9.1e-13, 5.45e-11
2020-12-27, 18:36:11, 9.23e-13, 5.45e-11
2020-12-27, 18:36:16, 9.37e-13, 5.48e-11
2020-12-27, 18:36:20, 9.27e-13, 5.45e-11
2020-12-27, 18:36:24, 9.64e-13, 5.45e-11
2020-12-27, 18:36:28, 9.63e-13, 5.47e-11
2020-12-27, 18:36:33, 9.45e-13, 5.43e-11
2020-12-27, 18:36:37, 8.74e-13, 5.42e-11
2020-12-27, 18:36:41, 8.73e-13, 5.45e-11
2020-12-27, 18:36:45, 9.88e-13, 5.43e-11
2020-12-27, 18:36:49, 9.22e-13, 5.43e-11
2020-12-27, 18:36:54, 9.63e-13, 5.43e-11
2020-12-27, 18:36:58, 9.05e-13, 5.43e-11
2020-12-27, 18:37:02, 9.8e-13, 5.42e-11
2020-12-27, 18:37:06, 9.06e-13, 5.43e-11
2020-12-27, 18:37:11, 9.58e-13, 5.45e-11
2020-12-27, 18:37:15, 8.52e-13, 5.44e-11
2020-12-27, 18:37:19, 9.8e-13, 5.46e-11
2020-12-27, 18:37:23, 8.9e-13, 5.45e-11
2020-12-27, 18:37:27, 9.23e-13, 5.46e-11
2020-12-27, 18:37:32, 9.44e-13, 5.48e-11
2020-12-27, 18:37:36, 8.87e-13, 5.46e-11
2020-12-27, 18:37:40, 9.29e-13, 5.47e-11
2020-12-27, 18:37:44, 9.36e-13, 5.45e-11
2020-12-27, 18:37:49, 9.97e-13, 5.46e-11
2020-12-27, 18:37:53, 9.23e-13, 5.48e-11
2020-12-27, 18:37:57, 9.48e-13, 5.48e-11
2020-12-27, 18:38:01, 8.41e-13, 5.46e-11
2020-12-27, 18:38:05, 1.03e-12, 5.47e-11
2020-12-27, 18:38:10, 9.55e-13, 5.46e-11
2020-12-27, 18:38:14, 9.54e-13, 5.44e-11
2020-12-27, 18:38:18, 9.1e-13, 5.45e-11
2020-12-27, 18:38:22, 9.26e-13, 5.46e-11
2020-12-27, 18:38:27, 8.22e-13, 5.43e-11
2020-12-27, 18:38:31, 9.01e-13, 5.48e-11
2020-12-27, 18:38:35, 9.21e-13, 5.46e-11
2020-12-27, 18:38:39, 9.33e-13, 5.48e-11
2020-12-27, 18:38:43, 9.32e-13, 5.46e-11
2020-12-27, 18:38:48, 9.16e-13, 5.46e-11
2020-12-27, 18:38:52, 9e-13, 5.48e-11
2020-12-27, 18:38:56, 8.21e-13, 5.46e-11
2020-12-27, 18:39:00, 9.36e-13, 5.47e-11
2020-12-27, 18:39:05, 1.07e-12, 5.46e-11
2020-12-27, 18:39:09, 9.24e-13, 5.46e-11
2020-12-27, 18:39:13, 8.83e-13, 5.45e-11
2020-12-27, 18:39:17, 9.44e-13, 5.47e-11
2020-12-27, 18:39:21, 8.17e-13, 5.47e-11
2020-12-27, 18:39:26, 8.84e-13, 5.45e-11
2020-12-27, 18:39:30, 8.6e-13, 5.45e-11
2020-12-27, 18:39:34, 9.01e-13, 5.46e-11
2020-12-27, 18:39:38, 9.1e-13, 5.45e-11
2020-12-27, 18:39:43, 9.34e-13, 5.44e-11
2020-12-27, 18:39:47, 9.39e-13, 5.46e-11
2020-12-27, 18:39:51, 9.76e-13, 5.45e-11
2020-12-27, 18:39:55, 8.94e-13, 5.44e-11
2020-12-27, 18:39:59, 9.27e-13, 5.43e-11
2020-12-27, 18:40:04, 9.06e-13, 5.42e-11
2020-12-27, 18:40:08, 8.75e-13, 5.43e-11
2020-12-27, 18:40:12, 9.16e-13, 5.46e-11
2020-12-27, 18:40:16, 8.72e-13, 5.46e-11
2020-12-27, 18:40:21, 8.84e-13, 5.46e-11
2020-12-27, 18:40:25, 9.29e-13, 5.44e-11
2020-12-27, 18:40:29, 8.81e-13, 5.44e-11
2020-12-27, 18:40:33, 9.07e-13, 5.45e-11
2020-12-27, 18:40:37, 8.44e-13, 5.47e-11
2020-12-27, 18:40:42, 9.14e-13, 5.45e-11
2020-12-27, 18:40:46, 9.95e-13, 5.45e-11
2020-12-27, 18:40:50, 8.78e-13, 5.47e-11
2020-12-27, 18:40:54, 9.3e-13, 5.47e-11
2020-12-27, 18:40:59, 8.76e-13, 5.46e-11
2020-12-27, 18:41:03, 8.93e-13, 5.46e-11
2020-12-27, 18:41:07, 9.26e-13, 5.44e-11
2020-12-27, 18:41:11, 9.87e-13, 5.41e-11
2020-12-27, 18:41:15, 8.73e-13, 5.46e-11
2020-12-27, 18:41:20, 8.8e-13, 5.45e-11
2020-12-27, 18:41:24, 9.33e-13, 5.49e-11
2020-12-27, 18:41:28, 9.07e-13, 5.44e-11
2020-12-27, 18:41:32, 9.09e-13, 5.45e-11
2020-12-27, 18:41:36, 9.33e-13, 5.44e-11
2020-12-27, 18:41:41, 9.18e-13, 5.42e-11
2020-12-27, 18:41:45, 8.71e-13, 5.46e-11
2020-12-27, 18:41:49, 9.45e-13, 5.46e-11
2020-12-27, 18:41:53, 9.04e-13, 5.43e-11
2020-12-27, 18:41:58, 9.22e-13, 5.44e-11
2020-12-27, 18:42:02, 9.66e-13, 5.48e-11
2020-12-27, 18:42:06, 1e-12, 5.45e-11
2020-12-27, 18:42:10, 9.4e-13, 5.44e-11
2020-12-27, 18:42:14, 9.37e-13, 5.47e-11
2020-12-27, 18:42:19, 9.17e-13, 5.44e-11
2020-12-27, 18:42:23, 9.15e-13, 5.44e-11
2020-12-27, 18:42:27, 1.05e-12, 5.44e-11
2020-12-27, 18:42:31, 9.52e-13, 5.47e-11
2020-12-27, 18:42:36, 8.88e-13, 5.46e-11
2020-12-27, 18:42:40, 9.45e-13, 5.47e-11
2020-12-27, 18:42:44, 8.53e-13, 5.45e-11
2020-12-27, 18:42:48, 8.56e-13, 5.46e-11
2020-12-27, 18:42:52, 1.02e-12, 5.45e-11
2020-12-27, 18:42:57, 9.37e-13, 5.45e-11
2020-12-27, 18:43:01, 8.95e-13, 5.44e-11
2020-12-27, 18:43:05, 9.88e-13, 5.47e-11
2020-12-27, 18:43:09, 9.42e-13, 5.43e-11
2020-12-27, 18:43:14, 8.95e-13, 5.45e-11
2020-12-27, 18:43:18, 9.51e-13, 5.43e-11
2020-12-27, 18:43:22, 9.59e-13, 5.44e-11
2020-12-27, 18:43:26, 9.11e-13, 5.44e-11
2020-12-27, 18:43:30, 9.4e-13, 5.46e-11
2020-12-27, 18:43:35, 9.26e-13, 5.43e-11
2020-12-27, 18:43:39, 8.88e-13, 5.47e-11
2020-12-27, 18:43:43, 9.38e-13, 5.44e-11
2020-12-27, 18:43:47, 9.17e-13, 5.45e-11
2020-12-27, 18:43:52, 9.69e-13, 5.42e-11
2020-12-27, 18:43:56, 9.74e-13, 5.44e-11
2020-12-27, 18:44:00, 8.71e-13, 5.45e-11
2020-12-27, 18:44:04, 9.54e-13, 5.44e-11
2020-12-27, 18:44:08, 9.54e-13, 5.44e-11
2020-12-27, 18:44:13, 7.82e-13, 5.44e-11
2020-12-27, 18:44:17, 9.18e-13, 5.44e-11
2020-12-27, 18:44:21, 9.58e-13, 5.43e-11
2020-12-27, 18:44:25, 8.83e-13, 5.45e-11
2020-12-27, 18:44:30, 8.81e-13, 5.43e-11
2020-12-27, 18:44:34, 9.12e-13, 5.45e-11
2020-12-27, 18:44:38, 9.39e-13, 5.48e-11
2020-12-27, 18:44:42, 9.47e-13, 5.45e-11
2020-12-27, 18:44:46, 9.23e-13, 5.48e-11
2020-12-27, 18:44:51, 9.54e-13, 5.44e-11
2020-12-27, 18:44:55, 9.51e-13, 5.44e-11
2020-12-27, 18:44:59, 9.55e-13, 5.45e-11
2020-12-27, 18:45:03, 9.08e-13, 5.44e-11
2020-12-27, 18:45:08, 9.95e-13, 5.44e-11
2020-12-27, 18:45:12, 9.25e-13, 5.44e-11
2020-12-27, 18:45:16, 9.46e-13, 5.44e-11
2020-12-27, 18:45:20, 9.68e-13, 5.47e-11
2020-12-27, 18:45:24, 9.47e-13, 5.45e-11
2020-12-27, 18:45:29, 1.09e-12, 5.48e-11
2020-12-27, 18:45:33, 9.38e-13, 5.47e-11
2020-12-27, 18:45:37, 8.52e-13, 5.45e-11
2020-12-27, 18:45:41, 9.69e-13, 5.44e-11
2020-12-27, 18:45:45, 9.4e-13, 5.45e-11
2020-12-27, 18:45:50, 8.99e-13, 5.49e-11
2020-12-27, 18:45:54, 9.58e-13, 5.44e-11
2020-12-27, 18:45:58, 8.75e-13, 5.47e-11
2020-12-27, 18:46:02, 9.82e-13, 5.45e-11
2020-12-27, 18:46:07, 9.53e-13, 5.45e-11
2020-12-27, 18:46:11, 9.46e-13, 5.46e-11
2020-12-27, 18:46:15, 1.07e-12, 5.46e-11
2020-12-27, 18:46:19, 9.05e-13, 5.44e-11
2020-12-27, 18:46:23, 9.56e-13, 5.46e-11
2020-12-27, 18:46:28, 8.67e-13, 5.45e-11
2020-12-27, 18:46:32, 7.9e-13, 5.43e-11
2020-12-27, 18:46:36, 9.35e-13, 5.43e-11
2020-12-27, 18:46:40, 1.11e-12, 5.47e-11
2020-12-27, 18:46:45, 9.61e-13, 5.45e-11
2020-12-27, 18:46:49, 9.66e-13, 5.46e-11
2020-12-27, 18:46:53, 9.39e-13, 5.5e-11
2020-12-27, 18:46:57, 7.85e-13, 5.46e-11
2020-12-27, 18:47:01, 9e-13, 5.49e-11
2020-12-27, 18:47:06, 8.97e-13, 5.44e-11
2020-12-27, 18:47:10, 9.63e-13, 5.49e-11
2020-12-27, 18:47:14, 9.71e-13, 5.45e-11
2020-12-27, 18:47:18, 9.15e-13, 5.45e-11
2020-12-27, 18:47:23, 9.33e-13, 5.43e-11
2020-12-27, 18:47:27, 1.01e-12, 5.46e-11
2020-12-27, 18:47:31, 9.34e-13, 5.45e-11
2020-12-27, 18:47:35, 9.87e-13, 5.45e-11
2020-12-27, 18:47:39, 9.5e-13, 5.43e-11
2020-12-27, 18:47:44, 8.98e-13, 5.45e-11
2020-12-27, 18:47:48, 9.5e-13, 5.44e-11
2020-12-27, 18:47:52, 9.55e-13, 5.43e-11
2020-12-27, 18:47:56, 9.59e-13, 5.46e-11
2020-12-27, 18:48:01, 8.71e-13, 5.43e-11
2020-12-27, 18:48:05, 9.2e-13, 5.45e-11
2020-12-27, 18:48:09, 9.37e-13, 5.44e-11
2020-12-27, 18:48:13, 9.45e-13, 5.46e-11
2020-12-27, 18:48:17, 9.16e-13, 5.45e-11
2020-12-27, 18:48:22, 9.28e-13, 5.46e-11
2020-12-27, 18:48:26, 8.98e-13, 5.42e-11
2020-12-27, 18:48:30, 8.98e-13, 5.42e-11
2020-12-27, 18:48:34, 9.91e-13, 5.47e-11
2020-12-27, 18:48:39, 9.18e-13, 5.46e-11
2020-12-27, 18:48:43, 9.34e-13, 5.41e-11
2020-12-27, 18:48:47, 9.42e-13, 5.45e-11
2020-12-27, 18:48:51, 9.21e-13, 5.43e-11
2020-12-27, 18:48:55, 9.45e-13, 5.43e-11
2020-12-27, 18:49:00, 8.38e-13, 5.43e-11
2020-12-27, 18:49:04, 8.73e-13, 5.44e-11
2020-12-27, 18:49:08, 9.25e-13, 5.42e-11
2020-12-27, 18:49:12, 9.02e-13, 5.45e-11
2020-12-27, 18:49:17, 8.9e-13, 5.44e-11
2020-12-27, 18:49:21, 9.97e-13, 5.46e-11
2020-12-27, 18:49:25, 9.3e-13, 5.44e-11
2020-12-27, 18:49:29, 9.21e-13, 5.44e-11
2020-12-27, 18:49:33, 8.98e-13, 5.45e-11
2020-12-27, 18:49:38, 9.53e-13, 5.45e-11
2020-12-27, 18:49:42, 8.68e-13, 5.5e-11
2020-12-27, 18:49:47, 9.45e-13, 5.46e-11
2020-12-27, 18:49:51, 9.4e-13, 5.43e-11
2020-12-27, 18:49:55, 8.99e-13, 5.42e-11
2020-12-27, 18:49:59, 9.65e-13, 5.45e-11
2020-12-27, 18:50:03, 9.24e-13, 5.4e-11
2020-12-27, 18:50:08, 9.23e-13, 5.44e-11
2020-12-27, 18:50:12, 8.69e-13, 5.43e-11
2020-12-27, 18:50:16, 9.65e-13, 5.45e-11
2020-12-27, 18:50:20, 9.58e-13, 5.45e-11
2020-12-27, 18:50:25, 1.01e-12, 5.43e-11
2020-12-27, 18:50:29, 9.43e-13, 5.43e-11
2020-12-27, 18:50:33, 9.31e-13, 5.42e-11
2020-12-27, 18:50:37, 9.25e-13, 5.43e-11
2020-12-27, 18:50:41, 1e-12, 5.43e-11
2020-12-27, 18:50:46, 9.54e-13, 5.46e-11
2020-12-27, 18:50:50, 9.75e-13, 5.44e-11
2020-12-27, 18:50:54, 7.94e-13, 5.43e-11
2020-12-27, 18:50:58, 9.31e-13, 5.47e-11
2020-12-27, 18:51:03, 9.73e-13, 5.43e-11
2020-12-27, 18:51:07, 9.53e-13, 5.44e-11
2020-12-27, 18:51:11, 9.04e-13, 5.44e-11
2020-12-27, 18:51:15, 9.12e-13, 5.43e-11
2020-12-27, 18:51:19, 9.38e-13, 5.43e-11
2020-12-27, 18:51:24, 9.29e-13, 5.47e-11
2020-12-27, 18:51:28, 8.82e-13, 5.43e-11
2020-12-27, 18:51:32, 8.73e-13, 5.44e-11
2020-12-27, 18:51:36, 8.86e-13, 5.45e-11
2020-12-27, 18:51:40, 9.56e-13, 5.45e-11
2020-12-27, 18:51:45, 9.65e-13, 5.44e-11
2020-12-27, 18:51:49, 1.06e-12, 5.47e-11
2020-12-27, 18:51:53, 9.06e-13, 5.48e-11
2020-12-27, 18:51:57, 9.51e-13, 5.41e-11
2020-12-27, 18:52:02, 8.28e-13, 5.39e-11
2020-12-27, 18:52:06, 9.18e-13, 5.4e-11
2020-12-27, 18:52:10, 9.95e-13, 5.4e-11
2020-12-27, 18:52:14, 9.45e-13, 5.4e-11
2020-12-27, 18:52:18, 8.38e-13, 5.39e-11
2020-12-27, 18:52:23, 8.61e-13, 5.37e-11
2020-12-27, 18:52:27, 8.99e-13, 5.42e-11
2020-12-27, 18:52:31, 9.06e-13, 5.47e-11
2020-12-27, 18:52:35, 9.38e-13, 5.42e-11
2020-12-27, 18:52:40, 9.61e-13, 5.43e-11
2020-12-27, 18:52:44, 9.07e-13, 5.46e-11
2020-12-27, 18:52:48, 9.3e-13, 5.44e-11
2020-12-27, 18:52:52, 9.72e-13, 5.39e-11
2020-12-27, 18:52:56, 8.72e-13, 5.43e-11
2020-12-27, 18:53:01, 9.81e-13, 5.42e-11
2020-12-27, 18:53:05, 9.29e-13, 5.45e-11
2020-12-27, 18:53:09, 9.35e-13, 5.43e-11
2020-12-27, 18:53:13, 8.82e-13, 5.43e-11
2020-12-27, 18:53:18, 9.76e-13, 5.47e-11
2020-12-27, 18:53:22, 9.76e-13, 5.47e-11
2020-12-27, 18:53:26, 9.12e-13, 5.43e-11
2020-12-27, 18:53:30, 9.24e-13, 5.46e-11
2020-12-27, 18:53:34, 9.4e-13, 5.41e-11
2020-12-27, 18:53:39, 9.17e-13, 5.42e-11
2020-12-27, 18:53:43, 9.57e-13, 5.44e-11
2020-12-27, 18:53:47, 8.63e-13, 5.41e-11
2020-12-27, 18:53:51, 9.14e-13, 5.42e-11
2020-12-27, 18:53:56, 8.92e-13, 5.44e-11
2020-12-27, 18:54:00, 9.2e-13, 5.42e-11
2020-12-27, 18:54:04, 9.5e-13, 5.43e-11
2020-12-27, 18:54:08, 9.69e-13, 5.42e-11
2020-12-27, 18:54:12, 1.06e-12, 5.41e-11
2020-12-27, 18:54:17, 9.71e-13, 5.42e-11
2020-12-27, 18:54:21, 9.33e-13, 5.4e-11
2020-12-27, 18:54:25, 9.03e-13, 5.45e-11
2020-12-27, 18:54:29, 9.03e-13, 5.43e-11
2020-12-27, 18:54:34, 9.11e-13, 5.43e-11
2020-12-27, 18:54:38, 9.45e-13, 5.44e-11
2020-12-27, 18:54:42, 8.76e-13, 5.46e-11
2020-12-27, 18:54:46, 9.44e-13, 5.46e-11
2020-12-27, 18:54:50, 9.16e-13, 5.45e-11
2020-12-27, 18:54:55, 9.95e-13, 5.43e-11
2020-12-27, 18:54:59, 9.58e-13, 5.42e-11
2020-12-27, 18:55:03, 8.42e-13, 5.47e-11
2020-12-27, 18:55:07, 8.87e-13, 5.43e-11
2020-12-27, 18:55:12, 9.36e-13, 5.42e-11
2020-12-27, 18:55:16, 1.04e-12, 5.4e-11
2020-12-27, 18:55:20, 9.7e-13, 5.42e-11
2020-12-27, 18:55:24, 9.18e-13, 5.45e-11
2020-12-27, 18:55:28, 8.98e-13, 5.42e-11
2020-12-27, 18:55:33, 9.69e-13, 5.43e-11
2020-12-27, 18:55:37, 9.14e-13, 5.41e-11
2020-12-27, 18:55:41, 9.17e-13, 5.41e-11
2020-12-27, 18:55:45, 9.35e-13, 5.45e-11
2020-12-27, 18:55:50, 8.49e-13, 5.43e-11
2020-12-27, 18:55:54, 9.38e-13, 5.46e-11
2020-12-27, 18:55:58, 9.11e-13, 5.46e-11
2020-12-27, 18:56:02, 9.05e-13, 5.43e-11
2020-12-27, 18:56:06, 8.63e-13, 5.46e-11
2020-12-27, 18:56:11, 1.04e-12, 5.42e-11
2020-12-27, 18:56:15, 8.38e-13, 5.47e-11
2020-12-27, 18:56:19, 8.94e-13, 5.45e-11
2020-12-27, 18:56:23, 9.75e-13, 5.44e-11
2020-12-27, 18:56:28, 9.5e-13, 5.42e-11
2020-12-27, 18:56:32, 9.22e-13, 5.46e-11
2020-12-27, 18:56:36, 9.69e-13, 5.4e-11
2020-12-27, 18:56:40, 8.48e-13, 5.43e-11
2020-12-27, 18:56:44, 9.29e-13, 5.41e-11
2020-12-27, 18:56:49, 1.05e-12, 5.42e-11
2020-12-27, 18:56:53, 9.31e-13, 5.45e-11
2020-12-27, 18:56:57, 9.43e-13, 5.45e-11
2020-12-27, 18:57:01, 9.82e-13, 5.45e-11
2020-12-27, 18:57:05, 9.71e-13, 5.46e-11
2020-12-27, 18:57:10, 8.55e-13, 5.41e-11
2020-12-27, 18:57:14, 9.61e-13, 5.43e-11
2020-12-27, 18:57:18, 9.33e-13, 5.46e-11
2020-12-27, 18:57:22, 9.71e-13, 5.43e-11
2020-12-27, 18:57:27, 8.57e-13, 5.43e-11
2020-12-27, 18:57:31, 9.53e-13, 5.46e-11
2020-12-27, 18:57:35, 9.89e-13, 5.46e-11
2020-12-27, 18:57:39, 9.09e-13, 5.44e-11
2020-12-27, 18:57:43, 8.94e-13, 5.42e-11
2020-12-27, 18:57:48, 9.22e-13, 5.44e-11
2020-12-27, 18:57:52, 9.24e-13, 5.42e-11
2020-12-27, 18:57:56, 1.1e-12, 5.43e-11
2020-12-27, 18:58:00, 9.56e-13, 5.44e-11
2020-12-27, 18:58:05, 9.48e-13, 5.46e-11
2020-12-27, 18:58:09, 9.76e-13, 5.43e-11
2020-12-27, 18:58:13, 8.8e-13, 5.44e-11
2020-12-27, 18:58:17, 9.48e-13, 5.4e-11
2020-12-27, 18:58:21, 9.21e-13, 5.43e-11
2020-12-27, 18:58:26, 9.08e-13, 5.38e-11
2020-12-27, 18:58:30, 9.83e-13, 5.39e-11
2020-12-27, 18:58:34, 9.07e-13, 5.41e-11
2020-12-27, 18:58:38, 8.72e-13, 5.44e-11
2020-12-27, 18:58:43, 8.92e-13, 5.46e-11
2020-12-27, 18:58:47, 9.55e-13, 5.43e-11
2020-12-27, 18:58:51, 9.06e-13, 5.43e-11
2020-12-27, 18:58:55, 9.91e-13, 5.45e-11
2020-12-27, 18:58:59, 9.41e-13, 5.44e-11
2020-12-27, 18:59:04, 9.48e-13, 5.46e-11
2020-12-27, 18:59:08, 8.53e-13, 5.45e-11
2020-12-27, 18:59:12, 9.4e-13, 5.43e-11
2020-12-27, 18:59:16, 9.51e-13, 5.42e-11
2020-12-27, 18:59:21, 9.02e-13, 5.42e-11
2020-12-27, 18:59:25, 8.95e-13, 5.43e-11
2020-12-27, 18:59:29, 9.26e-13, 5.42e-11
2020-12-27, 18:59:33, 9.83e-13, 5.44e-11
2020-12-27, 18:59:37, 9.65e-13, 5.47e-11
2020-12-27, 18:59:42, 8.93e-13, 5.43e-11
2020-12-27, 18:59:46, 8.03e-13, 5.45e-11
2020-12-27, 18:59:50, 8.99e-13, 5.46e-11
2020-12-27, 18:59:54, 9.15e-13, 5.43e-11
2020-12-27, 18:59:59, 9.82e-13, 5.46e-11
2020-12-27, 19:00:03, 9.04e-13, 5.46e-11
2020-12-27, 19:00:07, 9.56e-13, 5.43e-11
2020-12-27, 19:00:11, 9.85e-13, 5.43e-11
2020-12-27, 19:00:15, 9.49e-13, 5.46e-11
2020-12-27, 19:00:20, 9.1e-13, 5.46e-11
2020-12-27, 19:00:24, 9.59e-13, 5.46e-11
2020-12-27, 19:00:28, 9.77e-13, 5.45e-11
2020-12-27, 19:00:32, 9.02e-13, 5.44e-11
2020-12-27, 19:00:37, 1e-12, 5.43e-11
2020-12-27, 19:00:41, 8.99e-13, 5.46e-11
2020-12-27, 19:00:45, 8.92e-13, 5.46e-11
2020-12-27, 19:00:49, 9.09e-13, 5.42e-11
2020-12-27, 19:00:53, 9.14e-13, 5.46e-11
2020-12-27, 19:00:58, 1.01e-12, 5.43e-11
2020-12-27, 19:01:02, 9.74e-13, 5.43e-11
2020-12-27, 19:01:06, 9.17e-13, 5.47e-11
2020-12-27, 19:01:10, 9.18e-13, 5.45e-11
2020-12-27, 19:01:14, 9.2e-13, 5.45e-11
2020-12-27, 19:01:19, 9.65e-13, 5.49e-11
2020-12-27, 19:01:23, 9.81e-13, 5.43e-11
2020-12-27, 19:01:27, 9.81e-13, 5.44e-11
2020-12-27, 19:01:31, 9.98e-13, 5.47e-11
2020-12-27, 19:01:36, 7.97e-13, 5.44e-11
2020-12-27, 19:01:40, 9.37e-13, 5.46e-11
2020-12-27, 19:01:44, 9.05e-13, 5.44e-11
2020-12-27, 19:01:48, 9.07e-13, 5.42e-11
2020-12-27, 19:01:52, 9.11e-13, 5.4e-11
2020-12-27, 19:01:57, 9.62e-13, 5.41e-11
2020-12-27, 19:02:01, 9.09e-13, 5.43e-11
2020-12-27, 19:02:05, 9.53e-13, 5.44e-11
2020-12-27, 19:02:09, 9.88e-13, 5.44e-11
2020-12-27, 19:02:14, 9.01e-13, 5.42e-11
2020-12-27, 19:02:18, 9.05e-13, 5.45e-11
2020-12-27, 19:02:22, 9.98e-13, 5.44e-11
2020-12-27, 19:02:26, 9.64e-13, 5.43e-11
2020-12-27, 19:02:30, 9.5e-13, 5.45e-11
2020-12-27, 19:02:35, 9.5e-13, 5.42e-11
2020-12-27, 19:02:39, 8.98e-13, 5.45e-11
2020-12-27, 19:02:43, 8.73e-13, 5.43e-11
2020-12-27, 19:02:47, 9.38e-13, 5.44e-11
2020-12-27, 19:02:52, 9.65e-13, 5.42e-11
2020-12-27, 19:02:56, 9.59e-13, 5.42e-11
2020-12-27, 19:03:00, 8.18e-13, 5.42e-11
2020-12-27, 19:03:04, 9.37e-13, 5.43e-11
2020-12-27, 19:03:08, 9.17e-13, 5.43e-11
2020-12-27, 19:03:13, 9.71e-13, 5.45e-11
2020-12-27, 19:03:17, 9.3e-13, 5.46e-11
2020-12-27, 19:03:21, 8.68e-13, 5.46e-11
2020-12-27, 19:03:25, 9.18e-13, 5.42e-11
2020-12-27, 19:03:30, 9.52e-13, 5.43e-11
2020-12-27, 19:03:34, 8.59e-13, 5.43e-11
2020-12-27, 19:03:38, 9.32e-13, 5.44e-11
2020-12-27, 19:03:42, 8.93e-13, 5.45e-11
2020-12-27, 19:03:46, 9.23e-13, 5.45e-11
2020-12-27, 19:03:51, 8.84e-13, 5.43e-11
2020-12-27, 19:03:55, 1e-12, 5.44e-11
2020-12-27, 19:03:59, 9.39e-13, 5.42e-11
2020-12-27, 19:04:03, 8.78e-13, 5.41e-11
2020-12-27, 19:04:08, 9.82e-13, 5.42e-11
2020-12-27, 19:04:12, 9.38e-13, 5.41e-11
2020-12-27, 19:04:16, 9.32e-13, 5.45e-11
2020-12-27, 19:04:20, 9.87e-13, 5.4e-11
2020-12-27, 19:04:24, 9.14e-13, 5.44e-11
2020-12-27, 19:04:29, 8.84e-13, 5.42e-11
2020-12-27, 19:04:33, 9.34e-13, 5.43e-11
2020-12-27, 19:04:37, 9.09e-13, 5.43e-11
2020-12-27, 19:04:41, 9.88e-13, 5.47e-11
2020-12-27, 19:04:45, 9.52e-13, 5.43e-11
2020-12-27, 19:04:50, 9.63e-13, 5.45e-11
2020-12-27, 19:04:54, 9.22e-13, 5.42e-11
2020-12-27, 19:04:58, 9.99e-13, 5.44e-11
2020-12-27, 19:05:02, 9.62e-13, 5.41e-11
2020-12-27, 19:05:07, 9e-13, 5.44e-11
2020-12-27, 19:05:11, 9.35e-13, 5.42e-11
2020-12-27, 19:05:15, 9.61e-13, 5.41e-11
2020-12-27, 19:05:19, 9.45e-13, 5.43e-11
2020-12-27, 19:05:23, 7.87e-13, 5.46e-11
2020-12-27, 19:05:28, 9.33e-13, 5.45e-11
2020-12-27, 19:05:32, 8.5e-13, 5.43e-11
2020-12-27, 19:05:36, 9.69e-13, 5.47e-11
2020-12-27, 19:05:40, 9.43e-13, 5.47e-11
2020-12-27, 19:05:45, 9.13e-13, 5.46e-11
2020-12-27, 19:05:49, 9.84e-13, 5.44e-11
2020-12-27, 19:05:53, 8.22e-13, 5.42e-11
2020-12-27, 19:05:57, 9.64e-13, 5.45e-11
2020-12-27, 19:06:01, 9.77e-13, 5.48e-11
2020-12-27, 19:06:06, 8.19e-13, 5.39e-11
2020-12-27, 19:06:10, 9.8e-13, 5.41e-11
2020-12-27, 19:06:14, 1.06e-12, 5.45e-11
2020-12-27, 19:06:18, 1.04e-12, 5.38e-11
2020-12-27, 19:06:23, 9.82e-13, 5.41e-11
2020-12-27, 19:06:27, 9.2e-13, 5.45e-11
2020-12-27, 19:06:31, 9.5e-13, 5.44e-11
2020-12-27, 19:06:35, 1.02e-12, 5.46e-11
2020-12-27, 19:06:39, 8.9e-13, 5.48e-11
2020-12-27, 19:06:44, 9.01e-13, 5.46e-11
2020-12-27, 19:06:48, 9.12e-13, 5.48e-11
2020-12-27, 19:06:52, 8.66e-13, 5.44e-11
2020-12-27, 19:06:56, 9.01e-13, 5.43e-11
2020-12-27, 19:07:01, 9.64e-13, 5.45e-11
2020-12-27, 19:07:05, 9.9e-13, 5.45e-11
2020-12-27, 19:07:09, 9.29e-13, 5.42e-11
2020-12-27, 19:07:13, 8.72e-13, 5.43e-11
2020-12-27, 19:07:17, 8.82e-13, 5.43e-11
2020-12-27, 19:07:22, 9.25e-13, 5.47e-11
2020-12-27, 19:07:26, 9.68e-13, 5.43e-11
2020-12-27, 19:07:30, 9.01e-13, 5.41e-11
2020-12-27, 19:07:34, 9.11e-13, 5.43e-11
2020-12-27, 19:07:39, 9.1e-13, 5.41e-11
2020-12-27, 19:07:43, 9.3e-13, 5.43e-11
2020-12-27, 19:07:47, 9.82e-13, 5.45e-11
2020-12-27, 19:07:51, 9.52e-13, 5.47e-11
2020-12-27, 19:07:55, 1.03e-12, 5.46e-11
2020-12-27, 19:08:00, 9.5e-13, 5.43e-11
2020-12-27, 19:08:04, 1.07e-12, 5.43e-11
2020-12-27, 19:08:08, 9.44e-13, 5.43e-11
2020-12-27, 19:08:12, 9.23e-13, 5.44e-11
2020-12-27, 19:08:16, 9.09e-13, 5.42e-11
2020-12-27, 19:08:21, 9.81e-13, 5.44e-11
2020-12-27, 19:08:25, 9.55e-13, 5.45e-11
2020-12-27, 19:08:29, 9.41e-13, 5.44e-11
2020-12-27, 19:08:33, 9.08e-13, 5.44e-11
2020-12-27, 19:08:38, 9.16e-13, 5.45e-11
2020-12-27, 19:08:42, 9.02e-13, 5.45e-11
2020-12-27, 19:08:46, 8.65e-13, 5.47e-11
2020-12-27, 19:08:50, 1.02e-12, 5.45e-11
2020-12-27, 19:08:54, 9.3e-13, 5.44e-11
2020-12-27, 19:08:59, 8.8e-13, 5.43e-11
2020-12-27, 19:09:03, 9.69e-13, 5.44e-11
2020-12-27, 19:09:07, 9.22e-13, 5.44e-11
2020-12-27, 19:09:11, 9.02e-13, 5.43e-11
2020-12-27, 19:09:16, 1e-12, 5.45e-11
2020-12-27, 19:09:20, 9.69e-13, 5.43e-11
2020-12-27, 19:09:24, 9.27e-13, 5.4e-11
2020-12-27, 19:09:28, 1.07e-12, 5.44e-11
2020-12-27, 19:09:32, 9.72e-13, 5.42e-11
2020-12-27, 19:09:37, 7.99e-13, 5.45e-11
2020-12-27, 19:09:41, 9.58e-13, 5.41e-11
2020-12-27, 19:09:45, 9.28e-13, 5.41e-11
2020-12-27, 19:09:49, 9.9e-13, 5.43e-11
2020-12-27, 19:09:54, 9.46e-13, 5.4e-11
2020-12-27, 19:09:58, 9.31e-13, 5.42e-11
2020-12-27, 19:10:02, 1.02e-12, 5.41e-11
2020-12-27, 19:10:06, 1.02e-12, 5.43e-11
2020-12-27, 19:10:10, 9.42e-13, 5.44e-11
2020-12-27, 19:10:15, 8.74e-13, 5.45e-11
2020-12-27, 19:10:19, 1.02e-12, 5.44e-11
2020-12-27, 19:10:23, 9.18e-13, 5.44e-11
2020-12-27, 19:10:27, 9.2e-13, 5.41e-11
2020-12-27, 19:10:32, 9.22e-13, 5.46e-11
2020-12-27, 19:10:36, 9.26e-13, 5.45e-11
2020-12-27, 19:10:40, 9.27e-13, 5.45e-11
2020-12-27, 19:10:44, 9.06e-13, 5.45e-11
2020-12-27, 19:10:48, 9.88e-13, 5.47e-11
2020-12-27, 19:10:53, 9.46e-13, 5.44e-11
2020-12-27, 19:10:57, 9.61e-13, 5.43e-11
2020-12-27, 19:11:01, 8.67e-13, 5.43e-11
2020-12-27, 19:11:05, 9.66e-13, 5.42e-11
2020-12-27, 19:11:10, 8.98e-13, 5.44e-11
2020-12-27, 19:11:14, 8.9e-13, 5.46e-11
2020-12-27, 19:11:18, 9.84e-13, 5.41e-11
2020-12-27, 19:11:22, 7.98e-13, 5.4e-11
2020-12-27, 19:11:26, 9.27e-13, 5.41e-11
2020-12-27, 19:11:31, 9.17e-13, 5.44e-11
2020-12-27, 19:11:35, 9.48e-13, 5.41e-11
2020-12-27, 19:11:39, 9.88e-13, 5.43e-11
2020-12-27, 19:11:43, 9e-13, 5.43e-11
2020-12-27, 19:11:47, 8.87e-13, 5.42e-11
2020-12-27, 19:11:52, 9.58e-13, 5.44e-11
2020-12-27, 19:11:56, 8.96e-13, 5.42e-11
2020-12-27, 19:12:00, 9.41e-13, 5.39e-11
2020-12-27, 19:12:04, 9.55e-13, 5.41e-11
2020-12-27, 19:12:09, 8.9e-13, 5.42e-11
2020-12-27, 19:12:13, 9.34e-13, 5.44e-11
2020-12-27, 19:12:17, 9.37e-13, 5.42e-11
2020-12-27, 19:12:21, 9.17e-13, 5.41e-11
2020-12-27, 19:12:25, 9.8e-13, 5.42e-11
2020-12-27, 19:12:30, 9.35e-13, 5.4e-11
2020-12-27, 19:12:34, 7.62e-13, 5.41e-11
2020-12-27, 19:12:38, 9.54e-13, 5.43e-11
2020-12-27, 19:12:42, 9.02e-13, 5.43e-11
2020-12-27, 19:12:47, 9.27e-13, 5.43e-11
2020-12-27, 19:12:51, 9.4e-13, 5.44e-11
2020-12-27, 19:12:55, 9.03e-13, 5.44e-11
2020-12-27, 19:12:59, 9.22e-13, 5.44e-11
2020-12-27, 19:13:03, 9.2e-13, 5.45e-11
2020-12-27, 19:13:08, 9.57e-13, 5.47e-11
2020-12-27, 19:13:12, 8.73e-13, 5.44e-11
2020-12-27, 19:13:16, 9.12e-13, 5.44e-11
2020-12-27, 19:13:20, 9.64e-13, 5.43e-11
2020-12-27, 19:13:25, 9.17e-13, 5.46e-11
2020-12-27, 19:13:29, 8.96e-13, 5.43e-11
2020-12-27, 19:13:33, 7.54e-13, 5.45e-11
2020-12-27, 19:13:37, 9.4e-13, 5.46e-11
2020-12-27, 19:13:41, 9.48e-13, 5.42e-11
2020-12-27, 19:13:46, 9.32e-13, 5.46e-11
2020-12-27, 19:13:50, 9.17e-13, 5.44e-11
2020-12-27, 19:13:54, 9.74e-13, 5.45e-11
2020-12-27, 19:13:58, 9.52e-13, 5.45e-11
2020-12-27, 19:14:03, 9.19e-13, 5.43e-11
2020-12-27, 19:14:07, 1.1e-12, 5.44e-11
2020-12-27, 19:14:11, 9.46e-13, 5.46e-11
2020-12-27, 19:14:15, 9.1e-13, 5.44e-11
2020-12-27, 19:14:19, 9.28e-13, 5.43e-11
2020-12-27, 19:14:24, 9.24e-13, 5.47e-11
2020-12-27, 19:14:28, 8.58e-13, 5.44e-11
2020-12-27, 19:14:32, 9.42e-13, 5.43e-11
2020-12-27, 19:14:36, 8.92e-13, 5.45e-11
2020-12-27, 19:14:41, 9.19e-13, 5.4e-11
2020-12-27, 19:14:45, 9.86e-13, 5.43e-11
2020-12-27, 19:14:49, 8.03e-13, 5.42e-11
2020-12-27, 19:14:53, 9.43e-13, 5.44e-11
2020-12-27, 19:14:57, 9.39e-13, 5.47e-11
2020-12-27, 19:15:02, 1.03e-12, 5.43e-11
2020-12-27, 19:15:06, 8.98e-13, 5.41e-11
2020-12-27, 19:15:10, 9.25e-13, 5.44e-11
2020-12-27, 19:15:14, 8.68e-13, 5.42e-11
2020-12-27, 19:15:19, 9.28e-13, 5.45e-11
2020-12-27, 19:15:23, 8.89e-13, 5.42e-11
2020-12-27, 19:15:27, 8.35e-13, 5.42e-11
2020-12-27, 19:15:31, 9.37e-13, 5.42e-11
2020-12-27, 19:15:35, 9.96e-13, 5.44e-11
2020-12-27, 19:15:40, 9.26e-13, 5.44e-11
2020-12-27, 19:15:44, 9.15e-13, 5.42e-11
2020-12-27, 19:15:48, 9.8e-13, 5.43e-11
2020-12-27, 19:15:52, 9.26e-13, 5.4e-11
2020-12-27, 19:15:56, 8.81e-13, 5.43e-11
2020-12-27, 19:16:01, 8.98e-13, 5.46e-11
2020-12-27, 19:16:05, 1e-12, 5.4e-11
2020-12-27, 19:16:09, 9.4e-13, 5.44e-11
2020-12-27, 19:16:13, 9.69e-13, 5.43e-11
2020-12-27, 19:16:18, 9.53e-13, 5.45e-11
2020-12-27, 19:16:22, 8.79e-13, 5.43e-11
2020-12-27, 19:16:26, 9.22e-13, 5.42e-11
2020-12-27, 19:16:30, 8.29e-13, 5.44e-11
2020-12-27, 19:16:34, 9.64e-13, 5.45e-11
2020-12-27, 19:16:39, 9.78e-13, 5.44e-11
2020-12-27, 19:16:43, 9.31e-13, 5.47e-11
2020-12-27, 19:16:47, 9.44e-13, 5.44e-11
2020-12-27, 19:16:51, 9.11e-13, 5.45e-11
2020-12-27, 19:16:56, 9.08e-13, 5.43e-11
2020-12-27, 19:17:00, 9.18e-13, 5.44e-11
2020-12-27, 19:17:04, 9.41e-13, 5.46e-11
2020-12-27, 19:17:08, 9.46e-13, 5.44e-11
2020-12-27, 19:17:12, 8.83e-13, 5.45e-11
2020-12-27, 19:17:17, 9.26e-13, 5.45e-11
2020-12-27, 19:17:21, 9.49e-13, 5.43e-11
2020-12-27, 19:17:25, 9.31e-13, 5.43e-11
2020-12-27, 19:17:29, 9.92e-13, 5.42e-11
2020-12-27, 19:17:34, 9.17e-13, 5.4e-11
2020-12-27, 19:17:38, 9.54e-13, 5.44e-11
2020-12-27, 19:17:42, 9.39e-13, 5.43e-11
2020-12-27, 19:17:46, 9.19e-13, 5.41e-11
2020-12-27, 19:17:50, 9.43e-13, 5.42e-11
2020-12-27, 19:17:55, 9.33e-13, 5.42e-11
2020-12-27, 19:17:59, 9.66e-13, 5.44e-11
2020-12-27, 19:18:03, 9.01e-13, 5.43e-11
2020-12-27, 19:18:07, 9.46e-13, 5.44e-11
2020-12-27, 19:18:12, 1.09e-12, 5.41e-11
2020-12-27, 19:18:16, 9.23e-13, 5.43e-11
2020-12-27, 19:18:20, 9.67e-13, 5.39e-11
2020-12-27, 19:18:24, 9.64e-13, 5.43e-11
2020-12-27, 19:18:28, 9.51e-13, 5.43e-11
2020-12-27, 19:18:33, 1.06e-12, 5.44e-11
2020-12-27, 19:18:37, 9.3e-13, 5.42e-11
2020-12-27, 19:18:41, 9.35e-13, 5.44e-11
2020-12-27, 19:18:45, 9.13e-13, 5.37e-11
2020-12-27, 19:18:50, 9.67e-13, 5.39e-11
2020-12-27, 19:18:54, 9.63e-13, 5.39e-11
2020-12-27, 19:18:58, 9.59e-13, 5.43e-11
2020-12-27, 19:19:02, 9.23e-13, 5.4e-11
2020-12-27, 19:19:06, 1.02e-12, 5.39e-11
2020-12-27, 19:19:11, 8.75e-13, 5.41e-11
2020-12-27, 19:19:15, 9.08e-13, 5.4e-11
2020-12-27, 19:19:19, 9.99e-13, 5.41e-11
2020-12-27, 19:19:23, 8.85e-13, 5.43e-11
2020-12-27, 19:19:28, 9.69e-13, 5.42e-11
2020-12-27, 19:19:32, 9.3e-13, 5.47e-11
2020-12-27, 19:19:36, 9.85e-13, 5.43e-11
2020-12-27, 19:19:40, 9.18e-13, 5.43e-11
2020-12-27, 19:19:44, 8.99e-13, 5.43e-11
2020-12-27, 19:19:49, 9.37e-13, 5.45e-11
2020-12-27, 19:19:53, 1.01e-12, 5.45e-11
2020-12-27, 19:19:57, 9.39e-13, 5.43e-11
2020-12-27, 19:20:01, 8.11e-13, 5.42e-11
2020-12-27, 19:20:06, 9.25e-13, 5.43e-11
2020-12-27, 19:20:10, 9.71e-13, 5.45e-11
2020-12-27, 19:20:14, 9.55e-13, 5.4e-11
2020-12-27, 19:20:18, 1.02e-12, 5.43e-11
2020-12-27, 19:20:22, 9.41e-13, 5.44e-11
2020-12-27, 19:20:27, 8.61e-13, 5.43e-11
2020-12-27, 19:20:31, 9.32e-13, 5.44e-11
2020-12-27, 19:20:35, 9.2e-13, 5.42e-11
2020-12-27, 19:20:39, 9.28e-13, 5.43e-11
2020-12-27, 19:20:43, 9.49e-13, 5.43e-11
2020-12-27, 19:20:48, 9.42e-13, 5.44e-11
2020-12-27, 19:20:52, 9.46e-13, 5.45e-11
2020-12-27, 19:20:56, 8.87e-13, 5.44e-11
2020-12-27, 19:21:00, 9.79e-13, 5.45e-11
2020-12-27, 19:21:05, 9.46e-13, 5.43e-11
2020-12-27, 19:21:09, 9.11e-13, 5.43e-11
2020-12-27, 19:21:13, 9.18e-13, 5.44e-11
2020-12-27, 19:21:17, 8.65e-13, 5.42e-11
2020-12-27, 19:21:21, 8.79e-13, 5.43e-11
2020-12-27, 19:21:26, 8.78e-13, 5.41e-11
2020-12-27, 19:21:30, 9.18e-13, 5.43e-11
2020-12-27, 19:21:34, 1e-12, 5.44e-11
2020-12-27, 19:21:38, 8.68e-13, 5.44e-11
2020-12-27, 19:21:43, 9.36e-13, 5.41e-11
2020-12-27, 19:21:47, 9.8e-13, 5.43e-11
2020-12-27, 19:21:51, 9.16e-13, 5.45e-11
2020-12-27, 19:21:55, 9.43e-13, 5.41e-11
2020-12-27, 19:21:59, 9.74e-13, 5.41e-11
2020-12-27, 19:22:04, 8.55e-13, 5.44e-11
2020-12-27, 19:22:08, 9.67e-13, 5.43e-11
2020-12-27, 19:22:12, 8.54e-13, 5.43e-11
2020-12-27, 19:22:16, 9.62e-13, 5.43e-11
2020-12-27, 19:22:21, 9.16e-13, 5.47e-11
2020-12-27, 19:22:25, 9.27e-13, 5.39e-11
2020-12-27, 19:22:29, 9.35e-13, 5.4e-11
2020-12-27, 19:22:33, 9.46e-13, 5.42e-11
2020-12-27, 19:22:37, 1.04e-12, 5.43e-11
2020-12-27, 19:22:42, 9.01e-13, 5.43e-11
2020-12-27, 19:22:46, 9.75e-13, 5.44e-11
2020-12-27, 19:22:50, 8.37e-13, 5.46e-11
2020-12-27, 19:22:54, 8.71e-13, 5.42e-11
2020-12-27, 19:22:59, 8.94e-13, 5.44e-11
2020-12-27, 19:23:03, 9.03e-13, 5.42e-11
2020-12-27, 19:23:07, 8.96e-13, 5.43e-11
2020-12-27, 19:23:11, 8.91e-13, 5.42e-11
2020-12-27, 19:23:15, 9.26e-13, 5.43e-11
2020-12-27, 19:23:20, 8.7e-13, 5.44e-11
2020-12-27, 19:23:24, 9.07e-13, 5.43e-11
2020-12-27, 19:23:28, 8.75e-13, 5.43e-11
2020-12-27, 19:23:32, 9.46e-13, 5.42e-11
2020-12-27, 19:23:37, 9.05e-13, 5.44e-11
2020-12-27, 19:23:41, 8.39e-13, 5.43e-11
2020-12-27, 19:23:45, 1.02e-12, 5.46e-11
2020-12-27, 19:23:49, 9.23e-13, 5.45e-11
2020-12-27, 19:23:53, 1.03e-12, 5.46e-11
2020-12-27, 19:23:58, 9.01e-13, 5.45e-11
2020-12-27, 19:24:02, 9.28e-13, 5.47e-11
2020-12-27, 19:24:06, 9.5e-13, 5.43e-11
2020-12-27, 19:24:10, 9.62e-13, 5.45e-11
2020-12-27, 19:24:15, 9.24e-13, 5.41e-11
2020-12-27, 19:24:19, 9.46e-13, 5.41e-11
2020-12-27, 19:24:23, 9.72e-13, 5.46e-11
2020-12-27, 19:24:27, 9.36e-13, 5.42e-11
2020-12-27, 19:24:31, 8.99e-13, 5.43e-11
2020-12-27, 19:24:36, 8.14e-13, 5.44e-11
2020-12-27, 19:24:40, 9.44e-13, 5.43e-11
2020-12-27, 19:24:44, 9.31e-13, 5.39e-11
2020-12-27, 19:24:48, 9.38e-13, 5.42e-11
2020-12-27, 19:24:52, 9.03e-13, 5.46e-11
2020-12-27, 19:24:57, 9.78e-13, 5.43e-11
2020-12-27, 19:25:01, 9.2e-13, 5.45e-11
2020-12-27, 19:25:05, 9.73e-13, 5.42e-11
2020-12-27, 19:25:09, 8.44e-13, 5.42e-11
2020-12-27, 19:25:14, 9.61e-13, 5.44e-11
2020-12-27, 19:25:18, 1.04e-12, 5.41e-11
2020-12-27, 19:25:22, 1.02e-12, 5.46e-11
2020-12-27, 19:25:26, 9.34e-13, 5.44e-11
2020-12-27, 19:25:30, 9.53e-13, 5.45e-11
2020-12-27, 19:25:35, 9.17e-13, 5.44e-11
2020-12-27, 19:25:39, 8.37e-13, 5.45e-11
2020-12-27, 19:25:43, 9.09e-13, 5.45e-11
2020-12-27, 19:25:47, 9.67e-13, 5.44e-11
2020-12-27, 19:25:52, 8.76e-13, 5.44e-11
2020-12-27, 19:25:56, 9.59e-13, 5.41e-11
2020-12-27, 19:26:00, 8.99e-13, 5.42e-11
2020-12-27, 19:26:04, 9.31e-13, 5.45e-11
2020-12-27, 19:26:08, 7.77e-13, 5.46e-11
2020-12-27, 19:26:13, 9.85e-13, 5.45e-11
2020-12-27, 19:26:17, 9.43e-13, 5.44e-11
2020-12-27, 19:26:21, 9.08e-13, 5.45e-11
2020-12-27, 19:26:25, 1.07e-12, 5.46e-11
2020-12-27, 19:26:30, 9.2e-13, 5.46e-11
2020-12-27, 19:26:34, 9.34e-13, 5.42e-11
2020-12-27, 19:26:38, 9.65e-13, 5.44e-11
2020-12-27, 19:26:42, 9.71e-13, 5.44e-11
2020-12-27, 19:26:46, 9.27e-13, 5.44e-11
2020-12-27, 19:26:51, 8.5e-13, 5.43e-11
2020-12-27, 19:26:55, 9.3e-13, 5.46e-11
2020-12-27, 19:26:59, 9.69e-13, 5.48e-11
2020-12-27, 19:27:03, 8.78e-13, 5.42e-11
2020-12-27, 19:27:08, 9.07e-13, 5.45e-11
2020-12-27, 19:27:12, 1e-12, 5.43e-11
2020-12-27, 19:27:16, 1.05e-12, 5.45e-11
2020-12-27, 19:27:20, 8.5e-13, 5.44e-11
2020-12-27, 19:27:24, 9.38e-13, 5.46e-11
2020-12-27, 19:27:29, 9.31e-13, 5.42e-11
2020-12-27, 19:27:33, 9.51e-13, 5.44e-11
2020-12-27, 19:27:37, 9.12e-13, 5.45e-11
2020-12-27, 19:27:41, 8.73e-13, 5.48e-11
2020-12-27, 19:27:46, 9.26e-13, 5.44e-11
2020-12-27, 19:27:50, 9.48e-13, 5.43e-11
2020-12-27, 19:27:54, 8.85e-13, 5.45e-11
2020-12-27, 19:27:58, 1.04e-12, 5.47e-11
2020-12-27, 19:28:02, 9.28e-13, 5.48e-11
2020-12-27, 19:28:07, 8.81e-13, 5.43e-11
2020-12-27, 19:28:11, 9.16e-13, 5.43e-11
2020-12-27, 19:28:15, 9.07e-13, 5.42e-11
2020-12-27, 19:28:19, 9.06e-13, 5.43e-11
2020-12-27, 19:28:24, 9.85e-13, 5.45e-11
2020-12-27, 19:28:28, 9.57e-13, 5.42e-11
2020-12-27, 19:28:32, 8.45e-13, 5.45e-11
2020-12-27, 19:28:36, 9.75e-13, 5.44e-11
2020-12-27, 19:28:40, 1.02e-12, 5.44e-11
2020-12-27, 19:28:45, 9.42e-13, 5.43e-11
2020-12-27, 19:28:49, 9.05e-13, 5.48e-11
2020-12-27, 19:28:53, 8.48e-13, 5.45e-11
2020-12-27, 19:28:57, 9.31e-13, 5.47e-11
2020-12-27, 19:29:01, 8.59e-13, 5.44e-11
2020-12-27, 19:29:06, 9.7e-13, 5.45e-11
2020-12-27, 19:29:10, 9.79e-13, 5.44e-11
2020-12-27, 19:29:14, 9.39e-13, 5.44e-11
2020-12-27, 19:29:18, 9.44e-13, 5.48e-11
2020-12-27, 19:29:23, 9.08e-13, 5.42e-11
2020-12-27, 19:29:27, 8.57e-13, 5.46e-11
2020-12-27, 19:29:31, 9.5e-13, 5.43e-11
2020-12-27, 19:29:35, 8.9e-13, 5.44e-11
2020-12-27, 19:29:39, 9.68e-13, 5.48e-11
2020-12-27, 19:29:44, 9.04e-13, 5.46e-11
2020-12-27, 19:29:48, 8.83e-13, 5.44e-11
2020-12-27, 19:29:52, 8.15e-13, 5.45e-11
2020-12-27, 19:29:56, 9.35e-13, 5.45e-11
2020-12-27, 19:30:01, 9.27e-13, 5.45e-11
2020-12-27, 19:30:05, 8.61e-13, 5.44e-11
2020-12-27, 19:30:09, 9.03e-13, 5.42e-11
2020-12-27, 19:30:13, 9.74e-13, 5.44e-11
2020-12-27, 19:30:17, 8.6e-13, 5.47e-11
2020-12-27, 19:30:22, 1e-12, 5.43e-11
2020-12-27, 19:30:26, 9.6e-13, 5.48e-11
2020-12-27, 19:30:30, 9.43e-13, 5.48e-11
2020-12-27, 19:30:34, 8.85e-13, 5.44e-11
2020-12-27, 19:30:39, 9.12e-13, 5.43e-11
2020-12-27, 19:30:43, 1.01e-12, 5.44e-11
2020-12-27, 19:30:47, 9.21e-13, 5.43e-11
2020-12-27, 19:30:51, 8.98e-13, 5.43e-11
2020-12-27, 19:30:55, 9.23e-13, 5.46e-11
2020-12-27, 19:31:00, 8.79e-13, 5.44e-11
2020-12-27, 19:31:04, 9.54e-13, 5.46e-11
2020-12-27, 19:31:08, 9.38e-13, 5.42e-11
2020-12-27, 19:31:12, 9.19e-13, 5.44e-11
2020-12-27, 19:31:17, 9.09e-13, 5.47e-11
2020-12-27, 19:31:21, 9.21e-13, 5.41e-11
2020-12-27, 19:31:25, 9.01e-13, 5.43e-11
2020-12-27, 19:31:29, 9.69e-13, 5.43e-11
2020-12-27, 19:31:33, 9.36e-13, 5.42e-11
2020-12-27, 19:31:38, 1.01e-12, 5.44e-11
2020-12-27, 19:31:42, 9.49e-13, 5.47e-11
2020-12-27, 19:31:46, 7.61e-13, 5.44e-11
2020-12-27, 19:31:50, 9.46e-13, 5.44e-11
2020-12-27, 19:31:55, 9.27e-13, 5.49e-11
2020-12-27, 19:31:59, 9.49e-13, 5.51e-11
2020-12-27, 19:32:03, 8.86e-13, 5.44e-11
2020-12-27, 19:32:07, 8.83e-13, 5.44e-11
2020-12-27, 19:32:11, 1.02e-12, 5.4e-11
2020-12-27, 19:32:16, 9.17e-13, 5.46e-11
2020-12-27, 19:32:20, 9.48e-13, 5.44e-11
2020-12-27, 19:32:24, 9e-13, 5.44e-11
2020-12-27, 19:32:28, 8.95e-13, 5.44e-11
2020-12-27, 19:32:33, 9.23e-13, 5.44e-11
2020-12-27, 19:32:37, 1.04e-12, 5.44e-11
2020-12-27, 19:32:41, 8.93e-13, 5.45e-11
2020-12-27, 19:32:45, 1.01e-12, 5.45e-11
2020-12-27, 19:32:49, 7.89e-13, 5.42e-11
2020-12-27, 19:32:54, 9.67e-13, 5.46e-11
2020-12-27, 19:32:58, 9.33e-13, 5.46e-11
2020-12-27, 19:33:02, 9.26e-13, 5.48e-11
2020-12-27, 19:33:06, 9.05e-13, 5.44e-11
2020-12-27, 19:33:10, 9.1e-13, 5.46e-11
2020-12-27, 19:33:15, 9.25e-13, 5.42e-11
2020-12-27, 19:33:19, 9.37e-13, 5.46e-11
2020-12-27, 19:33:23, 9.37e-13, 5.44e-11
2020-12-27, 19:33:27, 9.46e-13, 5.44e-11
2020-12-27, 19:33:32, 9.7e-13, 5.45e-11
2020-12-27, 19:33:36, 8.77e-13, 5.45e-11
2020-12-27, 19:33:40, 9.15e-13, 5.43e-11
2020-12-27, 19:33:44, 9.98e-13, 5.45e-11
2020-12-27, 19:33:48, 9.3e-13, 5.46e-11
2020-12-27, 19:33:53, 9.2e-13, 5.45e-11
2020-12-27, 19:33:57, 8.87e-13, 5.47e-11
2020-12-27, 19:34:01, 9.07e-13, 5.47e-11
2020-12-27, 19:34:05, 7.99e-13, 5.45e-11
2020-12-27, 19:34:10, 9.4e-13, 5.42e-11
2020-12-27, 19:34:14, 9.12e-13, 5.43e-11
2020-12-27, 19:34:18, 9.14e-13, 5.45e-11
2020-12-27, 19:34:22, 9.26e-13, 5.47e-11
2020-12-27, 19:34:26, 9.63e-13, 5.49e-11
2020-12-27, 19:34:31, 9.58e-13, 5.46e-11
2020-12-27, 19:34:35, 9.42e-13, 5.45e-11
2020-12-27, 19:34:39, 9.51e-13, 5.46e-11
2020-12-27, 19:34:43, 9.17e-13, 5.46e-11
2020-12-27, 19:34:48, 8.37e-13, 5.45e-11
2020-12-27, 19:34:52, 8.8e-13, 5.46e-11
2020-12-27, 19:34:56, 9.23e-13, 5.42e-11
2020-12-27, 19:35:00, 8.45e-13, 5.43e-11
2020-12-27, 19:35:04, 9.33e-13, 5.46e-11
2020-12-27, 19:35:09, 9.59e-13, 5.45e-11
2020-12-27, 19:35:13, 9.22e-13, 5.43e-11
2020-12-27, 19:35:17, 9.46e-13, 5.45e-11
2020-12-27, 19:35:21, 9.48e-13, 5.42e-11
2020-12-27, 19:35:26, 9.24e-13, 5.43e-11
2020-12-27, 19:35:30, 9.74e-13, 5.43e-11
2020-12-27, 19:35:34, 9.46e-13, 5.45e-11
2020-12-27, 19:35:38, 9.19e-13, 5.43e-11
2020-12-27, 19:35:42, 9.8e-13, 5.43e-11
2020-12-27, 19:35:47, 9.54e-13, 5.41e-11
2020-12-27, 19:35:51, 9.73e-13, 5.44e-11
2020-12-27, 19:35:55, 8.75e-13, 5.44e-11
2020-12-27, 19:35:59, 8.75e-13, 5.43e-11
2020-12-27, 19:36:04, 9.83e-13, 5.47e-11
2020-12-27, 19:36:08, 9.68e-13, 5.47e-11
2020-12-27, 19:36:12, 9.33e-13, 5.42e-11
2020-12-27, 19:36:16, 9.22e-13, 5.44e-11
2020-12-27, 19:36:20, 9.37e-13, 5.43e-11
2020-12-27, 19:36:25, 8.1e-13, 5.47e-11
2020-12-27, 19:36:29, 7.92e-13, 5.47e-11
2020-12-27, 19:36:33, 9.46e-13, 5.45e-11
2020-12-27, 19:36:37, 1.1e-12, 5.43e-11
2020-12-27, 19:36:42, 9.23e-13, 5.45e-11
2020-12-27, 19:36:46, 9.83e-13, 5.46e-11
2020-12-27, 19:36:50, 9.31e-13, 5.46e-11
2020-12-27, 19:36:54, 9.23e-13, 5.44e-11
2020-12-27, 19:36:58, 9.66e-13, 5.44e-11
2020-12-27, 19:37:03, 9.48e-13, 5.46e-11
2020-12-27, 19:37:07, 9.23e-13, 5.43e-11
2020-12-27, 19:37:11, 9.09e-13, 5.44e-11
2020-12-27, 19:37:15, 9.72e-13, 5.42e-11
2020-12-27, 19:37:19, 8.81e-13, 5.47e-11
2020-12-27, 19:37:24, 9.01e-13, 5.42e-11
2020-12-27, 19:37:28, 9.53e-13, 5.42e-11
2020-12-27, 19:37:32, 9.53e-13, 5.48e-11
2020-12-27, 19:37:36, 1.01e-12, 5.43e-11
2020-12-27, 19:37:41, 9.61e-13, 5.44e-11
2020-12-27, 19:37:45, 9.66e-13, 5.44e-11
2020-12-27, 19:37:49, 9.71e-13, 5.47e-11
2020-12-27, 19:37:53, 9.3e-13, 5.43e-11
2020-12-27, 19:37:57, 9.74e-13, 5.42e-11
2020-12-27, 19:38:02, 8.58e-13, 5.43e-11
2020-12-27, 19:38:06, 8.1e-13, 5.45e-11
2020-12-27, 19:38:10, 9.34e-13, 5.46e-11
2020-12-27, 19:38:14, 8.94e-13, 5.45e-11
2020-12-27, 19:38:19, 9.23e-13, 5.44e-11
2020-12-27, 19:38:23, 1.11e-12, 5.43e-11
2020-12-27, 19:38:27, 9.48e-13, 5.45e-11
2020-12-27, 19:38:31, 1.02e-12, 5.44e-11
2020-12-27, 19:38:35, 9.11e-13, 5.45e-11
2020-12-27, 19:38:40, 9.75e-13, 5.45e-11
2020-12-27, 19:38:44, 9.12e-13, 5.46e-11
2020-12-27, 19:38:48, 9.15e-13, 5.44e-11
2020-12-27, 19:38:52, 9.38e-13, 5.47e-11
2020-12-27, 19:38:57, 9.23e-13, 5.44e-11
2020-12-27, 19:39:01, 9.24e-13, 5.46e-11
2020-12-27, 19:39:05, 9.09e-13, 5.46e-11
2020-12-27, 19:39:09, 9.72e-13, 5.48e-11
2020-12-27, 19:39:13, 1.01e-12, 5.45e-11
2020-12-27, 19:39:18, 9.31e-13, 5.44e-11
2020-12-27, 19:39:22, 9.88e-13, 5.47e-11
2020-12-27, 19:39:26, 9.51e-13, 5.43e-11
2020-12-27, 19:39:30, 9.38e-13, 5.44e-11
2020-12-27, 19:39:35, 8.9e-13, 5.48e-11
2020-12-27, 19:39:39, 9.12e-13, 5.45e-11
2020-12-27, 19:39:43, 1.04e-12, 5.43e-11
2020-12-27, 19:39:47, 8.84e-13, 5.45e-11
2020-12-27, 19:39:51, 9.32e-13, 5.45e-11
2020-12-27, 19:39:56, 9.51e-13, 5.43e-11
2020-12-27, 19:40:00, 9.41e-13, 5.44e-11
2020-12-27, 19:40:04, 9.49e-13, 5.44e-11
2020-12-27, 19:40:08, 9.62e-13, 5.44e-11
2020-12-27, 19:40:13, 9.76e-13, 5.42e-11
2020-12-27, 19:40:17, 9.21e-13, 5.42e-11
2020-12-27, 19:40:21, 8.42e-13, 5.44e-11
2020-12-27, 19:40:25, 9.34e-13, 5.41e-11
2020-12-27, 19:40:29, 8.99e-13, 5.4e-11
2020-12-27, 19:40:34, 9.19e-13, 5.4e-11
2020-12-27, 19:40:38, 9.3e-13, 5.41e-11
2020-12-27, 19:40:42, 9.55e-13, 5.42e-11
2020-12-27, 19:40:46, 9.3e-13, 5.42e-11
2020-12-27, 19:40:50, 1.09e-12, 5.44e-11
2020-12-27, 19:40:55, 9.76e-13, 5.42e-11
2020-12-27, 19:40:59, 9.41e-13, 5.45e-11
2020-12-27, 19:41:03, 1.09e-12, 5.42e-11
2020-12-27, 19:41:07, 9.5e-13, 5.42e-11
2020-12-27, 19:41:12, 8.58e-13, 5.44e-11
2020-12-27, 19:41:16, 9.45e-13, 5.45e-11
2020-12-27, 19:41:20, 9.64e-13, 5.44e-11
2020-12-27, 19:41:24, 9.14e-13, 5.43e-11
2020-12-27, 19:41:28, 9.22e-13, 5.46e-11
2020-12-27, 19:41:33, 8.68e-13, 5.43e-11
2020-12-27, 19:41:37, 8.4e-13, 5.43e-11
2020-12-27, 19:41:41, 1.02e-12, 5.43e-11
2020-12-27, 19:41:45, 9.03e-13, 5.44e-11
2020-12-27, 19:41:50, 8.65e-13, 5.44e-11
2020-12-27, 19:41:54, 9.51e-13, 5.43e-11
2020-12-27, 19:41:58, 9.08e-13, 5.44e-11
2020-12-27, 19:42:02, 9.14e-13, 5.44e-11
2020-12-27, 19:42:06, 9.7e-13, 5.46e-11
2020-12-27, 19:42:11, 9.38e-13, 5.5e-11
2020-12-27, 19:42:15, 1.07e-12, 5.46e-11
2020-12-27, 19:42:19, 9.38e-13, 5.43e-11
2020-12-27, 19:42:23, 9.97e-13, 5.45e-11
2020-12-27, 19:42:28, 8.63e-13, 5.46e-11
2020-12-27, 19:42:32, 8.81e-13, 5.45e-11
2020-12-27, 19:42:36, 9.9e-13, 5.43e-11
2020-12-27, 19:42:40, 8.86e-13, 5.45e-11
2020-12-27, 19:42:44, 1.1e-12, 5.42e-11
2020-12-27, 19:42:49, 8.52e-13, 5.4e-11
2020-12-27, 19:42:53, 8.81e-13, 5.42e-11
2020-12-27, 19:42:57, 9.1e-13, 5.43e-11
2020-12-27, 19:43:01, 9.2e-13, 5.42e-11
2020-12-27, 19:43:06, 9.18e-13, 5.43e-11
2020-12-27, 19:43:10, 8.87e-13, 5.46e-11
2020-12-27, 19:43:14, 9.09e-13, 5.45e-11
2020-12-27, 19:43:18, 9.7e-13, 5.45e-11
2020-12-27, 19:43:22, 9.24e-13, 5.46e-11
2020-12-27, 19:43:27, 9.26e-13, 5.47e-11
2020-12-27, 19:43:31, 9.44e-13, 5.45e-11
2020-12-27, 19:43:35, 9.03e-13, 5.43e-11
2020-12-27, 19:43:39, 9.2e-13, 5.44e-11
2020-12-27, 19:43:44, 9.05e-13, 5.42e-11
2020-12-27, 19:43:48, 9.3e-13, 5.43e-11
2020-12-27, 19:43:52, 8.79e-13, 5.45e-11
2020-12-27, 19:43:56, 8.86e-13, 5.42e-11
2020-12-27, 19:44:00, 9.12e-13, 5.43e-11
2020-12-27, 19:44:05, 1.01e-12, 5.43e-11
2020-12-27, 19:44:09, 8.39e-13, 5.41e-11
2020-12-27, 19:44:13, 9e-13, 5.41e-11
2020-12-27, 19:44:17, 9.59e-13, 5.44e-11
2020-12-27, 19:44:22, 9.22e-13, 5.46e-11
2020-12-27, 19:44:26, 9.13e-13, 5.41e-11
2020-12-27, 19:44:30, 8.74e-13, 5.42e-11
2020-12-27, 19:44:34, 9.6e-13, 5.43e-11
2020-12-27, 19:44:38, 9.85e-13, 5.46e-11
2020-12-27, 19:44:43, 8.03e-13, 5.44e-11
2020-12-27, 19:44:47, 8.39e-13, 5.46e-11
2020-12-27, 19:44:51, 9.19e-13, 5.42e-11
2020-12-27, 19:44:55, 1.09e-12, 5.44e-11
2020-12-27, 19:45:00, 9.44e-13, 5.43e-11
2020-12-27, 19:45:04, 9.51e-13, 5.47e-11
2020-12-27, 19:45:08, 9.22e-13, 5.43e-11
2020-12-27, 19:45:12, 9.07e-13, 5.44e-11
2020-12-27, 19:45:16, 8.99e-13, 5.42e-11
2020-12-27, 19:45:21, 9.43e-13, 5.42e-11
2020-12-27, 19:45:25, 9.48e-13, 5.38e-11
2020-12-27, 19:45:29, 9.33e-13, 5.42e-11
2020-12-27, 19:45:33, 8.71e-13, 5.48e-11
2020-12-27, 19:45:38, 9.73e-13, 5.42e-11
2020-12-27, 19:45:42, 7.65e-13, 5.39e-11
2020-12-27, 19:45:46, 9.48e-13, 5.41e-11
2020-12-27, 19:45:50, 9.18e-13, 5.41e-11
2020-12-27, 19:45:54, 9.21e-13, 5.4e-11
2020-12-27, 19:45:59, 9.03e-13, 5.41e-11
2020-12-27, 19:46:03, 9.35e-13, 5.41e-11
2020-12-27, 19:46:07, 9.12e-13, 5.44e-11
2020-12-27, 19:46:11, 9.05e-13, 5.42e-11
2020-12-27, 19:46:16, 9.87e-13, 5.43e-11
2020-12-27, 19:46:20, 9.02e-13, 5.43e-11
2020-12-27, 19:46:24, 9.76e-13, 5.46e-11
2020-12-27, 19:46:28, 9.67e-13, 5.46e-11
2020-12-27, 19:46:32, 9.5e-13, 5.45e-11
2020-12-27, 19:46:37, 9.45e-13, 5.44e-11
2020-12-27, 19:46:41, 9.32e-13, 5.46e-11
2020-12-27, 19:46:45, 8.6e-13, 5.45e-11
2020-12-27, 19:46:49, 9.33e-13, 5.47e-11
2020-12-27, 19:46:53, 8.89e-13, 5.4e-11
2020-12-27, 19:46:58, 9.21e-13, 5.42e-11
2020-12-27, 19:47:02, 8.9e-13, 5.45e-11
2020-12-27, 19:47:06, 9.02e-13, 5.42e-11
2020-12-27, 19:47:10, 8.89e-13, 5.44e-11
2020-12-27, 19:47:15, 1.07e-12, 5.44e-11
2020-12-27, 19:47:19, 9.38e-13, 5.46e-11
2020-12-27, 19:47:23, 9.48e-13, 5.44e-11
2020-12-27, 19:47:27, 8.91e-13, 5.47e-11
2020-12-27, 19:47:31, 9.8e-13, 5.44e-11
2020-12-27, 19:47:36, 9.61e-13, 5.45e-11
2020-12-27, 19:47:40, 8.99e-13, 5.45e-11
2020-12-27, 19:47:44, 9.19e-13, 5.46e-11
2020-12-27, 19:47:48, 8.6e-13, 5.42e-11
2020-12-27, 19:47:53, 9.36e-13, 5.47e-11
2020-12-27, 19:47:57, 9.36e-13, 5.45e-11
2020-12-27, 19:48:01, 9.99e-13, 5.42e-11
2020-12-27, 19:48:05, 8.88e-13, 5.43e-11
2020-12-27, 19:48:10, 8.41e-13, 5.42e-11
2020-12-27, 19:48:14, 9.12e-13, 5.4e-11
2020-12-27, 19:48:18, 7.55e-13, 5.4e-11
2020-12-27, 19:48:22, 9.07e-13, 5.43e-11
2020-12-27, 19:48:26, 9.32e-13, 5.43e-11
2020-12-27, 19:48:31, 8.62e-13, 5.43e-11
2020-12-27, 19:48:35, 9.47e-13, 5.45e-11
2020-12-27, 19:48:39, 8.79e-13, 5.41e-11
2020-12-27, 19:48:43, 9.71e-13, 5.42e-11
2020-12-27, 19:48:48, 9.75e-13, 5.43e-11
2020-12-27, 19:48:52, 9.49e-13, 5.41e-11
2020-12-27, 19:48:56, 9.43e-13, 5.44e-11
2020-12-27, 19:49:00, 8.97e-13, 5.41e-11
2020-12-27, 19:49:04, 8.74e-13, 5.42e-11
2020-12-27, 19:49:09, 9.68e-13, 5.43e-11
2020-12-27, 19:49:13, 9.6e-13, 5.44e-11
2020-12-27, 19:49:17, 9.24e-13, 5.43e-11
2020-12-27, 19:49:21, 9.08e-13, 5.43e-11
2020-12-27, 19:49:26, 1.07e-12, 5.45e-11
2020-12-27, 19:49:30, 9.09e-13, 5.43e-11
2020-12-27, 19:49:34, 9.82e-13, 5.42e-11
2020-12-27, 19:49:38, 9.09e-13, 5.43e-11
2020-12-27, 19:49:42, 9.17e-13, 5.45e-11
2020-12-27, 19:49:47, 9.1e-13, 5.44e-11
2020-12-27, 19:49:51, 9.44e-13, 5.46e-11
2020-12-27, 19:49:55, 8.74e-13, 5.46e-11
2020-12-27, 19:49:59, 9.91e-13, 5.47e-11
2020-12-27, 19:50:03, 9.86e-13, 5.44e-11
2020-12-27, 19:50:08, 9.43e-13, 5.46e-11
2020-12-27, 19:50:12, 9.12e-13, 5.43e-11
2020-12-27, 19:50:16, 9.74e-13, 5.41e-11
2020-12-27, 19:50:20, 8.99e-13, 5.46e-11
2020-12-27, 19:50:25, 9.34e-13, 5.4e-11
2020-12-27, 19:50:29, 9.32e-13, 5.4e-11
2020-12-27, 19:50:33, 9.01e-13, 5.44e-11
2020-12-27, 19:50:37, 9.4e-13, 5.41e-11
2020-12-27, 19:50:41, 9.06e-13, 5.43e-11
2020-12-27, 19:50:46, 9.37e-13, 5.44e-11
2020-12-27, 19:50:50, 1.02e-12, 5.46e-11
2020-12-27, 19:50:54, 9.75e-13, 5.42e-11
2020-12-27, 19:50:58, 9.44e-13, 5.44e-11
2020-12-27, 19:51:03, 9.44e-13, 5.45e-11
2020-12-27, 19:51:07, 9.31e-13, 5.45e-11
2020-12-27, 19:51:11, 9.39e-13, 5.43e-11
2020-12-27, 19:51:15, 9.61e-13, 5.44e-11
2020-12-27, 19:51:19, 9.86e-13, 5.44e-11
2020-12-27, 19:51:24, 9.22e-13, 5.44e-11
2020-12-27, 19:51:28, 8.91e-13, 5.44e-11
2020-12-27, 19:51:32, 9.81e-13, 5.49e-11
2020-12-27, 19:51:36, 9.05e-13, 5.47e-11
2020-12-27, 19:51:41, 9.44e-13, 5.44e-11
2020-12-27, 19:51:45, 9.62e-13, 5.42e-11
2020-12-27, 19:51:49, 9.18e-13, 5.43e-11
2020-12-27, 19:51:53, 9.1e-13, 5.44e-11
2020-12-27, 19:51:57, 9.2e-13, 5.45e-11
2020-12-27, 19:52:02, 9.94e-13, 5.44e-11
2020-12-27, 19:52:06, 9.22e-13, 5.44e-11
2020-12-27, 19:52:10, 9.29e-13, 5.44e-11
2020-12-27, 19:52:14, 9.92e-13, 5.44e-11
2020-12-27, 19:52:19, 9.17e-13, 5.43e-11
2020-12-27, 19:52:23, 9.03e-13, 5.44e-11
2020-12-27, 19:52:27, 8.71e-13, 5.44e-11
2020-12-27, 19:52:31, 8.85e-13, 5.42e-11
2020-12-27, 19:52:35, 8.44e-13, 5.46e-11
2020-12-27, 19:52:40, 9.57e-13, 5.47e-11
2020-12-27, 19:52:44, 8.85e-13, 5.44e-11
2020-12-27, 19:52:48, 8.52e-13, 5.47e-11
2020-12-27, 19:52:52, 8.35e-13, 5.47e-11
2020-12-27, 19:52:57, 9.13e-13, 5.49e-11
2020-12-27, 19:53:01, 9e-13, 5.46e-11
2020-12-27, 19:53:05, 9.09e-13, 5.45e-11
2020-12-27, 19:53:09, 9.38e-13, 5.48e-11
2020-12-27, 19:53:13, 1.03e-12, 5.44e-11
2020-12-27, 19:53:18, 9.33e-13, 5.45e-11
2020-12-27, 19:53:22, 1.03e-12, 5.48e-11
2020-12-27, 19:53:26, 8.67e-13, 5.43e-11
2020-12-27, 19:53:30, 9.5e-13, 5.45e-11
2020-12-27, 19:53:35, 9.17e-13, 5.43e-11
2020-12-27, 19:53:39, 9.27e-13, 5.46e-11
2020-12-27, 19:53:43, 9.69e-13, 5.46e-11
2020-12-27, 19:53:47, 9.37e-13, 5.43e-11
2020-12-27, 19:53:51, 7.38e-13, 5.45e-11
2020-12-27, 19:53:56, 9.55e-13, 5.46e-11
2020-12-27, 19:54:00, 9.87e-13, 5.41e-11
2020-12-27, 19:54:04, 8.74e-13, 5.46e-11
2020-12-27, 19:54:08, 9.08e-13, 5.44e-11
2020-12-27, 19:54:12, 1.02e-12, 5.42e-11
2020-12-27, 19:54:17, 8.82e-13, 5.46e-11
2020-12-27, 19:54:21, 9.57e-13, 5.43e-11
2020-12-27, 19:54:25, 9.13e-13, 5.45e-11
2020-12-27, 19:54:29, 9.69e-13, 5.45e-11
2020-12-27, 19:54:34, 9.3e-13, 5.45e-11
2020-12-27, 19:54:38, 9.37e-13, 5.45e-11
2020-12-27, 19:54:42, 9.4e-13, 5.44e-11
2020-12-27, 19:54:46, 9.51e-13, 5.43e-11
2020-12-27, 19:54:50, 9.71e-13, 5.46e-11
2020-12-27, 19:54:55, 9.89e-13, 5.41e-11
2020-12-27, 19:54:59, 9.71e-13, 5.44e-11
2020-12-27, 19:55:03, 9.75e-13, 5.46e-11
2020-12-27, 19:55:07, 9.59e-13, 5.45e-11
2020-12-27, 19:55:12, 7.88e-13, 5.45e-11
2020-12-27, 19:55:16, 8.77e-13, 5.46e-11
2020-12-27, 19:55:20, 9.45e-13, 5.46e-11
2020-12-27, 19:55:24, 9.52e-13, 5.47e-11
2020-12-27, 19:55:28, 9.32e-13, 5.44e-11
2020-12-27, 19:55:33, 9.03e-13, 5.43e-11
2020-12-27, 19:55:37, 9.19e-13, 5.45e-11
2020-12-27, 19:55:41, 9.94e-13, 5.44e-11
2020-12-27, 19:55:45, 9.8e-13, 5.44e-11
2020-12-27, 19:55:50, 9.22e-13, 5.45e-11
2020-12-27, 19:55:54, 1.02e-12, 5.44e-11
2020-12-27, 19:55:58, 9.73e-13, 5.45e-11
2020-12-27, 19:56:02, 9.44e-13, 5.43e-11
2020-12-27, 19:56:06, 9.89e-13, 5.45e-11
2020-12-27, 19:56:11, 9.09e-13, 5.43e-11
2020-12-27, 19:56:15, 9.54e-13, 5.43e-11
2020-12-27, 19:56:19, 9.36e-13, 5.43e-11
2020-12-27, 19:56:23, 9.33e-13, 5.42e-11
2020-12-27, 19:56:28, 9.28e-13, 5.43e-11
2020-12-27, 19:56:32, 9.35e-13, 5.41e-11
2020-12-27, 19:56:36, 9.06e-13, 5.44e-11
2020-12-27, 19:56:40, 9.15e-13, 5.44e-11
2020-12-27, 19:56:45, 9.97e-13, 5.43e-11
2020-12-27, 19:56:49, 9.77e-13, 5.44e-11
2020-12-27, 19:56:53, 1e-12, 5.44e-11
2020-12-27, 19:56:57, 9.76e-13, 5.46e-11
2020-12-27, 19:57:01, 9.3e-13, 5.45e-11
2020-12-27, 19:57:06, 9.17e-13, 5.47e-11
2020-12-27, 19:57:10, 9.72e-13, 5.48e-11
2020-12-27, 19:57:14, 8.23e-13, 5.44e-11
2020-12-27, 19:57:18, 9.54e-13, 5.45e-11
2020-12-27, 19:57:22, 8.36e-13, 5.47e-11
2020-12-27, 19:57:27, 1.02e-12, 5.42e-11
2020-12-27, 19:57:31, 9.42e-13, 5.46e-11
2020-12-27, 19:57:35, 9.37e-13, 5.41e-11
2020-12-27, 19:57:39, 8.68e-13, 5.44e-11
2020-12-27, 19:57:44, 8.79e-13, 5.44e-11
2020-12-27, 19:57:48, 9.43e-13, 5.43e-11
2020-12-27, 19:57:52, 9.6e-13, 5.44e-11
2020-12-27, 19:57:56, 8.71e-13, 5.44e-11
2020-12-27, 19:58:00, 8.48e-13, 5.42e-11
2020-12-27, 19:58:05, 8.92e-13, 5.44e-11
2020-12-27, 19:58:09, 9.57e-13, 5.41e-11
2020-12-27, 19:58:13, 9.22e-13, 5.45e-11
2020-12-27, 19:58:17, 9.52e-13, 5.42e-11
2020-12-27, 19:58:22, 9.73e-13, 5.43e-11
2020-12-27, 19:58:26, 9.26e-13, 5.46e-11
2020-12-27, 19:58:30, 9.27e-13, 5.44e-11
2020-12-27, 19:58:34, 9.53e-13, 5.42e-11
2020-12-27, 19:58:38, 9.22e-13, 5.43e-11
2020-12-27, 19:58:43, 9.29e-13, 5.42e-11
2020-12-27, 19:58:47, 1.11e-12, 5.41e-11
2020-12-27, 19:58:51, 8.96e-13, 5.43e-11
2020-12-27, 19:58:55, 9.07e-13, 5.46e-11
2020-12-27, 19:59:00, 9.09e-13, 5.42e-11
2020-12-27, 19:59:04, 9.85e-13, 5.45e-11
2020-12-27, 19:59:08, 1.11e-12, 5.46e-11
2020-12-27, 19:59:12, 9.08e-13, 5.43e-11
2020-12-27, 19:59:16, 8.82e-13, 5.45e-11
2020-12-27, 19:59:21, 9.17e-13, 5.43e-11
2020-12-27, 19:59:25, 1.08e-12, 5.41e-11
2020-12-27, 19:59:29, 9.67e-13, 5.41e-11
2020-12-27, 19:59:33, 8.74e-13, 5.44e-11
2020-12-27, 19:59:38, 8.67e-13, 5.42e-11
2020-12-27, 19:59:42, 9.45e-13, 5.42e-11
2020-12-27, 19:59:46, 8.2e-13, 5.42e-11
2020-12-27, 19:59:50, 9.04e-13, 5.44e-11
2020-12-27, 19:59:54, 8.76e-13, 5.44e-11
2020-12-27, 19:59:59, 9.04e-13, 5.41e-11
2020-12-27, 20:00:03, 8.98e-13, 5.42e-11
2020-12-27, 20:00:07, 9.38e-13, 5.44e-11
2020-12-27, 20:00:11, 8.75e-13, 5.44e-11
2020-12-27, 20:00:16, 9.38e-13, 5.45e-11
2020-12-27, 20:00:20, 9.91e-13, 5.45e-11
2020-12-27, 20:00:24, 9.32e-13, 5.44e-11
2020-12-27, 20:00:28, 9.01e-13, 5.42e-11
2020-12-27, 20:00:32, 8.9e-13, 5.42e-11
2020-12-27, 20:00:37, 9.84e-13, 5.44e-11
2020-12-27, 20:00:41, 9e-13, 5.43e-11
2020-12-27, 20:00:45, 9.18e-13, 5.44e-11
2020-12-27, 20:00:49, 9.03e-13, 5.45e-11
2020-12-27, 20:00:53, 9.39e-13, 5.42e-11
2020-12-27, 20:00:58, 8.83e-13, 5.43e-11
2020-12-27, 20:01:02, 9.39e-13, 5.46e-11
2020-12-27, 20:01:06, 9.3e-13, 5.44e-11
2020-12-27, 20:01:10, 8.87e-13, 5.43e-11
2020-12-27, 20:01:15, 9.94e-13, 5.46e-11
2020-12-27, 20:01:19, 8.88e-13, 5.43e-11
2020-12-27, 20:01:23, 9.55e-13, 5.44e-11
2020-12-27, 20:01:27, 9.54e-13, 5.42e-11
2020-12-27, 20:01:31, 9.07e-13, 5.41e-11
2020-12-27, 20:01:36, 9.96e-13, 5.42e-11
2020-12-27, 20:01:40, 9.55e-13, 5.46e-11
2020-12-27, 20:01:44, 9.43e-13, 5.43e-11
2020-12-27, 20:01:48, 9.84e-13, 5.41e-11
2020-12-27, 20:01:53, 9.2e-13, 5.41e-11
2020-12-27, 20:01:57, 9.15e-13, 5.44e-11
2020-12-27, 20:02:01, 9.58e-13, 5.44e-11
2020-12-27, 20:02:05, 9.13e-13, 5.43e-11
2020-12-27, 20:02:09, 9.29e-13, 5.44e-11
2020-12-27, 20:02:14, 8.61e-13, 5.43e-11
2020-12-27, 20:02:18, 9.6e-13, 5.41e-11
2020-12-27, 20:02:22, 1e-12, 5.42e-11
2020-12-27, 20:02:26, 9.12e-13, 5.41e-11
2020-12-27, 20:02:31, 9.49e-13, 5.45e-11
2020-12-27, 20:02:35, 9.05e-13, 5.41e-11
2020-12-27, 20:02:39, 9.5e-13, 5.42e-11
2020-12-27, 20:02:43, 9.14e-13, 5.45e-11
2020-12-27, 20:02:47, 9.22e-13, 5.41e-11
2020-12-27, 20:02:52, 9.32e-13, 5.46e-11
2020-12-27, 20:02:56, 8.9e-13, 5.41e-11
2020-12-27, 20:03:00, 1e-12, 5.44e-11
2020-12-27, 20:03:04, 8.57e-13, 5.44e-11
2020-12-27, 20:03:09, 9.4e-13, 5.41e-11
2020-12-27, 20:03:13, 9.19e-13, 5.42e-11
2020-12-27, 20:03:17, 9.63e-13, 5.44e-11
2020-12-27, 20:03:21, 8.71e-13, 5.41e-11
2020-12-27, 20:03:25, 9.42e-13, 5.45e-11
2020-12-27, 20:03:30, 8.51e-13, 5.4e-11
2020-12-27, 20:03:34, 9.53e-13, 5.45e-11
2020-12-27, 20:03:38, 9.18e-13, 5.41e-11
2020-12-27, 20:03:42, 8.66e-13, 5.41e-11
2020-12-27, 20:03:47, 9.5e-13, 5.43e-11
2020-12-27, 20:03:51, 9.05e-13, 5.41e-11
2020-12-27, 20:03:55, 9.01e-13, 5.43e-11
2020-12-27, 20:03:59, 8.57e-13, 5.4e-11
2020-12-27, 20:04:03, 8.45e-13, 5.44e-11
2020-12-27, 20:04:08, 8.87e-13, 5.41e-11
2020-12-27, 20:04:12, 9.39e-13, 5.46e-11
2020-12-27, 20:04:16, 8.99e-13, 5.41e-11
2020-12-27, 20:04:20, 9.88e-13, 5.44e-11
2020-12-27, 20:04:25, 9.23e-13, 5.42e-11
2020-12-27, 20:04:29, 9.46e-13, 5.43e-11
2020-12-27, 20:04:33, 9.46e-13, 5.43e-11
2020-12-27, 20:04:37, 1e-12, 5.42e-11
2020-12-27, 20:04:41, 9.98e-13, 5.41e-11
2020-12-27, 20:04:46, 9.09e-13, 5.4e-11
2020-12-27, 20:04:50, 8.88e-13, 5.43e-11
2020-12-27, 20:04:54, 9.44e-13, 5.45e-11
2020-12-27, 20:04:58, 1.11e-12, 5.42e-11
2020-12-27, 20:05:02, 9.37e-13, 5.4e-11
2020-12-27, 20:05:07, 9.8e-13, 5.43e-11
2020-12-27, 20:05:11, 9.61e-13, 5.39e-11
2020-12-27, 20:05:15, 9.65e-13, 5.44e-11
2020-12-27, 20:05:19, 8.93e-13, 5.42e-11
2020-12-27, 20:05:24, 7.54e-13, 5.43e-11
2020-12-27, 20:05:28, 9.15e-13, 5.42e-11
2020-12-27, 20:05:32, 9.08e-13, 5.43e-11
2020-12-27, 20:05:36, 8.93e-13, 5.44e-11
2020-12-27, 20:05:40, 8.7e-13, 5.42e-11
2020-12-27, 20:05:45, 9.58e-13, 5.42e-11
2020-12-27, 20:05:49, 9.42e-13, 5.43e-11
2020-12-27, 20:05:53, 9.13e-13, 5.43e-11
2020-12-27, 20:05:57, 8.67e-13, 5.42e-11
2020-12-27, 20:06:02, 9.56e-13, 5.45e-11
2020-12-27, 20:06:06, 9.45e-13, 5.43e-11
2020-12-27, 20:06:10, 9.97e-13, 5.43e-11
2020-12-27, 20:06:14, 9e-13, 5.44e-11
2020-12-27, 20:06:18, 9.18e-13, 5.43e-11
2020-12-27, 20:06:23, 9.75e-13, 5.42e-11
2020-12-27, 20:06:27, 9.67e-13, 5.42e-11
2020-12-27, 20:06:31, 8.91e-13, 5.42e-11
2020-12-27, 20:06:35, 9.3e-13, 5.42e-11
2020-12-27, 20:06:40, 9.4e-13, 5.43e-11
2020-12-27, 20:06:44, 9.08e-13, 5.41e-11
2020-12-27, 20:06:48, 9.35e-13, 5.44e-11
2020-12-27, 20:06:52, 9.13e-13, 5.45e-11
2020-12-27, 20:06:56, 9.85e-13, 5.4e-11
2020-12-27, 20:07:01, 9.36e-13, 5.44e-11
2020-12-27, 20:07:05, 8.95e-13, 5.44e-11
2020-12-27, 20:07:09, 8.63e-13, 5.43e-11
2020-12-27, 20:07:13, 9.22e-13, 5.44e-11
2020-12-27, 20:07:18, 9.15e-13, 5.45e-11
2020-12-27, 20:07:22, 8.72e-13, 5.45e-11
2020-12-27, 20:07:26, 9.7e-13, 5.4e-11
2020-12-27, 20:07:30, 8.67e-13, 5.42e-11
2020-12-27, 20:07:34, 9.37e-13, 5.42e-11
2020-12-27, 20:07:39, 9.36e-13, 5.41e-11
2020-12-27, 20:07:43, 9.49e-13, 5.45e-11
2020-12-27, 20:07:47, 1e-12, 5.43e-11
2020-12-27, 20:07:51, 9.91e-13, 5.43e-11
2020-12-27, 20:07:56, 9.74e-13, 5.41e-11
2020-12-27, 20:08:00, 9.75e-13, 5.42e-11
2020-12-27, 20:08:04, 9.06e-13, 5.44e-11
2020-12-27, 20:08:08, 9.84e-13, 5.41e-11
2020-12-27, 20:08:12, 9.51e-13, 5.42e-11
2020-12-27, 20:08:17, 1.05e-12, 5.45e-11
2020-12-27, 20:08:21, 8.89e-13, 5.43e-11
2020-12-27, 20:08:25, 9.26e-13, 5.47e-11
2020-12-27, 20:08:29, 9.21e-13, 5.44e-11
2020-12-27, 20:08:34, 9.35e-13, 5.44e-11
2020-12-27, 20:08:38, 9.23e-13, 5.44e-11
2020-12-27, 20:08:42, 1.03e-12, 5.47e-11
2020-12-27, 20:08:46, 8.73e-13, 5.43e-11
2020-12-27, 20:08:50, 9.31e-13, 5.42e-11
2020-12-27, 20:08:55, 8.66e-13, 5.43e-11
2020-12-27, 20:08:59, 9.7e-13, 5.4e-11
2020-12-27, 20:09:03, 9.36e-13, 5.44e-11
2020-12-27, 20:09:07, 9.76e-13, 5.42e-11
2020-12-27, 20:09:12, 9.92e-13, 5.43e-11
2020-12-27, 20:09:16, 8.9e-13, 5.44e-11
2020-12-27, 20:09:20, 9.8e-13, 5.43e-11
2020-12-27, 20:09:24, 9.43e-13, 5.42e-11
2020-12-27, 20:09:28, 9.74e-13, 5.44e-11
2020-12-27, 20:09:33, 9.89e-13, 5.43e-11
2020-12-27, 20:09:37, 9.86e-13, 5.43e-11
2020-12-27, 20:09:41, 9.4e-13, 5.42e-11
2020-12-27, 20:09:45, 9.52e-13, 5.45e-11
2020-12-27, 20:09:49, 9.4e-13, 5.47e-11
2020-12-27, 20:09:54, 9.31e-13, 5.43e-11
2020-12-27, 20:09:58, 1.03e-12, 5.45e-11
2020-12-27, 20:10:02, 9.35e-13, 5.46e-11
2020-12-27, 20:10:06, 9.6e-13, 5.44e-11
2020-12-27, 20:10:11, 9.06e-13, 5.44e-11
2020-12-27, 20:10:15, 8.93e-13, 5.46e-11
2020-12-27, 20:10:19, 9.58e-13, 5.43e-11
2020-12-27, 20:10:23, 9.91e-13, 5.46e-11
2020-12-27, 20:10:27, 9.23e-13, 5.45e-11
2020-12-27, 20:10:32, 9.54e-13, 5.42e-11
2020-12-27, 20:10:36, 9.6e-13, 5.43e-11
2020-12-27, 20:10:40, 9.21e-13, 5.45e-11
2020-12-27, 20:10:44, 9.22e-13, 5.43e-11
2020-12-27, 20:10:49, 1e-12, 5.45e-11
2020-12-27, 20:10:53, 9.34e-13, 5.41e-11
2020-12-27, 20:10:57, 8.89e-13, 5.42e-11
2020-12-27, 20:11:01, 8.95e-13, 5.4e-11
2020-12-27, 20:11:05, 9.16e-13, 5.45e-11
2020-12-27, 20:11:10, 8.84e-13, 5.46e-11
2020-12-27, 20:11:14, 9.39e-13, 5.43e-11
2020-12-27, 20:11:18, 9.11e-13, 5.45e-11
2020-12-27, 20:11:22, 9.04e-13, 5.45e-11
2020-12-27, 20:11:27, 9.2e-13, 5.44e-11
2020-12-27, 20:11:31, 1.05e-12, 5.43e-11
2020-12-27, 20:11:35, 9.29e-13, 5.44e-11
2020-12-27, 20:11:39, 8.94e-13, 5.46e-11
2020-12-27, 20:11:43, 9.35e-13, 5.44e-11
2020-12-27, 20:11:48, 8.87e-13, 5.42e-11
2020-12-27, 20:11:52, 9.01e-13, 5.45e-11
2020-12-27, 20:11:56, 9.62e-13, 5.43e-11
2020-12-27, 20:12:00, 8.41e-13, 5.44e-11
2020-12-27, 20:12:05, 9.67e-13, 5.43e-11
2020-12-27, 20:12:09, 9.8e-13, 5.45e-11
2020-12-27, 20:12:13, 9.36e-13, 5.42e-11
2020-12-27, 20:12:17, 9.22e-13, 5.45e-11
2020-12-27, 20:12:21, 9.69e-13, 5.43e-11
2020-12-27, 20:12:26, 9.16e-13, 5.44e-11
2020-12-27, 20:12:30, 8.54e-13, 5.42e-11
2020-12-27, 20:12:34, 9.05e-13, 5.46e-11
2020-12-27, 20:12:38, 9.45e-13, 5.43e-11
2020-12-27, 20:12:43, 9.24e-13, 5.42e-11
2020-12-27, 20:12:47, 9.48e-13, 5.43e-11
2020-12-27, 20:12:51, 9.13e-13, 5.46e-11
2020-12-27, 20:12:55, 9.18e-13, 5.43e-11
2020-12-27, 20:12:59, 9.02e-13, 5.45e-11
2020-12-27, 20:13:04, 9.49e-13, 5.44e-11
2020-12-27, 20:13:08, 9.11e-13, 5.45e-11
2020-12-27, 20:13:12, 9.47e-13, 5.44e-11
2020-12-27, 20:13:16, 1.04e-12, 5.42e-11
2020-12-27, 20:13:21, 9.71e-13, 5.44e-11
2020-12-27, 20:13:25, 9.38e-13, 5.39e-11
2020-12-27, 20:13:29, 9.19e-13, 5.41e-11
2020-12-27, 20:13:33, 9.04e-13, 5.44e-11
2020-12-27, 20:13:37, 9.31e-13, 5.47e-11
2020-12-27, 20:13:42, 8.82e-13, 5.43e-11
2020-12-27, 20:13:46, 9.24e-13, 5.43e-11
2020-12-27, 20:13:50, 1e-12, 5.45e-11
2020-12-27, 20:13:54, 9.21e-13, 5.48e-11
2020-12-27, 20:13:59, 9.24e-13, 5.42e-11
2020-12-27, 20:14:03, 9.21e-13, 5.44e-11
2020-12-27, 20:14:07, 9.12e-13, 5.45e-11
2020-12-27, 20:14:11, 9.26e-13, 5.42e-11
2020-12-27, 20:14:15, 9.52e-13, 5.45e-11
2020-12-27, 20:14:20, 9.99e-13, 5.43e-11
2020-12-27, 20:14:24, 8.77e-13, 5.45e-11
2020-12-27, 20:14:28, 9.02e-13, 5.42e-11
2020-12-27, 20:14:32, 9.16e-13, 5.44e-11
2020-12-27, 20:14:37, 9.13e-13, 5.45e-11
2020-12-27, 20:14:41, 9.16e-13, 5.46e-11
2020-12-27, 20:14:45, 1e-12, 5.46e-11
2020-12-27, 20:14:49, 9.3e-13, 5.45e-11
2020-12-27, 20:14:53, 9.17e-13, 5.47e-11
2020-12-27, 20:14:58, 9.52e-13, 5.47e-11
2020-12-27, 20:15:02, 1.02e-12, 5.45e-11
2020-12-27, 20:15:06, 8.53e-13, 5.44e-11
2020-12-27, 20:15:10, 8.55e-13, 5.44e-11
2020-12-27, 20:15:15, 9.45e-13, 5.43e-11
2020-12-27, 20:15:19, 9.27e-13, 5.44e-11
2020-12-27, 20:15:23, 9.12e-13, 5.45e-11
2020-12-27, 20:15:27, 1.04e-12, 5.43e-11
2020-12-27, 20:15:31, 9.56e-13, 5.46e-11
2020-12-27, 20:15:36, 8.95e-13, 5.45e-11
2020-12-27, 20:15:40, 1.02e-12, 5.46e-11
2020-12-27, 20:15:44, 9.57e-13, 5.44e-11
2020-12-27, 20:15:48, 8.82e-13, 5.45e-11
2020-12-27, 20:15:53, 9.01e-13, 5.43e-11
2020-12-27, 20:15:57, 9.99e-13, 5.45e-11
2020-12-27, 20:16:01, 7.98e-13, 5.43e-11
2020-12-27, 20:16:05, 8.88e-13, 5.44e-11
2020-12-27, 20:16:09, 8.81e-13, 5.44e-11
2020-12-27, 20:16:14, 9.28e-13, 5.44e-11
2020-12-27, 20:16:18, 9.67e-13, 5.44e-11
2020-12-27, 20:16:22, 8.92e-13, 5.42e-11
2020-12-27, 20:16:26, 8.65e-13, 5.44e-11
2020-12-27, 20:16:31, 9.51e-13, 5.42e-11
2020-12-27, 20:16:35, 9.61e-13, 5.45e-11
2020-12-27, 20:16:39, 9.92e-13, 5.44e-11
2020-12-27, 20:16:43, 9.83e-13, 5.52e-11
2020-12-27, 20:16:47, 9.56e-13, 5.44e-11
2020-12-27, 20:16:52, 9.7e-13, 5.45e-11
2020-12-27, 20:16:56, 8.97e-13, 5.43e-11
2020-12-27, 20:17:00, 9.74e-13, 5.44e-11
2020-12-27, 20:17:04, 9.91e-13, 5.43e-11
2020-12-27, 20:17:08, 9.86e-13, 5.47e-11
2020-12-27, 20:17:13, 9.04e-13, 5.45e-11
2020-12-27, 20:17:17, 9.47e-13, 5.43e-11
2020-12-27, 20:17:21, 9.29e-13, 5.44e-11
2020-12-27, 20:17:25, 9.76e-13, 5.45e-11
2020-12-27, 20:17:30, 9.22e-13, 5.45e-11
2020-12-27, 20:17:34, 8.49e-13, 5.44e-11
2020-12-27, 20:17:38, 9.46e-13, 5.44e-11
2020-12-27, 20:17:42, 9.23e-13, 5.44e-11
2020-12-27, 20:17:46, 9.28e-13, 5.45e-11
2020-12-27, 20:17:51, 8.61e-13, 5.46e-11
2020-12-27, 20:17:55, 9.73e-13, 5.42e-11
2020-12-27, 20:17:59, 8.87e-13, 5.45e-11
2020-12-27, 20:18:03, 9.81e-13, 5.42e-11
2020-12-27, 20:18:08, 9.04e-13, 5.42e-11
2020-12-27, 20:18:12, 9.36e-13, 5.44e-11
2020-12-27, 20:18:16, 8.66e-13, 5.43e-11
2020-12-27, 20:18:20, 8.69e-13, 5.46e-11
2020-12-27, 20:18:24, 1.01e-12, 5.43e-11
2020-12-27, 20:18:29, 9.57e-13, 5.45e-11
2020-12-27, 20:18:33, 9.87e-13, 5.47e-11
2020-12-27, 20:18:37, 9.65e-13, 5.43e-11
2020-12-27, 20:18:41, 1.02e-12, 5.44e-11
2020-12-27, 20:18:46, 9.08e-13, 5.43e-11
2020-12-27, 20:18:50, 9.35e-13, 5.43e-11
2020-12-27, 20:18:54, 9.5e-13, 5.43e-11
2020-12-27, 20:18:58, 9.09e-13, 5.42e-11
2020-12-27, 20:19:02, 9.27e-13, 5.44e-11
2020-12-27, 20:19:07, 8.98e-13, 5.43e-11
2020-12-27, 20:19:11, 8.94e-13, 5.42e-11
2020-12-27, 20:19:15, 9.58e-13, 5.44e-11
2020-12-27, 20:19:19, 8.33e-13, 5.42e-11
2020-12-27, 20:19:24, 9.3e-13, 5.41e-11
2020-12-27, 20:19:28, 9.12e-13, 5.42e-11
2020-12-27, 20:19:32, 9.28e-13, 5.42e-11
2020-12-27, 20:19:36, 8.94e-13, 5.45e-11
2020-12-27, 20:19:40, 8.46e-13, 5.42e-11
2020-12-27, 20:19:45, 9.54e-13, 5.42e-11
2020-12-27, 20:19:49, 9.2e-13, 5.45e-11
2020-12-27, 20:19:53, 9.37e-13, 5.41e-11
2020-12-27, 20:19:57, 8.78e-13, 5.44e-11
2020-12-27, 20:20:02, 9.63e-13, 5.44e-11
2020-12-27, 20:20:06, 9.31e-13, 5.46e-11
2020-12-27, 20:20:10, 9.32e-13, 5.47e-11
2020-12-27, 20:20:14, 9.26e-13, 5.45e-11
2020-12-27, 20:20:18, 9.44e-13, 5.43e-11
2020-12-27, 20:20:23, 9.07e-13, 5.45e-11
2020-12-27, 20:20:27, 9.26e-13, 5.43e-11
2020-12-27, 20:20:31, 9.73e-13, 5.44e-11
2020-12-27, 20:20:35, 9.18e-13, 5.45e-11
2020-12-27, 20:20:40, 8.86e-13, 5.45e-11
2020-12-27, 20:20:44, 9.76e-13, 5.44e-11
2020-12-27, 20:20:48, 9.54e-13, 5.43e-11
2020-12-27, 20:20:52, 9.32e-13, 5.44e-11
2020-12-27, 20:20:56, 7.69e-13, 5.46e-11
2020-12-27, 20:21:01, 9.08e-13, 5.43e-11
2020-12-27, 20:21:05, 8.82e-13, 5.42e-11
2020-12-27, 20:21:09, 9.17e-13, 5.45e-11
2020-12-27, 20:21:13, 8.53e-13, 5.43e-11
2020-12-27, 20:21:18, 8.62e-13, 5.44e-11
2020-12-27, 20:21:22, 8.62e-13, 5.43e-11
2020-12-27, 20:21:26, 9.93e-13, 5.45e-11
2020-12-27, 20:21:30, 9.66e-13, 5.43e-11
2020-12-27, 20:21:34, 9.51e-13, 5.47e-11
2020-12-27, 20:21:39, 9.63e-13, 5.45e-11
2020-12-27, 20:21:43, 9.25e-13, 5.42e-11
2020-12-27, 20:21:47, 8.94e-13, 5.43e-11
2020-12-27, 20:21:51, 8.88e-13, 5.44e-11
2020-12-27, 20:21:55, 9.09e-13, 5.43e-11
2020-12-27, 20:22:00, 9.44e-13, 5.4e-11
2020-12-27, 20:22:04, 9.65e-13, 5.39e-11
2020-12-27, 20:22:08, 9.29e-13, 5.42e-11
2020-12-27, 20:22:12, 9.86e-13, 5.42e-11
2020-12-27, 20:22:17, 9.24e-13, 5.43e-11
2020-12-27, 20:22:21, 8.91e-13, 5.42e-11
2020-12-27, 20:22:25, 9.31e-13, 5.44e-11
2020-12-27, 20:22:29, 9.21e-13, 5.46e-11
2020-12-27, 20:22:33, 8.86e-13, 5.43e-11
2020-12-27, 20:22:38, 8.92e-13, 5.42e-11
2020-12-27, 20:22:42, 9.47e-13, 5.41e-11
2020-12-27, 20:22:46, 1.01e-12, 5.41e-11
2020-12-27, 20:22:50, 9.58e-13, 5.44e-11
2020-12-27, 20:22:55, 9.1e-13, 5.44e-11
2020-12-27, 20:22:59, 8.39e-13, 5.42e-11
2020-12-27, 20:23:03, 8.94e-13, 5.46e-11
2020-12-27, 20:23:07, 9.29e-13, 5.45e-11
2020-12-27, 20:23:11, 9.13e-13, 5.44e-11
2020-12-27, 20:23:16, 8.98e-13, 5.43e-11
2020-12-27, 20:23:20, 9.51e-13, 5.43e-11
2020-12-27, 20:23:24, 9.15e-13, 5.46e-11
2020-12-27, 20:23:28, 9.55e-13, 5.42e-11
2020-12-27, 20:23:33, 9.33e-13, 5.43e-11
2020-12-27, 20:23:37, 9.19e-13, 5.43e-11
2020-12-27, 20:23:41, 9.52e-13, 5.42e-11
2020-12-27, 20:23:45, 1.1e-12, 5.42e-11
2020-12-27, 20:23:49, 8.71e-13, 5.42e-11
2020-12-27, 20:23:54, 9.53e-13, 5.42e-11
2020-12-27, 20:23:58, 8.95e-13, 5.42e-11
2020-12-27, 20:24:02, 8.63e-13, 5.42e-11
2020-12-27, 20:24:06, 9.46e-13, 5.45e-11
2020-12-27, 20:24:11, 8.21e-13, 5.43e-11
2020-12-27, 20:24:15, 9.41e-13, 5.42e-11
2020-12-27, 20:24:19, 8.57e-13, 5.4e-11
2020-12-27, 20:24:23, 9.73e-13, 5.43e-11
2020-12-27, 20:24:27, 8.85e-13, 5.44e-11
2020-12-27, 20:24:32, 8.18e-13, 5.42e-11
2020-12-27, 20:24:36, 9.06e-13, 5.44e-11
2020-12-27, 20:24:40, 9.84e-13, 5.4e-11
2020-12-27, 20:24:44, 9.09e-13, 5.41e-11
2020-12-27, 20:24:49, 1.01e-12, 5.45e-11
2020-12-27, 20:24:53, 8.78e-13, 5.44e-11
2020-12-27, 20:24:57, 9.35e-13, 5.4e-11
2020-12-27, 20:25:01, 9.15e-13, 5.43e-11
2020-12-27, 20:25:05, 9.03e-13, 5.41e-11
2020-12-27, 20:25:10, 8.94e-13, 5.42e-11
2020-12-27, 20:25:14, 9.21e-13, 5.4e-11
2020-12-27, 20:25:18, 9.21e-13, 5.41e-11
2020-12-27, 20:25:22, 9.7e-13, 5.43e-11
2020-12-27, 20:25:26, 8.68e-13, 5.44e-11
2020-12-27, 20:25:31, 9.79e-13, 5.46e-11
2020-12-27, 20:25:35, 9.21e-13, 5.42e-11
2020-12-27, 20:25:39, 8.59e-13, 5.45e-11
2020-12-27, 20:25:43, 9.54e-13, 5.44e-11
2020-12-27, 20:25:48, 9.58e-13, 5.41e-11
2020-12-27, 20:25:52, 9.51e-13, 5.42e-11
2020-12-27, 20:25:56, 9.46e-13, 5.43e-11
2020-12-27, 20:26:00, 8.92e-13, 5.42e-11
2020-12-27, 20:26:04, 9.21e-13, 5.42e-11
2020-12-27, 20:26:09, 8.89e-13, 5.43e-11
2020-12-27, 20:26:13, 8.53e-13, 5.41e-11
2020-12-27, 20:26:17, 8.71e-13, 5.44e-11
2020-12-27, 20:26:21, 9.29e-13, 5.41e-11
2020-12-27, 20:26:26, 9.3e-13, 5.42e-11
2020-12-27, 20:26:30, 9.16e-13, 5.43e-11
2020-12-27, 20:26:34, 9.73e-13, 5.42e-11
2020-12-27, 20:26:38, 9.34e-13, 5.42e-11
2020-12-27, 20:26:42, 9.16e-13, 5.42e-11
2020-12-27, 20:26:47, 9.35e-13, 5.43e-11
2020-12-27, 20:26:51, 9.75e-13, 5.44e-11
2020-12-27, 20:26:55, 9.18e-13, 5.44e-11
2020-12-27, 20:26:59, 8.92e-13, 5.46e-11
2020-12-27, 20:27:04, 8.47e-13, 5.44e-11
2020-12-27, 20:27:08, 9.18e-13, 5.42e-11
2020-12-27, 20:27:12, 9.62e-13, 5.42e-11
2020-12-27, 20:27:16, 9.08e-13, 5.43e-11
2020-12-27, 20:27:20, 9.56e-13, 5.4e-11
2020-12-27, 20:27:25, 9.63e-13, 5.42e-11
2020-12-27, 20:27:29, 9.47e-13, 5.42e-11
2020-12-27, 20:27:33, 8.82e-13, 5.4e-11
2020-12-27, 20:27:37, 9.33e-13, 5.44e-11
2020-12-27, 20:27:42, 9.24e-13, 5.43e-11
2020-12-27, 20:27:46, 8.94e-13, 5.43e-11
2020-12-27, 20:27:50, 1.07e-12, 5.46e-11
2020-12-27, 20:27:54, 9.18e-13, 5.41e-11
2020-12-27, 20:27:58, 1.04e-12, 5.44e-11
2020-12-27, 20:28:03, 8.76e-13, 5.43e-11
2020-12-27, 20:28:07, 9.62e-13, 5.46e-11
2020-12-27, 20:28:11, 9.56e-13, 5.45e-11
2020-12-27, 20:28:15, 9.12e-13, 5.44e-11
2020-12-27, 20:28:20, 9.76e-13, 5.46e-11
2020-12-27, 20:28:24, 9.34e-13, 5.44e-11
2020-12-27, 20:28:28, 9.13e-13, 5.42e-11
2020-12-27, 20:28:32, 8.85e-13, 5.42e-11
2020-12-27, 20:28:36, 8.82e-13, 5.44e-11
2020-12-27, 20:28:41, 1.05e-12, 5.44e-11
2020-12-27, 20:28:45, 9.19e-13, 5.42e-11
2020-12-27, 20:28:49, 9.65e-13, 5.42e-11
2020-12-27, 20:28:53, 9.2e-13, 5.45e-11
2020-12-27, 20:28:58, 8.87e-13, 5.42e-11
2020-12-27, 20:29:02, 9.52e-13, 5.42e-11
2020-12-27, 20:29:06, 9.26e-13, 5.43e-11
2020-12-27, 20:29:10, 9.16e-13, 5.41e-11
2020-12-27, 20:29:14, 8.94e-13, 5.43e-11
2020-12-27, 20:29:19, 9.09e-13, 5.45e-11
2020-12-27, 20:29:23, 9.55e-13, 5.44e-11
2020-12-27, 20:29:27, 8.99e-13, 5.41e-11
2020-12-27, 20:29:31, 8.98e-13, 5.43e-11
2020-12-27, 20:29:35, 9.27e-13, 5.43e-11
2020-12-27, 20:29:40, 9.38e-13, 5.44e-11
2020-12-27, 20:29:44, 9.12e-13, 5.41e-11
2020-12-27, 20:29:48, 9.18e-13, 5.42e-11
2020-12-27, 20:29:52, 8.55e-13, 5.49e-11
2020-12-27, 20:29:57, 9.56e-13, 5.44e-11
2020-12-27, 20:30:01, 8.07e-13, 5.45e-11
2020-12-27, 20:30:05, 9.71e-13, 5.43e-11
2020-12-27, 20:30:09, 9.29e-13, 5.45e-11
2020-12-27, 20:30:13, 9.29e-13, 5.43e-11
2020-12-27, 20:30:18, 9.24e-13, 5.43e-11
2020-12-27, 20:30:22, 8.9e-13, 5.41e-11
2020-12-27, 20:30:26, 9.86e-13, 5.45e-11
2020-12-27, 20:30:30, 9.32e-13, 5.42e-11
2020-12-27, 20:30:35, 8.99e-13, 5.43e-11
2020-12-27, 20:30:39, 9.04e-13, 5.44e-11
2020-12-27, 20:30:43, 9.31e-13, 5.44e-11
2020-12-27, 20:30:47, 8.88e-13, 5.45e-11
2020-12-27, 20:30:51, 9.56e-13, 5.44e-11
2020-12-27, 20:30:56, 9.13e-13, 5.44e-11
2020-12-27, 20:31:00, 8.7e-13, 5.44e-11
2020-12-27, 20:31:04, 9.47e-13, 5.44e-11
2020-12-27, 20:31:08, 9.45e-13, 5.41e-11
2020-12-27, 20:31:13, 9.92e-13, 5.42e-11
2020-12-27, 20:31:17, 9.01e-13, 5.41e-11
2020-12-27, 20:31:21, 9.11e-13, 5.41e-11
2020-12-27, 20:31:25, 9.94e-13, 5.42e-11
2020-12-27, 20:31:29, 9.49e-13, 5.47e-11
2020-12-27, 20:31:34, 8.91e-13, 5.42e-11
2020-12-27, 20:31:38, 9.21e-13, 5.43e-11
2020-12-27, 20:31:42, 9.47e-13, 5.42e-11
2020-12-27, 20:31:46, 9.4e-13, 5.45e-11
2020-12-27, 20:31:51, 9.38e-13, 5.42e-11
2020-12-27, 20:31:55, 9.07e-13, 5.46e-11
2020-12-27, 20:31:59, 9.5e-13, 5.45e-11
2020-12-27, 20:32:03, 9.01e-13, 5.46e-11
2020-12-27, 20:32:07, 9.12e-13, 5.46e-11
2020-12-27, 20:32:12, 9.34e-13, 5.43e-11
2020-12-27, 20:32:16, 8.87e-13, 5.41e-11
2020-12-27, 20:32:20, 9.21e-13, 5.44e-11
2020-12-27, 20:32:24, 9.73e-13, 5.42e-11
2020-12-27, 20:32:29, 9e-13, 5.43e-11
2020-12-27, 20:32:33, 9.59e-13, 5.43e-11
2020-12-27, 20:32:37, 8.49e-13, 5.45e-11
2020-12-27, 20:32:41, 9.53e-13, 5.42e-11
2020-12-27, 20:32:45, 9.41e-13, 5.43e-11
2020-12-27, 20:32:50, 9.06e-13, 5.47e-11
2020-12-27, 20:32:54, 9.36e-13, 5.46e-11
2020-12-27, 20:32:58, 1.01e-12, 5.48e-11
2020-12-27, 20:33:02, 9.6e-13, 5.43e-11
2020-12-27, 20:33:07, 9.01e-13, 5.44e-11
2020-12-27, 20:33:11, 8.87e-13, 5.46e-11
2020-12-27, 20:33:15, 9.65e-13, 5.45e-11
2020-12-27, 20:33:19, 9.46e-13, 5.44e-11
2020-12-27, 20:33:23, 9.62e-13, 5.45e-11
2020-12-27, 20:33:28, 9.56e-13, 5.46e-11
2020-12-27, 20:33:32, 8.9e-13, 5.45e-11
2020-12-27, 20:33:36, 9.39e-13, 5.48e-11
2020-12-27, 20:33:40, 9.2e-13, 5.46e-11
2020-12-27, 20:33:44, 9.76e-13, 5.47e-11
2020-12-27, 20:33:49, 9.55e-13, 5.44e-11
2020-12-27, 20:33:53, 9.66e-13, 5.45e-11
2020-12-27, 20:33:57, 9.5e-13, 5.45e-11
2020-12-27, 20:34:01, 9.72e-13, 5.47e-11
2020-12-27, 20:34:06, 9.51e-13, 5.47e-11
2020-12-27, 20:34:10, 9.3e-13, 5.44e-11
2020-12-27, 20:34:14, 9.47e-13, 5.47e-11
2020-12-27, 20:34:18, 8.92e-13, 5.43e-11
2020-12-27, 20:34:22, 9.28e-13, 5.46e-11
2020-12-27, 20:34:27, 9.6e-13, 5.46e-11
2020-12-27, 20:34:31, 9.44e-13, 5.45e-11
2020-12-27, 20:34:35, 1.05e-12, 5.49e-11
2020-12-27, 20:34:39, 9.43e-13, 5.46e-11
2020-12-27, 20:34:44, 1.02e-12, 5.42e-11
2020-12-27, 20:34:48, 8.82e-13, 5.44e-11
2020-12-27, 20:34:52, 9.56e-13, 5.44e-11
2020-12-27, 20:34:56, 8.25e-13, 5.46e-11
2020-12-27, 20:35:00, 8.42e-13, 5.45e-11
2020-12-27, 20:35:05, 9.19e-13, 5.43e-11
2020-12-27, 20:35:09, 9.93e-13, 5.43e-11
2020-12-27, 20:35:13, 8.42e-13, 5.46e-11
2020-12-27, 20:35:17, 9.22e-13, 5.45e-11
2020-12-27, 20:35:22, 9.46e-13, 5.44e-11
2020-12-27, 20:35:26, 8.94e-13, 5.44e-11
2020-12-27, 20:35:30, 8.88e-13, 5.46e-11
2020-12-27, 20:35:34, 8.99e-13, 5.45e-11
2020-12-27, 20:35:38, 9.96e-13, 5.47e-11
2020-12-27, 20:35:43, 9.46e-13, 5.45e-11
2020-12-27, 20:35:47, 9.65e-13, 5.47e-11
2020-12-27, 20:35:51, 9.69e-13, 5.48e-11
2020-12-27, 20:35:55, 9.02e-13, 5.43e-11
2020-12-27, 20:36:00, 9.88e-13, 5.41e-11
2020-12-27, 20:36:04, 8.99e-13, 5.45e-11
2020-12-27, 20:36:08, 1.03e-12, 5.44e-11
2020-12-27, 20:36:12, 9.64e-13, 5.47e-11
2020-12-27, 20:36:16, 9.51e-13, 5.45e-11
2020-12-27, 20:36:21, 9.89e-13, 5.45e-11
2020-12-27, 20:36:25, 9.48e-13, 5.46e-11
2020-12-27, 20:36:29, 9.12e-13, 5.48e-11
2020-12-27, 20:36:33, 7.99e-13, 5.43e-11
2020-12-27, 20:36:38, 9.56e-13, 5.44e-11
2020-12-27, 20:36:42, 1.02e-12, 5.46e-11
2020-12-27, 20:36:46, 9.06e-13, 5.43e-11
2020-12-27, 20:36:50, 9.76e-13, 5.5e-11
2020-12-27, 20:36:54, 9.2e-13, 5.45e-11
2020-12-27, 20:36:59, 9.41e-13, 5.48e-11
2020-12-27, 20:37:03, 9.99e-13, 5.45e-11
2020-12-27, 20:37:07, 9.4e-13, 5.45e-11
2020-12-27, 20:37:11, 9.25e-13, 5.45e-11
2020-12-27, 20:37:16, 8.93e-13, 5.44e-11
2020-12-27, 20:37:20, 8.84e-13, 5.45e-11
2020-12-27, 20:37:24, 8.57e-13, 5.42e-11
2020-12-27, 20:37:28, 9.04e-13, 5.46e-11
2020-12-27, 20:37:32, 9.42e-13, 5.44e-11
2020-12-27, 20:37:37, 9.13e-13, 5.45e-11
2020-12-27, 20:37:41, 9.38e-13, 5.45e-11
2020-12-27, 20:37:45, 1.1e-12, 5.43e-11
2020-12-27, 20:37:49, 9.74e-13, 5.46e-11
2020-12-27, 20:37:54, 8.5e-13, 5.5e-11
2020-12-27, 20:37:58, 9.9e-13, 5.44e-11
2020-12-27, 20:38:02, 9.45e-13, 5.43e-11
2020-12-27, 20:38:06, 9.01e-13, 5.47e-11
2020-12-27, 20:38:10, 1.01e-12, 5.43e-11
2020-12-27, 20:38:15, 9.23e-13, 5.47e-11
2020-12-27, 20:38:19, 8.84e-13, 5.44e-11
2020-12-27, 20:38:23, 9.25e-13, 5.48e-11
2020-12-27, 20:38:27, 9.56e-13, 5.46e-11
2020-12-27, 20:38:31, 9.15e-13, 5.48e-11
2020-12-27, 20:38:36, 9.01e-13, 5.48e-11
2020-12-27, 20:38:40, 9.66e-13, 5.45e-11
2020-12-27, 20:38:44, 9.13e-13, 5.47e-11
2020-12-27, 20:38:48, 9.46e-13, 5.43e-11
2020-12-27, 20:38:53, 9.93e-13, 5.43e-11
2020-12-27, 20:38:57, 9.56e-13, 5.44e-11
2020-12-27, 20:39:01, 8.89e-13, 5.44e-11
2020-12-27, 20:39:05, 9.31e-13, 5.46e-11
2020-12-27, 20:39:09, 9.01e-13, 5.43e-11
2020-12-27, 20:39:14, 9.74e-13, 5.45e-11
2020-12-27, 20:39:18, 9.17e-13, 5.45e-11
2020-12-27, 20:39:22, 1.01e-12, 5.43e-11
2020-12-27, 20:39:26, 9.11e-13, 5.45e-11
2020-12-27, 20:39:31, 9.15e-13, 5.46e-11
2020-12-27, 20:39:35, 8.71e-13, 5.47e-11
2020-12-27, 20:39:39, 9.16e-13, 5.43e-11
2020-12-27, 20:39:43, 8.76e-13, 5.44e-11
2020-12-27, 20:39:47, 9.54e-13, 5.44e-11
2020-12-27, 20:39:52, 9.18e-13, 5.48e-11
2020-12-27, 20:39:56, 9.56e-13, 5.49e-11
2020-12-27, 20:40:00, 9.53e-13, 5.44e-11
2020-12-27, 20:40:04, 9.59e-13, 5.44e-11
2020-12-27, 20:40:09, 9.43e-13, 5.45e-11
2020-12-27, 20:40:13, 8.63e-13, 5.43e-11
2020-12-27, 20:40:17, 1.01e-12, 5.47e-11
2020-12-27, 20:40:21, 9.31e-13, 5.46e-11
2020-12-27, 20:40:25, 8.95e-13, 5.43e-11
2020-12-27, 20:40:30, 9.31e-13, 5.46e-11
2020-12-27, 20:40:34, 9.55e-13, 5.42e-11
2020-12-27, 20:40:38, 9.32e-13, 5.43e-11
2020-12-27, 20:40:42, 9.55e-13, 5.46e-11
2020-12-27, 20:40:47, 8.91e-13, 5.43e-11
2020-12-27, 20:40:51, 9.48e-13, 5.45e-11
2020-12-27, 20:40:55, 9.17e-13, 5.48e-11
2020-12-27, 20:40:59, 8.68e-13, 5.45e-11
2020-12-27, 20:41:03, 9.5e-13, 5.43e-11
2020-12-27, 20:41:08, 9.03e-13, 5.45e-11
2020-12-27, 20:41:12, 8.29e-13, 5.43e-11
2020-12-27, 20:41:16, 9.2e-13, 5.43e-11
2020-12-27, 20:41:20, 8.68e-13, 5.44e-11
2020-12-27, 20:41:25, 9.16e-13, 5.46e-11
2020-12-27, 20:41:29, 9.32e-13, 5.46e-11
2020-12-27, 20:41:33, 1.01e-12, 5.42e-11
2020-12-27, 20:41:37, 9.65e-13, 5.47e-11
2020-12-27, 20:41:41, 1.07e-12, 5.44e-11
2020-12-27, 20:41:46, 9.06e-13, 5.45e-11
2020-12-27, 20:41:50, 9.47e-13, 5.44e-11
2020-12-27, 20:41:54, 9.42e-13, 5.43e-11
2020-12-27, 20:41:58, 9.22e-13, 5.45e-11
2020-12-27, 20:42:03, 8.75e-13, 5.45e-11
2020-12-27, 20:42:07, 9.14e-13, 5.45e-11
2020-12-27, 20:42:11, 8.78e-13, 5.46e-11
2020-12-27, 20:42:15, 9.68e-13, 5.42e-11
2020-12-27, 20:42:19, 9.21e-13, 5.44e-11
2020-12-27, 20:42:24, 9.46e-13, 5.42e-11
2020-12-27, 20:42:28, 9.78e-13, 5.5e-11
2020-12-27, 20:42:32, 9.15e-13, 5.44e-11
2020-12-27, 20:42:36, 9.11e-13, 5.45e-11
2020-12-27, 20:42:40, 9.3e-13, 5.44e-11
2020-12-27, 20:42:45, 9.69e-13, 5.44e-11
2020-12-27, 20:42:49, 9.65e-13, 5.46e-11
2020-12-27, 20:42:53, 9.56e-13, 5.5e-11
2020-12-27, 20:42:57, 9.87e-13, 5.45e-11
2020-12-27, 20:43:02, 9.99e-13, 5.44e-11
2020-12-27, 20:43:06, 9.55e-13, 5.45e-11
2020-12-27, 20:43:10, 1.04e-12, 5.45e-11
2020-12-27, 20:43:14, 1.14e-12, 5.42e-11
2020-12-27, 20:43:18, 8.47e-13, 5.47e-11
2020-12-27, 20:43:23, 9.37e-13, 5.46e-11
2020-12-27, 20:43:27, 9.29e-13, 5.48e-11
2020-12-27, 20:43:31, 8.33e-13, 5.45e-11
2020-12-27, 20:43:35, 8.98e-13, 5.47e-11
2020-12-27, 20:43:40, 9.38e-13, 5.46e-11
2020-12-27, 20:43:44, 8.76e-13, 5.45e-11
2020-12-27, 20:43:48, 9.12e-13, 5.44e-11
2020-12-27, 20:43:52, 8.86e-13, 5.46e-11
2020-12-27, 20:43:56, 8.81e-13, 5.48e-11
2020-12-27, 20:44:01, 9.72e-13, 5.45e-11
2020-12-27, 20:44:05, 8.56e-13, 5.43e-11
2020-12-27, 20:44:09, 9.41e-13, 5.47e-11
2020-12-27, 20:44:13, 9.89e-13, 5.42e-11
2020-12-27, 20:44:18, 9.13e-13, 5.42e-11
2020-12-27, 20:44:22, 9.41e-13, 5.44e-11
2020-12-27, 20:44:26, 1.09e-12, 5.46e-11
2020-12-27, 20:44:30, 9.39e-13, 5.46e-11
2020-12-27, 20:44:34, 1.02e-12, 5.44e-11
2020-12-27, 20:44:39, 8.61e-13, 5.47e-11
2020-12-27, 20:44:43, 1.09e-12, 5.44e-11
2020-12-27, 20:44:47, 9.02e-13, 5.45e-11
2020-12-27, 20:44:51, 7.61e-13, 5.47e-11
2020-12-27, 20:44:56, 9.32e-13, 5.46e-11
2020-12-27, 20:45:00, 9.26e-13, 5.46e-11
2020-12-27, 20:45:04, 8.81e-13, 5.44e-11
2020-12-27, 20:45:08, 9.48e-13, 5.47e-11
2020-12-27, 20:45:12, 1.01e-12, 5.44e-11
2020-12-27, 20:45:17, 8.93e-13, 5.45e-11
2020-12-27, 20:45:21, 9.71e-13, 5.49e-11
2020-12-27, 20:45:25, 9.51e-13, 5.45e-11
2020-12-27, 20:45:29, 1.01e-12, 5.41e-11
2020-12-27, 20:45:34, 9.13e-13, 5.45e-11
2020-12-27, 20:45:38, 1.07e-12, 5.45e-11
2020-12-27, 20:45:42, 1.01e-12, 5.46e-11
2020-12-27, 20:45:46, 9.24e-13, 5.49e-11
2020-12-27, 20:45:50, 9.73e-13, 5.44e-11
2020-12-27, 20:45:55, 8.68e-13, 5.46e-11
2020-12-27, 20:45:59, 9.23e-13, 5.44e-11
2020-12-27, 20:46:03, 9.55e-13, 5.41e-11
2020-12-27, 20:46:07, 9.26e-13, 5.4e-11
2020-12-27, 20:46:11, 9.27e-13, 5.44e-11
2020-12-27, 20:46:16, 9.36e-13, 5.47e-11
2020-12-27, 20:46:20, 9.65e-13, 5.45e-11
2020-12-27, 20:46:24, 9.1e-13, 5.45e-11
2020-12-27, 20:46:28, 9.43e-13, 5.41e-11
2020-12-27, 20:46:33, 9.29e-13, 5.42e-11
2020-12-27, 20:46:37, 8.61e-13, 5.42e-11
2020-12-27, 20:46:41, 9.21e-13, 5.41e-11
2020-12-27, 20:46:45, 9.5e-13, 5.45e-11
2020-12-27, 20:46:49, 8.39e-13, 5.42e-11
2020-12-27, 20:46:54, 9.16e-13, 5.44e-11
2020-12-27, 20:46:58, 9.69e-13, 5.45e-11
2020-12-27, 20:47:02, 9.18e-13, 5.46e-11
2020-12-27, 20:47:06, 9.14e-13, 5.43e-11
2020-12-27, 20:47:11, 9.76e-13, 5.47e-11
2020-12-27, 20:47:15, 9.12e-13, 5.44e-11
2020-12-27, 20:47:19, 9.36e-13, 5.45e-11
2020-12-27, 20:47:23, 7.88e-13, 5.45e-11
2020-12-27, 20:47:27, 9.35e-13, 5.44e-11
2020-12-27, 20:47:32, 8.94e-13, 5.47e-11
2020-12-27, 20:47:36, 9.07e-13, 5.43e-11
2020-12-27, 20:47:40, 9.34e-13, 5.44e-11
2020-12-27, 20:47:44, 9.64e-13, 5.45e-11
2020-12-27, 20:47:49, 9.71e-13, 5.45e-11
2020-12-27, 20:47:53, 9.35e-13, 5.48e-11
2020-12-27, 20:47:57, 9.27e-13, 5.42e-11
2020-12-27, 20:48:01, 9.03e-13, 5.46e-11
2020-12-27, 20:48:05, 9.27e-13, 5.46e-11
2020-12-27, 20:48:10, 9.38e-13, 5.45e-11
2020-12-27, 20:48:14, 9.65e-13, 5.43e-11
2020-12-27, 20:48:18, 9.2e-13, 5.43e-11
2020-12-27, 20:48:22, 9.25e-13, 5.43e-11
2020-12-27, 20:48:27, 8.84e-13, 5.45e-11
2020-12-27, 20:48:31, 9.05e-13, 5.45e-11
2020-12-27, 20:48:35, 9.77e-13, 5.47e-11
2020-12-27, 20:48:39, 9.22e-13, 5.44e-11
2020-12-27, 20:48:43, 9.6e-13, 5.47e-11
2020-12-27, 20:48:48, 9.1e-13, 5.45e-11
2020-12-27, 20:48:52, 9.38e-13, 5.46e-11
2020-12-27, 20:48:56, 9.62e-13, 5.42e-11
2020-12-27, 20:49:00, 9.63e-13, 5.45e-11
2020-12-27, 20:49:05, 9.18e-13, 5.45e-11
2020-12-27, 20:49:09, 8.22e-13, 5.46e-11
2020-12-27, 20:49:13, 9.95e-13, 5.44e-11
2020-12-27, 20:49:17, 9.57e-13, 5.46e-11
2020-12-27, 20:49:21, 9.55e-13, 5.44e-11
2020-12-27, 20:49:26, 1.07e-12, 5.43e-11
2020-12-27, 20:49:30, 9.09e-13, 5.42e-11
2020-12-27, 20:49:34, 9.69e-13, 5.46e-11
2020-12-27, 20:49:38, 9.7e-13, 5.47e-11
2020-12-27, 20:49:43, 9.15e-13, 5.42e-11
2020-12-27, 20:49:47, 8.61e-13, 5.44e-11
2020-12-27, 20:49:51, 9.56e-13, 5.46e-11
2020-12-27, 20:49:55, 9.4e-13, 5.43e-11
2020-12-27, 20:49:59, 9.21e-13, 5.47e-11
2020-12-27, 20:50:04, 1.06e-12, 5.43e-11
2020-12-27, 20:50:08, 8.74e-13, 5.46e-11
2020-12-27, 20:50:12, 9.03e-13, 5.46e-11
2020-12-27, 20:50:16, 9.51e-13, 5.46e-11
2020-12-27, 20:50:21, 9.35e-13, 5.43e-11
2020-12-27, 20:50:25, 9.55e-13, 5.46e-11
2020-12-27, 20:50:29, 9.87e-13, 5.46e-11
2020-12-27, 20:50:33, 1.01e-12, 5.45e-11
2020-12-27, 20:50:37, 9.36e-13, 5.48e-11
2020-12-27, 20:50:42, 9.6e-13, 5.45e-11
2020-12-27, 20:50:46, 9.67e-13, 5.42e-11
2020-12-27, 20:50:50, 9.71e-13, 5.45e-11
2020-12-27, 20:50:54, 9.12e-13, 5.47e-11
2020-12-27, 20:50:58, 1.04e-12, 5.43e-11
2020-12-27, 20:51:03, 9.34e-13, 5.46e-11
2020-12-27, 20:51:07, 9.42e-13, 5.45e-11
2020-12-27, 20:51:11, 7.62e-13, 5.46e-11
2020-12-27, 20:51:15, 9.19e-13, 5.46e-11
2020-12-27, 20:51:20, 9.64e-13, 5.43e-11
2020-12-27, 20:51:24, 8.88e-13, 5.45e-11
2020-12-27, 20:51:28, 8.53e-13, 5.45e-11
2020-12-27, 20:51:32, 9.53e-13, 5.48e-11
2020-12-27, 20:51:36, 9.31e-13, 5.47e-11
2020-12-27, 20:51:41, 9.38e-13, 5.42e-11
2020-12-27, 20:51:45, 1.07e-12, 5.44e-11
2020-12-27, 20:51:49, 9.47e-13, 5.48e-11
2020-12-27, 20:51:53, 8.99e-13, 5.48e-11
2020-12-27, 20:51:58, 9.13e-13, 5.45e-11
2020-12-27, 20:52:02, 9.37e-13, 5.47e-11
2020-12-27, 20:52:06, 9.69e-13, 5.44e-11
2020-12-27, 20:52:10, 9.31e-13, 5.44e-11
2020-12-27, 20:52:14, 9.45e-13, 5.48e-11
2020-12-27, 20:52:19, 9.04e-13, 5.48e-11
2020-12-27, 20:52:23, 9.48e-13, 5.45e-11
2020-12-27, 20:52:27, 8.87e-13, 5.47e-11
2020-12-27, 20:52:31, 9.5e-13, 5.46e-11
2020-12-27, 20:52:36, 8.13e-13, 5.45e-11
2020-12-27, 20:52:40, 8.63e-13, 5.44e-11
2020-12-27, 20:52:44, 9.42e-13, 5.47e-11
2020-12-27, 20:52:48, 9.87e-13, 5.44e-11
2020-12-27, 20:52:52, 8.91e-13, 5.45e-11
2020-12-27, 20:52:57, 8.32e-13, 5.45e-11
2020-12-27, 20:53:01, 9.06e-13, 5.46e-11
2020-12-27, 20:53:05, 1.01e-12, 5.48e-11
2020-12-27, 20:53:09, 9.35e-13, 5.46e-11
2020-12-27, 20:53:14, 9.38e-13, 5.44e-11
2020-12-27, 20:53:18, 8.93e-13, 5.44e-11
2020-12-27, 20:53:22, 9.32e-13, 5.47e-11
2020-12-27, 20:53:26, 9.1e-13, 5.45e-11
2020-12-27, 20:53:30, 1.03e-12, 5.42e-11
2020-12-27, 20:53:35, 9.18e-13, 5.45e-11
2020-12-27, 20:53:39, 9.13e-13, 5.47e-11
2020-12-27, 20:53:43, 9.58e-13, 5.42e-11
2020-12-27, 20:53:47, 9.31e-13, 5.45e-11
2020-12-27, 20:53:52, 1.09e-12, 5.44e-11
2020-12-27, 20:53:56, 9.47e-13, 5.47e-11
2020-12-27, 20:54:00, 9.55e-13, 5.45e-11
2020-12-27, 20:54:04, 8.7e-13, 5.48e-11
2020-12-27, 20:54:08, 9.29e-13, 5.45e-11
2020-12-27, 20:54:13, 8.75e-13, 5.45e-11
2020-12-27, 20:54:17, 9.57e-13, 5.46e-11
2020-12-27, 20:54:21, 8.94e-13, 5.49e-11
2020-12-27, 20:54:25, 9.5e-13, 5.47e-11
2020-12-27, 20:54:30, 9.36e-13, 5.45e-11
2020-12-27, 20:54:34, 9.54e-13, 5.45e-11
2020-12-27, 20:54:38, 9.66e-13, 5.44e-11
2020-12-27, 20:54:42, 9.17e-13, 5.43e-11
2020-12-27, 20:54:46, 8.65e-13, 5.43e-11
2020-12-27, 20:54:51, 9.14e-13, 5.44e-11
2020-12-27, 20:54:55, 9.57e-13, 5.45e-11
2020-12-27, 20:54:59, 9.11e-13, 5.47e-11
2020-12-27, 20:55:03, 9.61e-13, 5.44e-11
2020-12-27, 20:55:08, 9.12e-13, 5.47e-11
2020-12-27, 20:55:12, 9.47e-13, 5.48e-11
2020-12-27, 20:55:16, 8.83e-13, 5.44e-11
2020-12-27, 20:55:20, 9.24e-13, 5.46e-11
2020-12-27, 20:55:24, 9.46e-13, 5.47e-11
2020-12-27, 20:55:29, 9.34e-13, 5.46e-11
2020-12-27, 20:55:33, 9.26e-13, 5.47e-11
2020-12-27, 20:55:37, 8.8e-13, 5.45e-11
2020-12-27, 20:55:41, 9.15e-13, 5.43e-11
2020-12-27, 20:55:45, 9.11e-13, 5.48e-11
2020-12-27, 20:55:50, 9.2e-13, 5.46e-11
2020-12-27, 20:55:54, 9.31e-13, 5.45e-11
2020-12-27, 20:55:58, 9.65e-13, 5.44e-11
2020-12-27, 20:56:02, 9.04e-13, 5.45e-11
2020-12-27, 20:56:07, 9.16e-13, 5.49e-11
2020-12-27, 20:56:11, 8.49e-13, 5.47e-11
2020-12-27, 20:56:15, 9.21e-13, 5.46e-11
2020-12-27, 20:56:19, 9.07e-13, 5.44e-11
2020-12-27, 20:56:23, 9.48e-13, 5.5e-11
2020-12-27, 20:56:28, 8.81e-13, 5.44e-11
2020-12-27, 20:56:32, 9.59e-13, 5.45e-11
2020-12-27, 20:56:36, 8.66e-13, 5.45e-11
2020-12-27, 20:56:40, 8.9e-13, 5.46e-11
2020-12-27, 20:56:45, 9.22e-13, 5.45e-11
2020-12-27, 20:56:49, 9.03e-13, 5.45e-11
2020-12-27, 20:56:53, 9.17e-13, 5.45e-11
2020-12-27, 20:56:57, 9.46e-13, 5.47e-11
2020-12-27, 20:57:01, 9.27e-13, 5.45e-11
2020-12-27, 20:57:06, 9.05e-13, 5.48e-11
2020-12-27, 20:57:10, 9.38e-13, 5.44e-11
2020-12-27, 20:57:14, 9.52e-13, 5.47e-11
2020-12-27, 20:57:18, 9.36e-13, 5.49e-11
2020-12-27, 20:57:23, 9.93e-13, 5.46e-11
2020-12-27, 20:57:27, 9.13e-13, 5.45e-11
2020-12-27, 20:57:31, 1.04e-12, 5.44e-11
2020-12-27, 20:57:35, 9.35e-13, 5.43e-11
2020-12-27, 20:57:39, 9.37e-13, 5.47e-11
2020-12-27, 20:57:44, 9.4e-13, 5.45e-11
2020-12-27, 20:57:48, 9.58e-13, 5.49e-11
2020-12-27, 20:57:52, 9.46e-13, 5.48e-11
2020-12-27, 20:57:56, 9.01e-13, 5.47e-11
2020-12-27, 20:58:01, 9.55e-13, 5.48e-11
2020-12-27, 20:58:05, 9.22e-13, 5.48e-11
2020-12-27, 20:58:09, 8.93e-13, 5.46e-11
2020-12-27, 20:58:13, 9.66e-13, 5.48e-11
2020-12-27, 20:58:17, 8.83e-13, 5.48e-11
2020-12-27, 20:58:22, 9.17e-13, 5.46e-11
2020-12-27, 20:58:26, 8.98e-13, 5.49e-11
2020-12-27, 20:58:30, 8.95e-13, 5.43e-11
2020-12-27, 20:58:34, 8.95e-13, 5.46e-11
2020-12-27, 20:58:39, 9.23e-13, 5.46e-11
2020-12-27, 20:58:43, 9.28e-13, 5.43e-11
2020-12-27, 20:58:47, 9.46e-13, 5.41e-11
2020-12-27, 20:58:51, 9.36e-13, 5.42e-11
2020-12-27, 20:58:55, 9.61e-13, 5.45e-11
2020-12-27, 20:59:00, 9.35e-13, 5.47e-11
2020-12-27, 20:59:04, 9.48e-13, 5.46e-11
2020-12-27, 20:59:08, 8.79e-13, 5.44e-11
2020-12-27, 20:59:12, 9.44e-13, 5.46e-11
2020-12-27, 20:59:17, 9.16e-13, 5.42e-11
2020-12-27, 20:59:21, 8.22e-13, 5.45e-11
2020-12-27, 20:59:25, 9.34e-13, 5.44e-11
2020-12-27, 20:59:29, 8.57e-13, 5.48e-11
2020-12-27, 20:59:33, 9.16e-13, 5.47e-11
2020-12-27, 20:59:38, 9.41e-13, 5.44e-11
2020-12-27, 20:59:42, 9.06e-13, 5.46e-11
2020-12-27, 20:59:46, 9.85e-13, 5.46e-11
2020-12-27, 20:59:50, 9.78e-13, 5.49e-11
2020-12-27, 20:59:55, 9.11e-13, 5.43e-11
2020-12-27, 20:59:59, 9.05e-13, 5.45e-11
2020-12-27, 21:00:03, 9.15e-13, 5.45e-11
2020-12-27, 21:00:07, 9.09e-13, 5.46e-11
2020-12-27, 21:00:11, 9.78e-13, 5.48e-11
2020-12-27, 21:00:16, 8.67e-13, 5.45e-11
2020-12-27, 21:00:20, 9.4e-13, 5.47e-11
2020-12-27, 21:00:24, 8.94e-13, 5.46e-11
2020-12-27, 21:00:28, 9.24e-13, 5.5e-11
2020-12-27, 21:00:33, 9.6e-13, 5.47e-11
2020-12-27, 21:00:37, 1.02e-12, 5.5e-11
2020-12-27, 21:00:41, 9.75e-13, 5.46e-11
2020-12-27, 21:00:45, 8.9e-13, 5.45e-11
2020-12-27, 21:00:49, 8.75e-13, 5.45e-11
2020-12-27, 21:00:54, 9.45e-13, 5.46e-11
2020-12-27, 21:00:58, 9.06e-13, 5.41e-11
2020-12-27, 21:01:02, 9.7e-13, 5.42e-11
2020-12-27, 21:01:06, 9.57e-13, 5.42e-11
2020-12-27, 21:01:11, 9.07e-13, 5.45e-11
2020-12-27, 21:01:15, 8.96e-13, 5.43e-11
2020-12-27, 21:01:19, 9.58e-13, 5.44e-11
2020-12-27, 21:01:23, 9.54e-13, 5.46e-11
2020-12-27, 21:01:27, 9.57e-13, 5.46e-11
2020-12-27, 21:01:32, 9.43e-13, 5.53e-11
2020-12-27, 21:01:36, 9.87e-13, 5.45e-11
2020-12-27, 21:01:40, 1e-12, 5.5e-11
2020-12-27, 21:01:44, 9.52e-13, 5.46e-11
2020-12-27, 21:01:49, 9.39e-13, 5.48e-11
2020-12-27, 21:01:53, 9.12e-13, 5.42e-11
2020-12-27, 21:01:57, 9.47e-13, 5.47e-11
2020-12-27, 21:02:01, 9.96e-13, 5.46e-11
2020-12-27, 21:02:05, 9.06e-13, 5.48e-11
2020-12-27, 21:02:10, 9.58e-13, 5.51e-11
2020-12-27, 21:02:14, 9e-13, 5.48e-11
2020-12-27, 21:02:18, 9.63e-13, 5.45e-11
2020-12-27, 21:02:22, 8.87e-13, 5.45e-11
2020-12-27, 21:02:27, 9.35e-13, 5.48e-11
2020-12-27, 21:02:31, 9.07e-13, 5.46e-11
2020-12-27, 21:02:35, 1.01e-12, 5.46e-11
2020-12-27, 21:02:39, 9.98e-13, 5.49e-11
2020-12-27, 21:02:43, 9.45e-13, 5.48e-11
2020-12-27, 21:02:48, 9.31e-13, 5.47e-11
2020-12-27, 21:02:52, 9.14e-13, 5.46e-11
2020-12-27, 21:02:56, 9.89e-13, 5.48e-11
2020-12-27, 21:03:00, 8.59e-13, 5.43e-11
2020-12-27, 21:03:05, 8.86e-13, 5.45e-11
2020-12-27, 21:03:09, 9.87e-13, 5.43e-11
2020-12-27, 21:03:13, 7.76e-13, 5.42e-11
2020-12-27, 21:03:17, 9.04e-13, 5.47e-11
2020-12-27, 21:03:21, 9.27e-13, 5.45e-11
2020-12-27, 21:03:26, 8.55e-13, 5.46e-11
2020-12-27, 21:03:30, 9.1e-13, 5.48e-11
2020-12-27, 21:03:34, 9.53e-13, 5.43e-11
2020-12-27, 21:03:38, 8.54e-13, 5.43e-11
2020-12-27, 21:03:42, 9.38e-13, 5.44e-11
2020-12-27, 21:03:47, 8.95e-13, 5.46e-11
2020-12-27, 21:03:51, 8.86e-13, 5.47e-11
2020-12-27, 21:03:55, 9.21e-13, 5.44e-11
2020-12-27, 21:03:59, 9.28e-13, 5.46e-11
2020-12-27, 21:04:04, 9.23e-13, 5.43e-11
2020-12-27, 21:04:08, 9.28e-13, 5.43e-11
2020-12-27, 21:04:12, 9.38e-13, 5.43e-11
2020-12-27, 21:04:16, 9.48e-13, 5.46e-11
2020-12-27, 21:04:20, 9.06e-13, 5.45e-11
2020-12-27, 21:04:25, 9.17e-13, 5.47e-11
2020-12-27, 21:04:29, 8.94e-13, 5.43e-11
2020-12-27, 21:04:33, 8.88e-13, 5.46e-11
2020-12-27, 21:04:37, 9.89e-13, 5.45e-11
2020-12-27, 21:04:42, 8.27e-13, 5.45e-11
2020-12-27, 21:04:46, 1.04e-12, 5.43e-11
2020-12-27, 21:04:50, 9.14e-13, 5.44e-11
2020-12-27, 21:04:54, 9.35e-13, 5.43e-11
2020-12-27, 21:04:58, 9.39e-13, 5.43e-11
2020-12-27, 21:05:03, 9.55e-13, 5.45e-11
2020-12-27, 21:05:07, 9.62e-13, 5.46e-11
2020-12-27, 21:05:11, 9.19e-13, 5.46e-11
2020-12-27, 21:05:15, 8.81e-13, 5.48e-11
2020-12-27, 21:05:20, 9.14e-13, 5.44e-11
2020-12-27, 21:05:24, 9.21e-13, 5.45e-11
2020-12-27, 21:05:28, 9.75e-13, 5.48e-11
2020-12-27, 21:05:32, 9.38e-13, 5.44e-11
2020-12-27, 21:05:36, 9.72e-13, 5.47e-11
2020-12-27, 21:05:41, 9.51e-13, 5.43e-11
2020-12-27, 21:05:45, 8.6e-13, 5.42e-11
2020-12-27, 21:05:49, 9.93e-13, 5.43e-11
2020-12-27, 21:05:53, 8.54e-13, 5.45e-11
2020-12-27, 21:05:58, 9.25e-13, 5.47e-11
2020-12-27, 21:06:02, 9.78e-13, 5.44e-11
2020-12-27, 21:06:06, 1.03e-12, 5.47e-11
2020-12-27, 21:06:10, 1.01e-12, 5.43e-11
2020-12-27, 21:06:14, 9.21e-13, 5.43e-11
2020-12-27, 21:06:19, 8.71e-13, 5.45e-11
2020-12-27, 21:06:23, 8.81e-13, 5.43e-11
2020-12-27, 21:06:27, 9.49e-13, 5.44e-11
2020-12-27, 21:06:31, 8.79e-13, 5.44e-11
2020-12-27, 21:06:36, 9.25e-13, 5.44e-11
2020-12-27, 21:06:40, 8.56e-13, 5.45e-11
2020-12-27, 21:06:44, 9.7e-13, 5.42e-11
2020-12-27, 21:06:48, 8.83e-13, 5.46e-11
2020-12-27, 21:06:52, 9.56e-13, 5.45e-11
2020-12-27, 21:06:57, 9.19e-13, 5.48e-11
2020-12-27, 21:07:01, 8.96e-13, 5.47e-11
2020-12-27, 21:07:05, 9.75e-13, 5.44e-11
2020-12-27, 21:07:09, 8.93e-13, 5.46e-11
2020-12-27, 21:07:13, 1.07e-12, 5.47e-11
2020-12-27, 21:07:18, 9.08e-13, 5.44e-11
2020-12-27, 21:07:22, 8.93e-13, 5.48e-11
2020-12-27, 21:07:26, 9.29e-13, 5.44e-11
2020-12-27, 21:07:30, 9.09e-13, 5.49e-11
2020-12-27, 21:07:35, 9.58e-13, 5.45e-11
2020-12-27, 21:07:39, 9.59e-13, 5.45e-11
2020-12-27, 21:07:43, 9.13e-13, 5.5e-11
2020-12-27, 21:07:47, 9.24e-13, 5.47e-11
2020-12-27, 21:07:51, 8.79e-13, 5.48e-11
2020-12-27, 21:07:56, 9.56e-13, 5.43e-11
2020-12-27, 21:08:00, 9.45e-13, 5.49e-11
2020-12-27, 21:08:04, 9.95e-13, 5.5e-11
2020-12-27, 21:08:08, 8.95e-13, 5.44e-11
2020-12-27, 21:08:13, 9.49e-13, 5.49e-11
2020-12-27, 21:08:17, 9.55e-13, 5.44e-11
2020-12-27, 21:08:21, 9.34e-13, 5.46e-11
2020-12-27, 21:08:25, 9.07e-13, 5.48e-11
2020-12-27, 21:08:29, 9.82e-13, 5.45e-11
2020-12-27, 21:08:34, 9.14e-13, 5.46e-11
2020-12-27, 21:08:38, 1e-12, 5.45e-11
2020-12-27, 21:08:42, 8.85e-13, 5.44e-11
2020-12-27, 21:08:46, 9.49e-13, 5.43e-11
2020-12-27, 21:08:51, 9.31e-13, 5.44e-11
2020-12-27, 21:08:55, 9.45e-13, 5.44e-11
2020-12-27, 21:08:59, 8.77e-13, 5.44e-11
2020-12-27, 21:09:03, 9.12e-13, 5.42e-11
2020-12-27, 21:09:07, 9.3e-13, 5.44e-11
2020-12-27, 21:09:12, 8.95e-13, 5.45e-11
2020-12-27, 21:09:16, 1.01e-12, 5.44e-11
2020-12-27, 21:09:20, 8.91e-13, 5.46e-11
2020-12-27, 21:09:24, 9.04e-13, 5.45e-11
2020-12-27, 21:09:29, 9.55e-13, 5.47e-11
2020-12-27, 21:09:33, 9.28e-13, 5.44e-11
2020-12-27, 21:09:37, 9.8e-13, 5.44e-11
2020-12-27, 21:09:41, 9.35e-13, 5.43e-11
2020-12-27, 21:09:45, 9.26e-13, 5.45e-11
2020-12-27, 21:09:50, 1.1e-12, 5.44e-11
2020-12-27, 21:09:54, 8.7e-13, 5.49e-11
2020-12-27, 21:09:58, 1e-12, 5.42e-11
2020-12-27, 21:10:02, 9.14e-13, 5.45e-11
2020-12-27, 21:10:07, 9.49e-13, 5.44e-11
2020-12-27, 21:10:11, 9.09e-13, 5.47e-11
2020-12-27, 21:10:15, 9.7e-13, 5.48e-11
2020-12-27, 21:10:19, 9.03e-13, 5.44e-11
2020-12-27, 21:10:23, 8.9e-13, 5.46e-11
2020-12-27, 21:10:28, 9.08e-13, 5.45e-11
2020-12-27, 21:10:32, 1.08e-12, 5.45e-11
2020-12-27, 21:10:36, 9.05e-13, 5.45e-11
2020-12-27, 21:10:40, 9.45e-13, 5.47e-11
2020-12-27, 21:10:45, 8.18e-13, 5.47e-11
2020-12-27, 21:10:49, 8.67e-13, 5.48e-11
2020-12-27, 21:10:53, 8.53e-13, 5.45e-11
2020-12-27, 21:10:57, 9.44e-13, 5.45e-11
2020-12-27, 21:11:01, 9.58e-13, 5.45e-11
2020-12-27, 21:11:06, 9e-13, 5.47e-11
2020-12-27, 21:11:10, 9.08e-13, 5.51e-11
2020-12-27, 21:11:14, 9.34e-13, 5.46e-11
2020-12-27, 21:11:18, 9.58e-13, 5.47e-11
2020-12-27, 21:11:23, 9.01e-13, 5.47e-11
2020-12-27, 21:11:27, 9.14e-13, 5.45e-11
2020-12-27, 21:11:31, 1.04e-12, 5.49e-11
2020-12-27, 21:11:35, 9.72e-13, 5.45e-11
2020-12-27, 21:11:39, 9.16e-13, 5.47e-11
2020-12-27, 21:11:44, 9.43e-13, 5.47e-11
2020-12-27, 21:11:48, 8.88e-13, 5.47e-11
2020-12-27, 21:11:52, 9.11e-13, 5.44e-11
2020-12-27, 21:11:56, 9.18e-13, 5.48e-11
2020-12-27, 21:12:01, 1.03e-12, 5.5e-11
2020-12-27, 21:12:05, 9.27e-13, 5.44e-11
2020-12-27, 21:12:09, 9.06e-13, 5.44e-11
2020-12-27, 21:12:13, 9.78e-13, 5.43e-11
2020-12-27, 21:12:17, 8.82e-13, 5.42e-11
2020-12-27, 21:12:22, 9.85e-13, 5.44e-11
2020-12-27, 21:12:26, 9.7e-13, 5.43e-11
2020-12-27, 21:12:30, 9.39e-13, 5.44e-11
2020-12-27, 21:12:34, 9.46e-13, 5.46e-11
2020-12-27, 21:12:39, 1.13e-12, 5.48e-11
2020-12-27, 21:12:43, 9.5e-13, 5.42e-11
2020-12-27, 21:12:47, 9.57e-13, 5.44e-11
2020-12-27, 21:12:51, 8.49e-13, 5.43e-11
2020-12-27, 21:12:55, 1.05e-12, 5.44e-11
2020-12-27, 21:13:00, 9.65e-13, 5.44e-11
2020-12-27, 21:13:04, 9.51e-13, 5.45e-11
2020-12-27, 21:13:08, 9.33e-13, 5.47e-11
2020-12-27, 21:13:12, 9.48e-13, 5.45e-11
2020-12-27, 21:13:16, 9.07e-13, 5.46e-11
2020-12-27, 21:13:21, 9.42e-13, 5.45e-11
2020-12-27, 21:13:25, 8.85e-13, 5.46e-11
2020-12-27, 21:13:29, 9.59e-13, 5.48e-11
2020-12-27, 21:13:33, 8.99e-13, 5.47e-11
2020-12-27, 21:13:38, 8.69e-13, 5.45e-11
2020-12-27, 21:13:42, 9.75e-13, 5.45e-11
2020-12-27, 21:13:46, 8.75e-13, 5.44e-11
2020-12-27, 21:13:50, 8.76e-13, 5.45e-11
2020-12-27, 21:13:54, 1e-12, 5.44e-11
2020-12-27, 21:13:59, 9.2e-13, 5.43e-11
2020-12-27, 21:14:03, 9.81e-13, 5.47e-11
2020-12-27, 21:14:07, 8.9e-13, 5.48e-11
2020-12-27, 21:14:11, 9.34e-13, 5.47e-11
2020-12-27, 21:14:16, 9.24e-13, 5.44e-11
2020-12-27, 21:14:20, 7.96e-13, 5.45e-11
2020-12-27, 21:14:24, 9.45e-13, 5.46e-11
2020-12-27, 21:14:28, 9.25e-13, 5.45e-11
2020-12-27, 21:14:32, 9.45e-13, 5.43e-11
2020-12-27, 21:14:37, 9.28e-13, 5.49e-11
2020-12-27, 21:14:41, 9.57e-13, 5.46e-11
2020-12-27, 21:14:45, 9.96e-13, 5.42e-11
2020-12-27, 21:14:49, 9.06e-13, 5.45e-11
2020-12-27, 21:14:54, 9.26e-13, 5.46e-11
2020-12-27, 21:14:58, 9.24e-13, 5.44e-11
2020-12-27, 21:15:02, 9.06e-13, 5.43e-11
2020-12-27, 21:15:06, 9.49e-13, 5.45e-11
2020-12-27, 21:15:10, 9.3e-13, 5.45e-11
2020-12-27, 21:15:15, 9.41e-13, 5.48e-11
2020-12-27, 21:15:19, 1.01e-12, 5.46e-11
2020-12-27, 21:15:23, 9.15e-13, 5.47e-11
2020-12-27, 21:15:27, 9.55e-13, 5.45e-11
2020-12-27, 21:15:32, 8.9e-13, 5.46e-11
2020-12-27, 21:15:36, 8.82e-13, 5.46e-11
2020-12-27, 21:15:40, 8.76e-13, 5.44e-11
2020-12-27, 21:15:44, 8.55e-13, 5.46e-11
2020-12-27, 21:15:48, 9.02e-13, 5.47e-11
2020-12-27, 21:15:53, 8.78e-13, 5.46e-11
2020-12-27, 21:15:57, 9.37e-13, 5.47e-11
2020-12-27, 21:16:01, 9.45e-13, 5.48e-11
2020-12-27, 21:16:05, 1e-12, 5.45e-11
2020-12-27, 21:16:10, 1.07e-12, 5.43e-11
2020-12-27, 21:16:14, 9.31e-13, 5.45e-11
2020-12-27, 21:16:18, 9.3e-13, 5.44e-11
2020-12-27, 21:16:22, 9.18e-13, 5.44e-11
2020-12-27, 21:16:26, 8.75e-13, 5.45e-11
2020-12-27, 21:16:31, 9.27e-13, 5.45e-11
2020-12-27, 21:16:35, 9.2e-13, 5.46e-11
2020-12-27, 21:16:39, 9.47e-13, 5.45e-11
2020-12-27, 21:16:43, 1.08e-12, 5.42e-11
2020-12-27, 21:16:48, 9.34e-13, 5.45e-11
2020-12-27, 21:16:52, 9.65e-13, 5.44e-11
2020-12-27, 21:16:56, 9.95e-13, 5.41e-11
2020-12-27, 21:17:00, 9.28e-13, 5.46e-11
2020-12-27, 21:17:04, 8.94e-13, 5.45e-11
2020-12-27, 21:17:09, 9.07e-13, 5.43e-11
2020-12-27, 21:17:13, 9.2e-13, 5.49e-11
2020-12-27, 21:17:17, 9.44e-13, 5.47e-11
2020-12-27, 21:17:21, 9.4e-13, 5.49e-11
2020-12-27, 21:17:25, 9.84e-13, 5.47e-11
2020-12-27, 21:17:30, 9.06e-13, 5.47e-11
2020-12-27, 21:17:34, 9.09e-13, 5.46e-11
2020-12-27, 21:17:38, 9.04e-13, 5.46e-11
2020-12-27, 21:17:42, 9.46e-13, 5.45e-11
2020-12-27, 21:17:47, 9.6e-13, 5.45e-11
2020-12-27, 21:17:51, 9.13e-13, 5.46e-11
2020-12-27, 21:17:55, 1.03e-12, 5.44e-11
2020-12-27, 21:17:59, 9.63e-13, 5.44e-11
2020-12-27, 21:18:03, 8.73e-13, 5.45e-11
2020-12-27, 21:18:08, 8.99e-13, 5.45e-11
2020-12-27, 21:18:12, 9.73e-13, 5.45e-11
2020-12-27, 21:18:16, 9.15e-13, 5.47e-11
2020-12-27, 21:18:20, 9.29e-13, 5.46e-11
2020-12-27, 21:18:25, 8.3e-13, 5.43e-11
2020-12-27, 21:18:29, 9.51e-13, 5.44e-11
2020-12-27, 21:18:33, 8.89e-13, 5.43e-11
2020-12-27, 21:18:37, 8.97e-13, 5.46e-11
2020-12-27, 21:18:41, 9.76e-13, 5.43e-11
2020-12-27, 21:18:46, 9.37e-13, 5.5e-11
2020-12-27, 21:18:50, 1.08e-12, 5.42e-11
2020-12-27, 21:18:54, 8.95e-13, 5.43e-11
2020-12-27, 21:18:58, 8.47e-13, 5.45e-11
2020-12-27, 21:19:03, 9.16e-13, 5.42e-11
2020-12-27, 21:19:07, 8.79e-13, 5.44e-11
2020-12-27, 21:19:11, 9.92e-13, 5.46e-11
2020-12-27, 21:19:15, 8.96e-13, 5.44e-11
2020-12-27, 21:19:19, 9.16e-13, 5.45e-11
2020-12-27, 21:19:24, 9.52e-13, 5.47e-11
2020-12-27, 21:19:28, 7.84e-13, 5.46e-11
2020-12-27, 21:19:32, 9.72e-13, 5.49e-11
2020-12-27, 21:19:36, 9.62e-13, 5.45e-11
2020-12-27, 21:19:41, 8.76e-13, 5.49e-11
2020-12-27, 21:19:45, 8.73e-13, 5.49e-11
2020-12-27, 21:19:49, 9.61e-13, 5.49e-11
2020-12-27, 21:19:53, 1.07e-12, 5.49e-11
2020-12-27, 21:19:57, 9.57e-13, 5.46e-11
2020-12-27, 21:20:02, 8.93e-13, 5.5e-11
2020-12-27, 21:20:06, 9.66e-13, 5.49e-11
2020-12-27, 21:20:10, 1e-12, 5.49e-11
2020-12-27, 21:20:14, 1.14e-12, 5.48e-11
2020-12-27, 21:20:19, 9.21e-13, 5.48e-11
2020-12-27, 21:20:23, 9.62e-13, 5.47e-11
2020-12-27, 21:20:27, 9.3e-13, 5.47e-11
2020-12-27, 21:20:31, 9.78e-13, 5.49e-11
2020-12-27, 21:20:35, 9.44e-13, 5.44e-11
2020-12-27, 21:20:40, 9.58e-13, 5.43e-11
2020-12-27, 21:20:44, 9.2e-13, 5.44e-11
2020-12-27, 21:20:48, 9.27e-13, 5.47e-11
2020-12-27, 21:20:52, 9.28e-13, 5.48e-11
2020-12-27, 21:20:56, 9.38e-13, 5.46e-11
2020-12-27, 21:21:01, 9.37e-13, 5.48e-11
2020-12-27, 21:21:05, 1.03e-12, 5.45e-11
2020-12-27, 21:21:09, 9.17e-13, 5.47e-11
2020-12-27, 21:21:13, 8.74e-13, 5.44e-11
2020-12-27, 21:21:18, 8.89e-13, 5.46e-11
2020-12-27, 21:21:22, 8.7e-13, 5.47e-11
2020-12-27, 21:21:26, 8.93e-13, 5.44e-11
2020-12-27, 21:21:30, 9.35e-13, 5.43e-11
2020-12-27, 21:21:34, 9.16e-13, 5.47e-11
2020-12-27, 21:21:39, 9.97e-13, 5.44e-11
2020-12-27, 21:21:43, 9.41e-13, 5.46e-11
2020-12-27, 21:21:47, 9.23e-13, 5.44e-11
2020-12-27, 21:21:51, 9.57e-13, 5.47e-11
2020-12-27, 21:21:56, 9.72e-13, 5.44e-11
2020-12-27, 21:22:00, 8.66e-13, 5.46e-11
2020-12-27, 21:22:04, 1e-12, 5.46e-11
2020-12-27, 21:22:08, 1.02e-12, 5.45e-11
2020-12-27, 21:22:12, 9.63e-13, 5.46e-11
2020-12-27, 21:22:17, 1.07e-12, 5.49e-11
2020-12-27, 21:22:21, 9.14e-13, 5.44e-11
2020-12-27, 21:22:25, 9.08e-13, 5.45e-11
2020-12-27, 21:22:29, 9.16e-13, 5.46e-11
2020-12-27, 21:22:34, 9.51e-13, 5.45e-11
2020-12-27, 21:22:38, 9.38e-13, 5.48e-11
2020-12-27, 21:22:42, 9.6e-13, 5.45e-11
2020-12-27, 21:22:46, 8.28e-13, 5.45e-11
2020-12-27, 21:22:50, 9.96e-13, 5.45e-11
2020-12-27, 21:22:55, 9.15e-13, 5.45e-11
2020-12-27, 21:22:59, 9.23e-13, 5.46e-11
2020-12-27, 21:23:03, 9.08e-13, 5.48e-11
2020-12-27, 21:23:07, 9.03e-13, 5.49e-11
2020-12-27, 21:23:12, 9.32e-13, 5.48e-11
2020-12-27, 21:23:16, 9.28e-13, 5.44e-11
2020-12-27, 21:23:20, 8.69e-13, 5.45e-11
2020-12-27, 21:23:24, 1.01e-12, 5.46e-11
2020-12-27, 21:23:28, 8.66e-13, 5.47e-11
2020-12-27, 21:23:33, 9.08e-13, 5.46e-11
2020-12-27, 21:23:37, 9.61e-13, 5.47e-11
2020-12-27, 21:23:41, 9.25e-13, 5.45e-11
2020-12-27, 21:23:45, 9.81e-13, 5.45e-11
2020-12-27, 21:23:50, 9.84e-13, 5.46e-11
2020-12-27, 21:23:54, 9.58e-13, 5.44e-11
2020-12-27, 21:23:58, 9.19e-13, 5.47e-11
2020-12-27, 21:24:02, 1.05e-12, 5.46e-11
2020-12-27, 21:24:06, 8.67e-13, 5.44e-11
2020-12-27, 21:24:11, 1.02e-12, 5.48e-11
2020-12-27, 21:24:15, 8.53e-13, 5.47e-11
2020-12-27, 21:24:19, 9.61e-13, 5.51e-11
2020-12-27, 21:24:23, 1.05e-12, 5.47e-11
2020-12-27, 21:24:27, 9.41e-13, 5.46e-11
2020-12-27, 21:24:32, 9.04e-13, 5.48e-11
2020-12-27, 21:24:36, 9.83e-13, 5.46e-11
2020-12-27, 21:24:40, 8.96e-13, 5.46e-11
2020-12-27, 21:24:44, 8.71e-13, 5.46e-11
2020-12-27, 21:24:49, 9.21e-13, 5.45e-11
2020-12-27, 21:24:53, 8.99e-13, 5.42e-11
2020-12-27, 21:24:57, 9.27e-13, 5.44e-11
2020-12-27, 21:25:01, 9.89e-13, 5.46e-11
2020-12-27, 21:25:05, 9.01e-13, 5.45e-11
2020-12-27, 21:25:10, 9.16e-13, 5.44e-11
2020-12-27, 21:25:14, 9.46e-13, 5.44e-11
2020-12-27, 21:25:18, 9.04e-13, 5.44e-11
2020-12-27, 21:25:22, 9.4e-13, 5.49e-11
2020-12-27, 21:25:27, 9.22e-13, 5.44e-11
2020-12-27, 21:25:31, 9.1e-13, 5.44e-11
2020-12-27, 21:25:35, 9.89e-13, 5.45e-11
2020-12-27, 21:25:39, 9.35e-13, 5.46e-11
2020-12-27, 21:25:43, 8.99e-13, 5.45e-11
2020-12-27, 21:25:48, 9.03e-13, 5.44e-11
2020-12-27, 21:25:52, 9.53e-13, 5.45e-11
2020-12-27, 21:25:56, 9.49e-13, 5.45e-11
2020-12-27, 21:26:00, 9.02e-13, 5.47e-11
2020-12-27, 21:26:05, 8.64e-13, 5.46e-11
2020-12-27, 21:26:09, 8.7e-13, 5.45e-11
2020-12-27, 21:26:13, 9.62e-13, 5.43e-11
2020-12-27, 21:26:17, 9.82e-13, 5.43e-11
2020-12-27, 21:26:21, 9.11e-13, 5.47e-11
2020-12-27, 21:26:26, 9.39e-13, 5.47e-11
2020-12-27, 21:26:30, 7.9e-13, 5.47e-11
2020-12-27, 21:26:34, 9.37e-13, 5.47e-11
2020-12-27, 21:26:38, 9e-13, 5.42e-11
2020-12-27, 21:26:43, 8.65e-13, 5.45e-11
2020-12-27, 21:26:47, 9.63e-13, 5.47e-11
2020-12-27, 21:26:51, 9.57e-13, 5.46e-11
2020-12-27, 21:26:55, 9.56e-13, 5.46e-11
2020-12-27, 21:26:59, 8.84e-13, 5.43e-11
2020-12-27, 21:27:04, 1.04e-12, 5.45e-11
2020-12-27, 21:27:08, 9.37e-13, 5.47e-11
2020-12-27, 21:27:12, 8.9e-13, 5.49e-11
2020-12-27, 21:27:16, 9.79e-13, 5.46e-11
2020-12-27, 21:27:21, 8.88e-13, 5.45e-11
2020-12-27, 21:27:25, 9.58e-13, 5.45e-11
2020-12-27, 21:27:29, 9.91e-13, 5.45e-11
2020-12-27, 21:27:33, 9.19e-13, 5.46e-11
2020-12-27, 21:27:37, 8.82e-13, 5.45e-11
2020-12-27, 21:27:42, 8.64e-13, 5.45e-11
2020-12-27, 21:27:46, 9.42e-13, 5.44e-11
2020-12-27, 21:27:50, 9.85e-13, 5.45e-11
2020-12-27, 21:27:54, 9.04e-13, 5.45e-11
2020-12-27, 21:27:59, 9.88e-13, 5.45e-11
2020-12-27, 21:28:03, 9.16e-13, 5.51e-11
2020-12-27, 21:28:07, 9.25e-13, 5.48e-11
2020-12-27, 21:28:11, 9.32e-13, 5.46e-11
2020-12-27, 21:28:15, 9.68e-13, 5.48e-11
2020-12-27, 21:28:20, 9.04e-13, 5.45e-11
2020-12-27, 21:28:24, 8.35e-13, 5.46e-11
2020-12-27, 21:28:28, 9.09e-13, 5.46e-11
2020-12-27, 21:28:32, 9.55e-13, 5.46e-11
2020-12-27, 21:28:37, 8.76e-13, 5.46e-11
2020-12-27, 21:28:41, 9.37e-13, 5.45e-11
2020-12-27, 21:28:45, 8.93e-13, 5.46e-11
2020-12-27, 21:28:49, 9.58e-13, 5.46e-11
2020-12-27, 21:28:53, 9.04e-13, 5.47e-11
2020-12-27, 21:28:58, 8.97e-13, 5.46e-11
2020-12-27, 21:29:02, 8.9e-13, 5.46e-11
2020-12-27, 21:29:06, 8.89e-13, 5.47e-11
2020-12-27, 21:29:10, 9.49e-13, 5.49e-11
2020-12-27, 21:29:15, 9.09e-13, 5.49e-11
2020-12-27, 21:29:19, 9.37e-13, 5.43e-11
2020-12-27, 21:29:23, 9.41e-13, 5.44e-11
2020-12-27, 21:29:27, 9.69e-13, 5.43e-11
2020-12-27, 21:29:31, 9.03e-13, 5.49e-11
2020-12-27, 21:29:36, 9.36e-13, 5.43e-11
2020-12-27, 21:29:40, 9.59e-13, 5.43e-11
2020-12-27, 21:29:44, 9.07e-13, 5.44e-11
2020-12-27, 21:29:48, 9.6e-13, 5.44e-11
2020-12-27, 21:29:52, 9.76e-13, 5.44e-11
2020-12-27, 21:29:57, 9.6e-13, 5.48e-11
2020-12-27, 21:30:01, 9.26e-13, 5.46e-11
2020-12-27, 21:30:05, 1.02e-12, 5.46e-11
2020-12-27, 21:30:09, 9.58e-13, 5.5e-11
2020-12-27, 21:30:14, 9.25e-13, 5.47e-11
2020-12-27, 21:30:18, 9.57e-13, 5.49e-11
2020-12-27, 21:30:22, 9.07e-13, 5.45e-11
2020-12-27, 21:30:26, 9.16e-13, 5.49e-11
2020-12-27, 21:30:30, 9.19e-13, 5.51e-11
2020-12-27, 21:30:35, 9.4e-13, 5.49e-11
2020-12-27, 21:30:39, 9.09e-13, 5.46e-11
2020-12-27, 21:30:43, 8.7e-13, 5.46e-11
2020-12-27, 21:30:47, 8.56e-13, 5.46e-11
2020-12-27, 21:30:52, 9.37e-13, 5.47e-11
2020-12-27, 21:30:56, 8.58e-13, 5.45e-11
2020-12-27, 21:31:00, 8.91e-13, 5.48e-11
2020-12-27, 21:31:04, 8.69e-13, 5.49e-11
2020-12-27, 21:31:08, 8.42e-13, 5.46e-11
2020-12-27, 21:31:13, 1.02e-12, 5.46e-11
2020-12-27, 21:31:17, 9.57e-13, 5.43e-11
2020-12-27, 21:31:21, 9.16e-13, 5.45e-11
2020-12-27, 21:31:25, 1.08e-12, 5.45e-11
2020-12-27, 21:31:30, 9.8e-13, 5.45e-11
2020-12-27, 21:31:34, 9.63e-13, 5.45e-11
2020-12-27, 21:31:38, 9.63e-13, 5.42e-11
2020-12-27, 21:31:42, 8.27e-13, 5.45e-11
2020-12-27, 21:31:46, 8.96e-13, 5.46e-11
2020-12-27, 21:31:51, 9.86e-13, 5.45e-11
2020-12-27, 21:31:55, 9.33e-13, 5.48e-11
2020-12-27, 21:31:59, 1.01e-12, 5.47e-11
2020-12-27, 21:32:03, 8.84e-13, 5.43e-11
2020-12-27, 21:32:08, 9.09e-13, 5.48e-11
2020-12-27, 21:32:12, 9.68e-13, 5.46e-11
2020-12-27, 21:32:16, 9.71e-13, 5.44e-11
2020-12-27, 21:32:20, 9.35e-13, 5.46e-11
2020-12-27, 21:32:24, 9.51e-13, 5.44e-11
2020-12-27, 21:32:29, 8.73e-13, 5.43e-11
2020-12-27, 21:32:33, 9.01e-13, 5.43e-11
2020-12-27, 21:32:37, 9.17e-13, 5.46e-11
2020-12-27, 21:32:41, 9.35e-13, 5.45e-11
2020-12-27, 21:32:46, 9.04e-13, 5.43e-11
2020-12-27, 21:32:50, 9.25e-13, 5.46e-11
2020-12-27, 21:32:54, 9.18e-13, 5.47e-11
2020-12-27, 21:32:58, 9.38e-13, 5.44e-11
2020-12-27, 21:33:02, 8.87e-13, 5.47e-11
2020-12-27, 21:33:07, 9.49e-13, 5.44e-11
2020-12-27, 21:33:11, 9.19e-13, 5.44e-11
2020-12-27, 21:33:15, 9.15e-13, 5.49e-11
2020-12-27, 21:33:19, 9.38e-13, 5.46e-11
2020-12-27, 21:33:24, 8.83e-13, 5.48e-11
2020-12-27, 21:33:28, 9.43e-13, 5.48e-11
2020-12-27, 21:33:32, 9.04e-13, 5.44e-11
2020-12-27, 21:33:36, 9.21e-13, 5.44e-11
2020-12-27, 21:33:40, 9.17e-13, 5.46e-11
2020-12-27, 21:33:45, 9.21e-13, 5.48e-11
2020-12-27, 21:33:49, 9.76e-13, 5.48e-11
2020-12-27, 21:33:53, 9.46e-13, 5.48e-11
2020-12-27, 21:33:57, 1.05e-12, 5.47e-11
2020-12-27, 21:34:02, 9.04e-13, 5.45e-11
2020-12-27, 21:34:06, 9.65e-13, 5.45e-11
2020-12-27, 21:34:10, 9.34e-13, 5.47e-11
2020-12-27, 21:34:14, 9.45e-13, 5.47e-11
2020-12-27, 21:34:18, 8.9e-13, 5.43e-11
2020-12-27, 21:34:23, 9.42e-13, 5.45e-11
2020-12-27, 21:34:27, 9.16e-13, 5.51e-11
2020-12-27, 21:34:31, 9.04e-13, 5.45e-11
2020-12-27, 21:34:35, 9.37e-13, 5.48e-11
2020-12-27, 21:34:40, 9.53e-13, 5.47e-11
2020-12-27, 21:34:44, 9.61e-13, 5.46e-11
2020-12-27, 21:34:48, 9.34e-13, 5.44e-11
2020-12-27, 21:34:52, 9.24e-13, 5.47e-11
2020-12-27, 21:34:56, 9.02e-13, 5.45e-11
2020-12-27, 21:35:01, 9.24e-13, 5.46e-11
2020-12-27, 21:35:05, 9.14e-13, 5.45e-11
2020-12-27, 21:35:09, 9.15e-13, 5.47e-11
2020-12-27, 21:35:13, 9.07e-13, 5.43e-11
2020-12-27, 21:35:18, 9.06e-13, 5.46e-11
2020-12-27, 21:35:22, 8.98e-13, 5.47e-11
2020-12-27, 21:35:26, 8.96e-13, 5.46e-11
2020-12-27, 21:35:30, 8.9e-13, 5.45e-11
2020-12-27, 21:35:34, 8.9e-13, 5.49e-11
2020-12-27, 21:35:39, 9.9e-13, 5.44e-11
2020-12-27, 21:35:43, 9.38e-13, 5.47e-11
2020-12-27, 21:35:47, 9.32e-13, 5.49e-11
2020-12-27, 21:35:51, 9.88e-13, 5.47e-11
2020-12-27, 21:35:56, 9.23e-13, 5.49e-11
2020-12-27, 21:36:00, 8.81e-13, 5.49e-11
2020-12-27, 21:36:04, 9.94e-13, 5.49e-11
2020-12-27, 21:36:08, 9.44e-13, 5.48e-11
2020-12-27, 21:36:12, 9.32e-13, 5.42e-11
2020-12-27, 21:36:17, 9.3e-13, 5.42e-11
2020-12-27, 21:36:21, 9.35e-13, 5.42e-11
2020-12-27, 21:36:25, 9.32e-13, 5.52e-11
2020-12-27, 21:36:29, 7.71e-13, 5.44e-11
2020-12-27, 21:36:33, 9.73e-13, 5.45e-11
2020-12-27, 21:36:38, 8.58e-13, 5.47e-11
2020-12-27, 21:36:42, 9.26e-13, 5.46e-11
2020-12-27, 21:36:46, 9.15e-13, 5.45e-11
2020-12-27, 21:36:50, 9.87e-13, 5.44e-11
2020-12-27, 21:36:55, 8.64e-13, 5.45e-11
2020-12-27, 21:36:59, 9.63e-13, 5.47e-11
2020-12-27, 21:37:03, 8.81e-13, 5.47e-11
2020-12-27, 21:37:07, 9.42e-13, 5.48e-11
2020-12-27, 21:37:11, 7.67e-13, 5.49e-11
2020-12-27, 21:37:16, 9.15e-13, 5.47e-11
2020-12-27, 21:37:20, 9.71e-13, 5.43e-11
2020-12-27, 21:37:24, 9.36e-13, 5.44e-11
2020-12-27, 21:37:28, 9.12e-13, 5.45e-11
2020-12-27, 21:37:33, 9.38e-13, 5.46e-11
2020-12-27, 21:37:37, 8.99e-13, 5.46e-11
2020-12-27, 21:37:41, 1.02e-12, 5.47e-11
2020-12-27, 21:37:45, 9.38e-13, 5.43e-11
2020-12-27, 21:37:49, 8.94e-13, 5.47e-11
2020-12-27, 21:37:54, 9.67e-13, 5.49e-11
2020-12-27, 21:37:58, 9.57e-13, 5.48e-11
2020-12-27, 21:38:02, 9.45e-13, 5.5e-11
2020-12-27, 21:38:06, 9.38e-13, 5.44e-11
2020-12-27, 21:38:11, 9.31e-13, 5.48e-11
2020-12-27, 21:38:15, 9.77e-13, 5.47e-11
2020-12-27, 21:38:19, 9.48e-13, 5.47e-11
2020-12-27, 21:38:23, 9.62e-13, 5.49e-11
2020-12-27, 21:38:27, 9.38e-13, 5.5e-11
2020-12-27, 21:38:32, 9.18e-13, 5.46e-11
2020-12-27, 21:38:36, 9.67e-13, 5.49e-11
2020-12-27, 21:38:40, 8.98e-13, 5.46e-11
2020-12-27, 21:38:44, 9.76e-13, 5.46e-11
2020-12-27, 21:38:49, 1.01e-12, 5.45e-11
2020-12-27, 21:38:53, 9.61e-13, 5.46e-11
2020-12-27, 21:38:57, 9.51e-13, 5.49e-11
2020-12-27, 21:39:01, 9.14e-13, 5.51e-11
2020-12-27, 21:39:05, 9.5e-13, 5.45e-11
2020-12-27, 21:39:10, 9.02e-13, 5.43e-11
2020-12-27, 21:39:14, 9.67e-13, 5.45e-11
2020-12-27, 21:39:18, 8.01e-13, 5.45e-11
2020-12-27, 21:39:22, 9.32e-13, 5.46e-11
2020-12-27, 21:39:27, 9.38e-13, 5.49e-11
2020-12-27, 21:39:31, 9.64e-13, 5.43e-11
2020-12-27, 21:39:35, 9.67e-13, 5.46e-11
2020-12-27, 21:39:39, 9.6e-13, 5.46e-11
2020-12-27, 21:39:43, 9.62e-13, 5.48e-11
2020-12-27, 21:39:48, 9.49e-13, 5.47e-11
2020-12-27, 21:39:52, 7.95e-13, 5.46e-11
2020-12-27, 21:39:56, 1.07e-12, 5.48e-11
2020-12-27, 21:40:00, 9.25e-13, 5.46e-11
2020-12-27, 21:40:05, 8.68e-13, 5.46e-11
2020-12-27, 21:40:09, 8.68e-13, 5.51e-11
2020-12-27, 21:40:13, 9.99e-13, 5.46e-11
2020-12-27, 21:40:17, 9.6e-13, 5.46e-11
2020-12-27, 21:40:21, 9.54e-13, 5.5e-11
2020-12-27, 21:40:26, 9.24e-13, 5.47e-11
2020-12-27, 21:40:30, 9.76e-13, 5.49e-11
2020-12-27, 21:40:34, 9.28e-13, 5.52e-11
2020-12-27, 21:40:38, 1.04e-12, 5.52e-11
2020-12-27, 21:40:43, 7.6e-13, 5.48e-11
2020-12-27, 21:40:47, 8.96e-13, 5.5e-11
2020-12-27, 21:40:51, 8.78e-13, 5.48e-11
2020-12-27, 21:40:55, 8.02e-13, 5.44e-11
2020-12-27, 21:40:59, 9.14e-13, 5.48e-11
2020-12-27, 21:41:04, 9.06e-13, 5.44e-11
2020-12-27, 21:41:08, 9.05e-13, 5.46e-11
2020-12-27, 21:41:12, 9.74e-13, 5.46e-11
2020-12-27, 21:41:16, 8.82e-13, 5.47e-11
2020-12-27, 21:41:20, 9.41e-13, 5.45e-11
2020-12-27, 21:41:25, 1.01e-12, 5.46e-11
2020-12-27, 21:41:29, 8.98e-13, 5.45e-11
2020-12-27, 21:41:33, 9.4e-13, 5.47e-11
2020-12-27, 21:41:37, 9.74e-13, 5.46e-11
2020-12-27, 21:41:42, 9.08e-13, 5.45e-11
2020-12-27, 21:41:46, 9.76e-13, 5.47e-11
2020-12-27, 21:41:50, 9.26e-13, 5.48e-11
2020-12-27, 21:41:54, 9.72e-13, 5.43e-11
2020-12-27, 21:41:58, 9.07e-13, 5.45e-11
2020-12-27, 21:42:03, 9.08e-13, 5.46e-11
2020-12-27, 21:42:07, 9.15e-13, 5.5e-11
2020-12-27, 21:42:11, 9.84e-13, 5.43e-11
2020-12-27, 21:42:15, 9.18e-13, 5.46e-11
2020-12-27, 21:42:20, 9.31e-13, 5.44e-11
2020-12-27, 21:42:24, 9.74e-13, 5.48e-11
2020-12-27, 21:42:28, 8.89e-13, 5.5e-11
2020-12-27, 21:42:32, 9.04e-13, 5.47e-11
2020-12-27, 21:42:36, 9.37e-13, 5.47e-11
2020-12-27, 21:42:41, 1.07e-12, 5.45e-11
2020-12-27, 21:42:45, 9.8e-13, 5.46e-11
2020-12-27, 21:42:49, 9.38e-13, 5.48e-11
2020-12-27, 21:42:53, 9.3e-13, 5.44e-11
2020-12-27, 21:42:58, 9.93e-13, 5.43e-11
2020-12-27, 21:43:02, 9.65e-13, 5.43e-11
2020-12-27, 21:43:06, 9.41e-13, 5.48e-11
2020-12-27, 21:43:10, 8.45e-13, 5.43e-11
2020-12-27, 21:43:14, 9.14e-13, 5.45e-11
2020-12-27, 21:43:19, 8.87e-13, 5.46e-11
2020-12-27, 21:43:23, 1.02e-12, 5.48e-11
2020-12-27, 21:43:27, 9.03e-13, 5.47e-11
2020-12-27, 21:43:31, 9.96e-13, 5.44e-11
2020-12-27, 21:43:36, 9.61e-13, 5.48e-11
2020-12-27, 21:43:40, 8.85e-13, 5.45e-11
2020-12-27, 21:43:44, 8.85e-13, 5.45e-11
2020-12-27, 21:43:48, 9.92e-13, 5.46e-11
2020-12-27, 21:43:52, 1.02e-12, 5.46e-11
2020-12-27, 21:43:57, 9.43e-13, 5.46e-11
2020-12-27, 21:44:01, 9.23e-13, 5.45e-11
2020-12-27, 21:44:05, 9.06e-13, 5.44e-11
2020-12-27, 21:44:09, 9.23e-13, 5.51e-11
2020-12-27, 21:44:14, 8.74e-13, 5.46e-11
2020-12-27, 21:44:18, 9.25e-13, 5.47e-11
2020-12-27, 21:44:22, 9.21e-13, 5.44e-11
2020-12-27, 21:44:26, 9.36e-13, 5.45e-11
2020-12-27, 21:44:30, 9.77e-13, 5.47e-11
2020-12-27, 21:44:35, 8.57e-13, 5.44e-11
2020-12-27, 21:44:39, 9.59e-13, 5.46e-11
2020-12-27, 21:44:43, 9.34e-13, 5.48e-11
2020-12-27, 21:44:47, 9.56e-13, 5.45e-11
2020-12-27, 21:44:52, 9.26e-13, 5.45e-11
2020-12-27, 21:44:56, 9e-13, 5.47e-11
2020-12-27, 21:45:00, 1e-12, 5.45e-11
2020-12-27, 21:45:04, 8.87e-13, 5.45e-11
2020-12-27, 21:45:08, 9.33e-13, 5.44e-11
2020-12-27, 21:45:13, 9.62e-13, 5.45e-11
2020-12-27, 21:45:17, 9.17e-13, 5.46e-11
2020-12-27, 21:45:21, 9.34e-13, 5.48e-11
2020-12-27, 21:45:25, 9.05e-13, 5.45e-11
2020-12-27, 21:45:30, 8.41e-13, 5.46e-11
2020-12-27, 21:45:34, 9.33e-13, 5.45e-11
2020-12-27, 21:45:38, 8.96e-13, 5.46e-11
2020-12-27, 21:45:42, 9.54e-13, 5.44e-11
2020-12-27, 21:45:46, 9.53e-13, 5.46e-11
2020-12-27, 21:45:51, 9.3e-13, 5.48e-11
2020-12-27, 21:45:55, 9.63e-13, 5.42e-11
2020-12-27, 21:45:59, 8.2e-13, 5.48e-11
2020-12-27, 21:46:03, 9.71e-13, 5.43e-11
2020-12-27, 21:46:08, 8.97e-13, 5.46e-11
2020-12-27, 21:46:12, 9.4e-13, 5.44e-11
2020-12-27, 21:46:16, 9.22e-13, 5.45e-11
2020-12-27, 21:46:20, 8.08e-13, 5.43e-11
2020-12-27, 21:46:24, 9e-13, 5.48e-11
2020-12-27, 21:46:29, 9.18e-13, 5.49e-11
2020-12-27, 21:46:33, 8.74e-13, 5.48e-11
2020-12-27, 21:46:37, 8.6e-13, 5.49e-11
2020-12-27, 21:46:41, 9.44e-13, 5.43e-11
2020-12-27, 21:46:45, 9.82e-13, 5.46e-11
2020-12-27, 21:46:50, 9.18e-13, 5.46e-11
2020-12-27, 21:46:54, 9.79e-13, 5.45e-11
2020-12-27, 21:46:58, 9.51e-13, 5.48e-11
2020-12-27, 21:47:02, 9.23e-13, 5.46e-11
2020-12-27, 21:47:07, 8.79e-13, 5.46e-11
2020-12-27, 21:47:11, 8.95e-13, 5.46e-11
2020-12-27, 21:47:15, 8.36e-13, 5.44e-11
2020-12-27, 21:47:19, 8.4e-13, 5.47e-11
2020-12-27, 21:47:23, 9.42e-13, 5.47e-11
2020-12-27, 21:47:28, 8.43e-13, 5.49e-11
2020-12-27, 21:47:32, 9.43e-13, 5.45e-11
2020-12-27, 21:47:36, 9.22e-13, 5.46e-11
2020-12-27, 21:47:40, 9.71e-13, 5.51e-11
2020-12-27, 21:47:45, 8.96e-13, 5.49e-11
2020-12-27, 21:47:49, 9e-13, 5.49e-11
2020-12-27, 21:47:53, 9.7e-13, 5.45e-11
2020-12-27, 21:47:57, 9.43e-13, 5.49e-11
2020-12-27, 21:48:01, 9.4e-13, 5.43e-11
2020-12-27, 21:48:06, 9.05e-13, 5.46e-11
2020-12-27, 21:48:10, 9.47e-13, 5.45e-11
2020-12-27, 21:48:14, 9.01e-13, 5.46e-11
2020-12-27, 21:48:18, 1.03e-12, 5.48e-11
2020-12-27, 21:48:23, 1.01e-12, 5.45e-11
2020-12-27, 21:48:27, 9.41e-13, 5.44e-11
2020-12-27, 21:48:31, 9.13e-13, 5.47e-11
2020-12-27, 21:48:35, 9.08e-13, 5.43e-11
2020-12-27, 21:48:39, 8.55e-13, 5.45e-11
2020-12-27, 21:48:44, 9.55e-13, 5.48e-11
2020-12-27, 21:48:48, 9.13e-13, 5.45e-11
2020-12-27, 21:48:52, 9.29e-13, 5.43e-11
2020-12-27, 21:48:56, 9.81e-13, 5.48e-11
2020-12-27, 21:49:01, 8.74e-13, 5.44e-11
2020-12-27, 21:49:05, 8.89e-13, 5.46e-11
2020-12-27, 21:49:09, 9.45e-13, 5.49e-11
2020-12-27, 21:49:13, 9.46e-13, 5.48e-11
2020-12-27, 21:49:17, 9.3e-13, 5.46e-11
2020-12-27, 21:49:22, 8.78e-13, 5.45e-11
2020-12-27, 21:49:26, 9.28e-13, 5.47e-11
2020-12-27, 21:49:30, 1e-12, 5.46e-11
2020-12-27, 21:49:34, 9.29e-13, 5.47e-11
2020-12-27, 21:49:39, 9.62e-13, 5.49e-11
2020-12-27, 21:49:43, 8.94e-13, 5.44e-11
2020-12-27, 21:49:47, 9.3e-13, 5.45e-11
2020-12-27, 21:49:51, 9.13e-13, 5.48e-11
2020-12-27, 21:49:55, 8.68e-13, 5.46e-11
2020-12-27, 21:50:00, 9.96e-13, 5.47e-11
2020-12-27, 21:50:04, 9.48e-13, 5.45e-11
2020-12-27, 21:50:08, 9.05e-13, 5.47e-11
2020-12-27, 21:50:12, 9.99e-13, 5.46e-11
2020-12-27, 21:50:17, 9.39e-13, 5.52e-11
2020-12-27, 21:50:21, 9.28e-13, 5.47e-11
2020-12-27, 21:50:25, 9.42e-13, 5.47e-11
2020-12-27, 21:50:29, 9.27e-13, 5.47e-11
2020-12-27, 21:50:33, 1.02e-12, 5.45e-11
2020-12-27, 21:50:38, 1.09e-12, 5.49e-11
2020-12-27, 21:50:42, 7.54e-13, 5.43e-11
2020-12-27, 21:50:46, 1.07e-12, 5.47e-11
2020-12-27, 21:50:50, 9.19e-13, 5.47e-11
2020-12-27, 21:50:54, 9.17e-13, 5.48e-11
2020-12-27, 21:50:59, 9.09e-13, 5.45e-11
2020-12-27, 21:51:03, 8.2e-13, 5.43e-11
2020-12-27, 21:51:07, 9.46e-13, 5.45e-11
2020-12-27, 21:51:11, 9.32e-13, 5.46e-11
2020-12-27, 21:51:16, 9.93e-13, 5.49e-11
2020-12-27, 21:51:20, 9.58e-13, 5.44e-11
2020-12-27, 21:51:24, 9.41e-13, 5.45e-11
2020-12-27, 21:51:28, 8.94e-13, 5.47e-11
2020-12-27, 21:51:33, 8.74e-13, 5.48e-11
2020-12-27, 21:51:37, 9.48e-13, 5.49e-11
2020-12-27, 21:51:41, 9.91e-13, 5.51e-11
2020-12-27, 21:51:45, 9.37e-13, 5.49e-11
2020-12-27, 21:51:49, 1e-12, 5.48e-11
2020-12-27, 21:51:54, 9.52e-13, 5.47e-11
2020-12-27, 21:51:58, 9.35e-13, 5.51e-11
2020-12-27, 21:52:02, 9.59e-13, 5.48e-11
2020-12-27, 21:52:06, 9.26e-13, 5.49e-11
2020-12-27, 21:52:11, 8.85e-13, 5.48e-11
2020-12-27, 21:52:15, 8.99e-13, 5.49e-11
2020-12-27, 21:52:19, 1.04e-12, 5.48e-11
2020-12-27, 21:52:23, 9.3e-13, 5.47e-11
2020-12-27, 21:52:27, 9.42e-13, 5.45e-11
2020-12-27, 21:52:32, 9.54e-13, 5.49e-11
2020-12-27, 21:52:36, 8.83e-13, 5.44e-11
2020-12-27, 21:52:40, 8.97e-13, 5.47e-11
2020-12-27, 21:52:44, 9.28e-13, 5.5e-11
2020-12-27, 21:52:49, 9.39e-13, 5.5e-11
2020-12-27, 21:52:53, 8.94e-13, 5.47e-11
2020-12-27, 21:52:57, 9.55e-13, 5.45e-11
2020-12-27, 21:53:01, 8.76e-13, 5.46e-11
2020-12-27, 21:53:05, 9.19e-13, 5.45e-11
2020-12-27, 21:53:10, 7.5e-13, 5.45e-11
2020-12-27, 21:53:14, 1.04e-12, 5.44e-11
2020-12-27, 21:53:18, 9.57e-13, 5.46e-11
2020-12-27, 21:53:22, 9.09e-13, 5.48e-11
2020-12-27, 21:53:27, 9.02e-13, 5.46e-11
2020-12-27, 21:53:31, 9.38e-13, 5.45e-11
2020-12-27, 21:53:35, 8.4e-13, 5.48e-11
2020-12-27, 21:53:39, 9.5e-13, 5.5e-11
2020-12-27, 21:53:43, 9.47e-13, 5.47e-11
2020-12-27, 21:53:48, 1.01e-12, 5.51e-11
2020-12-27, 21:53:52, 8.56e-13, 5.5e-11
2020-12-27, 21:53:56, 9.12e-13, 5.46e-11
2020-12-27, 21:54:00, 9.47e-13, 5.5e-11
2020-12-27, 21:54:04, 9.12e-13, 5.44e-11
2020-12-27, 21:54:09, 1.01e-12, 5.48e-11
2020-12-27, 21:54:13, 9.69e-13, 5.5e-11
2020-12-27, 21:54:17, 9.64e-13, 5.47e-11
2020-12-27, 21:54:21, 9.74e-13, 5.52e-11
2020-12-27, 21:54:26, 8.92e-13, 5.44e-11
2020-12-27, 21:54:30, 9.14e-13, 5.48e-11
2020-12-27, 21:54:34, 9.55e-13, 5.48e-11
2020-12-27, 21:54:38, 9.31e-13, 5.51e-11
2020-12-27, 21:54:42, 8.98e-13, 5.48e-11
2020-12-27, 21:54:47, 9.35e-13, 5.5e-11
2020-12-27, 21:54:51, 9.29e-13, 5.47e-11
2020-12-27, 21:54:55, 8.24e-13, 5.47e-11
2020-12-27, 21:54:59, 9.65e-13, 5.45e-11
2020-12-27, 21:55:04, 8.87e-13, 5.44e-11
2020-12-27, 21:55:08, 9.19e-13, 5.48e-11
2020-12-27, 21:55:12, 9.2e-13, 5.44e-11
2020-12-27, 21:55:16, 9.25e-13, 5.47e-11
2020-12-27, 21:55:20, 8.82e-13, 5.46e-11
2020-12-27, 21:55:25, 8.91e-13, 5.48e-11
2020-12-27, 21:55:29, 9.41e-13, 5.44e-11
2020-12-27, 21:55:33, 9.52e-13, 5.46e-11
2020-12-27, 21:55:37, 9.64e-13, 5.5e-11
2020-12-27, 21:55:42, 9.27e-13, 5.47e-11
2020-12-27, 21:55:46, 8.58e-13, 5.43e-11
2020-12-27, 21:55:50, 9.24e-13, 5.46e-11
2020-12-27, 21:55:54, 9.73e-13, 5.46e-11
2020-12-27, 21:55:58, 9.99e-13, 5.48e-11
2020-12-27, 21:56:03, 9.14e-13, 5.44e-11
2020-12-27, 21:56:07, 9.04e-13, 5.46e-11
2020-12-27, 21:56:11, 8.92e-13, 5.45e-11
2020-12-27, 21:56:15, 9.45e-13, 5.48e-11
2020-12-27, 21:56:20, 9.69e-13, 5.49e-11
2020-12-27, 21:56:24, 9.56e-13, 5.45e-11
2020-12-27, 21:56:28, 8.56e-13, 5.49e-11
2020-12-27, 21:56:32, 8.6e-13, 5.52e-11
2020-12-27, 21:56:36, 9.69e-13, 5.44e-11
2020-12-27, 21:56:41, 9.88e-13, 5.46e-11
2020-12-27, 21:56:45, 9.28e-13, 5.46e-11
2020-12-27, 21:56:49, 9.34e-13, 5.47e-11
2020-12-27, 21:56:53, 9.74e-13, 5.44e-11
2020-12-27, 21:56:58, 9.52e-13, 5.48e-11
2020-12-27, 21:57:02, 9.54e-13, 5.46e-11
2020-12-27, 21:57:06, 9.76e-13, 5.48e-11
2020-12-27, 21:57:10, 9.11e-13, 5.46e-11
2020-12-27, 21:57:14, 9.49e-13, 5.44e-11
2020-12-27, 21:57:19, 9.52e-13, 5.49e-11
2020-12-27, 21:57:23, 8.86e-13, 5.45e-11
2020-12-27, 21:57:27, 1.05e-12, 5.5e-11
2020-12-27, 21:57:31, 9.56e-13, 5.49e-11
2020-12-27, 21:57:36, 9.38e-13, 5.5e-11
2020-12-27, 21:57:40, 9.42e-13, 5.49e-11
2020-12-27, 21:57:44, 9.01e-13, 5.48e-11
2020-12-27, 21:57:48, 9.71e-13, 5.44e-11
2020-12-27, 21:57:52, 9.93e-13, 5.5e-11
2020-12-27, 21:57:57, 9.24e-13, 5.5e-11
2020-12-27, 21:58:01, 9.11e-13, 5.44e-11
2020-12-27, 21:58:05, 9.37e-13, 5.45e-11
2020-12-27, 21:58:09, 8.8e-13, 5.5e-11
2020-12-27, 21:58:14, 8e-13, 5.46e-11
2020-12-27, 21:58:18, 9.27e-13, 5.47e-11
2020-12-27, 21:58:22, 9e-13, 5.48e-11
2020-12-27, 21:58:26, 9.19e-13, 5.48e-11
2020-12-27, 21:58:30, 7.39e-13, 5.49e-11
2020-12-27, 21:58:35, 9.49e-13, 5.47e-11
2020-12-27, 21:58:39, 9.46e-13, 5.49e-11
2020-12-27, 21:58:43, 8.67e-13, 5.45e-11
2020-12-27, 21:58:47, 9.32e-13, 5.5e-11
2020-12-27, 21:58:52, 9.27e-13, 5.45e-11
2020-12-27, 21:58:56, 8.63e-13, 5.46e-11
2020-12-27, 21:59:00, 9.05e-13, 5.47e-11
2020-12-27, 21:59:04, 7.74e-13, 5.48e-11
2020-12-27, 21:59:08, 1.07e-12, 5.44e-11
2020-12-27, 21:59:13, 9.54e-13, 5.45e-11
2020-12-27, 21:59:17, 9.01e-13, 5.46e-11
2020-12-27, 21:59:21, 9.27e-13, 5.47e-11
2020-12-27, 21:59:25, 8.93e-13, 5.47e-11
2020-12-27, 21:59:30, 9.41e-13, 5.47e-11
2020-12-27, 21:59:34, 1.01e-12, 5.47e-11
2020-12-27, 21:59:38, 9.68e-13, 5.44e-11
2020-12-27, 21:59:42, 9.64e-13, 5.43e-11
2020-12-27, 21:59:46, 9.3e-13, 5.49e-11
2020-12-27, 21:59:51, 9.85e-13, 5.47e-11
2020-12-27, 21:59:55, 9.55e-13, 5.47e-11
2020-12-27, 21:59:59, 9.52e-13, 5.43e-11
2020-12-27, 22:00:03, 9.33e-13, 5.47e-11
2020-12-27, 22:00:08, 9.78e-13, 5.47e-11
2020-12-27, 22:00:12, 8.83e-13, 5.49e-11
2020-12-27, 22:00:16, 9.44e-13, 5.44e-11
2020-12-27, 22:00:20, 8.79e-13, 5.48e-11
2020-12-27, 22:00:24, 9.83e-13, 5.47e-11
2020-12-27, 22:00:29, 9.45e-13, 5.47e-11
2020-12-27, 22:00:33, 9.4e-13, 5.47e-11
2020-12-27, 22:00:37, 9.03e-13, 5.44e-11
2020-12-27, 22:00:41, 9.05e-13, 5.45e-11
2020-12-27, 22:00:45, 9.64e-13, 5.46e-11
2020-12-27, 22:00:50, 9.16e-13, 5.47e-11
2020-12-27, 22:00:54, 9.35e-13, 5.5e-11
2020-12-27, 22:00:58, 8.67e-13, 5.45e-11
2020-12-27, 22:01:02, 9.27e-13, 5.51e-11
2020-12-27, 22:01:07, 1e-12, 5.46e-11
2020-12-27, 22:01:11, 8.81e-13, 5.47e-11
2020-12-27, 22:01:15, 9.68e-13, 5.48e-11
2020-12-27, 22:01:19, 9.45e-13, 5.48e-11
2020-12-27, 22:01:23, 9.36e-13, 5.49e-11
2020-12-27, 22:01:28, 8.79e-13, 5.46e-11
2020-12-27, 22:01:32, 8.98e-13, 5.48e-11
2020-12-27, 22:01:36, 1.08e-12, 5.49e-11
2020-12-27, 22:01:40, 9.85e-13, 5.44e-11
2020-12-27, 22:01:45, 9.98e-13, 5.47e-11
2020-12-27, 22:01:49, 9.13e-13, 5.51e-11
2020-12-27, 22:01:53, 9.35e-13, 5.5e-11
2020-12-27, 22:01:57, 9.84e-13, 5.49e-11
2020-12-27, 22:02:01, 9.58e-13, 5.47e-11
2020-12-27, 22:02:06, 9.29e-13, 5.44e-11
2020-12-27, 22:02:10, 9.36e-13, 5.48e-11
2020-12-27, 22:02:14, 9.23e-13, 5.45e-11
2020-12-27, 22:02:18, 9.11e-13, 5.42e-11
2020-12-27, 22:02:23, 9.93e-13, 5.42e-11
2020-12-27, 22:02:27, 9.1e-13, 5.43e-11
2020-12-27, 22:02:31, 9.57e-13, 5.43e-11
2020-12-27, 22:02:35, 8.98e-13, 5.48e-11
2020-12-27, 22:02:39, 9.5e-13, 5.45e-11
2020-12-27, 22:02:44, 8.83e-13, 5.46e-11
2020-12-27, 22:02:48, 1.03e-12, 5.46e-11
2020-12-27, 22:02:52, 9.8e-13, 5.49e-11
2020-12-27, 22:02:56, 9.3e-13, 5.45e-11
2020-12-27, 22:03:01, 9.16e-13, 5.46e-11
2020-12-27, 22:03:05, 9.55e-13, 5.48e-11
2020-12-27, 22:03:09, 9.29e-13, 5.48e-11
2020-12-27, 22:03:13, 9.75e-13, 5.45e-11
2020-12-27, 22:03:17, 9.27e-13, 5.46e-11
2020-12-27, 22:03:22, 9.54e-13, 5.51e-11
2020-12-27, 22:03:26, 8.9e-13, 5.43e-11
2020-12-27, 22:03:30, 9.66e-13, 5.46e-11
2020-12-27, 22:03:34, 9.4e-13, 5.44e-11
2020-12-27, 22:03:39, 9.41e-13, 5.48e-11
2020-12-27, 22:03:43, 8.61e-13, 5.5e-11
2020-12-27, 22:03:47, 7.7e-13, 5.48e-11
2020-12-27, 22:03:51, 9.18e-13, 5.46e-11
2020-12-27, 22:03:55, 8.95e-13, 5.48e-11
2020-12-27, 22:04:00, 8.75e-13, 5.49e-11
2020-12-27, 22:04:04, 1.01e-12, 5.47e-11
2020-12-27, 22:04:08, 9.24e-13, 5.49e-11
2020-12-27, 22:04:12, 9.54e-13, 5.47e-11
2020-12-27, 22:04:17, 1.02e-12, 5.48e-11
2020-12-27, 22:04:21, 9.07e-13, 5.51e-11
2020-12-27, 22:04:25, 9.34e-13, 5.48e-11
2020-12-27, 22:04:29, 9.9e-13, 5.48e-11
2020-12-27, 22:04:33, 9.62e-13, 5.48e-11
2020-12-27, 22:04:38, 9.74e-13, 5.44e-11
2020-12-27, 22:04:42, 9.25e-13, 5.49e-11
2020-12-27, 22:04:46, 9.25e-13, 5.49e-11
2020-12-27, 22:04:50, 8.59e-13, 5.5e-11
2020-12-27, 22:04:54, 9.81e-13, 5.45e-11
2020-12-27, 22:04:59, 9.97e-13, 5.47e-11
2020-12-27, 22:05:03, 9.18e-13, 5.43e-11
2020-12-27, 22:05:07, 9.12e-13, 5.45e-11
2020-12-27, 22:05:11, 9.89e-13, 5.48e-11
2020-12-27, 22:05:16, 1e-12, 5.48e-11
2020-12-27, 22:05:20, 9.26e-13, 5.5e-11
2020-12-27, 22:05:24, 9.6e-13, 5.48e-11
2020-12-27, 22:05:28, 8.66e-13, 5.45e-11
2020-12-27, 22:05:32, 8.94e-13, 5.5e-11
2020-12-27, 22:05:37, 9.71e-13, 5.44e-11
2020-12-27, 22:05:41, 9.29e-13, 5.48e-11
2020-12-27, 22:05:45, 9.41e-13, 5.5e-11
2020-12-27, 22:05:49, 8.81e-13, 5.47e-11
2020-12-27, 22:05:54, 9.35e-13, 5.42e-11
2020-12-27, 22:05:58, 9.33e-13, 5.46e-11
2020-12-27, 22:06:02, 9.84e-13, 5.44e-11
2020-12-27, 22:06:06, 9.18e-13, 5.46e-11
2020-12-27, 22:06:10, 1.12e-12, 5.5e-11
2020-12-27, 22:06:15, 9.83e-13, 5.47e-11
2020-12-27, 22:06:19, 9.47e-13, 5.45e-11
2020-12-27, 22:06:23, 9.33e-13, 5.47e-11
2020-12-27, 22:06:27, 9e-13, 5.49e-11
2020-12-27, 22:06:32, 9.19e-13, 5.49e-11
2020-12-27, 22:06:36, 9.05e-13, 5.48e-11
2020-12-27, 22:06:40, 9.44e-13, 5.45e-11
2020-12-27, 22:06:44, 9.62e-13, 5.46e-11
2020-12-27, 22:06:48, 9.9e-13, 5.45e-11
2020-12-27, 22:06:53, 9.48e-13, 5.48e-11
2020-12-27, 22:06:57, 9.35e-13, 5.47e-11
2020-12-27, 22:07:01, 9.17e-13, 5.48e-11
2020-12-27, 22:07:05, 9.5e-13, 5.44e-11
2020-12-27, 22:07:10, 8.84e-13, 5.45e-11
2020-12-27, 22:07:14, 9.27e-13, 5.46e-11
2020-12-27, 22:07:18, 1.01e-12, 5.47e-11
2020-12-27, 22:07:22, 1.03e-12, 5.45e-11
2020-12-27, 22:07:26, 8.54e-13, 5.45e-11
2020-12-27, 22:07:31, 9.08e-13, 5.44e-11
2020-12-27, 22:07:35, 9.28e-13, 5.49e-11
2020-12-27, 22:07:39, 9.24e-13, 5.46e-11
2020-12-27, 22:07:43, 9.05e-13, 5.45e-11
2020-12-27, 22:07:48, 9.3e-13, 5.48e-11
2020-12-27, 22:07:52, 9.35e-13, 5.5e-11
2020-12-27, 22:07:56, 9.06e-13, 5.5e-11
2020-12-27, 22:08:00, 9.21e-13, 5.49e-11
2020-12-27, 22:08:04, 8.67e-13, 5.42e-11
2020-12-27, 22:08:09, 1.03e-12, 5.46e-11
2020-12-27, 22:08:13, 9.4e-13, 5.45e-11
2020-12-27, 22:08:17, 8.82e-13, 5.49e-11
2020-12-27, 22:08:21, 9.33e-13, 5.49e-11
2020-12-27, 22:08:26, 9.5e-13, 5.46e-11
2020-12-27, 22:08:30, 8.94e-13, 5.47e-11
2020-12-27, 22:08:34, 9.47e-13, 5.44e-11
2020-12-27, 22:08:38, 1.03e-12, 5.49e-11
2020-12-27, 22:08:42, 9.29e-13, 5.51e-11
2020-12-27, 22:08:47, 9.02e-13, 5.49e-11
2020-12-27, 22:08:51, 8.9e-13, 5.45e-11
2020-12-27, 22:08:55, 1.07e-12, 5.48e-11
2020-12-27, 22:08:59, 9.19e-13, 5.47e-11
2020-12-27, 22:09:04, 8.95e-13, 5.48e-11
2020-12-27, 22:09:08, 9.78e-13, 5.49e-11
2020-12-27, 22:09:12, 9.6e-13, 5.51e-11
2020-12-27, 22:09:16, 9.28e-13, 5.51e-11
2020-12-27, 22:09:20, 9.2e-13, 5.45e-11
2020-12-27, 22:09:25, 9.23e-13, 5.49e-11
2020-12-27, 22:09:29, 8.88e-13, 5.44e-11
2020-12-27, 22:09:33, 8e-13, 5.48e-11
2020-12-27, 22:09:37, 9.38e-13, 5.48e-11
2020-12-27, 22:09:42, 8.63e-13, 5.47e-11
2020-12-27, 22:09:46, 9.31e-13, 5.5e-11
2020-12-27, 22:09:50, 8.86e-13, 5.49e-11
2020-12-27, 22:09:54, 9.56e-13, 5.48e-11
2020-12-27, 22:09:58, 9.55e-13, 5.47e-11
2020-12-27, 22:10:03, 9.22e-13, 5.48e-11
2020-12-27, 22:10:07, 9.33e-13, 5.46e-11
2020-12-27, 22:10:11, 9.07e-13, 5.48e-11
2020-12-27, 22:10:15, 9.52e-13, 5.46e-11
2020-12-27, 22:10:19, 9.17e-13, 5.46e-11
2020-12-27, 22:10:24, 9.02e-13, 5.51e-11
2020-12-27, 22:10:28, 9.41e-13, 5.47e-11
2020-12-27, 22:10:32, 9.28e-13, 5.5e-11
2020-12-27, 22:10:36, 9.57e-13, 5.46e-11
2020-12-27, 22:10:41, 9.74e-13, 5.45e-11
2020-12-27, 22:10:45, 9.84e-13, 5.49e-11
2020-12-27, 22:10:49, 9.79e-13, 5.46e-11
2020-12-27, 22:10:53, 9.73e-13, 5.47e-11
2020-12-27, 22:10:57, 9.64e-13, 5.45e-11
2020-12-27, 22:11:02, 9.49e-13, 5.48e-11
2020-12-27, 22:11:06, 9.42e-13, 5.46e-11
2020-12-27, 22:11:10, 9.17e-13, 5.47e-11
2020-12-27, 22:11:14, 8.2e-13, 5.45e-11
2020-12-27, 22:11:19, 8.81e-13, 5.45e-11
2020-12-27, 22:11:23, 7.27e-13, 5.46e-11
2020-12-27, 22:11:27, 9.42e-13, 5.46e-11
2020-12-27, 22:11:31, 9.17e-13, 5.48e-11
2020-12-27, 22:11:35, 8.52e-13, 5.51e-11
2020-12-27, 22:11:40, 1.04e-12, 5.48e-11
2020-12-27, 22:11:44, 9.01e-13, 5.48e-11
2020-12-27, 22:11:48, 9.52e-13, 5.47e-11
2020-12-27, 22:11:52, 9.15e-13, 5.5e-11
2020-12-27, 22:11:57, 9.04e-13, 5.46e-11
2020-12-27, 22:12:01, 9.68e-13, 5.48e-11
2020-12-27, 22:12:05, 1.1e-12, 5.49e-11
2020-12-27, 22:12:09, 1.07e-12, 5.46e-11
2020-12-27, 22:12:13, 9.59e-13, 5.46e-11
2020-12-27, 22:12:18, 8.88e-13, 5.47e-11
2020-12-27, 22:12:22, 8.98e-13, 5.48e-11
2020-12-27, 22:12:26, 9.28e-13, 5.45e-11
2020-12-27, 22:12:30, 1e-12, 5.49e-11
2020-12-27, 22:12:35, 8.83e-13, 5.48e-11
2020-12-27, 22:12:39, 9.24e-13, 5.47e-11
2020-12-27, 22:12:43, 9.24e-13, 5.46e-11
2020-12-27, 22:12:47, 8.92e-13, 5.5e-11
2020-12-27, 22:12:51, 8.86e-13, 5.45e-11
2020-12-27, 22:12:56, 9.38e-13, 5.46e-11
2020-12-27, 22:13:00, 9.46e-13, 5.46e-11
2020-12-27, 22:13:04, 9.68e-13, 5.46e-11
2020-12-27, 22:13:08, 9.37e-13, 5.46e-11
2020-12-27, 22:13:13, 9.61e-13, 5.43e-11
2020-12-27, 22:13:17, 9.08e-13, 5.44e-11
2020-12-27, 22:13:21, 9.41e-13, 5.51e-11
2020-12-27, 22:13:25, 9.42e-13, 5.44e-11
2020-12-27, 22:13:29, 9.74e-13, 5.43e-11
2020-12-27, 22:13:34, 9.17e-13, 5.44e-11
2020-12-27, 22:13:38, 8.94e-13, 5.45e-11
2020-12-27, 22:13:42, 9.16e-13, 5.46e-11
2020-12-27, 22:13:46, 9.6e-13, 5.49e-11
2020-12-27, 22:13:50, 8.87e-13, 5.47e-11
2020-12-27, 22:13:55, 9.3e-13, 5.46e-11
2020-12-27, 22:13:59, 8.91e-13, 5.45e-11
2020-12-27, 22:14:03, 8.83e-13, 5.46e-11
2020-12-27, 22:14:07, 8.98e-13, 5.46e-11
2020-12-27, 22:14:12, 8.81e-13, 5.43e-11
2020-12-27, 22:14:16, 9.16e-13, 5.46e-11
2020-12-27, 22:14:20, 8.79e-13, 5.46e-11
2020-12-27, 22:14:24, 9.47e-13, 5.44e-11
2020-12-27, 22:14:28, 9.65e-13, 5.49e-11
2020-12-27, 22:14:33, 9.21e-13, 5.46e-11
2020-12-27, 22:14:37, 9.01e-13, 5.45e-11
2020-12-27, 22:14:41, 1.12e-12, 5.45e-11
2020-12-27, 22:14:45, 9.03e-13, 5.48e-11
2020-12-27, 22:14:50, 9.15e-13, 5.49e-11
2020-12-27, 22:14:54, 9.01e-13, 5.46e-11
2020-12-27, 22:14:58, 9.18e-13, 5.5e-11
2020-12-27, 22:15:02, 1.04e-12, 5.5e-11
2020-12-27, 22:15:06, 9.47e-13, 5.46e-11
2020-12-27, 22:15:11, 9.16e-13, 5.46e-11
2020-12-27, 22:15:15, 9.36e-13, 5.46e-11
2020-12-27, 22:15:19, 9.51e-13, 5.46e-11
2020-12-27, 22:15:23, 9.26e-13, 5.47e-11
2020-12-27, 22:15:28, 9.04e-13, 5.45e-11
2020-12-27, 22:15:32, 9.59e-13, 5.46e-11
2020-12-27, 22:15:36, 9.47e-13, 5.48e-11
2020-12-27, 22:15:40, 9.27e-13, 5.49e-11
2020-12-27, 22:15:44, 8.86e-13, 5.51e-11
2020-12-27, 22:15:49, 9.36e-13, 5.46e-11
2020-12-27, 22:15:53, 9.18e-13, 5.51e-11
2020-12-27, 22:15:57, 9.42e-13, 5.46e-11
2020-12-27, 22:16:01, 9.66e-13, 5.49e-11
2020-12-27, 22:16:06, 9.44e-13, 5.5e-11
2020-12-27, 22:16:10, 9.65e-13, 5.49e-11
2020-12-27, 22:16:14, 9.76e-13, 5.43e-11
2020-12-27, 22:16:18, 9.32e-13, 5.45e-11
2020-12-27, 22:16:22, 8.5e-13, 5.46e-11
2020-12-27, 22:16:27, 9.09e-13, 5.49e-11
2020-12-27, 22:16:31, 8.81e-13, 5.46e-11
2020-12-27, 22:16:35, 8.06e-13, 5.47e-11
2020-12-27, 22:16:39, 9.26e-13, 5.45e-11
2020-12-27, 22:16:44, 8.82e-13, 5.45e-11
2020-12-27, 22:16:48, 7.9e-13, 5.45e-11
2020-12-27, 22:16:52, 8.92e-13, 5.44e-11
2020-12-27, 22:16:56, 9.1e-13, 5.48e-11
2020-12-27, 22:17:00, 9.39e-13, 5.47e-11
2020-12-27, 22:17:05, 8.26e-13, 5.46e-11
2020-12-27, 22:17:09, 9.14e-13, 5.49e-11
2020-12-27, 22:17:13, 8.99e-13, 5.43e-11
2020-12-27, 22:17:17, 9.96e-13, 5.48e-11
2020-12-27, 22:17:22, 9.36e-13, 5.51e-11
2020-12-27, 22:17:26, 9.27e-13, 5.43e-11
2020-12-27, 22:17:30, 9.04e-13, 5.46e-11
2020-12-27, 22:17:34, 9.23e-13, 5.48e-11
2020-12-27, 22:17:38, 8.9e-13, 5.48e-11
2020-12-27, 22:17:43, 8.85e-13, 5.45e-11
2020-12-27, 22:17:47, 1.01e-12, 5.47e-11
2020-12-27, 22:17:51, 8.98e-13, 5.47e-11
2020-12-27, 22:17:55, 9.32e-13, 5.48e-11
2020-12-27, 22:18:00, 9.62e-13, 5.48e-11
2020-12-27, 22:18:04, 8.99e-13, 5.55e-11
2020-12-27, 22:18:08, 9.81e-13, 5.49e-11
2020-12-27, 22:18:12, 8.71e-13, 5.47e-11
2020-12-27, 22:18:16, 9.61e-13, 5.49e-11
2020-12-27, 22:18:21, 9.91e-13, 5.48e-11
2020-12-27, 22:18:25, 9.32e-13, 5.49e-11
2020-12-27, 22:18:29, 9.23e-13, 5.46e-11
2020-12-27, 22:18:33, 9.35e-13, 5.47e-11
2020-12-27, 22:18:37, 9.33e-13, 5.46e-11
2020-12-27, 22:18:42, 1.04e-12, 5.54e-11
2020-12-27, 22:18:46, 8.66e-13, 5.46e-11
2020-12-27, 22:18:50, 9.52e-13, 5.46e-11
2020-12-27, 22:18:54, 9.24e-13, 5.47e-11
2020-12-27, 22:18:59, 9.59e-13, 5.49e-11
2020-12-27, 22:19:03, 9.06e-13, 5.46e-11
2020-12-27, 22:19:07, 8.86e-13, 5.45e-11
2020-12-27, 22:19:11, 9.69e-13, 5.46e-11
2020-12-27, 22:19:15, 9.07e-13, 5.45e-11
2020-12-27, 22:19:20, 9.71e-13, 5.5e-11
2020-12-27, 22:19:24, 9.64e-13, 5.48e-11
2020-12-27, 22:19:28, 9.59e-13, 5.45e-11
2020-12-27, 22:19:32, 9.43e-13, 5.47e-11
2020-12-27, 22:19:37, 1e-12, 5.46e-11
2020-12-27, 22:19:41, 9.95e-13, 5.5e-11
2020-12-27, 22:19:45, 9.16e-13, 5.48e-11
2020-12-27, 22:19:49, 8.64e-13, 5.46e-11
2020-12-27, 22:19:53, 9.64e-13, 5.48e-11
2020-12-27, 22:19:58, 1e-12, 5.48e-11
2020-12-27, 22:20:02, 9.17e-13, 5.47e-11
2020-12-27, 22:20:06, 8.75e-13, 5.46e-11
2020-12-27, 22:20:10, 9e-13, 5.46e-11
2020-12-27, 22:20:15, 9.12e-13, 5.46e-11
2020-12-27, 22:20:19, 9.16e-13, 5.46e-11
2020-12-27, 22:20:23, 9.53e-13, 5.48e-11
2020-12-27, 22:20:27, 9.5e-13, 5.45e-11
2020-12-27, 22:20:31, 9.08e-13, 5.48e-11
2020-12-27, 22:20:36, 9.36e-13, 5.48e-11
2020-12-27, 22:20:40, 7.99e-13, 5.45e-11
2020-12-27, 22:20:44, 9.6e-13, 5.46e-11
2020-12-27, 22:20:48, 9.3e-13, 5.44e-11
2020-12-27, 22:20:53, 9.11e-13, 5.49e-11
2020-12-27, 22:20:57, 9.78e-13, 5.49e-11
2020-12-27, 22:21:01, 9.05e-13, 5.44e-11
2020-12-27, 22:21:05, 9.15e-13, 5.46e-11
2020-12-27, 22:21:09, 9.1e-13, 5.46e-11
2020-12-27, 22:21:14, 9.83e-13, 5.49e-11
2020-12-27, 22:21:18, 9.32e-13, 5.45e-11
2020-12-27, 22:21:22, 8.93e-13, 5.46e-11
2020-12-27, 22:21:26, 9.16e-13, 5.43e-11
2020-12-27, 22:21:31, 8.99e-13, 5.44e-11
2020-12-27, 22:21:35, 9.56e-13, 5.46e-11
2020-12-27, 22:21:39, 9.18e-13, 5.47e-11
2020-12-27, 22:21:43, 9.02e-13, 5.47e-11
2020-12-27, 22:21:47, 9.08e-13, 5.48e-11
2020-12-27, 22:21:52, 9.23e-13, 5.44e-11
2020-12-27, 22:21:56, 9.29e-13, 5.48e-11
2020-12-27, 22:22:00, 9.44e-13, 5.44e-11
2020-12-27, 22:22:04, 9.94e-13, 5.49e-11
2020-12-27, 22:22:09, 9.26e-13, 5.43e-11
2020-12-27, 22:22:13, 9.46e-13, 5.47e-11
2020-12-27, 22:22:17, 9.37e-13, 5.46e-11
2020-12-27, 22:22:21, 9.61e-13, 5.44e-11
2020-12-27, 22:22:25, 9.16e-13, 5.47e-11
2020-12-27, 22:22:30, 8.61e-13, 5.47e-11
2020-12-27, 22:22:34, 9.63e-13, 5.48e-11
2020-12-27, 22:22:38, 9.4e-13, 5.45e-11
2020-12-27, 22:22:42, 9.41e-13, 5.46e-11
2020-12-27, 22:22:46, 9.13e-13, 5.46e-11
2020-12-27, 22:22:51, 9.61e-13, 5.45e-11
2020-12-27, 22:22:55, 9.73e-13, 5.48e-11
2020-12-27, 22:22:59, 9.39e-13, 5.47e-11
2020-12-27, 22:23:03, 9.58e-13, 5.47e-11
2020-12-27, 22:23:08, 9.34e-13, 5.46e-11
2020-12-27, 22:23:12, 9.2e-13, 5.46e-11
2020-12-27, 22:23:16, 9.15e-13, 5.46e-11
2020-12-27, 22:23:20, 8.95e-13, 5.44e-11
2020-12-27, 22:23:24, 9.61e-13, 5.51e-11
2020-12-27, 22:23:29, 9.87e-13, 5.48e-11
2020-12-27, 22:23:33, 8.74e-13, 5.47e-11
2020-12-27, 22:23:37, 9.47e-13, 5.47e-11
2020-12-27, 22:23:41, 9.15e-13, 5.49e-11
2020-12-27, 22:23:46, 9.39e-13, 5.45e-11
2020-12-27, 22:23:50, 9.46e-13, 5.46e-11
2020-12-27, 22:23:54, 9.56e-13, 5.48e-11
2020-12-27, 22:23:58, 9.39e-13, 5.47e-11
2020-12-27, 22:24:02, 9.15e-13, 5.45e-11
2020-12-27, 22:24:07, 8.81e-13, 5.48e-11
2020-12-27, 22:24:11, 9.15e-13, 5.45e-11
2020-12-27, 22:24:15, 9.04e-13, 5.47e-11
2020-12-27, 22:24:19, 8.81e-13, 5.49e-11
2020-12-27, 22:24:24, 9.67e-13, 5.45e-11
2020-12-27, 22:24:28, 8.85e-13, 5.48e-11
2020-12-27, 22:24:32, 9.77e-13, 5.44e-11
2020-12-27, 22:24:36, 8.93e-13, 5.45e-11
2020-12-27, 22:24:40, 9.3e-13, 5.45e-11
2020-12-27, 22:24:45, 8.72e-13, 5.45e-11
2020-12-27, 22:24:49, 1.03e-12, 5.5e-11
2020-12-27, 22:24:53, 8.69e-13, 5.5e-11
2020-12-27, 22:24:57, 8.33e-13, 5.52e-11
2020-12-27, 22:25:02, 9.69e-13, 5.49e-11
2020-12-27, 22:25:06, 9.83e-13, 5.45e-11
2020-12-27, 22:25:10, 9.08e-13, 5.45e-11
2020-12-27, 22:25:14, 9.08e-13, 5.49e-11
2020-12-27, 22:25:18, 9.31e-13, 5.45e-11
2020-12-27, 22:25:23, 9.6e-13, 5.43e-11
2020-12-27, 22:25:27, 9.47e-13, 5.43e-11
2020-12-27, 22:25:31, 9.29e-13, 5.44e-11
2020-12-27, 22:25:35, 9.58e-13, 5.45e-11
2020-12-27, 22:25:40, 7.99e-13, 5.44e-11
2020-12-27, 22:25:44, 1.06e-12, 5.44e-11
2020-12-27, 22:25:48, 9.39e-13, 5.45e-11
2020-12-27, 22:25:52, 1.05e-12, 5.44e-11
2020-12-27, 22:25:56, 8.72e-13, 5.45e-11
2020-12-27, 22:26:01, 1.09e-12, 5.47e-11
2020-12-27, 22:26:05, 9.4e-13, 5.45e-11
2020-12-27, 22:26:09, 9.18e-13, 5.47e-11
2020-12-27, 22:26:13, 9.04e-13, 5.43e-11
2020-12-27, 22:26:18, 8.68e-13, 5.45e-11
2020-12-27, 22:26:22, 9.04e-13, 5.46e-11
2020-12-27, 22:26:26, 9.44e-13, 5.43e-11
2020-12-27, 22:26:30, 8.09e-13, 5.49e-11
2020-12-27, 22:26:34, 9.64e-13, 5.45e-11
2020-12-27, 22:26:39, 9.39e-13, 5.46e-11
2020-12-27, 22:26:43, 8.78e-13, 5.49e-11
2020-12-27, 22:26:47, 9.67e-13, 5.46e-11
2020-12-27, 22:26:51, 9.72e-13, 5.46e-11
2020-12-27, 22:26:56, 9.16e-13, 5.44e-11
2020-12-27, 22:27:00, 1.05e-12, 5.46e-11
2020-12-27, 22:27:04, 9.2e-13, 5.46e-11
2020-12-27, 22:27:08, 9.31e-13, 5.44e-11
2020-12-27, 22:27:12, 8.4e-13, 5.44e-11
2020-12-27, 22:27:17, 7.91e-13, 5.48e-11
2020-12-27, 22:27:21, 8.6e-13, 5.46e-11
2020-12-27, 22:27:25, 9.38e-13, 5.46e-11
2020-12-27, 22:27:29, 9.69e-13, 5.44e-11
2020-12-27, 22:27:34, 9.77e-13, 5.47e-11
2020-12-27, 22:27:38, 9.26e-13, 5.43e-11
2020-12-27, 22:27:42, 9.47e-13, 5.47e-11
2020-12-27, 22:27:46, 9.17e-13, 5.45e-11
2020-12-27, 22:27:50, 9.83e-13, 5.49e-11
2020-12-27, 22:27:55, 1.05e-12, 5.47e-11
2020-12-27, 22:27:59, 9.36e-13, 5.47e-11
2020-12-27, 22:28:03, 9.29e-13, 5.45e-11
2020-12-27, 22:28:07, 8.88e-13, 5.49e-11
2020-12-27, 22:28:12, 8.96e-13, 5.44e-11
2020-12-27, 22:28:16, 9.25e-13, 5.47e-11
2020-12-27, 22:28:20, 9.24e-13, 5.47e-11
2020-12-27, 22:28:24, 8.8e-13, 5.49e-11
2020-12-27, 22:28:28, 9.21e-13, 5.45e-11
2020-12-27, 22:28:33, 8.32e-13, 5.44e-11
2020-12-27, 22:28:37, 9.08e-13, 5.44e-11
2020-12-27, 22:28:41, 1.06e-12, 5.43e-11
2020-12-27, 22:28:45, 8.79e-13, 5.43e-11
2020-12-27, 22:28:50, 9.28e-13, 5.44e-11
2020-12-27, 22:28:54, 9.3e-13, 5.47e-11
2020-12-27, 22:28:58, 9.58e-13, 5.44e-11
2020-12-27, 22:29:02, 9.06e-13, 5.43e-11
2020-12-27, 22:29:06, 9.7e-13, 5.5e-11
2020-12-27, 22:29:11, 8.92e-13, 5.49e-11
2020-12-27, 22:29:15, 9.12e-13, 5.46e-11
2020-12-27, 22:29:19, 9.66e-13, 5.44e-11
2020-12-27, 22:29:23, 8.86e-13, 5.44e-11
2020-12-27, 22:29:27, 9.54e-13, 5.47e-11
2020-12-27, 22:29:32, 9.32e-13, 5.47e-11
2020-12-27, 22:29:36, 9.08e-13, 5.42e-11
2020-12-27, 22:29:40, 8.69e-13, 5.46e-11
2020-12-27, 22:29:44, 9.86e-13, 5.47e-11
2020-12-27, 22:29:49, 9.92e-13, 5.45e-11
2020-12-27, 22:29:53, 8.71e-13, 5.45e-11
2020-12-27, 22:29:57, 8.29e-13, 5.47e-11
2020-12-27, 22:30:01, 9.33e-13, 5.47e-11
2020-12-27, 22:30:05, 9.34e-13, 5.44e-11
2020-12-27, 22:30:10, 1.07e-12, 5.45e-11
2020-12-27, 22:30:14, 9.45e-13, 5.47e-11
2020-12-27, 22:30:18, 1.01e-12, 5.44e-11
2020-12-27, 22:30:22, 8.27e-13, 5.43e-11
2020-12-27, 22:30:27, 1.02e-12, 5.46e-11
2020-12-27, 22:30:31, 8.51e-13, 5.46e-11
2020-12-27, 22:30:35, 8.99e-13, 5.45e-11
2020-12-27, 22:30:39, 9.54e-13, 5.45e-11
2020-12-27, 22:30:43, 9.38e-13, 5.48e-11
2020-12-27, 22:30:48, 9.32e-13, 5.47e-11
2020-12-27, 22:30:52, 9.02e-13, 5.43e-11
2020-12-27, 22:30:56, 8.83e-13, 5.44e-11
2020-12-27, 22:31:00, 8.94e-13, 5.46e-11
2020-12-27, 22:31:05, 8.56e-13, 5.47e-11
2020-12-27, 22:31:09, 8.91e-13, 5.46e-11
2020-12-27, 22:31:13, 9.54e-13, 5.45e-11
2020-12-27, 22:31:17, 9.63e-13, 5.48e-11
2020-12-27, 22:31:21, 9.64e-13, 5.5e-11
2020-12-27, 22:31:26, 9.62e-13, 5.49e-11
2020-12-27, 22:31:30, 9.02e-13, 5.45e-11
2020-12-27, 22:31:34, 9.38e-13, 5.47e-11
2020-12-27, 22:31:38, 8.98e-13, 5.47e-11
2020-12-27, 22:31:43, 8.69e-13, 5.43e-11
2020-12-27, 22:31:47, 9.37e-13, 5.45e-11
2020-12-27, 22:31:51, 9.12e-13, 5.5e-11
2020-12-27, 22:31:55, 9.15e-13, 5.43e-11
2020-12-27, 22:31:59, 9.09e-13, 5.44e-11
2020-12-27, 22:32:04, 9.51e-13, 5.49e-11
2020-12-27, 22:32:08, 8.91e-13, 5.44e-11
2020-12-27, 22:32:12, 9.31e-13, 5.45e-11
2020-12-27, 22:32:16, 9.39e-13, 5.49e-11
2020-12-27, 22:32:21, 9.36e-13, 5.45e-11
2020-12-27, 22:32:25, 8.95e-13, 5.45e-11
2020-12-27, 22:32:29, 9.43e-13, 5.51e-11
2020-12-27, 22:32:33, 8.79e-13, 5.45e-11
2020-12-27, 22:32:37, 9.54e-13, 5.45e-11
2020-12-27, 22:32:42, 8.82e-13, 5.47e-11
2020-12-27, 22:32:46, 9.55e-13, 5.49e-11
2020-12-27, 22:32:50, 9.09e-13, 5.45e-11
2020-12-27, 22:32:54, 9.29e-13, 5.45e-11
2020-12-27, 22:32:59, 8.92e-13, 5.44e-11
2020-12-27, 22:33:03, 9.55e-13, 5.48e-11
2020-12-27, 22:33:07, 9.77e-13, 5.45e-11
2020-12-27, 22:33:11, 8.83e-13, 5.43e-11
2020-12-27, 22:33:15, 9.03e-13, 5.45e-11
2020-12-27, 22:33:20, 8.59e-13, 5.45e-11
2020-12-27, 22:33:24, 9.27e-13, 5.45e-11
2020-12-27, 22:33:28, 9.78e-13, 5.43e-11
2020-12-27, 22:33:32, 9.26e-13, 5.47e-11
2020-12-27, 22:33:37, 9.05e-13, 5.46e-11
2020-12-27, 22:33:41, 8.74e-13, 5.48e-11
2020-12-27, 22:33:45, 9.26e-13, 5.47e-11
2020-12-27, 22:33:49, 9.95e-13, 5.49e-11
2020-12-27, 22:33:53, 9.66e-13, 5.45e-11
2020-12-27, 22:33:58, 9.64e-13, 5.51e-11
2020-12-27, 22:34:02, 9.11e-13, 5.44e-11
2020-12-27, 22:34:06, 9.05e-13, 5.47e-11
2020-12-27, 22:34:10, 9.33e-13, 5.45e-11
2020-12-27, 22:34:15, 8.9e-13, 5.47e-11
2020-12-27, 22:34:19, 9.56e-13, 5.49e-11
2020-12-27, 22:34:23, 9.06e-13, 5.47e-11
2020-12-27, 22:34:27, 9.52e-13, 5.44e-11
2020-12-27, 22:34:31, 9.12e-13, 5.46e-11
2020-12-27, 22:34:36, 9.02e-13, 5.49e-11
2020-12-27, 22:34:40, 9.58e-13, 5.47e-11
2020-12-27, 22:34:44, 9.71e-13, 5.46e-11
2020-12-27, 22:34:48, 9.41e-13, 5.43e-11
2020-12-27, 22:34:53, 9.67e-13, 5.48e-11
2020-12-27, 22:34:57, 9.63e-13, 5.41e-11
2020-12-27, 22:35:01, 8.51e-13, 5.47e-11
2020-12-27, 22:35:05, 9.57e-13, 5.44e-11
2020-12-27, 22:35:09, 8.96e-13, 5.47e-11
2020-12-27, 22:35:14, 9.68e-13, 5.46e-11
2020-12-27, 22:35:18, 9.4e-13, 5.46e-11
2020-12-27, 22:35:22, 9.22e-13, 5.42e-11
2020-12-27, 22:35:26, 9.18e-13, 5.45e-11
2020-12-27, 22:35:31, 9.86e-13, 5.47e-11
2020-12-27, 22:35:35, 9.59e-13, 5.44e-11
2020-12-27, 22:35:39, 8.69e-13, 5.45e-11
2020-12-27, 22:35:43, 9.29e-13, 5.48e-11
2020-12-27, 22:35:47, 8.99e-13, 5.47e-11
2020-12-27, 22:35:52, 9.68e-13, 5.45e-11
2020-12-27, 22:35:56, 9.73e-13, 5.46e-11
2020-12-27, 22:36:00, 9.39e-13, 5.44e-11
2020-12-27, 22:36:04, 9.41e-13, 5.44e-11
2020-12-27, 22:36:09, 9.22e-13, 5.43e-11
2020-12-27, 22:36:13, 9.07e-13, 5.47e-11
2020-12-27, 22:36:17, 9.18e-13, 5.43e-11
2020-12-27, 22:36:21, 9.57e-13, 5.46e-11
2020-12-27, 22:36:25, 8.57e-13, 5.47e-11
2020-12-27, 22:36:30, 9.53e-13, 5.44e-11
2020-12-27, 22:36:34, 9.23e-13, 5.47e-11
2020-12-27, 22:36:38, 9.03e-13, 5.45e-11
2020-12-27, 22:36:42, 8.89e-13, 5.48e-11
2020-12-27, 22:36:47, 9.12e-13, 5.42e-11
2020-12-27, 22:36:51, 8.94e-13, 5.45e-11
2020-12-27, 22:36:55, 9.72e-13, 5.44e-11
2020-12-27, 22:36:59, 8.61e-13, 5.44e-11
2020-12-27, 22:37:03, 9.27e-13, 5.46e-11
2020-12-27, 22:37:08, 9.1e-13, 5.42e-11
2020-12-27, 22:37:12, 9.02e-13, 5.45e-11
2020-12-27, 22:37:16, 9.14e-13, 5.43e-11
2020-12-27, 22:37:20, 9.27e-13, 5.46e-11
2020-12-27, 22:37:24, 9.27e-13, 5.45e-11
2020-12-27, 22:37:29, 9.51e-13, 5.44e-11
2020-12-27, 22:37:33, 9.66e-13, 5.47e-11
2020-12-27, 22:37:37, 8.83e-13, 5.47e-11
2020-12-27, 22:37:41, 9.08e-13, 5.44e-11
2020-12-27, 22:37:46, 8.9e-13, 5.45e-11
2020-12-27, 22:37:50, 9.33e-13, 5.44e-11
2020-12-27, 22:37:54, 9.57e-13, 5.43e-11
2020-12-27, 22:37:58, 9.69e-13, 5.43e-11
2020-12-27, 22:38:02, 9.09e-13, 5.46e-11
2020-12-27, 22:38:07, 9.42e-13, 5.46e-11
2020-12-27, 22:38:11, 9.48e-13, 5.45e-11
2020-12-27, 22:38:15, 9.61e-13, 5.43e-11
2020-12-27, 22:38:19, 9.18e-13, 5.45e-11
2020-12-27, 22:38:24, 9.29e-13, 5.46e-11
2020-12-27, 22:38:28, 9.53e-13, 5.46e-11
2020-12-27, 22:38:32, 8.69e-13, 5.5e-11
2020-12-27, 22:38:36, 9.83e-13, 5.46e-11
2020-12-27, 22:38:40, 9.35e-13, 5.47e-11
2020-12-27, 22:38:45, 9.48e-13, 5.41e-11
2020-12-27, 22:38:49, 9.68e-13, 5.43e-11
2020-12-27, 22:38:53, 9.41e-13, 5.44e-11
2020-12-27, 22:38:57, 9.4e-13, 5.46e-11
2020-12-27, 22:39:02, 9.37e-13, 5.41e-11
2020-12-27, 22:39:06, 9.18e-13, 5.44e-11
2020-12-27, 22:39:10, 9.21e-13, 5.45e-11
2020-12-27, 22:39:14, 1e-12, 5.44e-11
2020-12-27, 22:39:18, 9.46e-13, 5.44e-11
2020-12-27, 22:39:23, 9.76e-13, 5.44e-11
2020-12-27, 22:39:27, 9.2e-13, 5.42e-11
2020-12-27, 22:39:31, 9.38e-13, 5.45e-11
2020-12-27, 22:39:35, 8.75e-13, 5.47e-11
2020-12-27, 22:39:40, 9.21e-13, 5.43e-11
2020-12-27, 22:39:44, 9.45e-13, 5.45e-11
2020-12-27, 22:39:48, 8.42e-13, 5.43e-11
2020-12-27, 22:39:52, 9.45e-13, 5.45e-11
2020-12-27, 22:39:56, 1.04e-12, 5.43e-11
2020-12-27, 22:40:01, 9.07e-13, 5.4e-11
2020-12-27, 22:40:05, 9.03e-13, 5.44e-11
2020-12-27, 22:40:09, 9.1e-13, 5.42e-11
2020-12-27, 22:40:13, 9.3e-13, 5.44e-11
2020-12-27, 22:40:18, 9.43e-13, 5.42e-11
2020-12-27, 22:40:22, 9.22e-13, 5.46e-11
2020-12-27, 22:40:26, 9.32e-13, 5.43e-11
2020-12-27, 22:40:30, 8.65e-13, 5.45e-11
2020-12-27, 22:40:34, 9.44e-13, 5.44e-11
2020-12-27, 22:40:39, 9.37e-13, 5.46e-11
2020-12-27, 22:40:43, 9.13e-13, 5.48e-11
2020-12-27, 22:40:47, 9.21e-13, 5.45e-11
2020-12-27, 22:40:51, 8.01e-13, 5.49e-11
2020-12-27, 22:40:56, 9.48e-13, 5.43e-11
2020-12-27, 22:41:00, 9.1e-13, 5.47e-11
2020-12-27, 22:41:04, 9.75e-13, 5.46e-11
2020-12-27, 22:41:08, 9.26e-13, 5.43e-11
2020-12-27, 22:41:12, 9.57e-13, 5.48e-11
2020-12-27, 22:41:17, 9.42e-13, 5.44e-11
2020-12-27, 22:41:21, 9.23e-13, 5.48e-11
2020-12-27, 22:41:25, 8.98e-13, 5.44e-11
2020-12-27, 22:41:29, 8.7e-13, 5.44e-11
2020-12-27, 22:41:34, 9.49e-13, 5.45e-11
2020-12-27, 22:41:38, 9.39e-13, 5.4e-11
2020-12-27, 22:41:42, 1.01e-12, 5.44e-11
2020-12-27, 22:41:46, 9.55e-13, 5.42e-11
2020-12-27, 22:41:50, 9.52e-13, 5.46e-11
2020-12-27, 22:41:55, 9.38e-13, 5.47e-11
2020-12-27, 22:41:59, 9.19e-13, 5.46e-11
2020-12-27, 22:42:03, 9.46e-13, 5.43e-11
2020-12-27, 22:42:07, 9.35e-13, 5.44e-11
2020-12-27, 22:42:12, 9.62e-13, 5.48e-11
2020-12-27, 22:42:16, 9.56e-13, 5.42e-11
2020-12-27, 22:42:20, 9.57e-13, 5.45e-11
2020-12-27, 22:42:24, 9.57e-13, 5.43e-11
2020-12-27, 22:42:28, 9.12e-13, 5.44e-11
2020-12-27, 22:42:33, 9.89e-13, 5.43e-11
2020-12-27, 22:42:37, 9.78e-13, 5.47e-11
2020-12-27, 22:42:41, 9.43e-13, 5.42e-11
2020-12-27, 22:42:45, 9.86e-13, 5.42e-11
2020-12-27, 22:42:50, 9.51e-13, 5.46e-11
2020-12-27, 22:42:54, 9.21e-13, 5.46e-11
2020-12-27, 22:42:58, 9.19e-13, 5.45e-11
2020-12-27, 22:43:02, 1.04e-12, 5.46e-11
2020-12-27, 22:43:06, 9.63e-13, 5.46e-11
2020-12-27, 22:43:11, 7.83e-13, 5.46e-11
2020-12-27, 22:43:15, 9.56e-13, 5.44e-11
2020-12-27, 22:43:19, 9.03e-13, 5.44e-11
2020-12-27, 22:43:23, 8.87e-13, 5.46e-11
2020-12-27, 22:43:27, 8.69e-13, 5.47e-11
2020-12-27, 22:43:32, 8.92e-13, 5.49e-11
2020-12-27, 22:43:36, 9.1e-13, 5.5e-11
2020-12-27, 22:43:40, 8.7e-13, 5.45e-11
2020-12-27, 22:43:44, 8.89e-13, 5.46e-11
2020-12-27, 22:43:49, 9.2e-13, 5.47e-11
2020-12-27, 22:43:53, 1.09e-12, 5.45e-11
2020-12-27, 22:43:57, 9.36e-13, 5.46e-11
2020-12-27, 22:44:01, 9.51e-13, 5.44e-11
2020-12-27, 22:44:05, 9.25e-13, 5.43e-11
2020-12-27, 22:44:10, 7.9e-13, 5.43e-11
2020-12-27, 22:44:14, 9.68e-13, 5.46e-11
2020-12-27, 22:44:18, 1.03e-12, 5.43e-11
2020-12-27, 22:44:22, 9.23e-13, 5.46e-11
2020-12-27, 22:44:27, 9.81e-13, 5.44e-11
2020-12-27, 22:44:31, 9.21e-13, 5.45e-11
2020-12-27, 22:44:35, 9.27e-13, 5.44e-11
2020-12-27, 22:44:39, 7.7e-13, 5.46e-11
2020-12-27, 22:44:43, 8.74e-13, 5.45e-11
2020-12-27, 22:44:48, 9.26e-13, 5.46e-11
2020-12-27, 22:44:52, 9.35e-13, 5.43e-11
2020-12-27, 22:44:56, 9.28e-13, 5.47e-11
2020-12-27, 22:45:00, 9.68e-13, 5.43e-11
2020-12-27, 22:45:05, 9.24e-13, 5.45e-11
2020-12-27, 22:45:09, 9.44e-13, 5.45e-11
2020-12-27, 22:45:13, 1e-12, 5.42e-11
2020-12-27, 22:45:17, 8.86e-13, 5.42e-11
2020-12-27, 22:45:21, 9.09e-13, 5.45e-11
2020-12-27, 22:45:26, 9.74e-13, 5.46e-11
2020-12-27, 22:45:30, 9.26e-13, 5.43e-11
2020-12-27, 22:45:34, 9.28e-13, 5.46e-11
2020-12-27, 22:45:38, 9.1e-13, 5.42e-11
2020-12-27, 22:45:43, 8.91e-13, 5.44e-11
2020-12-27, 22:45:47, 9.87e-13, 5.44e-11
2020-12-27, 22:45:51, 8.7e-13, 5.45e-11
2020-12-27, 22:45:55, 9.19e-13, 5.45e-11
2020-12-27, 22:45:59, 1e-12, 5.43e-11
2020-12-27, 22:46:04, 9.8e-13, 5.43e-11
2020-12-27, 22:46:08, 9.07e-13, 5.43e-11
2020-12-27, 22:46:12, 1.05e-12, 5.43e-11
2020-12-27, 22:46:16, 8.76e-13, 5.43e-11
2020-12-27, 22:46:21, 9.1e-13, 5.42e-11
2020-12-27, 22:46:25, 8.97e-13, 5.45e-11
2020-12-27, 22:46:29, 8.91e-13, 5.44e-11
2020-12-27, 22:46:33, 8.86e-13, 5.44e-11
2020-12-27, 22:46:37, 1.05e-12, 5.46e-11
2020-12-27, 22:46:42, 8.88e-13, 5.49e-11
2020-12-27, 22:46:46, 8.68e-13, 5.46e-11
2020-12-27, 22:46:50, 1.03e-12, 5.44e-11
2020-12-27, 22:46:54, 8.18e-13, 5.45e-11
2020-12-27, 22:46:59, 9.68e-13, 5.46e-11
2020-12-27, 22:47:03, 9.74e-13, 5.46e-11
2020-12-27, 22:47:07, 1.09e-12, 5.48e-11
2020-12-27, 22:47:11, 9.65e-13, 5.41e-11
2020-12-27, 22:47:15, 9.02e-13, 5.43e-11
2020-12-27, 22:47:20, 7.37e-13, 5.43e-11
2020-12-27, 22:47:24, 9.43e-13, 5.43e-11
2020-12-27, 22:47:28, 9.29e-13, 5.44e-11
2020-12-27, 22:47:32, 9.06e-13, 5.45e-11
2020-12-27, 22:47:36, 8.92e-13, 5.44e-11
2020-12-27, 22:47:41, 8.78e-13, 5.43e-11
2020-12-27, 22:47:45, 9.06e-13, 5.43e-11
2020-12-27, 22:47:49, 8.33e-13, 5.43e-11
2020-12-27, 22:47:53, 9.45e-13, 5.43e-11
2020-12-27, 22:47:58, 9.29e-13, 5.45e-11
2020-12-27, 22:48:02, 1e-12, 5.42e-11
2020-12-27, 22:48:06, 9.41e-13, 5.45e-11
2020-12-27, 22:48:10, 9e-13, 5.45e-11
2020-12-27, 22:48:14, 9.1e-13, 5.44e-11
2020-12-27, 22:48:19, 9.29e-13, 5.46e-11
2020-12-27, 22:48:23, 8.8e-13, 5.44e-11
2020-12-27, 22:48:27, 9.52e-13, 5.47e-11
2020-12-27, 22:48:31, 9.49e-13, 5.44e-11
2020-12-27, 22:48:36, 8.39e-13, 5.46e-11
2020-12-27, 22:48:40, 9.11e-13, 5.44e-11
2020-12-27, 22:48:44, 9.47e-13, 5.48e-11
2020-12-27, 22:48:48, 9.43e-13, 5.43e-11
2020-12-27, 22:48:52, 8.73e-13, 5.42e-11
2020-12-27, 22:48:57, 9.37e-13, 5.42e-11
2020-12-27, 22:49:01, 1.01e-12, 5.44e-11
2020-12-27, 22:49:05, 9.75e-13, 5.43e-11
2020-12-27, 22:49:09, 9.58e-13, 5.47e-11
2020-12-27, 22:49:14, 9.33e-13, 5.42e-11
2020-12-27, 22:49:18, 8.96e-13, 5.44e-11
2020-12-27, 22:49:22, 9.52e-13, 5.45e-11
2020-12-27, 22:49:26, 9.04e-13, 5.44e-11
2020-12-27, 22:49:30, 9e-13, 5.45e-11
2020-12-27, 22:49:35, 9.08e-13, 5.42e-11
2020-12-27, 22:49:39, 9.19e-13, 5.46e-11
2020-12-27, 22:49:43, 9.46e-13, 5.47e-11
2020-12-27, 22:49:47, 9.61e-13, 5.42e-11
2020-12-27, 22:49:52, 9.45e-13, 5.42e-11
2020-12-27, 22:49:56, 9.14e-13, 5.44e-11
2020-12-27, 22:50:00, 9.95e-13, 5.43e-11
2020-12-27, 22:50:04, 8.44e-13, 5.42e-11
2020-12-27, 22:50:09, 8.17e-13, 5.41e-11
2020-12-27, 22:50:13, 9.79e-13, 5.44e-11
2020-12-27, 22:50:17, 9.27e-13, 5.43e-11
2020-12-27, 22:50:21, 9.54e-13, 5.43e-11
2020-12-27, 22:50:25, 8.65e-13, 5.45e-11
2020-12-27, 22:50:30, 9.5e-13, 5.43e-11
2020-12-27, 22:50:34, 9.88e-13, 5.44e-11
2020-12-27, 22:50:38, 8.77e-13, 5.44e-11
2020-12-27, 22:50:42, 9.56e-13, 5.46e-11
2020-12-27, 22:50:47, 9.33e-13, 5.43e-11
2020-12-27, 22:50:51, 8.07e-13, 5.46e-11
2020-12-27, 22:50:55, 8.94e-13, 5.45e-11
2020-12-27, 22:50:59, 9.36e-13, 5.44e-11
2020-12-27, 22:51:03, 8.69e-13, 5.45e-11
2020-12-27, 22:51:08, 9.49e-13, 5.43e-11
2020-12-27, 22:51:12, 8.64e-13, 5.44e-11
2020-12-27, 22:51:16, 9.24e-13, 5.44e-11
2020-12-27, 22:51:20, 1.09e-12, 5.43e-11
2020-12-27, 22:51:24, 1.06e-12, 5.46e-11
2020-12-27, 22:51:29, 9.75e-13, 5.47e-11
2020-12-27, 22:51:33, 9.7e-13, 5.45e-11
2020-12-27, 22:51:37, 9.34e-13, 5.46e-11
2020-12-27, 22:51:41, 9.17e-13, 5.45e-11
2020-12-27, 22:51:46, 8.89e-13, 5.45e-11
2020-12-27, 22:51:50, 8.45e-13, 5.41e-11
2020-12-27, 22:51:54, 9.97e-13, 5.41e-11
2020-12-27, 22:51:58, 9.25e-13, 5.45e-11
2020-12-27, 22:52:02, 8.84e-13, 5.45e-11
2020-12-27, 22:52:07, 9.45e-13, 5.47e-11
2020-12-27, 22:52:11, 9.79e-13, 5.45e-11
2020-12-27, 22:52:15, 8.96e-13, 5.44e-11
2020-12-27, 22:52:19, 9.52e-13, 5.45e-11
2020-12-27, 22:52:24, 9.15e-13, 5.44e-11
2020-12-27, 22:52:28, 9.58e-13, 5.47e-11
2020-12-27, 22:52:32, 9.39e-13, 5.44e-11
2020-12-27, 22:52:36, 9.14e-13, 5.44e-11
2020-12-27, 22:52:40, 8.95e-13, 5.46e-11
2020-12-27, 22:52:45, 9.83e-13, 5.5e-11
2020-12-27, 22:52:49, 9.41e-13, 5.48e-11
2020-12-27, 22:52:53, 9.19e-13, 5.47e-11
2020-12-27, 22:52:57, 9.46e-13, 5.44e-11
2020-12-27, 22:53:02, 9e-13, 5.46e-11
2020-12-27, 22:53:06, 9.68e-13, 5.44e-11
2020-12-27, 22:53:10, 9.64e-13, 5.45e-11
2020-12-27, 22:53:14, 9.14e-13, 5.43e-11
2020-12-27, 22:53:18, 8.94e-13, 5.44e-11
2020-12-27, 22:53:23, 8.7e-13, 5.45e-11
2020-12-27, 22:53:27, 9.02e-13, 5.47e-11
2020-12-27, 22:53:31, 7.8e-13, 5.46e-11
2020-12-27, 22:53:35, 9.07e-13, 5.43e-11
2020-12-27, 22:53:40, 9.33e-13, 5.45e-11
2020-12-27, 22:53:44, 9.53e-13, 5.45e-11
2020-12-27, 22:53:48, 9.24e-13, 5.45e-11
2020-12-27, 22:53:52, 8.8e-13, 5.47e-11
2020-12-27, 22:53:56, 8.37e-13, 5.48e-11
2020-12-27, 22:54:01, 9.3e-13, 5.49e-11
2020-12-27, 22:54:05, 9.13e-13, 5.47e-11
2020-12-27, 22:54:09, 9.02e-13, 5.46e-11
2020-12-27, 22:54:13, 9.28e-13, 5.46e-11
2020-12-27, 22:54:18, 8.89e-13, 5.44e-11
2020-12-27, 22:54:22, 9.97e-13, 5.45e-11
2020-12-27, 22:54:26, 9.44e-13, 5.43e-11
2020-12-27, 22:54:30, 9.39e-13, 5.44e-11
2020-12-27, 22:54:34, 9.28e-13, 5.46e-11
2020-12-27, 22:54:39, 1.02e-12, 5.45e-11
2020-12-27, 22:54:43, 9.36e-13, 5.43e-11
2020-12-27, 22:54:47, 9.3e-13, 5.46e-11
2020-12-27, 22:54:51, 9.5e-13, 5.43e-11
2020-12-27, 22:54:56, 9.09e-13, 5.42e-11
2020-12-27, 22:55:00, 8.69e-13, 5.47e-11
2020-12-27, 22:55:04, 9.22e-13, 5.42e-11
2020-12-27, 22:55:08, 8.89e-13, 5.47e-11
2020-12-27, 22:55:12, 9.41e-13, 5.43e-11
2020-12-27, 22:55:17, 8.86e-13, 5.44e-11
2020-12-27, 22:55:21, 9.9e-13, 5.44e-11
2020-12-27, 22:55:25, 9.68e-13, 5.43e-11
2020-12-27, 22:55:29, 9.4e-13, 5.43e-11
2020-12-27, 22:55:33, 1.09e-12, 5.45e-11
2020-12-27, 22:55:38, 9.02e-13, 5.42e-11
2020-12-27, 22:55:42, 9.24e-13, 5.46e-11
2020-12-27, 22:55:46, 9.32e-13, 5.43e-11
2020-12-27, 22:55:50, 9.36e-13, 5.49e-11
2020-12-27, 22:55:55, 9.58e-13, 5.44e-11
2020-12-27, 22:55:59, 8.98e-13, 5.44e-11
2020-12-27, 22:56:03, 9.16e-13, 5.45e-11
2020-12-27, 22:56:07, 8.2e-13, 5.43e-11
2020-12-27, 22:56:11, 9.42e-13, 5.44e-11
2020-12-27, 22:56:16, 9.5e-13, 5.44e-11
2020-12-27, 22:56:20, 9.85e-13, 5.46e-11
2020-12-27, 22:56:24, 9.21e-13, 5.43e-11
2020-12-27, 22:56:28, 9.01e-13, 5.41e-11
2020-12-27, 22:56:33, 9.43e-13, 5.47e-11
2020-12-27, 22:56:37, 7.77e-13, 5.45e-11
2020-12-27, 22:56:41, 9.17e-13, 5.45e-11
2020-12-27, 22:56:45, 8.75e-13, 5.43e-11
2020-12-27, 22:56:49, 9.45e-13, 5.48e-11
2020-12-27, 22:56:54, 9.14e-13, 5.44e-11
2020-12-27, 22:56:58, 9.63e-13, 5.42e-11
2020-12-27, 22:57:02, 8.27e-13, 5.44e-11
2020-12-27, 22:57:06, 9.72e-13, 5.43e-11
2020-12-27, 22:57:11, 9.38e-13, 5.43e-11
2020-12-27, 22:57:15, 8.92e-13, 5.42e-11
2020-12-27, 22:57:19, 9.05e-13, 5.44e-11
2020-12-27, 22:57:23, 9.48e-13, 5.43e-11
2020-12-27, 22:57:27, 9.31e-13, 5.43e-11
2020-12-27, 22:57:32, 9.49e-13, 5.46e-11
2020-12-27, 22:57:36, 8.12e-13, 5.47e-11
2020-12-27, 22:57:40, 1.14e-12, 5.47e-11
2020-12-27, 22:57:44, 8.81e-13, 5.47e-11
2020-12-27, 22:57:49, 9.92e-13, 5.44e-11
2020-12-27, 22:57:53, 9.65e-13, 5.49e-11
2020-12-27, 22:57:57, 9.26e-13, 5.47e-11
2020-12-27, 22:58:01, 9.04e-13, 5.48e-11
2020-12-27, 22:58:05, 9.56e-13, 5.45e-11
2020-12-27, 22:58:10, 9.38e-13, 5.46e-11
2020-12-27, 22:58:14, 9.61e-13, 5.45e-11
2020-12-27, 22:58:18, 9.3e-13, 5.49e-11
2020-12-27, 22:58:22, 1.1e-12, 5.44e-11
2020-12-27, 22:58:27, 1.03e-12, 5.44e-11
2020-12-27, 22:58:31, 9.5e-13, 5.39e-11
2020-12-27, 22:58:35, 8.97e-13, 5.42e-11
2020-12-27, 22:58:39, 9.44e-13, 5.44e-11
2020-12-27, 22:58:43, 9.15e-13, 5.43e-11
2020-12-27, 22:58:48, 9.3e-13, 5.42e-11
2020-12-27, 22:58:52, 8.7e-13, 5.41e-11
2020-12-27, 22:58:56, 9.69e-13, 5.45e-11
2020-12-27, 22:59:00, 1.06e-12, 5.47e-11
2020-12-27, 22:59:05, 9.42e-13, 5.44e-11
2020-12-27, 22:59:09, 9.12e-13, 5.44e-11
2020-12-27, 22:59:13, 9.08e-13, 5.45e-11
2020-12-27, 22:59:17, 1.01e-12, 5.44e-11
2020-12-27, 22:59:21, 9.27e-13, 5.44e-11
2020-12-27, 22:59:26, 8.88e-13, 5.48e-11
2020-12-27, 22:59:30, 9.68e-13, 5.43e-11
2020-12-27, 22:59:34, 9.46e-13, 5.48e-11
2020-12-27, 22:59:38, 8.99e-13, 5.44e-11
2020-12-27, 22:59:43, 9.69e-13, 5.44e-11
2020-12-27, 22:59:47, 1.03e-12, 5.43e-11
2020-12-27, 22:59:51, 8.53e-13, 5.44e-11
2020-12-27, 22:59:55, 9.52e-13, 5.45e-11
2020-12-27, 22:59:59, 9.47e-13, 5.43e-11
2020-12-27, 23:00:04, 9.32e-13, 5.48e-11
2020-12-27, 23:00:08, 9.28e-13, 5.47e-11
2020-12-27, 23:00:12, 8.19e-13, 5.47e-11
2020-12-27, 23:00:16, 8.51e-13, 5.41e-11
2020-12-27, 23:00:21, 9.02e-13, 5.42e-11
2020-12-27, 23:00:25, 9.69e-13, 5.45e-11
2020-12-27, 23:00:29, 9.36e-13, 5.44e-11
2020-12-27, 23:00:33, 9.17e-13, 5.4e-11
2020-12-27, 23:00:37, 9.67e-13, 5.43e-11
2020-12-27, 23:00:42, 9.4e-13, 5.44e-11
2020-12-27, 23:00:46, 9.04e-13, 5.45e-11
2020-12-27, 23:00:50, 8.77e-13, 5.42e-11
2020-12-27, 23:00:54, 9.85e-13, 5.44e-11
2020-12-27, 23:00:58, 8.35e-13, 5.46e-11
2020-12-27, 23:01:03, 9.28e-13, 5.47e-11
2020-12-27, 23:01:07, 9.28e-13, 5.43e-11
2020-12-27, 23:01:11, 9.28e-13, 5.44e-11
2020-12-27, 23:01:15, 9.26e-13, 5.48e-11
2020-12-27, 23:01:20, 9.76e-13, 5.46e-11
2020-12-27, 23:01:24, 9.73e-13, 5.44e-11
2020-12-27, 23:01:28, 9.17e-13, 5.41e-11
2020-12-27, 23:01:32, 9.16e-13, 5.4e-11
2020-12-27, 23:01:36, 9.15e-13, 5.43e-11
2020-12-27, 23:01:41, 9.35e-13, 5.4e-11
2020-12-27, 23:01:45, 9.4e-13, 5.42e-11
2020-12-27, 23:01:49, 9.48e-13, 5.44e-11
2020-12-27, 23:01:53, 9.08e-13, 5.44e-11
2020-12-27, 23:01:58, 9.48e-13, 5.44e-11
2020-12-27, 23:02:02, 8.69e-13, 5.46e-11
2020-12-27, 23:02:06, 1e-12, 5.46e-11
2020-12-27, 23:02:10, 9.42e-13, 5.44e-11
2020-12-27, 23:02:14, 9.62e-13, 5.45e-11
2020-12-27, 23:02:19, 9.36e-13, 5.45e-11
2020-12-27, 23:02:23, 9.21e-13, 5.48e-11
2020-12-27, 23:02:27, 9.02e-13, 5.45e-11
2020-12-27, 23:02:31, 9.47e-13, 5.48e-11
2020-12-27, 23:02:36, 9.41e-13, 5.44e-11
2020-12-27, 23:02:40, 9.44e-13, 5.46e-11
2020-12-27, 23:02:44, 9.75e-13, 5.46e-11
2020-12-27, 23:02:48, 9.33e-13, 5.45e-11
2020-12-27, 23:02:52, 9.65e-13, 5.45e-11
2020-12-27, 23:02:57, 8.8e-13, 5.47e-11
2020-12-27, 23:03:01, 1e-12, 5.5e-11
2020-12-27, 23:03:05, 9.59e-13, 5.44e-11
2020-12-27, 23:03:09, 9.98e-13, 5.49e-11
2020-12-27, 23:03:14, 1.05e-12, 5.44e-11
2020-12-27, 23:03:18, 9.45e-13, 5.46e-11
2020-12-27, 23:03:22, 8.87e-13, 5.42e-11
2020-12-27, 23:03:26, 9.54e-13, 5.43e-11
2020-12-27, 23:03:30, 9.14e-13, 5.46e-11
2020-12-27, 23:03:35, 9.38e-13, 5.43e-11
2020-12-27, 23:03:39, 1.07e-12, 5.45e-11
2020-12-27, 23:03:43, 9.2e-13, 5.44e-11
2020-12-27, 23:03:47, 9.12e-13, 5.45e-11
2020-12-27, 23:03:52, 9.64e-13, 5.43e-11
2020-12-27, 23:03:56, 9.65e-13, 5.46e-11
2020-12-27, 23:04:00, 8.77e-13, 5.43e-11
2020-12-27, 23:04:04, 9.78e-13, 5.44e-11
2020-12-27, 23:04:08, 8.78e-13, 5.42e-11
2020-12-27, 23:04:13, 1.09e-12, 5.44e-11
2020-12-27, 23:04:17, 9.94e-13, 5.45e-11
2020-12-27, 23:04:21, 9.34e-13, 5.42e-11
2020-12-27, 23:04:25, 9.38e-13, 5.43e-11
2020-12-27, 23:04:30, 8.55e-13, 5.45e-11
2020-12-27, 23:04:34, 9.68e-13, 5.46e-11
2020-12-27, 23:04:38, 9.04e-13, 5.46e-11
2020-12-27, 23:04:42, 9.46e-13, 5.41e-11
2020-12-27, 23:04:46, 8.87e-13, 5.47e-11
2020-12-27, 23:04:51, 9.42e-13, 5.47e-11
2020-12-27, 23:04:55, 8.98e-13, 5.45e-11
2020-12-27, 23:04:59, 8.95e-13, 5.46e-11
2020-12-27, 23:05:03, 8.9e-13, 5.43e-11
2020-12-27, 23:05:07, 8.32e-13, 5.42e-11
2020-12-27, 23:05:12, 9.25e-13, 5.41e-11
2020-12-27, 23:05:16, 8.31e-13, 5.47e-11
2020-12-27, 23:05:20, 9.79e-13, 5.47e-11
2020-12-27, 23:05:24, 9.58e-13, 5.44e-11
2020-12-27, 23:05:29, 8.86e-13, 5.44e-11
2020-12-27, 23:05:33, 9.27e-13, 5.44e-11
2020-12-27, 23:05:37, 9.41e-13, 5.45e-11
2020-12-27, 23:05:41, 9.36e-13, 5.46e-11
2020-12-27, 23:05:46, 9.38e-13, 5.46e-11
2020-12-27, 23:05:50, 9.92e-13, 5.43e-11
2020-12-27, 23:05:54, 1.11e-12, 5.44e-11
2020-12-27, 23:05:58, 9.39e-13, 5.44e-11
2020-12-27, 23:06:02, 9.25e-13, 5.46e-11
2020-12-27, 23:06:07, 9.16e-13, 5.43e-11
2020-12-27, 23:06:11, 9.47e-13, 5.45e-11
2020-12-27, 23:06:15, 8.75e-13, 5.46e-11
2020-12-27, 23:06:19, 9.25e-13, 5.43e-11
2020-12-27, 23:06:24, 9.59e-13, 5.44e-11
2020-12-27, 23:06:28, 9.04e-13, 5.46e-11
2020-12-27, 23:06:32, 9.26e-13, 5.46e-11
2020-12-27, 23:06:36, 9.65e-13, 5.43e-11
2020-12-27, 23:06:40, 9.35e-13, 5.46e-11
2020-12-27, 23:06:45, 9.24e-13, 5.44e-11
2020-12-27, 23:06:49, 9.43e-13, 5.45e-11
2020-12-27, 23:06:53, 8.98e-13, 5.43e-11
2020-12-27, 23:06:57, 9.5e-13, 5.48e-11
2020-12-27, 23:07:02, 9e-13, 5.45e-11
2020-12-27, 23:07:06, 9.34e-13, 5.45e-11
2020-12-27, 23:07:10, 1.05e-12, 5.43e-11
2020-12-27, 23:07:14, 9.77e-13, 5.43e-11
2020-12-27, 23:07:18, 8.88e-13, 5.45e-11
2020-12-27, 23:07:23, 9.18e-13, 5.42e-11
2020-12-27, 23:07:27, 9.03e-13, 5.43e-11
2020-12-27, 23:07:31, 9.31e-13, 5.45e-11
2020-12-27, 23:07:35, 8.74e-13, 5.45e-11
2020-12-27, 23:07:39, 1e-12, 5.45e-11
2020-12-27, 23:07:44, 9.53e-13, 5.42e-11
2020-12-27, 23:07:48, 9.44e-13, 5.45e-11
2020-12-27, 23:07:52, 9.04e-13, 5.44e-11
2020-12-27, 23:07:56, 1.03e-12, 5.42e-11
2020-12-27, 23:08:01, 8.59e-13, 5.42e-11
2020-12-27, 23:08:05, 9.75e-13, 5.45e-11
2020-12-27, 23:08:09, 9.26e-13, 5.43e-11
2020-12-27, 23:08:13, 9.06e-13, 5.47e-11
2020-12-27, 23:08:17, 9.4e-13, 5.41e-11
2020-12-27, 23:08:22, 9.22e-13, 5.42e-11
2020-12-27, 23:08:26, 9.56e-13, 5.4e-11
2020-12-27, 23:08:30, 9.43e-13, 5.42e-11
2020-12-27, 23:08:34, 8.82e-13, 5.44e-11
2020-12-27, 23:08:39, 9.6e-13, 5.44e-11
2020-12-27, 23:08:43, 9.39e-13, 5.44e-11
2020-12-27, 23:08:47, 9.54e-13, 5.44e-11
2020-12-27, 23:08:51, 9.9e-13, 5.45e-11
2020-12-27, 23:08:55, 9.25e-13, 5.44e-11
2020-12-27, 23:09:00, 1.01e-12, 5.43e-11
2020-12-27, 23:09:04, 9.15e-13, 5.46e-11
2020-12-27, 23:09:08, 9.28e-13, 5.42e-11
2020-12-27, 23:09:12, 9.54e-13, 5.41e-11
2020-12-27, 23:09:17, 1.15e-12, 5.43e-11
2020-12-27, 23:09:21, 9.45e-13, 5.45e-11
2020-12-27, 23:09:25, 9.51e-13, 5.41e-11
2020-12-27, 23:09:29, 9.47e-13, 5.44e-11
2020-12-27, 23:09:33, 8.88e-13, 5.45e-11
2020-12-27, 23:09:38, 9.6e-13, 5.47e-11
2020-12-27, 23:09:42, 9.25e-13, 5.42e-11
2020-12-27, 23:09:46, 9.43e-13, 5.45e-11
2020-12-27, 23:09:50, 9.45e-13, 5.45e-11
2020-12-27, 23:09:55, 9.06e-13, 5.45e-11
2020-12-27, 23:09:59, 9.26e-13, 5.42e-11
2020-12-27, 23:10:03, 8.9e-13, 5.46e-11
2020-12-27, 23:10:07, 8.51e-13, 5.43e-11
2020-12-27, 23:10:11, 9.22e-13, 5.44e-11
2020-12-27, 23:10:16, 8.61e-13, 5.45e-11
2020-12-27, 23:10:20, 9.97e-13, 5.43e-11
2020-12-27, 23:10:24, 9.94e-13, 5.44e-11
2020-12-27, 23:10:28, 9.73e-13, 5.42e-11
2020-12-27, 23:10:33, 9.47e-13, 5.47e-11
2020-12-27, 23:10:37, 9.39e-13, 5.44e-11
2020-12-27, 23:10:41, 8.81e-13, 5.43e-11
2020-12-27, 23:10:45, 8.91e-13, 5.45e-11
2020-12-27, 23:10:49, 9.57e-13, 5.44e-11
2020-12-27, 23:10:54, 8.31e-13, 5.47e-11
2020-12-27, 23:10:58, 9.01e-13, 5.51e-11
2020-12-27, 23:11:02, 9.25e-13, 5.48e-11
2020-12-27, 23:11:06, 9.44e-13, 5.44e-11
2020-12-27, 23:11:11, 9.33e-13, 5.43e-11
2020-12-27, 23:11:15, 9.33e-13, 5.44e-11
2020-12-27, 23:11:19, 9.61e-13, 5.45e-11
2020-12-27, 23:11:23, 8.71e-13, 5.45e-11
2020-12-27, 23:11:27, 9.3e-13, 5.45e-11
2020-12-27, 23:11:32, 9.65e-13, 5.46e-11
2020-12-27, 23:11:36, 9.31e-13, 5.43e-11
2020-12-27, 23:11:40, 9.29e-13, 5.44e-11
2020-12-27, 23:11:44, 9.59e-13, 5.45e-11
2020-12-27, 23:11:49, 8.89e-13, 5.45e-11
2020-12-27, 23:11:53, 1.03e-12, 5.48e-11
2020-12-27, 23:11:57, 8.84e-13, 5.45e-11
2020-12-27, 23:12:01, 9.29e-13, 5.44e-11
2020-12-27, 23:12:05, 9.45e-13, 5.48e-11
2020-12-27, 23:12:10, 9.55e-13, 5.45e-11
2020-12-27, 23:12:14, 9.22e-13, 5.47e-11
2020-12-27, 23:12:18, 8.71e-13, 5.48e-11
2020-12-27, 23:12:22, 9.1e-13, 5.45e-11
2020-12-27, 23:12:26, 8.7e-13, 5.49e-11
2020-12-27, 23:12:31, 9.8e-13, 5.45e-11
2020-12-27, 23:12:35, 8.99e-13, 5.45e-11
2020-12-27, 23:12:39, 9.51e-13, 5.48e-11
2020-12-27, 23:12:43, 9.19e-13, 5.41e-11
2020-12-27, 23:12:48, 9.32e-13, 5.43e-11
2020-12-27, 23:12:52, 9.45e-13, 5.42e-11
2020-12-27, 23:12:56, 8.8e-13, 5.44e-11
2020-12-27, 23:13:00, 9.22e-13, 5.4e-11
2020-12-27, 23:13:05, 9.25e-13, 5.43e-11
2020-12-27, 23:13:09, 9.09e-13, 5.44e-11
2020-12-27, 23:13:13, 9.51e-13, 5.49e-11
2020-12-27, 23:13:17, 9.37e-13, 5.45e-11
2020-12-27, 23:13:21, 8.82e-13, 5.45e-11
2020-12-27, 23:13:26, 9.37e-13, 5.41e-11
2020-12-27, 23:13:30, 9.55e-13, 5.44e-11
2020-12-27, 23:13:34, 9.54e-13, 5.43e-11
2020-12-27, 23:13:38, 9.84e-13, 5.48e-11
2020-12-27, 23:13:43, 9.29e-13, 5.44e-11
2020-12-27, 23:13:47, 9.38e-13, 5.45e-11
2020-12-27, 23:13:51, 9.16e-13, 5.46e-11
2020-12-27, 23:13:55, 8.92e-13, 5.42e-11
2020-12-27, 23:13:59, 8.66e-13, 5.46e-11
2020-12-27, 23:14:04, 8.96e-13, 5.43e-11
2020-12-27, 23:14:08, 9.28e-13, 5.46e-11
2020-12-27, 23:14:12, 9.63e-13, 5.43e-11
2020-12-27, 23:14:16, 9.55e-13, 5.46e-11
2020-12-27, 23:14:20, 9.19e-13, 5.41e-11
2020-12-27, 23:14:25, 9.49e-13, 5.43e-11
2020-12-27, 23:14:29, 1.01e-12, 5.48e-11
2020-12-27, 23:14:33, 9e-13, 5.42e-11
2020-12-27, 23:14:37, 9.89e-13, 5.47e-11
2020-12-27, 23:14:42, 9.16e-13, 5.47e-11
2020-12-27, 23:14:46, 9.51e-13, 5.42e-11
2020-12-27, 23:14:50, 8.63e-13, 5.41e-11
2020-12-27, 23:14:54, 9.15e-13, 5.44e-11
2020-12-27, 23:14:58, 9.46e-13, 5.47e-11
2020-12-27, 23:15:03, 8.21e-13, 5.44e-11
2020-12-27, 23:15:07, 9.17e-13, 5.46e-11
2020-12-27, 23:15:11, 9.13e-13, 5.45e-11
2020-12-27, 23:15:15, 7.72e-13, 5.47e-11
2020-12-27, 23:15:20, 9.65e-13, 5.45e-11
2020-12-27, 23:15:24, 1.01e-12, 5.45e-11
2020-12-27, 23:15:28, 9.07e-13, 5.46e-11
2020-12-27, 23:15:32, 9.5e-13, 5.43e-11
2020-12-27, 23:15:36, 9.47e-13, 5.47e-11
2020-12-27, 23:15:41, 9.55e-13, 5.43e-11
2020-12-27, 23:15:45, 9.7e-13, 5.43e-11
2020-12-27, 23:15:49, 9.5e-13, 5.42e-11
2020-12-27, 23:15:53, 8.94e-13, 5.45e-11
2020-12-27, 23:15:58, 8.88e-13, 5.46e-11
2020-12-27, 23:16:02, 8.86e-13, 5.46e-11
2020-12-27, 23:16:06, 9.58e-13, 5.45e-11
2020-12-27, 23:16:10, 9.25e-13, 5.44e-11
2020-12-27, 23:16:14, 9.76e-13, 5.41e-11
2020-12-27, 23:16:19, 9.42e-13, 5.46e-11
2020-12-27, 23:16:23, 9.1e-13, 5.44e-11
2020-12-27, 23:16:27, 9.07e-13, 5.41e-11
2020-12-27, 23:16:31, 7.92e-13, 5.44e-11
2020-12-27, 23:16:36, 9.5e-13, 5.45e-11
2020-12-27, 23:16:40, 9.18e-13, 5.45e-11
2020-12-27, 23:16:44, 9.44e-13, 5.45e-11
2020-12-27, 23:16:48, 9.27e-13, 5.46e-11
2020-12-27, 23:16:52, 9.05e-13, 5.42e-11
2020-12-27, 23:16:57, 8.97e-13, 5.43e-11
2020-12-27, 23:17:01, 9.49e-13, 5.43e-11
2020-12-27, 23:17:05, 9.34e-13, 5.4e-11
2020-12-27, 23:17:09, 9.18e-13, 5.44e-11
2020-12-27, 23:17:14, 9.15e-13, 5.42e-11
2020-12-27, 23:17:18, 9.24e-13, 5.48e-11
2020-12-27, 23:17:22, 9.14e-13, 5.45e-11
2020-12-27, 23:17:26, 9.23e-13, 5.47e-11
2020-12-27, 23:17:30, 9.34e-13, 5.49e-11
2020-12-27, 23:17:35, 9.66e-13, 5.44e-11
2020-12-27, 23:17:39, 9.7e-13, 5.43e-11
2020-12-27, 23:17:43, 9.52e-13, 5.46e-11
2020-12-27, 23:17:47, 8.87e-13, 5.42e-11
2020-12-27, 23:17:52, 7.85e-13, 5.47e-11
2020-12-27, 23:17:56, 9.24e-13, 5.42e-11
2020-12-27, 23:18:00, 9.8e-13, 5.44e-11
2020-12-27, 23:18:04, 9.5e-13, 5.45e-11
2020-12-27, 23:18:08, 9.16e-13, 5.4e-11
2020-12-27, 23:18:13, 8.62e-13, 5.45e-11
2020-12-27, 23:18:17, 8.63e-13, 5.45e-11
2020-12-27, 23:18:21, 1.09e-12, 5.48e-11
2020-12-27, 23:18:25, 9.24e-13, 5.48e-11
2020-12-27, 23:18:30, 9.41e-13, 5.47e-11
2020-12-27, 23:18:34, 9.1e-13, 5.49e-11
2020-12-27, 23:18:38, 9.6e-13, 5.46e-11
2020-12-27, 23:18:42, 9.5e-13, 5.47e-11
2020-12-27, 23:18:46, 9.49e-13, 5.46e-11
2020-12-27, 23:18:51, 1.15e-12, 5.44e-11
2020-12-27, 23:18:55, 8.6e-13, 5.46e-11
2020-12-27, 23:18:59, 9.05e-13, 5.44e-11
2020-12-27, 23:19:03, 9.08e-13, 5.46e-11
2020-12-27, 23:19:08, 9.46e-13, 5.43e-11
2020-12-27, 23:19:12, 9.53e-13, 5.46e-11
2020-12-27, 23:19:16, 8.93e-13, 5.43e-11
2020-12-27, 23:19:20, 8.28e-13, 5.44e-11
2020-12-27, 23:19:24, 9.36e-13, 5.45e-11
2020-12-27, 23:19:29, 9.51e-13, 5.47e-11
2020-12-27, 23:19:33, 8.07e-13, 5.48e-11
2020-12-27, 23:19:37, 9.14e-13, 5.44e-11
2020-12-27, 23:19:41, 9.56e-13, 5.48e-11
2020-12-27, 23:19:46, 9.1e-13, 5.44e-11
2020-12-27, 23:19:50, 8.61e-13, 5.46e-11
2020-12-27, 23:19:54, 9.56e-13, 5.47e-11
2020-12-27, 23:19:58, 8.65e-13, 5.48e-11
2020-12-27, 23:20:02, 9.42e-13, 5.47e-11
2020-12-27, 23:20:07, 9.61e-13, 5.46e-11
2020-12-27, 23:20:11, 8.76e-13, 5.46e-11
2020-12-27, 23:20:15, 9.67e-13, 5.44e-11
2020-12-27, 23:20:19, 8.92e-13, 5.46e-11
2020-12-27, 23:20:24, 9.22e-13, 5.49e-11
2020-12-27, 23:20:28, 9.26e-13, 5.45e-11
2020-12-27, 23:20:32, 9.57e-13, 5.47e-11
2020-12-27, 23:20:36, 9.7e-13, 5.44e-11
2020-12-27, 23:20:40, 9.86e-13, 5.43e-11
2020-12-27, 23:20:45, 1.07e-12, 5.43e-11
2020-12-27, 23:20:49, 9.34e-13, 5.43e-11
2020-12-27, 23:20:53, 9.23e-13, 5.43e-11
2020-12-27, 23:20:57, 9.74e-13, 5.42e-11
2020-12-27, 23:21:01, 7.71e-13, 5.46e-11
2020-12-27, 23:21:06, 9.46e-13, 5.4e-11
2020-12-27, 23:21:10, 9.62e-13, 5.42e-11
2020-12-27, 23:21:14, 9.5e-13, 5.44e-11
2020-12-27, 23:21:18, 9.02e-13, 5.43e-11
2020-12-27, 23:21:23, 1e-12, 5.43e-11
2020-12-27, 23:21:27, 9.36e-13, 5.41e-11
2020-12-27, 23:21:31, 9.23e-13, 5.44e-11
2020-12-27, 23:21:35, 9.22e-13, 5.43e-11
2020-12-27, 23:21:39, 1.04e-12, 5.48e-11
2020-12-27, 23:21:44, 9.03e-13, 5.44e-11
2020-12-27, 23:21:48, 9.57e-13, 5.41e-11
2020-12-27, 23:21:52, 9.74e-13, 5.38e-11
2020-12-27, 23:21:56, 9.14e-13, 5.42e-11
2020-12-27, 23:22:01, 9.06e-13, 5.44e-11
2020-12-27, 23:22:05, 9.15e-13, 5.43e-11
2020-12-27, 23:22:09, 8.47e-13, 5.49e-11
2020-12-27, 23:22:13, 9.2e-13, 5.48e-11
2020-12-27, 23:22:17, 9.51e-13, 5.44e-11
2020-12-27, 23:22:22, 8.9e-13, 5.43e-11
2020-12-27, 23:22:26, 1.02e-12, 5.43e-11
2020-12-27, 23:22:30, 9.56e-13, 5.44e-11
2020-12-27, 23:22:34, 9.31e-13, 5.44e-11
2020-12-27, 23:22:39, 9.37e-13, 5.43e-11
2020-12-27, 23:22:43, 9.38e-13, 5.47e-11
2020-12-27, 23:22:47, 9.39e-13, 5.46e-11
2020-12-27, 23:22:51, 9.5e-13, 5.44e-11
2020-12-27, 23:22:55, 1.08e-12, 5.43e-11
2020-12-27, 23:23:00, 8.88e-13, 5.45e-11
2020-12-27, 23:23:04, 1.07e-12, 5.42e-11
2020-12-27, 23:23:08, 9.31e-13, 5.44e-11
2020-12-27, 23:23:12, 8.94e-13, 5.45e-11
2020-12-27, 23:23:17, 9.48e-13, 5.47e-11
2020-12-27, 23:23:21, 9.33e-13, 5.4e-11
2020-12-27, 23:23:25, 9.7e-13, 5.44e-11
2020-12-27, 23:23:29, 9.11e-13, 5.45e-11
2020-12-27, 23:23:33, 9.29e-13, 5.46e-11
2020-12-27, 23:23:38, 8.7e-13, 5.43e-11
2020-12-27, 23:23:42, 9.36e-13, 5.44e-11
2020-12-27, 23:23:46, 1e-12, 5.42e-11
2020-12-27, 23:23:50, 9.35e-13, 5.42e-11
2020-12-27, 23:23:55, 8.97e-13, 5.47e-11
2020-12-27, 23:23:59, 9.08e-13, 5.42e-11
2020-12-27, 23:24:03, 9.42e-13, 5.46e-11
2020-12-27, 23:24:07, 9.11e-13, 5.44e-11
2020-12-27, 23:24:11, 9.65e-13, 5.46e-11
2020-12-27, 23:24:16, 9.15e-13, 5.42e-11
2020-12-27, 23:24:20, 9.36e-13, 5.44e-11
2020-12-27, 23:24:24, 9.17e-13, 5.43e-11
2020-12-27, 23:24:28, 1e-12, 5.45e-11
2020-12-27, 23:24:33, 9.09e-13, 5.42e-11
2020-12-27, 23:24:37, 9.47e-13, 5.42e-11
2020-12-27, 23:24:41, 9.17e-13, 5.46e-11
2020-12-27, 23:24:45, 9.04e-13, 5.44e-11
2020-12-27, 23:24:49, 9.1e-13, 5.44e-11
2020-12-27, 23:24:54, 8.3e-13, 5.43e-11
2020-12-27, 23:24:58, 8.64e-13, 5.42e-11
2020-12-27, 23:25:02, 9.27e-13, 5.45e-11
2020-12-27, 23:25:06, 9.76e-13, 5.42e-11
2020-12-27, 23:25:10, 9.38e-13, 5.43e-11
2020-12-27, 23:25:15, 9.25e-13, 5.45e-11
2020-12-27, 23:25:19, 9.75e-13, 5.39e-11
2020-12-27, 23:25:23, 9.79e-13, 5.42e-11
2020-12-27, 23:25:27, 9.6e-13, 5.45e-11
2020-12-27, 23:25:32, 9.23e-13, 5.47e-11
2020-12-27, 23:25:36, 9.44e-13, 5.43e-11
2020-12-27, 23:25:40, 8.92e-13, 5.44e-11
2020-12-27, 23:25:44, 9.26e-13, 5.44e-11
2020-12-27, 23:25:48, 9.31e-13, 5.42e-11
2020-12-27, 23:25:53, 9.49e-13, 5.45e-11
2020-12-27, 23:25:57, 9.49e-13, 5.46e-11
2020-12-27, 23:26:01, 9.35e-13, 5.46e-11
2020-12-27, 23:26:05, 9.52e-13, 5.46e-11
2020-12-27, 23:26:10, 8.87e-13, 5.44e-11
2020-12-27, 23:26:14, 9.15e-13, 5.43e-11
2020-12-27, 23:26:18, 9.81e-13, 5.45e-11
2020-12-27, 23:26:22, 9.1e-13, 5.43e-11
2020-12-27, 23:26:26, 8.94e-13, 5.41e-11
2020-12-27, 23:26:31, 9.72e-13, 5.41e-11
2020-12-27, 23:26:35, 9.01e-13, 5.42e-11
2020-12-27, 23:26:39, 8.99e-13, 5.43e-11
2020-12-27, 23:26:43, 9.52e-13, 5.44e-11
2020-12-27, 23:26:48, 9.34e-13, 5.46e-11
2020-12-27, 23:26:52, 8.86e-13, 5.41e-11
2020-12-27, 23:26:56, 9.12e-13, 5.45e-11
2020-12-27, 23:27:00, 9.59e-13, 5.44e-11
2020-12-27, 23:27:04, 8.84e-13, 5.52e-11
2020-12-27, 23:27:09, 9.03e-13, 5.45e-11
2020-12-27, 23:27:13, 9.57e-13, 5.43e-11
2020-12-27, 23:27:17, 8.76e-13, 5.45e-11
2020-12-27, 23:27:21, 9.58e-13, 5.47e-11
2020-12-27, 23:27:26, 9.03e-13, 5.46e-11
2020-12-27, 23:27:30, 9.55e-13, 5.43e-11
2020-12-27, 23:27:34, 9.26e-13, 5.47e-11
2020-12-27, 23:27:38, 1.02e-12, 5.44e-11
2020-12-27, 23:27:42, 1.09e-12, 5.45e-11
2020-12-27, 23:27:47, 9.13e-13, 5.47e-11
2020-12-27, 23:27:51, 9.74e-13, 5.44e-11
2020-12-27, 23:27:55, 9.17e-13, 5.42e-11
2020-12-27, 23:27:59, 9.28e-13, 5.42e-11
2020-12-27, 23:28:04, 8.77e-13, 5.46e-11
2020-12-27, 23:28:08, 8.37e-13, 5.48e-11
2020-12-27, 23:28:12, 9.61e-13, 5.44e-11
2020-12-27, 23:28:16, 8.27e-13, 5.46e-11
2020-12-27, 23:28:20, 9.11e-13, 5.46e-11
2020-12-27, 23:28:25, 8.85e-13, 5.48e-11
2020-12-27, 23:28:29, 9.93e-13, 5.44e-11
2020-12-27, 23:28:33, 1e-12, 5.42e-11
2020-12-27, 23:28:37, 8.72e-13, 5.44e-11
2020-12-27, 23:28:42, 9.41e-13, 5.41e-11
2020-12-27, 23:28:46, 9.24e-13, 5.4e-11
2020-12-27, 23:28:50, 9.55e-13, 5.46e-11
2020-12-27, 23:28:54, 9.47e-13, 5.44e-11
2020-12-27, 23:28:58, 8.77e-13, 5.38e-11
2020-12-27, 23:29:03, 1.01e-12, 5.47e-11
2020-12-27, 23:29:07, 9.17e-13, 5.43e-11
2020-12-27, 23:29:11, 8.28e-13, 5.43e-11
2020-12-27, 23:29:15, 9.65e-13, 5.44e-11
2020-12-27, 23:29:20, 8.65e-13, 5.42e-11
2020-12-27, 23:29:24, 9.23e-13, 5.41e-11
2020-12-27, 23:29:28, 9.55e-13, 5.44e-11
2020-12-27, 23:29:32, 9.34e-13, 5.4e-11
2020-12-27, 23:29:36, 9.58e-13, 5.43e-11
2020-12-27, 23:29:41, 8.93e-13, 5.47e-11
2020-12-27, 23:29:45, 9.14e-13, 5.42e-11
2020-12-27, 23:29:49, 8.24e-13, 5.46e-11
2020-12-27, 23:29:53, 9.92e-13, 5.41e-11
2020-12-27, 23:29:57, 9.01e-13, 5.48e-11
2020-12-27, 23:30:02, 9.06e-13, 5.44e-11
2020-12-27, 23:30:06, 8.93e-13, 5.5e-11
2020-12-27, 23:30:10, 9.19e-13, 5.43e-11
2020-12-27, 23:30:14, 9.35e-13, 5.49e-11
2020-12-27, 23:30:19, 9.15e-13, 5.45e-11
2020-12-27, 23:30:23, 1.03e-12, 5.43e-11
2020-12-27, 23:30:40, 9.1e-13, 5.46e-11
2020-12-27, 23:30:44, 9.47e-13, 5.46e-11
2020-12-27, 23:30:48, 1.09e-12, 5.44e-11
2020-12-27, 23:30:52, 9.6e-13, 5.43e-11
2020-12-27, 23:30:57, 9.81e-13, 5.44e-11
2020-12-27, 23:31:01, 8.66e-13, 5.47e-11
2020-12-27, 23:31:05, 9.1e-13, 5.46e-11
2020-12-27, 23:31:09, 9.18e-13, 5.48e-11
2020-12-27, 23:31:14, 9.64e-13, 5.42e-11
2020-12-27, 23:31:18, 9.02e-13, 5.42e-11
2020-12-27, 23:31:22, 9.68e-13, 5.45e-11
2020-12-27, 23:31:26, 9.58e-13, 5.41e-11
2020-12-27, 23:31:30, 9.66e-13, 5.42e-11
2020-12-27, 23:31:35, 9.09e-13, 5.45e-11
2020-12-27, 23:31:39, 1.04e-12, 5.43e-11
2020-12-27, 23:31:43, 9.05e-13, 5.42e-11
2020-12-27, 23:31:47, 9.36e-13, 5.45e-11
2020-12-27, 23:31:52, 9.09e-13, 5.42e-11
2020-12-27, 23:31:56, 9.31e-13, 5.44e-11
2020-12-27, 23:32:00, 8.14e-13, 5.44e-11
2020-12-27, 23:32:04, 9.35e-13, 5.48e-11
2020-12-27, 23:32:08, 8.74e-13, 5.44e-11
2020-12-27, 23:32:13, 8.78e-13, 5.49e-11
2020-12-27, 23:32:17, 9.33e-13, 5.45e-11
2020-12-27, 23:32:21, 9.71e-13, 5.4e-11
2020-12-27, 23:32:25, 9.75e-13, 5.47e-11
2020-12-27, 23:32:30, 8.96e-13, 5.43e-11
2020-12-27, 23:32:34, 9.88e-13, 5.45e-11
2020-12-27, 23:32:38, 9.08e-13, 5.43e-11
2020-12-27, 23:32:42, 9.63e-13, 5.41e-11
2020-12-27, 23:32:46, 9.55e-13, 5.46e-11
2020-12-27, 23:32:51, 9.71e-13, 5.43e-11
2020-12-27, 23:32:55, 9.2e-13, 5.49e-11
2020-12-27, 23:32:59, 8.93e-13, 5.43e-11
2020-12-27, 23:33:03, 1.02e-12, 5.44e-11
2020-12-27, 23:33:08, 9.33e-13, 5.48e-11
2020-12-27, 23:33:12, 8.19e-13, 5.44e-11
2020-12-27, 23:33:16, 9.34e-13, 5.43e-11
2020-12-27, 23:33:20, 8.4e-13, 5.44e-11
2020-12-27, 23:33:24, 1.02e-12, 5.46e-11
2020-12-27, 23:33:29, 9.34e-13, 5.42e-11
2020-12-27, 23:33:33, 9.04e-13, 5.43e-11
2020-12-27, 23:33:37, 9.29e-13, 5.41e-11
2020-12-27, 23:33:41, 9.83e-13, 5.42e-11
2020-12-27, 23:33:46, 9.68e-13, 5.42e-11
2020-12-27, 23:33:50, 8.72e-13, 5.44e-11
2020-12-27, 23:33:54, 1.04e-12, 5.43e-11
2020-12-27, 23:33:58, 9.28e-13, 5.46e-11
2020-12-27, 23:34:02, 9.57e-13, 5.43e-11
2020-12-27, 23:34:07, 8.44e-13, 5.44e-11
2020-12-27, 23:34:11, 9.13e-13, 5.44e-11
2020-12-27, 23:34:15, 9.36e-13, 5.45e-11
2020-12-27, 23:34:19, 9.54e-13, 5.46e-11
2020-12-27, 23:34:23, 9.32e-13, 5.41e-11
2020-12-27, 23:34:28, 8.97e-13, 5.46e-11
2020-12-27, 23:34:32, 9.78e-13, 5.46e-11
2020-12-27, 23:34:36, 9.18e-13, 5.46e-11
2020-12-27, 23:34:40, 9.41e-13, 5.48e-11
2020-12-27, 23:34:45, 9.05e-13, 5.44e-11
2020-12-27, 23:34:49, 9.05e-13, 5.47e-11
2020-12-27, 23:34:53, 8.66e-13, 5.45e-11
2020-12-27, 23:34:57, 8.73e-13, 5.41e-11
2020-12-27, 23:35:01, 9.24e-13, 5.45e-11
2020-12-27, 23:35:06, 9.81e-13, 5.44e-11
2020-12-27, 23:35:10, 9.47e-13, 5.41e-11
2020-12-27, 23:35:14, 9.21e-13, 5.42e-11
2020-12-27, 23:35:18, 9.75e-13, 5.43e-11
2020-12-27, 23:35:23, 8.44e-13, 5.41e-11
2020-12-27, 23:35:27, 9.38e-13, 5.44e-11
2020-12-27, 23:35:31, 1.03e-12, 5.45e-11
2020-12-27, 23:35:35, 9.57e-13, 5.45e-11
2020-12-27, 23:35:39, 9.37e-13, 5.42e-11
2020-12-27, 23:35:44, 9.51e-13, 5.44e-11
2020-12-27, 23:35:48, 9.18e-13, 5.4e-11
2020-12-27, 23:35:52, 9.35e-13, 5.43e-11
2020-12-27, 23:35:56, 9.14e-13, 5.42e-11
2020-12-27, 23:36:01, 8.72e-13, 5.45e-11
2020-12-27, 23:36:05, 9.37e-13, 5.46e-11
2020-12-27, 23:36:09, 9.58e-13, 5.47e-11
2020-12-27, 23:36:13, 9.97e-13, 5.47e-11
2020-12-27, 23:36:17, 8.8e-13, 5.44e-11
2020-12-27, 23:36:22, 9.27e-13, 5.46e-11
2020-12-27, 23:36:26, 9.79e-13, 5.4e-11
2020-12-27, 23:36:30, 8.81e-13, 5.44e-11
2020-12-27, 23:36:34, 1e-12, 5.42e-11
2020-12-27, 23:36:39, 8.85e-13, 5.42e-11
2020-12-27, 23:36:43, 9.39e-13, 5.44e-11
2020-12-27, 23:36:47, 9.08e-13, 5.45e-11
2020-12-27, 23:36:51, 9.81e-13, 5.42e-11
2020-12-27, 23:36:55, 9.46e-13, 5.46e-11
2020-12-27, 23:37:00, 8.86e-13, 5.43e-11
2020-12-27, 23:37:04, 9.9e-13, 5.45e-11
2020-12-27, 23:37:08, 9.63e-13, 5.43e-11
2020-12-27, 23:37:12, 9.75e-13, 5.44e-11
2020-12-27, 23:37:17, 9.54e-13, 5.42e-11
2020-12-27, 23:37:21, 9.1e-13, 5.43e-11
2020-12-27, 23:37:25, 9.25e-13, 5.42e-11
2020-12-27, 23:37:29, 9.69e-13, 5.45e-11
2020-12-27, 23:37:33, 8.95e-13, 5.45e-11
2020-12-27, 23:37:38, 9.8e-13, 5.43e-11
2020-12-27, 23:37:42, 9.55e-13, 5.5e-11
2020-12-27, 23:37:46, 9.61e-13, 5.44e-11
2020-12-27, 23:37:50, 9.15e-13, 5.45e-11
2020-12-27, 23:37:55, 9.08e-13, 5.44e-11
2020-12-27, 23:37:59, 9.2e-13, 5.49e-11
2020-12-27, 23:38:03, 9.33e-13, 5.49e-11
2020-12-27, 23:38:07, 8.86e-13, 5.48e-11
2020-12-27, 23:38:11, 9.65e-13, 5.42e-11
2020-12-27, 23:38:16, 8.65e-13, 5.5e-11
2020-12-27, 23:38:20, 9.36e-13, 5.41e-11
2020-12-27, 23:38:24, 9.12e-13, 5.45e-11
2020-12-27, 23:38:28, 9.14e-13, 5.46e-11
2020-12-27, 23:38:32, 8.97e-13, 5.43e-11
2020-12-27, 23:38:37, 9.33e-13, 5.45e-11
2020-12-27, 23:38:41, 9.19e-13, 5.44e-11
2020-12-27, 23:38:45, 9.2e-13, 5.46e-11
2020-12-27, 23:38:49, 1e-12, 5.47e-11
2020-12-27, 23:38:54, 9.33e-13, 5.47e-11
2020-12-27, 23:38:58, 9.46e-13, 5.42e-11
2020-12-27, 23:39:02, 9.57e-13, 5.46e-11
2020-12-27, 23:39:06, 7.89e-13, 5.43e-11
2020-12-27, 23:39:10, 1.03e-12, 5.44e-11
2020-12-27, 23:39:15, 8.9e-13, 5.46e-11
2020-12-27, 23:39:19, 8.65e-13, 5.47e-11
2020-12-27, 23:39:23, 9.54e-13, 5.43e-11
2020-12-27, 23:39:27, 1.04e-12, 5.43e-11
2020-12-27, 23:39:32, 9.55e-13, 5.46e-11
2020-12-27, 23:39:36, 9.24e-13, 5.44e-11
2020-12-27, 23:39:40, 8.89e-13, 5.45e-11
2020-12-27, 23:39:44, 9.23e-13, 5.43e-11
2020-12-27, 23:39:48, 7.91e-13, 5.45e-11
2020-12-27, 23:39:53, 8.16e-13, 5.47e-11
2020-12-27, 23:39:57, 9.08e-13, 5.44e-11
2020-12-27, 23:40:01, 1.08e-12, 5.42e-11
2020-12-27, 23:40:05, 9e-13, 5.44e-11
2020-12-27, 23:40:10, 9.89e-13, 5.44e-11
2020-12-27, 23:40:14, 1.1e-12, 5.45e-11
2020-12-27, 23:40:18, 9.25e-13, 5.42e-11
2020-12-27, 23:40:22, 9.02e-13, 5.48e-11
2020-12-27, 23:40:26, 9.87e-13, 5.48e-11
2020-12-27, 23:40:31, 9.39e-13, 5.44e-11
2020-12-27, 23:40:35, 9.71e-13, 5.47e-11
2020-12-27, 23:40:39, 9.56e-13, 5.45e-11
2020-12-27, 23:40:43, 1.03e-12, 5.44e-11
2020-12-27, 23:40:48, 8.58e-13, 5.44e-11
2020-12-27, 23:40:52, 9.02e-13, 5.44e-11
2020-12-27, 23:40:56, 8.85e-13, 5.46e-11
2020-12-27, 23:41:00, 9.54e-13, 5.48e-11
2020-12-27, 23:41:04, 8.1e-13, 5.41e-11
2020-12-27, 23:41:09, 1.03e-12, 5.4e-11
2020-12-27, 23:41:13, 7.73e-13, 5.4e-11
2020-12-27, 23:41:17, 9.51e-13, 5.4e-11
2020-12-27, 23:41:21, 9.42e-13, 5.43e-11
2020-12-27, 23:41:26, 9.16e-13, 5.4e-11
2020-12-27, 23:41:30, 9.52e-13, 5.5e-11
2020-12-27, 23:41:34, 9.26e-13, 5.42e-11
2020-12-27, 23:41:38, 9.01e-13, 5.44e-11
2020-12-27, 23:41:42, 1.01e-12, 5.44e-11
2020-12-27, 23:41:47, 9.18e-13, 5.44e-11
2020-12-27, 23:41:51, 9.42e-13, 5.46e-11
2020-12-27, 23:41:55, 9.3e-13, 5.49e-11
2020-12-27, 23:41:59, 8.67e-13, 5.46e-11
2020-12-27, 23:42:03, 9.36e-13, 5.45e-11
2020-12-27, 23:42:08, 9.07e-13, 5.41e-11
2020-12-27, 23:42:12, 9.08e-13, 5.46e-11
2020-12-27, 23:42:16, 8.46e-13, 5.45e-11
2020-12-27, 23:42:20, 9.2e-13, 5.41e-11
2020-12-27, 23:42:25, 9.2e-13, 5.41e-11
2020-12-27, 23:42:29, 9.12e-13, 5.41e-11
2020-12-27, 23:42:33, 9.42e-13, 5.43e-11
2020-12-27, 23:42:37, 9.35e-13, 5.49e-11
2020-12-27, 23:42:41, 9.55e-13, 5.45e-11
2020-12-27, 23:42:46, 9.4e-13, 5.43e-11
2020-12-27, 23:42:50, 9.24e-13, 5.42e-11
2020-12-27, 23:42:54, 9.18e-13, 5.47e-11
2020-12-27, 23:42:58, 8.02e-13, 5.46e-11
2020-12-27, 23:43:03, 8.73e-13, 5.42e-11
2020-12-27, 23:43:07, 8.96e-13, 5.45e-11
2020-12-27, 23:43:11, 9.63e-13, 5.41e-11
2020-12-27, 23:43:15, 9.29e-13, 5.43e-11
2020-12-27, 23:43:19, 9.56e-13, 5.43e-11
2020-12-27, 23:43:24, 8.83e-13, 5.45e-11
2020-12-27, 23:43:28, 8.72e-13, 5.43e-11
2020-12-27, 23:43:32, 9.34e-13, 5.46e-11
2020-12-27, 23:43:36, 1.01e-12, 5.42e-11
2020-12-27, 23:43:41, 9.3e-13, 5.42e-11
2020-12-27, 23:43:45, 9.48e-13, 5.43e-11
2020-12-27, 23:43:49, 9.51e-13, 5.4e-11
2020-12-27, 23:43:53, 9.25e-13, 5.43e-11
2020-12-27, 23:43:57, 8.34e-13, 5.44e-11
2020-12-27, 23:44:02, 9.33e-13, 5.47e-11
2020-12-27, 23:44:06, 9.62e-13, 5.44e-11
2020-12-27, 23:44:10, 8.88e-13, 5.39e-11
2020-12-27, 23:44:14, 9.67e-13, 5.42e-11
2020-12-27, 23:44:19, 9.34e-13, 5.4e-11
2020-12-27, 23:44:23, 8.97e-13, 5.42e-11
2020-12-27, 23:44:27, 8.46e-13, 5.46e-11
2020-12-27, 23:44:31, 9.6e-13, 5.44e-11
2020-12-27, 23:44:35, 8.89e-13, 5.44e-11
2020-12-27, 23:44:40, 8.99e-13, 5.42e-11
2020-12-27, 23:44:44, 1.01e-12, 5.4e-11
2020-12-27, 23:44:48, 9.59e-13, 5.43e-11
2020-12-27, 23:44:52, 9.05e-13, 5.46e-11
2020-12-27, 23:44:57, 8.89e-13, 5.41e-11
2020-12-27, 23:45:01, 9.09e-13, 5.39e-11
2020-12-27, 23:45:05, 9.13e-13, 5.44e-11
2020-12-27, 23:45:09, 8.79e-13, 5.44e-11
2020-12-27, 23:45:13, 1.09e-12, 5.43e-11
2020-12-27, 23:45:18, 9.93e-13, 5.4e-11
2020-12-27, 23:45:22, 8.98e-13, 5.41e-11
2020-12-27, 23:45:26, 8.24e-13, 5.4e-11
2020-12-27, 23:45:30, 1.01e-12, 5.4e-11
2020-12-27, 23:45:34, 9.46e-13, 5.42e-11
2020-12-27, 23:45:39, 9.3e-13, 5.44e-11
2020-12-27, 23:45:43, 1.01e-12, 5.4e-11
2020-12-27, 23:45:47, 9.07e-13, 5.41e-11
2020-12-27, 23:45:52, 8.74e-13, 5.44e-11
2020-12-27, 23:45:57, 9.6e-13, 5.4e-11
2020-12-27, 23:46:01, 8.7e-13, 5.44e-11
2020-12-27, 23:46:05, 1.01e-12, 5.43e-11
2020-12-27, 23:46:09, 9.27e-13, 5.46e-11
2020-12-27, 23:46:14, 9.31e-13, 5.44e-11
2020-12-27, 23:46:18, 9.37e-13, 5.4e-11
2020-12-27, 23:46:22, 8.7e-13, 5.44e-11
2020-12-27, 23:46:26, 9.54e-13, 5.44e-11
2020-12-27, 23:46:30, 9.89e-13, 5.42e-11
2020-12-27, 23:46:35, 9.56e-13, 5.42e-11
2020-12-27, 23:46:39, 9.71e-13, 5.4e-11
2020-12-27, 23:46:43, 1.02e-12, 5.4e-11
2020-12-27, 23:46:47, 9.36e-13, 5.43e-11
2020-12-27, 23:46:52, 9.46e-13, 5.41e-11
2020-12-27, 23:46:56, 9.08e-13, 5.46e-11
2020-12-27, 23:47:00, 9.52e-13, 5.41e-11
2020-12-27, 23:47:04, 9.21e-13, 5.43e-11
2020-12-27, 23:47:08, 9.06e-13, 5.48e-11
2020-12-27, 23:47:13, 8.52e-13, 5.41e-11
2020-12-27, 23:47:17, 9.25e-13, 5.47e-11
2020-12-27, 23:47:21, 9.12e-13, 5.42e-11
2020-12-27, 23:47:25, 9.43e-13, 5.45e-11
2020-12-27, 23:47:30, 9.11e-13, 5.41e-11
2020-12-27, 23:47:34, 8.48e-13, 5.45e-11
2020-12-27, 23:47:38, 9.23e-13, 5.46e-11
2020-12-27, 23:47:42, 9.62e-13, 5.45e-11
2020-12-27, 23:47:46, 9.41e-13, 5.43e-11
2020-12-27, 23:47:51, 9.37e-13, 5.47e-11
2020-12-27, 23:47:55, 9.49e-13, 5.46e-11
2020-12-27, 23:47:59, 9.54e-13, 5.41e-11
2020-12-27, 23:48:03, 8.67e-13, 5.41e-11
2020-12-27, 23:48:07, 9.95e-13, 5.45e-11
2020-12-27, 23:48:12, 9.47e-13, 5.44e-11
2020-12-27, 23:48:16, 9.03e-13, 5.43e-11
2020-12-27, 23:48:20, 9.45e-13, 5.44e-11
2020-12-27, 23:48:24, 8.99e-13, 5.44e-11
2020-12-27, 23:48:29, 8.98e-13, 5.44e-11
2020-12-27, 23:48:33, 1e-12, 5.42e-11
2020-12-27, 23:48:37, 8.57e-13, 5.43e-11
2020-12-27, 23:48:41, 9.94e-13, 5.43e-11
2020-12-27, 23:48:45, 9.55e-13, 5.41e-11
2020-12-27, 23:48:50, 9.43e-13, 5.44e-11
2020-12-27, 23:48:54, 9.67e-13, 5.39e-11
2020-12-27, 23:48:58, 8.96e-13, 5.44e-11
2020-12-27, 23:49:02, 8.99e-13, 5.41e-11
2020-12-27, 23:49:07, 9.01e-13, 5.42e-11
2020-12-27, 23:49:11, 9.95e-13, 5.45e-11
2020-12-27, 23:49:15, 8.76e-13, 5.43e-11
2020-12-27, 23:49:19, 9.26e-13, 5.44e-11
2020-12-27, 23:49:23, 8.92e-13, 5.41e-11
2020-12-27, 23:49:28, 9.74e-13, 5.46e-11
2020-12-27, 23:49:32, 1.03e-12, 5.45e-11
2020-12-27, 23:49:36, 9.17e-13, 5.4e-11
2020-12-27, 23:49:40, 9.76e-13, 5.4e-11
2020-12-27, 23:49:45, 9.27e-13, 5.41e-11
2020-12-27, 23:49:49, 9.45e-13, 5.41e-11
2020-12-27, 23:49:53, 9.7e-13, 5.39e-11
2020-12-27, 23:49:57, 9.37e-13, 5.42e-11
2020-12-27, 23:50:01, 8.61e-13, 5.43e-11
2020-12-27, 23:50:06, 1.07e-12, 5.43e-11
2020-12-27, 23:50:10, 8.88e-13, 5.41e-11
2020-12-27, 23:50:14, 8.71e-13, 5.41e-11
2020-12-27, 23:50:18, 9.22e-13, 5.41e-11
2020-12-27, 23:50:23, 9.61e-13, 5.41e-11
2020-12-27, 23:50:27, 8.66e-13, 5.47e-11
2020-12-27, 23:50:31, 9.71e-13, 5.46e-11
2020-12-27, 23:50:35, 8.68e-13, 5.41e-11
2020-12-27, 23:50:39, 9.51e-13, 5.47e-11
2020-12-27, 23:50:44, 9.49e-13, 5.43e-11
2020-12-27, 23:50:48, 9.49e-13, 5.38e-11
2020-12-27, 23:50:52, 8.91e-13, 5.42e-11
2020-12-27, 23:50:56, 8.72e-13, 5.41e-11
2020-12-27, 23:51:01, 9.5e-13, 5.44e-11
2020-12-27, 23:51:05, 9.3e-13, 5.42e-11
2020-12-27, 23:51:09, 9.43e-13, 5.44e-11
2020-12-27, 23:51:13, 8.88e-13, 5.39e-11
2020-12-27, 23:51:17, 9.83e-13, 5.4e-11
2020-12-27, 23:51:22, 9.09e-13, 5.41e-11
2020-12-27, 23:51:26, 9.55e-13, 5.43e-11
2020-12-27, 23:51:30, 9.5e-13, 5.42e-11
2020-12-27, 23:51:34, 9.12e-13, 5.46e-11
2020-12-27, 23:51:38, 9.51e-13, 5.44e-11
2020-12-27, 23:51:43, 8.78e-13, 5.39e-11
2020-12-27, 23:51:47, 9.3e-13, 5.47e-11
2020-12-27, 23:51:51, 9.23e-13, 5.44e-11
2020-12-27, 23:51:55, 9.03e-13, 5.44e-11
2020-12-27, 23:52:00, 1.02e-12, 5.43e-11
2020-12-27, 23:52:04, 9.54e-13, 5.42e-11
2020-12-27, 23:52:08, 1.02e-12, 5.48e-11
2020-12-27, 23:52:12, 1.1e-12, 5.43e-11
2020-12-27, 23:52:16, 9.2e-13, 5.44e-11
2020-12-27, 23:52:21, 8.62e-13, 5.42e-11
2020-12-27, 23:52:25, 9.89e-13, 5.42e-11
2020-12-27, 23:52:29, 9.21e-13, 5.41e-11
2020-12-27, 23:52:33, 8.78e-13, 5.41e-11
2020-12-27, 23:52:38, 7.72e-13, 5.46e-11
2020-12-27, 23:52:42, 8.44e-13, 5.42e-11
2020-12-27, 23:52:46, 9.12e-13, 5.45e-11
2020-12-27, 23:52:50, 9.07e-13, 5.45e-11
2020-12-27, 23:52:54, 9.14e-13, 5.44e-11
2020-12-27, 23:52:59, 9.14e-13, 5.42e-11
2020-12-27, 23:53:03, 9.8e-13, 5.43e-11
2020-12-27, 23:53:07, 9.3e-13, 5.43e-11
2020-12-27, 23:53:11, 9.19e-13, 5.41e-11
2020-12-27, 23:53:16, 9.51e-13, 5.47e-11
2020-12-27, 23:53:20, 9.41e-13, 5.42e-11
2020-12-27, 23:53:24, 1.11e-12, 5.46e-11
2020-12-27, 23:53:28, 9.4e-13, 5.42e-11
2020-12-27, 23:53:32, 9.16e-13, 5.44e-11
2020-12-27, 23:53:37, 1e-12, 5.45e-11
2020-12-27, 23:53:41, 9.78e-13, 5.45e-11
2020-12-27, 23:53:45, 9.1e-13, 5.48e-11
2020-12-27, 23:53:49, 9.5e-13, 5.45e-11
2020-12-27, 23:53:54, 9.6e-13, 5.42e-11
2020-12-27, 23:53:58, 8.59e-13, 5.43e-11
2020-12-27, 23:54:02, 9.2e-13, 5.45e-11
2020-12-27, 23:54:06, 9.47e-13, 5.44e-11
2020-12-27, 23:54:10, 9.53e-13, 5.44e-11
2020-12-27, 23:54:15, 9.25e-13, 5.41e-11
2020-12-27, 23:54:19, 8.83e-13, 5.41e-11
2020-12-27, 23:54:23, 9.92e-13, 5.41e-11
2020-12-27, 23:54:27, 9.31e-13, 5.42e-11
2020-12-27, 23:54:32, 9.74e-13, 5.4e-11
2020-12-27, 23:54:36, 9.18e-13, 5.44e-11
2020-12-27, 23:54:40, 9.46e-13, 5.44e-11
2020-12-27, 23:54:44, 8.9e-13, 5.48e-11
2020-12-27, 23:54:48, 8.98e-13, 5.46e-11
2020-12-27, 23:54:53, 8.09e-13, 5.43e-11
2020-12-27, 23:54:57, 1e-12, 5.44e-11
2020-12-27, 23:55:01, 9.45e-13, 5.43e-11
2020-12-27, 23:55:05, 8.79e-13, 5.47e-11
2020-12-27, 23:55:10, 9.38e-13, 5.46e-11
2020-12-27, 23:55:14, 9.26e-13, 5.46e-11
2020-12-27, 23:55:18, 9.46e-13, 5.46e-11
2020-12-27, 23:55:22, 9.32e-13, 5.42e-11
2020-12-27, 23:55:26, 9.48e-13, 5.44e-11
2020-12-27, 23:55:31, 9.32e-13, 5.44e-11
2020-12-27, 23:55:35, 8.99e-13, 5.42e-11
2020-12-27, 23:55:39, 9.9e-13, 5.44e-11
2020-12-27, 23:55:43, 9.19e-13, 5.47e-11
2020-12-27, 23:55:48, 9.3e-13, 5.46e-11
2020-12-27, 23:55:52, 9.34e-13, 5.45e-11
2020-12-27, 23:55:56, 9.05e-13, 5.43e-11
2020-12-27, 23:56:00, 8.7e-13, 5.42e-11
2020-12-27, 23:56:04, 9.21e-13, 5.42e-11
2020-12-27, 23:56:09, 9.81e-13, 5.4e-11
2020-12-27, 23:56:13, 9.61e-13, 5.44e-11
2020-12-27, 23:56:17, 8.47e-13, 5.42e-11
2020-12-27, 23:56:21, 1.02e-12, 5.44e-11
2020-12-27, 23:56:26, 8.67e-13, 5.45e-11
2020-12-27, 23:56:30, 8.58e-13, 5.45e-11
2020-12-27, 23:56:34, 8.62e-13, 5.43e-11
2020-12-27, 23:56:38, 9.45e-13, 5.44e-11
2020-12-27, 23:56:42, 9.2e-13, 5.42e-11
2020-12-27, 23:56:47, 9.32e-13, 5.44e-11
2020-12-27, 23:56:51, 1e-12, 5.44e-11
2020-12-27, 23:56:55, 9.78e-13, 5.44e-11
2020-12-27, 23:56:59, 8.69e-13, 5.43e-11
2020-12-27, 23:57:03, 9.79e-13, 5.46e-11
2020-12-27, 23:57:08, 9.08e-13, 5.42e-11
2020-12-27, 23:57:12, 9.29e-13, 5.43e-11
2020-12-27, 23:57:16, 9.28e-13, 5.42e-11
2020-12-27, 23:57:20, 9.6e-13, 5.45e-11
2020-12-27, 23:57:25, 9.93e-13, 5.41e-11
2020-12-27, 23:57:29, 9.78e-13, 5.43e-11
2020-12-27, 23:57:33, 9.11e-13, 5.46e-11
2020-12-27, 23:57:37, 9.9e-13, 5.45e-11
2020-12-27, 23:57:41, 9.33e-13, 5.43e-11
2020-12-27, 23:57:46, 9.19e-13, 5.43e-11
2020-12-27, 23:57:50, 9.4e-13, 5.44e-11
2020-12-27, 23:57:54, 9.04e-13, 5.41e-11
2020-12-27, 23:57:58, 8.81e-13, 5.44e-11
2020-12-27, 23:58:03, 8.74e-13, 5.47e-11
2020-12-27, 23:58:07, 9.27e-13, 5.47e-11
2020-12-27, 23:58:11, 9.78e-13, 5.45e-11
2020-12-27, 23:58:15, 9.06e-13, 5.43e-11
2020-12-27, 23:58:19, 9.47e-13, 5.42e-11
2020-12-27, 23:58:24, 8.36e-13, 5.42e-11
2020-12-27, 23:58:28, 9.33e-13, 5.45e-11
2020-12-27, 23:58:32, 9.27e-13, 5.42e-11
2020-12-27, 23:58:36, 8.89e-13, 5.45e-11
2020-12-27, 23:58:41, 9.38e-13, 5.42e-11
2020-12-27, 23:58:45, 9.12e-13, 5.46e-11
2020-12-27, 23:58:49, 9.83e-13, 5.42e-11
2020-12-27, 23:58:53, 9.48e-13, 5.43e-11
2020-12-27, 23:58:57, 9.84e-13, 5.42e-11
2020-12-27, 23:59:02, 9.11e-13, 5.44e-11
2020-12-27, 23:59:06, 9.26e-13, 5.48e-11
2020-12-27, 23:59:10, 9.16e-13, 5.43e-11
2020-12-27, 23:59:14, 1.05e-12, 5.43e-11
2020-12-27, 23:59:19, 8.79e-13, 5.45e-11
2020-12-27, 23:59:23, 9.76e-13, 5.45e-11
2020-12-27, 23:59:27, 9.02e-13, 5.45e-11
2020-12-27, 23:59:31, 9.66e-13, 5.46e-11
2020-12-27, 23:59:35, 8.77e-13, 5.48e-11
2020-12-27, 23:59:40, 8.55e-13, 5.42e-11
2020-12-27, 23:59:44, 8.97e-13, 5.43e-11
2020-12-27, 23:59:48, 1e-12, 5.42e-11
2020-12-27, 23:59:52, 9.44e-13, 5.43e-11
2020-12-27, 23:59:57, 8.71e-13, 5.44e-11
