2018-10-11 00:00:01, 1.04e-12, 2.06e-10
2018-10-11 00:00:05, 1.09e-12, 2.07e-10
2018-10-11 00:00:09, 1.02e-12, 2.07e-10
2018-10-11 00:00:13, 9.16e-13, 2.07e-10
2018-10-11 00:00:18, 1.04e-12, 2.06e-10
2018-10-11 00:00:22, 1.08e-12, 2.06e-10
2018-10-11 00:00:26, 1.15e-12, 2.07e-10
2018-10-11 00:00:30, 1.06e-12, 2.07e-10
2018-10-11 00:00:35, 1.05e-12, 2.07e-10
2018-10-11 00:00:39, 1.06e-12, 2.07e-10
2018-10-11 00:00:43, 1.07e-12, 2.07e-10
2018-10-11 00:00:47, 1.05e-12, 2.07e-10
2018-10-11 00:00:51, 1.08e-12, 2.07e-10
2018-10-11 00:00:56, 1.02e-12, 2.07e-10
2018-10-11 00:01:00, 1.13e-12, 2.07e-10
2018-10-11 00:01:04, 1.05e-12, 2.07e-10
2018-10-11 00:01:08, 9.8e-13, 2.07e-10
2018-10-11 00:01:13, 1.1e-12, 2.07e-10
2018-10-11 00:01:17, 1.03e-12, 2.07e-10
2018-10-11 00:01:21, 1.07e-12, 2.07e-10
2018-10-11 00:01:25, 1.03e-12, 2.07e-10
2018-10-11 00:01:29, 1.07e-12, 2.07e-10
2018-10-11 00:01:34, 1.06e-12, 2.06e-10
2018-10-11 00:01:38, 1.05e-12, 2.07e-10
2018-10-11 00:01:42, 1.1e-12, 2.06e-10
2018-10-11 00:01:46, 1.06e-12, 2.06e-10
2018-10-11 00:01:51, 1.11e-12, 2.06e-10
2018-10-11 00:01:55, 1.12e-12, 2.07e-10
2018-10-11 00:01:59, 1.08e-12, 2.07e-10
2018-10-11 00:02:03, 1.05e-12, 2.07e-10
2018-10-11 00:02:07, 1.03e-12, 2.07e-10
2018-10-11 00:02:12, 1.06e-12, 2.07e-10
2018-10-11 00:02:16, 1.06e-12, 2.07e-10
2018-10-11 00:02:20, 1.03e-12, 2.07e-10
2018-10-11 00:02:24, 1.06e-12, 2.07e-10
2018-10-11 00:02:29, 1.04e-12, 2.07e-10
2018-10-11 00:02:33, 1.08e-12, 2.07e-10
2018-10-11 00:02:37, 1.12e-12, 2.07e-10
2018-10-11 00:02:41, 1.06e-12, 2.07e-10
2018-10-11 00:02:45, 1.23e-12, 2.07e-10
2018-10-11 00:02:50, 1.1e-12, 2.07e-10
2018-10-11 00:02:54, 1.15e-12, 2.08e-10
2018-10-11 00:02:58, 1.03e-12, 2.07e-10
2018-10-11 00:03:02, 9.96e-13, 2.07e-10
2018-10-11 00:03:06, 1.04e-12, 2.07e-10
2018-10-11 00:03:11, 1.08e-12, 2.07e-10
2018-10-11 00:03:15, 1.11e-12, 2.07e-10
2018-10-11 00:03:19, 1.05e-12, 2.07e-10
2018-10-11 00:03:23, 1e-12, 2.07e-10
2018-10-11 00:03:28, 1.06e-12, 2.07e-10
2018-10-11 00:03:32, 1.2e-12, 2.07e-10
2018-10-11 00:03:36, 1.06e-12, 2.07e-10
2018-10-11 00:03:40, 1.06e-12, 2.08e-10
2018-10-11 00:03:44, 1.08e-12, 2.07e-10
2018-10-11 00:03:49, 1.1e-12, 2.08e-10
2018-10-11 00:03:53, 1.1e-12, 2.07e-10
2018-10-11 00:03:57, 1.02e-12, 2.07e-10
2018-10-11 00:04:01, 1.01e-12, 2.07e-10
2018-10-11 00:04:06, 1.08e-12, 2.07e-10
2018-10-11 00:04:10, 1.05e-12, 2.07e-10
2018-10-11 00:04:14, 9.96e-13, 2.07e-10
2018-10-11 00:04:18, 1.09e-12, 2.07e-10
2018-10-11 00:04:22, 1.09e-12, 2.07e-10
2018-10-11 00:04:27, 1.01e-12, 2.07e-10
2018-10-11 00:04:31, 1.01e-12, 2.07e-10
2018-10-11 00:04:35, 1.06e-12, 2.07e-10
2018-10-11 00:04:39, 1.07e-12, 2.07e-10
2018-10-11 00:04:44, 1.03e-12, 2.07e-10
2018-10-11 00:04:48, 1.06e-12, 2.07e-10
2018-10-11 00:04:52, 1.07e-12, 2.07e-10
2018-10-11 00:04:56, 1.12e-12, 2.07e-10
2018-10-11 00:05:01, 1.02e-12, 2.07e-10
2018-10-11 00:05:05, 1.1e-12, 2.07e-10
2018-10-11 00:05:09, 1.07e-12, 2.07e-10
2018-10-11 00:05:13, 1.03e-12, 2.07e-10
2018-10-11 00:05:17, 1.04e-12, 2.07e-10
2018-10-11 00:05:22, 1.06e-12, 2.07e-10
2018-10-11 00:05:26, 1.06e-12, 2.07e-10
2018-10-11 00:05:30, 1.11e-12, 2.07e-10
2018-10-11 00:05:34, 1.04e-12, 2.07e-10
2018-10-11 00:05:39, 1.02e-12, 2.07e-10
2018-10-11 00:05:43, 1.08e-12, 2.07e-10
2018-10-11 00:05:47, 1.05e-12, 2.07e-10
2018-10-11 00:05:51, 1.05e-12, 2.07e-10
2018-10-11 00:05:55, 1.06e-12, 2.07e-10
2018-10-11 00:06:00, 1.08e-12, 2.07e-10
2018-10-11 00:06:04, 1.05e-12, 2.07e-10
2018-10-11 00:06:08, 1.08e-12, 2.07e-10
2018-10-11 00:06:12, 1.04e-12, 2.07e-10
2018-10-11 00:06:16, 1.09e-12, 2.07e-10
2018-10-11 00:06:21, 1.06e-12, 2.07e-10
2018-10-11 00:06:25, 1.14e-12, 2.07e-10
2018-10-11 00:06:29, 1.08e-12, 2.07e-10
2018-10-11 00:06:33, 1.1e-12, 2.07e-10
2018-10-11 00:06:38, 9.32e-13, 2.07e-10
2018-10-11 00:06:42, 1.08e-12, 2.07e-10
2018-10-11 00:06:46, 1.13e-12, 2.07e-10
2018-10-11 00:06:50, 1.03e-12, 2.07e-10
2018-10-11 00:06:54, 1.09e-12, 2.07e-10
2018-10-11 00:06:59, 1.09e-12, 2.08e-10
2018-10-11 00:07:03, 1.03e-12, 2.07e-10
2018-10-11 00:07:07, 1.03e-12, 2.07e-10
2018-10-11 00:07:11, 1.06e-12, 2.07e-10
2018-10-11 00:07:16, 1.02e-12, 2.07e-10
2018-10-11 00:07:20, 1.05e-12, 2.07e-10
2018-10-11 00:07:24, 1.03e-12, 2.07e-10
2018-10-11 00:07:28, 1.02e-12, 2.07e-10
2018-10-11 00:07:32, 1.11e-12, 2.07e-10
2018-10-11 00:07:37, 1.04e-12, 2.07e-10
2018-10-11 00:07:41, 1.14e-12, 2.07e-10
2018-10-11 00:07:45, 1.03e-12, 2.07e-10
2018-10-11 00:07:49, 1.07e-12, 2.07e-10
2018-10-11 00:07:54, 1.14e-12, 2.08e-10
2018-10-11 00:07:58, 1.05e-12, 2.07e-10
2018-10-11 00:08:02, 1.05e-12, 2.08e-10
2018-10-11 00:08:06, 1.08e-12, 2.07e-10
2018-10-11 00:08:10, 1.08e-12, 2.08e-10
2018-10-11 00:08:15, 1.11e-12, 2.08e-10
2018-10-11 00:08:19, 1.05e-12, 2.07e-10
2018-10-11 00:08:23, 1.06e-12, 2.08e-10
2018-10-11 00:08:27, 1.13e-12, 2.08e-10
2018-10-11 00:08:32, 1.04e-12, 2.08e-10
2018-10-11 00:08:36, 1.17e-12, 2.08e-10
2018-10-11 00:08:40, 1.05e-12, 2.08e-10
2018-10-11 00:08:44, 9.78e-13, 2.08e-10
2018-10-11 00:08:48, 9.85e-13, 2.08e-10
2018-10-11 00:08:53, 1.03e-12, 2.07e-10
2018-10-11 00:08:57, 1.05e-12, 2.08e-10
2018-10-11 00:09:01, 1.08e-12, 2.07e-10
2018-10-11 00:09:05, 1.04e-12, 2.07e-10
2018-10-11 00:09:10, 1.1e-12, 2.08e-10
2018-10-11 00:09:14, 1.08e-12, 2.08e-10
2018-10-11 00:09:18, 1.07e-12, 2.07e-10
2018-10-11 00:09:22, 1.04e-12, 2.08e-10
2018-10-11 00:09:26, 1.04e-12, 2.08e-10
2018-10-11 00:09:31, 1.11e-12, 2.08e-10
2018-10-11 00:09:35, 1.04e-12, 2.08e-10
2018-10-11 00:09:39, 1.04e-12, 2.07e-10
2018-10-11 00:09:43, 1.05e-12, 2.08e-10
2018-10-11 00:09:48, 1.08e-12, 2.07e-10
2018-10-11 00:09:52, 1.03e-12, 2.07e-10
2018-10-11 00:09:56, 1.05e-12, 2.07e-10
2018-10-11 00:10:00, 1.05e-12, 2.07e-10
2018-10-11 00:10:04, 1.03e-12, 2.07e-10
2018-10-11 00:10:09, 1.04e-12, 2.07e-10
2018-10-11 00:10:13, 1.06e-12, 2.07e-10
2018-10-11 00:10:17, 1.03e-12, 2.07e-10
2018-10-11 00:10:21, 1.09e-12, 2.08e-10
2018-10-11 00:10:26, 1.1e-12, 2.08e-10
2018-10-11 00:10:30, 1.08e-12, 2.07e-10
2018-10-11 00:10:34, 1.13e-12, 2.08e-10
2018-10-11 00:10:38, 1.1e-12, 2.08e-10
2018-10-11 00:10:42, 1.1e-12, 2.07e-10
2018-10-11 00:10:47, 1.09e-12, 2.08e-10
2018-10-11 00:10:51, 1.03e-12, 2.07e-10
2018-10-11 00:10:55, 1.08e-12, 2.08e-10
2018-10-11 00:10:59, 9.69e-13, 2.07e-10
2018-10-11 00:11:04, 1.06e-12, 2.08e-10
2018-10-11 00:11:08, 1.09e-12, 2.08e-10
2018-10-11 00:11:12, 1.05e-12, 2.07e-10
2018-10-11 00:11:16, 1.07e-12, 2.08e-10
2018-10-11 00:11:20, 1.09e-12, 2.07e-10
2018-10-11 00:11:25, 1.11e-12, 2.08e-10
2018-10-11 00:11:29, 1.03e-12, 2.07e-10
2018-10-11 00:11:33, 1.01e-12, 2.07e-10
2018-10-11 00:11:37, 1.07e-12, 2.07e-10
2018-10-11 00:11:42, 1.07e-12, 2.07e-10
2018-10-11 00:11:46, 1.07e-12, 2.07e-10
2018-10-11 00:11:50, 1.08e-12, 2.08e-10
2018-10-11 00:11:54, 1.02e-12, 2.08e-10
2018-10-11 00:11:58, 1.04e-12, 2.08e-10
2018-10-11 00:12:03, 1.1e-12, 2.07e-10
2018-10-11 00:12:07, 1.02e-12, 2.08e-10
2018-10-11 00:12:11, 1e-12, 2.07e-10
2018-10-11 00:12:15, 1.07e-12, 2.07e-10
2018-10-11 00:12:20, 1.04e-12, 2.07e-10
2018-10-11 00:12:24, 1.06e-12, 2.07e-10
2018-10-11 00:12:28, 1.04e-12, 2.07e-10
2018-10-11 00:12:32, 1.09e-12, 2.07e-10
2018-10-11 00:12:36, 1.01e-12, 2.08e-10
2018-10-11 00:12:41, 1.01e-12, 2.07e-10
2018-10-11 00:12:45, 1.03e-12, 2.07e-10
2018-10-11 00:12:49, 1.02e-12, 2.07e-10
2018-10-11 00:12:53, 1.07e-12, 2.07e-10
2018-10-11 00:12:58, 1.1e-12, 2.07e-10
2018-10-11 00:13:02, 1.08e-12, 2.08e-10
2018-10-11 00:13:06, 9.73e-13, 2.08e-10
2018-10-11 00:13:10, 1.08e-12, 2.08e-10
2018-10-11 00:13:14, 1.08e-12, 2.08e-10
2018-10-11 00:13:19, 1.04e-12, 2.08e-10
2018-10-11 00:13:23, 1.09e-12, 2.08e-10
2018-10-11 00:13:27, 1.08e-12, 2.08e-10
2018-10-11 00:13:31, 1.03e-12, 2.08e-10
2018-10-11 00:13:36, 1.01e-12, 2.07e-10
2018-10-11 00:13:40, 1.01e-12, 2.07e-10
2018-10-11 00:13:44, 1.15e-12, 2.07e-10
2018-10-11 00:13:48, 1.06e-12, 2.08e-10
2018-10-11 00:13:52, 1.12e-12, 2.08e-10
2018-10-11 00:13:57, 9.78e-13, 2.08e-10
2018-10-11 00:14:01, 1.11e-12, 2.08e-10
2018-10-11 00:14:05, 1.08e-12, 2.08e-10
2018-10-11 00:14:09, 1.08e-12, 2.08e-10
2018-10-11 00:14:14, 1.08e-12, 2.08e-10
2018-10-11 00:14:18, 1.04e-12, 2.08e-10
2018-10-11 00:14:22, 1.07e-12, 2.08e-10
2018-10-11 00:14:26, 9.73e-13, 2.08e-10
2018-10-11 00:14:30, 1.09e-12, 2.08e-10
2018-10-11 00:14:35, 1.12e-12, 2.08e-10
2018-10-11 00:14:39, 1.11e-12, 2.08e-10
2018-10-11 00:14:43, 9.96e-13, 2.07e-10
2018-10-11 00:14:47, 1.07e-12, 2.08e-10
2018-10-11 00:14:52, 1.1e-12, 2.08e-10
2018-10-11 00:14:56, 1.05e-12, 2.08e-10
2018-10-11 00:15:00, 1.02e-12, 2.08e-10
2018-10-11 00:15:04, 1.05e-12, 2.08e-10
2018-10-11 00:15:08, 1.05e-12, 2.07e-10
2018-10-11 00:15:13, 1.07e-12, 2.07e-10
2018-10-11 00:15:17, 9.94e-13, 2.07e-10
2018-10-11 00:15:21, 1.06e-12, 2.07e-10
2018-10-11 00:15:25, 1.04e-12, 2.07e-10
2018-10-11 00:15:30, 1.1e-12, 2.07e-10
2018-10-11 00:15:34, 1.1e-12, 2.07e-10
2018-10-11 00:15:38, 1.03e-12, 2.08e-10
2018-10-11 00:15:42, 1.08e-12, 2.08e-10
2018-10-11 00:15:46, 9.9e-13, 2.08e-10
2018-10-11 00:15:51, 1.1e-12, 2.08e-10
2018-10-11 00:15:55, 1.02e-12, 2.08e-10
2018-10-11 00:15:59, 1.08e-12, 2.08e-10
2018-10-11 00:16:03, 1.05e-12, 2.08e-10
2018-10-11 00:16:08, 1.07e-12, 2.08e-10
2018-10-11 00:16:12, 1.04e-12, 2.07e-10
2018-10-11 00:16:16, 1.12e-12, 2.07e-10
2018-10-11 00:16:20, 1.08e-12, 2.08e-10
2018-10-11 00:16:24, 1.19e-12, 2.08e-10
2018-10-11 00:16:29, 1.06e-12, 2.08e-10
2018-10-11 00:16:33, 1.07e-12, 2.08e-10
2018-10-11 00:16:37, 1.03e-12, 2.08e-10
2018-10-11 00:16:41, 1.1e-12, 2.08e-10
2018-10-11 00:16:46, 1.09e-12, 2.08e-10
2018-10-11 00:16:50, 1.13e-12, 2.08e-10
2018-10-11 00:16:54, 9.97e-13, 2.08e-10
2018-10-11 00:16:58, 1.05e-12, 2.08e-10
2018-10-11 00:17:02, 1.08e-12, 2.08e-10
2018-10-11 00:17:07, 1.07e-12, 2.08e-10
2018-10-11 00:17:11, 1.05e-12, 2.08e-10
2018-10-11 00:17:15, 1.05e-12, 2.08e-10
2018-10-11 00:17:19, 1.05e-12, 2.08e-10
2018-10-11 00:17:24, 1.09e-12, 2.08e-10
2018-10-11 00:17:28, 1.05e-12, 2.08e-10
2018-10-11 00:17:32, 1.08e-12, 2.08e-10
2018-10-11 00:17:36, 1.02e-12, 2.08e-10
2018-10-11 00:17:40, 1.08e-12, 2.08e-10
2018-10-11 00:17:45, 1.06e-12, 2.08e-10
2018-10-11 00:17:49, 1e-12, 2.08e-10
2018-10-11 00:17:53, 1.05e-12, 2.08e-10
2018-10-11 00:17:57, 1.08e-12, 2.08e-10
2018-10-11 00:18:02, 9.88e-13, 2.08e-10
2018-10-11 00:18:06, 1.06e-12, 2.08e-10
2018-10-11 00:18:10, 1.12e-12, 2.08e-10
2018-10-11 00:18:14, 1.03e-12, 2.08e-10
2018-10-11 00:18:18, 1.13e-12, 2.08e-10
2018-10-11 00:18:23, 1.06e-12, 2.08e-10
2018-10-11 00:18:27, 1.04e-12, 2.08e-10
2018-10-11 00:18:31, 1.01e-12, 2.08e-10
2018-10-11 00:18:35, 1.12e-12, 2.07e-10
2018-10-11 00:18:40, 1.07e-12, 2.07e-10
2018-10-11 00:18:44, 1.12e-12, 2.08e-10
2018-10-11 00:18:48, 1.06e-12, 2.08e-10
2018-10-11 00:18:52, 1.04e-12, 2.08e-10
2018-10-11 00:18:56, 1.03e-12, 2.08e-10
2018-10-11 00:19:01, 1.05e-12, 2.08e-10
2018-10-11 00:19:05, 1.08e-12, 2.08e-10
2018-10-11 00:19:09, 1.01e-12, 2.08e-10
2018-10-11 00:19:13, 1.03e-12, 2.08e-10
2018-10-11 00:19:18, 1.12e-12, 2.08e-10
2018-10-11 00:19:22, 9.27e-13, 2.08e-10
2018-10-11 00:19:26, 1.09e-12, 2.08e-10
2018-10-11 00:19:30, 1.05e-12, 2.08e-10
2018-10-11 00:19:34, 1.09e-12, 2.08e-10
2018-10-11 00:19:39, 1.04e-12, 2.08e-10
2018-10-11 00:19:43, 1.04e-12, 2.08e-10
2018-10-11 00:19:47, 1.1e-12, 2.08e-10
2018-10-11 00:19:51, 1.13e-12, 2.07e-10
2018-10-11 00:19:56, 1.06e-12, 2.08e-10
2018-10-11 00:20:00, 1.08e-12, 2.08e-10
2018-10-11 00:20:04, 1.05e-12, 2.07e-10
2018-10-11 00:20:08, 8.83e-13, 2.08e-10
2018-10-11 00:20:12, 1.04e-12, 2.08e-10
2018-10-11 00:20:17, 1.04e-12, 2.08e-10
2018-10-11 00:20:21, 1.16e-12, 2.08e-10
2018-10-11 00:20:25, 1.18e-12, 2.08e-10
2018-10-11 00:20:29, 1.07e-12, 2.08e-10
2018-10-11 00:20:34, 1.07e-12, 2.08e-10
2018-10-11 00:20:38, 1.22e-12, 2.08e-10
2018-10-11 00:20:42, 1.05e-12, 2.08e-10
2018-10-11 00:20:46, 1.04e-12, 2.08e-10
2018-10-11 00:20:50, 9.99e-13, 2.08e-10
2018-10-11 00:20:55, 1.09e-12, 2.08e-10
2018-10-11 00:20:59, 1.12e-12, 2.08e-10
2018-10-11 00:21:03, 1.05e-12, 2.08e-10
2018-10-11 00:21:07, 1.08e-12, 2.07e-10
2018-10-11 00:21:12, 1.15e-12, 2.08e-10
2018-10-11 00:21:16, 1.01e-12, 2.08e-10
2018-10-11 00:21:20, 1e-12, 2.08e-10
2018-10-11 00:21:24, 1.14e-12, 2.08e-10
2018-10-11 00:21:28, 1.03e-12, 2.08e-10
2018-10-11 00:21:33, 1.09e-12, 2.08e-10
2018-10-11 00:21:37, 1.02e-12, 2.08e-10
2018-10-11 00:21:41, 1.01e-12, 2.08e-10
2018-10-11 00:21:45, 1.07e-12, 2.08e-10
2018-10-11 00:21:50, 1.02e-12, 2.08e-10
2018-10-11 00:21:54, 1.08e-12, 2.08e-10
2018-10-11 00:21:58, 1.04e-12, 2.08e-10
2018-10-11 00:22:02, 1.06e-12, 2.08e-10
2018-10-11 00:22:06, 1.09e-12, 2.08e-10
2018-10-11 00:22:11, 1.01e-12, 2.08e-10
2018-10-11 00:22:15, 1.08e-12, 2.08e-10
2018-10-11 00:22:19, 1.09e-12, 2.08e-10
2018-10-11 00:22:23, 1.02e-12, 2.08e-10
2018-10-11 00:22:28, 1.05e-12, 2.08e-10
2018-10-11 00:22:32, 1.07e-12, 2.08e-10
2018-10-11 00:22:36, 9.97e-13, 2.09e-10
2018-10-11 00:22:40, 1.01e-12, 2.08e-10
2018-10-11 00:22:44, 1.15e-12, 2.08e-10
2018-10-11 00:22:49, 1.08e-12, 2.09e-10
2018-10-11 00:22:53, 1.08e-12, 2.08e-10
2018-10-11 00:22:57, 1.09e-12, 2.08e-10
2018-10-11 00:23:01, 1.04e-12, 2.08e-10
2018-10-11 00:23:05, 1.12e-12, 2.08e-10
2018-10-11 00:23:10, 1e-12, 2.08e-10
2018-10-11 00:23:14, 1.07e-12, 2.08e-10
2018-10-11 00:23:18, 1.07e-12, 2.08e-10
2018-10-11 00:23:22, 1.1e-12, 2.08e-10
2018-10-11 00:23:27, 1.01e-12, 2.08e-10
2018-10-11 00:23:31, 9.97e-13, 2.08e-10
2018-10-11 00:23:35, 1.08e-12, 2.09e-10
2018-10-11 00:23:39, 1.16e-12, 2.08e-10
2018-10-11 00:23:43, 1.01e-12, 2.08e-10
2018-10-11 00:23:48, 1.08e-12, 2.08e-10
2018-10-11 00:23:52, 1.06e-12, 2.08e-10
2018-10-11 00:23:56, 1.07e-12, 2.08e-10
2018-10-11 00:24:00, 1.09e-12, 2.08e-10
2018-10-11 00:24:05, 1.04e-12, 2.08e-10
2018-10-11 00:24:09, 1.01e-12, 2.08e-10
2018-10-11 00:24:13, 1.03e-12, 2.08e-10
2018-10-11 00:24:17, 1.07e-12, 2.08e-10
2018-10-11 00:24:21, 1.06e-12, 2.08e-10
2018-10-11 00:24:26, 1.01e-12, 2.08e-10
2018-10-11 00:24:30, 1.13e-12, 2.09e-10
2018-10-11 00:24:34, 1.08e-12, 2.09e-10
2018-10-11 00:24:38, 1.07e-12, 2.08e-10
2018-10-11 00:24:43, 1.01e-12, 2.08e-10
2018-10-11 00:24:47, 1.13e-12, 2.09e-10
2018-10-11 00:24:51, 1.06e-12, 2.09e-10
2018-10-11 00:24:55, 1.06e-12, 2.09e-10
2018-10-11 00:25:00, 1.07e-12, 2.09e-10
2018-10-11 00:25:04, 1.1e-12, 2.09e-10
2018-10-11 00:25:08, 1.08e-12, 2.09e-10
2018-10-11 00:25:12, 1.1e-12, 2.09e-10
2018-10-11 00:25:16, 1.08e-12, 2.09e-10
2018-10-11 00:25:21, 1.07e-12, 2.09e-10
2018-10-11 00:25:25, 1.1e-12, 2.09e-10
2018-10-11 00:25:29, 1.05e-12, 2.09e-10
2018-10-11 00:25:33, 1.05e-12, 2.09e-10
2018-10-11 00:25:38, 1.02e-12, 2.08e-10
2018-10-11 00:25:42, 9.45e-13, 2.08e-10
2018-10-11 00:25:46, 1.03e-12, 2.09e-10
2018-10-11 00:25:50, 1.27e-12, 2.09e-10
2018-10-11 00:25:54, 1.05e-12, 2.09e-10
2018-10-11 00:25:59, 1.05e-12, 2.09e-10
2018-10-11 00:26:03, 1.07e-12, 2.09e-10
2018-10-11 00:26:07, 1.11e-12, 2.09e-10
2018-10-11 00:26:11, 1.07e-12, 2.09e-10
2018-10-11 00:26:15, 1.04e-12, 2.09e-10
2018-10-11 00:26:20, 1.07e-12, 2.09e-10
2018-10-11 00:26:24, 1.08e-12, 2.09e-10
2018-10-11 00:26:28, 1.09e-12, 2.09e-10
2018-10-11 00:26:32, 1.05e-12, 2.09e-10
2018-10-11 00:26:37, 1.07e-12, 2.09e-10
2018-10-11 00:26:41, 1.03e-12, 2.09e-10
2018-10-11 00:26:45, 1.04e-12, 2.09e-10
2018-10-11 00:26:49, 1.02e-12, 2.09e-10
2018-10-11 00:26:53, 1.12e-12, 2.09e-10
2018-10-11 00:26:58, 1.09e-12, 2.09e-10
2018-10-11 00:27:02, 1.09e-12, 2.09e-10
2018-10-11 00:27:06, 1.16e-12, 2.09e-10
2018-10-11 00:27:10, 1.11e-12, 2.09e-10
2018-10-11 00:27:15, 1.07e-12, 2.09e-10
2018-10-11 00:27:19, 1.05e-12, 2.09e-10
2018-10-11 00:27:23, 1.1e-12, 2.09e-10
2018-10-11 00:27:27, 1.04e-12, 2.09e-10
2018-10-11 00:27:31, 1.03e-12, 2.09e-10
2018-10-11 00:27:36, 1.13e-12, 2.09e-10
2018-10-11 00:27:40, 1.03e-12, 2.09e-10
2018-10-11 00:27:44, 1.03e-12, 2.09e-10
2018-10-11 00:27:48, 1.17e-12, 2.09e-10
2018-10-11 00:27:53, 1.05e-12, 2.09e-10
2018-10-11 00:27:57, 1.07e-12, 2.09e-10
2018-10-11 00:28:01, 1.03e-12, 2.09e-10
2018-10-11 00:28:05, 1.07e-12, 2.09e-10
2018-10-11 00:28:09, 1.06e-12, 2.09e-10
2018-10-11 00:28:14, 9.95e-13, 2.09e-10
2018-10-11 00:28:18, 1.06e-12, 2.09e-10
2018-10-11 00:28:22, 1.11e-12, 2.09e-10
2018-10-11 00:28:26, 9.23e-13, 2.09e-10
2018-10-11 00:28:31, 1.08e-12, 2.08e-10
2018-10-11 00:28:35, 1.12e-12, 2.09e-10
2018-10-11 00:28:39, 1.06e-12, 2.09e-10
2018-10-11 00:28:43, 1.1e-12, 2.08e-10
2018-10-11 00:28:47, 1.06e-12, 2.09e-10
2018-10-11 00:28:52, 1.07e-12, 2.09e-10
2018-10-11 00:28:56, 1.03e-12, 2.09e-10
2018-10-11 00:29:00, 1.09e-12, 2.09e-10
2018-10-11 00:29:04, 1.01e-12, 2.09e-10
2018-10-11 00:29:09, 1.18e-12, 2.09e-10
2018-10-11 00:29:13, 1.01e-12, 2.09e-10
2018-10-11 00:29:17, 1.03e-12, 2.09e-10
2018-10-11 00:29:21, 1.16e-12, 2.09e-10
2018-10-11 00:29:25, 1.04e-12, 2.09e-10
2018-10-11 00:29:30, 1.09e-12, 2.09e-10
2018-10-11 00:29:34, 1.05e-12, 2.09e-10
2018-10-11 00:29:38, 1.12e-12, 2.09e-10
2018-10-11 00:29:42, 1.02e-12, 2.09e-10
2018-10-11 00:29:47, 1.07e-12, 2.09e-10
2018-10-11 00:29:51, 1.04e-12, 2.09e-10
2018-10-11 00:29:55, 1.12e-12, 2.09e-10
2018-10-11 00:29:59, 9.98e-13, 2.09e-10
2018-10-11 00:30:03, 1.06e-12, 2.09e-10
2018-10-11 00:30:08, 1.02e-12, 2.09e-10
2018-10-11 00:30:12, 1.01e-12, 2.09e-10
2018-10-11 00:30:16, 9.95e-13, 2.09e-10
2018-10-11 00:30:20, 1.04e-12, 2.09e-10
2018-10-11 00:30:25, 1.09e-12, 2.09e-10
2018-10-11 00:30:29, 1.08e-12, 2.09e-10
2018-10-11 00:30:33, 1.02e-12, 2.09e-10
2018-10-11 00:30:37, 9.84e-13, 2.09e-10
2018-10-11 00:30:41, 1.06e-12, 2.09e-10
2018-10-11 00:30:46, 1.02e-12, 2.09e-10
2018-10-11 00:30:50, 9.88e-13, 2.09e-10
2018-10-11 00:30:54, 1.04e-12, 2.09e-10
2018-10-11 00:30:58, 1.03e-12, 2.09e-10
2018-10-11 00:31:03, 1.1e-12, 2.09e-10
2018-10-11 00:31:07, 1.04e-12, 2.09e-10
2018-10-11 00:31:11, 1.04e-12, 2.09e-10
2018-10-11 00:31:15, 1.12e-12, 2.09e-10
2018-10-11 00:31:19, 1.11e-12, 2.09e-10
2018-10-11 00:31:24, 9.86e-13, 2.09e-10
2018-10-11 00:31:28, 1.12e-12, 2.09e-10
2018-10-11 00:31:32, 1.07e-12, 2.09e-10
2018-10-11 00:31:36, 1.04e-12, 2.09e-10
2018-10-11 00:31:41, 1.08e-12, 2.09e-10
2018-10-11 00:31:45, 1.05e-12, 2.09e-10
2018-10-11 00:31:49, 1.06e-12, 2.09e-10
2018-10-11 00:31:53, 1.03e-12, 2.09e-10
2018-10-11 00:31:57, 1.01e-12, 2.09e-10
2018-10-11 00:32:02, 1.23e-12, 2.09e-10
2018-10-11 00:32:06, 1.04e-12, 2.09e-10
2018-10-11 00:32:10, 1.02e-12, 2.09e-10
2018-10-11 00:32:14, 1.08e-12, 2.09e-10
2018-10-11 00:32:19, 1.07e-12, 2.09e-10
2018-10-11 00:32:23, 1.21e-12, 2.09e-10
2018-10-11 00:32:27, 1.01e-12, 2.09e-10
2018-10-11 00:32:31, 1.04e-12, 2.09e-10
2018-10-11 00:32:35, 1.04e-12, 2.09e-10
2018-10-11 00:32:40, 1.07e-12, 2.09e-10
2018-10-11 00:32:44, 1.1e-12, 2.09e-10
2018-10-11 00:32:48, 1.1e-12, 2.09e-10
2018-10-11 00:32:52, 1.05e-12, 2.09e-10
2018-10-11 00:32:57, 1.07e-12, 2.09e-10
2018-10-11 00:33:01, 1.06e-12, 2.09e-10
2018-10-11 00:33:05, 1.1e-12, 2.09e-10
2018-10-11 00:33:09, 1.07e-12, 2.09e-10
2018-10-11 00:33:13, 1.12e-12, 2.1e-10
2018-10-11 00:33:18, 1.08e-12, 2.09e-10
2018-10-11 00:33:22, 1.11e-12, 2.09e-10
2018-10-11 00:33:26, 1.09e-12, 2.09e-10
2018-10-11 00:33:30, 1.1e-12, 2.09e-10
2018-10-11 00:33:35, 1.02e-12, 2.09e-10
2018-10-11 00:33:39, 1.03e-12, 2.09e-10
2018-10-11 00:33:43, 1.13e-12, 2.09e-10
2018-10-11 00:33:47, 1.02e-12, 2.09e-10
2018-10-11 00:33:51, 1.08e-12, 2.09e-10
2018-10-11 00:33:56, 1.21e-12, 2.09e-10
2018-10-11 00:34:00, 1.09e-12, 2.09e-10
2018-10-11 00:34:04, 1.06e-12, 2.09e-10
2018-10-11 00:34:08, 1.02e-12, 2.09e-10
2018-10-11 00:34:12, 9.95e-13, 2.09e-10
2018-10-11 00:34:17, 1.12e-12, 2.09e-10
2018-10-11 00:34:21, 1.07e-12, 2.09e-10
2018-10-11 00:34:25, 1.07e-12, 2.09e-10
2018-10-11 00:34:29, 1.02e-12, 2.09e-10
2018-10-11 00:34:34, 1.08e-12, 2.09e-10
2018-10-11 00:34:38, 1.02e-12, 2.09e-10
2018-10-11 00:34:42, 1e-12, 2.09e-10
2018-10-11 00:34:46, 1.04e-12, 2.09e-10
2018-10-11 00:34:50, 1.13e-12, 2.09e-10
2018-10-11 00:34:55, 1.03e-12, 2.09e-10
2018-10-11 00:34:59, 1.05e-12, 2.09e-10
2018-10-11 00:35:03, 1.1e-12, 2.09e-10
2018-10-11 00:35:07, 1.08e-12, 2.09e-10
2018-10-11 00:35:12, 1.07e-12, 2.09e-10
2018-10-11 00:35:16, 1.05e-12, 2.1e-10
2018-10-11 00:35:20, 1.09e-12, 2.09e-10
2018-10-11 00:35:24, 1.01e-12, 2.09e-10
2018-10-11 00:35:28, 1.12e-12, 2.09e-10
2018-10-11 00:35:33, 1.06e-12, 2.1e-10
2018-10-11 00:35:37, 1.05e-12, 2.09e-10
2018-10-11 00:35:41, 1.08e-12, 2.09e-10
2018-10-11 00:35:45, 1.05e-12, 2.09e-10
2018-10-11 00:35:50, 1.09e-12, 2.1e-10
2018-10-11 00:35:54, 1.06e-12, 2.09e-10
2018-10-11 00:35:58, 1.09e-12, 2.09e-10
2018-10-11 00:36:02, 1.02e-12, 2.09e-10
2018-10-11 00:36:06, 1.02e-12, 2.09e-10
2018-10-11 00:36:11, 9.96e-13, 2.09e-10
2018-10-11 00:36:15, 1.04e-12, 2.09e-10
2018-10-11 00:36:19, 1.07e-12, 2.1e-10
2018-10-11 00:36:23, 1.01e-12, 2.09e-10
2018-10-11 00:36:28, 1.05e-12, 2.09e-10
2018-10-11 00:36:32, 1.03e-12, 2.1e-10
2018-10-11 00:36:36, 1.02e-12, 2.09e-10
2018-10-11 00:36:40, 1e-12, 2.09e-10
2018-10-11 00:36:44, 1.04e-12, 2.09e-10
2018-10-11 00:36:49, 1.06e-12, 2.09e-10
2018-10-11 00:36:53, 1.05e-12, 2.09e-10
2018-10-11 00:36:57, 1.06e-12, 2.09e-10
2018-10-11 00:37:01, 1.06e-12, 2.09e-10
2018-10-11 00:37:06, 1.09e-12, 2.09e-10
2018-10-11 00:37:10, 1.07e-12, 2.09e-10
2018-10-11 00:37:14, 1.19e-12, 2.09e-10
2018-10-11 00:37:18, 1.06e-12, 2.09e-10
2018-10-11 00:37:22, 1.05e-12, 2.09e-10
2018-10-11 00:37:27, 1.09e-12, 2.09e-10
2018-10-11 00:37:31, 1.07e-12, 2.09e-10
2018-10-11 00:37:35, 1.03e-12, 2.09e-10
2018-10-11 00:37:39, 1.07e-12, 2.09e-10
2018-10-11 00:37:44, 1.03e-12, 2.09e-10
2018-10-11 00:37:48, 1.08e-12, 2.09e-10
2018-10-11 00:37:52, 1.03e-12, 2.09e-10
2018-10-11 00:37:56, 1.14e-12, 2.09e-10
2018-10-11 00:38:00, 1.07e-12, 2.09e-10
2018-10-11 00:38:05, 1.12e-12, 2.09e-10
2018-10-11 00:38:09, 1.09e-12, 2.09e-10
2018-10-11 00:38:13, 1.06e-12, 2.09e-10
2018-10-11 00:38:17, 1.07e-12, 2.09e-10
2018-10-11 00:38:22, 1.09e-12, 2.09e-10
2018-10-11 00:38:26, 1.01e-12, 2.09e-10
2018-10-11 00:38:30, 1.14e-12, 2.09e-10
2018-10-11 00:38:34, 1.14e-12, 2.09e-10
2018-10-11 00:38:38, 1.09e-12, 2.09e-10
2018-10-11 00:38:43, 1.14e-12, 2.09e-10
2018-10-11 00:38:47, 1.09e-12, 2.09e-10
2018-10-11 00:38:51, 1.08e-12, 2.09e-10
2018-10-11 00:38:55, 1.08e-12, 2.09e-10
2018-10-11 00:39:00, 1.07e-12, 2.09e-10
2018-10-11 00:39:04, 9.96e-13, 2.09e-10
2018-10-11 00:39:08, 1.03e-12, 2.09e-10
2018-10-11 00:39:12, 1.08e-12, 2.09e-10
2018-10-11 00:39:16, 1.01e-12, 2.09e-10
2018-10-11 00:39:21, 1.04e-12, 2.09e-10
2018-10-11 00:39:25, 1.09e-12, 2.09e-10
2018-10-11 00:39:29, 1.06e-12, 2.1e-10
2018-10-11 00:39:33, 8.86e-13, 2.09e-10
2018-10-11 00:39:38, 1.02e-12, 2.1e-10
2018-10-11 00:39:42, 1.06e-12, 2.09e-10
2018-10-11 00:39:46, 1.16e-12, 2.09e-10
2018-10-11 00:39:50, 1.11e-12, 2.1e-10
2018-10-11 00:39:54, 1.07e-12, 2.1e-10
2018-10-11 00:39:59, 1.04e-12, 2.09e-10
2018-10-11 00:40:03, 1.1e-12, 2.09e-10
2018-10-11 00:40:07, 1.08e-12, 2.1e-10
2018-10-11 00:40:11, 1.1e-12, 2.09e-10
2018-10-11 00:40:16, 9.99e-13, 2.09e-10
2018-10-11 00:40:20, 1.03e-12, 2.09e-10
2018-10-11 00:40:24, 1.05e-12, 2.09e-10
2018-10-11 00:40:28, 1.01e-12, 2.09e-10
2018-10-11 00:40:32, 1.05e-12, 2.09e-10
2018-10-11 00:40:37, 1e-12, 2.09e-10
2018-10-11 00:40:41, 1.04e-12, 2.09e-10
2018-10-11 00:40:45, 1.08e-12, 2.09e-10
2018-10-11 00:40:49, 1.07e-12, 2.09e-10
2018-10-11 00:40:54, 1.05e-12, 2.09e-10
2018-10-11 00:40:58, 1.12e-12, 2.09e-10
2018-10-11 00:41:02, 1.05e-12, 2.09e-10
2018-10-11 00:41:06, 1.06e-12, 2.09e-10
2018-10-11 00:41:10, 1.1e-12, 2.1e-10
2018-10-11 00:41:15, 9.56e-13, 2.1e-10
2018-10-11 00:41:19, 1.17e-12, 2.09e-10
2018-10-11 00:41:23, 1.04e-12, 2.09e-10
2018-10-11 00:41:27, 9.67e-13, 2.09e-10
2018-10-11 00:41:32, 1.03e-12, 2.09e-10
2018-10-11 00:41:36, 1.06e-12, 2.09e-10
2018-10-11 00:41:40, 1.03e-12, 2.09e-10
2018-10-11 00:41:44, 9.25e-13, 2.09e-10
2018-10-11 00:41:48, 1.2e-12, 2.09e-10
2018-10-11 00:41:53, 1.08e-12, 2.09e-10
2018-10-11 00:41:57, 1.04e-12, 2.09e-10
2018-10-11 00:42:01, 1.05e-12, 2.1e-10
2018-10-11 00:42:05, 1.07e-12, 2.1e-10
2018-10-11 00:42:10, 1.09e-12, 2.09e-10
2018-10-11 00:42:14, 1.04e-12, 2.1e-10
2018-10-11 00:42:18, 9.74e-13, 2.09e-10
2018-10-11 00:42:22, 1.08e-12, 2.09e-10
2018-10-11 00:42:26, 9.88e-13, 2.1e-10
2018-10-11 00:42:31, 1.08e-12, 2.09e-10
2018-10-11 00:42:35, 1.03e-12, 2.09e-10
2018-10-11 00:42:39, 1.13e-12, 2.09e-10
2018-10-11 00:42:43, 1.06e-12, 2.1e-10
2018-10-11 00:42:48, 1.05e-12, 2.1e-10
2018-10-11 00:42:52, 1.04e-12, 2.09e-10
2018-10-11 00:42:56, 1.16e-12, 2.09e-10
2018-10-11 00:43:00, 9.87e-13, 2.09e-10
2018-10-11 00:43:04, 1.08e-12, 2.09e-10
2018-10-11 00:43:09, 1.03e-12, 2.09e-10
2018-10-11 00:43:13, 1.05e-12, 2.09e-10
2018-10-11 00:43:17, 1.06e-12, 2.09e-10
2018-10-11 00:43:21, 1.06e-12, 2.09e-10
2018-10-11 00:43:25, 1.12e-12, 2.09e-10
2018-10-11 00:43:30, 1.04e-12, 2.09e-10
2018-10-11 00:43:34, 9.97e-13, 2.1e-10
2018-10-11 00:43:38, 9.7e-13, 2.1e-10
2018-10-11 00:43:42, 1.12e-12, 2.1e-10
2018-10-11 00:43:47, 1.01e-12, 2.09e-10
2018-10-11 00:43:51, 1.06e-12, 2.1e-10
2018-10-11 00:43:55, 1.08e-12, 2.1e-10
2018-10-11 00:43:59, 1.07e-12, 2.1e-10
2018-10-11 00:44:03, 9.41e-13, 2.1e-10
2018-10-11 00:44:08, 1.13e-12, 2.09e-10
2018-10-11 00:44:12, 1.11e-12, 2.09e-10
2018-10-11 00:44:16, 9.78e-13, 2.1e-10
2018-10-11 00:44:20, 1.06e-12, 2.1e-10
2018-10-11 00:44:25, 1.04e-12, 2.1e-10
2018-10-11 00:44:29, 1.08e-12, 2.1e-10
2018-10-11 00:44:33, 1.13e-12, 2.1e-10
2018-10-11 00:44:37, 9.67e-13, 2.09e-10
2018-10-11 00:44:41, 1.16e-12, 2.09e-10
2018-10-11 00:44:46, 1.04e-12, 2.09e-10
2018-10-11 00:44:50, 1.01e-12, 2.1e-10
2018-10-11 00:44:54, 1.05e-12, 2.09e-10
2018-10-11 00:44:58, 1.09e-12, 2.09e-10
2018-10-11 00:45:03, 9.94e-13, 2.09e-10
2018-10-11 00:45:07, 1.01e-12, 2.1e-10
2018-10-11 00:45:11, 1.08e-12, 2.1e-10
2018-10-11 00:45:15, 1.09e-12, 2.1e-10
2018-10-11 00:45:19, 1.1e-12, 2.1e-10
2018-10-11 00:45:24, 1.06e-12, 2.1e-10
2018-10-11 00:45:28, 1.07e-12, 2.1e-10
2018-10-11 00:45:32, 1.05e-12, 2.1e-10
2018-10-11 00:45:36, 1.08e-12, 2.1e-10
2018-10-11 00:45:41, 1.1e-12, 2.1e-10
2018-10-11 00:45:45, 9.47e-13, 2.1e-10
2018-10-11 00:45:49, 1.2e-12, 2.1e-10
2018-10-11 00:45:53, 1.04e-12, 2.1e-10
2018-10-11 00:45:57, 1.12e-12, 2.1e-10
2018-10-11 00:46:02, 1.1e-12, 2.1e-10
2018-10-11 00:46:06, 1.05e-12, 2.1e-10
2018-10-11 00:46:10, 1.03e-12, 2.1e-10
2018-10-11 00:46:14, 1.1e-12, 2.1e-10
2018-10-11 00:46:19, 1.08e-12, 2.1e-10
2018-10-11 00:46:23, 1.1e-12, 2.1e-10
2018-10-11 00:46:27, 1.09e-12, 2.1e-10
2018-10-11 00:46:31, 1.12e-12, 2.1e-10
2018-10-11 00:46:35, 1.09e-12, 2.1e-10
2018-10-11 00:46:40, 9.61e-13, 2.1e-10
2018-10-11 00:46:44, 1.15e-12, 2.09e-10
2018-10-11 00:46:48, 1.02e-12, 2.1e-10
2018-10-11 00:46:52, 1.05e-12, 2.1e-10
2018-10-11 00:46:57, 1.1e-12, 2.09e-10
2018-10-11 00:47:01, 9.94e-13, 2.1e-10
2018-10-11 00:47:05, 1.1e-12, 2.09e-10
2018-10-11 00:47:09, 1.14e-12, 2.1e-10
2018-10-11 00:47:13, 1.08e-12, 2.09e-10
2018-10-11 00:47:18, 1.08e-12, 2.1e-10
2018-10-11 00:47:22, 1.08e-12, 2.09e-10
2018-10-11 00:47:26, 1.01e-12, 2.1e-10
2018-10-11 00:47:30, 1.03e-12, 2.1e-10
2018-10-11 00:47:35, 1.22e-12, 2.1e-10
2018-10-11 00:47:39, 1.03e-12, 2.1e-10
2018-10-11 00:47:43, 1.09e-12, 2.1e-10
2018-10-11 00:47:47, 9.89e-13, 2.1e-10
2018-10-11 00:47:51, 1.1e-12, 2.1e-10
2018-10-11 00:47:56, 1.08e-12, 2.1e-10
2018-10-11 00:48:00, 1.04e-12, 2.1e-10
2018-10-11 00:48:04, 1.11e-12, 2.1e-10
2018-10-11 00:48:08, 1.08e-12, 2.1e-10
2018-10-11 00:48:13, 1.03e-12, 2.1e-10
2018-10-11 00:48:17, 1.1e-12, 2.1e-10
2018-10-11 00:48:21, 1.03e-12, 2.1e-10
2018-10-11 00:48:25, 9.91e-13, 2.09e-10
2018-10-11 00:48:29, 1.06e-12, 2.1e-10
2018-10-11 00:48:34, 1.06e-12, 2.1e-10
2018-10-11 00:48:38, 1.07e-12, 2.1e-10
2018-10-11 00:48:42, 1.03e-12, 2.1e-10
2018-10-11 00:48:46, 1.08e-12, 2.1e-10
2018-10-11 00:48:51, 1.1e-12, 2.1e-10
2018-10-11 00:48:55, 1.14e-12, 2.1e-10
2018-10-11 00:48:59, 1.03e-12, 2.09e-10
2018-10-11 00:49:03, 1.08e-12, 2.1e-10
2018-10-11 00:49:07, 1.01e-12, 2.1e-10
2018-10-11 00:49:12, 1.04e-12, 2.1e-10
2018-10-11 00:49:16, 1.02e-12, 2.1e-10
2018-10-11 00:49:20, 1.05e-12, 2.1e-10
2018-10-11 00:49:24, 1.03e-12, 2.1e-10
2018-10-11 00:49:29, 1.04e-12, 2.1e-10
2018-10-11 00:49:33, 1.13e-12, 2.1e-10
2018-10-11 00:49:37, 1.05e-12, 2.1e-10
2018-10-11 00:49:41, 1.09e-12, 2.1e-10
2018-10-11 00:49:45, 1.07e-12, 2.1e-10
2018-10-11 00:49:50, 1.04e-12, 2.1e-10
2018-10-11 00:49:54, 9.53e-13, 2.1e-10
2018-10-11 00:49:58, 1.04e-12, 2.1e-10
2018-10-11 00:50:02, 1.03e-12, 2.1e-10
2018-10-11 00:50:07, 1.07e-12, 2.1e-10
2018-10-11 00:50:11, 1.04e-12, 2.1e-10
2018-10-11 00:50:15, 1.07e-12, 2.1e-10
2018-10-11 00:50:19, 1.02e-12, 2.1e-10
2018-10-11 00:50:23, 1.08e-12, 2.1e-10
2018-10-11 00:50:28, 1.06e-12, 2.1e-10
2018-10-11 00:50:32, 1.06e-12, 2.1e-10
2018-10-11 00:50:36, 1.08e-12, 2.1e-10
2018-10-11 00:50:40, 1.12e-12, 2.1e-10
2018-10-11 00:50:45, 1.1e-12, 2.1e-10
2018-10-11 00:50:49, 1.03e-12, 2.1e-10
2018-10-11 00:50:53, 1.04e-12, 2.1e-10
2018-10-11 00:50:57, 1.05e-12, 2.1e-10
2018-10-11 00:51:01, 1.05e-12, 2.1e-10
2018-10-11 00:51:06, 1.04e-12, 2.1e-10
2018-10-11 00:51:10, 9.8e-13, 2.1e-10
2018-10-11 00:51:14, 1.05e-12, 2.1e-10
2018-10-11 00:51:18, 1.06e-12, 2.1e-10
2018-10-11 00:51:22, 1.05e-12, 2.1e-10
2018-10-11 00:51:27, 1.01e-12, 2.1e-10
2018-10-11 00:51:31, 1.06e-12, 2.11e-10
2018-10-11 00:51:35, 1.1e-12, 2.1e-10
2018-10-11 00:51:39, 1.07e-12, 2.1e-10
2018-10-11 00:51:44, 1e-12, 2.1e-10
2018-10-11 00:51:48, 1.08e-12, 2.1e-10
2018-10-11 00:51:52, 1.05e-12, 2.1e-10
2018-10-11 00:51:56, 1.07e-12, 2.11e-10
2018-10-11 00:52:00, 1.04e-12, 2.1e-10
2018-10-11 00:52:05, 1.07e-12, 2.1e-10
2018-10-11 00:52:09, 1.09e-12, 2.1e-10
2018-10-11 00:52:13, 1e-12, 2.1e-10
2018-10-11 00:52:17, 1.03e-12, 2.1e-10
2018-10-11 00:52:22, 1.03e-12, 2.1e-10
2018-10-11 00:52:26, 1.06e-12, 2.1e-10
2018-10-11 00:52:30, 1.1e-12, 2.1e-10
2018-10-11 00:52:34, 1.07e-12, 2.1e-10
2018-10-11 00:52:38, 1.08e-12, 2.1e-10
2018-10-11 00:52:43, 1.04e-12, 2.1e-10
2018-10-11 00:52:47, 1.15e-12, 2.1e-10
2018-10-11 00:52:51, 1.05e-12, 2.1e-10
2018-10-11 00:52:55, 1.06e-12, 2.1e-10
2018-10-11 00:53:00, 1.08e-12, 2.1e-10
2018-10-11 00:53:04, 1.02e-12, 2.1e-10
2018-10-11 00:53:08, 1.09e-12, 2.1e-10
2018-10-11 00:53:12, 1.06e-12, 2.1e-10
2018-10-11 00:53:16, 1.04e-12, 2.1e-10
2018-10-11 00:53:21, 1.06e-12, 2.1e-10
2018-10-11 00:53:25, 1.05e-12, 2.1e-10
2018-10-11 00:53:29, 1.07e-12, 2.1e-10
2018-10-11 00:53:33, 9.58e-13, 2.1e-10
2018-10-11 00:53:38, 9.96e-13, 2.1e-10
2018-10-11 00:53:42, 1.07e-12, 2.1e-10
2018-10-11 00:53:46, 1.07e-12, 2.1e-10
2018-10-11 00:53:50, 1.06e-12, 2.1e-10
2018-10-11 00:53:54, 1.06e-12, 2.1e-10
2018-10-11 00:53:59, 1.06e-12, 2.1e-10
2018-10-11 00:54:03, 1.08e-12, 2.1e-10
2018-10-11 00:54:07, 1.04e-12, 2.1e-10
2018-10-11 00:54:11, 1.04e-12, 2.1e-10
2018-10-11 00:54:16, 1.01e-12, 2.1e-10
2018-10-11 00:54:20, 1.07e-12, 2.1e-10
2018-10-11 00:54:24, 1.04e-12, 2.09e-10
2018-10-11 00:54:28, 1.03e-12, 2.1e-10
2018-10-11 00:54:32, 9.53e-13, 2.1e-10
2018-10-11 00:54:37, 1.18e-12, 2.1e-10
2018-10-11 00:54:41, 1.07e-12, 2.1e-10
2018-10-11 00:54:45, 1.09e-12, 2.1e-10
2018-10-11 00:54:49, 9.94e-13, 2.1e-10
2018-10-11 00:54:54, 1.05e-12, 2.1e-10
2018-10-11 00:54:58, 1.06e-12, 2.09e-10
2018-10-11 00:55:02, 9.91e-13, 2.1e-10
2018-10-11 00:55:06, 1.09e-12, 2.1e-10
2018-10-11 00:55:10, 1.04e-12, 2.1e-10
2018-10-11 00:55:15, 1.09e-12, 2.1e-10
2018-10-11 00:55:19, 1.09e-12, 2.1e-10
2018-10-11 00:55:23, 1.06e-12, 2.1e-10
2018-10-11 00:55:27, 1.06e-12, 2.1e-10
2018-10-11 00:55:32, 1.04e-12, 2.1e-10
2018-10-11 00:55:36, 1.03e-12, 2.1e-10
2018-10-11 00:55:40, 1.09e-12, 2.1e-10
2018-10-11 00:55:44, 1.15e-12, 2.1e-10
2018-10-11 00:55:48, 1.06e-12, 2.1e-10
2018-10-11 00:55:53, 1.05e-12, 2.1e-10
2018-10-11 00:55:57, 1.02e-12, 2.1e-10
2018-10-11 00:56:01, 1.1e-12, 2.11e-10
2018-10-11 00:56:05, 1.1e-12, 2.1e-10
2018-10-11 00:56:10, 9.46e-13, 2.1e-10
2018-10-11 00:56:14, 1.03e-12, 2.1e-10
2018-10-11 00:56:18, 1.11e-12, 2.1e-10
2018-10-11 00:56:22, 1.01e-12, 2.1e-10
2018-10-11 00:56:26, 1.09e-12, 2.1e-10
2018-10-11 00:56:31, 1.04e-12, 2.1e-10
2018-10-11 00:56:35, 1.04e-12, 2.1e-10
2018-10-11 00:56:39, 1.12e-12, 2.1e-10
2018-10-11 00:56:43, 1.07e-12, 2.1e-10
2018-10-11 00:56:48, 1.07e-12, 2.11e-10
2018-10-11 00:56:52, 1.09e-12, 2.1e-10
2018-10-11 00:56:56, 1.07e-12, 2.1e-10
2018-10-11 00:57:00, 1.09e-12, 2.1e-10
2018-10-11 00:57:04, 1.04e-12, 2.1e-10
2018-10-11 00:57:09, 1.03e-12, 2.1e-10
2018-10-11 00:57:13, 1.05e-12, 2.1e-10
2018-10-11 00:57:17, 1.02e-12, 2.1e-10
2018-10-11 00:57:21, 1.18e-12, 2.1e-10
2018-10-11 00:57:26, 1.05e-12, 2.11e-10
2018-10-11 00:57:30, 1.01e-12, 2.1e-10
2018-10-11 00:57:34, 1.04e-12, 2.1e-10
2018-10-11 00:57:38, 1.08e-12, 2.1e-10
2018-10-11 00:57:42, 9.91e-13, 2.1e-10
2018-10-11 00:57:47, 1.05e-12, 2.1e-10
2018-10-11 00:57:51, 1.17e-12, 2.1e-10
2018-10-11 00:57:55, 1.1e-12, 2.11e-10
2018-10-11 00:57:59, 1e-12, 2.11e-10
2018-10-11 00:58:04, 1.06e-12, 2.11e-10
2018-10-11 00:58:08, 1.06e-12, 2.11e-10
2018-10-11 00:58:12, 1.08e-12, 2.1e-10
2018-10-11 00:58:16, 9.21e-13, 2.11e-10
2018-10-11 00:58:20, 1.06e-12, 2.1e-10
2018-10-11 00:58:25, 1.25e-12, 2.1e-10
2018-10-11 00:58:29, 1.11e-12, 2.1e-10
2018-10-11 00:58:33, 1.03e-12, 2.1e-10
2018-10-11 00:58:37, 1.06e-12, 2.1e-10
2018-10-11 00:58:42, 1.06e-12, 2.1e-10
2018-10-11 00:58:46, 1.01e-12, 2.1e-10
2018-10-11 00:58:50, 1.11e-12, 2.1e-10
2018-10-11 00:58:54, 1.04e-12, 2.11e-10
2018-10-11 00:58:58, 1e-12, 2.1e-10
2018-10-11 00:59:03, 1.08e-12, 2.1e-10
2018-10-11 00:59:07, 1.05e-12, 2.1e-10
2018-10-11 00:59:11, 1.04e-12, 2.1e-10
2018-10-11 00:59:15, 1.06e-12, 2.1e-10
2018-10-11 00:59:20, 1.06e-12, 2.11e-10
2018-10-11 00:59:24, 1.05e-12, 2.1e-10
2018-10-11 00:59:28, 1.04e-12, 2.1e-10
2018-10-11 00:59:32, 1.08e-12, 2.1e-10
2018-10-11 00:59:36, 1.2e-12, 2.1e-10
2018-10-11 00:59:41, 1.02e-12, 2.1e-10
2018-10-11 00:59:45, 9.51e-13, 2.11e-10
2018-10-11 00:59:49, 1.04e-12, 2.1e-10
2018-10-11 00:59:53, 1.07e-12, 2.1e-10
2018-10-11 00:59:57, 1.01e-12, 2.1e-10
2018-10-11 01:00:02, 1.06e-12, 2.1e-10
2018-10-11 01:00:06, 1.1e-12, 2.11e-10
2018-10-11 01:00:10, 1.04e-12, 2.1e-10
2018-10-11 01:00:14, 1.1e-12, 2.1e-10
2018-10-11 01:00:19, 9.84e-13, 2.1e-10
2018-10-11 01:00:23, 1.1e-12, 2.11e-10
2018-10-11 01:00:27, 1.08e-12, 2.1e-10
2018-10-11 01:00:31, 1.05e-12, 2.11e-10
2018-10-11 01:00:35, 1.04e-12, 2.11e-10
2018-10-11 01:00:40, 1.08e-12, 2.1e-10
2018-10-11 01:00:44, 1.1e-12, 2.1e-10
2018-10-11 01:00:48, 1.07e-12, 2.11e-10
2018-10-11 01:00:52, 1.09e-12, 2.1e-10
2018-10-11 01:00:57, 9.45e-13, 2.11e-10
2018-10-11 01:01:01, 1.08e-12, 2.11e-10
2018-10-11 01:01:05, 1.02e-12, 2.11e-10
2018-10-11 01:01:09, 1.04e-12, 2.11e-10
2018-10-11 01:01:13, 1.08e-12, 2.1e-10
2018-10-11 01:01:18, 1.04e-12, 2.11e-10
2018-10-11 01:01:22, 1.1e-12, 2.1e-10
2018-10-11 01:01:26, 1.03e-12, 2.1e-10
2018-10-11 01:01:30, 1.08e-12, 2.1e-10
2018-10-11 01:01:35, 1.19e-12, 2.1e-10
2018-10-11 01:01:39, 1.09e-12, 2.11e-10
2018-10-11 01:01:43, 1.07e-12, 2.11e-10
2018-10-11 01:01:47, 1.09e-12, 2.11e-10
2018-10-11 01:01:51, 1.01e-12, 2.11e-10
2018-10-11 01:01:56, 1.09e-12, 2.11e-10
2018-10-11 01:02:00, 1.06e-12, 2.11e-10
2018-10-11 01:02:04, 1.11e-12, 2.11e-10
2018-10-11 01:02:08, 1.06e-12, 2.11e-10
2018-10-11 01:02:13, 1.05e-12, 2.11e-10
2018-10-11 01:02:17, 1.06e-12, 2.1e-10
2018-10-11 01:02:21, 1.03e-12, 2.11e-10
2018-10-11 01:02:25, 1.06e-12, 2.11e-10
2018-10-11 01:02:29, 1.1e-12, 2.11e-10
2018-10-11 01:02:34, 1.05e-12, 2.11e-10
2018-10-11 01:02:38, 1.24e-12, 2.11e-10
2018-10-11 01:02:42, 1.01e-12, 2.11e-10
2018-10-11 01:02:46, 1.08e-12, 2.11e-10
2018-10-11 01:02:51, 1.06e-12, 2.11e-10
2018-10-11 01:02:55, 1.08e-12, 2.11e-10
2018-10-11 01:02:59, 1e-12, 2.11e-10
2018-10-11 01:03:03, 1.08e-12, 2.11e-10
2018-10-11 01:03:07, 1.03e-12, 2.11e-10
2018-10-11 01:03:12, 1.22e-12, 2.11e-10
2018-10-11 01:03:16, 1.06e-12, 2.11e-10
2018-10-11 01:03:20, 1.06e-12, 2.11e-10
2018-10-11 01:03:24, 1.06e-12, 2.11e-10
2018-10-11 01:03:29, 1.14e-12, 2.11e-10
2018-10-11 01:03:33, 1.09e-12, 2.11e-10
2018-10-11 01:03:37, 1.05e-12, 2.11e-10
2018-10-11 01:03:41, 1.05e-12, 2.11e-10
2018-10-11 01:03:45, 1.07e-12, 2.11e-10
2018-10-11 01:03:50, 1.11e-12, 2.11e-10
2018-10-11 01:03:54, 1.05e-12, 2.11e-10
2018-10-11 01:03:58, 1.22e-12, 2.11e-10
2018-10-11 01:04:02, 1.07e-12, 2.11e-10
2018-10-11 01:04:07, 1.04e-12, 2.11e-10
2018-10-11 01:04:11, 1.14e-12, 2.11e-10
2018-10-11 01:04:15, 1.24e-12, 2.11e-10
2018-10-11 01:04:19, 1.07e-12, 2.12e-10
2018-10-11 01:04:23, 1.03e-12, 2.12e-10
2018-10-11 01:04:28, 1.08e-12, 2.12e-10
2018-10-11 01:04:32, 9.66e-13, 2.12e-10
2018-10-11 01:04:36, 1.14e-12, 2.11e-10
2018-10-11 01:04:40, 1.03e-12, 2.11e-10
2018-10-11 01:04:45, 1.09e-12, 2.11e-10
2018-10-11 01:04:49, 1.08e-12, 2.11e-10
2018-10-11 01:04:53, 1.04e-12, 2.11e-10
2018-10-11 01:04:57, 1.21e-12, 2.11e-10
2018-10-11 01:05:01, 1.18e-12, 2.11e-10
2018-10-11 01:05:06, 1.11e-12, 2.11e-10
2018-10-11 01:05:10, 1.06e-12, 2.11e-10
2018-10-11 01:05:14, 1.08e-12, 2.11e-10
2018-10-11 01:05:18, 1.08e-12, 2.11e-10
2018-10-11 01:05:23, 1.1e-12, 2.11e-10
2018-10-11 01:05:27, 9.9e-13, 2.11e-10
2018-10-11 01:05:31, 1.05e-12, 2.11e-10
2018-10-11 01:05:35, 1.13e-12, 2.11e-10
2018-10-11 01:05:39, 1.14e-12, 2.11e-10
2018-10-11 01:05:44, 1.02e-12, 2.11e-10
2018-10-11 01:05:48, 1.12e-12, 2.11e-10
2018-10-11 01:05:52, 1.06e-12, 2.12e-10
2018-10-11 01:05:56, 1.04e-12, 2.11e-10
2018-10-11 01:06:00, 1.1e-12, 2.11e-10
2018-10-11 01:06:05, 1.01e-12, 2.11e-10
2018-10-11 01:06:09, 1.08e-12, 2.11e-10
2018-10-11 01:06:13, 1.09e-12, 2.11e-10
2018-10-11 01:06:17, 1.03e-12, 2.11e-10
2018-10-11 01:06:22, 1.02e-12, 2.11e-10
2018-10-11 01:06:26, 1.2e-12, 2.12e-10
2018-10-11 01:06:30, 1.04e-12, 2.11e-10
2018-10-11 01:06:34, 1.21e-12, 2.11e-10
2018-10-11 01:06:39, 1.11e-12, 2.11e-10
2018-10-11 01:06:43, 1.03e-12, 2.12e-10
2018-10-11 01:06:47, 1.01e-12, 2.11e-10
2018-10-11 01:06:51, 1.05e-12, 2.11e-10
2018-10-11 01:06:55, 1.04e-12, 2.11e-10
2018-10-11 01:07:00, 1.08e-12, 2.11e-10
2018-10-11 01:07:04, 1.03e-12, 2.11e-10
2018-10-11 01:07:08, 1.02e-12, 2.11e-10
2018-10-11 01:07:12, 1.06e-12, 2.11e-10
2018-10-11 01:07:17, 1.05e-12, 2.11e-10
2018-10-11 01:07:21, 1.17e-12, 2.11e-10
2018-10-11 01:07:25, 1.03e-12, 2.12e-10
2018-10-11 01:07:29, 1.09e-12, 2.12e-10
2018-10-11 01:07:33, 1.1e-12, 2.11e-10
2018-10-11 01:07:38, 1.03e-12, 2.11e-10
2018-10-11 01:07:42, 1.06e-12, 2.11e-10
2018-10-11 01:07:46, 1.09e-12, 2.11e-10
2018-10-11 01:07:50, 1.06e-12, 2.11e-10
2018-10-11 01:07:55, 1.11e-12, 2.11e-10
2018-10-11 01:07:59, 1.11e-12, 2.11e-10
2018-10-11 01:08:03, 1.14e-12, 2.11e-10
2018-10-11 01:08:07, 1.09e-12, 2.11e-10
2018-10-11 01:08:11, 1.08e-12, 2.11e-10
2018-10-11 01:08:16, 1.09e-12, 2.11e-10
2018-10-11 01:08:20, 1.02e-12, 2.11e-10
2018-10-11 01:08:24, 1.2e-12, 2.11e-10
2018-10-11 01:08:28, 9.66e-13, 2.11e-10
2018-10-11 01:08:33, 1.04e-12, 2.11e-10
2018-10-11 01:08:37, 1.21e-12, 2.11e-10
2018-10-11 01:08:41, 1.05e-12, 2.11e-10
2018-10-11 01:08:45, 1.03e-12, 2.11e-10
2018-10-11 01:08:49, 1.07e-12, 2.11e-10
2018-10-11 01:08:54, 1.06e-12, 2.11e-10
2018-10-11 01:08:58, 1.04e-12, 2.12e-10
2018-10-11 01:09:02, 1.04e-12, 2.11e-10
2018-10-11 01:09:06, 1.09e-12, 2.12e-10
2018-10-11 01:09:10, 1.12e-12, 2.12e-10
2018-10-11 01:09:15, 1.05e-12, 2.12e-10
2018-10-11 01:09:19, 1.05e-12, 2.12e-10
2018-10-11 01:09:23, 1.08e-12, 2.12e-10
2018-10-11 01:09:27, 1.03e-12, 2.12e-10
2018-10-11 01:09:32, 1.07e-12, 2.12e-10
2018-10-11 01:09:36, 1.08e-12, 2.12e-10
2018-10-11 01:09:40, 1.09e-12, 2.12e-10
2018-10-11 01:09:44, 1.05e-12, 2.12e-10
2018-10-11 01:09:48, 1.04e-12, 2.12e-10
2018-10-11 01:09:53, 1.08e-12, 2.12e-10
2018-10-11 01:09:57, 1.01e-12, 2.12e-10
2018-10-11 01:10:01, 1.05e-12, 2.12e-10
2018-10-11 01:10:05, 1.09e-12, 2.12e-10
2018-10-11 01:10:10, 1.1e-12, 2.12e-10
2018-10-11 01:10:14, 1.22e-12, 2.12e-10
2018-10-11 01:10:18, 1.01e-12, 2.12e-10
2018-10-11 01:10:22, 1.03e-12, 2.12e-10
2018-10-11 01:10:26, 1.01e-12, 2.12e-10
2018-10-11 01:10:31, 1.05e-12, 2.11e-10
2018-10-11 01:10:35, 1.08e-12, 2.12e-10
2018-10-11 01:10:39, 1.08e-12, 2.11e-10
2018-10-11 01:10:43, 1.04e-12, 2.12e-10
2018-10-11 01:10:48, 9.74e-13, 2.11e-10
2018-10-11 01:10:52, 1.12e-12, 2.12e-10
2018-10-11 01:10:56, 1.07e-12, 2.12e-10
2018-10-11 01:11:00, 1.1e-12, 2.11e-10
2018-10-11 01:11:04, 1.05e-12, 2.12e-10
2018-10-11 01:11:09, 1.08e-12, 2.12e-10
2018-10-11 01:11:13, 1.08e-12, 2.12e-10
2018-10-11 01:11:17, 9.51e-13, 2.12e-10
2018-10-11 01:11:21, 1.13e-12, 2.12e-10
2018-10-11 01:11:26, 1.1e-12, 2.12e-10
2018-10-11 01:11:30, 1.09e-12, 2.12e-10
2018-10-11 01:11:34, 1.02e-12, 2.12e-10
2018-10-11 01:11:38, 9.74e-13, 2.11e-10
2018-10-11 01:11:42, 1.1e-12, 2.11e-10
2018-10-11 01:11:47, 1.1e-12, 2.12e-10
2018-10-11 01:11:51, 1.07e-12, 2.12e-10
2018-10-11 01:11:55, 1.06e-12, 2.12e-10
2018-10-11 01:11:59, 1.09e-12, 2.12e-10
2018-10-11 01:12:04, 1.05e-12, 2.12e-10
2018-10-11 01:12:08, 1.06e-12, 2.12e-10
2018-10-11 01:12:12, 1.13e-12, 2.12e-10
2018-10-11 01:12:16, 1.07e-12, 2.12e-10
2018-10-11 01:12:20, 1.07e-12, 2.12e-10
2018-10-11 01:12:25, 1.06e-12, 2.12e-10
2018-10-11 01:12:29, 1.08e-12, 2.12e-10
2018-10-11 01:12:33, 1.05e-12, 2.12e-10
2018-10-11 01:12:37, 1.04e-12, 2.12e-10
2018-10-11 01:12:42, 1.02e-12, 2.12e-10
2018-10-11 01:12:46, 1.12e-12, 2.12e-10
2018-10-11 01:12:50, 1.09e-12, 2.12e-10
2018-10-11 01:12:54, 9.99e-13, 2.12e-10
2018-10-11 01:12:58, 1.02e-12, 2.12e-10
2018-10-11 01:13:03, 1.1e-12, 2.12e-10
2018-10-11 01:13:07, 1.11e-12, 2.13e-10
2018-10-11 01:13:11, 1.11e-12, 2.13e-10
2018-10-11 01:13:15, 1.09e-12, 2.12e-10
2018-10-11 01:13:20, 1.07e-12, 2.13e-10
2018-10-11 01:13:24, 1.06e-12, 2.13e-10
2018-10-11 01:13:28, 1.03e-12, 2.12e-10
2018-10-11 01:13:32, 1.04e-12, 2.12e-10
2018-10-11 01:13:36, 1.08e-12, 2.12e-10
2018-10-11 01:13:41, 9.73e-13, 2.12e-10
2018-10-11 01:13:45, 1.08e-12, 2.13e-10
2018-10-11 01:13:49, 1.04e-12, 2.13e-10
2018-10-11 01:13:53, 1.06e-12, 2.13e-10
2018-10-11 01:13:58, 1.1e-12, 2.13e-10
2018-10-11 01:14:02, 1.1e-12, 2.13e-10
2018-10-11 01:14:06, 1.03e-12, 2.13e-10
2018-10-11 01:14:10, 1.18e-12, 2.13e-10
2018-10-11 01:14:14, 1.06e-12, 2.13e-10
2018-10-11 01:14:19, 1.14e-12, 2.13e-10
2018-10-11 01:14:23, 1.04e-12, 2.13e-10
2018-10-11 01:14:27, 1.03e-12, 2.13e-10
2018-10-11 01:14:31, 1.04e-12, 2.13e-10
2018-10-11 01:14:36, 9.66e-13, 2.13e-10
2018-10-11 01:14:40, 1.1e-12, 2.13e-10
2018-10-11 01:14:44, 1.08e-12, 2.12e-10
2018-10-11 01:14:48, 1.08e-12, 2.12e-10
2018-10-11 01:14:52, 1.1e-12, 2.12e-10
2018-10-11 01:14:57, 1.09e-12, 2.12e-10
2018-10-11 01:15:01, 1.03e-12, 2.12e-10
2018-10-11 01:15:05, 1.1e-12, 2.12e-10
2018-10-11 01:15:09, 1.04e-12, 2.13e-10
2018-10-11 01:15:14, 1.06e-12, 2.13e-10
2018-10-11 01:15:18, 1.23e-12, 2.13e-10
2018-10-11 01:15:22, 9.14e-13, 2.12e-10
2018-10-11 01:15:26, 1.08e-12, 2.12e-10
2018-10-11 01:15:30, 1.14e-12, 2.13e-10
2018-10-11 01:15:35, 1.05e-12, 2.12e-10
2018-10-11 01:15:39, 1.03e-12, 2.13e-10
2018-10-11 01:15:43, 1.06e-12, 2.13e-10
2018-10-11 01:15:47, 1.08e-12, 2.13e-10
2018-10-11 01:15:52, 1.08e-12, 2.13e-10
2018-10-11 01:15:56, 9.77e-13, 2.13e-10
2018-10-11 01:16:00, 1.02e-12, 2.13e-10
2018-10-11 01:16:04, 1.05e-12, 2.12e-10
2018-10-11 01:16:08, 1.09e-12, 2.13e-10
2018-10-11 01:16:13, 1.01e-12, 2.13e-10
2018-10-11 01:16:17, 1.12e-12, 2.12e-10
2018-10-11 01:16:21, 1.06e-12, 2.13e-10
2018-10-11 01:16:25, 1.06e-12, 2.13e-10
2018-10-11 01:16:30, 1.06e-12, 2.12e-10
2018-10-11 01:16:34, 1.08e-12, 2.12e-10
2018-10-11 01:16:38, 1.04e-12, 2.13e-10
2018-10-11 01:16:42, 1.04e-12, 2.13e-10
2018-10-11 01:16:46, 1.08e-12, 2.13e-10
2018-10-11 01:16:51, 1.12e-12, 2.13e-10
2018-10-11 01:16:55, 1.05e-12, 2.13e-10
2018-10-11 01:16:59, 1.1e-12, 2.13e-10
2018-10-11 01:17:03, 1.05e-12, 2.13e-10
2018-10-11 01:17:08, 1.07e-12, 2.13e-10
2018-10-11 01:17:12, 1.07e-12, 2.13e-10
2018-10-11 01:17:16, 9.91e-13, 2.13e-10
2018-10-11 01:17:20, 1.06e-12, 2.13e-10
2018-10-11 01:17:24, 1.08e-12, 2.12e-10
2018-10-11 01:17:29, 1.06e-12, 2.12e-10
2018-10-11 01:17:33, 1.02e-12, 2.13e-10
2018-10-11 01:17:37, 1.11e-12, 2.12e-10
2018-10-11 01:17:41, 1.03e-12, 2.12e-10
2018-10-11 01:17:46, 1.09e-12, 2.13e-10
2018-10-11 01:17:50, 1.1e-12, 2.13e-10
2018-10-11 01:17:54, 9.99e-13, 2.13e-10
2018-10-11 01:17:58, 1.03e-12, 2.13e-10
2018-10-11 01:18:02, 1.03e-12, 2.13e-10
2018-10-11 01:18:07, 1.01e-12, 2.13e-10
2018-10-11 01:18:11, 1.08e-12, 2.13e-10
2018-10-11 01:18:15, 1.07e-12, 2.13e-10
2018-10-11 01:18:19, 1.1e-12, 2.13e-10
2018-10-11 01:18:24, 1.08e-12, 2.13e-10
2018-10-11 01:18:28, 1.04e-12, 2.13e-10
2018-10-11 01:18:32, 1.07e-12, 2.13e-10
2018-10-11 01:18:36, 9.71e-13, 2.12e-10
2018-10-11 01:18:40, 1.07e-12, 2.12e-10
2018-10-11 01:18:45, 9.13e-13, 2.12e-10
2018-10-11 01:18:49, 1.1e-12, 2.13e-10
2018-10-11 01:18:53, 1.05e-12, 2.13e-10
2018-10-11 01:18:57, 1.05e-12, 2.13e-10
2018-10-11 01:19:02, 1.04e-12, 2.13e-10
2018-10-11 01:19:06, 1.05e-12, 2.12e-10
2018-10-11 01:19:10, 1.19e-12, 2.13e-10
2018-10-11 01:19:14, 1.07e-12, 2.13e-10
2018-10-11 01:19:18, 1.03e-12, 2.13e-10
2018-10-11 01:19:23, 9.95e-13, 2.12e-10
2018-10-11 01:19:27, 1.08e-12, 2.13e-10
2018-10-11 01:19:31, 1.04e-12, 2.13e-10
2018-10-11 01:19:35, 1.02e-12, 2.13e-10
2018-10-11 01:19:40, 1.05e-12, 2.13e-10
2018-10-11 01:19:44, 1.12e-12, 2.13e-10
2018-10-11 01:19:48, 1.19e-12, 2.13e-10
2018-10-11 01:19:52, 1.02e-12, 2.13e-10
2018-10-11 01:19:56, 1.08e-12, 2.13e-10
2018-10-11 01:20:01, 1.08e-12, 2.13e-10
2018-10-11 01:20:05, 1.08e-12, 2.12e-10
2018-10-11 01:20:09, 1.09e-12, 2.12e-10
2018-10-11 01:20:13, 1.04e-12, 2.13e-10
2018-10-11 01:20:18, 1.03e-12, 2.13e-10
2018-10-11 01:20:22, 1.09e-12, 2.13e-10
2018-10-11 01:20:26, 1.03e-12, 2.13e-10
2018-10-11 01:20:30, 1.1e-12, 2.13e-10
2018-10-11 01:20:34, 1.05e-12, 2.13e-10
2018-10-11 01:20:39, 9.67e-13, 2.13e-10
2018-10-11 01:20:43, 1.13e-12, 2.12e-10
2018-10-11 01:20:47, 1.1e-12, 2.13e-10
2018-10-11 01:20:51, 1.12e-12, 2.12e-10
2018-10-11 01:20:56, 1.06e-12, 2.13e-10
2018-10-11 01:21:00, 9.17e-13, 2.13e-10
2018-10-11 01:21:04, 1.11e-12, 2.12e-10
2018-10-11 01:21:08, 1.02e-12, 2.12e-10
2018-10-11 01:21:12, 1.06e-12, 2.12e-10
2018-10-11 01:21:17, 1.08e-12, 2.12e-10
2018-10-11 01:21:21, 1.08e-12, 2.12e-10
2018-10-11 01:21:25, 1.09e-12, 2.12e-10
2018-10-11 01:21:29, 1.17e-12, 2.12e-10
2018-10-11 01:21:33, 1.1e-12, 2.13e-10
2018-10-11 01:21:38, 1.15e-12, 2.12e-10
2018-10-11 01:21:42, 1.09e-12, 2.12e-10
2018-10-11 01:21:46, 1.05e-12, 2.12e-10
2018-10-11 01:21:50, 1.09e-12, 2.12e-10
2018-10-11 01:21:55, 1.16e-12, 2.12e-10
2018-10-11 01:21:59, 1.06e-12, 2.12e-10
2018-10-11 01:22:03, 1.05e-12, 2.12e-10
2018-10-11 01:22:07, 1.02e-12, 2.13e-10
2018-10-11 01:22:11, 1.09e-12, 2.12e-10
2018-10-11 01:22:16, 1.07e-12, 2.12e-10
2018-10-11 01:22:20, 1.08e-12, 2.12e-10
2018-10-11 01:22:24, 1e-12, 2.12e-10
2018-10-11 01:22:28, 9.81e-13, 2.12e-10
2018-10-11 01:22:33, 1.06e-12, 2.13e-10
2018-10-11 01:22:37, 1.07e-12, 2.12e-10
2018-10-11 01:22:41, 1.11e-12, 2.13e-10
2018-10-11 01:22:45, 1.03e-12, 2.13e-10
2018-10-11 01:22:49, 1.08e-12, 2.13e-10
2018-10-11 01:22:54, 1.09e-12, 2.13e-10
2018-10-11 01:22:58, 1.07e-12, 2.13e-10
2018-10-11 01:23:02, 1.02e-12, 2.13e-10
2018-10-11 01:23:06, 1.14e-12, 2.13e-10
2018-10-11 01:23:11, 1.02e-12, 2.13e-10
2018-10-11 01:23:15, 1.18e-12, 2.13e-10
2018-10-11 01:23:19, 1.1e-12, 2.13e-10
2018-10-11 01:23:23, 1.05e-12, 2.13e-10
2018-10-11 01:23:27, 1.07e-12, 2.13e-10
2018-10-11 01:23:32, 1.06e-12, 2.13e-10
2018-10-11 01:23:36, 1.05e-12, 2.13e-10
2018-10-11 01:23:40, 1.07e-12, 2.13e-10
2018-10-11 01:23:44, 1.06e-12, 2.13e-10
2018-10-11 01:23:49, 1.13e-12, 2.12e-10
2018-10-11 01:23:53, 1.07e-12, 2.13e-10
2018-10-11 01:23:57, 1.08e-12, 2.13e-10
2018-10-11 01:24:01, 1.06e-12, 2.13e-10
2018-10-11 01:24:05, 1.1e-12, 2.13e-10
2018-10-11 01:24:10, 1.11e-12, 2.13e-10
2018-10-11 01:24:14, 1.09e-12, 2.13e-10
2018-10-11 01:24:18, 9.62e-13, 2.13e-10
2018-10-11 01:24:22, 1.04e-12, 2.13e-10
2018-10-11 01:24:27, 1.07e-12, 2.12e-10
2018-10-11 01:24:31, 1.03e-12, 2.13e-10
2018-10-11 01:24:35, 1.05e-12, 2.13e-10
2018-10-11 01:24:39, 1.06e-12, 2.13e-10
2018-10-11 01:24:43, 1.15e-12, 2.12e-10
2018-10-11 01:24:48, 1.03e-12, 2.12e-10
2018-10-11 01:24:52, 1.01e-12, 2.13e-10
2018-10-11 01:24:56, 1.03e-12, 2.12e-10
2018-10-11 01:25:00, 1.09e-12, 2.13e-10
2018-10-11 01:25:05, 1.03e-12, 2.13e-10
2018-10-11 01:25:09, 1e-12, 2.13e-10
2018-10-11 01:25:13, 1.2e-12, 2.13e-10
2018-10-11 01:25:17, 1.06e-12, 2.13e-10
2018-10-11 01:25:21, 1.11e-12, 2.13e-10
2018-10-11 01:25:26, 1.07e-12, 2.13e-10
2018-10-11 01:25:30, 1e-12, 2.13e-10
2018-10-11 01:25:34, 1.08e-12, 2.12e-10
2018-10-11 01:25:38, 1.1e-12, 2.13e-10
2018-10-11 01:25:43, 9.49e-13, 2.13e-10
2018-10-11 01:25:47, 1.09e-12, 2.12e-10
2018-10-11 01:25:51, 1.02e-12, 2.12e-10
2018-10-11 01:25:55, 1.01e-12, 2.13e-10
2018-10-11 01:25:59, 1.03e-12, 2.13e-10
2018-10-11 01:26:04, 1.05e-12, 2.13e-10
2018-10-11 01:26:08, 1.09e-12, 2.13e-10
2018-10-11 01:26:12, 1.06e-12, 2.12e-10
2018-10-11 01:26:16, 1.04e-12, 2.12e-10
2018-10-11 01:26:21, 9.98e-13, 2.12e-10
2018-10-11 01:26:25, 1.04e-12, 2.12e-10
2018-10-11 01:26:29, 1.1e-12, 2.12e-10
2018-10-11 01:26:33, 9.36e-13, 2.13e-10
2018-10-11 01:26:37, 1.02e-12, 2.12e-10
2018-10-11 01:26:42, 1.08e-12, 2.13e-10
2018-10-11 01:26:46, 1.05e-12, 2.13e-10
2018-10-11 01:26:50, 1.03e-12, 2.13e-10
2018-10-11 01:26:54, 1.04e-12, 2.13e-10
2018-10-11 01:26:59, 1.15e-12, 2.13e-10
2018-10-11 01:27:03, 1.05e-12, 2.13e-10
2018-10-11 01:27:07, 1.12e-12, 2.13e-10
2018-10-11 01:27:11, 1.11e-12, 2.13e-10
2018-10-11 01:27:15, 1.02e-12, 2.13e-10
2018-10-11 01:27:20, 1.11e-12, 2.13e-10
2018-10-11 01:27:24, 1.07e-12, 2.13e-10
2018-10-11 01:27:28, 1.02e-12, 2.13e-10
2018-10-11 01:27:32, 1.13e-12, 2.13e-10
2018-10-11 01:27:36, 1.1e-12, 2.13e-10
2018-10-11 01:27:41, 1.17e-12, 2.13e-10
2018-10-11 01:27:45, 1.18e-12, 2.13e-10
2018-10-11 01:27:49, 1.1e-12, 2.13e-10
2018-10-11 01:27:53, 1.09e-12, 2.13e-10
2018-10-11 01:27:58, 9.67e-13, 2.12e-10
2018-10-11 01:28:02, 9.85e-13, 2.13e-10
2018-10-11 01:28:06, 1.08e-12, 2.13e-10
2018-10-11 01:28:10, 1.03e-12, 2.13e-10
2018-10-11 01:28:14, 1.06e-12, 2.13e-10
2018-10-11 01:28:19, 1.03e-12, 2.13e-10
2018-10-11 01:28:23, 1.08e-12, 2.13e-10
2018-10-11 01:28:27, 1.01e-12, 2.13e-10
2018-10-11 01:28:31, 1.03e-12, 2.13e-10
2018-10-11 01:28:36, 1.09e-12, 2.13e-10
2018-10-11 01:28:40, 1.07e-12, 2.13e-10
2018-10-11 01:28:44, 1.09e-12, 2.13e-10
2018-10-11 01:28:48, 1.11e-12, 2.13e-10
2018-10-11 01:28:52, 1.08e-12, 2.13e-10
2018-10-11 01:28:57, 1.05e-12, 2.13e-10
2018-10-11 01:29:01, 1e-12, 2.13e-10
2018-10-11 01:29:05, 1.05e-12, 2.13e-10
2018-10-11 01:29:09, 1.03e-12, 2.13e-10
2018-10-11 01:29:14, 1.04e-12, 2.13e-10
2018-10-11 01:29:18, 1.14e-12, 2.12e-10
2018-10-11 01:29:22, 1.05e-12, 2.13e-10
2018-10-11 01:29:26, 1.01e-12, 2.13e-10
2018-10-11 01:29:30, 1.08e-12, 2.13e-10
2018-10-11 01:29:35, 1.04e-12, 2.13e-10
2018-10-11 01:29:39, 1.07e-12, 2.13e-10
2018-10-11 01:29:43, 1.07e-12, 2.13e-10
2018-10-11 01:29:47, 1.04e-12, 2.13e-10
2018-10-11 01:29:52, 1.1e-12, 2.13e-10
2018-10-11 01:29:56, 1.08e-12, 2.13e-10
2018-10-11 01:30:00, 1.04e-12, 2.13e-10
2018-10-11 01:30:04, 1.01e-12, 2.13e-10
2018-10-11 01:30:08, 1.12e-12, 2.13e-10
2018-10-11 01:30:13, 1.12e-12, 2.13e-10
2018-10-11 01:30:17, 1.02e-12, 2.12e-10
2018-10-11 01:30:21, 1.09e-12, 2.13e-10
2018-10-11 01:30:25, 1.02e-12, 2.13e-10
2018-10-11 01:30:30, 9.54e-13, 2.13e-10
2018-10-11 01:30:34, 1.05e-12, 2.13e-10
2018-10-11 01:30:38, 1.06e-12, 2.13e-10
2018-10-11 01:30:42, 1.07e-12, 2.13e-10
2018-10-11 01:30:46, 1.07e-12, 2.13e-10
2018-10-11 01:30:51, 1.06e-12, 2.13e-10
2018-10-11 01:30:55, 1.01e-12, 2.13e-10
2018-10-11 01:30:59, 1.07e-12, 2.13e-10
2018-10-11 01:31:03, 1.13e-12, 2.13e-10
2018-10-11 01:31:08, 1.03e-12, 2.13e-10
2018-10-11 01:31:12, 1.13e-12, 2.14e-10
2018-10-11 01:31:16, 1.12e-12, 2.13e-10
2018-10-11 01:31:20, 1.09e-12, 2.13e-10
2018-10-11 01:31:24, 1.03e-12, 2.13e-10
2018-10-11 01:31:29, 1.05e-12, 2.13e-10
2018-10-11 01:31:33, 1e-12, 2.13e-10
2018-10-11 01:31:37, 1.09e-12, 2.13e-10
2018-10-11 01:31:41, 1.09e-12, 2.12e-10
2018-10-11 01:31:46, 1.05e-12, 2.13e-10
2018-10-11 01:31:50, 1.06e-12, 2.13e-10
2018-10-11 01:31:54, 1.06e-12, 2.13e-10
2018-10-11 01:31:58, 1.1e-12, 2.13e-10
2018-10-11 01:32:02, 1.11e-12, 2.13e-10
2018-10-11 01:32:07, 1.03e-12, 2.13e-10
2018-10-11 01:32:11, 1.05e-12, 2.13e-10
2018-10-11 01:32:15, 1.07e-12, 2.13e-10
2018-10-11 01:32:19, 1.07e-12, 2.13e-10
2018-10-11 01:32:24, 1.05e-12, 2.13e-10
2018-10-11 01:32:28, 1.1e-12, 2.13e-10
2018-10-11 01:32:32, 1.04e-12, 2.13e-10
2018-10-11 01:32:36, 1.09e-12, 2.13e-10
2018-10-11 01:32:40, 1.04e-12, 2.13e-10
2018-10-11 01:32:45, 1.05e-12, 2.13e-10
2018-10-11 01:32:49, 9.69e-13, 2.13e-10
2018-10-11 01:32:53, 1.05e-12, 2.13e-10
2018-10-11 01:32:57, 1.08e-12, 2.13e-10
2018-10-11 01:33:02, 1.07e-12, 2.13e-10
2018-10-11 01:33:06, 1.1e-12, 2.13e-10
2018-10-11 01:33:10, 1.05e-12, 2.13e-10
2018-10-11 01:33:14, 1.08e-12, 2.13e-10
2018-10-11 01:33:18, 1.08e-12, 2.13e-10
2018-10-11 01:33:23, 1.11e-12, 2.13e-10
2018-10-11 01:33:27, 1.07e-12, 2.13e-10
2018-10-11 01:33:31, 1.03e-12, 2.13e-10
2018-10-11 01:33:35, 1.06e-12, 2.13e-10
2018-10-11 01:33:40, 9.54e-13, 2.13e-10
2018-10-11 01:33:44, 1.11e-12, 2.13e-10
2018-10-11 01:33:48, 1.05e-12, 2.13e-10
2018-10-11 01:33:52, 1.04e-12, 2.13e-10
2018-10-11 01:33:56, 1.15e-12, 2.13e-10
2018-10-11 01:34:01, 1.02e-12, 2.14e-10
2018-10-11 01:34:05, 1.02e-12, 2.13e-10
2018-10-11 01:34:09, 1.12e-12, 2.13e-10
2018-10-11 01:34:13, 1.1e-12, 2.13e-10
2018-10-11 01:34:18, 1.08e-12, 2.13e-10
2018-10-11 01:34:22, 1.09e-12, 2.13e-10
2018-10-11 01:34:26, 1.24e-12, 2.13e-10
2018-10-11 01:34:30, 1.02e-12, 2.13e-10
2018-10-11 01:34:34, 1.09e-12, 2.13e-10
2018-10-11 01:34:39, 1.03e-12, 2.13e-10
2018-10-11 01:34:43, 1.06e-12, 2.14e-10
2018-10-11 01:34:47, 1.01e-12, 2.13e-10
2018-10-11 01:34:51, 1e-12, 2.13e-10
2018-10-11 01:34:56, 1.07e-12, 2.13e-10
2018-10-11 01:35:00, 1.08e-12, 2.13e-10
2018-10-11 01:35:04, 9.31e-13, 2.13e-10
2018-10-11 01:35:08, 1.16e-12, 2.13e-10
2018-10-11 01:35:13, 1.09e-12, 2.13e-10
2018-10-11 01:35:17, 9.38e-13, 2.13e-10
2018-10-11 01:35:21, 1.08e-12, 2.13e-10
2018-10-11 01:35:25, 1.12e-12, 2.13e-10
2018-10-11 01:35:29, 1.08e-12, 2.14e-10
2018-10-11 01:35:34, 1.13e-12, 2.14e-10
2018-10-11 01:35:38, 1.01e-12, 2.14e-10
2018-10-11 01:35:42, 1e-12, 2.14e-10
2018-10-11 01:35:46, 1.06e-12, 2.13e-10
2018-10-11 01:35:51, 1.12e-12, 2.13e-10
2018-10-11 01:35:55, 1.04e-12, 2.14e-10
2018-10-11 01:35:59, 1.05e-12, 2.13e-10
2018-10-11 01:36:03, 1.09e-12, 2.13e-10
2018-10-11 01:36:07, 1.09e-12, 2.13e-10
2018-10-11 01:36:12, 1.07e-12, 2.13e-10
2018-10-11 01:36:16, 1.07e-12, 2.13e-10
2018-10-11 01:36:20, 1.08e-12, 2.13e-10
2018-10-11 01:36:24, 1.1e-12, 2.13e-10
2018-10-11 01:36:29, 9.66e-13, 2.14e-10
2018-10-11 01:36:33, 1.09e-12, 2.14e-10
2018-10-11 01:36:37, 1.05e-12, 2.14e-10
2018-10-11 01:36:41, 1.08e-12, 2.13e-10
2018-10-11 01:36:45, 1.06e-12, 2.14e-10
2018-10-11 01:36:50, 1.03e-12, 2.13e-10
2018-10-11 01:36:54, 1.04e-12, 2.14e-10
2018-10-11 01:36:58, 1.14e-12, 2.14e-10
2018-10-11 01:37:02, 1.05e-12, 2.14e-10
2018-10-11 01:37:07, 1.06e-12, 2.14e-10
2018-10-11 01:37:11, 1.06e-12, 2.14e-10
2018-10-11 01:37:15, 1.14e-12, 2.13e-10
2018-10-11 01:37:19, 1.03e-12, 2.13e-10
2018-10-11 01:37:23, 1.07e-12, 2.13e-10
2018-10-11 01:37:28, 1.06e-12, 2.13e-10
2018-10-11 01:37:32, 1.02e-12, 2.13e-10
2018-10-11 01:37:36, 1.15e-12, 2.14e-10
2018-10-11 01:37:40, 9.97e-13, 2.14e-10
2018-10-11 01:37:45, 1.09e-12, 2.13e-10
2018-10-11 01:37:49, 1.1e-12, 2.13e-10
2018-10-11 01:37:53, 9.73e-13, 2.13e-10
2018-10-11 01:37:57, 1.09e-12, 2.14e-10
2018-10-11 01:38:01, 1.06e-12, 2.14e-10
2018-10-11 01:38:06, 1.07e-12, 2.14e-10
2018-10-11 01:38:10, 1.2e-12, 2.14e-10
2018-10-11 01:38:14, 1.11e-12, 2.14e-10
2018-10-11 01:38:18, 1.1e-12, 2.14e-10
2018-10-11 01:38:23, 1.07e-12, 2.14e-10
2018-10-11 01:38:27, 1.07e-12, 2.13e-10
2018-10-11 01:38:31, 1.08e-12, 2.14e-10
2018-10-11 01:38:35, 1.01e-12, 2.14e-10
2018-10-11 01:38:39, 1.12e-12, 2.14e-10
2018-10-11 01:38:44, 1.03e-12, 2.14e-10
2018-10-11 01:38:48, 1.06e-12, 2.13e-10
2018-10-11 01:38:52, 1.08e-12, 2.14e-10
2018-10-11 01:38:56, 1.05e-12, 2.14e-10
2018-10-11 01:39:01, 1.04e-12, 2.14e-10
2018-10-11 01:39:05, 1.2e-12, 2.14e-10
2018-10-11 01:39:09, 1.11e-12, 2.14e-10
2018-10-11 01:39:13, 1.11e-12, 2.14e-10
2018-10-11 01:39:17, 1.05e-12, 2.14e-10
2018-10-11 01:39:22, 1.08e-12, 2.14e-10
2018-10-11 01:39:26, 1.06e-12, 2.14e-10
2018-10-11 01:39:30, 1.11e-12, 2.14e-10
2018-10-11 01:39:34, 1.12e-12, 2.14e-10
2018-10-11 01:39:38, 1.08e-12, 2.14e-10
2018-10-11 01:39:43, 1.03e-12, 2.13e-10
2018-10-11 01:39:47, 1.08e-12, 2.14e-10
2018-10-11 01:39:51, 1.09e-12, 2.14e-10
2018-10-11 01:39:55, 1.05e-12, 2.14e-10
2018-10-11 01:40:00, 1.05e-12, 2.14e-10
2018-10-11 01:40:04, 1.07e-12, 2.14e-10
2018-10-11 01:40:08, 9.79e-13, 2.14e-10
2018-10-11 01:40:12, 1.25e-12, 2.14e-10
2018-10-11 01:40:16, 1.08e-12, 2.14e-10
2018-10-11 01:40:21, 1.05e-12, 2.14e-10
2018-10-11 01:40:25, 1.06e-12, 2.14e-10
2018-10-11 01:40:29, 1.1e-12, 2.14e-10
2018-10-11 01:40:33, 1.11e-12, 2.13e-10
2018-10-11 01:40:38, 1.17e-12, 2.13e-10
2018-10-11 01:40:42, 1.07e-12, 2.13e-10
2018-10-11 01:40:46, 1.07e-12, 2.14e-10
2018-10-11 01:40:50, 1.05e-12, 2.14e-10
2018-10-11 01:40:54, 9.22e-13, 2.14e-10
2018-10-11 01:40:59, 1.02e-12, 2.14e-10
2018-10-11 01:41:03, 1.1e-12, 2.14e-10
2018-10-11 01:41:07, 1.09e-12, 2.14e-10
2018-10-11 01:41:11, 1.05e-12, 2.14e-10
2018-10-11 01:41:16, 9.9e-13, 2.14e-10
2018-10-11 01:41:20, 1.07e-12, 2.14e-10
2018-10-11 01:41:24, 1.06e-12, 2.14e-10
2018-10-11 01:41:28, 1.04e-12, 2.15e-10
2018-10-11 01:41:32, 1.03e-12, 2.14e-10
2018-10-11 01:41:37, 1.07e-12, 2.14e-10
2018-10-11 01:41:41, 1.12e-12, 2.14e-10
2018-10-11 01:41:45, 1.01e-12, 2.14e-10
2018-10-11 01:41:49, 1.07e-12, 2.14e-10
2018-10-11 01:41:54, 1.01e-12, 2.14e-10
2018-10-11 01:41:58, 1.04e-12, 2.14e-10
2018-10-11 01:42:02, 1.09e-12, 2.14e-10
2018-10-11 01:42:06, 1.05e-12, 2.14e-10
2018-10-11 01:42:10, 1.05e-12, 2.14e-10
2018-10-11 01:42:15, 1.2e-12, 2.13e-10
2018-10-11 01:42:19, 1.06e-12, 2.14e-10
2018-10-11 01:42:23, 1.03e-12, 2.14e-10
2018-10-11 01:42:27, 1.09e-12, 2.14e-10
2018-10-11 01:42:32, 1.1e-12, 2.14e-10
2018-10-11 01:42:36, 1.08e-12, 2.14e-10
2018-10-11 01:42:40, 1.07e-12, 2.14e-10
2018-10-11 01:42:44, 1.02e-12, 2.13e-10
2018-10-11 01:42:48, 1.06e-12, 2.14e-10
2018-10-11 01:42:53, 1.07e-12, 2.14e-10
2018-10-11 01:42:57, 1.09e-12, 2.14e-10
2018-10-11 01:43:01, 1.06e-12, 2.14e-10
2018-10-11 01:43:05, 1.09e-12, 2.14e-10
2018-10-11 01:43:10, 1.06e-12, 2.14e-10
2018-10-11 01:43:14, 1.05e-12, 2.14e-10
2018-10-11 01:43:18, 1.13e-12, 2.14e-10
2018-10-11 01:43:22, 1.09e-12, 2.14e-10
2018-10-11 01:43:26, 1.08e-12, 2.14e-10
2018-10-11 01:43:31, 1.05e-12, 2.14e-10
2018-10-11 01:43:35, 1.01e-12, 2.14e-10
2018-10-11 01:43:39, 1.02e-12, 2.14e-10
2018-10-11 01:43:43, 1.08e-12, 2.14e-10
2018-10-11 01:43:48, 1e-12, 2.14e-10
2018-10-11 01:43:52, 1.11e-12, 2.14e-10
2018-10-11 01:43:56, 1.08e-12, 2.14e-10
2018-10-11 01:44:00, 1.08e-12, 2.14e-10
2018-10-11 01:44:04, 1.05e-12, 2.14e-10
2018-10-11 01:44:09, 1.11e-12, 2.14e-10
2018-10-11 01:44:13, 1.03e-12, 2.14e-10
2018-10-11 01:44:17, 1.1e-12, 2.14e-10
2018-10-11 01:44:21, 1.02e-12, 2.14e-10
2018-10-11 01:44:26, 1.09e-12, 2.14e-10
2018-10-11 01:44:30, 1.07e-12, 2.14e-10
2018-10-11 01:44:34, 1.02e-12, 2.14e-10
2018-10-11 01:44:38, 1.03e-12, 2.14e-10
2018-10-11 01:44:42, 1.18e-12, 2.14e-10
2018-10-11 01:44:47, 1.08e-12, 2.14e-10
2018-10-11 01:44:51, 1.05e-12, 2.14e-10
2018-10-11 01:44:55, 1.14e-12, 2.14e-10
2018-10-11 01:44:59, 9.7e-13, 2.14e-10
2018-10-11 01:45:04, 1.04e-12, 2.14e-10
2018-10-11 01:45:08, 1.05e-12, 2.14e-10
2018-10-11 01:45:12, 9.45e-13, 2.14e-10
2018-10-11 01:45:16, 1.05e-12, 2.14e-10
2018-10-11 01:45:20, 1.06e-12, 2.14e-10
2018-10-11 01:45:25, 9.72e-13, 2.14e-10
2018-10-11 01:45:29, 9.86e-13, 2.14e-10
2018-10-11 01:45:33, 1.08e-12, 2.14e-10
2018-10-11 01:45:37, 1.05e-12, 2.14e-10
2018-10-11 01:45:42, 1.1e-12, 2.14e-10
2018-10-11 01:45:46, 1.18e-12, 2.14e-10
2018-10-11 01:45:50, 1.13e-12, 2.14e-10
2018-10-11 01:45:54, 1.09e-12, 2.14e-10
2018-10-11 01:45:58, 1.07e-12, 2.14e-10
2018-10-11 01:46:03, 1.09e-12, 2.14e-10
2018-10-11 01:46:07, 1.01e-12, 2.14e-10
2018-10-11 01:46:11, 1.2e-12, 2.14e-10
2018-10-11 01:46:15, 1.06e-12, 2.14e-10
2018-10-11 01:46:20, 1.03e-12, 2.14e-10
2018-10-11 01:46:24, 1.05e-12, 2.14e-10
2018-10-11 01:46:28, 1.04e-12, 2.14e-10
2018-10-11 01:46:32, 1.03e-12, 2.14e-10
2018-10-11 01:46:36, 1e-12, 2.14e-10
2018-10-11 01:46:41, 1.04e-12, 2.14e-10
2018-10-11 01:46:45, 1.17e-12, 2.15e-10
2018-10-11 01:46:49, 1.05e-12, 2.15e-10
2018-10-11 01:46:53, 9.94e-13, 2.15e-10
2018-10-11 01:46:58, 1.1e-12, 2.15e-10
2018-10-11 01:47:02, 1.02e-12, 2.14e-10
2018-10-11 01:47:06, 1.07e-12, 2.14e-10
2018-10-11 01:47:10, 1.19e-12, 2.14e-10
2018-10-11 01:47:14, 1.06e-12, 2.14e-10
2018-10-11 01:47:19, 1.02e-12, 2.14e-10
2018-10-11 01:47:23, 1.02e-12, 2.14e-10
2018-10-11 01:47:27, 1.08e-12, 2.14e-10
2018-10-11 01:47:31, 1.08e-12, 2.15e-10
2018-10-11 01:47:36, 1.09e-12, 2.14e-10
2018-10-11 01:47:40, 1.08e-12, 2.14e-10
2018-10-11 01:47:44, 1.03e-12, 2.14e-10
2018-10-11 01:47:48, 1.07e-12, 2.14e-10
2018-10-11 01:47:52, 1.03e-12, 2.14e-10
2018-10-11 01:47:57, 1.06e-12, 2.14e-10
2018-10-11 01:48:01, 9.43e-13, 2.14e-10
2018-10-11 01:48:05, 1.05e-12, 2.14e-10
2018-10-11 01:48:09, 1.03e-12, 2.14e-10
2018-10-11 01:48:14, 1.1e-12, 2.14e-10
2018-10-11 01:48:18, 9.99e-13, 2.14e-10
2018-10-11 01:48:22, 1.08e-12, 2.14e-10
2018-10-11 01:48:26, 1.19e-12, 2.14e-10
2018-10-11 01:48:30, 1.1e-12, 2.14e-10
2018-10-11 01:48:35, 1.08e-12, 2.14e-10
2018-10-11 01:48:39, 1.08e-12, 2.14e-10
2018-10-11 01:48:43, 1.08e-12, 2.14e-10
2018-10-11 01:48:47, 1.1e-12, 2.14e-10
2018-10-11 01:48:52, 1.04e-12, 2.14e-10
2018-10-11 01:48:56, 1.03e-12, 2.14e-10
2018-10-11 01:49:00, 1.02e-12, 2.14e-10
2018-10-11 01:49:04, 1.06e-12, 2.14e-10
2018-10-11 01:49:08, 1.11e-12, 2.14e-10
2018-10-11 01:49:13, 1.03e-12, 2.14e-10
2018-10-11 01:49:17, 1.09e-12, 2.14e-10
2018-10-11 01:49:21, 1.2e-12, 2.14e-10
2018-10-11 01:49:25, 1.14e-12, 2.14e-10
2018-10-11 01:49:30, 1.13e-12, 2.14e-10
2018-10-11 01:49:34, 1.07e-12, 2.14e-10
2018-10-11 01:49:38, 1.1e-12, 2.14e-10
2018-10-11 01:49:42, 1.06e-12, 2.14e-10
2018-10-11 01:49:46, 1.04e-12, 2.14e-10
2018-10-11 01:49:51, 1.1e-12, 2.14e-10
2018-10-11 01:49:55, 1.08e-12, 2.14e-10
2018-10-11 01:49:59, 1.06e-12, 2.14e-10
2018-10-11 01:50:03, 1.2e-12, 2.14e-10
2018-10-11 01:50:07, 1.08e-12, 2.14e-10
2018-10-11 01:50:12, 1.05e-12, 2.14e-10
2018-10-11 01:50:16, 9.88e-13, 2.14e-10
2018-10-11 01:50:20, 1.04e-12, 2.14e-10
2018-10-11 01:50:24, 1.03e-12, 2.15e-10
2018-10-11 01:50:29, 1e-12, 2.14e-10
2018-10-11 01:50:33, 1.07e-12, 2.14e-10
2018-10-11 01:50:37, 1.05e-12, 2.15e-10
2018-10-11 01:50:41, 1.07e-12, 2.14e-10
2018-10-11 01:50:45, 1.07e-12, 2.14e-10
2018-10-11 01:50:50, 1.1e-12, 2.15e-10
2018-10-11 01:50:54, 1.02e-12, 2.15e-10
2018-10-11 01:50:58, 1.08e-12, 2.15e-10
2018-10-11 01:51:02, 1.08e-12, 2.14e-10
2018-10-11 01:51:07, 1.03e-12, 2.14e-10
2018-10-11 01:51:11, 1.03e-12, 2.14e-10
2018-10-11 01:51:15, 1.04e-12, 2.14e-10
2018-10-11 01:51:19, 1.14e-12, 2.15e-10
2018-10-11 01:51:23, 1.04e-12, 2.14e-10
2018-10-11 01:51:28, 1.05e-12, 2.14e-10
2018-10-11 01:51:32, 1.06e-12, 2.15e-10
2018-10-11 01:51:36, 1.11e-12, 2.14e-10
2018-10-11 01:51:40, 1e-12, 2.14e-10
2018-10-11 01:51:45, 1.1e-12, 2.14e-10
2018-10-11 01:51:49, 1.12e-12, 2.14e-10
2018-10-11 01:51:53, 1.02e-12, 2.14e-10
2018-10-11 01:51:57, 9.8e-13, 2.14e-10
2018-10-11 01:52:01, 1.08e-12, 2.14e-10
2018-10-11 01:52:06, 9.16e-13, 2.14e-10
2018-10-11 01:52:10, 1.03e-12, 2.14e-10
2018-10-11 01:52:14, 1.05e-12, 2.14e-10
2018-10-11 01:52:18, 1.04e-12, 2.14e-10
2018-10-11 01:52:23, 1.15e-12, 2.14e-10
2018-10-11 01:52:27, 1.07e-12, 2.15e-10
2018-10-11 01:52:31, 1.02e-12, 2.14e-10
2018-10-11 01:52:35, 1.07e-12, 2.14e-10
2018-10-11 01:52:39, 1.04e-12, 2.14e-10
2018-10-11 01:52:44, 1.07e-12, 2.14e-10
2018-10-11 01:52:48, 1.07e-12, 2.14e-10
2018-10-11 01:52:52, 1.06e-12, 2.14e-10
2018-10-11 01:52:56, 1.07e-12, 2.14e-10
2018-10-11 01:53:01, 1.08e-12, 2.14e-10
2018-10-11 01:53:05, 1.07e-12, 2.14e-10
2018-10-11 01:53:09, 1e-12, 2.14e-10
2018-10-11 01:53:13, 1.17e-12, 2.14e-10
2018-10-11 01:53:17, 1.02e-12, 2.14e-10
2018-10-11 01:53:22, 1.14e-12, 2.14e-10
2018-10-11 01:53:26, 1.05e-12, 2.14e-10
2018-10-11 01:53:30, 1.01e-12, 2.15e-10
2018-10-11 01:53:34, 1.09e-12, 2.14e-10
2018-10-11 01:53:39, 1.1e-12, 2.14e-10
2018-10-11 01:53:43, 1.09e-12, 2.15e-10
2018-10-11 01:53:47, 1.19e-12, 2.15e-10
2018-10-11 01:53:51, 1.04e-12, 2.15e-10
2018-10-11 01:53:55, 1.08e-12, 2.14e-10
2018-10-11 01:54:00, 1.03e-12, 2.14e-10
2018-10-11 01:54:04, 1.12e-12, 2.14e-10
2018-10-11 01:54:08, 1.08e-12, 2.14e-10
2018-10-11 01:54:12, 1.07e-12, 2.14e-10
2018-10-11 01:54:17, 1.16e-12, 2.14e-10
2018-10-11 01:54:21, 1.1e-12, 2.15e-10
2018-10-11 01:54:25, 1.1e-12, 2.14e-10
2018-10-11 01:54:29, 1.11e-12, 2.15e-10
2018-10-11 01:54:33, 1.07e-12, 2.14e-10
2018-10-11 01:54:38, 1.06e-12, 2.15e-10
2018-10-11 01:54:42, 1.06e-12, 2.14e-10
2018-10-11 01:54:46, 1e-12, 2.14e-10
2018-10-11 01:54:50, 1.2e-12, 2.14e-10
2018-10-11 01:54:55, 1.01e-12, 2.14e-10
2018-10-11 01:54:59, 1.03e-12, 2.15e-10
2018-10-11 01:55:03, 1.06e-12, 2.14e-10
2018-10-11 01:55:07, 1.1e-12, 2.15e-10
2018-10-11 01:55:11, 1.04e-12, 2.14e-10
2018-10-11 01:55:16, 1.03e-12, 2.15e-10
2018-10-11 01:55:20, 1.02e-12, 2.14e-10
2018-10-11 01:55:24, 1.1e-12, 2.15e-10
2018-10-11 01:55:28, 1.06e-12, 2.15e-10
2018-10-11 01:55:33, 1.05e-12, 2.15e-10
2018-10-11 01:55:37, 1.1e-12, 2.14e-10
2018-10-11 01:55:41, 1.02e-12, 2.14e-10
2018-10-11 01:55:45, 9.69e-13, 2.14e-10
2018-10-11 01:55:49, 1.06e-12, 2.14e-10
2018-10-11 01:55:54, 1.06e-12, 2.15e-10
2018-10-11 01:55:58, 9.66e-13, 2.15e-10
2018-10-11 01:56:02, 1.01e-12, 2.14e-10
2018-10-11 01:56:06, 1.09e-12, 2.14e-10
2018-10-11 01:56:11, 1.02e-12, 2.14e-10
2018-10-11 01:56:15, 1.1e-12, 2.15e-10
2018-10-11 01:56:19, 9.84e-13, 2.15e-10
2018-10-11 01:56:23, 1.1e-12, 2.15e-10
2018-10-11 01:56:27, 1.08e-12, 2.14e-10
2018-10-11 01:56:32, 1.1e-12, 2.14e-10
2018-10-11 01:56:36, 1.02e-12, 2.15e-10
2018-10-11 01:56:40, 9.39e-13, 2.14e-10
2018-10-11 01:56:44, 1.1e-12, 2.14e-10
2018-10-11 01:56:49, 1.05e-12, 2.14e-10
2018-10-11 01:56:53, 1.07e-12, 2.14e-10
2018-10-11 01:56:57, 1.01e-12, 2.14e-10
2018-10-11 01:57:01, 1.13e-12, 2.14e-10
2018-10-11 01:57:05, 1.08e-12, 2.14e-10
2018-10-11 01:57:10, 1.15e-12, 2.14e-10
2018-10-11 01:57:14, 1.08e-12, 2.14e-10
2018-10-11 01:57:18, 1e-12, 2.15e-10
2018-10-11 01:57:22, 1.03e-12, 2.15e-10
2018-10-11 01:57:27, 1.04e-12, 2.14e-10
2018-10-11 01:57:31, 1.04e-12, 2.14e-10
2018-10-11 01:57:35, 1.08e-12, 2.15e-10
2018-10-11 01:57:39, 1.05e-12, 2.14e-10
2018-10-11 01:57:43, 1.04e-12, 2.15e-10
2018-10-11 01:57:48, 1.02e-12, 2.14e-10
2018-10-11 01:57:52, 1.04e-12, 2.14e-10
2018-10-11 01:57:56, 1.07e-12, 2.14e-10
2018-10-11 01:58:00, 1.14e-12, 2.14e-10
2018-10-11 01:58:05, 9.82e-13, 2.15e-10
2018-10-11 01:58:09, 1.03e-12, 2.15e-10
2018-10-11 01:58:13, 1.02e-12, 2.15e-10
2018-10-11 01:58:17, 1.13e-12, 2.15e-10
2018-10-11 01:58:21, 1.03e-12, 2.15e-10
2018-10-11 01:58:26, 1.06e-12, 2.15e-10
2018-10-11 01:58:30, 1.04e-12, 2.15e-10
2018-10-11 01:58:34, 1.08e-12, 2.15e-10
2018-10-11 01:58:38, 1.23e-12, 2.14e-10
2018-10-11 01:58:42, 1.14e-12, 2.14e-10
2018-10-11 01:58:47, 1.24e-12, 2.15e-10
2018-10-11 01:58:51, 1.01e-12, 2.15e-10
2018-10-11 01:58:55, 1.1e-12, 2.15e-10
2018-10-11 01:58:59, 1.07e-12, 2.15e-10
2018-10-11 01:59:04, 1.11e-12, 2.15e-10
2018-10-11 01:59:08, 1.07e-12, 2.14e-10
2018-10-11 01:59:12, 1.03e-12, 2.15e-10
2018-10-11 01:59:16, 1.04e-12, 2.15e-10
2018-10-11 01:59:20, 1.17e-12, 2.15e-10
2018-10-11 01:59:25, 1.16e-12, 2.15e-10
2018-10-11 01:59:29, 1.11e-12, 2.15e-10
2018-10-11 01:59:33, 1.01e-12, 2.14e-10
2018-10-11 01:59:37, 9.94e-13, 2.14e-10
2018-10-11 01:59:42, 1.02e-12, 2.14e-10
2018-10-11 01:59:46, 1.06e-12, 2.15e-10
2018-10-11 01:59:50, 1.09e-12, 2.14e-10
2018-10-11 01:59:54, 1.02e-12, 2.15e-10
2018-10-11 01:59:58, 1.02e-12, 2.15e-10
2018-10-11 02:00:03, 1.05e-12, 2.15e-10
2018-10-11 02:00:07, 1.08e-12, 2.15e-10
2018-10-11 02:00:11, 1.1e-12, 2.15e-10
2018-10-11 02:00:15, 1.09e-12, 2.15e-10
2018-10-11 02:00:20, 9.96e-13, 2.15e-10
2018-10-11 02:00:24, 1.05e-12, 2.14e-10
2018-10-11 02:00:28, 1.05e-12, 2.14e-10
2018-10-11 02:00:32, 1.08e-12, 2.14e-10
2018-10-11 02:00:36, 1.1e-12, 2.14e-10
2018-10-11 02:00:41, 1.05e-12, 2.15e-10
2018-10-11 02:00:45, 1.05e-12, 2.15e-10
2018-10-11 02:00:49, 1.09e-12, 2.15e-10
2018-10-11 02:00:53, 1.06e-12, 2.15e-10
2018-10-11 02:00:58, 1.08e-12, 2.15e-10
2018-10-11 02:01:02, 1.1e-12, 2.15e-10
2018-10-11 02:01:06, 1.1e-12, 2.15e-10
2018-10-11 02:01:10, 1.01e-12, 2.15e-10
2018-10-11 02:01:14, 1.06e-12, 2.15e-10
2018-10-11 02:01:19, 1.03e-12, 2.15e-10
2018-10-11 02:01:23, 1e-12, 2.15e-10
2018-10-11 02:01:27, 1.08e-12, 2.15e-10
2018-10-11 02:01:31, 1.08e-12, 2.15e-10
2018-10-11 02:01:36, 1.09e-12, 2.15e-10
2018-10-11 02:01:40, 1.05e-12, 2.15e-10
2018-10-11 02:01:44, 1.1e-12, 2.15e-10
2018-10-11 02:01:48, 1.09e-12, 2.15e-10
2018-10-11 02:01:52, 1.06e-12, 2.15e-10
2018-10-11 02:01:57, 1.12e-12, 2.15e-10
2018-10-11 02:02:01, 1.15e-12, 2.15e-10
2018-10-11 02:02:05, 1.08e-12, 2.15e-10
2018-10-11 02:02:09, 9.76e-13, 2.15e-10
2018-10-11 02:02:14, 1.13e-12, 2.15e-10
2018-10-11 02:02:18, 9.65e-13, 2.15e-10
2018-10-11 02:02:22, 1.06e-12, 2.15e-10
2018-10-11 02:02:26, 1.07e-12, 2.15e-10
2018-10-11 02:02:30, 1.06e-12, 2.15e-10
2018-10-11 02:02:35, 1.02e-12, 2.15e-10
2018-10-11 02:02:39, 9.84e-13, 2.15e-10
2018-10-11 02:02:43, 1.05e-12, 2.15e-10
2018-10-11 02:02:47, 1.17e-12, 2.15e-10
2018-10-11 02:02:52, 1.02e-12, 2.15e-10
2018-10-11 02:02:56, 1.08e-12, 2.15e-10
2018-10-11 02:03:00, 1e-12, 2.15e-10
2018-10-11 02:03:04, 1.08e-12, 2.15e-10
2018-10-11 02:03:08, 1.05e-12, 2.15e-10
2018-10-11 02:03:13, 1.06e-12, 2.15e-10
2018-10-11 02:03:17, 1.1e-12, 2.15e-10
2018-10-11 02:03:21, 1.12e-12, 2.15e-10
2018-10-11 02:03:25, 1.07e-12, 2.15e-10
2018-10-11 02:03:30, 1.04e-12, 2.15e-10
2018-10-11 02:03:34, 1.14e-12, 2.15e-10
2018-10-11 02:03:38, 1.12e-12, 2.15e-10
2018-10-11 02:03:42, 1.08e-12, 2.15e-10
2018-10-11 02:03:46, 1.13e-12, 2.15e-10
2018-10-11 02:03:51, 1.09e-12, 2.15e-10
2018-10-11 02:03:55, 1.03e-12, 2.15e-10
2018-10-11 02:03:59, 1.06e-12, 2.15e-10
2018-10-11 02:04:03, 1.11e-12, 2.15e-10
2018-10-11 02:04:08, 1.04e-12, 2.15e-10
2018-10-11 02:04:12, 1.03e-12, 2.15e-10
2018-10-11 02:04:16, 1.11e-12, 2.15e-10
2018-10-11 02:04:20, 1.09e-12, 2.15e-10
2018-10-11 02:04:24, 1.08e-12, 2.15e-10
2018-10-11 02:04:29, 1.11e-12, 2.15e-10
2018-10-11 02:04:33, 1.15e-12, 2.15e-10
2018-10-11 02:04:37, 9.99e-13, 2.15e-10
2018-10-11 02:04:41, 1.17e-12, 2.15e-10
2018-10-11 02:04:46, 1.13e-12, 2.15e-10
2018-10-11 02:04:50, 1.08e-12, 2.15e-10
2018-10-11 02:04:54, 1.12e-12, 2.15e-10
2018-10-11 02:04:58, 1.01e-12, 2.15e-10
2018-10-11 02:05:02, 1.09e-12, 2.15e-10
2018-10-11 02:05:07, 1.07e-12, 2.15e-10
2018-10-11 02:05:11, 9.91e-13, 2.15e-10
2018-10-11 02:05:15, 1.06e-12, 2.15e-10
2018-10-11 02:05:19, 1.12e-12, 2.15e-10
2018-10-11 02:05:23, 1.13e-12, 2.15e-10
2018-10-11 02:05:28, 1.12e-12, 2.15e-10
2018-10-11 02:05:32, 1.09e-12, 2.15e-10
2018-10-11 02:05:36, 1.07e-12, 2.15e-10
2018-10-11 02:05:40, 9e-13, 2.15e-10
2018-10-11 02:05:45, 1.01e-12, 2.15e-10
2018-10-11 02:05:49, 1.11e-12, 2.15e-10
2018-10-11 02:05:53, 1.03e-12, 2.16e-10
2018-10-11 02:05:57, 1.06e-12, 2.15e-10
2018-10-11 02:06:01, 1.03e-12, 2.16e-10
2018-10-11 02:06:06, 1.03e-12, 2.16e-10
2018-10-11 02:06:10, 1.07e-12, 2.16e-10
2018-10-11 02:06:14, 1.02e-12, 2.16e-10
2018-10-11 02:06:18, 1.11e-12, 2.16e-10
2018-10-11 02:06:23, 1.08e-12, 2.15e-10
2018-10-11 02:06:27, 1.05e-12, 2.16e-10
2018-10-11 02:06:31, 1.04e-12, 2.16e-10
2018-10-11 02:06:35, 1.04e-12, 2.15e-10
2018-10-11 02:06:39, 1.07e-12, 2.16e-10
2018-10-11 02:06:44, 1.08e-12, 2.16e-10
2018-10-11 02:06:48, 1.03e-12, 2.15e-10
2018-10-11 02:06:52, 1.14e-12, 2.15e-10
2018-10-11 02:06:56, 1.12e-12, 2.15e-10
2018-10-11 02:07:01, 1.07e-12, 2.16e-10
2018-10-11 02:07:05, 1.01e-12, 2.16e-10
2018-10-11 02:07:09, 9.94e-13, 2.15e-10
2018-10-11 02:07:13, 9.14e-13, 2.16e-10
2018-10-11 02:07:17, 1.01e-12, 2.16e-10
2018-10-11 02:07:22, 1.11e-12, 2.16e-10
2018-10-11 02:07:26, 1.08e-12, 2.16e-10
2018-10-11 02:07:30, 1.11e-12, 2.16e-10
2018-10-11 02:07:34, 1.03e-12, 2.16e-10
2018-10-11 02:07:39, 1.02e-12, 2.16e-10
2018-10-11 02:07:43, 9.18e-13, 2.16e-10
2018-10-11 02:07:47, 1.02e-12, 2.16e-10
2018-10-11 02:07:51, 1.12e-12, 2.15e-10
2018-10-11 02:07:55, 1.14e-12, 2.15e-10
2018-10-11 02:08:00, 1.08e-12, 2.16e-10
2018-10-11 02:08:04, 1.18e-12, 2.16e-10
2018-10-11 02:08:08, 1.04e-12, 2.16e-10
2018-10-11 02:08:12, 1.04e-12, 2.16e-10
2018-10-11 02:08:17, 1.12e-12, 2.15e-10
2018-10-11 02:08:21, 1.09e-12, 2.15e-10
2018-10-11 02:08:25, 1.13e-12, 2.15e-10
2018-10-11 02:08:29, 1.04e-12, 2.15e-10
2018-10-11 02:08:33, 1.09e-12, 2.15e-10
2018-10-11 02:08:38, 1.15e-12, 2.16e-10
2018-10-11 02:08:42, 1.07e-12, 2.16e-10
2018-10-11 02:08:46, 1.1e-12, 2.16e-10
2018-10-11 02:08:50, 1.05e-12, 2.16e-10
2018-10-11 02:08:55, 1.07e-12, 2.16e-10
2018-10-11 02:08:59, 1.09e-12, 2.16e-10
2018-10-11 02:09:03, 1.03e-12, 2.16e-10
2018-10-11 02:09:07, 1.07e-12, 2.16e-10
2018-10-11 02:09:11, 1.09e-12, 2.16e-10
2018-10-11 02:09:16, 1.1e-12, 2.16e-10
2018-10-11 02:09:20, 1.11e-12, 2.16e-10
2018-10-11 02:09:24, 1.06e-12, 2.16e-10
2018-10-11 02:09:28, 1.03e-12, 2.16e-10
2018-10-11 02:09:33, 1.06e-12, 2.16e-10
2018-10-11 02:09:37, 1.07e-12, 2.16e-10
2018-10-11 02:09:41, 1.08e-12, 2.16e-10
2018-10-11 02:09:45, 1.05e-12, 2.16e-10
2018-10-11 02:09:49, 1.13e-12, 2.16e-10
2018-10-11 02:09:54, 1.08e-12, 2.16e-10
2018-10-11 02:09:58, 1.12e-12, 2.16e-10
2018-10-11 02:10:02, 1.22e-12, 2.16e-10
2018-10-11 02:10:06, 1.16e-12, 2.16e-10
2018-10-11 02:10:11, 1.03e-12, 2.16e-10
2018-10-11 02:10:15, 1.15e-12, 2.16e-10
2018-10-11 02:10:19, 1.03e-12, 2.16e-10
2018-10-11 02:10:23, 1.09e-12, 2.16e-10
2018-10-11 02:10:27, 1.02e-12, 2.16e-10
2018-10-11 02:10:32, 1.08e-12, 2.16e-10
2018-10-11 02:10:36, 1e-12, 2.16e-10
2018-10-11 02:10:40, 1.01e-12, 2.16e-10
2018-10-11 02:10:44, 9.92e-13, 2.16e-10
2018-10-11 02:10:48, 1.03e-12, 2.16e-10
2018-10-11 02:10:53, 1.06e-12, 2.15e-10
2018-10-11 02:10:57, 1.08e-12, 2.16e-10
2018-10-11 02:11:01, 1.03e-12, 2.16e-10
2018-10-11 02:11:05, 1.07e-12, 2.16e-10
2018-10-11 02:11:10, 1.07e-12, 2.16e-10
2018-10-11 02:11:14, 9.64e-13, 2.16e-10
2018-10-11 02:11:18, 1.02e-12, 2.15e-10
2018-10-11 02:11:22, 1.06e-12, 2.16e-10
2018-10-11 02:11:26, 1.07e-12, 2.16e-10
2018-10-11 02:11:31, 1.2e-12, 2.16e-10
2018-10-11 02:11:35, 1.05e-12, 2.16e-10
2018-10-11 02:11:39, 9.82e-13, 2.16e-10
2018-10-11 02:11:43, 1.08e-12, 2.16e-10
2018-10-11 02:11:48, 1.03e-12, 2.16e-10
2018-10-11 02:11:52, 1.07e-12, 2.16e-10
2018-10-11 02:11:56, 1.08e-12, 2.16e-10
2018-10-11 02:12:00, 1.06e-12, 2.16e-10
2018-10-11 02:12:04, 1.08e-12, 2.16e-10
2018-10-11 02:12:09, 1.09e-12, 2.16e-10
2018-10-11 02:12:13, 1.09e-12, 2.16e-10
2018-10-11 02:12:17, 1.06e-12, 2.16e-10
2018-10-11 02:12:21, 1.04e-12, 2.16e-10
2018-10-11 02:12:26, 1.06e-12, 2.16e-10
2018-10-11 02:12:30, 9.8e-13, 2.16e-10
2018-10-11 02:12:34, 1.08e-12, 2.16e-10
2018-10-11 02:12:38, 1.09e-12, 2.16e-10
2018-10-11 02:12:42, 1.1e-12, 2.16e-10
2018-10-11 02:12:47, 1.1e-12, 2.16e-10
2018-10-11 02:12:51, 1.05e-12, 2.16e-10
2018-10-11 02:12:55, 1e-12, 2.15e-10
2018-10-11 02:12:59, 1.02e-12, 2.16e-10
2018-10-11 02:13:04, 1.08e-12, 2.16e-10
2018-10-11 02:13:08, 1.06e-12, 2.16e-10
2018-10-11 02:13:12, 1.03e-12, 2.16e-10
2018-10-11 02:13:16, 1.07e-12, 2.16e-10
2018-10-11 02:13:20, 1.06e-12, 2.16e-10
2018-10-11 02:13:25, 9.94e-13, 2.16e-10
2018-10-11 02:13:29, 1.07e-12, 2.16e-10
2018-10-11 02:13:33, 1.05e-12, 2.16e-10
2018-10-11 02:13:37, 9.53e-13, 2.16e-10
2018-10-11 02:13:42, 1.04e-12, 2.16e-10
2018-10-11 02:13:46, 1.04e-12, 2.16e-10
2018-10-11 02:13:50, 9.98e-13, 2.16e-10
2018-10-11 02:13:54, 1.09e-12, 2.16e-10
2018-10-11 02:13:58, 1.06e-12, 2.16e-10
2018-10-11 02:14:03, 1.06e-12, 2.16e-10
2018-10-11 02:14:07, 1.12e-12, 2.16e-10
2018-10-11 02:14:11, 1.05e-12, 2.16e-10
2018-10-11 02:14:15, 1.1e-12, 2.16e-10
2018-10-11 02:14:20, 1e-12, 2.16e-10
2018-10-11 02:14:24, 1.04e-12, 2.16e-10
2018-10-11 02:14:28, 1.06e-12, 2.16e-10
2018-10-11 02:14:32, 1.07e-12, 2.16e-10
2018-10-11 02:14:36, 1.12e-12, 2.16e-10
2018-10-11 02:14:41, 1.04e-12, 2.16e-10
2018-10-11 02:14:45, 1.1e-12, 2.16e-10
2018-10-11 02:14:49, 1.09e-12, 2.16e-10
2018-10-11 02:14:53, 1.06e-12, 2.16e-10
2018-10-11 02:14:58, 1.02e-12, 2.16e-10
2018-10-11 02:15:02, 1.12e-12, 2.16e-10
2018-10-11 02:15:06, 1.06e-12, 2.16e-10
2018-10-11 02:15:10, 1.05e-12, 2.16e-10
2018-10-11 02:15:14, 1.06e-12, 2.16e-10
2018-10-11 02:15:19, 1.06e-12, 2.16e-10
2018-10-11 02:15:23, 1.11e-12, 2.16e-10
2018-10-11 02:15:27, 1.06e-12, 2.16e-10
2018-10-11 02:15:31, 1.06e-12, 2.16e-10
2018-10-11 02:15:36, 1.03e-12, 2.16e-10
2018-10-11 02:15:40, 1.07e-12, 2.16e-10
2018-10-11 02:15:44, 1.04e-12, 2.16e-10
2018-10-11 02:15:48, 1.07e-12, 2.16e-10
2018-10-11 02:15:52, 9.94e-13, 2.16e-10
2018-10-11 02:15:57, 1.04e-12, 2.16e-10
2018-10-11 02:16:01, 9.37e-13, 2.16e-10
2018-10-11 02:16:05, 1.08e-12, 2.16e-10
2018-10-11 02:16:09, 1.08e-12, 2.16e-10
2018-10-11 02:16:14, 1.05e-12, 2.16e-10
2018-10-11 02:16:18, 1.01e-12, 2.16e-10
2018-10-11 02:16:22, 1.03e-12, 2.16e-10
2018-10-11 02:16:26, 1.04e-12, 2.16e-10
2018-10-11 02:16:30, 1.07e-12, 2.16e-10
2018-10-11 02:16:35, 1.06e-12, 2.16e-10
2018-10-11 02:16:39, 1.01e-12, 2.16e-10
2018-10-11 02:16:43, 1.13e-12, 2.16e-10
2018-10-11 02:16:47, 1.08e-12, 2.16e-10
2018-10-11 02:16:52, 1.05e-12, 2.16e-10
2018-10-11 02:16:56, 1.05e-12, 2.16e-10
2018-10-11 02:17:00, 1.12e-12, 2.16e-10
2018-10-11 02:17:04, 1.1e-12, 2.16e-10
2018-10-11 02:17:08, 9.91e-13, 2.16e-10
2018-10-11 02:17:13, 1.18e-12, 2.16e-10
2018-10-11 02:17:17, 1.04e-12, 2.16e-10
2018-10-11 02:17:21, 1.09e-12, 2.16e-10
2018-10-11 02:17:25, 1.04e-12, 2.16e-10
2018-10-11 02:17:30, 1e-12, 2.16e-10
2018-10-11 02:17:34, 1.1e-12, 2.16e-10
2018-10-11 02:17:38, 1.1e-12, 2.16e-10
2018-10-11 02:17:42, 1.06e-12, 2.16e-10
2018-10-11 02:17:46, 1.09e-12, 2.17e-10
2018-10-11 02:17:51, 1.07e-12, 2.16e-10
2018-10-11 02:17:55, 1.07e-12, 2.16e-10
2018-10-11 02:17:59, 1e-12, 2.16e-10
2018-10-11 02:18:03, 1.04e-12, 2.16e-10
2018-10-11 02:18:08, 1.09e-12, 2.16e-10
2018-10-11 02:18:12, 1.1e-12, 2.16e-10
2018-10-11 02:18:16, 1.05e-12, 2.16e-10
2018-10-11 02:18:20, 1.03e-12, 2.16e-10
2018-10-11 02:18:24, 1.22e-12, 2.17e-10
2018-10-11 02:18:29, 1.05e-12, 2.16e-10
2018-10-11 02:18:33, 1.05e-12, 2.17e-10
2018-10-11 02:18:37, 1.06e-12, 2.16e-10
2018-10-11 02:18:41, 1.02e-12, 2.16e-10
2018-10-11 02:18:46, 1.07e-12, 2.16e-10
2018-10-11 02:18:50, 1.05e-12, 2.16e-10
2018-10-11 02:18:54, 1.04e-12, 2.16e-10
2018-10-11 02:18:58, 1.04e-12, 2.16e-10
2018-10-11 02:19:02, 1.03e-12, 2.16e-10
2018-10-11 02:19:07, 1.04e-12, 2.16e-10
2018-10-11 02:19:11, 1.09e-12, 2.16e-10
2018-10-11 02:19:15, 1.11e-12, 2.16e-10
2018-10-11 02:19:19, 1.13e-12, 2.16e-10
2018-10-11 02:19:24, 1.13e-12, 2.16e-10
2018-10-11 02:19:28, 1.02e-12, 2.16e-10
2018-10-11 02:19:32, 1.04e-12, 2.16e-10
2018-10-11 02:19:36, 1.12e-12, 2.16e-10
2018-10-11 02:19:40, 1.1e-12, 2.16e-10
2018-10-11 02:19:45, 1.08e-12, 2.16e-10
2018-10-11 02:19:49, 1.12e-12, 2.16e-10
2018-10-11 02:19:53, 1.08e-12, 2.16e-10
2018-10-11 02:19:57, 1.11e-12, 2.16e-10
2018-10-11 02:20:01, 1.02e-12, 2.16e-10
2018-10-11 02:20:06, 1.05e-12, 2.16e-10
2018-10-11 02:20:10, 1.03e-12, 2.16e-10
2018-10-11 02:20:14, 1.03e-12, 2.17e-10
2018-10-11 02:20:18, 1.07e-12, 2.16e-10
2018-10-11 02:20:23, 1.09e-12, 2.16e-10
2018-10-11 02:20:27, 1.08e-12, 2.16e-10
2018-10-11 02:20:31, 1.07e-12, 2.16e-10
2018-10-11 02:20:35, 1.04e-12, 2.16e-10
2018-10-11 02:20:39, 1.07e-12, 2.16e-10
2018-10-11 02:20:44, 1.05e-12, 2.16e-10
2018-10-11 02:20:48, 1.09e-12, 2.16e-10
2018-10-11 02:20:52, 1.13e-12, 2.17e-10
2018-10-11 02:20:56, 1.05e-12, 2.17e-10
2018-10-11 02:21:01, 1.03e-12, 2.17e-10
2018-10-11 02:21:05, 1.07e-12, 2.16e-10
2018-10-11 02:21:09, 1.13e-12, 2.16e-10
2018-10-11 02:21:13, 1.08e-12, 2.17e-10
2018-10-11 02:21:17, 1.05e-12, 2.16e-10
2018-10-11 02:21:22, 1.1e-12, 2.16e-10
2018-10-11 02:21:26, 1.08e-12, 2.16e-10
2018-10-11 02:21:30, 9.48e-13, 2.17e-10
2018-10-11 02:21:34, 1.06e-12, 2.16e-10
2018-10-11 02:21:39, 1.07e-12, 2.16e-10
2018-10-11 02:21:43, 1.06e-12, 2.16e-10
2018-10-11 02:21:47, 1.03e-12, 2.16e-10
2018-10-11 02:21:51, 1.02e-12, 2.16e-10
2018-10-11 02:21:55, 1.03e-12, 2.16e-10
2018-10-11 02:22:00, 1.07e-12, 2.16e-10
2018-10-11 02:22:04, 1.09e-12, 2.17e-10
2018-10-11 02:22:08, 1.07e-12, 2.16e-10
2018-10-11 02:22:12, 1.13e-12, 2.16e-10
2018-10-11 02:22:17, 1.03e-12, 2.16e-10
2018-10-11 02:22:21, 1.07e-12, 2.16e-10
2018-10-11 02:22:25, 1.06e-12, 2.17e-10
2018-10-11 02:22:29, 1.11e-12, 2.16e-10
2018-10-11 02:22:33, 1.07e-12, 2.16e-10
2018-10-11 02:22:38, 1.02e-12, 2.16e-10
2018-10-11 02:22:42, 1.16e-12, 2.16e-10
2018-10-11 02:22:46, 1.11e-12, 2.16e-10
2018-10-11 02:22:50, 1.08e-12, 2.17e-10
2018-10-11 02:22:55, 1.14e-12, 2.16e-10
2018-10-11 02:22:59, 1.08e-12, 2.17e-10
2018-10-11 02:23:03, 1.05e-12, 2.17e-10
2018-10-11 02:23:07, 1.03e-12, 2.16e-10
2018-10-11 02:23:11, 1.14e-12, 2.16e-10
2018-10-11 02:23:16, 1.09e-12, 2.17e-10
2018-10-11 02:23:20, 1.05e-12, 2.17e-10
2018-10-11 02:23:24, 1.04e-12, 2.17e-10
2018-10-11 02:23:28, 1.12e-12, 2.16e-10
2018-10-11 02:23:33, 1.03e-12, 2.16e-10
2018-10-11 02:23:37, 1.06e-12, 2.16e-10
2018-10-11 02:23:41, 1.01e-12, 2.17e-10
2018-10-11 02:23:45, 9.43e-13, 2.16e-10
2018-10-11 02:23:49, 1.07e-12, 2.17e-10
2018-10-11 02:23:54, 1.07e-12, 2.17e-10
2018-10-11 02:23:58, 9.55e-13, 2.16e-10
2018-10-11 02:24:02, 1.05e-12, 2.16e-10
2018-10-11 02:24:06, 1.12e-12, 2.17e-10
2018-10-11 02:24:11, 1.05e-12, 2.16e-10
2018-10-11 02:24:15, 1.02e-12, 2.16e-10
2018-10-11 02:24:19, 1.06e-12, 2.16e-10
2018-10-11 02:24:23, 1.09e-12, 2.17e-10
2018-10-11 02:24:27, 9.99e-13, 2.16e-10
2018-10-11 02:24:32, 1.11e-12, 2.16e-10
2018-10-11 02:24:36, 1.06e-12, 2.17e-10
2018-10-11 02:24:40, 1.06e-12, 2.17e-10
2018-10-11 02:24:44, 1.09e-12, 2.17e-10
2018-10-11 02:24:49, 1.02e-12, 2.16e-10
2018-10-11 02:24:53, 1.06e-12, 2.17e-10
2018-10-11 02:24:57, 1.03e-12, 2.16e-10
2018-10-11 02:25:01, 1.01e-12, 2.16e-10
2018-10-11 02:25:05, 1.12e-12, 2.17e-10
2018-10-11 02:25:10, 1.1e-12, 2.16e-10
2018-10-11 02:25:14, 1.1e-12, 2.16e-10
2018-10-11 02:25:18, 1.25e-12, 2.16e-10
2018-10-11 02:25:22, 1.1e-12, 2.17e-10
2018-10-11 02:25:26, 1.03e-12, 2.16e-10
2018-10-11 02:25:31, 1.09e-12, 2.16e-10
2018-10-11 02:25:35, 1.2e-12, 2.17e-10
2018-10-11 02:25:39, 1.03e-12, 2.17e-10
2018-10-11 02:25:43, 1.03e-12, 2.17e-10
2018-10-11 02:25:48, 1.04e-12, 2.17e-10
2018-10-11 02:25:52, 1.07e-12, 2.17e-10
2018-10-11 02:25:56, 1.06e-12, 2.17e-10
2018-10-11 02:26:00, 1.06e-12, 2.17e-10
2018-10-11 02:26:04, 1.09e-12, 2.17e-10
2018-10-11 02:26:09, 1.06e-12, 2.17e-10
2018-10-11 02:26:13, 1.19e-12, 2.17e-10
2018-10-11 02:26:17, 1.05e-12, 2.16e-10
2018-10-11 02:26:21, 1.07e-12, 2.17e-10
2018-10-11 02:26:26, 1.13e-12, 2.17e-10
2018-10-11 02:26:30, 1.05e-12, 2.17e-10
2018-10-11 02:26:34, 1.23e-12, 2.17e-10
2018-10-11 02:26:38, 1.02e-12, 2.17e-10
2018-10-11 02:26:42, 1.06e-12, 2.17e-10
2018-10-11 02:26:47, 1.05e-12, 2.17e-10
2018-10-11 02:26:51, 1.04e-12, 2.17e-10
2018-10-11 02:26:55, 1.05e-12, 2.17e-10
2018-10-11 02:26:59, 1.02e-12, 2.17e-10
2018-10-11 02:27:04, 1.07e-12, 2.17e-10
2018-10-11 02:27:08, 1.08e-12, 2.17e-10
2018-10-11 02:27:12, 1.04e-12, 2.17e-10
2018-10-11 02:27:16, 1.15e-12, 2.17e-10
2018-10-11 02:27:20, 1.05e-12, 2.17e-10
2018-10-11 02:27:25, 1.09e-12, 2.17e-10
2018-10-11 02:27:29, 1.04e-12, 2.17e-10
2018-10-11 02:27:33, 1.06e-12, 2.17e-10
2018-10-11 02:27:37, 1.1e-12, 2.17e-10
2018-10-11 02:27:42, 1.01e-12, 2.17e-10
2018-10-11 02:27:46, 1.09e-12, 2.17e-10
2018-10-11 02:27:50, 1.07e-12, 2.17e-10
2018-10-11 02:27:54, 1.12e-12, 2.17e-10
2018-10-11 02:27:58, 1.07e-12, 2.17e-10
2018-10-11 02:28:03, 1.17e-12, 2.17e-10
2018-10-11 02:28:07, 1.03e-12, 2.17e-10
2018-10-11 02:28:11, 1.12e-12, 2.17e-10
2018-10-11 02:28:15, 1.08e-12, 2.17e-10
2018-10-11 02:28:20, 1.11e-12, 2.17e-10
2018-10-11 02:28:24, 1.01e-12, 2.17e-10
2018-10-11 02:28:28, 1.03e-12, 2.17e-10
2018-10-11 02:28:32, 1.1e-12, 2.17e-10
2018-10-11 02:28:36, 1.01e-12, 2.17e-10
2018-10-11 02:28:41, 1.05e-12, 2.17e-10
2018-10-11 02:28:45, 1.05e-12, 2.17e-10
2018-10-11 02:28:49, 1.03e-12, 2.17e-10
2018-10-11 02:28:53, 1.17e-12, 2.17e-10
2018-10-11 02:28:58, 1.02e-12, 2.17e-10
2018-10-11 02:29:02, 1.11e-12, 2.17e-10
2018-10-11 02:29:06, 1.04e-12, 2.17e-10
2018-10-11 02:29:10, 1.05e-12, 2.17e-10
2018-10-11 02:29:14, 9.52e-13, 2.17e-10
2018-10-11 02:29:19, 1.05e-12, 2.17e-10
2018-10-11 02:29:23, 1.06e-12, 2.17e-10
2018-10-11 02:29:27, 1.1e-12, 2.17e-10
2018-10-11 02:29:31, 1.13e-12, 2.17e-10
2018-10-11 02:29:36, 1.11e-12, 2.17e-10
2018-10-11 02:29:40, 1.02e-12, 2.17e-10
2018-10-11 02:29:44, 1.1e-12, 2.16e-10
2018-10-11 02:29:48, 1e-12, 2.17e-10
2018-10-11 02:29:52, 1.02e-12, 2.17e-10
2018-10-11 02:29:57, 1.08e-12, 2.17e-10
2018-10-11 02:30:01, 1.08e-12, 2.17e-10
2018-10-11 02:30:05, 1.07e-12, 2.17e-10
2018-10-11 02:30:09, 1.09e-12, 2.17e-10
2018-10-11 02:30:14, 1.05e-12, 2.17e-10
2018-10-11 02:30:18, 1.04e-12, 2.17e-10
2018-10-11 02:30:22, 1.04e-12, 2.17e-10
2018-10-11 02:30:26, 1.01e-12, 2.17e-10
2018-10-11 02:30:30, 1.06e-12, 2.17e-10
2018-10-11 02:30:35, 1.02e-12, 2.17e-10
2018-10-11 02:30:39, 1.06e-12, 2.17e-10
2018-10-11 02:30:43, 1.08e-12, 2.17e-10
2018-10-11 02:30:47, 1.12e-12, 2.17e-10
2018-10-11 02:30:51, 1.02e-12, 2.17e-10
2018-10-11 02:30:56, 1.08e-12, 2.17e-10
2018-10-11 02:31:00, 1.04e-12, 2.17e-10
2018-10-11 02:31:04, 1.02e-12, 2.17e-10
2018-10-11 02:31:08, 1.06e-12, 2.17e-10
2018-10-11 02:31:13, 1.08e-12, 2.17e-10
2018-10-11 02:31:17, 1.12e-12, 2.17e-10
2018-10-11 02:31:21, 1.1e-12, 2.17e-10
2018-10-11 02:31:25, 1.09e-12, 2.17e-10
2018-10-11 02:31:29, 9.85e-13, 2.17e-10
2018-10-11 02:31:34, 1.02e-12, 2.17e-10
2018-10-11 02:31:38, 1.09e-12, 2.17e-10
2018-10-11 02:31:42, 9.86e-13, 2.17e-10
2018-10-11 02:31:46, 1.14e-12, 2.17e-10
2018-10-11 02:31:51, 1.12e-12, 2.17e-10
2018-10-11 02:31:55, 1.1e-12, 2.17e-10
2018-10-11 02:31:59, 1.07e-12, 2.17e-10
2018-10-11 02:32:03, 1.14e-12, 2.17e-10
2018-10-11 02:32:07, 1.12e-12, 2.17e-10
2018-10-11 02:32:12, 1.04e-12, 2.17e-10
2018-10-11 02:32:16, 1.07e-12, 2.17e-10
2018-10-11 02:32:20, 1.09e-12, 2.17e-10
2018-10-11 02:32:24, 1.13e-12, 2.17e-10
2018-10-11 02:32:29, 1.08e-12, 2.17e-10
2018-10-11 02:32:33, 1.07e-12, 2.17e-10
2018-10-11 02:32:37, 1.08e-12, 2.17e-10
2018-10-11 02:32:41, 1.01e-12, 2.17e-10
2018-10-11 02:32:45, 1.06e-12, 2.17e-10
2018-10-11 02:32:50, 1.09e-12, 2.17e-10
2018-10-11 02:32:54, 1.11e-12, 2.17e-10
2018-10-11 02:32:58, 1.04e-12, 2.17e-10
2018-10-11 02:33:02, 1.09e-12, 2.17e-10
2018-10-11 02:33:07, 1.04e-12, 2.17e-10
2018-10-11 02:33:11, 1.12e-12, 2.17e-10
2018-10-11 02:33:15, 1.24e-12, 2.17e-10
2018-10-11 02:33:19, 1.09e-12, 2.17e-10
2018-10-11 02:33:23, 1.09e-12, 2.17e-10
2018-10-11 02:33:28, 1.1e-12, 2.17e-10
2018-10-11 02:33:32, 9.83e-13, 2.17e-10
2018-10-11 02:33:36, 1.05e-12, 2.17e-10
2018-10-11 02:33:40, 1.05e-12, 2.17e-10
2018-10-11 02:33:45, 1.08e-12, 2.17e-10
2018-10-11 02:33:49, 1.09e-12, 2.17e-10
2018-10-11 02:33:53, 1.1e-12, 2.17e-10
2018-10-11 02:33:57, 9.01e-13, 2.17e-10
2018-10-11 02:34:01, 1.03e-12, 2.17e-10
2018-10-11 02:34:06, 1.07e-12, 2.17e-10
2018-10-11 02:34:10, 1.07e-12, 2.17e-10
2018-10-11 02:34:14, 1.1e-12, 2.17e-10
2018-10-11 02:34:18, 1.08e-12, 2.17e-10
2018-10-11 02:34:23, 1.04e-12, 2.17e-10
2018-10-11 02:34:27, 1.1e-12, 2.17e-10
2018-10-11 02:34:31, 1.07e-12, 2.17e-10
2018-10-11 02:34:35, 1.1e-12, 2.17e-10
2018-10-11 02:34:39, 1.09e-12, 2.17e-10
2018-10-11 02:34:44, 1.08e-12, 2.16e-10
2018-10-11 02:34:48, 1.06e-12, 2.17e-10
2018-10-11 02:34:52, 1.09e-12, 2.17e-10
2018-10-11 02:34:56, 1.12e-12, 2.17e-10
2018-10-11 02:35:01, 9.97e-13, 2.17e-10
2018-10-11 02:35:05, 1.1e-12, 2.17e-10
2018-10-11 02:35:09, 1.06e-12, 2.17e-10
2018-10-11 02:35:13, 1.04e-12, 2.17e-10
2018-10-11 02:35:17, 1.09e-12, 2.17e-10
2018-10-11 02:35:22, 1.06e-12, 2.17e-10
2018-10-11 02:35:26, 1.1e-12, 2.17e-10
2018-10-11 02:35:30, 1.05e-12, 2.17e-10
2018-10-11 02:35:34, 1.05e-12, 2.17e-10
2018-10-11 02:35:39, 1.04e-12, 2.17e-10
2018-10-11 02:35:43, 1.11e-12, 2.17e-10
2018-10-11 02:35:47, 1.05e-12, 2.17e-10
2018-10-11 02:35:51, 1.07e-12, 2.17e-10
2018-10-11 02:35:55, 1.06e-12, 2.17e-10
2018-10-11 02:36:00, 1.06e-12, 2.16e-10
2018-10-11 02:36:04, 1.02e-12, 2.16e-10
2018-10-11 02:36:08, 1.05e-12, 2.17e-10
2018-10-11 02:36:12, 1.13e-12, 2.17e-10
2018-10-11 02:36:17, 1.06e-12, 2.16e-10
2018-10-11 02:36:21, 1.02e-12, 2.16e-10
2018-10-11 02:36:25, 1.08e-12, 2.16e-10
2018-10-11 02:36:29, 1.08e-12, 2.17e-10
2018-10-11 02:36:33, 1.06e-12, 2.16e-10
2018-10-11 02:36:38, 1.1e-12, 2.16e-10
2018-10-11 02:36:42, 1.05e-12, 2.17e-10
2018-10-11 02:36:46, 1.05e-12, 2.17e-10
2018-10-11 02:36:50, 1.19e-12, 2.17e-10
2018-10-11 02:36:54, 1.12e-12, 2.17e-10
2018-10-11 02:36:59, 1.03e-12, 2.17e-10
2018-10-11 02:37:03, 1.05e-12, 2.16e-10
2018-10-11 02:37:07, 1.11e-12, 2.17e-10
2018-10-11 02:37:11, 1e-12, 2.17e-10
2018-10-11 02:37:16, 1.06e-12, 2.17e-10
2018-10-11 02:37:20, 1.04e-12, 2.17e-10
2018-10-11 02:37:24, 1.05e-12, 2.17e-10
2018-10-11 02:37:28, 9.58e-13, 2.17e-10
2018-10-11 02:37:32, 9.72e-13, 2.17e-10
2018-10-11 02:37:37, 1.07e-12, 2.16e-10
2018-10-11 02:37:41, 9.58e-13, 2.17e-10
2018-10-11 02:37:45, 1.06e-12, 2.17e-10
2018-10-11 02:37:49, 1.05e-12, 2.17e-10
2018-10-11 02:37:54, 1.09e-12, 2.17e-10
2018-10-11 02:37:58, 1.11e-12, 2.17e-10
2018-10-11 02:38:02, 1.05e-12, 2.17e-10
2018-10-11 02:38:06, 1.24e-12, 2.16e-10
2018-10-11 02:38:10, 1.03e-12, 2.17e-10
2018-10-11 02:38:15, 1.02e-12, 2.16e-10
2018-10-11 02:38:19, 1.04e-12, 2.17e-10
2018-10-11 02:38:23, 1.1e-12, 2.17e-10
2018-10-11 02:38:27, 1.09e-12, 2.17e-10
2018-10-11 02:38:32, 1.11e-12, 2.17e-10
2018-10-11 02:38:36, 1.06e-12, 2.17e-10
2018-10-11 02:38:40, 1.06e-12, 2.16e-10
2018-10-11 02:38:44, 1.09e-12, 2.17e-10
2018-10-11 02:38:48, 1.12e-12, 2.17e-10
2018-10-11 02:38:53, 1.08e-12, 2.17e-10
2018-10-11 02:38:57, 1.07e-12, 2.17e-10
2018-10-11 02:39:01, 1.06e-12, 2.17e-10
2018-10-11 02:39:05, 1.08e-12, 2.17e-10
2018-10-11 02:39:10, 1.02e-12, 2.17e-10
2018-10-11 02:39:14, 1.05e-12, 2.17e-10
2018-10-11 02:39:18, 1.04e-12, 2.17e-10
2018-10-11 02:39:22, 1.25e-12, 2.17e-10
2018-10-11 02:39:26, 1.05e-12, 2.17e-10
2018-10-11 02:39:31, 1.07e-12, 2.17e-10
2018-10-11 02:39:35, 1.05e-12, 2.17e-10
2018-10-11 02:39:39, 1.12e-12, 2.17e-10
2018-10-11 02:39:43, 1.08e-12, 2.17e-10
2018-10-11 02:39:48, 1.07e-12, 2.17e-10
2018-10-11 02:39:52, 9.7e-13, 2.17e-10
2018-10-11 02:39:56, 9.78e-13, 2.17e-10
2018-10-11 02:40:00, 1.08e-12, 2.17e-10
2018-10-11 02:40:04, 1.11e-12, 2.17e-10
2018-10-11 02:40:09, 1.01e-12, 2.17e-10
2018-10-11 02:40:13, 1.13e-12, 2.17e-10
2018-10-11 02:40:17, 1.04e-12, 2.17e-10
2018-10-11 02:40:21, 1.05e-12, 2.17e-10
2018-10-11 02:40:26, 1.08e-12, 2.16e-10
2018-10-11 02:40:30, 1.03e-12, 2.16e-10
2018-10-11 02:40:34, 1.04e-12, 2.17e-10
2018-10-11 02:40:38, 1.09e-12, 2.17e-10
2018-10-11 02:40:42, 1.15e-12, 2.17e-10
2018-10-11 02:40:47, 1.02e-12, 2.17e-10
2018-10-11 02:40:51, 1.1e-12, 2.17e-10
2018-10-11 02:40:55, 1.11e-12, 2.17e-10
2018-10-11 02:40:59, 9.82e-13, 2.17e-10
2018-10-11 02:41:04, 1.03e-12, 2.17e-10
2018-10-11 02:41:08, 1.09e-12, 2.17e-10
2018-10-11 02:41:12, 9.97e-13, 2.17e-10
2018-10-11 02:41:16, 1.13e-12, 2.17e-10
2018-10-11 02:41:20, 1.05e-12, 2.17e-10
2018-10-11 02:41:25, 1.04e-12, 2.17e-10
2018-10-11 02:41:29, 1.08e-12, 2.17e-10
2018-10-11 02:41:33, 1.07e-12, 2.17e-10
2018-10-11 02:41:37, 1.1e-12, 2.17e-10
2018-10-11 02:41:42, 1.03e-12, 2.17e-10
2018-10-11 02:41:46, 1.09e-12, 2.17e-10
2018-10-11 02:41:50, 1.07e-12, 2.17e-10
2018-10-11 02:41:54, 1.06e-12, 2.17e-10
2018-10-11 02:41:58, 1.12e-12, 2.17e-10
2018-10-11 02:42:03, 1.02e-12, 2.17e-10
2018-10-11 02:42:07, 1.06e-12, 2.17e-10
2018-10-11 02:42:11, 1.03e-12, 2.17e-10
2018-10-11 02:42:15, 1.13e-12, 2.17e-10
2018-10-11 02:42:20, 1.09e-12, 2.17e-10
2018-10-11 02:42:24, 1.02e-12, 2.17e-10
2018-10-11 02:42:28, 1.09e-12, 2.17e-10
2018-10-11 02:42:32, 1.12e-12, 2.17e-10
2018-10-11 02:42:36, 1.11e-12, 2.17e-10
2018-10-11 02:42:41, 1.05e-12, 2.17e-10
2018-10-11 02:42:45, 1.01e-12, 2.17e-10
2018-10-11 02:42:49, 1.08e-12, 2.17e-10
2018-10-11 02:42:53, 9.4e-13, 2.17e-10
2018-10-11 02:42:58, 1.14e-12, 2.17e-10
2018-10-11 02:43:02, 1.13e-12, 2.17e-10
2018-10-11 02:43:06, 1.07e-12, 2.17e-10
2018-10-11 02:43:10, 1.11e-12, 2.17e-10
2018-10-11 02:43:14, 1.07e-12, 2.17e-10
2018-10-11 02:43:19, 1.03e-12, 2.17e-10
2018-10-11 02:43:23, 1.06e-12, 2.17e-10
2018-10-11 02:43:27, 9.24e-13, 2.17e-10
2018-10-11 02:43:31, 1.1e-12, 2.17e-10
2018-10-11 02:43:36, 1.09e-12, 2.17e-10
2018-10-11 02:43:40, 1.13e-12, 2.17e-10
2018-10-11 02:43:44, 1.15e-12, 2.17e-10
2018-10-11 02:43:48, 1.13e-12, 2.17e-10
2018-10-11 02:43:52, 1.09e-12, 2.17e-10
2018-10-11 02:43:57, 1.06e-12, 2.17e-10
2018-10-11 02:44:01, 1.08e-12, 2.17e-10
2018-10-11 02:44:05, 1.18e-12, 2.17e-10
2018-10-11 02:44:09, 1.05e-12, 2.17e-10
2018-10-11 02:44:14, 1.04e-12, 2.17e-10
2018-10-11 02:44:18, 1.02e-12, 2.17e-10
2018-10-11 02:44:22, 1.08e-12, 2.17e-10
2018-10-11 02:44:26, 1.06e-12, 2.17e-10
2018-10-11 02:44:30, 1.06e-12, 2.17e-10
2018-10-11 02:44:35, 1.01e-12, 2.17e-10
2018-10-11 02:44:39, 1.05e-12, 2.17e-10
2018-10-11 02:44:43, 1.01e-12, 2.17e-10
2018-10-11 02:44:47, 1.13e-12, 2.17e-10
2018-10-11 02:44:52, 1.11e-12, 2.17e-10
2018-10-11 02:44:56, 1.05e-12, 2.17e-10
2018-10-11 02:45:00, 1.07e-12, 2.17e-10
2018-10-11 02:45:04, 1.09e-12, 2.17e-10
2018-10-11 02:45:08, 1.06e-12, 2.17e-10
2018-10-11 02:45:13, 1.09e-12, 2.17e-10
2018-10-11 02:45:17, 1.03e-12, 2.17e-10
2018-10-11 02:45:21, 1.03e-12, 2.17e-10
2018-10-11 02:45:25, 1.04e-12, 2.17e-10
2018-10-11 02:45:30, 1.06e-12, 2.17e-10
2018-10-11 02:45:34, 1.01e-12, 2.17e-10
2018-10-11 02:45:38, 1.24e-12, 2.17e-10
2018-10-11 02:45:42, 1.05e-12, 2.17e-10
2018-10-11 02:45:46, 1.08e-12, 2.17e-10
2018-10-11 02:45:51, 1.06e-12, 2.17e-10
2018-10-11 02:45:55, 1.01e-12, 2.17e-10
2018-10-11 02:45:59, 1.17e-12, 2.17e-10
2018-10-11 02:46:03, 1.06e-12, 2.17e-10
2018-10-11 02:46:07, 1.06e-12, 2.17e-10
2018-10-11 02:46:12, 1.07e-12, 2.18e-10
2018-10-11 02:46:16, 1.15e-12, 2.18e-10
2018-10-11 02:46:20, 1.12e-12, 2.18e-10
2018-10-11 02:46:24, 1.06e-12, 2.18e-10
2018-10-11 02:46:29, 1.05e-12, 2.18e-10
2018-10-11 02:46:33, 1.08e-12, 2.18e-10
2018-10-11 02:46:37, 1.05e-12, 2.17e-10
2018-10-11 02:46:41, 1.08e-12, 2.17e-10
2018-10-11 02:46:45, 9.73e-13, 2.17e-10
2018-10-11 02:46:50, 1.01e-12, 2.17e-10
2018-10-11 02:46:54, 1.08e-12, 2.17e-10
2018-10-11 02:46:58, 1.07e-12, 2.17e-10
2018-10-11 02:47:02, 1.1e-12, 2.17e-10
2018-10-11 02:47:07, 1.03e-12, 2.17e-10
2018-10-11 02:47:11, 1.08e-12, 2.18e-10
2018-10-11 02:47:15, 1.08e-12, 2.18e-10
2018-10-11 02:47:19, 1.07e-12, 2.18e-10
2018-10-11 02:47:23, 1.05e-12, 2.18e-10
2018-10-11 02:47:28, 9.86e-13, 2.18e-10
2018-10-11 02:47:32, 1.06e-12, 2.17e-10
2018-10-11 02:47:36, 1.09e-12, 2.17e-10
2018-10-11 02:47:40, 1.07e-12, 2.18e-10
2018-10-11 02:47:45, 1.13e-12, 2.18e-10
2018-10-11 02:47:49, 1.02e-12, 2.17e-10
2018-10-11 02:47:53, 1.08e-12, 2.17e-10
2018-10-11 02:47:57, 1.02e-12, 2.17e-10
2018-10-11 02:48:01, 1.06e-12, 2.18e-10
2018-10-11 02:48:06, 1.05e-12, 2.18e-10
2018-10-11 02:48:10, 1.03e-12, 2.18e-10
2018-10-11 02:48:14, 1.13e-12, 2.18e-10
2018-10-11 02:48:18, 1.06e-12, 2.17e-10
2018-10-11 02:48:23, 1.08e-12, 2.17e-10
2018-10-11 02:48:27, 1.09e-12, 2.17e-10
2018-10-11 02:48:31, 1.08e-12, 2.18e-10
2018-10-11 02:48:35, 1.04e-12, 2.17e-10
2018-10-11 02:48:39, 1.08e-12, 2.17e-10
2018-10-11 02:48:44, 1.06e-12, 2.18e-10
2018-10-11 02:48:48, 1.09e-12, 2.17e-10
2018-10-11 02:48:52, 1.12e-12, 2.17e-10
2018-10-11 02:48:56, 1.04e-12, 2.17e-10
2018-10-11 02:49:01, 1.07e-12, 2.17e-10
2018-10-11 02:49:05, 9.9e-13, 2.17e-10
2018-10-11 02:49:09, 1.12e-12, 2.17e-10
2018-10-11 02:49:13, 1.05e-12, 2.17e-10
2018-10-11 02:49:17, 1.02e-12, 2.17e-10
2018-10-11 02:49:22, 1.1e-12, 2.17e-10
2018-10-11 02:49:26, 1.02e-12, 2.17e-10
2018-10-11 02:49:30, 1.06e-12, 2.17e-10
2018-10-11 02:49:34, 1.11e-12, 2.17e-10
2018-10-11 02:49:39, 1.03e-12, 2.18e-10
2018-10-11 02:49:43, 9.98e-13, 2.18e-10
2018-10-11 02:49:47, 1.09e-12, 2.17e-10
2018-10-11 02:49:51, 1.01e-12, 2.17e-10
2018-10-11 02:49:55, 1.09e-12, 2.17e-10
2018-10-11 02:50:00, 1.04e-12, 2.17e-10
2018-10-11 02:50:04, 1.06e-12, 2.17e-10
2018-10-11 02:50:08, 1.02e-12, 2.17e-10
2018-10-11 02:50:12, 1.04e-12, 2.18e-10
2018-10-11 02:50:17, 1.11e-12, 2.17e-10
2018-10-11 02:50:21, 1.04e-12, 2.18e-10
2018-10-11 02:50:25, 1.09e-12, 2.18e-10
2018-10-11 02:50:29, 1.05e-12, 2.18e-10
2018-10-11 02:50:33, 1.03e-12, 2.18e-10
2018-10-11 02:50:38, 1e-12, 2.18e-10
2018-10-11 02:50:42, 1.05e-12, 2.18e-10
2018-10-11 02:50:46, 1.05e-12, 2.17e-10
2018-10-11 02:50:50, 1.14e-12, 2.17e-10
2018-10-11 02:50:55, 1.12e-12, 2.17e-10
2018-10-11 02:50:59, 1.05e-12, 2.17e-10
2018-10-11 02:51:03, 1.13e-12, 2.17e-10
2018-10-11 02:51:07, 1.09e-12, 2.18e-10
2018-10-11 02:51:11, 1.12e-12, 2.18e-10
2018-10-11 02:51:16, 1.09e-12, 2.18e-10
2018-10-11 02:51:20, 1.03e-12, 2.18e-10
2018-10-11 02:51:24, 1.07e-12, 2.18e-10
2018-10-11 02:51:28, 1.06e-12, 2.18e-10
2018-10-11 02:51:33, 1.18e-12, 2.18e-10
2018-10-11 02:51:37, 1.08e-12, 2.18e-10
2018-10-11 02:51:41, 1.03e-12, 2.18e-10
2018-10-11 02:51:45, 1.02e-12, 2.18e-10
2018-10-11 02:51:49, 1.06e-12, 2.18e-10
2018-10-11 02:51:54, 1.08e-12, 2.18e-10
2018-10-11 02:51:58, 1.06e-12, 2.18e-10
2018-10-11 02:52:02, 1.03e-12, 2.18e-10
2018-10-11 02:52:06, 1.07e-12, 2.18e-10
2018-10-11 02:52:11, 1.06e-12, 2.18e-10
2018-10-11 02:52:15, 1.11e-12, 2.17e-10
2018-10-11 02:52:19, 1.12e-12, 2.17e-10
2018-10-11 02:52:23, 1.04e-12, 2.17e-10
2018-10-11 02:52:27, 1.04e-12, 2.17e-10
2018-10-11 02:52:32, 1.09e-12, 2.17e-10
2018-10-11 02:52:36, 1.07e-12, 2.17e-10
2018-10-11 02:52:40, 1.05e-12, 2.17e-10
2018-10-11 02:52:44, 1.14e-12, 2.17e-10
2018-10-11 02:52:49, 1.1e-12, 2.17e-10
2018-10-11 02:52:53, 1.02e-12, 2.18e-10
2018-10-11 02:52:57, 1.05e-12, 2.18e-10
2018-10-11 02:53:01, 1.07e-12, 2.18e-10
2018-10-11 02:53:05, 1.06e-12, 2.18e-10
2018-10-11 02:53:10, 1.06e-12, 2.18e-10
2018-10-11 02:53:14, 1.07e-12, 2.18e-10
2018-10-11 02:53:18, 1.07e-12, 2.18e-10
2018-10-11 02:53:22, 1.03e-12, 2.18e-10
2018-10-11 02:53:27, 1.12e-12, 2.18e-10
2018-10-11 02:53:31, 1.07e-12, 2.17e-10
2018-10-11 02:53:35, 1.06e-12, 2.18e-10
2018-10-11 02:53:39, 1.07e-12, 2.18e-10
2018-10-11 02:53:43, 9.94e-13, 2.17e-10
2018-10-11 02:53:48, 1.04e-12, 2.18e-10
2018-10-11 02:53:52, 1.04e-12, 2.18e-10
2018-10-11 02:53:56, 1.06e-12, 2.18e-10
2018-10-11 02:54:00, 1.1e-12, 2.18e-10
2018-10-11 02:54:05, 1.03e-12, 2.18e-10
2018-10-11 02:54:09, 1.07e-12, 2.18e-10
2018-10-11 02:54:13, 1.04e-12, 2.18e-10
2018-10-11 02:54:17, 1.04e-12, 2.17e-10
2018-10-11 02:54:21, 1.06e-12, 2.18e-10
2018-10-11 02:54:26, 1.03e-12, 2.17e-10
2018-10-11 02:54:30, 1.03e-12, 2.18e-10
2018-10-11 02:54:34, 1.08e-12, 2.18e-10
2018-10-11 02:54:38, 1.1e-12, 2.18e-10
2018-10-11 02:54:43, 1.11e-12, 2.18e-10
2018-10-11 02:54:47, 1.04e-12, 2.17e-10
2018-10-11 02:54:51, 1.03e-12, 2.18e-10
2018-10-11 02:54:55, 1.05e-12, 2.18e-10
2018-10-11 02:54:59, 1.05e-12, 2.18e-10
2018-10-11 02:55:04, 1.02e-12, 2.18e-10
2018-10-11 02:55:08, 1.03e-12, 2.18e-10
2018-10-11 02:55:12, 1.05e-12, 2.18e-10
2018-10-11 02:55:16, 1.03e-12, 2.18e-10
2018-10-11 02:55:21, 1.01e-12, 2.18e-10
2018-10-11 02:55:25, 1.03e-12, 2.18e-10
2018-10-11 02:55:29, 9.77e-13, 2.18e-10
2018-10-11 02:55:33, 1.11e-12, 2.18e-10
2018-10-11 02:55:37, 1.05e-12, 2.18e-10
2018-10-11 02:55:42, 1.03e-12, 2.18e-10
2018-10-11 02:55:46, 1.01e-12, 2.18e-10
2018-10-11 02:55:50, 1.1e-12, 2.18e-10
2018-10-11 02:55:54, 1.04e-12, 2.18e-10
2018-10-11 02:55:59, 1.09e-12, 2.18e-10
2018-10-11 02:56:03, 1.06e-12, 2.18e-10
2018-10-11 02:56:07, 1.06e-12, 2.18e-10
2018-10-11 02:56:11, 1.14e-12, 2.17e-10
2018-10-11 02:56:15, 1.06e-12, 2.18e-10
2018-10-11 02:56:20, 1.05e-12, 2.17e-10
2018-10-11 02:56:24, 1.03e-12, 2.18e-10
2018-10-11 02:56:28, 1.06e-12, 2.18e-10
2018-10-11 02:56:32, 1.06e-12, 2.18e-10
2018-10-11 02:56:37, 1.09e-12, 2.18e-10
2018-10-11 02:56:41, 1.24e-12, 2.18e-10
2018-10-11 02:56:45, 1.03e-12, 2.18e-10
2018-10-11 02:56:49, 1.08e-12, 2.18e-10
2018-10-11 02:56:53, 1.07e-12, 2.18e-10
2018-10-11 02:56:58, 1.05e-12, 2.18e-10
2018-10-11 02:57:02, 1.03e-12, 2.18e-10
2018-10-11 02:57:06, 9.98e-13, 2.18e-10
2018-10-11 02:57:10, 1.05e-12, 2.18e-10
2018-10-11 02:57:15, 1.06e-12, 2.18e-10
2018-10-11 02:57:19, 1.05e-12, 2.18e-10
2018-10-11 02:57:23, 1.06e-12, 2.18e-10
2018-10-11 02:57:27, 1.08e-12, 2.18e-10
2018-10-11 02:57:31, 1.08e-12, 2.18e-10
2018-10-11 02:57:36, 1.07e-12, 2.18e-10
2018-10-11 02:57:40, 9.93e-13, 2.18e-10
2018-10-11 02:57:44, 1.06e-12, 2.18e-10
2018-10-11 02:57:48, 1.07e-12, 2.18e-10
2018-10-11 02:57:52, 1.02e-12, 2.18e-10
2018-10-11 02:57:57, 1.04e-12, 2.17e-10
2018-10-11 02:58:01, 1.1e-12, 2.17e-10
2018-10-11 02:58:05, 9.89e-13, 2.18e-10
2018-10-11 02:58:09, 1.12e-12, 2.17e-10
2018-10-11 02:58:14, 1.09e-12, 2.18e-10
2018-10-11 02:58:18, 1.04e-12, 2.18e-10
2018-10-11 02:58:22, 1.06e-12, 2.17e-10
2018-10-11 02:58:26, 1.26e-12, 2.18e-10
2018-10-11 02:58:30, 1.08e-12, 2.18e-10
2018-10-11 02:58:35, 1.07e-12, 2.18e-10
2018-10-11 02:58:39, 1.19e-12, 2.18e-10
2018-10-11 02:58:43, 1.18e-12, 2.18e-10
2018-10-11 02:58:47, 1e-12, 2.18e-10
2018-10-11 02:58:52, 1.05e-12, 2.18e-10
2018-10-11 02:58:56, 9.76e-13, 2.18e-10
2018-10-11 02:59:00, 1.09e-12, 2.18e-10
2018-10-11 02:59:04, 1.1e-12, 2.18e-10
2018-10-11 02:59:08, 1.03e-12, 2.18e-10
2018-10-11 02:59:13, 1.02e-12, 2.18e-10
2018-10-11 02:59:17, 1.09e-12, 2.18e-10
2018-10-11 02:59:21, 1.06e-12, 2.17e-10
2018-10-11 02:59:25, 1.08e-12, 2.17e-10
2018-10-11 02:59:30, 1.11e-12, 2.18e-10
2018-10-11 02:59:34, 1.01e-12, 2.18e-10
2018-10-11 02:59:38, 1.04e-12, 2.18e-10
2018-10-11 02:59:42, 1.04e-12, 2.18e-10
2018-10-11 02:59:46, 1.02e-12, 2.17e-10
2018-10-11 02:59:51, 1.09e-12, 2.18e-10
2018-10-11 02:59:55, 1.03e-12, 2.18e-10
2018-10-11 02:59:59, 1.07e-12, 2.17e-10
2018-10-11 03:00:03, 1.18e-12, 2.17e-10
2018-10-11 03:00:08, 1.09e-12, 2.18e-10
2018-10-11 03:00:12, 1.12e-12, 2.18e-10
2018-10-11 03:00:16, 1.05e-12, 2.18e-10
2018-10-11 03:00:20, 8.8e-13, 2.17e-10
2018-10-11 03:00:24, 1.05e-12, 2.18e-10
2018-10-11 03:00:29, 1.02e-12, 2.18e-10
2018-10-11 03:00:33, 9.77e-13, 2.17e-10
2018-10-11 03:00:37, 1.09e-12, 2.18e-10
2018-10-11 03:00:41, 1.08e-12, 2.18e-10
2018-10-11 03:00:46, 1.09e-12, 2.18e-10
2018-10-11 03:00:50, 1.1e-12, 2.18e-10
2018-10-11 03:00:54, 1.01e-12, 2.18e-10
2018-10-11 03:00:58, 1.1e-12, 2.18e-10
2018-10-11 03:01:02, 1.09e-12, 2.18e-10
2018-10-11 03:01:07, 1.11e-12, 2.18e-10
2018-10-11 03:01:11, 1.05e-12, 2.18e-10
2018-10-11 03:01:15, 1.1e-12, 2.18e-10
2018-10-11 03:01:19, 1.08e-12, 2.18e-10
2018-10-11 03:01:24, 1.09e-12, 2.18e-10
2018-10-11 03:01:28, 1.1e-12, 2.18e-10
2018-10-11 03:01:32, 1.07e-12, 2.18e-10
2018-10-11 03:01:36, 1.03e-12, 2.18e-10
2018-10-11 03:01:40, 1.05e-12, 2.18e-10
2018-10-11 03:01:45, 1.08e-12, 2.18e-10
2018-10-11 03:01:49, 1.13e-12, 2.18e-10
2018-10-11 03:01:53, 1.05e-12, 2.18e-10
2018-10-11 03:01:57, 1.1e-12, 2.18e-10
2018-10-11 03:02:02, 1.05e-12, 2.18e-10
2018-10-11 03:02:06, 1.05e-12, 2.18e-10
2018-10-11 03:02:10, 1.06e-12, 2.18e-10
2018-10-11 03:02:14, 1.03e-12, 2.17e-10
2018-10-11 03:02:18, 1.04e-12, 2.17e-10
2018-10-11 03:02:23, 1.08e-12, 2.18e-10
2018-10-11 03:02:27, 1.05e-12, 2.18e-10
2018-10-11 03:02:31, 1.15e-12, 2.17e-10
2018-10-11 03:02:35, 1.11e-12, 2.18e-10
2018-10-11 03:02:40, 1.03e-12, 2.18e-10
2018-10-11 03:02:44, 1.03e-12, 2.18e-10
2018-10-11 03:02:48, 1.16e-12, 2.18e-10
2018-10-11 03:02:52, 1.1e-12, 2.18e-10
2018-10-11 03:02:56, 1.12e-12, 2.18e-10
2018-10-11 03:03:01, 1.07e-12, 2.18e-10
2018-10-11 03:03:05, 1.07e-12, 2.18e-10
2018-10-11 03:03:09, 1.1e-12, 2.18e-10
2018-10-11 03:03:13, 1.07e-12, 2.18e-10
2018-10-11 03:03:18, 1.11e-12, 2.17e-10
2018-10-11 03:03:22, 1.01e-12, 2.18e-10
2018-10-11 03:03:26, 1.11e-12, 2.17e-10
2018-10-11 03:03:30, 1.02e-12, 2.18e-10
2018-10-11 03:03:34, 1.03e-12, 2.18e-10
2018-10-11 03:03:39, 1.05e-12, 2.18e-10
2018-10-11 03:03:43, 1.05e-12, 2.17e-10
2018-10-11 03:03:47, 1.07e-12, 2.18e-10
2018-10-11 03:03:51, 1.04e-12, 2.18e-10
2018-10-11 03:03:56, 1.09e-12, 2.18e-10
2018-10-11 03:04:00, 1.08e-12, 2.18e-10
2018-10-11 03:04:04, 1.05e-12, 2.18e-10
2018-10-11 03:04:08, 1.08e-12, 2.18e-10
2018-10-11 03:04:12, 1.04e-12, 2.18e-10
2018-10-11 03:04:17, 1.15e-12, 2.19e-10
2018-10-11 03:04:21, 1.09e-12, 2.18e-10
2018-10-11 03:04:25, 1.12e-12, 2.18e-10
2018-10-11 03:04:29, 1.12e-12, 2.18e-10
2018-10-11 03:04:34, 1.04e-12, 2.18e-10
2018-10-11 03:04:38, 1.07e-12, 2.18e-10
2018-10-11 03:04:42, 1e-12, 2.18e-10
2018-10-11 03:04:46, 9.11e-13, 2.18e-10
2018-10-11 03:04:51, 1.16e-12, 2.18e-10
2018-10-11 03:04:55, 1.04e-12, 2.18e-10
2018-10-11 03:04:59, 1.04e-12, 2.18e-10
2018-10-11 03:05:03, 1.04e-12, 2.18e-10
2018-10-11 03:05:07, 1.11e-12, 2.18e-10
2018-10-11 03:05:12, 1.08e-12, 2.18e-10
2018-10-11 03:05:16, 1.1e-12, 2.18e-10
2018-10-11 03:05:20, 1.04e-12, 2.19e-10
2018-10-11 03:05:24, 1.1e-12, 2.19e-10
2018-10-11 03:05:29, 1.09e-12, 2.18e-10
2018-10-11 03:05:33, 1.19e-12, 2.18e-10
2018-10-11 03:05:37, 1.07e-12, 2.18e-10
2018-10-11 03:05:41, 9.55e-13, 2.19e-10
2018-10-11 03:05:45, 1.1e-12, 2.18e-10
2018-10-11 03:05:50, 1.07e-12, 2.18e-10
2018-10-11 03:05:54, 1.13e-12, 2.19e-10
2018-10-11 03:05:58, 1.02e-12, 2.18e-10
2018-10-11 03:06:02, 1.11e-12, 2.19e-10
2018-10-11 03:06:07, 1.09e-12, 2.18e-10
2018-10-11 03:06:11, 1e-12, 2.18e-10
2018-10-11 03:06:15, 1.11e-12, 2.18e-10
2018-10-11 03:06:19, 9.66e-13, 2.18e-10
2018-10-11 03:06:23, 1.07e-12, 2.18e-10
2018-10-11 03:06:28, 1.06e-12, 2.18e-10
2018-10-11 03:06:32, 1.15e-12, 2.18e-10
2018-10-11 03:06:36, 1.07e-12, 2.19e-10
2018-10-11 03:06:40, 1.04e-12, 2.18e-10
2018-10-11 03:06:45, 1.07e-12, 2.19e-10
2018-10-11 03:06:49, 1.07e-12, 2.19e-10
2018-10-11 03:06:53, 1.11e-12, 2.19e-10
2018-10-11 03:06:57, 1.07e-12, 2.19e-10
2018-10-11 03:07:01, 1.03e-12, 2.19e-10
2018-10-11 03:07:06, 1.06e-12, 2.19e-10
2018-10-11 03:07:10, 1.07e-12, 2.19e-10
2018-10-11 03:07:14, 9.73e-13, 2.18e-10
2018-10-11 03:07:18, 1.07e-12, 2.19e-10
2018-10-11 03:07:23, 1.08e-12, 2.19e-10
2018-10-11 03:07:27, 1.04e-12, 2.19e-10
2018-10-11 03:07:31, 1.15e-12, 2.19e-10
2018-10-11 03:07:35, 1.17e-12, 2.19e-10
2018-10-11 03:07:39, 1.04e-12, 2.19e-10
2018-10-11 03:07:44, 1.03e-12, 2.19e-10
2018-10-11 03:07:48, 1.11e-12, 2.19e-10
2018-10-11 03:07:52, 1.1e-12, 2.19e-10
2018-10-11 03:07:56, 1.04e-12, 2.19e-10
2018-10-11 03:08:01, 1.05e-12, 2.19e-10
2018-10-11 03:08:05, 9.4e-13, 2.19e-10
2018-10-11 03:08:09, 9.47e-13, 2.18e-10
2018-10-11 03:08:13, 1.09e-12, 2.19e-10
2018-10-11 03:08:17, 1.04e-12, 2.19e-10
2018-10-11 03:08:22, 1.02e-12, 2.19e-10
2018-10-11 03:08:26, 1.1e-12, 2.19e-10
2018-10-11 03:08:30, 1.13e-12, 2.18e-10
2018-10-11 03:08:34, 1.11e-12, 2.19e-10
2018-10-11 03:08:39, 1.03e-12, 2.18e-10
2018-10-11 03:08:43, 1.04e-12, 2.18e-10
2018-10-11 03:08:47, 1.03e-12, 2.18e-10
2018-10-11 03:08:51, 1.09e-12, 2.19e-10
2018-10-11 03:08:55, 1.02e-12, 2.19e-10
2018-10-11 03:09:00, 1.1e-12, 2.19e-10
2018-10-11 03:09:04, 1.13e-12, 2.19e-10
2018-10-11 03:09:08, 1.13e-12, 2.19e-10
2018-10-11 03:09:12, 1.08e-12, 2.19e-10
2018-10-11 03:09:17, 9.37e-13, 2.19e-10
2018-10-11 03:09:21, 1.12e-12, 2.19e-10
2018-10-11 03:09:25, 1.14e-12, 2.19e-10
2018-10-11 03:09:29, 1.06e-12, 2.19e-10
2018-10-11 03:09:33, 1.22e-12, 2.18e-10
2018-10-11 03:09:38, 1.07e-12, 2.19e-10
2018-10-11 03:09:42, 1.08e-12, 2.19e-10
2018-10-11 03:09:46, 1.05e-12, 2.19e-10
2018-10-11 03:09:50, 1.15e-12, 2.19e-10
2018-10-11 03:09:55, 1.04e-12, 2.19e-10
2018-10-11 03:09:59, 1.07e-12, 2.19e-10
2018-10-11 03:10:03, 1.09e-12, 2.19e-10
2018-10-11 03:10:07, 1.1e-12, 2.19e-10
2018-10-11 03:10:11, 1.09e-12, 2.19e-10
2018-10-11 03:10:16, 1.06e-12, 2.19e-10
2018-10-11 03:10:20, 1.1e-12, 2.19e-10
2018-10-11 03:10:24, 1.06e-12, 2.19e-10
2018-10-11 03:10:28, 9.93e-13, 2.19e-10
2018-10-11 03:10:33, 1.01e-12, 2.19e-10
2018-10-11 03:10:37, 1.11e-12, 2.19e-10
2018-10-11 03:10:41, 1.06e-12, 2.19e-10
2018-10-11 03:10:45, 9.79e-13, 2.19e-10
2018-10-11 03:10:49, 1.03e-12, 2.19e-10
2018-10-11 03:10:54, 1.11e-12, 2.19e-10
2018-10-11 03:10:58, 1.09e-12, 2.19e-10
2018-10-11 03:11:02, 1.02e-12, 2.19e-10
2018-10-11 03:11:06, 1.05e-12, 2.19e-10
2018-10-11 03:11:11, 1.05e-12, 2.19e-10
2018-10-11 03:11:15, 1.03e-12, 2.19e-10
2018-10-11 03:11:19, 1.1e-12, 2.19e-10
2018-10-11 03:11:23, 1.03e-12, 2.19e-10
2018-10-11 03:11:27, 1.13e-12, 2.19e-10
2018-10-11 03:11:32, 1.06e-12, 2.19e-10
2018-10-11 03:11:36, 1.07e-12, 2.19e-10
2018-10-11 03:11:40, 1.07e-12, 2.19e-10
2018-10-11 03:11:44, 1.08e-12, 2.19e-10
2018-10-11 03:11:49, 1.02e-12, 2.19e-10
2018-10-11 03:11:53, 1.07e-12, 2.19e-10
2018-10-11 03:11:57, 9.98e-13, 2.19e-10
2018-10-11 03:12:01, 1.03e-12, 2.19e-10
2018-10-11 03:12:05, 1.05e-12, 2.19e-10
2018-10-11 03:12:10, 1.12e-12, 2.19e-10
2018-10-11 03:12:14, 1.11e-12, 2.19e-10
2018-10-11 03:12:18, 1.1e-12, 2.19e-10
2018-10-11 03:12:22, 1.21e-12, 2.19e-10
2018-10-11 03:12:27, 1.08e-12, 2.19e-10
2018-10-11 03:12:31, 1.06e-12, 2.19e-10
2018-10-11 03:12:35, 1.11e-12, 2.19e-10
2018-10-11 03:12:39, 1.07e-12, 2.19e-10
2018-10-11 03:12:43, 1.07e-12, 2.18e-10
2018-10-11 03:12:48, 1.05e-12, 2.19e-10
2018-10-11 03:12:52, 1.06e-12, 2.19e-10
2018-10-11 03:12:56, 1.03e-12, 2.18e-10
2018-10-11 03:13:00, 1.05e-12, 2.18e-10
2018-10-11 03:13:05, 1.07e-12, 2.19e-10
2018-10-11 03:13:09, 1.06e-12, 2.19e-10
2018-10-11 03:13:13, 1.11e-12, 2.19e-10
2018-10-11 03:13:17, 1.09e-12, 2.19e-10
2018-10-11 03:13:21, 1.1e-12, 2.19e-10
2018-10-11 03:13:26, 1.07e-12, 2.19e-10
2018-10-11 03:13:30, 1.09e-12, 2.19e-10
2018-10-11 03:13:34, 1.13e-12, 2.19e-10
2018-10-11 03:13:38, 1.09e-12, 2.19e-10
2018-10-11 03:13:42, 9.57e-13, 2.19e-10
2018-10-11 03:13:47, 1.11e-12, 2.19e-10
2018-10-11 03:13:51, 1.08e-12, 2.19e-10
2018-10-11 03:13:55, 1.04e-12, 2.19e-10
2018-10-11 03:13:59, 1.11e-12, 2.19e-10
2018-10-11 03:14:04, 9.98e-13, 2.19e-10
2018-10-11 03:14:08, 1.09e-12, 2.19e-10
2018-10-11 03:14:12, 1.1e-12, 2.19e-10
2018-10-11 03:14:16, 1.06e-12, 2.19e-10
2018-10-11 03:14:20, 1.12e-12, 2.19e-10
2018-10-11 03:14:25, 1.03e-12, 2.19e-10
2018-10-11 03:14:29, 1.04e-12, 2.19e-10
2018-10-11 03:14:33, 1.08e-12, 2.19e-10
2018-10-11 03:14:37, 1.08e-12, 2.19e-10
2018-10-11 03:14:42, 1.11e-12, 2.19e-10
2018-10-11 03:14:46, 1.02e-12, 2.19e-10
2018-10-11 03:14:50, 1.03e-12, 2.19e-10
2018-10-11 03:14:54, 1.05e-12, 2.19e-10
2018-10-11 03:14:58, 1.07e-12, 2.19e-10
2018-10-11 03:15:03, 1.15e-12, 2.19e-10
2018-10-11 03:15:07, 1.21e-12, 2.19e-10
2018-10-11 03:15:11, 1.03e-12, 2.19e-10
2018-10-11 03:15:15, 1.1e-12, 2.18e-10
2018-10-11 03:15:20, 1.08e-12, 2.18e-10
2018-10-11 03:15:24, 1.11e-12, 2.19e-10
2018-10-11 03:15:28, 1e-12, 2.19e-10
2018-10-11 03:15:32, 1.08e-12, 2.19e-10
2018-10-11 03:15:36, 1.03e-12, 2.19e-10
2018-10-11 03:15:41, 1.06e-12, 2.19e-10
2018-10-11 03:15:45, 1.06e-12, 2.19e-10
2018-10-11 03:15:49, 1.03e-12, 2.19e-10
2018-10-11 03:15:53, 1.03e-12, 2.19e-10
2018-10-11 03:15:58, 1.08e-12, 2.19e-10
2018-10-11 03:16:02, 1.01e-12, 2.19e-10
2018-10-11 03:16:06, 1.01e-12, 2.2e-10
2018-10-11 03:16:10, 1.05e-12, 2.19e-10
2018-10-11 03:16:14, 1.04e-12, 2.19e-10
2018-10-11 03:16:19, 1.07e-12, 2.19e-10
2018-10-11 03:16:23, 1.03e-12, 2.19e-10
2018-10-11 03:16:27, 9.33e-13, 2.19e-10
2018-10-11 03:16:31, 1.07e-12, 2.19e-10
2018-10-11 03:16:36, 1.07e-12, 2.19e-10
2018-10-11 03:16:40, 1.08e-12, 2.19e-10
2018-10-11 03:16:44, 1.05e-12, 2.19e-10
2018-10-11 03:16:48, 1.13e-12, 2.19e-10
2018-10-11 03:16:52, 9.4e-13, 2.19e-10
2018-10-11 03:16:57, 1.08e-12, 2.19e-10
2018-10-11 03:17:01, 1.09e-12, 2.19e-10
2018-10-11 03:17:05, 1.05e-12, 2.19e-10
2018-10-11 03:17:09, 1.1e-12, 2.19e-10
2018-10-11 03:17:14, 1.05e-12, 2.19e-10
2018-10-11 03:17:18, 1.07e-12, 2.19e-10
2018-10-11 03:17:22, 1.05e-12, 2.19e-10
2018-10-11 03:17:26, 1.07e-12, 2.19e-10
2018-10-11 03:17:30, 1.11e-12, 2.19e-10
2018-10-11 03:17:35, 1.13e-12, 2.18e-10
2018-10-11 03:17:39, 1.07e-12, 2.19e-10
2018-10-11 03:17:43, 1.08e-12, 2.19e-10
2018-10-11 03:17:47, 1.04e-12, 2.19e-10
2018-10-11 03:17:52, 1.09e-12, 2.19e-10
2018-10-11 03:17:56, 1.08e-12, 2.19e-10
2018-10-11 03:18:00, 1.08e-12, 2.19e-10
2018-10-11 03:18:04, 1.02e-12, 2.18e-10
2018-10-11 03:18:08, 1.08e-12, 2.18e-10
2018-10-11 03:18:13, 1.02e-12, 2.18e-10
2018-10-11 03:18:17, 1.03e-12, 2.18e-10
2018-10-11 03:18:21, 1.15e-12, 2.18e-10
2018-10-11 03:18:25, 1.07e-12, 2.19e-10
2018-10-11 03:18:29, 1.11e-12, 2.18e-10
2018-10-11 03:18:34, 1.07e-12, 2.19e-10
2018-10-11 03:18:38, 1.1e-12, 2.19e-10
2018-10-11 03:18:42, 1.06e-12, 2.19e-10
2018-10-11 03:18:46, 1.05e-12, 2.18e-10
2018-10-11 03:18:51, 1.11e-12, 2.18e-10
2018-10-11 03:18:55, 1.08e-12, 2.18e-10
2018-10-11 03:18:59, 1.1e-12, 2.19e-10
2018-10-11 03:19:03, 1.08e-12, 2.18e-10
2018-10-11 03:19:07, 1.02e-12, 2.19e-10
2018-10-11 03:19:12, 1.21e-12, 2.19e-10
2018-10-11 03:19:16, 1.16e-12, 2.19e-10
2018-10-11 03:19:20, 1.11e-12, 2.19e-10
2018-10-11 03:19:24, 1.08e-12, 2.19e-10
2018-10-11 03:19:29, 1.01e-12, 2.18e-10
2018-10-11 03:19:33, 1.06e-12, 2.19e-10
2018-10-11 03:19:37, 1.05e-12, 2.18e-10
2018-10-11 03:19:41, 1.09e-12, 2.19e-10
2018-10-11 03:19:45, 1.1e-12, 2.19e-10
2018-10-11 03:19:50, 1.09e-12, 2.19e-10
2018-10-11 03:19:54, 1.01e-12, 2.19e-10
2018-10-11 03:19:58, 1.12e-12, 2.19e-10
2018-10-11 03:20:02, 1.06e-12, 2.18e-10
2018-10-11 03:20:07, 1.02e-12, 2.18e-10
2018-10-11 03:20:11, 1.08e-12, 2.19e-10
2018-10-11 03:20:15, 1.05e-12, 2.19e-10
2018-10-11 03:20:19, 1.05e-12, 2.19e-10
2018-10-11 03:20:23, 1.09e-12, 2.19e-10
2018-10-11 03:20:28, 1.05e-12, 2.19e-10
2018-10-11 03:20:32, 1.05e-12, 2.19e-10
2018-10-11 03:20:36, 1.09e-12, 2.19e-10
2018-10-11 03:20:40, 1.05e-12, 2.19e-10
2018-10-11 03:20:45, 1.06e-12, 2.19e-10
2018-10-11 03:20:49, 1.06e-12, 2.19e-10
2018-10-11 03:20:53, 1.08e-12, 2.19e-10
2018-10-11 03:20:57, 1.05e-12, 2.19e-10
2018-10-11 03:21:01, 1.11e-12, 2.19e-10
2018-10-11 03:21:06, 1.06e-12, 2.19e-10
2018-10-11 03:21:10, 1.07e-12, 2.19e-10
2018-10-11 03:21:14, 1.06e-12, 2.19e-10
2018-10-11 03:21:18, 1.05e-12, 2.19e-10
2018-10-11 03:21:23, 1.06e-12, 2.19e-10
2018-10-11 03:21:27, 1.06e-12, 2.19e-10
2018-10-11 03:21:31, 1.04e-12, 2.19e-10
2018-10-11 03:21:35, 1.05e-12, 2.19e-10
2018-10-11 03:21:39, 1.08e-12, 2.19e-10
2018-10-11 03:21:44, 1.09e-12, 2.19e-10
2018-10-11 03:21:48, 1.04e-12, 2.19e-10
2018-10-11 03:21:52, 1.04e-12, 2.19e-10
2018-10-11 03:21:56, 1.1e-12, 2.19e-10
2018-10-11 03:22:01, 1.06e-12, 2.19e-10
2018-10-11 03:22:05, 1.08e-12, 2.19e-10
2018-10-11 03:22:09, 1.13e-12, 2.19e-10
2018-10-11 03:22:13, 1.02e-12, 2.19e-10
2018-10-11 03:22:17, 1.08e-12, 2.19e-10
2018-10-11 03:22:22, 1.2e-12, 2.18e-10
2018-10-11 03:22:26, 1.09e-12, 2.18e-10
2018-10-11 03:22:30, 9.35e-13, 2.18e-10
2018-10-11 03:22:34, 1.01e-12, 2.18e-10
2018-10-11 03:22:39, 1.06e-12, 2.18e-10
2018-10-11 03:22:43, 1.06e-12, 2.18e-10
2018-10-11 03:22:47, 1.08e-12, 2.18e-10
2018-10-11 03:22:51, 1.07e-12, 2.18e-10
2018-10-11 03:22:55, 1.03e-12, 2.19e-10
2018-10-11 03:23:00, 1.13e-12, 2.19e-10
2018-10-11 03:23:04, 1.06e-12, 2.19e-10
2018-10-11 03:23:08, 1.1e-12, 2.19e-10
2018-10-11 03:23:12, 1.07e-12, 2.19e-10
2018-10-11 03:23:17, 1.11e-12, 2.19e-10
2018-10-11 03:23:21, 1.07e-12, 2.19e-10
2018-10-11 03:23:25, 1.02e-12, 2.18e-10
2018-10-11 03:23:29, 1.01e-12, 2.18e-10
2018-10-11 03:23:33, 1.04e-12, 2.18e-10
2018-10-11 03:23:38, 1.05e-12, 2.18e-10
2018-10-11 03:23:42, 1.04e-12, 2.18e-10
2018-10-11 03:23:46, 1.11e-12, 2.19e-10
2018-10-11 03:23:50, 1.09e-12, 2.18e-10
2018-10-11 03:23:55, 1.01e-12, 2.18e-10
2018-10-11 03:23:59, 9.8e-13, 2.19e-10
2018-10-11 03:24:03, 1.03e-12, 2.19e-10
2018-10-11 03:24:07, 1.07e-12, 2.18e-10
2018-10-11 03:24:11, 9.17e-13, 2.18e-10
2018-10-11 03:24:16, 1.03e-12, 2.19e-10
2018-10-11 03:24:20, 1.1e-12, 2.19e-10
2018-10-11 03:24:24, 1.15e-12, 2.19e-10
2018-10-11 03:24:28, 1.11e-12, 2.18e-10
2018-10-11 03:24:33, 1.02e-12, 2.19e-10
2018-10-11 03:24:37, 1.15e-12, 2.18e-10
2018-10-11 03:24:41, 1.1e-12, 2.18e-10
2018-10-11 03:24:45, 1.08e-12, 2.18e-10
2018-10-11 03:24:49, 1.11e-12, 2.18e-10
2018-10-11 03:24:54, 1.06e-12, 2.18e-10
2018-10-11 03:24:58, 1.1e-12, 2.18e-10
2018-10-11 03:25:02, 1.05e-12, 2.18e-10
2018-10-11 03:25:06, 1.14e-12, 2.18e-10
2018-10-11 03:25:11, 1.05e-12, 2.18e-10
2018-10-11 03:25:15, 1.13e-12, 2.18e-10
2018-10-11 03:25:19, 1.09e-12, 2.19e-10
2018-10-11 03:25:23, 1.06e-12, 2.18e-10
2018-10-11 03:25:27, 1.12e-12, 2.18e-10
2018-10-11 03:25:32, 1.11e-12, 2.19e-10
2018-10-11 03:25:36, 1.05e-12, 2.18e-10
2018-10-11 03:25:40, 1.02e-12, 2.18e-10
2018-10-11 03:25:44, 1.04e-12, 2.19e-10
2018-10-11 03:25:49, 1.08e-12, 2.18e-10
2018-10-11 03:25:53, 1.05e-12, 2.18e-10
2018-10-11 03:25:57, 1.09e-12, 2.18e-10
2018-10-11 03:26:01, 1.12e-12, 2.18e-10
2018-10-11 03:26:05, 1.04e-12, 2.18e-10
2018-10-11 03:26:10, 1.06e-12, 2.18e-10
2018-10-11 03:26:14, 1.17e-12, 2.18e-10
2018-10-11 03:26:18, 1.01e-12, 2.18e-10
2018-10-11 03:26:22, 1.08e-12, 2.18e-10
2018-10-11 03:26:27, 1.08e-12, 2.18e-10
2018-10-11 03:26:31, 1.11e-12, 2.19e-10
2018-10-11 03:26:35, 1.06e-12, 2.19e-10
2018-10-11 03:26:39, 1.07e-12, 2.18e-10
2018-10-11 03:26:43, 1.03e-12, 2.19e-10
2018-10-11 03:26:48, 1.1e-12, 2.19e-10
2018-10-11 03:26:52, 1.09e-12, 2.18e-10
2018-10-11 03:26:56, 1.03e-12, 2.18e-10
2018-10-11 03:27:00, 1.04e-12, 2.18e-10
2018-10-11 03:27:05, 1.03e-12, 2.18e-10
2018-10-11 03:27:09, 1.09e-12, 2.18e-10
2018-10-11 03:27:13, 1.21e-12, 2.18e-10
2018-10-11 03:27:17, 1.07e-12, 2.18e-10
2018-10-11 03:27:21, 1.09e-12, 2.18e-10
2018-10-11 03:27:26, 1.13e-12, 2.19e-10
2018-10-11 03:27:30, 1.14e-12, 2.18e-10
2018-10-11 03:27:34, 1.08e-12, 2.19e-10
2018-10-11 03:27:38, 1.08e-12, 2.19e-10
2018-10-11 03:27:43, 1.07e-12, 2.19e-10
2018-10-11 03:27:47, 1.04e-12, 2.18e-10
2018-10-11 03:27:51, 1.09e-12, 2.19e-10
2018-10-11 03:27:55, 1.06e-12, 2.19e-10
2018-10-11 03:27:59, 1.03e-12, 2.19e-10
2018-10-11 03:28:04, 1.08e-12, 2.19e-10
2018-10-11 03:28:08, 1.29e-12, 2.18e-10
2018-10-11 03:28:12, 1.14e-12, 2.18e-10
2018-10-11 03:28:16, 1.03e-12, 2.18e-10
2018-10-11 03:28:21, 1.06e-12, 2.18e-10
2018-10-11 03:28:25, 9.63e-13, 2.18e-10
2018-10-11 03:28:29, 1.1e-12, 2.19e-10
2018-10-11 03:28:33, 1.06e-12, 2.19e-10
2018-10-11 03:28:37, 1.04e-12, 2.19e-10
2018-10-11 03:28:42, 1.16e-12, 2.18e-10
2018-10-11 03:28:46, 1.07e-12, 2.18e-10
2018-10-11 03:28:50, 1.05e-12, 2.18e-10
2018-10-11 03:28:54, 1.06e-12, 2.18e-10
2018-10-11 03:28:59, 9.98e-13, 2.18e-10
2018-10-11 03:29:03, 8.77e-13, 2.19e-10
2018-10-11 03:29:07, 1.06e-12, 2.19e-10
2018-10-11 03:29:11, 1.07e-12, 2.18e-10
2018-10-11 03:29:15, 1e-12, 2.18e-10
2018-10-11 03:29:20, 1.06e-12, 2.18e-10
2018-10-11 03:29:24, 1.08e-12, 2.18e-10
2018-10-11 03:29:28, 1.07e-12, 2.18e-10
2018-10-11 03:29:32, 1.02e-12, 2.18e-10
2018-10-11 03:29:36, 1.1e-12, 2.18e-10
2018-10-11 03:29:41, 1.09e-12, 2.19e-10
2018-10-11 03:29:45, 1.19e-12, 2.18e-10
2018-10-11 03:29:49, 1.19e-12, 2.18e-10
2018-10-11 03:29:53, 1.05e-12, 2.18e-10
2018-10-11 03:29:58, 1.05e-12, 2.18e-10
2018-10-11 03:30:02, 1.11e-12, 2.18e-10
2018-10-11 03:30:06, 1.06e-12, 2.18e-10
2018-10-11 03:30:10, 1.04e-12, 2.18e-10
2018-10-11 03:30:14, 1.04e-12, 2.18e-10
2018-10-11 03:30:19, 9.94e-13, 2.18e-10
2018-10-11 03:30:23, 1.19e-12, 2.18e-10
2018-10-11 03:30:27, 1.04e-12, 2.18e-10
2018-10-11 03:30:31, 1.06e-12, 2.18e-10
2018-10-11 03:30:36, 1.07e-12, 2.18e-10
2018-10-11 03:30:40, 1.08e-12, 2.19e-10
2018-10-11 03:30:44, 1.1e-12, 2.19e-10
2018-10-11 03:30:48, 1.1e-12, 2.18e-10
2018-10-11 03:30:53, 1.07e-12, 2.19e-10
2018-10-11 03:30:57, 1.02e-12, 2.18e-10
2018-10-11 03:31:01, 1.13e-12, 2.18e-10
2018-10-11 03:31:05, 1.04e-12, 2.18e-10
2018-10-11 03:31:09, 1.1e-12, 2.18e-10
2018-10-11 03:31:14, 1.03e-12, 2.18e-10
2018-10-11 03:31:18, 1.06e-12, 2.18e-10
2018-10-11 03:31:22, 1.01e-12, 2.18e-10
2018-10-11 03:31:26, 1.06e-12, 2.18e-10
2018-10-11 03:31:31, 1.08e-12, 2.18e-10
2018-10-11 03:31:35, 9.91e-13, 2.18e-10
2018-10-11 03:31:39, 1.07e-12, 2.19e-10
2018-10-11 03:31:43, 1.03e-12, 2.18e-10
2018-10-11 03:31:47, 1.16e-12, 2.18e-10
2018-10-11 03:31:52, 9.36e-13, 2.18e-10
2018-10-11 03:31:56, 1.19e-12, 2.18e-10
2018-10-11 03:32:00, 1.1e-12, 2.18e-10
2018-10-11 03:32:04, 1.07e-12, 2.18e-10
2018-10-11 03:32:09, 1.11e-12, 2.18e-10
2018-10-11 03:32:13, 1.1e-12, 2.19e-10
2018-10-11 03:32:17, 1.04e-12, 2.18e-10
2018-10-11 03:32:21, 1.1e-12, 2.18e-10
2018-10-11 03:32:25, 1.13e-12, 2.18e-10
2018-10-11 03:32:30, 1.03e-12, 2.18e-10
2018-10-11 03:32:34, 1.04e-12, 2.18e-10
2018-10-11 03:32:38, 1.06e-12, 2.18e-10
2018-10-11 03:32:42, 1.05e-12, 2.18e-10
2018-10-11 03:32:47, 1.06e-12, 2.18e-10
2018-10-11 03:32:51, 1.08e-12, 2.18e-10
2018-10-11 03:32:55, 1.1e-12, 2.18e-10
2018-10-11 03:32:59, 1.01e-12, 2.18e-10
2018-10-11 03:33:03, 1.04e-12, 2.18e-10
2018-10-11 03:33:08, 1.04e-12, 2.18e-10
2018-10-11 03:33:12, 1.03e-12, 2.18e-10
2018-10-11 03:33:16, 1.07e-12, 2.18e-10
2018-10-11 03:33:20, 1.03e-12, 2.18e-10
2018-10-11 03:33:24, 1.05e-12, 2.18e-10
2018-10-11 03:33:29, 1.2e-12, 2.18e-10
2018-10-11 03:33:33, 1.12e-12, 2.18e-10
2018-10-11 03:33:37, 1.05e-12, 2.18e-10
2018-10-11 03:33:41, 1.02e-12, 2.18e-10
2018-10-11 03:33:46, 1.03e-12, 2.18e-10
2018-10-11 03:33:50, 1.04e-12, 2.18e-10
2018-10-11 03:33:54, 1.08e-12, 2.18e-10
2018-10-11 03:33:58, 1.01e-12, 2.18e-10
2018-10-11 03:34:02, 1.06e-12, 2.18e-10
2018-10-11 03:34:07, 1.03e-12, 2.18e-10
2018-10-11 03:34:11, 9.78e-13, 2.18e-10
2018-10-11 03:34:15, 1.08e-12, 2.18e-10
2018-10-11 03:34:19, 1.07e-12, 2.18e-10
2018-10-11 03:34:24, 1.02e-12, 2.19e-10
2018-10-11 03:34:28, 1.1e-12, 2.18e-10
2018-10-11 03:34:32, 1.04e-12, 2.18e-10
2018-10-11 03:34:36, 1.16e-12, 2.18e-10
2018-10-11 03:34:40, 1.05e-12, 2.19e-10
2018-10-11 03:34:45, 1.09e-12, 2.18e-10
2018-10-11 03:34:49, 1.02e-12, 2.18e-10
2018-10-11 03:34:53, 1.08e-12, 2.18e-10
2018-10-11 03:34:57, 1.12e-12, 2.18e-10
2018-10-11 03:35:02, 1.05e-12, 2.18e-10
2018-10-11 03:35:06, 1.07e-12, 2.18e-10
2018-10-11 03:35:10, 1.13e-12, 2.18e-10
2018-10-11 03:35:14, 9.96e-13, 2.18e-10
2018-10-11 03:35:18, 1.11e-12, 2.18e-10
2018-10-11 03:35:23, 1.11e-12, 2.18e-10
2018-10-11 03:35:27, 1.13e-12, 2.18e-10
2018-10-11 03:35:31, 1.04e-12, 2.18e-10
2018-10-11 03:35:35, 1.06e-12, 2.18e-10
2018-10-11 03:35:40, 1.12e-12, 2.18e-10
2018-10-11 03:35:44, 1.09e-12, 2.18e-10
2018-10-11 03:35:48, 1.05e-12, 2.18e-10
2018-10-11 03:35:52, 1.01e-12, 2.18e-10
2018-10-11 03:35:56, 1.07e-12, 2.18e-10
2018-10-11 03:36:01, 1.04e-12, 2.18e-10
2018-10-11 03:36:05, 1.02e-12, 2.18e-10
2018-10-11 03:36:09, 1.08e-12, 2.18e-10
2018-10-11 03:36:13, 1.03e-12, 2.18e-10
2018-10-11 03:36:18, 9.5e-13, 2.18e-10
2018-10-11 03:36:22, 1.12e-12, 2.18e-10
2018-10-11 03:36:26, 1.02e-12, 2.18e-10
2018-10-11 03:36:30, 1.05e-12, 2.18e-10
2018-10-11 03:36:34, 1.11e-12, 2.18e-10
2018-10-11 03:36:39, 1.02e-12, 2.18e-10
2018-10-11 03:36:43, 1.03e-12, 2.18e-10
2018-10-11 03:36:47, 1.04e-12, 2.18e-10
2018-10-11 03:36:51, 1.08e-12, 2.18e-10
2018-10-11 03:36:56, 1.08e-12, 2.18e-10
2018-10-11 03:37:00, 1.08e-12, 2.18e-10
2018-10-11 03:37:04, 1.07e-12, 2.18e-10
2018-10-11 03:37:08, 1.03e-12, 2.18e-10
2018-10-11 03:37:12, 1.07e-12, 2.18e-10
2018-10-11 03:37:17, 1.05e-12, 2.18e-10
2018-10-11 03:37:21, 1.03e-12, 2.18e-10
2018-10-11 03:37:25, 1.05e-12, 2.18e-10
2018-10-11 03:37:29, 9.97e-13, 2.18e-10
2018-10-11 03:37:34, 1.06e-12, 2.18e-10
2018-10-11 03:37:38, 1.07e-12, 2.18e-10
2018-10-11 03:37:42, 1.01e-12, 2.18e-10
2018-10-11 03:37:46, 1.07e-12, 2.18e-10
2018-10-11 03:37:50, 1.03e-12, 2.18e-10
2018-10-11 03:37:55, 1.04e-12, 2.18e-10
2018-10-11 03:37:59, 1.21e-12, 2.18e-10
2018-10-11 03:38:03, 1.22e-12, 2.18e-10
2018-10-11 03:38:07, 1.09e-12, 2.18e-10
2018-10-11 03:38:12, 1.03e-12, 2.18e-10
2018-10-11 03:38:16, 1.08e-12, 2.18e-10
2018-10-11 03:38:20, 1.11e-12, 2.18e-10
2018-10-11 03:38:24, 1.1e-12, 2.18e-10
2018-10-11 03:38:28, 1.04e-12, 2.18e-10
2018-10-11 03:38:33, 1.16e-12, 2.18e-10
2018-10-11 03:38:37, 1.09e-12, 2.18e-10
2018-10-11 03:38:41, 1.05e-12, 2.18e-10
2018-10-11 03:38:45, 1.07e-12, 2.18e-10
2018-10-11 03:38:50, 1.01e-12, 2.18e-10
2018-10-11 03:38:54, 1.13e-12, 2.18e-10
2018-10-11 03:38:58, 1.08e-12, 2.18e-10
2018-10-11 03:39:02, 1.1e-12, 2.18e-10
2018-10-11 03:39:06, 9.86e-13, 2.18e-10
2018-10-11 03:39:11, 9.79e-13, 2.18e-10
2018-10-11 03:39:15, 1.05e-12, 2.18e-10
2018-10-11 03:39:19, 1.04e-12, 2.18e-10
2018-10-11 03:39:23, 1.03e-12, 2.18e-10
2018-10-11 03:39:28, 1.18e-12, 2.18e-10
2018-10-11 03:39:32, 1e-12, 2.18e-10
2018-10-11 03:39:36, 1.07e-12, 2.18e-10
2018-10-11 03:39:40, 1.07e-12, 2.18e-10
2018-10-11 03:39:44, 1.13e-12, 2.18e-10
2018-10-11 03:39:49, 1.04e-12, 2.18e-10
2018-10-11 03:39:53, 1.01e-12, 2.18e-10
2018-10-11 03:39:57, 1.1e-12, 2.19e-10
2018-10-11 03:40:01, 1.06e-12, 2.19e-10
2018-10-11 03:40:06, 1.09e-12, 2.19e-10
2018-10-11 03:40:10, 1.03e-12, 2.19e-10
2018-10-11 03:40:14, 1.1e-12, 2.19e-10
2018-10-11 03:40:18, 1.07e-12, 2.19e-10
2018-10-11 03:40:22, 1.04e-12, 2.19e-10
2018-10-11 03:40:27, 1.05e-12, 2.19e-10
2018-10-11 03:40:31, 1.12e-12, 2.19e-10
2018-10-11 03:40:35, 1.07e-12, 2.19e-10
2018-10-11 03:40:39, 1.12e-12, 2.18e-10
2018-10-11 03:40:44, 1.19e-12, 2.18e-10
2018-10-11 03:40:48, 1.09e-12, 2.19e-10
2018-10-11 03:40:52, 1.03e-12, 2.19e-10
2018-10-11 03:40:56, 9.36e-13, 2.19e-10
2018-10-11 03:41:00, 1.13e-12, 2.19e-10
2018-10-11 03:41:05, 1.13e-12, 2.19e-10
2018-10-11 03:41:09, 1.2e-12, 2.19e-10
2018-10-11 03:41:13, 1.09e-12, 2.19e-10
2018-10-11 03:41:17, 1.02e-12, 2.19e-10
2018-10-11 03:41:22, 9.96e-13, 2.19e-10
2018-10-11 03:41:26, 1.09e-12, 2.18e-10
2018-10-11 03:41:30, 1.07e-12, 2.19e-10
2018-10-11 03:41:34, 1.04e-12, 2.18e-10
2018-10-11 03:41:38, 1.09e-12, 2.19e-10
2018-10-11 03:41:43, 1.07e-12, 2.19e-10
2018-10-11 03:41:47, 1.02e-12, 2.19e-10
2018-10-11 03:41:51, 9.88e-13, 2.19e-10
2018-10-11 03:41:55, 1.06e-12, 2.19e-10
2018-10-11 03:42:00, 1.08e-12, 2.19e-10
2018-10-11 03:42:04, 1.12e-12, 2.18e-10
2018-10-11 03:42:08, 1.07e-12, 2.18e-10
2018-10-11 03:42:12, 1.1e-12, 2.19e-10
2018-10-11 03:42:16, 1.08e-12, 2.19e-10
2018-10-11 03:42:21, 1.09e-12, 2.18e-10
2018-10-11 03:42:25, 1.06e-12, 2.19e-10
2018-10-11 03:42:29, 1.17e-12, 2.19e-10
2018-10-11 03:42:33, 1.07e-12, 2.18e-10
2018-10-11 03:42:38, 1.04e-12, 2.18e-10
2018-10-11 03:42:42, 1.06e-12, 2.18e-10
2018-10-11 03:42:46, 1.09e-12, 2.19e-10
2018-10-11 03:42:50, 1.09e-12, 2.19e-10
2018-10-11 03:42:54, 1e-12, 2.18e-10
2018-10-11 03:42:59, 1.06e-12, 2.19e-10
2018-10-11 03:43:03, 1.08e-12, 2.19e-10
2018-10-11 03:43:07, 1.03e-12, 2.19e-10
2018-10-11 03:43:11, 1.12e-12, 2.19e-10
2018-10-11 03:43:15, 1.05e-12, 2.19e-10
2018-10-11 03:43:20, 1.02e-12, 2.19e-10
2018-10-11 03:43:24, 1.05e-12, 2.19e-10
2018-10-11 03:43:28, 1.19e-12, 2.19e-10
2018-10-11 03:43:32, 1.01e-12, 2.19e-10
2018-10-11 03:43:37, 1.06e-12, 2.19e-10
2018-10-11 03:43:41, 1.03e-12, 2.19e-10
2018-10-11 03:43:45, 1.02e-12, 2.19e-10
2018-10-11 03:43:49, 1.05e-12, 2.19e-10
2018-10-11 03:43:53, 1.09e-12, 2.19e-10
2018-10-11 03:43:58, 1.01e-12, 2.19e-10
2018-10-11 03:44:02, 1.03e-12, 2.19e-10
2018-10-11 03:44:06, 1.05e-12, 2.19e-10
2018-10-11 03:44:10, 1.03e-12, 2.19e-10
2018-10-11 03:44:15, 1.13e-12, 2.19e-10
2018-10-11 03:44:19, 1.09e-12, 2.19e-10
2018-10-11 03:44:23, 1.02e-12, 2.19e-10
2018-10-11 03:44:27, 1.06e-12, 2.18e-10
2018-10-11 03:44:31, 1.09e-12, 2.19e-10
2018-10-11 03:44:36, 1.22e-12, 2.19e-10
2018-10-11 03:44:40, 8.84e-13, 2.19e-10
2018-10-11 03:44:44, 9.49e-13, 2.19e-10
2018-10-11 03:44:48, 1.08e-12, 2.18e-10
2018-10-11 03:44:53, 1.07e-12, 2.19e-10
2018-10-11 03:44:57, 1.05e-12, 2.19e-10
2018-10-11 03:45:01, 1.04e-12, 2.19e-10
2018-10-11 03:45:05, 1.03e-12, 2.18e-10
2018-10-11 03:45:09, 1.14e-12, 2.18e-10
2018-10-11 03:45:14, 1.11e-12, 2.19e-10
2018-10-11 03:45:18, 1.03e-12, 2.19e-10
2018-10-11 03:45:22, 9.08e-13, 2.19e-10
2018-10-11 03:45:26, 1.1e-12, 2.19e-10
2018-10-11 03:45:31, 1.14e-12, 2.19e-10
2018-10-11 03:45:35, 1.14e-12, 2.19e-10
2018-10-11 03:45:39, 1.06e-12, 2.19e-10
2018-10-11 03:45:43, 1.07e-12, 2.19e-10
2018-10-11 03:45:47, 1.09e-12, 2.19e-10
2018-10-11 03:45:52, 1.15e-12, 2.19e-10
2018-10-11 03:45:56, 1.06e-12, 2.19e-10
2018-10-11 03:46:00, 9.99e-13, 2.19e-10
2018-10-11 03:46:04, 1.11e-12, 2.19e-10
2018-10-11 03:46:09, 9.36e-13, 2.19e-10
2018-10-11 03:46:13, 1.04e-12, 2.19e-10
2018-10-11 03:46:17, 9.74e-13, 2.19e-10
2018-10-11 03:46:21, 1.06e-12, 2.19e-10
2018-10-11 03:46:25, 1.02e-12, 2.19e-10
2018-10-11 03:46:30, 1.08e-12, 2.19e-10
2018-10-11 03:46:34, 1.02e-12, 2.19e-10
2018-10-11 03:46:38, 1.11e-12, 2.19e-10
2018-10-11 03:46:42, 9.53e-13, 2.19e-10
2018-10-11 03:46:47, 1.08e-12, 2.19e-10
2018-10-11 03:46:51, 1.21e-12, 2.19e-10
2018-10-11 03:46:55, 1.12e-12, 2.19e-10
2018-10-11 03:46:59, 1.13e-12, 2.19e-10
2018-10-11 03:47:03, 1.07e-12, 2.19e-10
2018-10-11 03:47:08, 1.12e-12, 2.19e-10
2018-10-11 03:47:12, 1.01e-12, 2.19e-10
2018-10-11 03:47:16, 1.07e-12, 2.19e-10
2018-10-11 03:47:20, 1.06e-12, 2.19e-10
2018-10-11 03:47:25, 1.06e-12, 2.19e-10
2018-10-11 03:47:29, 1.18e-12, 2.19e-10
2018-10-11 03:47:33, 1.08e-12, 2.19e-10
2018-10-11 03:47:37, 1.04e-12, 2.19e-10
2018-10-11 03:47:41, 1.06e-12, 2.19e-10
2018-10-11 03:47:46, 1.07e-12, 2.19e-10
2018-10-11 03:47:50, 1.04e-12, 2.19e-10
2018-10-11 03:47:54, 1.06e-12, 2.19e-10
2018-10-11 03:47:58, 1.09e-12, 2.19e-10
2018-10-11 03:48:03, 9.88e-13, 2.19e-10
2018-10-11 03:48:07, 1.08e-12, 2.19e-10
2018-10-11 03:48:11, 1.06e-12, 2.19e-10
2018-10-11 03:48:15, 1.06e-12, 2.19e-10
2018-10-11 03:48:19, 9.87e-13, 2.19e-10
2018-10-11 03:48:24, 1.17e-12, 2.19e-10
2018-10-11 03:48:28, 1.03e-12, 2.19e-10
2018-10-11 03:48:32, 1.1e-12, 2.19e-10
2018-10-11 03:48:36, 1.12e-12, 2.19e-10
2018-10-11 03:48:41, 1.07e-12, 2.19e-10
2018-10-11 03:48:45, 1.12e-12, 2.19e-10
2018-10-11 03:48:49, 1.08e-12, 2.18e-10
2018-10-11 03:48:53, 1.09e-12, 2.19e-10
2018-10-11 03:48:57, 1.09e-12, 2.19e-10
2018-10-11 03:49:02, 1.03e-12, 2.19e-10
2018-10-11 03:49:06, 1.01e-12, 2.19e-10
2018-10-11 03:49:10, 1.06e-12, 2.19e-10
2018-10-11 03:49:14, 1.18e-12, 2.19e-10
2018-10-11 03:49:19, 1.2e-12, 2.19e-10
2018-10-11 03:49:23, 1.05e-12, 2.19e-10
2018-10-11 03:49:27, 1.05e-12, 2.19e-10
2018-10-11 03:49:31, 1.12e-12, 2.19e-10
2018-10-11 03:49:35, 1.09e-12, 2.19e-10
2018-10-11 03:49:40, 1.04e-12, 2.19e-10
2018-10-11 03:49:44, 1.16e-12, 2.19e-10
2018-10-11 03:49:48, 1.11e-12, 2.19e-10
2018-10-11 03:49:52, 1.09e-12, 2.19e-10
2018-10-11 03:49:57, 1.02e-12, 2.19e-10
2018-10-11 03:50:01, 1.01e-12, 2.19e-10
2018-10-11 03:50:05, 1.04e-12, 2.19e-10
2018-10-11 03:50:09, 1.12e-12, 2.19e-10
2018-10-11 03:50:13, 1.04e-12, 2.19e-10
2018-10-11 03:50:18, 1.1e-12, 2.19e-10
2018-10-11 03:50:22, 1.18e-12, 2.19e-10
2018-10-11 03:50:26, 1.03e-12, 2.19e-10
2018-10-11 03:50:30, 1.03e-12, 2.19e-10
2018-10-11 03:50:34, 1.1e-12, 2.19e-10
2018-10-11 03:50:39, 1.06e-12, 2.19e-10
2018-10-11 03:50:43, 1.12e-12, 2.19e-10
2018-10-11 03:50:47, 1.05e-12, 2.19e-10
2018-10-11 03:50:51, 1.16e-12, 2.19e-10
2018-10-11 03:50:56, 1.09e-12, 2.19e-10
2018-10-11 03:51:00, 9.61e-13, 2.19e-10
2018-10-11 03:51:04, 1.1e-12, 2.19e-10
2018-10-11 03:51:08, 1.07e-12, 2.19e-10
2018-10-11 03:51:13, 1.03e-12, 2.19e-10
2018-10-11 03:51:17, 1.09e-12, 2.19e-10
2018-10-11 03:51:21, 1.05e-12, 2.19e-10
2018-10-11 03:51:25, 1.06e-12, 2.19e-10
2018-10-11 03:51:29, 1.11e-12, 2.19e-10
2018-10-11 03:51:34, 1.04e-12, 2.19e-10
2018-10-11 03:51:38, 1.06e-12, 2.19e-10
2018-10-11 03:51:42, 1.02e-12, 2.19e-10
2018-10-11 03:51:46, 1.12e-12, 2.19e-10
2018-10-11 03:51:50, 1.08e-12, 2.19e-10
2018-10-11 03:51:55, 1.1e-12, 2.19e-10
2018-10-11 03:51:59, 1.09e-12, 2.19e-10
2018-10-11 03:52:03, 1.1e-12, 2.19e-10
2018-10-11 03:52:07, 1.09e-12, 2.19e-10
2018-10-11 03:52:12, 1.02e-12, 2.19e-10
2018-10-11 03:52:16, 1.05e-12, 2.19e-10
2018-10-11 03:52:20, 1.14e-12, 2.19e-10
2018-10-11 03:52:24, 1.07e-12, 2.19e-10
2018-10-11 03:52:28, 1.04e-12, 2.19e-10
2018-10-11 03:52:33, 1.13e-12, 2.19e-10
2018-10-11 03:52:37, 1e-12, 2.19e-10
2018-10-11 03:52:41, 1.05e-12, 2.19e-10
2018-10-11 03:52:45, 1.05e-12, 2.19e-10
2018-10-11 03:52:50, 1.07e-12, 2.19e-10
2018-10-11 03:52:54, 1.08e-12, 2.19e-10
2018-10-11 03:52:58, 1.03e-12, 2.19e-10
2018-10-11 03:53:02, 1.04e-12, 2.19e-10
2018-10-11 03:53:06, 1.06e-12, 2.19e-10
2018-10-11 03:53:11, 1.04e-12, 2.19e-10
2018-10-11 03:53:15, 9.55e-13, 2.19e-10
2018-10-11 03:53:19, 1.08e-12, 2.19e-10
2018-10-11 03:53:23, 1.04e-12, 2.19e-10
2018-10-11 03:53:28, 9.28e-13, 2.19e-10
2018-10-11 03:53:32, 1.08e-12, 2.19e-10
2018-10-11 03:53:36, 9.7e-13, 2.19e-10
2018-10-11 03:53:40, 1.09e-12, 2.19e-10
2018-10-11 03:53:44, 1.08e-12, 2.19e-10
2018-10-11 03:53:49, 1.11e-12, 2.19e-10
2018-10-11 03:53:53, 1.09e-12, 2.19e-10
2018-10-11 03:53:57, 1.06e-12, 2.19e-10
2018-10-11 03:54:01, 1.05e-12, 2.19e-10
2018-10-11 03:54:06, 1.01e-12, 2.19e-10
2018-10-11 03:54:10, 1.02e-12, 2.19e-10
2018-10-11 03:54:14, 1.03e-12, 2.19e-10
2018-10-11 03:54:18, 1.11e-12, 2.19e-10
2018-10-11 03:54:22, 1.06e-12, 2.19e-10
2018-10-11 03:54:27, 1.03e-12, 2.19e-10
2018-10-11 03:54:31, 1.11e-12, 2.19e-10
2018-10-11 03:54:35, 1.08e-12, 2.19e-10
2018-10-11 03:54:39, 1.07e-12, 2.19e-10
2018-10-11 03:54:44, 1.08e-12, 2.19e-10
2018-10-11 03:54:48, 1.1e-12, 2.19e-10
2018-10-11 03:54:52, 9.7e-13, 2.19e-10
2018-10-11 03:54:56, 1.03e-12, 2.19e-10
2018-10-11 03:55:00, 1.04e-12, 2.19e-10
2018-10-11 03:55:05, 1e-12, 2.19e-10
2018-10-11 03:55:09, 1.08e-12, 2.19e-10
2018-10-11 03:55:13, 1.08e-12, 2.19e-10
2018-10-11 03:55:17, 1.07e-12, 2.19e-10
2018-10-11 03:55:22, 1.07e-12, 2.19e-10
2018-10-11 03:55:26, 1.2e-12, 2.19e-10
2018-10-11 03:55:30, 1.04e-12, 2.19e-10
2018-10-11 03:55:34, 9.84e-13, 2.19e-10
2018-10-11 03:55:38, 1.04e-12, 2.19e-10
2018-10-11 03:55:43, 1.05e-12, 2.19e-10
2018-10-11 03:55:47, 1.1e-12, 2.19e-10
2018-10-11 03:55:51, 1.08e-12, 2.19e-10
2018-10-11 03:55:55, 1.11e-12, 2.19e-10
2018-10-11 03:55:59, 1.1e-12, 2.19e-10
2018-10-11 03:56:04, 1.02e-12, 2.19e-10
2018-10-11 03:56:08, 1.1e-12, 2.19e-10
2018-10-11 03:56:12, 1.06e-12, 2.19e-10
2018-10-11 03:56:16, 1.21e-12, 2.19e-10
2018-10-11 03:56:21, 1.06e-12, 2.19e-10
2018-10-11 03:56:25, 1.09e-12, 2.19e-10
2018-10-11 03:56:29, 1.15e-12, 2.19e-10
2018-10-11 03:56:33, 1.09e-12, 2.19e-10
2018-10-11 03:56:37, 1.11e-12, 2.19e-10
2018-10-11 03:56:42, 1.09e-12, 2.19e-10
2018-10-11 03:56:46, 1.06e-12, 2.19e-10
2018-10-11 03:56:50, 1.09e-12, 2.19e-10
2018-10-11 03:56:54, 1.08e-12, 2.19e-10
2018-10-11 03:56:59, 1.09e-12, 2.19e-10
2018-10-11 03:57:03, 1.23e-12, 2.19e-10
2018-10-11 03:57:07, 1.12e-12, 2.19e-10
2018-10-11 03:57:11, 1.03e-12, 2.19e-10
2018-10-11 03:57:15, 1.06e-12, 2.19e-10
2018-10-11 03:57:20, 1.06e-12, 2.19e-10
2018-10-11 03:57:24, 1.08e-12, 2.19e-10
2018-10-11 03:57:28, 1.1e-12, 2.19e-10
2018-10-11 03:57:32, 1.22e-12, 2.19e-10
2018-10-11 03:57:37, 1.08e-12, 2.19e-10
2018-10-11 03:57:41, 1.1e-12, 2.2e-10
2018-10-11 03:57:45, 1.05e-12, 2.19e-10
2018-10-11 03:57:49, 1.09e-12, 2.19e-10
2018-10-11 03:57:53, 1.13e-12, 2.19e-10
2018-10-11 03:57:58, 1.08e-12, 2.19e-10
2018-10-11 03:58:02, 1e-12, 2.19e-10
2018-10-11 03:58:06, 1.07e-12, 2.19e-10
2018-10-11 03:58:10, 1.12e-12, 2.19e-10
2018-10-11 03:58:15, 1.05e-12, 2.19e-10
2018-10-11 03:58:19, 1.03e-12, 2.2e-10
2018-10-11 03:58:23, 1.04e-12, 2.2e-10
2018-10-11 03:58:27, 1.11e-12, 2.19e-10
2018-10-11 03:58:31, 1.04e-12, 2.19e-10
2018-10-11 03:58:36, 1.06e-12, 2.19e-10
2018-10-11 03:58:40, 1.23e-12, 2.19e-10
2018-10-11 03:58:44, 1.04e-12, 2.2e-10
2018-10-11 03:58:48, 1.06e-12, 2.2e-10
2018-10-11 03:58:53, 1.01e-12, 2.2e-10
2018-10-11 03:58:57, 1.02e-12, 2.19e-10
2018-10-11 03:59:01, 1.1e-12, 2.19e-10
2018-10-11 03:59:05, 9.8e-13, 2.2e-10
2018-10-11 03:59:09, 1.09e-12, 2.19e-10
2018-10-11 03:59:14, 1.02e-12, 2.19e-10
2018-10-11 03:59:18, 9.7e-13, 2.2e-10
2018-10-11 03:59:22, 1.07e-12, 2.2e-10
2018-10-11 03:59:26, 1.01e-12, 2.19e-10
2018-10-11 03:59:31, 1e-12, 2.2e-10
2018-10-11 03:59:35, 1.18e-12, 2.2e-10
2018-10-11 03:59:39, 1.1e-12, 2.19e-10
2018-10-11 03:59:43, 1.06e-12, 2.19e-10
2018-10-11 03:59:47, 9.11e-13, 2.19e-10
2018-10-11 03:59:52, 1.05e-12, 2.2e-10
2018-10-11 03:59:56, 1.07e-12, 2.2e-10
2018-10-11 04:00:00, 1.03e-12, 2.2e-10
2018-10-11 04:00:04, 1.13e-12, 2.2e-10
2018-10-11 04:00:09, 1.06e-12, 2.19e-10
2018-10-11 04:00:13, 1.12e-12, 2.19e-10
2018-10-11 04:00:17, 1.1e-12, 2.19e-10
2018-10-11 04:00:21, 1.15e-12, 2.2e-10
2018-10-11 04:00:25, 1.07e-12, 2.2e-10
2018-10-11 04:00:30, 1.04e-12, 2.2e-10
2018-10-11 04:00:34, 1.07e-12, 2.19e-10
2018-10-11 04:00:38, 1.03e-12, 2.2e-10
2018-10-11 04:00:42, 1.13e-12, 2.2e-10
2018-10-11 04:00:47, 1.08e-12, 2.19e-10
2018-10-11 04:00:51, 1.07e-12, 2.2e-10
2018-10-11 04:00:55, 1.07e-12, 2.2e-10
2018-10-11 04:00:59, 9.75e-13, 2.2e-10
2018-10-11 04:01:03, 1.09e-12, 2.19e-10
2018-10-11 04:01:08, 1.14e-12, 2.19e-10
2018-10-11 04:01:12, 1.02e-12, 2.19e-10
2018-10-11 04:01:16, 1.05e-12, 2.19e-10
2018-10-11 04:01:20, 1.04e-12, 2.19e-10
2018-10-11 04:01:25, 1.06e-12, 2.19e-10
2018-10-11 04:01:29, 1.14e-12, 2.19e-10
2018-10-11 04:01:33, 1.11e-12, 2.19e-10
2018-10-11 04:01:37, 1.1e-12, 2.19e-10
2018-10-11 04:01:41, 1.1e-12, 2.19e-10
2018-10-11 04:01:46, 1.08e-12, 2.19e-10
2018-10-11 04:01:50, 1.14e-12, 2.19e-10
2018-10-11 04:01:54, 9.75e-13, 2.19e-10
2018-10-11 04:01:58, 1.05e-12, 2.19e-10
2018-10-11 04:02:03, 1.03e-12, 2.2e-10
2018-10-11 04:02:07, 1.13e-12, 2.2e-10
2018-10-11 04:02:11, 1.07e-12, 2.2e-10
2018-10-11 04:02:15, 9.81e-13, 2.2e-10
2018-10-11 04:02:19, 1.09e-12, 2.2e-10
2018-10-11 04:02:24, 1.07e-12, 2.2e-10
2018-10-11 04:02:28, 9.96e-13, 2.2e-10
2018-10-11 04:02:32, 1.11e-12, 2.2e-10
2018-10-11 04:02:36, 1.07e-12, 2.2e-10
2018-10-11 04:02:41, 1.07e-12, 2.2e-10
2018-10-11 04:02:45, 1.09e-12, 2.2e-10
2018-10-11 04:02:49, 1.02e-12, 2.2e-10
2018-10-11 04:02:53, 1.06e-12, 2.19e-10
2018-10-11 04:02:57, 1.05e-12, 2.2e-10
2018-10-11 04:03:02, 1.11e-12, 2.19e-10
2018-10-11 04:03:06, 1.01e-12, 2.2e-10
2018-10-11 04:03:10, 1.05e-12, 2.19e-10
2018-10-11 04:03:14, 1.08e-12, 2.2e-10
2018-10-11 04:03:18, 1.08e-12, 2.2e-10
2018-10-11 04:03:23, 1.05e-12, 2.19e-10
2018-10-11 04:03:27, 1.11e-12, 2.19e-10
2018-10-11 04:03:31, 1.12e-12, 2.19e-10
2018-10-11 04:03:35, 1.07e-12, 2.2e-10
2018-10-11 04:03:40, 1.05e-12, 2.2e-10
2018-10-11 04:03:44, 1.07e-12, 2.2e-10
2018-10-11 04:03:48, 1.03e-12, 2.19e-10
2018-10-11 04:03:52, 1.08e-12, 2.2e-10
2018-10-11 04:03:56, 1.14e-12, 2.19e-10
2018-10-11 04:04:01, 1.07e-12, 2.2e-10
2018-10-11 04:04:05, 1.1e-12, 2.2e-10
2018-10-11 04:04:09, 1.1e-12, 2.19e-10
2018-10-11 04:04:13, 1.04e-12, 2.2e-10
2018-10-11 04:04:18, 1.12e-12, 2.2e-10
2018-10-11 04:04:22, 1.05e-12, 2.19e-10
2018-10-11 04:04:26, 1.09e-12, 2.2e-10
2018-10-11 04:04:30, 1.03e-12, 2.19e-10
2018-10-11 04:04:34, 1.04e-12, 2.2e-10
2018-10-11 04:04:39, 1.07e-12, 2.2e-10
2018-10-11 04:04:43, 1.05e-12, 2.2e-10
2018-10-11 04:04:47, 1.09e-12, 2.2e-10
2018-10-11 04:04:51, 1.12e-12, 2.2e-10
2018-10-11 04:04:56, 1.08e-12, 2.2e-10
2018-10-11 04:05:00, 9.85e-13, 2.2e-10
2018-10-11 04:05:04, 1.06e-12, 2.2e-10
2018-10-11 04:05:08, 1.07e-12, 2.2e-10
2018-10-11 04:05:12, 1.04e-12, 2.2e-10
2018-10-11 04:05:17, 1.03e-12, 2.2e-10
2018-10-11 04:05:21, 9.97e-13, 2.2e-10
2018-10-11 04:05:25, 1.07e-12, 2.2e-10
2018-10-11 04:05:29, 1.04e-12, 2.2e-10
2018-10-11 04:05:34, 1.14e-12, 2.2e-10
2018-10-11 04:05:38, 1.07e-12, 2.19e-10
2018-10-11 04:05:42, 1.12e-12, 2.2e-10
2018-10-11 04:05:46, 1.07e-12, 2.2e-10
2018-10-11 04:05:50, 1.08e-12, 2.2e-10
2018-10-11 04:05:55, 1.05e-12, 2.19e-10
2018-10-11 04:05:59, 1.05e-12, 2.2e-10
2018-10-11 04:06:03, 1.06e-12, 2.2e-10
2018-10-11 04:06:07, 9.99e-13, 2.19e-10
2018-10-11 04:06:12, 1.1e-12, 2.19e-10
2018-10-11 04:06:16, 1.07e-12, 2.2e-10
2018-10-11 04:06:20, 1.07e-12, 2.2e-10
2018-10-11 04:06:24, 1.14e-12, 2.2e-10
2018-10-11 04:06:28, 1.13e-12, 2.2e-10
2018-10-11 04:06:33, 1.06e-12, 2.2e-10
2018-10-11 04:06:37, 1.07e-12, 2.19e-10
2018-10-11 04:06:41, 1.05e-12, 2.2e-10
2018-10-11 04:06:45, 1.11e-12, 2.2e-10
2018-10-11 04:06:50, 1.02e-12, 2.2e-10
2018-10-11 04:06:54, 1.11e-12, 2.2e-10
2018-10-11 04:06:58, 1.07e-12, 2.2e-10
2018-10-11 04:07:02, 1.07e-12, 2.2e-10
2018-10-11 04:07:06, 9.99e-13, 2.2e-10
2018-10-11 04:07:11, 1.03e-12, 2.19e-10
2018-10-11 04:07:15, 1.07e-12, 2.2e-10
2018-10-11 04:07:19, 1.1e-12, 2.2e-10
2018-10-11 04:07:23, 1.14e-12, 2.2e-10
2018-10-11 04:07:28, 1.03e-12, 2.2e-10
2018-10-11 04:07:32, 1.06e-12, 2.2e-10
2018-10-11 04:07:36, 1.12e-12, 2.2e-10
2018-10-11 04:07:40, 1.07e-12, 2.2e-10
2018-10-11 04:07:44, 1.03e-12, 2.2e-10
2018-10-11 04:07:49, 1.13e-12, 2.2e-10
2018-10-11 04:07:53, 1.06e-12, 2.2e-10
2018-10-11 04:07:57, 1.11e-12, 2.19e-10
2018-10-11 04:08:01, 1.06e-12, 2.19e-10
2018-10-11 04:08:05, 1.09e-12, 2.2e-10
2018-10-11 04:08:10, 1.06e-12, 2.2e-10
2018-10-11 04:08:14, 1.07e-12, 2.2e-10
2018-10-11 04:08:18, 1.01e-12, 2.2e-10
2018-10-11 04:08:22, 1.06e-12, 2.2e-10
2018-10-11 04:08:27, 1.04e-12, 2.2e-10
2018-10-11 04:08:31, 1.02e-12, 2.2e-10
2018-10-11 04:08:35, 1.02e-12, 2.19e-10
2018-10-11 04:08:39, 1.03e-12, 2.19e-10
2018-10-11 04:08:43, 1.1e-12, 2.2e-10
2018-10-11 04:08:48, 1.11e-12, 2.2e-10
2018-10-11 04:08:52, 1.1e-12, 2.2e-10
2018-10-11 04:08:56, 1.22e-12, 2.2e-10
2018-10-11 04:09:00, 1.18e-12, 2.2e-10
2018-10-11 04:09:05, 1.08e-12, 2.2e-10
2018-10-11 04:09:09, 1.14e-12, 2.2e-10
2018-10-11 04:09:13, 1.11e-12, 2.2e-10
2018-10-11 04:09:17, 1.09e-12, 2.2e-10
2018-10-11 04:09:21, 1.1e-12, 2.2e-10
2018-10-11 04:09:26, 1.09e-12, 2.2e-10
2018-10-11 04:09:30, 1.09e-12, 2.2e-10
2018-10-11 04:09:34, 1.05e-12, 2.2e-10
2018-10-11 04:09:38, 9.62e-13, 2.2e-10
2018-10-11 04:09:43, 1.07e-12, 2.2e-10
2018-10-11 04:09:47, 1.07e-12, 2.2e-10
2018-10-11 04:09:51, 1.05e-12, 2.2e-10
2018-10-11 04:09:55, 1.07e-12, 2.2e-10
2018-10-11 04:09:59, 1.12e-12, 2.2e-10
2018-10-11 04:10:04, 1.04e-12, 2.2e-10
2018-10-11 04:10:08, 1.06e-12, 2.19e-10
2018-10-11 04:10:12, 1.14e-12, 2.19e-10
2018-10-11 04:10:16, 1.09e-12, 2.2e-10
2018-10-11 04:10:21, 1.04e-12, 2.19e-10
2018-10-11 04:10:25, 1.08e-12, 2.2e-10
2018-10-11 04:10:29, 1.07e-12, 2.2e-10
2018-10-11 04:10:33, 1.08e-12, 2.19e-10
2018-10-11 04:10:37, 1.1e-12, 2.19e-10
2018-10-11 04:10:42, 1.06e-12, 2.19e-10
2018-10-11 04:10:46, 1.12e-12, 2.19e-10
2018-10-11 04:10:50, 1.05e-12, 2.19e-10
2018-10-11 04:10:54, 1.18e-12, 2.19e-10
2018-10-11 04:10:59, 1.07e-12, 2.19e-10
2018-10-11 04:11:03, 1.06e-12, 2.2e-10
2018-10-11 04:11:07, 1.05e-12, 2.19e-10
2018-10-11 04:11:11, 1.05e-12, 2.2e-10
2018-10-11 04:11:15, 1.06e-12, 2.2e-10
2018-10-11 04:11:20, 1.06e-12, 2.2e-10
2018-10-11 04:11:24, 1.11e-12, 2.2e-10
2018-10-11 04:11:28, 1.02e-12, 2.2e-10
2018-10-11 04:11:32, 1.08e-12, 2.19e-10
2018-10-11 04:11:37, 1.05e-12, 2.19e-10
2018-10-11 04:11:41, 1.02e-12, 2.2e-10
2018-10-11 04:11:45, 1.07e-12, 2.19e-10
2018-10-11 04:11:49, 1.14e-12, 2.19e-10
2018-10-11 04:11:53, 1.05e-12, 2.19e-10
2018-10-11 04:11:58, 1.13e-12, 2.2e-10
2018-10-11 04:12:02, 1.08e-12, 2.19e-10
2018-10-11 04:12:06, 1.08e-12, 2.19e-10
2018-10-11 04:12:10, 1.02e-12, 2.19e-10
2018-10-11 04:12:15, 9.66e-13, 2.19e-10
2018-10-11 04:12:19, 1.1e-12, 2.2e-10
2018-10-11 04:12:23, 1.12e-12, 2.2e-10
2018-10-11 04:12:27, 1.06e-12, 2.2e-10
2018-10-11 04:12:31, 1.08e-12, 2.19e-10
2018-10-11 04:12:36, 1.1e-12, 2.19e-10
2018-10-11 04:12:40, 1.05e-12, 2.19e-10
2018-10-11 04:12:44, 1.08e-12, 2.19e-10
2018-10-11 04:12:48, 1.05e-12, 2.19e-10
2018-10-11 04:12:53, 1.06e-12, 2.19e-10
2018-10-11 04:12:57, 1.06e-12, 2.2e-10
2018-10-11 04:13:01, 1.1e-12, 2.19e-10
2018-10-11 04:13:05, 1.09e-12, 2.19e-10
2018-10-11 04:13:09, 1.09e-12, 2.2e-10
2018-10-11 04:13:14, 1.11e-12, 2.19e-10
2018-10-11 04:13:18, 1.13e-12, 2.19e-10
2018-10-11 04:13:22, 1.1e-12, 2.19e-10
2018-10-11 04:13:26, 1.17e-12, 2.19e-10
2018-10-11 04:13:31, 1.16e-12, 2.19e-10
2018-10-11 04:13:35, 1.08e-12, 2.19e-10
2018-10-11 04:13:39, 1.13e-12, 2.2e-10
2018-10-11 04:13:43, 1.04e-12, 2.19e-10
2018-10-11 04:13:47, 1.08e-12, 2.19e-10
2018-10-11 04:13:52, 1.09e-12, 2.2e-10
2018-10-11 04:13:56, 1.09e-12, 2.2e-10
2018-10-11 04:14:00, 1.05e-12, 2.19e-10
2018-10-11 04:14:04, 1.04e-12, 2.19e-10
2018-10-11 04:14:09, 1.03e-12, 2.19e-10
2018-10-11 04:14:13, 1.08e-12, 2.19e-10
2018-10-11 04:14:17, 1.06e-12, 2.19e-10
2018-10-11 04:14:21, 1.12e-12, 2.19e-10
2018-10-11 04:14:25, 1.12e-12, 2.19e-10
2018-10-11 04:14:30, 1.03e-12, 2.19e-10
2018-10-11 04:14:34, 1.07e-12, 2.19e-10
2018-10-11 04:14:38, 1.04e-12, 2.19e-10
2018-10-11 04:14:42, 1.09e-12, 2.2e-10
2018-10-11 04:14:47, 1.07e-12, 2.19e-10
2018-10-11 04:14:51, 1.08e-12, 2.19e-10
2018-10-11 04:14:55, 1.03e-12, 2.19e-10
2018-10-11 04:14:59, 1.06e-12, 2.2e-10
2018-10-11 04:15:03, 1.03e-12, 2.19e-10
2018-10-11 04:15:08, 1.05e-12, 2.2e-10
2018-10-11 04:15:12, 1.07e-12, 2.2e-10
2018-10-11 04:15:16, 1.09e-12, 2.2e-10
2018-10-11 04:15:20, 1.1e-12, 2.2e-10
2018-10-11 04:15:24, 1.08e-12, 2.2e-10
2018-10-11 04:15:29, 1.03e-12, 2.2e-10
2018-10-11 04:15:33, 1.11e-12, 2.2e-10
2018-10-11 04:15:37, 1.05e-12, 2.19e-10
2018-10-11 04:15:41, 1.03e-12, 2.2e-10
2018-10-11 04:15:46, 9.84e-13, 2.19e-10
2018-10-11 04:15:50, 1.09e-12, 2.19e-10
2018-10-11 04:15:54, 1.09e-12, 2.2e-10
2018-10-11 04:15:58, 1.21e-12, 2.2e-10
2018-10-11 04:16:02, 1.08e-12, 2.2e-10
2018-10-11 04:16:07, 1.13e-12, 2.2e-10
2018-10-11 04:16:11, 1.05e-12, 2.2e-10
2018-10-11 04:16:15, 1.11e-12, 2.19e-10
2018-10-11 04:16:19, 1.08e-12, 2.2e-10
2018-10-11 04:16:24, 1.05e-12, 2.2e-10
2018-10-11 04:16:28, 1.06e-12, 2.19e-10
2018-10-11 04:16:32, 1.03e-12, 2.19e-10
2018-10-11 04:16:36, 1.24e-12, 2.19e-10
2018-10-11 04:16:40, 1.18e-12, 2.19e-10
2018-10-11 04:16:45, 1.27e-12, 2.2e-10
2018-10-11 04:16:49, 1.09e-12, 2.2e-10
2018-10-11 04:16:53, 1.06e-12, 2.2e-10
2018-10-11 04:16:57, 1.1e-12, 2.2e-10
2018-10-11 04:17:02, 1.06e-12, 2.2e-10
2018-10-11 04:17:06, 1.16e-12, 2.2e-10
2018-10-11 04:17:10, 1.08e-12, 2.19e-10
2018-10-11 04:17:14, 1.1e-12, 2.19e-10
2018-10-11 04:17:18, 1.05e-12, 2.19e-10
2018-10-11 04:17:23, 1.03e-12, 2.19e-10
2018-10-11 04:17:27, 1.02e-12, 2.19e-10
2018-10-11 04:17:31, 1.04e-12, 2.2e-10
2018-10-11 04:17:35, 1.05e-12, 2.2e-10
2018-10-11 04:17:40, 1.14e-12, 2.19e-10
2018-10-11 04:17:44, 1.08e-12, 2.2e-10
2018-10-11 04:17:48, 1.05e-12, 2.2e-10
2018-10-11 04:17:52, 1.11e-12, 2.2e-10
2018-10-11 04:17:56, 1.05e-12, 2.2e-10
2018-10-11 04:18:01, 1.09e-12, 2.2e-10
2018-10-11 04:18:05, 1.05e-12, 2.19e-10
2018-10-11 04:18:09, 1.13e-12, 2.2e-10
2018-10-11 04:18:13, 1.06e-12, 2.2e-10
2018-10-11 04:18:18, 1.05e-12, 2.19e-10
2018-10-11 04:18:22, 1.1e-12, 2.2e-10
2018-10-11 04:18:26, 1.07e-12, 2.2e-10
2018-10-11 04:18:30, 1.07e-12, 2.2e-10
2018-10-11 04:18:34, 1.02e-12, 2.19e-10
2018-10-11 04:18:39, 1.03e-12, 2.2e-10
2018-10-11 04:18:43, 1.06e-12, 2.2e-10
2018-10-11 04:18:47, 1.07e-12, 2.2e-10
2018-10-11 04:18:51, 1.1e-12, 2.2e-10
2018-10-11 04:18:56, 1.09e-12, 2.2e-10
2018-10-11 04:19:00, 1.11e-12, 2.2e-10
2018-10-11 04:19:04, 1.09e-12, 2.2e-10
2018-10-11 04:19:08, 1.12e-12, 2.2e-10
2018-10-11 04:19:12, 1.07e-12, 2.2e-10
2018-10-11 04:19:17, 1.11e-12, 2.19e-10
2018-10-11 04:19:21, 1.05e-12, 2.2e-10
2018-10-11 04:19:25, 1.06e-12, 2.2e-10
2018-10-11 04:19:29, 1.11e-12, 2.2e-10
2018-10-11 04:19:34, 1.08e-12, 2.2e-10
2018-10-11 04:19:38, 1.05e-12, 2.2e-10
2018-10-11 04:19:42, 1.05e-12, 2.2e-10
2018-10-11 04:19:46, 1.1e-12, 2.2e-10
2018-10-11 04:19:50, 1.07e-12, 2.2e-10
2018-10-11 04:19:55, 1.09e-12, 2.2e-10
2018-10-11 04:19:59, 1.05e-12, 2.2e-10
2018-10-11 04:20:03, 1.06e-12, 2.2e-10
2018-10-11 04:20:07, 1.11e-12, 2.2e-10
2018-10-11 04:20:12, 1.07e-12, 2.2e-10
2018-10-11 04:20:16, 1.12e-12, 2.2e-10
2018-10-11 04:20:20, 1.05e-12, 2.2e-10
2018-10-11 04:20:24, 1.03e-12, 2.2e-10
2018-10-11 04:20:28, 1.1e-12, 2.19e-10
2018-10-11 04:20:33, 1.08e-12, 2.2e-10
2018-10-11 04:20:37, 1.1e-12, 2.19e-10
2018-10-11 04:20:41, 1.05e-12, 2.2e-10
2018-10-11 04:20:45, 9.65e-13, 2.2e-10
2018-10-11 04:20:50, 1.03e-12, 2.2e-10
2018-10-11 04:20:54, 1.11e-12, 2.2e-10
2018-10-11 04:20:58, 1.04e-12, 2.19e-10
2018-10-11 04:21:02, 1.03e-12, 2.2e-10
2018-10-11 04:21:06, 1.08e-12, 2.19e-10
2018-10-11 04:21:11, 1.08e-12, 2.2e-10
2018-10-11 04:21:15, 1.1e-12, 2.2e-10
2018-10-11 04:21:19, 9.64e-13, 2.2e-10
2018-10-11 04:21:23, 1.12e-12, 2.2e-10
2018-10-11 04:21:28, 1.09e-12, 2.2e-10
2018-10-11 04:21:32, 1.15e-12, 2.2e-10
2018-10-11 04:21:36, 1.01e-12, 2.2e-10
2018-10-11 04:21:40, 1.09e-12, 2.2e-10
2018-10-11 04:21:44, 1.09e-12, 2.19e-10
2018-10-11 04:21:49, 1.06e-12, 2.19e-10
2018-10-11 04:21:53, 1.14e-12, 2.19e-10
2018-10-11 04:21:57, 1.07e-12, 2.19e-10
2018-10-11 04:22:01, 1.05e-12, 2.2e-10
2018-10-11 04:22:06, 1.06e-12, 2.19e-10
2018-10-11 04:22:10, 9.71e-13, 2.2e-10
2018-10-11 04:22:14, 1.04e-12, 2.2e-10
2018-10-11 04:22:18, 1.03e-12, 2.2e-10
2018-10-11 04:22:22, 1.15e-12, 2.2e-10
2018-10-11 04:22:27, 1.09e-12, 2.2e-10
2018-10-11 04:22:31, 1.11e-12, 2.2e-10
2018-10-11 04:22:35, 1.08e-12, 2.2e-10
2018-10-11 04:22:39, 1.08e-12, 2.19e-10
2018-10-11 04:22:44, 1.05e-12, 2.19e-10
2018-10-11 04:22:48, 1.13e-12, 2.2e-10
2018-10-11 04:22:52, 1.04e-12, 2.2e-10
2018-10-11 04:22:56, 1.19e-12, 2.2e-10
2018-10-11 04:23:00, 1.08e-12, 2.2e-10
2018-10-11 04:23:05, 1.06e-12, 2.2e-10
2018-10-11 04:23:09, 1.07e-12, 2.19e-10
2018-10-11 04:23:13, 1.09e-12, 2.2e-10
2018-10-11 04:23:17, 1.08e-12, 2.2e-10
2018-10-11 04:23:22, 1.04e-12, 2.2e-10
2018-10-11 04:23:26, 1.02e-12, 2.2e-10
2018-10-11 04:23:30, 1.06e-12, 2.2e-10
2018-10-11 04:23:34, 1.14e-12, 2.2e-10
2018-10-11 04:23:38, 1.09e-12, 2.2e-10
2018-10-11 04:23:43, 1.04e-12, 2.2e-10
2018-10-11 04:23:47, 1.14e-12, 2.2e-10
2018-10-11 04:23:51, 1.02e-12, 2.19e-10
2018-10-11 04:23:55, 9.42e-13, 2.19e-10
2018-10-11 04:24:00, 1.06e-12, 2.2e-10
2018-10-11 04:24:04, 1.09e-12, 2.2e-10
2018-10-11 04:24:08, 1.08e-12, 2.2e-10
2018-10-11 04:24:12, 1.06e-12, 2.19e-10
2018-10-11 04:24:16, 1.11e-12, 2.2e-10
2018-10-11 04:24:21, 1.14e-12, 2.2e-10
2018-10-11 04:24:25, 1.09e-12, 2.2e-10
2018-10-11 04:24:29, 1.02e-12, 2.2e-10
2018-10-11 04:24:33, 1.07e-12, 2.2e-10
2018-10-11 04:24:37, 1.11e-12, 2.2e-10
2018-10-11 04:24:42, 9.23e-13, 2.2e-10
2018-10-11 04:24:46, 1.1e-12, 2.2e-10
2018-10-11 04:24:50, 1.13e-12, 2.2e-10
2018-10-11 04:24:54, 1.1e-12, 2.2e-10
2018-10-11 04:24:59, 1.06e-12, 2.19e-10
2018-10-11 04:25:03, 1.09e-12, 2.2e-10
2018-10-11 04:25:07, 1.06e-12, 2.2e-10
2018-10-11 04:25:11, 1.05e-12, 2.19e-10
2018-10-11 04:25:15, 1.05e-12, 2.2e-10
2018-10-11 04:25:20, 1.09e-12, 2.19e-10
2018-10-11 04:25:24, 1.1e-12, 2.2e-10
2018-10-11 04:25:28, 1.07e-12, 2.19e-10
2018-10-11 04:25:32, 1.03e-12, 2.2e-10
2018-10-11 04:25:37, 1.06e-12, 2.19e-10
2018-10-11 04:25:41, 1.08e-12, 2.2e-10
2018-10-11 04:25:45, 1.1e-12, 2.2e-10
2018-10-11 04:25:49, 1.11e-12, 2.2e-10
2018-10-11 04:25:53, 1.08e-12, 2.2e-10
2018-10-11 04:25:58, 1.09e-12, 2.2e-10
2018-10-11 04:26:02, 1.13e-12, 2.2e-10
2018-10-11 04:26:06, 1.1e-12, 2.2e-10
2018-10-11 04:26:10, 1.09e-12, 2.2e-10
2018-10-11 04:26:15, 1.09e-12, 2.2e-10
2018-10-11 04:26:19, 1.06e-12, 2.2e-10
2018-10-11 04:26:23, 1.15e-12, 2.2e-10
2018-10-11 04:26:27, 1.07e-12, 2.2e-10
2018-10-11 04:26:31, 9.97e-13, 2.2e-10
2018-10-11 04:26:36, 1.07e-12, 2.2e-10
2018-10-11 04:26:40, 1.02e-12, 2.2e-10
2018-10-11 04:26:44, 1.11e-12, 2.2e-10
2018-10-11 04:26:48, 1.1e-12, 2.2e-10
2018-10-11 04:26:53, 1.04e-12, 2.2e-10
2018-10-11 04:26:57, 1.06e-12, 2.19e-10
2018-10-11 04:27:01, 1.06e-12, 2.2e-10
2018-10-11 04:27:05, 1.09e-12, 2.19e-10
2018-10-11 04:27:09, 1.07e-12, 2.2e-10
2018-10-11 04:27:14, 1.03e-12, 2.2e-10
2018-10-11 04:27:18, 1.05e-12, 2.2e-10
2018-10-11 04:27:22, 1.12e-12, 2.2e-10
2018-10-11 04:27:26, 1.13e-12, 2.2e-10
2018-10-11 04:27:31, 1.11e-12, 2.2e-10
2018-10-11 04:27:35, 1.03e-12, 2.2e-10
2018-10-11 04:27:39, 1.08e-12, 2.2e-10
2018-10-11 04:27:43, 1.09e-12, 2.2e-10
2018-10-11 04:27:47, 1.11e-12, 2.2e-10
2018-10-11 04:27:52, 1.08e-12, 2.2e-10
2018-10-11 04:27:56, 1.04e-12, 2.2e-10
2018-10-11 04:28:00, 1.08e-12, 2.2e-10
2018-10-11 04:28:04, 1.07e-12, 2.2e-10
2018-10-11 04:28:09, 1.05e-12, 2.2e-10
2018-10-11 04:28:13, 1.02e-12, 2.2e-10
2018-10-11 04:28:17, 1.03e-12, 2.2e-10
2018-10-11 04:28:21, 1.02e-12, 2.2e-10
2018-10-11 04:28:25, 1.09e-12, 2.2e-10
2018-10-11 04:28:30, 1.07e-12, 2.2e-10
2018-10-11 04:28:34, 1.12e-12, 2.2e-10
2018-10-11 04:28:38, 1.05e-12, 2.2e-10
2018-10-11 04:28:42, 1.11e-12, 2.2e-10
2018-10-11 04:28:47, 1.09e-12, 2.2e-10
2018-10-11 04:28:51, 1.05e-12, 2.2e-10
2018-10-11 04:28:55, 1.08e-12, 2.2e-10
2018-10-11 04:28:59, 1.07e-12, 2.2e-10
2018-10-11 04:29:03, 1.05e-12, 2.2e-10
2018-10-11 04:29:08, 1.12e-12, 2.2e-10
2018-10-11 04:29:12, 1.04e-12, 2.2e-10
2018-10-11 04:29:16, 1.02e-12, 2.2e-10
2018-10-11 04:29:20, 9.9e-13, 2.2e-10
2018-10-11 04:29:24, 1.08e-12, 2.2e-10
2018-10-11 04:29:29, 1.02e-12, 2.2e-10
2018-10-11 04:29:33, 1.11e-12, 2.2e-10
2018-10-11 04:29:37, 1.06e-12, 2.2e-10
2018-10-11 04:29:41, 1.07e-12, 2.2e-10
2018-10-11 04:29:46, 1.04e-12, 2.2e-10
2018-10-11 04:29:50, 1.03e-12, 2.2e-10
2018-10-11 04:29:54, 1.04e-12, 2.2e-10
2018-10-11 04:29:58, 1.11e-12, 2.2e-10
2018-10-11 04:30:02, 1.04e-12, 2.2e-10
2018-10-11 04:30:07, 1.11e-12, 2.2e-10
2018-10-11 04:30:11, 1.11e-12, 2.2e-10
2018-10-11 04:30:15, 1.09e-12, 2.19e-10
2018-10-11 04:30:19, 1.09e-12, 2.2e-10
2018-10-11 04:30:24, 1.12e-12, 2.2e-10
2018-10-11 04:30:28, 1.01e-12, 2.19e-10
2018-10-11 04:30:32, 1.19e-12, 2.2e-10
2018-10-11 04:30:36, 1.06e-12, 2.19e-10
2018-10-11 04:30:40, 1.06e-12, 2.2e-10
2018-10-11 04:30:45, 1.07e-12, 2.2e-10
2018-10-11 04:30:49, 1.04e-12, 2.2e-10
2018-10-11 04:30:53, 1.05e-12, 2.19e-10
2018-10-11 04:30:57, 1.04e-12, 2.19e-10
2018-10-11 04:31:02, 1.08e-12, 2.2e-10
2018-10-11 04:31:06, 1.12e-12, 2.2e-10
2018-10-11 04:31:10, 1.07e-12, 2.2e-10
2018-10-11 04:31:14, 1.08e-12, 2.2e-10
2018-10-11 04:31:18, 1.06e-12, 2.2e-10
2018-10-11 04:31:23, 1.13e-12, 2.2e-10
2018-10-11 04:31:27, 1.07e-12, 2.2e-10
2018-10-11 04:31:31, 1.12e-12, 2.2e-10
2018-10-11 04:31:35, 9.88e-13, 2.19e-10
2018-10-11 04:31:40, 1.01e-12, 2.2e-10
2018-10-11 04:31:44, 1.04e-12, 2.2e-10
2018-10-11 04:31:48, 1.1e-12, 2.19e-10
2018-10-11 04:31:52, 1.18e-12, 2.19e-10
2018-10-11 04:31:56, 1.07e-12, 2.2e-10
2018-10-11 04:32:01, 1.05e-12, 2.2e-10
2018-10-11 04:32:05, 1.04e-12, 2.2e-10
2018-10-11 04:32:09, 1.11e-12, 2.2e-10
2018-10-11 04:32:13, 1.1e-12, 2.2e-10
2018-10-11 04:32:18, 1.12e-12, 2.19e-10
2018-10-11 04:32:22, 1.07e-12, 2.19e-10
2018-10-11 04:32:26, 1.19e-12, 2.2e-10
2018-10-11 04:32:30, 1.14e-12, 2.19e-10
2018-10-11 04:32:34, 1.06e-12, 2.19e-10
2018-10-11 04:32:39, 9.03e-13, 2.19e-10
2018-10-11 04:32:43, 9.5e-13, 2.19e-10
2018-10-11 04:32:47, 1.02e-12, 2.19e-10
2018-10-11 04:32:51, 1.09e-12, 2.19e-10
2018-10-11 04:32:56, 9.79e-13, 2.19e-10
2018-10-11 04:33:00, 1.22e-12, 2.19e-10
2018-10-11 04:33:04, 1.07e-12, 2.19e-10
2018-10-11 04:33:08, 1.08e-12, 2.19e-10
2018-10-11 04:33:12, 1.09e-12, 2.19e-10
2018-10-11 04:33:17, 1.01e-12, 2.19e-10
2018-10-11 04:33:21, 1.07e-12, 2.19e-10
2018-10-11 04:33:25, 1.18e-12, 2.19e-10
2018-10-11 04:33:29, 1.07e-12, 2.2e-10
2018-10-11 04:33:34, 1.12e-12, 2.19e-10
2018-10-11 04:33:38, 1.1e-12, 2.19e-10
2018-10-11 04:33:42, 1.03e-12, 2.19e-10
2018-10-11 04:33:46, 1.18e-12, 2.19e-10
2018-10-11 04:33:50, 1.11e-12, 2.19e-10
2018-10-11 04:33:55, 1.02e-12, 2.2e-10
2018-10-11 04:33:59, 1.06e-12, 2.19e-10
2018-10-11 04:34:03, 1.1e-12, 2.19e-10
2018-10-11 04:34:07, 1.05e-12, 2.19e-10
2018-10-11 04:34:12, 1.07e-12, 2.2e-10
2018-10-11 04:34:16, 1.14e-12, 2.19e-10
2018-10-11 04:34:20, 1.04e-12, 2.19e-10
2018-10-11 04:34:24, 1.08e-12, 2.2e-10
2018-10-11 04:34:28, 1.06e-12, 2.19e-10
2018-10-11 04:34:33, 1.05e-12, 2.19e-10
2018-10-11 04:34:37, 1.07e-12, 2.2e-10
2018-10-11 04:34:41, 1.04e-12, 2.19e-10
2018-10-11 04:34:45, 1.06e-12, 2.19e-10
2018-10-11 04:34:50, 1.04e-12, 2.19e-10
2018-10-11 04:34:54, 1.03e-12, 2.19e-10
2018-10-11 04:34:58, 1.06e-12, 2.2e-10
2018-10-11 04:35:02, 1.08e-12, 2.19e-10
2018-10-11 04:35:06, 1.09e-12, 2.2e-10
2018-10-11 04:35:11, 1.02e-12, 2.19e-10
2018-10-11 04:35:15, 1.09e-12, 2.19e-10
2018-10-11 04:35:19, 1.07e-12, 2.19e-10
2018-10-11 04:35:23, 1.11e-12, 2.19e-10
2018-10-11 04:35:28, 1.03e-12, 2.19e-10
2018-10-11 04:35:32, 1.08e-12, 2.19e-10
2018-10-11 04:35:36, 1.21e-12, 2.19e-10
2018-10-11 04:35:40, 1.2e-12, 2.19e-10
2018-10-11 04:35:44, 1.16e-12, 2.19e-10
2018-10-11 04:35:49, 1.08e-12, 2.2e-10
2018-10-11 04:35:53, 1.05e-12, 2.19e-10
2018-10-11 04:35:57, 1.07e-12, 2.19e-10
2018-10-11 04:36:01, 1.07e-12, 2.19e-10
2018-10-11 04:36:06, 1.07e-12, 2.19e-10
2018-10-11 04:36:10, 1.05e-12, 2.19e-10
2018-10-11 04:36:14, 1.1e-12, 2.19e-10
2018-10-11 04:36:18, 1.08e-12, 2.19e-10
2018-10-11 04:36:22, 1.05e-12, 2.19e-10
2018-10-11 04:36:27, 1.06e-12, 2.19e-10
2018-10-11 04:36:31, 1.05e-12, 2.19e-10
2018-10-11 04:36:35, 1.05e-12, 2.19e-10
2018-10-11 04:36:39, 1.14e-12, 2.19e-10
2018-10-11 04:36:44, 1.08e-12, 2.19e-10
2018-10-11 04:36:48, 1.08e-12, 2.19e-10
2018-10-11 04:36:52, 1.04e-12, 2.19e-10
2018-10-11 04:36:56, 1e-12, 2.19e-10
2018-10-11 04:37:00, 1.08e-12, 2.19e-10
2018-10-11 04:37:05, 1.06e-12, 2.19e-10
2018-10-11 04:37:09, 1.08e-12, 2.19e-10
2018-10-11 04:37:13, 1.08e-12, 2.19e-10
2018-10-11 04:37:17, 1.09e-12, 2.19e-10
2018-10-11 04:37:22, 1.03e-12, 2.19e-10
2018-10-11 04:37:26, 1.05e-12, 2.19e-10
2018-10-11 04:37:30, 1.18e-12, 2.19e-10
2018-10-11 04:37:34, 1.1e-12, 2.19e-10
2018-10-11 04:37:38, 1.04e-12, 2.19e-10
2018-10-11 04:37:43, 1.04e-12, 2.19e-10
2018-10-11 04:37:47, 1.09e-12, 2.19e-10
2018-10-11 04:37:51, 1.05e-12, 2.19e-10
2018-10-11 04:37:55, 1.04e-12, 2.19e-10
2018-10-11 04:38:00, 1.05e-12, 2.19e-10
2018-10-11 04:38:04, 1.05e-12, 2.19e-10
2018-10-11 04:38:08, 1.02e-12, 2.19e-10
2018-10-11 04:38:12, 1.08e-12, 2.19e-10
2018-10-11 04:38:16, 1.08e-12, 2.19e-10
2018-10-11 04:38:21, 1.17e-12, 2.19e-10
2018-10-11 04:38:25, 1.05e-12, 2.19e-10
2018-10-11 04:38:29, 1.04e-12, 2.19e-10
2018-10-11 04:38:33, 1.04e-12, 2.19e-10
2018-10-11 04:38:38, 1.04e-12, 2.19e-10
2018-10-11 04:38:42, 1.06e-12, 2.19e-10
2018-10-11 04:38:46, 1.02e-12, 2.19e-10
2018-10-11 04:38:50, 1.08e-12, 2.19e-10
2018-10-11 04:38:54, 1.08e-12, 2.19e-10
2018-10-11 04:38:59, 1.01e-12, 2.19e-10
2018-10-11 04:39:03, 1.06e-12, 2.19e-10
2018-10-11 04:39:07, 1.07e-12, 2.19e-10
2018-10-11 04:39:11, 1.09e-12, 2.19e-10
2018-10-11 04:39:16, 1.04e-12, 2.19e-10
2018-10-11 04:39:20, 1.02e-12, 2.19e-10
2018-10-11 04:39:24, 1.03e-12, 2.19e-10
2018-10-11 04:39:28, 1.06e-12, 2.19e-10
2018-10-11 04:39:32, 1.03e-12, 2.19e-10
2018-10-11 04:39:37, 1.06e-12, 2.19e-10
2018-10-11 04:39:41, 1.01e-12, 2.19e-10
2018-10-11 04:39:45, 1.09e-12, 2.19e-10
2018-10-11 04:39:49, 1.12e-12, 2.19e-10
2018-10-11 04:39:54, 1.07e-12, 2.19e-10
2018-10-11 04:39:58, 1.03e-12, 2.19e-10
2018-10-11 04:40:02, 1.06e-12, 2.19e-10
2018-10-11 04:40:06, 9.61e-13, 2.19e-10
2018-10-11 04:40:10, 1.07e-12, 2.19e-10
2018-10-11 04:40:15, 1.03e-12, 2.19e-10
2018-10-11 04:40:19, 1.03e-12, 2.19e-10
2018-10-11 04:40:23, 1.11e-12, 2.19e-10
2018-10-11 04:40:27, 1.06e-12, 2.19e-10
2018-10-11 04:40:32, 1.08e-12, 2.19e-10
2018-10-11 04:40:36, 1.11e-12, 2.19e-10
2018-10-11 04:40:40, 9.99e-13, 2.19e-10
2018-10-11 04:40:44, 1.12e-12, 2.19e-10
2018-10-11 04:40:48, 1.13e-12, 2.19e-10
2018-10-11 04:40:53, 1.06e-12, 2.19e-10
2018-10-11 04:40:57, 1.13e-12, 2.19e-10
2018-10-11 04:41:01, 1.04e-12, 2.19e-10
2018-10-11 04:41:05, 1.07e-12, 2.19e-10
2018-10-11 04:41:10, 1.1e-12, 2.19e-10
2018-10-11 04:41:14, 1.05e-12, 2.19e-10
2018-10-11 04:41:18, 1.04e-12, 2.19e-10
2018-10-11 04:41:22, 1.08e-12, 2.19e-10
2018-10-11 04:41:26, 1.18e-12, 2.19e-10
2018-10-11 04:41:31, 1.05e-12, 2.19e-10
2018-10-11 04:41:35, 1.07e-12, 2.19e-10
2018-10-11 04:41:39, 1.07e-12, 2.19e-10
2018-10-11 04:41:43, 1.15e-12, 2.19e-10
2018-10-11 04:41:48, 9.97e-13, 2.19e-10
2018-10-11 04:41:52, 1.05e-12, 2.19e-10
2018-10-11 04:41:56, 1.1e-12, 2.19e-10
2018-10-11 04:42:00, 1.07e-12, 2.19e-10
2018-10-11 04:42:04, 1.05e-12, 2.19e-10
2018-10-11 04:42:09, 9.36e-13, 2.19e-10
2018-10-11 04:42:13, 1.09e-12, 2.19e-10
2018-10-11 04:42:17, 1.09e-12, 2.19e-10
2018-10-11 04:42:21, 1.17e-12, 2.19e-10
2018-10-11 04:42:26, 1.09e-12, 2.19e-10
2018-10-11 04:42:30, 1.07e-12, 2.19e-10
2018-10-11 04:42:34, 9.76e-13, 2.19e-10
2018-10-11 04:42:38, 1.25e-12, 2.19e-10
2018-10-11 04:42:42, 1.26e-12, 2.19e-10
2018-10-11 04:42:47, 1.12e-12, 2.19e-10
2018-10-11 04:42:51, 1.05e-12, 2.19e-10
2018-10-11 04:42:55, 1.05e-12, 2.19e-10
2018-10-11 04:42:59, 1.07e-12, 2.19e-10
2018-10-11 04:43:04, 1.09e-12, 2.19e-10
2018-10-11 04:43:08, 1.11e-12, 2.19e-10
2018-10-11 04:43:12, 1.12e-12, 2.19e-10
2018-10-11 04:43:16, 1.05e-12, 2.19e-10
2018-10-11 04:43:20, 9.57e-13, 2.19e-10
2018-10-11 04:43:25, 1.08e-12, 2.19e-10
2018-10-11 04:43:29, 1.08e-12, 2.19e-10
2018-10-11 04:43:33, 9.4e-13, 2.19e-10
2018-10-11 04:43:37, 1.09e-12, 2.19e-10
2018-10-11 04:43:42, 1.11e-12, 2.19e-10
2018-10-11 04:43:46, 1.09e-12, 2.2e-10
2018-10-11 04:43:50, 1.08e-12, 2.2e-10
2018-10-11 04:43:54, 1.1e-12, 2.19e-10
2018-10-11 04:43:58, 1.06e-12, 2.19e-10
2018-10-11 04:44:03, 1.07e-12, 2.19e-10
2018-10-11 04:44:07, 1.07e-12, 2.19e-10
2018-10-11 04:44:11, 1.07e-12, 2.19e-10
2018-10-11 04:44:15, 1.07e-12, 2.19e-10
2018-10-11 04:44:20, 1.08e-12, 2.19e-10
2018-10-11 04:44:24, 1.11e-12, 2.19e-10
2018-10-11 04:44:28, 1.02e-12, 2.19e-10
2018-10-11 04:44:32, 9.79e-13, 2.19e-10
2018-10-11 04:44:36, 1.18e-12, 2.19e-10
2018-10-11 04:44:41, 9.38e-13, 2.19e-10
2018-10-11 04:44:45, 1.06e-12, 2.19e-10
2018-10-11 04:44:49, 1.09e-12, 2.19e-10
2018-10-11 04:44:53, 1.14e-12, 2.19e-10
2018-10-11 04:44:58, 1.07e-12, 2.19e-10
2018-10-11 04:45:02, 1.01e-12, 2.19e-10
2018-10-11 04:45:06, 1.11e-12, 2.19e-10
2018-10-11 04:45:10, 1.04e-12, 2.19e-10
2018-10-11 04:45:14, 1.06e-12, 2.19e-10
2018-10-11 04:45:19, 1.05e-12, 2.19e-10
2018-10-11 04:45:23, 1.08e-12, 2.19e-10
2018-10-11 04:45:27, 1.09e-12, 2.19e-10
2018-10-11 04:45:31, 1.08e-12, 2.19e-10
2018-10-11 04:45:35, 1.09e-12, 2.19e-10
2018-10-11 04:45:40, 1.09e-12, 2.19e-10
2018-10-11 04:45:44, 1.09e-12, 2.19e-10
2018-10-11 04:45:48, 1.13e-12, 2.19e-10
2018-10-11 04:45:52, 1.08e-12, 2.19e-10
2018-10-11 04:45:57, 1.06e-12, 2.19e-10
2018-10-11 04:46:01, 1.08e-12, 2.19e-10
2018-10-11 04:46:05, 1.01e-12, 2.19e-10
2018-10-11 04:46:09, 1.02e-12, 2.19e-10
2018-10-11 04:46:13, 1.06e-12, 2.19e-10
2018-10-11 04:46:18, 1.07e-12, 2.19e-10
2018-10-11 04:46:22, 1.06e-12, 2.19e-10
2018-10-11 04:46:26, 1.05e-12, 2.19e-10
2018-10-11 04:46:30, 1.03e-12, 2.19e-10
2018-10-11 04:46:35, 1.11e-12, 2.19e-10
2018-10-11 04:46:39, 1.04e-12, 2.19e-10
2018-10-11 04:46:43, 1.06e-12, 2.19e-10
2018-10-11 04:46:47, 1.1e-12, 2.19e-10
2018-10-11 04:46:51, 1.07e-12, 2.19e-10
2018-10-11 04:46:56, 1.12e-12, 2.19e-10
2018-10-11 04:47:00, 1.12e-12, 2.19e-10
2018-10-11 04:47:04, 1.1e-12, 2.19e-10
2018-10-11 04:47:08, 1.07e-12, 2.19e-10
2018-10-11 04:47:13, 1.01e-12, 2.19e-10
2018-10-11 04:47:17, 1.08e-12, 2.19e-10
2018-10-11 04:47:21, 1.05e-12, 2.19e-10
2018-10-11 04:47:25, 1.02e-12, 2.19e-10
2018-10-11 04:47:29, 1.05e-12, 2.19e-10
2018-10-11 04:47:34, 1.03e-12, 2.19e-10
2018-10-11 04:47:38, 1.05e-12, 2.19e-10
2018-10-11 04:47:42, 1.06e-12, 2.19e-10
2018-10-11 04:47:46, 1.07e-12, 2.19e-10
2018-10-11 04:47:51, 1.05e-12, 2.19e-10
2018-10-11 04:47:55, 1.14e-12, 2.19e-10
2018-10-11 04:47:59, 1.07e-12, 2.19e-10
2018-10-11 04:48:03, 1.05e-12, 2.19e-10
2018-10-11 04:48:07, 1.1e-12, 2.19e-10
2018-10-11 04:48:12, 1.08e-12, 2.19e-10
2018-10-11 04:48:16, 1.04e-12, 2.19e-10
2018-10-11 04:48:20, 1.04e-12, 2.19e-10
2018-10-11 04:48:24, 1.02e-12, 2.19e-10
2018-10-11 04:48:29, 1.06e-12, 2.19e-10
2018-10-11 04:48:33, 9.96e-13, 2.19e-10
2018-10-11 04:48:37, 1.09e-12, 2.19e-10
2018-10-11 04:48:41, 9.22e-13, 2.19e-10
2018-10-11 04:48:45, 1.03e-12, 2.19e-10
2018-10-11 04:48:50, 1.12e-12, 2.19e-10
2018-10-11 04:48:54, 1.02e-12, 2.19e-10
2018-10-11 04:48:58, 1.09e-12, 2.19e-10
2018-10-11 04:49:02, 1.04e-12, 2.19e-10
2018-10-11 04:49:07, 9.97e-13, 2.19e-10
2018-10-11 04:49:11, 1.1e-12, 2.19e-10
2018-10-11 04:49:15, 1.08e-12, 2.19e-10
2018-10-11 04:49:19, 1.07e-12, 2.19e-10
2018-10-11 04:49:23, 1.12e-12, 2.19e-10
2018-10-11 04:49:28, 1.08e-12, 2.19e-10
2018-10-11 04:49:32, 1.12e-12, 2.19e-10
2018-10-11 04:49:36, 1.04e-12, 2.19e-10
2018-10-11 04:49:40, 1.03e-12, 2.19e-10
2018-10-11 04:49:45, 1.06e-12, 2.19e-10
2018-10-11 04:49:49, 1.06e-12, 2.19e-10
2018-10-11 04:49:53, 1.09e-12, 2.19e-10
2018-10-11 04:49:57, 1.11e-12, 2.19e-10
2018-10-11 04:50:01, 1.06e-12, 2.19e-10
2018-10-11 04:50:06, 1e-12, 2.19e-10
2018-10-11 04:50:10, 1.02e-12, 2.19e-10
2018-10-11 04:50:14, 1.11e-12, 2.19e-10
2018-10-11 04:50:18, 1.04e-12, 2.19e-10
2018-10-11 04:50:23, 1.07e-12, 2.19e-10
2018-10-11 04:50:27, 1.09e-12, 2.19e-10
2018-10-11 04:50:31, 1.08e-12, 2.19e-10
2018-10-11 04:50:35, 1.09e-12, 2.19e-10
2018-10-11 04:50:39, 1.23e-12, 2.19e-10
2018-10-11 04:50:44, 9.95e-13, 2.19e-10
2018-10-11 04:50:48, 1.12e-12, 2.19e-10
2018-10-11 04:50:52, 1.06e-12, 2.19e-10
2018-10-11 04:50:56, 1.03e-12, 2.2e-10
2018-10-11 04:51:01, 1.09e-12, 2.19e-10
2018-10-11 04:51:05, 1.08e-12, 2.19e-10
2018-10-11 04:51:09, 1.05e-12, 2.19e-10
2018-10-11 04:51:13, 1.03e-12, 2.19e-10
2018-10-11 04:51:17, 1.11e-12, 2.2e-10
2018-10-11 04:51:22, 1.22e-12, 2.19e-10
2018-10-11 04:51:26, 1.08e-12, 2.19e-10
2018-10-11 04:51:30, 1.14e-12, 2.19e-10
2018-10-11 04:51:34, 1.13e-12, 2.19e-10
2018-10-11 04:51:39, 1.07e-12, 2.19e-10
2018-10-11 04:51:43, 1.08e-12, 2.19e-10
2018-10-11 04:51:47, 1.02e-12, 2.19e-10
2018-10-11 04:51:51, 1.09e-12, 2.2e-10
2018-10-11 04:51:55, 1.13e-12, 2.19e-10
2018-10-11 04:52:00, 1.05e-12, 2.19e-10
2018-10-11 04:52:04, 1.08e-12, 2.19e-10
2018-10-11 04:52:08, 1.06e-12, 2.19e-10
2018-10-11 04:52:12, 1.06e-12, 2.19e-10
2018-10-11 04:52:17, 1.06e-12, 2.19e-10
2018-10-11 04:52:21, 1.09e-12, 2.19e-10
2018-10-11 04:52:25, 1.06e-12, 2.19e-10
2018-10-11 04:52:29, 1.12e-12, 2.19e-10
2018-10-11 04:52:33, 1.04e-12, 2.19e-10
2018-10-11 04:52:38, 1.08e-12, 2.19e-10
2018-10-11 04:52:42, 1.09e-12, 2.19e-10
2018-10-11 04:52:46, 1.07e-12, 2.19e-10
2018-10-11 04:52:50, 9.99e-13, 2.19e-10
2018-10-11 04:52:55, 1.05e-12, 2.19e-10
2018-10-11 04:52:59, 1.06e-12, 2.19e-10
2018-10-11 04:53:03, 1.2e-12, 2.19e-10
2018-10-11 04:53:07, 1.07e-12, 2.19e-10
2018-10-11 04:53:11, 1.05e-12, 2.2e-10
2018-10-11 04:53:16, 1.05e-12, 2.19e-10
2018-10-11 04:53:20, 1.11e-12, 2.19e-10
2018-10-11 04:53:24, 1.13e-12, 2.19e-10
2018-10-11 04:53:28, 1.06e-12, 2.19e-10
2018-10-11 04:53:33, 1.11e-12, 2.19e-10
2018-10-11 04:53:37, 1.09e-12, 2.19e-10
2018-10-11 04:53:41, 1.03e-12, 2.19e-10
2018-10-11 04:53:45, 1.04e-12, 2.2e-10
2018-10-11 04:53:49, 1.05e-12, 2.19e-10
2018-10-11 04:53:54, 9.67e-13, 2.19e-10
2018-10-11 04:53:58, 1.07e-12, 2.19e-10
2018-10-11 04:54:02, 1.04e-12, 2.19e-10
2018-10-11 04:54:06, 1.09e-12, 2.19e-10
2018-10-11 04:54:11, 1.1e-12, 2.19e-10
2018-10-11 04:54:15, 1.03e-12, 2.2e-10
2018-10-11 04:54:19, 1.03e-12, 2.19e-10
2018-10-11 04:54:23, 1.15e-12, 2.19e-10
2018-10-11 04:54:27, 1.1e-12, 2.19e-10
2018-10-11 04:54:32, 1.04e-12, 2.19e-10
2018-10-11 04:54:36, 1.07e-12, 2.19e-10
2018-10-11 04:54:40, 1.06e-12, 2.19e-10
2018-10-11 04:54:44, 9.6e-13, 2.19e-10
2018-10-11 04:54:49, 1.03e-12, 2.19e-10
2018-10-11 04:54:53, 1.06e-12, 2.19e-10
2018-10-11 04:54:57, 1.12e-12, 2.19e-10
2018-10-11 04:55:01, 1.04e-12, 2.19e-10
2018-10-11 04:55:05, 1.1e-12, 2.19e-10
2018-10-11 04:55:10, 1.1e-12, 2.19e-10
2018-10-11 04:55:14, 1.03e-12, 2.19e-10
2018-10-11 04:55:18, 1.09e-12, 2.19e-10
2018-10-11 04:55:22, 1.02e-12, 2.19e-10
2018-10-11 04:55:27, 1.1e-12, 2.19e-10
2018-10-11 04:55:31, 1.07e-12, 2.19e-10
2018-10-11 04:55:35, 1.04e-12, 2.19e-10
2018-10-11 04:55:39, 1.08e-12, 2.19e-10
2018-10-11 04:55:43, 1.02e-12, 2.19e-10
2018-10-11 04:55:48, 1.09e-12, 2.19e-10
2018-10-11 04:55:52, 1.04e-12, 2.19e-10
2018-10-11 04:55:56, 1.1e-12, 2.19e-10
2018-10-11 04:56:00, 1.09e-12, 2.19e-10
2018-10-11 04:56:05, 1.04e-12, 2.19e-10
2018-10-11 04:56:09, 1.04e-12, 2.19e-10
2018-10-11 04:56:13, 1.07e-12, 2.19e-10
2018-10-11 04:56:17, 9.99e-13, 2.19e-10
2018-10-11 04:56:21, 1.08e-12, 2.19e-10
2018-10-11 04:56:26, 1.12e-12, 2.19e-10
2018-10-11 04:56:30, 1.1e-12, 2.19e-10
2018-10-11 04:56:34, 1.08e-12, 2.19e-10
2018-10-11 04:56:38, 1.1e-12, 2.19e-10
2018-10-11 04:56:42, 1.1e-12, 2.19e-10
2018-10-11 04:56:47, 1.08e-12, 2.19e-10
2018-10-11 04:56:51, 1.05e-12, 2.19e-10
2018-10-11 04:56:55, 1.11e-12, 2.19e-10
2018-10-11 04:56:59, 1.07e-12, 2.19e-10
2018-10-11 04:57:04, 1.11e-12, 2.19e-10
2018-10-11 04:57:08, 1.1e-12, 2.19e-10
2018-10-11 04:57:12, 1.2e-12, 2.19e-10
2018-10-11 04:57:16, 1.08e-12, 2.19e-10
2018-10-11 04:57:20, 1.14e-12, 2.19e-10
2018-10-11 04:57:25, 1.04e-12, 2.19e-10
2018-10-11 04:57:29, 1.02e-12, 2.19e-10
2018-10-11 04:57:33, 1.12e-12, 2.19e-10
2018-10-11 04:57:37, 1.08e-12, 2.19e-10
2018-10-11 04:57:42, 1.07e-12, 2.19e-10
2018-10-11 04:57:46, 1.11e-12, 2.19e-10
2018-10-11 04:57:50, 1.11e-12, 2.19e-10
2018-10-11 04:57:54, 1.04e-12, 2.19e-10
2018-10-11 04:57:58, 1.16e-12, 2.19e-10
2018-10-11 04:58:03, 1.04e-12, 2.19e-10
2018-10-11 04:58:07, 1.05e-12, 2.19e-10
2018-10-11 04:58:11, 1.03e-12, 2.19e-10
2018-10-11 04:58:15, 1.11e-12, 2.19e-10
2018-10-11 04:58:20, 1.1e-12, 2.19e-10
2018-10-11 04:58:24, 1.07e-12, 2.19e-10
2018-10-11 04:58:28, 1.06e-12, 2.19e-10
2018-10-11 04:58:32, 1.03e-12, 2.19e-10
2018-10-11 04:58:36, 1.03e-12, 2.19e-10
2018-10-11 04:58:41, 1.06e-12, 2.19e-10
2018-10-11 04:58:45, 1.05e-12, 2.19e-10
2018-10-11 04:58:49, 1.12e-12, 2.19e-10
2018-10-11 04:58:53, 1.02e-12, 2.19e-10
2018-10-11 04:58:58, 1.09e-12, 2.19e-10
2018-10-11 04:59:02, 1.08e-12, 2.18e-10
2018-10-11 04:59:06, 1.1e-12, 2.19e-10
2018-10-11 04:59:10, 1.07e-12, 2.19e-10
2018-10-11 04:59:14, 9.48e-13, 2.19e-10
2018-10-11 04:59:19, 1.09e-12, 2.19e-10
2018-10-11 04:59:23, 1.09e-12, 2.19e-10
2018-10-11 04:59:27, 1.08e-12, 2.19e-10
2018-10-11 04:59:31, 1.07e-12, 2.19e-10
2018-10-11 04:59:36, 1.04e-12, 2.19e-10
2018-10-11 04:59:40, 1.06e-12, 2.19e-10
2018-10-11 04:59:44, 1.06e-12, 2.19e-10
2018-10-11 04:59:48, 1.03e-12, 2.19e-10
2018-10-11 04:59:52, 1.12e-12, 2.19e-10
2018-10-11 04:59:57, 9.88e-13, 2.19e-10
2018-10-11 05:00:01, 1.04e-12, 2.19e-10
2018-10-11 05:00:05, 1.07e-12, 2.19e-10
2018-10-11 05:00:09, 1.09e-12, 2.19e-10
2018-10-11 05:00:13, 1.03e-12, 2.19e-10
2018-10-11 05:00:18, 1.09e-12, 2.19e-10
2018-10-11 05:00:22, 1.08e-12, 2.18e-10
2018-10-11 05:00:26, 1.09e-12, 2.18e-10
2018-10-11 05:00:30, 1.15e-12, 2.19e-10
2018-10-11 05:00:35, 1.01e-12, 2.19e-10
2018-10-11 05:00:39, 1.09e-12, 2.19e-10
2018-10-11 05:00:43, 9.89e-13, 2.19e-10
2018-10-11 05:00:47, 1.07e-12, 2.19e-10
2018-10-11 05:00:51, 1.08e-12, 2.19e-10
2018-10-11 05:00:56, 1.08e-12, 2.19e-10
2018-10-11 05:01:00, 1.03e-12, 2.19e-10
2018-10-11 05:01:04, 1.11e-12, 2.19e-10
2018-10-11 05:01:08, 1.1e-12, 2.19e-10
2018-10-11 05:01:13, 1.05e-12, 2.19e-10
2018-10-11 05:01:17, 1.1e-12, 2.2e-10
2018-10-11 05:01:21, 1.03e-12, 2.19e-10
2018-10-11 05:01:25, 1.04e-12, 2.19e-10
2018-10-11 05:01:29, 1.07e-12, 2.19e-10
2018-10-11 05:01:34, 1.05e-12, 2.19e-10
2018-10-11 05:01:38, 1.11e-12, 2.19e-10
2018-10-11 05:01:42, 1.06e-12, 2.19e-10
2018-10-11 05:01:46, 1.09e-12, 2.19e-10
2018-10-11 05:01:51, 1.08e-12, 2.19e-10
2018-10-11 05:01:55, 1.07e-12, 2.19e-10
2018-10-11 05:01:59, 1.08e-12, 2.19e-10
2018-10-11 05:02:03, 1.04e-12, 2.19e-10
2018-10-11 05:02:07, 9.49e-13, 2.19e-10
2018-10-11 05:02:12, 1.04e-12, 2.19e-10
2018-10-11 05:02:16, 1.07e-12, 2.19e-10
2018-10-11 05:02:20, 1.07e-12, 2.19e-10
2018-10-11 05:02:24, 1.15e-12, 2.19e-10
2018-10-11 05:02:29, 1.06e-12, 2.19e-10
2018-10-11 05:02:33, 1.04e-12, 2.19e-10
2018-10-11 05:02:37, 1.09e-12, 2.19e-10
2018-10-11 05:02:41, 1.08e-12, 2.19e-10
2018-10-11 05:02:45, 1.05e-12, 2.19e-10
2018-10-11 05:02:50, 1.09e-12, 2.19e-10
2018-10-11 05:02:54, 1.08e-12, 2.19e-10
2018-10-11 05:02:58, 1.1e-12, 2.19e-10
2018-10-11 05:03:02, 1.06e-12, 2.19e-10
2018-10-11 05:03:07, 1.07e-12, 2.19e-10
2018-10-11 05:03:11, 1.08e-12, 2.19e-10
2018-10-11 05:03:15, 1.07e-12, 2.19e-10
2018-10-11 05:03:19, 1.01e-12, 2.19e-10
2018-10-11 05:03:23, 1.11e-12, 2.19e-10
2018-10-11 05:03:28, 1.04e-12, 2.19e-10
2018-10-11 05:03:32, 1.14e-12, 2.19e-10
2018-10-11 05:03:36, 1.1e-12, 2.19e-10
2018-10-11 05:03:40, 1.06e-12, 2.19e-10
2018-10-11 05:03:45, 1.12e-12, 2.19e-10
2018-10-11 05:03:49, 1.02e-12, 2.19e-10
2018-10-11 05:03:53, 9.94e-13, 2.19e-10
2018-10-11 05:03:57, 1.05e-12, 2.19e-10
2018-10-11 05:04:01, 1.11e-12, 2.19e-10
2018-10-11 05:04:06, 1.05e-12, 2.19e-10
2018-10-11 05:04:10, 1.11e-12, 2.19e-10
2018-10-11 05:04:14, 1.1e-12, 2.19e-10
2018-10-11 05:04:18, 1.22e-12, 2.18e-10
2018-10-11 05:04:23, 1.09e-12, 2.19e-10
2018-10-11 05:04:27, 1.05e-12, 2.19e-10
2018-10-11 05:04:31, 9.85e-13, 2.19e-10
2018-10-11 05:04:35, 1.03e-12, 2.19e-10
2018-10-11 05:04:39, 1.04e-12, 2.19e-10
2018-10-11 05:04:44, 1.03e-12, 2.19e-10
2018-10-11 05:04:48, 1.02e-12, 2.19e-10
2018-10-11 05:04:52, 1.09e-12, 2.19e-10
2018-10-11 05:04:56, 1.05e-12, 2.19e-10
2018-10-11 05:05:01, 1.04e-12, 2.19e-10
2018-10-11 05:05:05, 1.08e-12, 2.19e-10
2018-10-11 05:05:09, 1.12e-12, 2.19e-10
2018-10-11 05:05:13, 1.15e-12, 2.19e-10
2018-10-11 05:05:17, 1.05e-12, 2.19e-10
2018-10-11 05:05:22, 1.11e-12, 2.19e-10
2018-10-11 05:05:26, 1.07e-12, 2.19e-10
2018-10-11 05:05:30, 1.11e-12, 2.19e-10
2018-10-11 05:05:34, 1.03e-12, 2.19e-10
2018-10-11 05:05:39, 9.56e-13, 2.19e-10
2018-10-11 05:05:43, 1.07e-12, 2.19e-10
2018-10-11 05:05:47, 1.06e-12, 2.19e-10
2018-10-11 05:05:51, 1.09e-12, 2.19e-10
2018-10-11 05:05:55, 1.05e-12, 2.19e-10
2018-10-11 05:06:00, 1.09e-12, 2.18e-10
2018-10-11 05:06:04, 1e-12, 2.19e-10
2018-10-11 05:06:08, 1.05e-12, 2.19e-10
2018-10-11 05:06:12, 1.16e-12, 2.19e-10
2018-10-11 05:06:17, 1.08e-12, 2.19e-10
2018-10-11 05:06:21, 1.01e-12, 2.18e-10
2018-10-11 05:06:25, 1.01e-12, 2.19e-10
2018-10-11 05:06:29, 1.04e-12, 2.19e-10
2018-10-11 05:06:33, 9.93e-13, 2.19e-10
2018-10-11 05:06:38, 1.16e-12, 2.19e-10
2018-10-11 05:06:42, 1.11e-12, 2.19e-10
2018-10-11 05:06:46, 1.15e-12, 2.19e-10
2018-10-11 05:06:50, 1.02e-12, 2.18e-10
2018-10-11 05:06:55, 1.07e-12, 2.19e-10
2018-10-11 05:06:59, 1.12e-12, 2.18e-10
2018-10-11 05:07:03, 1.14e-12, 2.19e-10
2018-10-11 05:07:07, 1.08e-12, 2.19e-10
2018-10-11 05:07:11, 1.15e-12, 2.18e-10
2018-10-11 05:07:16, 9e-13, 2.18e-10
2018-10-11 05:07:20, 1.15e-12, 2.19e-10
2018-10-11 05:07:24, 1.02e-12, 2.18e-10
2018-10-11 05:07:28, 1.07e-12, 2.19e-10
2018-10-11 05:07:33, 1.03e-12, 2.19e-10
2018-10-11 05:07:37, 1.06e-12, 2.18e-10
2018-10-11 05:07:41, 1.08e-12, 2.19e-10
2018-10-11 05:07:45, 1.05e-12, 2.19e-10
2018-10-11 05:07:49, 1.11e-12, 2.18e-10
2018-10-11 05:07:54, 1.1e-12, 2.18e-10
2018-10-11 05:07:58, 1.01e-12, 2.19e-10
2018-10-11 05:08:02, 1.06e-12, 2.19e-10
2018-10-11 05:08:06, 1.1e-12, 2.19e-10
2018-10-11 05:08:11, 1.15e-12, 2.19e-10
2018-10-11 05:08:15, 1.19e-12, 2.19e-10
2018-10-11 05:08:19, 1.04e-12, 2.18e-10
2018-10-11 05:08:23, 1.08e-12, 2.19e-10
2018-10-11 05:08:27, 1.02e-12, 2.18e-10
2018-10-11 05:08:32, 1.03e-12, 2.18e-10
2018-10-11 05:08:36, 1.04e-12, 2.18e-10
2018-10-11 05:08:40, 1.03e-12, 2.19e-10
2018-10-11 05:08:44, 1.05e-12, 2.19e-10
2018-10-11 05:08:48, 1.12e-12, 2.18e-10
2018-10-11 05:08:53, 1.08e-12, 2.19e-10
2018-10-11 05:08:57, 1.13e-12, 2.19e-10
2018-10-11 05:09:01, 1.03e-12, 2.18e-10
2018-10-11 05:09:05, 1.03e-12, 2.19e-10
2018-10-11 05:09:10, 1.09e-12, 2.19e-10
2018-10-11 05:09:14, 1e-12, 2.19e-10
2018-10-11 05:09:18, 9.93e-13, 2.19e-10
2018-10-11 05:09:22, 1.11e-12, 2.18e-10
2018-10-11 05:09:26, 1.06e-12, 2.18e-10
2018-10-11 05:09:31, 1.06e-12, 2.18e-10
2018-10-11 05:09:35, 1.07e-12, 2.18e-10
2018-10-11 05:09:39, 1.06e-12, 2.18e-10
2018-10-11 05:09:43, 1.03e-12, 2.19e-10
2018-10-11 05:09:48, 1.15e-12, 2.19e-10
2018-10-11 05:09:52, 1.09e-12, 2.19e-10
2018-10-11 05:09:56, 1.07e-12, 2.19e-10
2018-10-11 05:10:00, 1.11e-12, 2.18e-10
2018-10-11 05:10:04, 1.08e-12, 2.18e-10
2018-10-11 05:10:09, 1.02e-12, 2.19e-10
2018-10-11 05:10:13, 1.09e-12, 2.19e-10
2018-10-11 05:10:17, 1.07e-12, 2.18e-10
2018-10-11 05:10:21, 1.03e-12, 2.18e-10
2018-10-11 05:10:26, 1.07e-12, 2.18e-10
2018-10-11 05:10:30, 1.06e-12, 2.18e-10
2018-10-11 05:10:34, 1.04e-12, 2.19e-10
2018-10-11 05:10:38, 1.1e-12, 2.18e-10
2018-10-11 05:10:42, 1.15e-12, 2.18e-10
2018-10-11 05:10:47, 1.1e-12, 2.18e-10
2018-10-11 05:10:51, 1.06e-12, 2.18e-10
2018-10-11 05:10:55, 1.02e-12, 2.18e-10
2018-10-11 05:10:59, 1.09e-12, 2.19e-10
2018-10-11 05:11:04, 1.11e-12, 2.19e-10
2018-10-11 05:11:08, 1.1e-12, 2.19e-10
2018-10-11 05:11:12, 9.99e-13, 2.19e-10
2018-10-11 05:11:16, 1.06e-12, 2.18e-10
2018-10-11 05:11:20, 1.06e-12, 2.18e-10
2018-10-11 05:11:25, 1.13e-12, 2.18e-10
2018-10-11 05:11:29, 1.06e-12, 2.19e-10
2018-10-11 05:11:33, 1.06e-12, 2.18e-10
2018-10-11 05:11:37, 1.07e-12, 2.18e-10
2018-10-11 05:11:42, 1.05e-12, 2.18e-10
2018-10-11 05:11:46, 1.13e-12, 2.18e-10
2018-10-11 05:11:50, 1.08e-12, 2.19e-10
2018-10-11 05:11:54, 1.06e-12, 2.18e-10
2018-10-11 05:11:58, 1.06e-12, 2.18e-10
2018-10-11 05:12:03, 1.07e-12, 2.18e-10
2018-10-11 05:12:07, 1.04e-12, 2.19e-10
2018-10-11 05:12:11, 9.99e-13, 2.19e-10
2018-10-11 05:12:15, 1.1e-12, 2.18e-10
2018-10-11 05:12:20, 1.06e-12, 2.19e-10
2018-10-11 05:12:24, 1.08e-12, 2.18e-10
2018-10-11 05:12:28, 1.06e-12, 2.18e-10
2018-10-11 05:12:32, 1.06e-12, 2.18e-10
2018-10-11 05:12:36, 9.57e-13, 2.18e-10
2018-10-11 05:12:41, 1.05e-12, 2.19e-10
2018-10-11 05:12:45, 1.05e-12, 2.19e-10
2018-10-11 05:12:49, 1.05e-12, 2.18e-10
2018-10-11 05:12:53, 1.17e-12, 2.18e-10
2018-10-11 05:12:58, 1.17e-12, 2.19e-10
2018-10-11 05:13:02, 1.1e-12, 2.19e-10
2018-10-11 05:13:06, 1.05e-12, 2.19e-10
2018-10-11 05:13:10, 1.04e-12, 2.19e-10
2018-10-11 05:13:14, 1.13e-12, 2.18e-10
2018-10-11 05:13:19, 1.09e-12, 2.18e-10
2018-10-11 05:13:23, 1.06e-12, 2.18e-10
2018-10-11 05:13:27, 1.13e-12, 2.18e-10
2018-10-11 05:13:31, 1.08e-12, 2.18e-10
2018-10-11 05:13:36, 1.13e-12, 2.19e-10
2018-10-11 05:13:40, 1.04e-12, 2.19e-10
2018-10-11 05:13:44, 1.05e-12, 2.19e-10
2018-10-11 05:13:48, 1.06e-12, 2.19e-10
2018-10-11 05:13:52, 1.04e-12, 2.19e-10
2018-10-11 05:13:57, 1.09e-12, 2.18e-10
2018-10-11 05:14:01, 1.05e-12, 2.19e-10
2018-10-11 05:14:05, 1.15e-12, 2.19e-10
2018-10-11 05:14:09, 1.08e-12, 2.19e-10
2018-10-11 05:14:14, 1.15e-12, 2.19e-10
2018-10-11 05:14:18, 1.08e-12, 2.19e-10
2018-10-11 05:14:22, 1.09e-12, 2.19e-10
2018-10-11 05:14:26, 1.11e-12, 2.19e-10
2018-10-11 05:14:30, 9.57e-13, 2.19e-10
2018-10-11 05:14:35, 1.09e-12, 2.19e-10
2018-10-11 05:14:39, 1.04e-12, 2.19e-10
2018-10-11 05:14:43, 1.07e-12, 2.18e-10
2018-10-11 05:14:47, 1.06e-12, 2.19e-10
2018-10-11 05:14:51, 1.11e-12, 2.19e-10
2018-10-11 05:14:56, 1.03e-12, 2.18e-10
2018-10-11 05:15:00, 1.15e-12, 2.19e-10
2018-10-11 05:15:04, 1.12e-12, 2.19e-10
2018-10-11 05:15:08, 1.16e-12, 2.19e-10
2018-10-11 05:15:13, 1.1e-12, 2.19e-10
2018-10-11 05:15:17, 1.29e-12, 2.19e-10
2018-10-11 05:15:21, 1.08e-12, 2.19e-10
2018-10-11 05:15:25, 1.1e-12, 2.19e-10
2018-10-11 05:15:29, 1.03e-12, 2.19e-10
2018-10-11 05:15:34, 1.06e-12, 2.19e-10
2018-10-11 05:15:38, 9.88e-13, 2.19e-10
2018-10-11 05:15:42, 1.12e-12, 2.19e-10
2018-10-11 05:15:46, 1.07e-12, 2.19e-10
2018-10-11 05:15:51, 1.04e-12, 2.19e-10
2018-10-11 05:15:55, 1.06e-12, 2.19e-10
2018-10-11 05:15:59, 1.07e-12, 2.19e-10
2018-10-11 05:16:03, 1.05e-12, 2.19e-10
2018-10-11 05:16:07, 1.11e-12, 2.19e-10
2018-10-11 05:16:12, 1.06e-12, 2.19e-10
2018-10-11 05:16:16, 1.05e-12, 2.19e-10
2018-10-11 05:16:20, 1.1e-12, 2.19e-10
2018-10-11 05:16:24, 1.01e-12, 2.19e-10
2018-10-11 05:16:29, 1.06e-12, 2.19e-10
2018-10-11 05:16:33, 1.07e-12, 2.19e-10
2018-10-11 05:16:37, 1.06e-12, 2.19e-10
2018-10-11 05:16:41, 1.08e-12, 2.19e-10
2018-10-11 05:16:45, 1.1e-12, 2.19e-10
2018-10-11 05:16:50, 1.1e-12, 2.19e-10
2018-10-11 05:16:54, 1.07e-12, 2.19e-10
2018-10-11 05:16:58, 1.08e-12, 2.19e-10
2018-10-11 05:17:02, 1.07e-12, 2.19e-10
2018-10-11 05:17:07, 9.87e-13, 2.19e-10
2018-10-11 05:17:11, 1.06e-12, 2.19e-10
2018-10-11 05:17:15, 1.08e-12, 2.19e-10
2018-10-11 05:17:19, 1.1e-12, 2.18e-10
2018-10-11 05:17:23, 1.06e-12, 2.19e-10
2018-10-11 05:17:28, 1.03e-12, 2.19e-10
2018-10-11 05:17:32, 1.1e-12, 2.19e-10
2018-10-11 05:17:36, 1.05e-12, 2.19e-10
2018-10-11 05:17:40, 1.08e-12, 2.19e-10
2018-10-11 05:17:45, 1.29e-12, 2.19e-10
2018-10-11 05:17:49, 1.15e-12, 2.19e-10
2018-10-11 05:17:53, 1.09e-12, 2.19e-10
2018-10-11 05:17:57, 9.59e-13, 2.19e-10
2018-10-11 05:18:01, 1.14e-12, 2.19e-10
2018-10-11 05:18:06, 9.23e-13, 2.19e-10
2018-10-11 05:18:10, 1.11e-12, 2.19e-10
2018-10-11 05:18:14, 1.06e-12, 2.19e-10
2018-10-11 05:18:18, 1.07e-12, 2.19e-10
2018-10-11 05:18:23, 1.07e-12, 2.19e-10
2018-10-11 05:18:27, 1.13e-12, 2.19e-10
2018-10-11 05:18:31, 1.11e-12, 2.19e-10
2018-10-11 05:18:35, 1.09e-12, 2.19e-10
2018-10-11 05:18:39, 1.13e-12, 2.19e-10
2018-10-11 05:18:44, 1.08e-12, 2.19e-10
2018-10-11 05:18:48, 1.09e-12, 2.19e-10
2018-10-11 05:18:52, 1.11e-12, 2.19e-10
2018-10-11 05:18:56, 1.03e-12, 2.19e-10
2018-10-11 05:19:01, 1.03e-12, 2.19e-10
2018-10-11 05:19:05, 1.12e-12, 2.19e-10
2018-10-11 05:19:09, 1.07e-12, 2.19e-10
2018-10-11 05:19:13, 1.03e-12, 2.19e-10
2018-10-11 05:19:17, 1.06e-12, 2.19e-10
2018-10-11 05:19:22, 1.3e-12, 2.19e-10
2018-10-11 05:19:26, 1.07e-12, 2.19e-10
2018-10-11 05:19:30, 1.06e-12, 2.19e-10
2018-10-11 05:19:34, 1.05e-12, 2.18e-10
2018-10-11 05:19:39, 1.06e-12, 2.19e-10
2018-10-11 05:19:43, 1.07e-12, 2.19e-10
2018-10-11 05:19:47, 1.04e-12, 2.19e-10
2018-10-11 05:19:51, 1.07e-12, 2.19e-10
2018-10-11 05:19:55, 1.05e-12, 2.19e-10
2018-10-11 05:20:00, 1.13e-12, 2.19e-10
2018-10-11 05:20:04, 1.05e-12, 2.19e-10
2018-10-11 05:20:08, 1.1e-12, 2.19e-10
2018-10-11 05:20:12, 1.24e-12, 2.19e-10
2018-10-11 05:20:17, 1.02e-12, 2.19e-10
2018-10-11 05:20:21, 1.11e-12, 2.19e-10
2018-10-11 05:20:25, 1.09e-12, 2.19e-10
2018-10-11 05:20:29, 1.03e-12, 2.19e-10
2018-10-11 05:20:33, 1.12e-12, 2.19e-10
2018-10-11 05:20:38, 1.06e-12, 2.19e-10
2018-10-11 05:20:42, 1.03e-12, 2.19e-10
2018-10-11 05:20:46, 1.1e-12, 2.19e-10
2018-10-11 05:20:50, 1.1e-12, 2.19e-10
2018-10-11 05:20:54, 9.7e-13, 2.19e-10
2018-10-11 05:20:59, 1.09e-12, 2.19e-10
2018-10-11 05:21:03, 1.07e-12, 2.19e-10
2018-10-11 05:21:07, 1.13e-12, 2.19e-10
2018-10-11 05:21:11, 1.04e-12, 2.19e-10
2018-10-11 05:21:16, 1.1e-12, 2.19e-10
2018-10-11 05:21:20, 1.07e-12, 2.19e-10
2018-10-11 05:21:24, 1.03e-12, 2.19e-10
2018-10-11 05:21:28, 1.09e-12, 2.19e-10
2018-10-11 05:21:32, 1.09e-12, 2.19e-10
2018-10-11 05:21:37, 1.04e-12, 2.19e-10
2018-10-11 05:21:41, 1.07e-12, 2.19e-10
2018-10-11 05:21:45, 1.05e-12, 2.19e-10
2018-10-11 05:21:49, 1.08e-12, 2.19e-10
2018-10-11 05:21:54, 1.03e-12, 2.19e-10
2018-10-11 05:21:58, 1.08e-12, 2.19e-10
2018-10-11 05:22:02, 1.01e-12, 2.19e-10
2018-10-11 05:22:06, 1.02e-12, 2.19e-10
2018-10-11 05:22:10, 1.07e-12, 2.19e-10
2018-10-11 05:22:15, 1.09e-12, 2.19e-10
2018-10-11 05:22:19, 1.04e-12, 2.19e-10
2018-10-11 05:22:23, 1.01e-12, 2.18e-10
2018-10-11 05:22:27, 1.09e-12, 2.19e-10
2018-10-11 05:22:32, 1.08e-12, 2.19e-10
2018-10-11 05:22:36, 1.01e-12, 2.19e-10
2018-10-11 05:22:40, 1.08e-12, 2.18e-10
2018-10-11 05:22:44, 1.1e-12, 2.18e-10
2018-10-11 05:22:48, 1.05e-12, 2.18e-10
2018-10-11 05:22:53, 1.08e-12, 2.18e-10
2018-10-11 05:22:57, 1e-12, 2.19e-10
2018-10-11 05:23:01, 1.07e-12, 2.18e-10
2018-10-11 05:23:05, 1.07e-12, 2.19e-10
2018-10-11 05:23:10, 1.05e-12, 2.18e-10
2018-10-11 05:23:14, 1.06e-12, 2.18e-10
2018-10-11 05:23:18, 9.61e-13, 2.18e-10
2018-10-11 05:23:22, 1.17e-12, 2.18e-10
2018-10-11 05:23:26, 1.07e-12, 2.19e-10
2018-10-11 05:23:31, 1.1e-12, 2.18e-10
2018-10-11 05:23:35, 1.01e-12, 2.18e-10
2018-10-11 05:23:39, 1.21e-12, 2.18e-10
2018-10-11 05:23:43, 9.76e-13, 2.18e-10
2018-10-11 05:23:48, 1.05e-12, 2.18e-10
2018-10-11 05:23:52, 1.01e-12, 2.18e-10
2018-10-11 05:23:56, 1.08e-12, 2.18e-10
2018-10-11 05:24:00, 1.1e-12, 2.18e-10
2018-10-11 05:24:04, 1.01e-12, 2.18e-10
2018-10-11 05:24:09, 1.04e-12, 2.18e-10
2018-10-11 05:24:13, 1.07e-12, 2.18e-10
2018-10-11 05:24:17, 1.11e-12, 2.18e-10
2018-10-11 05:24:21, 1.05e-12, 2.18e-10
2018-10-11 05:24:26, 1.11e-12, 2.18e-10
2018-10-11 05:24:30, 1.05e-12, 2.18e-10
2018-10-11 05:24:34, 1.11e-12, 2.18e-10
2018-10-11 05:24:38, 1.12e-12, 2.18e-10
2018-10-11 05:24:42, 1.1e-12, 2.19e-10
2018-10-11 05:24:47, 1.1e-12, 2.18e-10
2018-10-11 05:24:51, 1.08e-12, 2.18e-10
2018-10-11 05:24:55, 1.13e-12, 2.18e-10
2018-10-11 05:24:59, 1.08e-12, 2.18e-10
2018-10-11 05:25:04, 1.01e-12, 2.18e-10
2018-10-11 05:25:08, 1.13e-12, 2.18e-10
2018-10-11 05:25:12, 1.05e-12, 2.19e-10
2018-10-11 05:25:16, 1.09e-12, 2.18e-10
2018-10-11 05:25:20, 1.12e-12, 2.18e-10
2018-10-11 05:25:25, 1.03e-12, 2.18e-10
2018-10-11 05:25:29, 1.01e-12, 2.18e-10
2018-10-11 05:25:33, 1.11e-12, 2.18e-10
2018-10-11 05:25:37, 1.04e-12, 2.18e-10
2018-10-11 05:25:42, 1.01e-12, 2.18e-10
2018-10-11 05:25:46, 1.17e-12, 2.18e-10
2018-10-11 05:25:50, 9.99e-13, 2.18e-10
2018-10-11 05:25:54, 1.08e-12, 2.18e-10
2018-10-11 05:25:58, 1.12e-12, 2.18e-10
2018-10-11 05:26:03, 1.07e-12, 2.18e-10
2018-10-11 05:26:07, 1.07e-12, 2.18e-10
2018-10-11 05:26:11, 9.62e-13, 2.18e-10
2018-10-11 05:26:15, 1.06e-12, 2.18e-10
2018-10-11 05:26:19, 1.1e-12, 2.19e-10
2018-10-11 05:26:24, 1.04e-12, 2.18e-10
2018-10-11 05:26:28, 1.04e-12, 2.18e-10
2018-10-11 05:26:32, 1.08e-12, 2.18e-10
2018-10-11 05:26:36, 1.23e-12, 2.18e-10
2018-10-11 05:26:41, 1.11e-12, 2.18e-10
2018-10-11 05:26:45, 1.03e-12, 2.19e-10
2018-10-11 05:26:49, 1.18e-12, 2.19e-10
2018-10-11 05:26:53, 1.05e-12, 2.19e-10
2018-10-11 05:26:57, 1.07e-12, 2.19e-10
2018-10-11 05:27:02, 1.13e-12, 2.18e-10
2018-10-11 05:27:06, 1.06e-12, 2.19e-10
2018-10-11 05:27:10, 1.11e-12, 2.18e-10
2018-10-11 05:27:14, 1.05e-12, 2.19e-10
2018-10-11 05:27:19, 1.08e-12, 2.19e-10
2018-10-11 05:27:23, 1.05e-12, 2.19e-10
2018-10-11 05:27:27, 1.07e-12, 2.18e-10
2018-10-11 05:27:31, 1.07e-12, 2.18e-10
2018-10-11 05:27:35, 1.06e-12, 2.18e-10
2018-10-11 05:27:40, 1.07e-12, 2.18e-10
2018-10-11 05:27:44, 1.01e-12, 2.18e-10
2018-10-11 05:27:48, 1.01e-12, 2.18e-10
2018-10-11 05:27:52, 1.09e-12, 2.18e-10
2018-10-11 05:27:57, 1.11e-12, 2.18e-10
2018-10-11 05:28:01, 1.15e-12, 2.18e-10
2018-10-11 05:28:05, 1.02e-12, 2.18e-10
2018-10-11 05:28:09, 1.1e-12, 2.18e-10
2018-10-11 05:28:13, 1.05e-12, 2.18e-10
2018-10-11 05:28:18, 1.13e-12, 2.18e-10
2018-10-11 05:28:22, 1.08e-12, 2.18e-10
2018-10-11 05:28:26, 9.98e-13, 2.18e-10
2018-10-11 05:28:30, 1.08e-12, 2.18e-10
2018-10-11 05:28:35, 1.1e-12, 2.18e-10
2018-10-11 05:28:39, 1.15e-12, 2.18e-10
2018-10-11 05:28:43, 1.06e-12, 2.18e-10
2018-10-11 05:28:47, 1.07e-12, 2.18e-10
2018-10-11 05:28:51, 1.1e-12, 2.18e-10
2018-10-11 05:28:56, 1.08e-12, 2.18e-10
2018-10-11 05:29:00, 1.08e-12, 2.18e-10
2018-10-11 05:29:04, 1.09e-12, 2.18e-10
2018-10-11 05:29:08, 1.07e-12, 2.18e-10
2018-10-11 05:29:13, 9.43e-13, 2.18e-10
2018-10-11 05:29:17, 1.09e-12, 2.18e-10
2018-10-11 05:29:21, 1.08e-12, 2.18e-10
2018-10-11 05:29:25, 1.04e-12, 2.18e-10
2018-10-11 05:29:29, 1.08e-12, 2.18e-10
2018-10-11 05:29:34, 1.05e-12, 2.18e-10
2018-10-11 05:29:38, 1.04e-12, 2.18e-10
2018-10-11 05:29:42, 1.05e-12, 2.18e-10
2018-10-11 05:29:46, 1.05e-12, 2.18e-10
2018-10-11 05:29:51, 1.03e-12, 2.18e-10
2018-10-11 05:29:55, 1.07e-12, 2.18e-10
2018-10-11 05:29:59, 1.04e-12, 2.18e-10
2018-10-11 05:30:03, 1.07e-12, 2.18e-10
2018-10-11 05:30:07, 1.05e-12, 2.18e-10
2018-10-11 05:30:12, 1.12e-12, 2.18e-10
2018-10-11 05:30:16, 1.05e-12, 2.18e-10
2018-10-11 05:30:20, 1.07e-12, 2.18e-10
2018-10-11 05:30:24, 1.05e-12, 2.18e-10
2018-10-11 05:30:29, 1.1e-12, 2.18e-10
2018-10-11 05:30:33, 1.06e-12, 2.18e-10
2018-10-11 05:30:37, 1.02e-12, 2.18e-10
2018-10-11 05:30:41, 1.02e-12, 2.18e-10
2018-10-11 05:30:45, 1.01e-12, 2.18e-10
2018-10-11 05:30:50, 1.08e-12, 2.18e-10
2018-10-11 05:30:54, 1.12e-12, 2.18e-10
2018-10-11 05:30:58, 1.06e-12, 2.18e-10
2018-10-11 05:31:02, 1.03e-12, 2.18e-10
2018-10-11 05:31:07, 1.03e-12, 2.18e-10
2018-10-11 05:31:11, 1.06e-12, 2.18e-10
2018-10-11 05:31:15, 1e-12, 2.18e-10
2018-10-11 05:31:19, 9.47e-13, 2.18e-10
2018-10-11 05:31:23, 1.02e-12, 2.18e-10
2018-10-11 05:31:28, 1.06e-12, 2.18e-10
2018-10-11 05:31:32, 1.07e-12, 2.18e-10
2018-10-11 05:31:36, 1.04e-12, 2.18e-10
2018-10-11 05:31:40, 1.09e-12, 2.18e-10
2018-10-11 05:31:45, 1.07e-12, 2.18e-10
2018-10-11 05:31:49, 1.11e-12, 2.18e-10
2018-10-11 05:31:53, 1.14e-12, 2.19e-10
2018-10-11 05:31:57, 1.11e-12, 2.18e-10
2018-10-11 05:32:01, 1.13e-12, 2.18e-10
2018-10-11 05:32:06, 1.06e-12, 2.18e-10
2018-10-11 05:32:10, 1.08e-12, 2.18e-10
2018-10-11 05:32:14, 1.09e-12, 2.18e-10
2018-10-11 05:32:18, 1.04e-12, 2.18e-10
2018-10-11 05:32:23, 1.05e-12, 2.18e-10
2018-10-11 05:32:27, 1.05e-12, 2.18e-10
2018-10-11 05:32:31, 1.03e-12, 2.18e-10
2018-10-11 05:32:35, 1.05e-12, 2.18e-10
2018-10-11 05:32:39, 1.03e-12, 2.18e-10
2018-10-11 05:32:44, 1.06e-12, 2.18e-10
2018-10-11 05:32:48, 1.01e-12, 2.18e-10
2018-10-11 05:32:52, 1.04e-12, 2.18e-10
2018-10-11 05:32:56, 1.08e-12, 2.18e-10
2018-10-11 05:33:01, 1.08e-12, 2.18e-10
2018-10-11 05:33:05, 1.08e-12, 2.18e-10
2018-10-11 05:33:09, 1.05e-12, 2.18e-10
2018-10-11 05:33:13, 1.08e-12, 2.18e-10
2018-10-11 05:33:17, 1.07e-12, 2.18e-10
2018-10-11 05:33:22, 1.12e-12, 2.18e-10
2018-10-11 05:33:26, 1.07e-12, 2.18e-10
2018-10-11 05:33:30, 1.07e-12, 2.18e-10
2018-10-11 05:33:34, 1.15e-12, 2.18e-10
2018-10-11 05:33:39, 1.04e-12, 2.18e-10
2018-10-11 05:33:43, 1.07e-12, 2.18e-10
2018-10-11 05:33:47, 1.08e-12, 2.18e-10
2018-10-11 05:33:51, 1.1e-12, 2.18e-10
2018-10-11 05:33:55, 1.04e-12, 2.18e-10
2018-10-11 05:34:00, 1.04e-12, 2.18e-10
2018-10-11 05:34:04, 1.01e-12, 2.18e-10
2018-10-11 05:34:08, 1.06e-12, 2.18e-10
2018-10-11 05:34:12, 1.07e-12, 2.18e-10
2018-10-11 05:34:17, 1.15e-12, 2.18e-10
2018-10-11 05:34:21, 1.16e-12, 2.18e-10
2018-10-11 05:34:25, 1.08e-12, 2.18e-10
2018-10-11 05:34:29, 1.07e-12, 2.18e-10
2018-10-11 05:34:33, 9.6e-13, 2.18e-10
2018-10-11 05:34:38, 1.01e-12, 2.18e-10
2018-10-11 05:34:42, 1.13e-12, 2.18e-10
2018-10-11 05:34:46, 1.06e-12, 2.18e-10
2018-10-11 05:34:50, 1.07e-12, 2.18e-10
2018-10-11 05:34:55, 1.13e-12, 2.18e-10
2018-10-11 05:34:59, 1.08e-12, 2.18e-10
2018-10-11 05:35:03, 1.04e-12, 2.18e-10
2018-10-11 05:35:07, 1.06e-12, 2.18e-10
2018-10-11 05:35:11, 1.2e-12, 2.18e-10
2018-10-11 05:35:16, 1.05e-12, 2.18e-10
2018-10-11 05:35:20, 1.14e-12, 2.18e-10
2018-10-11 05:35:24, 1.08e-12, 2.18e-10
2018-10-11 05:35:28, 1.09e-12, 2.18e-10
2018-10-11 05:35:33, 1.06e-12, 2.18e-10
2018-10-11 05:35:37, 1.01e-12, 2.18e-10
2018-10-11 05:35:41, 1.13e-12, 2.18e-10
2018-10-11 05:35:45, 1.08e-12, 2.18e-10
2018-10-11 05:35:49, 1.1e-12, 2.18e-10
2018-10-11 05:35:54, 9.58e-13, 2.18e-10
2018-10-11 05:35:58, 1.06e-12, 2.18e-10
2018-10-11 05:36:02, 9.89e-13, 2.18e-10
2018-10-11 05:36:06, 1.05e-12, 2.18e-10
2018-10-11 05:36:11, 1.03e-12, 2.18e-10
2018-10-11 05:36:15, 1e-12, 2.18e-10
2018-10-11 05:36:19, 1.06e-12, 2.18e-10
2018-10-11 05:36:23, 1.06e-12, 2.18e-10
2018-10-11 05:36:27, 1.07e-12, 2.18e-10
2018-10-11 05:36:32, 1.04e-12, 2.18e-10
2018-10-11 05:36:36, 1.15e-12, 2.18e-10
2018-10-11 05:36:40, 1.05e-12, 2.18e-10
2018-10-11 05:36:44, 1.16e-12, 2.18e-10
2018-10-11 05:36:49, 1.12e-12, 2.18e-10
2018-10-11 05:36:53, 1.04e-12, 2.18e-10
2018-10-11 05:36:57, 1.15e-12, 2.18e-10
2018-10-11 05:37:01, 1e-12, 2.18e-10
2018-10-11 05:37:05, 1.08e-12, 2.18e-10
2018-10-11 05:37:10, 1.1e-12, 2.18e-10
2018-10-11 05:37:14, 1.02e-12, 2.18e-10
2018-10-11 05:37:18, 1.11e-12, 2.18e-10
2018-10-11 05:37:22, 1.1e-12, 2.18e-10
2018-10-11 05:37:27, 1.06e-12, 2.18e-10
2018-10-11 05:37:31, 9.74e-13, 2.18e-10
2018-10-11 05:37:35, 1.09e-12, 2.18e-10
2018-10-11 05:37:39, 1.11e-12, 2.18e-10
2018-10-11 05:37:43, 1.08e-12, 2.18e-10
2018-10-11 05:37:48, 1.09e-12, 2.18e-10
2018-10-11 05:37:52, 1.06e-12, 2.18e-10
2018-10-11 05:37:56, 1.05e-12, 2.18e-10
2018-10-11 05:38:00, 1.03e-12, 2.18e-10
2018-10-11 05:38:04, 1.08e-12, 2.18e-10
2018-10-11 05:38:09, 1.08e-12, 2.18e-10
2018-10-11 05:38:13, 1.08e-12, 2.18e-10
2018-10-11 05:38:17, 1.13e-12, 2.18e-10
2018-10-11 05:38:21, 1.15e-12, 2.18e-10
2018-10-11 05:38:26, 1.16e-12, 2.18e-10
2018-10-11 05:38:30, 1.01e-12, 2.18e-10
2018-10-11 05:38:34, 1.1e-12, 2.18e-10
2018-10-11 05:38:38, 1.06e-12, 2.18e-10
2018-10-11 05:38:42, 1.02e-12, 2.18e-10
2018-10-11 05:38:47, 1.08e-12, 2.18e-10
2018-10-11 05:38:51, 1.08e-12, 2.18e-10
2018-10-11 05:38:55, 9.45e-13, 2.18e-10
2018-10-11 05:38:59, 1.11e-12, 2.18e-10
2018-10-11 05:39:04, 1.06e-12, 2.18e-10
2018-10-11 05:39:08, 1.02e-12, 2.18e-10
2018-10-11 05:39:12, 1.11e-12, 2.18e-10
2018-10-11 05:39:16, 1.06e-12, 2.18e-10
2018-10-11 05:39:21, 1.08e-12, 2.18e-10
2018-10-11 05:39:25, 1.07e-12, 2.18e-10
2018-10-11 05:39:29, 1.1e-12, 2.18e-10
2018-10-11 05:39:33, 1.12e-12, 2.18e-10
2018-10-11 05:39:37, 1.09e-12, 2.18e-10
2018-10-11 05:39:42, 1.13e-12, 2.18e-10
2018-10-11 05:39:46, 1.11e-12, 2.18e-10
2018-10-11 05:39:50, 1.09e-12, 2.18e-10
2018-10-11 05:39:54, 1.11e-12, 2.18e-10
2018-10-11 05:39:58, 1.08e-12, 2.18e-10
2018-10-11 05:40:03, 9.75e-13, 2.18e-10
2018-10-11 05:40:07, 1.06e-12, 2.18e-10
2018-10-11 05:40:11, 1.03e-12, 2.18e-10
2018-10-11 05:40:15, 1.1e-12, 2.18e-10
2018-10-11 05:40:20, 1.09e-12, 2.18e-10
2018-10-11 05:40:24, 9.62e-13, 2.18e-10
2018-10-11 05:40:28, 9.87e-13, 2.18e-10
2018-10-11 05:40:32, 1.06e-12, 2.18e-10
2018-10-11 05:40:36, 1.03e-12, 2.18e-10
2018-10-11 05:40:41, 1.07e-12, 2.18e-10
2018-10-11 05:40:45, 1.07e-12, 2.18e-10
2018-10-11 05:40:49, 1.04e-12, 2.18e-10
2018-10-11 05:40:53, 1.05e-12, 2.18e-10
2018-10-11 05:40:58, 1.04e-12, 2.18e-10
2018-10-11 05:41:02, 1.08e-12, 2.18e-10
2018-10-11 05:41:06, 1.06e-12, 2.18e-10
2018-10-11 05:41:10, 1.08e-12, 2.19e-10
2018-10-11 05:41:14, 1.07e-12, 2.18e-10
2018-10-11 05:41:19, 1.05e-12, 2.18e-10
2018-10-11 05:41:23, 1.06e-12, 2.18e-10
2018-10-11 05:41:27, 1.14e-12, 2.18e-10
2018-10-11 05:41:31, 1.09e-12, 2.18e-10
2018-10-11 05:41:36, 1.03e-12, 2.18e-10
2018-10-11 05:41:40, 1.09e-12, 2.18e-10
2018-10-11 05:41:44, 1.04e-12, 2.18e-10
2018-10-11 05:41:48, 1.11e-12, 2.18e-10
2018-10-11 05:41:52, 1.11e-12, 2.18e-10
2018-10-11 05:41:57, 1.05e-12, 2.18e-10
2018-10-11 05:42:01, 1.1e-12, 2.18e-10
2018-10-11 05:42:05, 1.07e-12, 2.18e-10
2018-10-11 05:42:09, 1.04e-12, 2.18e-10
2018-10-11 05:42:14, 1.18e-12, 2.18e-10
2018-10-11 05:42:18, 1.05e-12, 2.18e-10
2018-10-11 05:42:22, 1.08e-12, 2.18e-10
2018-10-11 05:42:26, 1.04e-12, 2.18e-10
2018-10-11 05:42:30, 1.05e-12, 2.18e-10
2018-10-11 05:42:35, 1.05e-12, 2.18e-10
2018-10-11 05:42:39, 1.05e-12, 2.18e-10
2018-10-11 05:42:43, 1.11e-12, 2.18e-10
2018-10-11 05:42:47, 1.04e-12, 2.18e-10
2018-10-11 05:42:52, 1.07e-12, 2.18e-10
2018-10-11 05:42:56, 1.1e-12, 2.18e-10
2018-10-11 05:43:00, 1.1e-12, 2.18e-10
2018-10-11 05:43:04, 1.05e-12, 2.18e-10
2018-10-11 05:43:08, 1.09e-12, 2.18e-10
2018-10-11 05:43:13, 1.02e-12, 2.18e-10
2018-10-11 05:43:17, 1.07e-12, 2.18e-10
2018-10-11 05:43:21, 1.14e-12, 2.18e-10
2018-10-11 05:43:25, 1.03e-12, 2.18e-10
2018-10-11 05:43:30, 1.11e-12, 2.17e-10
2018-10-11 05:43:34, 1.01e-12, 2.18e-10
2018-10-11 05:43:38, 1.04e-12, 2.18e-10
2018-10-11 05:43:42, 1.08e-12, 2.18e-10
2018-10-11 05:43:46, 1.06e-12, 2.18e-10
2018-10-11 05:43:51, 1.05e-12, 2.18e-10
2018-10-11 05:43:55, 1.06e-12, 2.18e-10
2018-10-11 05:43:59, 1.12e-12, 2.18e-10
2018-10-11 05:44:03, 1.08e-12, 2.18e-10
2018-10-11 05:44:08, 1.05e-12, 2.18e-10
2018-10-11 05:44:12, 1.08e-12, 2.18e-10
2018-10-11 05:44:16, 1.07e-12, 2.18e-10
2018-10-11 05:44:20, 1.02e-12, 2.18e-10
2018-10-11 05:44:24, 1.17e-12, 2.18e-10
2018-10-11 05:44:29, 1.09e-12, 2.18e-10
2018-10-11 05:44:33, 1.16e-12, 2.18e-10
2018-10-11 05:44:37, 1.06e-12, 2.18e-10
2018-10-11 05:44:41, 1.15e-12, 2.18e-10
2018-10-11 05:44:46, 1.1e-12, 2.18e-10
2018-10-11 05:44:50, 1.09e-12, 2.18e-10
2018-10-11 05:44:54, 1.12e-12, 2.18e-10
2018-10-11 05:44:58, 1.04e-12, 2.18e-10
2018-10-11 05:45:02, 1.1e-12, 2.18e-10
2018-10-11 05:45:07, 1.08e-12, 2.18e-10
2018-10-11 05:45:11, 1.08e-12, 2.18e-10
2018-10-11 05:45:15, 1.07e-12, 2.18e-10
2018-10-11 05:45:19, 1.05e-12, 2.18e-10
2018-10-11 05:45:24, 1.12e-12, 2.18e-10
2018-10-11 05:45:28, 1.11e-12, 2.18e-10
2018-10-11 05:45:32, 1.06e-12, 2.18e-10
2018-10-11 05:45:36, 1.04e-12, 2.18e-10
2018-10-11 05:45:40, 1.14e-12, 2.18e-10
2018-10-11 05:45:45, 1.04e-12, 2.18e-10
2018-10-11 05:45:49, 1.08e-12, 2.18e-10
2018-10-11 05:45:53, 1.07e-12, 2.18e-10
2018-10-11 05:45:57, 9.98e-13, 2.18e-10
2018-10-11 05:46:02, 1.01e-12, 2.17e-10
2018-10-11 05:46:06, 1.09e-12, 2.18e-10
2018-10-11 05:46:10, 1.15e-12, 2.18e-10
2018-10-11 05:46:14, 1.12e-12, 2.18e-10
2018-10-11 05:46:18, 1.08e-12, 2.18e-10
2018-10-11 05:46:23, 1.01e-12, 2.18e-10
2018-10-11 05:46:27, 1.03e-12, 2.18e-10
2018-10-11 05:46:31, 1.05e-12, 2.18e-10
2018-10-11 05:46:35, 1.09e-12, 2.18e-10
2018-10-11 05:46:40, 1.07e-12, 2.18e-10
2018-10-11 05:46:44, 1.05e-12, 2.18e-10
2018-10-11 05:46:48, 1.11e-12, 2.18e-10
2018-10-11 05:46:52, 1.08e-12, 2.17e-10
2018-10-11 05:46:56, 1.04e-12, 2.18e-10
2018-10-11 05:47:01, 1.06e-12, 2.18e-10
2018-10-11 05:47:05, 1.06e-12, 2.17e-10
2018-10-11 05:47:09, 1.02e-12, 2.18e-10
2018-10-11 05:47:13, 1.08e-12, 2.18e-10
2018-10-11 05:47:18, 1.08e-12, 2.18e-10
2018-10-11 05:47:22, 1.06e-12, 2.18e-10
2018-10-11 05:47:26, 8.8e-13, 2.17e-10
2018-10-11 05:47:30, 1.02e-12, 2.18e-10
2018-10-11 05:47:35, 1.08e-12, 2.18e-10
2018-10-11 05:47:39, 1.02e-12, 2.18e-10
2018-10-11 05:47:43, 1.04e-12, 2.18e-10
2018-10-11 05:47:47, 1.06e-12, 2.18e-10
2018-10-11 05:47:51, 1.06e-12, 2.18e-10
2018-10-11 05:47:56, 1.07e-12, 2.17e-10
2018-10-11 05:48:00, 1.02e-12, 2.17e-10
2018-10-11 05:48:04, 1.03e-12, 2.17e-10
2018-10-11 05:48:08, 1.04e-12, 2.17e-10
2018-10-11 05:48:13, 1.04e-12, 2.17e-10
2018-10-11 05:48:17, 1.06e-12, 2.17e-10
2018-10-11 05:48:21, 1.06e-12, 2.17e-10
2018-10-11 05:48:25, 1.06e-12, 2.17e-10
2018-10-11 05:48:29, 1.07e-12, 2.17e-10
2018-10-11 05:48:34, 1.04e-12, 2.17e-10
2018-10-11 05:48:38, 1.1e-12, 2.17e-10
2018-10-11 05:48:42, 1.03e-12, 2.17e-10
2018-10-11 05:48:46, 1.09e-12, 2.17e-10
2018-10-11 05:48:51, 1.1e-12, 2.17e-10
2018-10-11 05:48:55, 1.08e-12, 2.18e-10
2018-10-11 05:48:59, 1.06e-12, 2.17e-10
2018-10-11 05:49:03, 1.04e-12, 2.17e-10
2018-10-11 05:49:07, 1.06e-12, 2.18e-10
2018-10-11 05:49:12, 1.19e-12, 2.17e-10
2018-10-11 05:49:16, 1.03e-12, 2.17e-10
2018-10-11 05:49:20, 1.12e-12, 2.18e-10
2018-10-11 05:49:24, 1.12e-12, 2.17e-10
2018-10-11 05:49:28, 1.01e-12, 2.17e-10
2018-10-11 05:49:33, 1.24e-12, 2.17e-10
2018-10-11 05:49:37, 1.06e-12, 2.17e-10
2018-10-11 05:49:41, 1.21e-12, 2.18e-10
2018-10-11 05:49:45, 1.09e-12, 2.18e-10
2018-10-11 05:49:50, 1.01e-12, 2.18e-10
2018-10-11 05:49:54, 1.07e-12, 2.18e-10
2018-10-11 05:49:58, 1.07e-12, 2.18e-10
2018-10-11 05:50:02, 1.1e-12, 2.18e-10
2018-10-11 05:50:07, 1.03e-12, 2.17e-10
2018-10-11 05:50:11, 1.1e-12, 2.18e-10
2018-10-11 05:50:15, 1.03e-12, 2.18e-10
2018-10-11 05:50:19, 1.14e-12, 2.18e-10
2018-10-11 05:50:23, 1.07e-12, 2.17e-10
2018-10-11 05:50:28, 1.08e-12, 2.17e-10
2018-10-11 05:50:32, 1.03e-12, 2.17e-10
2018-10-11 05:50:36, 1.02e-12, 2.18e-10
2018-10-11 05:50:40, 1.07e-12, 2.18e-10
2018-10-11 05:50:44, 1.06e-12, 2.18e-10
2018-10-11 05:50:49, 1.03e-12, 2.17e-10
2018-10-11 05:50:53, 1.09e-12, 2.17e-10
2018-10-11 05:50:57, 1.03e-12, 2.17e-10
2018-10-11 05:51:01, 1.1e-12, 2.18e-10
2018-10-11 05:51:06, 1.08e-12, 2.17e-10
2018-10-11 05:51:10, 1.09e-12, 2.18e-10
2018-10-11 05:51:14, 1.05e-12, 2.18e-10
2018-10-11 05:51:18, 1.04e-12, 2.17e-10
2018-10-11 05:51:22, 1.04e-12, 2.18e-10
2018-10-11 05:51:27, 1.06e-12, 2.17e-10
2018-10-11 05:51:31, 1.05e-12, 2.17e-10
2018-10-11 05:51:35, 1.07e-12, 2.18e-10
2018-10-11 05:51:39, 1.09e-12, 2.18e-10
2018-10-11 05:51:44, 1.09e-12, 2.17e-10
2018-10-11 05:51:48, 1e-12, 2.17e-10
2018-10-11 05:51:52, 1.02e-12, 2.17e-10
2018-10-11 05:51:56, 1.04e-12, 2.18e-10
2018-10-11 05:52:00, 1.09e-12, 2.17e-10
2018-10-11 05:52:05, 1.12e-12, 2.17e-10
2018-10-11 05:52:09, 1.08e-12, 2.17e-10
2018-10-11 05:52:13, 1.11e-12, 2.18e-10
2018-10-11 05:52:17, 1.03e-12, 2.17e-10
2018-10-11 05:52:22, 1.07e-12, 2.17e-10
2018-10-11 05:52:26, 1.04e-12, 2.17e-10
2018-10-11 05:52:30, 1.1e-12, 2.18e-10
2018-10-11 05:52:34, 1.11e-12, 2.17e-10
2018-10-11 05:52:38, 9.22e-13, 2.17e-10
2018-10-11 05:52:43, 1.21e-12, 2.17e-10
2018-10-11 05:52:47, 1.11e-12, 2.17e-10
2018-10-11 05:52:51, 1.09e-12, 2.18e-10
2018-10-11 05:52:55, 1.03e-12, 2.17e-10
2018-10-11 05:53:00, 1.11e-12, 2.17e-10
2018-10-11 05:53:04, 1e-12, 2.17e-10
2018-10-11 05:53:08, 9.98e-13, 2.17e-10
2018-10-11 05:53:12, 1.08e-12, 2.17e-10
2018-10-11 05:53:16, 1.07e-12, 2.18e-10
2018-10-11 05:53:21, 1.1e-12, 2.17e-10
2018-10-11 05:53:25, 1.11e-12, 2.18e-10
2018-10-11 05:53:29, 1.07e-12, 2.18e-10
2018-10-11 05:53:33, 9.18e-13, 2.17e-10
2018-10-11 05:53:38, 1.05e-12, 2.17e-10
2018-10-11 05:53:42, 1.16e-12, 2.18e-10
2018-10-11 05:53:46, 1.04e-12, 2.18e-10
2018-10-11 05:53:50, 1.03e-12, 2.18e-10
2018-10-11 05:53:54, 1.11e-12, 2.17e-10
2018-10-11 05:53:59, 1.05e-12, 2.17e-10
2018-10-11 05:54:03, 1.08e-12, 2.17e-10
2018-10-11 05:54:07, 1.08e-12, 2.17e-10
2018-10-11 05:54:11, 1.03e-12, 2.17e-10
2018-10-11 05:54:15, 1.12e-12, 2.17e-10
2018-10-11 05:54:20, 1.06e-12, 2.17e-10
2018-10-11 05:54:24, 1.08e-12, 2.18e-10
2018-10-11 05:54:28, 1.17e-12, 2.18e-10
2018-10-11 05:54:32, 1.03e-12, 2.18e-10
2018-10-11 05:54:37, 1.03e-12, 2.17e-10
2018-10-11 05:54:41, 1.03e-12, 2.17e-10
2018-10-11 05:54:45, 1.1e-12, 2.18e-10
2018-10-11 05:54:49, 1.1e-12, 2.17e-10
2018-10-11 05:54:53, 1.02e-12, 2.18e-10
2018-10-11 05:54:58, 1.06e-12, 2.18e-10
2018-10-11 05:55:02, 1.05e-12, 2.18e-10
2018-10-11 05:55:06, 1.07e-12, 2.18e-10
2018-10-11 05:55:10, 1.05e-12, 2.17e-10
2018-10-11 05:55:15, 9.65e-13, 2.17e-10
2018-10-11 05:55:19, 1.15e-12, 2.17e-10
2018-10-11 05:55:23, 1.08e-12, 2.17e-10
2018-10-11 05:55:27, 1.15e-12, 2.18e-10
2018-10-11 05:55:31, 1.09e-12, 2.17e-10
2018-10-11 05:55:36, 1.22e-12, 2.17e-10
2018-10-11 05:55:40, 1.06e-12, 2.18e-10
2018-10-11 05:55:44, 1.08e-12, 2.18e-10
2018-10-11 05:55:48, 1.03e-12, 2.18e-10
2018-10-11 05:55:53, 1.05e-12, 2.17e-10
2018-10-11 05:55:57, 9.96e-13, 2.18e-10
2018-10-11 05:56:01, 1.06e-12, 2.17e-10
2018-10-11 05:56:05, 1.07e-12, 2.17e-10
2018-10-11 05:56:09, 1.03e-12, 2.17e-10
2018-10-11 05:56:14, 1.08e-12, 2.17e-10
2018-10-11 05:56:18, 1.01e-12, 2.17e-10
2018-10-11 05:56:22, 1.11e-12, 2.18e-10
2018-10-11 05:56:26, 1.1e-12, 2.17e-10
2018-10-11 05:56:31, 1.06e-12, 2.17e-10
2018-10-11 05:56:35, 1.05e-12, 2.18e-10
2018-10-11 05:56:39, 1.03e-12, 2.18e-10
2018-10-11 05:56:43, 1.06e-12, 2.17e-10
2018-10-11 05:56:47, 1.05e-12, 2.18e-10
2018-10-11 05:56:52, 1.04e-12, 2.17e-10
2018-10-11 05:56:56, 1.08e-12, 2.17e-10
2018-10-11 05:57:00, 1.02e-12, 2.17e-10
2018-10-11 05:57:04, 1.03e-12, 2.18e-10
2018-10-11 05:57:09, 1.05e-12, 2.18e-10
2018-10-11 05:57:13, 1.08e-12, 2.17e-10
2018-10-11 05:57:17, 1.06e-12, 2.17e-10
2018-10-11 05:57:21, 1e-12, 2.18e-10
2018-10-11 05:57:25, 1.04e-12, 2.17e-10
2018-10-11 05:57:30, 1.1e-12, 2.17e-10
2018-10-11 05:57:34, 1.11e-12, 2.18e-10
2018-10-11 05:57:38, 1.11e-12, 2.18e-10
2018-10-11 05:57:42, 1.07e-12, 2.17e-10
2018-10-11 05:57:47, 1.1e-12, 2.18e-10
2018-10-11 05:57:51, 1.1e-12, 2.18e-10
2018-10-11 05:57:55, 9.59e-13, 2.18e-10
2018-10-11 05:57:59, 1.12e-12, 2.17e-10
2018-10-11 05:58:03, 1.09e-12, 2.17e-10
2018-10-11 05:58:08, 1.08e-12, 2.17e-10
2018-10-11 05:58:12, 1.05e-12, 2.17e-10
2018-10-11 05:58:16, 1.07e-12, 2.18e-10
2018-10-11 05:58:20, 1.15e-12, 2.17e-10
2018-10-11 05:58:25, 1.08e-12, 2.17e-10
2018-10-11 05:58:29, 1.05e-12, 2.17e-10
2018-10-11 05:58:33, 1.09e-12, 2.17e-10
2018-10-11 05:58:37, 1.06e-12, 2.17e-10
2018-10-11 05:58:41, 9.87e-13, 2.17e-10
2018-10-11 05:58:46, 1.03e-12, 2.18e-10
2018-10-11 05:58:50, 1.13e-12, 2.18e-10
2018-10-11 05:58:54, 9.86e-13, 2.17e-10
2018-10-11 05:58:58, 1.04e-12, 2.17e-10
2018-10-11 05:59:03, 1.06e-12, 2.18e-10
2018-10-11 05:59:07, 1.05e-12, 2.17e-10
2018-10-11 05:59:11, 1.06e-12, 2.17e-10
2018-10-11 05:59:15, 1.09e-12, 2.17e-10
2018-10-11 05:59:19, 1.07e-12, 2.17e-10
2018-10-11 05:59:24, 1.06e-12, 2.17e-10
2018-10-11 05:59:28, 1.05e-12, 2.18e-10
2018-10-11 05:59:32, 1.06e-12, 2.18e-10
2018-10-11 05:59:36, 1.16e-12, 2.17e-10
2018-10-11 05:59:41, 1.14e-12, 2.17e-10
2018-10-11 05:59:45, 1.11e-12, 2.17e-10
2018-10-11 05:59:49, 1.17e-12, 2.17e-10
2018-10-11 05:59:53, 1.03e-12, 2.17e-10
2018-10-11 05:59:57, 1.03e-12, 2.17e-10
2018-10-11 06:00:02, 1.15e-12, 2.17e-10
2018-10-11 06:00:06, 1.04e-12, 2.18e-10
2018-10-11 06:00:10, 1.07e-12, 2.17e-10
2018-10-11 06:00:14, 1.14e-12, 2.18e-10
2018-10-11 06:00:19, 1.04e-12, 2.17e-10
2018-10-11 06:00:23, 1.08e-12, 2.17e-10
2018-10-11 06:00:27, 1.11e-12, 2.17e-10
2018-10-11 06:00:31, 1.19e-12, 2.17e-10
2018-10-11 06:00:35, 1.12e-12, 2.17e-10
2018-10-11 06:00:40, 1.05e-12, 2.17e-10
2018-10-11 06:00:44, 1.06e-12, 2.17e-10
2018-10-11 06:00:48, 1.16e-12, 2.17e-10
2018-10-11 06:00:52, 1.1e-12, 2.17e-10
2018-10-11 06:00:57, 1.11e-12, 2.17e-10
2018-10-11 06:01:01, 1.02e-12, 2.17e-10
2018-10-11 06:01:05, 1.09e-12, 2.17e-10
2018-10-11 06:01:09, 9.55e-13, 2.17e-10
2018-10-11 06:01:13, 1.07e-12, 2.17e-10
2018-10-11 06:01:18, 1e-12, 2.17e-10
2018-10-11 06:01:22, 1.08e-12, 2.17e-10
2018-10-11 06:01:26, 1.19e-12, 2.17e-10
2018-10-11 06:01:30, 1.07e-12, 2.17e-10
2018-10-11 06:01:35, 1.09e-12, 2.17e-10
2018-10-11 06:01:39, 1.05e-12, 2.17e-10
2018-10-11 06:01:43, 1.09e-12, 2.17e-10
2018-10-11 06:01:47, 1.05e-12, 2.17e-10
2018-10-11 06:01:51, 1.05e-12, 2.17e-10
2018-10-11 06:01:56, 1.03e-12, 2.17e-10
2018-10-11 06:02:00, 1.07e-12, 2.17e-10
2018-10-11 06:02:04, 1.03e-12, 2.17e-10
2018-10-11 06:02:08, 1.21e-12, 2.17e-10
2018-10-11 06:02:13, 9.95e-13, 2.17e-10
2018-10-11 06:02:17, 9.65e-13, 2.17e-10
2018-10-11 06:02:21, 1.03e-12, 2.17e-10
2018-10-11 06:02:25, 1.11e-12, 2.17e-10
2018-10-11 06:02:29, 1.06e-12, 2.17e-10
2018-10-11 06:02:34, 1.07e-12, 2.17e-10
2018-10-11 06:02:38, 1.07e-12, 2.17e-10
2018-10-11 06:02:42, 1.01e-12, 2.17e-10
2018-10-11 06:02:46, 1.04e-12, 2.17e-10
2018-10-11 06:02:50, 1.01e-12, 2.17e-10
2018-10-11 06:02:55, 1.05e-12, 2.17e-10
2018-10-11 06:02:59, 1.09e-12, 2.17e-10
2018-10-11 06:03:03, 1.1e-12, 2.17e-10
2018-10-11 06:03:07, 1.05e-12, 2.17e-10
2018-10-11 06:03:12, 1.04e-12, 2.17e-10
2018-10-11 06:03:16, 1.02e-12, 2.17e-10
2018-10-11 06:03:20, 1.05e-12, 2.17e-10
2018-10-11 06:03:24, 1.02e-12, 2.17e-10
2018-10-11 06:03:29, 1.12e-12, 2.17e-10
2018-10-11 06:03:33, 1e-12, 2.17e-10
2018-10-11 06:03:37, 1.06e-12, 2.17e-10
2018-10-11 06:03:41, 1.1e-12, 2.17e-10
2018-10-11 06:03:45, 1.05e-12, 2.17e-10
2018-10-11 06:03:50, 1.05e-12, 2.17e-10
2018-10-11 06:03:54, 1.01e-12, 2.17e-10
2018-10-11 06:03:58, 1.08e-12, 2.17e-10
2018-10-11 06:04:02, 1.14e-12, 2.17e-10
2018-10-11 06:04:06, 1.05e-12, 2.17e-10
2018-10-11 06:04:11, 1.05e-12, 2.17e-10
2018-10-11 06:04:15, 1.06e-12, 2.17e-10
2018-10-11 06:04:19, 1.1e-12, 2.17e-10
2018-10-11 06:04:23, 1.08e-12, 2.17e-10
2018-10-11 06:04:28, 1.1e-12, 2.17e-10
2018-10-11 06:04:32, 1.08e-12, 2.17e-10
2018-10-11 06:04:36, 1.1e-12, 2.17e-10
2018-10-11 06:04:40, 1.09e-12, 2.17e-10
2018-10-11 06:04:44, 1.1e-12, 2.17e-10
2018-10-11 06:04:49, 1.07e-12, 2.17e-10
2018-10-11 06:04:53, 1.21e-12, 2.17e-10
2018-10-11 06:04:57, 1.03e-12, 2.17e-10
2018-10-11 06:05:01, 1.09e-12, 2.17e-10
2018-10-11 06:05:06, 1.05e-12, 2.17e-10
2018-10-11 06:05:10, 1.07e-12, 2.17e-10
2018-10-11 06:05:14, 1.18e-12, 2.17e-10
2018-10-11 06:05:18, 1.07e-12, 2.17e-10
2018-10-11 06:05:22, 1.06e-12, 2.17e-10
2018-10-11 06:05:27, 1.1e-12, 2.17e-10
2018-10-11 06:05:31, 1.1e-12, 2.17e-10
2018-10-11 06:05:35, 1.05e-12, 2.17e-10
2018-10-11 06:05:39, 1.11e-12, 2.17e-10
2018-10-11 06:05:44, 1.04e-12, 2.17e-10
2018-10-11 06:05:48, 1.11e-12, 2.17e-10
2018-10-11 06:05:52, 1.11e-12, 2.17e-10
2018-10-11 06:05:56, 1.12e-12, 2.17e-10
2018-10-11 06:06:00, 1.14e-12, 2.17e-10
2018-10-11 06:06:05, 1.03e-12, 2.17e-10
2018-10-11 06:06:09, 1.2e-12, 2.17e-10
2018-10-11 06:06:13, 1.03e-12, 2.17e-10
2018-10-11 06:06:17, 1.08e-12, 2.17e-10
2018-10-11 06:06:22, 1.07e-12, 2.17e-10
2018-10-11 06:06:26, 1.17e-12, 2.17e-10
2018-10-11 06:06:30, 1.06e-12, 2.17e-10
2018-10-11 06:06:34, 1.05e-12, 2.17e-10
2018-10-11 06:06:38, 1.04e-12, 2.17e-10
2018-10-11 06:06:43, 1.04e-12, 2.17e-10
2018-10-11 06:06:47, 1.07e-12, 2.17e-10
2018-10-11 06:06:51, 1.07e-12, 2.17e-10
2018-10-11 06:06:55, 1.07e-12, 2.17e-10
2018-10-11 06:07:00, 1.08e-12, 2.17e-10
2018-10-11 06:07:04, 1.02e-12, 2.17e-10
2018-10-11 06:07:08, 1.08e-12, 2.17e-10
2018-10-11 06:07:12, 1.1e-12, 2.17e-10
2018-10-11 06:07:16, 1.12e-12, 2.17e-10
2018-10-11 06:07:21, 1.08e-12, 2.17e-10
2018-10-11 06:07:25, 1.1e-12, 2.17e-10
2018-10-11 06:07:29, 1.02e-12, 2.17e-10
2018-10-11 06:07:33, 1.04e-12, 2.17e-10
2018-10-11 06:07:38, 1.03e-12, 2.17e-10
2018-10-11 06:07:42, 1.06e-12, 2.17e-10
2018-10-11 06:07:46, 1.08e-12, 2.17e-10
2018-10-11 06:07:50, 1.1e-12, 2.17e-10
2018-10-11 06:07:54, 1.03e-12, 2.17e-10
2018-10-11 06:07:59, 1.19e-12, 2.17e-10
2018-10-11 06:08:03, 9.06e-13, 2.17e-10
2018-10-11 06:08:07, 1.02e-12, 2.17e-10
2018-10-11 06:08:11, 1.02e-12, 2.17e-10
2018-10-11 06:08:15, 1.04e-12, 2.17e-10
2018-10-11 06:08:20, 1.12e-12, 2.17e-10
2018-10-11 06:08:24, 1.04e-12, 2.17e-10
2018-10-11 06:08:28, 1.07e-12, 2.17e-10
2018-10-11 06:08:32, 1.03e-12, 2.17e-10
2018-10-11 06:08:37, 1.01e-12, 2.17e-10
2018-10-11 06:08:41, 1.11e-12, 2.17e-10
2018-10-11 06:08:45, 1.08e-12, 2.17e-10
2018-10-11 06:08:49, 1.05e-12, 2.17e-10
2018-10-11 06:08:53, 1e-12, 2.17e-10
2018-10-11 06:08:58, 1.1e-12, 2.17e-10
2018-10-11 06:09:02, 1.04e-12, 2.17e-10
2018-10-11 06:09:06, 1.07e-12, 2.16e-10
2018-10-11 06:09:10, 9.9e-13, 2.17e-10
2018-10-11 06:09:15, 1.06e-12, 2.17e-10
2018-10-11 06:09:19, 1.11e-12, 2.17e-10
2018-10-11 06:09:23, 1.09e-12, 2.17e-10
2018-10-11 06:09:27, 1.01e-12, 2.17e-10
2018-10-11 06:09:31, 1.11e-12, 2.17e-10
2018-10-11 06:09:36, 1.19e-12, 2.17e-10
2018-10-11 06:09:40, 1.06e-12, 2.17e-10
2018-10-11 06:09:44, 1.09e-12, 2.17e-10
2018-10-11 06:09:48, 1.04e-12, 2.17e-10
2018-10-11 06:09:53, 9.91e-13, 2.17e-10
2018-10-11 06:09:57, 1.09e-12, 2.17e-10
2018-10-11 06:10:01, 1.14e-12, 2.17e-10
2018-10-11 06:10:05, 1.05e-12, 2.17e-10
2018-10-11 06:10:09, 9.86e-13, 2.17e-10
2018-10-11 06:10:14, 1.05e-12, 2.17e-10
2018-10-11 06:10:18, 1.08e-12, 2.17e-10
2018-10-11 06:10:22, 1.08e-12, 2.17e-10
2018-10-11 06:10:26, 1.02e-12, 2.17e-10
2018-10-11 06:10:31, 1.1e-12, 2.17e-10
2018-10-11 06:10:35, 1.07e-12, 2.17e-10
2018-10-11 06:10:39, 1.07e-12, 2.17e-10
2018-10-11 06:10:43, 1.03e-12, 2.16e-10
2018-10-11 06:10:47, 1.03e-12, 2.17e-10
2018-10-11 06:10:52, 1.15e-12, 2.17e-10
2018-10-11 06:10:56, 1.11e-12, 2.16e-10
2018-10-11 06:11:00, 1.1e-12, 2.16e-10
2018-10-11 06:11:04, 1.07e-12, 2.16e-10
2018-10-11 06:11:09, 1.07e-12, 2.17e-10
2018-10-11 06:11:13, 1.13e-12, 2.17e-10
2018-10-11 06:11:17, 1.03e-12, 2.17e-10
2018-10-11 06:11:21, 1.06e-12, 2.17e-10
2018-10-11 06:11:25, 1.03e-12, 2.17e-10
2018-10-11 06:11:30, 1.05e-12, 2.16e-10
2018-10-11 06:11:34, 1.05e-12, 2.17e-10
2018-10-11 06:11:38, 1.18e-12, 2.17e-10
2018-10-11 06:11:42, 1.07e-12, 2.17e-10
2018-10-11 06:11:47, 1.04e-12, 2.16e-10
2018-10-11 06:11:51, 1.08e-12, 2.17e-10
2018-10-11 06:11:55, 1.04e-12, 2.17e-10
2018-10-11 06:11:59, 1.08e-12, 2.17e-10
2018-10-11 06:12:03, 1.06e-12, 2.17e-10
2018-10-11 06:12:08, 1.02e-12, 2.16e-10
2018-10-11 06:12:12, 1.08e-12, 2.16e-10
2018-10-11 06:12:16, 1.08e-12, 2.17e-10
2018-10-11 06:12:20, 9.43e-13, 2.16e-10
2018-10-11 06:12:25, 1.1e-12, 2.16e-10
2018-10-11 06:12:29, 1.06e-12, 2.16e-10
2018-10-11 06:12:33, 1.06e-12, 2.16e-10
2018-10-11 06:12:37, 1.1e-12, 2.16e-10
2018-10-11 06:12:42, 1.03e-12, 2.17e-10
2018-10-11 06:12:46, 1.08e-12, 2.16e-10
2018-10-11 06:12:50, 1.06e-12, 2.16e-10
2018-10-11 06:12:54, 1.08e-12, 2.16e-10
2018-10-11 06:12:58, 1.12e-12, 2.17e-10
2018-10-11 06:13:03, 1.1e-12, 2.16e-10
2018-10-11 06:13:07, 1.04e-12, 2.16e-10
2018-10-11 06:13:11, 1.12e-12, 2.16e-10
2018-10-11 06:13:15, 1.04e-12, 2.16e-10
2018-10-11 06:13:20, 1.01e-12, 2.16e-10
2018-10-11 06:13:24, 1.19e-12, 2.16e-10
2018-10-11 06:13:28, 1.08e-12, 2.16e-10
2018-10-11 06:13:32, 1.07e-12, 2.16e-10
2018-10-11 06:13:36, 1.05e-12, 2.17e-10
2018-10-11 06:13:41, 1.05e-12, 2.16e-10
2018-10-11 06:13:45, 1.09e-12, 2.16e-10
2018-10-11 06:13:49, 1.05e-12, 2.16e-10
2018-10-11 06:13:53, 1.06e-12, 2.16e-10
2018-10-11 06:13:57, 1.09e-12, 2.17e-10
2018-10-11 06:14:02, 1.05e-12, 2.16e-10
2018-10-11 06:14:06, 1.07e-12, 2.16e-10
2018-10-11 06:14:10, 1.13e-12, 2.16e-10
2018-10-11 06:14:14, 1.1e-12, 2.17e-10
2018-10-11 06:14:19, 1.14e-12, 2.16e-10
2018-10-11 06:14:23, 1.06e-12, 2.16e-10
2018-10-11 06:14:27, 1.08e-12, 2.16e-10
2018-10-11 06:14:31, 1.17e-12, 2.16e-10
2018-10-11 06:14:35, 1.05e-12, 2.16e-10
2018-10-11 06:14:40, 1.11e-12, 2.16e-10
2018-10-11 06:14:44, 1.08e-12, 2.16e-10
2018-10-11 06:14:48, 1.1e-12, 2.16e-10
2018-10-11 06:14:52, 1.01e-12, 2.16e-10
2018-10-11 06:14:57, 1.08e-12, 2.16e-10
2018-10-11 06:15:01, 1.11e-12, 2.16e-10
2018-10-11 06:15:05, 1.11e-12, 2.16e-10
2018-10-11 06:15:09, 1.08e-12, 2.16e-10
2018-10-11 06:15:13, 1.06e-12, 2.16e-10
2018-10-11 06:15:18, 1.03e-12, 2.16e-10
2018-10-11 06:15:22, 1.04e-12, 2.16e-10
2018-10-11 06:15:26, 1.02e-12, 2.16e-10
2018-10-11 06:15:30, 1.07e-12, 2.16e-10
2018-10-11 06:15:35, 1.08e-12, 2.16e-10
2018-10-11 06:15:39, 1.11e-12, 2.16e-10
2018-10-11 06:15:43, 1.16e-12, 2.16e-10
2018-10-11 06:15:47, 1.09e-12, 2.16e-10
2018-10-11 06:15:51, 1e-12, 2.16e-10
2018-10-11 06:15:56, 1.11e-12, 2.16e-10
2018-10-11 06:16:00, 1.21e-12, 2.16e-10
2018-10-11 06:16:04, 1.11e-12, 2.16e-10
2018-10-11 06:16:08, 1.13e-12, 2.16e-10
2018-10-11 06:16:13, 1.09e-12, 2.16e-10
2018-10-11 06:16:17, 1.1e-12, 2.16e-10
2018-10-11 06:16:21, 9.64e-13, 2.16e-10
2018-10-11 06:16:25, 1.25e-12, 2.16e-10
2018-10-11 06:16:29, 1.09e-12, 2.16e-10
2018-10-11 06:16:34, 1.02e-12, 2.16e-10
2018-10-11 06:16:38, 1.08e-12, 2.16e-10
2018-10-11 06:16:42, 1.07e-12, 2.16e-10
2018-10-11 06:16:46, 1.05e-12, 2.16e-10
2018-10-11 06:16:51, 1.08e-12, 2.16e-10
2018-10-11 06:16:55, 1.01e-12, 2.16e-10
2018-10-11 06:16:59, 1.05e-12, 2.16e-10
2018-10-11 06:17:03, 1.06e-12, 2.16e-10
2018-10-11 06:17:07, 1.08e-12, 2.16e-10
2018-10-11 06:17:12, 1.2e-12, 2.16e-10
2018-10-11 06:17:16, 1.08e-12, 2.16e-10
2018-10-11 06:17:20, 1.12e-12, 2.16e-10
2018-10-11 06:17:24, 1.05e-12, 2.16e-10
2018-10-11 06:17:29, 1.05e-12, 2.16e-10
2018-10-11 06:17:33, 9.06e-13, 2.16e-10
2018-10-11 06:17:37, 1.08e-12, 2.16e-10
2018-10-11 06:17:41, 1.04e-12, 2.16e-10
2018-10-11 06:17:45, 1.09e-12, 2.16e-10
2018-10-11 06:17:50, 1.04e-12, 2.16e-10
2018-10-11 06:17:54, 1.05e-12, 2.16e-10
2018-10-11 06:17:58, 1.06e-12, 2.16e-10
2018-10-11 06:18:02, 1.11e-12, 2.16e-10
2018-10-11 06:18:07, 1.05e-12, 2.16e-10
2018-10-11 06:18:11, 1.06e-12, 2.16e-10
2018-10-11 06:18:15, 1.02e-12, 2.16e-10
2018-10-11 06:18:19, 1.06e-12, 2.16e-10
2018-10-11 06:18:23, 9.57e-13, 2.16e-10
2018-10-11 06:18:28, 1.07e-12, 2.16e-10
2018-10-11 06:18:32, 1.15e-12, 2.16e-10
2018-10-11 06:18:36, 1.06e-12, 2.16e-10
2018-10-11 06:18:40, 1.04e-12, 2.16e-10
2018-10-11 06:18:45, 1.04e-12, 2.15e-10
2018-10-11 06:18:49, 1.05e-12, 2.16e-10
2018-10-11 06:18:53, 1.11e-12, 2.16e-10
2018-10-11 06:18:57, 1.11e-12, 2.16e-10
2018-10-11 06:19:01, 1.03e-12, 2.16e-10
2018-10-11 06:19:06, 1.07e-12, 2.16e-10
2018-10-11 06:19:10, 1.06e-12, 2.16e-10
2018-10-11 06:19:14, 1.07e-12, 2.16e-10
2018-10-11 06:19:18, 1.04e-12, 2.16e-10
2018-10-11 06:19:23, 1.03e-12, 2.16e-10
2018-10-11 06:19:27, 1.08e-12, 2.16e-10
2018-10-11 06:19:31, 1.09e-12, 2.16e-10
2018-10-11 06:19:35, 1.03e-12, 2.16e-10
2018-10-11 06:19:39, 1.1e-12, 2.16e-10
2018-10-11 06:19:44, 1.03e-12, 2.16e-10
2018-10-11 06:19:48, 1.09e-12, 2.16e-10
2018-10-11 06:19:52, 1.03e-12, 2.16e-10
2018-10-11 06:19:56, 1.08e-12, 2.16e-10
2018-10-11 06:20:01, 1.07e-12, 2.16e-10
2018-10-11 06:20:05, 1.07e-12, 2.16e-10
2018-10-11 06:20:09, 1.03e-12, 2.16e-10
2018-10-11 06:20:13, 1.05e-12, 2.16e-10
2018-10-11 06:20:17, 1.06e-12, 2.16e-10
2018-10-11 06:20:22, 1.04e-12, 2.16e-10
2018-10-11 06:20:26, 1.1e-12, 2.16e-10
2018-10-11 06:20:30, 1.09e-12, 2.16e-10
2018-10-11 06:20:34, 1.07e-12, 2.16e-10
2018-10-11 06:20:38, 1.04e-12, 2.16e-10
2018-10-11 06:20:43, 1.06e-12, 2.16e-10
2018-10-11 06:20:47, 9.93e-13, 2.16e-10
2018-10-11 06:20:51, 1.05e-12, 2.16e-10
2018-10-11 06:20:55, 1.11e-12, 2.16e-10
2018-10-11 06:21:00, 1.16e-12, 2.16e-10
2018-10-11 06:21:04, 1.08e-12, 2.16e-10
2018-10-11 06:21:08, 1.08e-12, 2.16e-10
2018-10-11 06:21:12, 1.05e-12, 2.16e-10
2018-10-11 06:21:16, 1.12e-12, 2.16e-10
2018-10-11 06:21:21, 1.14e-12, 2.16e-10
2018-10-11 06:21:25, 1.08e-12, 2.16e-10
2018-10-11 06:21:29, 1.1e-12, 2.16e-10
2018-10-11 06:21:33, 1.23e-12, 2.16e-10
2018-10-11 06:21:38, 1.01e-12, 2.16e-10
2018-10-11 06:21:42, 1.09e-12, 2.16e-10
2018-10-11 06:21:46, 1.08e-12, 2.16e-10
2018-10-11 06:21:50, 1.01e-12, 2.16e-10
2018-10-11 06:21:54, 1.09e-12, 2.16e-10
2018-10-11 06:21:59, 1.07e-12, 2.16e-10
2018-10-11 06:22:03, 1.04e-12, 2.16e-10
2018-10-11 06:22:07, 1.1e-12, 2.16e-10
2018-10-11 06:22:11, 1.12e-12, 2.16e-10
2018-10-11 06:22:16, 1.06e-12, 2.16e-10
2018-10-11 06:22:20, 1.06e-12, 2.16e-10
2018-10-11 06:22:24, 1.03e-12, 2.16e-10
2018-10-11 06:22:28, 1.07e-12, 2.16e-10
2018-10-11 06:22:32, 1.07e-12, 2.16e-10
2018-10-11 06:22:37, 1.06e-12, 2.16e-10
2018-10-11 06:22:41, 1.06e-12, 2.15e-10
2018-10-11 06:22:45, 1.04e-12, 2.16e-10
2018-10-11 06:22:49, 1.09e-12, 2.16e-10
2018-10-11 06:22:54, 1.12e-12, 2.16e-10
2018-10-11 06:22:58, 1.1e-12, 2.16e-10
2018-10-11 06:23:02, 1.04e-12, 2.16e-10
2018-10-11 06:23:06, 1.07e-12, 2.16e-10
2018-10-11 06:23:10, 1.06e-12, 2.16e-10
2018-10-11 06:23:15, 1.08e-12, 2.16e-10
2018-10-11 06:23:19, 1.07e-12, 2.15e-10
2018-10-11 06:23:23, 1.13e-12, 2.16e-10
2018-10-11 06:23:27, 1.03e-12, 2.16e-10
2018-10-11 06:23:32, 1.14e-12, 2.16e-10
2018-10-11 06:23:36, 1.02e-12, 2.15e-10
2018-10-11 06:23:40, 8.74e-13, 2.15e-10
2018-10-11 06:23:44, 1.01e-12, 2.15e-10
2018-10-11 06:23:48, 1.08e-12, 2.16e-10
2018-10-11 06:23:53, 1.14e-12, 2.15e-10
2018-10-11 06:23:57, 1.01e-12, 2.16e-10
2018-10-11 06:24:01, 1e-12, 2.15e-10
2018-10-11 06:24:05, 1.09e-12, 2.16e-10
2018-10-11 06:24:10, 1.09e-12, 2.15e-10
2018-10-11 06:24:14, 1.07e-12, 2.16e-10
2018-10-11 06:24:18, 9.15e-13, 2.16e-10
2018-10-11 06:24:22, 1.05e-12, 2.16e-10
2018-10-11 06:24:26, 1.09e-12, 2.15e-10
2018-10-11 06:24:31, 9.19e-13, 2.15e-10
2018-10-11 06:24:35, 1.05e-12, 2.15e-10
2018-10-11 06:24:39, 1.09e-12, 2.15e-10
2018-10-11 06:24:43, 1.01e-12, 2.16e-10
2018-10-11 06:24:48, 1.07e-12, 2.15e-10
2018-10-11 06:24:52, 1.03e-12, 2.16e-10
2018-10-11 06:24:56, 1.04e-12, 2.15e-10
2018-10-11 06:25:00, 9.93e-13, 2.15e-10
2018-10-11 06:25:04, 1.12e-12, 2.16e-10
2018-10-11 06:25:09, 1.08e-12, 2.16e-10
2018-10-11 06:25:13, 1.1e-12, 2.16e-10
2018-10-11 06:25:17, 1.12e-12, 2.16e-10
2018-10-11 06:25:21, 1.07e-12, 2.15e-10
2018-10-11 06:25:26, 1.14e-12, 2.15e-10
2018-10-11 06:25:30, 1e-12, 2.15e-10
2018-10-11 06:25:34, 1.02e-12, 2.16e-10
2018-10-11 06:25:38, 1.06e-12, 2.16e-10
2018-10-11 06:25:42, 1.12e-12, 2.16e-10
2018-10-11 06:25:47, 1.06e-12, 2.16e-10
2018-10-11 06:25:51, 1.11e-12, 2.16e-10
2018-10-11 06:25:55, 1.03e-12, 2.16e-10
2018-10-11 06:25:59, 1.1e-12, 2.16e-10
2018-10-11 06:26:04, 1.08e-12, 2.16e-10
2018-10-11 06:26:08, 1.07e-12, 2.16e-10
2018-10-11 06:26:12, 1.12e-12, 2.16e-10
2018-10-11 06:26:16, 1.06e-12, 2.16e-10
2018-10-11 06:26:20, 1.1e-12, 2.15e-10
2018-10-11 06:26:25, 1.15e-12, 2.16e-10
2018-10-11 06:26:29, 9.94e-13, 2.16e-10
2018-10-11 06:26:33, 1.09e-12, 2.16e-10
2018-10-11 06:26:37, 9.59e-13, 2.16e-10
2018-10-11 06:26:42, 1.06e-12, 2.16e-10
2018-10-11 06:26:46, 1.03e-12, 2.16e-10
2018-10-11 06:26:50, 1.05e-12, 2.16e-10
2018-10-11 06:26:54, 1.04e-12, 2.16e-10
2018-10-11 06:26:59, 1.04e-12, 2.15e-10
2018-10-11 06:27:03, 1.02e-12, 2.16e-10
2018-10-11 06:27:07, 1.2e-12, 2.15e-10
2018-10-11 06:27:11, 1.11e-12, 2.15e-10
2018-10-11 06:27:15, 1.05e-12, 2.15e-10
2018-10-11 06:27:20, 9.8e-13, 2.15e-10
2018-10-11 06:27:24, 1.03e-12, 2.15e-10
2018-10-11 06:27:28, 1.06e-12, 2.15e-10
2018-10-11 06:27:32, 1.15e-12, 2.15e-10
2018-10-11 06:27:37, 1.11e-12, 2.16e-10
2018-10-11 06:27:41, 1.07e-12, 2.16e-10
2018-10-11 06:27:45, 9.9e-13, 2.16e-10
2018-10-11 06:27:49, 1.09e-12, 2.16e-10
2018-10-11 06:27:53, 9.91e-13, 2.15e-10
2018-10-11 06:27:58, 1.11e-12, 2.15e-10
2018-10-11 06:28:02, 1e-12, 2.15e-10
2018-10-11 06:28:06, 1.06e-12, 2.16e-10
2018-10-11 06:28:10, 1.14e-12, 2.15e-10
2018-10-11 06:28:15, 1.05e-12, 2.15e-10
2018-10-11 06:28:19, 1.11e-12, 2.15e-10
2018-10-11 06:28:23, 1.02e-12, 2.15e-10
2018-10-11 06:28:27, 1.12e-12, 2.15e-10
2018-10-11 06:28:31, 1.05e-12, 2.15e-10
2018-10-11 06:28:36, 1.12e-12, 2.15e-10
2018-10-11 06:28:40, 1.12e-12, 2.15e-10
2018-10-11 06:28:44, 1.02e-12, 2.15e-10
2018-10-11 06:28:48, 1.1e-12, 2.15e-10
2018-10-11 06:28:53, 1.08e-12, 2.15e-10
2018-10-11 06:28:57, 1.18e-12, 2.15e-10
2018-10-11 06:29:01, 1.15e-12, 2.15e-10
2018-10-11 06:29:05, 1.07e-12, 2.15e-10
2018-10-11 06:29:09, 1.09e-12, 2.15e-10
2018-10-11 06:29:14, 9.97e-13, 2.15e-10
2018-10-11 06:29:18, 1.1e-12, 2.15e-10
2018-10-11 06:29:22, 9.96e-13, 2.15e-10
2018-10-11 06:29:26, 1.06e-12, 2.15e-10
2018-10-11 06:29:31, 9.99e-13, 2.15e-10
2018-10-11 06:29:35, 9.8e-13, 2.15e-10
2018-10-11 06:29:39, 1.22e-12, 2.15e-10
2018-10-11 06:29:43, 1.05e-12, 2.15e-10
2018-10-11 06:29:47, 1.09e-12, 2.15e-10
2018-10-11 06:29:52, 1.12e-12, 2.15e-10
2018-10-11 06:29:56, 1.12e-12, 2.15e-10
2018-10-11 06:30:00, 1.04e-12, 2.15e-10
2018-10-11 06:30:04, 1.08e-12, 2.15e-10
2018-10-11 06:30:09, 1.07e-12, 2.15e-10
2018-10-11 06:30:13, 1.11e-12, 2.15e-10
2018-10-11 06:30:17, 1.11e-12, 2.15e-10
2018-10-11 06:30:21, 1.06e-12, 2.15e-10
2018-10-11 06:30:25, 1.05e-12, 2.15e-10
2018-10-11 06:30:30, 9.99e-13, 2.15e-10
2018-10-11 06:30:34, 1.08e-12, 2.15e-10
2018-10-11 06:30:38, 1.06e-12, 2.15e-10
2018-10-11 06:30:42, 1.11e-12, 2.15e-10
2018-10-11 06:30:47, 1.07e-12, 2.15e-10
2018-10-11 06:30:51, 1.07e-12, 2.15e-10
2018-10-11 06:30:55, 1.11e-12, 2.15e-10
2018-10-11 06:30:59, 1.06e-12, 2.15e-10
2018-10-11 06:31:03, 1.09e-12, 2.15e-10
2018-10-11 06:31:08, 1.12e-12, 2.15e-10
2018-10-11 06:31:12, 1.07e-12, 2.15e-10
2018-10-11 06:31:16, 1.09e-12, 2.15e-10
2018-10-11 06:31:20, 1.03e-12, 2.15e-10
2018-10-11 06:31:25, 1.04e-12, 2.15e-10
2018-10-11 06:31:29, 9.44e-13, 2.15e-10
2018-10-11 06:31:33, 1.06e-12, 2.15e-10
2018-10-11 06:31:37, 1.07e-12, 2.15e-10
2018-10-11 06:31:41, 1.09e-12, 2.15e-10
2018-10-11 06:31:46, 1.1e-12, 2.15e-10
2018-10-11 06:31:50, 1.07e-12, 2.15e-10
2018-10-11 06:31:54, 1.06e-12, 2.15e-10
2018-10-11 06:31:58, 1e-12, 2.15e-10
2018-10-11 06:32:03, 1.08e-12, 2.15e-10
2018-10-11 06:32:07, 1.04e-12, 2.15e-10
2018-10-11 06:32:11, 1.05e-12, 2.15e-10
2018-10-11 06:32:15, 1.12e-12, 2.15e-10
2018-10-11 06:32:19, 1.05e-12, 2.15e-10
2018-10-11 06:32:24, 1.04e-12, 2.15e-10
2018-10-11 06:32:28, 1.04e-12, 2.15e-10
2018-10-11 06:32:32, 1.16e-12, 2.15e-10
2018-10-11 06:32:36, 9.83e-13, 2.15e-10
2018-10-11 06:32:41, 1.12e-12, 2.15e-10
2018-10-11 06:32:45, 1.09e-12, 2.15e-10
2018-10-11 06:32:49, 1.07e-12, 2.15e-10
2018-10-11 06:32:53, 1.09e-12, 2.15e-10
2018-10-11 06:32:57, 1.07e-12, 2.15e-10
2018-10-11 06:33:02, 1.06e-12, 2.15e-10
2018-10-11 06:33:06, 9.98e-13, 2.15e-10
2018-10-11 06:33:10, 1.03e-12, 2.15e-10
2018-10-11 06:33:14, 1.08e-12, 2.15e-10
2018-10-11 06:33:18, 1.04e-12, 2.15e-10
2018-10-11 06:33:23, 1.23e-12, 2.15e-10
2018-10-11 06:33:27, 1.04e-12, 2.15e-10
2018-10-11 06:33:31, 1.04e-12, 2.15e-10
2018-10-11 06:33:35, 1.07e-12, 2.15e-10
2018-10-11 06:33:40, 1.03e-12, 2.15e-10
2018-10-11 06:33:44, 1.02e-12, 2.15e-10
2018-10-11 06:33:48, 1.02e-12, 2.15e-10
2018-10-11 06:33:52, 1.11e-12, 2.15e-10
2018-10-11 06:33:56, 1.08e-12, 2.14e-10
2018-10-11 06:34:01, 1.14e-12, 2.14e-10
2018-10-11 06:34:05, 1.06e-12, 2.15e-10
2018-10-11 06:34:09, 1.09e-12, 2.15e-10
2018-10-11 06:34:13, 1.09e-12, 2.15e-10
2018-10-11 06:34:18, 1.04e-12, 2.15e-10
2018-10-11 06:34:22, 1.07e-12, 2.15e-10
2018-10-11 06:34:26, 9.06e-13, 2.15e-10
2018-10-11 06:34:30, 1.17e-12, 2.15e-10
2018-10-11 06:34:34, 1.03e-12, 2.15e-10
2018-10-11 06:34:39, 1.07e-12, 2.14e-10
2018-10-11 06:34:43, 1.11e-12, 2.15e-10
2018-10-11 06:34:47, 1.06e-12, 2.15e-10
2018-10-11 06:34:51, 1.06e-12, 2.14e-10
2018-10-11 06:34:56, 1.06e-12, 2.15e-10
2018-10-11 06:35:00, 1.06e-12, 2.14e-10
2018-10-11 06:35:04, 1.09e-12, 2.15e-10
2018-10-11 06:35:08, 1.01e-12, 2.15e-10
2018-10-11 06:35:12, 1.06e-12, 2.15e-10
2018-10-11 06:35:17, 1.02e-12, 2.15e-10
2018-10-11 06:35:21, 1.03e-12, 2.15e-10
2018-10-11 06:35:25, 1.08e-12, 2.15e-10
2018-10-11 06:35:29, 1.03e-12, 2.15e-10
2018-10-11 06:35:34, 1.12e-12, 2.14e-10
2018-10-11 06:35:38, 1.06e-12, 2.15e-10
2018-10-11 06:35:42, 1.03e-12, 2.14e-10
2018-10-11 06:35:46, 1.06e-12, 2.15e-10
2018-10-11 06:35:50, 1.03e-12, 2.14e-10
2018-10-11 06:35:55, 1.01e-12, 2.14e-10
2018-10-11 06:35:59, 1.06e-12, 2.14e-10
2018-10-11 06:36:03, 1.11e-12, 2.14e-10
2018-10-11 06:36:07, 1.06e-12, 2.15e-10
2018-10-11 06:36:12, 1.05e-12, 2.14e-10
2018-10-11 06:36:16, 1.09e-12, 2.14e-10
2018-10-11 06:36:20, 9.43e-13, 2.14e-10
2018-10-11 06:36:24, 1.02e-12, 2.14e-10
2018-10-11 06:36:28, 9.59e-13, 2.14e-10
2018-10-11 06:36:33, 1.06e-12, 2.14e-10
2018-10-11 06:36:37, 1e-12, 2.14e-10
2018-10-11 06:36:41, 1.02e-12, 2.14e-10
2018-10-11 06:36:45, 1.05e-12, 2.14e-10
2018-10-11 06:36:50, 1.02e-12, 2.14e-10
2018-10-11 06:36:54, 1.08e-12, 2.14e-10
2018-10-11 06:36:58, 1.03e-12, 2.14e-10
2018-10-11 06:37:02, 1.18e-12, 2.14e-10
2018-10-11 06:37:06, 1.07e-12, 2.14e-10
2018-10-11 06:37:11, 1.02e-12, 2.14e-10
2018-10-11 06:37:15, 1.06e-12, 2.14e-10
2018-10-11 06:37:19, 1.11e-12, 2.14e-10
2018-10-11 06:37:23, 1.03e-12, 2.14e-10
2018-10-11 06:37:28, 1.04e-12, 2.14e-10
2018-10-11 06:37:32, 1.05e-12, 2.14e-10
2018-10-11 06:37:36, 1.1e-12, 2.14e-10
2018-10-11 06:37:40, 1.05e-12, 2.14e-10
2018-10-11 06:37:44, 1.07e-12, 2.14e-10
2018-10-11 06:37:49, 1.01e-12, 2.14e-10
2018-10-11 06:37:53, 1.06e-12, 2.14e-10
2018-10-11 06:37:57, 1.09e-12, 2.14e-10
2018-10-11 06:38:01, 1.23e-12, 2.14e-10
2018-10-11 06:38:06, 1.06e-12, 2.14e-10
2018-10-11 06:38:10, 1.09e-12, 2.14e-10
2018-10-11 06:38:14, 1.02e-12, 2.14e-10
2018-10-11 06:38:18, 1e-12, 2.14e-10
2018-10-11 06:38:22, 1.07e-12, 2.14e-10
2018-10-11 06:38:27, 1.12e-12, 2.14e-10
2018-10-11 06:38:31, 1.06e-12, 2.14e-10
2018-10-11 06:38:35, 1.06e-12, 2.14e-10
2018-10-11 06:38:39, 9.62e-13, 2.14e-10
2018-10-11 06:38:44, 1.02e-12, 2.14e-10
2018-10-11 06:38:48, 1.06e-12, 2.14e-10
2018-10-11 06:38:52, 1.09e-12, 2.14e-10
2018-10-11 06:38:56, 1.17e-12, 2.14e-10
2018-10-11 06:39:00, 1.1e-12, 2.14e-10
2018-10-11 06:39:05, 1.05e-12, 2.14e-10
2018-10-11 06:39:09, 1.04e-12, 2.13e-10
2018-10-11 06:39:13, 1.1e-12, 2.14e-10
2018-10-11 06:39:17, 1.11e-12, 2.14e-10
2018-10-11 06:39:22, 1.07e-12, 2.14e-10
2018-10-11 06:39:26, 1.15e-12, 2.14e-10
2018-10-11 06:39:30, 1.09e-12, 2.14e-10
2018-10-11 06:39:34, 1.05e-12, 2.14e-10
2018-10-11 06:39:38, 1.03e-12, 2.14e-10
2018-10-11 06:39:43, 1.01e-12, 2.14e-10
2018-10-11 06:39:47, 1.08e-12, 2.14e-10
2018-10-11 06:39:51, 1.14e-12, 2.13e-10
2018-10-11 06:39:55, 1.05e-12, 2.13e-10
2018-10-11 06:40:00, 1.07e-12, 2.13e-10
2018-10-11 06:40:04, 1.04e-12, 2.14e-10
2018-10-11 06:40:08, 9.81e-13, 2.13e-10
2018-10-11 06:40:12, 1.05e-12, 2.14e-10
2018-10-11 06:40:16, 1.02e-12, 2.14e-10
2018-10-11 06:40:21, 1.14e-12, 2.13e-10
2018-10-11 06:40:25, 1.02e-12, 2.13e-10
2018-10-11 06:40:29, 1.1e-12, 2.13e-10
2018-10-11 06:40:33, 1.06e-12, 2.14e-10
2018-10-11 06:40:38, 1.03e-12, 2.13e-10
2018-10-11 06:40:42, 1.09e-12, 2.13e-10
2018-10-11 06:40:46, 1.08e-12, 2.13e-10
2018-10-11 06:40:50, 1.05e-12, 2.13e-10
2018-10-11 06:40:54, 1.07e-12, 2.13e-10
2018-10-11 06:40:59, 1.11e-12, 2.14e-10
2018-10-11 06:41:03, 1.06e-12, 2.13e-10
2018-10-11 06:41:07, 1.18e-12, 2.14e-10
2018-10-11 06:41:11, 1.08e-12, 2.14e-10
2018-10-11 06:41:16, 1.03e-12, 2.14e-10
2018-10-11 06:41:20, 1.06e-12, 2.13e-10
2018-10-11 06:41:24, 1.05e-12, 2.13e-10
2018-10-11 06:41:28, 1.02e-12, 2.13e-10
2018-10-11 06:41:32, 1.06e-12, 2.13e-10
2018-10-11 06:41:37, 1.02e-12, 2.13e-10
2018-10-11 06:41:41, 1.15e-12, 2.14e-10
2018-10-11 06:41:45, 1.09e-12, 2.14e-10
2018-10-11 06:41:49, 1e-12, 2.14e-10
2018-10-11 06:41:54, 1.01e-12, 2.13e-10
2018-10-11 06:41:58, 1.08e-12, 2.13e-10
2018-10-11 06:42:02, 9.81e-13, 2.14e-10
2018-10-11 06:42:06, 1.07e-12, 2.14e-10
2018-10-11 06:42:10, 1.1e-12, 2.14e-10
2018-10-11 06:42:15, 9.36e-13, 2.14e-10
2018-10-11 06:42:19, 1.06e-12, 2.13e-10
2018-10-11 06:42:23, 1.11e-12, 2.13e-10
2018-10-11 06:42:27, 1.1e-12, 2.13e-10
2018-10-11 06:42:32, 1.07e-12, 2.14e-10
2018-10-11 06:42:36, 9.67e-13, 2.13e-10
2018-10-11 06:42:40, 1.07e-12, 2.13e-10
2018-10-11 06:42:44, 1.04e-12, 2.14e-10
2018-10-11 06:42:48, 1.06e-12, 2.13e-10
2018-10-11 06:42:53, 1.13e-12, 2.13e-10
2018-10-11 06:42:57, 1.05e-12, 2.13e-10
2018-10-11 06:43:01, 1.04e-12, 2.13e-10
2018-10-11 06:43:05, 1.09e-12, 2.13e-10
2018-10-11 06:43:10, 1.08e-12, 2.13e-10
2018-10-11 06:43:14, 1.04e-12, 2.13e-10
2018-10-11 06:43:18, 1.06e-12, 2.13e-10
2018-10-11 06:43:22, 1.03e-12, 2.13e-10
2018-10-11 06:43:26, 1.04e-12, 2.13e-10
2018-10-11 06:43:31, 1.08e-12, 2.13e-10
2018-10-11 06:43:35, 1.09e-12, 2.14e-10
2018-10-11 06:43:39, 1.06e-12, 2.14e-10
2018-10-11 06:43:43, 1.07e-12, 2.14e-10
2018-10-11 06:43:47, 1.05e-12, 2.13e-10
2018-10-11 06:43:52, 1.15e-12, 2.13e-10
2018-10-11 06:43:56, 1.06e-12, 2.14e-10
2018-10-11 06:44:00, 1.02e-12, 2.13e-10
2018-10-11 06:44:04, 1.06e-12, 2.13e-10
2018-10-11 06:44:09, 1.04e-12, 2.13e-10
2018-10-11 06:44:13, 1.07e-12, 2.13e-10
2018-10-11 06:44:17, 1.04e-12, 2.13e-10
2018-10-11 06:44:21, 1.12e-12, 2.13e-10
2018-10-11 06:44:25, 1.05e-12, 2.13e-10
2018-10-11 06:44:30, 1.21e-12, 2.13e-10
2018-10-11 06:44:34, 1.03e-12, 2.13e-10
2018-10-11 06:44:38, 1.12e-12, 2.13e-10
2018-10-11 06:44:42, 1.01e-12, 2.13e-10
2018-10-11 06:44:47, 1.12e-12, 2.13e-10
2018-10-11 06:44:51, 1.08e-12, 2.13e-10
2018-10-11 06:44:55, 1.11e-12, 2.13e-10
2018-10-11 06:44:59, 1.06e-12, 2.13e-10
2018-10-11 06:45:03, 1.09e-12, 2.14e-10
2018-10-11 06:45:08, 1.09e-12, 2.13e-10
2018-10-11 06:45:12, 1.1e-12, 2.13e-10
2018-10-11 06:45:16, 1.03e-12, 2.13e-10
2018-10-11 06:45:20, 1.11e-12, 2.13e-10
2018-10-11 06:45:25, 1.06e-12, 2.13e-10
2018-10-11 06:45:29, 1.07e-12, 2.13e-10
2018-10-11 06:45:33, 1.18e-12, 2.13e-10
2018-10-11 06:45:37, 1.02e-12, 2.13e-10
2018-10-11 06:45:41, 1.09e-12, 2.13e-10
2018-10-11 06:45:46, 9.88e-13, 2.13e-10
2018-10-11 06:45:50, 1.06e-12, 2.13e-10
2018-10-11 06:45:54, 1.11e-12, 2.13e-10
2018-10-11 06:45:58, 1.02e-12, 2.13e-10
2018-10-11 06:46:03, 1.05e-12, 2.13e-10
2018-10-11 06:46:07, 1.04e-12, 2.13e-10
2018-10-11 06:46:11, 1.09e-12, 2.13e-10
2018-10-11 06:46:15, 1.06e-12, 2.13e-10
2018-10-11 06:46:19, 1.02e-12, 2.13e-10
2018-10-11 06:46:24, 1.04e-12, 2.13e-10
2018-10-11 06:46:28, 1.13e-12, 2.13e-10
2018-10-11 06:46:32, 1.13e-12, 2.13e-10
2018-10-11 06:46:36, 1.06e-12, 2.13e-10
2018-10-11 06:46:41, 1.08e-12, 2.13e-10
2018-10-11 06:46:45, 1.06e-12, 2.13e-10
2018-10-11 06:46:49, 1.07e-12, 2.13e-10
2018-10-11 06:46:53, 1.06e-12, 2.13e-10
2018-10-11 06:46:57, 9.1e-13, 2.13e-10
2018-10-11 06:47:02, 1.08e-12, 2.13e-10
2018-10-11 06:47:06, 1.05e-12, 2.13e-10
2018-10-11 06:47:10, 1.09e-12, 2.13e-10
2018-10-11 06:47:14, 9.78e-13, 2.13e-10
2018-10-11 06:47:18, 1.03e-12, 2.13e-10
2018-10-11 06:47:23, 1.07e-12, 2.13e-10
2018-10-11 06:47:27, 1.13e-12, 2.13e-10
2018-10-11 06:47:31, 1.06e-12, 2.13e-10
2018-10-11 06:47:35, 1.08e-12, 2.13e-10
2018-10-11 06:47:40, 1.06e-12, 2.13e-10
2018-10-11 06:47:44, 1.07e-12, 2.13e-10
2018-10-11 06:47:48, 1.09e-12, 2.13e-10
2018-10-11 06:47:52, 1.04e-12, 2.13e-10
2018-10-11 06:47:56, 1.06e-12, 2.13e-10
2018-10-11 06:48:01, 1.02e-12, 2.13e-10
2018-10-11 06:48:05, 1.09e-12, 2.13e-10
2018-10-11 06:48:09, 1.04e-12, 2.13e-10
2018-10-11 06:48:13, 1.07e-12, 2.13e-10
2018-10-11 06:48:18, 1.02e-12, 2.13e-10
2018-10-11 06:48:22, 1.07e-12, 2.13e-10
2018-10-11 06:48:26, 1.11e-12, 2.13e-10
2018-10-11 06:48:30, 1.03e-12, 2.13e-10
2018-10-11 06:48:34, 1.06e-12, 2.13e-10
2018-10-11 06:48:39, 1.07e-12, 2.13e-10
2018-10-11 06:48:43, 9.97e-13, 2.13e-10
2018-10-11 06:48:47, 1.07e-12, 2.13e-10
2018-10-11 06:48:51, 1.04e-12, 2.13e-10
2018-10-11 06:48:56, 8.75e-13, 2.13e-10
2018-10-11 06:49:00, 1.1e-12, 2.13e-10
2018-10-11 06:49:04, 1.08e-12, 2.13e-10
2018-10-11 06:49:08, 1.05e-12, 2.13e-10
2018-10-11 06:49:12, 1.07e-12, 2.13e-10
2018-10-11 06:49:17, 1.1e-12, 2.13e-10
2018-10-11 06:49:21, 9.71e-13, 2.13e-10
2018-10-11 06:49:25, 1.03e-12, 2.13e-10
2018-10-11 06:49:29, 1.09e-12, 2.13e-10
2018-10-11 06:49:34, 1.07e-12, 2.13e-10
2018-10-11 06:49:38, 1.06e-12, 2.13e-10
2018-10-11 06:49:42, 1.08e-12, 2.13e-10
2018-10-11 06:49:46, 1.06e-12, 2.13e-10
2018-10-11 06:49:50, 1.06e-12, 2.13e-10
2018-10-11 06:49:55, 1.05e-12, 2.12e-10
2018-10-11 06:49:59, 1.25e-12, 2.13e-10
2018-10-11 06:50:03, 1.08e-12, 2.13e-10
2018-10-11 06:50:07, 1.08e-12, 2.13e-10
2018-10-11 06:50:12, 1.06e-12, 2.13e-10
2018-10-11 06:50:16, 1.04e-12, 2.13e-10
2018-10-11 06:50:20, 1e-12, 2.13e-10
2018-10-11 06:50:24, 1.1e-12, 2.13e-10
2018-10-11 06:50:28, 1.07e-12, 2.13e-10
2018-10-11 06:50:33, 1.02e-12, 2.13e-10
2018-10-11 06:50:37, 9.54e-13, 2.13e-10
2018-10-11 06:50:41, 1.04e-12, 2.13e-10
2018-10-11 06:50:45, 1.05e-12, 2.13e-10
2018-10-11 06:50:50, 1.11e-12, 2.13e-10
2018-10-11 06:50:54, 1.11e-12, 2.13e-10
2018-10-11 06:50:58, 1.07e-12, 2.13e-10
2018-10-11 06:51:02, 1.07e-12, 2.13e-10
2018-10-11 06:51:06, 1.08e-12, 2.13e-10
2018-10-11 06:51:11, 1.06e-12, 2.13e-10
2018-10-11 06:51:15, 1.05e-12, 2.13e-10
2018-10-11 06:51:19, 1.1e-12, 2.13e-10
2018-10-11 06:51:23, 1.03e-12, 2.13e-10
2018-10-11 06:51:28, 1.1e-12, 2.13e-10
2018-10-11 06:51:32, 1.08e-12, 2.13e-10
2018-10-11 06:51:36, 1.12e-12, 2.13e-10
2018-10-11 06:51:40, 1.11e-12, 2.13e-10
2018-10-11 06:51:44, 1.07e-12, 2.13e-10
2018-10-11 06:51:49, 1.08e-12, 2.13e-10
2018-10-11 06:51:53, 1.11e-12, 2.13e-10
2018-10-11 06:51:57, 1.04e-12, 2.13e-10
2018-10-11 06:52:01, 1.08e-12, 2.13e-10
2018-10-11 06:52:06, 1.09e-12, 2.13e-10
2018-10-11 06:52:10, 1.16e-12, 2.13e-10
2018-10-11 06:52:14, 1.07e-12, 2.13e-10
2018-10-11 06:52:18, 1.06e-12, 2.13e-10
2018-10-11 06:52:22, 1.03e-12, 2.13e-10
2018-10-11 06:52:27, 1.07e-12, 2.13e-10
2018-10-11 06:52:31, 1.08e-12, 2.13e-10
2018-10-11 06:52:35, 1.05e-12, 2.13e-10
2018-10-11 06:52:39, 1.03e-12, 2.13e-10
2018-10-11 06:52:44, 1.02e-12, 2.13e-10
2018-10-11 06:52:48, 1.03e-12, 2.13e-10
2018-10-11 06:52:52, 1.06e-12, 2.13e-10
2018-10-11 06:52:56, 1.08e-12, 2.13e-10
2018-10-11 06:53:00, 1.07e-12, 2.13e-10
2018-10-11 06:53:05, 1.04e-12, 2.13e-10
2018-10-11 06:53:09, 1.07e-12, 2.13e-10
2018-10-11 06:53:13, 1.12e-12, 2.13e-10
2018-10-11 06:53:17, 1.19e-12, 2.13e-10
2018-10-11 06:53:22, 1.05e-12, 2.13e-10
2018-10-11 06:53:26, 1.13e-12, 2.12e-10
2018-10-11 06:53:30, 1.11e-12, 2.12e-10
2018-10-11 06:53:34, 1.06e-12, 2.13e-10
2018-10-11 06:53:38, 1.11e-12, 2.13e-10
2018-10-11 06:53:43, 1.07e-12, 2.13e-10
2018-10-11 06:53:47, 1.15e-12, 2.13e-10
2018-10-11 06:53:51, 1.04e-12, 2.13e-10
2018-10-11 06:53:55, 1.11e-12, 2.13e-10
2018-10-11 06:54:00, 1.08e-12, 2.12e-10
2018-10-11 06:54:04, 1.11e-12, 2.12e-10
2018-10-11 06:54:08, 1.04e-12, 2.12e-10
2018-10-11 06:54:12, 1.05e-12, 2.12e-10
2018-10-11 06:54:16, 1.07e-12, 2.12e-10
2018-10-11 06:54:21, 1.06e-12, 2.13e-10
2018-10-11 06:54:25, 1.1e-12, 2.12e-10
2018-10-11 06:54:29, 1.1e-12, 2.12e-10
2018-10-11 06:54:33, 1.1e-12, 2.12e-10
2018-10-11 06:54:37, 1.07e-12, 2.12e-10
2018-10-11 06:54:42, 9.93e-13, 2.12e-10
2018-10-11 06:54:46, 9.22e-13, 2.12e-10
2018-10-11 06:54:50, 1.06e-12, 2.12e-10
2018-10-11 06:54:54, 1.03e-12, 2.12e-10
2018-10-11 06:54:59, 1.08e-12, 2.12e-10
2018-10-11 06:55:03, 1.04e-12, 2.12e-10
2018-10-11 06:55:07, 1.01e-12, 2.13e-10
2018-10-11 06:55:11, 1.05e-12, 2.12e-10
2018-10-11 06:55:15, 1.04e-12, 2.12e-10
2018-10-11 06:55:20, 1.06e-12, 2.12e-10
2018-10-11 06:55:24, 1.04e-12, 2.12e-10
2018-10-11 06:55:28, 1.04e-12, 2.12e-10
2018-10-11 06:55:32, 1.02e-12, 2.12e-10
2018-10-11 06:55:37, 1.11e-12, 2.12e-10
2018-10-11 06:55:41, 1.06e-12, 2.12e-10
2018-10-11 06:55:45, 1.03e-12, 2.12e-10
2018-10-11 06:55:49, 1.05e-12, 2.12e-10
2018-10-11 06:55:53, 1.04e-12, 2.12e-10
2018-10-11 06:55:58, 1.1e-12, 2.12e-10
2018-10-11 06:56:02, 1.03e-12, 2.12e-10
2018-10-11 06:56:06, 1.06e-12, 2.12e-10
2018-10-11 06:56:10, 1.04e-12, 2.12e-10
2018-10-11 06:56:15, 1.03e-12, 2.12e-10
2018-10-11 06:56:19, 1.12e-12, 2.12e-10
2018-10-11 06:56:23, 1.25e-12, 2.12e-10
2018-10-11 06:56:27, 1.17e-12, 2.12e-10
2018-10-11 06:56:31, 1.04e-12, 2.12e-10
2018-10-11 06:56:36, 1.07e-12, 2.12e-10
2018-10-11 06:56:40, 1.08e-12, 2.12e-10
2018-10-11 06:56:44, 1.07e-12, 2.12e-10
2018-10-11 06:56:48, 1.03e-12, 2.12e-10
2018-10-11 06:56:53, 1.08e-12, 2.12e-10
2018-10-11 06:56:57, 1.03e-12, 2.12e-10
2018-10-11 06:57:01, 1.09e-12, 2.12e-10
2018-10-11 06:57:05, 1.14e-12, 2.12e-10
2018-10-11 06:57:09, 1.04e-12, 2.12e-10
2018-10-11 06:57:14, 9.99e-13, 2.12e-10
2018-10-11 06:57:18, 1.05e-12, 2.12e-10
2018-10-11 06:57:22, 1e-12, 2.12e-10
2018-10-11 06:57:26, 1.04e-12, 2.12e-10
2018-10-11 06:57:31, 1.06e-12, 2.12e-10
2018-10-11 06:57:35, 1.1e-12, 2.12e-10
2018-10-11 06:57:39, 1.05e-12, 2.11e-10
2018-10-11 06:57:43, 1.11e-12, 2.12e-10
2018-10-11 06:57:47, 1.15e-12, 2.12e-10
2018-10-11 06:57:52, 1.06e-12, 2.11e-10
2018-10-11 06:57:56, 1.07e-12, 2.12e-10
2018-10-11 06:58:00, 1.04e-12, 2.11e-10
2018-10-11 06:58:04, 1.08e-12, 2.11e-10
2018-10-11 06:58:09, 1.06e-12, 2.11e-10
2018-10-11 06:58:13, 1.1e-12, 2.11e-10
2018-10-11 06:58:17, 1.05e-12, 2.12e-10
2018-10-11 06:58:21, 1.08e-12, 2.12e-10
2018-10-11 06:58:25, 1.05e-12, 2.12e-10
2018-10-11 06:58:30, 1.05e-12, 2.12e-10
2018-10-11 06:58:34, 1.06e-12, 2.12e-10
2018-10-11 06:58:38, 1.05e-12, 2.12e-10
2018-10-11 06:58:42, 1.21e-12, 2.11e-10
2018-10-11 06:58:47, 1.03e-12, 2.11e-10
2018-10-11 06:58:51, 1.12e-12, 2.11e-10
2018-10-11 06:58:55, 1.04e-12, 2.11e-10
2018-10-11 06:58:59, 1.01e-12, 2.11e-10
2018-10-11 06:59:03, 1.06e-12, 2.11e-10
2018-10-11 06:59:08, 1.03e-12, 2.11e-10
2018-10-11 06:59:12, 1.06e-12, 2.11e-10
2018-10-11 06:59:16, 1.18e-12, 2.11e-10
2018-10-11 06:59:20, 1.12e-12, 2.11e-10
2018-10-11 06:59:25, 1.12e-12, 2.12e-10
2018-10-11 06:59:29, 1.01e-12, 2.11e-10
2018-10-11 06:59:33, 9.82e-13, 2.11e-10
2018-10-11 06:59:37, 1.02e-12, 2.12e-10
2018-10-11 06:59:41, 1.13e-12, 2.12e-10
2018-10-11 06:59:46, 1.09e-12, 2.11e-10
2018-10-11 06:59:50, 1.12e-12, 2.11e-10
2018-10-11 06:59:54, 1.07e-12, 2.11e-10
2018-10-11 06:59:58, 1.03e-12, 2.12e-10
2018-10-11 07:00:03, 1.05e-12, 2.12e-10
2018-10-11 07:00:07, 1.05e-12, 2.11e-10
2018-10-11 07:00:11, 1.07e-12, 2.11e-10
2018-10-11 07:00:15, 1.04e-12, 2.11e-10
2018-10-11 07:00:19, 1.04e-12, 2.11e-10
2018-10-11 07:00:24, 1.02e-12, 2.11e-10
2018-10-11 07:00:28, 1.06e-12, 2.11e-10
2018-10-11 07:00:32, 1.04e-12, 2.11e-10
2018-10-11 07:00:36, 1e-12, 2.11e-10
2018-10-11 07:00:41, 1.06e-12, 2.11e-10
2018-10-11 07:00:45, 1.02e-12, 2.11e-10
2018-10-11 07:00:49, 1.12e-12, 2.11e-10
2018-10-11 07:00:53, 1.11e-12, 2.11e-10
2018-10-11 07:00:57, 1.08e-12, 2.11e-10
2018-10-11 07:01:02, 1.22e-12, 2.11e-10
2018-10-11 07:01:06, 1.07e-12, 2.11e-10
2018-10-11 07:01:10, 1.06e-12, 2.11e-10
2018-10-11 07:01:14, 1.05e-12, 2.11e-10
2018-10-11 07:01:19, 1.08e-12, 2.11e-10
2018-10-11 07:01:23, 1.09e-12, 2.11e-10
2018-10-11 07:01:27, 9.99e-13, 2.11e-10
2018-10-11 07:01:31, 1.01e-12, 2.11e-10
2018-10-11 07:01:35, 1.04e-12, 2.11e-10
2018-10-11 07:01:40, 1.07e-12, 2.11e-10
2018-10-11 07:01:44, 1.08e-12, 2.11e-10
2018-10-11 07:01:48, 1.13e-12, 2.11e-10
2018-10-11 07:01:52, 1.08e-12, 2.11e-10
2018-10-11 07:01:57, 1.07e-12, 2.11e-10
2018-10-11 07:02:01, 1.05e-12, 2.11e-10
2018-10-11 07:02:05, 1.04e-12, 2.11e-10
2018-10-11 07:02:09, 9.2e-13, 2.11e-10
2018-10-11 07:02:13, 1.1e-12, 2.11e-10
2018-10-11 07:02:18, 9.64e-13, 2.11e-10
2018-10-11 07:02:22, 1.11e-12, 2.11e-10
2018-10-11 07:02:26, 9.59e-13, 2.11e-10
2018-10-11 07:02:30, 1.08e-12, 2.1e-10
2018-10-11 07:02:35, 1.06e-12, 2.11e-10
2018-10-11 07:02:39, 1.05e-12, 2.11e-10
2018-10-11 07:02:43, 9.77e-13, 2.1e-10
2018-10-11 07:02:47, 1.17e-12, 2.1e-10
2018-10-11 07:02:51, 1.02e-12, 2.1e-10
2018-10-11 07:02:56, 1.14e-12, 2.11e-10
2018-10-11 07:03:00, 1.08e-12, 2.11e-10
2018-10-11 07:03:04, 1.04e-12, 2.11e-10
2018-10-11 07:03:08, 9.91e-13, 2.11e-10
2018-10-11 07:03:13, 1.13e-12, 2.11e-10
2018-10-11 07:03:17, 1.06e-12, 2.11e-10
2018-10-11 07:03:21, 1.01e-12, 2.11e-10
2018-10-11 07:03:25, 1.06e-12, 2.11e-10
2018-10-11 07:03:29, 1.08e-12, 2.11e-10
2018-10-11 07:03:34, 1.04e-12, 2.11e-10
2018-10-11 07:03:38, 1.09e-12, 2.11e-10
2018-10-11 07:03:42, 1.1e-12, 2.11e-10
2018-10-11 07:03:46, 1.05e-12, 2.11e-10
2018-10-11 07:03:51, 1.05e-12, 2.11e-10
2018-10-11 07:03:55, 1.06e-12, 2.11e-10
2018-10-11 07:03:59, 1.01e-12, 2.1e-10
2018-10-11 07:04:03, 1.04e-12, 2.11e-10
2018-10-11 07:04:07, 1.09e-12, 2.11e-10
2018-10-11 07:04:12, 1.12e-12, 2.1e-10
2018-10-11 07:04:16, 1.11e-12, 2.1e-10
2018-10-11 07:04:20, 1.02e-12, 2.1e-10
2018-10-11 07:04:24, 1.06e-12, 2.11e-10
2018-10-11 07:04:29, 1.16e-12, 2.1e-10
2018-10-11 07:04:33, 1.01e-12, 2.11e-10
2018-10-11 07:04:37, 1.06e-12, 2.1e-10
2018-10-11 07:04:41, 9.56e-13, 2.1e-10
2018-10-11 07:04:45, 9.5e-13, 2.1e-10
2018-10-11 07:04:50, 1.07e-12, 2.1e-10
2018-10-11 07:04:54, 1.04e-12, 2.11e-10
2018-10-11 07:04:58, 1.02e-12, 2.1e-10
2018-10-11 07:05:02, 1.12e-12, 2.1e-10
2018-10-11 07:05:06, 1.03e-12, 2.1e-10
2018-10-11 07:05:11, 1.15e-12, 2.1e-10
2018-10-11 07:05:15, 1.01e-12, 2.1e-10
2018-10-11 07:05:19, 1.07e-12, 2.1e-10
2018-10-11 07:05:23, 1.02e-12, 2.1e-10
2018-10-11 07:05:28, 9.54e-13, 2.1e-10
2018-10-11 07:05:32, 1.2e-12, 2.1e-10
2018-10-11 07:05:36, 1.07e-12, 2.1e-10
2018-10-11 07:05:40, 1.03e-12, 2.1e-10
2018-10-11 07:05:44, 1.04e-12, 2.1e-10
2018-10-11 07:05:49, 1.06e-12, 2.1e-10
2018-10-11 07:05:53, 1.06e-12, 2.1e-10
2018-10-11 07:05:57, 1.09e-12, 2.1e-10
2018-10-11 07:06:01, 1.09e-12, 2.1e-10
2018-10-11 07:06:06, 1.12e-12, 2.1e-10
2018-10-11 07:06:10, 1.02e-12, 2.1e-10
2018-10-11 07:06:14, 1.03e-12, 2.1e-10
2018-10-11 07:06:18, 1.07e-12, 2.1e-10
2018-10-11 07:06:22, 1.09e-12, 2.1e-10
2018-10-11 07:06:27, 1.15e-12, 2.1e-10
2018-10-11 07:06:31, 1.06e-12, 2.1e-10
2018-10-11 07:06:35, 1.09e-12, 2.1e-10
2018-10-11 07:06:39, 1.12e-12, 2.1e-10
2018-10-11 07:06:44, 1.01e-12, 2.1e-10
2018-10-11 07:06:48, 1.06e-12, 2.1e-10
2018-10-11 07:06:52, 1.09e-12, 2.1e-10
2018-10-11 07:06:56, 1.03e-12, 2.1e-10
2018-10-11 07:07:00, 1.04e-12, 2.1e-10
2018-10-11 07:07:05, 1.09e-12, 2.1e-10
2018-10-11 07:07:09, 1.08e-12, 2.1e-10
2018-10-11 07:07:13, 1.09e-12, 2.1e-10
2018-10-11 07:07:17, 1.02e-12, 2.09e-10
2018-10-11 07:07:22, 9.06e-13, 2.1e-10
2018-10-11 07:07:26, 1.06e-12, 2.09e-10
2018-10-11 07:07:30, 1.05e-12, 2.1e-10
2018-10-11 07:07:34, 9.96e-13, 2.1e-10
2018-10-11 07:07:38, 1.01e-12, 2.1e-10
2018-10-11 07:07:43, 1.06e-12, 2.09e-10
2018-10-11 07:07:47, 1.03e-12, 2.09e-10
2018-10-11 07:07:51, 1.07e-12, 2.09e-10
2018-10-11 07:07:55, 1.15e-12, 2.1e-10
2018-10-11 07:08:00, 9.69e-13, 2.1e-10
2018-10-11 07:08:04, 1.06e-12, 2.09e-10
2018-10-11 07:08:08, 1.08e-12, 2.1e-10
2018-10-11 07:08:12, 1.08e-12, 2.09e-10
2018-10-11 07:08:16, 1.07e-12, 2.09e-10
2018-10-11 07:08:21, 1.02e-12, 2.09e-10
2018-10-11 07:08:25, 1.07e-12, 2.09e-10
2018-10-11 07:08:29, 1.07e-12, 2.09e-10
2018-10-11 07:08:33, 1.07e-12, 2.09e-10
2018-10-11 07:08:38, 9.35e-13, 2.09e-10
2018-10-11 07:08:42, 1.05e-12, 2.09e-10
2018-10-11 07:08:46, 1.07e-12, 2.09e-10
2018-10-11 07:08:50, 1.09e-12, 2.09e-10
2018-10-11 07:08:54, 1e-12, 2.09e-10
2018-10-11 07:08:59, 1e-12, 2.09e-10
2018-10-11 07:09:03, 1.08e-12, 2.09e-10
2018-10-11 07:09:07, 1.04e-12, 2.09e-10
2018-10-11 07:09:11, 1.1e-12, 2.09e-10
2018-10-11 07:09:16, 1.08e-12, 2.09e-10
2018-10-11 07:09:20, 1.11e-12, 2.09e-10
2018-10-11 07:09:24, 1.03e-12, 2.09e-10
2018-10-11 07:09:28, 1.11e-12, 2.1e-10
2018-10-11 07:09:32, 1.1e-12, 2.1e-10
2018-10-11 07:09:37, 9.89e-13, 2.09e-10
2018-10-11 07:09:41, 1.06e-12, 2.1e-10
2018-10-11 07:09:45, 1.07e-12, 2.1e-10
2018-10-11 07:09:49, 1.04e-12, 2.09e-10
2018-10-11 07:09:54, 1.14e-12, 2.09e-10
2018-10-11 07:09:58, 1.06e-12, 2.09e-10
2018-10-11 07:10:02, 1.07e-12, 2.09e-10
2018-10-11 07:10:06, 9.79e-13, 2.09e-10
2018-10-11 07:10:10, 1.07e-12, 2.09e-10
2018-10-11 07:10:15, 9.83e-13, 2.09e-10
2018-10-11 07:10:19, 1.08e-12, 2.09e-10
2018-10-11 07:10:23, 1.06e-12, 2.09e-10
2018-10-11 07:10:27, 1.1e-12, 2.09e-10
2018-10-11 07:10:32, 1.08e-12, 2.09e-10
2018-10-11 07:10:36, 1.07e-12, 2.09e-10
2018-10-11 07:10:40, 1.04e-12, 2.09e-10
2018-10-11 07:10:44, 1.05e-12, 2.09e-10
2018-10-11 07:10:48, 1.07e-12, 2.09e-10
2018-10-11 07:10:53, 1.08e-12, 2.09e-10
2018-10-11 07:10:57, 9.99e-13, 2.09e-10
2018-10-11 07:11:01, 1.06e-12, 2.09e-10
2018-10-11 07:11:05, 1.06e-12, 2.09e-10
2018-10-11 07:11:10, 1.01e-12, 2.09e-10
2018-10-11 07:11:14, 1.05e-12, 2.09e-10
2018-10-11 07:11:18, 1.06e-12, 2.09e-10
2018-10-11 07:11:22, 1.05e-12, 2.09e-10
2018-10-11 07:11:26, 1.14e-12, 2.09e-10
2018-10-11 07:11:31, 1.01e-12, 2.09e-10
2018-10-11 07:11:35, 1.03e-12, 2.09e-10
2018-10-11 07:11:39, 1.11e-12, 2.08e-10
2018-10-11 07:11:43, 9.58e-13, 2.09e-10
2018-10-11 07:11:48, 1.11e-12, 2.09e-10
2018-10-11 07:11:52, 1.12e-12, 2.09e-10
2018-10-11 07:11:56, 1.11e-12, 2.09e-10
2018-10-11 07:12:00, 1.14e-12, 2.09e-10
2018-10-11 07:12:04, 1.05e-12, 2.09e-10
2018-10-11 07:12:09, 1.04e-12, 2.09e-10
2018-10-11 07:12:13, 1.07e-12, 2.09e-10
2018-10-11 07:12:17, 1.1e-12, 2.08e-10
2018-10-11 07:12:21, 9.92e-13, 2.08e-10
2018-10-11 07:12:26, 1.06e-12, 2.08e-10
2018-10-11 07:12:30, 1.06e-12, 2.08e-10
2018-10-11 07:12:34, 1.02e-12, 2.08e-10
2018-10-11 07:12:38, 9.66e-13, 2.08e-10
2018-10-11 07:12:42, 1.09e-12, 2.08e-10
2018-10-11 07:12:47, 1.13e-12, 2.08e-10
2018-10-11 07:12:51, 1.06e-12, 2.08e-10
2018-10-11 07:12:55, 1.09e-12, 2.08e-10
2018-10-11 07:12:59, 1.01e-12, 2.09e-10
2018-10-11 07:13:04, 9.95e-13, 2.09e-10
2018-10-11 07:13:08, 1.05e-12, 2.09e-10
2018-10-11 07:13:12, 1e-12, 2.09e-10
2018-10-11 07:13:16, 1.13e-12, 2.08e-10
2018-10-11 07:13:20, 1.09e-12, 2.08e-10
2018-10-11 07:13:25, 1.04e-12, 2.08e-10
2018-10-11 07:13:29, 1.14e-12, 2.08e-10
2018-10-11 07:13:33, 1.02e-12, 2.08e-10
2018-10-11 07:13:37, 1.08e-12, 2.09e-10
2018-10-11 07:13:42, 1.16e-12, 2.08e-10
2018-10-11 07:13:46, 1.12e-12, 2.09e-10
2018-10-11 07:13:50, 1.1e-12, 2.09e-10
2018-10-11 07:13:54, 1.07e-12, 2.08e-10
2018-10-11 07:13:59, 1.1e-12, 2.09e-10
2018-10-11 07:14:03, 1.04e-12, 2.08e-10
2018-10-11 07:14:07, 1.06e-12, 2.08e-10
2018-10-11 07:14:11, 1.05e-12, 2.08e-10
2018-10-11 07:14:15, 1.07e-12, 2.09e-10
2018-10-11 07:14:20, 1.05e-12, 2.08e-10
2018-10-11 07:14:24, 1.02e-12, 2.08e-10
2018-10-11 07:14:28, 1.11e-12, 2.08e-10
2018-10-11 07:14:32, 1.05e-12, 2.08e-10
2018-10-11 07:14:37, 1.13e-12, 2.08e-10
2018-10-11 07:14:41, 1.22e-12, 2.08e-10
2018-10-11 07:14:45, 1.05e-12, 2.08e-10
2018-10-11 07:14:49, 1.08e-12, 2.08e-10
2018-10-11 07:14:53, 9.96e-13, 2.08e-10
2018-10-11 07:14:58, 1.14e-12, 2.08e-10
2018-10-11 07:15:02, 1.06e-12, 2.08e-10
2018-10-11 07:15:06, 1.11e-12, 2.08e-10
2018-10-11 07:15:10, 1.03e-12, 2.08e-10
2018-10-11 07:15:14, 1.04e-12, 2.08e-10
2018-10-11 07:15:19, 1.06e-12, 2.07e-10
2018-10-11 07:15:23, 1.09e-12, 2.08e-10
2018-10-11 07:15:27, 1.08e-12, 2.08e-10
2018-10-11 07:15:31, 1.07e-12, 2.07e-10
2018-10-11 07:15:36, 1.04e-12, 2.08e-10
2018-10-11 07:15:40, 1.18e-12, 2.08e-10
2018-10-11 07:15:44, 1.07e-12, 2.08e-10
2018-10-11 07:15:48, 1.11e-12, 2.08e-10
2018-10-11 07:15:53, 1.11e-12, 2.08e-10
2018-10-11 07:15:57, 1.02e-12, 2.08e-10
2018-10-11 07:16:01, 1.06e-12, 2.08e-10
2018-10-11 07:16:05, 9.74e-13, 2.08e-10
2018-10-11 07:16:09, 9.8e-13, 2.08e-10
2018-10-11 07:16:14, 1.03e-12, 2.08e-10
2018-10-11 07:16:18, 1.06e-12, 2.08e-10
2018-10-11 07:16:22, 1e-12, 2.08e-10
2018-10-11 07:16:26, 9.06e-13, 2.08e-10
2018-10-11 07:16:30, 1.08e-12, 2.08e-10
2018-10-11 07:16:35, 1.02e-12, 2.08e-10
2018-10-11 07:16:39, 1.01e-12, 2.08e-10
2018-10-11 07:16:43, 9.49e-13, 2.08e-10
2018-10-11 07:16:47, 1.07e-12, 2.08e-10
2018-10-11 07:16:52, 1.08e-12, 2.07e-10
2018-10-11 07:16:56, 1.06e-12, 2.07e-10
2018-10-11 07:17:00, 1.07e-12, 2.07e-10
2018-10-11 07:17:04, 1.09e-12, 2.07e-10
2018-10-11 07:17:08, 1.03e-12, 2.07e-10
2018-10-11 07:17:13, 1.1e-12, 2.08e-10
2018-10-11 07:17:17, 1.01e-12, 2.07e-10
2018-10-11 07:17:21, 1.02e-12, 2.08e-10
2018-10-11 07:17:25, 1.07e-12, 2.07e-10
2018-10-11 07:17:30, 1.03e-12, 2.07e-10
2018-10-11 07:17:34, 1.08e-12, 2.08e-10
2018-10-11 07:17:38, 1.07e-12, 2.07e-10
2018-10-11 07:17:42, 1.04e-12, 2.08e-10
2018-10-11 07:17:46, 1.14e-12, 2.07e-10
2018-10-11 07:17:51, 9.8e-13, 2.07e-10
2018-10-11 07:17:55, 1.12e-12, 2.07e-10
2018-10-11 07:17:59, 1.02e-12, 2.07e-10
2018-10-11 07:18:03, 1.1e-12, 2.07e-10
2018-10-11 07:18:08, 1.1e-12, 2.07e-10
2018-10-11 07:18:12, 1.2e-12, 2.07e-10
2018-10-11 07:18:16, 1.1e-12, 2.07e-10
2018-10-11 07:18:20, 1.05e-12, 2.07e-10
2018-10-11 07:18:24, 1.09e-12, 2.07e-10
2018-10-11 07:18:29, 1.17e-12, 2.07e-10
2018-10-11 07:18:33, 1.05e-12, 2.07e-10
2018-10-11 07:18:37, 9.89e-13, 2.07e-10
2018-10-11 07:18:41, 1.05e-12, 2.08e-10
2018-10-11 07:18:46, 9.24e-13, 2.07e-10
2018-10-11 07:18:50, 1.09e-12, 2.07e-10
2018-10-11 07:18:54, 1.09e-12, 2.07e-10
2018-10-11 07:18:58, 1.04e-12, 2.07e-10
2018-10-11 07:19:02, 1.14e-12, 2.07e-10
2018-10-11 07:19:07, 1.09e-12, 2.07e-10
2018-10-11 07:19:11, 1.04e-12, 2.07e-10
2018-10-11 07:19:15, 1.15e-12, 2.07e-10
2018-10-11 07:19:19, 1.03e-12, 2.07e-10
2018-10-11 07:19:24, 1.07e-12, 2.07e-10
2018-10-11 07:19:28, 1.1e-12, 2.06e-10
2018-10-11 07:19:32, 1.02e-12, 2.06e-10
2018-10-11 07:19:36, 1.01e-12, 2.07e-10
2018-10-11 07:19:40, 1.07e-12, 2.07e-10
2018-10-11 07:19:45, 1.13e-12, 2.07e-10
2018-10-11 07:19:49, 1e-12, 2.06e-10
2018-10-11 07:19:53, 1.04e-12, 2.06e-10
2018-10-11 07:19:57, 1.11e-12, 2.06e-10
2018-10-11 07:20:02, 1.04e-12, 2.06e-10
2018-10-11 07:20:06, 1.03e-12, 2.06e-10
2018-10-11 07:20:10, 1.18e-12, 2.07e-10
2018-10-11 07:20:14, 1.09e-12, 2.06e-10
2018-10-11 07:20:18, 1.09e-12, 2.06e-10
2018-10-11 07:20:23, 1.08e-12, 2.06e-10
2018-10-11 07:20:27, 1.06e-12, 2.07e-10
2018-10-11 07:20:31, 1.13e-12, 2.07e-10
2018-10-11 07:20:35, 1.01e-12, 2.07e-10
2018-10-11 07:20:40, 1.07e-12, 2.07e-10
2018-10-11 07:20:44, 1.04e-12, 2.07e-10
2018-10-11 07:20:48, 1.1e-12, 2.06e-10
2018-10-11 07:20:52, 1.06e-12, 2.07e-10
2018-10-11 07:20:56, 1.1e-12, 2.06e-10
2018-10-11 07:21:01, 1.09e-12, 2.07e-10
2018-10-11 07:21:05, 1.05e-12, 2.06e-10
2018-10-11 07:21:09, 1.07e-12, 2.06e-10
2018-10-11 07:21:13, 1.02e-12, 2.07e-10
2018-10-11 07:21:17, 1.06e-12, 2.06e-10
2018-10-11 07:21:22, 1.08e-12, 2.06e-10
2018-10-11 07:21:26, 1.02e-12, 2.06e-10
2018-10-11 07:21:30, 1.12e-12, 2.06e-10
2018-10-11 07:21:34, 1.09e-12, 2.06e-10
2018-10-11 07:21:39, 1.03e-12, 2.06e-10
2018-10-11 07:21:43, 1.08e-12, 2.06e-10
2018-10-11 07:21:47, 1.03e-12, 2.06e-10
2018-10-11 07:21:51, 1.07e-12, 2.06e-10
2018-10-11 07:21:55, 1.21e-12, 2.06e-10
2018-10-11 07:22:00, 1.06e-12, 2.06e-10
2018-10-11 07:22:04, 1.05e-12, 2.06e-10
2018-10-11 07:22:08, 1.09e-12, 2.06e-10
2018-10-11 07:22:12, 1.04e-12, 2.06e-10
2018-10-11 07:22:17, 1.01e-12, 2.06e-10
2018-10-11 07:22:21, 1.07e-12, 2.06e-10
2018-10-11 07:22:25, 9.22e-13, 2.06e-10
2018-10-11 07:22:29, 1.07e-12, 2.06e-10
2018-10-11 07:22:33, 1.06e-12, 2.06e-10
2018-10-11 07:22:38, 1.03e-12, 2.06e-10
2018-10-11 07:22:42, 1.08e-12, 2.06e-10
2018-10-11 07:22:46, 1.15e-12, 2.06e-10
2018-10-11 07:22:50, 1.03e-12, 2.06e-10
2018-10-11 07:22:55, 1.05e-12, 2.06e-10
2018-10-11 07:22:59, 1.05e-12, 2.06e-10
2018-10-11 07:23:03, 1.01e-12, 2.06e-10
2018-10-11 07:23:07, 1.05e-12, 2.06e-10
2018-10-11 07:23:11, 1.2e-12, 2.07e-10
2018-10-11 07:23:16, 1.03e-12, 2.06e-10
2018-10-11 07:23:20, 1.1e-12, 2.06e-10
2018-10-11 07:23:24, 1.1e-12, 2.06e-10
2018-10-11 07:23:28, 1.06e-12, 2.06e-10
2018-10-11 07:23:33, 1.04e-12, 2.06e-10
2018-10-11 07:23:37, 1.1e-12, 2.06e-10
2018-10-11 07:23:41, 1.05e-12, 2.06e-10
2018-10-11 07:23:45, 1.05e-12, 2.06e-10
2018-10-11 07:23:49, 1.04e-12, 2.06e-10
2018-10-11 07:23:54, 1.03e-12, 2.06e-10
2018-10-11 07:23:58, 1.03e-12, 2.06e-10
2018-10-11 07:24:02, 1.07e-12, 2.06e-10
2018-10-11 07:24:06, 1.02e-12, 2.06e-10
2018-10-11 07:24:11, 1.16e-12, 2.06e-10
2018-10-11 07:24:15, 1.08e-12, 2.06e-10
2018-10-11 07:24:19, 1.06e-12, 2.06e-10
2018-10-11 07:24:23, 1.07e-12, 2.06e-10
2018-10-11 07:24:27, 1.08e-12, 2.06e-10
2018-10-11 07:24:32, 1.05e-12, 2.06e-10
2018-10-11 07:24:36, 1e-12, 2.06e-10
2018-10-11 07:24:40, 1.03e-12, 2.06e-10
2018-10-11 07:24:44, 1e-12, 2.06e-10
2018-10-11 07:24:49, 1.04e-12, 2.06e-10
2018-10-11 07:24:53, 1.08e-12, 2.05e-10
2018-10-11 07:24:57, 1.04e-12, 2.05e-10
2018-10-11 07:25:01, 1.08e-12, 2.05e-10
2018-10-11 07:25:05, 9.93e-13, 2.06e-10
2018-10-11 07:25:10, 1.07e-12, 2.06e-10
2018-10-11 07:25:14, 9.24e-13, 2.05e-10
2018-10-11 07:25:18, 9.48e-13, 2.06e-10
2018-10-11 07:25:22, 1.09e-12, 2.05e-10
2018-10-11 07:25:27, 1.02e-12, 2.06e-10
2018-10-11 07:25:31, 1.03e-12, 2.06e-10
2018-10-11 07:25:35, 1.02e-12, 2.06e-10
2018-10-11 07:25:39, 1.09e-12, 2.06e-10
2018-10-11 07:25:43, 1.02e-12, 2.06e-10
2018-10-11 07:25:48, 1.05e-12, 2.06e-10
2018-10-11 07:25:52, 1.04e-12, 2.06e-10
2018-10-11 07:25:56, 1.06e-12, 2.05e-10
2018-10-11 07:26:00, 1.07e-12, 2.06e-10
2018-10-11 07:26:04, 1.05e-12, 2.06e-10
2018-10-11 07:26:09, 1.11e-12, 2.06e-10
2018-10-11 07:26:13, 1.03e-12, 2.06e-10
2018-10-11 07:26:17, 1.03e-12, 2.06e-10
2018-10-11 07:26:21, 1.08e-12, 2.06e-10
2018-10-11 07:26:26, 1.04e-12, 2.06e-10
2018-10-11 07:26:30, 1.09e-12, 2.06e-10
2018-10-11 07:26:34, 1.08e-12, 2.06e-10
2018-10-11 07:26:38, 1.08e-12, 2.06e-10
2018-10-11 07:26:43, 1.06e-12, 2.06e-10
2018-10-11 07:26:47, 1.01e-12, 2.06e-10
2018-10-11 07:26:51, 1.02e-12, 2.06e-10
2018-10-11 07:26:55, 1.02e-12, 2.06e-10
2018-10-11 07:26:59, 1.02e-12, 2.06e-10
2018-10-11 07:27:04, 1.1e-12, 2.06e-10
2018-10-11 07:27:08, 1.01e-12, 2.06e-10
2018-10-11 07:27:12, 1.08e-12, 2.05e-10
2018-10-11 07:27:16, 1.07e-12, 2.05e-10
2018-10-11 07:27:20, 1.06e-12, 2.05e-10
2018-10-11 07:27:25, 1.04e-12, 2.05e-10
2018-10-11 07:27:29, 1.05e-12, 2.06e-10
2018-10-11 07:27:33, 1.02e-12, 2.05e-10
2018-10-11 07:27:37, 1.05e-12, 2.05e-10
2018-10-11 07:27:42, 1.18e-12, 2.05e-10
2018-10-11 07:27:46, 1.01e-12, 2.05e-10
2018-10-11 07:27:50, 1.04e-12, 2.05e-10
2018-10-11 07:27:54, 1.1e-12, 2.05e-10
2018-10-11 07:27:58, 1.16e-12, 2.05e-10
2018-10-11 07:28:03, 1.09e-12, 2.05e-10
2018-10-11 07:28:07, 1.15e-12, 2.05e-10
2018-10-11 07:28:11, 1.04e-12, 2.06e-10
2018-10-11 07:28:15, 1.05e-12, 2.05e-10
2018-10-11 07:28:20, 1.09e-12, 2.05e-10
2018-10-11 07:28:24, 1.02e-12, 2.05e-10
2018-10-11 07:28:28, 1.06e-12, 2.05e-10
2018-10-11 07:28:32, 1.09e-12, 2.05e-10
2018-10-11 07:28:36, 1.08e-12, 2.05e-10
2018-10-11 07:28:41, 1.08e-12, 2.05e-10
2018-10-11 07:28:45, 1.07e-12, 2.05e-10
2018-10-11 07:28:49, 1.07e-12, 2.05e-10
2018-10-11 07:28:53, 1.07e-12, 2.05e-10
2018-10-11 07:28:58, 1.05e-12, 2.05e-10
2018-10-11 07:29:02, 1.04e-12, 2.05e-10
2018-10-11 07:29:06, 1.02e-12, 2.05e-10
2018-10-11 07:29:10, 1.08e-12, 2.05e-10
2018-10-11 07:29:14, 1.03e-12, 2.05e-10
2018-10-11 07:29:19, 1.03e-12, 2.05e-10
2018-10-11 07:29:23, 9.74e-13, 2.05e-10
2018-10-11 07:29:27, 1.06e-12, 2.05e-10
2018-10-11 07:29:31, 1.12e-12, 2.05e-10
2018-10-11 07:29:36, 1.02e-12, 2.05e-10
2018-10-11 07:29:40, 1.09e-12, 2.05e-10
2018-10-11 07:29:44, 1.03e-12, 2.05e-10
2018-10-11 07:29:48, 1.01e-12, 2.05e-10
2018-10-11 07:29:52, 1.06e-12, 2.05e-10
2018-10-11 07:29:57, 1.18e-12, 2.04e-10
2018-10-11 07:30:01, 1.08e-12, 2.05e-10
2018-10-11 07:30:05, 1.05e-12, 2.05e-10
2018-10-11 07:30:09, 1.08e-12, 2.05e-10
2018-10-11 07:30:14, 1.05e-12, 2.05e-10
2018-10-11 07:30:18, 1.05e-12, 2.05e-10
2018-10-11 07:30:22, 1.04e-12, 2.04e-10
2018-10-11 07:30:26, 1.05e-12, 2.05e-10
2018-10-11 07:30:30, 1.1e-12, 2.05e-10
2018-10-11 07:30:35, 1.13e-12, 2.04e-10
2018-10-11 07:30:39, 1.09e-12, 2.04e-10
2018-10-11 07:30:43, 1.07e-12, 2.04e-10
2018-10-11 07:30:47, 1.07e-12, 2.04e-10
2018-10-11 07:30:52, 1.07e-12, 2.05e-10
2018-10-11 07:30:56, 1.01e-12, 2.04e-10
2018-10-11 07:31:00, 1.07e-12, 2.05e-10
2018-10-11 07:31:04, 1.1e-12, 2.05e-10
2018-10-11 07:31:08, 1.12e-12, 2.05e-10
2018-10-11 07:31:13, 1.08e-12, 2.05e-10
2018-10-11 07:31:17, 1.1e-12, 2.05e-10
2018-10-11 07:31:21, 1.08e-12, 2.05e-10
2018-10-11 07:31:25, 1.05e-12, 2.05e-10
2018-10-11 07:31:30, 1.05e-12, 2.05e-10
2018-10-11 07:31:34, 1.12e-12, 2.05e-10
2018-10-11 07:31:38, 1.01e-12, 2.05e-10
2018-10-11 07:31:42, 1.08e-12, 2.05e-10
2018-10-11 07:31:46, 1.01e-12, 2.05e-10
2018-10-11 07:31:51, 1.05e-12, 2.05e-10
2018-10-11 07:31:55, 1.08e-12, 2.05e-10
2018-10-11 07:31:59, 1.06e-12, 2.05e-10
2018-10-11 07:32:03, 1.05e-12, 2.05e-10
2018-10-11 07:32:08, 1.07e-12, 2.05e-10
2018-10-11 07:32:12, 1.21e-12, 2.05e-10
2018-10-11 07:32:16, 1.09e-12, 2.05e-10
2018-10-11 07:32:20, 1.03e-12, 2.05e-10
2018-10-11 07:32:24, 1.04e-12, 2.05e-10
2018-10-11 07:32:29, 1.06e-12, 2.05e-10
2018-10-11 07:32:33, 1.01e-12, 2.05e-10
2018-10-11 07:32:37, 1.07e-12, 2.05e-10
2018-10-11 07:32:41, 1.07e-12, 2.05e-10
2018-10-11 07:32:46, 1.07e-12, 2.05e-10
2018-10-11 07:32:50, 1.09e-12, 2.05e-10
2018-10-11 07:32:54, 1.06e-12, 2.05e-10
2018-10-11 07:32:58, 1.04e-12, 2.05e-10
2018-10-11 07:33:02, 1.17e-12, 2.05e-10
2018-10-11 07:33:07, 1.11e-12, 2.05e-10
2018-10-11 07:33:11, 1.08e-12, 2.04e-10
2018-10-11 07:33:15, 1.05e-12, 2.04e-10
2018-10-11 07:33:19, 1.05e-12, 2.05e-10
2018-10-11 07:33:24, 1.03e-12, 2.05e-10
2018-10-11 07:33:28, 1.08e-12, 2.04e-10
2018-10-11 07:33:32, 9.5e-13, 2.04e-10
2018-10-11 07:33:36, 1.09e-12, 2.05e-10
2018-10-11 07:33:40, 1.08e-12, 2.05e-10
2018-10-11 07:33:45, 1.04e-12, 2.05e-10
2018-10-11 07:33:49, 1.16e-12, 2.05e-10
2018-10-11 07:33:53, 1.02e-12, 2.05e-10
2018-10-11 07:33:57, 1.04e-12, 2.05e-10
2018-10-11 07:34:02, 1.06e-12, 2.05e-10
2018-10-11 07:34:06, 1.06e-12, 2.04e-10
2018-10-11 07:34:10, 1.16e-12, 2.05e-10
2018-10-11 07:34:14, 1.03e-12, 2.04e-10
2018-10-11 07:34:18, 1.05e-12, 2.05e-10
2018-10-11 07:34:23, 9.9e-13, 2.04e-10
2018-10-11 07:34:27, 1.06e-12, 2.05e-10
2018-10-11 07:34:31, 1.07e-12, 2.04e-10
2018-10-11 07:34:35, 1.06e-12, 2.04e-10
2018-10-11 07:34:40, 1.05e-12, 2.05e-10
2018-10-11 07:34:44, 1.08e-12, 2.04e-10
2018-10-11 07:34:48, 1.02e-12, 2.04e-10
2018-10-11 07:34:52, 1.05e-12, 2.05e-10
2018-10-11 07:34:56, 1.04e-12, 2.05e-10
2018-10-11 07:35:01, 9.71e-13, 2.05e-10
2018-10-11 07:35:05, 1.09e-12, 2.05e-10
2018-10-11 07:35:09, 1.06e-12, 2.05e-10
2018-10-11 07:35:13, 1.08e-12, 2.04e-10
2018-10-11 07:35:18, 1.1e-12, 2.05e-10
2018-10-11 07:35:22, 1.04e-12, 2.05e-10
2018-10-11 07:35:26, 1.09e-12, 2.04e-10
2018-10-11 07:35:30, 1.08e-12, 2.04e-10
2018-10-11 07:35:34, 1.2e-12, 2.04e-10
2018-10-11 07:35:39, 1.11e-12, 2.04e-10
2018-10-11 07:35:43, 1.04e-12, 2.05e-10
2018-10-11 07:35:47, 1.04e-12, 2.04e-10
2018-10-11 07:35:51, 1.04e-12, 2.05e-10
2018-10-11 07:35:56, 1.06e-12, 2.05e-10
2018-10-11 07:36:00, 1.06e-12, 2.05e-10
2018-10-11 07:36:04, 1e-12, 2.05e-10
2018-10-11 07:36:08, 9.77e-13, 2.05e-10
2018-10-11 07:36:12, 1.06e-12, 2.05e-10
2018-10-11 07:36:17, 1.07e-12, 2.05e-10
2018-10-11 07:36:21, 1.04e-12, 2.05e-10
2018-10-11 07:36:25, 1.03e-12, 2.04e-10
2018-10-11 07:36:29, 1.04e-12, 2.04e-10
2018-10-11 07:36:34, 1.03e-12, 2.05e-10
2018-10-11 07:36:38, 1.02e-12, 2.05e-10
2018-10-11 07:36:42, 1.05e-12, 2.05e-10
2018-10-11 07:36:46, 9.66e-13, 2.04e-10
2018-10-11 07:36:50, 1.01e-12, 2.04e-10
2018-10-11 07:36:55, 9.72e-13, 2.04e-10
2018-10-11 07:36:59, 1.06e-12, 2.04e-10
2018-10-11 07:37:03, 1.15e-12, 2.04e-10
2018-10-11 07:37:07, 1.05e-12, 2.05e-10
2018-10-11 07:37:12, 1.02e-12, 2.05e-10
2018-10-11 07:37:16, 1.08e-12, 2.05e-10
2018-10-11 07:37:20, 1.02e-12, 2.04e-10
2018-10-11 07:37:24, 1.07e-12, 2.04e-10
2018-10-11 07:37:28, 1.03e-12, 2.04e-10
2018-10-11 07:37:33, 1.03e-12, 2.05e-10
2018-10-11 07:37:37, 1.1e-12, 2.04e-10
2018-10-11 07:37:41, 1.16e-12, 2.04e-10
2018-10-11 07:37:45, 9.8e-13, 2.04e-10
2018-10-11 07:37:50, 1.12e-12, 2.05e-10
2018-10-11 07:37:54, 1.1e-12, 2.04e-10
2018-10-11 07:37:58, 1.01e-12, 2.05e-10
2018-10-11 07:38:02, 1.15e-12, 2.04e-10
2018-10-11 07:38:06, 1.02e-12, 2.05e-10
2018-10-11 07:38:11, 1.05e-12, 2.05e-10
2018-10-11 07:38:15, 1.04e-12, 2.04e-10
2018-10-11 07:38:19, 1.06e-12, 2.05e-10
2018-10-11 07:38:23, 1.05e-12, 2.05e-10
2018-10-11 07:38:28, 1.04e-12, 2.04e-10
2018-10-11 07:38:32, 1.03e-12, 2.04e-10
2018-10-11 07:38:36, 1.01e-12, 2.05e-10
2018-10-11 07:38:40, 1.11e-12, 2.05e-10
2018-10-11 07:38:44, 1.1e-12, 2.05e-10
2018-10-11 07:38:49, 1.08e-12, 2.05e-10
2018-10-11 07:38:53, 1.02e-12, 2.05e-10
2018-10-11 07:38:57, 1.07e-12, 2.05e-10
2018-10-11 07:39:01, 1.12e-12, 2.05e-10
2018-10-11 07:39:06, 1.03e-12, 2.05e-10
2018-10-11 07:39:10, 1.08e-12, 2.05e-10
2018-10-11 07:39:14, 1.17e-12, 2.05e-10
2018-10-11 07:39:18, 1.04e-12, 2.05e-10
2018-10-11 07:39:22, 1.06e-12, 2.05e-10
2018-10-11 07:39:27, 1.09e-12, 2.05e-10
2018-10-11 07:39:31, 1.07e-12, 2.05e-10
2018-10-11 07:39:35, 1.04e-12, 2.05e-10
2018-10-11 07:39:39, 1.23e-12, 2.05e-10
2018-10-11 07:39:44, 1.08e-12, 2.05e-10
2018-10-11 07:39:48, 1.05e-12, 2.04e-10
2018-10-11 07:39:52, 1.05e-12, 2.05e-10
2018-10-11 07:39:56, 9.71e-13, 2.05e-10
2018-10-11 07:40:00, 1.07e-12, 2.05e-10
2018-10-11 07:40:05, 1.11e-12, 2.05e-10
2018-10-11 07:40:09, 9.89e-13, 2.05e-10
2018-10-11 07:40:13, 1.05e-12, 2.05e-10
2018-10-11 07:40:17, 1.04e-12, 2.05e-10
2018-10-11 07:40:22, 1.03e-12, 2.05e-10
2018-10-11 07:40:26, 1.07e-12, 2.05e-10
2018-10-11 07:40:30, 1.08e-12, 2.05e-10
2018-10-11 07:40:34, 1.08e-12, 2.05e-10
2018-10-11 07:40:38, 1.04e-12, 2.05e-10
2018-10-11 07:40:43, 1.04e-12, 2.05e-10
2018-10-11 07:40:47, 1.03e-12, 2.05e-10
2018-10-11 07:40:51, 1.11e-12, 2.05e-10
2018-10-11 07:40:55, 9.79e-13, 2.05e-10
2018-10-11 07:41:00, 1.02e-12, 2.05e-10
2018-10-11 07:41:04, 1.06e-12, 2.05e-10
2018-10-11 07:41:08, 1.1e-12, 2.05e-10
2018-10-11 07:41:12, 9.9e-13, 2.05e-10
2018-10-11 07:41:16, 1.12e-12, 2.05e-10
2018-10-11 07:41:21, 1.08e-12, 2.05e-10
2018-10-11 07:41:25, 1.09e-12, 2.05e-10
2018-10-11 07:41:29, 1.05e-12, 2.05e-10
2018-10-11 07:41:33, 1.04e-12, 2.05e-10
2018-10-11 07:41:38, 1.02e-12, 2.05e-10
2018-10-11 07:41:42, 1.12e-12, 2.05e-10
2018-10-11 07:41:46, 1.02e-12, 2.05e-10
2018-10-11 07:41:50, 1.08e-12, 2.05e-10
2018-10-11 07:41:54, 1.07e-12, 2.05e-10
2018-10-11 07:41:59, 1.03e-12, 2.05e-10
2018-10-11 07:42:03, 1.04e-12, 2.05e-10
2018-10-11 07:42:07, 1.1e-12, 2.05e-10
2018-10-11 07:42:11, 1.02e-12, 2.05e-10
2018-10-11 07:42:16, 1.11e-12, 2.05e-10
2018-10-11 07:42:20, 1.09e-12, 2.05e-10
2018-10-11 07:42:24, 1.19e-12, 2.05e-10
2018-10-11 07:42:28, 1.02e-12, 2.05e-10
2018-10-11 07:42:32, 1.07e-12, 2.05e-10
2018-10-11 07:42:37, 1.07e-12, 2.05e-10
2018-10-11 07:42:41, 1.1e-12, 2.05e-10
2018-10-11 07:42:45, 1.05e-12, 2.04e-10
2018-10-11 07:42:49, 9.93e-13, 2.05e-10
2018-10-11 07:42:53, 1.08e-12, 2.05e-10
2018-10-11 07:42:58, 1.08e-12, 2.05e-10
2018-10-11 07:43:02, 1.03e-12, 2.05e-10
2018-10-11 07:43:06, 1.04e-12, 2.05e-10
2018-10-11 07:43:10, 1.12e-12, 2.05e-10
2018-10-11 07:43:15, 1.03e-12, 2.05e-10
2018-10-11 07:43:19, 1.12e-12, 2.05e-10
2018-10-11 07:43:23, 1.01e-12, 2.05e-10
2018-10-11 07:43:27, 1.04e-12, 2.05e-10
2018-10-11 07:43:31, 1.01e-12, 2.05e-10
2018-10-11 07:43:36, 1.1e-12, 2.05e-10
2018-10-11 07:43:40, 1.09e-12, 2.05e-10
2018-10-11 07:43:44, 1.04e-12, 2.05e-10
2018-10-11 07:43:48, 1.03e-12, 2.05e-10
2018-10-11 07:43:53, 1.07e-12, 2.05e-10
2018-10-11 07:43:57, 1.03e-12, 2.05e-10
2018-10-11 07:44:01, 1.04e-12, 2.05e-10
2018-10-11 07:44:05, 1.04e-12, 2.05e-10
2018-10-11 07:44:09, 1.07e-12, 2.05e-10
2018-10-11 07:44:14, 9.74e-13, 2.05e-10
2018-10-11 07:44:18, 1.03e-12, 2.05e-10
2018-10-11 07:44:22, 1.04e-12, 2.05e-10
2018-10-11 07:44:26, 1.07e-12, 2.05e-10
2018-10-11 07:44:31, 1e-12, 2.05e-10
2018-10-11 07:44:35, 1.08e-12, 2.05e-10
2018-10-11 07:44:39, 1.05e-12, 2.05e-10
2018-10-11 07:44:43, 1.05e-12, 2.05e-10
2018-10-11 07:44:47, 1.04e-12, 2.05e-10
2018-10-11 07:44:52, 1.09e-12, 2.06e-10
2018-10-11 07:44:56, 9.94e-13, 2.05e-10
2018-10-11 07:45:00, 1.02e-12, 2.05e-10
2018-10-11 07:45:04, 1.05e-12, 2.05e-10
2018-10-11 07:45:09, 1.06e-12, 2.05e-10
2018-10-11 07:45:13, 1.05e-12, 2.06e-10
2018-10-11 07:45:17, 1.07e-12, 2.06e-10
2018-10-11 07:45:21, 1.04e-12, 2.05e-10
2018-10-11 07:45:25, 1.05e-12, 2.05e-10
2018-10-11 07:45:30, 1.08e-12, 2.05e-10
2018-10-11 07:45:34, 1.11e-12, 2.05e-10
2018-10-11 07:45:38, 1.07e-12, 2.05e-10
2018-10-11 07:45:42, 1.06e-12, 2.05e-10
2018-10-11 07:45:47, 1.07e-12, 2.05e-10
2018-10-11 07:45:51, 1.1e-12, 2.05e-10
2018-10-11 07:45:55, 1.04e-12, 2.05e-10
2018-10-11 07:45:59, 1.13e-12, 2.05e-10
2018-10-11 07:46:03, 1.07e-12, 2.05e-10
2018-10-11 07:46:08, 1.01e-12, 2.05e-10
2018-10-11 07:46:12, 1.09e-12, 2.05e-10
2018-10-11 07:46:16, 1.04e-12, 2.05e-10
2018-10-11 07:46:20, 1.08e-12, 2.06e-10
2018-10-11 07:46:25, 1.06e-12, 2.05e-10
2018-10-11 07:46:29, 1.01e-12, 2.05e-10
2018-10-11 07:46:33, 1.02e-12, 2.05e-10
2018-10-11 07:46:37, 1.04e-12, 2.05e-10
2018-10-11 07:46:42, 1.11e-12, 2.05e-10
2018-10-11 07:46:46, 1.03e-12, 2.05e-10
2018-10-11 07:46:50, 1e-12, 2.05e-10
2018-10-11 07:46:54, 1.02e-12, 2.05e-10
2018-10-11 07:46:58, 1.02e-12, 2.05e-10
2018-10-11 07:47:03, 1.11e-12, 2.05e-10
2018-10-11 07:47:07, 1.13e-12, 2.05e-10
2018-10-11 07:47:11, 9.83e-13, 2.05e-10
2018-10-11 07:47:15, 1.2e-12, 2.06e-10
2018-10-11 07:47:20, 1.08e-12, 2.05e-10
2018-10-11 07:47:24, 1.06e-12, 2.05e-10
2018-10-11 07:47:28, 1.04e-12, 2.05e-10
2018-10-11 07:47:32, 1.06e-12, 2.05e-10
2018-10-11 07:47:36, 9.86e-13, 2.05e-10
2018-10-11 07:47:41, 1.03e-12, 2.05e-10
2018-10-11 07:47:45, 1.03e-12, 2.06e-10
2018-10-11 07:47:49, 1.07e-12, 2.05e-10
2018-10-11 07:47:53, 1.05e-12, 2.06e-10
2018-10-11 07:47:58, 1.03e-12, 2.06e-10
2018-10-11 07:48:02, 1.04e-12, 2.06e-10
2018-10-11 07:48:06, 1.02e-12, 2.06e-10
2018-10-11 07:48:10, 1.06e-12, 2.06e-10
2018-10-11 07:48:14, 1.06e-12, 2.06e-10
2018-10-11 07:48:19, 1e-12, 2.05e-10
2018-10-11 07:48:23, 1e-12, 2.05e-10
2018-10-11 07:48:27, 1.08e-12, 2.05e-10
2018-10-11 07:48:31, 1.09e-12, 2.05e-10
2018-10-11 07:48:36, 1.05e-12, 2.06e-10
2018-10-11 07:48:40, 1.09e-12, 2.05e-10
2018-10-11 07:48:44, 1.08e-12, 2.05e-10
2018-10-11 07:48:48, 1.05e-12, 2.06e-10
2018-10-11 07:48:52, 1.02e-12, 2.05e-10
2018-10-11 07:48:57, 1.07e-12, 2.05e-10
2018-10-11 07:49:01, 1.07e-12, 2.05e-10
2018-10-11 07:49:05, 1.06e-12, 2.05e-10
2018-10-11 07:49:09, 1.04e-12, 2.05e-10
2018-10-11 07:49:13, 1.1e-12, 2.06e-10
2018-10-11 07:49:18, 1.04e-12, 2.06e-10
2018-10-11 07:49:22, 1.03e-12, 2.05e-10
2018-10-11 07:49:26, 1.06e-12, 2.06e-10
2018-10-11 07:49:30, 9.39e-13, 2.06e-10
2018-10-11 07:49:35, 1.04e-12, 2.05e-10
2018-10-11 07:49:39, 1.13e-12, 2.05e-10
2018-10-11 07:49:43, 1.04e-12, 2.05e-10
2018-10-11 07:49:47, 1.03e-12, 2.05e-10
2018-10-11 07:49:51, 1.09e-12, 2.05e-10
2018-10-11 07:49:56, 1.03e-12, 2.06e-10
2018-10-11 07:50:00, 1.01e-12, 2.05e-10
2018-10-11 07:50:04, 1.11e-12, 2.06e-10
2018-10-11 07:50:08, 1.02e-12, 2.06e-10
2018-10-11 07:50:13, 1.03e-12, 2.06e-10
2018-10-11 07:50:17, 1.04e-12, 2.06e-10
2018-10-11 07:50:21, 1.08e-12, 2.06e-10
2018-10-11 07:50:25, 1.09e-12, 2.06e-10
2018-10-11 07:50:29, 1.08e-12, 2.05e-10
2018-10-11 07:50:34, 1.08e-12, 2.06e-10
2018-10-11 07:50:38, 1.09e-12, 2.06e-10
2018-10-11 07:50:42, 1.1e-12, 2.05e-10
2018-10-11 07:50:46, 1.06e-12, 2.05e-10
2018-10-11 07:50:51, 9.93e-13, 2.06e-10
2018-10-11 07:50:55, 1.05e-12, 2.06e-10
2018-10-11 07:50:59, 1.02e-12, 2.05e-10
2018-10-11 07:51:03, 1.17e-12, 2.05e-10
2018-10-11 07:51:07, 1.13e-12, 2.05e-10
2018-10-11 07:51:12, 1.11e-12, 2.05e-10
2018-10-11 07:51:16, 1.04e-12, 2.06e-10
2018-10-11 07:51:20, 9.23e-13, 2.05e-10
2018-10-11 07:51:24, 1.05e-12, 2.06e-10
2018-10-11 07:51:29, 1.05e-12, 2.06e-10
2018-10-11 07:51:33, 9.94e-13, 2.06e-10
2018-10-11 07:51:37, 1.04e-12, 2.06e-10
2018-10-11 07:51:41, 1.05e-12, 2.06e-10
2018-10-11 07:51:45, 1.02e-12, 2.05e-10
2018-10-11 07:51:50, 1.04e-12, 2.06e-10
2018-10-11 07:51:54, 1.04e-12, 2.06e-10
2018-10-11 07:51:58, 1.15e-12, 2.05e-10
2018-10-11 07:52:02, 1.11e-12, 2.05e-10
2018-10-11 07:52:07, 1.05e-12, 2.05e-10
2018-10-11 07:52:11, 1.11e-12, 2.06e-10
2018-10-11 07:52:15, 1.09e-12, 2.06e-10
2018-10-11 07:52:19, 1.08e-12, 2.05e-10
2018-10-11 07:52:23, 1.05e-12, 2.06e-10
2018-10-11 07:52:28, 1.1e-12, 2.05e-10
2018-10-11 07:52:32, 1.03e-12, 2.06e-10
2018-10-11 07:52:36, 1.06e-12, 2.05e-10
2018-10-11 07:52:40, 1.09e-12, 2.05e-10
2018-10-11 07:52:45, 1.03e-12, 2.04e-10
2018-10-11 07:52:49, 1.07e-12, 2.05e-10
2018-10-11 07:52:53, 1.09e-12, 2.05e-10
2018-10-11 07:52:57, 1.05e-12, 2.06e-10
2018-10-11 07:53:01, 9.81e-13, 2.05e-10
2018-10-11 07:53:06, 1.08e-12, 2.05e-10
2018-10-11 07:53:10, 1.01e-12, 2.05e-10
2018-10-11 07:53:14, 1.07e-12, 2.06e-10
2018-10-11 07:53:18, 1.04e-12, 2.05e-10
2018-10-11 07:53:23, 1.01e-12, 2.05e-10
2018-10-11 07:53:27, 1.07e-12, 2.06e-10
2018-10-11 07:53:31, 1.01e-12, 2.05e-10
2018-10-11 07:53:35, 1.08e-12, 2.06e-10
2018-10-11 07:53:39, 1.07e-12, 2.06e-10
2018-10-11 07:53:44, 1.06e-12, 2.06e-10
2018-10-11 07:53:48, 9.75e-13, 2.06e-10
2018-10-11 07:53:52, 1.02e-12, 2.06e-10
2018-10-11 07:53:56, 1.03e-12, 2.06e-10
2018-10-11 07:54:01, 1.08e-12, 2.06e-10
2018-10-11 07:54:05, 9.79e-13, 2.05e-10
2018-10-11 07:54:09, 1.04e-12, 2.05e-10
2018-10-11 07:54:13, 1.09e-12, 2.06e-10
2018-10-11 07:54:17, 1.06e-12, 2.06e-10
2018-10-11 07:54:22, 1.04e-12, 2.05e-10
2018-10-11 07:54:26, 1.12e-12, 2.05e-10
2018-10-11 07:54:30, 1.09e-12, 2.06e-10
2018-10-11 07:54:34, 1.05e-12, 2.05e-10
2018-10-11 07:54:39, 1.03e-12, 2.06e-10
2018-10-11 07:54:43, 1e-12, 2.06e-10
2018-10-11 07:54:47, 1.04e-12, 2.06e-10
2018-10-11 07:54:51, 1.18e-12, 2.06e-10
2018-10-11 07:54:55, 1.09e-12, 2.06e-10
2018-10-11 07:55:00, 1.08e-12, 2.06e-10
2018-10-11 07:55:04, 1.17e-12, 2.06e-10
2018-10-11 07:55:08, 1.11e-12, 2.06e-10
2018-10-11 07:55:12, 1.09e-12, 2.06e-10
2018-10-11 07:55:17, 1.09e-12, 2.06e-10
2018-10-11 07:55:21, 1.1e-12, 2.06e-10
2018-10-11 07:55:25, 1.04e-12, 2.05e-10
2018-10-11 07:55:29, 1.01e-12, 2.05e-10
2018-10-11 07:55:33, 1.07e-12, 2.06e-10
2018-10-11 07:55:38, 1.08e-12, 2.06e-10
2018-10-11 07:55:42, 1.14e-12, 2.06e-10
2018-10-11 07:55:46, 1.07e-12, 2.06e-10
2018-10-11 07:55:50, 1.08e-12, 2.06e-10
2018-10-11 07:55:54, 1.03e-12, 2.06e-10
2018-10-11 07:55:59, 1.05e-12, 2.06e-10
2018-10-11 07:56:03, 1.02e-12, 2.06e-10
2018-10-11 07:56:07, 1.06e-12, 2.06e-10
2018-10-11 07:56:11, 9.64e-13, 2.05e-10
2018-10-11 07:56:16, 9.91e-13, 2.05e-10
2018-10-11 07:56:20, 1.06e-12, 2.05e-10
2018-10-11 07:56:24, 1.07e-12, 2.05e-10
2018-10-11 07:56:28, 1.07e-12, 2.06e-10
2018-10-11 07:56:32, 1.04e-12, 2.06e-10
2018-10-11 07:56:37, 1.18e-12, 2.06e-10
2018-10-11 07:56:41, 1.09e-12, 2.06e-10
2018-10-11 07:56:45, 1.11e-12, 2.06e-10
2018-10-11 07:56:49, 1.04e-12, 2.06e-10
2018-10-11 07:56:54, 1.06e-12, 2.05e-10
2018-10-11 07:56:58, 1.09e-12, 2.06e-10
2018-10-11 07:57:02, 1.2e-12, 2.06e-10
2018-10-11 07:57:06, 1.02e-12, 2.06e-10
2018-10-11 07:57:10, 9.69e-13, 2.06e-10
2018-10-11 07:57:15, 9.76e-13, 2.06e-10
2018-10-11 07:57:19, 1.06e-12, 2.06e-10
2018-10-11 07:57:23, 1.08e-12, 2.06e-10
2018-10-11 07:57:27, 9.92e-13, 2.06e-10
2018-10-11 07:57:32, 1.13e-12, 2.06e-10
2018-10-11 07:57:36, 1.03e-12, 2.06e-10
2018-10-11 07:57:40, 1.07e-12, 2.06e-10
2018-10-11 07:57:44, 1.06e-12, 2.06e-10
2018-10-11 07:57:48, 1.06e-12, 2.06e-10
2018-10-11 07:57:53, 1.05e-12, 2.06e-10
2018-10-11 07:57:57, 1.06e-12, 2.06e-10
2018-10-11 07:58:01, 1.13e-12, 2.06e-10
2018-10-11 07:58:05, 1.05e-12, 2.06e-10
2018-10-11 07:58:10, 1.08e-12, 2.06e-10
2018-10-11 07:58:14, 1.07e-12, 2.06e-10
2018-10-11 07:58:18, 1.11e-12, 2.06e-10
2018-10-11 07:58:22, 1.03e-12, 2.06e-10
2018-10-11 07:58:26, 1.06e-12, 2.06e-10
2018-10-11 07:58:31, 1.05e-12, 2.05e-10
2018-10-11 07:58:35, 9.72e-13, 2.06e-10
2018-10-11 07:58:39, 1.1e-12, 2.06e-10
2018-10-11 07:58:43, 1.04e-12, 2.06e-10
2018-10-11 07:58:48, 1.05e-12, 2.06e-10
2018-10-11 07:58:52, 1.04e-12, 2.06e-10
2018-10-11 07:58:56, 1.04e-12, 2.06e-10
2018-10-11 07:59:00, 1.07e-12, 2.06e-10
2018-10-11 07:59:04, 1.08e-12, 2.06e-10
2018-10-11 07:59:09, 1.04e-12, 2.06e-10
2018-10-11 07:59:13, 1.07e-12, 2.06e-10
2018-10-11 07:59:17, 1.05e-12, 2.06e-10
2018-10-11 07:59:21, 1.05e-12, 2.06e-10
2018-10-11 07:59:26, 1.03e-12, 2.06e-10
2018-10-11 07:59:30, 1.05e-12, 2.06e-10
2018-10-11 07:59:34, 1.05e-12, 2.06e-10
2018-10-11 07:59:38, 1.09e-12, 2.06e-10
2018-10-11 07:59:42, 9.54e-13, 2.05e-10
2018-10-11 07:59:47, 1.07e-12, 2.06e-10
2018-10-11 07:59:51, 1.09e-12, 2.06e-10
2018-10-11 07:59:55, 1.1e-12, 2.05e-10
2018-10-11 07:59:59, 1.01e-12, 2.06e-10
2018-10-11 08:00:04, 1.05e-12, 2.06e-10
2018-10-11 08:00:08, 1.04e-12, 2.06e-10
2018-10-11 08:00:12, 1.11e-12, 2.06e-10
2018-10-11 08:00:16, 1.11e-12, 2.06e-10
2018-10-11 08:00:20, 1.04e-12, 2.05e-10
2018-10-11 08:00:25, 1.02e-12, 2.06e-10
2018-10-11 08:00:29, 1.08e-12, 2.05e-10
2018-10-11 08:00:33, 1.08e-12, 2.06e-10
2018-10-11 08:00:37, 1.07e-12, 2.05e-10
2018-10-11 08:00:42, 1.03e-12, 2.06e-10
2018-10-11 08:00:46, 1.12e-12, 2.06e-10
2018-10-11 08:00:50, 1.01e-12, 2.06e-10
2018-10-11 08:00:54, 1.05e-12, 2.05e-10
2018-10-11 08:00:58, 1.03e-12, 2.05e-10
2018-10-11 08:01:03, 1.04e-12, 2.05e-10
2018-10-11 08:01:07, 1.09e-12, 2.05e-10
2018-10-11 08:01:11, 1.07e-12, 2.05e-10
2018-10-11 08:01:15, 9.74e-13, 2.05e-10
2018-10-11 08:01:20, 1.01e-12, 2.06e-10
2018-10-11 08:01:24, 1.07e-12, 2.06e-10
2018-10-11 08:01:28, 1.07e-12, 2.06e-10
2018-10-11 08:01:32, 1.06e-12, 2.06e-10
2018-10-11 08:01:36, 1.06e-12, 2.06e-10
2018-10-11 08:01:41, 1.08e-12, 2.06e-10
2018-10-11 08:01:45, 1.13e-12, 2.05e-10
2018-10-11 08:01:49, 1.02e-12, 2.06e-10
2018-10-11 08:01:53, 1.09e-12, 2.06e-10
2018-10-11 08:01:58, 1.01e-12, 2.06e-10
2018-10-11 08:02:02, 1.1e-12, 2.05e-10
2018-10-11 08:02:06, 9.85e-13, 2.05e-10
2018-10-11 08:02:10, 1.06e-12, 2.05e-10
2018-10-11 08:02:14, 1.07e-12, 2.05e-10
2018-10-11 08:02:19, 1.09e-12, 2.05e-10
2018-10-11 08:02:23, 1.04e-12, 2.05e-10
2018-10-11 08:02:27, 1.05e-12, 2.05e-10
2018-10-11 08:02:31, 1.1e-12, 2.05e-10
2018-10-11 08:02:36, 1.1e-12, 2.05e-10
2018-10-11 08:02:40, 1.04e-12, 2.05e-10
2018-10-11 08:02:44, 1.06e-12, 2.05e-10
2018-10-11 08:02:48, 1.1e-12, 2.05e-10
2018-10-11 08:02:52, 1.06e-12, 2.06e-10
2018-10-11 08:02:57, 1.03e-12, 2.05e-10
2018-10-11 08:03:01, 1.03e-12, 2.05e-10
2018-10-11 08:03:05, 1.04e-12, 2.06e-10
2018-10-11 08:03:09, 1.04e-12, 2.06e-10
2018-10-11 08:03:14, 1.06e-12, 2.05e-10
2018-10-11 08:03:18, 1.05e-12, 2.05e-10
2018-10-11 08:03:22, 1.08e-12, 2.05e-10
2018-10-11 08:03:26, 1.04e-12, 2.05e-10
2018-10-11 08:03:30, 1e-12, 2.05e-10
2018-10-11 08:03:35, 1.15e-12, 2.05e-10
2018-10-11 08:03:39, 1.01e-12, 2.05e-10
2018-10-11 08:03:43, 1.09e-12, 2.05e-10
2018-10-11 08:03:47, 1.09e-12, 2.05e-10
2018-10-11 08:03:51, 1.12e-12, 2.05e-10
2018-10-11 08:03:56, 1.06e-12, 2.05e-10
2018-10-11 08:04:00, 1.07e-12, 2.05e-10
2018-10-11 08:04:04, 1.02e-12, 2.05e-10
2018-10-11 08:04:08, 1.04e-12, 2.05e-10
2018-10-11 08:04:13, 1.03e-12, 2.05e-10
2018-10-11 08:04:17, 1.11e-12, 2.05e-10
2018-10-11 08:04:21, 1.06e-12, 2.05e-10
2018-10-11 08:04:25, 1.04e-12, 2.05e-10
2018-10-11 08:04:29, 1.08e-12, 2.05e-10
2018-10-11 08:04:34, 1.08e-12, 2.05e-10
2018-10-11 08:04:38, 1.06e-12, 2.05e-10
2018-10-11 08:04:42, 1.1e-12, 2.05e-10
2018-10-11 08:04:46, 1.03e-12, 2.05e-10
2018-10-11 08:04:51, 1.06e-12, 2.05e-10
2018-10-11 08:04:55, 1.05e-12, 2.05e-10
2018-10-11 08:04:59, 1.09e-12, 2.05e-10
2018-10-11 08:05:03, 1.06e-12, 2.05e-10
2018-10-11 08:05:07, 1.05e-12, 2.05e-10
2018-10-11 08:05:12, 1.04e-12, 2.05e-10
2018-10-11 08:05:16, 1.08e-12, 2.05e-10
2018-10-11 08:05:20, 1.07e-12, 2.05e-10
2018-10-11 08:05:24, 1.03e-12, 2.05e-10
2018-10-11 08:05:29, 1.12e-12, 2.05e-10
2018-10-11 08:05:33, 1.03e-12, 2.05e-10
2018-10-11 08:05:37, 1.11e-12, 2.05e-10
2018-10-11 08:05:41, 1.07e-12, 2.05e-10
2018-10-11 08:05:46, 1.08e-12, 2.05e-10
2018-10-11 08:05:50, 1e-12, 2.05e-10
2018-10-11 08:05:54, 1.06e-12, 2.05e-10
2018-10-11 08:05:58, 1.09e-12, 2.05e-10
2018-10-11 08:06:02, 1.08e-12, 2.05e-10
2018-10-11 08:06:07, 1.05e-12, 2.04e-10
2018-10-11 08:06:11, 1.03e-12, 2.04e-10
2018-10-11 08:06:15, 1.08e-12, 2.05e-10
2018-10-11 08:06:19, 1.02e-12, 2.05e-10
2018-10-11 08:06:23, 1.1e-12, 2.05e-10
2018-10-11 08:06:28, 1.08e-12, 2.05e-10
2018-10-11 08:06:32, 9.81e-13, 2.05e-10
2018-10-11 08:06:36, 1.07e-12, 2.05e-10
2018-10-11 08:06:40, 1e-12, 2.05e-10
2018-10-11 08:06:45, 9.97e-13, 2.05e-10
2018-10-11 08:06:49, 1.07e-12, 2.05e-10
2018-10-11 08:06:53, 9.81e-13, 2.05e-10
2018-10-11 08:06:57, 9.49e-13, 2.05e-10
2018-10-11 08:07:01, 1.05e-12, 2.05e-10
2018-10-11 08:07:06, 1.19e-12, 2.05e-10
2018-10-11 08:07:10, 1.04e-12, 2.05e-10
2018-10-11 08:07:14, 1.05e-12, 2.05e-10
2018-10-11 08:07:18, 1.02e-12, 2.05e-10
2018-10-11 08:07:23, 9.94e-13, 2.05e-10
2018-10-11 08:07:27, 1.03e-12, 2.05e-10
2018-10-11 08:07:31, 1e-12, 2.05e-10
2018-10-11 08:07:35, 1.03e-12, 2.05e-10
2018-10-11 08:07:39, 1.17e-12, 2.05e-10
2018-10-11 08:07:44, 9.65e-13, 2.05e-10
2018-10-11 08:07:48, 1.08e-12, 2.05e-10
2018-10-11 08:07:52, 9.7e-13, 2.05e-10
2018-10-11 08:07:56, 9.89e-13, 2.05e-10
2018-10-11 08:08:01, 1.12e-12, 2.05e-10
2018-10-11 08:08:05, 1.08e-12, 2.05e-10
2018-10-11 08:08:09, 1.03e-12, 2.05e-10
2018-10-11 08:08:13, 1.01e-12, 2.05e-10
2018-10-11 08:08:17, 1.09e-12, 2.05e-10
2018-10-11 08:08:22, 1.04e-12, 2.04e-10
2018-10-11 08:08:26, 1.04e-12, 2.05e-10
2018-10-11 08:08:30, 1.04e-12, 2.05e-10
2018-10-11 08:08:34, 1.16e-12, 2.05e-10
2018-10-11 08:08:39, 1.06e-12, 2.04e-10
2018-10-11 08:08:43, 1.01e-12, 2.05e-10
2018-10-11 08:08:47, 1.03e-12, 2.05e-10
2018-10-11 08:08:51, 1.05e-12, 2.05e-10
2018-10-11 08:08:55, 1.2e-12, 2.05e-10
2018-10-11 08:09:00, 1.08e-12, 2.05e-10
2018-10-11 08:09:04, 1.07e-12, 2.05e-10
2018-10-11 08:09:08, 9.81e-13, 2.05e-10
2018-10-11 08:09:12, 1.04e-12, 2.05e-10
2018-10-11 08:09:17, 9.99e-13, 2.04e-10
2018-10-11 08:09:21, 1.06e-12, 2.04e-10
2018-10-11 08:09:25, 9.52e-13, 2.05e-10
2018-10-11 08:09:29, 1.12e-12, 2.05e-10
2018-10-11 08:09:33, 1.09e-12, 2.05e-10
2018-10-11 08:09:38, 9.57e-13, 2.05e-10
2018-10-11 08:09:42, 1.1e-12, 2.04e-10
2018-10-11 08:09:46, 1.01e-12, 2.05e-10
2018-10-11 08:09:50, 1.07e-12, 2.05e-10
2018-10-11 08:09:55, 1.05e-12, 2.05e-10
2018-10-11 08:09:59, 1.18e-12, 2.05e-10
2018-10-11 08:10:03, 1.11e-12, 2.05e-10
2018-10-11 08:10:07, 1.1e-12, 2.04e-10
2018-10-11 08:10:11, 1.03e-12, 2.05e-10
2018-10-11 08:10:16, 1.08e-12, 2.05e-10
2018-10-11 08:10:20, 1.06e-12, 2.05e-10
2018-10-11 08:10:24, 1.06e-12, 2.05e-10
2018-10-11 08:10:28, 1.06e-12, 2.05e-10
2018-10-11 08:10:33, 9.46e-13, 2.05e-10
2018-10-11 08:10:37, 1.03e-12, 2.05e-10
2018-10-11 08:10:41, 1.09e-12, 2.05e-10
2018-10-11 08:10:45, 1.09e-12, 2.04e-10
2018-10-11 08:10:49, 1.05e-12, 2.05e-10
2018-10-11 08:10:54, 9.71e-13, 2.05e-10
2018-10-11 08:10:58, 1.03e-12, 2.05e-10
2018-10-11 08:11:02, 1.09e-12, 2.05e-10
2018-10-11 08:11:06, 1.17e-12, 2.05e-10
2018-10-11 08:11:11, 1.06e-12, 2.05e-10
2018-10-11 08:11:15, 1.02e-12, 2.04e-10
2018-10-11 08:11:19, 1.04e-12, 2.04e-10
2018-10-11 08:11:23, 1.09e-12, 2.05e-10
2018-10-11 08:11:27, 1.08e-12, 2.05e-10
2018-10-11 08:11:32, 1.12e-12, 2.05e-10
2018-10-11 08:11:36, 1.03e-12, 2.04e-10
2018-10-11 08:11:40, 1.08e-12, 2.05e-10
2018-10-11 08:11:44, 1.08e-12, 2.04e-10
2018-10-11 08:11:49, 1.04e-12, 2.04e-10
2018-10-11 08:11:53, 1.07e-12, 2.05e-10
2018-10-11 08:11:57, 1.07e-12, 2.05e-10
2018-10-11 08:12:01, 1.05e-12, 2.04e-10
2018-10-11 08:12:05, 1.04e-12, 2.04e-10
2018-10-11 08:12:10, 1.04e-12, 2.05e-10
2018-10-11 08:12:14, 1e-12, 2.05e-10
2018-10-11 08:12:18, 1.09e-12, 2.04e-10
2018-10-11 08:12:22, 1.02e-12, 2.04e-10
2018-10-11 08:12:26, 1.06e-12, 2.05e-10
2018-10-11 08:12:31, 1.06e-12, 2.05e-10
2018-10-11 08:12:35, 1.02e-12, 2.05e-10
2018-10-11 08:12:39, 1.03e-12, 2.05e-10
2018-10-11 08:12:43, 1.03e-12, 2.05e-10
2018-10-11 08:12:48, 1.04e-12, 2.05e-10
2018-10-11 08:12:52, 1.1e-12, 2.05e-10
2018-10-11 08:12:56, 1.08e-12, 2.05e-10
2018-10-11 08:13:00, 1.03e-12, 2.05e-10
2018-10-11 08:13:05, 1.03e-12, 2.05e-10
2018-10-11 08:13:09, 1.04e-12, 2.05e-10
2018-10-11 08:13:13, 1.08e-12, 2.05e-10
2018-10-11 08:13:17, 1.12e-12, 2.05e-10
2018-10-11 08:13:21, 1.09e-12, 2.05e-10
2018-10-11 08:13:26, 1.07e-12, 2.04e-10
2018-10-11 08:13:30, 1.04e-12, 2.05e-10
2018-10-11 08:13:34, 1.02e-12, 2.05e-10
2018-10-11 08:13:38, 1.05e-12, 2.05e-10
2018-10-11 08:13:43, 1.04e-12, 2.05e-10
2018-10-11 08:13:47, 1.03e-12, 2.05e-10
2018-10-11 08:13:51, 1.09e-12, 2.05e-10
2018-10-11 08:13:55, 1.07e-12, 2.05e-10
2018-10-11 08:13:59, 1.04e-12, 2.04e-10
2018-10-11 08:14:04, 1.06e-12, 2.04e-10
2018-10-11 08:14:08, 1.09e-12, 2.05e-10
2018-10-11 08:14:12, 1.09e-12, 2.04e-10
2018-10-11 08:14:16, 1.11e-12, 2.05e-10
2018-10-11 08:14:21, 1.08e-12, 2.05e-10
2018-10-11 08:14:25, 1.04e-12, 2.05e-10
2018-10-11 08:14:29, 9.98e-13, 2.05e-10
2018-10-11 08:14:33, 1.06e-12, 2.04e-10
2018-10-11 08:14:37, 1.06e-12, 2.04e-10
2018-10-11 08:14:42, 1.05e-12, 2.05e-10
2018-10-11 08:14:46, 1.05e-12, 2.05e-10
2018-10-11 08:14:50, 1.01e-12, 2.04e-10
2018-10-11 08:14:54, 1.02e-12, 2.04e-10
2018-10-11 08:14:59, 1.09e-12, 2.05e-10
2018-10-11 08:15:03, 1.06e-12, 2.04e-10
2018-10-11 08:15:07, 1.07e-12, 2.05e-10
2018-10-11 08:15:11, 1.1e-12, 2.05e-10
2018-10-11 08:15:15, 1.09e-12, 2.05e-10
2018-10-11 08:15:20, 1.07e-12, 2.05e-10
2018-10-11 08:15:24, 1.14e-12, 2.04e-10
2018-10-11 08:15:28, 1.1e-12, 2.04e-10
2018-10-11 08:15:32, 1.05e-12, 2.05e-10
2018-10-11 08:15:37, 1.01e-12, 2.04e-10
2018-10-11 08:15:41, 1.04e-12, 2.04e-10
2018-10-11 08:15:45, 1.07e-12, 2.05e-10
2018-10-11 08:15:49, 1.06e-12, 2.04e-10
2018-10-11 08:15:53, 1.03e-12, 2.04e-10
2018-10-11 08:15:58, 1.1e-12, 2.04e-10
2018-10-11 08:16:02, 1.02e-12, 2.05e-10
2018-10-11 08:16:06, 1.07e-12, 2.04e-10
2018-10-11 08:16:10, 1.08e-12, 2.05e-10
2018-10-11 08:16:15, 1.03e-12, 2.04e-10
2018-10-11 08:16:19, 1.12e-12, 2.04e-10
2018-10-11 08:16:23, 1.07e-12, 2.04e-10
2018-10-11 08:16:27, 1.06e-12, 2.05e-10
2018-10-11 08:16:31, 9.87e-13, 2.04e-10
2018-10-11 08:16:36, 1.05e-12, 2.04e-10
2018-10-11 08:16:40, 1.04e-12, 2.04e-10
2018-10-11 08:16:44, 1.04e-12, 2.04e-10
2018-10-11 08:16:48, 1.06e-12, 2.04e-10
2018-10-11 08:16:52, 1.03e-12, 2.05e-10
2018-10-11 08:16:57, 1.09e-12, 2.04e-10
2018-10-11 08:17:01, 1.2e-12, 2.04e-10
2018-10-11 08:17:05, 1.15e-12, 2.05e-10
2018-10-11 08:17:09, 1.06e-12, 2.04e-10
2018-10-11 08:17:14, 1.13e-12, 2.05e-10
2018-10-11 08:17:18, 1.04e-12, 2.05e-10
2018-10-11 08:17:22, 1.06e-12, 2.05e-10
2018-10-11 08:17:26, 1.02e-12, 2.05e-10
2018-10-11 08:17:30, 9.81e-13, 2.04e-10
2018-10-11 08:17:35, 1e-12, 2.05e-10
2018-10-11 08:17:39, 1.06e-12, 2.05e-10
2018-10-11 08:17:43, 1.03e-12, 2.05e-10
2018-10-11 08:17:47, 1.02e-12, 2.04e-10
2018-10-11 08:17:52, 1.06e-12, 2.05e-10
2018-10-11 08:17:56, 1.01e-12, 2.04e-10
2018-10-11 08:18:00, 1.07e-12, 2.05e-10
2018-10-11 08:18:04, 1.02e-12, 2.05e-10
2018-10-11 08:18:08, 1.06e-12, 2.05e-10
2018-10-11 08:18:13, 9.77e-13, 2.05e-10
2018-10-11 08:18:17, 1.03e-12, 2.05e-10
2018-10-11 08:18:21, 1.11e-12, 2.04e-10
2018-10-11 08:18:25, 1.06e-12, 2.04e-10
2018-10-11 08:18:30, 1.08e-12, 2.04e-10
2018-10-11 08:18:34, 1.06e-12, 2.05e-10
2018-10-11 08:18:38, 1.05e-12, 2.05e-10
2018-10-11 08:18:42, 1.06e-12, 2.05e-10
2018-10-11 08:18:46, 1.07e-12, 2.05e-10
2018-10-11 08:18:51, 9.57e-13, 2.04e-10
2018-10-11 08:18:55, 1.07e-12, 2.04e-10
2018-10-11 08:18:59, 1.06e-12, 2.05e-10
2018-10-11 08:19:03, 1.1e-12, 2.05e-10
2018-10-11 08:19:08, 1.03e-12, 2.05e-10
2018-10-11 08:19:12, 1.04e-12, 2.04e-10
2018-10-11 08:19:16, 1.05e-12, 2.04e-10
2018-10-11 08:19:20, 1.11e-12, 2.04e-10
2018-10-11 08:19:24, 1.14e-12, 2.04e-10
2018-10-11 08:19:29, 1.03e-12, 2.05e-10
2018-10-11 08:19:33, 1.06e-12, 2.04e-10
2018-10-11 08:19:37, 1.07e-12, 2.04e-10
2018-10-11 08:19:41, 1.09e-12, 2.05e-10
2018-10-11 08:19:46, 1.08e-12, 2.05e-10
2018-10-11 08:19:50, 1.11e-12, 2.04e-10
2018-10-11 08:19:54, 1.06e-12, 2.04e-10
2018-10-11 08:19:58, 1.1e-12, 2.05e-10
2018-10-11 08:20:02, 9.78e-13, 2.04e-10
2018-10-11 08:20:07, 1.08e-12, 2.04e-10
2018-10-11 08:20:11, 1.06e-12, 2.05e-10
2018-10-11 08:20:15, 1.07e-12, 2.04e-10
2018-10-11 08:20:19, 1.03e-12, 2.04e-10
2018-10-11 08:20:24, 1.19e-12, 2.04e-10
2018-10-11 08:20:28, 1.04e-12, 2.04e-10
2018-10-11 08:20:32, 1.04e-12, 2.04e-10
2018-10-11 08:20:36, 1.08e-12, 2.05e-10
2018-10-11 08:20:40, 1.03e-12, 2.05e-10
2018-10-11 08:20:45, 1.08e-12, 2.04e-10
2018-10-11 08:20:49, 1.08e-12, 2.04e-10
2018-10-11 08:20:53, 1.1e-12, 2.04e-10
2018-10-11 08:20:57, 1.04e-12, 2.04e-10
2018-10-11 08:21:02, 1.01e-12, 2.04e-10
2018-10-11 08:21:06, 8.96e-13, 2.05e-10
2018-10-11 08:21:10, 1.08e-12, 2.05e-10
2018-10-11 08:21:14, 1.05e-12, 2.05e-10
2018-10-11 08:21:18, 1.05e-12, 2.04e-10
2018-10-11 08:21:23, 1.07e-12, 2.05e-10
2018-10-11 08:21:27, 1.09e-12, 2.05e-10
2018-10-11 08:21:31, 1.07e-12, 2.04e-10
2018-10-11 08:21:35, 1.07e-12, 2.05e-10
2018-10-11 08:21:40, 1.03e-12, 2.05e-10
2018-10-11 08:21:44, 1.05e-12, 2.04e-10
2018-10-11 08:21:48, 1.11e-12, 2.04e-10
2018-10-11 08:21:52, 1.1e-12, 2.04e-10
2018-10-11 08:21:56, 1.09e-12, 2.05e-10
2018-10-11 08:22:01, 1.05e-12, 2.04e-10
2018-10-11 08:22:05, 1.07e-12, 2.04e-10
2018-10-11 08:22:09, 1.06e-12, 2.04e-10
2018-10-11 08:22:13, 1.06e-12, 2.04e-10
2018-10-11 08:22:18, 1.05e-12, 2.04e-10
2018-10-11 08:22:22, 1.12e-12, 2.04e-10
2018-10-11 08:22:26, 1.01e-12, 2.04e-10
2018-10-11 08:22:30, 1.03e-12, 2.04e-10
2018-10-11 08:22:34, 1.05e-12, 2.04e-10
2018-10-11 08:22:39, 1.02e-12, 2.04e-10
2018-10-11 08:22:43, 1.05e-12, 2.04e-10
2018-10-11 08:22:47, 1.1e-12, 2.04e-10
2018-10-11 08:22:51, 1.07e-12, 2.04e-10
2018-10-11 08:22:56, 1.07e-12, 2.04e-10
2018-10-11 08:23:00, 1.06e-12, 2.04e-10
2018-10-11 08:23:04, 1.04e-12, 2.04e-10
2018-10-11 08:23:08, 1.03e-12, 2.04e-10
2018-10-11 08:23:12, 1.15e-12, 2.05e-10
2018-10-11 08:23:17, 9.75e-13, 2.04e-10
2018-10-11 08:23:21, 1.03e-12, 2.04e-10
2018-10-11 08:23:25, 1.1e-12, 2.04e-10
2018-10-11 08:23:29, 9.92e-13, 2.04e-10
2018-10-11 08:23:34, 1.1e-12, 2.04e-10
2018-10-11 08:23:38, 9.98e-13, 2.04e-10
2018-10-11 08:23:42, 1.04e-12, 2.04e-10
2018-10-11 08:23:46, 1.06e-12, 2.04e-10
2018-10-11 08:23:50, 1.08e-12, 2.04e-10
2018-10-11 08:23:55, 1.09e-12, 2.04e-10
2018-10-11 08:23:59, 1.05e-12, 2.04e-10
2018-10-11 08:24:03, 1.01e-12, 2.04e-10
2018-10-11 08:24:07, 1.07e-12, 2.04e-10
2018-10-11 08:24:12, 1.03e-12, 2.04e-10
2018-10-11 08:24:16, 1.03e-12, 2.04e-10
2018-10-11 08:24:20, 1.09e-12, 2.04e-10
2018-10-11 08:24:24, 1.08e-12, 2.04e-10
2018-10-11 08:24:28, 1.1e-12, 2.04e-10
2018-10-11 08:24:33, 1.02e-12, 2.04e-10
2018-10-11 08:24:37, 1.08e-12, 2.04e-10
2018-10-11 08:24:41, 1.08e-12, 2.04e-10
2018-10-11 08:24:45, 1.07e-12, 2.04e-10
2018-10-11 08:24:50, 1.06e-12, 2.04e-10
2018-10-11 08:24:54, 1.05e-12, 2.04e-10
2018-10-11 08:24:58, 1.16e-12, 2.04e-10
2018-10-11 08:25:02, 1.09e-12, 2.04e-10
2018-10-11 08:25:06, 1.1e-12, 2.04e-10
2018-10-11 08:25:11, 1.04e-12, 2.04e-10
2018-10-11 08:25:15, 1.07e-12, 2.04e-10
2018-10-11 08:25:19, 1.06e-12, 2.04e-10
2018-10-11 08:25:23, 1.04e-12, 2.04e-10
2018-10-11 08:25:28, 1.14e-12, 2.04e-10
2018-10-11 08:25:32, 1.04e-12, 2.04e-10
2018-10-11 08:25:36, 1.06e-12, 2.04e-10
2018-10-11 08:25:40, 1.2e-12, 2.04e-10
2018-10-11 08:25:44, 1.01e-12, 2.04e-10
2018-10-11 08:25:49, 1.03e-12, 2.04e-10
2018-10-11 08:25:53, 1.09e-12, 2.04e-10
2018-10-11 08:25:57, 1.05e-12, 2.05e-10
2018-10-11 08:26:01, 1.03e-12, 2.04e-10
2018-10-11 08:26:06, 9.77e-13, 2.05e-10
2018-10-11 08:26:10, 1.03e-12, 2.04e-10
2018-10-11 08:26:14, 1.05e-12, 2.04e-10
2018-10-11 08:26:18, 1.02e-12, 2.04e-10
2018-10-11 08:26:22, 1.11e-12, 2.04e-10
2018-10-11 08:26:27, 1.02e-12, 2.04e-10
2018-10-11 08:26:31, 1.07e-12, 2.04e-10
2018-10-11 08:26:35, 1.11e-12, 2.04e-10
2018-10-11 08:26:39, 9.78e-13, 2.05e-10
2018-10-11 08:26:44, 1.11e-12, 2.04e-10
2018-10-11 08:26:48, 9.99e-13, 2.05e-10
2018-10-11 08:26:52, 1.09e-12, 2.04e-10
2018-10-11 08:26:56, 1.04e-12, 2.04e-10
2018-10-11 08:27:00, 1.09e-12, 2.04e-10
2018-10-11 08:27:05, 1.04e-12, 2.04e-10
2018-10-11 08:27:09, 1.04e-12, 2.04e-10
2018-10-11 08:27:13, 1.1e-12, 2.05e-10
2018-10-11 08:27:17, 1.08e-12, 2.05e-10
2018-10-11 08:27:22, 1.09e-12, 2.04e-10
2018-10-11 08:27:26, 9.65e-13, 2.04e-10
2018-10-11 08:27:30, 1.09e-12, 2.04e-10
2018-10-11 08:27:34, 1.11e-12, 2.05e-10
2018-10-11 08:27:38, 9.21e-13, 2.05e-10
2018-10-11 08:27:43, 1.01e-12, 2.04e-10
2018-10-11 08:27:47, 1.06e-12, 2.05e-10
2018-10-11 08:27:51, 1.07e-12, 2.05e-10
2018-10-11 08:27:55, 1.02e-12, 2.05e-10
2018-10-11 08:28:00, 1.01e-12, 2.05e-10
2018-10-11 08:28:04, 1.02e-12, 2.05e-10
2018-10-11 08:28:08, 1.09e-12, 2.05e-10
2018-10-11 08:28:12, 1.05e-12, 2.05e-10
2018-10-11 08:28:16, 1.05e-12, 2.04e-10
2018-10-11 08:28:21, 9.88e-13, 2.05e-10
2018-10-11 08:28:25, 1.08e-12, 2.05e-10
2018-10-11 08:28:29, 1.1e-12, 2.05e-10
2018-10-11 08:28:33, 1.09e-12, 2.04e-10
2018-10-11 08:28:37, 1.08e-12, 2.05e-10
2018-10-11 08:28:42, 1.08e-12, 2.04e-10
2018-10-11 08:28:46, 1.01e-12, 2.04e-10
2018-10-11 08:28:50, 1.09e-12, 2.05e-10
2018-10-11 08:28:54, 1.07e-12, 2.05e-10
2018-10-11 08:28:59, 1.07e-12, 2.05e-10
2018-10-11 08:29:03, 1.11e-12, 2.05e-10
2018-10-11 08:29:07, 1.02e-12, 2.05e-10
2018-10-11 08:29:11, 1.12e-12, 2.05e-10
2018-10-11 08:29:15, 1.09e-12, 2.04e-10
2018-10-11 08:29:20, 1.06e-12, 2.05e-10
2018-10-11 08:29:24, 1.11e-12, 2.05e-10
2018-10-11 08:29:28, 1.04e-12, 2.05e-10
2018-10-11 08:29:32, 1.11e-12, 2.05e-10
2018-10-11 08:29:37, 1.05e-12, 2.05e-10
2018-10-11 08:29:41, 1.07e-12, 2.05e-10
2018-10-11 08:29:45, 1.01e-12, 2.05e-10
2018-10-11 08:29:49, 1.04e-12, 2.05e-10
2018-10-11 08:29:53, 1e-12, 2.04e-10
2018-10-11 08:29:58, 1.03e-12, 2.04e-10
2018-10-11 08:30:02, 1.1e-12, 2.04e-10
2018-10-11 08:30:06, 1.14e-12, 2.05e-10
2018-10-11 08:30:10, 1.06e-12, 2.04e-10
2018-10-11 08:30:15, 1.04e-12, 2.05e-10
2018-10-11 08:30:19, 1.11e-12, 2.05e-10
2018-10-11 08:30:23, 1.13e-12, 2.05e-10
2018-10-11 08:30:27, 1.02e-12, 2.05e-10
2018-10-11 08:30:31, 1.06e-12, 2.05e-10
2018-10-11 08:30:36, 1.08e-12, 2.05e-10
2018-10-11 08:30:40, 1.08e-12, 2.05e-10
2018-10-11 08:30:44, 1.05e-12, 2.05e-10
2018-10-11 08:30:48, 1.02e-12, 2.05e-10
2018-10-11 08:30:53, 1.04e-12, 2.05e-10
2018-10-11 08:30:57, 1.05e-12, 2.06e-10
2018-10-11 08:31:01, 1.08e-12, 2.05e-10
2018-10-11 08:31:05, 1.07e-12, 2.05e-10
2018-10-11 08:31:09, 1.07e-12, 2.05e-10
2018-10-11 08:31:14, 1.06e-12, 2.05e-10
2018-10-11 08:31:18, 1.04e-12, 2.05e-10
2018-10-11 08:31:22, 1.07e-12, 2.05e-10
2018-10-11 08:31:26, 1.08e-12, 2.05e-10
2018-10-11 08:31:31, 1.1e-12, 2.05e-10
2018-10-11 08:31:35, 1.08e-12, 2.05e-10
2018-10-11 08:31:39, 1.04e-12, 2.05e-10
2018-10-11 08:31:43, 1.08e-12, 2.05e-10
2018-10-11 08:31:47, 1.02e-12, 2.05e-10
2018-10-11 08:31:52, 1.07e-12, 2.05e-10
2018-10-11 08:31:56, 1e-12, 2.05e-10
2018-10-11 08:32:00, 1.08e-12, 2.05e-10
2018-10-11 08:32:04, 1.02e-12, 2.05e-10
2018-10-11 08:32:09, 1.15e-12, 2.05e-10
2018-10-11 08:32:13, 1.11e-12, 2.05e-10
2018-10-11 08:32:17, 1.02e-12, 2.05e-10
2018-10-11 08:32:21, 1.03e-12, 2.05e-10
2018-10-11 08:32:25, 1.07e-12, 2.05e-10
2018-10-11 08:32:30, 1e-12, 2.05e-10
2018-10-11 08:32:34, 1.1e-12, 2.05e-10
2018-10-11 08:32:38, 1.03e-12, 2.05e-10
2018-10-11 08:32:42, 1.11e-12, 2.05e-10
2018-10-11 08:32:47, 1.09e-12, 2.05e-10
2018-10-11 08:32:51, 1.03e-12, 2.05e-10
2018-10-11 08:32:55, 1.03e-12, 2.05e-10
2018-10-11 08:32:59, 1.01e-12, 2.06e-10
2018-10-11 08:33:03, 9.91e-13, 2.05e-10
2018-10-11 08:33:08, 1.04e-12, 2.05e-10
2018-10-11 08:33:12, 1.06e-12, 2.05e-10
2018-10-11 08:33:16, 1.03e-12, 2.05e-10
2018-10-11 08:33:20, 1.05e-12, 2.05e-10
2018-10-11 08:33:25, 1.1e-12, 2.05e-10
2018-10-11 08:33:29, 1.09e-12, 2.05e-10
2018-10-11 08:33:33, 1.08e-12, 2.05e-10
2018-10-11 08:33:37, 1.08e-12, 2.05e-10
2018-10-11 08:33:41, 1.1e-12, 2.05e-10
2018-10-11 08:33:46, 9.69e-13, 2.05e-10
2018-10-11 08:33:50, 9.97e-13, 2.05e-10
2018-10-11 08:33:54, 1.05e-12, 2.05e-10
2018-10-11 08:33:58, 1.06e-12, 2.05e-10
2018-10-11 08:34:03, 1.04e-12, 2.05e-10
2018-10-11 08:34:07, 1.05e-12, 2.05e-10
2018-10-11 08:34:11, 9.22e-13, 2.05e-10
2018-10-11 08:34:15, 1.05e-12, 2.05e-10
2018-10-11 08:34:19, 1.17e-12, 2.05e-10
2018-10-11 08:34:24, 9.78e-13, 2.05e-10
2018-10-11 08:34:28, 1.04e-12, 2.05e-10
2018-10-11 08:34:32, 1.02e-12, 2.05e-10
2018-10-11 08:34:36, 1.02e-12, 2.05e-10
2018-10-11 08:34:40, 1.17e-12, 2.05e-10
2018-10-11 08:34:45, 1.11e-12, 2.05e-10
2018-10-11 08:34:49, 1.02e-12, 2.05e-10
2018-10-11 08:34:53, 1.04e-12, 2.05e-10
2018-10-11 08:34:57, 1.06e-12, 2.06e-10
2018-10-11 08:35:02, 1.04e-12, 2.06e-10
2018-10-11 08:35:06, 1e-12, 2.05e-10
2018-10-11 08:35:10, 1.07e-12, 2.05e-10
2018-10-11 08:35:14, 1.04e-12, 2.05e-10
2018-10-11 08:35:18, 1.08e-12, 2.05e-10
2018-10-11 08:35:23, 1.02e-12, 2.06e-10
2018-10-11 08:35:27, 1.02e-12, 2.06e-10
2018-10-11 08:35:31, 1.07e-12, 2.05e-10
2018-10-11 08:35:35, 1.03e-12, 2.05e-10
2018-10-11 08:35:40, 1.02e-12, 2.05e-10
2018-10-11 08:35:44, 1e-12, 2.05e-10
2018-10-11 08:35:48, 1.03e-12, 2.05e-10
2018-10-11 08:35:52, 1.02e-12, 2.05e-10
2018-10-11 08:35:56, 9.81e-13, 2.06e-10
2018-10-11 08:36:01, 1.11e-12, 2.06e-10
2018-10-11 08:36:05, 1.06e-12, 2.05e-10
2018-10-11 08:36:09, 1.11e-12, 2.05e-10
2018-10-11 08:36:13, 1.07e-12, 2.05e-10
2018-10-11 08:36:18, 1.05e-12, 2.05e-10
2018-10-11 08:36:22, 1.11e-12, 2.06e-10
2018-10-11 08:36:26, 9.93e-13, 2.05e-10
2018-10-11 08:36:30, 1.05e-12, 2.05e-10
2018-10-11 08:36:34, 1.07e-12, 2.05e-10
2018-10-11 08:36:39, 1.14e-12, 2.05e-10
2018-10-11 08:36:43, 1.06e-12, 2.05e-10
2018-10-11 08:36:47, 1.02e-12, 2.05e-10
2018-10-11 08:36:51, 1.15e-12, 2.05e-10
2018-10-11 08:36:56, 1.02e-12, 2.05e-10
2018-10-11 08:37:00, 1.09e-12, 2.05e-10
2018-10-11 08:37:04, 1.04e-12, 2.05e-10
2018-10-11 08:37:08, 1.03e-12, 2.05e-10
2018-10-11 08:37:12, 1.03e-12, 2.05e-10
2018-10-11 08:37:17, 1.09e-12, 2.05e-10
2018-10-11 08:37:21, 1.05e-12, 2.05e-10
2018-10-11 08:37:25, 1.06e-12, 2.05e-10
2018-10-11 08:37:29, 1.03e-12, 2.05e-10
2018-10-11 08:37:34, 1.07e-12, 2.05e-10
2018-10-11 08:37:38, 1.09e-12, 2.05e-10
2018-10-11 08:37:42, 1.09e-12, 2.05e-10
2018-10-11 08:37:46, 1.01e-12, 2.05e-10
2018-10-11 08:37:50, 1.03e-12, 2.05e-10
2018-10-11 08:37:55, 1.12e-12, 2.05e-10
2018-10-11 08:37:59, 9.94e-13, 2.05e-10
2018-10-11 08:38:03, 9.8e-13, 2.05e-10
2018-10-11 08:38:07, 1.12e-12, 2.06e-10
2018-10-11 08:38:12, 1.1e-12, 2.05e-10
2018-10-11 08:38:16, 1.09e-12, 2.05e-10
2018-10-11 08:38:20, 1.06e-12, 2.05e-10
2018-10-11 08:38:24, 1.07e-12, 2.05e-10
2018-10-11 08:38:28, 1.11e-12, 2.05e-10
2018-10-11 08:38:33, 1.04e-12, 2.05e-10
2018-10-11 08:38:37, 1.17e-12, 2.05e-10
2018-10-11 08:38:41, 1.06e-12, 2.06e-10
2018-10-11 08:38:45, 1.04e-12, 2.05e-10
2018-10-11 08:38:50, 1.09e-12, 2.05e-10
2018-10-11 08:38:54, 1.04e-12, 2.05e-10
2018-10-11 08:38:58, 1.14e-12, 2.05e-10
2018-10-11 08:39:02, 9.92e-13, 2.05e-10
2018-10-11 08:39:06, 1.07e-12, 2.05e-10
2018-10-11 08:39:11, 1.03e-12, 2.05e-10
2018-10-11 08:39:15, 1.1e-12, 2.05e-10
2018-10-11 08:39:19, 1.08e-12, 2.05e-10
2018-10-11 08:39:23, 1.04e-12, 2.06e-10
2018-10-11 08:39:28, 1.02e-12, 2.05e-10
2018-10-11 08:39:32, 1.08e-12, 2.05e-10
2018-10-11 08:39:36, 1.1e-12, 2.05e-10
2018-10-11 08:39:40, 1.03e-12, 2.05e-10
2018-10-11 08:39:44, 1.07e-12, 2.05e-10
2018-10-11 08:39:49, 1.01e-12, 2.05e-10
2018-10-11 08:39:53, 1.02e-12, 2.05e-10
2018-10-11 08:39:57, 1.14e-12, 2.05e-10
2018-10-11 08:40:01, 1.12e-12, 2.05e-10
2018-10-11 08:40:06, 1.03e-12, 2.05e-10
2018-10-11 08:40:10, 1.03e-12, 2.05e-10
2018-10-11 08:40:14, 1.02e-12, 2.06e-10
2018-10-11 08:40:18, 1.14e-12, 2.06e-10
2018-10-11 08:40:22, 1.12e-12, 2.05e-10
2018-10-11 08:40:27, 1.08e-12, 2.05e-10
2018-10-11 08:40:31, 1.12e-12, 2.05e-10
2018-10-11 08:40:35, 1.11e-12, 2.06e-10
2018-10-11 08:40:39, 1.11e-12, 2.05e-10
2018-10-11 08:40:44, 1.06e-12, 2.05e-10
2018-10-11 08:40:48, 1.12e-12, 2.05e-10
2018-10-11 08:40:52, 1.06e-12, 2.06e-10
2018-10-11 08:40:56, 1.06e-12, 2.05e-10
2018-10-11 08:41:00, 1.04e-12, 2.05e-10
2018-10-11 08:41:05, 1.14e-12, 2.06e-10
2018-10-11 08:41:09, 9.75e-13, 2.05e-10
2018-10-11 08:41:13, 1.04e-12, 2.06e-10
2018-10-11 08:41:17, 1.06e-12, 2.06e-10
2018-10-11 08:41:21, 1.05e-12, 2.05e-10
2018-10-11 08:41:26, 1.03e-12, 2.06e-10
2018-10-11 08:41:30, 1.04e-12, 2.05e-10
2018-10-11 08:41:34, 1.06e-12, 2.05e-10
2018-10-11 08:41:38, 1.09e-12, 2.05e-10
2018-10-11 08:41:43, 1.13e-12, 2.05e-10
2018-10-11 08:41:47, 1.09e-12, 2.05e-10
2018-10-11 08:41:51, 1.03e-12, 2.05e-10
2018-10-11 08:41:55, 1.09e-12, 2.06e-10
2018-10-11 08:41:59, 1.1e-12, 2.06e-10
2018-10-11 08:42:04, 1.11e-12, 2.05e-10
2018-10-11 08:42:08, 1.1e-12, 2.05e-10
2018-10-11 08:42:12, 1.14e-12, 2.05e-10
2018-10-11 08:42:16, 1.07e-12, 2.05e-10
2018-10-11 08:42:21, 9.97e-13, 2.06e-10
2018-10-11 08:42:25, 1.1e-12, 2.05e-10
2018-10-11 08:42:29, 9.78e-13, 2.05e-10
2018-10-11 08:42:33, 1.13e-12, 2.05e-10
2018-10-11 08:42:37, 1.04e-12, 2.06e-10
2018-10-11 08:42:42, 9.41e-13, 2.05e-10
2018-10-11 08:42:46, 1.1e-12, 2.05e-10
2018-10-11 08:42:50, 1.08e-12, 2.05e-10
2018-10-11 08:42:54, 1.13e-12, 2.05e-10
2018-10-11 08:42:59, 1.01e-12, 2.06e-10
2018-10-11 08:43:03, 1.03e-12, 2.05e-10
2018-10-11 08:43:07, 1.13e-12, 2.06e-10
2018-10-11 08:43:11, 1.03e-12, 2.05e-10
2018-10-11 08:43:15, 1.13e-12, 2.05e-10
2018-10-11 08:43:20, 1.06e-12, 2.06e-10
2018-10-11 08:43:24, 1.04e-12, 2.05e-10
2018-10-11 08:43:28, 1.06e-12, 2.05e-10
2018-10-11 08:43:32, 1.04e-12, 2.05e-10
2018-10-11 08:43:37, 1.04e-12, 2.05e-10
2018-10-11 08:43:41, 1.04e-12, 2.05e-10
2018-10-11 08:43:45, 1.1e-12, 2.04e-10
2018-10-11 08:43:49, 1.15e-12, 2.06e-10
2018-10-11 08:43:53, 1.04e-12, 2.05e-10
2018-10-11 08:43:58, 9.75e-13, 2.05e-10
2018-10-11 08:44:02, 1.08e-12, 2.05e-10
2018-10-11 08:44:06, 1.07e-12, 2.05e-10
2018-10-11 08:44:10, 1.05e-12, 2.05e-10
2018-10-11 08:44:15, 1.09e-12, 2.05e-10
2018-10-11 08:44:19, 1.08e-12, 2.06e-10
2018-10-11 08:44:23, 1.09e-12, 2.06e-10
2018-10-11 08:44:27, 1.11e-12, 2.05e-10
2018-10-11 08:44:31, 9.97e-13, 2.05e-10
2018-10-11 08:44:36, 1.05e-12, 2.05e-10
2018-10-11 08:44:40, 1.09e-12, 2.05e-10
2018-10-11 08:44:44, 1.07e-12, 2.05e-10
2018-10-11 08:44:48, 1.02e-12, 2.06e-10
2018-10-11 08:44:53, 1.08e-12, 2.05e-10
2018-10-11 08:44:57, 1.1e-12, 2.05e-10
2018-10-11 08:45:01, 1.08e-12, 2.05e-10
2018-10-11 08:45:05, 1.07e-12, 2.05e-10
2018-10-11 08:45:09, 1.05e-12, 2.05e-10
2018-10-11 08:45:14, 1.01e-12, 2.05e-10
2018-10-11 08:45:18, 1.09e-12, 2.05e-10
2018-10-11 08:45:22, 1.04e-12, 2.05e-10
2018-10-11 08:45:26, 1e-12, 2.05e-10
2018-10-11 08:45:31, 1.04e-12, 2.05e-10
2018-10-11 08:45:35, 1.08e-12, 2.05e-10
2018-10-11 08:45:39, 1.17e-12, 2.04e-10
2018-10-11 08:45:43, 1.06e-12, 2.05e-10
2018-10-11 08:45:47, 1.08e-12, 2.05e-10
2018-10-11 08:45:52, 1.12e-12, 2.04e-10
2018-10-11 08:45:56, 1.14e-12, 2.05e-10
2018-10-11 08:46:00, 9.96e-13, 2.05e-10
2018-10-11 08:46:04, 1.04e-12, 2.05e-10
2018-10-11 08:46:09, 1.11e-12, 2.05e-10
2018-10-11 08:46:13, 1.04e-12, 2.05e-10
2018-10-11 08:46:17, 1.08e-12, 2.04e-10
2018-10-11 08:46:21, 1.07e-12, 2.05e-10
2018-10-11 08:46:25, 1.09e-12, 2.05e-10
2018-10-11 08:46:30, 1.28e-12, 2.05e-10
2018-10-11 08:46:34, 1.1e-12, 2.05e-10
2018-10-11 08:46:38, 1.11e-12, 2.05e-10
2018-10-11 08:46:42, 1.15e-12, 2.05e-10
2018-10-11 08:46:47, 1.11e-12, 2.05e-10
2018-10-11 08:46:51, 1.03e-12, 2.05e-10
2018-10-11 08:46:55, 1.07e-12, 2.04e-10
2018-10-11 08:46:59, 1.17e-12, 2.04e-10
2018-10-11 08:47:03, 1.14e-12, 2.04e-10
2018-10-11 08:47:08, 1.13e-12, 2.04e-10
2018-10-11 08:47:12, 9.87e-13, 2.05e-10
2018-10-11 08:47:16, 9.9e-13, 2.05e-10
2018-10-11 08:47:20, 1.14e-12, 2.04e-10
2018-10-11 08:47:24, 1.07e-12, 2.05e-10
2018-10-11 08:47:29, 1.05e-12, 2.05e-10
2018-10-11 08:47:33, 1.08e-12, 2.04e-10
2018-10-11 08:47:37, 1.09e-12, 2.05e-10
2018-10-11 08:47:41, 1.06e-12, 2.05e-10
2018-10-11 08:47:46, 1.09e-12, 2.05e-10
2018-10-11 08:47:50, 1.03e-12, 2.05e-10
2018-10-11 08:47:54, 1.09e-12, 2.05e-10
2018-10-11 08:47:58, 1.12e-12, 2.05e-10
2018-10-11 08:48:03, 1.03e-12, 2.05e-10
2018-10-11 08:48:07, 1.05e-12, 2.05e-10
2018-10-11 08:48:11, 1.11e-12, 2.04e-10
2018-10-11 08:48:15, 1.11e-12, 2.05e-10
2018-10-11 08:48:19, 1.07e-12, 2.04e-10
2018-10-11 08:48:24, 1.1e-12, 2.04e-10
2018-10-11 08:48:28, 1.08e-12, 2.05e-10
2018-10-11 08:48:32, 1.12e-12, 2.05e-10
2018-10-11 08:48:36, 1.05e-12, 2.05e-10
2018-10-11 08:48:40, 1.06e-12, 2.05e-10
2018-10-11 08:48:45, 1.08e-12, 2.05e-10
2018-10-11 08:48:49, 1.11e-12, 2.05e-10
2018-10-11 08:48:53, 1.07e-12, 2.05e-10
2018-10-11 08:48:57, 1.04e-12, 2.05e-10
2018-10-11 08:49:02, 1.13e-12, 2.06e-10
2018-10-11 08:49:06, 1.11e-12, 2.05e-10
2018-10-11 08:49:10, 1.03e-12, 2.05e-10
2018-10-11 08:49:14, 1.05e-12, 2.05e-10
2018-10-11 08:49:18, 1.23e-12, 2.05e-10
2018-10-11 08:49:23, 1.12e-12, 2.05e-10
2018-10-11 08:49:27, 1e-12, 2.05e-10
2018-10-11 08:49:31, 1.07e-12, 2.04e-10
2018-10-11 08:49:35, 1.02e-12, 2.05e-10
2018-10-11 08:49:40, 1.11e-12, 2.05e-10
2018-10-11 08:49:44, 1.16e-12, 2.05e-10
2018-10-11 08:49:48, 1.07e-12, 2.05e-10
2018-10-11 08:49:52, 1.08e-12, 2.05e-10
2018-10-11 08:49:56, 1.07e-12, 2.05e-10
2018-10-11 08:50:01, 1.05e-12, 2.05e-10
2018-10-11 08:50:05, 1.07e-12, 2.05e-10
2018-10-11 08:50:09, 1.02e-12, 2.05e-10
2018-10-11 08:50:13, 1e-12, 2.05e-10
2018-10-11 08:50:18, 1.11e-12, 2.05e-10
2018-10-11 08:50:22, 1.05e-12, 2.05e-10
2018-10-11 08:50:26, 1.08e-12, 2.05e-10
2018-10-11 08:50:30, 1.08e-12, 2.05e-10
2018-10-11 08:50:34, 1.09e-12, 2.05e-10
2018-10-11 08:50:39, 1.09e-12, 2.05e-10
2018-10-11 08:50:43, 9.12e-13, 2.05e-10
2018-10-11 08:50:47, 1.13e-12, 2.05e-10
2018-10-11 08:50:51, 1.09e-12, 2.06e-10
2018-10-11 08:50:56, 1.04e-12, 2.04e-10
2018-10-11 08:51:00, 1.05e-12, 2.05e-10
2018-10-11 08:51:04, 1.02e-12, 2.05e-10
2018-10-11 08:51:08, 1.09e-12, 2.05e-10
2018-10-11 08:51:12, 1.01e-12, 2.05e-10
2018-10-11 08:51:17, 1.08e-12, 2.04e-10
2018-10-11 08:51:21, 1.14e-12, 2.05e-10
2018-10-11 08:51:25, 1.05e-12, 2.05e-10
2018-10-11 08:51:29, 1.12e-12, 2.05e-10
2018-10-11 08:51:34, 1.04e-12, 2.05e-10
2018-10-11 08:51:38, 1.06e-12, 2.05e-10
2018-10-11 08:51:42, 1.09e-12, 2.05e-10
2018-10-11 08:51:46, 1.12e-12, 2.05e-10
2018-10-11 08:51:50, 1.11e-12, 2.05e-10
2018-10-11 08:51:55, 1.11e-12, 2.05e-10
2018-10-11 08:51:59, 1.03e-12, 2.05e-10
2018-10-11 08:52:03, 1.08e-12, 2.05e-10
2018-10-11 08:52:07, 1.07e-12, 2.05e-10
2018-10-11 08:52:12, 1.12e-12, 2.05e-10
2018-10-11 08:52:16, 1.06e-12, 2.05e-10
2018-10-11 08:52:20, 1.1e-12, 2.04e-10
2018-10-11 08:52:24, 1.12e-12, 2.05e-10
2018-10-11 08:52:28, 1.05e-12, 2.06e-10
2018-10-11 08:52:33, 1.13e-12, 2.05e-10
2018-10-11 08:52:37, 1.12e-12, 2.05e-10
2018-10-11 08:52:41, 1.16e-12, 2.04e-10
2018-10-11 08:52:45, 1.09e-12, 2.05e-10
2018-10-11 08:52:50, 1.06e-12, 2.05e-10
2018-10-11 08:52:54, 1.11e-12, 2.05e-10
2018-10-11 08:52:58, 1.08e-12, 2.05e-10
2018-10-11 08:53:02, 1.06e-12, 2.05e-10
2018-10-11 08:53:06, 1.05e-12, 2.05e-10
2018-10-11 08:53:11, 1.06e-12, 2.05e-10
2018-10-11 08:53:15, 1.11e-12, 2.05e-10
2018-10-11 08:53:19, 1e-12, 2.05e-10
2018-10-11 08:53:23, 1e-12, 2.05e-10
2018-10-11 08:53:28, 1.07e-12, 2.05e-10
2018-10-11 08:53:32, 1.09e-12, 2.05e-10
2018-10-11 08:53:36, 1.13e-12, 2.05e-10
2018-10-11 08:53:40, 1.09e-12, 2.05e-10
2018-10-11 08:53:44, 1.04e-12, 2.05e-10
2018-10-11 08:53:49, 1.01e-12, 2.05e-10
2018-10-11 08:53:53, 1.06e-12, 2.05e-10
2018-10-11 08:53:57, 1.21e-12, 2.05e-10
2018-10-11 08:54:01, 1.05e-12, 2.05e-10
2018-10-11 08:54:05, 1.02e-12, 2.05e-10
2018-10-11 08:54:10, 1.15e-12, 2.06e-10
2018-10-11 08:54:14, 1.06e-12, 2.06e-10
2018-10-11 08:54:18, 1.06e-12, 2.05e-10
2018-10-11 08:54:22, 1.06e-12, 2.05e-10
2018-10-11 08:54:27, 1.14e-12, 2.05e-10
2018-10-11 08:54:31, 1.14e-12, 2.06e-10
2018-10-11 08:54:35, 1.1e-12, 2.06e-10
2018-10-11 08:54:39, 1.31e-12, 2.05e-10
2018-10-11 08:54:43, 1.06e-12, 2.05e-10
2018-10-11 08:54:48, 1.08e-12, 2.05e-10
2018-10-11 08:54:52, 1.17e-12, 2.05e-10
2018-10-11 08:54:56, 1.12e-12, 2.05e-10
2018-10-11 08:55:00, 1.1e-12, 2.05e-10
2018-10-11 08:55:05, 1.12e-12, 2.05e-10
2018-10-11 08:55:09, 1.11e-12, 2.04e-10
2018-10-11 08:55:13, 1.1e-12, 2.05e-10
2018-10-11 08:55:17, 1.06e-12, 2.05e-10
2018-10-11 08:55:21, 1.1e-12, 2.05e-10
2018-10-11 08:55:26, 1.07e-12, 2.05e-10
2018-10-11 08:55:30, 1.05e-12, 2.05e-10
2018-10-11 08:55:34, 1.12e-12, 2.05e-10
2018-10-11 08:55:38, 1.05e-12, 2.05e-10
2018-10-11 08:55:43, 1.06e-12, 2.05e-10
2018-10-11 08:55:47, 1.1e-12, 2.06e-10
2018-10-11 08:55:51, 9.99e-13, 2.06e-10
2018-10-11 08:55:55, 1.03e-12, 2.06e-10
2018-10-11 08:55:59, 9.49e-13, 2.05e-10
2018-10-11 08:56:04, 1.15e-12, 2.05e-10
2018-10-11 08:56:08, 1.05e-12, 2.06e-10
2018-10-11 08:56:12, 1.03e-12, 2.05e-10
2018-10-11 08:56:16, 1.12e-12, 2.06e-10
2018-10-11 08:56:21, 1.01e-12, 2.06e-10
2018-10-11 08:56:25, 1.08e-12, 2.06e-10
2018-10-11 08:56:29, 1.1e-12, 2.06e-10
2018-10-11 08:56:33, 1.13e-12, 2.06e-10
2018-10-11 08:56:37, 1.06e-12, 2.06e-10
2018-10-11 08:56:42, 1.05e-12, 2.06e-10
2018-10-11 08:56:46, 1.04e-12, 2.06e-10
2018-10-11 08:56:50, 9.96e-13, 2.06e-10
2018-10-11 08:56:54, 1.03e-12, 2.06e-10
2018-10-11 08:56:59, 1.09e-12, 2.06e-10
2018-10-11 08:57:03, 1.05e-12, 2.06e-10
2018-10-11 08:57:07, 1.09e-12, 2.06e-10
2018-10-11 08:57:11, 1.07e-12, 2.06e-10
2018-10-11 08:57:15, 9.5e-13, 2.06e-10
2018-10-11 08:57:20, 1.04e-12, 2.06e-10
2018-10-11 08:57:24, 1.07e-12, 2.05e-10
2018-10-11 08:57:28, 1.07e-12, 2.06e-10
2018-10-11 08:57:32, 1.05e-12, 2.06e-10
2018-10-11 08:57:37, 1.08e-12, 2.06e-10
2018-10-11 08:57:41, 1.08e-12, 2.06e-10
2018-10-11 08:57:45, 1.1e-12, 2.06e-10
2018-10-11 08:57:49, 1.07e-12, 2.06e-10
2018-10-11 08:57:53, 1.07e-12, 2.06e-10
2018-10-11 08:57:58, 1.08e-12, 2.06e-10
2018-10-11 08:58:02, 1.03e-12, 2.06e-10
2018-10-11 08:58:06, 1.04e-12, 2.06e-10
2018-10-11 08:58:10, 1.06e-12, 2.05e-10
2018-10-11 08:58:15, 1.04e-12, 2.05e-10
2018-10-11 08:58:19, 1.03e-12, 2.05e-10
2018-10-11 08:58:23, 1.11e-12, 2.05e-10
2018-10-11 08:58:27, 1.06e-12, 2.06e-10
2018-10-11 08:58:32, 1.06e-12, 2.06e-10
2018-10-11 08:58:36, 1.16e-12, 2.05e-10
2018-10-11 08:58:40, 1.04e-12, 2.06e-10
2018-10-11 08:58:44, 1.1e-12, 2.05e-10
2018-10-11 08:58:48, 1.05e-12, 2.05e-10
2018-10-11 08:58:53, 1.04e-12, 2.05e-10
2018-10-11 08:58:57, 1.03e-12, 2.05e-10
2018-10-11 08:59:01, 1.08e-12, 2.06e-10
2018-10-11 08:59:05, 1.19e-12, 2.06e-10
2018-10-11 08:59:10, 1.06e-12, 2.06e-10
2018-10-11 08:59:14, 1e-12, 2.06e-10
2018-10-11 08:59:18, 1.07e-12, 2.06e-10
2018-10-11 08:59:22, 1.09e-12, 2.06e-10
2018-10-11 08:59:26, 1.13e-12, 2.06e-10
2018-10-11 08:59:31, 1.11e-12, 2.06e-10
2018-10-11 08:59:35, 1.04e-12, 2.06e-10
2018-10-11 08:59:39, 1.06e-12, 2.06e-10
2018-10-11 08:59:43, 1.05e-12, 2.06e-10
2018-10-11 08:59:47, 1.09e-12, 2.06e-10
2018-10-11 08:59:52, 1.05e-12, 2.06e-10
2018-10-11 08:59:56, 1.06e-12, 2.06e-10
2018-10-11 09:00:00, 1.06e-12, 2.06e-10
2018-10-11 09:00:04, 1.11e-12, 2.06e-10
2018-10-11 09:00:09, 1.11e-12, 2.06e-10
2018-10-11 09:00:13, 1.05e-12, 2.06e-10
2018-10-11 09:00:17, 9.68e-13, 2.06e-10
2018-10-11 09:00:21, 1.04e-12, 2.06e-10
2018-10-11 09:00:26, 1.08e-12, 2.06e-10
2018-10-11 09:00:30, 1.05e-12, 2.06e-10
2018-10-11 09:00:34, 1.1e-12, 2.06e-10
2018-10-11 09:00:38, 1.11e-12, 2.06e-10
2018-10-11 09:00:42, 8.74e-13, 2.06e-10
2018-10-11 09:00:47, 1.1e-12, 2.06e-10
2018-10-11 09:00:51, 1.07e-12, 2.06e-10
2018-10-11 09:00:55, 1.06e-12, 2.06e-10
2018-10-11 09:00:59, 1.06e-12, 2.06e-10
2018-10-11 09:01:03, 1.06e-12, 2.06e-10
2018-10-11 09:01:08, 1.02e-12, 2.06e-10
2018-10-11 09:01:12, 1.06e-12, 2.06e-10
2018-10-11 09:01:16, 1.12e-12, 2.06e-10
2018-10-11 09:01:20, 1.11e-12, 2.05e-10
2018-10-11 09:01:25, 1.1e-12, 2.06e-10
2018-10-11 09:01:29, 1.02e-12, 2.06e-10
2018-10-11 09:01:33, 1.07e-12, 2.06e-10
2018-10-11 09:01:37, 1.03e-12, 2.06e-10
2018-10-11 09:01:41, 1.11e-12, 2.06e-10
2018-10-11 09:01:46, 1.04e-12, 2.06e-10
2018-10-11 09:01:50, 1.06e-12, 2.06e-10
2018-10-11 09:01:54, 1.13e-12, 2.06e-10
2018-10-11 09:01:58, 1.11e-12, 2.06e-10
2018-10-11 09:02:03, 1.08e-12, 2.06e-10
2018-10-11 09:02:07, 1.11e-12, 2.06e-10
2018-10-11 09:02:11, 1.08e-12, 2.06e-10
2018-10-11 09:02:15, 1.05e-12, 2.06e-10
2018-10-11 09:02:19, 1.06e-12, 2.06e-10
2018-10-11 09:02:24, 1.08e-12, 2.06e-10
2018-10-11 09:02:28, 1.03e-12, 2.06e-10
2018-10-11 09:02:32, 1.03e-12, 2.06e-10
2018-10-11 09:02:36, 1.11e-12, 2.06e-10
2018-10-11 09:02:41, 1.09e-12, 2.06e-10
2018-10-11 09:02:45, 1.07e-12, 2.06e-10
2018-10-11 09:02:49, 1.11e-12, 2.06e-10
2018-10-11 09:02:53, 1e-12, 2.06e-10
2018-10-11 09:02:57, 9.73e-13, 2.06e-10
2018-10-11 09:03:02, 1.02e-12, 2.06e-10
2018-10-11 09:03:06, 1.17e-12, 2.06e-10
2018-10-11 09:03:10, 1.04e-12, 2.06e-10
2018-10-11 09:03:14, 1.08e-12, 2.06e-10
2018-10-11 09:03:19, 1.14e-12, 2.06e-10
2018-10-11 09:03:23, 1.07e-12, 2.06e-10
2018-10-11 09:03:27, 1.09e-12, 2.06e-10
2018-10-11 09:03:31, 1.07e-12, 2.06e-10
2018-10-11 09:03:35, 1.13e-12, 2.06e-10
2018-10-11 09:03:40, 1.06e-12, 2.06e-10
2018-10-11 09:03:44, 9.83e-13, 2.06e-10
2018-10-11 09:03:48, 1.04e-12, 2.06e-10
2018-10-11 09:03:52, 1.07e-12, 2.06e-10
2018-10-11 09:03:57, 1.18e-12, 2.06e-10
2018-10-11 09:04:01, 1.05e-12, 2.06e-10
2018-10-11 09:04:05, 1.06e-12, 2.06e-10
2018-10-11 09:04:09, 1.03e-12, 2.06e-10
2018-10-11 09:04:13, 1.06e-12, 2.06e-10
2018-10-11 09:04:18, 1.04e-12, 2.06e-10
2018-10-11 09:04:22, 1.07e-12, 2.06e-10
2018-10-11 09:04:26, 1.11e-12, 2.06e-10
2018-10-11 09:04:30, 1.09e-12, 2.06e-10
2018-10-11 09:04:35, 1.1e-12, 2.06e-10
2018-10-11 09:04:39, 1.09e-12, 2.06e-10
2018-10-11 09:04:43, 1.15e-12, 2.06e-10
2018-10-11 09:04:47, 1.08e-12, 2.06e-10
2018-10-11 09:04:51, 1.06e-12, 2.06e-10
2018-10-11 09:04:56, 1.06e-12, 2.06e-10
2018-10-11 09:05:00, 1.05e-12, 2.06e-10
2018-10-11 09:05:04, 1.02e-12, 2.06e-10
2018-10-11 09:05:08, 1.01e-12, 2.06e-10
2018-10-11 09:05:13, 1.01e-12, 2.06e-10
2018-10-11 09:05:17, 1.06e-12, 2.06e-10
2018-10-11 09:05:21, 9.43e-13, 2.06e-10
2018-10-11 09:05:25, 1.16e-12, 2.06e-10
2018-10-11 09:05:29, 1.01e-12, 2.06e-10
2018-10-11 09:05:34, 1.1e-12, 2.06e-10
2018-10-11 09:05:38, 1.08e-12, 2.06e-10
2018-10-11 09:05:42, 1.01e-12, 2.06e-10
2018-10-11 09:05:46, 1.07e-12, 2.06e-10
2018-10-11 09:05:51, 1.05e-12, 2.06e-10
2018-10-11 09:05:55, 1.14e-12, 2.06e-10
2018-10-11 09:05:59, 1.02e-12, 2.06e-10
2018-10-11 09:06:03, 1.02e-12, 2.06e-10
2018-10-11 09:06:07, 1.03e-12, 2.06e-10
2018-10-11 09:06:12, 9.87e-13, 2.06e-10
2018-10-11 09:06:16, 1.02e-12, 2.06e-10
2018-10-11 09:06:20, 1.08e-12, 2.06e-10
2018-10-11 09:06:24, 1.01e-12, 2.06e-10
2018-10-11 09:06:29, 1.09e-12, 2.06e-10
2018-10-11 09:06:33, 1.07e-12, 2.06e-10
2018-10-11 09:06:37, 1.08e-12, 2.06e-10
2018-10-11 09:06:41, 1.07e-12, 2.06e-10
2018-10-11 09:06:45, 1.13e-12, 2.06e-10
2018-10-11 09:06:50, 1.08e-12, 2.06e-10
2018-10-11 09:06:54, 1.21e-12, 2.06e-10
2018-10-11 09:06:58, 1.08e-12, 2.06e-10
2018-10-11 09:07:02, 1.09e-12, 2.06e-10
2018-10-11 09:07:07, 1.08e-12, 2.06e-10
2018-10-11 09:07:11, 1.07e-12, 2.06e-10
2018-10-11 09:07:15, 1.19e-12, 2.06e-10
2018-10-11 09:07:19, 1.04e-12, 2.06e-10
2018-10-11 09:07:23, 1.09e-12, 2.06e-10
2018-10-11 09:07:28, 1.08e-12, 2.06e-10
2018-10-11 09:07:32, 1.04e-12, 2.06e-10
2018-10-11 09:07:36, 1.04e-12, 2.06e-10
2018-10-11 09:07:40, 1.06e-12, 2.06e-10
2018-10-11 09:07:45, 1.04e-12, 2.06e-10
2018-10-11 09:07:49, 1.01e-12, 2.06e-10
2018-10-11 09:07:53, 1.11e-12, 2.06e-10
2018-10-11 09:07:57, 1.07e-12, 2.06e-10
2018-10-11 09:08:01, 1.08e-12, 2.06e-10
2018-10-11 09:08:06, 1.03e-12, 2.06e-10
2018-10-11 09:08:10, 1.06e-12, 2.06e-10
2018-10-11 09:08:14, 9.36e-13, 2.06e-10
2018-10-11 09:08:18, 1.04e-12, 2.06e-10
2018-10-11 09:08:22, 1.05e-12, 2.06e-10
2018-10-11 09:08:27, 1.05e-12, 2.06e-10
2018-10-11 09:08:31, 1.1e-12, 2.06e-10
2018-10-11 09:08:35, 9.96e-13, 2.06e-10
2018-10-11 09:08:39, 1.13e-12, 2.06e-10
2018-10-11 09:08:44, 1.04e-12, 2.06e-10
2018-10-11 09:08:48, 1.09e-12, 2.07e-10
2018-10-11 09:08:52, 1.08e-12, 2.06e-10
2018-10-11 09:08:56, 1.1e-12, 2.06e-10
2018-10-11 09:09:00, 1.1e-12, 2.06e-10
2018-10-11 09:09:05, 1.04e-12, 2.07e-10
2018-10-11 09:09:09, 1.12e-12, 2.06e-10
2018-10-11 09:09:13, 1.04e-12, 2.06e-10
2018-10-11 09:09:17, 1.04e-12, 2.06e-10
2018-10-11 09:09:22, 1.06e-12, 2.06e-10
2018-10-11 09:09:26, 1.05e-12, 2.06e-10
2018-10-11 09:09:30, 1.09e-12, 2.06e-10
2018-10-11 09:09:34, 1.11e-12, 2.06e-10
2018-10-11 09:09:38, 1.07e-12, 2.06e-10
2018-10-11 09:09:43, 1.12e-12, 2.06e-10
2018-10-11 09:09:47, 9.92e-13, 2.06e-10
2018-10-11 09:09:51, 1.11e-12, 2.06e-10
2018-10-11 09:09:55, 1.09e-12, 2.06e-10
2018-10-11 09:10:00, 1.03e-12, 2.06e-10
2018-10-11 09:10:04, 1.2e-12, 2.07e-10
2018-10-11 09:10:08, 1.12e-12, 2.06e-10
2018-10-11 09:10:12, 1.05e-12, 2.07e-10
2018-10-11 09:10:16, 1.06e-12, 2.07e-10
2018-10-11 09:10:21, 1.06e-12, 2.07e-10
2018-10-11 09:10:25, 1.07e-12, 2.07e-10
2018-10-11 09:10:29, 1.1e-12, 2.06e-10
2018-10-11 09:10:33, 1.01e-12, 2.06e-10
2018-10-11 09:10:38, 1.06e-12, 2.07e-10
2018-10-11 09:10:42, 1.09e-12, 2.06e-10
2018-10-11 09:10:46, 1.04e-12, 2.06e-10
2018-10-11 09:10:50, 1.05e-12, 2.06e-10
2018-10-11 09:10:54, 9.53e-13, 2.06e-10
2018-10-11 09:10:59, 1.02e-12, 2.06e-10
2018-10-11 09:11:03, 1.08e-12, 2.06e-10
2018-10-11 09:11:07, 1.06e-12, 2.06e-10
2018-10-11 09:11:11, 1.08e-12, 2.06e-10
2018-10-11 09:11:16, 1.05e-12, 2.06e-10
2018-10-11 09:11:20, 1.08e-12, 2.06e-10
2018-10-11 09:11:24, 1.01e-12, 2.06e-10
2018-10-11 09:11:28, 1.08e-12, 2.06e-10
2018-10-11 09:11:32, 1.06e-12, 2.06e-10
2018-10-11 09:11:37, 1e-12, 2.06e-10
2018-10-11 09:11:41, 1.04e-12, 2.06e-10
2018-10-11 09:11:45, 1.06e-12, 2.06e-10
2018-10-11 09:11:49, 1.09e-12, 2.06e-10
2018-10-11 09:11:54, 1.08e-12, 2.07e-10
2018-10-11 09:11:58, 1.1e-12, 2.07e-10
2018-10-11 09:12:02, 1.04e-12, 2.06e-10
2018-10-11 09:12:06, 1.07e-12, 2.07e-10
2018-10-11 09:12:10, 1.1e-12, 2.06e-10
2018-10-11 09:12:15, 1.07e-12, 2.06e-10
2018-10-11 09:12:19, 1.06e-12, 2.06e-10
2018-10-11 09:12:23, 1.07e-12, 2.06e-10
2018-10-11 09:12:27, 1.02e-12, 2.06e-10
2018-10-11 09:12:32, 1.1e-12, 2.06e-10
2018-10-11 09:12:36, 1.04e-12, 2.06e-10
2018-10-11 09:12:40, 1.02e-12, 2.07e-10
2018-10-11 09:12:44, 1.03e-12, 2.06e-10
2018-10-11 09:12:48, 1.05e-12, 2.06e-10
2018-10-11 09:12:53, 1.1e-12, 2.06e-10
2018-10-11 09:12:57, 9.68e-13, 2.06e-10
2018-10-11 09:13:01, 1.07e-12, 2.06e-10
2018-10-11 09:13:05, 1.11e-12, 2.06e-10
2018-10-11 09:13:10, 1.06e-12, 2.07e-10
2018-10-11 09:13:14, 1.02e-12, 2.07e-10
2018-10-11 09:13:18, 1.07e-12, 2.07e-10
2018-10-11 09:13:22, 1.02e-12, 2.07e-10
2018-10-11 09:13:26, 1.05e-12, 2.07e-10
2018-10-11 09:13:31, 1.06e-12, 2.07e-10
2018-10-11 09:13:35, 1.15e-12, 2.06e-10
2018-10-11 09:13:39, 1.07e-12, 2.06e-10
2018-10-11 09:13:43, 1.06e-12, 2.06e-10
2018-10-11 09:13:48, 1.06e-12, 2.06e-10
2018-10-11 09:13:52, 1.08e-12, 2.06e-10
2018-10-11 09:13:56, 1.1e-12, 2.06e-10
2018-10-11 09:14:00, 1.06e-12, 2.07e-10
2018-10-11 09:14:04, 1.22e-12, 2.06e-10
2018-10-11 09:14:09, 1.07e-12, 2.07e-10
2018-10-11 09:14:13, 1.02e-12, 2.07e-10
2018-10-11 09:14:17, 1.07e-12, 2.06e-10
2018-10-11 09:14:21, 1.03e-12, 2.07e-10
2018-10-11 09:14:26, 1.05e-12, 2.07e-10
2018-10-11 09:14:30, 1.11e-12, 2.06e-10
2018-10-11 09:14:34, 1e-12, 2.07e-10
2018-10-11 09:14:38, 1.06e-12, 2.06e-10
2018-10-11 09:14:42, 1.11e-12, 2.07e-10
2018-10-11 09:14:47, 1.12e-12, 2.07e-10
2018-10-11 09:14:51, 9.83e-13, 2.07e-10
2018-10-11 09:14:55, 1.03e-12, 2.07e-10
2018-10-11 09:14:59, 1.18e-12, 2.06e-10
2018-10-11 09:15:03, 1.13e-12, 2.07e-10
2018-10-11 09:15:08, 1.04e-12, 2.07e-10
2018-10-11 09:15:12, 1.12e-12, 2.07e-10
2018-10-11 09:15:16, 1.14e-12, 2.07e-10
2018-10-11 09:15:20, 1.06e-12, 2.07e-10
2018-10-11 09:15:25, 1e-12, 2.07e-10
2018-10-11 09:15:29, 1.02e-12, 2.07e-10
2018-10-11 09:15:33, 1.01e-12, 2.06e-10
2018-10-11 09:15:37, 1.11e-12, 2.06e-10
2018-10-11 09:15:41, 1.12e-12, 2.06e-10
2018-10-11 09:15:46, 1e-12, 2.07e-10
2018-10-11 09:15:50, 1.18e-12, 2.07e-10
2018-10-11 09:15:54, 1.04e-12, 2.07e-10
2018-10-11 09:15:58, 1.06e-12, 2.07e-10
2018-10-11 09:16:03, 1.11e-12, 2.07e-10
2018-10-11 09:16:07, 1.08e-12, 2.06e-10
2018-10-11 09:16:11, 1.07e-12, 2.07e-10
2018-10-11 09:16:15, 1.03e-12, 2.07e-10
2018-10-11 09:16:19, 1.08e-12, 2.07e-10
2018-10-11 09:16:24, 1.09e-12, 2.07e-10
2018-10-11 09:16:28, 1.08e-12, 2.07e-10
2018-10-11 09:16:32, 1.04e-12, 2.06e-10
2018-10-11 09:16:36, 1.13e-12, 2.06e-10
2018-10-11 09:16:41, 1.06e-12, 2.06e-10
2018-10-11 09:16:45, 1.07e-12, 2.06e-10
2018-10-11 09:16:49, 1.11e-12, 2.07e-10
2018-10-11 09:16:53, 1.06e-12, 2.07e-10
2018-10-11 09:16:57, 1.03e-12, 2.06e-10
2018-10-11 09:17:02, 1.07e-12, 2.07e-10
2018-10-11 09:17:06, 1.08e-12, 2.07e-10
2018-10-11 09:17:10, 9.96e-13, 2.06e-10
2018-10-11 09:17:14, 1.04e-12, 2.07e-10
2018-10-11 09:17:19, 1.03e-12, 2.07e-10
2018-10-11 09:17:23, 1.07e-12, 2.07e-10
2018-10-11 09:17:27, 1.06e-12, 2.07e-10
2018-10-11 09:17:31, 1.08e-12, 2.07e-10
2018-10-11 09:17:35, 1.03e-12, 2.06e-10
2018-10-11 09:17:40, 1.04e-12, 2.07e-10
2018-10-11 09:17:44, 1.02e-12, 2.07e-10
2018-10-11 09:17:48, 1.09e-12, 2.06e-10
2018-10-11 09:17:52, 1.08e-12, 2.06e-10
2018-10-11 09:17:57, 1.05e-12, 2.07e-10
2018-10-11 09:18:01, 1.06e-12, 2.07e-10
2018-10-11 09:18:05, 1.1e-12, 2.07e-10
2018-10-11 09:18:09, 9.57e-13, 2.07e-10
2018-10-11 09:18:13, 1.06e-12, 2.07e-10
2018-10-11 09:18:18, 1.01e-12, 2.07e-10
2018-10-11 09:18:22, 1.04e-12, 2.07e-10
2018-10-11 09:18:26, 1.09e-12, 2.06e-10
2018-10-11 09:18:30, 1.08e-12, 2.06e-10
2018-10-11 09:18:35, 1.08e-12, 2.06e-10
2018-10-11 09:18:39, 1.13e-12, 2.06e-10
2018-10-11 09:18:43, 1.08e-12, 2.07e-10
2018-10-11 09:18:47, 1.1e-12, 2.07e-10
2018-10-11 09:18:51, 1.03e-12, 2.07e-10
2018-10-11 09:18:56, 1.12e-12, 2.07e-10
2018-10-11 09:19:00, 1.08e-12, 2.07e-10
2018-10-11 09:19:04, 1.07e-12, 2.07e-10
2018-10-11 09:19:08, 1.07e-12, 2.07e-10
2018-10-11 09:19:13, 1.05e-12, 2.07e-10
2018-10-11 09:19:17, 1.12e-12, 2.07e-10
2018-10-11 09:19:21, 9.18e-13, 2.07e-10
2018-10-11 09:19:25, 1.09e-12, 2.07e-10
2018-10-11 09:19:29, 1.06e-12, 2.07e-10
2018-10-11 09:19:34, 1.1e-12, 2.07e-10
2018-10-11 09:19:38, 1.13e-12, 2.07e-10
2018-10-11 09:19:42, 1.05e-12, 2.07e-10
2018-10-11 09:19:46, 1.05e-12, 2.07e-10
2018-10-11 09:19:51, 1.08e-12, 2.07e-10
2018-10-11 09:19:55, 1.13e-12, 2.07e-10
2018-10-11 09:19:59, 1.11e-12, 2.07e-10
2018-10-11 09:20:03, 1.07e-12, 2.07e-10
2018-10-11 09:20:07, 1.09e-12, 2.07e-10
2018-10-11 09:20:12, 1.08e-12, 2.07e-10
2018-10-11 09:20:16, 1.06e-12, 2.07e-10
2018-10-11 09:20:20, 1.04e-12, 2.07e-10
2018-10-11 09:20:24, 1.1e-12, 2.07e-10
2018-10-11 09:20:29, 1.1e-12, 2.07e-10
2018-10-11 09:20:33, 1.19e-12, 2.07e-10
2018-10-11 09:20:37, 1.12e-12, 2.07e-10
2018-10-11 09:20:41, 1.06e-12, 2.07e-10
2018-10-11 09:20:45, 1.08e-12, 2.06e-10
2018-10-11 09:20:50, 1.1e-12, 2.06e-10
2018-10-11 09:20:54, 1.13e-12, 2.06e-10
2018-10-11 09:20:58, 1.11e-12, 2.06e-10
2018-10-11 09:21:02, 1.12e-12, 2.06e-10
2018-10-11 09:21:07, 1.05e-12, 2.06e-10
2018-10-11 09:21:11, 9.91e-13, 2.07e-10
2018-10-11 09:21:15, 9.84e-13, 2.06e-10
2018-10-11 09:21:19, 1.08e-12, 2.06e-10
2018-10-11 09:21:23, 1.04e-12, 2.06e-10
2018-10-11 09:21:28, 1.08e-12, 2.06e-10
2018-10-11 09:21:32, 1.03e-12, 2.06e-10
2018-10-11 09:21:36, 1.09e-12, 2.06e-10
2018-10-11 09:21:40, 1.02e-12, 2.06e-10
2018-10-11 09:21:44, 1.14e-12, 2.06e-10
2018-10-11 09:21:49, 1.24e-12, 2.06e-10
2018-10-11 09:21:53, 1.06e-12, 2.06e-10
2018-10-11 09:21:57, 1.1e-12, 2.06e-10
2018-10-11 09:22:01, 1.05e-12, 2.07e-10
2018-10-11 09:22:06, 1.07e-12, 2.07e-10
2018-10-11 09:22:10, 1.09e-12, 2.06e-10
2018-10-11 09:22:14, 1.07e-12, 2.07e-10
2018-10-11 09:22:18, 1.08e-12, 2.06e-10
2018-10-11 09:22:22, 9.77e-13, 2.07e-10
2018-10-11 09:22:27, 1.04e-12, 2.06e-10
2018-10-11 09:22:31, 1.06e-12, 2.06e-10
2018-10-11 09:22:35, 1.17e-12, 2.06e-10
2018-10-11 09:22:39, 1.04e-12, 2.06e-10
2018-10-11 09:22:44, 1.11e-12, 2.06e-10
2018-10-11 09:22:48, 1.05e-12, 2.06e-10
2018-10-11 09:22:52, 1.12e-12, 2.07e-10
2018-10-11 09:22:56, 1.06e-12, 2.06e-10
2018-10-11 09:23:00, 1.06e-12, 2.06e-10
2018-10-11 09:23:05, 1.1e-12, 2.06e-10
2018-10-11 09:23:09, 1.11e-12, 2.06e-10
2018-10-11 09:23:13, 1.1e-12, 2.06e-10
2018-10-11 09:23:17, 1.13e-12, 2.07e-10
2018-10-11 09:23:22, 1.06e-12, 2.07e-10
2018-10-11 09:23:26, 1.09e-12, 2.07e-10
2018-10-11 09:23:30, 1.09e-12, 2.07e-10
2018-10-11 09:23:34, 1.18e-12, 2.07e-10
2018-10-11 09:23:38, 1.09e-12, 2.06e-10
2018-10-11 09:23:43, 1.09e-12, 2.06e-10
2018-10-11 09:23:47, 1.19e-12, 2.07e-10
2018-10-11 09:23:51, 1.02e-12, 2.07e-10
2018-10-11 09:23:55, 1.06e-12, 2.06e-10
2018-10-11 09:24:00, 9.78e-13, 2.06e-10
2018-10-11 09:24:04, 1.05e-12, 2.06e-10
2018-10-11 09:24:08, 1.08e-12, 2.06e-10
2018-10-11 09:24:12, 1.06e-12, 2.06e-10
2018-10-11 09:24:16, 1.1e-12, 2.07e-10
2018-10-11 09:24:21, 9.92e-13, 2.07e-10
2018-10-11 09:24:25, 1.09e-12, 2.07e-10
2018-10-11 09:24:29, 1.21e-12, 2.07e-10
2018-10-11 09:24:33, 9.63e-13, 2.06e-10
2018-10-11 09:24:38, 9.79e-13, 2.06e-10
2018-10-11 09:24:42, 1.07e-12, 2.06e-10
2018-10-11 09:24:46, 1.1e-12, 2.06e-10
2018-10-11 09:24:50, 1.06e-12, 2.07e-10
2018-10-11 09:24:54, 1.08e-12, 2.07e-10
2018-10-11 09:24:59, 1.04e-12, 2.06e-10
2018-10-11 09:25:03, 1.04e-12, 2.06e-10
2018-10-11 09:25:07, 1.05e-12, 2.07e-10
2018-10-11 09:25:11, 1.05e-12, 2.07e-10
2018-10-11 09:25:16, 1.01e-12, 2.07e-10
2018-10-11 09:25:20, 1.02e-12, 2.06e-10
2018-10-11 09:25:24, 1.1e-12, 2.06e-10
2018-10-11 09:25:28, 1.06e-12, 2.06e-10
2018-10-11 09:25:32, 1.07e-12, 2.06e-10
2018-10-11 09:25:37, 1.11e-12, 2.06e-10
2018-10-11 09:25:41, 1.09e-12, 2.07e-10
2018-10-11 09:25:45, 1.09e-12, 2.06e-10
2018-10-11 09:25:49, 1.08e-12, 2.06e-10
2018-10-11 09:25:54, 1.03e-12, 2.06e-10
2018-10-11 09:25:58, 1.02e-12, 2.06e-10
2018-10-11 09:26:02, 1.08e-12, 2.07e-10
2018-10-11 09:26:06, 9.83e-13, 2.06e-10
2018-10-11 09:26:10, 1.11e-12, 2.06e-10
2018-10-11 09:26:15, 1.01e-12, 2.06e-10
2018-10-11 09:26:19, 1.21e-12, 2.06e-10
2018-10-11 09:26:23, 1.06e-12, 2.06e-10
2018-10-11 09:26:27, 1.18e-12, 2.07e-10
2018-10-11 09:26:32, 1.1e-12, 2.06e-10
2018-10-11 09:26:36, 1.07e-12, 2.06e-10
2018-10-11 09:26:40, 1.06e-12, 2.06e-10
2018-10-11 09:26:44, 1.11e-12, 2.06e-10
2018-10-11 09:26:48, 1.11e-12, 2.06e-10
2018-10-11 09:26:53, 1.09e-12, 2.07e-10
2018-10-11 09:26:57, 1.02e-12, 2.06e-10
2018-10-11 09:27:01, 1.07e-12, 2.06e-10
2018-10-11 09:27:05, 1.09e-12, 2.06e-10
2018-10-11 09:27:10, 1.04e-12, 2.06e-10
2018-10-11 09:27:14, 1.1e-12, 2.07e-10
2018-10-11 09:27:18, 1.05e-12, 2.07e-10
2018-10-11 09:27:22, 1.13e-12, 2.07e-10
2018-10-11 09:27:26, 1.05e-12, 2.06e-10
2018-10-11 09:27:31, 9.51e-13, 2.06e-10
2018-10-11 09:27:35, 1.1e-12, 2.07e-10
2018-10-11 09:27:39, 1.11e-12, 2.06e-10
2018-10-11 09:27:43, 1.07e-12, 2.06e-10
2018-10-11 09:27:48, 1.08e-12, 2.06e-10
2018-10-11 09:27:52, 1.09e-12, 2.06e-10
2018-10-11 09:27:56, 9.03e-13, 2.06e-10
2018-10-11 09:28:00, 1.01e-12, 2.06e-10
2018-10-11 09:28:04, 1.24e-12, 2.06e-10
2018-10-11 09:28:09, 1.06e-12, 2.06e-10
2018-10-11 09:28:13, 1.07e-12, 2.06e-10
2018-10-11 09:28:17, 1.03e-12, 2.06e-10
2018-10-11 09:28:21, 1.04e-12, 2.07e-10
2018-10-11 09:28:26, 1.15e-12, 2.06e-10
2018-10-11 09:28:30, 1.07e-12, 2.07e-10
2018-10-11 09:28:34, 1.06e-12, 2.06e-10
2018-10-11 09:28:38, 1e-12, 2.06e-10
2018-10-11 09:28:42, 1.05e-12, 2.06e-10
2018-10-11 09:28:47, 1.06e-12, 2.06e-10
2018-10-11 09:28:51, 1.13e-12, 2.07e-10
2018-10-11 09:28:55, 1.08e-12, 2.06e-10
2018-10-11 09:28:59, 1.06e-12, 2.06e-10
2018-10-11 09:29:04, 1.09e-12, 2.07e-10
2018-10-11 09:29:08, 1.1e-12, 2.06e-10
2018-10-11 09:29:12, 1.06e-12, 2.06e-10
2018-10-11 09:29:16, 1.09e-12, 2.06e-10
2018-10-11 09:29:20, 1.04e-12, 2.06e-10
2018-10-11 09:29:25, 9.76e-13, 2.06e-10
2018-10-11 09:29:29, 1.05e-12, 2.06e-10
2018-10-11 09:29:33, 1.05e-12, 2.06e-10
2018-10-11 09:29:37, 1.16e-12, 2.06e-10
2018-10-11 09:29:42, 1.09e-12, 2.06e-10
2018-10-11 09:29:46, 1.07e-12, 2.06e-10
2018-10-11 09:29:50, 1.05e-12, 2.06e-10
2018-10-11 09:29:54, 1.11e-12, 2.06e-10
2018-10-11 09:29:58, 1.07e-12, 2.06e-10
2018-10-11 09:30:03, 1.05e-12, 2.06e-10
2018-10-11 09:30:07, 9.23e-13, 2.06e-10
2018-10-11 09:30:11, 1.07e-12, 2.06e-10
2018-10-11 09:30:15, 1.01e-12, 2.06e-10
2018-10-11 09:30:20, 1.15e-12, 2.06e-10
2018-10-11 09:30:24, 1.06e-12, 2.06e-10
2018-10-11 09:30:28, 1.1e-12, 2.06e-10
2018-10-11 09:30:32, 1.1e-12, 2.06e-10
2018-10-11 09:30:36, 1.04e-12, 2.06e-10
2018-10-11 09:30:41, 1.08e-12, 2.06e-10
2018-10-11 09:30:45, 1.04e-12, 2.06e-10
2018-10-11 09:30:49, 1.06e-12, 2.06e-10
2018-10-11 09:30:53, 1.08e-12, 2.06e-10
2018-10-11 09:30:57, 1.09e-12, 2.06e-10
2018-10-11 09:31:02, 1.03e-12, 2.06e-10
2018-10-11 09:31:06, 1.13e-12, 2.06e-10
2018-10-11 09:31:10, 1.09e-12, 2.06e-10
2018-10-11 09:31:14, 1.04e-12, 2.06e-10
2018-10-11 09:31:19, 9.52e-13, 2.06e-10
2018-10-11 09:31:23, 1.09e-12, 2.06e-10
2018-10-11 09:31:27, 9.75e-13, 2.06e-10
2018-10-11 09:31:31, 1.09e-12, 2.06e-10
2018-10-11 09:31:35, 1.19e-12, 2.06e-10
2018-10-11 09:31:40, 1.05e-12, 2.06e-10
2018-10-11 09:31:44, 1.1e-12, 2.06e-10
2018-10-11 09:31:48, 1.05e-12, 2.06e-10
2018-10-11 09:31:52, 1.05e-12, 2.06e-10
2018-10-11 09:31:57, 9.96e-13, 2.06e-10
2018-10-11 09:32:01, 1.03e-12, 2.06e-10
2018-10-11 09:32:05, 1.05e-12, 2.06e-10
2018-10-11 09:32:09, 1.06e-12, 2.06e-10
2018-10-11 09:32:13, 1.12e-12, 2.06e-10
2018-10-11 09:32:18, 1.04e-12, 2.06e-10
2018-10-11 09:32:22, 1.04e-12, 2.06e-10
2018-10-11 09:32:26, 1.1e-12, 2.06e-10
2018-10-11 09:32:30, 1.06e-12, 2.06e-10
2018-10-11 09:32:35, 1.09e-12, 2.06e-10
2018-10-11 09:32:39, 9.73e-13, 2.06e-10
2018-10-11 09:32:43, 1.06e-12, 2.06e-10
2018-10-11 09:32:47, 1.05e-12, 2.06e-10
2018-10-11 09:32:51, 1.01e-12, 2.06e-10
2018-10-11 09:32:56, 1.04e-12, 2.06e-10
2018-10-11 09:33:00, 1.02e-12, 2.06e-10
2018-10-11 09:33:04, 1.07e-12, 2.06e-10
2018-10-11 09:33:08, 1.11e-12, 2.06e-10
2018-10-11 09:33:13, 1.05e-12, 2.06e-10
2018-10-11 09:33:17, 1.12e-12, 2.06e-10
2018-10-11 09:33:21, 1.1e-12, 2.06e-10
2018-10-11 09:33:25, 1.1e-12, 2.06e-10
2018-10-11 09:33:29, 1.11e-12, 2.06e-10
2018-10-11 09:33:34, 1.11e-12, 2.06e-10
2018-10-11 09:33:38, 1.03e-12, 2.06e-10
2018-10-11 09:33:42, 1.07e-12, 2.06e-10
2018-10-11 09:33:46, 1.04e-12, 2.06e-10
2018-10-11 09:33:51, 1.07e-12, 2.06e-10
2018-10-11 09:33:55, 1.04e-12, 2.06e-10
2018-10-11 09:33:59, 1.08e-12, 2.06e-10
2018-10-11 09:34:03, 1.13e-12, 2.06e-10
2018-10-11 09:34:07, 1.07e-12, 2.06e-10
2018-10-11 09:34:12, 1.07e-12, 2.06e-10
2018-10-11 09:34:16, 1.13e-12, 2.06e-10
2018-10-11 09:34:20, 1.17e-12, 2.06e-10
2018-10-11 09:34:24, 1.04e-12, 2.06e-10
2018-10-11 09:34:29, 1.08e-12, 2.06e-10
2018-10-11 09:34:33, 1.07e-12, 2.06e-10
2018-10-11 09:34:37, 1.05e-12, 2.06e-10
2018-10-11 09:34:41, 1.02e-12, 2.06e-10
2018-10-11 09:34:45, 1.08e-12, 2.06e-10
2018-10-11 09:34:50, 1.02e-12, 2.06e-10
2018-10-11 09:34:54, 1.07e-12, 2.06e-10
2018-10-11 09:34:58, 1.05e-12, 2.06e-10
2018-10-11 09:35:02, 1.11e-12, 2.06e-10
2018-10-11 09:35:07, 1.14e-12, 2.06e-10
2018-10-11 09:35:11, 1.14e-12, 2.06e-10
2018-10-11 09:35:15, 1.07e-12, 2.06e-10
2018-10-11 09:35:19, 1.05e-12, 2.06e-10
2018-10-11 09:35:23, 1.06e-12, 2.06e-10
2018-10-11 09:35:28, 1.14e-12, 2.06e-10
2018-10-11 09:35:32, 1.06e-12, 2.06e-10
2018-10-11 09:35:36, 9.4e-13, 2.06e-10
2018-10-11 09:35:40, 1.11e-12, 2.06e-10
2018-10-11 09:35:45, 1.07e-12, 2.06e-10
2018-10-11 09:35:49, 1.02e-12, 2.06e-10
2018-10-11 09:35:53, 1.03e-12, 2.06e-10
2018-10-11 09:35:57, 1.09e-12, 2.06e-10
2018-10-11 09:36:01, 1.09e-12, 2.06e-10
2018-10-11 09:36:06, 1.21e-12, 2.06e-10
2018-10-11 09:36:10, 1.1e-12, 2.06e-10
2018-10-11 09:36:14, 1.07e-12, 2.06e-10
2018-10-11 09:36:18, 1.09e-12, 2.06e-10
2018-10-11 09:36:23, 1.13e-12, 2.06e-10
2018-10-11 09:36:27, 1.08e-12, 2.06e-10
2018-10-11 09:36:31, 1.06e-12, 2.06e-10
2018-10-11 09:36:35, 1.04e-12, 2.06e-10
2018-10-11 09:36:39, 1.11e-12, 2.06e-10
2018-10-11 09:36:44, 1.1e-12, 2.06e-10
2018-10-11 09:36:48, 1.08e-12, 2.06e-10
2018-10-11 09:36:52, 1.05e-12, 2.06e-10
2018-10-11 09:36:56, 1.15e-12, 2.06e-10
2018-10-11 09:37:01, 1.07e-12, 2.06e-10
2018-10-11 09:37:05, 1.11e-12, 2.06e-10
2018-10-11 09:37:09, 1.08e-12, 2.06e-10
2018-10-11 09:37:13, 1.08e-12, 2.06e-10
2018-10-11 09:37:17, 1.08e-12, 2.06e-10
2018-10-11 09:37:22, 1.12e-12, 2.06e-10
2018-10-11 09:37:26, 1.08e-12, 2.07e-10
2018-10-11 09:37:30, 1.09e-12, 2.07e-10
2018-10-11 09:37:34, 1.07e-12, 2.06e-10
2018-10-11 09:37:39, 1.06e-12, 2.07e-10
2018-10-11 09:37:43, 1.09e-12, 2.07e-10
2018-10-11 09:37:47, 1.06e-12, 2.07e-10
2018-10-11 09:37:51, 9.92e-13, 2.07e-10
2018-10-11 09:37:55, 1.09e-12, 2.06e-10
2018-10-11 09:38:00, 1.08e-12, 2.06e-10
2018-10-11 09:38:04, 1.03e-12, 2.06e-10
2018-10-11 09:38:08, 1.03e-12, 2.06e-10
2018-10-11 09:38:12, 1.09e-12, 2.06e-10
2018-10-11 09:38:17, 1.05e-12, 2.06e-10
2018-10-11 09:38:21, 1.13e-12, 2.06e-10
2018-10-11 09:38:25, 1.11e-12, 2.06e-10
2018-10-11 09:38:29, 1.07e-12, 2.06e-10
2018-10-11 09:38:33, 1.1e-12, 2.06e-10
2018-10-11 09:38:38, 9.91e-13, 2.06e-10
2018-10-11 09:38:42, 1.06e-12, 2.06e-10
2018-10-11 09:38:46, 1.03e-12, 2.06e-10
2018-10-11 09:38:50, 1.11e-12, 2.06e-10
2018-10-11 09:38:55, 1.06e-12, 2.06e-10
2018-10-11 09:38:59, 1.1e-12, 2.06e-10
2018-10-11 09:39:03, 1.07e-12, 2.06e-10
2018-10-11 09:39:07, 1.09e-12, 2.06e-10
2018-10-11 09:39:11, 1.14e-12, 2.06e-10
2018-10-11 09:39:16, 1.15e-12, 2.06e-10
2018-10-11 09:39:20, 1.03e-12, 2.06e-10
2018-10-11 09:39:24, 1.12e-12, 2.06e-10
2018-10-11 09:39:28, 1.03e-12, 2.06e-10
2018-10-11 09:39:33, 1.03e-12, 2.06e-10
2018-10-11 09:39:37, 1.11e-12, 2.06e-10
2018-10-11 09:39:41, 1.08e-12, 2.06e-10
2018-10-11 09:39:45, 1.11e-12, 2.06e-10
2018-10-11 09:39:49, 1.08e-12, 2.06e-10
2018-10-11 09:39:54, 1.02e-12, 2.06e-10
2018-10-11 09:39:58, 1.05e-12, 2.06e-10
2018-10-11 09:40:02, 1.08e-12, 2.06e-10
2018-10-11 09:40:06, 1.1e-12, 2.06e-10
2018-10-11 09:40:11, 1.09e-12, 2.06e-10
2018-10-11 09:40:15, 1.08e-12, 2.06e-10
2018-10-11 09:40:19, 1.06e-12, 2.06e-10
2018-10-11 09:40:23, 1.07e-12, 2.06e-10
2018-10-11 09:40:27, 1.14e-12, 2.06e-10
2018-10-11 09:40:32, 1.04e-12, 2.06e-10
2018-10-11 09:40:36, 1.09e-12, 2.06e-10
2018-10-11 09:40:40, 1.1e-12, 2.06e-10
2018-10-11 09:40:44, 1.07e-12, 2.06e-10
2018-10-11 09:40:49, 1.06e-12, 2.06e-10
2018-10-11 09:40:53, 1.05e-12, 2.06e-10
2018-10-11 09:40:57, 1.05e-12, 2.06e-10
2018-10-11 09:41:01, 1e-12, 2.06e-10
2018-10-11 09:41:05, 9.69e-13, 2.06e-10
2018-10-11 09:41:10, 1.07e-12, 2.06e-10
2018-10-11 09:41:14, 1.12e-12, 2.06e-10
2018-10-11 09:41:18, 1.05e-12, 2.06e-10
2018-10-11 09:41:22, 1.04e-12, 2.06e-10
2018-10-11 09:41:27, 1.13e-12, 2.06e-10
2018-10-11 09:41:31, 1.01e-12, 2.06e-10
2018-10-11 09:41:35, 1.25e-12, 2.06e-10
2018-10-11 09:41:39, 1.13e-12, 2.06e-10
2018-10-11 09:41:43, 1.14e-12, 2.06e-10
2018-10-11 09:41:48, 1.2e-12, 2.06e-10
2018-10-11 09:41:52, 9.79e-13, 2.06e-10
2018-10-11 09:41:56, 9.7e-13, 2.06e-10
2018-10-11 09:42:00, 1.06e-12, 2.06e-10
2018-10-11 09:42:05, 1.09e-12, 2.06e-10
2018-10-11 09:42:09, 1.03e-12, 2.06e-10
2018-10-11 09:42:13, 1.01e-12, 2.06e-10
2018-10-11 09:42:17, 1.14e-12, 2.06e-10
2018-10-11 09:42:21, 1.09e-12, 2.06e-10
2018-10-11 09:42:26, 1.17e-12, 2.06e-10
2018-10-11 09:42:30, 1.11e-12, 2.06e-10
2018-10-11 09:42:34, 1.2e-12, 2.06e-10
2018-10-11 09:42:38, 1.08e-12, 2.06e-10
2018-10-11 09:42:43, 1.06e-12, 2.06e-10
2018-10-11 09:42:47, 1.08e-12, 2.06e-10
2018-10-11 09:42:51, 1.29e-12, 2.06e-10
2018-10-11 09:42:55, 1.05e-12, 2.06e-10
2018-10-11 09:42:59, 1.02e-12, 2.06e-10
2018-10-11 09:43:04, 1.07e-12, 2.06e-10
2018-10-11 09:43:08, 1.08e-12, 2.06e-10
2018-10-11 09:43:12, 1.14e-12, 2.06e-10
2018-10-11 09:43:16, 1.09e-12, 2.06e-10
2018-10-11 09:43:21, 1.01e-12, 2.06e-10
2018-10-11 09:43:25, 1.08e-12, 2.06e-10
2018-10-11 09:43:29, 1.04e-12, 2.06e-10
2018-10-11 09:43:33, 1.06e-12, 2.06e-10
2018-10-11 09:43:37, 1.06e-12, 2.06e-10
2018-10-11 09:43:42, 1.12e-12, 2.06e-10
2018-10-11 09:43:46, 1.18e-12, 2.06e-10
2018-10-11 09:43:50, 1.06e-12, 2.06e-10
2018-10-11 09:43:54, 1.04e-12, 2.06e-10
2018-10-11 09:43:58, 1.13e-12, 2.07e-10
2018-10-11 09:44:03, 1.05e-12, 2.06e-10
2018-10-11 09:44:07, 1.02e-12, 2.07e-10
2018-10-11 09:44:11, 1.07e-12, 2.07e-10
2018-10-11 09:44:15, 1.18e-12, 2.07e-10
2018-10-11 09:44:20, 1.05e-12, 2.06e-10
2018-10-11 09:44:24, 1.08e-12, 2.06e-10
2018-10-11 09:44:28, 1.1e-12, 2.06e-10
2018-10-11 09:44:32, 1.11e-12, 2.06e-10
2018-10-11 09:44:36, 1.07e-12, 2.06e-10
2018-10-11 09:44:41, 1.13e-12, 2.06e-10
2018-10-11 09:44:45, 1.12e-12, 2.06e-10
2018-10-11 09:44:49, 1.1e-12, 2.06e-10
2018-10-11 09:44:53, 1e-12, 2.06e-10
2018-10-11 09:44:58, 1.03e-12, 2.06e-10
2018-10-11 09:45:02, 1.07e-12, 2.06e-10
2018-10-11 09:45:06, 1.04e-12, 2.06e-10
2018-10-11 09:45:10, 1.1e-12, 2.06e-10
2018-10-11 09:45:14, 1.09e-12, 2.06e-10
2018-10-11 09:45:19, 1.07e-12, 2.06e-10
2018-10-11 09:45:23, 1.06e-12, 2.06e-10
2018-10-11 09:45:27, 1.1e-12, 2.06e-10
2018-10-11 09:45:31, 9.96e-13, 2.06e-10
2018-10-11 09:45:36, 1.1e-12, 2.06e-10
2018-10-11 09:45:40, 1.07e-12, 2.06e-10
2018-10-11 09:45:44, 1.04e-12, 2.06e-10
2018-10-11 09:45:48, 1.09e-12, 2.06e-10
2018-10-11 09:45:52, 1.01e-12, 2.06e-10
2018-10-11 09:45:57, 1.08e-12, 2.06e-10
2018-10-11 09:46:01, 1.08e-12, 2.06e-10
2018-10-11 09:46:05, 1.08e-12, 2.06e-10
2018-10-11 09:46:09, 1.08e-12, 2.06e-10
2018-10-11 09:46:14, 1.07e-12, 2.06e-10
2018-10-11 09:46:18, 1.1e-12, 2.06e-10
2018-10-11 09:46:22, 1.11e-12, 2.06e-10
2018-10-11 09:46:26, 1.07e-12, 2.06e-10
2018-10-11 09:46:30, 1.08e-12, 2.06e-10
2018-10-11 09:46:35, 1.12e-12, 2.06e-10
2018-10-11 09:46:39, 1.1e-12, 2.06e-10
2018-10-11 09:46:43, 1.1e-12, 2.06e-10
2018-10-11 09:46:47, 1.07e-12, 2.06e-10
2018-10-11 09:46:52, 1.05e-12, 2.06e-10
2018-10-11 09:46:56, 1.03e-12, 2.06e-10
2018-10-11 09:47:00, 1.05e-12, 2.06e-10
2018-10-11 09:47:04, 1.12e-12, 2.06e-10
2018-10-11 09:47:08, 1.08e-12, 2.06e-10
2018-10-11 09:47:13, 1.09e-12, 2.06e-10
2018-10-11 09:47:17, 1.04e-12, 2.06e-10
2018-10-11 09:47:21, 1.14e-12, 2.06e-10
2018-10-11 09:47:25, 1.09e-12, 2.06e-10
2018-10-11 09:47:30, 1.09e-12, 2.06e-10
2018-10-11 09:47:34, 1.07e-12, 2.06e-10
2018-10-11 09:47:38, 1.09e-12, 2.06e-10
2018-10-11 09:47:42, 1.03e-12, 2.06e-10
2018-10-11 09:47:46, 1.07e-12, 2.06e-10
2018-10-11 09:47:51, 1.07e-12, 2.06e-10
2018-10-11 09:47:55, 1.07e-12, 2.06e-10
2018-10-11 09:47:59, 1.07e-12, 2.06e-10
2018-10-11 09:48:03, 1.02e-12, 2.06e-10
2018-10-11 09:48:08, 1.1e-12, 2.06e-10
2018-10-11 09:48:12, 9.76e-13, 2.06e-10
2018-10-11 09:48:16, 1.15e-12, 2.06e-10
2018-10-11 09:48:20, 1.05e-12, 2.06e-10
2018-10-11 09:48:24, 1.05e-12, 2.06e-10
2018-10-11 09:48:29, 1.09e-12, 2.06e-10
2018-10-11 09:48:33, 1.03e-12, 2.06e-10
2018-10-11 09:48:37, 1.09e-12, 2.06e-10
2018-10-11 09:48:41, 1.11e-12, 2.06e-10
2018-10-11 09:48:46, 1.09e-12, 2.06e-10
2018-10-11 09:48:50, 1.07e-12, 2.06e-10
2018-10-11 09:48:54, 9.64e-13, 2.06e-10
2018-10-11 09:48:58, 1.04e-12, 2.06e-10
2018-10-11 09:49:02, 1.05e-12, 2.06e-10
2018-10-11 09:49:07, 1.08e-12, 2.06e-10
2018-10-11 09:49:11, 1.1e-12, 2.06e-10
2018-10-11 09:49:15, 1.11e-12, 2.06e-10
2018-10-11 09:49:19, 1.14e-12, 2.06e-10
2018-10-11 09:49:24, 1.07e-12, 2.06e-10
2018-10-11 09:49:28, 1.08e-12, 2.06e-10
2018-10-11 09:49:32, 1.03e-12, 2.06e-10
2018-10-11 09:49:36, 1.07e-12, 2.06e-10
2018-10-11 09:49:40, 1.06e-12, 2.06e-10
2018-10-11 09:49:45, 9.94e-13, 2.06e-10
2018-10-11 09:49:49, 1.01e-12, 2.06e-10
2018-10-11 09:49:53, 1.04e-12, 2.06e-10
2018-10-11 09:49:57, 1.02e-12, 2.06e-10
2018-10-11 09:50:02, 1.12e-12, 2.06e-10
2018-10-11 09:50:06, 1.05e-12, 2.06e-10
2018-10-11 09:50:10, 1.1e-12, 2.06e-10
2018-10-11 09:50:14, 1.01e-12, 2.05e-10
2018-10-11 09:50:18, 1.03e-12, 2.05e-10
2018-10-11 09:50:23, 1.02e-12, 2.06e-10
2018-10-11 09:50:27, 1.19e-12, 2.05e-10
2018-10-11 09:50:31, 1.09e-12, 2.06e-10
2018-10-11 09:50:35, 1.03e-12, 2.06e-10
2018-10-11 09:50:40, 1.07e-12, 2.06e-10
2018-10-11 09:50:44, 1.07e-12, 2.05e-10
2018-10-11 09:50:48, 1.11e-12, 2.06e-10
2018-10-11 09:50:52, 1.02e-12, 2.06e-10
2018-10-11 09:50:56, 1.02e-12, 2.06e-10
2018-10-11 09:51:01, 1.03e-12, 2.06e-10
2018-10-11 09:51:05, 1.03e-12, 2.06e-10
2018-10-11 09:51:09, 1.09e-12, 2.06e-10
2018-10-11 09:51:13, 1.04e-12, 2.06e-10
2018-10-11 09:51:18, 1.1e-12, 2.06e-10
2018-10-11 09:51:22, 1.08e-12, 2.06e-10
2018-10-11 09:51:26, 1.14e-12, 2.06e-10
2018-10-11 09:51:30, 9.93e-13, 2.05e-10
2018-10-11 09:51:34, 1.09e-12, 2.05e-10
2018-10-11 09:51:39, 9.86e-13, 2.05e-10
2018-10-11 09:51:43, 1.03e-12, 2.06e-10
2018-10-11 09:51:47, 1.03e-12, 2.06e-10
2018-10-11 09:51:51, 1.07e-12, 2.06e-10
2018-10-11 09:51:56, 1.08e-12, 2.06e-10
2018-10-11 09:52:00, 1.04e-12, 2.05e-10
2018-10-11 09:52:04, 1.14e-12, 2.05e-10
2018-10-11 09:52:08, 1.04e-12, 2.06e-10
2018-10-11 09:52:12, 1.02e-12, 2.05e-10
2018-10-11 09:52:17, 1.04e-12, 2.05e-10
2018-10-11 09:52:21, 1.11e-12, 2.05e-10
2018-10-11 09:52:25, 1.04e-12, 2.06e-10
2018-10-11 09:52:29, 9.86e-13, 2.05e-10
2018-10-11 09:52:34, 1.08e-12, 2.05e-10
2018-10-11 09:52:38, 1.06e-12, 2.05e-10
2018-10-11 09:52:42, 1.09e-12, 2.05e-10
2018-10-11 09:52:46, 1.05e-12, 2.05e-10
2018-10-11 09:52:50, 1.09e-12, 2.05e-10
2018-10-11 09:52:55, 1.05e-12, 2.05e-10
2018-10-11 09:52:59, 1.01e-12, 2.05e-10
2018-10-11 09:53:03, 1.1e-12, 2.05e-10
2018-10-11 09:53:07, 1.01e-12, 2.05e-10
2018-10-11 09:53:11, 1.09e-12, 2.05e-10
2018-10-11 09:53:16, 1.15e-12, 2.05e-10
2018-10-11 09:53:20, 1.04e-12, 2.05e-10
2018-10-11 09:53:24, 1.12e-12, 2.05e-10
2018-10-11 09:53:28, 1.11e-12, 2.05e-10
2018-10-11 09:53:33, 9.86e-13, 2.05e-10
2018-10-11 09:53:37, 1e-12, 2.05e-10
2018-10-11 09:53:41, 1.07e-12, 2.05e-10
2018-10-11 09:53:45, 1.09e-12, 2.05e-10
2018-10-11 09:53:49, 1.05e-12, 2.05e-10
2018-10-11 09:53:54, 9.47e-13, 2.05e-10
2018-10-11 09:53:58, 9.59e-13, 2.05e-10
2018-10-11 09:54:02, 1.05e-12, 2.05e-10
2018-10-11 09:54:06, 1.1e-12, 2.05e-10
2018-10-11 09:54:11, 1.06e-12, 2.05e-10
2018-10-11 09:54:15, 1.05e-12, 2.05e-10
2018-10-11 09:54:19, 1.08e-12, 2.05e-10
2018-10-11 09:54:23, 1.06e-12, 2.05e-10
2018-10-11 09:54:27, 1.09e-12, 2.05e-10
2018-10-11 09:54:32, 1.12e-12, 2.05e-10
2018-10-11 09:54:36, 1.08e-12, 2.05e-10
2018-10-11 09:54:40, 1.05e-12, 2.05e-10
2018-10-11 09:54:44, 1.19e-12, 2.05e-10
2018-10-11 09:54:49, 1.09e-12, 2.05e-10
2018-10-11 09:54:53, 1.03e-12, 2.05e-10
2018-10-11 09:54:57, 1.21e-12, 2.05e-10
2018-10-11 09:55:01, 9.85e-13, 2.05e-10
2018-10-11 09:55:06, 1.09e-12, 2.05e-10
2018-10-11 09:55:10, 1.08e-12, 2.05e-10
2018-10-11 09:55:14, 1.11e-12, 2.05e-10
2018-10-11 09:55:18, 1.1e-12, 2.05e-10
2018-10-11 09:55:22, 1.24e-12, 2.05e-10
2018-10-11 09:55:27, 1.02e-12, 2.05e-10
2018-10-11 09:55:31, 1.09e-12, 2.05e-10
2018-10-11 09:55:35, 1.11e-12, 2.05e-10
2018-10-11 09:55:39, 1.08e-12, 2.05e-10
2018-10-11 09:55:44, 1.11e-12, 2.05e-10
2018-10-11 09:55:48, 1.07e-12, 2.05e-10
2018-10-11 09:55:52, 1.07e-12, 2.05e-10
2018-10-11 09:55:56, 1.09e-12, 2.05e-10
2018-10-11 09:56:00, 1.05e-12, 2.05e-10
2018-10-11 09:56:05, 1.05e-12, 2.05e-10
2018-10-11 09:56:09, 1.09e-12, 2.05e-10
2018-10-11 09:56:13, 1.08e-12, 2.05e-10
2018-10-11 09:56:17, 1.07e-12, 2.05e-10
2018-10-11 09:56:21, 1.15e-12, 2.05e-10
2018-10-11 09:56:26, 9.7e-13, 2.05e-10
2018-10-11 09:56:30, 9.62e-13, 2.05e-10
2018-10-11 09:56:34, 1.04e-12, 2.05e-10
2018-10-11 09:56:38, 1.04e-12, 2.05e-10
2018-10-11 09:56:43, 1.1e-12, 2.05e-10
2018-10-11 09:56:47, 1.01e-12, 2.05e-10
2018-10-11 09:56:51, 1.06e-12, 2.05e-10
2018-10-11 09:56:55, 1.16e-12, 2.05e-10
2018-10-11 09:57:00, 9.99e-13, 2.05e-10
2018-10-11 09:57:04, 1.07e-12, 2.05e-10
2018-10-11 09:57:08, 1.1e-12, 2.05e-10
2018-10-11 09:57:12, 9.97e-13, 2.05e-10
2018-10-11 09:57:16, 1.11e-12, 2.05e-10
2018-10-11 09:57:21, 1.05e-12, 2.05e-10
2018-10-11 09:57:25, 1.15e-12, 2.05e-10
2018-10-11 09:57:29, 1.05e-12, 2.05e-10
2018-10-11 09:57:33, 1.06e-12, 2.05e-10
2018-10-11 09:57:37, 1.1e-12, 2.05e-10
2018-10-11 09:57:42, 1.1e-12, 2.05e-10
2018-10-11 09:57:46, 1.08e-12, 2.05e-10
2018-10-11 09:57:50, 1.05e-12, 2.05e-10
2018-10-11 09:57:54, 1.06e-12, 2.05e-10
2018-10-11 09:57:59, 1.16e-12, 2.05e-10
2018-10-11 09:58:03, 1.15e-12, 2.05e-10
2018-10-11 09:58:07, 1.05e-12, 2.05e-10
2018-10-11 09:58:11, 1.09e-12, 2.05e-10
2018-10-11 09:58:15, 1.15e-12, 2.05e-10
2018-10-11 09:58:20, 1.06e-12, 2.05e-10
2018-10-11 09:58:24, 1.11e-12, 2.05e-10
2018-10-11 09:58:28, 1.1e-12, 2.05e-10
2018-10-11 09:58:32, 1.05e-12, 2.05e-10
2018-10-11 09:58:37, 1.1e-12, 2.05e-10
2018-10-11 09:58:41, 1.05e-12, 2.05e-10
2018-10-11 09:58:45, 1.06e-12, 2.05e-10
2018-10-11 09:58:49, 1.11e-12, 2.05e-10
2018-10-11 09:58:53, 1.14e-12, 2.05e-10
2018-10-11 09:58:58, 1.03e-12, 2.05e-10
2018-10-11 09:59:02, 1.03e-12, 2.05e-10
2018-10-11 09:59:06, 1.06e-12, 2.05e-10
2018-10-11 09:59:10, 1.05e-12, 2.05e-10
2018-10-11 09:59:15, 1.12e-12, 2.04e-10
2018-10-11 09:59:19, 9.38e-13, 2.05e-10
2018-10-11 09:59:23, 1.09e-12, 2.05e-10
2018-10-11 09:59:27, 1.04e-12, 2.05e-10
2018-10-11 09:59:31, 1.1e-12, 2.05e-10
2018-10-11 09:59:36, 1.15e-12, 2.05e-10
2018-10-11 09:59:40, 1.13e-12, 2.05e-10
2018-10-11 09:59:44, 1.09e-12, 2.05e-10
2018-10-11 09:59:48, 1.06e-12, 2.05e-10
2018-10-11 09:59:53, 1.11e-12, 2.05e-10
2018-10-11 09:59:57, 1.13e-12, 2.05e-10
2018-10-11 10:00:01, 1.07e-12, 2.05e-10
2018-10-11 10:00:05, 1.24e-12, 2.05e-10
2018-10-11 10:00:09, 1.11e-12, 2.05e-10
2018-10-11 10:00:14, 1.04e-12, 2.05e-10
2018-10-11 10:00:18, 1.18e-12, 2.05e-10
2018-10-11 10:00:22, 1.06e-12, 2.05e-10
2018-10-11 10:00:26, 1.23e-12, 2.05e-10
2018-10-11 10:00:31, 1.08e-12, 2.05e-10
2018-10-11 10:00:35, 1e-12, 2.05e-10
2018-10-11 10:00:39, 1.04e-12, 2.05e-10
2018-10-11 10:00:43, 1.1e-12, 2.05e-10
2018-10-11 10:00:47, 1.06e-12, 2.05e-10
2018-10-11 10:00:52, 1.02e-12, 2.05e-10
2018-10-11 10:00:56, 1.07e-12, 2.05e-10
2018-10-11 10:01:00, 1.06e-12, 2.05e-10
2018-10-11 10:01:04, 1.08e-12, 2.05e-10
2018-10-11 10:01:09, 1.08e-12, 2.05e-10
2018-10-11 10:01:13, 1.14e-12, 2.05e-10
2018-10-11 10:01:17, 1.09e-12, 2.05e-10
2018-10-11 10:01:21, 1.11e-12, 2.05e-10
2018-10-11 10:01:25, 1.08e-12, 2.05e-10
2018-10-11 10:01:30, 1.12e-12, 2.05e-10
2018-10-11 10:01:34, 1e-12, 2.05e-10
2018-10-11 10:01:38, 1.06e-12, 2.05e-10
2018-10-11 10:01:42, 1.07e-12, 2.05e-10
2018-10-11 10:01:47, 1.01e-12, 2.05e-10
2018-10-11 10:01:51, 1.05e-12, 2.06e-10
2018-10-11 10:01:55, 1.09e-12, 2.05e-10
2018-10-11 10:01:59, 1.08e-12, 2.05e-10
2018-10-11 10:02:03, 1.06e-12, 2.06e-10
2018-10-11 10:02:08, 1.11e-12, 2.06e-10
2018-10-11 10:02:12, 1.13e-12, 2.06e-10
2018-10-11 10:02:16, 1.07e-12, 2.05e-10
2018-10-11 10:02:20, 1.1e-12, 2.06e-10
2018-10-11 10:02:25, 1.12e-12, 2.06e-10
2018-10-11 10:02:29, 1.21e-12, 2.06e-10
2018-10-11 10:02:33, 1.03e-12, 2.06e-10
2018-10-11 10:02:37, 1.04e-12, 2.06e-10
2018-10-11 10:02:41, 1.06e-12, 2.06e-10
2018-10-11 10:02:46, 1.09e-12, 2.06e-10
2018-10-11 10:02:50, 1.11e-12, 2.06e-10
2018-10-11 10:02:54, 1.02e-12, 2.06e-10
2018-10-11 10:02:58, 1.14e-12, 2.06e-10
2018-10-11 10:03:02, 1.03e-12, 2.06e-10
2018-10-11 10:03:07, 9.55e-13, 2.06e-10
2018-10-11 10:03:11, 1.05e-12, 2.06e-10
2018-10-11 10:03:15, 9.66e-13, 2.06e-10
2018-10-11 10:03:19, 9.85e-13, 2.06e-10
2018-10-11 10:03:24, 1.17e-12, 2.06e-10
2018-10-11 10:03:28, 1.09e-12, 2.06e-10
2018-10-11 10:03:32, 1.07e-12, 2.06e-10
2018-10-11 10:03:36, 1.06e-12, 2.06e-10
2018-10-11 10:03:41, 1.08e-12, 2.06e-10
2018-10-11 10:03:45, 1.08e-12, 2.06e-10
2018-10-11 10:03:49, 1.03e-12, 2.06e-10
2018-10-11 10:03:53, 1.09e-12, 2.06e-10
2018-10-11 10:03:57, 1.08e-12, 2.06e-10
2018-10-11 10:04:02, 1.06e-12, 2.06e-10
2018-10-11 10:04:06, 1.05e-12, 2.06e-10
2018-10-11 10:04:10, 1.02e-12, 2.06e-10
2018-10-11 10:04:14, 1.04e-12, 2.06e-10
2018-10-11 10:04:18, 9.98e-13, 2.06e-10
2018-10-11 10:04:23, 1.08e-12, 2.06e-10
2018-10-11 10:04:27, 1.05e-12, 2.06e-10
2018-10-11 10:04:31, 1.1e-12, 2.06e-10
2018-10-11 10:04:35, 1.02e-12, 2.06e-10
2018-10-11 10:04:40, 1.05e-12, 2.06e-10
2018-10-11 10:04:44, 1.07e-12, 2.06e-10
2018-10-11 10:04:48, 1.07e-12, 2.06e-10
2018-10-11 10:04:52, 1.04e-12, 2.06e-10
2018-10-11 10:04:56, 1.07e-12, 2.07e-10
2018-10-11 10:05:01, 1.03e-12, 2.06e-10
2018-10-11 10:05:05, 1.11e-12, 2.06e-10
2018-10-11 10:05:09, 1.06e-12, 2.06e-10
2018-10-11 10:05:13, 1.08e-12, 2.06e-10
2018-10-11 10:05:18, 1.08e-12, 2.06e-10
2018-10-11 10:05:22, 1.14e-12, 2.06e-10
2018-10-11 10:05:26, 1.12e-12, 2.06e-10
2018-10-11 10:05:30, 1.04e-12, 2.06e-10
2018-10-11 10:05:34, 1.06e-12, 2.06e-10
2018-10-11 10:05:39, 1.11e-12, 2.06e-10
2018-10-11 10:05:43, 1.08e-12, 2.06e-10
2018-10-11 10:05:47, 1.04e-12, 2.06e-10
2018-10-11 10:05:51, 1.02e-12, 2.06e-10
2018-10-11 10:05:56, 1.12e-12, 2.06e-10
2018-10-11 10:06:00, 1.06e-12, 2.06e-10
2018-10-11 10:06:04, 1.07e-12, 2.06e-10
2018-10-11 10:06:08, 1.09e-12, 2.06e-10
2018-10-11 10:06:12, 1.04e-12, 2.07e-10
2018-10-11 10:06:17, 1.06e-12, 2.07e-10
2018-10-11 10:06:21, 1.05e-12, 2.07e-10
2018-10-11 10:06:25, 1.12e-12, 2.07e-10
2018-10-11 10:06:29, 1.13e-12, 2.07e-10
2018-10-11 10:06:34, 9.99e-13, 2.07e-10
2018-10-11 10:06:38, 1.1e-12, 2.06e-10
2018-10-11 10:06:42, 1.05e-12, 2.07e-10
2018-10-11 10:06:46, 1.12e-12, 2.07e-10
2018-10-11 10:06:50, 1.07e-12, 2.07e-10
2018-10-11 10:06:55, 1.07e-12, 2.06e-10
2018-10-11 10:06:59, 1.08e-12, 2.06e-10
2018-10-11 10:07:03, 1.08e-12, 2.06e-10
2018-10-11 10:07:07, 1.09e-12, 2.06e-10
2018-10-11 10:07:12, 1.18e-12, 2.07e-10
2018-10-11 10:07:16, 1.07e-12, 2.07e-10
2018-10-11 10:07:20, 1.15e-12, 2.07e-10
2018-10-11 10:07:24, 1.1e-12, 2.07e-10
2018-10-11 10:07:28, 1.22e-12, 2.07e-10
2018-10-11 10:07:33, 9.82e-13, 2.07e-10
2018-10-11 10:07:37, 1.05e-12, 2.07e-10
2018-10-11 10:07:41, 1.09e-12, 2.07e-10
2018-10-11 10:07:45, 9.68e-13, 2.07e-10
2018-10-11 10:07:50, 1.09e-12, 2.07e-10
2018-10-11 10:07:54, 9.92e-13, 2.07e-10
2018-10-11 10:07:58, 1.18e-12, 2.07e-10
2018-10-11 10:08:02, 1.04e-12, 2.07e-10
2018-10-11 10:08:06, 1.02e-12, 2.07e-10
2018-10-11 10:08:11, 1.11e-12, 2.07e-10
2018-10-11 10:08:15, 1.09e-12, 2.07e-10
2018-10-11 10:08:19, 1.11e-12, 2.07e-10
2018-10-11 10:08:23, 1.06e-12, 2.07e-10
2018-10-11 10:08:28, 1.06e-12, 2.07e-10
2018-10-11 10:08:32, 1.02e-12, 2.07e-10
2018-10-11 10:08:36, 9.53e-13, 2.07e-10
2018-10-11 10:08:40, 1.08e-12, 2.07e-10
2018-10-11 10:08:44, 1.12e-12, 2.07e-10
2018-10-11 10:08:49, 1.08e-12, 2.07e-10
2018-10-11 10:08:53, 1.11e-12, 2.07e-10
2018-10-11 10:08:57, 1.09e-12, 2.07e-10
2018-10-11 10:09:01, 1.07e-12, 2.07e-10
2018-10-11 10:09:05, 1.16e-12, 2.07e-10
2018-10-11 10:09:10, 1.07e-12, 2.07e-10
2018-10-11 10:09:14, 1.05e-12, 2.07e-10
2018-10-11 10:09:18, 1.03e-12, 2.07e-10
2018-10-11 10:09:22, 1.07e-12, 2.07e-10
2018-10-11 10:09:27, 1.04e-12, 2.07e-10
2018-10-11 10:09:31, 1.02e-12, 2.07e-10
2018-10-11 10:09:35, 1.14e-12, 2.07e-10
2018-10-11 10:09:39, 1.16e-12, 2.07e-10
2018-10-11 10:09:43, 1e-12, 2.07e-10
2018-10-11 10:09:48, 1.06e-12, 2.07e-10
2018-10-11 10:09:52, 1.05e-12, 2.07e-10
2018-10-11 10:09:56, 1.07e-12, 2.07e-10
2018-10-11 10:10:00, 1.08e-12, 2.07e-10
2018-10-11 10:10:05, 1.06e-12, 2.07e-10
2018-10-11 10:10:09, 1.1e-12, 2.07e-10
2018-10-11 10:10:13, 1.08e-12, 2.07e-10
2018-10-11 10:10:17, 1.09e-12, 2.07e-10
2018-10-11 10:10:21, 1.01e-12, 2.07e-10
2018-10-11 10:10:26, 1.09e-12, 2.07e-10
2018-10-11 10:10:30, 1.12e-12, 2.07e-10
2018-10-11 10:10:34, 1.08e-12, 2.07e-10
2018-10-11 10:10:38, 9.89e-13, 2.07e-10
2018-10-11 10:10:43, 1.09e-12, 2.07e-10
2018-10-11 10:10:47, 1.09e-12, 2.07e-10
2018-10-11 10:10:51, 1.21e-12, 2.07e-10
2018-10-11 10:10:55, 1.06e-12, 2.07e-10
2018-10-11 10:10:59, 9.65e-13, 2.07e-10
2018-10-11 10:11:04, 1.09e-12, 2.07e-10
2018-10-11 10:11:08, 1.14e-12, 2.07e-10
2018-10-11 10:11:12, 1.02e-12, 2.07e-10
2018-10-11 10:11:16, 1.12e-12, 2.07e-10
2018-10-11 10:11:21, 1.06e-12, 2.08e-10
2018-10-11 10:11:25, 1.03e-12, 2.07e-10
2018-10-11 10:11:29, 1.02e-12, 2.07e-10
2018-10-11 10:11:33, 1e-12, 2.07e-10
2018-10-11 10:11:37, 9.28e-13, 2.07e-10
2018-10-11 10:11:42, 1.11e-12, 2.07e-10
2018-10-11 10:11:46, 1.24e-12, 2.08e-10
2018-10-11 10:11:50, 1.06e-12, 2.07e-10
2018-10-11 10:11:54, 1.09e-12, 2.07e-10
2018-10-11 10:11:59, 1.07e-12, 2.07e-10
2018-10-11 10:12:03, 1.06e-12, 2.07e-10
2018-10-11 10:12:07, 1.06e-12, 2.07e-10
2018-10-11 10:12:11, 1.04e-12, 2.07e-10
2018-10-11 10:12:15, 1.03e-12, 2.07e-10
2018-10-11 10:12:20, 1.08e-12, 2.07e-10
2018-10-11 10:12:24, 1.07e-12, 2.07e-10
2018-10-11 10:12:28, 1.1e-12, 2.07e-10
2018-10-11 10:12:32, 1.09e-12, 2.07e-10
2018-10-11 10:12:37, 1.03e-12, 2.07e-10
2018-10-11 10:12:41, 9.29e-13, 2.07e-10
2018-10-11 10:12:45, 1.06e-12, 2.07e-10
2018-10-11 10:12:49, 1.08e-12, 2.07e-10
2018-10-11 10:12:53, 1.11e-12, 2.07e-10
2018-10-11 10:12:58, 1.18e-12, 2.07e-10
2018-10-11 10:13:02, 1.12e-12, 2.07e-10
2018-10-11 10:13:06, 1.06e-12, 2.07e-10
2018-10-11 10:13:10, 9.99e-13, 2.07e-10
2018-10-11 10:13:15, 1.09e-12, 2.08e-10
2018-10-11 10:13:19, 1.05e-12, 2.07e-10
2018-10-11 10:13:23, 1.08e-12, 2.07e-10
2018-10-11 10:13:27, 1.08e-12, 2.08e-10
2018-10-11 10:13:31, 1.01e-12, 2.08e-10
2018-10-11 10:13:36, 1.06e-12, 2.07e-10
2018-10-11 10:13:40, 1.03e-12, 2.07e-10
2018-10-11 10:13:44, 1.06e-12, 2.07e-10
2018-10-11 10:13:48, 1e-12, 2.07e-10
2018-10-11 10:13:53, 1.08e-12, 2.08e-10
2018-10-11 10:13:57, 1.11e-12, 2.07e-10
2018-10-11 10:14:01, 1.21e-12, 2.07e-10
2018-10-11 10:14:05, 1.05e-12, 2.07e-10
2018-10-11 10:14:09, 1.01e-12, 2.07e-10
2018-10-11 10:14:14, 1.05e-12, 2.07e-10
2018-10-11 10:14:18, 1.1e-12, 2.08e-10
2018-10-11 10:14:22, 1.1e-12, 2.07e-10
2018-10-11 10:14:26, 1.05e-12, 2.07e-10
2018-10-11 10:14:30, 1.11e-12, 2.07e-10
2018-10-11 10:14:35, 1.05e-12, 2.07e-10
2018-10-11 10:14:39, 1.09e-12, 2.07e-10
2018-10-11 10:14:43, 1.07e-12, 2.07e-10
2018-10-11 10:14:47, 1.08e-12, 2.07e-10
2018-10-11 10:14:52, 1.12e-12, 2.07e-10
2018-10-11 10:14:56, 1.06e-12, 2.08e-10
2018-10-11 10:15:00, 1.2e-12, 2.08e-10
2018-10-11 10:15:04, 1.05e-12, 2.07e-10
2018-10-11 10:15:08, 1.06e-12, 2.07e-10
2018-10-11 10:15:13, 1.04e-12, 2.07e-10
2018-10-11 10:15:17, 1.1e-12, 2.08e-10
2018-10-11 10:15:21, 1.03e-12, 2.08e-10
2018-10-11 10:15:25, 1.06e-12, 2.08e-10
2018-10-11 10:15:30, 1.05e-12, 2.07e-10
2018-10-11 10:15:34, 1.17e-12, 2.07e-10
2018-10-11 10:15:38, 1.03e-12, 2.07e-10
2018-10-11 10:15:42, 9.79e-13, 2.08e-10
2018-10-11 10:15:46, 1.09e-12, 2.07e-10
2018-10-11 10:15:51, 1.1e-12, 2.08e-10
2018-10-11 10:15:55, 1.04e-12, 2.08e-10
2018-10-11 10:15:59, 1.02e-12, 2.07e-10
2018-10-11 10:16:03, 1.08e-12, 2.08e-10
2018-10-11 10:16:08, 1.05e-12, 2.08e-10
2018-10-11 10:16:12, 1.04e-12, 2.08e-10
2018-10-11 10:16:16, 1.05e-12, 2.08e-10
2018-10-11 10:16:20, 1.06e-12, 2.08e-10
2018-10-11 10:16:24, 1.08e-12, 2.08e-10
2018-10-11 10:16:29, 1.11e-12, 2.08e-10
2018-10-11 10:16:33, 1.1e-12, 2.08e-10
2018-10-11 10:16:37, 1e-12, 2.08e-10
2018-10-11 10:16:41, 1.17e-12, 2.07e-10
2018-10-11 10:16:46, 1.14e-12, 2.08e-10
2018-10-11 10:16:50, 1.01e-12, 2.08e-10
2018-10-11 10:16:54, 1.09e-12, 2.08e-10
2018-10-11 10:16:58, 1.09e-12, 2.08e-10
2018-10-11 10:17:02, 1.09e-12, 2.08e-10
2018-10-11 10:17:07, 1.12e-12, 2.08e-10
2018-10-11 10:17:11, 1.05e-12, 2.08e-10
2018-10-11 10:17:15, 1.03e-12, 2.08e-10
2018-10-11 10:17:19, 1.01e-12, 2.08e-10
2018-10-11 10:17:24, 1.07e-12, 2.08e-10
2018-10-11 10:17:28, 1.05e-12, 2.08e-10
2018-10-11 10:17:32, 1.05e-12, 2.08e-10
2018-10-11 10:17:36, 1.11e-12, 2.08e-10
2018-10-11 10:17:40, 1.04e-12, 2.08e-10
2018-10-11 10:17:45, 1.03e-12, 2.08e-10
2018-10-11 10:17:49, 1.08e-12, 2.08e-10
2018-10-11 10:17:53, 1.14e-12, 2.08e-10
2018-10-11 10:17:57, 1.04e-12, 2.08e-10
2018-10-11 10:18:02, 1.01e-12, 2.08e-10
2018-10-11 10:18:06, 1.04e-12, 2.08e-10
2018-10-11 10:18:10, 1.09e-12, 2.08e-10
2018-10-11 10:18:14, 1.09e-12, 2.08e-10
2018-10-11 10:18:18, 1.03e-12, 2.08e-10
2018-10-11 10:18:23, 1.11e-12, 2.08e-10
2018-10-11 10:18:27, 1.08e-12, 2.08e-10
2018-10-11 10:18:31, 1.11e-12, 2.08e-10
2018-10-11 10:18:35, 1.08e-12, 2.08e-10
2018-10-11 10:18:40, 1.01e-12, 2.08e-10
2018-10-11 10:18:44, 1.07e-12, 2.08e-10
2018-10-11 10:18:48, 1.11e-12, 2.08e-10
2018-10-11 10:18:52, 1.09e-12, 2.08e-10
2018-10-11 10:18:56, 1.1e-12, 2.08e-10
2018-10-11 10:19:01, 1.07e-12, 2.08e-10
2018-10-11 10:19:05, 1.08e-12, 2.08e-10
2018-10-11 10:19:09, 1.1e-12, 2.08e-10
2018-10-11 10:19:13, 1.04e-12, 2.09e-10
2018-10-11 10:19:18, 1.07e-12, 2.08e-10
2018-10-11 10:19:22, 1.07e-12, 2.08e-10
2018-10-11 10:19:26, 9.7e-13, 2.08e-10
2018-10-11 10:19:30, 1.09e-12, 2.08e-10
2018-10-11 10:19:34, 1.12e-12, 2.08e-10
2018-10-11 10:19:39, 1.08e-12, 2.08e-10
2018-10-11 10:19:43, 1.03e-12, 2.08e-10
2018-10-11 10:19:47, 1.1e-12, 2.08e-10
2018-10-11 10:19:51, 1.05e-12, 2.09e-10
2018-10-11 10:19:56, 1.11e-12, 2.08e-10
2018-10-11 10:20:00, 1.09e-12, 2.08e-10
2018-10-11 10:20:04, 1.04e-12, 2.08e-10
2018-10-11 10:20:08, 1.15e-12, 2.09e-10
2018-10-11 10:20:12, 1.05e-12, 2.08e-10
2018-10-11 10:20:17, 1.02e-12, 2.09e-10
2018-10-11 10:20:21, 1.11e-12, 2.08e-10
2018-10-11 10:20:25, 1.04e-12, 2.09e-10
2018-10-11 10:20:29, 1.02e-12, 2.09e-10
2018-10-11 10:20:34, 1.07e-12, 2.09e-10
2018-10-11 10:20:38, 1.14e-12, 2.09e-10
2018-10-11 10:20:42, 9.31e-13, 2.09e-10
2018-10-11 10:20:46, 1.05e-12, 2.09e-10
2018-10-11 10:20:50, 1.1e-12, 2.09e-10
2018-10-11 10:20:55, 1.15e-12, 2.09e-10
2018-10-11 10:20:59, 1.07e-12, 2.09e-10
2018-10-11 10:21:03, 1.06e-12, 2.09e-10
2018-10-11 10:21:07, 1.05e-12, 2.09e-10
2018-10-11 10:21:12, 1.07e-12, 2.09e-10
2018-10-11 10:21:16, 1.15e-12, 2.09e-10
2018-10-11 10:21:20, 1.11e-12, 2.09e-10
2018-10-11 10:21:24, 1.06e-12, 2.09e-10
2018-10-11 10:21:28, 1.03e-12, 2.09e-10
2018-10-11 10:21:33, 1.05e-12, 2.09e-10
2018-10-11 10:21:37, 1.04e-12, 2.09e-10
2018-10-11 10:21:41, 1.05e-12, 2.09e-10
2018-10-11 10:21:45, 1.07e-12, 2.09e-10
2018-10-11 10:21:49, 1.1e-12, 2.09e-10
2018-10-11 10:21:54, 1.05e-12, 2.09e-10
2018-10-11 10:21:58, 8.89e-13, 2.09e-10
2018-10-11 10:22:02, 1.06e-12, 2.09e-10
2018-10-11 10:22:06, 1.07e-12, 2.09e-10
2018-10-11 10:22:11, 1.05e-12, 2.09e-10
2018-10-11 10:22:15, 1.08e-12, 2.09e-10
2018-10-11 10:22:19, 1.03e-12, 2.09e-10
2018-10-11 10:22:23, 1.08e-12, 2.09e-10
2018-10-11 10:22:27, 1.1e-12, 2.09e-10
2018-10-11 10:22:32, 1.08e-12, 2.1e-10
2018-10-11 10:22:36, 1.09e-12, 2.1e-10
2018-10-11 10:22:40, 1.04e-12, 2.09e-10
2018-10-11 10:22:44, 1.14e-12, 2.09e-10
2018-10-11 10:22:49, 1.1e-12, 2.09e-10
2018-10-11 10:22:53, 1.1e-12, 2.09e-10
2018-10-11 10:22:57, 1.12e-12, 2.09e-10
2018-10-11 10:23:01, 1.07e-12, 2.09e-10
2018-10-11 10:23:05, 1.03e-12, 2.09e-10
2018-10-11 10:23:10, 1.05e-12, 2.09e-10
2018-10-11 10:23:14, 1.1e-12, 2.09e-10
2018-10-11 10:23:18, 1.05e-12, 2.09e-10
2018-10-11 10:23:22, 1.21e-12, 2.09e-10
2018-10-11 10:23:27, 9.94e-13, 2.09e-10
2018-10-11 10:23:31, 1.08e-12, 2.09e-10
2018-10-11 10:23:35, 1.02e-12, 2.09e-10
2018-10-11 10:23:39, 1.08e-12, 2.09e-10
2018-10-11 10:23:43, 1.1e-12, 2.09e-10
2018-10-11 10:23:48, 1.1e-12, 2.09e-10
2018-10-11 10:23:52, 1.04e-12, 2.09e-10
2018-10-11 10:23:56, 1.13e-12, 2.09e-10
2018-10-11 10:24:00, 1.07e-12, 2.09e-10
2018-10-11 10:24:05, 1.09e-12, 2.09e-10
2018-10-11 10:24:09, 1.14e-12, 2.09e-10
2018-10-11 10:24:13, 1.01e-12, 2.1e-10
2018-10-11 10:24:17, 1.13e-12, 2.09e-10
2018-10-11 10:24:21, 1.12e-12, 2.09e-10
2018-10-11 10:24:26, 1.09e-12, 2.09e-10
2018-10-11 10:24:30, 1.08e-12, 2.09e-10
2018-10-11 10:24:34, 1.09e-12, 2.09e-10
2018-10-11 10:24:38, 1.08e-12, 2.1e-10
2018-10-11 10:24:43, 1.08e-12, 2.1e-10
2018-10-11 10:24:47, 1.09e-12, 2.1e-10
2018-10-11 10:24:51, 1.08e-12, 2.09e-10
2018-10-11 10:24:55, 1.02e-12, 2.1e-10
2018-10-11 10:24:59, 1.1e-12, 2.1e-10
2018-10-11 10:25:04, 1.04e-12, 2.1e-10
2018-10-11 10:25:08, 1e-12, 2.1e-10
2018-10-11 10:25:12, 1.1e-12, 2.1e-10
2018-10-11 10:25:16, 1.06e-12, 2.1e-10
2018-10-11 10:25:21, 1.08e-12, 2.1e-10
2018-10-11 10:25:25, 1.1e-12, 2.1e-10
2018-10-11 10:25:29, 1.12e-12, 2.1e-10
2018-10-11 10:25:33, 1.07e-12, 2.1e-10
2018-10-11 10:25:37, 1.1e-12, 2.1e-10
2018-10-11 10:25:42, 1.09e-12, 2.1e-10
2018-10-11 10:25:46, 1.08e-12, 2.1e-10
2018-10-11 10:25:50, 1.14e-12, 2.1e-10
2018-10-11 10:25:54, 1.08e-12, 2.1e-10
2018-10-11 10:25:59, 1.08e-12, 2.1e-10
2018-10-11 10:26:03, 1.19e-12, 2.1e-10
2018-10-11 10:26:07, 1.09e-12, 2.1e-10
2018-10-11 10:26:11, 1.13e-12, 2.1e-10
2018-10-11 10:26:15, 1.01e-12, 2.1e-10
2018-10-11 10:26:20, 1.11e-12, 2.1e-10
2018-10-11 10:26:24, 1.07e-12, 2.1e-10
2018-10-11 10:26:28, 1.11e-12, 2.1e-10
2018-10-11 10:26:32, 1.18e-12, 2.1e-10
2018-10-11 10:26:37, 1.16e-12, 2.1e-10
2018-10-11 10:26:41, 1.15e-12, 2.1e-10
2018-10-11 10:26:45, 9.86e-13, 2.1e-10
2018-10-11 10:26:49, 1.16e-12, 2.1e-10
2018-10-11 10:26:53, 1.24e-12, 2.1e-10
2018-10-11 10:26:58, 1.1e-12, 2.1e-10
2018-10-11 10:27:02, 1.2e-12, 2.1e-10
2018-10-11 10:27:06, 1.11e-12, 2.1e-10
2018-10-11 10:27:10, 1.17e-12, 2.1e-10
2018-10-11 10:27:15, 1.12e-12, 2.1e-10
2018-10-11 10:27:19, 1.05e-12, 2.1e-10
2018-10-11 10:27:23, 1.05e-12, 2.1e-10
2018-10-11 10:27:27, 1.06e-12, 2.1e-10
2018-10-11 10:27:31, 1.04e-12, 2.1e-10
2018-10-11 10:27:36, 1.06e-12, 2.1e-10
2018-10-11 10:27:40, 1.04e-12, 2.1e-10
2018-10-11 10:27:44, 1.07e-12, 2.1e-10
2018-10-11 10:27:48, 1.07e-12, 2.1e-10
2018-10-11 10:27:53, 1.12e-12, 2.1e-10
2018-10-11 10:27:57, 1.07e-12, 2.1e-10
2018-10-11 10:28:01, 1.08e-12, 2.1e-10
2018-10-11 10:28:05, 1.08e-12, 2.1e-10
2018-10-11 10:28:09, 1.05e-12, 2.1e-10
2018-10-11 10:28:14, 9.37e-13, 2.1e-10
2018-10-11 10:28:18, 1.03e-12, 2.1e-10
2018-10-11 10:28:22, 1.09e-12, 2.1e-10
2018-10-11 10:28:26, 1.08e-12, 2.1e-10
2018-10-11 10:28:31, 1.06e-12, 2.1e-10
2018-10-11 10:28:35, 1.07e-12, 2.1e-10
2018-10-11 10:28:39, 1.12e-12, 2.1e-10
2018-10-11 10:28:43, 1.03e-12, 2.1e-10
2018-10-11 10:28:47, 1.07e-12, 2.1e-10
2018-10-11 10:28:52, 1.04e-12, 2.1e-10
2018-10-11 10:28:56, 1.05e-12, 2.1e-10
2018-10-11 10:29:00, 1.11e-12, 2.1e-10
2018-10-11 10:29:04, 1.08e-12, 2.1e-10
2018-10-11 10:29:08, 1.1e-12, 2.1e-10
2018-10-11 10:29:13, 1.12e-12, 2.1e-10
2018-10-11 10:29:17, 1.09e-12, 2.1e-10
2018-10-11 10:29:21, 1.07e-12, 2.1e-10
2018-10-11 10:29:25, 1.14e-12, 2.1e-10
2018-10-11 10:29:30, 1.07e-12, 2.1e-10
2018-10-11 10:29:34, 1.1e-12, 2.1e-10
2018-10-11 10:29:38, 1.15e-12, 2.1e-10
2018-10-11 10:29:42, 1.11e-12, 2.1e-10
2018-10-11 10:29:46, 1.06e-12, 2.1e-10
2018-10-11 10:29:51, 1.08e-12, 2.1e-10
2018-10-11 10:29:55, 1.08e-12, 2.1e-10
2018-10-11 10:29:59, 1.07e-12, 2.1e-10
2018-10-11 10:30:03, 1.19e-12, 2.1e-10
2018-10-11 10:30:08, 1.16e-12, 2.1e-10
2018-10-11 10:30:12, 1.08e-12, 2.1e-10
2018-10-11 10:30:16, 1.08e-12, 2.1e-10
2018-10-11 10:30:20, 1.05e-12, 2.1e-10
2018-10-11 10:30:24, 1.1e-12, 2.1e-10
2018-10-11 10:30:29, 1.07e-12, 2.1e-10
2018-10-11 10:30:33, 1.02e-12, 2.1e-10
2018-10-11 10:30:37, 1.11e-12, 2.1e-10
2018-10-11 10:30:41, 1.06e-12, 2.11e-10
2018-10-11 10:30:46, 1.12e-12, 2.11e-10
2018-10-11 10:30:50, 1.06e-12, 2.11e-10
2018-10-11 10:30:54, 1.04e-12, 2.11e-10
2018-10-11 10:30:58, 1.07e-12, 2.1e-10
2018-10-11 10:31:02, 1.05e-12, 2.11e-10
2018-10-11 10:31:07, 1.1e-12, 2.1e-10
2018-10-11 10:31:11, 1.06e-12, 2.1e-10
2018-10-11 10:31:15, 9.47e-13, 2.1e-10
2018-10-11 10:31:19, 1.06e-12, 2.1e-10
2018-10-11 10:31:24, 1.06e-12, 2.1e-10
2018-10-11 10:31:28, 1.01e-12, 2.11e-10
2018-10-11 10:31:32, 1.07e-12, 2.11e-10
2018-10-11 10:31:36, 1.08e-12, 2.1e-10
2018-10-11 10:31:40, 1.09e-12, 2.1e-10
2018-10-11 10:31:45, 1.09e-12, 2.11e-10
2018-10-11 10:31:49, 1.06e-12, 2.11e-10
2018-10-11 10:31:53, 1.02e-12, 2.11e-10
2018-10-11 10:31:57, 1.1e-12, 2.11e-10
2018-10-11 10:32:02, 1.08e-12, 2.11e-10
2018-10-11 10:32:06, 1.08e-12, 2.11e-10
2018-10-11 10:32:10, 1.02e-12, 2.11e-10
2018-10-11 10:32:14, 1.06e-12, 2.11e-10
2018-10-11 10:32:18, 1.04e-12, 2.11e-10
2018-10-11 10:32:23, 1.09e-12, 2.1e-10
2018-10-11 10:32:27, 1.06e-12, 2.1e-10
2018-10-11 10:32:31, 1.05e-12, 2.1e-10
2018-10-11 10:32:35, 1.17e-12, 2.11e-10
2018-10-11 10:32:40, 1.12e-12, 2.11e-10
2018-10-11 10:32:44, 1.09e-12, 2.1e-10
2018-10-11 10:32:48, 1.06e-12, 2.1e-10
2018-10-11 10:32:52, 9.34e-13, 2.11e-10
2018-10-11 10:32:56, 1.05e-12, 2.11e-10
2018-10-11 10:33:01, 1.12e-12, 2.11e-10
2018-10-11 10:33:05, 1.07e-12, 2.11e-10
2018-10-11 10:33:09, 1.06e-12, 2.11e-10
2018-10-11 10:33:13, 1.09e-12, 2.11e-10
2018-10-11 10:33:18, 1.03e-12, 2.11e-10
2018-10-11 10:33:22, 1.1e-12, 2.11e-10
2018-10-11 10:33:26, 1.05e-12, 2.11e-10
2018-10-11 10:33:30, 1.08e-12, 2.11e-10
2018-10-11 10:33:34, 1.08e-12, 2.1e-10
2018-10-11 10:33:39, 1.04e-12, 2.1e-10
2018-10-11 10:33:43, 1.08e-12, 2.1e-10
2018-10-11 10:33:47, 1.11e-12, 2.1e-10
2018-10-11 10:33:51, 1.06e-12, 2.1e-10
2018-10-11 10:33:56, 1.09e-12, 2.1e-10
2018-10-11 10:34:00, 1.06e-12, 2.1e-10
2018-10-11 10:34:04, 1.1e-12, 2.1e-10
2018-10-11 10:34:08, 1.05e-12, 2.1e-10
2018-10-11 10:34:12, 1.06e-12, 2.1e-10
2018-10-11 10:34:17, 1.03e-12, 2.1e-10
2018-10-11 10:34:21, 1.04e-12, 2.1e-10
2018-10-11 10:34:25, 1.08e-12, 2.1e-10
2018-10-11 10:34:29, 1.13e-12, 2.1e-10
2018-10-11 10:34:34, 1.17e-12, 2.1e-10
2018-10-11 10:34:38, 1.12e-12, 2.1e-10
2018-10-11 10:34:42, 9.96e-13, 2.1e-10
2018-10-11 10:34:46, 1.1e-12, 2.1e-10
2018-10-11 10:34:50, 1.19e-12, 2.1e-10
2018-10-11 10:34:55, 1.13e-12, 2.1e-10
2018-10-11 10:34:59, 1.08e-12, 2.1e-10
2018-10-11 10:35:03, 1.01e-12, 2.1e-10
2018-10-11 10:35:07, 1.1e-12, 2.11e-10
2018-10-11 10:35:11, 1.03e-12, 2.1e-10
2018-10-11 10:35:16, 1.1e-12, 2.1e-10
2018-10-11 10:35:20, 1.07e-12, 2.1e-10
2018-10-11 10:35:24, 1.06e-12, 2.1e-10
2018-10-11 10:35:28, 1.15e-12, 2.1e-10
2018-10-11 10:35:33, 1.07e-12, 2.1e-10
2018-10-11 10:35:37, 1.06e-12, 2.1e-10
2018-10-11 10:35:41, 1.09e-12, 2.1e-10
2018-10-11 10:35:45, 1.1e-12, 2.1e-10
2018-10-11 10:35:49, 1.05e-12, 2.1e-10
2018-10-11 10:35:54, 1.05e-12, 2.1e-10
2018-10-11 10:35:58, 1.04e-12, 2.11e-10
2018-10-11 10:36:02, 1.04e-12, 2.1e-10
2018-10-11 10:36:06, 1.11e-12, 2.11e-10
2018-10-11 10:36:11, 9.42e-13, 2.11e-10
2018-10-11 10:36:15, 1.08e-12, 2.11e-10
2018-10-11 10:36:19, 1.07e-12, 2.11e-10
2018-10-11 10:36:23, 1.08e-12, 2.1e-10
2018-10-11 10:36:27, 1.05e-12, 2.1e-10
2018-10-11 10:36:32, 1.03e-12, 2.1e-10
2018-10-11 10:36:36, 1.06e-12, 2.1e-10
2018-10-11 10:36:40, 1.06e-12, 2.1e-10
2018-10-11 10:36:44, 1.05e-12, 2.1e-10
2018-10-11 10:36:49, 1.04e-12, 2.1e-10
2018-10-11 10:36:53, 9.11e-13, 2.1e-10
2018-10-11 10:36:57, 1.04e-12, 2.11e-10
2018-10-11 10:37:01, 1.09e-12, 2.1e-10
2018-10-11 10:37:05, 1.1e-12, 2.11e-10
2018-10-11 10:37:10, 1.09e-12, 2.11e-10
2018-10-11 10:37:14, 1.07e-12, 2.1e-10
2018-10-11 10:37:18, 1.05e-12, 2.1e-10
2018-10-11 10:37:22, 9.72e-13, 2.1e-10
2018-10-11 10:37:27, 1.05e-12, 2.11e-10
2018-10-11 10:37:31, 1.06e-12, 2.1e-10
2018-10-11 10:37:35, 1.06e-12, 2.1e-10
2018-10-11 10:37:39, 1.08e-12, 2.1e-10
2018-10-11 10:37:43, 9.99e-13, 2.1e-10
2018-10-11 10:37:48, 1.07e-12, 2.1e-10
2018-10-11 10:37:52, 1.13e-12, 2.1e-10
2018-10-11 10:37:56, 1.08e-12, 2.1e-10
2018-10-11 10:38:00, 1.19e-12, 2.1e-10
2018-10-11 10:38:05, 1.11e-12, 2.1e-10
2018-10-11 10:38:09, 1.2e-12, 2.1e-10
2018-10-11 10:38:13, 1.07e-12, 2.1e-10
2018-10-11 10:38:17, 1.06e-12, 2.1e-10
2018-10-11 10:38:21, 1.1e-12, 2.1e-10
2018-10-11 10:38:26, 1.05e-12, 2.1e-10
2018-10-11 10:38:30, 1.03e-12, 2.1e-10
2018-10-11 10:38:34, 1.04e-12, 2.1e-10
2018-10-11 10:38:38, 1.04e-12, 2.1e-10
2018-10-11 10:38:43, 9.92e-13, 2.1e-10
2018-10-11 10:38:47, 1.12e-12, 2.1e-10
2018-10-11 10:38:51, 1.04e-12, 2.1e-10
2018-10-11 10:38:55, 1.06e-12, 2.11e-10
2018-10-11 10:38:59, 1.07e-12, 2.11e-10
2018-10-11 10:39:04, 1.06e-12, 2.1e-10
2018-10-11 10:39:08, 8.36e-13, 2.1e-10
2018-10-11 10:39:12, 1.04e-12, 2.1e-10
2018-10-11 10:39:16, 1.02e-12, 2.1e-10
2018-10-11 10:39:21, 1.22e-12, 2.1e-10
2018-10-11 10:39:25, 1.09e-12, 2.1e-10
2018-10-11 10:39:29, 1.01e-12, 2.1e-10
2018-10-11 10:39:33, 1.07e-12, 2.1e-10
2018-10-11 10:39:37, 1e-12, 2.1e-10
2018-10-11 10:39:42, 9.88e-13, 2.1e-10
2018-10-11 10:39:46, 1.11e-12, 2.1e-10
2018-10-11 10:39:50, 1.08e-12, 2.1e-10
2018-10-11 10:39:54, 1e-12, 2.1e-10
2018-10-11 10:39:59, 1.09e-12, 2.1e-10
2018-10-11 10:40:03, 1.05e-12, 2.1e-10
2018-10-11 10:40:07, 1.06e-12, 2.1e-10
2018-10-11 10:40:11, 1.11e-12, 2.1e-10
2018-10-11 10:40:15, 1.07e-12, 2.1e-10
2018-10-11 10:40:20, 1.04e-12, 2.1e-10
2018-10-11 10:40:24, 1.15e-12, 2.1e-10
2018-10-11 10:40:28, 9.5e-13, 2.1e-10
2018-10-11 10:40:32, 1.04e-12, 2.1e-10
2018-10-11 10:40:37, 1.04e-12, 2.1e-10
2018-10-11 10:40:41, 1.04e-12, 2.1e-10
2018-10-11 10:40:45, 1.07e-12, 2.1e-10
2018-10-11 10:40:49, 1.11e-12, 2.1e-10
2018-10-11 10:40:53, 1.04e-12, 2.1e-10
2018-10-11 10:40:58, 1.03e-12, 2.1e-10
2018-10-11 10:41:02, 1.08e-12, 2.1e-10
2018-10-11 10:41:06, 1.05e-12, 2.1e-10
2018-10-11 10:41:10, 1.03e-12, 2.1e-10
2018-10-11 10:41:15, 1.15e-12, 2.1e-10
2018-10-11 10:41:19, 1.09e-12, 2.1e-10
2018-10-11 10:41:23, 1.09e-12, 2.1e-10
2018-10-11 10:41:27, 1.19e-12, 2.1e-10
2018-10-11 10:41:31, 1.06e-12, 2.1e-10
2018-10-11 10:41:36, 1.03e-12, 2.1e-10
2018-10-11 10:41:40, 9.91e-13, 2.1e-10
2018-10-11 10:41:44, 1.05e-12, 2.1e-10
2018-10-11 10:41:48, 1.16e-12, 2.1e-10
2018-10-11 10:41:53, 1.08e-12, 2.1e-10
2018-10-11 10:41:57, 1.09e-12, 2.1e-10
2018-10-11 10:42:01, 1.07e-12, 2.1e-10
2018-10-11 10:42:05, 1.04e-12, 2.1e-10
2018-10-11 10:42:09, 1.04e-12, 2.1e-10
2018-10-11 10:42:14, 1.06e-12, 2.1e-10
2018-10-11 10:42:18, 1.01e-12, 2.1e-10
2018-10-11 10:42:22, 1.09e-12, 2.1e-10
2018-10-11 10:42:26, 1.04e-12, 2.1e-10
2018-10-11 10:42:31, 1e-12, 2.1e-10
2018-10-11 10:42:35, 1.12e-12, 2.1e-10
2018-10-11 10:42:39, 1.08e-12, 2.1e-10
2018-10-11 10:42:43, 1.1e-12, 2.1e-10
2018-10-11 10:42:47, 1.16e-12, 2.1e-10
2018-10-11 10:42:52, 1.06e-12, 2.1e-10
2018-10-11 10:42:56, 1.12e-12, 2.1e-10
2018-10-11 10:43:00, 1.05e-12, 2.1e-10
2018-10-11 10:43:04, 1.15e-12, 2.1e-10
2018-10-11 10:43:09, 1.01e-12, 2.1e-10
2018-10-11 10:43:13, 1.06e-12, 2.1e-10
2018-10-11 10:43:17, 1.06e-12, 2.1e-10
2018-10-11 10:43:21, 1.08e-12, 2.1e-10
2018-10-11 10:43:25, 1.09e-12, 2.1e-10
2018-10-11 10:43:30, 1.06e-12, 2.1e-10
2018-10-11 10:43:34, 1.04e-12, 2.1e-10
2018-10-11 10:43:38, 1.11e-12, 2.1e-10
2018-10-11 10:43:42, 1.01e-12, 2.1e-10
2018-10-11 10:43:47, 1.08e-12, 2.1e-10
2018-10-11 10:43:51, 1.04e-12, 2.1e-10
2018-10-11 10:43:55, 1.06e-12, 2.1e-10
2018-10-11 10:43:59, 1.05e-12, 2.1e-10
2018-10-11 10:44:03, 1.2e-12, 2.1e-10
2018-10-11 10:44:08, 1.06e-12, 2.1e-10
2018-10-11 10:44:12, 9.81e-13, 2.1e-10
2018-10-11 10:44:16, 1.06e-12, 2.1e-10
2018-10-11 10:44:20, 1.04e-12, 2.1e-10
2018-10-11 10:44:25, 1.04e-12, 2.1e-10
2018-10-11 10:44:29, 1.02e-12, 2.1e-10
2018-10-11 10:44:33, 1.08e-12, 2.1e-10
2018-10-11 10:44:37, 1.07e-12, 2.1e-10
2018-10-11 10:44:41, 1.19e-12, 2.1e-10
2018-10-11 10:44:46, 1.06e-12, 2.1e-10
2018-10-11 10:44:50, 1.07e-12, 2.1e-10
2018-10-11 10:44:54, 1.01e-12, 2.1e-10
2018-10-11 10:44:58, 1.08e-12, 2.11e-10
2018-10-11 10:45:02, 1.13e-12, 2.1e-10
2018-10-11 10:45:07, 1.08e-12, 2.1e-10
2018-10-11 10:45:11, 1.24e-12, 2.1e-10
2018-10-11 10:45:15, 9.45e-13, 2.1e-10
2018-10-11 10:45:19, 1.08e-12, 2.1e-10
2018-10-11 10:45:24, 9.9e-13, 2.11e-10
2018-10-11 10:45:28, 1.08e-12, 2.11e-10
2018-10-11 10:45:32, 1.15e-12, 2.1e-10
2018-10-11 10:45:36, 1.14e-12, 2.1e-10
2018-10-11 10:45:40, 1.19e-12, 2.1e-10
2018-10-11 10:45:45, 1.03e-12, 2.1e-10
2018-10-11 10:45:49, 1.11e-12, 2.1e-10
2018-10-11 10:45:53, 1.11e-12, 2.1e-10
2018-10-11 10:45:57, 1.07e-12, 2.1e-10
2018-10-11 10:46:02, 1.09e-12, 2.1e-10
2018-10-11 10:46:06, 1.09e-12, 2.1e-10
2018-10-11 10:46:10, 1e-12, 2.1e-10
2018-10-11 10:46:14, 1.09e-12, 2.1e-10
2018-10-11 10:46:18, 1.07e-12, 2.1e-10
2018-10-11 10:46:23, 1.07e-12, 2.1e-10
2018-10-11 10:46:27, 1.04e-12, 2.1e-10
2018-10-11 10:46:31, 1.06e-12, 2.11e-10
2018-10-11 10:46:35, 1.07e-12, 2.1e-10
2018-10-11 10:46:40, 1.11e-12, 2.1e-10
2018-10-11 10:46:44, 1.06e-12, 2.1e-10
2018-10-11 10:46:48, 1.03e-12, 2.1e-10
2018-10-11 10:46:52, 1.07e-12, 2.1e-10
2018-10-11 10:46:56, 1.02e-12, 2.1e-10
2018-10-11 10:47:01, 1.03e-12, 2.1e-10
2018-10-11 10:47:05, 9.88e-13, 2.1e-10
2018-10-11 10:47:09, 1.02e-12, 2.1e-10
2018-10-11 10:47:13, 1.09e-12, 2.1e-10
2018-10-11 10:47:18, 1.09e-12, 2.1e-10
2018-10-11 10:47:22, 1.1e-12, 2.1e-10
2018-10-11 10:47:26, 1.09e-12, 2.1e-10
2018-10-11 10:47:30, 1.03e-12, 2.1e-10
2018-10-11 10:47:34, 1.12e-12, 2.1e-10
2018-10-11 10:47:39, 1.1e-12, 2.1e-10
2018-10-11 10:47:43, 1.08e-12, 2.1e-10
2018-10-11 10:47:47, 1.02e-12, 2.1e-10
2018-10-11 10:47:51, 1.03e-12, 2.1e-10
2018-10-11 10:47:56, 1.05e-12, 2.1e-10
2018-10-11 10:48:00, 1.06e-12, 2.1e-10
2018-10-11 10:48:04, 1.12e-12, 2.1e-10
2018-10-11 10:48:08, 1.1e-12, 2.1e-10
2018-10-11 10:48:12, 1.06e-12, 2.1e-10
2018-10-11 10:48:17, 1.09e-12, 2.1e-10
2018-10-11 10:48:21, 1.07e-12, 2.1e-10
2018-10-11 10:48:25, 1.06e-12, 2.1e-10
2018-10-11 10:48:29, 9.97e-13, 2.1e-10
2018-10-11 10:48:34, 1.21e-12, 2.1e-10
2018-10-11 10:48:38, 9.96e-13, 2.1e-10
2018-10-11 10:48:42, 1.11e-12, 2.1e-10
2018-10-11 10:48:46, 1.06e-12, 2.1e-10
2018-10-11 10:48:50, 1.08e-12, 2.1e-10
2018-10-11 10:48:55, 1.08e-12, 2.1e-10
2018-10-11 10:48:59, 1.03e-12, 2.1e-10
2018-10-11 10:49:03, 9.77e-13, 2.1e-10
2018-10-11 10:49:07, 1.09e-12, 2.1e-10
2018-10-11 10:49:12, 1.04e-12, 2.1e-10
2018-10-11 10:49:16, 1.1e-12, 2.1e-10
2018-10-11 10:49:20, 1.06e-12, 2.1e-10
2018-10-11 10:49:24, 1.04e-12, 2.1e-10
2018-10-11 10:49:28, 1.03e-12, 2.1e-10
2018-10-11 10:49:33, 1.05e-12, 2.1e-10
2018-10-11 10:49:37, 1.11e-12, 2.1e-10
2018-10-11 10:49:41, 1.06e-12, 2.1e-10
2018-10-11 10:49:45, 1.08e-12, 2.1e-10
2018-10-11 10:49:49, 9.66e-13, 2.1e-10
2018-10-11 10:49:54, 8.69e-13, 2.1e-10
2018-10-11 10:49:58, 1.05e-12, 2.1e-10
2018-10-11 10:50:02, 1.06e-12, 2.1e-10
2018-10-11 10:50:06, 1.11e-12, 2.1e-10
2018-10-11 10:50:11, 1.06e-12, 2.1e-10
2018-10-11 10:50:15, 1.08e-12, 2.1e-10
2018-10-11 10:50:19, 1.11e-12, 2.1e-10
2018-10-11 10:50:23, 1.12e-12, 2.1e-10
2018-10-11 10:50:27, 1.04e-12, 2.1e-10
2018-10-11 10:50:32, 1.09e-12, 2.1e-10
2018-10-11 10:50:36, 1.05e-12, 2.1e-10
2018-10-11 10:50:40, 1.07e-12, 2.1e-10
2018-10-11 10:50:44, 1.1e-12, 2.1e-10
2018-10-11 10:50:49, 1.04e-12, 2.1e-10
2018-10-11 10:50:53, 1.07e-12, 2.1e-10
2018-10-11 10:50:57, 1.13e-12, 2.1e-10
2018-10-11 10:51:01, 1e-12, 2.1e-10
2018-10-11 10:51:05, 1.03e-12, 2.1e-10
2018-10-11 10:51:10, 1.08e-12, 2.1e-10
2018-10-11 10:51:14, 1.06e-12, 2.1e-10
2018-10-11 10:51:18, 1.07e-12, 2.1e-10
2018-10-11 10:51:22, 1.07e-12, 2.11e-10
2018-10-11 10:51:27, 1.1e-12, 2.1e-10
2018-10-11 10:51:31, 1.04e-12, 2.1e-10
2018-10-11 10:51:35, 9.91e-13, 2.1e-10
2018-10-11 10:51:39, 1.11e-12, 2.1e-10
2018-10-11 10:51:43, 1.07e-12, 2.1e-10
2018-10-11 10:51:48, 9.93e-13, 2.1e-10
2018-10-11 10:51:52, 1.1e-12, 2.1e-10
2018-10-11 10:51:56, 1.11e-12, 2.1e-10
2018-10-11 10:52:00, 1.1e-12, 2.1e-10
2018-10-11 10:52:05, 1.1e-12, 2.11e-10
2018-10-11 10:52:09, 1.11e-12, 2.1e-10
2018-10-11 10:52:13, 1.11e-12, 2.1e-10
2018-10-11 10:52:17, 1.05e-12, 2.1e-10
2018-10-11 10:52:21, 1.2e-12, 2.1e-10
2018-10-11 10:52:26, 1.02e-12, 2.1e-10
2018-10-11 10:52:30, 1.05e-12, 2.1e-10
2018-10-11 10:52:34, 1.05e-12, 2.1e-10
2018-10-11 10:52:38, 1.12e-12, 2.1e-10
2018-10-11 10:52:43, 1.06e-12, 2.1e-10
2018-10-11 10:52:47, 1.06e-12, 2.1e-10
2018-10-11 10:52:51, 1.04e-12, 2.1e-10
2018-10-11 10:52:55, 1.13e-12, 2.1e-10
2018-10-11 10:52:59, 1.05e-12, 2.1e-10
2018-10-11 10:53:04, 9.75e-13, 2.1e-10
2018-10-11 10:53:08, 1.13e-12, 2.1e-10
2018-10-11 10:53:12, 1.06e-12, 2.1e-10
2018-10-11 10:53:16, 1.14e-12, 2.1e-10
2018-10-11 10:53:21, 1.05e-12, 2.1e-10
2018-10-11 10:53:25, 1.1e-12, 2.1e-10
2018-10-11 10:53:29, 1.07e-12, 2.1e-10
2018-10-11 10:53:33, 1.07e-12, 2.1e-10
2018-10-11 10:53:37, 1.03e-12, 2.1e-10
2018-10-11 10:53:42, 9.98e-13, 2.1e-10
2018-10-11 10:53:46, 1.06e-12, 2.1e-10
2018-10-11 10:53:50, 9.67e-13, 2.1e-10
2018-10-11 10:53:54, 1.11e-12, 2.1e-10
2018-10-11 10:53:59, 1.05e-12, 2.1e-10
2018-10-11 10:54:03, 9.88e-13, 2.1e-10
2018-10-11 10:54:07, 1.09e-12, 2.1e-10
2018-10-11 10:54:11, 1.02e-12, 2.1e-10
2018-10-11 10:54:15, 1.07e-12, 2.1e-10
2018-10-11 10:54:20, 1.04e-12, 2.1e-10
2018-10-11 10:54:24, 1.16e-12, 2.1e-10
2018-10-11 10:54:28, 1.01e-12, 2.1e-10
2018-10-11 10:54:32, 1.03e-12, 2.1e-10
2018-10-11 10:54:37, 1.08e-12, 2.1e-10
2018-10-11 10:54:41, 9.48e-13, 2.1e-10
2018-10-11 10:54:45, 1.08e-12, 2.1e-10
2018-10-11 10:54:49, 1.03e-12, 2.1e-10
2018-10-11 10:54:53, 1.1e-12, 2.1e-10
2018-10-11 10:54:58, 1.05e-12, 2.1e-10
2018-10-11 10:55:02, 1.08e-12, 2.1e-10
2018-10-11 10:55:06, 1.05e-12, 2.1e-10
2018-10-11 10:55:10, 1.14e-12, 2.1e-10
2018-10-11 10:55:14, 1.07e-12, 2.1e-10
2018-10-11 10:55:19, 1.05e-12, 2.1e-10
2018-10-11 10:55:23, 1.06e-12, 2.1e-10
2018-10-11 10:55:27, 1.01e-12, 2.1e-10
2018-10-11 10:55:31, 1.1e-12, 2.1e-10
2018-10-11 10:55:36, 1.06e-12, 2.1e-10
2018-10-11 10:55:40, 1.15e-12, 2.1e-10
2018-10-11 10:55:44, 1.11e-12, 2.1e-10
2018-10-11 10:55:48, 1.05e-12, 2.1e-10
2018-10-11 10:55:52, 1.07e-12, 2.1e-10
2018-10-11 10:55:57, 1.05e-12, 2.1e-10
2018-10-11 10:56:01, 1.07e-12, 2.1e-10
2018-10-11 10:56:05, 1.13e-12, 2.1e-10
2018-10-11 10:56:09, 9.79e-13, 2.1e-10
2018-10-11 10:56:14, 1.06e-12, 2.1e-10
2018-10-11 10:56:18, 9.94e-13, 2.1e-10
2018-10-11 10:56:22, 1.06e-12, 2.1e-10
2018-10-11 10:56:26, 1.03e-12, 2.1e-10
2018-10-11 10:56:30, 1.07e-12, 2.1e-10
2018-10-11 10:56:35, 1.08e-12, 2.1e-10
2018-10-11 10:56:39, 1.1e-12, 2.1e-10
2018-10-11 10:56:43, 1.05e-12, 2.1e-10
2018-10-11 10:56:47, 1.15e-12, 2.1e-10
2018-10-11 10:56:52, 1.09e-12, 2.1e-10
2018-10-11 10:56:56, 1e-12, 2.1e-10
2018-10-11 10:57:00, 1e-12, 2.1e-10
2018-10-11 10:57:04, 1.07e-12, 2.1e-10
2018-10-11 10:57:08, 1.04e-12, 2.1e-10
2018-10-11 10:57:13, 1.05e-12, 2.1e-10
2018-10-11 10:57:17, 1.05e-12, 2.1e-10
2018-10-11 10:57:21, 1.08e-12, 2.1e-10
2018-10-11 10:57:25, 1.06e-12, 2.1e-10
2018-10-11 10:57:30, 1.09e-12, 2.1e-10
2018-10-11 10:57:34, 1.1e-12, 2.1e-10
2018-10-11 10:57:38, 1.08e-12, 2.1e-10
2018-10-11 10:57:42, 1.1e-12, 2.1e-10
2018-10-11 10:57:46, 1.05e-12, 2.1e-10
2018-10-11 10:57:51, 1.03e-12, 2.1e-10
2018-10-11 10:57:55, 1.05e-12, 2.1e-10
2018-10-11 10:57:59, 1.07e-12, 2.1e-10
2018-10-11 10:58:03, 1.11e-12, 2.1e-10
2018-10-11 10:58:08, 1.07e-12, 2.1e-10
2018-10-11 10:58:12, 1.11e-12, 2.1e-10
2018-10-11 10:58:16, 1.05e-12, 2.1e-10
2018-10-11 10:58:20, 1.07e-12, 2.1e-10
2018-10-11 10:58:25, 1.05e-12, 2.1e-10
2018-10-11 10:58:29, 1.12e-12, 2.1e-10
2018-10-11 10:58:33, 1.05e-12, 2.1e-10
2018-10-11 10:58:37, 1.06e-12, 2.1e-10
2018-10-11 10:58:41, 1.09e-12, 2.1e-10
2018-10-11 10:58:46, 1.1e-12, 2.1e-10
2018-10-11 10:58:50, 1.06e-12, 2.1e-10
2018-10-11 10:58:54, 1.17e-12, 2.1e-10
2018-10-11 10:58:58, 1.1e-12, 2.09e-10
2018-10-11 10:59:03, 1.15e-12, 2.1e-10
2018-10-11 10:59:07, 1.09e-12, 2.1e-10
2018-10-11 10:59:11, 1.05e-12, 2.1e-10
2018-10-11 10:59:15, 1.03e-12, 2.1e-10
2018-10-11 10:59:19, 1.05e-12, 2.1e-10
2018-10-11 10:59:24, 1.07e-12, 2.1e-10
2018-10-11 10:59:28, 9.58e-13, 2.1e-10
2018-10-11 10:59:32, 1.03e-12, 2.1e-10
2018-10-11 10:59:36, 1.07e-12, 2.1e-10
2018-10-11 10:59:41, 9.91e-13, 2.1e-10
2018-10-11 10:59:45, 1.03e-12, 2.09e-10
2018-10-11 10:59:49, 1.07e-12, 2.1e-10
2018-10-11 10:59:53, 1.04e-12, 2.1e-10
2018-10-11 10:59:57, 1.08e-12, 2.1e-10
2018-10-11 11:00:02, 1.05e-12, 2.1e-10
2018-10-11 11:00:06, 1.08e-12, 2.1e-10
2018-10-11 11:00:10, 1.02e-12, 2.1e-10
2018-10-11 11:00:14, 1.11e-12, 2.1e-10
2018-10-11 11:00:19, 1.01e-12, 2.1e-10
2018-10-11 11:00:23, 1.07e-12, 2.1e-10
2018-10-11 11:00:27, 1.05e-12, 2.1e-10
2018-10-11 11:00:31, 1.11e-12, 2.1e-10
2018-10-11 11:00:35, 1.12e-12, 2.1e-10
2018-10-11 11:00:40, 1.12e-12, 2.09e-10
2018-10-11 11:00:44, 1.02e-12, 2.1e-10
2018-10-11 11:00:48, 1.08e-12, 2.1e-10
2018-10-11 11:00:52, 1.16e-12, 2.1e-10
2018-10-11 11:00:56, 1.06e-12, 2.1e-10
2018-10-11 11:01:01, 1.03e-12, 2.1e-10
2018-10-11 11:01:05, 1.1e-12, 2.1e-10
2018-10-11 11:01:09, 1.08e-12, 2.1e-10
2018-10-11 11:01:13, 9.84e-13, 2.1e-10
2018-10-11 11:01:18, 1e-12, 2.09e-10
2018-10-11 11:01:22, 1.11e-12, 2.1e-10
2018-10-11 11:01:26, 1.04e-12, 2.1e-10
2018-10-11 11:01:30, 1.03e-12, 2.09e-10
2018-10-11 11:01:34, 1.1e-12, 2.1e-10
2018-10-11 11:01:39, 1.12e-12, 2.09e-10
2018-10-11 11:01:43, 1.11e-12, 2.09e-10
2018-10-11 11:01:47, 1.06e-12, 2.1e-10
2018-10-11 11:01:51, 9.43e-13, 2.1e-10
2018-10-11 11:01:56, 1.1e-12, 2.09e-10
2018-10-11 11:02:00, 1.03e-12, 2.1e-10
2018-10-11 11:02:04, 1.03e-12, 2.09e-10
2018-10-11 11:02:08, 1.06e-12, 2.1e-10
2018-10-11 11:02:12, 9.86e-13, 2.1e-10
2018-10-11 11:02:17, 1.1e-12, 2.1e-10
2018-10-11 11:02:21, 1.05e-12, 2.1e-10
2018-10-11 11:02:25, 1.05e-12, 2.1e-10
2018-10-11 11:02:29, 1.09e-12, 2.1e-10
2018-10-11 11:02:34, 1.07e-12, 2.09e-10
2018-10-11 11:02:38, 1.02e-12, 2.09e-10
2018-10-11 11:02:42, 1.08e-12, 2.09e-10
2018-10-11 11:02:46, 9.99e-13, 2.1e-10
2018-10-11 11:02:50, 1.08e-12, 2.09e-10
2018-10-11 11:02:55, 1.02e-12, 2.1e-10
2018-10-11 11:02:59, 1.05e-12, 2.09e-10
2018-10-11 11:03:03, 9.44e-13, 2.09e-10
2018-10-11 11:03:07, 1.21e-12, 2.09e-10
2018-10-11 11:03:12, 9.3e-13, 2.1e-10
2018-10-11 11:03:16, 1.03e-12, 2.09e-10
2018-10-11 11:03:20, 1.08e-12, 2.09e-10
2018-10-11 11:03:24, 1.13e-12, 2.09e-10
2018-10-11 11:03:28, 1.12e-12, 2.09e-10
2018-10-11 11:03:33, 1.07e-12, 2.09e-10
2018-10-11 11:03:37, 1.07e-12, 2.09e-10
2018-10-11 11:03:41, 1.07e-12, 2.09e-10
2018-10-11 11:03:45, 1.07e-12, 2.09e-10
2018-10-11 11:03:50, 1.07e-12, 2.09e-10
2018-10-11 11:03:54, 1.06e-12, 2.09e-10
2018-10-11 11:03:58, 1.06e-12, 2.09e-10
2018-10-11 11:04:02, 9.98e-13, 2.09e-10
2018-10-11 11:04:06, 1.09e-12, 2.1e-10
2018-10-11 11:04:11, 1.08e-12, 2.09e-10
2018-10-11 11:04:15, 1.08e-12, 2.1e-10
2018-10-11 11:04:19, 1.1e-12, 2.09e-10
2018-10-11 11:04:23, 1.21e-12, 2.09e-10
2018-10-11 11:04:28, 1.03e-12, 2.09e-10
2018-10-11 11:04:32, 1.09e-12, 2.09e-10
2018-10-11 11:04:36, 9.56e-13, 2.09e-10
2018-10-11 11:04:40, 1.05e-12, 2.09e-10
2018-10-11 11:04:44, 1.05e-12, 2.09e-10
2018-10-11 11:04:49, 1.12e-12, 2.09e-10
2018-10-11 11:04:53, 1.01e-12, 2.09e-10
2018-10-11 11:04:57, 1.03e-12, 2.09e-10
2018-10-11 11:05:01, 1.09e-12, 2.09e-10
2018-10-11 11:05:06, 1.08e-12, 2.09e-10
2018-10-11 11:05:10, 1e-12, 2.09e-10
2018-10-11 11:05:14, 1.08e-12, 2.09e-10
2018-10-11 11:05:18, 1.08e-12, 2.09e-10
2018-10-11 11:05:22, 1.13e-12, 2.09e-10
2018-10-11 11:05:27, 1.01e-12, 2.09e-10
2018-10-11 11:05:31, 1.12e-12, 2.09e-10
2018-10-11 11:05:35, 1.08e-12, 2.09e-10
2018-10-11 11:05:39, 9.83e-13, 2.09e-10
2018-10-11 11:05:43, 1.07e-12, 2.09e-10
2018-10-11 11:05:48, 1.03e-12, 2.09e-10
2018-10-11 11:05:52, 9.76e-13, 2.09e-10
2018-10-11 11:05:56, 1.04e-12, 2.09e-10
2018-10-11 11:06:00, 1.04e-12, 2.09e-10
2018-10-11 11:06:05, 1.11e-12, 2.09e-10
2018-10-11 11:06:09, 1.16e-12, 2.09e-10
2018-10-11 11:06:13, 1.12e-12, 2.09e-10
2018-10-11 11:06:17, 1.05e-12, 2.09e-10
2018-10-11 11:06:22, 1.13e-12, 2.09e-10
2018-10-11 11:06:26, 1.06e-12, 2.09e-10
2018-10-11 11:06:30, 9.93e-13, 2.09e-10
2018-10-11 11:06:34, 1.09e-12, 2.09e-10
2018-10-11 11:06:38, 1.07e-12, 2.09e-10
2018-10-11 11:06:43, 1.2e-12, 2.09e-10
2018-10-11 11:06:47, 1.05e-12, 2.09e-10
2018-10-11 11:06:51, 9.47e-13, 2.09e-10
2018-10-11 11:06:55, 1.18e-12, 2.09e-10
2018-10-11 11:06:59, 1.05e-12, 2.09e-10
2018-10-11 11:07:04, 1.03e-12, 2.09e-10
2018-10-11 11:07:08, 1.09e-12, 2.09e-10
2018-10-11 11:07:12, 1.12e-12, 2.09e-10
2018-10-11 11:07:16, 1.03e-12, 2.09e-10
2018-10-11 11:07:21, 1.14e-12, 2.09e-10
2018-10-11 11:07:25, 1.13e-12, 2.09e-10
2018-10-11 11:07:29, 1.06e-12, 2.09e-10
2018-10-11 11:07:33, 1.08e-12, 2.09e-10
2018-10-11 11:07:37, 1.06e-12, 2.09e-10
2018-10-11 11:07:42, 1.13e-12, 2.09e-10
2018-10-11 11:07:46, 1.04e-12, 2.09e-10
2018-10-11 11:07:50, 1.09e-12, 2.09e-10
2018-10-11 11:07:54, 1.06e-12, 2.09e-10
2018-10-11 11:07:59, 9.76e-13, 2.09e-10
2018-10-11 11:08:03, 1.13e-12, 2.09e-10
2018-10-11 11:08:07, 1.04e-12, 2.09e-10
2018-10-11 11:08:11, 1.05e-12, 2.09e-10
2018-10-11 11:08:15, 1.03e-12, 2.09e-10
2018-10-11 11:08:20, 1.1e-12, 2.09e-10
2018-10-11 11:08:24, 1.15e-12, 2.09e-10
2018-10-11 11:08:28, 1.07e-12, 2.09e-10
2018-10-11 11:08:32, 1.06e-12, 2.09e-10
2018-10-11 11:08:37, 1e-12, 2.09e-10
2018-10-11 11:08:41, 1.11e-12, 2.09e-10
2018-10-11 11:08:45, 1.08e-12, 2.09e-10
2018-10-11 11:08:49, 1.11e-12, 2.09e-10
2018-10-11 11:08:53, 1.07e-12, 2.09e-10
2018-10-11 11:08:58, 1.07e-12, 2.09e-10
2018-10-11 11:09:02, 9.93e-13, 2.09e-10
2018-10-11 11:09:06, 1.07e-12, 2.09e-10
2018-10-11 11:09:10, 1.11e-12, 2.09e-10
2018-10-11 11:09:15, 1.09e-12, 2.09e-10
2018-10-11 11:09:19, 1.18e-12, 2.09e-10
2018-10-11 11:09:23, 1.07e-12, 2.09e-10
2018-10-11 11:09:27, 1.21e-12, 2.09e-10
2018-10-11 11:09:32, 1.05e-12, 2.09e-10
2018-10-11 11:09:36, 1.08e-12, 2.09e-10
2018-10-11 11:09:40, 9.81e-13, 2.09e-10
2018-10-11 11:09:44, 9.67e-13, 2.09e-10
2018-10-11 11:09:48, 1.03e-12, 2.09e-10
2018-10-11 11:09:53, 1.03e-12, 2.09e-10
2018-10-11 11:09:57, 1.11e-12, 2.09e-10
2018-10-11 11:10:01, 1.07e-12, 2.09e-10
2018-10-11 11:10:05, 1.1e-12, 2.09e-10
2018-10-11 11:10:09, 1.08e-12, 2.09e-10
2018-10-11 11:10:14, 1.04e-12, 2.09e-10
2018-10-11 11:10:18, 1.02e-12, 2.09e-10
2018-10-11 11:10:22, 1.05e-12, 2.09e-10
2018-10-11 11:10:26, 9.93e-13, 2.09e-10
2018-10-11 11:10:31, 1.05e-12, 2.09e-10
2018-10-11 11:10:35, 1.05e-12, 2.09e-10
2018-10-11 11:10:39, 1.06e-12, 2.09e-10
2018-10-11 11:10:43, 1.14e-12, 2.09e-10
2018-10-11 11:10:47, 1.06e-12, 2.09e-10
2018-10-11 11:10:52, 1.05e-12, 2.09e-10
2018-10-11 11:10:56, 1.08e-12, 2.09e-10
2018-10-11 11:11:00, 1.03e-12, 2.09e-10
2018-10-11 11:11:04, 1.06e-12, 2.09e-10
2018-10-11 11:11:09, 1.04e-12, 2.09e-10
2018-10-11 11:11:13, 1.03e-12, 2.09e-10
2018-10-11 11:11:17, 1.13e-12, 2.09e-10
2018-10-11 11:11:21, 1.11e-12, 2.09e-10
2018-10-11 11:11:25, 1.09e-12, 2.09e-10
2018-10-11 11:11:30, 1.02e-12, 2.09e-10
2018-10-11 11:11:34, 1.07e-12, 2.09e-10
2018-10-11 11:11:38, 1.03e-12, 2.09e-10
2018-10-11 11:11:42, 1.03e-12, 2.09e-10
2018-10-11 11:11:47, 1.09e-12, 2.09e-10
2018-10-11 11:11:51, 1.09e-12, 2.09e-10
2018-10-11 11:11:55, 1.07e-12, 2.09e-10
2018-10-11 11:11:59, 1.09e-12, 2.09e-10
2018-10-11 11:12:03, 1.09e-12, 2.09e-10
2018-10-11 11:12:08, 1.1e-12, 2.09e-10
2018-10-11 11:12:12, 1.18e-12, 2.09e-10
2018-10-11 11:12:16, 1.06e-12, 2.09e-10
2018-10-11 11:12:20, 1.1e-12, 2.09e-10
2018-10-11 11:12:25, 1.07e-12, 2.09e-10
2018-10-11 11:12:29, 1.19e-12, 2.09e-10
2018-10-11 11:12:33, 1.1e-12, 2.09e-10
2018-10-11 11:12:37, 1.07e-12, 2.09e-10
2018-10-11 11:12:41, 1.07e-12, 2.09e-10
2018-10-11 11:12:46, 1.14e-12, 2.09e-10
2018-10-11 11:12:50, 1.1e-12, 2.09e-10
2018-10-11 11:12:54, 1.08e-12, 2.09e-10
2018-10-11 11:12:58, 1.03e-12, 2.09e-10
2018-10-11 11:13:03, 1.06e-12, 2.09e-10
2018-10-11 11:13:07, 1.03e-12, 2.09e-10
2018-10-11 11:13:11, 1.1e-12, 2.09e-10
2018-10-11 11:13:15, 1.1e-12, 2.09e-10
2018-10-11 11:13:19, 1.1e-12, 2.09e-10
2018-10-11 11:13:24, 1.09e-12, 2.09e-10
2018-10-11 11:13:28, 1.03e-12, 2.09e-10
2018-10-11 11:13:32, 9.99e-13, 2.09e-10
2018-10-11 11:13:36, 1.04e-12, 2.09e-10
2018-10-11 11:13:41, 1.04e-12, 2.09e-10
2018-10-11 11:13:45, 1.09e-12, 2.09e-10
2018-10-11 11:13:49, 9.88e-13, 2.09e-10
2018-10-11 11:13:53, 1.05e-12, 2.09e-10
2018-10-11 11:13:57, 1.07e-12, 2.09e-10
2018-10-11 11:14:02, 1.07e-12, 2.09e-10
2018-10-11 11:14:06, 1.04e-12, 2.09e-10
2018-10-11 11:14:10, 1.04e-12, 2.09e-10
2018-10-11 11:14:14, 9.46e-13, 2.09e-10
2018-10-11 11:14:19, 1.1e-12, 2.09e-10
2018-10-11 11:14:23, 1.07e-12, 2.09e-10
2018-10-11 11:14:27, 1.11e-12, 2.09e-10
2018-10-11 11:14:31, 1.05e-12, 2.09e-10
2018-10-11 11:14:35, 1.17e-12, 2.09e-10
2018-10-11 11:14:40, 1.05e-12, 2.09e-10
2018-10-11 11:14:44, 1.07e-12, 2.09e-10
2018-10-11 11:14:48, 1.06e-12, 2.09e-10
2018-10-11 11:14:52, 1.11e-12, 2.09e-10
2018-10-11 11:14:57, 1.07e-12, 2.09e-10
2018-10-11 11:15:01, 1e-12, 2.09e-10
2018-10-11 11:15:05, 1.09e-12, 2.09e-10
2018-10-11 11:15:09, 1.09e-12, 2.09e-10
2018-10-11 11:15:13, 1.14e-12, 2.09e-10
2018-10-11 11:15:18, 1.09e-12, 2.09e-10
2018-10-11 11:15:22, 1.09e-12, 2.1e-10
2018-10-11 11:15:26, 1.04e-12, 2.09e-10
2018-10-11 11:15:30, 1.08e-12, 2.09e-10
2018-10-11 11:15:35, 1.08e-12, 2.09e-10
2018-10-11 11:15:39, 1.04e-12, 2.09e-10
2018-10-11 11:15:43, 1.08e-12, 2.09e-10
2018-10-11 11:15:47, 1.03e-12, 2.09e-10
2018-10-11 11:15:51, 1e-12, 2.09e-10
2018-10-11 11:15:56, 1.02e-12, 2.09e-10
2018-10-11 11:16:00, 1.06e-12, 2.09e-10
2018-10-11 11:16:04, 1.15e-12, 2.09e-10
2018-10-11 11:16:08, 1.01e-12, 2.09e-10
2018-10-11 11:16:13, 1.04e-12, 2.09e-10
2018-10-11 11:16:17, 1.05e-12, 2.09e-10
2018-10-11 11:16:21, 1.05e-12, 2.09e-10
2018-10-11 11:16:25, 9.94e-13, 2.09e-10
2018-10-11 11:16:29, 1.14e-12, 2.09e-10
2018-10-11 11:16:34, 1.06e-12, 2.09e-10
2018-10-11 11:16:38, 1.14e-12, 2.09e-10
2018-10-11 11:16:42, 1.07e-12, 2.09e-10
2018-10-11 11:16:46, 1.12e-12, 2.09e-10
2018-10-11 11:16:51, 1.06e-12, 2.09e-10
2018-10-11 11:16:55, 1.1e-12, 2.09e-10
2018-10-11 11:16:59, 1.08e-12, 2.09e-10
2018-10-11 11:17:03, 1.05e-12, 2.09e-10
2018-10-11 11:17:07, 1.09e-12, 2.09e-10
2018-10-11 11:17:12, 1.06e-12, 2.09e-10
2018-10-11 11:17:16, 1.09e-12, 2.09e-10
2018-10-11 11:17:20, 1.21e-12, 2.09e-10
2018-10-11 11:17:24, 1.08e-12, 2.09e-10
2018-10-11 11:17:29, 9.38e-13, 2.09e-10
2018-10-11 11:17:33, 1.14e-12, 2.09e-10
2018-10-11 11:17:37, 1.06e-12, 2.09e-10
2018-10-11 11:17:41, 1.02e-12, 2.09e-10
2018-10-11 11:17:45, 1.06e-12, 2.09e-10
2018-10-11 11:17:50, 1.04e-12, 2.09e-10
2018-10-11 11:17:54, 1.08e-12, 2.09e-10
2018-10-11 11:17:58, 1.12e-12, 2.09e-10
2018-10-11 11:18:02, 1.06e-12, 2.09e-10
2018-10-11 11:18:07, 1.08e-12, 2.09e-10
2018-10-11 11:18:11, 1.09e-12, 2.09e-10
2018-10-11 11:18:15, 1.1e-12, 2.09e-10
2018-10-11 11:18:19, 1.1e-12, 2.09e-10
2018-10-11 11:18:23, 1.04e-12, 2.09e-10
2018-10-11 11:18:28, 1.03e-12, 2.09e-10
2018-10-11 11:18:32, 1.11e-12, 2.09e-10
2018-10-11 11:18:36, 1.07e-12, 2.09e-10
2018-10-11 11:18:40, 1.1e-12, 2.09e-10
2018-10-11 11:18:45, 1.08e-12, 2.09e-10
2018-10-11 11:18:49, 1.11e-12, 2.09e-10
2018-10-11 11:18:53, 1.04e-12, 2.09e-10
2018-10-11 11:18:57, 1.04e-12, 2.09e-10
2018-10-11 11:19:01, 1.04e-12, 2.09e-10
2018-10-11 11:19:06, 1.05e-12, 2.09e-10
2018-10-11 11:19:10, 1.04e-12, 2.09e-10
2018-10-11 11:19:14, 1.03e-12, 2.09e-10
2018-10-11 11:19:18, 1.01e-12, 2.09e-10
2018-10-11 11:19:23, 1.11e-12, 2.09e-10
2018-10-11 11:19:27, 1.07e-12, 2.09e-10
2018-10-11 11:19:31, 1.1e-12, 2.09e-10
2018-10-11 11:19:35, 1.07e-12, 2.09e-10
2018-10-11 11:19:39, 1.08e-12, 2.09e-10
2018-10-11 11:19:44, 9.68e-13, 2.09e-10
2018-10-11 11:19:48, 1.11e-12, 2.09e-10
2018-10-11 11:19:52, 1.04e-12, 2.09e-10
2018-10-11 11:19:56, 1.06e-12, 2.09e-10
2018-10-11 11:20:01, 1.04e-12, 2.09e-10
2018-10-11 11:20:05, 1.04e-12, 2.09e-10
2018-10-11 11:20:09, 1.06e-12, 2.09e-10
2018-10-11 11:20:13, 9.54e-13, 2.09e-10
2018-10-11 11:20:17, 1.21e-12, 2.09e-10
2018-10-11 11:20:22, 1.06e-12, 2.09e-10
2018-10-11 11:20:26, 1.09e-12, 2.09e-10
2018-10-11 11:20:30, 1.09e-12, 2.09e-10
2018-10-11 11:20:34, 1.05e-12, 2.09e-10
2018-10-11 11:20:39, 1.05e-12, 2.09e-10
2018-10-11 11:20:43, 1.08e-12, 2.09e-10
2018-10-11 11:20:47, 1.07e-12, 2.09e-10
2018-10-11 11:20:51, 1.1e-12, 2.09e-10
2018-10-11 11:20:55, 1.03e-12, 2.09e-10
2018-10-11 11:21:00, 1.05e-12, 2.09e-10
2018-10-11 11:21:04, 9.88e-13, 2.09e-10
2018-10-11 11:21:08, 1.03e-12, 2.09e-10
2018-10-11 11:21:12, 1.1e-12, 2.09e-10
2018-10-11 11:21:17, 1.05e-12, 2.09e-10
2018-10-11 11:21:21, 1.02e-12, 2.09e-10
2018-10-11 11:21:25, 1.07e-12, 2.09e-10
2018-10-11 11:21:29, 1.09e-12, 2.09e-10
2018-10-11 11:21:33, 1.19e-12, 2.09e-10
2018-10-11 11:21:38, 1.05e-12, 2.09e-10
2018-10-11 11:21:42, 1.18e-12, 2.09e-10
2018-10-11 11:21:46, 1.25e-12, 2.09e-10
2018-10-11 11:21:50, 1.22e-12, 2.09e-10
2018-10-11 11:21:55, 1.09e-12, 2.09e-10
2018-10-11 11:21:59, 1.11e-12, 2.09e-10
2018-10-11 11:22:03, 1.11e-12, 2.09e-10
2018-10-11 11:22:07, 1.03e-12, 2.09e-10
2018-10-11 11:22:11, 1.03e-12, 2.09e-10
2018-10-11 11:22:16, 1.06e-12, 2.08e-10
2018-10-11 11:22:20, 1.07e-12, 2.09e-10
2018-10-11 11:22:24, 1.06e-12, 2.09e-10
2018-10-11 11:22:28, 1.12e-12, 2.09e-10
2018-10-11 11:22:33, 1.06e-12, 2.09e-10
2018-10-11 11:22:37, 1.05e-12, 2.09e-10
2018-10-11 11:22:41, 1.09e-12, 2.09e-10
2018-10-11 11:22:45, 1.06e-12, 2.09e-10
2018-10-11 11:22:49, 1.1e-12, 2.09e-10
2018-10-11 11:22:54, 1.09e-12, 2.08e-10
2018-10-11 11:22:58, 1.09e-12, 2.09e-10
2018-10-11 11:23:02, 1.05e-12, 2.09e-10
2018-10-11 11:23:06, 1.03e-12, 2.09e-10
2018-10-11 11:23:11, 1.12e-12, 2.08e-10
2018-10-11 11:23:15, 1.11e-12, 2.09e-10
2018-10-11 11:23:19, 1.04e-12, 2.09e-10
2018-10-11 11:23:23, 9.92e-13, 2.09e-10
2018-10-11 11:23:27, 1.04e-12, 2.09e-10
2018-10-11 11:23:32, 1.04e-12, 2.09e-10
2018-10-11 11:23:36, 1.06e-12, 2.09e-10
2018-10-11 11:23:40, 1.04e-12, 2.09e-10
2018-10-11 11:23:44, 1.08e-12, 2.09e-10
2018-10-11 11:23:49, 1.05e-12, 2.09e-10
2018-10-11 11:23:53, 1.09e-12, 2.09e-10
2018-10-11 11:23:57, 1.1e-12, 2.09e-10
2018-10-11 11:24:01, 1.01e-12, 2.09e-10
2018-10-11 11:24:05, 1.05e-12, 2.09e-10
2018-10-11 11:24:10, 1.09e-12, 2.09e-10
2018-10-11 11:24:14, 1.08e-12, 2.09e-10
2018-10-11 11:24:18, 1.16e-12, 2.09e-10
2018-10-11 11:24:22, 1.05e-12, 2.09e-10
2018-10-11 11:24:27, 1.06e-12, 2.09e-10
2018-10-11 11:24:31, 1.06e-12, 2.09e-10
2018-10-11 11:24:35, 1.1e-12, 2.09e-10
2018-10-11 11:24:39, 1.11e-12, 2.09e-10
2018-10-11 11:24:43, 1.1e-12, 2.09e-10
2018-10-11 11:24:48, 1.12e-12, 2.09e-10
2018-10-11 11:24:52, 1.02e-12, 2.09e-10
2018-10-11 11:24:56, 9.61e-13, 2.09e-10
2018-10-11 11:25:00, 1.09e-12, 2.09e-10
2018-10-11 11:25:05, 1.07e-12, 2.09e-10
2018-10-11 11:25:09, 9.9e-13, 2.09e-10
2018-10-11 11:25:13, 1.07e-12, 2.09e-10
2018-10-11 11:25:17, 1.09e-12, 2.09e-10
2018-10-11 11:25:21, 1.03e-12, 2.09e-10
2018-10-11 11:25:26, 1.12e-12, 2.09e-10
2018-10-11 11:25:30, 1.03e-12, 2.09e-10
2018-10-11 11:25:34, 1.06e-12, 2.09e-10
2018-10-11 11:25:38, 1.05e-12, 2.09e-10
2018-10-11 11:25:43, 1.13e-12, 2.09e-10
2018-10-11 11:25:47, 1.04e-12, 2.08e-10
2018-10-11 11:25:51, 9.9e-13, 2.09e-10
2018-10-11 11:25:55, 1.06e-12, 2.09e-10
2018-10-11 11:25:59, 1.18e-12, 2.09e-10
2018-10-11 11:26:04, 1.1e-12, 2.09e-10
2018-10-11 11:26:08, 1.15e-12, 2.09e-10
2018-10-11 11:26:12, 1.04e-12, 2.09e-10
2018-10-11 11:26:16, 1.03e-12, 2.09e-10
2018-10-11 11:26:21, 9.82e-13, 2.09e-10
2018-10-11 11:26:25, 1.1e-12, 2.09e-10
2018-10-11 11:26:29, 1.09e-12, 2.09e-10
2018-10-11 11:26:33, 1.07e-12, 2.09e-10
2018-10-11 11:26:37, 1.04e-12, 2.09e-10
2018-10-11 11:26:42, 1.1e-12, 2.09e-10
2018-10-11 11:26:46, 1.08e-12, 2.09e-10
2018-10-11 11:26:50, 1.04e-12, 2.08e-10
2018-10-11 11:26:54, 1.1e-12, 2.09e-10
2018-10-11 11:26:59, 1.05e-12, 2.09e-10
2018-10-11 11:27:03, 1.09e-12, 2.09e-10
2018-10-11 11:27:07, 1.03e-12, 2.09e-10
2018-10-11 11:27:11, 1.08e-12, 2.09e-10
2018-10-11 11:27:15, 1.14e-12, 2.09e-10
2018-10-11 11:27:20, 1.15e-12, 2.09e-10
2018-10-11 11:27:24, 1.16e-12, 2.09e-10
2018-10-11 11:27:28, 1.04e-12, 2.09e-10
2018-10-11 11:27:32, 1.12e-12, 2.09e-10
2018-10-11 11:27:37, 1.04e-12, 2.09e-10
2018-10-11 11:27:41, 9.96e-13, 2.09e-10
2018-10-11 11:27:45, 1.1e-12, 2.08e-10
2018-10-11 11:27:49, 1.04e-12, 2.09e-10
2018-10-11 11:27:53, 1.04e-12, 2.09e-10
2018-10-11 11:27:58, 1.07e-12, 2.09e-10
2018-10-11 11:28:02, 1.06e-12, 2.09e-10
2018-10-11 11:28:06, 1.08e-12, 2.09e-10
2018-10-11 11:28:10, 1.13e-12, 2.09e-10
2018-10-11 11:28:15, 9.8e-13, 2.09e-10
2018-10-11 11:28:19, 1.05e-12, 2.09e-10
2018-10-11 11:28:23, 1e-12, 2.09e-10
2018-10-11 11:28:27, 1.07e-12, 2.09e-10
2018-10-11 11:28:31, 1.07e-12, 2.09e-10
2018-10-11 11:28:36, 9.63e-13, 2.09e-10
2018-10-11 11:28:40, 1.07e-12, 2.09e-10
2018-10-11 11:28:44, 1.12e-12, 2.09e-10
2018-10-11 11:28:48, 1.06e-12, 2.09e-10
2018-10-11 11:28:53, 1.05e-12, 2.08e-10
2018-10-11 11:28:57, 1.11e-12, 2.09e-10
2018-10-11 11:29:01, 1.06e-12, 2.09e-10
2018-10-11 11:29:05, 1.08e-12, 2.09e-10
2018-10-11 11:29:09, 1.01e-12, 2.09e-10
2018-10-11 11:29:14, 1.06e-12, 2.09e-10
2018-10-11 11:29:18, 1.06e-12, 2.09e-10
2018-10-11 11:29:22, 1.08e-12, 2.09e-10
2018-10-11 11:29:26, 9.83e-13, 2.09e-10
2018-10-11 11:29:31, 1.05e-12, 2.09e-10
2018-10-11 11:29:35, 1.04e-12, 2.09e-10
2018-10-11 11:29:39, 1.06e-12, 2.09e-10
2018-10-11 11:29:43, 1.07e-12, 2.09e-10
2018-10-11 11:29:47, 1.07e-12, 2.09e-10
2018-10-11 11:29:52, 1.08e-12, 2.09e-10
2018-10-11 11:29:56, 1.11e-12, 2.09e-10
2018-10-11 11:30:00, 1.03e-12, 2.09e-10
2018-10-11 11:30:04, 1.08e-12, 2.09e-10
2018-10-11 11:30:09, 1.1e-12, 2.09e-10
2018-10-11 11:30:13, 1.07e-12, 2.09e-10
2018-10-11 11:30:17, 1.04e-12, 2.09e-10
2018-10-11 11:30:21, 1.14e-12, 2.09e-10
2018-10-11 11:30:25, 1.09e-12, 2.09e-10
2018-10-11 11:30:30, 1.1e-12, 2.09e-10
2018-10-11 11:30:34, 1.16e-12, 2.09e-10
2018-10-11 11:30:38, 1.24e-12, 2.09e-10
2018-10-11 11:30:42, 1.06e-12, 2.09e-10
2018-10-11 11:30:46, 1.08e-12, 2.09e-10
2018-10-11 11:30:51, 9.93e-13, 2.09e-10
2018-10-11 11:30:55, 9.82e-13, 2.09e-10
2018-10-11 11:30:59, 1.1e-12, 2.09e-10
2018-10-11 11:31:03, 1.09e-12, 2.09e-10
2018-10-11 11:31:08, 1.06e-12, 2.09e-10
2018-10-11 11:31:12, 1.26e-12, 2.09e-10
2018-10-11 11:31:16, 1.05e-12, 2.09e-10
2018-10-11 11:31:20, 1.03e-12, 2.08e-10
2018-10-11 11:31:24, 1.1e-12, 2.09e-10
2018-10-11 11:31:29, 1.04e-12, 2.08e-10
2018-10-11 11:31:33, 1.1e-12, 2.09e-10
2018-10-11 11:31:37, 1.11e-12, 2.09e-10
2018-10-11 11:31:41, 1.15e-12, 2.09e-10
2018-10-11 11:31:46, 1.1e-12, 2.08e-10
2018-10-11 11:31:50, 1.01e-12, 2.09e-10
2018-10-11 11:31:54, 1.01e-12, 2.09e-10
2018-10-11 11:31:58, 1.05e-12, 2.08e-10
2018-10-11 11:32:02, 1.06e-12, 2.09e-10
2018-10-11 11:32:07, 1.04e-12, 2.09e-10
2018-10-11 11:32:11, 1.07e-12, 2.09e-10
2018-10-11 11:32:15, 1.08e-12, 2.09e-10
2018-10-11 11:32:19, 1.09e-12, 2.09e-10
2018-10-11 11:32:24, 1.06e-12, 2.09e-10
2018-10-11 11:32:28, 1.04e-12, 2.09e-10
2018-10-11 11:32:32, 1.07e-12, 2.09e-10
2018-10-11 11:32:36, 1.06e-12, 2.09e-10
2018-10-11 11:32:40, 1.02e-12, 2.09e-10
2018-10-11 11:32:45, 1.1e-12, 2.08e-10
2018-10-11 11:32:49, 1.04e-12, 2.09e-10
2018-10-11 11:32:53, 1.08e-12, 2.09e-10
2018-10-11 11:32:57, 1.08e-12, 2.09e-10
2018-10-11 11:33:02, 1.06e-12, 2.09e-10
2018-10-11 11:33:06, 9.93e-13, 2.09e-10
2018-10-11 11:33:10, 1.1e-12, 2.09e-10
2018-10-11 11:33:14, 1.07e-12, 2.09e-10
2018-10-11 11:33:18, 1.09e-12, 2.09e-10
2018-10-11 11:33:23, 1.11e-12, 2.09e-10
2018-10-11 11:33:27, 1.03e-12, 2.09e-10
2018-10-11 11:33:31, 1.12e-12, 2.09e-10
2018-10-11 11:33:35, 1.11e-12, 2.08e-10
2018-10-11 11:33:40, 1.16e-12, 2.09e-10
2018-10-11 11:33:44, 1.05e-12, 2.09e-10
2018-10-11 11:33:48, 1.13e-12, 2.09e-10
2018-10-11 11:33:52, 1.05e-12, 2.08e-10
2018-10-11 11:33:56, 1.12e-12, 2.08e-10
2018-10-11 11:34:01, 1.08e-12, 2.08e-10
2018-10-11 11:34:05, 1.05e-12, 2.08e-10
2018-10-11 11:34:09, 1.02e-12, 2.09e-10
2018-10-11 11:34:13, 9.98e-13, 2.09e-10
2018-10-11 11:34:18, 1.08e-12, 2.08e-10
2018-10-11 11:34:22, 9.94e-13, 2.08e-10
2018-10-11 11:34:26, 1.08e-12, 2.09e-10
2018-10-11 11:34:30, 1.09e-12, 2.08e-10
2018-10-11 11:34:34, 9.01e-13, 2.09e-10
2018-10-11 11:34:39, 1.08e-12, 2.08e-10
2018-10-11 11:34:43, 1.01e-12, 2.09e-10
2018-10-11 11:34:47, 1.04e-12, 2.09e-10
2018-10-11 11:34:51, 1.09e-12, 2.09e-10
2018-10-11 11:34:56, 1.05e-12, 2.09e-10
2018-10-11 11:35:00, 1.11e-12, 2.09e-10
2018-10-11 11:35:04, 1.07e-12, 2.09e-10
2018-10-11 11:35:08, 1.06e-12, 2.08e-10
2018-10-11 11:35:12, 1.02e-12, 2.08e-10
2018-10-11 11:35:17, 9.55e-13, 2.08e-10
2018-10-11 11:35:21, 1.03e-12, 2.09e-10
2018-10-11 11:35:25, 1.02e-12, 2.09e-10
2018-10-11 11:35:29, 1.19e-12, 2.09e-10
2018-10-11 11:35:34, 9.8e-13, 2.09e-10
2018-10-11 11:35:38, 1.02e-12, 2.09e-10
2018-10-11 11:35:42, 1.01e-12, 2.09e-10
2018-10-11 11:35:46, 1.03e-12, 2.09e-10
2018-10-11 11:35:50, 1.05e-12, 2.09e-10
2018-10-11 11:35:55, 9.95e-13, 2.09e-10
2018-10-11 11:35:59, 1.06e-12, 2.09e-10
2018-10-11 11:36:03, 1.11e-12, 2.09e-10
2018-10-11 11:36:07, 1.08e-12, 2.08e-10
2018-10-11 11:36:12, 9.52e-13, 2.09e-10
2018-10-11 11:36:16, 1.04e-12, 2.09e-10
2018-10-11 11:36:20, 1.12e-12, 2.09e-10
2018-10-11 11:36:24, 9.79e-13, 2.09e-10
2018-10-11 11:36:28, 1.14e-12, 2.09e-10
2018-10-11 11:36:33, 1e-12, 2.09e-10
2018-10-11 11:36:37, 1.05e-12, 2.09e-10
2018-10-11 11:36:41, 1.03e-12, 2.09e-10
2018-10-11 11:36:45, 1.06e-12, 2.08e-10
2018-10-11 11:36:50, 1.13e-12, 2.09e-10
2018-10-11 11:36:54, 1.04e-12, 2.09e-10
2018-10-11 11:36:58, 1.01e-12, 2.09e-10
2018-10-11 11:37:02, 1.05e-12, 2.09e-10
2018-10-11 11:37:06, 1.06e-12, 2.08e-10
2018-10-11 11:37:11, 1.09e-12, 2.09e-10
2018-10-11 11:37:15, 1.07e-12, 2.09e-10
2018-10-11 11:37:19, 1.05e-12, 2.09e-10
2018-10-11 11:37:23, 1.09e-12, 2.09e-10
2018-10-11 11:37:28, 9.84e-13, 2.09e-10
2018-10-11 11:37:32, 1.07e-12, 2.09e-10
2018-10-11 11:37:36, 1.11e-12, 2.08e-10
2018-10-11 11:37:40, 1.09e-12, 2.09e-10
2018-10-11 11:37:44, 1.09e-12, 2.08e-10
2018-10-11 11:37:49, 1.08e-12, 2.08e-10
2018-10-11 11:37:53, 1.09e-12, 2.08e-10
2018-10-11 11:37:57, 1.07e-12, 2.08e-10
2018-10-11 11:38:01, 1.08e-12, 2.09e-10
2018-10-11 11:38:05, 1.08e-12, 2.09e-10
2018-10-11 11:38:10, 1.14e-12, 2.09e-10
2018-10-11 11:38:14, 1.11e-12, 2.08e-10
2018-10-11 11:38:18, 1.08e-12, 2.09e-10
2018-10-11 11:38:22, 1.08e-12, 2.08e-10
2018-10-11 11:38:27, 1.05e-12, 2.08e-10
2018-10-11 11:38:31, 1.16e-12, 2.08e-10
2018-10-11 11:38:35, 1.06e-12, 2.08e-10
2018-10-11 11:38:39, 1.05e-12, 2.09e-10
2018-10-11 11:38:43, 1.24e-12, 2.08e-10
2018-10-11 11:38:48, 1.04e-12, 2.09e-10
2018-10-11 11:38:52, 1.08e-12, 2.09e-10
2018-10-11 11:38:56, 1.03e-12, 2.09e-10
2018-10-11 11:39:00, 1.03e-12, 2.09e-10
2018-10-11 11:39:05, 1.08e-12, 2.08e-10
2018-10-11 11:39:09, 1.03e-12, 2.09e-10
2018-10-11 11:39:13, 1.07e-12, 2.09e-10
2018-10-11 11:39:17, 1.06e-12, 2.09e-10
2018-10-11 11:39:21, 1.03e-12, 2.08e-10
2018-10-11 11:39:26, 1.12e-12, 2.09e-10
2018-10-11 11:39:30, 1.06e-12, 2.09e-10
2018-10-11 11:39:34, 1.08e-12, 2.09e-10
2018-10-11 11:39:38, 1.07e-12, 2.09e-10
2018-10-11 11:39:43, 1.03e-12, 2.09e-10
2018-10-11 11:39:47, 1.08e-12, 2.09e-10
2018-10-11 11:39:51, 1.18e-12, 2.09e-10
2018-10-11 11:39:55, 1.07e-12, 2.09e-10
2018-10-11 11:39:59, 1.03e-12, 2.09e-10
2018-10-11 11:40:04, 1.08e-12, 2.09e-10
2018-10-11 11:40:08, 1.06e-12, 2.09e-10
2018-10-11 11:40:12, 1.04e-12, 2.08e-10
2018-10-11 11:40:16, 1.1e-12, 2.09e-10
2018-10-11 11:40:21, 1.03e-12, 2.09e-10
2018-10-11 11:40:25, 1.07e-12, 2.09e-10
2018-10-11 11:40:29, 1.11e-12, 2.09e-10
2018-10-11 11:40:33, 1.07e-12, 2.09e-10
2018-10-11 11:40:37, 1.05e-12, 2.08e-10
2018-10-11 11:40:42, 1.14e-12, 2.08e-10
2018-10-11 11:40:46, 1.05e-12, 2.08e-10
2018-10-11 11:40:50, 1.07e-12, 2.09e-10
2018-10-11 11:40:54, 1e-12, 2.09e-10
2018-10-11 11:40:59, 1.05e-12, 2.09e-10
2018-10-11 11:41:03, 1.05e-12, 2.09e-10
2018-10-11 11:41:07, 1.1e-12, 2.09e-10
2018-10-11 11:41:11, 9.43e-13, 2.09e-10
2018-10-11 11:41:15, 9.89e-13, 2.09e-10
2018-10-11 11:41:20, 1.11e-12, 2.09e-10
2018-10-11 11:41:24, 1.07e-12, 2.09e-10
2018-10-11 11:41:28, 1.08e-12, 2.09e-10
2018-10-11 11:41:32, 1.16e-12, 2.09e-10
2018-10-11 11:41:37, 1.09e-12, 2.09e-10
2018-10-11 11:41:41, 1.08e-12, 2.09e-10
2018-10-11 11:41:45, 1.08e-12, 2.09e-10
2018-10-11 11:41:49, 1.1e-12, 2.09e-10
2018-10-11 11:41:53, 1.04e-12, 2.09e-10
2018-10-11 11:41:58, 1.14e-12, 2.09e-10
2018-10-11 11:42:02, 1.06e-12, 2.09e-10
2018-10-11 11:42:06, 1.09e-12, 2.09e-10
2018-10-11 11:42:10, 1.06e-12, 2.09e-10
2018-10-11 11:42:15, 1.05e-12, 2.09e-10
2018-10-11 11:42:19, 1.13e-12, 2.09e-10
2018-10-11 11:42:23, 1.07e-12, 2.09e-10
2018-10-11 11:42:27, 1.09e-12, 2.09e-10
2018-10-11 11:42:31, 1.06e-12, 2.09e-10
2018-10-11 11:42:36, 1.05e-12, 2.09e-10
2018-10-11 11:42:40, 1.04e-12, 2.09e-10
2018-10-11 11:42:44, 1.08e-12, 2.09e-10
2018-10-11 11:42:48, 1.11e-12, 2.09e-10
2018-10-11 11:42:53, 1.08e-12, 2.09e-10
2018-10-11 11:42:57, 1.1e-12, 2.09e-10
2018-10-11 11:43:01, 1.02e-12, 2.09e-10
2018-10-11 11:43:05, 1.11e-12, 2.09e-10
2018-10-11 11:43:09, 1.19e-12, 2.09e-10
2018-10-11 11:43:14, 1.07e-12, 2.09e-10
2018-10-11 11:43:18, 1.11e-12, 2.09e-10
2018-10-11 11:43:22, 1.05e-12, 2.09e-10
2018-10-11 11:43:26, 1.08e-12, 2.09e-10
2018-10-11 11:43:31, 1.06e-12, 2.09e-10
2018-10-11 11:43:35, 1.05e-12, 2.09e-10
2018-10-11 11:43:39, 1.14e-12, 2.09e-10
2018-10-11 11:43:43, 9.44e-13, 2.09e-10
2018-10-11 11:43:47, 1.07e-12, 2.09e-10
2018-10-11 11:43:52, 1.08e-12, 2.09e-10
2018-10-11 11:43:56, 1.06e-12, 2.09e-10
2018-10-11 11:44:00, 1.05e-12, 2.09e-10
2018-10-11 11:44:04, 1.05e-12, 2.09e-10
2018-10-11 11:44:08, 1.01e-12, 2.09e-10
2018-10-11 11:44:13, 1.06e-12, 2.09e-10
2018-10-11 11:44:17, 1.14e-12, 2.09e-10
2018-10-11 11:44:21, 1.09e-12, 2.09e-10
2018-10-11 11:44:25, 1.12e-12, 2.09e-10
2018-10-11 11:44:30, 1.09e-12, 2.09e-10
2018-10-11 11:44:34, 1.09e-12, 2.09e-10
2018-10-11 11:44:38, 1.03e-12, 2.09e-10
2018-10-11 11:44:42, 1.08e-12, 2.09e-10
2018-10-11 11:44:46, 1.06e-12, 2.09e-10
2018-10-11 11:44:51, 1.07e-12, 2.09e-10
2018-10-11 11:44:55, 1.07e-12, 2.09e-10
2018-10-11 11:44:59, 1.07e-12, 2.09e-10
2018-10-11 11:45:03, 1.07e-12, 2.09e-10
2018-10-11 11:45:08, 1.2e-12, 2.09e-10
2018-10-11 11:45:12, 1.12e-12, 2.09e-10
2018-10-11 11:45:16, 1.13e-12, 2.09e-10
2018-10-11 11:45:20, 1.25e-12, 2.09e-10
2018-10-11 11:45:24, 1.03e-12, 2.09e-10
2018-10-11 11:45:29, 1.07e-12, 2.09e-10
2018-10-11 11:45:33, 1.06e-12, 2.09e-10
2018-10-11 11:45:37, 1.13e-12, 2.09e-10
2018-10-11 11:45:41, 1.11e-12, 2.09e-10
2018-10-11 11:45:46, 1.03e-12, 2.09e-10
2018-10-11 11:45:50, 1.03e-12, 2.09e-10
2018-10-11 11:45:54, 1.07e-12, 2.09e-10
2018-10-11 11:45:58, 1.05e-12, 2.09e-10
2018-10-11 11:46:02, 1.05e-12, 2.09e-10
2018-10-11 11:46:07, 1.07e-12, 2.09e-10
2018-10-11 11:46:11, 1.22e-12, 2.09e-10
2018-10-11 11:46:15, 1.1e-12, 2.09e-10
2018-10-11 11:46:19, 1.04e-12, 2.09e-10
2018-10-11 11:46:24, 1.06e-12, 2.08e-10
2018-10-11 11:46:28, 1.04e-12, 2.08e-10
2018-10-11 11:46:32, 1.07e-12, 2.08e-10
2018-10-11 11:46:36, 1.1e-12, 2.09e-10
2018-10-11 11:46:40, 1.18e-12, 2.09e-10
2018-10-11 11:46:45, 1.05e-12, 2.09e-10
2018-10-11 11:46:49, 1.06e-12, 2.08e-10
2018-10-11 11:46:53, 1.04e-12, 2.08e-10
2018-10-11 11:46:57, 1.1e-12, 2.09e-10
2018-10-11 11:47:02, 1.07e-12, 2.08e-10
2018-10-11 11:47:06, 1.05e-12, 2.08e-10
2018-10-11 11:47:10, 1.05e-12, 2.08e-10
2018-10-11 11:47:14, 1.06e-12, 2.08e-10
2018-10-11 11:47:18, 1.03e-12, 2.08e-10
2018-10-11 11:47:23, 1e-12, 2.09e-10
2018-10-11 11:47:27, 1.08e-12, 2.09e-10
2018-10-11 11:47:31, 1.04e-12, 2.08e-10
2018-10-11 11:47:35, 1.07e-12, 2.08e-10
2018-10-11 11:47:40, 1.13e-12, 2.09e-10
2018-10-11 11:47:44, 1.07e-12, 2.09e-10
2018-10-11 11:47:48, 1.1e-12, 2.09e-10
2018-10-11 11:47:52, 1.06e-12, 2.09e-10
2018-10-11 11:47:56, 1.08e-12, 2.09e-10
2018-10-11 11:48:01, 1.09e-12, 2.08e-10
2018-10-11 11:48:05, 1.06e-12, 2.08e-10
2018-10-11 11:48:09, 1.1e-12, 2.08e-10
2018-10-11 11:48:13, 1.06e-12, 2.08e-10
2018-10-11 11:48:18, 1.03e-12, 2.09e-10
2018-10-11 11:48:22, 1.07e-12, 2.08e-10
2018-10-11 11:48:26, 1.05e-12, 2.09e-10
2018-10-11 11:48:30, 1.07e-12, 2.09e-10
2018-10-11 11:48:34, 1.08e-12, 2.08e-10
2018-10-11 11:48:39, 1.04e-12, 2.09e-10
2018-10-11 11:48:43, 1.03e-12, 2.09e-10
2018-10-11 11:48:47, 1.05e-12, 2.09e-10
2018-10-11 11:48:51, 1.08e-12, 2.09e-10
2018-10-11 11:48:56, 1.06e-12, 2.08e-10
2018-10-11 11:49:00, 1.09e-12, 2.08e-10
2018-10-11 11:49:04, 1.16e-12, 2.09e-10
2018-10-11 11:49:08, 1.06e-12, 2.08e-10
2018-10-11 11:49:12, 1.07e-12, 2.09e-10
2018-10-11 11:49:17, 1.08e-12, 2.08e-10
2018-10-11 11:49:21, 1.14e-12, 2.09e-10
2018-10-11 11:49:25, 1.08e-12, 2.08e-10
2018-10-11 11:49:29, 1.1e-12, 2.09e-10
2018-10-11 11:49:34, 1.07e-12, 2.08e-10
2018-10-11 11:49:38, 1.08e-12, 2.08e-10
2018-10-11 11:49:42, 1.04e-12, 2.09e-10
2018-10-11 11:49:46, 1.07e-12, 2.09e-10
2018-10-11 11:49:50, 1.05e-12, 2.09e-10
2018-10-11 11:49:55, 1.12e-12, 2.09e-10
2018-10-11 11:49:59, 1.1e-12, 2.09e-10
2018-10-11 11:50:03, 1.05e-12, 2.09e-10
2018-10-11 11:50:07, 1.06e-12, 2.09e-10
2018-10-11 11:50:12, 1.09e-12, 2.09e-10
2018-10-11 11:50:16, 1.06e-12, 2.09e-10
2018-10-11 11:50:20, 1.1e-12, 2.09e-10
2018-10-11 11:50:24, 1.18e-12, 2.08e-10
2018-10-11 11:50:28, 1.01e-12, 2.08e-10
2018-10-11 11:50:33, 1.05e-12, 2.08e-10
2018-10-11 11:50:37, 1.12e-12, 2.08e-10
2018-10-11 11:50:41, 1.17e-12, 2.08e-10
2018-10-11 11:50:45, 1.11e-12, 2.09e-10
2018-10-11 11:50:50, 1.07e-12, 2.08e-10
2018-10-11 11:50:54, 1.07e-12, 2.09e-10
2018-10-11 11:50:58, 1.14e-12, 2.09e-10
2018-10-11 11:51:02, 1.06e-12, 2.09e-10
2018-10-11 11:51:06, 8.98e-13, 2.09e-10
2018-10-11 11:51:11, 1.06e-12, 2.08e-10
2018-10-11 11:51:15, 1.05e-12, 2.09e-10
2018-10-11 11:51:19, 9.73e-13, 2.09e-10
2018-10-11 11:51:23, 1.1e-12, 2.09e-10
2018-10-11 11:51:28, 1.08e-12, 2.09e-10
2018-10-11 11:51:32, 1.04e-12, 2.09e-10
2018-10-11 11:51:36, 1.08e-12, 2.09e-10
2018-10-11 11:51:40, 1.06e-12, 2.09e-10
2018-10-11 11:51:44, 1.21e-12, 2.09e-10
2018-10-11 11:51:49, 1.08e-12, 2.08e-10
2018-10-11 11:51:53, 1.1e-12, 2.09e-10
2018-10-11 11:51:57, 1.03e-12, 2.08e-10
2018-10-11 11:52:01, 9.96e-13, 2.09e-10
2018-10-11 11:52:06, 1.07e-12, 2.09e-10
2018-10-11 11:52:10, 1.07e-12, 2.09e-10
2018-10-11 11:52:14, 1.1e-12, 2.09e-10
2018-10-11 11:52:18, 1.05e-12, 2.09e-10
2018-10-11 11:52:22, 1.05e-12, 2.09e-10
2018-10-11 11:52:27, 1.07e-12, 2.09e-10
2018-10-11 11:52:31, 1.11e-12, 2.08e-10
2018-10-11 11:52:35, 1.02e-12, 2.09e-10
2018-10-11 11:52:39, 1.11e-12, 2.09e-10
2018-10-11 11:52:44, 1.09e-12, 2.09e-10
2018-10-11 11:52:48, 1.04e-12, 2.09e-10
2018-10-11 11:52:52, 1.04e-12, 2.09e-10
2018-10-11 11:52:56, 1.07e-12, 2.09e-10
2018-10-11 11:53:00, 1.04e-12, 2.09e-10
2018-10-11 11:53:05, 1.09e-12, 2.09e-10
2018-10-11 11:53:09, 1.1e-12, 2.09e-10
2018-10-11 11:53:13, 1.09e-12, 2.09e-10
2018-10-11 11:53:17, 1.06e-12, 2.09e-10
2018-10-11 11:53:22, 1.04e-12, 2.09e-10
2018-10-11 11:53:26, 1.04e-12, 2.09e-10
2018-10-11 11:53:30, 9.81e-13, 2.09e-10
2018-10-11 11:53:34, 1.03e-12, 2.09e-10
2018-10-11 11:53:38, 1.1e-12, 2.09e-10
2018-10-11 11:53:43, 1.08e-12, 2.09e-10
2018-10-11 11:53:47, 1.12e-12, 2.09e-10
2018-10-11 11:53:51, 1.08e-12, 2.09e-10
2018-10-11 11:53:55, 1.1e-12, 2.09e-10
2018-10-11 11:54:00, 1.07e-12, 2.09e-10
2018-10-11 11:54:04, 1.08e-12, 2.09e-10
2018-10-11 11:54:08, 1.09e-12, 2.09e-10
2018-10-11 11:54:12, 1.12e-12, 2.09e-10
2018-10-11 11:54:16, 1.03e-12, 2.09e-10
2018-10-11 11:54:21, 1.06e-12, 2.09e-10
2018-10-11 11:54:25, 1.02e-12, 2.09e-10
2018-10-11 11:54:29, 1.03e-12, 2.09e-10
2018-10-11 11:54:33, 1.03e-12, 2.09e-10
2018-10-11 11:54:38, 1.2e-12, 2.09e-10
2018-10-11 11:54:42, 1.12e-12, 2.09e-10
2018-10-11 11:54:46, 1.09e-12, 2.09e-10
2018-10-11 11:54:50, 1.06e-12, 2.09e-10
2018-10-11 11:54:54, 1.06e-12, 2.09e-10
2018-10-11 11:54:59, 1.09e-12, 2.09e-10
2018-10-11 11:55:03, 1.06e-12, 2.09e-10
2018-10-11 11:55:07, 1.09e-12, 2.09e-10
2018-10-11 11:55:11, 1.1e-12, 2.09e-10
2018-10-11 11:55:16, 1.05e-12, 2.09e-10
2018-10-11 11:55:20, 1.1e-12, 2.09e-10
2018-10-11 11:55:24, 1.01e-12, 2.09e-10
2018-10-11 11:55:28, 1.05e-12, 2.09e-10
2018-10-11 11:55:32, 1.13e-12, 2.09e-10
2018-10-11 11:55:37, 1.05e-12, 2.09e-10
2018-10-11 11:55:41, 1.09e-12, 2.09e-10
2018-10-11 11:55:45, 1.05e-12, 2.09e-10
2018-10-11 11:55:49, 1.09e-12, 2.09e-10
2018-10-11 11:55:54, 1.03e-12, 2.09e-10
2018-10-11 11:55:58, 1.07e-12, 2.09e-10
2018-10-11 11:56:02, 9.74e-13, 2.09e-10
2018-10-11 11:56:06, 1.06e-12, 2.09e-10
2018-10-11 11:56:10, 1.02e-12, 2.09e-10
2018-10-11 11:56:15, 1.05e-12, 2.09e-10
2018-10-11 11:56:19, 1.2e-12, 2.09e-10
2018-10-11 11:56:23, 1.04e-12, 2.09e-10
2018-10-11 11:56:27, 1.04e-12, 2.09e-10
2018-10-11 11:56:32, 1.1e-12, 2.09e-10
2018-10-11 11:56:36, 1.01e-12, 2.09e-10
2018-10-11 11:56:40, 1.1e-12, 2.1e-10
2018-10-11 11:56:44, 1.03e-12, 2.09e-10
2018-10-11 11:56:48, 1.05e-12, 2.1e-10
2018-10-11 11:56:53, 1.1e-12, 2.09e-10
2018-10-11 11:56:57, 1.05e-12, 2.09e-10
2018-10-11 11:57:01, 1.07e-12, 2.09e-10
2018-10-11 11:57:05, 1.04e-12, 2.09e-10
2018-10-11 11:57:10, 1.11e-12, 2.09e-10
2018-10-11 11:57:14, 9.92e-13, 2.09e-10
2018-10-11 11:57:18, 1.09e-12, 2.09e-10
2018-10-11 11:57:22, 1.02e-12, 2.09e-10
2018-10-11 11:57:26, 1.06e-12, 2.09e-10
2018-10-11 11:57:31, 1.2e-12, 2.1e-10
2018-10-11 11:57:35, 1.06e-12, 2.09e-10
2018-10-11 11:57:39, 1.04e-12, 2.1e-10
2018-10-11 11:57:43, 1.11e-12, 2.1e-10
2018-10-11 11:57:47, 9.29e-13, 2.1e-10
2018-10-11 11:57:52, 1.11e-12, 2.09e-10
2018-10-11 11:57:56, 1.1e-12, 2.09e-10
2018-10-11 11:58:00, 1.13e-12, 2.09e-10
2018-10-11 11:58:04, 1.07e-12, 2.09e-10
2018-10-11 11:58:09, 9.75e-13, 2.09e-10
2018-10-11 11:58:13, 1.06e-12, 2.09e-10
2018-10-11 11:58:17, 1.05e-12, 2.09e-10
2018-10-11 11:58:21, 1.03e-12, 2.09e-10
2018-10-11 11:58:26, 1.15e-12, 2.09e-10
2018-10-11 11:58:30, 1.16e-12, 2.09e-10
2018-10-11 11:58:34, 1.03e-12, 2.09e-10
2018-10-11 11:58:38, 1.06e-12, 2.09e-10
2018-10-11 11:58:42, 1.08e-12, 2.09e-10
2018-10-11 11:58:47, 1.09e-12, 2.09e-10
2018-10-11 11:58:51, 1.03e-12, 2.09e-10
2018-10-11 11:58:55, 1.07e-12, 2.09e-10
2018-10-11 11:58:59, 1.07e-12, 2.09e-10
2018-10-11 11:59:03, 1.04e-12, 2.09e-10
2018-10-11 11:59:08, 1.07e-12, 2.1e-10
2018-10-11 11:59:12, 1.04e-12, 2.09e-10
2018-10-11 11:59:16, 1.06e-12, 2.1e-10
2018-10-11 11:59:20, 1.03e-12, 2.1e-10
2018-10-11 11:59:25, 1.04e-12, 2.1e-10
2018-10-11 11:59:29, 1.12e-12, 2.09e-10
2018-10-11 11:59:33, 1.05e-12, 2.1e-10
2018-10-11 11:59:37, 1e-12, 2.1e-10
2018-10-11 11:59:41, 1.1e-12, 2.1e-10
2018-10-11 11:59:46, 1.07e-12, 2.1e-10
2018-10-11 11:59:50, 1.01e-12, 2.1e-10
2018-10-11 11:59:54, 1.01e-12, 2.1e-10
2018-10-11 11:59:58, 1.06e-12, 2.09e-10
2018-10-11 12:00:03, 1.03e-12, 2.1e-10
2018-10-11 12:00:07, 1e-12, 2.1e-10
2018-10-11 12:00:11, 1.15e-12, 2.1e-10
2018-10-11 12:00:15, 9.24e-13, 2.1e-10
2018-10-11 12:00:19, 1.04e-12, 2.1e-10
2018-10-11 12:00:24, 1.08e-12, 2.09e-10
2018-10-11 12:00:28, 1.03e-12, 2.1e-10
2018-10-11 12:00:32, 1.12e-12, 2.09e-10
2018-10-11 12:00:36, 1.1e-12, 2.1e-10
2018-10-11 12:00:41, 1.06e-12, 2.1e-10
2018-10-11 12:00:45, 1.09e-12, 2.1e-10
2018-10-11 12:00:49, 1.08e-12, 2.1e-10
2018-10-11 12:00:53, 1.04e-12, 2.1e-10
2018-10-11 12:00:57, 1.09e-12, 2.1e-10
2018-10-11 12:01:02, 1.03e-12, 2.1e-10
2018-10-11 12:01:06, 1.03e-12, 2.1e-10
2018-10-11 12:01:10, 1.09e-12, 2.1e-10
2018-10-11 12:01:14, 1.06e-12, 2.1e-10
2018-10-11 12:01:19, 1.13e-12, 2.1e-10
2018-10-11 12:01:23, 1.04e-12, 2.1e-10
2018-10-11 12:01:27, 1.1e-12, 2.1e-10
2018-10-11 12:01:31, 1.05e-12, 2.1e-10
2018-10-11 12:01:35, 1.01e-12, 2.1e-10
2018-10-11 12:01:40, 1.07e-12, 2.1e-10
2018-10-11 12:01:44, 1.06e-12, 2.1e-10
2018-10-11 12:01:48, 9.22e-13, 2.1e-10
2018-10-11 12:01:52, 1.1e-12, 2.1e-10
2018-10-11 12:01:57, 1.14e-12, 2.1e-10
2018-10-11 12:02:01, 1.1e-12, 2.1e-10
2018-10-11 12:02:05, 9.49e-13, 2.1e-10
2018-10-11 12:02:09, 1.04e-12, 2.1e-10
2018-10-11 12:02:13, 1.12e-12, 2.1e-10
2018-10-11 12:02:18, 1.09e-12, 2.1e-10
2018-10-11 12:02:22, 9.77e-13, 2.1e-10
2018-10-11 12:02:26, 9.59e-13, 2.1e-10
2018-10-11 12:02:30, 9.47e-13, 2.1e-10
2018-10-11 12:02:35, 1.11e-12, 2.1e-10
2018-10-11 12:02:39, 1.1e-12, 2.1e-10
2018-10-11 12:02:43, 1.11e-12, 2.1e-10
2018-10-11 12:02:47, 1.13e-12, 2.1e-10
2018-10-11 12:02:51, 1.21e-12, 2.1e-10
2018-10-11 12:02:56, 1.07e-12, 2.1e-10
2018-10-11 12:03:00, 9.98e-13, 2.11e-10
2018-10-11 12:03:04, 1.12e-12, 2.1e-10
2018-10-11 12:03:08, 1.09e-12, 2.1e-10
2018-10-11 12:03:12, 1.05e-12, 2.1e-10
2018-10-11 12:03:17, 1.04e-12, 2.1e-10
2018-10-11 12:03:21, 1.06e-12, 2.11e-10
2018-10-11 12:03:25, 9.6e-13, 2.11e-10
2018-10-11 12:03:29, 1.07e-12, 2.11e-10
2018-10-11 12:03:34, 1.06e-12, 2.11e-10
2018-10-11 12:03:38, 1.08e-12, 2.11e-10
2018-10-11 12:03:42, 1.15e-12, 2.11e-10
2018-10-11 12:03:46, 1.06e-12, 2.11e-10
2018-10-11 12:03:50, 1.13e-12, 2.11e-10
2018-10-11 12:03:55, 1.06e-12, 2.11e-10
2018-10-11 12:03:59, 1.06e-12, 2.11e-10
2018-10-11 12:04:03, 1.11e-12, 2.11e-10
2018-10-11 12:04:07, 1.07e-12, 2.11e-10
2018-10-11 12:04:12, 1.08e-12, 2.11e-10
2018-10-11 12:04:16, 1.05e-12, 2.11e-10
2018-10-11 12:04:20, 1.15e-12, 2.1e-10
2018-10-11 12:04:24, 1.06e-12, 2.11e-10
2018-10-11 12:04:28, 1.09e-12, 2.11e-10
2018-10-11 12:04:33, 1.1e-12, 2.11e-10
2018-10-11 12:04:37, 1.04e-12, 2.11e-10
2018-10-11 12:04:41, 1.02e-12, 2.11e-10
2018-10-11 12:04:45, 1.12e-12, 2.11e-10
2018-10-11 12:04:50, 1.06e-12, 2.11e-10
2018-10-11 12:04:54, 1.06e-12, 2.11e-10
2018-10-11 12:04:58, 1.1e-12, 2.11e-10
2018-10-11 12:05:02, 1.09e-12, 2.11e-10
2018-10-11 12:05:07, 1.03e-12, 2.11e-10
2018-10-11 12:05:11, 1.06e-12, 2.11e-10
2018-10-11 12:05:15, 1.03e-12, 2.11e-10
2018-10-11 12:05:19, 1.08e-12, 2.11e-10
2018-10-11 12:05:23, 1.08e-12, 2.11e-10
2018-10-11 12:05:28, 1.25e-12, 2.1e-10
2018-10-11 12:05:32, 1.01e-12, 2.11e-10
2018-10-11 12:05:36, 1.07e-12, 2.11e-10
2018-10-11 12:05:40, 1.1e-12, 2.11e-10
2018-10-11 12:05:45, 1.05e-12, 2.11e-10
2018-10-11 12:05:49, 1.09e-12, 2.11e-10
2018-10-11 12:05:53, 1.06e-12, 2.11e-10
2018-10-11 12:05:57, 1.05e-12, 2.11e-10
2018-10-11 12:06:01, 1.05e-12, 2.11e-10
2018-10-11 12:06:06, 1.12e-12, 2.11e-10
2018-10-11 12:06:10, 1.09e-12, 2.11e-10
2018-10-11 12:06:14, 1.1e-12, 2.11e-10
2018-10-11 12:06:18, 1.09e-12, 2.11e-10
2018-10-11 12:06:22, 1.05e-12, 2.11e-10
2018-10-11 12:06:27, 1.11e-12, 2.11e-10
2018-10-11 12:06:31, 1.04e-12, 2.11e-10
2018-10-11 12:06:35, 1.04e-12, 2.11e-10
2018-10-11 12:06:39, 1.1e-12, 2.11e-10
2018-10-11 12:06:44, 1.06e-12, 2.11e-10
2018-10-11 12:06:48, 1.05e-12, 2.12e-10
2018-10-11 12:06:52, 1.1e-12, 2.12e-10
2018-10-11 12:06:56, 1.04e-12, 2.12e-10
2018-10-11 12:07:00, 9.9e-13, 2.11e-10
2018-10-11 12:07:05, 1.09e-12, 2.11e-10
2018-10-11 12:07:09, 1.13e-12, 2.11e-10
2018-10-11 12:07:13, 1.09e-12, 2.11e-10
2018-10-11 12:07:17, 1.08e-12, 2.11e-10
2018-10-11 12:07:22, 1.06e-12, 2.11e-10
2018-10-11 12:07:26, 1.08e-12, 2.11e-10
2018-10-11 12:07:30, 9.78e-13, 2.11e-10
2018-10-11 12:07:34, 1.04e-12, 2.11e-10
2018-10-11 12:07:38, 1.01e-12, 2.11e-10
2018-10-11 12:07:43, 1.07e-12, 2.11e-10
2018-10-11 12:07:47, 1.09e-12, 2.11e-10
2018-10-11 12:07:51, 1.04e-12, 2.11e-10
2018-10-11 12:07:55, 1.05e-12, 2.12e-10
2018-10-11 12:08:00, 9.96e-13, 2.12e-10
2018-10-11 12:08:04, 1.05e-12, 2.12e-10
2018-10-11 12:08:08, 1.08e-12, 2.12e-10
2018-10-11 12:08:12, 9.72e-13, 2.12e-10
2018-10-11 12:08:16, 1.15e-12, 2.12e-10
2018-10-11 12:08:21, 1.18e-12, 2.11e-10
2018-10-11 12:08:25, 1.11e-12, 2.11e-10
2018-10-11 12:08:29, 1.17e-12, 2.11e-10
2018-10-11 12:08:33, 1.07e-12, 2.11e-10
2018-10-11 12:08:38, 1.08e-12, 2.11e-10
2018-10-11 12:08:42, 1.09e-12, 2.11e-10
2018-10-11 12:08:46, 1e-12, 2.12e-10
2018-10-11 12:08:50, 1.1e-12, 2.12e-10
2018-10-11 12:08:54, 1.27e-12, 2.12e-10
2018-10-11 12:08:59, 1.03e-12, 2.12e-10
2018-10-11 12:09:03, 1.06e-12, 2.12e-10
2018-10-11 12:09:07, 1.07e-12, 2.12e-10
2018-10-11 12:09:11, 1.07e-12, 2.11e-10
2018-10-11 12:09:16, 1.05e-12, 2.12e-10
2018-10-11 12:09:20, 1.14e-12, 2.12e-10
2018-10-11 12:09:24, 1.06e-12, 2.12e-10
2018-10-11 12:09:28, 1.06e-12, 2.12e-10
2018-10-11 12:09:32, 1.09e-12, 2.12e-10
2018-10-11 12:09:37, 1.22e-12, 2.12e-10
2018-10-11 12:09:41, 1.03e-12, 2.12e-10
2018-10-11 12:09:45, 8.91e-13, 2.12e-10
2018-10-11 12:09:49, 1.11e-12, 2.12e-10
2018-10-11 12:09:54, 1.06e-12, 2.12e-10
2018-10-11 12:09:58, 1.07e-12, 2.12e-10
2018-10-11 12:10:02, 9.94e-13, 2.12e-10
2018-10-11 12:10:06, 1.06e-12, 2.12e-10
2018-10-11 12:10:10, 1.04e-12, 2.12e-10
2018-10-11 12:10:15, 1.05e-12, 2.12e-10
2018-10-11 12:10:19, 1.1e-12, 2.12e-10
2018-10-11 12:10:23, 1.15e-12, 2.12e-10
2018-10-11 12:10:27, 1.12e-12, 2.12e-10
2018-10-11 12:10:32, 1.07e-12, 2.13e-10
2018-10-11 12:10:36, 1.03e-12, 2.12e-10
2018-10-11 12:10:40, 1.07e-12, 2.12e-10
2018-10-11 12:10:44, 1.02e-12, 2.12e-10
2018-10-11 12:10:48, 1.04e-12, 2.12e-10
2018-10-11 12:10:53, 1.09e-12, 2.12e-10
2018-10-11 12:10:57, 1.05e-12, 2.12e-10
2018-10-11 12:11:01, 1.02e-12, 2.12e-10
2018-10-11 12:11:05, 9.92e-13, 2.12e-10
2018-10-11 12:11:10, 1.04e-12, 2.12e-10
2018-10-11 12:11:14, 1.06e-12, 2.12e-10
2018-10-11 12:11:18, 1.11e-12, 2.12e-10
2018-10-11 12:11:22, 1.11e-12, 2.12e-10
2018-10-11 12:11:26, 1.07e-12, 2.12e-10
2018-10-11 12:11:31, 1.1e-12, 2.12e-10
2018-10-11 12:11:35, 1.08e-12, 2.12e-10
2018-10-11 12:11:39, 1.08e-12, 2.12e-10
2018-10-11 12:11:43, 1.05e-12, 2.12e-10
2018-10-11 12:11:48, 1.08e-12, 2.12e-10
2018-10-11 12:11:52, 1.1e-12, 2.12e-10
2018-10-11 12:11:56, 1.19e-12, 2.12e-10
2018-10-11 12:12:00, 1.02e-12, 2.12e-10
2018-10-11 12:12:04, 1.15e-12, 2.12e-10
2018-10-11 12:12:09, 1.07e-12, 2.12e-10
2018-10-11 12:12:13, 1.01e-12, 2.12e-10
2018-10-11 12:12:17, 1.04e-12, 2.12e-10
2018-10-11 12:12:21, 1.1e-12, 2.12e-10
2018-10-11 12:12:26, 1.09e-12, 2.12e-10
2018-10-11 12:12:30, 1.01e-12, 2.12e-10
2018-10-11 12:12:34, 1.05e-12, 2.12e-10
2018-10-11 12:12:38, 1.05e-12, 2.12e-10
2018-10-11 12:12:42, 1.05e-12, 2.12e-10
2018-10-11 12:12:47, 1.02e-12, 2.12e-10
2018-10-11 12:12:51, 1.07e-12, 2.12e-10
2018-10-11 12:12:55, 1.14e-12, 2.12e-10
2018-10-11 12:12:59, 1.09e-12, 2.13e-10
2018-10-11 12:13:04, 1.08e-12, 2.12e-10
2018-10-11 12:13:08, 1.07e-12, 2.13e-10
2018-10-11 12:13:12, 9.58e-13, 2.12e-10
2018-10-11 12:13:16, 1.04e-12, 2.12e-10
2018-10-11 12:13:20, 1.04e-12, 2.12e-10
2018-10-11 12:13:25, 1.14e-12, 2.12e-10
2018-10-11 12:13:29, 1.09e-12, 2.12e-10
2018-10-11 12:13:33, 1.08e-12, 2.12e-10
2018-10-11 12:13:37, 1.1e-12, 2.12e-10
2018-10-11 12:13:42, 1.05e-12, 2.12e-10
2018-10-11 12:13:46, 1.03e-12, 2.12e-10
2018-10-11 12:13:50, 1.23e-12, 2.13e-10
2018-10-11 12:13:54, 1.1e-12, 2.12e-10
2018-10-11 12:13:58, 1.05e-12, 2.12e-10
2018-10-11 12:14:03, 1.01e-12, 2.12e-10
2018-10-11 12:14:07, 1.03e-12, 2.12e-10
2018-10-11 12:14:11, 1.1e-12, 2.13e-10
2018-10-11 12:14:15, 1.07e-12, 2.13e-10
2018-10-11 12:14:20, 1.09e-12, 2.13e-10
2018-10-11 12:14:24, 1.04e-12, 2.13e-10
2018-10-11 12:14:28, 1.22e-12, 2.13e-10
2018-10-11 12:14:32, 1.03e-12, 2.13e-10
2018-10-11 12:14:36, 1.07e-12, 2.13e-10
2018-10-11 12:14:41, 1.01e-12, 2.12e-10
2018-10-11 12:14:45, 1.06e-12, 2.13e-10
2018-10-11 12:14:49, 1.05e-12, 2.13e-10
2018-10-11 12:14:53, 1.1e-12, 2.13e-10
2018-10-11 12:14:57, 1.05e-12, 2.13e-10
2018-10-11 12:15:02, 1.06e-12, 2.13e-10
2018-10-11 12:15:06, 1.02e-12, 2.12e-10
2018-10-11 12:15:10, 1.08e-12, 2.12e-10
2018-10-11 12:15:14, 1.13e-12, 2.12e-10
2018-10-11 12:15:19, 1.11e-12, 2.13e-10
2018-10-11 12:15:23, 1.08e-12, 2.13e-10
2018-10-11 12:15:27, 1.09e-12, 2.12e-10
2018-10-11 12:15:31, 1.04e-12, 2.13e-10
2018-10-11 12:15:35, 1.08e-12, 2.13e-10
2018-10-11 12:15:40, 1.08e-12, 2.12e-10
2018-10-11 12:15:44, 1.1e-12, 2.13e-10
2018-10-11 12:15:48, 1.05e-12, 2.13e-10
2018-10-11 12:15:52, 1.05e-12, 2.13e-10
2018-10-11 12:15:57, 1.03e-12, 2.13e-10
2018-10-11 12:16:01, 1.08e-12, 2.13e-10
2018-10-11 12:16:05, 1.05e-12, 2.13e-10
2018-10-11 12:16:09, 1.06e-12, 2.13e-10
2018-10-11 12:16:13, 1.09e-12, 2.13e-10
2018-10-11 12:16:18, 1.04e-12, 2.13e-10
2018-10-11 12:16:22, 1.12e-12, 2.13e-10
2018-10-11 12:16:26, 1.04e-12, 2.13e-10
2018-10-11 12:16:30, 1.07e-12, 2.13e-10
2018-10-11 12:16:35, 1.07e-12, 2.13e-10
2018-10-11 12:16:39, 1.1e-12, 2.13e-10
2018-10-11 12:16:43, 1.09e-12, 2.13e-10
2018-10-11 12:16:47, 1.1e-12, 2.13e-10
2018-10-11 12:16:51, 1.07e-12, 2.13e-10
2018-10-11 12:16:56, 1.08e-12, 2.13e-10
2018-10-11 12:17:00, 1.03e-12, 2.13e-10
2018-10-11 12:17:04, 1.21e-12, 2.13e-10
2018-10-11 12:17:08, 1.04e-12, 2.13e-10
2018-10-11 12:17:13, 1.06e-12, 2.14e-10
2018-10-11 12:17:17, 1.04e-12, 2.14e-10
2018-10-11 12:17:21, 1.1e-12, 2.14e-10
2018-10-11 12:17:25, 1.11e-12, 2.14e-10
2018-10-11 12:17:29, 1.09e-12, 2.14e-10
2018-10-11 12:17:34, 1.08e-12, 2.14e-10
2018-10-11 12:17:38, 1.06e-12, 2.14e-10
2018-10-11 12:17:42, 1.06e-12, 2.14e-10
2018-10-11 12:17:46, 1.07e-12, 2.14e-10
2018-10-11 12:17:51, 1.09e-12, 2.13e-10
2018-10-11 12:17:55, 1.07e-12, 2.14e-10
2018-10-11 12:17:59, 1.07e-12, 2.14e-10
2018-10-11 12:18:03, 1.03e-12, 2.14e-10
2018-10-11 12:18:07, 1.12e-12, 2.14e-10
2018-10-11 12:18:12, 1.11e-12, 2.13e-10
2018-10-11 12:18:16, 1.08e-12, 2.13e-10
2018-10-11 12:18:20, 1.12e-12, 2.13e-10
2018-10-11 12:18:24, 1.06e-12, 2.14e-10
2018-10-11 12:18:29, 1.13e-12, 2.13e-10
2018-10-11 12:18:33, 1.05e-12, 2.13e-10
2018-10-11 12:18:37, 1.05e-12, 2.14e-10
2018-10-11 12:18:41, 1.05e-12, 2.14e-10
2018-10-11 12:18:45, 9.96e-13, 2.14e-10
2018-10-11 12:18:50, 1.05e-12, 2.13e-10
2018-10-11 12:18:54, 1.01e-12, 2.14e-10
2018-10-11 12:18:58, 1.09e-12, 2.13e-10
2018-10-11 12:19:02, 1.07e-12, 2.13e-10
2018-10-11 12:19:07, 1.07e-12, 2.13e-10
2018-10-11 12:19:11, 1.01e-12, 2.13e-10
2018-10-11 12:19:15, 9.9e-13, 2.14e-10
2018-10-11 12:19:19, 1.04e-12, 2.14e-10
2018-10-11 12:19:23, 1.08e-12, 2.14e-10
2018-10-11 12:19:28, 1.09e-12, 2.14e-10
2018-10-11 12:19:32, 1.17e-12, 2.14e-10
2018-10-11 12:19:36, 1.06e-12, 2.14e-10
2018-10-11 12:19:40, 1.1e-12, 2.14e-10
2018-10-11 12:19:45, 1.05e-12, 2.14e-10
2018-10-11 12:19:49, 1.07e-12, 2.14e-10
2018-10-11 12:19:53, 1.09e-12, 2.14e-10
2018-10-11 12:19:57, 1.1e-12, 2.14e-10
2018-10-11 12:20:01, 1.03e-12, 2.14e-10
2018-10-11 12:20:06, 1.13e-12, 2.14e-10
2018-10-11 12:20:10, 1.07e-12, 2.14e-10
2018-10-11 12:20:14, 1.07e-12, 2.14e-10
2018-10-11 12:20:18, 8.84e-13, 2.14e-10
2018-10-11 12:20:23, 1.15e-12, 2.14e-10
2018-10-11 12:20:27, 1.04e-12, 2.14e-10
2018-10-11 12:20:31, 1.18e-12, 2.14e-10
2018-10-11 12:20:35, 1.05e-12, 2.14e-10
2018-10-11 12:20:39, 1.05e-12, 2.14e-10
2018-10-11 12:20:44, 9.84e-13, 2.14e-10
2018-10-11 12:20:48, 1.07e-12, 2.14e-10
2018-10-11 12:20:52, 1.07e-12, 2.14e-10
2018-10-11 12:20:56, 1.06e-12, 2.14e-10
2018-10-11 12:21:01, 9.63e-13, 2.14e-10
2018-10-11 12:21:05, 1.08e-12, 2.14e-10
2018-10-11 12:21:09, 1.11e-12, 2.14e-10
2018-10-11 12:21:13, 1.08e-12, 2.14e-10
2018-10-11 12:21:17, 1.11e-12, 2.14e-10
2018-10-11 12:21:22, 1.15e-12, 2.14e-10
2018-10-11 12:21:26, 1.11e-12, 2.14e-10
2018-10-11 12:21:30, 1.03e-12, 2.14e-10
2018-10-11 12:21:34, 1.11e-12, 2.14e-10
2018-10-11 12:21:39, 1.03e-12, 2.14e-10
2018-10-11 12:21:43, 1.05e-12, 2.14e-10
2018-10-11 12:21:47, 1.1e-12, 2.14e-10
2018-10-11 12:21:51, 1.04e-12, 2.14e-10
2018-10-11 12:21:55, 1.11e-12, 2.14e-10
2018-10-11 12:22:00, 1.03e-12, 2.14e-10
2018-10-11 12:22:04, 1.27e-12, 2.15e-10
2018-10-11 12:22:08, 1.04e-12, 2.15e-10
2018-10-11 12:22:12, 1.08e-12, 2.15e-10
2018-10-11 12:22:17, 1.09e-12, 2.15e-10
2018-10-11 12:22:21, 1.16e-12, 2.15e-10
2018-10-11 12:22:25, 1.2e-12, 2.15e-10
2018-10-11 12:22:29, 1.05e-12, 2.15e-10
2018-10-11 12:22:33, 1.14e-12, 2.15e-10
2018-10-11 12:22:38, 1.02e-12, 2.15e-10
2018-10-11 12:22:42, 1.03e-12, 2.15e-10
2018-10-11 12:22:46, 1.1e-12, 2.15e-10
2018-10-11 12:22:50, 1.09e-12, 2.15e-10
2018-10-11 12:22:55, 1.08e-12, 2.15e-10
2018-10-11 12:22:59, 1.04e-12, 2.15e-10
2018-10-11 12:23:03, 1.06e-12, 2.15e-10
2018-10-11 12:23:07, 1.06e-12, 2.15e-10
2018-10-11 12:23:11, 1.04e-12, 2.15e-10
2018-10-11 12:23:16, 1.09e-12, 2.15e-10
2018-10-11 12:23:20, 1.09e-12, 2.15e-10
2018-10-11 12:23:24, 9.75e-13, 2.15e-10
2018-10-11 12:23:28, 1.01e-12, 2.15e-10
2018-10-11 12:23:33, 1.12e-12, 2.15e-10
2018-10-11 12:23:37, 1.11e-12, 2.15e-10
2018-10-11 12:23:41, 1.08e-12, 2.15e-10
2018-10-11 12:23:45, 1.06e-12, 2.15e-10
2018-10-11 12:23:49, 9.66e-13, 2.15e-10
2018-10-11 12:23:54, 1.04e-12, 2.15e-10
2018-10-11 12:23:58, 1.05e-12, 2.15e-10
2018-10-11 12:24:02, 9.77e-13, 2.15e-10
2018-10-11 12:24:06, 1.06e-12, 2.15e-10
2018-10-11 12:24:10, 1.1e-12, 2.15e-10
2018-10-11 12:24:15, 1.08e-12, 2.15e-10
2018-10-11 12:24:19, 1.07e-12, 2.15e-10
2018-10-11 12:24:23, 1.13e-12, 2.15e-10
2018-10-11 12:24:27, 9.9e-13, 2.15e-10
2018-10-11 12:24:32, 1.2e-12, 2.15e-10
2018-10-11 12:24:36, 1.08e-12, 2.15e-10
2018-10-11 12:24:40, 1.07e-12, 2.15e-10
2018-10-11 12:24:44, 1.08e-12, 2.15e-10
2018-10-11 12:24:48, 1.12e-12, 2.15e-10
2018-10-11 12:24:53, 1.09e-12, 2.15e-10
2018-10-11 12:24:57, 1.13e-12, 2.15e-10
2018-10-11 12:25:01, 1.09e-12, 2.15e-10
2018-10-11 12:25:05, 1e-12, 2.15e-10
2018-10-11 12:25:10, 1.09e-12, 2.15e-10
2018-10-11 12:25:14, 1.1e-12, 2.15e-10
2018-10-11 12:25:18, 1.09e-12, 2.15e-10
2018-10-11 12:25:22, 1.04e-12, 2.16e-10
2018-10-11 12:25:26, 1.07e-12, 2.16e-10
2018-10-11 12:25:31, 1.09e-12, 2.16e-10
2018-10-11 12:25:35, 1.22e-12, 2.15e-10
2018-10-11 12:25:39, 1.08e-12, 2.15e-10
2018-10-11 12:25:43, 1.03e-12, 2.16e-10
2018-10-11 12:25:48, 1.09e-12, 2.15e-10
2018-10-11 12:25:52, 1.05e-12, 2.15e-10
2018-10-11 12:25:56, 1.02e-12, 2.16e-10
2018-10-11 12:26:00, 1.06e-12, 2.15e-10
2018-10-11 12:26:04, 1.1e-12, 2.16e-10
2018-10-11 12:26:09, 1.05e-12, 2.16e-10
2018-10-11 12:26:13, 9.73e-13, 2.15e-10
2018-10-11 12:26:17, 1.09e-12, 2.15e-10
2018-10-11 12:26:21, 1.04e-12, 2.15e-10
2018-10-11 12:26:26, 1.09e-12, 2.16e-10
2018-10-11 12:26:30, 1.05e-12, 2.16e-10
2018-10-11 12:26:34, 1.08e-12, 2.15e-10
2018-10-11 12:26:38, 1.11e-12, 2.15e-10
2018-10-11 12:26:42, 9.81e-13, 2.15e-10
2018-10-11 12:26:47, 1.11e-12, 2.15e-10
2018-10-11 12:26:51, 1.09e-12, 2.15e-10
2018-10-11 12:26:55, 1.12e-12, 2.16e-10
2018-10-11 12:26:59, 9.33e-13, 2.16e-10
2018-10-11 12:27:04, 1.2e-12, 2.16e-10
2018-10-11 12:27:08, 1.08e-12, 2.16e-10
2018-10-11 12:27:12, 1.02e-12, 2.16e-10
2018-10-11 12:27:16, 1.09e-12, 2.16e-10
2018-10-11 12:27:20, 1.04e-12, 2.16e-10
2018-10-11 12:27:25, 1.12e-12, 2.16e-10
2018-10-11 12:27:29, 1.06e-12, 2.16e-10
2018-10-11 12:27:33, 1.18e-12, 2.16e-10
2018-10-11 12:27:37, 1.06e-12, 2.15e-10
2018-10-11 12:27:42, 1.05e-12, 2.16e-10
2018-10-11 12:27:46, 1.05e-12, 2.16e-10
2018-10-11 12:27:50, 1.02e-12, 2.16e-10
2018-10-11 12:27:54, 1.04e-12, 2.16e-10
2018-10-11 12:27:58, 1.06e-12, 2.16e-10
2018-10-11 12:28:03, 1.1e-12, 2.16e-10
2018-10-11 12:28:07, 1.08e-12, 2.16e-10
2018-10-11 12:28:11, 1.07e-12, 2.16e-10
2018-10-11 12:28:15, 1.23e-12, 2.16e-10
2018-10-11 12:28:20, 1.11e-12, 2.16e-10
2018-10-11 12:28:24, 1.09e-12, 2.16e-10
2018-10-11 12:28:28, 1.03e-12, 2.16e-10
2018-10-11 12:28:32, 1.06e-12, 2.16e-10
2018-10-11 12:28:36, 1.03e-12, 2.16e-10
2018-10-11 12:28:41, 9.93e-13, 2.16e-10
2018-10-11 12:28:45, 1.07e-12, 2.16e-10
2018-10-11 12:28:49, 1.06e-12, 2.16e-10
2018-10-11 12:28:53, 1.09e-12, 2.16e-10
2018-10-11 12:28:58, 1.04e-12, 2.16e-10
2018-10-11 12:29:02, 1.06e-12, 2.16e-10
2018-10-11 12:29:06, 9.79e-13, 2.16e-10
2018-10-11 12:29:10, 1.01e-12, 2.16e-10
2018-10-11 12:29:14, 1.21e-12, 2.16e-10
2018-10-11 12:29:19, 1.08e-12, 2.16e-10
2018-10-11 12:29:23, 1.09e-12, 2.16e-10
2018-10-11 12:29:27, 1.12e-12, 2.16e-10
2018-10-11 12:29:31, 1.02e-12, 2.16e-10
2018-10-11 12:29:36, 1.05e-12, 2.16e-10
2018-10-11 12:29:40, 1.11e-12, 2.16e-10
2018-10-11 12:29:44, 1.06e-12, 2.16e-10
2018-10-11 12:29:48, 1.11e-12, 2.16e-10
2018-10-11 12:29:52, 1.04e-12, 2.16e-10
2018-10-11 12:29:57, 1.08e-12, 2.16e-10
2018-10-11 12:30:01, 1.08e-12, 2.16e-10
2018-10-11 12:30:05, 1.09e-12, 2.16e-10
2018-10-11 12:30:09, 1.16e-12, 2.16e-10
2018-10-11 12:30:13, 9.93e-13, 2.16e-10
2018-10-11 12:30:18, 1.15e-12, 2.16e-10
2018-10-11 12:30:22, 9.98e-13, 2.16e-10
2018-10-11 12:30:26, 1.09e-12, 2.16e-10
2018-10-11 12:30:30, 1.07e-12, 2.16e-10
2018-10-11 12:30:35, 1.03e-12, 2.16e-10
2018-10-11 12:30:39, 1.01e-12, 2.16e-10
2018-10-11 12:30:43, 1.05e-12, 2.16e-10
2018-10-11 12:30:47, 1.07e-12, 2.16e-10
2018-10-11 12:30:51, 1.09e-12, 2.16e-10
2018-10-11 12:30:56, 1.08e-12, 2.16e-10
2018-10-11 12:31:00, 1.08e-12, 2.16e-10
2018-10-11 12:31:04, 1.11e-12, 2.16e-10
2018-10-11 12:31:08, 1.12e-12, 2.16e-10
2018-10-11 12:31:13, 1.12e-12, 2.16e-10
2018-10-11 12:31:17, 1.14e-12, 2.16e-10
2018-10-11 12:31:21, 1.09e-12, 2.16e-10
2018-10-11 12:31:25, 1.05e-12, 2.16e-10
2018-10-11 12:31:29, 1.07e-12, 2.17e-10
2018-10-11 12:31:34, 1.01e-12, 2.16e-10
2018-10-11 12:31:38, 1.08e-12, 2.16e-10
2018-10-11 12:31:42, 1.04e-12, 2.16e-10
2018-10-11 12:31:46, 1.08e-12, 2.16e-10
2018-10-11 12:31:51, 1.12e-12, 2.16e-10
2018-10-11 12:31:55, 1.09e-12, 2.16e-10
2018-10-11 12:31:59, 1.09e-12, 2.16e-10
2018-10-11 12:32:03, 1.07e-12, 2.16e-10
2018-10-11 12:32:07, 1.07e-12, 2.16e-10
2018-10-11 12:32:12, 1.07e-12, 2.16e-10
2018-10-11 12:32:16, 1.03e-12, 2.16e-10
2018-10-11 12:32:20, 1.08e-12, 2.16e-10
2018-10-11 12:32:24, 9.62e-13, 2.16e-10
2018-10-11 12:32:29, 1.07e-12, 2.16e-10
2018-10-11 12:32:33, 1.08e-12, 2.16e-10
2018-10-11 12:32:37, 1.1e-12, 2.16e-10
2018-10-11 12:32:41, 9.22e-13, 2.16e-10
2018-10-11 12:32:45, 1.1e-12, 2.16e-10
2018-10-11 12:32:50, 9.14e-13, 2.16e-10
2018-10-11 12:32:54, 1.05e-12, 2.16e-10
2018-10-11 12:32:58, 1.06e-12, 2.16e-10
2018-10-11 12:33:02, 1.06e-12, 2.16e-10
2018-10-11 12:33:07, 1.04e-12, 2.16e-10
2018-10-11 12:33:11, 1.09e-12, 2.16e-10
2018-10-11 12:33:15, 1.05e-12, 2.16e-10
2018-10-11 12:33:19, 1.04e-12, 2.16e-10
2018-10-11 12:33:23, 1.02e-12, 2.16e-10
2018-10-11 12:33:28, 1.07e-12, 2.16e-10
2018-10-11 12:33:32, 1.08e-12, 2.16e-10
2018-10-11 12:33:36, 1.07e-12, 2.16e-10
2018-10-11 12:33:40, 1.07e-12, 2.16e-10
2018-10-11 12:33:45, 1.1e-12, 2.16e-10
2018-10-11 12:33:49, 1.1e-12, 2.16e-10
2018-10-11 12:33:53, 1.06e-12, 2.17e-10
2018-10-11 12:33:57, 1.15e-12, 2.16e-10
2018-10-11 12:34:01, 1.03e-12, 2.16e-10
2018-10-11 12:34:06, 1.08e-12, 2.16e-10
2018-10-11 12:34:10, 1.11e-12, 2.16e-10
2018-10-11 12:34:14, 1.11e-12, 2.16e-10
2018-10-11 12:34:18, 9.51e-13, 2.16e-10
2018-10-11 12:34:23, 1.04e-12, 2.16e-10
2018-10-11 12:34:27, 1.1e-12, 2.16e-10
2018-10-11 12:34:31, 1.03e-12, 2.16e-10
2018-10-11 12:34:35, 1.09e-12, 2.16e-10
2018-10-11 12:34:39, 1.08e-12, 2.16e-10
2018-10-11 12:34:44, 1.08e-12, 2.17e-10
2018-10-11 12:34:48, 1.04e-12, 2.17e-10
2018-10-11 12:34:52, 1.04e-12, 2.17e-10
2018-10-11 12:34:56, 1.08e-12, 2.17e-10
2018-10-11 12:35:01, 1.08e-12, 2.17e-10
2018-10-11 12:35:05, 9.61e-13, 2.17e-10
2018-10-11 12:35:09, 1.11e-12, 2.17e-10
2018-10-11 12:35:13, 1.1e-12, 2.16e-10
2018-10-11 12:35:17, 1.09e-12, 2.16e-10
2018-10-11 12:35:22, 1.07e-12, 2.16e-10
2018-10-11 12:35:26, 1.07e-12, 2.17e-10
2018-10-11 12:35:30, 9.71e-13, 2.17e-10
2018-10-11 12:35:34, 1.02e-12, 2.17e-10
2018-10-11 12:35:39, 1.03e-12, 2.17e-10
2018-10-11 12:35:43, 1.1e-12, 2.17e-10
2018-10-11 12:35:47, 1.09e-12, 2.17e-10
2018-10-11 12:35:51, 1.04e-12, 2.16e-10
2018-10-11 12:35:55, 1.06e-12, 2.16e-10
2018-10-11 12:36:00, 1.1e-12, 2.17e-10
2018-10-11 12:36:04, 1.09e-12, 2.16e-10
2018-10-11 12:36:08, 1.06e-12, 2.16e-10
2018-10-11 12:36:12, 1.08e-12, 2.16e-10
2018-10-11 12:36:17, 1.03e-12, 2.16e-10
2018-10-11 12:36:21, 1.1e-12, 2.16e-10
2018-10-11 12:36:25, 1.08e-12, 2.16e-10
2018-10-11 12:36:29, 1.09e-12, 2.16e-10
2018-10-11 12:36:33, 1.04e-12, 2.16e-10
2018-10-11 12:36:38, 1.02e-12, 2.16e-10
2018-10-11 12:36:42, 1.12e-12, 2.16e-10
2018-10-11 12:36:46, 9.85e-13, 2.17e-10
2018-10-11 12:36:50, 1.01e-12, 2.17e-10
2018-10-11 12:36:55, 1.08e-12, 2.16e-10
2018-10-11 12:36:59, 1.05e-12, 2.16e-10
2018-10-11 12:37:03, 1.08e-12, 2.16e-10
2018-10-11 12:37:07, 1.09e-12, 2.16e-10
2018-10-11 12:37:11, 1.08e-12, 2.16e-10
2018-10-11 12:37:16, 1.11e-12, 2.16e-10
2018-10-11 12:37:20, 1.13e-12, 2.16e-10
2018-10-11 12:37:24, 1.07e-12, 2.16e-10
2018-10-11 12:37:28, 1.08e-12, 2.16e-10
2018-10-11 12:37:33, 1.14e-12, 2.16e-10
2018-10-11 12:37:37, 1.09e-12, 2.17e-10
2018-10-11 12:37:41, 1.23e-12, 2.17e-10
2018-10-11 12:37:45, 1.07e-12, 2.17e-10
2018-10-11 12:37:49, 1.04e-12, 2.16e-10
2018-10-11 12:37:54, 1.05e-12, 2.16e-10
2018-10-11 12:37:58, 1.09e-12, 2.16e-10
2018-10-11 12:38:02, 1.09e-12, 2.16e-10
2018-10-11 12:38:06, 1.13e-12, 2.17e-10
2018-10-11 12:38:11, 1.1e-12, 2.17e-10
2018-10-11 12:38:15, 1.03e-12, 2.17e-10
2018-10-11 12:38:19, 1.03e-12, 2.17e-10
2018-10-11 12:38:23, 1.04e-12, 2.16e-10
2018-10-11 12:38:27, 1.02e-12, 2.17e-10
2018-10-11 12:38:32, 1.02e-12, 2.16e-10
2018-10-11 12:38:36, 1.05e-12, 2.17e-10
2018-10-11 12:38:40, 1.15e-12, 2.16e-10
2018-10-11 12:38:44, 1.13e-12, 2.17e-10
2018-10-11 12:38:48, 1.12e-12, 2.17e-10
2018-10-11 12:38:53, 1.08e-12, 2.17e-10
2018-10-11 12:38:57, 1.07e-12, 2.17e-10
2018-10-11 12:39:01, 1.11e-12, 2.16e-10
2018-10-11 12:39:05, 1.2e-12, 2.17e-10
2018-10-11 12:39:10, 1.15e-12, 2.17e-10
2018-10-11 12:39:14, 1.08e-12, 2.17e-10
2018-10-11 12:39:18, 1.06e-12, 2.17e-10
2018-10-11 12:39:22, 1.08e-12, 2.17e-10
2018-10-11 12:39:26, 1.1e-12, 2.17e-10
2018-10-11 12:39:31, 1.05e-12, 2.17e-10
2018-10-11 12:39:35, 1.08e-12, 2.17e-10
2018-10-11 12:39:39, 1.06e-12, 2.17e-10
2018-10-11 12:39:43, 1.05e-12, 2.17e-10
2018-10-11 12:39:48, 1.1e-12, 2.17e-10
2018-10-11 12:39:52, 1.09e-12, 2.17e-10
2018-10-11 12:39:56, 1.08e-12, 2.17e-10
2018-10-11 12:40:00, 1.03e-12, 2.17e-10
2018-10-11 12:40:04, 1.03e-12, 2.17e-10
2018-10-11 12:40:09, 1.06e-12, 2.17e-10
2018-10-11 12:40:13, 1.06e-12, 2.17e-10
2018-10-11 12:40:17, 1.07e-12, 2.17e-10
2018-10-11 12:40:21, 1.05e-12, 2.17e-10
2018-10-11 12:40:26, 1.03e-12, 2.17e-10
2018-10-11 12:40:30, 1.04e-12, 2.17e-10
2018-10-11 12:40:34, 1.06e-12, 2.17e-10
2018-10-11 12:40:38, 9.88e-13, 2.17e-10
2018-10-11 12:40:42, 1.07e-12, 2.17e-10
2018-10-11 12:40:47, 1.01e-12, 2.17e-10
2018-10-11 12:40:51, 1.09e-12, 2.17e-10
2018-10-11 12:40:55, 1.09e-12, 2.17e-10
2018-10-11 12:40:59, 1.01e-12, 2.17e-10
2018-10-11 12:41:04, 1.04e-12, 2.17e-10
2018-10-11 12:41:08, 1.13e-12, 2.17e-10
2018-10-11 12:41:12, 1.06e-12, 2.17e-10
2018-10-11 12:41:16, 1.03e-12, 2.17e-10
2018-10-11 12:41:20, 9.45e-13, 2.17e-10
2018-10-11 12:41:25, 1.25e-12, 2.17e-10
2018-10-11 12:41:29, 1.05e-12, 2.17e-10
2018-10-11 12:41:33, 1.08e-12, 2.17e-10
2018-10-11 12:41:37, 1.12e-12, 2.17e-10
2018-10-11 12:41:42, 1.07e-12, 2.17e-10
2018-10-11 12:41:46, 1.05e-12, 2.17e-10
2018-10-11 12:41:50, 1.04e-12, 2.17e-10
2018-10-11 12:41:54, 1.06e-12, 2.17e-10
2018-10-11 12:41:58, 1.01e-12, 2.17e-10
2018-10-11 12:42:03, 1.04e-12, 2.17e-10
2018-10-11 12:42:07, 1.14e-12, 2.17e-10
2018-10-11 12:42:11, 1.03e-12, 2.17e-10
2018-10-11 12:42:15, 1.05e-12, 2.17e-10
2018-10-11 12:42:20, 1.23e-12, 2.17e-10
2018-10-11 12:42:24, 1.06e-12, 2.17e-10
2018-10-11 12:42:28, 1.16e-12, 2.17e-10
2018-10-11 12:42:32, 1.12e-12, 2.17e-10
2018-10-11 12:42:36, 1.1e-12, 2.17e-10
2018-10-11 12:42:41, 1.06e-12, 2.16e-10
2018-10-11 12:42:45, 1.21e-12, 2.17e-10
2018-10-11 12:42:49, 1.11e-12, 2.17e-10
2018-10-11 12:42:53, 1.06e-12, 2.17e-10
2018-10-11 12:42:58, 1.14e-12, 2.17e-10
2018-10-11 12:43:02, 1.08e-12, 2.17e-10
2018-10-11 12:43:06, 1.09e-12, 2.17e-10
2018-10-11 12:43:10, 1.05e-12, 2.17e-10
2018-10-11 12:43:14, 1.07e-12, 2.17e-10
2018-10-11 12:43:19, 1.06e-12, 2.17e-10
2018-10-11 12:43:23, 1.06e-12, 2.17e-10
2018-10-11 12:43:27, 1.03e-12, 2.17e-10
2018-10-11 12:43:31, 1.1e-12, 2.17e-10
2018-10-11 12:43:36, 1.1e-12, 2.17e-10
2018-10-11 12:43:40, 1.08e-12, 2.17e-10
2018-10-11 12:43:44, 9.65e-13, 2.17e-10
2018-10-11 12:43:48, 1.09e-12, 2.17e-10
2018-10-11 12:43:52, 1.06e-12, 2.17e-10
2018-10-11 12:43:57, 1.06e-12, 2.17e-10
2018-10-11 12:44:01, 1.13e-12, 2.17e-10
2018-10-11 12:44:05, 1.06e-12, 2.17e-10
2018-10-11 12:44:09, 1.07e-12, 2.17e-10
2018-10-11 12:44:14, 1.07e-12, 2.17e-10
2018-10-11 12:44:18, 1.07e-12, 2.17e-10
2018-10-11 12:44:22, 1.03e-12, 2.17e-10
2018-10-11 12:44:26, 1.12e-12, 2.17e-10
2018-10-11 12:44:30, 1.04e-12, 2.17e-10
2018-10-11 12:44:35, 1.09e-12, 2.17e-10
2018-10-11 12:44:39, 1.04e-12, 2.17e-10
2018-10-11 12:44:43, 1.13e-12, 2.17e-10
2018-10-11 12:44:47, 9.75e-13, 2.17e-10
2018-10-11 12:44:51, 1.09e-12, 2.17e-10
2018-10-11 12:44:56, 1.16e-12, 2.17e-10
2018-10-11 12:45:00, 1.04e-12, 2.17e-10
2018-10-11 12:45:04, 1.07e-12, 2.17e-10
2018-10-11 12:45:08, 1.17e-12, 2.17e-10
2018-10-11 12:45:13, 1.05e-12, 2.17e-10
2018-10-11 12:45:17, 1.2e-12, 2.17e-10
2018-10-11 12:45:21, 1.08e-12, 2.17e-10
2018-10-11 12:45:25, 1.06e-12, 2.17e-10
2018-10-11 12:45:29, 1.14e-12, 2.17e-10
2018-10-11 12:45:34, 1.03e-12, 2.17e-10
2018-10-11 12:45:38, 1.11e-12, 2.17e-10
2018-10-11 12:45:42, 1.1e-12, 2.17e-10
2018-10-11 12:45:46, 1.07e-12, 2.17e-10
2018-10-11 12:45:51, 1.09e-12, 2.17e-10
2018-10-11 12:45:55, 1.05e-12, 2.17e-10
2018-10-11 12:45:59, 1.05e-12, 2.17e-10
2018-10-11 12:46:03, 1.09e-12, 2.17e-10
2018-10-11 12:46:07, 1.07e-12, 2.17e-10
2018-10-11 12:46:12, 1.06e-12, 2.17e-10
2018-10-11 12:46:16, 9.76e-13, 2.17e-10
2018-10-11 12:46:20, 1.03e-12, 2.17e-10
2018-10-11 12:46:24, 1.03e-12, 2.17e-10
2018-10-11 12:46:29, 1.06e-12, 2.17e-10
2018-10-11 12:46:33, 1.05e-12, 2.17e-10
2018-10-11 12:46:37, 1.05e-12, 2.17e-10
2018-10-11 12:46:41, 1.04e-12, 2.17e-10
2018-10-11 12:46:45, 1.05e-12, 2.18e-10
2018-10-11 12:46:50, 1.11e-12, 2.17e-10
2018-10-11 12:46:54, 1.11e-12, 2.17e-10
2018-10-11 12:46:58, 1.05e-12, 2.17e-10
2018-10-11 12:47:02, 1.02e-12, 2.17e-10
2018-10-11 12:47:07, 1.02e-12, 2.18e-10
2018-10-11 12:47:11, 1.05e-12, 2.18e-10
2018-10-11 12:47:15, 1.02e-12, 2.17e-10
2018-10-11 12:47:19, 1.11e-12, 2.17e-10
2018-10-11 12:47:23, 1.03e-12, 2.18e-10
2018-10-11 12:47:28, 1.11e-12, 2.17e-10
2018-10-11 12:47:32, 1.12e-12, 2.17e-10
2018-10-11 12:47:36, 1.06e-12, 2.17e-10
2018-10-11 12:47:40, 1.08e-12, 2.17e-10
2018-10-11 12:47:45, 1.11e-12, 2.17e-10
2018-10-11 12:47:49, 1.25e-12, 2.17e-10
2018-10-11 12:47:53, 1.08e-12, 2.17e-10
2018-10-11 12:47:57, 1.07e-12, 2.17e-10
2018-10-11 12:48:01, 1.07e-12, 2.17e-10
2018-10-11 12:48:06, 1.16e-12, 2.17e-10
2018-10-11 12:48:10, 1.02e-12, 2.17e-10
2018-10-11 12:48:14, 1.06e-12, 2.17e-10
2018-10-11 12:48:18, 1.09e-12, 2.18e-10
2018-10-11 12:48:23, 1.03e-12, 2.18e-10
2018-10-11 12:48:27, 1.08e-12, 2.17e-10
2018-10-11 12:48:31, 9.87e-13, 2.17e-10
2018-10-11 12:48:35, 1.07e-12, 2.17e-10
2018-10-11 12:48:39, 1.09e-12, 2.17e-10
2018-10-11 12:48:44, 1.05e-12, 2.17e-10
2018-10-11 12:48:48, 1.11e-12, 2.18e-10
2018-10-11 12:48:52, 1.18e-12, 2.17e-10
2018-10-11 12:48:56, 1.04e-12, 2.18e-10
2018-10-11 12:49:01, 1.11e-12, 2.18e-10
2018-10-11 12:49:05, 1.09e-12, 2.18e-10
2018-10-11 12:49:09, 1.11e-12, 2.18e-10
2018-10-11 12:49:13, 1.04e-12, 2.17e-10
2018-10-11 12:49:17, 1.02e-12, 2.18e-10
2018-10-11 12:49:22, 1.13e-12, 2.17e-10
2018-10-11 12:49:26, 1.07e-12, 2.17e-10
2018-10-11 12:49:30, 1.04e-12, 2.17e-10
2018-10-11 12:49:34, 1.05e-12, 2.17e-10
2018-10-11 12:49:38, 1.04e-12, 2.18e-10
2018-10-11 12:49:43, 1.02e-12, 2.17e-10
2018-10-11 12:49:47, 1.06e-12, 2.17e-10
2018-10-11 12:49:51, 1.1e-12, 2.17e-10
2018-10-11 12:49:55, 1.14e-12, 2.17e-10
2018-10-11 12:50:00, 9.91e-13, 2.17e-10
2018-10-11 12:50:04, 1.09e-12, 2.17e-10
2018-10-11 12:50:08, 1.08e-12, 2.18e-10
2018-10-11 12:50:12, 1.1e-12, 2.18e-10
2018-10-11 12:50:16, 1.06e-12, 2.18e-10
2018-10-11 12:50:21, 1.03e-12, 2.18e-10
2018-10-11 12:50:25, 1.11e-12, 2.18e-10
2018-10-11 12:50:29, 1.05e-12, 2.18e-10
2018-10-11 12:50:33, 1.05e-12, 2.17e-10
2018-10-11 12:50:38, 1.08e-12, 2.17e-10
2018-10-11 12:50:42, 1.04e-12, 2.17e-10
2018-10-11 12:50:46, 1.04e-12, 2.17e-10
2018-10-11 12:50:50, 1.02e-12, 2.18e-10
2018-10-11 12:50:54, 1.1e-12, 2.18e-10
2018-10-11 12:50:59, 1.06e-12, 2.18e-10
2018-10-11 12:51:03, 1.03e-12, 2.18e-10
2018-10-11 12:51:07, 1.04e-12, 2.18e-10
2018-10-11 12:51:11, 1.07e-12, 2.18e-10
2018-10-11 12:51:16, 1.08e-12, 2.17e-10
2018-10-11 12:51:20, 1.13e-12, 2.17e-10
2018-10-11 12:51:24, 1.1e-12, 2.17e-10
2018-10-11 12:51:28, 1.15e-12, 2.17e-10
2018-10-11 12:51:32, 1.1e-12, 2.17e-10
2018-10-11 12:51:37, 1.05e-12, 2.18e-10
2018-10-11 12:51:41, 1.08e-12, 2.17e-10
2018-10-11 12:51:45, 1.09e-12, 2.17e-10
2018-10-11 12:51:49, 1.12e-12, 2.17e-10
2018-10-11 12:51:54, 1.04e-12, 2.17e-10
2018-10-11 12:51:58, 1.02e-12, 2.18e-10
2018-10-11 12:52:02, 1.08e-12, 2.18e-10
2018-10-11 12:52:06, 1.04e-12, 2.18e-10
2018-10-11 12:52:10, 1.07e-12, 2.18e-10
2018-10-11 12:52:15, 1.04e-12, 2.18e-10
2018-10-11 12:52:19, 1.1e-12, 2.18e-10
2018-10-11 12:52:23, 1.11e-12, 2.18e-10
2018-10-11 12:52:27, 1.12e-12, 2.18e-10
2018-10-11 12:52:32, 1.08e-12, 2.18e-10
2018-10-11 12:52:36, 1.04e-12, 2.18e-10
2018-10-11 12:52:40, 1.05e-12, 2.18e-10
2018-10-11 12:52:44, 1.11e-12, 2.18e-10
2018-10-11 12:52:48, 1.06e-12, 2.18e-10
2018-10-11 12:52:53, 1.07e-12, 2.18e-10
2018-10-11 12:52:57, 1.18e-12, 2.18e-10
2018-10-11 12:53:01, 1.06e-12, 2.17e-10
2018-10-11 12:53:05, 1.09e-12, 2.18e-10
2018-10-11 12:53:10, 1.08e-12, 2.18e-10
2018-10-11 12:53:14, 1.05e-12, 2.18e-10
2018-10-11 12:53:18, 1.12e-12, 2.18e-10
2018-10-11 12:53:22, 1.08e-12, 2.18e-10
2018-10-11 12:53:26, 1.07e-12, 2.18e-10
2018-10-11 12:53:31, 1.11e-12, 2.18e-10
2018-10-11 12:53:35, 1.14e-12, 2.18e-10
2018-10-11 12:53:39, 1.06e-12, 2.18e-10
2018-10-11 12:53:43, 1.07e-12, 2.18e-10
2018-10-11 12:53:48, 1.08e-12, 2.18e-10
2018-10-11 12:53:52, 1.16e-12, 2.18e-10
2018-10-11 12:53:56, 1.12e-12, 2.18e-10
2018-10-11 12:54:00, 1.13e-12, 2.18e-10
2018-10-11 12:54:04, 1.05e-12, 2.18e-10
2018-10-11 12:54:09, 1.01e-12, 2.17e-10
2018-10-11 12:54:13, 1.09e-12, 2.17e-10
2018-10-11 12:54:17, 9.75e-13, 2.18e-10
2018-10-11 12:54:21, 1.15e-12, 2.17e-10
2018-10-11 12:54:26, 1.14e-12, 2.18e-10
2018-10-11 12:54:30, 1e-12, 2.18e-10
2018-10-11 12:54:34, 1.11e-12, 2.18e-10
2018-10-11 12:54:38, 1.09e-12, 2.18e-10
2018-10-11 12:54:42, 1.1e-12, 2.18e-10
2018-10-11 12:54:47, 1.09e-12, 2.18e-10
2018-10-11 12:54:51, 1.02e-12, 2.18e-10
2018-10-11 12:54:55, 1.07e-12, 2.18e-10
2018-10-11 12:54:59, 1.03e-12, 2.18e-10
2018-10-11 12:55:04, 1.06e-12, 2.18e-10
2018-10-11 12:55:08, 9.6e-13, 2.18e-10
2018-10-11 12:55:12, 1.22e-12, 2.18e-10
2018-10-11 12:55:16, 1.04e-12, 2.18e-10
2018-10-11 12:55:20, 1.14e-12, 2.18e-10
2018-10-11 12:55:25, 1.18e-12, 2.18e-10
2018-10-11 12:55:29, 1.01e-12, 2.18e-10
2018-10-11 12:55:33, 1.09e-12, 2.18e-10
2018-10-11 12:55:37, 9.51e-13, 2.18e-10
2018-10-11 12:55:42, 1.03e-12, 2.18e-10
2018-10-11 12:55:46, 1.1e-12, 2.18e-10
2018-10-11 12:55:50, 1.11e-12, 2.18e-10
2018-10-11 12:55:54, 1.08e-12, 2.18e-10
2018-10-11 12:55:58, 1.1e-12, 2.18e-10
2018-10-11 12:56:03, 1.08e-12, 2.18e-10
2018-10-11 12:56:07, 1.05e-12, 2.18e-10
2018-10-11 12:56:11, 1.12e-12, 2.18e-10
2018-10-11 12:56:15, 1.03e-12, 2.18e-10
2018-10-11 12:56:20, 1.05e-12, 2.18e-10
2018-10-11 12:56:24, 1.1e-12, 2.18e-10
2018-10-11 12:56:28, 1.09e-12, 2.18e-10
2018-10-11 12:56:32, 1.1e-12, 2.18e-10
2018-10-11 12:56:36, 1.06e-12, 2.18e-10
2018-10-11 12:56:41, 1.11e-12, 2.18e-10
2018-10-11 12:56:45, 1.12e-12, 2.18e-10
2018-10-11 12:56:49, 1.07e-12, 2.18e-10
2018-10-11 12:56:53, 1.07e-12, 2.18e-10
2018-10-11 12:56:58, 1.05e-12, 2.18e-10
2018-10-11 12:57:02, 1.12e-12, 2.18e-10
2018-10-11 12:57:06, 1.07e-12, 2.18e-10
2018-10-11 12:57:10, 1.07e-12, 2.18e-10
2018-10-11 12:57:14, 1.06e-12, 2.18e-10
2018-10-11 12:57:19, 1.1e-12, 2.18e-10
2018-10-11 12:57:23, 1.11e-12, 2.18e-10
2018-10-11 12:57:27, 1.06e-12, 2.18e-10
2018-10-11 12:57:31, 1.12e-12, 2.18e-10
2018-10-11 12:57:36, 1.01e-12, 2.18e-10
2018-10-11 12:57:40, 1.15e-12, 2.18e-10
2018-10-11 12:57:44, 1.06e-12, 2.18e-10
2018-10-11 12:57:48, 1.02e-12, 2.18e-10
2018-10-11 12:57:52, 1.09e-12, 2.18e-10
2018-10-11 12:57:57, 9.72e-13, 2.18e-10
2018-10-11 12:58:01, 1.06e-12, 2.18e-10
2018-10-11 12:58:05, 1.07e-12, 2.18e-10
2018-10-11 12:58:09, 1.11e-12, 2.18e-10
2018-10-11 12:58:14, 9.56e-13, 2.18e-10
2018-10-11 12:58:18, 1.07e-12, 2.18e-10
2018-10-11 12:58:22, 1.06e-12, 2.18e-10
2018-10-11 12:58:26, 1.06e-12, 2.18e-10
2018-10-11 12:58:30, 1.07e-12, 2.18e-10
2018-10-11 12:58:35, 1.11e-12, 2.18e-10
2018-10-11 12:58:39, 1.07e-12, 2.18e-10
2018-10-11 12:58:43, 1.06e-12, 2.17e-10
2018-10-11 12:58:47, 1.04e-12, 2.18e-10
2018-10-11 12:58:52, 1.09e-12, 2.18e-10
2018-10-11 12:58:56, 1.12e-12, 2.18e-10
2018-10-11 12:59:00, 1.08e-12, 2.18e-10
2018-10-11 12:59:04, 1.09e-12, 2.17e-10
2018-10-11 12:59:08, 1.12e-12, 2.18e-10
2018-10-11 12:59:13, 9.86e-13, 2.18e-10
2018-10-11 12:59:17, 1.03e-12, 2.18e-10
2018-10-11 12:59:21, 1.08e-12, 2.18e-10
2018-10-11 12:59:25, 1.04e-12, 2.18e-10
2018-10-11 12:59:29, 1.06e-12, 2.18e-10
2018-10-11 12:59:34, 1.14e-12, 2.18e-10
2018-10-11 12:59:38, 1.09e-12, 2.18e-10
2018-10-11 12:59:42, 1.08e-12, 2.18e-10
2018-10-11 12:59:46, 1.08e-12, 2.18e-10
2018-10-11 12:59:51, 1.02e-12, 2.18e-10
2018-10-11 12:59:55, 1.01e-12, 2.18e-10
2018-10-11 12:59:59, 1.18e-12, 2.17e-10
2018-10-11 13:00:03, 1.14e-12, 2.17e-10
2018-10-11 13:00:07, 1.24e-12, 2.17e-10
2018-10-11 13:00:12, 1.05e-12, 2.17e-10
2018-10-11 13:00:16, 1.06e-12, 2.18e-10
2018-10-11 13:00:20, 1.04e-12, 2.18e-10
2018-10-11 13:00:24, 1.12e-12, 2.18e-10
2018-10-11 13:00:29, 1.06e-12, 2.18e-10
2018-10-11 13:00:33, 1.06e-12, 2.17e-10
2018-10-11 13:00:37, 1.09e-12, 2.17e-10
2018-10-11 13:00:41, 1.02e-12, 2.17e-10
2018-10-11 13:00:45, 1.05e-12, 2.17e-10
2018-10-11 13:00:50, 1.09e-12, 2.17e-10
2018-10-11 13:00:54, 1.02e-12, 2.17e-10
2018-10-11 13:00:58, 1.02e-12, 2.17e-10
2018-10-11 13:01:02, 1.1e-12, 2.17e-10
2018-10-11 13:01:07, 1.06e-12, 2.17e-10
2018-10-11 13:01:11, 1.1e-12, 2.17e-10
2018-10-11 13:01:15, 1.06e-12, 2.17e-10
2018-10-11 13:01:19, 1.08e-12, 2.17e-10
2018-10-11 13:01:23, 1.11e-12, 2.17e-10
2018-10-11 13:01:28, 9.57e-13, 2.17e-10
2018-10-11 13:01:32, 1.11e-12, 2.17e-10
2018-10-11 13:01:36, 1.1e-12, 2.17e-10
2018-10-11 13:01:40, 1.05e-12, 2.18e-10
2018-10-11 13:01:45, 9.9e-13, 2.17e-10
2018-10-11 13:01:49, 1.1e-12, 2.17e-10
2018-10-11 13:01:53, 1.02e-12, 2.17e-10
2018-10-11 13:01:57, 1.03e-12, 2.17e-10
2018-10-11 13:02:01, 1.08e-12, 2.17e-10
2018-10-11 13:02:06, 1.07e-12, 2.17e-10
2018-10-11 13:02:10, 1.08e-12, 2.17e-10
2018-10-11 13:02:14, 1.09e-12, 2.17e-10
2018-10-11 13:02:18, 1.04e-12, 2.17e-10
2018-10-11 13:02:23, 1.09e-12, 2.17e-10
2018-10-11 13:02:27, 1.08e-12, 2.17e-10
2018-10-11 13:02:31, 9.62e-13, 2.17e-10
2018-10-11 13:02:35, 1.06e-12, 2.17e-10
2018-10-11 13:02:39, 1.08e-12, 2.17e-10
2018-10-11 13:02:44, 1.24e-12, 2.17e-10
2018-10-11 13:02:48, 1.06e-12, 2.17e-10
2018-10-11 13:02:52, 1.13e-12, 2.17e-10
2018-10-11 13:02:56, 1.04e-12, 2.17e-10
2018-10-11 13:03:01, 1.13e-12, 2.17e-10
2018-10-11 13:03:05, 1.14e-12, 2.17e-10
2018-10-11 13:03:09, 1.15e-12, 2.17e-10
2018-10-11 13:03:13, 1.14e-12, 2.17e-10
2018-10-11 13:03:17, 1.09e-12, 2.17e-10
2018-10-11 13:03:22, 1.1e-12, 2.17e-10
2018-10-11 13:03:26, 1.08e-12, 2.17e-10
2018-10-11 13:03:30, 1.01e-12, 2.17e-10
2018-10-11 13:03:34, 1.03e-12, 2.17e-10
2018-10-11 13:03:39, 1.07e-12, 2.17e-10
2018-10-11 13:03:43, 1.06e-12, 2.17e-10
2018-10-11 13:03:47, 1.04e-12, 2.17e-10
2018-10-11 13:03:51, 1.11e-12, 2.17e-10
2018-10-11 13:03:55, 9.57e-13, 2.17e-10
2018-10-11 13:04:00, 1.06e-12, 2.17e-10
2018-10-11 13:04:04, 1.08e-12, 2.17e-10
2018-10-11 13:04:08, 1.09e-12, 2.17e-10
2018-10-11 13:04:12, 1.08e-12, 2.17e-10
2018-10-11 13:04:17, 1.1e-12, 2.17e-10
2018-10-11 13:04:21, 1e-12, 2.17e-10
2018-10-11 13:04:25, 1.03e-12, 2.17e-10
2018-10-11 13:04:29, 1.12e-12, 2.17e-10
2018-10-11 13:04:34, 1.07e-12, 2.17e-10
2018-10-11 13:04:38, 1.21e-12, 2.17e-10
2018-10-11 13:04:42, 1.13e-12, 2.17e-10
2018-10-11 13:04:46, 1.04e-12, 2.17e-10
2018-10-11 13:04:50, 1.04e-12, 2.17e-10
2018-10-11 13:04:55, 1.04e-12, 2.17e-10
2018-10-11 13:04:59, 1.09e-12, 2.17e-10
2018-10-11 13:05:03, 1.01e-12, 2.17e-10
2018-10-11 13:05:07, 1.06e-12, 2.17e-10
2018-10-11 13:05:11, 1.07e-12, 2.17e-10
2018-10-11 13:05:16, 1.07e-12, 2.17e-10
2018-10-11 13:05:20, 1.09e-12, 2.17e-10
2018-10-11 13:05:24, 1.04e-12, 2.17e-10
2018-10-11 13:05:28, 1.07e-12, 2.17e-10
2018-10-11 13:05:33, 1.01e-12, 2.17e-10
2018-10-11 13:05:37, 1.06e-12, 2.17e-10
2018-10-11 13:05:41, 1.04e-12, 2.17e-10
2018-10-11 13:05:45, 1.05e-12, 2.17e-10
2018-10-11 13:05:49, 1.1e-12, 2.17e-10
2018-10-11 13:05:54, 1.08e-12, 2.17e-10
2018-10-11 13:05:58, 1.09e-12, 2.17e-10
2018-10-11 13:06:02, 1.05e-12, 2.17e-10
2018-10-11 13:06:06, 1.06e-12, 2.17e-10
2018-10-11 13:06:11, 1.1e-12, 2.17e-10
2018-10-11 13:06:15, 1.07e-12, 2.17e-10
2018-10-11 13:06:19, 1.14e-12, 2.17e-10
2018-10-11 13:06:23, 1.05e-12, 2.17e-10
2018-10-11 13:06:27, 1.12e-12, 2.17e-10
2018-10-11 13:06:32, 1.14e-12, 2.17e-10
2018-10-11 13:06:36, 1.13e-12, 2.17e-10
2018-10-11 13:06:40, 1.05e-12, 2.17e-10
2018-10-11 13:06:44, 1.1e-12, 2.17e-10
2018-10-11 13:06:49, 1.13e-12, 2.17e-10
2018-10-11 13:06:53, 1.08e-12, 2.17e-10
2018-10-11 13:06:57, 1.07e-12, 2.17e-10
2018-10-11 13:07:01, 1.1e-12, 2.17e-10
2018-10-11 13:07:05, 1.12e-12, 2.17e-10
2018-10-11 13:07:10, 1.04e-12, 2.17e-10
2018-10-11 13:07:14, 1.07e-12, 2.17e-10
2018-10-11 13:07:18, 1.06e-12, 2.16e-10
2018-10-11 13:07:22, 1.12e-12, 2.16e-10
2018-10-11 13:07:27, 1.02e-12, 2.17e-10
2018-10-11 13:07:31, 1.09e-12, 2.17e-10
2018-10-11 13:07:35, 1.08e-12, 2.17e-10
2018-10-11 13:07:39, 1.1e-12, 2.17e-10
2018-10-11 13:07:43, 1.08e-12, 2.17e-10
2018-10-11 13:07:48, 1.08e-12, 2.17e-10
2018-10-11 13:07:52, 1.1e-12, 2.17e-10
2018-10-11 13:07:56, 1.09e-12, 2.16e-10
2018-10-11 13:08:00, 1.06e-12, 2.16e-10
2018-10-11 13:08:05, 1.06e-12, 2.17e-10
2018-10-11 13:08:09, 1.1e-12, 2.16e-10
2018-10-11 13:08:13, 1.1e-12, 2.17e-10
2018-10-11 13:08:17, 1.04e-12, 2.17e-10
2018-10-11 13:08:21, 1.07e-12, 2.17e-10
2018-10-11 13:08:26, 1.05e-12, 2.17e-10
2018-10-11 13:08:30, 9.44e-13, 2.17e-10
2018-10-11 13:08:34, 1.09e-12, 2.17e-10
2018-10-11 13:08:38, 1.05e-12, 2.17e-10
2018-10-11 13:08:43, 1.02e-12, 2.17e-10
2018-10-11 13:08:47, 9.67e-13, 2.17e-10
2018-10-11 13:08:51, 1.1e-12, 2.17e-10
2018-10-11 13:08:55, 1.08e-12, 2.17e-10
2018-10-11 13:08:59, 1.06e-12, 2.17e-10
2018-10-11 13:09:04, 1.02e-12, 2.17e-10
2018-10-11 13:09:08, 1.1e-12, 2.17e-10
2018-10-11 13:09:12, 1.05e-12, 2.17e-10
2018-10-11 13:09:16, 1.11e-12, 2.17e-10
2018-10-11 13:09:21, 1.08e-12, 2.17e-10
2018-10-11 13:09:25, 1.12e-12, 2.17e-10
2018-10-11 13:09:29, 1.05e-12, 2.16e-10
2018-10-11 13:09:33, 1.09e-12, 2.17e-10
2018-10-11 13:09:37, 1.09e-12, 2.17e-10
2018-10-11 13:09:42, 1.13e-12, 2.17e-10
2018-10-11 13:09:46, 1.07e-12, 2.16e-10
2018-10-11 13:09:50, 1.05e-12, 2.16e-10
2018-10-11 13:09:54, 1.06e-12, 2.16e-10
2018-10-11 13:09:59, 1.05e-12, 2.16e-10
2018-10-11 13:10:03, 1.06e-12, 2.16e-10
2018-10-11 13:10:07, 1.06e-12, 2.16e-10
2018-10-11 13:10:11, 9.29e-13, 2.16e-10
2018-10-11 13:10:15, 1.11e-12, 2.16e-10
2018-10-11 13:10:20, 1.1e-12, 2.16e-10
2018-10-11 13:10:24, 9.69e-13, 2.16e-10
2018-10-11 13:10:28, 1.05e-12, 2.16e-10
2018-10-11 13:10:32, 1.11e-12, 2.16e-10
2018-10-11 13:10:37, 1.06e-12, 2.17e-10
2018-10-11 13:10:41, 1.05e-12, 2.16e-10
2018-10-11 13:10:45, 1.02e-12, 2.17e-10
2018-10-11 13:10:49, 1.19e-12, 2.17e-10
2018-10-11 13:10:53, 1.09e-12, 2.17e-10
2018-10-11 13:10:58, 1.08e-12, 2.17e-10
2018-10-11 13:11:02, 1.08e-12, 2.16e-10
2018-10-11 13:11:06, 1.06e-12, 2.16e-10
2018-10-11 13:11:10, 1.05e-12, 2.16e-10
2018-10-11 13:11:15, 1.21e-12, 2.16e-10
2018-10-11 13:11:19, 1.05e-12, 2.16e-10
2018-10-11 13:11:23, 1.04e-12, 2.16e-10
2018-10-11 13:11:27, 1.02e-12, 2.16e-10
2018-10-11 13:11:31, 1.09e-12, 2.16e-10
2018-10-11 13:11:36, 1.26e-12, 2.16e-10
2018-10-11 13:11:40, 1.07e-12, 2.16e-10
2018-10-11 13:11:44, 1.06e-12, 2.16e-10
2018-10-11 13:11:48, 1.03e-12, 2.16e-10
2018-10-11 13:11:53, 1.06e-12, 2.16e-10
2018-10-11 13:11:57, 1.07e-12, 2.16e-10
2018-10-11 13:12:01, 1.05e-12, 2.17e-10
2018-10-11 13:12:05, 9.57e-13, 2.16e-10
2018-10-11 13:12:09, 1.04e-12, 2.16e-10
2018-10-11 13:12:14, 1.02e-12, 2.16e-10
2018-10-11 13:12:18, 1.08e-12, 2.16e-10
2018-10-11 13:12:22, 1.19e-12, 2.17e-10
2018-10-11 13:12:26, 1.04e-12, 2.16e-10
2018-10-11 13:12:31, 1.1e-12, 2.16e-10
2018-10-11 13:12:35, 1.04e-12, 2.16e-10
2018-10-11 13:12:39, 1.04e-12, 2.16e-10
2018-10-11 13:12:43, 1.08e-12, 2.17e-10
2018-10-11 13:12:47, 1.07e-12, 2.17e-10
2018-10-11 13:12:52, 1.03e-12, 2.16e-10
2018-10-11 13:12:56, 1.09e-12, 2.16e-10
2018-10-11 13:13:00, 1e-12, 2.16e-10
2018-10-11 13:13:04, 1.08e-12, 2.16e-10
2018-10-11 13:13:08, 1.1e-12, 2.16e-10
2018-10-11 13:13:13, 1.11e-12, 2.16e-10
2018-10-11 13:13:17, 1.02e-12, 2.16e-10
2018-10-11 13:13:21, 8.85e-13, 2.16e-10
2018-10-11 13:13:25, 1.05e-12, 2.16e-10
2018-10-11 13:13:30, 8.9e-13, 2.16e-10
2018-10-11 13:13:34, 1.04e-12, 2.16e-10
2018-10-11 13:13:38, 1.11e-12, 2.16e-10
2018-10-11 13:13:42, 1.07e-12, 2.16e-10
2018-10-11 13:13:46, 1.15e-12, 2.16e-10
2018-10-11 13:13:51, 1.02e-12, 2.16e-10
2018-10-11 13:13:55, 1.02e-12, 2.16e-10
2018-10-11 13:13:59, 1.05e-12, 2.16e-10
2018-10-11 13:14:03, 8.66e-13, 2.16e-10
2018-10-11 13:14:08, 9.79e-13, 2.16e-10
2018-10-11 13:14:12, 1.07e-12, 2.16e-10
2018-10-11 13:14:16, 1.08e-12, 2.16e-10
2018-10-11 13:14:20, 1.08e-12, 2.16e-10
2018-10-11 13:14:24, 1.09e-12, 2.16e-10
2018-10-11 13:14:29, 1.15e-12, 2.16e-10
2018-10-11 13:14:33, 1.1e-12, 2.16e-10
2018-10-11 13:14:37, 1.03e-12, 2.16e-10
2018-10-11 13:14:41, 1.16e-12, 2.16e-10
2018-10-11 13:14:46, 1.1e-12, 2.16e-10
2018-10-11 13:14:50, 1.05e-12, 2.16e-10
2018-10-11 13:14:54, 1.09e-12, 2.16e-10
2018-10-11 13:14:58, 9.4e-13, 2.16e-10
2018-10-11 13:15:02, 1.07e-12, 2.16e-10
2018-10-11 13:15:07, 1.1e-12, 2.16e-10
2018-10-11 13:15:11, 1.09e-12, 2.16e-10
2018-10-11 13:15:15, 1e-12, 2.16e-10
2018-10-11 13:15:19, 1.09e-12, 2.16e-10
2018-10-11 13:15:24, 9.78e-13, 2.15e-10
2018-10-11 13:15:28, 1.04e-12, 2.15e-10
2018-10-11 13:15:32, 1.01e-12, 2.16e-10
2018-10-11 13:15:36, 1.08e-12, 2.16e-10
2018-10-11 13:15:40, 1.06e-12, 2.16e-10
2018-10-11 13:15:45, 1.06e-12, 2.16e-10
2018-10-11 13:15:49, 1.05e-12, 2.16e-10
2018-10-11 13:15:53, 1.16e-12, 2.16e-10
2018-10-11 13:15:57, 1.09e-12, 2.16e-10
2018-10-11 13:16:02, 1.12e-12, 2.16e-10
2018-10-11 13:16:06, 1.19e-12, 2.16e-10
2018-10-11 13:16:10, 9.45e-13, 2.16e-10
2018-10-11 13:16:14, 9.92e-13, 2.16e-10
2018-10-11 13:16:18, 1.08e-12, 2.16e-10
2018-10-11 13:16:23, 1.07e-12, 2.16e-10
2018-10-11 13:16:27, 9.83e-13, 2.15e-10
2018-10-11 13:16:31, 1.14e-12, 2.15e-10
2018-10-11 13:16:35, 1.08e-12, 2.15e-10
2018-10-11 13:16:40, 1.02e-12, 2.16e-10
2018-10-11 13:16:44, 1.06e-12, 2.16e-10
2018-10-11 13:16:48, 1.06e-12, 2.16e-10
2018-10-11 13:16:52, 1.09e-12, 2.16e-10
2018-10-11 13:16:56, 1.1e-12, 2.16e-10
2018-10-11 13:17:01, 1.08e-12, 2.16e-10
2018-10-11 13:17:05, 1.03e-12, 2.16e-10
2018-10-11 13:17:09, 1.05e-12, 2.16e-10
2018-10-11 13:17:13, 1.07e-12, 2.16e-10
2018-10-11 13:17:18, 1.05e-12, 2.16e-10
2018-10-11 13:17:22, 1.09e-12, 2.16e-10
2018-10-11 13:17:26, 1.1e-12, 2.16e-10
2018-10-11 13:17:30, 1.08e-12, 2.16e-10
2018-10-11 13:17:34, 1.18e-12, 2.16e-10
2018-10-11 13:17:39, 1.03e-12, 2.16e-10
2018-10-11 13:17:43, 1.04e-12, 2.16e-10
2018-10-11 13:17:47, 1.05e-12, 2.15e-10
2018-10-11 13:17:51, 1.15e-12, 2.16e-10
2018-10-11 13:17:56, 1.04e-12, 2.16e-10
2018-10-11 13:18:00, 1.12e-12, 2.16e-10
2018-10-11 13:18:04, 1.1e-12, 2.15e-10
2018-10-11 13:18:08, 1.08e-12, 2.16e-10
2018-10-11 13:18:12, 1.07e-12, 2.16e-10
2018-10-11 13:18:17, 1.09e-12, 2.16e-10
2018-10-11 13:18:21, 1.07e-12, 2.16e-10
2018-10-11 13:18:25, 1.06e-12, 2.16e-10
2018-10-11 13:18:29, 1.09e-12, 2.16e-10
2018-10-11 13:18:34, 1.07e-12, 2.16e-10
2018-10-11 13:18:38, 1.09e-12, 2.16e-10
2018-10-11 13:18:42, 1.08e-12, 2.16e-10
2018-10-11 13:18:46, 1.08e-12, 2.16e-10
2018-10-11 13:18:50, 1.05e-12, 2.16e-10
2018-10-11 13:18:55, 1.09e-12, 2.16e-10
2018-10-11 13:18:59, 1.1e-12, 2.15e-10
2018-10-11 13:19:03, 9.46e-13, 2.16e-10
2018-10-11 13:19:07, 8.92e-13, 2.16e-10
2018-10-11 13:19:12, 1.11e-12, 2.16e-10
2018-10-11 13:19:16, 1.06e-12, 2.15e-10
2018-10-11 13:19:20, 1.12e-12, 2.16e-10
2018-10-11 13:19:24, 1.02e-12, 2.15e-10
2018-10-11 13:19:28, 1.07e-12, 2.15e-10
2018-10-11 13:19:33, 1.01e-12, 2.15e-10
2018-10-11 13:19:37, 1.04e-12, 2.16e-10
2018-10-11 13:19:41, 1.03e-12, 2.16e-10
2018-10-11 13:19:45, 1.04e-12, 2.15e-10
2018-10-11 13:19:50, 1.06e-12, 2.15e-10
2018-10-11 13:19:54, 9.69e-13, 2.15e-10
2018-10-11 13:19:58, 1.08e-12, 2.15e-10
2018-10-11 13:20:02, 1.04e-12, 2.15e-10
2018-10-11 13:20:06, 1.13e-12, 2.15e-10
2018-10-11 13:20:11, 1.01e-12, 2.15e-10
2018-10-11 13:20:15, 1.05e-12, 2.15e-10
2018-10-11 13:20:19, 1.11e-12, 2.16e-10
2018-10-11 13:20:23, 1.23e-12, 2.16e-10
2018-10-11 13:20:28, 1.08e-12, 2.16e-10
2018-10-11 13:20:32, 1.11e-12, 2.15e-10
2018-10-11 13:20:36, 1.11e-12, 2.16e-10
2018-10-11 13:20:40, 1.05e-12, 2.16e-10
2018-10-11 13:20:44, 1.1e-12, 2.16e-10
2018-10-11 13:20:49, 1.04e-12, 2.15e-10
2018-10-11 13:20:53, 1.07e-12, 2.15e-10
2018-10-11 13:20:57, 1.07e-12, 2.16e-10
2018-10-11 13:21:01, 1.07e-12, 2.16e-10
2018-10-11 13:21:06, 1.07e-12, 2.16e-10
2018-10-11 13:21:10, 1.01e-12, 2.16e-10
2018-10-11 13:21:14, 1.09e-12, 2.16e-10
2018-10-11 13:21:18, 1.1e-12, 2.15e-10
2018-10-11 13:21:22, 1.08e-12, 2.16e-10
2018-10-11 13:21:27, 1.06e-12, 2.15e-10
2018-10-11 13:21:31, 9.68e-13, 2.15e-10
2018-10-11 13:21:35, 1.11e-12, 2.16e-10
2018-10-11 13:21:39, 1.07e-12, 2.16e-10
2018-10-11 13:21:44, 1.05e-12, 2.16e-10
2018-10-11 13:21:48, 9.36e-13, 2.16e-10
2018-10-11 13:21:52, 1.13e-12, 2.16e-10
2018-10-11 13:21:56, 1.16e-12, 2.16e-10
2018-10-11 13:22:00, 1.11e-12, 2.15e-10
2018-10-11 13:22:05, 1.07e-12, 2.15e-10
2018-10-11 13:22:09, 1.03e-12, 2.16e-10
2018-10-11 13:22:13, 1.05e-12, 2.16e-10
2018-10-11 13:22:17, 1.07e-12, 2.16e-10
2018-10-11 13:22:21, 1.16e-12, 2.16e-10
2018-10-11 13:22:26, 1.04e-12, 2.16e-10
2018-10-11 13:22:30, 1.14e-12, 2.15e-10
2018-10-11 13:22:34, 1.09e-12, 2.15e-10
2018-10-11 13:22:38, 1.21e-12, 2.16e-10
2018-10-11 13:22:43, 1.05e-12, 2.15e-10
2018-10-11 13:22:47, 1.08e-12, 2.16e-10
2018-10-11 13:22:51, 1.06e-12, 2.15e-10
2018-10-11 13:22:55, 1.07e-12, 2.15e-10
2018-10-11 13:22:59, 1.07e-12, 2.15e-10
2018-10-11 13:23:04, 1.15e-12, 2.15e-10
2018-10-11 13:23:08, 9.88e-13, 2.15e-10
2018-10-11 13:23:12, 1.04e-12, 2.15e-10
2018-10-11 13:23:16, 1.07e-12, 2.15e-10
2018-10-11 13:23:21, 1.02e-12, 2.15e-10
2018-10-11 13:23:25, 1.08e-12, 2.15e-10
2018-10-11 13:23:29, 1.01e-12, 2.15e-10
2018-10-11 13:23:33, 1.07e-12, 2.15e-10
2018-10-11 13:23:37, 1.08e-12, 2.15e-10
2018-10-11 13:23:42, 1.07e-12, 2.15e-10
2018-10-11 13:23:46, 1.09e-12, 2.15e-10
2018-10-11 13:23:50, 1.06e-12, 2.15e-10
2018-10-11 13:23:54, 1.03e-12, 2.15e-10
2018-10-11 13:23:59, 1.11e-12, 2.16e-10
2018-10-11 13:24:03, 1.07e-12, 2.15e-10
2018-10-11 13:24:07, 1.07e-12, 2.15e-10
2018-10-11 13:24:11, 1.07e-12, 2.15e-10
2018-10-11 13:24:15, 1.11e-12, 2.15e-10
2018-10-11 13:24:20, 1.09e-12, 2.15e-10
2018-10-11 13:24:24, 1.12e-12, 2.15e-10
2018-10-11 13:24:28, 1.01e-12, 2.15e-10
2018-10-11 13:24:32, 1.06e-12, 2.15e-10
2018-10-11 13:24:37, 9.69e-13, 2.15e-10
2018-10-11 13:24:41, 1.06e-12, 2.15e-10
2018-10-11 13:24:45, 1.08e-12, 2.15e-10
2018-10-11 13:24:49, 1.1e-12, 2.15e-10
2018-10-11 13:24:53, 1.08e-12, 2.15e-10
2018-10-11 13:24:58, 1.05e-12, 2.15e-10
2018-10-11 13:25:02, 1.05e-12, 2.15e-10
2018-10-11 13:25:06, 1.07e-12, 2.15e-10
2018-10-11 13:25:10, 1.09e-12, 2.15e-10
2018-10-11 13:25:15, 1.17e-12, 2.15e-10
2018-10-11 13:25:19, 1.09e-12, 2.15e-10
2018-10-11 13:25:23, 1.06e-12, 2.15e-10
2018-10-11 13:25:27, 1.11e-12, 2.15e-10
2018-10-11 13:25:31, 1.01e-12, 2.15e-10
2018-10-11 13:25:36, 1.07e-12, 2.15e-10
2018-10-11 13:25:40, 1.04e-12, 2.15e-10
2018-10-11 13:25:44, 1.04e-12, 2.15e-10
2018-10-11 13:25:48, 1.11e-12, 2.15e-10
2018-10-11 13:25:53, 1.05e-12, 2.15e-10
2018-10-11 13:25:57, 1.05e-12, 2.15e-10
2018-10-11 13:26:01, 1.08e-12, 2.15e-10
2018-10-11 13:26:05, 1e-12, 2.15e-10
2018-10-11 13:26:09, 1.09e-12, 2.15e-10
2018-10-11 13:26:14, 1.06e-12, 2.15e-10
2018-10-11 13:26:18, 1.1e-12, 2.15e-10
2018-10-11 13:26:22, 1.08e-12, 2.15e-10
2018-10-11 13:26:26, 1.1e-12, 2.15e-10
2018-10-11 13:26:31, 1.07e-12, 2.15e-10
2018-10-11 13:26:35, 1.09e-12, 2.15e-10
2018-10-11 13:26:39, 1.04e-12, 2.15e-10
2018-10-11 13:26:43, 1.09e-12, 2.15e-10
2018-10-11 13:26:47, 1.01e-12, 2.15e-10
2018-10-11 13:26:52, 1.02e-12, 2.15e-10
2018-10-11 13:26:56, 1.12e-12, 2.15e-10
2018-10-11 13:27:00, 1.06e-12, 2.15e-10
2018-10-11 13:27:04, 1.11e-12, 2.15e-10
2018-10-11 13:27:09, 1.11e-12, 2.15e-10
2018-10-11 13:27:13, 9.89e-13, 2.15e-10
2018-10-11 13:27:17, 1.05e-12, 2.15e-10
2018-10-11 13:27:21, 1.13e-12, 2.15e-10
2018-10-11 13:27:25, 1.08e-12, 2.15e-10
2018-10-11 13:27:30, 1.07e-12, 2.15e-10
2018-10-11 13:27:34, 1.03e-12, 2.15e-10
2018-10-11 13:27:38, 1.04e-12, 2.15e-10
2018-10-11 13:27:42, 1.11e-12, 2.15e-10
2018-10-11 13:27:47, 1.04e-12, 2.15e-10
2018-10-11 13:27:51, 1.08e-12, 2.15e-10
2018-10-11 13:27:55, 1.07e-12, 2.15e-10
2018-10-11 13:27:59, 1.13e-12, 2.15e-10
2018-10-11 13:28:03, 1.07e-12, 2.15e-10
2018-10-11 13:28:08, 1.11e-12, 2.15e-10
2018-10-11 13:28:12, 1.11e-12, 2.15e-10
2018-10-11 13:28:16, 1.13e-12, 2.15e-10
2018-10-11 13:28:20, 1.05e-12, 2.15e-10
2018-10-11 13:28:24, 1.05e-12, 2.15e-10
2018-10-11 13:28:29, 1.03e-12, 2.15e-10
2018-10-11 13:28:33, 1.01e-12, 2.15e-10
2018-10-11 13:28:37, 1.04e-12, 2.15e-10
2018-10-11 13:28:41, 1.03e-12, 2.15e-10
2018-10-11 13:28:46, 1e-12, 2.15e-10
2018-10-11 13:28:50, 1.1e-12, 2.15e-10
2018-10-11 13:28:54, 1.07e-12, 2.15e-10
2018-10-11 13:28:58, 1.03e-12, 2.15e-10
2018-10-11 13:29:02, 1.05e-12, 2.15e-10
2018-10-11 13:29:07, 1e-12, 2.15e-10
2018-10-11 13:29:11, 1.21e-12, 2.15e-10
2018-10-11 13:29:15, 1.04e-12, 2.15e-10
2018-10-11 13:29:19, 1.09e-12, 2.15e-10
2018-10-11 13:29:24, 1.06e-12, 2.15e-10
2018-10-11 13:29:28, 1.01e-12, 2.15e-10
2018-10-11 13:29:32, 1.07e-12, 2.15e-10
2018-10-11 13:29:36, 1.06e-12, 2.15e-10
2018-10-11 13:29:40, 1.03e-12, 2.15e-10
2018-10-11 13:29:45, 1.24e-12, 2.15e-10
2018-10-11 13:29:49, 1.12e-12, 2.15e-10
2018-10-11 13:29:53, 1.01e-12, 2.15e-10
2018-10-11 13:29:57, 1.12e-12, 2.15e-10
2018-10-11 13:30:02, 1.08e-12, 2.15e-10
2018-10-11 13:30:06, 1.06e-12, 2.15e-10
2018-10-11 13:30:10, 1.1e-12, 2.15e-10
2018-10-11 13:30:14, 1.15e-12, 2.15e-10
2018-10-11 13:30:18, 9.98e-13, 2.15e-10
2018-10-11 13:30:23, 1.16e-12, 2.15e-10
2018-10-11 13:30:27, 1.1e-12, 2.15e-10
2018-10-11 13:30:31, 1.05e-12, 2.15e-10
2018-10-11 13:30:35, 9.25e-13, 2.15e-10
2018-10-11 13:30:40, 1.06e-12, 2.15e-10
2018-10-11 13:30:44, 1.05e-12, 2.15e-10
2018-10-11 13:30:48, 1.02e-12, 2.15e-10
2018-10-11 13:30:52, 1.09e-12, 2.15e-10
2018-10-11 13:30:56, 1.1e-12, 2.15e-10
2018-10-11 13:31:01, 1.06e-12, 2.15e-10
2018-10-11 13:31:05, 1.01e-12, 2.15e-10
2018-10-11 13:31:09, 1.07e-12, 2.15e-10
2018-10-11 13:31:13, 1.04e-12, 2.15e-10
2018-10-11 13:31:18, 1.02e-12, 2.15e-10
2018-10-11 13:31:22, 1.07e-12, 2.14e-10
2018-10-11 13:31:26, 1.1e-12, 2.15e-10
2018-10-11 13:31:30, 1.11e-12, 2.15e-10
2018-10-11 13:31:34, 1.02e-12, 2.15e-10
2018-10-11 13:31:39, 1.07e-12, 2.15e-10
2018-10-11 13:31:43, 1e-12, 2.15e-10
2018-10-11 13:31:47, 1.07e-12, 2.15e-10
2018-10-11 13:31:51, 1.14e-12, 2.15e-10
2018-10-11 13:31:56, 1.04e-12, 2.15e-10
2018-10-11 13:32:00, 1e-12, 2.15e-10
2018-10-11 13:32:04, 1.07e-12, 2.15e-10
2018-10-11 13:32:08, 1.1e-12, 2.15e-10
2018-10-11 13:32:12, 1.17e-12, 2.15e-10
2018-10-11 13:32:17, 1.19e-12, 2.15e-10
2018-10-11 13:32:21, 1.01e-12, 2.15e-10
2018-10-11 13:32:25, 1.14e-12, 2.15e-10
2018-10-11 13:32:29, 1.02e-12, 2.15e-10
2018-10-11 13:32:34, 1.01e-12, 2.15e-10
2018-10-11 13:32:38, 1.07e-12, 2.15e-10
2018-10-11 13:32:42, 1.08e-12, 2.15e-10
2018-10-11 13:32:46, 1.05e-12, 2.15e-10
2018-10-11 13:32:50, 1.13e-12, 2.15e-10
2018-10-11 13:32:55, 1.12e-12, 2.15e-10
2018-10-11 13:32:59, 1.05e-12, 2.15e-10
2018-10-11 13:33:03, 1.11e-12, 2.15e-10
2018-10-11 13:33:07, 1.08e-12, 2.15e-10
2018-10-11 13:33:12, 1.03e-12, 2.15e-10
2018-10-11 13:33:16, 1.06e-12, 2.15e-10
2018-10-11 13:33:20, 1.03e-12, 2.14e-10
2018-10-11 13:33:24, 1.1e-12, 2.15e-10
2018-10-11 13:33:28, 1.11e-12, 2.15e-10
2018-10-11 13:33:33, 1.11e-12, 2.15e-10
2018-10-11 13:33:37, 1e-12, 2.15e-10
2018-10-11 13:33:41, 1.02e-12, 2.15e-10
2018-10-11 13:33:45, 1.09e-12, 2.15e-10
2018-10-11 13:33:49, 1.12e-12, 2.15e-10
2018-10-11 13:33:54, 1.09e-12, 2.15e-10
2018-10-11 13:33:58, 1.04e-12, 2.15e-10
2018-10-11 13:34:02, 1.01e-12, 2.15e-10
2018-10-11 13:34:06, 1.08e-12, 2.15e-10
2018-10-11 13:34:11, 9.88e-13, 2.15e-10
2018-10-11 13:34:15, 1.08e-12, 2.15e-10
2018-10-11 13:34:19, 1.06e-12, 2.14e-10
2018-10-11 13:34:23, 1.06e-12, 2.15e-10
2018-10-11 13:34:27, 1.07e-12, 2.15e-10
2018-10-11 13:34:32, 1.14e-12, 2.15e-10
2018-10-11 13:34:36, 1.05e-12, 2.15e-10
2018-10-11 13:34:40, 1.06e-12, 2.14e-10
2018-10-11 13:34:44, 1.03e-12, 2.15e-10
2018-10-11 13:34:49, 1.06e-12, 2.15e-10
2018-10-11 13:34:53, 1.03e-12, 2.15e-10
2018-10-11 13:34:57, 1.06e-12, 2.15e-10
2018-10-11 13:35:01, 1.11e-12, 2.15e-10
2018-10-11 13:35:05, 9.63e-13, 2.15e-10
2018-10-11 13:35:10, 1.06e-12, 2.15e-10
2018-10-11 13:35:14, 1.04e-12, 2.15e-10
2018-10-11 13:35:18, 1.11e-12, 2.15e-10
2018-10-11 13:35:22, 1.05e-12, 2.15e-10
2018-10-11 13:35:27, 1.09e-12, 2.15e-10
2018-10-11 13:35:31, 1.05e-12, 2.15e-10
2018-10-11 13:35:35, 1.09e-12, 2.15e-10
2018-10-11 13:35:39, 9.93e-13, 2.15e-10
2018-10-11 13:35:43, 1.06e-12, 2.15e-10
2018-10-11 13:35:48, 1.06e-12, 2.15e-10
2018-10-11 13:35:52, 1.02e-12, 2.15e-10
2018-10-11 13:35:56, 1.06e-12, 2.15e-10
2018-10-11 13:36:00, 1e-12, 2.15e-10
2018-10-11 13:36:05, 1.02e-12, 2.15e-10
2018-10-11 13:36:09, 1.06e-12, 2.14e-10
2018-10-11 13:36:13, 1.04e-12, 2.15e-10
2018-10-11 13:36:17, 1.11e-12, 2.14e-10
2018-10-11 13:36:21, 1.1e-12, 2.15e-10
2018-10-11 13:36:26, 1.09e-12, 2.15e-10
2018-10-11 13:36:30, 1.13e-12, 2.14e-10
2018-10-11 13:36:34, 1.03e-12, 2.14e-10
2018-10-11 13:36:38, 8.96e-13, 2.14e-10
2018-10-11 13:36:43, 1.16e-12, 2.14e-10
2018-10-11 13:36:47, 1.12e-12, 2.14e-10
2018-10-11 13:36:51, 1.02e-12, 2.14e-10
2018-10-11 13:36:55, 1.07e-12, 2.14e-10
2018-10-11 13:36:59, 1.05e-12, 2.14e-10
2018-10-11 13:37:04, 1.11e-12, 2.14e-10
2018-10-11 13:37:08, 1.09e-12, 2.14e-10
2018-10-11 13:37:12, 1.05e-12, 2.14e-10
2018-10-11 13:37:16, 1.09e-12, 2.14e-10
2018-10-11 13:37:21, 1.07e-12, 2.14e-10
2018-10-11 13:37:25, 1.05e-12, 2.14e-10
2018-10-11 13:37:29, 1.05e-12, 2.15e-10
2018-10-11 13:37:33, 1.07e-12, 2.14e-10
2018-10-11 13:37:37, 1.12e-12, 2.14e-10
2018-10-11 13:37:42, 1.06e-12, 2.15e-10
2018-10-11 13:37:46, 1.07e-12, 2.14e-10
2018-10-11 13:37:50, 1.04e-12, 2.14e-10
2018-10-11 13:37:54, 1.05e-12, 2.14e-10
2018-10-11 13:37:59, 1.09e-12, 2.14e-10
2018-10-11 13:38:03, 1.12e-12, 2.14e-10
2018-10-11 13:38:07, 1.04e-12, 2.14e-10
2018-10-11 13:38:11, 1.03e-12, 2.14e-10
2018-10-11 13:38:15, 1.1e-12, 2.14e-10
2018-10-11 13:38:20, 1.15e-12, 2.14e-10
2018-10-11 13:38:24, 1.09e-12, 2.14e-10
2018-10-11 13:38:28, 1.1e-12, 2.14e-10
2018-10-11 13:38:32, 1.04e-12, 2.14e-10
2018-10-11 13:38:37, 1.01e-12, 2.14e-10
2018-10-11 13:38:41, 1.02e-12, 2.14e-10
2018-10-11 13:38:45, 1.13e-12, 2.14e-10
2018-10-11 13:38:49, 1.02e-12, 2.14e-10
2018-10-11 13:38:53, 1.03e-12, 2.14e-10
2018-10-11 13:38:58, 1.02e-12, 2.14e-10
2018-10-11 13:39:02, 1.07e-12, 2.14e-10
2018-10-11 13:39:06, 1.08e-12, 2.14e-10
2018-10-11 13:39:10, 9.11e-13, 2.14e-10
2018-10-11 13:39:15, 1.12e-12, 2.14e-10
2018-10-11 13:39:19, 1.06e-12, 2.14e-10
2018-10-11 13:39:23, 1.1e-12, 2.14e-10
2018-10-11 13:39:27, 1.04e-12, 2.14e-10
2018-10-11 13:39:31, 1.07e-12, 2.14e-10
2018-10-11 13:39:36, 1.13e-12, 2.14e-10
2018-10-11 13:39:40, 1.1e-12, 2.14e-10
2018-10-11 13:39:44, 1.05e-12, 2.14e-10
2018-10-11 13:39:48, 1.12e-12, 2.14e-10
2018-10-11 13:39:53, 1.09e-12, 2.14e-10
2018-10-11 13:39:57, 1.1e-12, 2.14e-10
2018-10-11 13:40:01, 1.03e-12, 2.14e-10
2018-10-11 13:40:05, 1.03e-12, 2.14e-10
2018-10-11 13:40:09, 1.24e-12, 2.14e-10
2018-10-11 13:40:14, 1.01e-12, 2.14e-10
2018-10-11 13:40:18, 1.07e-12, 2.14e-10
2018-10-11 13:40:22, 1.04e-12, 2.14e-10
2018-10-11 13:40:26, 1.09e-12, 2.14e-10
2018-10-11 13:40:31, 1.14e-12, 2.14e-10
2018-10-11 13:40:35, 1.04e-12, 2.14e-10
2018-10-11 13:40:39, 1.08e-12, 2.14e-10
2018-10-11 13:40:43, 1.04e-12, 2.14e-10
2018-10-11 13:40:47, 1.07e-12, 2.14e-10
2018-10-11 13:40:52, 1.02e-12, 2.14e-10
2018-10-11 13:40:56, 1.06e-12, 2.14e-10
2018-10-11 13:41:00, 1.09e-12, 2.14e-10
2018-10-11 13:41:04, 1.18e-12, 2.14e-10
2018-10-11 13:41:09, 1.12e-12, 2.14e-10
2018-10-11 13:41:13, 1.07e-12, 2.14e-10
2018-10-11 13:41:17, 1.22e-12, 2.14e-10
2018-10-11 13:41:21, 1.09e-12, 2.14e-10
2018-10-11 13:41:25, 1.1e-12, 2.14e-10
2018-10-11 13:41:30, 1.04e-12, 2.14e-10
2018-10-11 13:41:34, 1.11e-12, 2.14e-10
2018-10-11 13:41:38, 1.01e-12, 2.14e-10
2018-10-11 13:41:42, 1.05e-12, 2.14e-10
2018-10-11 13:41:47, 1.05e-12, 2.14e-10
2018-10-11 13:41:51, 1.07e-12, 2.14e-10
2018-10-11 13:41:55, 1.06e-12, 2.14e-10
2018-10-11 13:41:59, 9.51e-13, 2.14e-10
2018-10-11 13:42:03, 1.08e-12, 2.14e-10
2018-10-11 13:42:08, 1.07e-12, 2.14e-10
2018-10-11 13:42:12, 1.07e-12, 2.14e-10
2018-10-11 13:42:16, 1.05e-12, 2.14e-10
2018-10-11 13:42:20, 1e-12, 2.14e-10
2018-10-11 13:42:25, 1.02e-12, 2.14e-10
2018-10-11 13:42:29, 1.05e-12, 2.14e-10
2018-10-11 13:42:33, 1.08e-12, 2.14e-10
2018-10-11 13:42:37, 1.08e-12, 2.14e-10
2018-10-11 13:42:41, 1.06e-12, 2.14e-10
2018-10-11 13:42:46, 1.09e-12, 2.14e-10
2018-10-11 13:42:50, 1.01e-12, 2.14e-10
2018-10-11 13:42:54, 1.07e-12, 2.14e-10
2018-10-11 13:42:58, 1.04e-12, 2.14e-10
2018-10-11 13:43:03, 1.17e-12, 2.14e-10
2018-10-11 13:43:07, 1.02e-12, 2.13e-10
2018-10-11 13:43:11, 1.07e-12, 2.13e-10
2018-10-11 13:43:15, 1.06e-12, 2.14e-10
2018-10-11 13:43:19, 1.11e-12, 2.14e-10
2018-10-11 13:43:24, 1.01e-12, 2.14e-10
2018-10-11 13:43:28, 1.07e-12, 2.14e-10
2018-10-11 13:43:32, 1.14e-12, 2.14e-10
2018-10-11 13:43:36, 1.04e-12, 2.14e-10
2018-10-11 13:43:41, 1.08e-12, 2.14e-10
2018-10-11 13:43:45, 1.07e-12, 2.14e-10
2018-10-11 13:43:49, 1.09e-12, 2.14e-10
2018-10-11 13:43:53, 1.08e-12, 2.14e-10
2018-10-11 13:43:57, 1.05e-12, 2.14e-10
2018-10-11 13:44:02, 1.05e-12, 2.14e-10
2018-10-11 13:44:06, 9.95e-13, 2.14e-10
2018-10-11 13:44:10, 1.04e-12, 2.14e-10
2018-10-11 13:44:14, 1.07e-12, 2.14e-10
2018-10-11 13:44:18, 1.05e-12, 2.14e-10
2018-10-11 13:44:23, 1.08e-12, 2.14e-10
2018-10-11 13:44:27, 9.99e-13, 2.13e-10
2018-10-11 13:44:31, 1.03e-12, 2.14e-10
2018-10-11 13:44:35, 1.09e-12, 2.14e-10
2018-10-11 13:44:40, 1.1e-12, 2.14e-10
2018-10-11 13:44:44, 1.08e-12, 2.14e-10
2018-10-11 13:44:48, 1.09e-12, 2.14e-10
2018-10-11 13:44:52, 1.13e-12, 2.14e-10
2018-10-11 13:44:56, 1.07e-12, 2.14e-10
2018-10-11 13:45:01, 1.12e-12, 2.13e-10
2018-10-11 13:45:05, 1.08e-12, 2.13e-10
2018-10-11 13:45:09, 1.1e-12, 2.13e-10
2018-10-11 13:45:13, 1.1e-12, 2.14e-10
2018-10-11 13:45:18, 1.09e-12, 2.14e-10
2018-10-11 13:45:22, 1.09e-12, 2.14e-10
2018-10-11 13:45:26, 1.08e-12, 2.14e-10
2018-10-11 13:45:30, 1.06e-12, 2.14e-10
2018-10-11 13:45:34, 1.06e-12, 2.13e-10
2018-10-11 13:45:39, 1.12e-12, 2.14e-10
2018-10-11 13:45:43, 1.05e-12, 2.14e-10
2018-10-11 13:45:47, 1.02e-12, 2.14e-10
2018-10-11 13:45:51, 1.1e-12, 2.14e-10
2018-10-11 13:45:56, 1.01e-12, 2.13e-10
2018-10-11 13:46:00, 1.13e-12, 2.13e-10
2018-10-11 13:46:04, 1.09e-12, 2.13e-10
2018-10-11 13:46:08, 1.03e-12, 2.13e-10
2018-10-11 13:46:12, 1.05e-12, 2.14e-10
2018-10-11 13:46:17, 1.05e-12, 2.14e-10
2018-10-11 13:46:21, 1.09e-12, 2.14e-10
2018-10-11 13:46:25, 1.08e-12, 2.14e-10
2018-10-11 13:46:29, 1.1e-12, 2.13e-10
2018-10-11 13:46:34, 1.11e-12, 2.13e-10
2018-10-11 13:46:38, 1.15e-12, 2.14e-10
2018-10-11 13:46:42, 1.07e-12, 2.14e-10
2018-10-11 13:46:46, 1.09e-12, 2.14e-10
2018-10-11 13:46:50, 9.72e-13, 2.13e-10
2018-10-11 13:46:55, 1.09e-12, 2.14e-10
2018-10-11 13:46:59, 1.09e-12, 2.14e-10
2018-10-11 13:47:03, 1.06e-12, 2.13e-10
2018-10-11 13:47:07, 9.26e-13, 2.13e-10
2018-10-11 13:47:12, 1.07e-12, 2.13e-10
2018-10-11 13:47:16, 1.11e-12, 2.14e-10
2018-10-11 13:47:20, 1.01e-12, 2.14e-10
2018-10-11 13:47:24, 1.04e-12, 2.14e-10
2018-10-11 13:47:28, 1.06e-12, 2.14e-10
2018-10-11 13:47:33, 1.09e-12, 2.14e-10
2018-10-11 13:47:37, 1.06e-12, 2.13e-10
2018-10-11 13:47:41, 1.1e-12, 2.14e-10
2018-10-11 13:47:45, 1.08e-12, 2.14e-10
2018-10-11 13:47:50, 1e-12, 2.13e-10
2018-10-11 13:47:54, 1.06e-12, 2.14e-10
2018-10-11 13:47:58, 1.25e-12, 2.13e-10
2018-10-11 13:48:02, 1.01e-12, 2.13e-10
2018-10-11 13:48:06, 1.03e-12, 2.13e-10
2018-10-11 13:48:11, 1.01e-12, 2.13e-10
2018-10-11 13:48:15, 9.91e-13, 2.14e-10
2018-10-11 13:48:19, 1.03e-12, 2.14e-10
2018-10-11 13:48:23, 1.07e-12, 2.14e-10
2018-10-11 13:48:28, 1.23e-12, 2.14e-10
2018-10-11 13:48:32, 1.07e-12, 2.14e-10
2018-10-11 13:48:36, 1.13e-12, 2.13e-10
2018-10-11 13:48:40, 1.12e-12, 2.14e-10
2018-10-11 13:48:44, 1.05e-12, 2.14e-10
2018-10-11 13:48:49, 1.03e-12, 2.14e-10
2018-10-11 13:48:53, 1.09e-12, 2.14e-10
2018-10-11 13:48:57, 1.17e-12, 2.14e-10
2018-10-11 13:49:01, 1.06e-12, 2.13e-10
2018-10-11 13:49:06, 1.1e-12, 2.13e-10
2018-10-11 13:49:10, 1.11e-12, 2.13e-10
2018-10-11 13:49:14, 1.09e-12, 2.13e-10
2018-10-11 13:49:18, 1.06e-12, 2.13e-10
2018-10-11 13:49:22, 1.05e-12, 2.13e-10
2018-10-11 13:49:27, 1.07e-12, 2.13e-10
2018-10-11 13:49:31, 1.03e-12, 2.13e-10
2018-10-11 13:49:35, 1.06e-12, 2.14e-10
2018-10-11 13:49:39, 1.11e-12, 2.14e-10
2018-10-11 13:49:44, 1.05e-12, 2.14e-10
2018-10-11 13:49:48, 1.01e-12, 2.14e-10
2018-10-11 13:49:52, 1.05e-12, 2.14e-10
2018-10-11 13:49:56, 1.06e-12, 2.14e-10
2018-10-11 13:50:00, 1.11e-12, 2.13e-10
2018-10-11 13:50:05, 1.14e-12, 2.13e-10
2018-10-11 13:50:09, 1.11e-12, 2.13e-10
2018-10-11 13:50:13, 1.06e-12, 2.13e-10
2018-10-11 13:50:17, 1.03e-12, 2.14e-10
2018-10-11 13:50:22, 1.09e-12, 2.14e-10
2018-10-11 13:50:26, 1.11e-12, 2.14e-10
2018-10-11 13:50:30, 1.11e-12, 2.14e-10
2018-10-11 13:50:34, 1.07e-12, 2.13e-10
2018-10-11 13:50:38, 1.03e-12, 2.14e-10
2018-10-11 13:50:43, 1.08e-12, 2.14e-10
2018-10-11 13:50:47, 1.07e-12, 2.14e-10
2018-10-11 13:50:51, 1.11e-12, 2.14e-10
2018-10-11 13:50:55, 1.09e-12, 2.14e-10
2018-10-11 13:51:00, 1.04e-12, 2.14e-10
2018-10-11 13:51:04, 1.13e-12, 2.14e-10
2018-10-11 13:51:08, 1.02e-12, 2.14e-10
2018-10-11 13:51:12, 1.07e-12, 2.14e-10
2018-10-11 13:51:16, 1.21e-12, 2.14e-10
2018-10-11 13:51:21, 1.03e-12, 2.14e-10
2018-10-11 13:51:25, 1.07e-12, 2.14e-10
2018-10-11 13:51:29, 1.08e-12, 2.14e-10
2018-10-11 13:51:33, 1.12e-12, 2.14e-10
2018-10-11 13:51:38, 1.02e-12, 2.14e-10
2018-10-11 13:51:42, 1.09e-12, 2.14e-10
2018-10-11 13:51:46, 1.1e-12, 2.14e-10
2018-10-11 13:51:50, 1.01e-12, 2.13e-10
2018-10-11 13:51:54, 1.04e-12, 2.14e-10
2018-10-11 13:51:59, 1.08e-12, 2.13e-10
2018-10-11 13:52:03, 1.12e-12, 2.13e-10
2018-10-11 13:52:07, 1.06e-12, 2.13e-10
2018-10-11 13:52:11, 1.11e-12, 2.14e-10
2018-10-11 13:52:16, 1.13e-12, 2.14e-10
2018-10-11 13:52:20, 1.05e-12, 2.13e-10
2018-10-11 13:52:24, 1.03e-12, 2.14e-10
2018-10-11 13:52:28, 1.09e-12, 2.14e-10
2018-10-11 13:52:32, 1.08e-12, 2.14e-10
2018-10-11 13:52:37, 1.13e-12, 2.14e-10
2018-10-11 13:52:41, 1.03e-12, 2.14e-10
2018-10-11 13:52:45, 1.11e-12, 2.14e-10
2018-10-11 13:52:49, 9.55e-13, 2.14e-10
2018-10-11 13:52:54, 1.03e-12, 2.14e-10
2018-10-11 13:52:58, 1.01e-12, 2.13e-10
2018-10-11 13:53:02, 1.05e-12, 2.14e-10
2018-10-11 13:53:06, 1.06e-12, 2.14e-10
2018-10-11 13:53:10, 1.05e-12, 2.13e-10
2018-10-11 13:53:15, 1.1e-12, 2.14e-10
2018-10-11 13:53:19, 1.07e-12, 2.14e-10
2018-10-11 13:53:23, 1.08e-12, 2.14e-10
2018-10-11 13:53:27, 1.05e-12, 2.14e-10
2018-10-11 13:53:32, 1.09e-12, 2.14e-10
2018-10-11 13:53:36, 1.08e-12, 2.14e-10
2018-10-11 13:53:40, 1.05e-12, 2.13e-10
2018-10-11 13:53:44, 1.02e-12, 2.14e-10
2018-10-11 13:53:48, 1.06e-12, 2.13e-10
2018-10-11 13:53:53, 1.03e-12, 2.14e-10
2018-10-11 13:53:57, 1.16e-12, 2.14e-10
2018-10-11 13:54:01, 1.12e-12, 2.14e-10
2018-10-11 13:54:05, 9.16e-13, 2.14e-10
2018-10-11 13:54:09, 1.1e-12, 2.14e-10
2018-10-11 13:54:14, 1.15e-12, 2.14e-10
2018-10-11 13:54:18, 1.17e-12, 2.14e-10
2018-10-11 13:54:22, 1.03e-12, 2.14e-10
2018-10-11 13:54:26, 1.14e-12, 2.14e-10
2018-10-11 13:54:31, 1.01e-12, 2.14e-10
2018-10-11 13:54:35, 1.06e-12, 2.14e-10
2018-10-11 13:54:39, 1.06e-12, 2.14e-10
2018-10-11 13:54:43, 1.03e-12, 2.14e-10
2018-10-11 13:54:47, 1.07e-12, 2.14e-10
2018-10-11 13:54:52, 9.26e-13, 2.14e-10
2018-10-11 13:54:56, 1.07e-12, 2.14e-10
2018-10-11 13:55:00, 1.08e-12, 2.14e-10
2018-10-11 13:55:04, 1.04e-12, 2.14e-10
2018-10-11 13:55:09, 1.02e-12, 2.14e-10
2018-10-11 13:55:13, 1.04e-12, 2.14e-10
2018-10-11 13:55:17, 1.03e-12, 2.14e-10
2018-10-11 13:55:21, 1.03e-12, 2.14e-10
2018-10-11 13:55:25, 1.07e-12, 2.14e-10
2018-10-11 13:55:30, 1.11e-12, 2.14e-10
2018-10-11 13:55:34, 9.94e-13, 2.14e-10
2018-10-11 13:55:38, 1.14e-12, 2.13e-10
2018-10-11 13:55:42, 1.08e-12, 2.14e-10
2018-10-11 13:55:47, 1.06e-12, 2.14e-10
2018-10-11 13:55:51, 9.37e-13, 2.14e-10
2018-10-11 13:55:55, 9.99e-13, 2.14e-10
2018-10-11 13:55:59, 1.06e-12, 2.14e-10
2018-10-11 13:56:03, 1.04e-12, 2.14e-10
2018-10-11 13:56:08, 1.18e-12, 2.14e-10
2018-10-11 13:56:12, 1.08e-12, 2.14e-10
2018-10-11 13:56:16, 1.05e-12, 2.14e-10
2018-10-11 13:56:20, 1.03e-12, 2.14e-10
2018-10-11 13:56:25, 1.01e-12, 2.14e-10
2018-10-11 13:56:29, 1.04e-12, 2.14e-10
2018-10-11 13:56:33, 1.07e-12, 2.13e-10
2018-10-11 13:56:37, 9.26e-13, 2.13e-10
2018-10-11 13:56:41, 1.09e-12, 2.14e-10
2018-10-11 13:56:46, 1.15e-12, 2.14e-10
2018-10-11 13:56:50, 1.06e-12, 2.14e-10
2018-10-11 13:56:54, 1.05e-12, 2.14e-10
2018-10-11 13:56:58, 1.02e-12, 2.14e-10
2018-10-11 13:57:03, 1.04e-12, 2.14e-10
2018-10-11 13:57:07, 1.11e-12, 2.14e-10
2018-10-11 13:57:11, 1.09e-12, 2.14e-10
2018-10-11 13:57:15, 1.15e-12, 2.14e-10
2018-10-11 13:57:19, 1.09e-12, 2.14e-10
2018-10-11 13:57:24, 1.04e-12, 2.14e-10
2018-10-11 13:57:28, 1.11e-12, 2.14e-10
2018-10-11 13:57:32, 1.12e-12, 2.14e-10
2018-10-11 13:57:36, 1.09e-12, 2.14e-10
2018-10-11 13:57:41, 1.01e-12, 2.14e-10
2018-10-11 13:57:45, 1.14e-12, 2.14e-10
2018-10-11 13:57:49, 1.06e-12, 2.14e-10
2018-10-11 13:57:53, 1.06e-12, 2.14e-10
2018-10-11 13:57:57, 1.04e-12, 2.14e-10
2018-10-11 13:58:02, 1.07e-12, 2.14e-10
2018-10-11 13:58:06, 1.08e-12, 2.14e-10
2018-10-11 13:58:10, 1.23e-12, 2.14e-10
2018-10-11 13:58:14, 1.08e-12, 2.14e-10
2018-10-11 13:58:19, 1.06e-12, 2.14e-10
2018-10-11 13:58:23, 9.83e-13, 2.14e-10
2018-10-11 13:58:27, 1.1e-12, 2.14e-10
2018-10-11 13:58:31, 1.02e-12, 2.14e-10
2018-10-11 13:58:35, 1.12e-12, 2.14e-10
2018-10-11 13:58:40, 1.15e-12, 2.13e-10
2018-10-11 13:58:44, 1.02e-12, 2.14e-10
2018-10-11 13:58:48, 1.07e-12, 2.14e-10
2018-10-11 13:58:52, 1.07e-12, 2.14e-10
2018-10-11 13:58:57, 1.11e-12, 2.14e-10
2018-10-11 13:59:01, 1.04e-12, 2.14e-10
2018-10-11 13:59:05, 1.06e-12, 2.14e-10
2018-10-11 13:59:09, 1.1e-12, 2.14e-10
2018-10-11 13:59:13, 1.05e-12, 2.14e-10
2018-10-11 13:59:18, 1.08e-12, 2.14e-10
2018-10-11 13:59:22, 1.09e-12, 2.14e-10
2018-10-11 13:59:26, 1e-12, 2.14e-10
2018-10-11 13:59:30, 1.06e-12, 2.14e-10
2018-10-11 13:59:35, 1.04e-12, 2.14e-10
2018-10-11 13:59:39, 1.07e-12, 2.14e-10
2018-10-11 13:59:43, 1.09e-12, 2.14e-10
2018-10-11 13:59:47, 1.04e-12, 2.14e-10
2018-10-11 13:59:51, 1.08e-12, 2.14e-10
2018-10-11 13:59:56, 1.15e-12, 2.14e-10
2018-10-11 14:00:00, 1.01e-12, 2.14e-10
2018-10-11 14:00:04, 1.05e-12, 2.14e-10
2018-10-11 14:00:08, 1.07e-12, 2.14e-10
2018-10-11 14:00:13, 1.07e-12, 2.14e-10
2018-10-11 14:00:17, 1.08e-12, 2.14e-10
2018-10-11 14:00:21, 1.02e-12, 2.14e-10
2018-10-11 14:00:25, 1.03e-12, 2.14e-10
2018-10-11 14:00:29, 1.06e-12, 2.14e-10
2018-10-11 14:00:34, 1.1e-12, 2.14e-10
2018-10-11 14:00:38, 1.24e-12, 2.14e-10
2018-10-11 14:00:42, 1.09e-12, 2.14e-10
2018-10-11 14:00:46, 1.04e-12, 2.14e-10
2018-10-11 14:00:51, 1.06e-12, 2.14e-10
2018-10-11 14:00:55, 1.09e-12, 2.14e-10
2018-10-11 14:00:59, 1.08e-12, 2.14e-10
2018-10-11 14:01:03, 1.08e-12, 2.14e-10
2018-10-11 14:01:07, 1.14e-12, 2.14e-10
2018-10-11 14:01:12, 1.04e-12, 2.14e-10
2018-10-11 14:01:16, 1.07e-12, 2.14e-10
2018-10-11 14:01:20, 1.02e-12, 2.14e-10
2018-10-11 14:01:24, 1.08e-12, 2.14e-10
2018-10-11 14:01:28, 1.03e-12, 2.14e-10
2018-10-11 14:01:33, 1.12e-12, 2.14e-10
2018-10-11 14:01:37, 9.81e-13, 2.14e-10
2018-10-11 14:01:41, 1.04e-12, 2.14e-10
2018-10-11 14:01:45, 1.17e-12, 2.14e-10
2018-10-11 14:01:50, 1.05e-12, 2.14e-10
2018-10-11 14:01:54, 1.06e-12, 2.14e-10
2018-10-11 14:01:58, 1.18e-12, 2.14e-10
2018-10-11 14:02:02, 1.08e-12, 2.14e-10
2018-10-11 14:02:06, 1.1e-12, 2.14e-10
2018-10-11 14:02:11, 1.05e-12, 2.14e-10
2018-10-11 14:02:15, 1.07e-12, 2.14e-10
2018-10-11 14:02:19, 1.07e-12, 2.14e-10
2018-10-11 14:02:23, 1.02e-12, 2.14e-10
2018-10-11 14:02:28, 1.04e-12, 2.14e-10
2018-10-11 14:02:32, 1.14e-12, 2.14e-10
2018-10-11 14:02:36, 1.07e-12, 2.13e-10
2018-10-11 14:02:40, 1.13e-12, 2.13e-10
2018-10-11 14:02:44, 1.14e-12, 2.14e-10
2018-10-11 14:02:49, 1.22e-12, 2.14e-10
2018-10-11 14:02:53, 1.06e-12, 2.14e-10
2018-10-11 14:02:57, 9.78e-13, 2.14e-10
2018-10-11 14:03:01, 1.03e-12, 2.14e-10
2018-10-11 14:03:06, 1.12e-12, 2.14e-10
2018-10-11 14:03:10, 9.96e-13, 2.14e-10
2018-10-11 14:03:14, 1.1e-12, 2.14e-10
2018-10-11 14:03:18, 1.09e-12, 2.14e-10
2018-10-11 14:03:22, 1.04e-12, 2.13e-10
2018-10-11 14:03:27, 1.07e-12, 2.14e-10
2018-10-11 14:03:31, 1.06e-12, 2.14e-10
2018-10-11 14:03:35, 1.05e-12, 2.14e-10
2018-10-11 14:03:39, 1.07e-12, 2.14e-10
2018-10-11 14:03:44, 1.14e-12, 2.14e-10
2018-10-11 14:03:48, 1.08e-12, 2.14e-10
2018-10-11 14:03:52, 1.06e-12, 2.14e-10
2018-10-11 14:03:56, 1.06e-12, 2.14e-10
2018-10-11 14:04:00, 1.11e-12, 2.14e-10
2018-10-11 14:04:05, 1.08e-12, 2.14e-10
2018-10-11 14:04:09, 1.04e-12, 2.13e-10
2018-10-11 14:04:13, 1.09e-12, 2.13e-10
2018-10-11 14:04:17, 9.66e-13, 2.14e-10
2018-10-11 14:04:22, 1.06e-12, 2.13e-10
2018-10-11 14:04:26, 1.05e-12, 2.14e-10
2018-10-11 14:04:30, 1.06e-12, 2.13e-10
2018-10-11 14:04:34, 1.18e-12, 2.14e-10
2018-10-11 14:04:38, 1.06e-12, 2.14e-10
2018-10-11 14:04:43, 1.02e-12, 2.14e-10
2018-10-11 14:04:47, 1.1e-12, 2.14e-10
2018-10-11 14:04:51, 1.1e-12, 2.14e-10
2018-10-11 14:04:55, 1.1e-12, 2.13e-10
2018-10-11 14:05:00, 1.15e-12, 2.13e-10
2018-10-11 14:05:04, 1.07e-12, 2.13e-10
2018-10-11 14:05:08, 1.09e-12, 2.14e-10
2018-10-11 14:05:12, 1.03e-12, 2.14e-10
2018-10-11 14:05:16, 1.05e-12, 2.14e-10
2018-10-11 14:05:21, 1.04e-12, 2.14e-10
2018-10-11 14:05:25, 1.04e-12, 2.14e-10
2018-10-11 14:05:29, 1.03e-12, 2.13e-10
2018-10-11 14:05:33, 1.12e-12, 2.14e-10
2018-10-11 14:05:38, 1.02e-12, 2.13e-10
2018-10-11 14:05:42, 1.08e-12, 2.13e-10
2018-10-11 14:05:46, 1.09e-12, 2.14e-10
2018-10-11 14:05:50, 1.03e-12, 2.13e-10
2018-10-11 14:05:54, 1.1e-12, 2.13e-10
2018-10-11 14:05:59, 1.11e-12, 2.13e-10
2018-10-11 14:06:03, 1.05e-12, 2.13e-10
2018-10-11 14:06:07, 1.06e-12, 2.13e-10
2018-10-11 14:06:11, 1.16e-12, 2.13e-10
2018-10-11 14:06:16, 1.04e-12, 2.13e-10
2018-10-11 14:06:20, 1.05e-12, 2.13e-10
2018-10-11 14:06:24, 1.08e-12, 2.13e-10
2018-10-11 14:06:28, 1.05e-12, 2.13e-10
2018-10-11 14:06:32, 1.09e-12, 2.13e-10
2018-10-11 14:06:37, 1.01e-12, 2.13e-10
2018-10-11 14:06:41, 1.07e-12, 2.14e-10
2018-10-11 14:06:45, 1.06e-12, 2.13e-10
2018-10-11 14:06:49, 9.58e-13, 2.13e-10
2018-10-11 14:06:53, 1.1e-12, 2.13e-10
2018-10-11 14:06:58, 9.8e-13, 2.13e-10
2018-10-11 14:07:02, 1.11e-12, 2.13e-10
2018-10-11 14:07:06, 1.16e-12, 2.13e-10
2018-10-11 14:07:10, 1.08e-12, 2.13e-10
2018-10-11 14:07:15, 1.11e-12, 2.13e-10
2018-10-11 14:07:19, 1.11e-12, 2.13e-10
2018-10-11 14:07:23, 1.14e-12, 2.13e-10
2018-10-11 14:07:27, 9.8e-13, 2.13e-10
2018-10-11 14:07:32, 1.09e-12, 2.13e-10
2018-10-11 14:07:36, 1.07e-12, 2.13e-10
2018-10-11 14:07:40, 1.11e-12, 2.13e-10
2018-10-11 14:07:44, 1.22e-12, 2.13e-10
2018-10-11 14:07:48, 9.91e-13, 2.13e-10
2018-10-11 14:07:53, 1.05e-12, 2.13e-10
2018-10-11 14:07:57, 1.03e-12, 2.13e-10
2018-10-11 14:08:01, 1.09e-12, 2.13e-10
2018-10-11 14:08:05, 1.08e-12, 2.13e-10
2018-10-11 14:08:10, 1.08e-12, 2.13e-10
2018-10-11 14:08:14, 9.8e-13, 2.13e-10
2018-10-11 14:08:18, 1.07e-12, 2.13e-10
2018-10-11 14:08:22, 1.02e-12, 2.13e-10
2018-10-11 14:08:26, 1.05e-12, 2.13e-10
2018-10-11 14:08:31, 1.04e-12, 2.13e-10
2018-10-11 14:08:35, 1.05e-12, 2.13e-10
2018-10-11 14:08:39, 1.09e-12, 2.13e-10
2018-10-11 14:08:43, 1.26e-12, 2.13e-10
2018-10-11 14:08:48, 1.02e-12, 2.13e-10
2018-10-11 14:08:52, 1.02e-12, 2.13e-10
2018-10-11 14:08:56, 1.07e-12, 2.13e-10
2018-10-11 14:09:00, 9.84e-13, 2.13e-10
2018-10-11 14:09:04, 1.1e-12, 2.13e-10
2018-10-11 14:09:09, 1.11e-12, 2.13e-10
2018-10-11 14:09:13, 1.13e-12, 2.13e-10
2018-10-11 14:09:17, 1.09e-12, 2.13e-10
2018-10-11 14:09:21, 1.07e-12, 2.13e-10
2018-10-11 14:09:25, 1.05e-12, 2.13e-10
2018-10-11 14:09:30, 1.01e-12, 2.13e-10
2018-10-11 14:09:34, 1.1e-12, 2.13e-10
2018-10-11 14:09:38, 1.07e-12, 2.13e-10
2018-10-11 14:09:42, 1.06e-12, 2.13e-10
2018-10-11 14:09:47, 1.07e-12, 2.13e-10
2018-10-11 14:09:51, 1.09e-12, 2.13e-10
2018-10-11 14:09:55, 1.07e-12, 2.13e-10
2018-10-11 14:09:59, 1.06e-12, 2.13e-10
2018-10-11 14:10:03, 9.5e-13, 2.13e-10
2018-10-11 14:10:08, 1.06e-12, 2.13e-10
2018-10-11 14:10:12, 1.16e-12, 2.13e-10
2018-10-11 14:10:16, 1.1e-12, 2.13e-10
2018-10-11 14:10:20, 1.08e-12, 2.13e-10
2018-10-11 14:10:25, 1.09e-12, 2.13e-10
2018-10-11 14:10:29, 1.13e-12, 2.13e-10
2018-10-11 14:10:33, 1.11e-12, 2.13e-10
2018-10-11 14:10:37, 1.02e-12, 2.13e-10
2018-10-11 14:10:41, 9.72e-13, 2.13e-10
2018-10-11 14:10:46, 1.07e-12, 2.13e-10
2018-10-11 14:10:50, 1.1e-12, 2.13e-10
2018-10-11 14:10:54, 1.08e-12, 2.13e-10
2018-10-11 14:10:58, 9.63e-13, 2.13e-10
2018-10-11 14:11:03, 1.09e-12, 2.13e-10
2018-10-11 14:11:07, 1.12e-12, 2.13e-10
2018-10-11 14:11:11, 1.1e-12, 2.13e-10
2018-10-11 14:11:15, 1.07e-12, 2.13e-10
2018-10-11 14:11:19, 1.06e-12, 2.13e-10
2018-10-11 14:11:24, 1.1e-12, 2.13e-10
2018-10-11 14:11:28, 1.09e-12, 2.13e-10
2018-10-11 14:11:32, 1.03e-12, 2.13e-10
2018-10-11 14:11:36, 1.09e-12, 2.13e-10
2018-10-11 14:11:41, 1.14e-12, 2.13e-10
2018-10-11 14:11:45, 1.12e-12, 2.13e-10
2018-10-11 14:11:49, 1.13e-12, 2.13e-10
2018-10-11 14:11:53, 1.13e-12, 2.13e-10
2018-10-11 14:11:57, 9.69e-13, 2.13e-10
2018-10-11 14:12:02, 1.06e-12, 2.13e-10
2018-10-11 14:12:06, 1.07e-12, 2.13e-10
2018-10-11 14:12:10, 1.09e-12, 2.13e-10
2018-10-11 14:12:14, 1.01e-12, 2.13e-10
2018-10-11 14:12:19, 1.25e-12, 2.13e-10
2018-10-11 14:12:23, 1.06e-12, 2.13e-10
2018-10-11 14:12:27, 1.02e-12, 2.13e-10
2018-10-11 14:12:31, 9.72e-13, 2.13e-10
2018-10-11 14:12:35, 1.08e-12, 2.13e-10
2018-10-11 14:12:40, 1.06e-12, 2.13e-10
2018-10-11 14:12:44, 1.08e-12, 2.13e-10
2018-10-11 14:12:48, 1.07e-12, 2.13e-10
2018-10-11 14:12:52, 9.97e-13, 2.13e-10
2018-10-11 14:12:57, 1.09e-12, 2.13e-10
2018-10-11 14:13:01, 1.06e-12, 2.13e-10
2018-10-11 14:13:05, 1.13e-12, 2.13e-10
2018-10-11 14:13:09, 1.12e-12, 2.13e-10
2018-10-11 14:13:13, 1.11e-12, 2.13e-10
2018-10-11 14:13:18, 1.05e-12, 2.13e-10
2018-10-11 14:13:22, 1.07e-12, 2.13e-10
2018-10-11 14:13:26, 1.04e-12, 2.13e-10
2018-10-11 14:13:30, 9.51e-13, 2.13e-10
2018-10-11 14:13:35, 1.16e-12, 2.13e-10
2018-10-11 14:13:39, 1.05e-12, 2.13e-10
2018-10-11 14:13:43, 1.05e-12, 2.13e-10
2018-10-11 14:13:47, 1.03e-12, 2.13e-10
2018-10-11 14:13:51, 1.03e-12, 2.13e-10
2018-10-11 14:13:56, 1.07e-12, 2.13e-10
2018-10-11 14:14:00, 1.08e-12, 2.13e-10
2018-10-11 14:14:04, 1.01e-12, 2.13e-10
2018-10-11 14:14:08, 9.67e-13, 2.13e-10
2018-10-11 14:14:13, 1.08e-12, 2.13e-10
2018-10-11 14:14:17, 1.06e-12, 2.13e-10
2018-10-11 14:14:21, 1.04e-12, 2.13e-10
2018-10-11 14:14:25, 1.02e-12, 2.13e-10
2018-10-11 14:14:29, 1.08e-12, 2.13e-10
2018-10-11 14:14:34, 1.01e-12, 2.13e-10
2018-10-11 14:14:38, 1.07e-12, 2.13e-10
2018-10-11 14:14:42, 1.08e-12, 2.13e-10
2018-10-11 14:14:46, 1.03e-12, 2.13e-10
2018-10-11 14:14:51, 1.06e-12, 2.13e-10
2018-10-11 14:14:55, 1.09e-12, 2.13e-10
2018-10-11 14:14:59, 1.04e-12, 2.13e-10
2018-10-11 14:15:03, 1.09e-12, 2.13e-10
2018-10-11 14:15:07, 1.04e-12, 2.13e-10
2018-10-11 14:15:12, 1.12e-12, 2.13e-10
2018-10-11 14:15:16, 1.07e-12, 2.13e-10
2018-10-11 14:15:20, 1.07e-12, 2.12e-10
2018-10-11 14:15:24, 1.09e-12, 2.13e-10
2018-10-11 14:15:28, 1.07e-12, 2.13e-10
2018-10-11 14:15:33, 1.08e-12, 2.13e-10
2018-10-11 14:15:37, 1.02e-12, 2.13e-10
2018-10-11 14:15:41, 1.09e-12, 2.13e-10
2018-10-11 14:15:45, 1.07e-12, 2.13e-10
2018-10-11 14:15:50, 1.02e-12, 2.13e-10
2018-10-11 14:15:54, 1.07e-12, 2.13e-10
2018-10-11 14:15:58, 1.03e-12, 2.13e-10
2018-10-11 14:16:02, 1.02e-12, 2.13e-10
2018-10-11 14:16:06, 1.06e-12, 2.13e-10
2018-10-11 14:16:11, 1.09e-12, 2.13e-10
2018-10-11 14:16:15, 1.05e-12, 2.12e-10
2018-10-11 14:16:19, 1.1e-12, 2.13e-10
2018-10-11 14:16:23, 1.08e-12, 2.13e-10
2018-10-11 14:16:28, 1.07e-12, 2.13e-10
2018-10-11 14:16:32, 1.04e-12, 2.13e-10
2018-10-11 14:16:36, 1.06e-12, 2.13e-10
2018-10-11 14:16:40, 1.09e-12, 2.13e-10
2018-10-11 14:16:44, 1.06e-12, 2.13e-10
2018-10-11 14:16:49, 1.11e-12, 2.13e-10
2018-10-11 14:16:53, 9.79e-13, 2.13e-10
2018-10-11 14:16:57, 1.1e-12, 2.13e-10
2018-10-11 14:17:01, 1.05e-12, 2.13e-10
2018-10-11 14:17:06, 1.08e-12, 2.13e-10
2018-10-11 14:17:10, 1.05e-12, 2.13e-10
2018-10-11 14:17:14, 1.06e-12, 2.13e-10
2018-10-11 14:17:18, 1.03e-12, 2.13e-10
2018-10-11 14:17:22, 9.39e-13, 2.13e-10
2018-10-11 14:17:27, 1.07e-12, 2.13e-10
2018-10-11 14:17:31, 1.1e-12, 2.13e-10
2018-10-11 14:17:35, 1.04e-12, 2.13e-10
2018-10-11 14:17:39, 1.1e-12, 2.13e-10
2018-10-11 14:17:44, 1.03e-12, 2.13e-10
2018-10-11 14:17:48, 1.08e-12, 2.13e-10
2018-10-11 14:17:52, 1.09e-12, 2.13e-10
2018-10-11 14:17:56, 1.12e-12, 2.13e-10
2018-10-11 14:18:00, 1.1e-12, 2.13e-10
2018-10-11 14:18:05, 1.05e-12, 2.13e-10
2018-10-11 14:18:09, 1.03e-12, 2.13e-10
2018-10-11 14:18:13, 1.08e-12, 2.13e-10
2018-10-11 14:18:17, 1.06e-12, 2.13e-10
2018-10-11 14:18:22, 1.05e-12, 2.13e-10
2018-10-11 14:18:26, 9.82e-13, 2.13e-10
2018-10-11 14:18:30, 1.05e-12, 2.13e-10
2018-10-11 14:18:34, 1.02e-12, 2.13e-10
2018-10-11 14:18:38, 1.04e-12, 2.13e-10
2018-10-11 14:18:43, 1.08e-12, 2.13e-10
2018-10-11 14:18:47, 1.05e-12, 2.13e-10
2018-10-11 14:18:51, 1.05e-12, 2.13e-10
2018-10-11 14:18:55, 1.08e-12, 2.13e-10
2018-10-11 14:19:00, 1.07e-12, 2.13e-10
2018-10-11 14:19:04, 1.08e-12, 2.13e-10
2018-10-11 14:19:08, 1.13e-12, 2.13e-10
2018-10-11 14:19:12, 1.15e-12, 2.13e-10
2018-10-11 14:19:16, 9.9e-13, 2.13e-10
2018-10-11 14:19:21, 1.09e-12, 2.13e-10
2018-10-11 14:19:25, 1.18e-12, 2.13e-10
2018-10-11 14:19:29, 1.02e-12, 2.13e-10
2018-10-11 14:19:33, 1.05e-12, 2.13e-10
2018-10-11 14:19:38, 1.06e-12, 2.13e-10
2018-10-11 14:19:42, 1.06e-12, 2.13e-10
2018-10-11 14:19:46, 1.04e-12, 2.13e-10
2018-10-11 14:19:50, 1.07e-12, 2.13e-10
2018-10-11 14:19:54, 1.05e-12, 2.13e-10
2018-10-11 14:19:59, 1.08e-12, 2.13e-10
2018-10-11 14:20:03, 1.09e-12, 2.13e-10
2018-10-11 14:20:07, 1.13e-12, 2.13e-10
2018-10-11 14:20:11, 1.03e-12, 2.13e-10
2018-10-11 14:20:16, 1.11e-12, 2.13e-10
2018-10-11 14:20:20, 1.04e-12, 2.13e-10
2018-10-11 14:20:24, 1.04e-12, 2.13e-10
2018-10-11 14:20:28, 1.06e-12, 2.13e-10
2018-10-11 14:20:32, 1.06e-12, 2.13e-10
2018-10-11 14:20:37, 1.1e-12, 2.13e-10
2018-10-11 14:20:41, 1.06e-12, 2.13e-10
2018-10-11 14:20:45, 1.1e-12, 2.13e-10
2018-10-11 14:20:49, 1.03e-12, 2.13e-10
2018-10-11 14:20:54, 1.05e-12, 2.13e-10
2018-10-11 14:20:58, 1.01e-12, 2.13e-10
2018-10-11 14:21:02, 1.03e-12, 2.13e-10
2018-10-11 14:21:06, 1.1e-12, 2.13e-10
2018-10-11 14:21:10, 1.04e-12, 2.13e-10
2018-10-11 14:21:15, 1.09e-12, 2.13e-10
2018-10-11 14:21:19, 9.41e-13, 2.13e-10
2018-10-11 14:21:23, 1.04e-12, 2.13e-10
2018-10-11 14:21:27, 1.07e-12, 2.13e-10
2018-10-11 14:21:32, 1.03e-12, 2.13e-10
2018-10-11 14:21:36, 1.07e-12, 2.13e-10
2018-10-11 14:21:40, 1.14e-12, 2.13e-10
2018-10-11 14:21:44, 1.01e-12, 2.13e-10
2018-10-11 14:21:48, 9.15e-13, 2.13e-10
2018-10-11 14:21:53, 1.03e-12, 2.13e-10
2018-10-11 14:21:57, 1.09e-12, 2.13e-10
2018-10-11 14:22:01, 1.08e-12, 2.13e-10
2018-10-11 14:22:05, 9.65e-13, 2.13e-10
2018-10-11 14:22:10, 1.01e-12, 2.13e-10
2018-10-11 14:22:14, 1.08e-12, 2.13e-10
2018-10-11 14:22:18, 1.08e-12, 2.13e-10
2018-10-11 14:22:22, 1.15e-12, 2.13e-10
2018-10-11 14:22:26, 1.17e-12, 2.13e-10
2018-10-11 14:22:31, 1.04e-12, 2.13e-10
2018-10-11 14:22:35, 1.05e-12, 2.13e-10
2018-10-11 14:22:39, 1.03e-12, 2.13e-10
2018-10-11 14:22:43, 1.08e-12, 2.13e-10
2018-10-11 14:22:48, 1.08e-12, 2.13e-10
2018-10-11 14:22:52, 1.07e-12, 2.13e-10
2018-10-11 14:22:56, 1.12e-12, 2.13e-10
2018-10-11 14:23:00, 9.93e-13, 2.13e-10
2018-10-11 14:23:04, 1.11e-12, 2.13e-10
2018-10-11 14:23:09, 1.07e-12, 2.13e-10
2018-10-11 14:23:13, 1.05e-12, 2.13e-10
2018-10-11 14:23:17, 1.05e-12, 2.13e-10
2018-10-11 14:23:21, 1.06e-12, 2.13e-10
2018-10-11 14:23:26, 1.06e-12, 2.13e-10
2018-10-11 14:23:30, 1.15e-12, 2.13e-10
2018-10-11 14:23:34, 1.03e-12, 2.13e-10
2018-10-11 14:23:38, 1.1e-12, 2.13e-10
2018-10-11 14:23:42, 1.05e-12, 2.13e-10
2018-10-11 14:23:47, 1.05e-12, 2.13e-10
2018-10-11 14:23:51, 1.03e-12, 2.13e-10
2018-10-11 14:23:55, 1.09e-12, 2.13e-10
2018-10-11 14:23:59, 1.14e-12, 2.13e-10
2018-10-11 14:24:04, 1.02e-12, 2.13e-10
2018-10-11 14:24:08, 1.15e-12, 2.13e-10
2018-10-11 14:24:12, 1.17e-12, 2.13e-10
2018-10-11 14:24:16, 1.1e-12, 2.12e-10
2018-10-11 14:24:20, 1.11e-12, 2.13e-10
2018-10-11 14:24:25, 1.1e-12, 2.13e-10
2018-10-11 14:24:29, 9.95e-13, 2.13e-10
2018-10-11 14:24:33, 1.06e-12, 2.13e-10
2018-10-11 14:24:37, 1.11e-12, 2.13e-10
2018-10-11 14:24:42, 1.05e-12, 2.13e-10
2018-10-11 14:24:46, 1.04e-12, 2.13e-10
2018-10-11 14:24:50, 1.09e-12, 2.13e-10
2018-10-11 14:24:54, 1.08e-12, 2.13e-10
2018-10-11 14:24:58, 1.05e-12, 2.13e-10
2018-10-11 14:25:03, 1.07e-12, 2.13e-10
2018-10-11 14:25:07, 1.05e-12, 2.13e-10
2018-10-11 14:25:11, 1.01e-12, 2.13e-10
2018-10-11 14:25:15, 1.14e-12, 2.13e-10
2018-10-11 14:25:19, 1.07e-12, 2.13e-10
2018-10-11 14:25:24, 1.05e-12, 2.13e-10
2018-10-11 14:25:28, 1.07e-12, 2.13e-10
2018-10-11 14:25:32, 1.07e-12, 2.13e-10
2018-10-11 14:25:36, 1.07e-12, 2.13e-10
2018-10-11 14:25:41, 1.09e-12, 2.13e-10
2018-10-11 14:25:45, 1.04e-12, 2.13e-10
2018-10-11 14:25:49, 1.05e-12, 2.13e-10
2018-10-11 14:25:53, 1.12e-12, 2.13e-10
2018-10-11 14:25:57, 1.06e-12, 2.13e-10
2018-10-11 14:26:02, 1.04e-12, 2.13e-10
2018-10-11 14:26:06, 1.11e-12, 2.13e-10
2018-10-11 14:26:10, 1.04e-12, 2.13e-10
2018-10-11 14:26:14, 1.05e-12, 2.13e-10
2018-10-11 14:26:19, 1.03e-12, 2.13e-10
2018-10-11 14:26:23, 1.05e-12, 2.13e-10
2018-10-11 14:26:27, 1.03e-12, 2.13e-10
2018-10-11 14:26:31, 9.95e-13, 2.13e-10
2018-10-11 14:26:35, 1.08e-12, 2.13e-10
2018-10-11 14:26:40, 1.12e-12, 2.13e-10
2018-10-11 14:26:44, 1.06e-12, 2.12e-10
2018-10-11 14:26:48, 1.08e-12, 2.13e-10
2018-10-11 14:26:52, 1.09e-12, 2.13e-10
2018-10-11 14:26:57, 1.11e-12, 2.13e-10
2018-10-11 14:27:01, 1.1e-12, 2.13e-10
2018-10-11 14:27:05, 9.55e-13, 2.13e-10
2018-10-11 14:27:09, 1.12e-12, 2.13e-10
2018-10-11 14:27:13, 1.03e-12, 2.13e-10
2018-10-11 14:27:18, 1.11e-12, 2.13e-10
2018-10-11 14:27:22, 1.04e-12, 2.13e-10
2018-10-11 14:27:26, 1.04e-12, 2.13e-10
2018-10-11 14:27:30, 1.1e-12, 2.13e-10
2018-10-11 14:27:35, 1.09e-12, 2.13e-10
2018-10-11 14:27:39, 1.07e-12, 2.13e-10
2018-10-11 14:27:43, 1.07e-12, 2.14e-10
2018-10-11 14:27:47, 1.07e-12, 2.13e-10
2018-10-11 14:27:51, 1.06e-12, 2.13e-10
2018-10-11 14:27:56, 1.03e-12, 2.13e-10
2018-10-11 14:28:00, 1.05e-12, 2.13e-10
2018-10-11 14:28:04, 1.03e-12, 2.13e-10
2018-10-11 14:28:08, 1.05e-12, 2.13e-10
2018-10-11 14:28:13, 1.09e-12, 2.13e-10
2018-10-11 14:28:17, 1.04e-12, 2.13e-10
2018-10-11 14:28:21, 1.1e-12, 2.13e-10
2018-10-11 14:28:25, 1.1e-12, 2.13e-10
2018-10-11 14:28:29, 1.03e-12, 2.13e-10
2018-10-11 14:28:34, 1.05e-12, 2.13e-10
2018-10-11 14:28:38, 1.01e-12, 2.13e-10
2018-10-11 14:28:42, 1.1e-12, 2.13e-10
2018-10-11 14:28:46, 1.08e-12, 2.13e-10
2018-10-11 14:28:51, 1.07e-12, 2.13e-10
2018-10-11 14:28:55, 1.09e-12, 2.13e-10
2018-10-11 14:28:59, 1.06e-12, 2.13e-10
2018-10-11 14:29:03, 1.03e-12, 2.13e-10
2018-10-11 14:29:07, 1.05e-12, 2.13e-10
2018-10-11 14:29:12, 1.03e-12, 2.13e-10
2018-10-11 14:29:16, 1.13e-12, 2.13e-10
2018-10-11 14:29:20, 1.04e-12, 2.13e-10
2018-10-11 14:29:24, 1.15e-12, 2.13e-10
2018-10-11 14:29:29, 1.04e-12, 2.13e-10
2018-10-11 14:29:33, 1.11e-12, 2.13e-10
2018-10-11 14:29:37, 1.06e-12, 2.13e-10
2018-10-11 14:29:41, 1.12e-12, 2.13e-10
2018-10-11 14:29:45, 1.07e-12, 2.13e-10
2018-10-11 14:29:50, 9.23e-13, 2.13e-10
2018-10-11 14:29:54, 1.04e-12, 2.13e-10
2018-10-11 14:29:58, 1.06e-12, 2.13e-10
2018-10-11 14:30:02, 1.07e-12, 2.13e-10
2018-10-11 14:30:07, 1.09e-12, 2.13e-10
2018-10-11 14:30:11, 1.01e-12, 2.13e-10
2018-10-11 14:30:15, 1.06e-12, 2.13e-10
2018-10-11 14:30:19, 1.02e-12, 2.13e-10
2018-10-11 14:30:23, 1.07e-12, 2.13e-10
2018-10-11 14:30:28, 1.1e-12, 2.13e-10
2018-10-11 14:30:32, 1.1e-12, 2.13e-10
2018-10-11 14:30:36, 1.06e-12, 2.13e-10
2018-10-11 14:30:40, 1.08e-12, 2.13e-10
2018-10-11 14:30:44, 1.02e-12, 2.13e-10
2018-10-11 14:30:49, 1.06e-12, 2.13e-10
2018-10-11 14:30:53, 1.04e-12, 2.13e-10
2018-10-11 14:30:57, 1.09e-12, 2.13e-10
2018-10-11 14:31:01, 1.06e-12, 2.13e-10
2018-10-11 14:31:06, 1.04e-12, 2.13e-10
2018-10-11 14:31:10, 1.08e-12, 2.13e-10
2018-10-11 14:31:14, 1.09e-12, 2.13e-10
2018-10-11 14:31:18, 1.05e-12, 2.13e-10
2018-10-11 14:31:22, 1.05e-12, 2.13e-10
2018-10-11 14:31:27, 1.03e-12, 2.13e-10
2018-10-11 14:31:31, 1.06e-12, 2.13e-10
2018-10-11 14:31:35, 1e-12, 2.13e-10
2018-10-11 14:31:39, 1.06e-12, 2.13e-10
2018-10-11 14:31:44, 1.1e-12, 2.13e-10
2018-10-11 14:31:48, 1.09e-12, 2.13e-10
2018-10-11 14:31:52, 1.06e-12, 2.13e-10
2018-10-11 14:31:56, 9.28e-13, 2.13e-10
2018-10-11 14:32:00, 1.09e-12, 2.13e-10
2018-10-11 14:32:05, 1.08e-12, 2.13e-10
2018-10-11 14:32:09, 1.07e-12, 2.13e-10
2018-10-11 14:32:13, 1.1e-12, 2.13e-10
2018-10-11 14:32:17, 1.01e-12, 2.13e-10
2018-10-11 14:32:22, 1.1e-12, 2.13e-10
2018-10-11 14:32:26, 1.08e-12, 2.13e-10
2018-10-11 14:32:30, 1.02e-12, 2.13e-10
2018-10-11 14:32:34, 1.08e-12, 2.13e-10
2018-10-11 14:32:38, 1.05e-12, 2.13e-10
2018-10-11 14:32:43, 1.04e-12, 2.13e-10
2018-10-11 14:32:47, 1.07e-12, 2.13e-10
2018-10-11 14:32:51, 1.07e-12, 2.13e-10
2018-10-11 14:32:55, 1.1e-12, 2.13e-10
2018-10-11 14:33:00, 1.04e-12, 2.13e-10
2018-10-11 14:33:04, 1.03e-12, 2.13e-10
2018-10-11 14:33:08, 1.07e-12, 2.13e-10
2018-10-11 14:33:12, 1.16e-12, 2.13e-10
2018-10-11 14:33:16, 9.93e-13, 2.13e-10
2018-10-11 14:33:21, 1.07e-12, 2.13e-10
2018-10-11 14:33:25, 1.03e-12, 2.13e-10
2018-10-11 14:33:29, 9.99e-13, 2.13e-10
2018-10-11 14:33:33, 1.08e-12, 2.13e-10
2018-10-11 14:33:38, 1.08e-12, 2.13e-10
2018-10-11 14:33:42, 1.05e-12, 2.13e-10
2018-10-11 14:33:46, 1.04e-12, 2.13e-10
2018-10-11 14:33:50, 1.2e-12, 2.13e-10
2018-10-11 14:33:54, 1.06e-12, 2.13e-10
2018-10-11 14:33:59, 1.05e-12, 2.13e-10
2018-10-11 14:34:03, 9.97e-13, 2.13e-10
2018-10-11 14:34:07, 1.04e-12, 2.13e-10
2018-10-11 14:34:11, 1.03e-12, 2.13e-10
2018-10-11 14:34:16, 1.03e-12, 2.13e-10
2018-10-11 14:34:20, 1.09e-12, 2.13e-10
2018-10-11 14:34:24, 1.04e-12, 2.13e-10
2018-10-11 14:34:28, 1.07e-12, 2.13e-10
2018-10-11 14:34:32, 1.07e-12, 2.13e-10
2018-10-11 14:34:37, 1.07e-12, 2.13e-10
2018-10-11 14:34:41, 1.07e-12, 2.13e-10
2018-10-11 14:34:45, 1.04e-12, 2.13e-10
2018-10-11 14:34:49, 9.2e-13, 2.13e-10
2018-10-11 14:34:54, 1.1e-12, 2.13e-10
2018-10-11 14:34:58, 1.05e-12, 2.13e-10
2018-10-11 14:35:02, 1.08e-12, 2.13e-10
2018-10-11 14:35:06, 1.04e-12, 2.13e-10
2018-10-11 14:35:10, 9.95e-13, 2.13e-10
2018-10-11 14:35:15, 1.11e-12, 2.13e-10
2018-10-11 14:35:19, 1.1e-12, 2.13e-10
2018-10-11 14:35:23, 1.04e-12, 2.13e-10
2018-10-11 14:35:27, 1.06e-12, 2.13e-10
2018-10-11 14:35:31, 1.06e-12, 2.13e-10
2018-10-11 14:35:36, 1.07e-12, 2.13e-10
2018-10-11 14:35:40, 1.13e-12, 2.13e-10
2018-10-11 14:35:44, 1.14e-12, 2.13e-10
2018-10-11 14:35:48, 1.07e-12, 2.13e-10
2018-10-11 14:35:53, 1.04e-12, 2.13e-10
2018-10-11 14:35:57, 1.04e-12, 2.13e-10
2018-10-11 14:36:01, 1.02e-12, 2.13e-10
2018-10-11 14:36:05, 1.09e-12, 2.13e-10
2018-10-11 14:36:09, 1.05e-12, 2.13e-10
2018-10-11 14:36:14, 1.03e-12, 2.13e-10
2018-10-11 14:36:18, 1.02e-12, 2.13e-10
2018-10-11 14:36:22, 1.08e-12, 2.13e-10
2018-10-11 14:36:26, 1.08e-12, 2.13e-10
2018-10-11 14:36:31, 1.09e-12, 2.13e-10
2018-10-11 14:36:35, 1.11e-12, 2.13e-10
2018-10-11 14:36:39, 1.07e-12, 2.13e-10
2018-10-11 14:36:43, 1.03e-12, 2.13e-10
2018-10-11 14:36:48, 1.11e-12, 2.13e-10
2018-10-11 14:36:52, 1.08e-12, 2.13e-10
2018-10-11 14:36:56, 1.04e-12, 2.13e-10
2018-10-11 14:37:00, 1.07e-12, 2.13e-10
2018-10-11 14:37:04, 1.09e-12, 2.13e-10
2018-10-11 14:37:09, 1.02e-12, 2.13e-10
2018-10-11 14:37:13, 1.04e-12, 2.13e-10
2018-10-11 14:37:17, 1.03e-12, 2.13e-10
2018-10-11 14:37:21, 1.07e-12, 2.13e-10
2018-10-11 14:37:26, 1.11e-12, 2.13e-10
2018-10-11 14:37:30, 9.76e-13, 2.13e-10
2018-10-11 14:37:34, 1.09e-12, 2.13e-10
2018-10-11 14:37:38, 1.01e-12, 2.13e-10
2018-10-11 14:37:42, 1.07e-12, 2.13e-10
2018-10-11 14:37:47, 1.14e-12, 2.13e-10
2018-10-11 14:37:51, 1.1e-12, 2.13e-10
2018-10-11 14:37:55, 1.09e-12, 2.13e-10
2018-10-11 14:37:59, 1.08e-12, 2.13e-10
2018-10-11 14:38:04, 1.02e-12, 2.13e-10
2018-10-11 14:38:08, 1.07e-12, 2.13e-10
2018-10-11 14:38:12, 1.08e-12, 2.13e-10
2018-10-11 14:38:16, 1.22e-12, 2.13e-10
2018-10-11 14:38:20, 1.06e-12, 2.13e-10
2018-10-11 14:38:25, 1.12e-12, 2.13e-10
2018-10-11 14:38:29, 1.11e-12, 2.13e-10
2018-10-11 14:38:33, 1.06e-12, 2.13e-10
2018-10-11 14:38:37, 9.76e-13, 2.13e-10
2018-10-11 14:38:42, 9.27e-13, 2.13e-10
2018-10-11 14:38:46, 1.07e-12, 2.13e-10
2018-10-11 14:38:50, 1.12e-12, 2.13e-10
2018-10-11 14:38:54, 1.06e-12, 2.13e-10
2018-10-11 14:38:58, 1.07e-12, 2.13e-10
2018-10-11 14:39:03, 1.03e-12, 2.13e-10
2018-10-11 14:39:07, 1.05e-12, 2.13e-10
2018-10-11 14:39:11, 1.05e-12, 2.13e-10
2018-10-11 14:39:15, 1.1e-12, 2.13e-10
2018-10-11 14:39:20, 1.06e-12, 2.13e-10
2018-10-11 14:39:24, 1.01e-12, 2.13e-10
2018-10-11 14:39:28, 1e-12, 2.13e-10
2018-10-11 14:39:32, 9.89e-13, 2.13e-10
2018-10-11 14:39:36, 1.05e-12, 2.13e-10
2018-10-11 14:39:41, 1.04e-12, 2.13e-10
2018-10-11 14:39:45, 1.03e-12, 2.13e-10
2018-10-11 14:39:49, 1.05e-12, 2.13e-10
2018-10-11 14:39:53, 1.02e-12, 2.13e-10
2018-10-11 14:39:58, 1e-12, 2.13e-10
2018-10-11 14:40:02, 1.04e-12, 2.13e-10
2018-10-11 14:40:06, 1.05e-12, 2.13e-10
2018-10-11 14:40:10, 1.08e-12, 2.13e-10
2018-10-11 14:40:14, 1.13e-12, 2.13e-10
2018-10-11 14:40:19, 9.94e-13, 2.13e-10
2018-10-11 14:40:23, 1.11e-12, 2.13e-10
2018-10-11 14:40:27, 1.05e-12, 2.13e-10
2018-10-11 14:40:31, 1.05e-12, 2.13e-10
2018-10-11 14:40:36, 1.02e-12, 2.13e-10
2018-10-11 14:40:40, 1.03e-12, 2.13e-10
2018-10-11 14:40:44, 1.15e-12, 2.13e-10
2018-10-11 14:40:48, 1.08e-12, 2.13e-10
2018-10-11 14:40:52, 1.02e-12, 2.13e-10
2018-10-11 14:40:57, 1.11e-12, 2.13e-10
2018-10-11 14:41:01, 1.04e-12, 2.13e-10
2018-10-11 14:41:05, 1.06e-12, 2.13e-10
2018-10-11 14:41:09, 1.02e-12, 2.13e-10
2018-10-11 14:41:14, 1.04e-12, 2.13e-10
2018-10-11 14:41:18, 1.11e-12, 2.13e-10
2018-10-11 14:41:22, 1.1e-12, 2.13e-10
2018-10-11 14:41:26, 9.81e-13, 2.13e-10
2018-10-11 14:41:30, 1.04e-12, 2.13e-10
2018-10-11 14:41:35, 1.07e-12, 2.13e-10
2018-10-11 14:41:39, 1.11e-12, 2.13e-10
2018-10-11 14:41:43, 1.14e-12, 2.13e-10
2018-10-11 14:41:47, 1.11e-12, 2.13e-10
2018-10-11 14:41:52, 1.02e-12, 2.13e-10
2018-10-11 14:41:56, 1.09e-12, 2.13e-10
2018-10-11 14:42:00, 1.12e-12, 2.13e-10
2018-10-11 14:42:04, 1.05e-12, 2.13e-10
2018-10-11 14:42:08, 9.77e-13, 2.13e-10
2018-10-11 14:42:13, 1.13e-12, 2.13e-10
2018-10-11 14:42:17, 1.07e-12, 2.13e-10
2018-10-11 14:42:21, 1.09e-12, 2.13e-10
2018-10-11 14:42:25, 1.01e-12, 2.13e-10
2018-10-11 14:42:29, 1.04e-12, 2.13e-10
2018-10-11 14:42:34, 1.05e-12, 2.13e-10
2018-10-11 14:42:38, 1.19e-12, 2.13e-10
2018-10-11 14:42:42, 1.23e-12, 2.13e-10
2018-10-11 14:42:46, 1.08e-12, 2.13e-10
2018-10-11 14:42:51, 1.05e-12, 2.13e-10
2018-10-11 14:42:55, 1.02e-12, 2.13e-10
2018-10-11 14:42:59, 1.09e-12, 2.13e-10
2018-10-11 14:43:03, 1.13e-12, 2.13e-10
2018-10-11 14:43:07, 1.13e-12, 2.13e-10
2018-10-11 14:43:12, 1.1e-12, 2.13e-10
2018-10-11 14:43:16, 1.2e-12, 2.13e-10
2018-10-11 14:43:20, 1.03e-12, 2.13e-10
2018-10-11 14:43:24, 1.06e-12, 2.13e-10
2018-10-11 14:43:29, 1.03e-12, 2.13e-10
2018-10-11 14:43:33, 9.86e-13, 2.14e-10
2018-10-11 14:43:37, 9.85e-13, 2.13e-10
2018-10-11 14:43:41, 1.06e-12, 2.13e-10
2018-10-11 14:43:45, 1.07e-12, 2.13e-10
2018-10-11 14:43:50, 1.04e-12, 2.13e-10
2018-10-11 14:43:54, 1.04e-12, 2.13e-10
2018-10-11 14:43:58, 1.03e-12, 2.13e-10
2018-10-11 14:44:02, 1.04e-12, 2.13e-10
2018-10-11 14:44:07, 1.07e-12, 2.14e-10
2018-10-11 14:44:11, 1.09e-12, 2.13e-10
2018-10-11 14:44:15, 1.07e-12, 2.13e-10
2018-10-11 14:44:19, 1.04e-12, 2.14e-10
2018-10-11 14:44:24, 1.04e-12, 2.13e-10
2018-10-11 14:44:28, 1.06e-12, 2.13e-10
2018-10-11 14:44:32, 1.03e-12, 2.13e-10
2018-10-11 14:44:36, 1.07e-12, 2.14e-10
2018-10-11 14:44:40, 1.18e-12, 2.13e-10
2018-10-11 14:44:45, 1.11e-12, 2.14e-10
2018-10-11 14:44:49, 1.09e-12, 2.13e-10
2018-10-11 14:44:53, 1.08e-12, 2.14e-10
2018-10-11 14:44:57, 1.02e-12, 2.14e-10
2018-10-11 14:45:01, 1.03e-12, 2.13e-10
2018-10-11 14:45:06, 1.09e-12, 2.13e-10
2018-10-11 14:45:10, 1.06e-12, 2.13e-10
2018-10-11 14:45:14, 1.05e-12, 2.13e-10
2018-10-11 14:45:18, 1.05e-12, 2.13e-10
2018-10-11 14:45:23, 9.79e-13, 2.13e-10
2018-10-11 14:45:27, 1.09e-12, 2.13e-10
2018-10-11 14:45:31, 1.09e-12, 2.13e-10
2018-10-11 14:45:35, 1.1e-12, 2.13e-10
2018-10-11 14:45:39, 1.05e-12, 2.14e-10
2018-10-11 14:45:44, 1.04e-12, 2.13e-10
2018-10-11 14:45:48, 1.07e-12, 2.13e-10
2018-10-11 14:45:52, 1.1e-12, 2.13e-10
2018-10-11 14:45:56, 1.08e-12, 2.14e-10
2018-10-11 14:46:01, 1.07e-12, 2.14e-10
2018-10-11 14:46:05, 1.02e-12, 2.13e-10
2018-10-11 14:46:09, 1.09e-12, 2.14e-10
2018-10-11 14:46:13, 1.13e-12, 2.14e-10
2018-10-11 14:46:17, 1.07e-12, 2.13e-10
2018-10-11 14:46:22, 1.05e-12, 2.13e-10
2018-10-11 14:46:26, 1.08e-12, 2.13e-10
2018-10-11 14:46:30, 1.03e-12, 2.13e-10
2018-10-11 14:46:34, 1.06e-12, 2.13e-10
2018-10-11 14:46:39, 9.64e-13, 2.13e-10
2018-10-11 14:46:43, 1.03e-12, 2.14e-10
2018-10-11 14:46:47, 1.06e-12, 2.14e-10
2018-10-11 14:46:51, 1.14e-12, 2.14e-10
2018-10-11 14:46:55, 1.09e-12, 2.14e-10
2018-10-11 14:47:00, 1.09e-12, 2.13e-10
2018-10-11 14:47:04, 9.84e-13, 2.14e-10
2018-10-11 14:47:08, 1.09e-12, 2.14e-10
2018-10-11 14:47:12, 1.14e-12, 2.14e-10
2018-10-11 14:47:17, 1.01e-12, 2.14e-10
2018-10-11 14:47:21, 1.05e-12, 2.14e-10
2018-10-11 14:47:25, 1.1e-12, 2.14e-10
2018-10-11 14:47:29, 1.06e-12, 2.14e-10
2018-10-11 14:47:33, 1.05e-12, 2.14e-10
2018-10-11 14:47:38, 1.07e-12, 2.14e-10
2018-10-11 14:47:42, 1.04e-12, 2.14e-10
2018-10-11 14:47:46, 1.03e-12, 2.14e-10
2018-10-11 14:47:50, 1.16e-12, 2.14e-10
2018-10-11 14:47:55, 1.21e-12, 2.14e-10
2018-10-11 14:47:59, 1.05e-12, 2.13e-10
2018-10-11 14:48:03, 1.06e-12, 2.13e-10
2018-10-11 14:48:07, 1.05e-12, 2.13e-10
2018-10-11 14:48:11, 1.09e-12, 2.14e-10
2018-10-11 14:48:16, 1.12e-12, 2.14e-10
2018-10-11 14:48:20, 1.01e-12, 2.14e-10
2018-10-11 14:48:24, 1.04e-12, 2.14e-10
2018-10-11 14:48:28, 1.03e-12, 2.14e-10
2018-10-11 14:48:33, 1.03e-12, 2.14e-10
2018-10-11 14:48:37, 1.2e-12, 2.14e-10
2018-10-11 14:48:41, 1.07e-12, 2.13e-10
2018-10-11 14:48:45, 1.04e-12, 2.13e-10
2018-10-11 14:48:49, 1.04e-12, 2.13e-10
2018-10-11 14:48:54, 1.09e-12, 2.13e-10
2018-10-11 14:48:58, 1.03e-12, 2.13e-10
2018-10-11 14:49:02, 1.02e-12, 2.13e-10
2018-10-11 14:49:06, 1.17e-12, 2.13e-10
2018-10-11 14:49:11, 1.21e-12, 2.14e-10
2018-10-11 14:49:15, 1.04e-12, 2.14e-10
2018-10-11 14:49:19, 1.03e-12, 2.14e-10
2018-10-11 14:49:23, 1.05e-12, 2.14e-10
2018-10-11 14:49:27, 1.07e-12, 2.14e-10
2018-10-11 14:49:32, 1.06e-12, 2.14e-10
2018-10-11 14:49:36, 1.1e-12, 2.14e-10
2018-10-11 14:49:40, 1.06e-12, 2.14e-10
2018-10-11 14:49:44, 1.1e-12, 2.14e-10
2018-10-11 14:49:48, 1.02e-12, 2.14e-10
2018-10-11 14:49:53, 1.06e-12, 2.14e-10
2018-10-11 14:49:57, 1.1e-12, 2.14e-10
2018-10-11 14:50:01, 1.08e-12, 2.14e-10
2018-10-11 14:50:05, 1.05e-12, 2.14e-10
2018-10-11 14:50:10, 1.09e-12, 2.13e-10
2018-10-11 14:50:14, 1.1e-12, 2.13e-10
2018-10-11 14:50:18, 1.21e-12, 2.13e-10
2018-10-11 14:50:22, 1.07e-12, 2.13e-10
2018-10-11 14:50:26, 1.13e-12, 2.14e-10
2018-10-11 14:50:31, 1.06e-12, 2.14e-10
2018-10-11 14:50:35, 1.12e-12, 2.14e-10
2018-10-11 14:50:39, 9.57e-13, 2.14e-10
2018-10-11 14:50:43, 1.08e-12, 2.14e-10
2018-10-11 14:50:48, 1.03e-12, 2.14e-10
2018-10-11 14:50:52, 1.03e-12, 2.14e-10
2018-10-11 14:50:56, 1.11e-12, 2.14e-10
2018-10-11 14:51:00, 1.05e-12, 2.14e-10
2018-10-11 14:51:04, 1.06e-12, 2.14e-10
2018-10-11 14:51:09, 1.1e-12, 2.14e-10
2018-10-11 14:51:13, 1.1e-12, 2.14e-10
2018-10-11 14:51:17, 1.09e-12, 2.14e-10
2018-10-11 14:51:21, 1e-12, 2.14e-10
2018-10-11 14:51:26, 1.06e-12, 2.14e-10
2018-10-11 14:51:30, 1.09e-12, 2.14e-10
2018-10-11 14:51:34, 1.06e-12, 2.14e-10
2018-10-11 14:51:38, 1.04e-12, 2.14e-10
2018-10-11 14:51:42, 1.03e-12, 2.14e-10
2018-10-11 14:51:47, 1.08e-12, 2.14e-10
2018-10-11 14:51:51, 1.05e-12, 2.14e-10
2018-10-11 14:51:55, 1.06e-12, 2.14e-10
2018-10-11 14:51:59, 1.07e-12, 2.14e-10
2018-10-11 14:52:04, 1.1e-12, 2.14e-10
2018-10-11 14:52:08, 1.12e-12, 2.14e-10
2018-10-11 14:52:12, 1.03e-12, 2.13e-10
2018-10-11 14:52:16, 1.02e-12, 2.13e-10
2018-10-11 14:52:20, 1.07e-12, 2.14e-10
2018-10-11 14:52:25, 1.04e-12, 2.13e-10
2018-10-11 14:52:29, 1.02e-12, 2.14e-10
2018-10-11 14:52:33, 1.02e-12, 2.14e-10
2018-10-11 14:52:37, 1.12e-12, 2.14e-10
2018-10-11 14:52:42, 1.07e-12, 2.13e-10
2018-10-11 14:52:46, 1.01e-12, 2.14e-10
2018-10-11 14:52:50, 1.13e-12, 2.14e-10
2018-10-11 14:52:54, 1e-12, 2.14e-10
2018-10-11 14:52:58, 1.02e-12, 2.14e-10
2018-10-11 14:53:03, 1.09e-12, 2.14e-10
2018-10-11 14:53:07, 1.17e-12, 2.14e-10
2018-10-11 14:53:11, 1.11e-12, 2.14e-10
2018-10-11 14:53:15, 1.1e-12, 2.14e-10
2018-10-11 14:53:20, 1.08e-12, 2.13e-10
2018-10-11 14:53:24, 1.04e-12, 2.13e-10
2018-10-11 14:53:28, 1.21e-12, 2.13e-10
2018-10-11 14:53:32, 1.06e-12, 2.13e-10
2018-10-11 14:53:36, 1.09e-12, 2.13e-10
2018-10-11 14:53:41, 1.01e-12, 2.13e-10
2018-10-11 14:53:45, 1.06e-12, 2.13e-10
2018-10-11 14:53:49, 1.07e-12, 2.13e-10
2018-10-11 14:53:53, 1.07e-12, 2.13e-10
2018-10-11 14:53:58, 1.06e-12, 2.13e-10
2018-10-11 14:54:02, 1.07e-12, 2.13e-10
2018-10-11 14:54:06, 1.08e-12, 2.13e-10
2018-10-11 14:54:10, 1.12e-12, 2.14e-10
2018-10-11 14:54:14, 1.09e-12, 2.13e-10
2018-10-11 14:54:19, 1.07e-12, 2.13e-10
2018-10-11 14:54:23, 1.14e-12, 2.13e-10
2018-10-11 14:54:27, 1.1e-12, 2.13e-10
2018-10-11 14:54:31, 1.09e-12, 2.13e-10
2018-10-11 14:54:36, 1.01e-12, 2.13e-10
2018-10-11 14:54:40, 1.12e-12, 2.13e-10
2018-10-11 14:54:44, 1.04e-12, 2.13e-10
2018-10-11 14:54:48, 1.13e-12, 2.13e-10
2018-10-11 14:54:52, 1.07e-12, 2.13e-10
2018-10-11 14:54:57, 1.08e-12, 2.13e-10
2018-10-11 14:55:01, 1.05e-12, 2.13e-10
2018-10-11 14:55:05, 9.91e-13, 2.14e-10
2018-10-11 14:55:09, 9.27e-13, 2.14e-10
2018-10-11 14:55:14, 1.08e-12, 2.13e-10
2018-10-11 14:55:18, 1.14e-12, 2.13e-10
2018-10-11 14:55:22, 1.06e-12, 2.13e-10
2018-10-11 14:55:26, 1.11e-12, 2.13e-10
2018-10-11 14:55:30, 9.12e-13, 2.13e-10
2018-10-11 14:55:35, 1.03e-12, 2.14e-10
2018-10-11 14:55:39, 1.11e-12, 2.13e-10
2018-10-11 14:55:43, 1.02e-12, 2.14e-10
2018-10-11 14:55:47, 1.11e-12, 2.13e-10
2018-10-11 14:55:51, 9.29e-13, 2.13e-10
2018-10-11 14:55:56, 1.03e-12, 2.13e-10
2018-10-11 14:56:00, 1.07e-12, 2.14e-10
2018-10-11 14:56:04, 1.07e-12, 2.13e-10
2018-10-11 14:56:08, 9.82e-13, 2.13e-10
2018-10-11 14:56:13, 1.13e-12, 2.13e-10
2018-10-11 14:56:17, 1.09e-12, 2.14e-10
2018-10-11 14:56:21, 1.08e-12, 2.13e-10
2018-10-11 14:56:25, 1.01e-12, 2.14e-10
2018-10-11 14:56:29, 9.78e-13, 2.13e-10
2018-10-11 14:56:34, 1.13e-12, 2.14e-10
2018-10-11 14:56:38, 1.06e-12, 2.13e-10
2018-10-11 14:56:42, 1.11e-12, 2.14e-10
2018-10-11 14:56:46, 1.01e-12, 2.13e-10
2018-10-11 14:56:51, 1.16e-12, 2.13e-10
2018-10-11 14:56:55, 1.16e-12, 2.13e-10
2018-10-11 14:56:59, 1.13e-12, 2.14e-10
2018-10-11 14:57:03, 1.05e-12, 2.14e-10
2018-10-11 14:57:07, 1.06e-12, 2.14e-10
2018-10-11 14:57:12, 1.08e-12, 2.13e-10
2018-10-11 14:57:16, 1.06e-12, 2.13e-10
2018-10-11 14:57:20, 1.06e-12, 2.13e-10
2018-10-11 14:57:24, 1.02e-12, 2.13e-10
2018-10-11 14:57:29, 1.05e-12, 2.13e-10
2018-10-11 14:57:33, 1.03e-12, 2.13e-10
2018-10-11 14:57:37, 1.06e-12, 2.13e-10
2018-10-11 14:57:41, 1.04e-12, 2.13e-10
2018-10-11 14:57:45, 1.11e-12, 2.13e-10
2018-10-11 14:57:50, 1.13e-12, 2.13e-10
2018-10-11 14:57:54, 1.04e-12, 2.13e-10
2018-10-11 14:57:58, 1.06e-12, 2.13e-10
2018-10-11 14:58:02, 1.05e-12, 2.14e-10
2018-10-11 14:58:07, 9.96e-13, 2.13e-10
2018-10-11 14:58:11, 9.74e-13, 2.13e-10
2018-10-11 14:58:15, 1.05e-12, 2.13e-10
2018-10-11 14:58:19, 1.07e-12, 2.13e-10
2018-10-11 14:58:23, 1.06e-12, 2.13e-10
2018-10-11 14:58:28, 1.09e-12, 2.13e-10
2018-10-11 14:58:32, 1.06e-12, 2.13e-10
2018-10-11 14:58:36, 1.09e-12, 2.13e-10
2018-10-11 14:58:40, 1.03e-12, 2.13e-10
2018-10-11 14:58:45, 1.09e-12, 2.13e-10
2018-10-11 14:58:49, 1.07e-12, 2.14e-10
2018-10-11 14:58:53, 1.02e-12, 2.13e-10
2018-10-11 14:58:57, 1e-12, 2.14e-10
2018-10-11 14:59:01, 1.08e-12, 2.13e-10
2018-10-11 14:59:06, 1.06e-12, 2.13e-10
2018-10-11 14:59:10, 9.11e-13, 2.13e-10
2018-10-11 14:59:14, 1.03e-12, 2.13e-10
2018-10-11 14:59:18, 1.07e-12, 2.13e-10
2018-10-11 14:59:23, 1.04e-12, 2.13e-10
2018-10-11 14:59:27, 1.06e-12, 2.13e-10
2018-10-11 14:59:31, 1.07e-12, 2.13e-10
2018-10-11 14:59:35, 1.04e-12, 2.14e-10
2018-10-11 14:59:39, 1.06e-12, 2.13e-10
2018-10-11 14:59:44, 1.07e-12, 2.13e-10
2018-10-11 14:59:48, 1.1e-12, 2.13e-10
2018-10-11 14:59:52, 1.04e-12, 2.13e-10
2018-10-11 14:59:56, 1.14e-12, 2.13e-10
2018-10-11 15:00:01, 1.07e-12, 2.13e-10
2018-10-11 15:00:05, 1.08e-12, 2.13e-10
2018-10-11 15:00:09, 1.08e-12, 2.13e-10
2018-10-11 15:00:13, 9.68e-13, 2.13e-10
2018-10-11 15:00:17, 9.69e-13, 2.13e-10
2018-10-11 15:00:22, 1.07e-12, 2.13e-10
2018-10-11 15:00:26, 9.98e-13, 2.14e-10
2018-10-11 15:00:30, 1.05e-12, 2.13e-10
2018-10-11 15:00:34, 1.05e-12, 2.13e-10
2018-10-11 15:00:39, 1.1e-12, 2.13e-10
2018-10-11 15:00:43, 1.08e-12, 2.13e-10
2018-10-11 15:00:47, 9.95e-13, 2.13e-10
2018-10-11 15:00:51, 1.09e-12, 2.13e-10
2018-10-11 15:00:55, 1.08e-12, 2.13e-10
2018-10-11 15:01:00, 1.03e-12, 2.14e-10
2018-10-11 15:01:04, 1.08e-12, 2.13e-10
2018-10-11 15:01:08, 1.06e-12, 2.14e-10
2018-10-11 15:01:12, 1.05e-12, 2.13e-10
2018-10-11 15:01:17, 1.02e-12, 2.13e-10
2018-10-11 15:01:21, 1.08e-12, 2.13e-10
2018-10-11 15:01:25, 1.11e-12, 2.13e-10
2018-10-11 15:01:29, 1.1e-12, 2.13e-10
2018-10-11 15:01:33, 1.09e-12, 2.13e-10
2018-10-11 15:01:38, 1.03e-12, 2.13e-10
2018-10-11 15:01:42, 1.07e-12, 2.13e-10
2018-10-11 15:01:46, 1.05e-12, 2.13e-10
2018-10-11 15:01:50, 1.06e-12, 2.13e-10
2018-10-11 15:01:55, 1.05e-12, 2.13e-10
2018-10-11 15:01:59, 1.03e-12, 2.14e-10
2018-10-11 15:02:03, 1.04e-12, 2.13e-10
2018-10-11 15:02:07, 1.08e-12, 2.14e-10
2018-10-11 15:02:11, 1.14e-12, 2.13e-10
2018-10-11 15:02:16, 1.08e-12, 2.13e-10
2018-10-11 15:02:20, 1.04e-12, 2.14e-10
2018-10-11 15:02:24, 1.05e-12, 2.13e-10
2018-10-11 15:02:28, 1.07e-12, 2.13e-10
2018-10-11 15:02:33, 1.11e-12, 2.13e-10
2018-10-11 15:02:37, 1.07e-12, 2.13e-10
2018-10-11 15:02:41, 1.07e-12, 2.14e-10
2018-10-11 15:02:45, 1.03e-12, 2.13e-10
2018-10-11 15:02:49, 1.13e-12, 2.13e-10
2018-10-11 15:02:54, 1.02e-12, 2.13e-10
2018-10-11 15:02:58, 1.07e-12, 2.13e-10
2018-10-11 15:03:02, 1.08e-12, 2.13e-10
2018-10-11 15:03:06, 1.04e-12, 2.13e-10
2018-10-11 15:03:11, 1.07e-12, 2.13e-10
2018-10-11 15:03:15, 1.12e-12, 2.13e-10
2018-10-11 15:03:19, 9.77e-13, 2.13e-10
2018-10-11 15:03:23, 1.04e-12, 2.14e-10
2018-10-11 15:03:27, 1.03e-12, 2.13e-10
2018-10-11 15:03:32, 1.13e-12, 2.14e-10
2018-10-11 15:03:36, 1.12e-12, 2.14e-10
2018-10-11 15:03:40, 1.04e-12, 2.13e-10
2018-10-11 15:03:44, 1.06e-12, 2.14e-10
2018-10-11 15:03:49, 9.69e-13, 2.14e-10
2018-10-11 15:03:53, 1.03e-12, 2.13e-10
2018-10-11 15:03:57, 1.13e-12, 2.13e-10
2018-10-11 15:04:01, 1.04e-12, 2.14e-10
2018-10-11 15:04:05, 1.1e-12, 2.13e-10
2018-10-11 15:04:10, 1.1e-12, 2.13e-10
2018-10-11 15:04:14, 1.09e-12, 2.14e-10
2018-10-11 15:04:18, 1.1e-12, 2.13e-10
2018-10-11 15:04:22, 1.02e-12, 2.13e-10
2018-10-11 15:04:27, 1.1e-12, 2.13e-10
2018-10-11 15:04:31, 1.04e-12, 2.13e-10
2018-10-11 15:04:35, 1.06e-12, 2.13e-10
2018-10-11 15:04:39, 1.14e-12, 2.14e-10
2018-10-11 15:04:43, 1.07e-12, 2.13e-10
2018-10-11 15:04:48, 1.13e-12, 2.13e-10
2018-10-11 15:04:52, 1.08e-12, 2.13e-10
2018-10-11 15:04:56, 9.92e-13, 2.13e-10
2018-10-11 15:05:00, 1.1e-12, 2.13e-10
2018-10-11 15:05:05, 1.01e-12, 2.13e-10
2018-10-11 15:05:09, 1.04e-12, 2.13e-10
2018-10-11 15:05:13, 1.08e-12, 2.14e-10
2018-10-11 15:05:17, 1.04e-12, 2.13e-10
2018-10-11 15:05:21, 1.14e-12, 2.13e-10
2018-10-11 15:05:26, 1.1e-12, 2.13e-10
2018-10-11 15:05:30, 1.09e-12, 2.13e-10
2018-10-11 15:05:34, 1.07e-12, 2.14e-10
2018-10-11 15:05:38, 1.05e-12, 2.14e-10
2018-10-11 15:05:43, 1e-12, 2.14e-10
2018-10-11 15:05:47, 1.01e-12, 2.14e-10
2018-10-11 15:05:51, 1.08e-12, 2.14e-10
2018-10-11 15:05:55, 1.06e-12, 2.14e-10
2018-10-11 15:05:59, 1.08e-12, 2.14e-10
2018-10-11 15:06:04, 1.12e-12, 2.14e-10
2018-10-11 15:06:08, 1.09e-12, 2.14e-10
2018-10-11 15:06:12, 1.05e-12, 2.14e-10
2018-10-11 15:06:16, 1.08e-12, 2.14e-10
2018-10-11 15:06:21, 1.1e-12, 2.13e-10
2018-10-11 15:06:25, 1.09e-12, 2.14e-10
2018-10-11 15:06:29, 1.16e-12, 2.14e-10
2018-10-11 15:06:33, 1.14e-12, 2.14e-10
2018-10-11 15:06:37, 1.01e-12, 2.14e-10
2018-10-11 15:06:42, 1.06e-12, 2.13e-10
2018-10-11 15:06:46, 1.02e-12, 2.13e-10
2018-10-11 15:06:50, 1.04e-12, 2.14e-10
2018-10-11 15:06:54, 1.09e-12, 2.14e-10
2018-10-11 15:06:59, 1.08e-12, 2.14e-10
2018-10-11 15:07:03, 1.05e-12, 2.14e-10
2018-10-11 15:07:07, 1.1e-12, 2.14e-10
2018-10-11 15:07:11, 1e-12, 2.13e-10
2018-10-11 15:07:15, 1.03e-12, 2.14e-10
2018-10-11 15:07:20, 1.05e-12, 2.14e-10
2018-10-11 15:07:24, 1.04e-12, 2.14e-10
2018-10-11 15:07:28, 1.07e-12, 2.14e-10
2018-10-11 15:07:32, 1.08e-12, 2.14e-10
2018-10-11 15:07:36, 1.07e-12, 2.14e-10
2018-10-11 15:07:41, 1.05e-12, 2.14e-10
2018-10-11 15:07:45, 1.03e-12, 2.13e-10
2018-10-11 15:07:49, 1.12e-12, 2.14e-10
2018-10-11 15:07:53, 1.01e-12, 2.13e-10
2018-10-11 15:07:58, 1.01e-12, 2.14e-10
2018-10-11 15:08:02, 1.07e-12, 2.14e-10
2018-10-11 15:08:06, 1.08e-12, 2.14e-10
2018-10-11 15:08:10, 1.04e-12, 2.13e-10
2018-10-11 15:08:14, 1.07e-12, 2.13e-10
2018-10-11 15:08:19, 1.08e-12, 2.13e-10
2018-10-11 15:08:23, 1.1e-12, 2.13e-10
2018-10-11 15:08:27, 1.11e-12, 2.14e-10
2018-10-11 15:08:31, 1.07e-12, 2.14e-10
2018-10-11 15:08:36, 1.05e-12, 2.14e-10
2018-10-11 15:08:40, 1.01e-12, 2.14e-10
2018-10-11 15:08:44, 1.06e-12, 2.13e-10
2018-10-11 15:08:48, 1.01e-12, 2.14e-10
2018-10-11 15:08:52, 1.09e-12, 2.14e-10
2018-10-11 15:08:57, 1.08e-12, 2.14e-10
2018-10-11 15:09:01, 1.09e-12, 2.14e-10
2018-10-11 15:09:05, 1.07e-12, 2.14e-10
2018-10-11 15:09:09, 1.14e-12, 2.14e-10
2018-10-11 15:09:14, 1.09e-12, 2.13e-10
2018-10-11 15:09:18, 1.08e-12, 2.14e-10
2018-10-11 15:09:22, 1.09e-12, 2.14e-10
2018-10-11 15:09:26, 1.13e-12, 2.14e-10
2018-10-11 15:09:30, 1.08e-12, 2.14e-10
2018-10-11 15:09:35, 1.07e-12, 2.14e-10
2018-10-11 15:09:39, 1.08e-12, 2.14e-10
2018-10-11 15:09:43, 1.12e-12, 2.14e-10
2018-10-11 15:09:47, 1.14e-12, 2.14e-10
2018-10-11 15:09:52, 1.04e-12, 2.14e-10
2018-10-11 15:09:56, 1.08e-12, 2.14e-10
2018-10-11 15:10:00, 1.07e-12, 2.14e-10
2018-10-11 15:10:04, 1.17e-12, 2.14e-10
2018-10-11 15:10:08, 1.11e-12, 2.14e-10
2018-10-11 15:10:13, 1.07e-12, 2.14e-10
2018-10-11 15:10:17, 1.04e-12, 2.13e-10
2018-10-11 15:10:21, 9.6e-13, 2.14e-10
2018-10-11 15:10:25, 1.03e-12, 2.14e-10
2018-10-11 15:10:30, 1.12e-12, 2.14e-10
2018-10-11 15:10:34, 1.06e-12, 2.14e-10
2018-10-11 15:10:38, 1.06e-12, 2.14e-10
2018-10-11 15:10:42, 1.07e-12, 2.14e-10
2018-10-11 15:10:46, 1.05e-12, 2.14e-10
2018-10-11 15:10:51, 1.08e-12, 2.14e-10
2018-10-11 15:10:55, 1.08e-12, 2.14e-10
2018-10-11 15:10:59, 1.03e-12, 2.14e-10
2018-10-11 15:11:03, 1.02e-12, 2.14e-10
2018-10-11 15:11:08, 1.13e-12, 2.14e-10
2018-10-11 15:11:12, 1.05e-12, 2.14e-10
2018-10-11 15:11:16, 1.1e-12, 2.14e-10
2018-10-11 15:11:20, 1.07e-12, 2.14e-10
2018-10-11 15:11:24, 9.81e-13, 2.14e-10
2018-10-11 15:11:29, 1.1e-12, 2.14e-10
2018-10-11 15:11:33, 1.08e-12, 2.14e-10
2018-10-11 15:11:37, 1.07e-12, 2.14e-10
2018-10-11 15:11:41, 1.16e-12, 2.14e-10
2018-10-11 15:11:46, 1.07e-12, 2.13e-10
2018-10-11 15:11:50, 1.14e-12, 2.14e-10
2018-10-11 15:11:54, 1.1e-12, 2.14e-10
2018-10-11 15:11:58, 1.26e-12, 2.14e-10
2018-10-11 15:12:02, 1.07e-12, 2.14e-10
2018-10-11 15:12:07, 1.05e-12, 2.14e-10
2018-10-11 15:12:11, 1.03e-12, 2.14e-10
2018-10-11 15:12:15, 1.03e-12, 2.14e-10
2018-10-11 15:12:19, 1.13e-12, 2.14e-10
2018-10-11 15:12:24, 9.57e-13, 2.14e-10
2018-10-11 15:12:28, 1.09e-12, 2.14e-10
2018-10-11 15:12:32, 1.09e-12, 2.13e-10
2018-10-11 15:12:36, 1.06e-12, 2.14e-10
2018-10-11 15:12:40, 1.02e-12, 2.14e-10
2018-10-11 15:12:45, 1.15e-12, 2.14e-10
2018-10-11 15:12:49, 1.1e-12, 2.14e-10
2018-10-11 15:12:53, 1.05e-12, 2.14e-10
2018-10-11 15:12:57, 1.14e-12, 2.13e-10
2018-10-11 15:13:02, 1.03e-12, 2.13e-10
2018-10-11 15:13:06, 1.07e-12, 2.14e-10
2018-10-11 15:13:10, 1.1e-12, 2.14e-10
2018-10-11 15:13:14, 1.03e-12, 2.13e-10
2018-10-11 15:13:18, 8.92e-13, 2.14e-10
2018-10-11 15:13:23, 1.04e-12, 2.14e-10
2018-10-11 15:13:27, 1.02e-12, 2.14e-10
2018-10-11 15:13:31, 9.27e-13, 2.14e-10
2018-10-11 15:13:35, 1.07e-12, 2.14e-10
2018-10-11 15:13:39, 1.02e-12, 2.13e-10
2018-10-11 15:13:44, 1.1e-12, 2.13e-10
2018-10-11 15:13:48, 1.11e-12, 2.14e-10
2018-10-11 15:13:52, 1.11e-12, 2.13e-10
2018-10-11 15:13:56, 1.09e-12, 2.13e-10
2018-10-11 15:14:01, 1.07e-12, 2.15e-10
2018-10-11 15:14:05, 1.06e-12, 2.14e-10
2018-10-11 15:14:09, 1.07e-12, 2.13e-10
2018-10-11 15:14:13, 1.11e-12, 2.14e-10
2018-10-11 15:14:17, 1.18e-12, 2.13e-10
2018-10-11 15:14:22, 9.4e-13, 2.14e-10
2018-10-11 15:14:26, 1.08e-12, 2.13e-10
2018-10-11 15:14:30, 1.07e-12, 2.13e-10
2018-10-11 15:14:34, 1.08e-12, 2.13e-10
2018-10-11 15:14:39, 9.89e-13, 2.13e-10
2018-10-11 15:14:43, 1.07e-12, 2.13e-10
2018-10-11 15:14:47, 9.97e-13, 2.14e-10
2018-10-11 15:14:51, 1.11e-12, 2.13e-10
2018-10-11 15:14:55, 1.08e-12, 2.13e-10
2018-10-11 15:15:00, 1.11e-12, 2.13e-10
2018-10-11 15:15:04, 1.13e-12, 2.14e-10
2018-10-11 15:15:08, 1.04e-12, 2.13e-10
2018-10-11 15:15:12, 1.11e-12, 2.13e-10
2018-10-11 15:15:17, 1.1e-12, 2.14e-10
2018-10-11 15:15:21, 1.01e-12, 2.14e-10
2018-10-11 15:15:25, 1.04e-12, 2.14e-10
2018-10-11 15:15:29, 1.09e-12, 2.14e-10
2018-10-11 15:15:33, 1.08e-12, 2.13e-10
2018-10-11 15:15:38, 1.04e-12, 2.13e-10
2018-10-11 15:15:42, 1.1e-12, 2.13e-10
2018-10-11 15:15:46, 1.05e-12, 2.13e-10
2018-10-11 15:15:50, 1.05e-12, 2.13e-10
2018-10-11 15:15:55, 1.11e-12, 2.15e-10
2018-10-11 15:15:59, 1.09e-12, 2.15e-10
2018-10-11 15:16:03, 1.05e-12, 2.14e-10
2018-10-11 15:16:07, 1.09e-12, 2.15e-10
2018-10-11 15:16:11, 1.1e-12, 2.15e-10
2018-10-11 15:16:16, 1.07e-12, 2.14e-10
2018-10-11 15:16:20, 1.1e-12, 2.13e-10
2018-10-11 15:16:24, 1.05e-12, 2.13e-10
2018-10-11 15:16:28, 1.09e-12, 2.13e-10
2018-10-11 15:16:33, 1.08e-12, 2.13e-10
2018-10-11 15:16:37, 1.05e-12, 2.13e-10
2018-10-11 15:16:41, 1.09e-12, 2.13e-10
2018-10-11 15:16:45, 1.03e-12, 2.13e-10
2018-10-11 15:16:49, 1.23e-12, 2.13e-10
2018-10-11 15:16:54, 1.03e-12, 2.13e-10
2018-10-11 15:16:58, 1.03e-12, 2.13e-10
2018-10-11 15:17:02, 1.13e-12, 2.13e-10
2018-10-11 15:17:06, 1.07e-12, 2.13e-10
2018-10-11 15:17:11, 1.04e-12, 2.13e-10
2018-10-11 15:17:15, 1.05e-12, 2.13e-10
2018-10-11 15:17:19, 1.07e-12, 2.13e-10
2018-10-11 15:17:23, 1.11e-12, 2.15e-10
2018-10-11 15:17:27, 1.07e-12, 2.15e-10
2018-10-11 15:17:32, 1.11e-12, 2.13e-10
2018-10-11 15:17:36, 1.12e-12, 2.14e-10
2018-10-11 15:17:40, 1.15e-12, 2.13e-10
2018-10-11 15:17:44, 1.07e-12, 2.13e-10
2018-10-11 15:17:49, 1.19e-12, 2.13e-10
2018-10-11 15:17:53, 1.07e-12, 2.13e-10
2018-10-11 15:17:57, 1.07e-12, 2.13e-10
2018-10-11 15:18:01, 1.17e-12, 2.15e-10
2018-10-11 15:18:05, 1.15e-12, 2.15e-10
2018-10-11 15:18:10, 1.04e-12, 2.13e-10
2018-10-11 15:18:14, 1.08e-12, 2.13e-10
2018-10-11 15:18:18, 1.08e-12, 2.13e-10
2018-10-11 15:18:22, 1.19e-12, 2.13e-10
2018-10-11 15:18:27, 1.11e-12, 2.14e-10
2018-10-11 15:18:31, 1.05e-12, 2.14e-10
2018-10-11 15:18:35, 1.05e-12, 2.13e-10
2018-10-11 15:18:39, 1.05e-12, 2.14e-10
2018-10-11 15:18:43, 1.19e-12, 2.14e-10
2018-10-11 15:18:48, 1.1e-12, 2.13e-10
2018-10-11 15:18:52, 1.08e-12, 2.14e-10
2018-10-11 15:18:56, 1.02e-12, 2.14e-10
2018-10-11 15:19:00, 1.05e-12, 2.13e-10
2018-10-11 15:19:05, 1.12e-12, 2.14e-10
2018-10-11 15:19:09, 1.09e-12, 2.14e-10
2018-10-11 15:19:13, 1.07e-12, 2.13e-10
2018-10-11 15:19:17, 1.08e-12, 2.13e-10
2018-10-11 15:19:21, 1.03e-12, 2.14e-10
2018-10-11 15:19:26, 9.95e-13, 2.13e-10
2018-10-11 15:19:30, 1.14e-12, 2.14e-10
2018-10-11 15:19:34, 1.07e-12, 2.14e-10
2018-10-11 15:19:38, 1.03e-12, 2.13e-10
2018-10-11 15:19:42, 1.08e-12, 2.14e-10
2018-10-11 15:19:47, 1.07e-12, 2.14e-10
2018-10-11 15:19:51, 1.07e-12, 2.13e-10
2018-10-11 15:19:55, 1.09e-12, 2.14e-10
2018-10-11 15:19:59, 1.04e-12, 2.14e-10
2018-10-11 15:20:04, 1.12e-12, 2.13e-10
2018-10-11 15:20:08, 1.07e-12, 2.14e-10
2018-10-11 15:20:12, 1.03e-12, 2.14e-10
2018-10-11 15:20:16, 1.07e-12, 2.13e-10
2018-10-11 15:20:20, 1.27e-12, 2.14e-10
2018-10-11 15:20:25, 1.08e-12, 2.14e-10
2018-10-11 15:20:29, 1.1e-12, 2.14e-10
2018-10-11 15:20:33, 9.86e-13, 2.14e-10
2018-10-11 15:20:37, 1.03e-12, 2.14e-10
2018-10-11 15:20:42, 1.08e-12, 2.13e-10
2018-10-11 15:20:46, 1.07e-12, 2.14e-10
2018-10-11 15:20:50, 1.07e-12, 2.14e-10
2018-10-11 15:20:54, 1.02e-12, 2.13e-10
2018-10-11 15:20:58, 1.12e-12, 2.14e-10
2018-10-11 15:21:03, 1.08e-12, 2.14e-10
2018-10-11 15:21:07, 1.23e-12, 2.13e-10
2018-10-11 15:21:11, 1.07e-12, 2.14e-10
2018-10-11 15:21:15, 1.03e-12, 2.14e-10
2018-10-11 15:21:20, 1.03e-12, 2.14e-10
2018-10-11 15:21:24, 1.07e-12, 2.14e-10
2018-10-11 15:21:28, 1.08e-12, 2.14e-10
2018-10-11 15:21:32, 1.11e-12, 2.13e-10
2018-10-11 15:21:36, 1.12e-12, 2.13e-10
2018-10-11 15:21:41, 1.04e-12, 2.14e-10
2018-10-11 15:21:45, 1.15e-12, 2.13e-10
2018-10-11 15:21:49, 1.05e-12, 2.14e-10
2018-10-11 15:21:53, 1.08e-12, 2.13e-10
2018-10-11 15:21:58, 1.1e-12, 2.13e-10
2018-10-11 15:22:02, 1.08e-12, 2.13e-10
2018-10-11 15:22:06, 1.05e-12, 2.14e-10
2018-10-11 15:22:10, 1.06e-12, 2.13e-10
2018-10-11 15:22:14, 1.08e-12, 2.14e-10
2018-10-11 15:22:19, 1.15e-12, 2.13e-10
2018-10-11 15:22:23, 1.11e-12, 2.13e-10
2018-10-11 15:22:27, 1.04e-12, 2.14e-10
2018-10-11 15:22:31, 1.1e-12, 2.14e-10
2018-10-11 15:22:36, 1.1e-12, 2.13e-10
2018-10-11 15:22:40, 1.04e-12, 2.14e-10
2018-10-11 15:22:44, 1.07e-12, 2.13e-10
2018-10-11 15:22:48, 1.14e-12, 2.13e-10
2018-10-11 15:22:52, 1.03e-12, 2.13e-10
2018-10-11 15:22:57, 1.06e-12, 2.13e-10
2018-10-11 15:23:01, 1.05e-12, 2.13e-10
2018-10-11 15:23:05, 1.08e-12, 2.15e-10
2018-10-11 15:23:09, 1.14e-12, 2.15e-10
2018-10-11 15:23:14, 1.11e-12, 2.13e-10
2018-10-11 15:23:18, 1.04e-12, 2.14e-10
2018-10-11 15:23:22, 1.07e-12, 2.14e-10
2018-10-11 15:23:26, 1.16e-12, 2.13e-10
2018-10-11 15:23:30, 1.02e-12, 2.14e-10
2018-10-11 15:23:35, 1.05e-12, 2.14e-10
2018-10-11 15:23:39, 1.21e-12, 2.13e-10
2018-10-11 15:23:43, 1.02e-12, 2.13e-10
2018-10-11 15:23:47, 1.09e-12, 2.14e-10
2018-10-11 15:23:52, 1.05e-12, 2.13e-10
2018-10-11 15:23:56, 1.05e-12, 2.13e-10
2018-10-11 15:24:00, 1.15e-12, 2.13e-10
2018-10-11 15:24:04, 1.09e-12, 2.13e-10
2018-10-11 15:24:08, 1.09e-12, 2.14e-10
2018-10-11 15:24:13, 1.06e-12, 2.14e-10
2018-10-11 15:24:17, 1.04e-12, 2.13e-10
2018-10-11 15:24:21, 1.03e-12, 2.14e-10
2018-10-11 15:24:25, 9.98e-13, 2.13e-10
2018-10-11 15:24:30, 1.16e-12, 2.13e-10
2018-10-11 15:24:34, 9.97e-13, 2.14e-10
2018-10-11 15:24:38, 1.04e-12, 2.14e-10
2018-10-11 15:24:42, 1.07e-12, 2.13e-10
2018-10-11 15:24:46, 1.13e-12, 2.13e-10
2018-10-11 15:24:51, 1.1e-12, 2.13e-10
2018-10-11 15:24:55, 1.1e-12, 2.13e-10
2018-10-11 15:24:59, 1.09e-12, 2.13e-10
2018-10-11 15:25:03, 1.13e-12, 2.13e-10
2018-10-11 15:25:08, 1.09e-12, 2.13e-10
2018-10-11 15:25:12, 1.1e-12, 2.13e-10
2018-10-11 15:25:16, 1.08e-12, 2.14e-10
2018-10-11 15:25:20, 1.13e-12, 2.13e-10
2018-10-11 15:25:24, 1.05e-12, 2.13e-10
2018-10-11 15:25:29, 1.07e-12, 2.13e-10
2018-10-11 15:25:33, 1.07e-12, 2.13e-10
2018-10-11 15:25:37, 1.16e-12, 2.15e-10
2018-10-11 15:25:41, 1.05e-12, 2.15e-10
2018-10-11 15:25:46, 1.1e-12, 2.13e-10
2018-10-11 15:25:50, 1.17e-12, 2.14e-10
2018-10-11 15:25:54, 1.08e-12, 2.13e-10
2018-10-11 15:25:58, 1.06e-12, 2.13e-10
2018-10-11 15:26:02, 1.05e-12, 2.13e-10
2018-10-11 15:26:07, 1.04e-12, 2.13e-10
2018-10-11 15:26:11, 1.1e-12, 2.13e-10
2018-10-11 15:26:15, 1.01e-12, 2.13e-10
2018-10-11 15:26:19, 1.07e-12, 2.13e-10
2018-10-11 15:26:24, 1.1e-12, 2.13e-10
2018-10-11 15:26:28, 1.08e-12, 2.13e-10
2018-10-11 15:26:32, 1.05e-12, 2.13e-10
2018-10-11 15:26:36, 1.09e-12, 2.13e-10
2018-10-11 15:26:40, 1.11e-12, 2.13e-10
2018-10-11 15:26:45, 1.08e-12, 2.13e-10
2018-10-11 15:26:49, 1.12e-12, 2.13e-10
2018-10-11 15:26:53, 1.1e-12, 2.17e-10
2018-10-11 15:26:57, 1.11e-12, 2.15e-10
2018-10-11 15:27:02, 1.14e-12, 2.14e-10
2018-10-11 15:27:06, 1.04e-12, 2.13e-10
2018-10-11 15:27:10, 1.11e-12, 2.14e-10
2018-10-11 15:27:14, 1.1e-12, 2.14e-10
2018-10-11 15:27:18, 1.06e-12, 2.13e-10
2018-10-11 15:27:23, 1.07e-12, 2.13e-10
2018-10-11 15:27:27, 1.13e-12, 2.13e-10
2018-10-11 15:27:31, 9.99e-13, 2.13e-10
2018-10-11 15:27:35, 1.12e-12, 2.14e-10
2018-10-11 15:27:40, 1.11e-12, 2.14e-10
2018-10-11 15:27:44, 1.09e-12, 2.14e-10
2018-10-11 15:27:48, 1.12e-12, 2.13e-10
2018-10-11 15:27:52, 1.24e-12, 2.14e-10
2018-10-11 15:27:56, 1.07e-12, 2.14e-10
2018-10-11 15:28:01, 1.02e-12, 2.14e-10
2018-10-11 15:28:05, 1.16e-12, 2.14e-10
2018-10-11 15:28:09, 1.08e-12, 2.13e-10
2018-10-11 15:28:13, 1.07e-12, 2.14e-10
2018-10-11 15:28:17, 1.07e-12, 2.15e-10
2018-10-11 15:28:22, 1.07e-12, 2.14e-10
2018-10-11 15:28:26, 1.08e-12, 2.14e-10
2018-10-11 15:28:30, 1.09e-12, 2.14e-10
2018-10-11 15:28:34, 1.13e-12, 2.14e-10
2018-10-11 15:28:39, 1.09e-12, 2.14e-10
2018-10-11 15:28:43, 1.06e-12, 2.14e-10
2018-10-11 15:28:47, 1.14e-12, 2.14e-10
2018-10-11 15:28:51, 1.06e-12, 2.14e-10
2018-10-11 15:28:55, 1.05e-12, 2.14e-10
2018-10-11 15:29:00, 9.97e-13, 2.13e-10
2018-10-11 15:29:04, 1.07e-12, 2.14e-10
2018-10-11 15:29:08, 1.08e-12, 2.14e-10
2018-10-11 15:29:12, 1.19e-12, 2.14e-10
2018-10-11 15:29:17, 1.09e-12, 2.14e-10
2018-10-11 15:29:21, 1.13e-12, 2.14e-10
2018-10-11 15:29:25, 1.07e-12, 2.14e-10
2018-10-11 15:29:29, 1.05e-12, 2.15e-10
2018-10-11 15:29:33, 1.12e-12, 2.14e-10
2018-10-11 15:29:38, 1.11e-12, 2.14e-10
2018-10-11 15:29:42, 1.08e-12, 2.14e-10
2018-10-11 15:29:46, 1.11e-12, 2.14e-10
2018-10-11 15:29:50, 1.11e-12, 2.14e-10
2018-10-11 15:29:55, 1.07e-12, 2.14e-10
2018-10-11 15:29:59, 1.19e-12, 2.14e-10
2018-10-11 15:30:03, 1.07e-12, 2.13e-10
2018-10-11 15:30:07, 1.07e-12, 2.14e-10
2018-10-11 15:30:11, 1.07e-12, 2.14e-10
2018-10-11 15:30:16, 9.24e-13, 2.14e-10
2018-10-11 15:30:20, 1.03e-12, 2.14e-10
2018-10-11 15:30:24, 1.13e-12, 2.14e-10
2018-10-11 15:30:28, 1.08e-12, 2.13e-10
2018-10-11 15:30:33, 1.07e-12, 2.15e-10
2018-10-11 15:30:37, 1.13e-12, 2.14e-10
2018-10-11 15:30:41, 1.07e-12, 2.13e-10
2018-10-11 15:30:45, 1.06e-12, 2.18e-10
2018-10-11 15:30:49, 1.21e-12, 2.14e-10
2018-10-11 15:30:54, 1.06e-12, 2.14e-10
2018-10-11 15:30:58, 1.06e-12, 2.14e-10
2018-10-11 15:31:02, 1.1e-12, 2.14e-10
2018-10-11 15:31:06, 1.06e-12, 2.14e-10
2018-10-11 15:31:11, 1.01e-12, 2.13e-10
2018-10-11 15:31:15, 1.12e-12, 2.14e-10
2018-10-11 15:31:19, 1.08e-12, 2.14e-10
2018-10-11 15:31:23, 1.04e-12, 2.17e-10
2018-10-11 15:31:27, 1.17e-12, 2.14e-10
2018-10-11 15:31:32, 1.06e-12, 2.14e-10
2018-10-11 15:31:36, 1.01e-12, 2.14e-10
2018-10-11 15:31:40, 1.07e-12, 2.14e-10
2018-10-11 15:31:44, 1.09e-12, 2.14e-10
2018-10-11 15:31:49, 1.04e-12, 2.15e-10
2018-10-11 15:31:53, 1.11e-12, 2.14e-10
2018-10-11 15:31:57, 1.1e-12, 2.14e-10
2018-10-11 15:32:01, 1.13e-12, 2.14e-10
2018-10-11 15:32:05, 1.13e-12, 2.15e-10
2018-10-11 15:32:10, 1.09e-12, 2.14e-10
2018-10-11 15:32:14, 1.07e-12, 2.14e-10
2018-10-11 15:32:18, 1.06e-12, 2.14e-10
2018-10-11 15:32:22, 1.04e-12, 2.14e-10
2018-10-11 15:32:27, 1.02e-12, 2.14e-10
2018-10-11 15:32:31, 8.82e-13, 2.14e-10
2018-10-11 15:32:35, 1.13e-12, 2.14e-10
2018-10-11 15:32:39, 1.04e-12, 2.14e-10
2018-10-11 15:32:43, 1.08e-12, 2.14e-10
2018-10-11 15:32:48, 1.01e-12, 2.14e-10
2018-10-11 15:32:52, 1.08e-12, 2.14e-10
2018-10-11 15:32:56, 1.07e-12, 2.14e-10
2018-10-11 15:33:00, 9.93e-13, 2.14e-10
2018-10-11 15:33:05, 1.12e-12, 2.14e-10
2018-10-11 15:33:09, 1.09e-12, 2.14e-10
2018-10-11 15:33:13, 1.09e-12, 2.14e-10
2018-10-11 15:33:17, 1.13e-12, 2.14e-10
2018-10-11 15:33:21, 1.08e-12, 2.14e-10
2018-10-11 15:33:26, 1.03e-12, 2.14e-10
2018-10-11 15:33:30, 1.08e-12, 2.14e-10
2018-10-11 15:33:34, 1.06e-12, 2.14e-10
2018-10-11 15:33:38, 1.04e-12, 2.14e-10
2018-10-11 15:33:43, 1.12e-12, 2.14e-10
2018-10-11 15:33:47, 9.92e-13, 2.14e-10
2018-10-11 15:33:51, 1.04e-12, 2.14e-10
2018-10-11 15:33:55, 1.09e-12, 2.14e-10
2018-10-11 15:33:59, 1.1e-12, 2.14e-10
2018-10-11 15:34:04, 1.01e-12, 2.14e-10
2018-10-11 15:34:08, 1.06e-12, 2.14e-10
2018-10-11 15:34:12, 1.12e-12, 2.14e-10
2018-10-11 15:34:16, 1.08e-12, 2.14e-10
2018-10-11 15:34:21, 1.07e-12, 2.14e-10
2018-10-11 15:34:25, 1.06e-12, 2.14e-10
2018-10-11 15:34:29, 9.77e-13, 2.14e-10
2018-10-11 15:34:33, 1.07e-12, 2.14e-10
2018-10-11 15:34:37, 1.07e-12, 2.14e-10
2018-10-11 15:34:42, 1.03e-12, 2.14e-10
2018-10-11 15:34:46, 1.1e-12, 2.14e-10
2018-10-11 15:34:50, 1.06e-12, 2.14e-10
2018-10-11 15:34:54, 1.08e-12, 2.14e-10
2018-10-11 15:34:59, 1.09e-12, 2.14e-10
2018-10-11 15:35:03, 1.05e-12, 2.14e-10
2018-10-11 15:35:07, 1.07e-12, 2.14e-10
2018-10-11 15:35:11, 1.08e-12, 2.14e-10
2018-10-11 15:35:15, 1.09e-12, 2.14e-10
2018-10-11 15:35:20, 1.05e-12, 2.14e-10
2018-10-11 15:35:24, 1.13e-12, 2.15e-10
2018-10-11 15:35:28, 1.09e-12, 2.21e-10
2018-10-11 15:35:32, 1.1e-12, 2.15e-10
2018-10-11 15:35:36, 1.06e-12, 2.15e-10
2018-10-11 15:35:41, 1.06e-12, 2.14e-10
2018-10-11 15:35:45, 9.5e-13, 2.14e-10
2018-10-11 15:35:49, 9.8e-13, 2.15e-10
2018-10-11 15:35:53, 9.67e-13, 2.14e-10
2018-10-11 15:35:58, 1.07e-12, 2.14e-10
2018-10-11 15:36:02, 1.11e-12, 2.14e-10
2018-10-11 15:36:06, 1.02e-12, 2.14e-10
2018-10-11 15:36:10, 1.09e-12, 2.14e-10
2018-10-11 15:36:14, 1.14e-12, 2.14e-10
2018-10-11 15:36:19, 1.04e-12, 2.14e-10
2018-10-11 15:36:23, 1.09e-12, 2.14e-10
2018-10-11 15:36:27, 1.03e-12, 2.14e-10
2018-10-11 15:36:31, 1.12e-12, 2.14e-10
2018-10-11 15:36:36, 1.05e-12, 2.14e-10
2018-10-11 15:36:40, 1.19e-12, 2.14e-10
2018-10-11 15:36:44, 1.11e-12, 2.14e-10
2018-10-11 15:36:48, 1.15e-12, 2.14e-10
2018-10-11 15:36:52, 1.01e-12, 2.14e-10
2018-10-11 15:36:57, 1.06e-12, 2.14e-10
2018-10-11 15:37:01, 1.02e-12, 2.14e-10
2018-10-11 15:37:05, 1.1e-12, 2.14e-10
2018-10-11 15:37:09, 1.07e-12, 2.14e-10
2018-10-11 15:37:14, 1.05e-12, 2.14e-10
2018-10-11 15:37:18, 1.08e-12, 2.14e-10
2018-10-11 15:37:22, 1.11e-12, 2.14e-10
2018-10-11 15:37:26, 1.11e-12, 2.14e-10
2018-10-11 15:37:30, 1.08e-12, 2.14e-10
2018-10-11 15:37:35, 9.95e-13, 2.14e-10
2018-10-11 15:37:39, 1.16e-12, 2.14e-10
2018-10-11 15:37:43, 1.02e-12, 2.14e-10
2018-10-11 15:37:47, 9.59e-13, 2.14e-10
2018-10-11 15:37:52, 1.14e-12, 2.14e-10
2018-10-11 15:37:56, 1.08e-12, 2.14e-10
2018-10-11 15:38:00, 1.03e-12, 2.14e-10
2018-10-11 15:38:04, 1.13e-12, 2.14e-10
2018-10-11 15:38:08, 1.05e-12, 2.14e-10
2018-10-11 15:38:13, 1.05e-12, 2.14e-10
2018-10-11 15:38:17, 1.15e-12, 2.14e-10
2018-10-11 15:38:21, 1.06e-12, 2.14e-10
2018-10-11 15:38:25, 1.03e-12, 2.14e-10
2018-10-11 15:38:30, 1.11e-12, 2.14e-10
2018-10-11 15:38:34, 1.05e-12, 2.14e-10
2018-10-11 15:38:38, 1.21e-12, 2.14e-10
2018-10-11 15:38:42, 1.08e-12, 2.14e-10
2018-10-11 15:38:46, 1.08e-12, 2.14e-10
2018-10-11 15:38:51, 1.06e-12, 2.14e-10
2018-10-11 15:38:55, 1.08e-12, 2.14e-10
2018-10-11 15:38:59, 1.05e-12, 2.14e-10
2018-10-11 15:39:03, 1.12e-12, 2.14e-10
2018-10-11 15:39:08, 1.09e-12, 2.14e-10
2018-10-11 15:39:12, 1.05e-12, 2.14e-10
2018-10-11 15:39:16, 1.08e-12, 2.14e-10
2018-10-11 15:39:20, 1.06e-12, 2.14e-10
2018-10-11 15:39:24, 1.08e-12, 2.14e-10
2018-10-11 15:39:29, 1.06e-12, 2.14e-10
2018-10-11 15:39:33, 1.11e-12, 2.14e-10
2018-10-11 15:39:37, 9.85e-13, 2.14e-10
2018-10-11 15:39:41, 9.96e-13, 2.14e-10
2018-10-11 15:39:46, 1.11e-12, 2.14e-10
2018-10-11 15:39:50, 1.06e-12, 2.14e-10
2018-10-11 15:39:54, 9.69e-13, 2.14e-10
2018-10-11 15:39:58, 1.07e-12, 2.14e-10
2018-10-11 15:40:02, 1.22e-12, 2.14e-10
2018-10-11 15:40:07, 1.08e-12, 2.14e-10
2018-10-11 15:40:11, 1.04e-12, 2.14e-10
2018-10-11 15:40:15, 1.06e-12, 2.14e-10
2018-10-11 15:40:19, 1.1e-12, 2.14e-10
2018-10-11 15:40:24, 1.11e-12, 2.14e-10
2018-10-11 15:40:28, 1.05e-12, 2.14e-10
2018-10-11 15:40:32, 1.08e-12, 2.14e-10
2018-10-11 15:40:36, 1.12e-12, 2.14e-10
2018-10-11 15:40:40, 1.14e-12, 2.14e-10
2018-10-11 15:40:45, 9.95e-13, 2.14e-10
2018-10-11 15:40:49, 1.15e-12, 2.14e-10
2018-10-11 15:40:53, 1.11e-12, 2.14e-10
2018-10-11 15:40:57, 1.08e-12, 2.14e-10
2018-10-11 15:41:02, 1.07e-12, 2.14e-10
2018-10-11 15:41:06, 1.02e-12, 2.14e-10
2018-10-11 15:41:10, 1.04e-12, 2.14e-10
2018-10-11 15:41:14, 1.12e-12, 2.14e-10
2018-10-11 15:41:18, 1.21e-12, 2.14e-10
2018-10-11 15:41:23, 9.98e-13, 2.14e-10
2018-10-11 15:41:27, 1.18e-12, 2.14e-10
2018-10-11 15:41:31, 1.1e-12, 2.14e-10
2018-10-11 15:41:35, 9.97e-13, 2.15e-10
2018-10-11 15:41:40, 1.09e-12, 2.14e-10
2018-10-11 15:41:44, 1.03e-12, 2.14e-10
2018-10-11 15:41:48, 1.04e-12, 2.15e-10
2018-10-11 15:41:52, 1.12e-12, 2.15e-10
2018-10-11 15:41:56, 1.02e-12, 2.16e-10
2018-10-11 15:42:01, 1.04e-12, 2.16e-10
2018-10-11 15:42:05, 1.08e-12, 2.14e-10
2018-10-11 15:42:09, 1.08e-12, 2.14e-10
2018-10-11 15:42:13, 1.03e-12, 2.14e-10
2018-10-11 15:42:18, 1.12e-12, 2.14e-10
2018-10-11 15:42:22, 1.08e-12, 2.14e-10
2018-10-11 15:42:26, 1.08e-12, 2.14e-10
2018-10-11 15:42:30, 1.08e-12, 2.14e-10
2018-10-11 15:42:34, 1.04e-12, 2.14e-10
2018-10-11 15:42:39, 9.96e-13, 2.14e-10
2018-10-11 15:42:43, 1.06e-12, 2.14e-10
2018-10-11 15:42:47, 1.04e-12, 2.14e-10
2018-10-11 15:42:51, 1.09e-12, 2.14e-10
2018-10-11 15:42:56, 1.03e-12, 2.14e-10
2018-10-11 15:43:00, 1.04e-12, 2.14e-10
2018-10-11 15:43:04, 1.04e-12, 2.14e-10
2018-10-11 15:43:08, 1.12e-12, 2.14e-10
2018-10-11 15:43:12, 1.06e-12, 2.14e-10
2018-10-11 15:43:17, 1.06e-12, 2.14e-10
2018-10-11 15:43:21, 9.54e-13, 2.14e-10
2018-10-11 15:43:25, 1.09e-12, 2.14e-10
2018-10-11 15:43:29, 1.06e-12, 2.14e-10
2018-10-11 15:43:33, 1.08e-12, 2.14e-10
2018-10-11 15:43:38, 1.12e-12, 2.14e-10
2018-10-11 15:43:42, 1.02e-12, 2.14e-10
2018-10-11 15:43:46, 1.09e-12, 2.14e-10
2018-10-11 15:43:50, 1.05e-12, 2.14e-10
2018-10-11 15:43:55, 1.06e-12, 2.14e-10
2018-10-11 15:43:59, 1.16e-12, 2.14e-10
2018-10-11 15:44:03, 1.1e-12, 2.14e-10
2018-10-11 15:44:07, 1.08e-12, 2.14e-10
2018-10-11 15:44:11, 1.11e-12, 2.14e-10
2018-10-11 15:44:16, 1.04e-12, 2.14e-10
2018-10-11 15:44:20, 1.04e-12, 2.14e-10
2018-10-11 15:44:24, 1.1e-12, 2.17e-10
2018-10-11 15:44:28, 1.09e-12, 2.16e-10
2018-10-11 15:44:33, 1.14e-12, 2.15e-10
2018-10-11 15:44:37, 1.13e-12, 2.14e-10
2018-10-11 15:44:41, 1.07e-12, 2.14e-10
2018-10-11 15:44:45, 1.09e-12, 2.14e-10
2018-10-11 15:44:49, 1.13e-12, 2.14e-10
2018-10-11 15:44:54, 1.07e-12, 2.14e-10
2018-10-11 15:44:58, 1.02e-12, 2.14e-10
2018-10-11 15:45:02, 1.25e-12, 2.14e-10
2018-10-11 15:45:06, 1.08e-12, 2.14e-10
2018-10-11 15:45:11, 8.96e-13, 2.14e-10
2018-10-11 15:45:15, 1.16e-12, 2.14e-10
2018-10-11 15:45:19, 1.08e-12, 2.14e-10
2018-10-11 15:45:23, 9.57e-13, 2.13e-10
2018-10-11 15:45:27, 1.09e-12, 2.14e-10
2018-10-11 15:45:32, 1.06e-12, 2.14e-10
2018-10-11 15:45:36, 1.04e-12, 2.13e-10
2018-10-11 15:45:40, 1.11e-12, 2.14e-10
2018-10-11 15:45:44, 1.07e-12, 2.14e-10
2018-10-11 15:45:49, 1.09e-12, 2.13e-10
2018-10-11 15:45:53, 1.07e-12, 2.14e-10
2018-10-11 15:45:57, 1.03e-12, 2.14e-10
2018-10-11 15:46:01, 1.07e-12, 2.13e-10
2018-10-11 15:46:05, 1.06e-12, 2.14e-10
2018-10-11 15:46:10, 1.06e-12, 2.14e-10
2018-10-11 15:46:14, 9.7e-13, 2.14e-10
2018-10-11 15:46:18, 1.13e-12, 2.14e-10
2018-10-11 15:46:22, 1.11e-12, 2.14e-10
2018-10-11 15:46:27, 1.09e-12, 2.13e-10
2018-10-11 15:46:31, 1.12e-12, 2.14e-10
2018-10-11 15:46:35, 1.03e-12, 2.14e-10
2018-10-11 15:46:39, 1.13e-12, 2.14e-10
2018-10-11 15:46:43, 1.09e-12, 2.14e-10
2018-10-11 15:46:48, 1.12e-12, 2.14e-10
2018-10-11 15:46:52, 1.07e-12, 2.13e-10
2018-10-11 15:46:56, 1.1e-12, 2.14e-10
2018-10-11 15:47:00, 1.09e-12, 2.14e-10
2018-10-11 15:47:05, 1.08e-12, 2.13e-10
2018-10-11 15:47:09, 1.1e-12, 2.14e-10
2018-10-11 15:47:13, 1.07e-12, 2.14e-10
2018-10-11 15:47:17, 1.11e-12, 2.13e-10
2018-10-11 15:47:21, 1.12e-12, 2.14e-10
2018-10-11 15:47:26, 1.14e-12, 2.14e-10
2018-10-11 15:47:30, 1.1e-12, 2.14e-10
2018-10-11 15:47:34, 1.09e-12, 2.14e-10
2018-10-11 15:47:38, 1.14e-12, 2.14e-10
2018-10-11 15:47:43, 1.07e-12, 2.13e-10
2018-10-11 15:47:47, 1.15e-12, 2.14e-10
2018-10-11 15:47:51, 1.1e-12, 2.14e-10
2018-10-11 15:47:55, 1.05e-12, 2.13e-10
2018-10-11 15:47:59, 9.47e-13, 2.14e-10
2018-10-11 15:48:04, 1.1e-12, 2.14e-10
2018-10-11 15:48:08, 1.04e-12, 2.14e-10
2018-10-11 15:48:12, 1.08e-12, 2.14e-10
2018-10-11 15:48:16, 1.02e-12, 2.14e-10
2018-10-11 15:48:21, 1.09e-12, 2.13e-10
2018-10-11 15:48:25, 1.03e-12, 2.14e-10
2018-10-11 15:48:29, 1.02e-12, 2.14e-10
2018-10-11 15:48:33, 1.09e-12, 2.14e-10
2018-10-11 15:48:37, 1.1e-12, 2.14e-10
2018-10-11 15:48:42, 1.07e-12, 2.14e-10
2018-10-11 15:48:46, 1.1e-12, 2.13e-10
2018-10-11 15:48:50, 9.5e-13, 2.14e-10
2018-10-11 15:48:54, 1.1e-12, 2.14e-10
2018-10-11 15:48:59, 1.08e-12, 2.13e-10
2018-10-11 15:49:03, 1.08e-12, 2.14e-10
2018-10-11 15:49:07, 1.07e-12, 2.14e-10
2018-10-11 15:49:11, 1.1e-12, 2.14e-10
2018-10-11 15:49:15, 1.07e-12, 2.14e-10
2018-10-11 15:49:20, 1.05e-12, 2.14e-10
2018-10-11 15:49:24, 1.13e-12, 2.13e-10
2018-10-11 15:49:28, 1.07e-12, 2.14e-10
2018-10-11 15:49:32, 1.11e-12, 2.14e-10
2018-10-11 15:49:37, 1.14e-12, 2.14e-10
2018-10-11 15:49:41, 1.08e-12, 2.14e-10
2018-10-11 15:49:45, 1.02e-12, 2.14e-10
2018-10-11 15:49:49, 1.06e-12, 2.13e-10
2018-10-11 15:49:53, 1.04e-12, 2.14e-10
2018-10-11 15:49:58, 1.08e-12, 2.14e-10
2018-10-11 15:50:02, 1.12e-12, 2.14e-10
2018-10-11 15:50:06, 1.06e-12, 2.14e-10
2018-10-11 15:50:10, 1.11e-12, 2.14e-10
2018-10-11 15:50:15, 1.05e-12, 2.14e-10
2018-10-11 15:50:19, 1.08e-12, 2.14e-10
2018-10-11 15:50:23, 1.05e-12, 2.14e-10
2018-10-11 15:50:27, 1.09e-12, 2.14e-10
2018-10-11 15:50:31, 1.17e-12, 2.14e-10
2018-10-11 15:50:36, 1.04e-12, 2.14e-10
2018-10-11 15:50:40, 1.05e-12, 2.13e-10
2018-10-11 15:50:44, 1.04e-12, 2.14e-10
2018-10-11 15:50:48, 1.09e-12, 2.14e-10
2018-10-11 15:50:53, 1.08e-12, 2.14e-10
2018-10-11 15:50:57, 1.07e-12, 2.14e-10
2018-10-11 15:51:01, 1.22e-12, 2.14e-10
2018-10-11 15:51:05, 1.02e-12, 2.14e-10
2018-10-11 15:51:09, 1.11e-12, 2.14e-10
2018-10-11 15:51:14, 1.09e-12, 2.14e-10
2018-10-11 15:51:18, 1.11e-12, 2.15e-10
2018-10-11 15:51:22, 1.11e-12, 2.15e-10
2018-10-11 15:51:26, 1.09e-12, 2.15e-10
2018-10-11 15:51:31, 1.1e-12, 2.14e-10
2018-10-11 15:51:35, 1.07e-12, 2.14e-10
2018-10-11 15:51:39, 1.13e-12, 2.14e-10
2018-10-11 15:51:43, 1.05e-12, 2.14e-10
2018-10-11 15:51:48, 1.07e-12, 2.14e-10
2018-10-11 15:51:52, 1.1e-12, 2.14e-10
2018-10-11 15:51:56, 9.14e-13, 2.14e-10
2018-10-11 15:52:00, 1.09e-12, 2.14e-10
2018-10-11 15:52:04, 1.17e-12, 2.14e-10
2018-10-11 15:52:09, 1.06e-12, 2.14e-10
2018-10-11 15:52:13, 1.13e-12, 2.14e-10
2018-10-11 15:52:17, 1.08e-12, 2.14e-10
2018-10-11 15:52:21, 1.06e-12, 2.14e-10
2018-10-11 15:52:26, 9.98e-13, 2.14e-10
2018-10-11 15:52:30, 9.99e-13, 2.14e-10
2018-10-11 15:52:34, 1.08e-12, 2.15e-10
2018-10-11 15:52:38, 1.13e-12, 2.14e-10
2018-10-11 15:52:42, 1.06e-12, 2.17e-10
2018-10-11 15:52:47, 1.14e-12, 2.16e-10
2018-10-11 15:52:51, 1.1e-12, 2.15e-10
2018-10-11 15:52:55, 1.01e-12, 2.15e-10
2018-10-11 15:52:59, 1.08e-12, 2.15e-10
2018-10-11 15:53:04, 1.08e-12, 2.14e-10
2018-10-11 15:53:08, 1.06e-12, 2.14e-10
2018-10-11 15:53:12, 1.09e-12, 2.14e-10
2018-10-11 15:53:16, 1.17e-12, 2.14e-10
2018-10-11 15:53:20, 1.05e-12, 2.15e-10
2018-10-11 15:53:25, 1.09e-12, 2.15e-10
2018-10-11 15:53:29, 1.05e-12, 2.15e-10
2018-10-11 15:53:33, 1.11e-12, 2.15e-10
2018-10-11 15:53:37, 1.17e-12, 2.15e-10
2018-10-11 15:53:42, 1.1e-12, 2.14e-10
2018-10-11 15:53:46, 1.01e-12, 2.15e-10
2018-10-11 15:53:50, 1.1e-12, 2.15e-10
2018-10-11 15:53:54, 1.04e-12, 2.15e-10
2018-10-11 15:53:58, 1.06e-12, 2.15e-10
2018-10-11 15:54:03, 1.08e-12, 2.15e-10
2018-10-11 15:54:07, 1.14e-12, 2.14e-10
2018-10-11 15:54:11, 1.02e-12, 2.14e-10
2018-10-11 15:54:15, 1.1e-12, 2.15e-10
2018-10-11 15:54:20, 1.06e-12, 2.14e-10
2018-10-11 15:54:24, 1.1e-12, 2.15e-10
2018-10-11 15:54:28, 1.12e-12, 2.14e-10
2018-10-11 15:54:32, 1.08e-12, 2.14e-10
2018-10-11 15:54:36, 1.03e-12, 2.15e-10
2018-10-11 15:54:41, 1.13e-12, 2.15e-10
2018-10-11 15:54:45, 1.05e-12, 2.15e-10
2018-10-11 15:54:49, 1.08e-12, 2.14e-10
2018-10-11 15:54:53, 1.05e-12, 2.15e-10
2018-10-11 15:54:58, 9.67e-13, 2.14e-10
2018-10-11 15:55:02, 1.12e-12, 2.14e-10
2018-10-11 15:55:06, 1.13e-12, 2.15e-10
2018-10-11 15:55:10, 1.03e-12, 2.14e-10
2018-10-11 15:55:14, 1.06e-12, 2.15e-10
2018-10-11 15:55:19, 1.19e-12, 2.15e-10
2018-10-11 15:55:23, 1.08e-12, 2.15e-10
2018-10-11 15:55:27, 1.15e-12, 2.17e-10
2018-10-11 15:55:31, 1.1e-12, 2.15e-10
2018-10-11 15:55:36, 9.97e-13, 2.15e-10
2018-10-11 15:55:40, 1.16e-12, 2.15e-10
2018-10-11 15:55:44, 1.15e-12, 2.15e-10
2018-10-11 15:55:48, 1.09e-12, 2.15e-10
2018-10-11 15:55:52, 1.03e-12, 2.14e-10
2018-10-11 15:55:57, 1.1e-12, 2.15e-10
2018-10-11 15:56:01, 1.09e-12, 2.15e-10
2018-10-11 15:56:05, 1.1e-12, 2.14e-10
2018-10-11 15:56:09, 1.02e-12, 2.15e-10
2018-10-11 15:56:14, 1.08e-12, 2.15e-10
2018-10-11 15:56:18, 1.12e-12, 2.14e-10
2018-10-11 15:56:22, 1.13e-12, 2.15e-10
2018-10-11 15:56:26, 1.05e-12, 2.15e-10
2018-10-11 15:56:30, 1.08e-12, 2.14e-10
2018-10-11 15:56:35, 1.1e-12, 2.15e-10
2018-10-11 15:56:39, 1.07e-12, 2.15e-10
2018-10-11 15:56:43, 9.38e-13, 2.14e-10
2018-10-11 15:56:47, 1.13e-12, 2.15e-10
2018-10-11 15:56:52, 1.09e-12, 2.15e-10
2018-10-11 15:56:56, 1.1e-12, 2.14e-10
2018-10-11 15:57:00, 1.11e-12, 2.15e-10
2018-10-11 15:57:04, 1.09e-12, 2.15e-10
2018-10-11 15:57:08, 1.08e-12, 2.14e-10
2018-10-11 15:57:13, 1.12e-12, 2.15e-10
2018-10-11 15:57:17, 1.1e-12, 2.15e-10
2018-10-11 15:57:21, 1.05e-12, 2.14e-10
2018-10-11 15:57:25, 1.08e-12, 2.15e-10
2018-10-11 15:57:29, 9.44e-13, 2.15e-10
2018-10-11 15:57:34, 1.08e-12, 2.15e-10
2018-10-11 15:57:38, 1.12e-12, 2.15e-10
2018-10-11 15:57:42, 1.08e-12, 2.15e-10
2018-10-11 15:57:46, 1.02e-12, 2.15e-10
2018-10-11 15:57:51, 1.06e-12, 2.15e-10
2018-10-11 15:57:55, 1.04e-12, 2.15e-10
2018-10-11 15:57:59, 1.08e-12, 2.14e-10
2018-10-11 15:58:03, 1.09e-12, 2.15e-10
2018-10-11 15:58:07, 9.59e-13, 2.15e-10
2018-10-11 15:58:12, 1.03e-12, 2.14e-10
2018-10-11 15:58:16, 1.06e-12, 2.15e-10
2018-10-11 15:58:20, 1.18e-12, 2.15e-10
2018-10-11 15:58:24, 1.13e-12, 2.14e-10
2018-10-11 15:58:29, 1.17e-12, 2.15e-10
2018-10-11 15:58:33, 1.1e-12, 2.15e-10
2018-10-11 15:58:37, 1.13e-12, 2.14e-10
2018-10-11 15:58:41, 1.09e-12, 2.15e-10
2018-10-11 15:58:45, 1e-12, 2.14e-10
2018-10-11 15:58:50, 1.14e-12, 2.14e-10
2018-10-11 15:58:54, 1.04e-12, 2.15e-10
2018-10-11 15:58:58, 1.07e-12, 2.15e-10
2018-10-11 15:59:02, 1.08e-12, 2.14e-10
2018-10-11 15:59:07, 1.05e-12, 2.15e-10
2018-10-11 15:59:11, 1.06e-12, 2.15e-10
2018-10-11 15:59:15, 1.11e-12, 2.15e-10
2018-10-11 15:59:19, 1.12e-12, 2.15e-10
2018-10-11 15:59:23, 9.34e-13, 2.15e-10
2018-10-11 15:59:28, 1.09e-12, 2.14e-10
2018-10-11 15:59:32, 1.02e-12, 2.15e-10
2018-10-11 15:59:36, 1.1e-12, 2.15e-10
2018-10-11 15:59:40, 1.05e-12, 2.14e-10
2018-10-11 15:59:45, 1.08e-12, 2.15e-10
2018-10-11 15:59:49, 1.07e-12, 2.15e-10
2018-10-11 15:59:53, 1.1e-12, 2.14e-10
2018-10-11 15:59:57, 1.13e-12, 2.15e-10
2018-10-11 16:00:01, 1.1e-12, 2.15e-10
2018-10-11 16:00:06, 1.1e-12, 2.14e-10
2018-10-11 16:00:10, 1.12e-12, 2.15e-10
2018-10-11 16:00:14, 1.05e-12, 2.15e-10
2018-10-11 16:00:18, 1.19e-12, 2.14e-10
2018-10-11 16:00:23, 1.04e-12, 2.15e-10
2018-10-11 16:00:27, 1.07e-12, 2.15e-10
2018-10-11 16:00:31, 1.11e-12, 2.15e-10
2018-10-11 16:00:35, 1.12e-12, 2.15e-10
2018-10-11 16:00:39, 1.05e-12, 2.15e-10
2018-10-11 16:00:44, 1.12e-12, 2.14e-10
2018-10-11 16:00:48, 1.1e-12, 2.15e-10
2018-10-11 16:00:52, 1.07e-12, 2.15e-10
2018-10-11 16:00:56, 1.12e-12, 2.15e-10
2018-10-11 16:01:01, 1.09e-12, 2.15e-10
2018-10-11 16:01:05, 1.22e-12, 2.15e-10
2018-10-11 16:01:09, 1.22e-12, 2.14e-10
2018-10-11 16:01:13, 1.07e-12, 2.15e-10
2018-10-11 16:01:17, 1.18e-12, 2.15e-10
2018-10-11 16:01:22, 1.13e-12, 2.14e-10
2018-10-11 16:01:26, 1.14e-12, 2.15e-10
2018-10-11 16:01:30, 1.06e-12, 2.15e-10
2018-10-11 16:01:34, 1.06e-12, 2.15e-10
2018-10-11 16:01:39, 1.21e-12, 2.15e-10
2018-10-11 16:01:43, 1.07e-12, 2.15e-10
2018-10-11 16:01:47, 1.14e-12, 2.14e-10
2018-10-11 16:01:51, 1.03e-12, 2.15e-10
2018-10-11 16:01:55, 9.49e-13, 2.15e-10
2018-10-11 16:02:00, 1.14e-12, 2.15e-10
2018-10-11 16:02:04, 1.07e-12, 2.15e-10
2018-10-11 16:02:08, 1.05e-12, 2.15e-10
2018-10-11 16:02:12, 1.07e-12, 2.14e-10
2018-10-11 16:02:17, 1.11e-12, 2.15e-10
2018-10-11 16:02:21, 9.18e-13, 2.15e-10
2018-10-11 16:02:25, 1.08e-12, 2.14e-10
2018-10-11 16:02:29, 1.07e-12, 2.15e-10
2018-10-11 16:02:33, 1.04e-12, 2.15e-10
2018-10-11 16:02:38, 1.12e-12, 2.15e-10
2018-10-11 16:02:42, 1.05e-12, 2.15e-10
2018-10-11 16:02:46, 1.09e-12, 2.15e-10
2018-10-11 16:02:50, 1.12e-12, 2.15e-10
2018-10-11 16:02:55, 1.11e-12, 2.15e-10
2018-10-11 16:02:59, 1.07e-12, 2.15e-10
2018-10-11 16:03:03, 1.1e-12, 2.15e-10
2018-10-11 16:03:07, 1.16e-12, 2.15e-10
2018-10-11 16:03:11, 1.01e-12, 2.15e-10
2018-10-11 16:03:16, 1.24e-12, 2.15e-10
2018-10-11 16:03:20, 1.08e-12, 2.15e-10
2018-10-11 16:03:24, 1.27e-12, 2.15e-10
2018-10-11 16:03:28, 1.02e-12, 2.14e-10
2018-10-11 16:03:33, 1.12e-12, 2.14e-10
2018-10-11 16:03:37, 9.87e-13, 2.15e-10
2018-10-11 16:03:41, 1.1e-12, 2.15e-10
2018-10-11 16:03:45, 1.19e-12, 2.15e-10
2018-10-11 16:03:49, 1e-12, 2.15e-10
2018-10-11 16:03:54, 1.09e-12, 2.15e-10
2018-10-11 16:03:58, 1.06e-12, 2.15e-10
2018-10-11 16:04:02, 1.08e-12, 2.15e-10
2018-10-11 16:04:06, 1.12e-12, 2.15e-10
2018-10-11 16:04:11, 1.06e-12, 2.15e-10
2018-10-11 16:04:15, 1.09e-12, 2.15e-10
2018-10-11 16:04:19, 1.02e-12, 2.15e-10
2018-10-11 16:04:23, 1.05e-12, 2.15e-10
2018-10-11 16:04:27, 1.07e-12, 2.15e-10
2018-10-11 16:04:32, 1.06e-12, 2.15e-10
2018-10-11 16:04:36, 1.09e-12, 2.15e-10
2018-10-11 16:04:40, 1.11e-12, 2.15e-10
2018-10-11 16:04:44, 1.14e-12, 2.14e-10
2018-10-11 16:04:49, 1.01e-12, 2.14e-10
2018-10-11 16:04:53, 1.07e-12, 2.15e-10
2018-10-11 16:04:57, 1.16e-12, 2.15e-10
2018-10-11 16:05:01, 1.07e-12, 2.15e-10
2018-10-11 16:05:05, 1.07e-12, 2.15e-10
2018-10-11 16:05:10, 1.09e-12, 2.15e-10
2018-10-11 16:05:14, 1.03e-12, 2.14e-10
2018-10-11 16:05:18, 1.04e-12, 2.15e-10
2018-10-11 16:05:22, 1.18e-12, 2.15e-10
2018-10-11 16:05:27, 1.09e-12, 2.15e-10
2018-10-11 16:05:31, 1.02e-12, 2.15e-10
2018-10-11 16:05:35, 1.09e-12, 2.15e-10
2018-10-11 16:05:39, 1.12e-12, 2.14e-10
2018-10-11 16:05:43, 9.98e-13, 2.15e-10
2018-10-11 16:05:48, 9.04e-13, 2.14e-10
2018-10-11 16:05:52, 1.09e-12, 2.14e-10
2018-10-11 16:05:56, 1.09e-12, 2.14e-10
2018-10-11 16:06:00, 1.09e-12, 2.15e-10
2018-10-11 16:06:05, 1.06e-12, 2.14e-10
2018-10-11 16:06:09, 1.08e-12, 2.14e-10
2018-10-11 16:06:13, 1.12e-12, 2.14e-10
2018-10-11 16:06:17, 1.09e-12, 2.15e-10
2018-10-11 16:06:21, 1.04e-12, 2.15e-10
2018-10-11 16:06:26, 1.23e-12, 2.15e-10
2018-10-11 16:06:30, 1.08e-12, 2.15e-10
2018-10-11 16:06:34, 1.11e-12, 2.14e-10
2018-10-11 16:06:38, 1.24e-12, 2.14e-10
2018-10-11 16:06:43, 1.11e-12, 2.14e-10
2018-10-11 16:06:47, 1.02e-12, 2.14e-10
2018-10-11 16:06:51, 1.1e-12, 2.15e-10
2018-10-11 16:06:55, 1.16e-12, 2.15e-10
2018-10-11 16:06:59, 1.1e-12, 2.14e-10
2018-10-11 16:07:04, 1.06e-12, 2.15e-10
2018-10-11 16:07:08, 1.08e-12, 2.15e-10
2018-10-11 16:07:12, 1.08e-12, 2.14e-10
2018-10-11 16:07:16, 1.23e-12, 2.14e-10
2018-10-11 16:07:21, 1.15e-12, 2.14e-10
2018-10-11 16:07:25, 1.09e-12, 2.14e-10
2018-10-11 16:07:29, 1.11e-12, 2.15e-10
2018-10-11 16:07:33, 1.1e-12, 2.14e-10
2018-10-11 16:07:37, 1.02e-12, 2.14e-10
2018-10-11 16:07:42, 1.09e-12, 2.14e-10
2018-10-11 16:07:46, 1.07e-12, 2.14e-10
2018-10-11 16:07:50, 1.01e-12, 2.14e-10
2018-10-11 16:07:54, 1.1e-12, 2.15e-10
2018-10-11 16:07:59, 1.08e-12, 2.15e-10
2018-10-11 16:08:03, 1.22e-12, 2.14e-10
2018-10-11 16:08:07, 1.1e-12, 2.15e-10
2018-10-11 16:08:11, 1.05e-12, 2.14e-10
2018-10-11 16:08:15, 1.01e-12, 2.14e-10
2018-10-11 16:08:20, 1.14e-12, 2.15e-10
2018-10-11 16:08:24, 1.08e-12, 2.15e-10
2018-10-11 16:08:28, 1.06e-12, 2.14e-10
2018-10-11 16:08:32, 1.14e-12, 2.14e-10
2018-10-11 16:08:36, 1.07e-12, 2.14e-10
2018-10-11 16:08:41, 1.05e-12, 2.14e-10
2018-10-11 16:08:45, 1.09e-12, 2.15e-10
2018-10-11 16:08:49, 1.08e-12, 2.14e-10
2018-10-11 16:08:53, 1.16e-12, 2.14e-10
2018-10-11 16:08:58, 1.15e-12, 2.15e-10
2018-10-11 16:09:02, 1.08e-12, 2.14e-10
2018-10-11 16:09:06, 1.07e-12, 2.14e-10
2018-10-11 16:09:10, 1.09e-12, 2.14e-10
2018-10-11 16:09:14, 1.11e-12, 2.14e-10
2018-10-11 16:09:19, 1.13e-12, 2.14e-10
2018-10-11 16:09:23, 1.09e-12, 2.15e-10
2018-10-11 16:09:27, 1.05e-12, 2.15e-10
2018-10-11 16:09:31, 1.14e-12, 2.14e-10
2018-10-11 16:09:36, 1.12e-12, 2.14e-10
2018-10-11 16:09:40, 1.11e-12, 2.14e-10
2018-10-11 16:09:44, 1.07e-12, 2.14e-10
2018-10-11 16:09:48, 9.21e-13, 2.15e-10
2018-10-11 16:09:52, 1.15e-12, 2.15e-10
2018-10-11 16:09:57, 1.03e-12, 2.14e-10
2018-10-11 16:10:01, 1.08e-12, 2.14e-10
2018-10-11 16:10:05, 1.08e-12, 2.14e-10
2018-10-11 16:10:09, 1.11e-12, 2.14e-10
2018-10-11 16:10:14, 1.09e-12, 2.15e-10
2018-10-11 16:10:18, 1.13e-12, 2.15e-10
2018-10-11 16:10:22, 1.05e-12, 2.14e-10
2018-10-11 16:10:26, 1.03e-12, 2.15e-10
2018-10-11 16:10:30, 1.06e-12, 2.15e-10
2018-10-11 16:10:35, 1.1e-12, 2.14e-10
2018-10-11 16:10:39, 1.1e-12, 2.14e-10
2018-10-11 16:10:43, 1.04e-12, 2.14e-10
2018-10-11 16:10:47, 1.06e-12, 2.14e-10
2018-10-11 16:10:52, 1.05e-12, 2.15e-10
2018-10-11 16:10:56, 1.06e-12, 2.14e-10
2018-10-11 16:11:00, 1.13e-12, 2.14e-10
2018-10-11 16:11:04, 1.04e-12, 2.15e-10
2018-10-11 16:11:08, 1.08e-12, 2.14e-10
2018-10-11 16:11:13, 1.07e-12, 2.14e-10
2018-10-11 16:11:17, 1.08e-12, 2.15e-10
2018-10-11 16:11:21, 1.09e-12, 2.14e-10
2018-10-11 16:11:25, 1.08e-12, 2.14e-10
2018-10-11 16:11:30, 1.11e-12, 2.15e-10
2018-10-11 16:11:34, 1.08e-12, 2.14e-10
2018-10-11 16:11:38, 1.09e-12, 2.14e-10
2018-10-11 16:11:42, 1.09e-12, 2.14e-10
2018-10-11 16:11:46, 1.05e-12, 2.14e-10
2018-10-11 16:11:51, 1.11e-12, 2.14e-10
2018-10-11 16:11:55, 1.08e-12, 2.14e-10
2018-10-11 16:11:59, 1.13e-12, 2.15e-10
2018-10-11 16:12:03, 1.14e-12, 2.14e-10
2018-10-11 16:12:08, 1.02e-12, 2.14e-10
2018-10-11 16:12:12, 1.02e-12, 2.14e-10
2018-10-11 16:12:16, 1.05e-12, 2.14e-10
2018-10-11 16:12:20, 1.04e-12, 2.14e-10
2018-10-11 16:12:24, 1.16e-12, 2.14e-10
2018-10-11 16:12:29, 1.13e-12, 2.13e-10
2018-10-11 16:12:33, 1.08e-12, 2.14e-10
2018-10-11 16:12:37, 1.06e-12, 2.14e-10
2018-10-11 16:12:41, 1.1e-12, 2.14e-10
2018-10-11 16:12:46, 1.12e-12, 2.15e-10
2018-10-11 16:12:50, 1.06e-12, 2.15e-10
2018-10-11 16:12:54, 1.15e-12, 2.14e-10
2018-10-11 16:12:58, 1.07e-12, 2.15e-10
2018-10-11 16:13:02, 1.02e-12, 2.15e-10
2018-10-11 16:13:07, 1.08e-12, 2.14e-10
2018-10-11 16:13:11, 1.07e-12, 2.15e-10
2018-10-11 16:13:15, 1.03e-12, 2.15e-10
2018-10-11 16:13:19, 1.12e-12, 2.15e-10
2018-10-11 16:13:24, 1.07e-12, 2.15e-10
2018-10-11 16:13:28, 1.08e-12, 2.15e-10
2018-10-11 16:13:32, 1.1e-12, 2.14e-10
2018-10-11 16:13:36, 1.02e-12, 2.14e-10
2018-10-11 16:13:40, 1.06e-12, 2.14e-10
2018-10-11 16:13:45, 1.04e-12, 2.14e-10
2018-10-11 16:13:49, 1e-12, 2.14e-10
2018-10-11 16:13:53, 1.08e-12, 2.14e-10
2018-10-11 16:13:57, 1.18e-12, 2.14e-10
2018-10-11 16:14:02, 1.12e-12, 2.14e-10
2018-10-11 16:14:06, 1.06e-12, 2.14e-10
2018-10-11 16:14:10, 1.13e-12, 2.14e-10
2018-10-11 16:14:14, 1.08e-12, 2.14e-10
2018-10-11 16:14:18, 9.82e-13, 2.14e-10
2018-10-11 16:14:23, 1.1e-12, 2.14e-10
2018-10-11 16:14:27, 1.09e-12, 2.14e-10
2018-10-11 16:14:31, 1.07e-12, 2.14e-10
2018-10-11 16:14:35, 1.15e-12, 2.14e-10
2018-10-11 16:14:40, 1.06e-12, 2.14e-10
2018-10-11 16:14:44, 1.12e-12, 2.14e-10
2018-10-11 16:14:48, 1.09e-12, 2.14e-10
2018-10-11 16:14:52, 1.05e-12, 2.14e-10
2018-10-11 16:14:56, 1.09e-12, 2.14e-10
2018-10-11 16:15:01, 1.1e-12, 2.15e-10
2018-10-11 16:15:05, 1.05e-12, 2.14e-10
2018-10-11 16:15:09, 1e-12, 2.14e-10
2018-10-11 16:15:13, 1.12e-12, 2.15e-10
2018-10-11 16:15:18, 1.05e-12, 2.14e-10
2018-10-11 16:15:22, 1.08e-12, 2.14e-10
2018-10-11 16:15:26, 1.05e-12, 2.14e-10
2018-10-11 16:15:30, 1.13e-12, 2.14e-10
2018-10-11 16:15:34, 1.05e-12, 2.14e-10
2018-10-11 16:15:39, 1.1e-12, 2.15e-10
2018-10-11 16:15:43, 1.03e-12, 2.14e-10
2018-10-11 16:15:47, 1.1e-12, 2.14e-10
2018-10-11 16:15:51, 1.13e-12, 2.14e-10
2018-10-11 16:15:56, 1.13e-12, 2.14e-10
2018-10-11 16:16:00, 1.06e-12, 2.14e-10
2018-10-11 16:16:04, 1.14e-12, 2.14e-10
2018-10-11 16:16:08, 1.07e-12, 2.14e-10
2018-10-11 16:16:12, 1.13e-12, 2.14e-10
2018-10-11 16:16:17, 1.05e-12, 2.14e-10
2018-10-11 16:16:21, 1.09e-12, 2.14e-10
2018-10-11 16:16:25, 1.12e-12, 2.14e-10
2018-10-11 16:16:29, 1.15e-12, 2.15e-10
2018-10-11 16:16:34, 1.11e-12, 2.15e-10
2018-10-11 16:16:38, 1.1e-12, 2.14e-10
2018-10-11 16:16:42, 1.08e-12, 2.14e-10
2018-10-11 16:16:46, 1.03e-12, 2.15e-10
2018-10-11 16:16:50, 1.02e-12, 2.14e-10
2018-10-11 16:16:55, 1.15e-12, 2.14e-10
2018-10-11 16:16:59, 1.12e-12, 2.14e-10
2018-10-11 16:17:03, 9.62e-13, 2.15e-10
2018-10-11 16:17:07, 1.18e-12, 2.14e-10
2018-10-11 16:17:12, 1.09e-12, 2.14e-10
2018-10-11 16:17:16, 1.02e-12, 2.15e-10
2018-10-11 16:17:20, 1.11e-12, 2.14e-10
2018-10-11 16:17:24, 1.05e-12, 2.14e-10
2018-10-11 16:17:28, 1.15e-12, 2.14e-10
2018-10-11 16:17:33, 1.09e-12, 2.14e-10
2018-10-11 16:17:37, 1.06e-12, 2.14e-10
2018-10-11 16:17:41, 1.06e-12, 2.14e-10
2018-10-11 16:17:45, 1.04e-12, 2.14e-10
2018-10-11 16:17:50, 1.2e-12, 2.14e-10
2018-10-11 16:17:54, 1.07e-12, 2.14e-10
2018-10-11 16:17:58, 1.25e-12, 2.15e-10
2018-10-11 16:18:02, 9.59e-13, 2.15e-10
2018-10-11 16:18:06, 1.04e-12, 2.14e-10
2018-10-11 16:18:11, 1.13e-12, 2.15e-10
2018-10-11 16:18:15, 1.07e-12, 2.14e-10
2018-10-11 16:18:19, 1.1e-12, 2.14e-10
2018-10-11 16:18:23, 1.15e-12, 2.14e-10
2018-10-11 16:18:28, 1.08e-12, 2.14e-10
2018-10-11 16:18:32, 1.12e-12, 2.14e-10
2018-10-11 16:18:36, 1.1e-12, 2.15e-10
2018-10-11 16:18:40, 1.06e-12, 2.14e-10
2018-10-11 16:18:44, 1.05e-12, 2.14e-10
2018-10-11 16:18:49, 1.13e-12, 2.15e-10
2018-10-11 16:18:53, 1.14e-12, 2.15e-10
2018-10-11 16:18:57, 1.1e-12, 2.14e-10
2018-10-11 16:19:01, 1.18e-12, 2.15e-10
2018-10-11 16:19:05, 1.09e-12, 2.15e-10
2018-10-11 16:19:10, 1.11e-12, 2.14e-10
2018-10-11 16:19:14, 1.13e-12, 2.15e-10
2018-10-11 16:19:18, 1.08e-12, 2.15e-10
2018-10-11 16:19:22, 1.06e-12, 2.14e-10
2018-10-11 16:19:27, 1.1e-12, 2.14e-10
2018-10-11 16:19:31, 1.13e-12, 2.14e-10
2018-10-11 16:19:35, 1.11e-12, 2.14e-10
2018-10-11 16:19:39, 1.09e-12, 2.15e-10
2018-10-11 16:19:43, 1.06e-12, 2.15e-10
2018-10-11 16:19:48, 1.02e-12, 2.14e-10
2018-10-11 16:19:52, 1.1e-12, 2.14e-10
2018-10-11 16:19:56, 1.07e-12, 2.15e-10
2018-10-11 16:20:00, 1.01e-12, 2.14e-10
2018-10-11 16:20:05, 1.06e-12, 2.15e-10
2018-10-11 16:20:09, 1.22e-12, 2.15e-10
2018-10-11 16:20:13, 1.04e-12, 2.14e-10
2018-10-11 16:20:17, 1.08e-12, 2.15e-10
2018-10-11 16:20:21, 1.07e-12, 2.15e-10
2018-10-11 16:20:26, 1.06e-12, 2.14e-10
2018-10-11 16:20:30, 1.07e-12, 2.14e-10
2018-10-11 16:20:34, 1.05e-12, 2.14e-10
2018-10-11 16:20:38, 1.1e-12, 2.14e-10
2018-10-11 16:20:43, 1.09e-12, 2.15e-10
2018-10-11 16:20:47, 1.09e-12, 2.15e-10
2018-10-11 16:20:51, 1.03e-12, 2.14e-10
2018-10-11 16:20:55, 1.16e-12, 2.15e-10
2018-10-11 16:20:59, 1.1e-12, 2.14e-10
2018-10-11 16:21:04, 1.09e-12, 2.14e-10
2018-10-11 16:21:08, 1.03e-12, 2.14e-10
2018-10-11 16:21:12, 1.16e-12, 2.14e-10
2018-10-11 16:21:16, 1.19e-12, 2.14e-10
2018-10-11 16:21:21, 1.04e-12, 2.15e-10
2018-10-11 16:21:25, 1.04e-12, 2.14e-10
2018-10-11 16:21:29, 1.09e-12, 2.14e-10
2018-10-11 16:21:33, 1.06e-12, 2.14e-10
2018-10-11 16:21:38, 1.11e-12, 2.14e-10
2018-10-11 16:21:42, 1.07e-12, 2.14e-10
2018-10-11 16:21:46, 1.08e-12, 2.14e-10
2018-10-11 16:21:50, 1.11e-12, 2.14e-10
2018-10-11 16:21:54, 1.09e-12, 2.14e-10
2018-10-11 16:21:59, 1.04e-12, 2.14e-10
2018-10-11 16:22:03, 1.05e-12, 2.14e-10
2018-10-11 16:22:07, 1.05e-12, 2.14e-10
2018-10-11 16:22:11, 1.14e-12, 2.14e-10
2018-10-11 16:22:16, 1.1e-12, 2.14e-10
2018-10-11 16:22:20, 1.08e-12, 2.14e-10
2018-10-11 16:22:24, 1.14e-12, 2.14e-10
2018-10-11 16:22:28, 1.06e-12, 2.15e-10
2018-10-11 16:22:32, 1.1e-12, 2.14e-10
2018-10-11 16:22:37, 1.17e-12, 2.14e-10
2018-10-11 16:22:41, 1.02e-12, 2.14e-10
2018-10-11 16:22:45, 1.05e-12, 2.14e-10
2018-10-11 16:22:49, 1.15e-12, 2.14e-10
2018-10-11 16:22:53, 1.05e-12, 2.14e-10
2018-10-11 16:22:58, 1.14e-12, 2.14e-10
2018-10-11 16:23:02, 1.02e-12, 2.14e-10
2018-10-11 16:23:06, 1.19e-12, 2.14e-10
2018-10-11 16:23:10, 1.12e-12, 2.14e-10
2018-10-11 16:23:15, 1.1e-12, 2.14e-10
2018-10-11 16:23:19, 1.13e-12, 2.14e-10
2018-10-11 16:23:23, 1.15e-12, 2.14e-10
2018-10-11 16:23:27, 1.05e-12, 2.15e-10
2018-10-11 16:23:31, 1.22e-12, 2.14e-10
2018-10-11 16:23:36, 1.15e-12, 2.14e-10
2018-10-11 16:23:40, 1.1e-12, 2.14e-10
2018-10-11 16:23:44, 1.1e-12, 2.14e-10
2018-10-11 16:23:48, 1.15e-12, 2.14e-10
2018-10-11 16:23:53, 9.75e-13, 2.14e-10
2018-10-11 16:23:57, 1.04e-12, 2.14e-10
2018-10-11 16:24:01, 1.15e-12, 2.14e-10
2018-10-11 16:24:05, 1.07e-12, 2.14e-10
2018-10-11 16:24:09, 1e-12, 2.14e-10
2018-10-11 16:24:14, 1.09e-12, 2.14e-10
2018-10-11 16:24:18, 1.1e-12, 2.14e-10
2018-10-11 16:24:22, 1.03e-12, 2.14e-10
2018-10-11 16:24:26, 1.13e-12, 2.14e-10
2018-10-11 16:24:31, 1.04e-12, 2.14e-10
2018-10-11 16:24:35, 1.05e-12, 2.14e-10
2018-10-11 16:24:39, 1.11e-12, 2.14e-10
2018-10-11 16:24:43, 1.13e-12, 2.14e-10
2018-10-11 16:24:47, 1.16e-12, 2.14e-10
2018-10-11 16:24:52, 1.13e-12, 2.14e-10
2018-10-11 16:24:56, 1.14e-12, 2.14e-10
2018-10-11 16:25:00, 1.04e-12, 2.14e-10
2018-10-11 16:25:04, 1.11e-12, 2.14e-10
2018-10-11 16:25:09, 1.06e-12, 2.14e-10
2018-10-11 16:25:13, 1.06e-12, 2.15e-10
2018-10-11 16:25:17, 1.13e-12, 2.14e-10
2018-10-11 16:25:21, 1.1e-12, 2.14e-10
2018-10-11 16:25:25, 1.03e-12, 2.14e-10
2018-10-11 16:25:30, 1.17e-12, 2.14e-10
2018-10-11 16:25:34, 1.08e-12, 2.14e-10
2018-10-11 16:25:38, 1.13e-12, 2.14e-10
2018-10-11 16:25:42, 1.13e-12, 2.14e-10
2018-10-11 16:25:47, 1.03e-12, 2.14e-10
2018-10-11 16:25:51, 1.11e-12, 2.14e-10
2018-10-11 16:25:55, 1.14e-12, 2.14e-10
2018-10-11 16:25:59, 1.02e-12, 2.14e-10
2018-10-11 16:26:03, 1.06e-12, 2.14e-10
2018-10-11 16:26:08, 1.09e-12, 2.14e-10
2018-10-11 16:26:12, 1.07e-12, 2.14e-10
2018-10-11 16:26:16, 1.08e-12, 2.14e-10
2018-10-11 16:26:20, 1.09e-12, 2.14e-10
2018-10-11 16:26:25, 9.52e-13, 2.14e-10
2018-10-11 16:26:29, 1.07e-12, 2.14e-10
2018-10-11 16:26:33, 1.11e-12, 2.14e-10
2018-10-11 16:26:37, 1.01e-12, 2.14e-10
2018-10-11 16:26:41, 1.12e-12, 2.14e-10
2018-10-11 16:26:46, 1.09e-12, 2.14e-10
2018-10-11 16:26:50, 1.07e-12, 2.14e-10
2018-10-11 16:26:54, 1.18e-12, 2.14e-10
2018-10-11 16:26:58, 1.19e-12, 2.16e-10
2018-10-11 16:27:03, 1.06e-12, 2.14e-10
2018-10-11 16:27:07, 1.11e-12, 2.14e-10
2018-10-11 16:27:11, 1.19e-12, 2.18e-10
2018-10-11 16:27:15, 1.05e-12, 2.14e-10
2018-10-11 16:27:19, 1.09e-12, 2.14e-10
2018-10-11 16:27:24, 1.1e-12, 2.15e-10
2018-10-11 16:27:28, 1.15e-12, 2.14e-10
2018-10-11 16:27:32, 1.07e-12, 2.15e-10
2018-10-11 16:27:36, 1.08e-12, 2.14e-10
2018-10-11 16:27:41, 1.03e-12, 2.14e-10
2018-10-11 16:27:45, 1.07e-12, 2.14e-10
2018-10-11 16:27:49, 1.08e-12, 2.14e-10
2018-10-11 16:27:53, 1.04e-12, 2.14e-10
2018-10-11 16:27:57, 1.09e-12, 2.14e-10
2018-10-11 16:28:02, 1.07e-12, 2.14e-10
2018-10-11 16:28:06, 1.09e-12, 2.14e-10
2018-10-11 16:28:10, 1.06e-12, 2.14e-10
2018-10-11 16:28:14, 1.1e-12, 2.14e-10
2018-10-11 16:28:19, 1.05e-12, 2.14e-10
2018-10-11 16:28:23, 1.06e-12, 2.14e-10
2018-10-11 16:28:27, 1.08e-12, 2.14e-10
2018-10-11 16:28:31, 1.06e-12, 2.14e-10
2018-10-11 16:28:35, 1.03e-12, 2.14e-10
2018-10-11 16:28:40, 1.09e-12, 2.14e-10
2018-10-11 16:28:44, 1.02e-12, 2.14e-10
2018-10-11 16:28:48, 1.12e-12, 2.14e-10
2018-10-11 16:28:52, 1.01e-12, 2.14e-10
2018-10-11 16:28:57, 1.07e-12, 2.14e-10
2018-10-11 16:29:01, 1.09e-12, 2.14e-10
2018-10-11 16:29:05, 1.12e-12, 2.14e-10
2018-10-11 16:29:09, 9.87e-13, 2.14e-10
2018-10-11 16:29:13, 1.04e-12, 2.14e-10
2018-10-11 16:29:18, 1.1e-12, 2.14e-10
2018-10-11 16:29:22, 1.12e-12, 2.14e-10
2018-10-11 16:29:26, 1.05e-12, 2.14e-10
2018-10-11 16:29:30, 1.18e-12, 2.14e-10
2018-10-11 16:29:35, 1.03e-12, 2.14e-10
2018-10-11 16:29:39, 1.08e-12, 2.14e-10
2018-10-11 16:29:43, 1.2e-12, 2.14e-10
2018-10-11 16:29:47, 1.05e-12, 2.14e-10
2018-10-11 16:29:51, 1.06e-12, 2.14e-10
2018-10-11 16:29:56, 1.18e-12, 2.14e-10
2018-10-11 16:30:00, 1.09e-12, 2.14e-10
2018-10-11 16:30:04, 1.05e-12, 2.13e-10
2018-10-11 16:30:08, 1.04e-12, 2.14e-10
2018-10-11 16:30:12, 1.08e-12, 2.14e-10
2018-10-11 16:30:17, 1.02e-12, 2.13e-10
2018-10-11 16:30:21, 1.1e-12, 2.14e-10
2018-10-11 16:30:25, 1.08e-12, 2.14e-10
2018-10-11 16:30:29, 1.07e-12, 2.13e-10
2018-10-11 16:30:34, 1.05e-12, 2.14e-10
2018-10-11 16:30:38, 1.08e-12, 2.13e-10
2018-10-11 16:30:42, 1.09e-12, 2.13e-10
2018-10-11 16:30:46, 1.11e-12, 2.14e-10
2018-10-11 16:30:50, 1.1e-12, 2.14e-10
2018-10-11 16:30:55, 1.06e-12, 2.13e-10
2018-10-11 16:30:59, 1.11e-12, 2.14e-10
2018-10-11 16:31:03, 1.08e-12, 2.14e-10
2018-10-11 16:31:07, 9.91e-13, 2.13e-10
2018-10-11 16:31:12, 1.13e-12, 2.14e-10
2018-10-11 16:31:16, 1.1e-12, 2.14e-10
2018-10-11 16:31:20, 1.04e-12, 2.13e-10
2018-10-11 16:31:24, 1.08e-12, 2.14e-10
2018-10-11 16:31:28, 1.09e-12, 2.14e-10
2018-10-11 16:31:33, 1.06e-12, 2.13e-10
2018-10-11 16:31:37, 1.08e-12, 2.14e-10
2018-10-11 16:31:41, 1.1e-12, 2.14e-10
2018-10-11 16:31:45, 1.09e-12, 2.13e-10
2018-10-11 16:31:50, 1.06e-12, 2.14e-10
2018-10-11 16:31:54, 1.06e-12, 2.14e-10
2018-10-11 16:31:58, 1.13e-12, 2.13e-10
2018-10-11 16:32:02, 1.1e-12, 2.14e-10
2018-10-11 16:32:07, 1.07e-12, 2.14e-10
2018-10-11 16:32:11, 1e-12, 2.13e-10
2018-10-11 16:32:15, 1.06e-12, 2.14e-10
2018-10-11 16:32:19, 1.09e-12, 2.14e-10
2018-10-11 16:32:23, 1.13e-12, 2.13e-10
2018-10-11 16:32:28, 1.1e-12, 2.13e-10
2018-10-11 16:32:32, 1.07e-12, 2.13e-10
2018-10-11 16:32:36, 1.07e-12, 2.13e-10
2018-10-11 16:32:40, 1.05e-12, 2.13e-10
2018-10-11 16:32:45, 9.9e-13, 2.14e-10
2018-10-11 16:32:49, 1.1e-12, 2.13e-10
2018-10-11 16:32:53, 1.06e-12, 2.14e-10
2018-10-11 16:32:57, 1.09e-12, 2.14e-10
2018-10-11 16:33:01, 1.01e-12, 2.13e-10
2018-10-11 16:33:06, 1.07e-12, 2.14e-10
2018-10-11 16:33:10, 1.1e-12, 2.14e-10
2018-10-11 16:33:14, 1.12e-12, 2.13e-10
2018-10-11 16:33:18, 1.1e-12, 2.14e-10
2018-10-11 16:33:23, 1.09e-12, 2.14e-10
2018-10-11 16:33:27, 1.05e-12, 2.14e-10
2018-10-11 16:33:31, 1.01e-12, 2.13e-10
2018-10-11 16:33:35, 1.04e-12, 2.13e-10
2018-10-11 16:33:39, 1.05e-12, 2.13e-10
2018-10-11 16:33:44, 1.07e-12, 2.14e-10
2018-10-11 16:33:48, 1.11e-12, 2.14e-10
2018-10-11 16:33:52, 1.14e-12, 2.13e-10
2018-10-11 16:33:56, 1.06e-12, 2.14e-10
2018-10-11 16:34:01, 1.05e-12, 2.14e-10
2018-10-11 16:34:05, 1.1e-12, 2.13e-10
2018-10-11 16:34:09, 9.6e-13, 2.14e-10
2018-10-11 16:34:13, 1.02e-12, 2.14e-10
2018-10-11 16:34:17, 1.1e-12, 2.13e-10
2018-10-11 16:34:22, 1.02e-12, 2.14e-10
2018-10-11 16:34:26, 1.11e-12, 2.14e-10
2018-10-11 16:34:30, 1.13e-12, 2.13e-10
2018-10-11 16:34:34, 1.26e-12, 2.14e-10
2018-10-11 16:34:38, 1.11e-12, 2.14e-10
2018-10-11 16:34:43, 1.04e-12, 2.13e-10
2018-10-11 16:34:47, 1.07e-12, 2.14e-10
2018-10-11 16:34:51, 1.05e-12, 2.14e-10
2018-10-11 16:34:55, 1.15e-12, 2.13e-10
2018-10-11 16:35:00, 1.06e-12, 2.14e-10
2018-10-11 16:35:04, 1.1e-12, 2.14e-10
2018-10-11 16:35:08, 1.14e-12, 2.13e-10
2018-10-11 16:35:12, 1.1e-12, 2.14e-10
2018-10-11 16:35:16, 1.09e-12, 2.13e-10
2018-10-11 16:35:21, 1.26e-12, 2.13e-10
2018-10-11 16:35:25, 1.08e-12, 2.14e-10
2018-10-11 16:35:29, 1.08e-12, 2.14e-10
2018-10-11 16:35:33, 1.06e-12, 2.13e-10
2018-10-11 16:35:38, 1.04e-12, 2.14e-10
2018-10-11 16:35:42, 1.05e-12, 2.14e-10
2018-10-11 16:35:46, 1.09e-12, 2.13e-10
2018-10-11 16:35:50, 1.07e-12, 2.14e-10
2018-10-11 16:35:54, 1.09e-12, 2.14e-10
2018-10-11 16:35:59, 1.13e-12, 2.14e-10
2018-10-11 16:36:03, 1.1e-12, 2.14e-10
2018-10-11 16:36:07, 1.16e-12, 2.14e-10
2018-10-11 16:36:11, 1.11e-12, 2.14e-10
2018-10-11 16:36:16, 1.08e-12, 2.14e-10
2018-10-11 16:36:20, 1.04e-12, 2.14e-10
2018-10-11 16:36:24, 1.09e-12, 2.14e-10
2018-10-11 16:36:28, 1.09e-12, 2.14e-10
2018-10-11 16:36:32, 1.15e-12, 2.14e-10
2018-10-11 16:36:37, 1.09e-12, 2.14e-10
2018-10-11 16:36:41, 1.07e-12, 2.14e-10
2018-10-11 16:36:45, 1.04e-12, 2.14e-10
2018-10-11 16:36:49, 1.23e-12, 2.14e-10
2018-10-11 16:36:54, 1.16e-12, 2.16e-10
2018-10-11 16:36:58, 1.1e-12, 2.16e-10
2018-10-11 16:37:02, 1.07e-12, 2.14e-10
2018-10-11 16:37:06, 1.07e-12, 2.14e-10
2018-10-11 16:37:10, 1.09e-12, 2.14e-10
2018-10-11 16:37:15, 1.11e-12, 2.14e-10
2018-10-11 16:37:19, 1.07e-12, 2.14e-10
2018-10-11 16:37:23, 1.05e-12, 2.14e-10
2018-10-11 16:37:27, 1.08e-12, 2.14e-10
2018-10-11 16:37:32, 1.1e-12, 2.14e-10
2018-10-11 16:37:36, 1.05e-12, 2.14e-10
2018-10-11 16:37:40, 1.1e-12, 2.14e-10
2018-10-11 16:37:44, 1.06e-12, 2.14e-10
2018-10-11 16:37:48, 1.07e-12, 2.14e-10
2018-10-11 16:37:53, 1.14e-12, 2.14e-10
2018-10-11 16:37:57, 1.04e-12, 2.14e-10
2018-10-11 16:38:01, 1.1e-12, 2.14e-10
2018-10-11 16:38:05, 1.12e-12, 2.14e-10
2018-10-11 16:38:10, 1.14e-12, 2.14e-10
2018-10-11 16:38:14, 1.07e-12, 2.14e-10
2018-10-11 16:38:18, 1.06e-12, 2.14e-10
2018-10-11 16:38:22, 1.07e-12, 2.14e-10
2018-10-11 16:38:26, 1.08e-12, 2.14e-10
2018-10-11 16:38:31, 1.05e-12, 2.14e-10
2018-10-11 16:38:35, 1.02e-12, 2.14e-10
2018-10-11 16:38:39, 1.08e-12, 2.14e-10
2018-10-11 16:38:43, 1.15e-12, 2.14e-10
2018-10-11 16:38:48, 1.19e-12, 2.14e-10
2018-10-11 16:38:52, 1.24e-12, 2.14e-10
2018-10-11 16:38:56, 1.01e-12, 2.14e-10
2018-10-11 16:39:00, 1.08e-12, 2.14e-10
2018-10-11 16:39:04, 1.14e-12, 2.14e-10
2018-10-11 16:39:09, 1.09e-12, 2.14e-10
2018-10-11 16:39:13, 1.07e-12, 2.14e-10
2018-10-11 16:39:17, 1.1e-12, 2.14e-10
2018-10-11 16:39:21, 1.13e-12, 2.14e-10
2018-10-11 16:39:26, 1.05e-12, 2.14e-10
2018-10-11 16:39:30, 1.06e-12, 2.14e-10
2018-10-11 16:39:34, 1.05e-12, 2.14e-10
2018-10-11 16:39:38, 1.09e-12, 2.14e-10
2018-10-11 16:39:42, 1.05e-12, 2.14e-10
2018-10-11 16:39:47, 1.03e-12, 2.14e-10
2018-10-11 16:39:51, 1.12e-12, 2.14e-10
2018-10-11 16:39:55, 1.07e-12, 2.14e-10
2018-10-11 16:39:59, 1.12e-12, 2.14e-10
2018-10-11 16:40:04, 1.13e-12, 2.14e-10
2018-10-11 16:40:08, 1.12e-12, 2.14e-10
2018-10-11 16:40:12, 1.13e-12, 2.14e-10
2018-10-11 16:40:16, 1.08e-12, 2.14e-10
2018-10-11 16:40:20, 1.12e-12, 2.14e-10
2018-10-11 16:40:25, 1.12e-12, 2.14e-10
2018-10-11 16:40:29, 1.05e-12, 2.14e-10
2018-10-11 16:40:33, 1.1e-12, 2.13e-10
2018-10-11 16:40:37, 1.11e-12, 2.14e-10
2018-10-11 16:40:41, 1.14e-12, 2.14e-10
2018-10-11 16:40:46, 1.08e-12, 2.14e-10
2018-10-11 16:40:50, 1.08e-12, 2.14e-10
2018-10-11 16:40:54, 9.98e-13, 2.14e-10
2018-10-11 16:40:58, 1.02e-12, 2.14e-10
2018-10-11 16:41:03, 1.07e-12, 2.14e-10
2018-10-11 16:41:07, 1.07e-12, 2.14e-10
2018-10-11 16:41:11, 1.04e-12, 2.14e-10
2018-10-11 16:41:15, 1.09e-12, 2.14e-10
2018-10-11 16:41:19, 1.13e-12, 2.14e-10
2018-10-11 16:41:24, 1.04e-12, 2.14e-10
2018-10-11 16:41:28, 1.08e-12, 2.14e-10
2018-10-11 16:41:32, 1.11e-12, 2.14e-10
2018-10-11 16:41:36, 1.07e-12, 2.14e-10
2018-10-11 16:41:41, 1.11e-12, 2.14e-10
2018-10-11 16:41:45, 1.06e-12, 2.14e-10
2018-10-11 16:41:49, 1.05e-12, 2.13e-10
2018-10-11 16:41:53, 1.11e-12, 2.14e-10
2018-10-11 16:41:57, 1.08e-12, 2.14e-10
2018-10-11 16:42:02, 1.04e-12, 2.13e-10
2018-10-11 16:42:06, 1.24e-12, 2.14e-10
2018-10-11 16:42:10, 1.08e-12, 2.14e-10
2018-10-11 16:42:14, 1.06e-12, 2.14e-10
2018-10-11 16:42:19, 1.06e-12, 2.14e-10
2018-10-11 16:42:23, 1.19e-12, 2.14e-10
2018-10-11 16:42:27, 1.06e-12, 2.13e-10
2018-10-11 16:42:31, 1.1e-12, 2.14e-10
2018-10-11 16:42:35, 1.05e-12, 2.14e-10
2018-10-11 16:42:40, 1.08e-12, 2.13e-10
2018-10-11 16:42:44, 1.07e-12, 2.14e-10
2018-10-11 16:42:48, 1.09e-12, 2.14e-10
2018-10-11 16:42:52, 1.1e-12, 2.14e-10
2018-10-11 16:42:57, 1.08e-12, 2.14e-10
2018-10-11 16:43:01, 1.07e-12, 2.14e-10
2018-10-11 16:43:05, 1.14e-12, 2.13e-10
2018-10-11 16:43:09, 1.14e-12, 2.14e-10
2018-10-11 16:43:13, 1.08e-12, 2.14e-10
2018-10-11 16:43:18, 1.08e-12, 2.14e-10
2018-10-11 16:43:22, 1.16e-12, 2.14e-10
2018-10-11 16:43:26, 1.07e-12, 2.14e-10
2018-10-11 16:43:30, 1.09e-12, 2.13e-10
2018-10-11 16:43:35, 1.07e-12, 2.14e-10
2018-10-11 16:43:39, 1.03e-12, 2.14e-10
2018-10-11 16:43:43, 1.06e-12, 2.14e-10
2018-10-11 16:43:47, 1.17e-12, 2.14e-10
2018-10-11 16:43:51, 1.12e-12, 2.14e-10
2018-10-11 16:43:56, 1.14e-12, 2.13e-10
2018-10-11 16:44:00, 1.1e-12, 2.14e-10
2018-10-11 16:44:04, 9.88e-13, 2.14e-10
2018-10-11 16:44:08, 1.12e-12, 2.13e-10
2018-10-11 16:44:13, 1.1e-12, 2.14e-10
2018-10-11 16:44:17, 1.06e-12, 2.14e-10
2018-10-11 16:44:21, 1.13e-12, 2.14e-10
2018-10-11 16:44:25, 1.05e-12, 2.13e-10
2018-10-11 16:44:29, 1.12e-12, 2.14e-10
2018-10-11 16:44:34, 1.08e-12, 2.13e-10
2018-10-11 16:44:38, 1.11e-12, 2.14e-10
2018-10-11 16:44:42, 1.12e-12, 2.14e-10
2018-10-11 16:44:46, 1.1e-12, 2.13e-10
2018-10-11 16:44:51, 1.08e-12, 2.14e-10
2018-10-11 16:44:55, 1.08e-12, 2.14e-10
2018-10-11 16:44:59, 1.12e-12, 2.13e-10
2018-10-11 16:45:03, 1.11e-12, 2.14e-10
2018-10-11 16:45:07, 1.05e-12, 2.14e-10
2018-10-11 16:45:12, 1.07e-12, 2.13e-10
2018-10-11 16:45:16, 1.04e-12, 2.13e-10
2018-10-11 16:45:20, 1.11e-12, 2.14e-10
2018-10-11 16:45:24, 1.05e-12, 2.13e-10
2018-10-11 16:45:29, 1.09e-12, 2.14e-10
2018-10-11 16:45:33, 1.11e-12, 2.14e-10
2018-10-11 16:45:37, 1.11e-12, 2.13e-10
2018-10-11 16:45:41, 1.05e-12, 2.14e-10
2018-10-11 16:45:45, 1.06e-12, 2.14e-10
2018-10-11 16:45:50, 1.12e-12, 2.13e-10
2018-10-11 16:45:54, 1.21e-12, 2.14e-10
2018-10-11 16:45:58, 1.11e-12, 2.14e-10
2018-10-11 16:46:02, 1.1e-12, 2.14e-10
2018-10-11 16:46:07, 1.05e-12, 2.14e-10
2018-10-11 16:46:11, 1.04e-12, 2.14e-10
2018-10-11 16:46:15, 1.09e-12, 2.14e-10
2018-10-11 16:46:19, 1.11e-12, 2.14e-10
2018-10-11 16:46:23, 1.02e-12, 2.14e-10
2018-10-11 16:46:28, 1.13e-12, 2.13e-10
2018-10-11 16:46:32, 1.09e-12, 2.14e-10
2018-10-11 16:46:36, 1.05e-12, 2.14e-10
2018-10-11 16:46:40, 1.19e-12, 2.14e-10
2018-10-11 16:46:44, 1.11e-12, 2.14e-10
2018-10-11 16:46:49, 1.06e-12, 2.14e-10
2018-10-11 16:46:53, 1.09e-12, 2.14e-10
2018-10-11 16:46:57, 1.05e-12, 2.14e-10
2018-10-11 16:47:01, 1.09e-12, 2.14e-10
2018-10-11 16:47:06, 1.14e-12, 2.14e-10
2018-10-11 16:47:10, 1.15e-12, 2.14e-10
2018-10-11 16:47:14, 1.17e-12, 2.14e-10
2018-10-11 16:47:18, 1.15e-12, 2.14e-10
2018-10-11 16:47:22, 1.05e-12, 2.14e-10
2018-10-11 16:47:27, 1.04e-12, 2.14e-10
2018-10-11 16:47:31, 1.09e-12, 2.14e-10
2018-10-11 16:47:35, 1.12e-12, 2.14e-10
2018-10-11 16:47:39, 1.09e-12, 2.14e-10
2018-10-11 16:47:44, 1.13e-12, 2.14e-10
2018-10-11 16:47:48, 1.04e-12, 2.14e-10
2018-10-11 16:47:52, 1.06e-12, 2.14e-10
2018-10-11 16:47:56, 1.14e-12, 2.14e-10
2018-10-11 16:48:00, 1.09e-12, 2.14e-10
2018-10-11 16:48:05, 1.03e-12, 2.14e-10
2018-10-11 16:48:09, 1.15e-12, 2.14e-10
2018-10-11 16:48:13, 1.08e-12, 2.14e-10
2018-10-11 16:48:17, 1.01e-12, 2.14e-10
2018-10-11 16:48:22, 1.14e-12, 2.14e-10
2018-10-11 16:48:26, 1.16e-12, 2.14e-10
2018-10-11 16:48:30, 1.09e-12, 2.14e-10
2018-10-11 16:48:34, 1.16e-12, 2.14e-10
2018-10-11 16:48:38, 1.05e-12, 2.14e-10
2018-10-11 16:48:43, 1.09e-12, 2.15e-10
2018-10-11 16:48:47, 1.13e-12, 2.14e-10
2018-10-11 16:48:51, 1.05e-12, 2.14e-10
2018-10-11 16:48:55, 1.06e-12, 2.14e-10
2018-10-11 16:49:00, 1.07e-12, 2.14e-10
2018-10-11 16:49:04, 1.06e-12, 2.14e-10
2018-10-11 16:49:08, 1.04e-12, 2.15e-10
2018-10-11 16:49:12, 1.12e-12, 2.14e-10
2018-10-11 16:49:16, 1.09e-12, 2.14e-10
2018-10-11 16:49:21, 1.06e-12, 2.14e-10
2018-10-11 16:49:25, 1.08e-12, 2.14e-10
2018-10-11 16:49:29, 1.08e-12, 2.14e-10
2018-10-11 16:49:33, 1.1e-12, 2.14e-10
2018-10-11 16:49:38, 1.1e-12, 2.14e-10
2018-10-11 16:49:42, 1.14e-12, 2.14e-10
2018-10-11 16:49:46, 1.07e-12, 2.14e-10
2018-10-11 16:49:50, 1.07e-12, 2.15e-10
2018-10-11 16:49:54, 1.09e-12, 2.14e-10
2018-10-11 16:49:59, 1.08e-12, 2.14e-10
2018-10-11 16:50:03, 1.08e-12, 2.14e-10
2018-10-11 16:50:07, 1.11e-12, 2.14e-10
2018-10-11 16:50:11, 1.03e-12, 2.14e-10
2018-10-11 16:50:16, 1.14e-12, 2.14e-10
2018-10-11 16:50:20, 1.06e-12, 2.14e-10
2018-10-11 16:50:24, 1.06e-12, 2.14e-10
2018-10-11 16:50:28, 1.14e-12, 2.14e-10
2018-10-11 16:50:32, 1.09e-12, 2.14e-10
2018-10-11 16:50:37, 1.04e-12, 2.14e-10
2018-10-11 16:50:41, 1.1e-12, 2.14e-10
2018-10-11 16:50:45, 1.09e-12, 2.14e-10
2018-10-11 16:50:49, 1.06e-12, 2.14e-10
2018-10-11 16:50:54, 1.08e-12, 2.14e-10
2018-10-11 16:50:58, 1.13e-12, 2.14e-10
2018-10-11 16:51:02, 1.08e-12, 2.14e-10
2018-10-11 16:51:06, 1.17e-12, 2.14e-10
2018-10-11 16:51:10, 1.11e-12, 2.14e-10
2018-10-11 16:51:15, 1.09e-12, 2.14e-10
2018-10-11 16:51:19, 1.26e-12, 2.14e-10
2018-10-11 16:51:23, 1.08e-12, 2.14e-10
2018-10-11 16:51:27, 1.09e-12, 2.14e-10
2018-10-11 16:51:32, 1.1e-12, 2.14e-10
2018-10-11 16:51:36, 1.06e-12, 2.14e-10
2018-10-11 16:51:40, 1.01e-12, 2.14e-10
2018-10-11 16:51:44, 1.09e-12, 2.14e-10
2018-10-11 16:51:48, 1.12e-12, 2.14e-10
2018-10-11 16:51:53, 1.08e-12, 2.14e-10
2018-10-11 16:51:57, 1.13e-12, 2.14e-10
2018-10-11 16:52:01, 1.11e-12, 2.14e-10
2018-10-11 16:52:05, 1.07e-12, 2.13e-10
2018-10-11 16:52:09, 1.07e-12, 2.14e-10
2018-10-11 16:52:14, 1.08e-12, 2.14e-10
2018-10-11 16:52:18, 1.07e-12, 2.14e-10
2018-10-11 16:52:22, 1.12e-12, 2.14e-10
2018-10-11 16:52:26, 9.69e-13, 2.14e-10
2018-10-11 16:52:31, 1.05e-12, 2.14e-10
2018-10-11 16:52:35, 1.07e-12, 2.14e-10
2018-10-11 16:52:39, 1.05e-12, 2.14e-10
2018-10-11 16:52:43, 1.01e-12, 2.14e-10
2018-10-11 16:52:48, 1.08e-12, 2.14e-10
2018-10-11 16:52:52, 1.04e-12, 2.14e-10
2018-10-11 16:52:56, 1.14e-12, 2.14e-10
2018-10-11 16:53:00, 1.1e-12, 2.14e-10
2018-10-11 16:53:04, 1.14e-12, 2.14e-10
2018-10-11 16:53:09, 1.24e-12, 2.14e-10
2018-10-11 16:53:13, 1.16e-12, 2.14e-10
2018-10-11 16:53:17, 1.01e-12, 2.14e-10
2018-10-11 16:53:21, 1.06e-12, 2.14e-10
2018-10-11 16:53:26, 1.15e-12, 2.14e-10
2018-10-11 16:53:30, 1.04e-12, 2.14e-10
2018-10-11 16:53:34, 1.1e-12, 2.13e-10
2018-10-11 16:53:38, 1.14e-12, 2.14e-10
2018-10-11 16:53:42, 1.09e-12, 2.14e-10
2018-10-11 16:53:47, 1.08e-12, 2.14e-10
2018-10-11 16:53:51, 1.12e-12, 2.14e-10
2018-10-11 16:53:55, 1.06e-12, 2.14e-10
2018-10-11 16:53:59, 1.05e-12, 2.14e-10
2018-10-11 16:54:03, 1.04e-12, 2.14e-10
2018-10-11 16:54:08, 1.16e-12, 2.14e-10
2018-10-11 16:54:12, 1.1e-12, 2.14e-10
2018-10-11 16:54:16, 1.08e-12, 2.14e-10
2018-10-11 16:54:20, 1.11e-12, 2.14e-10
2018-10-11 16:54:25, 1.09e-12, 2.14e-10
2018-10-11 16:54:29, 1.22e-12, 2.14e-10
2018-10-11 16:54:33, 1.09e-12, 2.14e-10
2018-10-11 16:54:37, 1.13e-12, 2.13e-10
2018-10-11 16:54:41, 1.2e-12, 2.14e-10
2018-10-11 16:54:46, 1.07e-12, 2.14e-10
2018-10-11 16:54:50, 1.04e-12, 2.13e-10
2018-10-11 16:54:54, 1.11e-12, 2.14e-10
2018-10-11 16:54:58, 1.04e-12, 2.14e-10
2018-10-11 16:55:03, 1.12e-12, 2.13e-10
2018-10-11 16:55:07, 1.04e-12, 2.14e-10
2018-10-11 16:55:11, 1.03e-12, 2.14e-10
2018-10-11 16:55:15, 1.03e-12, 2.14e-10
2018-10-11 16:55:19, 1.1e-12, 2.14e-10
2018-10-11 16:55:24, 1.1e-12, 2.14e-10
2018-10-11 16:55:28, 1.08e-12, 2.14e-10
2018-10-11 16:55:32, 1.12e-12, 2.14e-10
2018-10-11 16:55:36, 1.01e-12, 2.14e-10
2018-10-11 16:55:41, 1.1e-12, 2.14e-10
2018-10-11 16:55:45, 1.11e-12, 2.14e-10
2018-10-11 16:55:49, 1.1e-12, 2.14e-10
2018-10-11 16:55:53, 1.04e-12, 2.13e-10
2018-10-11 16:55:57, 1.01e-12, 2.14e-10
2018-10-11 16:56:02, 1.08e-12, 2.14e-10
2018-10-11 16:56:06, 9.72e-13, 2.14e-10
2018-10-11 16:56:10, 9.04e-13, 2.14e-10
2018-10-11 16:56:14, 1.2e-12, 2.14e-10
2018-10-11 16:56:19, 1.09e-12, 2.14e-10
2018-10-11 16:56:23, 1.05e-12, 2.14e-10
2018-10-11 16:56:27, 1.07e-12, 2.14e-10
2018-10-11 16:56:31, 9.59e-13, 2.14e-10
2018-10-11 16:56:35, 1.06e-12, 2.14e-10
2018-10-11 16:56:40, 1.08e-12, 2.14e-10
2018-10-11 16:56:44, 1.06e-12, 2.14e-10
2018-10-11 16:56:48, 1.08e-12, 2.14e-10
2018-10-11 16:56:52, 1.02e-12, 2.14e-10
2018-10-11 16:56:57, 1.09e-12, 2.14e-10
2018-10-11 16:57:01, 1.09e-12, 2.14e-10
2018-10-11 16:57:05, 1.03e-12, 2.14e-10
2018-10-11 16:57:09, 1.07e-12, 2.14e-10
2018-10-11 16:57:13, 1.05e-12, 2.14e-10
2018-10-11 16:57:18, 1.08e-12, 2.14e-10
2018-10-11 16:57:22, 1.03e-12, 2.14e-10
2018-10-11 16:57:26, 1.03e-12, 2.14e-10
2018-10-11 16:57:30, 1.08e-12, 2.14e-10
2018-10-11 16:57:35, 1.06e-12, 2.13e-10
2018-10-11 16:57:39, 1.07e-12, 2.14e-10
2018-10-11 16:57:43, 1.04e-12, 2.14e-10
2018-10-11 16:57:47, 1.09e-12, 2.14e-10
2018-10-11 16:57:51, 1.03e-12, 2.14e-10
2018-10-11 16:57:56, 1.04e-12, 2.14e-10
2018-10-11 16:58:00, 1.02e-12, 2.14e-10
2018-10-11 16:58:04, 1.13e-12, 2.14e-10
2018-10-11 16:58:08, 1.08e-12, 2.14e-10
2018-10-11 16:58:13, 1.07e-12, 2.14e-10
2018-10-11 16:58:17, 1.08e-12, 2.14e-10
2018-10-11 16:58:21, 1.11e-12, 2.14e-10
2018-10-11 16:58:25, 1.13e-12, 2.14e-10
2018-10-11 16:58:29, 1.11e-12, 2.14e-10
2018-10-11 16:58:34, 1.03e-12, 2.14e-10
2018-10-11 16:58:38, 1.05e-12, 2.14e-10
2018-10-11 16:58:42, 1.16e-12, 2.15e-10
2018-10-11 16:58:46, 1.04e-12, 2.15e-10
2018-10-11 16:58:51, 1.04e-12, 2.14e-10
2018-10-11 16:58:55, 1.1e-12, 2.14e-10
2018-10-11 16:58:59, 1.06e-12, 2.15e-10
2018-10-11 16:59:03, 1.11e-12, 2.14e-10
2018-10-11 16:59:07, 1.05e-12, 2.15e-10
2018-10-11 16:59:12, 1.01e-12, 2.14e-10
2018-10-11 16:59:16, 1.03e-12, 2.14e-10
2018-10-11 16:59:20, 1.1e-12, 2.15e-10
2018-10-11 16:59:24, 1.07e-12, 2.15e-10
2018-10-11 16:59:29, 1.09e-12, 2.15e-10
2018-10-11 16:59:33, 1.08e-12, 2.15e-10
2018-10-11 16:59:37, 1.03e-12, 2.15e-10
2018-10-11 16:59:41, 1.12e-12, 2.14e-10
2018-10-11 16:59:45, 1.06e-12, 2.15e-10
2018-10-11 16:59:50, 1.07e-12, 2.15e-10
2018-10-11 16:59:54, 1.3e-12, 2.15e-10
2018-10-11 16:59:58, 1.13e-12, 2.15e-10
2018-10-11 17:00:02, 1.08e-12, 2.15e-10
2018-10-11 17:00:07, 1.08e-12, 2.15e-10
2018-10-11 17:00:11, 1.11e-12, 2.15e-10
2018-10-11 17:00:15, 1.08e-12, 2.15e-10
2018-10-11 17:00:19, 1.16e-12, 2.15e-10
2018-10-11 17:00:23, 1.1e-12, 2.15e-10
2018-10-11 17:00:28, 1.03e-12, 2.15e-10
2018-10-11 17:00:32, 1.11e-12, 2.15e-10
2018-10-11 17:00:36, 1.09e-12, 2.15e-10
2018-10-11 17:00:40, 9.78e-13, 2.15e-10
2018-10-11 17:00:44, 1.05e-12, 2.15e-10
2018-10-11 17:00:49, 1.08e-12, 2.15e-10
2018-10-11 17:00:53, 1.04e-12, 2.15e-10
2018-10-11 17:00:57, 1.19e-12, 2.15e-10
2018-10-11 17:01:01, 1.05e-12, 2.14e-10
2018-10-11 17:01:06, 1.09e-12, 2.15e-10
2018-10-11 17:01:10, 1.14e-12, 2.15e-10
2018-10-11 17:01:14, 1.1e-12, 2.15e-10
2018-10-11 17:01:18, 1.04e-12, 2.15e-10
2018-10-11 17:01:22, 1.11e-12, 2.15e-10
2018-10-11 17:01:27, 1.08e-12, 2.14e-10
2018-10-11 17:01:31, 1.01e-12, 2.15e-10
2018-10-11 17:01:35, 1.22e-12, 2.15e-10
2018-10-11 17:01:39, 1.08e-12, 2.15e-10
2018-10-11 17:01:44, 1.13e-12, 2.15e-10
2018-10-11 17:01:48, 1.12e-12, 2.15e-10
2018-10-11 17:01:52, 1.09e-12, 2.15e-10
2018-10-11 17:01:56, 1.08e-12, 2.15e-10
2018-10-11 17:02:00, 1.09e-12, 2.15e-10
2018-10-11 17:02:05, 1.06e-12, 2.15e-10
2018-10-11 17:02:09, 1.09e-12, 2.15e-10
2018-10-11 17:02:13, 1.09e-12, 2.15e-10
2018-10-11 17:02:17, 1.08e-12, 2.15e-10
2018-10-11 17:02:22, 1.11e-12, 2.15e-10
2018-10-11 17:02:26, 1.15e-12, 2.15e-10
2018-10-11 17:02:30, 1.12e-12, 2.14e-10
2018-10-11 17:02:34, 1.07e-12, 2.15e-10
2018-10-11 17:02:38, 1.11e-12, 2.15e-10
2018-10-11 17:02:43, 1.09e-12, 2.15e-10
2018-10-11 17:02:47, 1.14e-12, 2.14e-10
2018-10-11 17:02:51, 1.1e-12, 2.15e-10
2018-10-11 17:02:55, 1.07e-12, 2.15e-10
2018-10-11 17:03:00, 1.04e-12, 2.14e-10
2018-10-11 17:03:04, 1.11e-12, 2.15e-10
2018-10-11 17:03:08, 1.05e-12, 2.15e-10
2018-10-11 17:03:12, 1.07e-12, 2.15e-10
2018-10-11 17:03:16, 1.07e-12, 2.15e-10
2018-10-11 17:03:21, 1.08e-12, 2.15e-10
2018-10-11 17:03:25, 1.06e-12, 2.14e-10
2018-10-11 17:03:29, 1.06e-12, 2.14e-10
2018-10-11 17:03:33, 1.11e-12, 2.14e-10
2018-10-11 17:03:38, 1.08e-12, 2.14e-10
2018-10-11 17:03:42, 1.11e-12, 2.15e-10
2018-10-11 17:03:46, 1.08e-12, 2.15e-10
2018-10-11 17:03:50, 1.02e-12, 2.15e-10
2018-10-11 17:03:54, 1.07e-12, 2.15e-10
2018-10-11 17:03:59, 1.09e-12, 2.15e-10
2018-10-11 17:04:03, 1.05e-12, 2.15e-10
2018-10-11 17:04:07, 1.11e-12, 2.15e-10
2018-10-11 17:04:11, 1.07e-12, 2.15e-10
2018-10-11 17:04:16, 1.1e-12, 2.15e-10
2018-10-11 17:04:20, 1.1e-12, 2.15e-10
2018-10-11 17:04:24, 9.41e-13, 2.15e-10
2018-10-11 17:04:28, 1.05e-12, 2.15e-10
2018-10-11 17:04:32, 1.09e-12, 2.15e-10
2018-10-11 17:04:37, 1.04e-12, 2.15e-10
2018-10-11 17:04:41, 1.07e-12, 2.15e-10
2018-10-11 17:04:45, 1.07e-12, 2.15e-10
2018-10-11 17:04:49, 1.05e-12, 2.15e-10
2018-10-11 17:04:54, 1.06e-12, 2.15e-10
2018-10-11 17:04:58, 1.18e-12, 2.15e-10
2018-10-11 17:05:02, 1.08e-12, 2.15e-10
2018-10-11 17:05:06, 1.07e-12, 2.15e-10
2018-10-11 17:05:10, 1.15e-12, 2.15e-10
2018-10-11 17:05:15, 1.09e-12, 2.16e-10
2018-10-11 17:05:19, 1.19e-12, 2.15e-10
2018-10-11 17:05:23, 1e-12, 2.15e-10
2018-10-11 17:05:27, 8.85e-13, 2.15e-10
2018-10-11 17:05:32, 1.08e-12, 2.15e-10
2018-10-11 17:05:36, 1.06e-12, 2.15e-10
2018-10-11 17:05:40, 1.15e-12, 2.15e-10
2018-10-11 17:05:44, 1.07e-12, 2.15e-10
2018-10-11 17:05:48, 1.07e-12, 2.15e-10
2018-10-11 17:05:53, 1.06e-12, 2.15e-10
2018-10-11 17:05:57, 1.1e-12, 2.16e-10
2018-10-11 17:06:01, 1.05e-12, 2.15e-10
2018-10-11 17:06:05, 1.1e-12, 2.16e-10
2018-10-11 17:06:10, 1.17e-12, 2.15e-10
2018-10-11 17:06:14, 1.03e-12, 2.16e-10
2018-10-11 17:06:18, 1.19e-12, 2.16e-10
2018-10-11 17:06:22, 1.1e-12, 2.16e-10
2018-10-11 17:06:26, 1.09e-12, 2.16e-10
2018-10-11 17:06:31, 1.11e-12, 2.16e-10
2018-10-11 17:06:35, 1.15e-12, 2.16e-10
2018-10-11 17:06:39, 1.05e-12, 2.15e-10
2018-10-11 17:06:43, 1.08e-12, 2.16e-10
2018-10-11 17:06:48, 1.07e-12, 2.15e-10
2018-10-11 17:06:52, 1.13e-12, 2.15e-10
2018-10-11 17:06:56, 1.08e-12, 2.15e-10
2018-10-11 17:07:00, 9.36e-13, 2.15e-10
2018-10-11 17:07:04, 1.02e-12, 2.16e-10
2018-10-11 17:07:09, 1.07e-12, 2.16e-10
2018-10-11 17:07:13, 1.17e-12, 2.16e-10
2018-10-11 17:07:17, 1.03e-12, 2.16e-10
2018-10-11 17:07:21, 1.12e-12, 2.16e-10
2018-10-11 17:07:26, 1.13e-12, 2.16e-10
2018-10-11 17:07:30, 1.09e-12, 2.15e-10
2018-10-11 17:07:34, 1.09e-12, 2.16e-10
2018-10-11 17:07:38, 1.12e-12, 2.16e-10
2018-10-11 17:07:42, 1.01e-12, 2.16e-10
2018-10-11 17:07:47, 1.08e-12, 2.15e-10
2018-10-11 17:07:51, 1.15e-12, 2.16e-10
2018-10-11 17:07:55, 1.05e-12, 2.16e-10
2018-10-11 17:07:59, 1.01e-12, 2.16e-10
2018-10-11 17:08:04, 1.11e-12, 2.16e-10
2018-10-11 17:08:08, 1.11e-12, 2.16e-10
2018-10-11 17:08:12, 9.98e-13, 2.16e-10
2018-10-11 17:08:16, 1.1e-12, 2.16e-10
2018-10-11 17:08:20, 1.1e-12, 2.16e-10
2018-10-11 17:08:25, 1.08e-12, 2.16e-10
2018-10-11 17:08:29, 1.08e-12, 2.16e-10
2018-10-11 17:08:33, 1.07e-12, 2.16e-10
2018-10-11 17:08:37, 1.07e-12, 2.16e-10
2018-10-11 17:08:42, 1.08e-12, 2.16e-10
2018-10-11 17:08:46, 1.08e-12, 2.16e-10
2018-10-11 17:08:50, 1.13e-12, 2.16e-10
2018-10-11 17:08:54, 1.12e-12, 2.16e-10
2018-10-11 17:08:58, 1.1e-12, 2.16e-10
2018-10-11 17:09:03, 1.1e-12, 2.16e-10
2018-10-11 17:09:07, 1.05e-12, 2.16e-10
2018-10-11 17:09:11, 1.1e-12, 2.17e-10
2018-10-11 17:09:15, 1.07e-12, 2.17e-10
2018-10-11 17:09:19, 1.09e-12, 2.16e-10
2018-10-11 17:09:24, 1.08e-12, 2.16e-10
2018-10-11 17:09:28, 1.08e-12, 2.16e-10
2018-10-11 17:09:32, 1.08e-12, 2.17e-10
2018-10-11 17:09:36, 1.13e-12, 2.17e-10
2018-10-11 17:09:41, 1.1e-12, 2.17e-10
2018-10-11 17:09:45, 1.21e-12, 2.16e-10
2018-10-11 17:09:49, 1.08e-12, 2.16e-10
2018-10-11 17:09:53, 1.11e-12, 2.16e-10
2018-10-11 17:09:57, 1.04e-12, 2.16e-10
2018-10-11 17:10:02, 1.11e-12, 2.16e-10
2018-10-11 17:10:06, 1.14e-12, 2.19e-10
2018-10-11 17:10:10, 1.11e-12, 2.2e-10
2018-10-11 17:10:14, 1.16e-12, 2.19e-10
2018-10-11 17:10:19, 1.09e-12, 2.17e-10
2018-10-11 17:10:23, 1.12e-12, 2.17e-10
2018-10-11 17:10:27, 1.08e-12, 2.17e-10
2018-10-11 17:10:31, 1.1e-12, 2.17e-10
2018-10-11 17:10:35, 9.59e-13, 2.17e-10
2018-10-11 17:10:40, 1.1e-12, 2.17e-10
2018-10-11 17:10:44, 1.07e-12, 2.17e-10
2018-10-11 17:10:48, 1.12e-12, 2.17e-10
2018-10-11 17:10:52, 1.25e-12, 2.17e-10
2018-10-11 17:10:57, 1.15e-12, 2.17e-10
2018-10-11 17:11:01, 1.07e-12, 2.17e-10
2018-10-11 17:11:05, 1.1e-12, 2.17e-10
2018-10-11 17:11:09, 1.13e-12, 2.17e-10
2018-10-11 17:11:13, 1.24e-12, 2.16e-10
2018-10-11 17:11:18, 1.05e-12, 2.17e-10
2018-10-11 17:11:22, 1.26e-12, 2.17e-10
2018-10-11 17:11:26, 1.11e-12, 2.17e-10
2018-10-11 17:11:30, 1.09e-12, 2.16e-10
2018-10-11 17:11:35, 1.1e-12, 2.17e-10
2018-10-11 17:11:39, 1.08e-12, 2.17e-10
2018-10-11 17:11:43, 1.08e-12, 2.17e-10
2018-10-11 17:11:47, 1.11e-12, 2.17e-10
2018-10-11 17:11:51, 1.03e-12, 2.17e-10
2018-10-11 17:11:56, 1.02e-12, 2.17e-10
2018-10-11 17:12:00, 1.06e-12, 2.17e-10
2018-10-11 17:12:04, 1.1e-12, 2.17e-10
2018-10-11 17:12:08, 1.1e-12, 2.17e-10
2018-10-11 17:12:13, 9.53e-13, 2.17e-10
2018-10-11 17:12:17, 1.09e-12, 2.17e-10
2018-10-11 17:12:21, 1.08e-12, 2.17e-10
2018-10-11 17:12:25, 1.16e-12, 2.16e-10
2018-10-11 17:12:29, 1.12e-12, 2.17e-10
2018-10-11 17:12:34, 1.21e-12, 2.17e-10
2018-10-11 17:12:38, 1.07e-12, 2.17e-10
2018-10-11 17:12:42, 1.1e-12, 2.16e-10
2018-10-11 17:12:46, 1.08e-12, 2.17e-10
2018-10-11 17:12:51, 1.11e-12, 2.17e-10
2018-10-11 17:12:55, 1.07e-12, 2.17e-10
2018-10-11 17:12:59, 1.09e-12, 2.17e-10
2018-10-11 17:13:03, 1.03e-12, 2.17e-10
2018-10-11 17:13:07, 1.09e-12, 2.17e-10
2018-10-11 17:13:12, 1.05e-12, 2.17e-10
2018-10-11 17:13:16, 1.07e-12, 2.17e-10
2018-10-11 17:13:20, 1.08e-12, 2.17e-10
2018-10-11 17:13:24, 1.07e-12, 2.16e-10
2018-10-11 17:13:29, 1.06e-12, 2.16e-10
2018-10-11 17:13:33, 1.09e-12, 2.16e-10
2018-10-11 17:13:37, 9.24e-13, 2.16e-10
2018-10-11 17:13:41, 1.08e-12, 2.17e-10
2018-10-11 17:13:45, 1.1e-12, 2.16e-10
2018-10-11 17:13:50, 1.09e-12, 2.16e-10
2018-10-11 17:13:54, 1.09e-12, 2.16e-10
2018-10-11 17:13:58, 1.06e-12, 2.17e-10
2018-10-11 17:14:02, 1.02e-12, 2.16e-10
2018-10-11 17:14:07, 1.09e-12, 2.16e-10
2018-10-11 17:14:11, 1.13e-12, 2.16e-10
2018-10-11 17:14:15, 1.13e-12, 2.17e-10
2018-10-11 17:14:19, 1.01e-12, 2.17e-10
2018-10-11 17:14:23, 1.11e-12, 2.16e-10
2018-10-11 17:14:28, 8.97e-13, 2.17e-10
2018-10-11 17:14:32, 1.07e-12, 2.16e-10
2018-10-11 17:14:36, 1.1e-12, 2.16e-10
2018-10-11 17:14:40, 1.02e-12, 2.17e-10
2018-10-11 17:14:45, 1.15e-12, 2.16e-10
2018-10-11 17:14:49, 1.09e-12, 2.17e-10
2018-10-11 17:14:53, 1.01e-12, 2.17e-10
2018-10-11 17:14:57, 1.09e-12, 2.16e-10
2018-10-11 17:15:01, 1.05e-12, 2.17e-10
2018-10-11 17:15:06, 1.01e-12, 2.17e-10
2018-10-11 17:15:10, 1.11e-12, 2.17e-10
2018-10-11 17:15:14, 1.22e-12, 2.17e-10
2018-10-11 17:15:18, 1.06e-12, 2.17e-10
2018-10-11 17:15:23, 1.11e-12, 2.17e-10
2018-10-11 17:15:27, 1.16e-12, 2.17e-10
2018-10-11 17:15:31, 9.88e-13, 2.17e-10
2018-10-11 17:15:35, 1.09e-12, 2.17e-10
2018-10-11 17:15:39, 1.12e-12, 2.16e-10
2018-10-11 17:15:44, 1.15e-12, 2.17e-10
2018-10-11 17:15:48, 1.09e-12, 2.17e-10
2018-10-11 17:15:52, 9.44e-13, 2.16e-10
2018-10-11 17:15:56, 1.13e-12, 2.17e-10
2018-10-11 17:16:01, 1.14e-12, 2.17e-10
2018-10-11 17:16:05, 1.05e-12, 2.17e-10
2018-10-11 17:16:09, 1.09e-12, 2.17e-10
2018-10-11 17:16:13, 1.08e-12, 2.17e-10
2018-10-11 17:16:17, 1.22e-12, 2.17e-10
2018-10-11 17:16:22, 1.04e-12, 2.17e-10
2018-10-11 17:16:26, 1.05e-12, 2.17e-10
2018-10-11 17:16:30, 1.2e-12, 2.17e-10
2018-10-11 17:16:34, 1.17e-12, 2.17e-10
2018-10-11 17:16:39, 1.13e-12, 2.17e-10
2018-10-11 17:16:43, 1.06e-12, 2.17e-10
2018-10-11 17:16:47, 1.1e-12, 2.17e-10
2018-10-11 17:16:51, 1.06e-12, 2.17e-10
2018-10-11 17:16:55, 1e-12, 2.17e-10
2018-10-11 17:17:00, 1.16e-12, 2.17e-10
2018-10-11 17:17:04, 1.1e-12, 2.17e-10
2018-10-11 17:17:08, 1.07e-12, 2.17e-10
2018-10-11 17:17:12, 1.13e-12, 2.17e-10
2018-10-11 17:17:17, 1.07e-12, 2.17e-10
2018-10-11 17:17:21, 1.17e-12, 2.17e-10
2018-10-11 17:17:25, 9.88e-13, 2.17e-10
2018-10-11 17:17:29, 1.08e-12, 2.17e-10
2018-10-11 17:17:33, 1.16e-12, 2.17e-10
2018-10-11 17:17:38, 1.13e-12, 2.17e-10
2018-10-11 17:17:42, 1.08e-12, 2.17e-10
2018-10-11 17:17:46, 1.1e-12, 2.17e-10
2018-10-11 17:17:50, 1.11e-12, 2.17e-10
2018-10-11 17:17:55, 1.06e-12, 2.17e-10
2018-10-11 17:17:59, 1.15e-12, 2.17e-10
2018-10-11 17:18:03, 1.13e-12, 2.17e-10
2018-10-11 17:18:07, 1.06e-12, 2.17e-10
2018-10-11 17:18:11, 1.06e-12, 2.17e-10
2018-10-11 17:18:16, 1.06e-12, 2.17e-10
2018-10-11 17:18:20, 1.12e-12, 2.17e-10
2018-10-11 17:18:24, 1.1e-12, 2.17e-10
2018-10-11 17:18:28, 1.08e-12, 2.17e-10
2018-10-11 17:18:33, 1.21e-12, 2.17e-10
2018-10-11 17:18:37, 1.05e-12, 2.17e-10
2018-10-11 17:18:41, 1.06e-12, 2.17e-10
2018-10-11 17:18:45, 1.04e-12, 2.17e-10
2018-10-11 17:18:49, 1.18e-12, 2.17e-10
2018-10-11 17:18:54, 1.1e-12, 2.17e-10
2018-10-11 17:18:58, 1.08e-12, 2.17e-10
2018-10-11 17:19:02, 1.12e-12, 2.17e-10
2018-10-11 17:19:06, 1.26e-12, 2.17e-10
2018-10-11 17:19:11, 1.13e-12, 2.17e-10
2018-10-11 17:19:15, 1.05e-12, 2.17e-10
2018-10-11 17:19:19, 1.1e-12, 2.17e-10
2018-10-11 17:19:23, 1.07e-12, 2.17e-10
2018-10-11 17:19:27, 1.02e-12, 2.17e-10
2018-10-11 17:19:32, 1.09e-12, 2.17e-10
2018-10-11 17:19:36, 1.05e-12, 2.17e-10
2018-10-11 17:19:40, 1.14e-12, 2.17e-10
2018-10-11 17:19:44, 9.9e-13, 2.17e-10
2018-10-11 17:19:48, 1.07e-12, 2.17e-10
2018-10-11 17:19:53, 1.2e-12, 2.17e-10
2018-10-11 17:19:57, 1.08e-12, 2.17e-10
2018-10-11 17:20:01, 1.09e-12, 2.17e-10
2018-10-11 17:20:05, 1.11e-12, 2.17e-10
2018-10-11 17:20:10, 1.01e-12, 2.17e-10
2018-10-11 17:20:14, 1.13e-12, 2.17e-10
2018-10-11 17:20:18, 1.12e-12, 2.17e-10
2018-10-11 17:20:22, 1.04e-12, 2.17e-10
2018-10-11 17:20:27, 1.11e-12, 2.16e-10
2018-10-11 17:20:31, 1.21e-12, 2.17e-10
2018-10-11 17:20:35, 1.06e-12, 2.17e-10
2018-10-11 17:20:39, 1.15e-12, 2.17e-10
2018-10-11 17:20:43, 1.09e-12, 2.17e-10
2018-10-11 17:20:48, 1.11e-12, 2.17e-10
2018-10-11 17:20:52, 1.03e-12, 2.16e-10
2018-10-11 17:20:56, 1.11e-12, 2.17e-10
2018-10-11 17:21:00, 1.09e-12, 2.17e-10
2018-10-11 17:21:04, 1.05e-12, 2.17e-10
2018-10-11 17:21:09, 1.15e-12, 2.17e-10
2018-10-11 17:21:13, 1.1e-12, 2.17e-10
2018-10-11 17:21:17, 1.03e-12, 2.16e-10
2018-10-11 17:21:21, 1.13e-12, 2.17e-10
2018-10-11 17:21:26, 1.04e-12, 2.17e-10
2018-10-11 17:21:30, 1.11e-12, 2.17e-10
2018-10-11 17:21:34, 1.14e-12, 2.17e-10
2018-10-11 17:21:38, 1.02e-12, 2.17e-10
2018-10-11 17:21:42, 1.05e-12, 2.16e-10
2018-10-11 17:21:47, 1.23e-12, 2.17e-10
2018-10-11 17:21:51, 1.16e-12, 2.17e-10
2018-10-11 17:21:55, 1.08e-12, 2.16e-10
2018-10-11 17:21:59, 1.1e-12, 2.17e-10
2018-10-11 17:22:04, 1.13e-12, 2.17e-10
2018-10-11 17:22:08, 1.06e-12, 2.16e-10
2018-10-11 17:22:12, 1.01e-12, 2.17e-10
2018-10-11 17:22:16, 1.15e-12, 2.17e-10
2018-10-11 17:22:20, 1.04e-12, 2.16e-10
2018-10-11 17:22:25, 1.15e-12, 2.17e-10
2018-10-11 17:22:29, 1.07e-12, 2.17e-10
2018-10-11 17:22:33, 1e-12, 2.16e-10
2018-10-11 17:22:37, 1.07e-12, 2.17e-10
2018-10-11 17:22:42, 1.12e-12, 2.17e-10
2018-10-11 17:22:46, 1.06e-12, 2.16e-10
2018-10-11 17:22:50, 1.11e-12, 2.17e-10
2018-10-11 17:22:54, 1.13e-12, 2.17e-10
2018-10-11 17:22:58, 1.08e-12, 2.17e-10
2018-10-11 17:23:03, 1.12e-12, 2.17e-10
2018-10-11 17:23:07, 1.1e-12, 2.17e-10
2018-10-11 17:23:11, 1.14e-12, 2.16e-10
2018-10-11 17:23:15, 1.09e-12, 2.17e-10
2018-10-11 17:23:20, 1.13e-12, 2.17e-10
2018-10-11 17:23:24, 1.09e-12, 2.17e-10
2018-10-11 17:23:28, 1.05e-12, 2.17e-10
2018-10-11 17:23:32, 1.07e-12, 2.17e-10
2018-10-11 17:23:36, 1.05e-12, 2.17e-10
2018-10-11 17:23:41, 1.04e-12, 2.17e-10
2018-10-11 17:23:45, 1.09e-12, 2.17e-10
2018-10-11 17:23:49, 1.08e-12, 2.16e-10
2018-10-11 17:23:53, 1.07e-12, 2.17e-10
2018-10-11 17:23:58, 1.08e-12, 2.17e-10
2018-10-11 17:24:02, 1.09e-12, 2.16e-10
2018-10-11 17:24:06, 1.14e-12, 2.17e-10
2018-10-11 17:24:10, 1.15e-12, 2.17e-10
2018-10-11 17:24:14, 1.09e-12, 2.16e-10
2018-10-11 17:24:19, 1.09e-12, 2.17e-10
2018-10-11 17:24:23, 1.06e-12, 2.17e-10
2018-10-11 17:24:27, 1.09e-12, 2.17e-10
2018-10-11 17:24:31, 1.05e-12, 2.19e-10
2018-10-11 17:24:36, 1.09e-12, 2.18e-10
2018-10-11 17:24:40, 1.08e-12, 2.17e-10
2018-10-11 17:24:44, 1.12e-12, 2.17e-10
2018-10-11 17:24:48, 1.08e-12, 2.17e-10
2018-10-11 17:24:52, 1.15e-12, 2.17e-10
2018-10-11 17:24:57, 1.2e-12, 2.17e-10
2018-10-11 17:25:01, 1.06e-12, 2.17e-10
2018-10-11 17:25:05, 1.06e-12, 2.17e-10
2018-10-11 17:25:09, 1.13e-12, 2.17e-10
2018-10-11 17:25:14, 1.09e-12, 2.17e-10
2018-10-11 17:25:18, 1.03e-12, 2.16e-10
2018-10-11 17:25:22, 1.1e-12, 2.17e-10
2018-10-11 17:25:26, 1.05e-12, 2.17e-10
2018-10-11 17:25:30, 1.13e-12, 2.16e-10
2018-10-11 17:25:35, 1.14e-12, 2.17e-10
2018-10-11 17:25:39, 1.05e-12, 2.16e-10
2018-10-11 17:25:43, 1.14e-12, 2.16e-10
2018-10-11 17:25:47, 1.08e-12, 2.17e-10
2018-10-11 17:25:52, 1.09e-12, 2.17e-10
2018-10-11 17:25:56, 1.1e-12, 2.17e-10
2018-10-11 17:26:00, 1.11e-12, 2.17e-10
2018-10-11 17:26:04, 1.1e-12, 2.17e-10
2018-10-11 17:26:08, 1.13e-12, 2.16e-10
2018-10-11 17:26:13, 1.09e-12, 2.17e-10
2018-10-11 17:26:17, 1.14e-12, 2.17e-10
2018-10-11 17:26:21, 1.11e-12, 2.17e-10
2018-10-11 17:26:25, 1.04e-12, 2.17e-10
2018-10-11 17:26:30, 1.09e-12, 2.17e-10
2018-10-11 17:26:34, 1.08e-12, 2.17e-10
2018-10-11 17:26:38, 1.09e-12, 2.17e-10
2018-10-11 17:26:42, 1.02e-12, 2.17e-10
2018-10-11 17:26:46, 1.1e-12, 2.17e-10
2018-10-11 17:26:51, 1.09e-12, 2.17e-10
2018-10-11 17:26:55, 1.04e-12, 2.17e-10
2018-10-11 17:26:59, 1.11e-12, 2.17e-10
2018-10-11 17:27:03, 1.07e-12, 2.17e-10
2018-10-11 17:27:08, 1.05e-12, 2.17e-10
2018-10-11 17:27:12, 1.16e-12, 2.17e-10
2018-10-11 17:27:16, 1.02e-12, 2.17e-10
2018-10-11 17:27:20, 1.11e-12, 2.17e-10
2018-10-11 17:27:24, 1.15e-12, 2.17e-10
2018-10-11 17:27:29, 1.08e-12, 2.17e-10
2018-10-11 17:27:33, 1.11e-12, 2.17e-10
2018-10-11 17:27:37, 1.16e-12, 2.17e-10
2018-10-11 17:27:41, 1.07e-12, 2.17e-10
2018-10-11 17:27:46, 1.05e-12, 2.18e-10
2018-10-11 17:27:50, 1.06e-12, 2.17e-10
2018-10-11 17:27:54, 1.12e-12, 2.18e-10
2018-10-11 17:27:58, 1.08e-12, 2.17e-10
2018-10-11 17:28:02, 1.11e-12, 2.17e-10
2018-10-11 17:28:07, 1.05e-12, 2.17e-10
2018-10-11 17:28:11, 1.04e-12, 2.18e-10
2018-10-11 17:28:15, 1.21e-12, 2.17e-10
2018-10-11 17:28:19, 1.08e-12, 2.18e-10
2018-10-11 17:28:24, 1.08e-12, 2.18e-10
2018-10-11 17:28:28, 1.13e-12, 2.18e-10
2018-10-11 17:28:32, 1.13e-12, 2.17e-10
2018-10-11 17:28:36, 1.08e-12, 2.18e-10
2018-10-11 17:28:40, 1.06e-12, 2.17e-10
2018-10-11 17:28:45, 1.07e-12, 2.18e-10
2018-10-11 17:28:49, 1.06e-12, 2.18e-10
2018-10-11 17:28:53, 1.12e-12, 2.18e-10
2018-10-11 17:28:57, 1.13e-12, 2.18e-10
2018-10-11 17:29:02, 1.07e-12, 2.18e-10
2018-10-11 17:29:06, 1.14e-12, 2.18e-10
2018-10-11 17:29:10, 1.04e-12, 2.18e-10
2018-10-11 17:29:14, 1.08e-12, 2.18e-10
2018-10-11 17:29:18, 1.13e-12, 2.18e-10
2018-10-11 17:29:23, 1.08e-12, 2.2e-10
2018-10-11 17:29:27, 1.08e-12, 2.2e-10
2018-10-11 17:29:31, 1.12e-12, 2.18e-10
2018-10-11 17:29:35, 1.06e-12, 2.18e-10
2018-10-11 17:29:40, 1.08e-12, 2.18e-10
2018-10-11 17:29:44, 1.11e-12, 2.18e-10
2018-10-11 17:29:48, 1.06e-12, 2.18e-10
2018-10-11 17:29:52, 1.21e-12, 2.18e-10
2018-10-11 17:29:56, 1.08e-12, 2.18e-10
2018-10-11 17:30:01, 1.09e-12, 2.18e-10
2018-10-11 17:30:05, 1.16e-12, 2.18e-10
2018-10-11 17:30:09, 1.12e-12, 2.18e-10
2018-10-11 17:30:13, 1.06e-12, 2.18e-10
2018-10-11 17:30:17, 1.08e-12, 2.18e-10
2018-10-11 17:30:22, 1.07e-12, 2.18e-10
2018-10-11 17:30:26, 1.05e-12, 2.18e-10
2018-10-11 17:30:30, 1.12e-12, 2.18e-10
2018-10-11 17:30:34, 1.08e-12, 2.18e-10
2018-10-11 17:30:39, 1.14e-12, 2.18e-10
2018-10-11 17:30:43, 1.09e-12, 2.18e-10
2018-10-11 17:30:47, 1.14e-12, 2.18e-10
2018-10-11 17:30:51, 1.12e-12, 2.18e-10
2018-10-11 17:30:55, 1.06e-12, 2.18e-10
2018-10-11 17:31:00, 1.13e-12, 2.18e-10
2018-10-11 17:31:04, 1.08e-12, 2.18e-10
2018-10-11 17:31:08, 1.03e-12, 2.18e-10
2018-10-11 17:31:12, 1.12e-12, 2.18e-10
2018-10-11 17:31:17, 1.03e-12, 2.18e-10
2018-10-11 17:31:21, 1.08e-12, 2.18e-10
2018-10-11 17:31:25, 1.11e-12, 2.18e-10
2018-10-11 17:31:29, 1.1e-12, 2.18e-10
2018-10-11 17:31:33, 1.08e-12, 2.18e-10
2018-10-11 17:31:38, 9.44e-13, 2.18e-10
2018-10-11 17:31:42, 1.02e-12, 2.18e-10
2018-10-11 17:31:46, 1.05e-12, 2.18e-10
2018-10-11 17:31:50, 1.13e-12, 2.18e-10
2018-10-11 17:31:55, 1.11e-12, 2.18e-10
2018-10-11 17:31:59, 1.2e-12, 2.17e-10
2018-10-11 17:32:03, 1.17e-12, 2.18e-10
2018-10-11 17:32:07, 1.21e-12, 2.18e-10
2018-10-11 17:32:11, 1.11e-12, 2.17e-10
2018-10-11 17:32:16, 1.14e-12, 2.18e-10
2018-10-11 17:32:20, 1.09e-12, 2.18e-10
2018-10-11 17:32:24, 1.19e-12, 2.17e-10
2018-10-11 17:32:28, 1.12e-12, 2.18e-10
2018-10-11 17:32:33, 1.06e-12, 2.18e-10
2018-10-11 17:32:37, 9.65e-13, 2.18e-10
2018-10-11 17:32:41, 1.07e-12, 2.18e-10
2018-10-11 17:32:45, 1.04e-12, 2.18e-10
2018-10-11 17:32:49, 1.09e-12, 2.17e-10
2018-10-11 17:32:54, 1.03e-12, 2.18e-10
2018-10-11 17:32:58, 1.12e-12, 2.18e-10
2018-10-11 17:33:02, 1.07e-12, 2.17e-10
2018-10-11 17:33:06, 1.06e-12, 2.18e-10
2018-10-11 17:33:11, 1.11e-12, 2.18e-10
2018-10-11 17:33:15, 1.07e-12, 2.17e-10
2018-10-11 17:33:19, 1.07e-12, 2.18e-10
2018-10-11 17:33:23, 9.98e-13, 2.18e-10
2018-10-11 17:33:27, 1.1e-12, 2.17e-10
2018-10-11 17:33:32, 1.01e-12, 2.18e-10
2018-10-11 17:33:36, 1.07e-12, 2.18e-10
2018-10-11 17:33:40, 1.08e-12, 2.17e-10
2018-10-11 17:33:44, 1.05e-12, 2.18e-10
2018-10-11 17:33:49, 1.11e-12, 2.18e-10
2018-10-11 17:33:53, 1.08e-12, 2.17e-10
2018-10-11 17:33:57, 1.13e-12, 2.17e-10
2018-10-11 17:34:01, 1.07e-12, 2.17e-10
2018-10-11 17:34:05, 1.08e-12, 2.17e-10
2018-10-11 17:34:10, 1.1e-12, 2.18e-10
2018-10-11 17:34:14, 1.12e-12, 2.17e-10
2018-10-11 17:34:18, 1.02e-12, 2.17e-10
2018-10-11 17:34:22, 1.09e-12, 2.18e-10
2018-10-11 17:34:26, 1.12e-12, 2.17e-10
2018-10-11 17:34:31, 1.1e-12, 2.17e-10
2018-10-11 17:34:35, 1.12e-12, 2.18e-10
2018-10-11 17:34:39, 1.1e-12, 2.17e-10
2018-10-11 17:34:43, 1.04e-12, 2.17e-10
2018-10-11 17:34:48, 1.07e-12, 2.18e-10
2018-10-11 17:34:52, 1.11e-12, 2.17e-10
2018-10-11 17:34:56, 1.08e-12, 2.17e-10
2018-10-11 17:35:00, 1.03e-12, 2.18e-10
2018-10-11 17:35:04, 1.08e-12, 2.17e-10
2018-10-11 17:35:09, 1.1e-12, 2.17e-10
2018-10-11 17:35:13, 1.09e-12, 2.17e-10
2018-10-11 17:35:17, 1.05e-12, 2.17e-10
2018-10-11 17:35:21, 1.08e-12, 2.17e-10
2018-10-11 17:35:26, 1.18e-12, 2.18e-10
2018-10-11 17:35:30, 1.1e-12, 2.17e-10
2018-10-11 17:35:34, 1.05e-12, 2.17e-10
2018-10-11 17:35:38, 1.1e-12, 2.17e-10
2018-10-11 17:35:42, 1.1e-12, 2.17e-10
2018-10-11 17:35:47, 1.02e-12, 2.17e-10
2018-10-11 17:35:51, 1.08e-12, 2.18e-10
2018-10-11 17:35:55, 1.1e-12, 2.17e-10
2018-10-11 17:35:59, 1.13e-12, 2.17e-10
2018-10-11 17:36:04, 1.12e-12, 2.17e-10
2018-10-11 17:36:08, 1.16e-12, 2.17e-10
2018-10-11 17:36:12, 1.12e-12, 2.17e-10
2018-10-11 17:36:16, 1.06e-12, 2.18e-10
2018-10-11 17:36:20, 1.1e-12, 2.18e-10
2018-10-11 17:36:25, 1.16e-12, 2.17e-10
2018-10-11 17:36:29, 1.08e-12, 2.18e-10
2018-10-11 17:36:33, 1.04e-12, 2.17e-10
2018-10-11 17:36:37, 1.16e-12, 2.17e-10
2018-10-11 17:36:42, 1.11e-12, 2.17e-10
2018-10-11 17:36:46, 1.08e-12, 2.17e-10
2018-10-11 17:36:50, 1.08e-12, 2.17e-10
2018-10-11 17:36:54, 1.11e-12, 2.17e-10
2018-10-11 17:36:58, 1.06e-12, 2.17e-10
2018-10-11 17:37:03, 1.09e-12, 2.17e-10
2018-10-11 17:37:07, 1.05e-12, 2.17e-10
2018-10-11 17:37:11, 1.12e-12, 2.17e-10
2018-10-11 17:37:15, 1.15e-12, 2.17e-10
2018-10-11 17:37:20, 1.11e-12, 2.17e-10
2018-10-11 17:37:24, 1.07e-12, 2.18e-10
2018-10-11 17:37:28, 1.09e-12, 2.17e-10
2018-10-11 17:37:32, 1.07e-12, 2.18e-10
2018-10-11 17:37:36, 1.08e-12, 2.17e-10
2018-10-11 17:37:41, 1.17e-12, 2.17e-10
2018-10-11 17:37:45, 9.85e-13, 2.17e-10
2018-10-11 17:37:49, 1.09e-12, 2.17e-10
2018-10-11 17:37:53, 1.09e-12, 2.17e-10
2018-10-11 17:37:58, 1.02e-12, 2.18e-10
2018-10-11 17:38:02, 1.11e-12, 2.18e-10
2018-10-11 17:38:06, 1.13e-12, 2.17e-10
2018-10-11 17:38:10, 1.1e-12, 2.17e-10
2018-10-11 17:38:14, 1.06e-12, 2.17e-10
2018-10-11 17:38:19, 1.11e-12, 2.17e-10
2018-10-11 17:38:23, 1.08e-12, 2.17e-10
2018-10-11 17:38:27, 1.09e-12, 2.17e-10
2018-10-11 17:38:31, 1.11e-12, 2.17e-10
2018-10-11 17:38:36, 1.06e-12, 2.17e-10
2018-10-11 17:38:40, 9.91e-13, 2.17e-10
2018-10-11 17:38:44, 1.09e-12, 2.17e-10
2018-10-11 17:38:48, 1.1e-12, 2.17e-10
2018-10-11 17:38:52, 1.1e-12, 2.17e-10
2018-10-11 17:38:57, 1.13e-12, 2.17e-10
2018-10-11 17:39:01, 1.07e-12, 2.17e-10
2018-10-11 17:39:05, 1.1e-12, 2.17e-10
2018-10-11 17:39:09, 1.11e-12, 2.17e-10
2018-10-11 17:39:14, 1.03e-12, 2.17e-10
2018-10-11 17:39:18, 1.02e-12, 2.17e-10
2018-10-11 17:39:22, 1.16e-12, 2.17e-10
2018-10-11 17:39:26, 1.11e-12, 2.17e-10
2018-10-11 17:39:30, 1.1e-12, 2.17e-10
2018-10-11 17:39:35, 1.16e-12, 2.17e-10
2018-10-11 17:39:39, 1.02e-12, 2.18e-10
2018-10-11 17:39:43, 1.09e-12, 2.17e-10
2018-10-11 17:39:47, 1.12e-12, 2.17e-10
2018-10-11 17:39:52, 1.11e-12, 2.17e-10
2018-10-11 17:39:56, 1.1e-12, 2.17e-10
2018-10-11 17:40:00, 1.13e-12, 2.16e-10
2018-10-11 17:40:04, 1.06e-12, 2.17e-10
2018-10-11 17:40:08, 1.06e-12, 2.17e-10
2018-10-11 17:40:13, 1.09e-12, 2.17e-10
2018-10-11 17:40:17, 1.03e-12, 2.17e-10
2018-10-11 17:40:21, 1.12e-12, 2.17e-10
2018-10-11 17:40:25, 1.21e-12, 2.16e-10
2018-10-11 17:40:30, 1.08e-12, 2.17e-10
2018-10-11 17:40:34, 1e-12, 2.17e-10
2018-10-11 17:40:38, 1.08e-12, 2.17e-10
2018-10-11 17:40:42, 1.18e-12, 2.17e-10
2018-10-11 17:40:46, 1.16e-12, 2.17e-10
2018-10-11 17:40:51, 1.08e-12, 2.17e-10
2018-10-11 17:40:55, 1.1e-12, 2.17e-10
2018-10-11 17:40:59, 1.19e-12, 2.17e-10
2018-10-11 17:41:03, 1.06e-12, 2.17e-10
2018-10-11 17:41:07, 1.1e-12, 2.17e-10
2018-10-11 17:41:12, 1.13e-12, 2.17e-10
2018-10-11 17:41:16, 1.13e-12, 2.17e-10
2018-10-11 17:41:20, 1.05e-12, 2.17e-10
2018-10-11 17:41:24, 1.09e-12, 2.17e-10
2018-10-11 17:41:29, 1.18e-12, 2.17e-10
2018-10-11 17:41:33, 1.21e-12, 2.17e-10
2018-10-11 17:41:37, 1.13e-12, 2.17e-10
2018-10-11 17:41:41, 1.13e-12, 2.16e-10
2018-10-11 17:41:45, 1.06e-12, 2.17e-10
2018-10-11 17:41:50, 1.11e-12, 2.17e-10
2018-10-11 17:41:54, 1.09e-12, 2.16e-10
2018-10-11 17:41:58, 9.67e-13, 2.17e-10
2018-10-11 17:42:02, 1.06e-12, 2.17e-10
2018-10-11 17:42:07, 1.12e-12, 2.17e-10
2018-10-11 17:42:11, 1.07e-12, 2.17e-10
2018-10-11 17:42:15, 1.1e-12, 2.17e-10
2018-10-11 17:42:19, 1.07e-12, 2.16e-10
2018-10-11 17:42:23, 1.12e-12, 2.17e-10
2018-10-11 17:42:28, 9.64e-13, 2.17e-10
2018-10-11 17:42:32, 1.11e-12, 2.17e-10
2018-10-11 17:42:36, 1.14e-12, 2.19e-10
2018-10-11 17:42:40, 1.08e-12, 2.2e-10
2018-10-11 17:42:45, 1.12e-12, 2.17e-10
2018-10-11 17:42:49, 1.09e-12, 2.18e-10
2018-10-11 17:42:53, 1.15e-12, 2.17e-10
2018-10-11 17:42:57, 1.09e-12, 2.17e-10
2018-10-11 17:43:01, 1.04e-12, 2.18e-10
2018-10-11 17:43:06, 1.06e-12, 2.17e-10
2018-10-11 17:43:10, 1.04e-12, 2.17e-10
2018-10-11 17:43:14, 1.01e-12, 2.17e-10
2018-10-11 17:43:18, 1.13e-12, 2.17e-10
2018-10-11 17:43:23, 1.12e-12, 2.17e-10
2018-10-11 17:43:27, 1.1e-12, 2.17e-10
2018-10-11 17:43:31, 9.7e-13, 2.17e-10
2018-10-11 17:43:35, 1.05e-12, 2.17e-10
2018-10-11 17:43:39, 1.04e-12, 2.17e-10
2018-10-11 17:43:44, 1.09e-12, 2.17e-10
2018-10-11 17:43:48, 1.1e-12, 2.17e-10
2018-10-11 17:43:52, 1.11e-12, 2.17e-10
2018-10-11 17:43:56, 1.1e-12, 2.17e-10
2018-10-11 17:44:01, 1.09e-12, 2.17e-10
2018-10-11 17:44:05, 1.13e-12, 2.17e-10
2018-10-11 17:44:09, 1.09e-12, 2.17e-10
2018-10-11 17:44:13, 1.1e-12, 2.17e-10
2018-10-11 17:44:17, 1.09e-12, 2.17e-10
2018-10-11 17:44:22, 1.08e-12, 2.17e-10
2018-10-11 17:44:26, 1.18e-12, 2.17e-10
2018-10-11 17:44:30, 1.1e-12, 2.17e-10
2018-10-11 17:44:34, 1.2e-12, 2.17e-10
2018-10-11 17:44:39, 1.12e-12, 2.16e-10
2018-10-11 17:44:43, 1.07e-12, 2.17e-10
2018-10-11 17:44:47, 1.03e-12, 2.17e-10
2018-10-11 17:44:51, 1.11e-12, 2.17e-10
2018-10-11 17:44:55, 1.14e-12, 2.17e-10
2018-10-11 17:45:00, 1.09e-12, 2.17e-10
2018-10-11 17:45:04, 1.23e-12, 2.17e-10
2018-10-11 17:45:08, 1.13e-12, 2.17e-10
2018-10-11 17:45:12, 1.09e-12, 2.17e-10
2018-10-11 17:45:17, 1.13e-12, 2.17e-10
2018-10-11 17:45:21, 1.08e-12, 2.17e-10
2018-10-11 17:45:25, 1.09e-12, 2.17e-10
2018-10-11 17:45:29, 1.14e-12, 2.17e-10
2018-10-11 17:45:33, 1.1e-12, 2.17e-10
2018-10-11 17:45:38, 1.1e-12, 2.17e-10
2018-10-11 17:45:42, 1.2e-12, 2.17e-10
2018-10-11 17:45:46, 1.12e-12, 2.17e-10
2018-10-11 17:45:50, 1.05e-12, 2.17e-10
2018-10-11 17:45:55, 1.2e-12, 2.17e-10
2018-10-11 17:45:59, 1.06e-12, 2.17e-10
2018-10-11 17:46:03, 1.07e-12, 2.17e-10
2018-10-11 17:46:07, 1.11e-12, 2.17e-10
2018-10-11 17:46:11, 1.03e-12, 2.17e-10
2018-10-11 17:46:16, 1.06e-12, 2.17e-10
2018-10-11 17:46:20, 1.09e-12, 2.17e-10
2018-10-11 17:46:24, 9.13e-13, 2.17e-10
2018-10-11 17:46:28, 1.05e-12, 2.17e-10
2018-10-11 17:46:33, 1.08e-12, 2.17e-10
2018-10-11 17:46:37, 1.16e-12, 2.17e-10
2018-10-11 17:46:41, 1.02e-12, 2.17e-10
2018-10-11 17:46:45, 1.17e-12, 2.17e-10
2018-10-11 17:46:49, 1.06e-12, 2.17e-10
2018-10-11 17:46:54, 1.13e-12, 2.17e-10
2018-10-11 17:46:58, 1.14e-12, 2.17e-10
2018-10-11 17:47:02, 1.05e-12, 2.17e-10
2018-10-11 17:47:06, 1.03e-12, 2.17e-10
2018-10-11 17:47:11, 1.17e-12, 2.17e-10
2018-10-11 17:47:15, 1.08e-12, 2.17e-10
2018-10-11 17:47:19, 1.06e-12, 2.17e-10
2018-10-11 17:47:23, 1.2e-12, 2.17e-10
2018-10-11 17:47:27, 1.14e-12, 2.17e-10
2018-10-11 17:47:32, 1.09e-12, 2.17e-10
2018-10-11 17:47:36, 1.17e-12, 2.17e-10
2018-10-11 17:47:40, 1.06e-12, 2.17e-10
2018-10-11 17:47:44, 1.07e-12, 2.17e-10
2018-10-11 17:47:49, 1.15e-12, 2.17e-10
2018-10-11 17:47:53, 1.06e-12, 2.17e-10
2018-10-11 17:47:57, 1.09e-12, 2.17e-10
2018-10-11 17:48:01, 1.11e-12, 2.17e-10
2018-10-11 17:48:05, 1.17e-12, 2.17e-10
2018-10-11 17:48:10, 1.09e-12, 2.17e-10
2018-10-11 17:48:14, 1.03e-12, 2.17e-10
2018-10-11 17:48:18, 1.14e-12, 2.16e-10
2018-10-11 17:48:22, 1.1e-12, 2.17e-10
2018-10-11 17:48:26, 9.58e-13, 2.16e-10
2018-10-11 17:48:31, 1.09e-12, 2.17e-10
2018-10-11 17:48:35, 1.1e-12, 2.17e-10
2018-10-11 17:48:39, 1.14e-12, 2.17e-10
2018-10-11 17:48:43, 1.07e-12, 2.16e-10
2018-10-11 17:48:48, 1.08e-12, 2.16e-10
2018-10-11 17:48:52, 1.07e-12, 2.17e-10
2018-10-11 17:48:56, 1.18e-12, 2.17e-10
2018-10-11 17:49:00, 1.11e-12, 2.16e-10
2018-10-11 17:49:04, 1.14e-12, 2.17e-10
2018-10-11 17:49:09, 9.32e-13, 2.17e-10
2018-10-11 17:49:13, 1.12e-12, 2.17e-10
2018-10-11 17:49:17, 1.12e-12, 2.17e-10
2018-10-11 17:49:21, 1.08e-12, 2.17e-10
2018-10-11 17:49:26, 1.09e-12, 2.17e-10
2018-10-11 17:49:30, 1.08e-12, 2.17e-10
2018-10-11 17:49:34, 1.13e-12, 2.17e-10
2018-10-11 17:49:38, 1.12e-12, 2.17e-10
2018-10-11 17:49:42, 1.05e-12, 2.17e-10
2018-10-11 17:49:47, 1.1e-12, 2.17e-10
2018-10-11 17:49:51, 1.02e-12, 2.18e-10
2018-10-11 17:49:55, 1.11e-12, 2.17e-10
2018-10-11 17:49:59, 1.1e-12, 2.17e-10
2018-10-11 17:50:04, 1.1e-12, 2.17e-10
2018-10-11 17:50:08, 1.12e-12, 2.17e-10
2018-10-11 17:50:12, 1.04e-12, 2.17e-10
2018-10-11 17:50:16, 1.08e-12, 2.17e-10
2018-10-11 17:50:21, 1.09e-12, 2.17e-10
2018-10-11 17:50:25, 1.09e-12, 2.17e-10
2018-10-11 17:50:29, 1.12e-12, 2.17e-10
2018-10-11 17:50:33, 1.1e-12, 2.17e-10
2018-10-11 17:50:37, 1.05e-12, 2.17e-10
2018-10-11 17:50:42, 1.09e-12, 2.17e-10
2018-10-11 17:50:46, 1.11e-12, 2.17e-10
2018-10-11 17:50:50, 1.07e-12, 2.17e-10
2018-10-11 17:50:54, 1.08e-12, 2.17e-10
2018-10-11 17:50:59, 1.06e-12, 2.17e-10
2018-10-11 17:51:03, 1.02e-12, 2.17e-10
2018-10-11 17:51:07, 1.07e-12, 2.18e-10
2018-10-11 17:51:11, 1.13e-12, 2.17e-10
2018-10-11 17:51:15, 1.08e-12, 2.17e-10
2018-10-11 17:51:20, 1.13e-12, 2.17e-10
2018-10-11 17:51:24, 1.03e-12, 2.17e-10
2018-10-11 17:51:28, 1.09e-12, 2.17e-10
2018-10-11 17:51:32, 1.08e-12, 2.17e-10
2018-10-11 17:51:37, 1.11e-12, 2.17e-10
2018-10-11 17:51:41, 1.12e-12, 2.17e-10
2018-10-11 17:51:45, 1.02e-12, 2.17e-10
2018-10-11 17:51:49, 1.07e-12, 2.17e-10
2018-10-11 17:51:53, 1.06e-12, 2.17e-10
2018-10-11 17:51:58, 1.03e-12, 2.17e-10
2018-10-11 17:52:02, 1.08e-12, 2.17e-10
2018-10-11 17:52:06, 1.17e-12, 2.17e-10
2018-10-11 17:52:10, 1.02e-12, 2.17e-10
2018-10-11 17:52:15, 1.29e-12, 2.17e-10
2018-10-11 17:52:19, 1.13e-12, 2.17e-10
2018-10-11 17:52:23, 1.03e-12, 2.17e-10
2018-10-11 17:52:27, 1.09e-12, 2.18e-10
2018-10-11 17:52:31, 1.05e-12, 2.17e-10
2018-10-11 17:52:36, 1.05e-12, 2.17e-10
2018-10-11 17:52:40, 1.08e-12, 2.18e-10
2018-10-11 17:52:44, 1.1e-12, 2.17e-10
2018-10-11 17:52:48, 1.12e-12, 2.17e-10
2018-10-11 17:52:53, 1.11e-12, 2.17e-10
2018-10-11 17:52:57, 1.08e-12, 2.17e-10
2018-10-11 17:53:01, 1.09e-12, 2.17e-10
2018-10-11 17:53:05, 1.17e-12, 2.18e-10
2018-10-11 17:53:09, 1.04e-12, 2.17e-10
2018-10-11 17:53:14, 1.05e-12, 2.17e-10
2018-10-11 17:53:18, 1.08e-12, 2.17e-10
2018-10-11 17:53:22, 1.11e-12, 2.17e-10
2018-10-11 17:53:26, 1.06e-12, 2.17e-10
2018-10-11 17:53:31, 1.13e-12, 2.17e-10
2018-10-11 17:53:35, 1.06e-12, 2.18e-10
2018-10-11 17:53:39, 1.1e-12, 2.17e-10
2018-10-11 17:53:43, 1.12e-12, 2.18e-10
2018-10-11 17:53:47, 1.12e-12, 2.18e-10
2018-10-11 17:53:52, 1.03e-12, 2.17e-10
2018-10-11 17:53:56, 1.04e-12, 2.18e-10
2018-10-11 17:54:00, 1.1e-12, 2.18e-10
2018-10-11 17:54:04, 1.08e-12, 2.17e-10
2018-10-11 17:54:09, 1.18e-12, 2.18e-10
2018-10-11 17:54:13, 1.09e-12, 2.18e-10
2018-10-11 17:54:17, 1.06e-12, 2.17e-10
2018-10-11 17:54:21, 1.21e-12, 2.17e-10
2018-10-11 17:54:25, 1.12e-12, 2.17e-10
2018-10-11 17:54:30, 1.1e-12, 2.17e-10
2018-10-11 17:54:34, 1.02e-12, 2.18e-10
2018-10-11 17:54:38, 1.08e-12, 2.18e-10
2018-10-11 17:54:42, 1.03e-12, 2.17e-10
2018-10-11 17:54:47, 1.01e-12, 2.18e-10
2018-10-11 17:54:51, 1.11e-12, 2.18e-10
2018-10-11 17:54:55, 1.1e-12, 2.17e-10
2018-10-11 17:54:59, 1.13e-12, 2.18e-10
2018-10-11 17:55:03, 1.1e-12, 2.18e-10
2018-10-11 17:55:08, 1.12e-12, 2.17e-10
2018-10-11 17:55:12, 1.08e-12, 2.18e-10
2018-10-11 17:55:16, 1.08e-12, 2.17e-10
2018-10-11 17:55:20, 1.14e-12, 2.17e-10
2018-10-11 17:55:25, 1.14e-12, 2.17e-10
2018-10-11 17:55:29, 1.12e-12, 2.17e-10
2018-10-11 17:55:33, 1.06e-12, 2.17e-10
2018-10-11 17:55:37, 1.12e-12, 2.18e-10
2018-10-11 17:55:41, 1.1e-12, 2.17e-10
2018-10-11 17:55:46, 1.07e-12, 2.17e-10
2018-10-11 17:55:50, 1.03e-12, 2.17e-10
2018-10-11 17:55:54, 1.09e-12, 2.17e-10
2018-10-11 17:55:58, 1.04e-12, 2.17e-10
2018-10-11 17:56:03, 1.13e-12, 2.18e-10
2018-10-11 17:56:07, 1.16e-12, 2.18e-10
2018-10-11 17:56:11, 1.14e-12, 2.17e-10
2018-10-11 17:56:15, 1.1e-12, 2.18e-10
2018-10-11 17:56:19, 1.06e-12, 2.17e-10
2018-10-11 17:56:24, 1.08e-12, 2.17e-10
2018-10-11 17:56:28, 1.09e-12, 2.18e-10
2018-10-11 17:56:32, 1.08e-12, 2.18e-10
2018-10-11 17:56:36, 1.03e-12, 2.17e-10
2018-10-11 17:56:41, 1.14e-12, 2.17e-10
2018-10-11 17:56:45, 9.25e-13, 2.18e-10
2018-10-11 17:56:49, 1.06e-12, 2.17e-10
2018-10-11 17:56:53, 1.12e-12, 2.18e-10
2018-10-11 17:56:57, 1.09e-12, 2.18e-10
2018-10-11 17:57:02, 1.03e-12, 2.17e-10
2018-10-11 17:57:06, 1.07e-12, 2.18e-10
2018-10-11 17:57:10, 1.25e-12, 2.18e-10
2018-10-11 17:57:14, 1.06e-12, 2.17e-10
2018-10-11 17:57:19, 1.03e-12, 2.18e-10
2018-10-11 17:57:23, 1.09e-12, 2.18e-10
2018-10-11 17:57:27, 1.11e-12, 2.17e-10
2018-10-11 17:57:31, 1.04e-12, 2.18e-10
2018-10-11 17:57:35, 1.03e-12, 2.17e-10
2018-10-11 17:57:40, 1.21e-12, 2.17e-10
2018-10-11 17:57:44, 1.1e-12, 2.17e-10
2018-10-11 17:57:48, 1.1e-12, 2.17e-10
2018-10-11 17:57:52, 1.1e-12, 2.17e-10
2018-10-11 17:57:56, 1.14e-12, 2.18e-10
2018-10-11 17:58:01, 1.07e-12, 2.18e-10
2018-10-11 17:58:05, 1.07e-12, 2.18e-10
2018-10-11 17:58:09, 9.91e-13, 2.18e-10
2018-10-11 17:58:13, 1.08e-12, 2.18e-10
2018-10-11 17:58:18, 1.09e-12, 2.17e-10
2018-10-11 17:58:22, 1.04e-12, 2.18e-10
2018-10-11 17:58:26, 1.08e-12, 2.18e-10
2018-10-11 17:58:30, 1.09e-12, 2.17e-10
2018-10-11 17:58:34, 1.22e-12, 2.18e-10
2018-10-11 17:58:39, 1.11e-12, 2.17e-10
2018-10-11 17:58:43, 1.12e-12, 2.17e-10
2018-10-11 17:58:47, 1.07e-12, 2.18e-10
2018-10-11 17:58:51, 1.01e-12, 2.17e-10
2018-10-11 17:58:56, 1.1e-12, 2.17e-10
2018-10-11 17:59:00, 1.1e-12, 2.17e-10
2018-10-11 17:59:04, 1.09e-12, 2.17e-10
2018-10-11 17:59:08, 1.13e-12, 2.17e-10
2018-10-11 17:59:12, 1.17e-12, 2.17e-10
2018-10-11 17:59:17, 1.03e-12, 2.17e-10
2018-10-11 17:59:21, 1.09e-12, 2.17e-10
2018-10-11 17:59:25, 1.08e-12, 2.18e-10
2018-10-11 17:59:29, 1.08e-12, 2.18e-10
2018-10-11 17:59:34, 1.08e-12, 2.17e-10
2018-10-11 17:59:38, 1.1e-12, 2.18e-10
2018-10-11 17:59:42, 1.02e-12, 2.17e-10
2018-10-11 17:59:46, 1.15e-12, 2.17e-10
2018-10-11 17:59:50, 1.07e-12, 2.17e-10
2018-10-11 17:59:55, 1e-12, 2.18e-10
2018-10-11 17:59:59, 1.13e-12, 2.17e-10
2018-10-11 18:00:03, 1.1e-12, 2.18e-10
2018-10-11 18:00:07, 1.06e-12, 2.17e-10
2018-10-11 18:00:12, 1.11e-12, 2.17e-10
2018-10-11 18:00:16, 1.08e-12, 2.18e-10
2018-10-11 18:00:20, 1.1e-12, 2.17e-10
2018-10-11 18:00:24, 1.08e-12, 2.17e-10
2018-10-11 18:00:28, 1.12e-12, 2.18e-10
2018-10-11 18:00:33, 1.1e-12, 2.18e-10
2018-10-11 18:00:37, 1.08e-12, 2.17e-10
2018-10-11 18:00:41, 1.06e-12, 2.18e-10
2018-10-11 18:00:45, 1.08e-12, 2.17e-10
2018-10-11 18:00:50, 1.06e-12, 2.16e-10
2018-10-11 18:00:54, 9.75e-13, 2.17e-10
2018-10-11 18:00:58, 1.04e-12, 2.17e-10
2018-10-11 18:01:02, 1.06e-12, 2.16e-10
2018-10-11 18:01:06, 1.02e-12, 2.17e-10
2018-10-11 18:01:11, 1.2e-12, 2.17e-10
2018-10-11 18:01:15, 1.12e-12, 2.17e-10
2018-10-11 18:01:19, 1.06e-12, 2.17e-10
2018-10-11 18:01:23, 1.11e-12, 2.17e-10
2018-10-11 18:01:27, 1.08e-12, 2.16e-10
2018-10-11 18:01:32, 1.05e-12, 2.17e-10
2018-10-11 18:01:36, 1.07e-12, 2.17e-10
2018-10-11 18:01:40, 1.15e-12, 2.17e-10
2018-10-11 18:01:44, 1.08e-12, 2.17e-10
2018-10-11 18:01:49, 1.09e-12, 2.17e-10
2018-10-11 18:01:53, 1.1e-12, 2.16e-10
2018-10-11 18:01:57, 1.09e-12, 2.17e-10
2018-10-11 18:02:01, 1.1e-12, 2.17e-10
2018-10-11 18:02:05, 1.22e-12, 2.17e-10
2018-10-11 18:02:10, 1.06e-12, 2.17e-10
2018-10-11 18:02:14, 9.43e-13, 2.17e-10
2018-10-11 18:02:18, 1.08e-12, 2.17e-10
2018-10-11 18:02:22, 9.98e-13, 2.17e-10
2018-10-11 18:02:27, 1.19e-12, 2.17e-10
2018-10-11 18:02:31, 1.11e-12, 2.17e-10
2018-10-11 18:02:35, 1.15e-12, 2.17e-10
2018-10-11 18:02:39, 1.09e-12, 2.17e-10
2018-10-11 18:02:43, 1.09e-12, 2.17e-10
2018-10-11 18:02:48, 1.08e-12, 2.17e-10
2018-10-11 18:02:52, 1.12e-12, 2.17e-10
2018-10-11 18:02:56, 1.14e-12, 2.17e-10
2018-10-11 18:03:00, 1.12e-12, 2.17e-10
2018-10-11 18:03:05, 1.1e-12, 2.18e-10
2018-10-11 18:03:09, 1.1e-12, 2.17e-10
2018-10-11 18:03:13, 1.13e-12, 2.17e-10
2018-10-11 18:03:17, 1e-12, 2.17e-10
2018-10-11 18:03:21, 1.11e-12, 2.17e-10
2018-10-11 18:03:26, 1.09e-12, 2.17e-10
2018-10-11 18:03:30, 1.1e-12, 2.17e-10
2018-10-11 18:03:34, 1.09e-12, 2.16e-10
2018-10-11 18:03:38, 1.08e-12, 2.17e-10
2018-10-11 18:03:43, 1.07e-12, 2.17e-10
2018-10-11 18:03:47, 1.11e-12, 2.17e-10
2018-10-11 18:03:51, 1.05e-12, 2.17e-10
2018-10-11 18:03:55, 1.11e-12, 2.17e-10
2018-10-11 18:03:59, 1.1e-12, 2.17e-10
2018-10-11 18:04:04, 1.08e-12, 2.17e-10
2018-10-11 18:04:08, 1.02e-12, 2.17e-10
2018-10-11 18:04:12, 1.09e-12, 2.17e-10
2018-10-11 18:04:16, 1.02e-12, 2.17e-10
2018-10-11 18:04:21, 1.04e-12, 2.17e-10
2018-10-11 18:04:25, 1.08e-12, 2.17e-10
2018-10-11 18:04:29, 1.1e-12, 2.16e-10
2018-10-11 18:04:33, 1.11e-12, 2.17e-10
2018-10-11 18:04:37, 1.1e-12, 2.17e-10
2018-10-11 18:04:42, 1.08e-12, 2.17e-10
2018-10-11 18:04:46, 1.04e-12, 2.17e-10
2018-10-11 18:04:50, 1.16e-12, 2.18e-10
2018-10-11 18:04:54, 1.1e-12, 2.17e-10
2018-10-11 18:04:59, 1.13e-12, 2.17e-10
2018-10-11 18:05:03, 1.06e-12, 2.17e-10
2018-10-11 18:05:07, 1.02e-12, 2.17e-10
2018-10-11 18:05:11, 1.06e-12, 2.18e-10
2018-10-11 18:05:15, 1.12e-12, 2.18e-10
2018-10-11 18:05:20, 1.05e-12, 2.17e-10
2018-10-11 18:05:24, 1.02e-12, 2.18e-10
2018-10-11 18:05:28, 1.07e-12, 2.17e-10
2018-10-11 18:05:32, 1.08e-12, 2.17e-10
2018-10-11 18:05:37, 1.02e-12, 2.17e-10
2018-10-11 18:05:41, 1.15e-12, 2.18e-10
2018-10-11 18:05:45, 1.22e-12, 2.18e-10
2018-10-11 18:05:49, 1.13e-12, 2.18e-10
2018-10-11 18:05:53, 1.02e-12, 2.18e-10
2018-10-11 18:05:58, 1.1e-12, 2.18e-10
2018-10-11 18:06:02, 1.11e-12, 2.17e-10
2018-10-11 18:06:06, 1.07e-12, 2.18e-10
2018-10-11 18:06:10, 1.08e-12, 2.17e-10
2018-10-11 18:06:14, 1.06e-12, 2.17e-10
2018-10-11 18:06:19, 1.28e-12, 2.17e-10
2018-10-11 18:06:23, 1.11e-12, 2.18e-10
2018-10-11 18:06:27, 1.08e-12, 2.18e-10
2018-10-11 18:06:31, 1.02e-12, 2.17e-10
2018-10-11 18:06:36, 1.12e-12, 2.18e-10
2018-10-11 18:06:40, 1.11e-12, 2.18e-10
2018-10-11 18:06:44, 1.02e-12, 2.17e-10
2018-10-11 18:06:48, 1.12e-12, 2.18e-10
2018-10-11 18:06:53, 1.09e-12, 2.18e-10
2018-10-11 18:06:57, 1.15e-12, 2.18e-10
2018-10-11 18:07:01, 1.02e-12, 2.18e-10
2018-10-11 18:07:05, 1.06e-12, 2.18e-10
2018-10-11 18:07:09, 1.08e-12, 2.18e-10
2018-10-11 18:07:14, 1.08e-12, 2.17e-10
2018-10-11 18:07:18, 1.11e-12, 2.17e-10
2018-10-11 18:07:22, 1.1e-12, 2.17e-10
2018-10-11 18:07:26, 1.09e-12, 2.18e-10
2018-10-11 18:07:31, 1.13e-12, 2.17e-10
2018-10-11 18:07:35, 1.08e-12, 2.18e-10
2018-10-11 18:07:39, 1.01e-12, 2.17e-10
2018-10-11 18:07:43, 9.43e-13, 2.17e-10
2018-10-11 18:07:47, 1.04e-12, 2.17e-10
2018-10-11 18:07:52, 1.05e-12, 2.18e-10
2018-10-11 18:07:56, 1.11e-12, 2.18e-10
2018-10-11 18:08:00, 1.06e-12, 2.17e-10
2018-10-11 18:08:04, 1.07e-12, 2.18e-10
2018-10-11 18:08:09, 1.12e-12, 2.17e-10
2018-10-11 18:08:13, 1.04e-12, 2.18e-10
2018-10-11 18:08:17, 1.09e-12, 2.17e-10
2018-10-11 18:08:21, 1.06e-12, 2.18e-10
2018-10-11 18:08:25, 1.1e-12, 2.17e-10
2018-10-11 18:08:30, 1.11e-12, 2.18e-10
2018-10-11 18:08:34, 1.04e-12, 2.18e-10
2018-10-11 18:08:38, 1.22e-12, 2.18e-10
2018-10-11 18:08:42, 1.02e-12, 2.17e-10
2018-10-11 18:08:47, 1.16e-12, 2.17e-10
2018-10-11 18:08:51, 1.06e-12, 2.18e-10
2018-10-11 18:08:55, 1.12e-12, 2.18e-10
2018-10-11 18:08:59, 1.05e-12, 2.18e-10
2018-10-11 18:09:03, 1.09e-12, 2.18e-10
2018-10-11 18:09:08, 1.13e-12, 2.18e-10
2018-10-11 18:09:12, 1.12e-12, 2.18e-10
2018-10-11 18:09:16, 1.13e-12, 2.17e-10
2018-10-11 18:09:20, 1.15e-12, 2.18e-10
2018-10-11 18:09:25, 1.06e-12, 2.18e-10
2018-10-11 18:09:29, 1.08e-12, 2.18e-10
2018-10-11 18:09:33, 1.06e-12, 2.18e-10
2018-10-11 18:09:37, 1.08e-12, 2.16e-10
2018-10-11 18:09:41, 1.09e-12, 2.18e-10
2018-10-11 18:09:46, 1.11e-12, 2.18e-10
2018-10-11 18:09:50, 1.09e-12, 2.18e-10
2018-10-11 18:09:54, 1.04e-12, 2.17e-10
2018-10-11 18:09:58, 1.14e-12, 2.17e-10
2018-10-11 18:10:03, 1.11e-12, 2.17e-10
2018-10-11 18:10:07, 1.08e-12, 2.18e-10
2018-10-11 18:10:11, 1.07e-12, 2.17e-10
2018-10-11 18:10:15, 1.12e-12, 2.18e-10
2018-10-11 18:10:19, 1.11e-12, 2.18e-10
2018-10-11 18:10:24, 1.07e-12, 2.18e-10
2018-10-11 18:10:28, 1.08e-12, 2.18e-10
2018-10-11 18:10:32, 1.12e-12, 2.18e-10
2018-10-11 18:10:36, 9.56e-13, 2.18e-10
2018-10-11 18:10:41, 1.11e-12, 2.17e-10
2018-10-11 18:10:45, 1.07e-12, 2.17e-10
2018-10-11 18:10:49, 1.13e-12, 2.17e-10
2018-10-11 18:10:53, 1.23e-12, 2.18e-10
2018-10-11 18:10:57, 1.06e-12, 2.18e-10
2018-10-11 18:11:02, 1.05e-12, 2.18e-10
2018-10-11 18:11:06, 1.04e-12, 2.18e-10
2018-10-11 18:11:10, 1.07e-12, 2.18e-10
2018-10-11 18:11:14, 1.04e-12, 2.18e-10
2018-10-11 18:11:19, 1.02e-12, 2.18e-10
2018-10-11 18:11:23, 1.17e-12, 2.18e-10
2018-10-11 18:11:27, 1.05e-12, 2.18e-10
2018-10-11 18:11:31, 1.11e-12, 2.18e-10
2018-10-11 18:11:35, 1.13e-12, 2.18e-10
2018-10-11 18:11:40, 1.16e-12, 2.18e-10
2018-10-11 18:11:44, 1.11e-12, 2.18e-10
2018-10-11 18:11:48, 1.23e-12, 2.18e-10
2018-10-11 18:11:52, 1.11e-12, 2.19e-10
2018-10-11 18:11:57, 1.12e-12, 2.18e-10
2018-10-11 18:12:01, 1.09e-12, 2.18e-10
2018-10-11 18:12:05, 1.03e-12, 2.18e-10
2018-10-11 18:12:09, 1.09e-12, 2.18e-10
2018-10-11 18:12:13, 1.07e-12, 2.18e-10
2018-10-11 18:12:18, 1.06e-12, 2.19e-10
2018-10-11 18:12:22, 1.15e-12, 2.18e-10
2018-10-11 18:12:26, 1.15e-12, 2.18e-10
2018-10-11 18:12:30, 1.07e-12, 2.18e-10
2018-10-11 18:12:34, 1.13e-12, 2.18e-10
2018-10-11 18:12:39, 1.06e-12, 2.19e-10
2018-10-11 18:12:43, 9.96e-13, 2.18e-10
2018-10-11 18:12:47, 1.12e-12, 2.18e-10
2018-10-11 18:12:51, 1.09e-12, 2.17e-10
2018-10-11 18:12:56, 1.11e-12, 2.18e-10
2018-10-11 18:13:00, 1.14e-12, 2.18e-10
2018-10-11 18:13:04, 1.15e-12, 2.18e-10
2018-10-11 18:13:08, 1.08e-12, 2.18e-10
2018-10-11 18:13:12, 1.05e-12, 2.18e-10
2018-10-11 18:13:17, 1.15e-12, 2.18e-10
2018-10-11 18:13:21, 1.06e-12, 2.18e-10
2018-10-11 18:13:25, 1.04e-12, 2.18e-10
2018-10-11 18:13:29, 1.1e-12, 2.18e-10
2018-10-11 18:13:34, 1.17e-12, 2.18e-10
2018-10-11 18:13:38, 1.08e-12, 2.18e-10
2018-10-11 18:13:42, 1.09e-12, 2.18e-10
2018-10-11 18:13:46, 1.15e-12, 2.18e-10
2018-10-11 18:13:50, 1e-12, 2.18e-10
2018-10-11 18:13:55, 1.16e-12, 2.18e-10
2018-10-11 18:13:59, 1.06e-12, 2.18e-10
2018-10-11 18:14:03, 1.08e-12, 2.18e-10
2018-10-11 18:14:07, 1.17e-12, 2.18e-10
2018-10-11 18:14:12, 1.07e-12, 2.18e-10
2018-10-11 18:14:16, 1.11e-12, 2.18e-10
2018-10-11 18:14:20, 1.1e-12, 2.18e-10
2018-10-11 18:14:24, 1.08e-12, 2.19e-10
2018-10-11 18:14:28, 1.11e-12, 2.18e-10
2018-10-11 18:14:33, 1.05e-12, 2.18e-10
2018-10-11 18:14:37, 1.06e-12, 2.18e-10
2018-10-11 18:14:41, 1.05e-12, 2.18e-10
2018-10-11 18:14:45, 1.11e-12, 2.19e-10
2018-10-11 18:14:50, 1.06e-12, 2.19e-10
2018-10-11 18:14:54, 1.05e-12, 2.18e-10
2018-10-11 18:14:58, 1.05e-12, 2.18e-10
2018-10-11 18:15:02, 1.04e-12, 2.18e-10
2018-10-11 18:15:06, 1.23e-12, 2.18e-10
2018-10-11 18:15:11, 1.09e-12, 2.18e-10
2018-10-11 18:15:15, 1.12e-12, 2.18e-10
2018-10-11 18:15:19, 1.09e-12, 2.18e-10
2018-10-11 18:15:23, 1.1e-12, 2.18e-10
2018-10-11 18:15:28, 1.07e-12, 2.18e-10
2018-10-11 18:15:32, 1.1e-12, 2.18e-10
2018-10-11 18:15:36, 1.1e-12, 2.18e-10
2018-10-11 18:15:40, 1.17e-12, 2.18e-10
2018-10-11 18:15:44, 1.13e-12, 2.18e-10
2018-10-11 18:15:49, 1.04e-12, 2.18e-10
2018-10-11 18:15:53, 1.11e-12, 2.18e-10
2018-10-11 18:15:57, 1.01e-12, 2.18e-10
2018-10-11 18:16:01, 1.08e-12, 2.18e-10
2018-10-11 18:16:06, 1.08e-12, 2.18e-10
2018-10-11 18:16:10, 1.03e-12, 2.18e-10
2018-10-11 18:16:14, 1e-12, 2.18e-10
2018-10-11 18:16:18, 1.1e-12, 2.19e-10
2018-10-11 18:16:22, 1.11e-12, 2.19e-10
2018-10-11 18:16:27, 1.18e-12, 2.18e-10
2018-10-11 18:16:31, 1.14e-12, 2.18e-10
2018-10-11 18:16:35, 1.13e-12, 2.18e-10
2018-10-11 18:16:39, 1.12e-12, 2.18e-10
2018-10-11 18:16:44, 1.13e-12, 2.19e-10
2018-10-11 18:16:48, 1.04e-12, 2.19e-10
2018-10-11 18:16:52, 1.14e-12, 2.18e-10
2018-10-11 18:16:56, 1.12e-12, 2.19e-10
2018-10-11 18:17:00, 1.1e-12, 2.18e-10
2018-10-11 18:17:05, 1.07e-12, 2.18e-10
2018-10-11 18:17:09, 1.07e-12, 2.19e-10
2018-10-11 18:17:13, 1.06e-12, 2.19e-10
2018-10-11 18:17:17, 1.09e-12, 2.19e-10
2018-10-11 18:17:22, 1.17e-12, 2.19e-10
2018-10-11 18:17:26, 1.14e-12, 2.19e-10
2018-10-11 18:17:30, 1.12e-12, 2.18e-10
2018-10-11 18:17:34, 1.15e-12, 2.19e-10
2018-10-11 18:17:38, 1.03e-12, 2.18e-10
2018-10-11 18:17:43, 1.12e-12, 2.18e-10
2018-10-11 18:17:47, 1.09e-12, 2.18e-10
2018-10-11 18:17:51, 1.04e-12, 2.18e-10
2018-10-11 18:17:55, 1.16e-12, 2.18e-10
2018-10-11 18:18:00, 1.05e-12, 2.19e-10
2018-10-11 18:18:04, 1.15e-12, 2.18e-10
2018-10-11 18:18:08, 1.15e-12, 2.19e-10
2018-10-11 18:18:12, 1.07e-12, 2.19e-10
2018-10-11 18:18:16, 1.1e-12, 2.19e-10
2018-10-11 18:18:21, 1.1e-12, 2.19e-10
2018-10-11 18:18:25, 1.08e-12, 2.19e-10
2018-10-11 18:18:29, 1.1e-12, 2.19e-10
2018-10-11 18:18:33, 1.1e-12, 2.19e-10
2018-10-11 18:18:38, 1.1e-12, 2.18e-10
2018-10-11 18:18:42, 1.1e-12, 2.19e-10
2018-10-11 18:18:46, 1.2e-12, 2.18e-10
2018-10-11 18:18:50, 1.07e-12, 2.19e-10
2018-10-11 18:18:54, 1.07e-12, 2.19e-10
2018-10-11 18:18:59, 1.08e-12, 2.18e-10
2018-10-11 18:19:03, 1.09e-12, 2.19e-10
2018-10-11 18:19:07, 1.19e-12, 2.19e-10
2018-10-11 18:19:11, 1.08e-12, 2.19e-10
2018-10-11 18:19:15, 1.1e-12, 2.19e-10
2018-10-11 18:19:20, 1.12e-12, 2.19e-10
2018-10-11 18:19:24, 1.08e-12, 2.19e-10
2018-10-11 18:19:28, 1.1e-12, 2.19e-10
2018-10-11 18:19:32, 1.13e-12, 2.19e-10
2018-10-11 18:19:37, 1.1e-12, 2.19e-10
2018-10-11 18:19:41, 1.04e-12, 2.19e-10
2018-10-11 18:19:45, 1.09e-12, 2.19e-10
2018-10-11 18:19:49, 1.1e-12, 2.19e-10
2018-10-11 18:19:53, 1.2e-12, 2.19e-10
2018-10-11 18:19:58, 1.04e-12, 2.2e-10
2018-10-11 18:20:02, 1.02e-12, 2.19e-10
2018-10-11 18:20:06, 1.12e-12, 2.19e-10
2018-10-11 18:20:10, 1.11e-12, 2.18e-10
2018-10-11 18:20:15, 1.07e-12, 2.19e-10
2018-10-11 18:20:19, 1.15e-12, 2.19e-10
2018-10-11 18:20:23, 1.23e-12, 2.18e-10
2018-10-11 18:20:27, 1.11e-12, 2.19e-10
2018-10-11 18:20:31, 1.06e-12, 2.2e-10
2018-10-11 18:20:36, 1.09e-12, 2.18e-10
2018-10-11 18:20:40, 1.24e-12, 2.19e-10
2018-10-11 18:20:44, 1.06e-12, 2.19e-10
2018-10-11 18:20:48, 1.05e-12, 2.19e-10
2018-10-11 18:20:53, 1.09e-12, 2.19e-10
2018-10-11 18:20:57, 1.12e-12, 2.19e-10
2018-10-11 18:21:01, 1.07e-12, 2.19e-10
2018-10-11 18:21:05, 1.03e-12, 2.19e-10
2018-10-11 18:21:09, 1.05e-12, 2.19e-10
2018-10-11 18:21:14, 1.08e-12, 2.19e-10
2018-10-11 18:21:18, 1.1e-12, 2.19e-10
2018-10-11 18:21:22, 1.12e-12, 2.19e-10
2018-10-11 18:21:26, 1.15e-12, 2.19e-10
2018-10-11 18:21:31, 1.05e-12, 2.18e-10
2018-10-11 18:21:35, 1.1e-12, 2.19e-10
2018-10-11 18:21:39, 1.08e-12, 2.19e-10
2018-10-11 18:21:43, 1.1e-12, 2.19e-10
2018-10-11 18:21:47, 1.07e-12, 2.19e-10
2018-10-11 18:21:52, 1.04e-12, 2.19e-10
2018-10-11 18:21:56, 1.17e-12, 2.19e-10
2018-10-11 18:22:00, 1.2e-12, 2.2e-10
2018-10-11 18:22:04, 1.11e-12, 2.19e-10
2018-10-11 18:22:09, 1.11e-12, 2.19e-10
2018-10-11 18:22:13, 1.11e-12, 2.19e-10
2018-10-11 18:22:17, 1.15e-12, 2.19e-10
2018-10-11 18:22:21, 1.07e-12, 2.19e-10
2018-10-11 18:22:25, 1.1e-12, 2.19e-10
2018-10-11 18:22:30, 1.1e-12, 2.19e-10
2018-10-11 18:22:34, 1.22e-12, 2.19e-10
2018-10-11 18:22:38, 1.06e-12, 2.2e-10
2018-10-11 18:22:42, 1.11e-12, 2.19e-10
2018-10-11 18:22:47, 1.09e-12, 2.19e-10
2018-10-11 18:22:51, 1.14e-12, 2.19e-10
2018-10-11 18:22:55, 1.07e-12, 2.19e-10
2018-10-11 18:22:59, 1.07e-12, 2.19e-10
2018-10-11 18:23:03, 1.04e-12, 2.19e-10
2018-10-11 18:23:08, 1.04e-12, 2.19e-10
2018-10-11 18:23:12, 1.15e-12, 2.19e-10
2018-10-11 18:23:16, 1.09e-12, 2.19e-10
2018-10-11 18:23:20, 1.01e-12, 2.19e-10
2018-10-11 18:23:25, 1.19e-12, 2.18e-10
2018-10-11 18:23:29, 1.1e-12, 2.19e-10
2018-10-11 18:23:33, 1.11e-12, 2.19e-10
2018-10-11 18:23:37, 1.19e-12, 2.18e-10
2018-10-11 18:23:41, 1.09e-12, 2.19e-10
2018-10-11 18:23:46, 1.06e-12, 2.19e-10
2018-10-11 18:23:50, 1.16e-12, 2.19e-10
2018-10-11 18:23:54, 1.11e-12, 2.19e-10
2018-10-11 18:23:58, 1.18e-12, 2.19e-10
2018-10-11 18:24:03, 1.11e-12, 2.18e-10
2018-10-11 18:24:07, 1.06e-12, 2.19e-10
2018-10-11 18:24:11, 1.11e-12, 2.19e-10
2018-10-11 18:24:15, 1.08e-12, 2.19e-10
2018-10-11 18:24:19, 1.14e-12, 2.19e-10
2018-10-11 18:24:24, 9.62e-13, 2.19e-10
2018-10-11 18:24:28, 1.12e-12, 2.19e-10
2018-10-11 18:24:32, 1.12e-12, 2.19e-10
2018-10-11 18:24:36, 1.21e-12, 2.19e-10
2018-10-11 18:24:41, 1.16e-12, 2.19e-10
2018-10-11 18:24:45, 1.08e-12, 2.19e-10
2018-10-11 18:24:49, 1.02e-12, 2.19e-10
2018-10-11 18:24:53, 1.12e-12, 2.19e-10
2018-10-11 18:24:57, 1.04e-12, 2.19e-10
2018-10-11 18:25:02, 1.04e-12, 2.19e-10
2018-10-11 18:25:06, 1.12e-12, 2.18e-10
2018-10-11 18:25:10, 1.1e-12, 2.19e-10
2018-10-11 18:25:14, 1.07e-12, 2.19e-10
2018-10-11 18:25:19, 1.05e-12, 2.19e-10
2018-10-11 18:25:23, 1.06e-12, 2.19e-10
2018-10-11 18:25:27, 1.08e-12, 2.19e-10
2018-10-11 18:25:31, 1.09e-12, 2.19e-10
2018-10-11 18:25:35, 1.02e-12, 2.19e-10
2018-10-11 18:25:40, 1.1e-12, 2.19e-10
2018-10-11 18:25:44, 1.08e-12, 2.18e-10
2018-10-11 18:25:48, 1.09e-12, 2.19e-10
2018-10-11 18:25:52, 1.11e-12, 2.19e-10
2018-10-11 18:25:57, 1.13e-12, 2.19e-10
2018-10-11 18:26:01, 1.13e-12, 2.19e-10
2018-10-11 18:26:05, 1.09e-12, 2.19e-10
2018-10-11 18:26:09, 1.09e-12, 2.19e-10
2018-10-11 18:26:13, 1.05e-12, 2.19e-10
2018-10-11 18:26:18, 1.12e-12, 2.19e-10
2018-10-11 18:26:22, 1.24e-12, 2.19e-10
2018-10-11 18:26:26, 1.09e-12, 2.19e-10
2018-10-11 18:26:30, 1.06e-12, 2.19e-10
2018-10-11 18:26:35, 1.11e-12, 2.19e-10
2018-10-11 18:26:39, 1.06e-12, 2.19e-10
2018-10-11 18:26:43, 1.07e-12, 2.19e-10
2018-10-11 18:26:47, 1.15e-12, 2.18e-10
2018-10-11 18:26:51, 1.07e-12, 2.19e-10
2018-10-11 18:26:56, 1.05e-12, 2.19e-10
2018-10-11 18:27:00, 1.11e-12, 2.19e-10
2018-10-11 18:27:04, 1.08e-12, 2.19e-10
2018-10-11 18:27:08, 1.06e-12, 2.19e-10
2018-10-11 18:27:13, 1.12e-12, 2.19e-10
2018-10-11 18:27:17, 1.09e-12, 2.19e-10
2018-10-11 18:27:21, 1.04e-12, 2.19e-10
2018-10-11 18:27:25, 1.14e-12, 2.19e-10
2018-10-11 18:27:29, 1.05e-12, 2.19e-10
2018-10-11 18:27:34, 1.04e-12, 2.19e-10
2018-10-11 18:27:38, 1.07e-12, 2.18e-10
2018-10-11 18:27:42, 1.09e-12, 2.19e-10
2018-10-11 18:27:46, 1.06e-12, 2.19e-10
2018-10-11 18:27:51, 1.07e-12, 2.19e-10
2018-10-11 18:27:55, 1.12e-12, 2.19e-10
2018-10-11 18:27:59, 1.01e-12, 2.19e-10
2018-10-11 18:28:03, 1.16e-12, 2.19e-10
2018-10-11 18:28:07, 1.1e-12, 2.19e-10
2018-10-11 18:28:12, 1.08e-12, 2.19e-10
2018-10-11 18:28:16, 1.15e-12, 2.19e-10
2018-10-11 18:28:20, 1.03e-12, 2.18e-10
2018-10-11 18:28:24, 1.14e-12, 2.19e-10
2018-10-11 18:28:29, 1.1e-12, 2.19e-10
2018-10-11 18:28:33, 1.03e-12, 2.19e-10
2018-10-11 18:28:37, 1.14e-12, 2.19e-10
2018-10-11 18:28:41, 1.15e-12, 2.19e-10
2018-10-11 18:28:45, 1.16e-12, 2.19e-10
2018-10-11 18:28:50, 1.06e-12, 2.19e-10
2018-10-11 18:28:54, 1.13e-12, 2.18e-10
2018-10-11 18:28:58, 1.13e-12, 2.19e-10
2018-10-11 18:29:02, 8.94e-13, 2.19e-10
2018-10-11 18:29:07, 1.17e-12, 2.19e-10
2018-10-11 18:29:11, 1.08e-12, 2.19e-10
2018-10-11 18:29:15, 1.04e-12, 2.19e-10
2018-10-11 18:29:19, 1.08e-12, 2.19e-10
2018-10-11 18:29:23, 1.12e-12, 2.19e-10
2018-10-11 18:29:28, 1.05e-12, 2.19e-10
2018-10-11 18:29:32, 1.09e-12, 2.19e-10
2018-10-11 18:29:36, 1.09e-12, 2.19e-10
2018-10-11 18:29:40, 1.23e-12, 2.19e-10
2018-10-11 18:29:45, 1.16e-12, 2.19e-10
2018-10-11 18:29:49, 1.09e-12, 2.19e-10
2018-10-11 18:29:53, 1.08e-12, 2.19e-10
2018-10-11 18:29:57, 1.08e-12, 2.19e-10
2018-10-11 18:30:01, 1.07e-12, 2.19e-10
2018-10-11 18:30:06, 1.13e-12, 2.19e-10
2018-10-11 18:30:10, 1.13e-12, 2.2e-10
2018-10-11 18:30:14, 1.1e-12, 2.2e-10
2018-10-11 18:30:18, 1.04e-12, 2.19e-10
2018-10-11 18:30:23, 1.09e-12, 2.19e-10
2018-10-11 18:30:27, 1.07e-12, 2.19e-10
2018-10-11 18:30:31, 1.07e-12, 2.19e-10
2018-10-11 18:30:35, 1.07e-12, 2.19e-10
2018-10-11 18:30:39, 1.1e-12, 2.19e-10
2018-10-11 18:30:44, 1.2e-12, 2.19e-10
2018-10-11 18:30:48, 1.1e-12, 2.19e-10
2018-10-11 18:30:52, 1.14e-12, 2.19e-10
2018-10-11 18:30:56, 1.06e-12, 2.19e-10
2018-10-11 18:31:01, 1.06e-12, 2.19e-10
2018-10-11 18:31:05, 1.12e-12, 2.19e-10
2018-10-11 18:31:09, 1.11e-12, 2.2e-10
2018-10-11 18:31:13, 1.12e-12, 2.19e-10
2018-10-11 18:31:17, 1.08e-12, 2.19e-10
2018-10-11 18:31:22, 1.04e-12, 2.19e-10
2018-10-11 18:31:26, 1.11e-12, 2.19e-10
2018-10-11 18:31:30, 1.03e-12, 2.19e-10
2018-10-11 18:31:34, 9.66e-13, 2.19e-10
2018-10-11 18:31:39, 1.07e-12, 2.2e-10
2018-10-11 18:31:43, 1.02e-12, 2.19e-10
2018-10-11 18:31:47, 1.09e-12, 2.19e-10
2018-10-11 18:31:51, 1.13e-12, 2.2e-10
2018-10-11 18:31:55, 1.11e-12, 2.19e-10
2018-10-11 18:32:00, 1.07e-12, 2.2e-10
2018-10-11 18:32:04, 1.11e-12, 2.19e-10
2018-10-11 18:32:08, 1.07e-12, 2.2e-10
2018-10-11 18:32:12, 1.13e-12, 2.19e-10
2018-10-11 18:32:17, 1.01e-12, 2.19e-10
2018-10-11 18:32:21, 1.1e-12, 2.19e-10
2018-10-11 18:32:25, 1.15e-12, 2.19e-10
2018-10-11 18:32:29, 1.09e-12, 2.19e-10
2018-10-11 18:32:33, 1.14e-12, 2.19e-10
2018-10-11 18:32:38, 1.07e-12, 2.2e-10
2018-10-11 18:32:42, 1.12e-12, 2.2e-10
2018-10-11 18:32:46, 1.07e-12, 2.2e-10
2018-10-11 18:32:50, 1.14e-12, 2.2e-10
2018-10-11 18:32:55, 1.03e-12, 2.19e-10
2018-10-11 18:32:59, 1.09e-12, 2.19e-10
2018-10-11 18:33:03, 1.08e-12, 2.19e-10
2018-10-11 18:33:07, 1.02e-12, 2.19e-10
2018-10-11 18:33:11, 1.05e-12, 2.19e-10
2018-10-11 18:33:16, 1.05e-12, 2.19e-10
2018-10-11 18:33:20, 1.14e-12, 2.19e-10
2018-10-11 18:33:24, 1.19e-12, 2.19e-10
2018-10-11 18:33:28, 1.1e-12, 2.19e-10
2018-10-11 18:33:32, 1.04e-12, 2.19e-10
2018-10-11 18:33:37, 1.08e-12, 2.2e-10
2018-10-11 18:33:41, 1.09e-12, 2.19e-10
2018-10-11 18:33:45, 1.13e-12, 2.19e-10
2018-10-11 18:33:49, 1.04e-12, 2.19e-10
2018-10-11 18:33:54, 1.14e-12, 2.19e-10
2018-10-11 18:33:58, 1.09e-12, 2.19e-10
2018-10-11 18:34:02, 1.04e-12, 2.19e-10
2018-10-11 18:34:06, 1.07e-12, 2.19e-10
2018-10-11 18:34:10, 9.77e-13, 2.2e-10
2018-10-11 18:34:15, 1.03e-12, 2.19e-10
2018-10-11 18:34:19, 1.12e-12, 2.2e-10
2018-10-11 18:34:23, 1.23e-12, 2.2e-10
2018-10-11 18:34:27, 1.05e-12, 2.19e-10
2018-10-11 18:34:32, 9.99e-13, 2.19e-10
2018-10-11 18:34:36, 1.1e-12, 2.19e-10
2018-10-11 18:34:40, 1.06e-12, 2.2e-10
2018-10-11 18:34:44, 9.74e-13, 2.2e-10
2018-10-11 18:34:48, 1.25e-12, 2.2e-10
2018-10-11 18:34:53, 1e-12, 2.19e-10
2018-10-11 18:34:57, 1.06e-12, 2.2e-10
2018-10-11 18:35:01, 1.1e-12, 2.2e-10
2018-10-11 18:35:05, 1.1e-12, 2.19e-10
2018-10-11 18:35:10, 1.08e-12, 2.19e-10
2018-10-11 18:35:14, 1.13e-12, 2.19e-10
2018-10-11 18:35:18, 1.07e-12, 2.2e-10
2018-10-11 18:35:22, 1.1e-12, 2.19e-10
2018-10-11 18:35:26, 1.11e-12, 2.2e-10
2018-10-11 18:35:31, 1.12e-12, 2.2e-10
2018-10-11 18:35:35, 1.11e-12, 2.19e-10
2018-10-11 18:35:39, 1.16e-12, 2.2e-10
2018-10-11 18:35:43, 1.13e-12, 2.19e-10
2018-10-11 18:35:48, 1.08e-12, 2.19e-10
2018-10-11 18:35:52, 1.15e-12, 2.19e-10
2018-10-11 18:35:56, 1.1e-12, 2.19e-10
2018-10-11 18:36:00, 1.06e-12, 2.19e-10
2018-10-11 18:36:04, 1.03e-12, 2.21e-10
2018-10-11 18:36:09, 1.15e-12, 2.21e-10
2018-10-11 18:36:13, 1.07e-12, 2.2e-10
2018-10-11 18:36:17, 1.13e-12, 2.2e-10
2018-10-11 18:36:21, 1.1e-12, 2.2e-10
2018-10-11 18:36:26, 1.09e-12, 2.19e-10
2018-10-11 18:36:30, 1.08e-12, 2.2e-10
2018-10-11 18:36:34, 1.11e-12, 2.2e-10
2018-10-11 18:36:38, 1.03e-12, 2.19e-10
2018-10-11 18:36:42, 1.12e-12, 2.2e-10
2018-10-11 18:36:47, 1.12e-12, 2.2e-10
2018-10-11 18:36:51, 1.11e-12, 2.2e-10
2018-10-11 18:36:55, 1.2e-12, 2.19e-10
2018-10-11 18:36:59, 1.08e-12, 2.19e-10
2018-10-11 18:37:04, 1.11e-12, 2.19e-10
2018-10-11 18:37:08, 1.1e-12, 2.2e-10
2018-10-11 18:37:12, 1.08e-12, 2.2e-10
2018-10-11 18:37:16, 1.07e-12, 2.19e-10
2018-10-11 18:37:20, 1.09e-12, 2.2e-10
2018-10-11 18:37:25, 1.11e-12, 2.2e-10
2018-10-11 18:37:29, 1.08e-12, 2.19e-10
2018-10-11 18:37:33, 1.13e-12, 2.2e-10
2018-10-11 18:37:37, 1.11e-12, 2.2e-10
2018-10-11 18:37:42, 1.1e-12, 2.19e-10
2018-10-11 18:37:46, 1.2e-12, 2.2e-10
2018-10-11 18:37:50, 1.07e-12, 2.2e-10
2018-10-11 18:37:54, 1.11e-12, 2.2e-10
2018-10-11 18:37:58, 1.14e-12, 2.2e-10
2018-10-11 18:38:03, 1.12e-12, 2.2e-10
2018-10-11 18:38:07, 1.04e-12, 2.2e-10
2018-10-11 18:38:11, 1.09e-12, 2.2e-10
2018-10-11 18:38:15, 1.1e-12, 2.2e-10
2018-10-11 18:38:20, 1.08e-12, 2.19e-10
2018-10-11 18:38:24, 1.05e-12, 2.2e-10
2018-10-11 18:38:28, 1.04e-12, 2.2e-10
2018-10-11 18:38:32, 1.03e-12, 2.2e-10
2018-10-11 18:38:36, 1.1e-12, 2.2e-10
2018-10-11 18:38:41, 1.05e-12, 2.2e-10
2018-10-11 18:38:45, 1.07e-12, 2.2e-10
2018-10-11 18:38:49, 1.11e-12, 2.2e-10
2018-10-11 18:38:53, 1.1e-12, 2.2e-10
2018-10-11 18:38:58, 1.06e-12, 2.2e-10
2018-10-11 18:39:02, 1.2e-12, 2.2e-10
2018-10-11 18:39:06, 1.05e-12, 2.2e-10
2018-10-11 18:39:10, 1.18e-12, 2.2e-10
2018-10-11 18:39:14, 1.07e-12, 2.2e-10
2018-10-11 18:39:19, 1.09e-12, 2.2e-10
2018-10-11 18:39:23, 1.14e-12, 2.2e-10
2018-10-11 18:39:27, 1.08e-12, 2.2e-10
2018-10-11 18:39:31, 1.13e-12, 2.2e-10
2018-10-11 18:39:36, 1.01e-12, 2.2e-10
2018-10-11 18:39:40, 1.07e-12, 2.2e-10
2018-10-11 18:39:44, 1.05e-12, 2.2e-10
2018-10-11 18:39:48, 1.11e-12, 2.2e-10
2018-10-11 18:39:52, 1.06e-12, 2.2e-10
2018-10-11 18:39:57, 1.02e-12, 2.2e-10
2018-10-11 18:40:01, 1.16e-12, 2.19e-10
2018-10-11 18:40:05, 1.07e-12, 2.2e-10
2018-10-11 18:40:09, 1.07e-12, 2.21e-10
2018-10-11 18:40:14, 1.09e-12, 2.2e-10
2018-10-11 18:40:18, 1.07e-12, 2.21e-10
2018-10-11 18:40:22, 1.1e-12, 2.2e-10
2018-10-11 18:40:26, 1.09e-12, 2.2e-10
2018-10-11 18:40:30, 1.12e-12, 2.2e-10
2018-10-11 18:40:35, 1.11e-12, 2.21e-10
2018-10-11 18:40:39, 1.15e-12, 2.2e-10
2018-10-11 18:40:43, 1.1e-12, 2.2e-10
2018-10-11 18:40:47, 1.12e-12, 2.21e-10
2018-10-11 18:40:52, 1.18e-12, 2.2e-10
2018-10-11 18:40:56, 1.02e-12, 2.2e-10
2018-10-11 18:41:00, 1.09e-12, 2.2e-10
2018-10-11 18:41:04, 1.09e-12, 2.2e-10
2018-10-11 18:41:08, 1.17e-12, 2.2e-10
2018-10-11 18:41:13, 1.11e-12, 2.2e-10
2018-10-11 18:41:17, 1.12e-12, 2.2e-10
2018-10-11 18:41:21, 1.08e-12, 2.21e-10
2018-10-11 18:41:25, 1.09e-12, 2.21e-10
2018-10-11 18:41:30, 1.13e-12, 2.2e-10
2018-10-11 18:41:34, 1.1e-12, 2.21e-10
2018-10-11 18:41:38, 1.13e-12, 2.21e-10
2018-10-11 18:41:42, 1.12e-12, 2.21e-10
2018-10-11 18:41:46, 1.05e-12, 2.21e-10
2018-10-11 18:41:51, 1.09e-12, 2.21e-10
2018-10-11 18:41:55, 1.14e-12, 2.2e-10
2018-10-11 18:41:59, 1.08e-12, 2.21e-10
2018-10-11 18:42:03, 1.21e-12, 2.21e-10
2018-10-11 18:42:08, 1.11e-12, 2.2e-10
2018-10-11 18:42:12, 1.05e-12, 2.21e-10
2018-10-11 18:42:16, 1.03e-12, 2.21e-10
2018-10-11 18:42:20, 1.08e-12, 2.2e-10
2018-10-11 18:42:24, 1.02e-12, 2.21e-10
2018-10-11 18:42:29, 1.08e-12, 2.21e-10
2018-10-11 18:42:33, 1.15e-12, 2.2e-10
2018-10-11 18:42:37, 1.07e-12, 2.21e-10
2018-10-11 18:42:41, 1.09e-12, 2.21e-10
2018-10-11 18:42:46, 1.1e-12, 2.2e-10
2018-10-11 18:42:50, 1.09e-12, 2.21e-10
2018-10-11 18:42:54, 1.06e-12, 2.21e-10
2018-10-11 18:42:58, 1.11e-12, 2.2e-10
2018-10-11 18:43:02, 1.13e-12, 2.21e-10
2018-10-11 18:43:07, 1.05e-12, 2.21e-10
2018-10-11 18:43:11, 1e-12, 2.2e-10
2018-10-11 18:43:15, 1.05e-12, 2.21e-10
2018-10-11 18:43:19, 1.12e-12, 2.21e-10
2018-10-11 18:43:24, 1.26e-12, 2.2e-10
2018-10-11 18:43:28, 1.12e-12, 2.21e-10
2018-10-11 18:43:32, 1.12e-12, 2.21e-10
2018-10-11 18:43:36, 1.1e-12, 2.2e-10
2018-10-11 18:43:40, 1.1e-12, 2.21e-10
2018-10-11 18:43:45, 1.09e-12, 2.21e-10
2018-10-11 18:43:49, 1.16e-12, 2.21e-10
2018-10-11 18:43:53, 1.16e-12, 2.21e-10
2018-10-11 18:43:57, 1.04e-12, 2.21e-10
2018-10-11 18:44:02, 1.13e-12, 2.2e-10
2018-10-11 18:44:06, 1.03e-12, 2.21e-10
2018-10-11 18:44:10, 1.1e-12, 2.21e-10
2018-10-11 18:44:14, 1.1e-12, 2.21e-10
2018-10-11 18:44:18, 1.13e-12, 2.21e-10
2018-10-11 18:44:23, 1.05e-12, 2.21e-10
2018-10-11 18:44:27, 1.11e-12, 2.21e-10
2018-10-11 18:44:31, 1.1e-12, 2.22e-10
2018-10-11 18:44:35, 1.09e-12, 2.21e-10
2018-10-11 18:44:40, 1.07e-12, 2.21e-10
2018-10-11 18:44:44, 1.04e-12, 2.21e-10
2018-10-11 18:44:48, 1.21e-12, 2.21e-10
2018-10-11 18:44:52, 1.18e-12, 2.21e-10
2018-10-11 18:44:56, 1.05e-12, 2.22e-10
2018-10-11 18:45:01, 1.12e-12, 2.21e-10
2018-10-11 18:45:05, 1.1e-12, 2.21e-10
2018-10-11 18:45:09, 1.02e-12, 2.22e-10
2018-10-11 18:45:13, 1.14e-12, 2.21e-10
2018-10-11 18:45:17, 1.09e-12, 2.21e-10
2018-10-11 18:45:22, 1.11e-12, 2.21e-10
2018-10-11 18:45:26, 1.02e-12, 2.22e-10
2018-10-11 18:45:30, 1.19e-12, 2.21e-10
2018-10-11 18:45:34, 1.11e-12, 2.21e-10
2018-10-11 18:45:39, 1.04e-12, 2.21e-10
2018-10-11 18:45:43, 1.12e-12, 2.21e-10
2018-10-11 18:45:47, 1.05e-12, 2.21e-10
2018-10-11 18:45:51, 9.82e-13, 2.21e-10
2018-10-11 18:45:56, 1.14e-12, 2.21e-10
2018-10-11 18:46:00, 1.03e-12, 2.22e-10
2018-10-11 18:46:04, 1.13e-12, 2.21e-10
2018-10-11 18:46:08, 1.09e-12, 2.21e-10
2018-10-11 18:46:12, 1.06e-12, 2.21e-10
2018-10-11 18:46:17, 1.05e-12, 2.21e-10
2018-10-11 18:46:21, 1.15e-12, 2.21e-10
2018-10-11 18:46:25, 1.01e-12, 2.21e-10
2018-10-11 18:46:29, 1.07e-12, 2.21e-10
2018-10-11 18:46:34, 1.09e-12, 2.21e-10
2018-10-11 18:46:38, 1.13e-12, 2.21e-10
2018-10-11 18:46:42, 1.03e-12, 2.21e-10
2018-10-11 18:46:46, 1.11e-12, 2.21e-10
2018-10-11 18:46:50, 1.06e-12, 2.21e-10
2018-10-11 18:46:55, 1.08e-12, 2.21e-10
2018-10-11 18:46:59, 1.1e-12, 2.22e-10
2018-10-11 18:47:03, 1.08e-12, 2.21e-10
2018-10-11 18:47:07, 1.08e-12, 2.21e-10
2018-10-11 18:47:11, 1.1e-12, 2.21e-10
2018-10-11 18:47:16, 1.08e-12, 2.22e-10
2018-10-11 18:47:20, 1.19e-12, 2.21e-10
2018-10-11 18:47:24, 1.09e-12, 2.21e-10
2018-10-11 18:47:28, 1.08e-12, 2.21e-10
2018-10-11 18:47:33, 1.06e-12, 2.22e-10
2018-10-11 18:47:37, 1.14e-12, 2.21e-10
2018-10-11 18:47:41, 1.1e-12, 2.21e-10
2018-10-11 18:47:45, 1.07e-12, 2.22e-10
2018-10-11 18:47:49, 1.12e-12, 2.21e-10
2018-10-11 18:47:54, 1.09e-12, 2.21e-10
2018-10-11 18:47:58, 1.03e-12, 2.21e-10
2018-10-11 18:48:02, 1.15e-12, 2.21e-10
2018-10-11 18:48:06, 1.13e-12, 2.22e-10
2018-10-11 18:48:11, 1.06e-12, 2.21e-10
2018-10-11 18:48:15, 1.08e-12, 2.21e-10
2018-10-11 18:48:19, 1.15e-12, 2.21e-10
2018-10-11 18:48:23, 1.07e-12, 2.21e-10
2018-10-11 18:48:27, 1.13e-12, 2.21e-10
2018-10-11 18:48:32, 9.41e-13, 2.22e-10
2018-10-11 18:48:36, 1.09e-12, 2.21e-10
2018-10-11 18:48:40, 1.13e-12, 2.21e-10
2018-10-11 18:48:44, 1.02e-12, 2.21e-10
2018-10-11 18:48:49, 1.07e-12, 2.21e-10
2018-10-11 18:48:53, 1.17e-12, 2.21e-10
2018-10-11 18:48:57, 1.06e-12, 2.21e-10
2018-10-11 18:49:01, 1.14e-12, 2.21e-10
2018-10-11 18:49:05, 1.04e-12, 2.21e-10
2018-10-11 18:49:10, 1.19e-12, 2.22e-10
2018-10-11 18:49:14, 1.14e-12, 2.21e-10
2018-10-11 18:49:18, 1.09e-12, 2.21e-10
2018-10-11 18:49:22, 1.12e-12, 2.21e-10
2018-10-11 18:49:27, 1.04e-12, 2.21e-10
2018-10-11 18:49:31, 1.1e-12, 2.21e-10
2018-10-11 18:49:35, 1.08e-12, 2.21e-10
2018-10-11 18:49:39, 1.15e-12, 2.21e-10
2018-10-11 18:49:43, 1.15e-12, 2.22e-10
2018-10-11 18:49:48, 1.05e-12, 2.21e-10
2018-10-11 18:49:52, 1.07e-12, 2.22e-10
2018-10-11 18:49:56, 1.14e-12, 2.21e-10
2018-10-11 18:50:00, 1.09e-12, 2.21e-10
2018-10-11 18:50:05, 1.13e-12, 2.21e-10
2018-10-11 18:50:09, 1.14e-12, 2.21e-10
2018-10-11 18:50:13, 1.07e-12, 2.21e-10
2018-10-11 18:50:17, 1.12e-12, 2.21e-10
2018-10-11 18:50:21, 1.09e-12, 2.21e-10
2018-10-11 18:50:26, 1.11e-12, 2.22e-10
2018-10-11 18:50:30, 1.09e-12, 2.21e-10
2018-10-11 18:50:34, 1.07e-12, 2.22e-10
2018-10-11 18:50:38, 1.11e-12, 2.21e-10
2018-10-11 18:50:43, 1.05e-12, 2.21e-10
2018-10-11 18:50:47, 1.2e-12, 2.21e-10
2018-10-11 18:50:51, 1.08e-12, 2.21e-10
2018-10-11 18:50:55, 1.08e-12, 2.22e-10
2018-10-11 18:50:59, 1.11e-12, 2.22e-10
2018-10-11 18:51:04, 1.1e-12, 2.21e-10
2018-10-11 18:51:08, 1.14e-12, 2.22e-10
2018-10-11 18:51:12, 1.13e-12, 2.22e-10
2018-10-11 18:51:16, 1.09e-12, 2.21e-10
2018-10-11 18:51:21, 1.04e-12, 2.22e-10
2018-10-11 18:51:25, 1.1e-12, 2.22e-10
2018-10-11 18:51:29, 1.07e-12, 2.22e-10
2018-10-11 18:51:33, 1.09e-12, 2.22e-10
2018-10-11 18:51:37, 1.13e-12, 2.22e-10
2018-10-11 18:51:42, 1.12e-12, 2.21e-10
2018-10-11 18:51:46, 1.08e-12, 2.21e-10
2018-10-11 18:51:50, 1.28e-12, 2.22e-10
2018-10-11 18:51:54, 1.06e-12, 2.21e-10
2018-10-11 18:51:58, 1.1e-12, 2.22e-10
2018-10-11 18:52:03, 1.14e-12, 2.22e-10
2018-10-11 18:52:07, 1.06e-12, 2.21e-10
2018-10-11 18:52:11, 1.06e-12, 2.22e-10
2018-10-11 18:52:15, 1.16e-12, 2.22e-10
2018-10-11 18:52:20, 1.11e-12, 2.22e-10
2018-10-11 18:52:24, 1.12e-12, 2.22e-10
2018-10-11 18:52:28, 1.12e-12, 2.22e-10
2018-10-11 18:52:32, 1.13e-12, 2.22e-10
2018-10-11 18:52:36, 1.09e-12, 2.22e-10
2018-10-11 18:52:41, 1.1e-12, 2.22e-10
2018-10-11 18:52:45, 1.06e-12, 2.22e-10
2018-10-11 18:52:49, 1.08e-12, 2.22e-10
2018-10-11 18:52:53, 1.09e-12, 2.22e-10
2018-10-11 18:52:58, 1.06e-12, 2.22e-10
2018-10-11 18:53:02, 1.11e-12, 2.22e-10
2018-10-11 18:53:06, 1.15e-12, 2.22e-10
2018-10-11 18:53:10, 1.06e-12, 2.22e-10
2018-10-11 18:53:14, 1.05e-12, 2.22e-10
2018-10-11 18:53:19, 1.08e-12, 2.23e-10
2018-10-11 18:53:23, 1.02e-12, 2.24e-10
2018-10-11 18:53:27, 1.08e-12, 2.25e-10
2018-10-11 18:53:31, 1.19e-12, 2.22e-10
2018-10-11 18:53:36, 1.06e-12, 2.22e-10
2018-10-11 18:53:40, 1.05e-12, 2.22e-10
2018-10-11 18:53:44, 1.12e-12, 2.22e-10
2018-10-11 18:53:48, 1.14e-12, 2.22e-10
2018-10-11 18:53:52, 1.06e-12, 2.22e-10
2018-10-11 18:53:57, 1.08e-12, 2.22e-10
2018-10-11 18:54:01, 1.03e-12, 2.22e-10
2018-10-11 18:54:05, 1.16e-12, 2.22e-10
2018-10-11 18:54:09, 1.06e-12, 2.22e-10
2018-10-11 18:54:14, 1.06e-12, 2.22e-10
2018-10-11 18:54:18, 1.06e-12, 2.22e-10
2018-10-11 18:54:22, 1.06e-12, 2.22e-10
2018-10-11 18:54:26, 1.06e-12, 2.22e-10
2018-10-11 18:54:30, 1.11e-12, 2.22e-10
2018-10-11 18:54:35, 1.07e-12, 2.22e-10
2018-10-11 18:54:39, 1.13e-12, 2.22e-10
2018-10-11 18:54:43, 1.06e-12, 2.22e-10
2018-10-11 18:54:47, 1.07e-12, 2.22e-10
2018-10-11 18:54:52, 9.77e-13, 2.22e-10
2018-10-11 18:54:56, 1.17e-12, 2.22e-10
2018-10-11 18:55:00, 1.14e-12, 2.22e-10
2018-10-11 18:55:04, 1.03e-12, 2.22e-10
2018-10-11 18:55:08, 1.1e-12, 2.22e-10
2018-10-11 18:55:13, 1.15e-12, 2.22e-10
2018-10-11 18:55:17, 1.07e-12, 2.22e-10
2018-10-11 18:55:21, 1.03e-12, 2.22e-10
2018-10-11 18:55:25, 1.1e-12, 2.22e-10
2018-10-11 18:55:30, 1.06e-12, 2.22e-10
2018-10-11 18:55:34, 1.05e-12, 2.22e-10
2018-10-11 18:55:38, 1.15e-12, 2.22e-10
2018-10-11 18:55:42, 1.13e-12, 2.22e-10
2018-10-11 18:55:46, 1.1e-12, 2.22e-10
2018-10-11 18:55:51, 1.1e-12, 2.22e-10
2018-10-11 18:55:55, 1.09e-12, 2.22e-10
2018-10-11 18:55:59, 1.08e-12, 2.22e-10
2018-10-11 18:56:03, 1.11e-12, 2.22e-10
2018-10-11 18:56:07, 1.11e-12, 2.22e-10
2018-10-11 18:56:12, 1.1e-12, 2.22e-10
2018-10-11 18:56:16, 1.13e-12, 2.22e-10
2018-10-11 18:56:20, 1.21e-12, 2.22e-10
2018-10-11 18:56:24, 1.05e-12, 2.22e-10
2018-10-11 18:56:29, 1.15e-12, 2.22e-10
2018-10-11 18:56:33, 1.11e-12, 2.22e-10
2018-10-11 18:56:37, 1.07e-12, 2.23e-10
2018-10-11 18:56:41, 1.12e-12, 2.22e-10
2018-10-11 18:56:45, 1.1e-12, 2.22e-10
2018-10-11 18:56:50, 1.07e-12, 2.22e-10
2018-10-11 18:56:54, 1.13e-12, 2.22e-10
2018-10-11 18:56:58, 1.05e-12, 2.22e-10
2018-10-11 18:57:02, 1.11e-12, 2.22e-10
2018-10-11 18:57:07, 1.06e-12, 2.22e-10
2018-10-11 18:57:11, 1.16e-12, 2.22e-10
2018-10-11 18:57:15, 1.08e-12, 2.22e-10
2018-10-11 18:57:19, 1.15e-12, 2.22e-10
2018-10-11 18:57:23, 9.43e-13, 2.22e-10
2018-10-11 18:57:28, 1.05e-12, 2.22e-10
2018-10-11 18:57:32, 1.14e-12, 2.22e-10
2018-10-11 18:57:36, 1.09e-12, 2.22e-10
2018-10-11 18:57:40, 1.06e-12, 2.22e-10
2018-10-11 18:57:45, 1.08e-12, 2.22e-10
2018-10-11 18:57:49, 1.07e-12, 2.22e-10
2018-10-11 18:57:53, 1.24e-12, 2.22e-10
2018-10-11 18:57:57, 1.09e-12, 2.22e-10
2018-10-11 18:58:01, 1.08e-12, 2.22e-10
2018-10-11 18:58:06, 1.07e-12, 2.22e-10
2018-10-11 18:58:10, 1.08e-12, 2.22e-10
2018-10-11 18:58:14, 1.2e-12, 2.22e-10
2018-10-11 18:58:18, 1.13e-12, 2.22e-10
2018-10-11 18:58:23, 1.08e-12, 2.22e-10
2018-10-11 18:58:27, 1.12e-12, 2.22e-10
2018-10-11 18:58:31, 1.08e-12, 2.22e-10
2018-10-11 18:58:35, 1.12e-12, 2.22e-10
2018-10-11 18:58:39, 1.12e-12, 2.22e-10
2018-10-11 18:58:44, 1.11e-12, 2.22e-10
2018-10-11 18:58:48, 1.04e-12, 2.22e-10
2018-10-11 18:58:52, 1.09e-12, 2.22e-10
2018-10-11 18:58:56, 1.06e-12, 2.22e-10
2018-10-11 18:59:01, 1.16e-12, 2.22e-10
2018-10-11 18:59:05, 1.2e-12, 2.22e-10
2018-10-11 18:59:09, 1.05e-12, 2.22e-10
2018-10-11 18:59:13, 1.12e-12, 2.23e-10
2018-10-11 18:59:17, 1.09e-12, 2.22e-10
2018-10-11 18:59:22, 1.16e-12, 2.22e-10
2018-10-11 18:59:26, 1.07e-12, 2.22e-10
2018-10-11 18:59:30, 1.1e-12, 2.22e-10
2018-10-11 18:59:34, 1.08e-12, 2.22e-10
2018-10-11 18:59:39, 1.06e-12, 2.22e-10
2018-10-11 18:59:43, 1.09e-12, 2.22e-10
2018-10-11 18:59:47, 1.12e-12, 2.22e-10
2018-10-11 18:59:51, 1e-12, 2.23e-10
2018-10-11 18:59:55, 1.07e-12, 2.23e-10
2018-10-11 19:00:00, 1.08e-12, 2.22e-10
2018-10-11 19:00:04, 1.07e-12, 2.23e-10
2018-10-11 19:00:08, 1.21e-12, 2.23e-10
2018-10-11 19:00:12, 1.08e-12, 2.22e-10
2018-10-11 19:00:17, 1.17e-12, 2.23e-10
2018-10-11 19:00:21, 1.14e-12, 2.22e-10
2018-10-11 19:00:25, 1.23e-12, 2.22e-10
2018-10-11 19:00:29, 1.07e-12, 2.22e-10
2018-10-11 19:00:33, 1.09e-12, 2.23e-10
2018-10-11 19:00:38, 1.11e-12, 2.22e-10
2018-10-11 19:00:42, 1.11e-12, 2.22e-10
2018-10-11 19:00:46, 1.03e-12, 2.22e-10
2018-10-11 19:00:50, 1.08e-12, 2.22e-10
2018-10-11 19:00:55, 1.03e-12, 2.22e-10
2018-10-11 19:00:59, 1.04e-12, 2.22e-10
2018-10-11 19:01:03, 9.81e-13, 2.22e-10
2018-10-11 19:01:07, 1.09e-12, 2.22e-10
2018-10-11 19:01:11, 1.06e-12, 2.22e-10
2018-10-11 19:01:16, 1.1e-12, 2.22e-10
2018-10-11 19:01:20, 1.21e-12, 2.22e-10
2018-10-11 19:01:24, 1.12e-12, 2.22e-10
2018-10-11 19:01:28, 9.68e-13, 2.22e-10
2018-10-11 19:01:33, 1.07e-12, 2.22e-10
2018-10-11 19:01:37, 1.11e-12, 2.22e-10
2018-10-11 19:01:41, 1.11e-12, 2.22e-10
2018-10-11 19:01:45, 1.1e-12, 2.22e-10
2018-10-11 19:01:49, 1.04e-12, 2.22e-10
2018-10-11 19:01:54, 1.1e-12, 2.22e-10
2018-10-11 19:01:58, 1.08e-12, 2.23e-10
2018-10-11 19:02:02, 1.09e-12, 2.23e-10
2018-10-11 19:02:06, 1.12e-12, 2.22e-10
2018-10-11 19:02:11, 1.09e-12, 2.23e-10
2018-10-11 19:02:15, 1.08e-12, 2.23e-10
2018-10-11 19:02:19, 1.13e-12, 2.22e-10
2018-10-11 19:02:23, 1.03e-12, 2.23e-10
2018-10-11 19:02:27, 1.1e-12, 2.23e-10
2018-10-11 19:02:32, 1.09e-12, 2.22e-10
2018-10-11 19:02:36, 1.05e-12, 2.23e-10
2018-10-11 19:02:40, 1.2e-12, 2.23e-10
2018-10-11 19:02:44, 1.11e-12, 2.22e-10
2018-10-11 19:02:49, 1.09e-12, 2.23e-10
2018-10-11 19:02:53, 1.09e-12, 2.23e-10
2018-10-11 19:02:57, 1.14e-12, 2.22e-10
2018-10-11 19:03:01, 1.05e-12, 2.23e-10
2018-10-11 19:03:05, 1.11e-12, 2.23e-10
2018-10-11 19:03:10, 1.08e-12, 2.22e-10
2018-10-11 19:03:14, 1.11e-12, 2.23e-10
2018-10-11 19:03:18, 1.11e-12, 2.23e-10
2018-10-11 19:03:22, 1.07e-12, 2.22e-10
2018-10-11 19:03:27, 1.2e-12, 2.23e-10
2018-10-11 19:03:31, 1.02e-12, 2.23e-10
2018-10-11 19:03:35, 1.1e-12, 2.22e-10
2018-10-11 19:03:39, 1.02e-12, 2.23e-10
2018-10-11 19:03:43, 1.05e-12, 2.23e-10
2018-10-11 19:03:48, 1.12e-12, 2.22e-10
2018-10-11 19:03:52, 9.99e-13, 2.23e-10
2018-10-11 19:03:56, 1.09e-12, 2.23e-10
2018-10-11 19:04:00, 1.16e-12, 2.22e-10
2018-10-11 19:04:05, 1.11e-12, 2.23e-10
2018-10-11 19:04:09, 9.92e-13, 2.23e-10
2018-10-11 19:04:13, 1.01e-12, 2.22e-10
2018-10-11 19:04:17, 1.02e-12, 2.23e-10
2018-10-11 19:04:21, 1.1e-12, 2.23e-10
2018-10-11 19:04:26, 1.13e-12, 2.22e-10
2018-10-11 19:04:30, 1.08e-12, 2.23e-10
2018-10-11 19:04:34, 1.09e-12, 2.23e-10
2018-10-11 19:04:38, 1.12e-12, 2.23e-10
2018-10-11 19:04:42, 1.09e-12, 2.23e-10
2018-10-11 19:04:47, 1.08e-12, 2.23e-10
2018-10-11 19:04:51, 1.08e-12, 2.22e-10
2018-10-11 19:04:55, 1.09e-12, 2.23e-10
2018-10-11 19:04:59, 1.12e-12, 2.23e-10
2018-10-11 19:05:04, 1.13e-12, 2.22e-10
2018-10-11 19:05:08, 1.07e-12, 2.23e-10
2018-10-11 19:05:12, 1.08e-12, 2.23e-10
2018-10-11 19:05:16, 1.1e-12, 2.22e-10
2018-10-11 19:05:20, 1.1e-12, 2.23e-10
2018-10-11 19:05:25, 1.06e-12, 2.23e-10
2018-10-11 19:05:29, 1.13e-12, 2.22e-10
2018-10-11 19:05:33, 1.12e-12, 2.23e-10
2018-10-11 19:05:37, 1.09e-12, 2.23e-10
2018-10-11 19:05:42, 1.13e-12, 2.22e-10
2018-10-11 19:05:46, 1.08e-12, 2.23e-10
2018-10-11 19:05:50, 1.09e-12, 2.23e-10
2018-10-11 19:05:54, 1.13e-12, 2.22e-10
2018-10-11 19:05:58, 1.09e-12, 2.23e-10
2018-10-11 19:06:03, 1.1e-12, 2.23e-10
2018-10-11 19:06:07, 1.12e-12, 2.22e-10
2018-10-11 19:06:11, 1.03e-12, 2.23e-10
2018-10-11 19:06:15, 1.09e-12, 2.23e-10
2018-10-11 19:06:20, 1.09e-12, 2.23e-10
2018-10-11 19:06:24, 1.13e-12, 2.23e-10
2018-10-11 19:06:28, 1.16e-12, 2.23e-10
2018-10-11 19:06:32, 1.07e-12, 2.22e-10
2018-10-11 19:06:36, 1.09e-12, 2.24e-10
2018-10-11 19:06:41, 1.1e-12, 2.25e-10
2018-10-11 19:06:45, 1.13e-12, 2.22e-10
2018-10-11 19:06:49, 1.09e-12, 2.23e-10
2018-10-11 19:06:53, 1.13e-12, 2.23e-10
2018-10-11 19:06:58, 1.09e-12, 2.22e-10
2018-10-11 19:07:02, 1.11e-12, 2.22e-10
2018-10-11 19:07:06, 1.1e-12, 2.23e-10
2018-10-11 19:07:10, 1.08e-12, 2.22e-10
2018-10-11 19:07:14, 9.94e-13, 2.23e-10
2018-10-11 19:07:19, 1.12e-12, 2.23e-10
2018-10-11 19:07:23, 1.08e-12, 2.22e-10
2018-10-11 19:07:27, 1.08e-12, 2.22e-10
2018-10-11 19:07:31, 1.15e-12, 2.22e-10
2018-10-11 19:07:36, 1.12e-12, 2.22e-10
2018-10-11 19:07:40, 1.14e-12, 2.22e-10
2018-10-11 19:07:44, 1.03e-12, 2.22e-10
2018-10-11 19:07:48, 1.14e-12, 2.23e-10
2018-10-11 19:07:52, 1.06e-12, 2.23e-10
2018-10-11 19:07:57, 1.11e-12, 2.23e-10
2018-10-11 19:08:01, 1.14e-12, 2.22e-10
2018-10-11 19:08:05, 1.09e-12, 2.23e-10
2018-10-11 19:08:09, 1.12e-12, 2.23e-10
2018-10-11 19:08:14, 1.06e-12, 2.22e-10
2018-10-11 19:08:18, 1.07e-12, 2.24e-10
2018-10-11 19:08:22, 1.12e-12, 2.25e-10
2018-10-11 19:08:26, 1.06e-12, 2.22e-10
2018-10-11 19:08:30, 1.13e-12, 2.23e-10
2018-10-11 19:08:35, 1.05e-12, 2.23e-10
2018-10-11 19:08:39, 1.18e-12, 2.23e-10
2018-10-11 19:08:43, 1.07e-12, 2.23e-10
2018-10-11 19:08:47, 1.11e-12, 2.23e-10
2018-10-11 19:08:52, 1.1e-12, 2.23e-10
2018-10-11 19:08:56, 1.08e-12, 2.22e-10
2018-10-11 19:09:00, 9.5e-13, 2.22e-10
2018-10-11 19:09:04, 1.11e-12, 2.22e-10
2018-10-11 19:09:08, 1.08e-12, 2.22e-10
2018-10-11 19:09:13, 1.03e-12, 2.23e-10
2018-10-11 19:09:17, 1.03e-12, 2.23e-10
2018-10-11 19:09:21, 9.38e-13, 2.23e-10
2018-10-11 19:09:25, 1.19e-12, 2.23e-10
2018-10-11 19:09:29, 1.11e-12, 2.23e-10
2018-10-11 19:09:34, 1.18e-12, 2.23e-10
2018-10-11 19:09:38, 9.96e-13, 2.23e-10
2018-10-11 19:09:42, 1.07e-12, 2.23e-10
2018-10-11 19:09:46, 1.08e-12, 2.22e-10
2018-10-11 19:09:51, 1.03e-12, 2.23e-10
2018-10-11 19:09:55, 1.14e-12, 2.22e-10
2018-10-11 19:09:59, 1.06e-12, 2.22e-10
2018-10-11 19:10:03, 1.09e-12, 2.23e-10
2018-10-11 19:10:07, 1.06e-12, 2.22e-10
2018-10-11 19:10:12, 1.11e-12, 2.23e-10
2018-10-11 19:10:16, 1.09e-12, 2.23e-10
2018-10-11 19:10:20, 1.07e-12, 2.23e-10
2018-10-11 19:10:24, 1.07e-12, 2.23e-10
2018-10-11 19:10:29, 1.05e-12, 2.23e-10
2018-10-11 19:10:33, 1.12e-12, 2.22e-10
2018-10-11 19:10:37, 1.07e-12, 2.22e-10
2018-10-11 19:10:41, 1.15e-12, 2.22e-10
2018-10-11 19:10:45, 1.12e-12, 2.22e-10
2018-10-11 19:10:50, 1.07e-12, 2.22e-10
2018-10-11 19:10:54, 1.11e-12, 2.22e-10
2018-10-11 19:10:58, 1.11e-12, 2.22e-10
2018-10-11 19:11:02, 1.07e-12, 2.23e-10
2018-10-11 19:11:07, 1.07e-12, 2.23e-10
2018-10-11 19:11:11, 1.12e-12, 2.23e-10
2018-10-11 19:11:15, 1.07e-12, 2.22e-10
2018-10-11 19:11:19, 1.1e-12, 2.23e-10
2018-10-11 19:11:23, 1.1e-12, 2.22e-10
2018-10-11 19:11:28, 1.06e-12, 2.22e-10
2018-10-11 19:11:32, 1.09e-12, 2.22e-10
2018-10-11 19:11:36, 1.16e-12, 2.22e-10
2018-10-11 19:11:40, 1.08e-12, 2.22e-10
2018-10-11 19:11:45, 1.13e-12, 2.22e-10
2018-10-11 19:11:49, 1.14e-12, 2.22e-10
2018-10-11 19:11:53, 1.09e-12, 2.22e-10
2018-10-11 19:11:57, 1.09e-12, 2.22e-10
2018-10-11 19:12:01, 1.11e-12, 2.23e-10
2018-10-11 19:12:06, 1.23e-12, 2.23e-10
2018-10-11 19:12:10, 1.08e-12, 2.23e-10
2018-10-11 19:12:14, 1.06e-12, 2.23e-10
2018-10-11 19:12:18, 1.08e-12, 2.22e-10
2018-10-11 19:12:23, 1.06e-12, 2.22e-10
2018-10-11 19:12:27, 1.12e-12, 2.22e-10
2018-10-11 19:12:31, 1.23e-12, 2.23e-10
2018-10-11 19:12:35, 1.04e-12, 2.22e-10
2018-10-11 19:12:39, 1.1e-12, 2.22e-10
2018-10-11 19:12:44, 1.09e-12, 2.22e-10
2018-10-11 19:12:48, 1.1e-12, 2.22e-10
2018-10-11 19:12:52, 9.75e-13, 2.23e-10
2018-10-11 19:12:56, 1.14e-12, 2.22e-10
2018-10-11 19:13:01, 1.08e-12, 2.22e-10
2018-10-11 19:13:05, 1.14e-12, 2.23e-10
2018-10-11 19:13:09, 1.15e-12, 2.22e-10
2018-10-11 19:13:13, 1.02e-12, 2.22e-10
2018-10-11 19:13:17, 1.11e-12, 2.22e-10
2018-10-11 19:13:22, 1.12e-12, 2.22e-10
2018-10-11 19:13:26, 1.32e-12, 2.22e-10
2018-10-11 19:13:30, 1.19e-12, 2.22e-10
2018-10-11 19:13:34, 1.08e-12, 2.22e-10
2018-10-11 19:13:39, 1.09e-12, 2.22e-10
2018-10-11 19:13:43, 1.09e-12, 2.22e-10
2018-10-11 19:13:47, 1.09e-12, 2.22e-10
2018-10-11 19:13:51, 1.04e-12, 2.22e-10
2018-10-11 19:13:55, 1.04e-12, 2.22e-10
2018-10-11 19:14:00, 1.05e-12, 2.22e-10
2018-10-11 19:14:04, 9.78e-13, 2.22e-10
2018-10-11 19:14:08, 1.14e-12, 2.22e-10
2018-10-11 19:14:12, 1.11e-12, 2.22e-10
2018-10-11 19:14:17, 1.07e-12, 2.22e-10
2018-10-11 19:14:21, 1.04e-12, 2.22e-10
2018-10-11 19:14:25, 1.07e-12, 2.23e-10
2018-10-11 19:14:29, 1.04e-12, 2.22e-10
2018-10-11 19:14:33, 1.09e-12, 2.22e-10
2018-10-11 19:14:38, 1.14e-12, 2.22e-10
2018-10-11 19:14:42, 1.07e-12, 2.22e-10
2018-10-11 19:14:46, 1.3e-12, 2.23e-10
2018-10-11 19:14:50, 1.02e-12, 2.22e-10
2018-10-11 19:14:55, 1.08e-12, 2.22e-10
2018-10-11 19:14:59, 1.22e-12, 2.22e-10
2018-10-11 19:15:03, 1.12e-12, 2.22e-10
2018-10-11 19:15:07, 1.09e-12, 2.22e-10
2018-10-11 19:15:11, 1.05e-12, 2.22e-10
2018-10-11 19:15:16, 1.08e-12, 2.22e-10
2018-10-11 19:15:20, 1.24e-12, 2.22e-10
2018-10-11 19:15:24, 1.05e-12, 2.22e-10
2018-10-11 19:15:28, 1.05e-12, 2.22e-10
2018-10-11 19:15:33, 1.05e-12, 2.22e-10
2018-10-11 19:15:37, 1.12e-12, 2.23e-10
2018-10-11 19:15:41, 1.1e-12, 2.22e-10
2018-10-11 19:15:45, 1.1e-12, 2.22e-10
2018-10-11 19:15:49, 1.11e-12, 2.22e-10
2018-10-11 19:15:54, 1.13e-12, 2.22e-10
2018-10-11 19:15:58, 1.13e-12, 2.22e-10
2018-10-11 19:16:02, 1.14e-12, 2.22e-10
2018-10-11 19:16:06, 1.08e-12, 2.22e-10
2018-10-11 19:16:11, 1.06e-12, 2.22e-10
2018-10-11 19:16:15, 1.24e-12, 2.22e-10
2018-10-11 19:16:19, 1.07e-12, 2.22e-10
2018-10-11 19:16:23, 1.12e-12, 2.22e-10
2018-10-11 19:16:27, 1.14e-12, 2.22e-10
2018-10-11 19:16:32, 1.07e-12, 2.22e-10
2018-10-11 19:16:36, 1.09e-12, 2.22e-10
2018-10-11 19:16:40, 1.05e-12, 2.22e-10
2018-10-11 19:16:44, 1.07e-12, 2.22e-10
2018-10-11 19:16:49, 1.03e-12, 2.22e-10
2018-10-11 19:16:53, 1.06e-12, 2.22e-10
2018-10-11 19:16:57, 1.04e-12, 2.22e-10
2018-10-11 19:17:01, 1.03e-12, 2.22e-10
2018-10-11 19:17:05, 1.12e-12, 2.22e-10
2018-10-11 19:17:10, 1.04e-12, 2.22e-10
2018-10-11 19:17:14, 1.11e-12, 2.22e-10
2018-10-11 19:17:18, 1.03e-12, 2.22e-10
2018-10-11 19:17:22, 1.06e-12, 2.22e-10
2018-10-11 19:17:27, 1.08e-12, 2.22e-10
2018-10-11 19:17:31, 1.01e-12, 2.22e-10
2018-10-11 19:17:35, 1.08e-12, 2.22e-10
2018-10-11 19:17:39, 1.04e-12, 2.22e-10
2018-10-11 19:17:43, 1.17e-12, 2.22e-10
2018-10-11 19:17:48, 1.12e-12, 2.22e-10
2018-10-11 19:17:52, 1.21e-12, 2.22e-10
2018-10-11 19:17:56, 1.11e-12, 2.22e-10
2018-10-11 19:18:00, 1.07e-12, 2.22e-10
2018-10-11 19:18:04, 1.11e-12, 2.21e-10
2018-10-11 19:18:09, 1.12e-12, 2.22e-10
2018-10-11 19:18:13, 1.03e-12, 2.22e-10
2018-10-11 19:18:17, 1.06e-12, 2.22e-10
2018-10-11 19:18:21, 1.09e-12, 2.22e-10
2018-10-11 19:18:26, 1.07e-12, 2.22e-10
2018-10-11 19:18:30, 1.12e-12, 2.22e-10
2018-10-11 19:18:34, 1.21e-12, 2.22e-10
2018-10-11 19:18:38, 1.19e-12, 2.22e-10
2018-10-11 19:18:42, 1.06e-12, 2.21e-10
2018-10-11 19:18:47, 9.62e-13, 2.22e-10
2018-10-11 19:18:51, 1.09e-12, 2.22e-10
2018-10-11 19:18:55, 1.08e-12, 2.22e-10
2018-10-11 19:18:59, 1.17e-12, 2.22e-10
2018-10-11 19:19:04, 1.07e-12, 2.22e-10
2018-10-11 19:19:08, 1e-12, 2.22e-10
2018-10-11 19:19:12, 1.17e-12, 2.22e-10
2018-10-11 19:19:16, 1.06e-12, 2.22e-10
2018-10-11 19:19:20, 9.92e-13, 2.22e-10
2018-10-11 19:19:25, 1.17e-12, 2.22e-10
2018-10-11 19:19:29, 1.16e-12, 2.22e-10
2018-10-11 19:19:33, 1.06e-12, 2.22e-10
2018-10-11 19:19:37, 1.08e-12, 2.22e-10
2018-10-11 19:19:42, 1.07e-12, 2.23e-10
2018-10-11 19:19:46, 1.08e-12, 2.22e-10
2018-10-11 19:19:50, 1.05e-12, 2.23e-10
2018-10-11 19:19:54, 1.02e-12, 2.22e-10
2018-10-11 19:19:58, 1.13e-12, 2.22e-10
2018-10-11 19:20:03, 1.14e-12, 2.22e-10
2018-10-11 19:20:07, 1.03e-12, 2.22e-10
2018-10-11 19:20:11, 1.09e-12, 2.22e-10
2018-10-11 19:20:15, 1.06e-12, 2.23e-10
2018-10-11 19:20:20, 1.05e-12, 2.22e-10
2018-10-11 19:20:24, 1.02e-12, 2.21e-10
2018-10-11 19:20:28, 1.11e-12, 2.22e-10
2018-10-11 19:20:32, 1.01e-12, 2.22e-10
2018-10-11 19:20:36, 1.07e-12, 2.21e-10
2018-10-11 19:20:41, 1.03e-12, 2.22e-10
2018-10-11 19:20:45, 1.12e-12, 2.22e-10
2018-10-11 19:20:49, 1.11e-12, 2.22e-10
2018-10-11 19:20:53, 1.04e-12, 2.22e-10
2018-10-11 19:20:58, 1.09e-12, 2.23e-10
2018-10-11 19:21:02, 1.06e-12, 2.22e-10
2018-10-11 19:21:06, 1.1e-12, 2.22e-10
2018-10-11 19:21:10, 1.04e-12, 2.22e-10
2018-10-11 19:21:14, 1.13e-12, 2.22e-10
2018-10-11 19:21:19, 1.17e-12, 2.22e-10
2018-10-11 19:21:23, 1.13e-12, 2.22e-10
2018-10-11 19:21:27, 1.08e-12, 2.22e-10
2018-10-11 19:21:31, 1.04e-12, 2.22e-10
2018-10-11 19:21:36, 1.06e-12, 2.22e-10
2018-10-11 19:21:40, 1.2e-12, 2.22e-10
2018-10-11 19:21:44, 1.13e-12, 2.22e-10
2018-10-11 19:21:48, 1.09e-12, 2.22e-10
2018-10-11 19:21:52, 1.06e-12, 2.21e-10
2018-10-11 19:21:57, 1.07e-12, 2.22e-10
2018-10-11 19:22:01, 1.04e-12, 2.22e-10
2018-10-11 19:22:05, 1.12e-12, 2.22e-10
2018-10-11 19:22:09, 1.07e-12, 2.22e-10
2018-10-11 19:22:14, 1.08e-12, 2.22e-10
2018-10-11 19:22:18, 9.99e-13, 2.22e-10
2018-10-11 19:22:22, 1.12e-12, 2.22e-10
2018-10-11 19:22:26, 1.1e-12, 2.22e-10
2018-10-11 19:22:30, 1.11e-12, 2.22e-10
2018-10-11 19:22:35, 1.21e-12, 2.22e-10
2018-10-11 19:22:39, 1.03e-12, 2.22e-10
2018-10-11 19:22:43, 1.1e-12, 2.22e-10
2018-10-11 19:22:47, 9.59e-13, 2.23e-10
2018-10-11 19:22:52, 1.1e-12, 2.22e-10
2018-10-11 19:22:56, 1.03e-12, 2.22e-10
2018-10-11 19:23:00, 1.07e-12, 2.22e-10
2018-10-11 19:23:04, 1.08e-12, 2.22e-10
2018-10-11 19:23:08, 1.13e-12, 2.22e-10
2018-10-11 19:23:13, 1.1e-12, 2.22e-10
2018-10-11 19:23:17, 9.86e-13, 2.22e-10
2018-10-11 19:23:21, 1.12e-12, 2.21e-10
2018-10-11 19:23:25, 1.05e-12, 2.22e-10
2018-10-11 19:23:30, 9.79e-13, 2.22e-10
2018-10-11 19:23:34, 1.09e-12, 2.22e-10
2018-10-11 19:23:38, 1.12e-12, 2.22e-10
2018-10-11 19:23:42, 1.13e-12, 2.22e-10
2018-10-11 19:23:46, 1.2e-12, 2.22e-10
2018-10-11 19:23:51, 1.1e-12, 2.22e-10
2018-10-11 19:23:55, 1.09e-12, 2.22e-10
2018-10-11 19:23:59, 1.06e-12, 2.21e-10
2018-10-11 19:24:03, 1.07e-12, 2.22e-10
2018-10-11 19:24:08, 1.09e-12, 2.22e-10
2018-10-11 19:24:12, 1.07e-12, 2.22e-10
2018-10-11 19:24:16, 1.09e-12, 2.22e-10
2018-10-11 19:24:20, 1.15e-12, 2.22e-10
2018-10-11 19:24:24, 1.09e-12, 2.21e-10
2018-10-11 19:24:29, 1.06e-12, 2.22e-10
2018-10-11 19:24:33, 1.05e-12, 2.22e-10
2018-10-11 19:24:37, 1.11e-12, 2.22e-10
2018-10-11 19:24:41, 1.21e-12, 2.23e-10
2018-10-11 19:24:46, 1.06e-12, 2.22e-10
2018-10-11 19:24:50, 1.06e-12, 2.22e-10
2018-10-11 19:24:54, 1.14e-12, 2.22e-10
2018-10-11 19:24:58, 1.09e-12, 2.22e-10
2018-10-11 19:25:02, 1.12e-12, 2.23e-10
2018-10-11 19:25:07, 1.13e-12, 2.23e-10
2018-10-11 19:25:11, 1.1e-12, 2.22e-10
2018-10-11 19:25:15, 1.09e-12, 2.22e-10
2018-10-11 19:25:19, 1.09e-12, 2.23e-10
2018-10-11 19:25:24, 1.11e-12, 2.22e-10
2018-10-11 19:25:28, 1.09e-12, 2.22e-10
2018-10-11 19:25:32, 1.11e-12, 2.22e-10
2018-10-11 19:25:36, 1.15e-12, 2.22e-10
2018-10-11 19:25:40, 1.07e-12, 2.22e-10
2018-10-11 19:25:45, 1.1e-12, 2.22e-10
2018-10-11 19:25:49, 1.08e-12, 2.22e-10
2018-10-11 19:25:53, 1.34e-12, 2.22e-10
2018-10-11 19:25:57, 1.11e-12, 2.22e-10
2018-10-11 19:26:01, 1.07e-12, 2.22e-10
2018-10-11 19:26:06, 1.06e-12, 2.21e-10
2018-10-11 19:26:10, 1.13e-12, 2.22e-10
2018-10-11 19:26:14, 1.08e-12, 2.22e-10
2018-10-11 19:26:18, 1.08e-12, 2.21e-10
2018-10-11 19:26:23, 1.07e-12, 2.22e-10
2018-10-11 19:26:27, 1.09e-12, 2.23e-10
2018-10-11 19:26:31, 1.07e-12, 2.22e-10
2018-10-11 19:26:35, 1.24e-12, 2.22e-10
2018-10-11 19:26:39, 1.11e-12, 2.22e-10
2018-10-11 19:26:44, 1.06e-12, 2.22e-10
2018-10-11 19:26:48, 1.14e-12, 2.22e-10
2018-10-11 19:26:52, 1.12e-12, 2.22e-10
2018-10-11 19:26:56, 1.08e-12, 2.22e-10
2018-10-11 19:27:01, 1.1e-12, 2.22e-10
2018-10-11 19:27:05, 9.36e-13, 2.22e-10
2018-10-11 19:27:09, 1.12e-12, 2.22e-10
2018-10-11 19:27:13, 1.1e-12, 2.22e-10
2018-10-11 19:27:17, 1.14e-12, 2.21e-10
2018-10-11 19:27:22, 1.05e-12, 2.22e-10
2018-10-11 19:27:26, 1.06e-12, 2.22e-10
2018-10-11 19:27:30, 1.05e-12, 2.21e-10
2018-10-11 19:27:34, 1.07e-12, 2.22e-10
2018-10-11 19:27:39, 1.14e-12, 2.22e-10
2018-10-11 19:27:43, 1.16e-12, 2.22e-10
2018-10-11 19:27:47, 9.56e-13, 2.22e-10
2018-10-11 19:27:51, 1.08e-12, 2.22e-10
2018-10-11 19:27:55, 1.13e-12, 2.22e-10
2018-10-11 19:28:00, 1.05e-12, 2.22e-10
2018-10-11 19:28:04, 1.17e-12, 2.22e-10
2018-10-11 19:28:08, 1.12e-12, 2.22e-10
2018-10-11 19:28:12, 1.05e-12, 2.22e-10
2018-10-11 19:28:17, 1.07e-12, 2.22e-10
2018-10-11 19:28:21, 1.2e-12, 2.22e-10
2018-10-11 19:28:25, 1.08e-12, 2.22e-10
2018-10-11 19:28:29, 1.05e-12, 2.22e-10
2018-10-11 19:28:33, 1.11e-12, 2.22e-10
2018-10-11 19:28:38, 1.08e-12, 2.22e-10
2018-10-11 19:28:42, 1.07e-12, 2.22e-10
2018-10-11 19:28:46, 1.07e-12, 2.22e-10
2018-10-11 19:28:50, 1.07e-12, 2.23e-10
2018-10-11 19:28:55, 1.07e-12, 2.22e-10
2018-10-11 19:28:59, 1.11e-12, 2.22e-10
2018-10-11 19:29:03, 1.13e-12, 2.22e-10
2018-10-11 19:29:07, 1.07e-12, 2.22e-10
2018-10-11 19:29:11, 1.11e-12, 2.22e-10
2018-10-11 19:29:16, 9.95e-13, 2.22e-10
2018-10-11 19:29:20, 1.18e-12, 2.22e-10
2018-10-11 19:29:24, 1.19e-12, 2.22e-10
2018-10-11 19:29:28, 1.12e-12, 2.22e-10
2018-10-11 19:29:33, 1.08e-12, 2.22e-10
2018-10-11 19:29:37, 1.12e-12, 2.22e-10
2018-10-11 19:29:41, 1.04e-12, 2.22e-10
2018-10-11 19:29:45, 1.02e-12, 2.22e-10
2018-10-11 19:29:49, 1.17e-12, 2.22e-10
2018-10-11 19:29:54, 1.16e-12, 2.22e-10
2018-10-11 19:29:58, 1.05e-12, 2.22e-10
2018-10-11 19:30:02, 1.3e-12, 2.22e-10
2018-10-11 19:30:06, 1.07e-12, 2.22e-10
2018-10-11 19:30:11, 1.12e-12, 2.22e-10
2018-10-11 19:30:15, 1.08e-12, 2.22e-10
2018-10-11 19:30:19, 1.04e-12, 2.22e-10
2018-10-11 19:30:23, 1.08e-12, 2.22e-10
2018-10-11 19:30:27, 1.16e-12, 2.22e-10
2018-10-11 19:30:32, 1.11e-12, 2.22e-10
2018-10-11 19:30:36, 1.15e-12, 2.22e-10
2018-10-11 19:30:40, 1.17e-12, 2.22e-10
2018-10-11 19:30:44, 1.1e-12, 2.22e-10
2018-10-11 19:30:49, 1.08e-12, 2.22e-10
2018-10-11 19:30:53, 1.12e-12, 2.22e-10
2018-10-11 19:30:57, 1.07e-12, 2.22e-10
2018-10-11 19:31:01, 1.1e-12, 2.22e-10
2018-10-11 19:31:05, 1.11e-12, 2.21e-10
2018-10-11 19:31:10, 1.07e-12, 2.22e-10
2018-10-11 19:31:14, 1.05e-12, 2.22e-10
2018-10-11 19:31:18, 1.12e-12, 2.22e-10
2018-10-11 19:31:22, 1.1e-12, 2.22e-10
2018-10-11 19:31:27, 1.11e-12, 2.22e-10
2018-10-11 19:31:31, 1.24e-12, 2.22e-10
2018-10-11 19:31:35, 1.11e-12, 2.22e-10
2018-10-11 19:31:39, 1.12e-12, 2.22e-10
2018-10-11 19:31:43, 1.12e-12, 2.22e-10
2018-10-11 19:31:48, 1.04e-12, 2.22e-10
2018-10-11 19:31:52, 1.06e-12, 2.22e-10
2018-10-11 19:31:56, 1.02e-12, 2.22e-10
2018-10-11 19:32:00, 1.09e-12, 2.21e-10
2018-10-11 19:32:05, 1.14e-12, 2.22e-10
2018-10-11 19:32:09, 1.02e-12, 2.21e-10
2018-10-11 19:32:13, 1.04e-12, 2.21e-10
2018-10-11 19:32:17, 1.09e-12, 2.22e-10
2018-10-11 19:32:21, 1.1e-12, 2.22e-10
2018-10-11 19:32:26, 1.07e-12, 2.21e-10
2018-10-11 19:32:30, 1.07e-12, 2.21e-10
2018-10-11 19:32:34, 1.15e-12, 2.21e-10
2018-10-11 19:32:38, 1.1e-12, 2.21e-10
2018-10-11 19:32:43, 1.07e-12, 2.21e-10
2018-10-11 19:32:47, 1.15e-12, 2.22e-10
2018-10-11 19:32:51, 1.1e-12, 2.21e-10
2018-10-11 19:32:55, 1.18e-12, 2.21e-10
2018-10-11 19:32:59, 1.09e-12, 2.22e-10
2018-10-11 19:33:04, 1.06e-12, 2.21e-10
2018-10-11 19:33:08, 1.03e-12, 2.21e-10
2018-10-11 19:33:12, 1.01e-12, 2.21e-10
2018-10-11 19:33:16, 1.05e-12, 2.21e-10
2018-10-11 19:33:21, 1.2e-12, 2.21e-10
2018-10-11 19:33:25, 1.08e-12, 2.21e-10
2018-10-11 19:33:29, 1.15e-12, 2.21e-10
2018-10-11 19:33:33, 1.02e-12, 2.21e-10
2018-10-11 19:33:37, 1.04e-12, 2.21e-10
2018-10-11 19:33:42, 1.09e-12, 2.21e-10
2018-10-11 19:33:46, 1.1e-12, 2.21e-10
2018-10-11 19:33:50, 1.15e-12, 2.21e-10
2018-10-11 19:33:54, 1.06e-12, 2.21e-10
2018-10-11 19:33:59, 1.08e-12, 2.21e-10
2018-10-11 19:34:03, 1.07e-12, 2.21e-10
2018-10-11 19:34:07, 1.1e-12, 2.21e-10
2018-10-11 19:34:11, 1.1e-12, 2.21e-10
2018-10-11 19:34:15, 1.04e-12, 2.21e-10
2018-10-11 19:34:20, 1.13e-12, 2.21e-10
2018-10-11 19:34:24, 1.18e-12, 2.21e-10
2018-10-11 19:34:28, 1.07e-12, 2.21e-10
2018-10-11 19:34:32, 1.13e-12, 2.21e-10
2018-10-11 19:34:37, 1.14e-12, 2.21e-10
2018-10-11 19:34:41, 1.08e-12, 2.21e-10
2018-10-11 19:34:45, 1.18e-12, 2.2e-10
2018-10-11 19:34:49, 1.12e-12, 2.21e-10
2018-10-11 19:34:53, 1.06e-12, 2.21e-10
2018-10-11 19:34:58, 1.11e-12, 2.2e-10
2018-10-11 19:35:02, 1.03e-12, 2.21e-10
2018-10-11 19:35:06, 1.11e-12, 2.21e-10
2018-10-11 19:35:10, 1.21e-12, 2.2e-10
2018-10-11 19:35:15, 1.11e-12, 2.21e-10
2018-10-11 19:35:19, 1.09e-12, 2.21e-10
2018-10-11 19:35:23, 1.1e-12, 2.21e-10
2018-10-11 19:35:27, 1.03e-12, 2.21e-10
2018-10-11 19:35:31, 1.08e-12, 2.21e-10
2018-10-11 19:35:36, 1.1e-12, 2.2e-10
2018-10-11 19:35:40, 1.11e-12, 2.21e-10
2018-10-11 19:35:44, 1.15e-12, 2.21e-10
2018-10-11 19:35:48, 1.13e-12, 2.2e-10
2018-10-11 19:35:52, 1.11e-12, 2.21e-10
2018-10-11 19:35:57, 1.15e-12, 2.21e-10
2018-10-11 19:36:01, 1.12e-12, 2.21e-10
2018-10-11 19:36:05, 1.12e-12, 2.21e-10
2018-10-11 19:36:09, 1.13e-12, 2.2e-10
2018-10-11 19:36:14, 1.11e-12, 2.2e-10
2018-10-11 19:36:18, 1.06e-12, 2.21e-10
2018-10-11 19:36:22, 9.94e-13, 2.21e-10
2018-10-11 19:36:26, 1.12e-12, 2.2e-10
2018-10-11 19:36:30, 1.1e-12, 2.2e-10
2018-10-11 19:36:35, 1.09e-12, 2.21e-10
2018-10-11 19:36:39, 1.02e-12, 2.2e-10
2018-10-11 19:36:43, 1.14e-12, 2.21e-10
2018-10-11 19:36:47, 1.05e-12, 2.21e-10
2018-10-11 19:36:52, 1.13e-12, 2.2e-10
2018-10-11 19:36:56, 1.02e-12, 2.2e-10
2018-10-11 19:37:00, 1.1e-12, 2.21e-10
2018-10-11 19:37:04, 1.12e-12, 2.21e-10
2018-10-11 19:37:08, 1.12e-12, 2.21e-10
2018-10-11 19:37:13, 1.12e-12, 2.21e-10
2018-10-11 19:37:17, 1.16e-12, 2.2e-10
2018-10-11 19:37:21, 1.03e-12, 2.2e-10
2018-10-11 19:37:25, 1.07e-12, 2.21e-10
2018-10-11 19:37:30, 1.07e-12, 2.21e-10
2018-10-11 19:37:34, 1.1e-12, 2.21e-10
2018-10-11 19:37:38, 1.05e-12, 2.21e-10
2018-10-11 19:37:42, 1.13e-12, 2.21e-10
2018-10-11 19:37:46, 1.12e-12, 2.2e-10
2018-10-11 19:37:51, 1.07e-12, 2.21e-10
2018-10-11 19:37:55, 1.02e-12, 2.2e-10
2018-10-11 19:37:59, 1.04e-12, 2.2e-10
2018-10-11 19:38:03, 1.1e-12, 2.21e-10
2018-10-11 19:38:08, 1.05e-12, 2.2e-10
2018-10-11 19:38:12, 1.08e-12, 2.2e-10
2018-10-11 19:38:16, 1.16e-12, 2.2e-10
2018-10-11 19:38:20, 1.05e-12, 2.2e-10
2018-10-11 19:38:24, 1.12e-12, 2.2e-10
2018-10-11 19:38:29, 1.12e-12, 2.21e-10
2018-10-11 19:38:33, 1.2e-12, 2.2e-10
2018-10-11 19:38:37, 1.08e-12, 2.2e-10
2018-10-11 19:38:41, 1.14e-12, 2.21e-10
2018-10-11 19:38:46, 1.07e-12, 2.2e-10
2018-10-11 19:38:50, 1.12e-12, 2.2e-10
2018-10-11 19:38:54, 1.07e-12, 2.21e-10
2018-10-11 19:38:58, 1.08e-12, 2.21e-10
2018-10-11 19:39:02, 1.05e-12, 2.2e-10
2018-10-11 19:39:07, 1.07e-12, 2.2e-10
2018-10-11 19:39:11, 1.07e-12, 2.2e-10
2018-10-11 19:39:15, 1.09e-12, 2.2e-10
2018-10-11 19:39:19, 1.1e-12, 2.21e-10
2018-10-11 19:39:24, 1.07e-12, 2.21e-10
2018-10-11 19:39:28, 1.1e-12, 2.2e-10
2018-10-11 19:39:32, 1.06e-12, 2.22e-10
2018-10-11 19:39:36, 1.05e-12, 2.22e-10
2018-10-11 19:39:40, 1.07e-12, 2.2e-10
2018-10-11 19:39:45, 1.09e-12, 2.2e-10
2018-10-11 19:39:49, 1.18e-12, 2.2e-10
2018-10-11 19:39:53, 1.1e-12, 2.2e-10
2018-10-11 19:39:57, 9.8e-13, 2.2e-10
2018-10-11 19:40:02, 1.11e-12, 2.2e-10
2018-10-11 19:40:06, 1.23e-12, 2.2e-10
2018-10-11 19:40:10, 1.11e-12, 2.21e-10
2018-10-11 19:40:14, 1.13e-12, 2.2e-10
2018-10-11 19:40:18, 1.1e-12, 2.21e-10
2018-10-11 19:40:23, 1.1e-12, 2.21e-10
2018-10-11 19:40:27, 1.1e-12, 2.21e-10
2018-10-11 19:40:31, 1.07e-12, 2.2e-10
2018-10-11 19:40:35, 1.07e-12, 2.2e-10
2018-10-11 19:40:40, 1.11e-12, 2.21e-10
2018-10-11 19:40:44, 1.18e-12, 2.2e-10
2018-10-11 19:40:48, 1.26e-12, 2.21e-10
2018-10-11 19:40:52, 1.13e-12, 2.2e-10
2018-10-11 19:40:56, 1.04e-12, 2.2e-10
2018-10-11 19:41:01, 8.99e-13, 2.21e-10
2018-10-11 19:41:05, 1.07e-12, 2.2e-10
2018-10-11 19:41:09, 1.06e-12, 2.2e-10
2018-10-11 19:41:13, 1.07e-12, 2.21e-10
2018-10-11 19:41:18, 1.09e-12, 2.21e-10
2018-10-11 19:41:22, 1.16e-12, 2.2e-10
2018-10-11 19:41:26, 1.21e-12, 2.2e-10
2018-10-11 19:41:30, 1.09e-12, 2.2e-10
2018-10-11 19:41:34, 1.06e-12, 2.2e-10
2018-10-11 19:41:39, 1.04e-12, 2.2e-10
2018-10-11 19:41:43, 1.19e-12, 2.2e-10
2018-10-11 19:41:47, 1.04e-12, 2.2e-10
2018-10-11 19:41:51, 1.02e-12, 2.2e-10
2018-10-11 19:41:56, 1.2e-12, 2.21e-10
2018-10-11 19:42:00, 1.03e-12, 2.2e-10
2018-10-11 19:42:04, 1.08e-12, 2.2e-10
2018-10-11 19:42:08, 1.17e-12, 2.2e-10
2018-10-11 19:42:12, 1.09e-12, 2.2e-10
2018-10-11 19:42:17, 1.11e-12, 2.2e-10
2018-10-11 19:42:21, 1.16e-12, 2.2e-10
2018-10-11 19:42:25, 1.11e-12, 2.2e-10
2018-10-11 19:42:29, 1.11e-12, 2.2e-10
2018-10-11 19:42:34, 1.14e-12, 2.2e-10
2018-10-11 19:42:38, 1.11e-12, 2.2e-10
2018-10-11 19:42:42, 1.09e-12, 2.2e-10
2018-10-11 19:42:46, 1.1e-12, 2.2e-10
2018-10-11 19:42:50, 1.07e-12, 2.2e-10
2018-10-11 19:42:55, 1.18e-12, 2.2e-10
2018-10-11 19:42:59, 1.13e-12, 2.2e-10
2018-10-11 19:43:03, 1.07e-12, 2.2e-10
2018-10-11 19:43:07, 1.09e-12, 2.2e-10
2018-10-11 19:43:11, 1.09e-12, 2.2e-10
2018-10-11 19:43:16, 1.05e-12, 2.2e-10
2018-10-11 19:43:20, 1.07e-12, 2.2e-10
2018-10-11 19:43:24, 1.09e-12, 2.2e-10
2018-10-11 19:43:28, 1.07e-12, 2.2e-10
2018-10-11 19:43:33, 1.1e-12, 2.2e-10
2018-10-11 19:43:37, 1.03e-12, 2.2e-10
2018-10-11 19:43:41, 1.12e-12, 2.2e-10
2018-10-11 19:43:45, 1.07e-12, 2.19e-10
2018-10-11 19:43:49, 1.14e-12, 2.2e-10
2018-10-11 19:43:54, 1.15e-12, 2.2e-10
2018-10-11 19:43:58, 1.07e-12, 2.2e-10
2018-10-11 19:44:02, 1.13e-12, 2.2e-10
2018-10-11 19:44:06, 1.12e-12, 2.2e-10
2018-10-11 19:44:11, 1.18e-12, 2.2e-10
2018-10-11 19:44:15, 1.12e-12, 2.2e-10
2018-10-11 19:44:19, 1.13e-12, 2.2e-10
2018-10-11 19:44:23, 1.08e-12, 2.19e-10
2018-10-11 19:44:27, 1.08e-12, 2.2e-10
2018-10-11 19:44:32, 1.07e-12, 2.2e-10
2018-10-11 19:44:36, 1.06e-12, 2.2e-10
2018-10-11 19:44:40, 1.19e-12, 2.2e-10
2018-10-11 19:44:44, 1.05e-12, 2.2e-10
2018-10-11 19:44:49, 1.07e-12, 2.2e-10
2018-10-11 19:44:53, 1.14e-12, 2.2e-10
2018-10-11 19:44:57, 1.06e-12, 2.2e-10
2018-10-11 19:45:01, 1.2e-12, 2.19e-10
2018-10-11 19:45:05, 1.15e-12, 2.2e-10
2018-10-11 19:45:10, 1.04e-12, 2.2e-10
2018-10-11 19:45:14, 1.05e-12, 2.19e-10
2018-10-11 19:45:18, 1.11e-12, 2.2e-10
2018-10-11 19:45:22, 1.1e-12, 2.2e-10
2018-10-11 19:45:27, 1.1e-12, 2.19e-10
2018-10-11 19:45:31, 1.09e-12, 2.2e-10
2018-10-11 19:45:35, 1.22e-12, 2.2e-10
2018-10-11 19:45:39, 1.02e-12, 2.19e-10
2018-10-11 19:45:43, 1.06e-12, 2.2e-10
2018-10-11 19:45:48, 1.1e-12, 2.2e-10
2018-10-11 19:45:52, 1.06e-12, 2.19e-10
2018-10-11 19:45:56, 1.11e-12, 2.2e-10
2018-10-11 19:46:00, 1.09e-12, 2.2e-10
2018-10-11 19:46:05, 1.14e-12, 2.19e-10
2018-10-11 19:46:09, 1.07e-12, 2.2e-10
2018-10-11 19:46:13, 1.13e-12, 2.2e-10
2018-10-11 19:46:17, 1.17e-12, 2.2e-10
2018-10-11 19:46:21, 1.07e-12, 2.2e-10
2018-10-11 19:46:26, 1.03e-12, 2.2e-10
2018-10-11 19:46:30, 1.05e-12, 2.2e-10
2018-10-11 19:46:34, 1.03e-12, 2.19e-10
2018-10-11 19:46:38, 1.08e-12, 2.2e-10
2018-10-11 19:46:42, 1.03e-12, 2.2e-10
2018-10-11 19:46:47, 9.75e-13, 2.19e-10
2018-10-11 19:46:51, 1.11e-12, 2.2e-10
2018-10-11 19:46:55, 1.06e-12, 2.2e-10
2018-10-11 19:46:59, 1.14e-12, 2.19e-10
2018-10-11 19:47:04, 1.21e-12, 2.21e-10
2018-10-11 19:47:08, 1.07e-12, 2.2e-10
2018-10-11 19:47:12, 1.1e-12, 2.2e-10
2018-10-11 19:47:16, 1.08e-12, 2.2e-10
2018-10-11 19:47:20, 1.23e-12, 2.2e-10
2018-10-11 19:47:25, 1.09e-12, 2.19e-10
2018-10-11 19:47:29, 1.02e-12, 2.2e-10
2018-10-11 19:47:33, 1.06e-12, 2.2e-10
2018-10-11 19:47:37, 1.07e-12, 2.19e-10
2018-10-11 19:47:42, 1.01e-12, 2.2e-10
2018-10-11 19:47:46, 1.07e-12, 2.2e-10
2018-10-11 19:47:50, 1.1e-12, 2.19e-10
2018-10-11 19:47:54, 1.12e-12, 2.2e-10
2018-10-11 19:47:58, 1.08e-12, 2.2e-10
2018-10-11 19:48:03, 1.1e-12, 2.2e-10
2018-10-11 19:48:07, 1.06e-12, 2.2e-10
2018-10-11 19:48:11, 1.12e-12, 2.2e-10
2018-10-11 19:48:15, 1.12e-12, 2.2e-10
2018-10-11 19:48:20, 1.11e-12, 2.2e-10
2018-10-11 19:48:24, 1.07e-12, 2.2e-10
2018-10-11 19:48:28, 9.81e-13, 2.2e-10
2018-10-11 19:48:32, 1.07e-12, 2.2e-10
2018-10-11 19:48:36, 1.13e-12, 2.2e-10
2018-10-11 19:48:41, 1.09e-12, 2.19e-10
2018-10-11 19:48:45, 1.07e-12, 2.2e-10
2018-10-11 19:48:49, 1.14e-12, 2.2e-10
2018-10-11 19:48:53, 1.09e-12, 2.2e-10
2018-10-11 19:48:58, 1.1e-12, 2.2e-10
2018-10-11 19:49:02, 1.11e-12, 2.2e-10
2018-10-11 19:49:06, 1.05e-12, 2.2e-10
2018-10-11 19:49:10, 1.03e-12, 2.2e-10
2018-10-11 19:49:14, 1.08e-12, 2.2e-10
2018-10-11 19:49:19, 1.04e-12, 2.2e-10
2018-10-11 19:49:23, 1.08e-12, 2.2e-10
2018-10-11 19:49:27, 1.09e-12, 2.2e-10
2018-10-11 19:49:31, 1.09e-12, 2.2e-10
2018-10-11 19:49:36, 1.09e-12, 2.2e-10
2018-10-11 19:49:40, 1.09e-12, 2.2e-10
2018-10-11 19:49:44, 1.04e-12, 2.2e-10
2018-10-11 19:49:48, 1.06e-12, 2.2e-10
2018-10-11 19:49:52, 1.09e-12, 2.21e-10
2018-10-11 19:49:57, 1.1e-12, 2.2e-10
2018-10-11 19:50:01, 1.05e-12, 2.2e-10
2018-10-11 19:50:05, 1.21e-12, 2.2e-10
2018-10-11 19:50:09, 1.16e-12, 2.2e-10
2018-10-11 19:50:14, 1.07e-12, 2.2e-10
2018-10-11 19:50:18, 1.11e-12, 2.2e-10
2018-10-11 19:50:22, 1.07e-12, 2.2e-10
2018-10-11 19:50:26, 1.08e-12, 2.2e-10
2018-10-11 19:50:30, 1.06e-12, 2.2e-10
2018-10-11 19:50:35, 1.11e-12, 2.2e-10
2018-10-11 19:50:39, 1.07e-12, 2.2e-10
2018-10-11 19:50:43, 1.1e-12, 2.2e-10
2018-10-11 19:50:47, 1.07e-12, 2.2e-10
2018-10-11 19:50:52, 1.12e-12, 2.2e-10
2018-10-11 19:50:56, 1.07e-12, 2.2e-10
2018-10-11 19:51:00, 1.1e-12, 2.2e-10
2018-10-11 19:51:04, 1.1e-12, 2.2e-10
2018-10-11 19:51:08, 1.06e-12, 2.2e-10
2018-10-11 19:51:13, 1.1e-12, 2.2e-10
2018-10-11 19:51:17, 1.12e-12, 2.2e-10
2018-10-11 19:51:21, 1.06e-12, 2.2e-10
2018-10-11 19:51:25, 1.1e-12, 2.2e-10
2018-10-11 19:51:30, 1.19e-12, 2.2e-10
2018-10-11 19:51:34, 1.15e-12, 2.2e-10
2018-10-11 19:51:38, 1.11e-12, 2.2e-10
2018-10-11 19:51:42, 1.07e-12, 2.2e-10
2018-10-11 19:51:46, 1.14e-12, 2.2e-10
2018-10-11 19:51:51, 1.2e-12, 2.2e-10
2018-10-11 19:51:55, 1.04e-12, 2.2e-10
2018-10-11 19:51:59, 1.07e-12, 2.2e-10
2018-10-11 19:52:03, 1.06e-12, 2.19e-10
2018-10-11 19:52:08, 1.15e-12, 2.2e-10
2018-10-11 19:52:12, 1.24e-12, 2.2e-10
2018-10-11 19:52:16, 1.1e-12, 2.2e-10
2018-10-11 19:52:20, 1.1e-12, 2.2e-10
2018-10-11 19:52:24, 1.12e-12, 2.21e-10
2018-10-11 19:52:29, 1.05e-12, 2.2e-10
2018-10-11 19:52:33, 1.08e-12, 2.2e-10
2018-10-11 19:52:37, 1.07e-12, 2.2e-10
2018-10-11 19:52:41, 1.01e-12, 2.2e-10
2018-10-11 19:52:45, 9.63e-13, 2.2e-10
2018-10-11 19:52:50, 1.07e-12, 2.2e-10
2018-10-11 19:52:54, 1.1e-12, 2.2e-10
2018-10-11 19:52:58, 1.02e-12, 2.2e-10
2018-10-11 19:53:02, 1.11e-12, 2.21e-10
2018-10-11 19:53:07, 1.09e-12, 2.2e-10
2018-10-11 19:53:11, 1.09e-12, 2.2e-10
2018-10-11 19:53:15, 1.1e-12, 2.2e-10
2018-10-11 19:53:19, 1.1e-12, 2.21e-10
2018-10-11 19:53:23, 1.07e-12, 2.2e-10
2018-10-11 19:53:28, 1.03e-12, 2.2e-10
2018-10-11 19:53:32, 1.11e-12, 2.2e-10
2018-10-11 19:53:36, 1.09e-12, 2.2e-10
2018-10-11 19:53:40, 1.06e-12, 2.2e-10
2018-10-11 19:53:45, 1.14e-12, 2.2e-10
2018-10-11 19:53:49, 1.1e-12, 2.21e-10
2018-10-11 19:53:53, 1.07e-12, 2.21e-10
2018-10-11 19:53:57, 1.24e-12, 2.2e-10
2018-10-11 19:54:01, 9.75e-13, 2.2e-10
2018-10-11 19:54:06, 1.06e-12, 2.2e-10
2018-10-11 19:54:10, 1.06e-12, 2.2e-10
2018-10-11 19:54:14, 1.07e-12, 2.2e-10
2018-10-11 19:54:18, 1e-12, 2.2e-10
2018-10-11 19:54:23, 1.27e-12, 2.21e-10
2018-10-11 19:54:27, 1.1e-12, 2.21e-10
2018-10-11 19:54:31, 1.07e-12, 2.21e-10
2018-10-11 19:54:35, 1.03e-12, 2.2e-10
2018-10-11 19:54:39, 1.15e-12, 2.21e-10
2018-10-11 19:54:44, 1.04e-12, 2.21e-10
2018-10-11 19:54:48, 1.08e-12, 2.21e-10
2018-10-11 19:54:52, 1.11e-12, 2.2e-10
2018-10-11 19:54:56, 1.11e-12, 2.2e-10
2018-10-11 19:55:01, 1.08e-12, 2.2e-10
2018-10-11 19:55:05, 1.06e-12, 2.2e-10
2018-10-11 19:55:09, 1.02e-12, 2.2e-10
2018-10-11 19:55:13, 1.13e-12, 2.21e-10
2018-10-11 19:55:17, 1.08e-12, 2.21e-10
2018-10-11 19:55:22, 1.12e-12, 2.21e-10
2018-10-11 19:55:26, 1.12e-12, 2.2e-10
2018-10-11 19:55:30, 1.03e-12, 2.21e-10
2018-10-11 19:55:34, 1.08e-12, 2.2e-10
2018-10-11 19:55:39, 1.1e-12, 2.21e-10
2018-10-11 19:55:43, 1.08e-12, 2.2e-10
2018-10-11 19:55:47, 1.12e-12, 2.21e-10
2018-10-11 19:55:51, 1.13e-12, 2.21e-10
2018-10-11 19:55:55, 1.11e-12, 2.2e-10
2018-10-11 19:56:00, 1.13e-12, 2.2e-10
2018-10-11 19:56:04, 1.11e-12, 2.2e-10
2018-10-11 19:56:08, 1.03e-12, 2.2e-10
2018-10-11 19:56:12, 1.16e-12, 2.21e-10
2018-10-11 19:56:17, 1.1e-12, 2.21e-10
2018-10-11 19:56:21, 1.15e-12, 2.2e-10
2018-10-11 19:56:25, 1.12e-12, 2.21e-10
2018-10-11 19:56:29, 1.08e-12, 2.21e-10
2018-10-11 19:56:33, 1.06e-12, 2.2e-10
2018-10-11 19:56:38, 1.1e-12, 2.21e-10
2018-10-11 19:56:42, 1.1e-12, 2.21e-10
2018-10-11 19:56:46, 1.1e-12, 2.2e-10
2018-10-11 19:56:50, 1.06e-12, 2.21e-10
2018-10-11 19:56:55, 1.06e-12, 2.21e-10
2018-10-11 19:56:59, 1.07e-12, 2.2e-10
2018-10-11 19:57:03, 1.1e-12, 2.21e-10
2018-10-11 19:57:07, 1.15e-12, 2.21e-10
2018-10-11 19:57:11, 1.15e-12, 2.2e-10
2018-10-11 19:57:16, 1.1e-12, 2.21e-10
2018-10-11 19:57:20, 1.05e-12, 2.2e-10
2018-10-11 19:57:24, 1.1e-12, 2.2e-10
2018-10-11 19:57:28, 1.16e-12, 2.21e-10
2018-10-11 19:57:33, 9.95e-13, 2.21e-10
2018-10-11 19:57:37, 1.13e-12, 2.21e-10
2018-10-11 19:57:41, 1.15e-12, 2.2e-10
2018-10-11 19:57:45, 1.09e-12, 2.2e-10
2018-10-11 19:57:49, 1.06e-12, 2.2e-10
2018-10-11 19:57:54, 1.1e-12, 2.2e-10
2018-10-11 19:57:58, 1.05e-12, 2.2e-10
2018-10-11 19:58:02, 1.08e-12, 2.2e-10
2018-10-11 19:58:06, 1.05e-12, 2.2e-10
2018-10-11 19:58:11, 1.1e-12, 2.21e-10
2018-10-11 19:58:15, 1.05e-12, 2.2e-10
2018-10-11 19:58:19, 1.1e-12, 2.21e-10
2018-10-11 19:58:23, 1.07e-12, 2.21e-10
2018-10-11 19:58:27, 1.18e-12, 2.2e-10
2018-10-11 19:58:32, 1.05e-12, 2.2e-10
2018-10-11 19:58:36, 1.11e-12, 2.2e-10
2018-10-11 19:58:40, 1.06e-12, 2.2e-10
2018-10-11 19:58:44, 1.03e-12, 2.2e-10
2018-10-11 19:58:49, 1.12e-12, 2.21e-10
2018-10-11 19:58:53, 1.04e-12, 2.2e-10
2018-10-11 19:58:57, 1.09e-12, 2.21e-10
2018-10-11 19:59:01, 1.03e-12, 2.21e-10
2018-10-11 19:59:05, 1.06e-12, 2.2e-10
2018-10-11 19:59:10, 1.12e-12, 2.23e-10
2018-10-11 19:59:14, 1.03e-12, 2.23e-10
2018-10-11 19:59:18, 1.16e-12, 2.2e-10
2018-10-11 19:59:22, 1.07e-12, 2.21e-10
2018-10-11 19:59:27, 1.05e-12, 2.21e-10
2018-10-11 19:59:31, 1.05e-12, 2.2e-10
2018-10-11 19:59:35, 1.11e-12, 2.21e-10
2018-10-11 19:59:39, 9.21e-13, 2.21e-10
2018-10-11 19:59:43, 1.01e-12, 2.21e-10
2018-10-11 19:59:48, 1.07e-12, 2.21e-10
2018-10-11 19:59:52, 1.08e-12, 2.21e-10
2018-10-11 19:59:56, 1.22e-12, 2.2e-10
2018-10-11 20:00:00, 1.25e-12, 2.21e-10
2018-10-11 20:00:05, 1.14e-12, 2.2e-10
2018-10-11 20:00:09, 1.04e-12, 2.2e-10
2018-10-11 20:00:13, 1.12e-12, 2.21e-10
2018-10-11 20:00:17, 1.12e-12, 2.21e-10
2018-10-11 20:00:21, 1.13e-12, 2.2e-10
2018-10-11 20:00:26, 1.16e-12, 2.21e-10
2018-10-11 20:00:30, 1.23e-12, 2.2e-10
2018-10-11 20:00:34, 1.07e-12, 2.2e-10
2018-10-11 20:00:38, 1.08e-12, 2.21e-10
2018-10-11 20:00:43, 1.21e-12, 2.2e-10
2018-10-11 20:00:47, 1.1e-12, 2.2e-10
2018-10-11 20:00:51, 1.05e-12, 2.21e-10
2018-10-11 20:00:55, 1.06e-12, 2.21e-10
2018-10-11 20:00:59, 1.24e-12, 2.2e-10
2018-10-11 20:01:04, 1.13e-12, 2.21e-10
2018-10-11 20:01:08, 1.09e-12, 2.21e-10
2018-10-11 20:01:12, 1.1e-12, 2.2e-10
2018-10-11 20:01:16, 1.1e-12, 2.21e-10
2018-10-11 20:01:21, 1.13e-12, 2.21e-10
2018-10-11 20:01:25, 1.09e-12, 2.2e-10
2018-10-11 20:01:29, 1.03e-12, 2.21e-10
2018-10-11 20:01:33, 1.09e-12, 2.2e-10
2018-10-11 20:01:37, 1.1e-12, 2.2e-10
2018-10-11 20:01:42, 1.04e-12, 2.21e-10
2018-10-11 20:01:46, 1.07e-12, 2.21e-10
2018-10-11 20:01:50, 1.03e-12, 2.2e-10
2018-10-11 20:01:54, 1.11e-12, 2.21e-10
2018-10-11 20:01:59, 1.06e-12, 2.21e-10
2018-10-11 20:02:03, 1.13e-12, 2.2e-10
2018-10-11 20:02:07, 1.05e-12, 2.21e-10
2018-10-11 20:02:11, 1.05e-12, 2.2e-10
2018-10-11 20:02:15, 1.17e-12, 2.2e-10
2018-10-11 20:02:20, 1.07e-12, 2.21e-10
2018-10-11 20:02:24, 1.13e-12, 2.2e-10
2018-10-11 20:02:28, 1.17e-12, 2.2e-10
2018-10-11 20:02:32, 1.11e-12, 2.21e-10
2018-10-11 20:02:37, 1.1e-12, 2.2e-10
2018-10-11 20:02:41, 1.19e-12, 2.2e-10
2018-10-11 20:02:45, 1.01e-12, 2.2e-10
2018-10-11 20:02:49, 1.1e-12, 2.2e-10
2018-10-11 20:02:53, 1.11e-12, 2.2e-10
2018-10-11 20:02:58, 1.06e-12, 2.2e-10
2018-10-11 20:03:02, 1.06e-12, 2.2e-10
2018-10-11 20:03:06, 1.24e-12, 2.2e-10
2018-10-11 20:03:10, 1.06e-12, 2.2e-10
2018-10-11 20:03:15, 1.06e-12, 2.2e-10
2018-10-11 20:03:19, 1.16e-12, 2.2e-10
2018-10-11 20:03:23, 1.11e-12, 2.2e-10
2018-10-11 20:03:27, 1.15e-12, 2.2e-10
2018-10-11 20:03:31, 1.08e-12, 2.2e-10
2018-10-11 20:03:36, 1.08e-12, 2.21e-10
2018-10-11 20:03:40, 1.03e-12, 2.2e-10
2018-10-11 20:03:44, 1.02e-12, 2.2e-10
2018-10-11 20:03:48, 1.1e-12, 2.2e-10
2018-10-11 20:03:52, 1.08e-12, 2.2e-10
2018-10-11 20:03:57, 1.07e-12, 2.2e-10
2018-10-11 20:04:01, 1.07e-12, 2.2e-10
2018-10-11 20:04:05, 1.06e-12, 2.2e-10
2018-10-11 20:04:09, 1.08e-12, 2.19e-10
2018-10-11 20:04:14, 1.09e-12, 2.2e-10
2018-10-11 20:04:18, 1.01e-12, 2.2e-10
2018-10-11 20:04:22, 1.08e-12, 2.2e-10
2018-10-11 20:04:26, 1.06e-12, 2.2e-10
2018-10-11 20:04:30, 1.08e-12, 2.2e-10
2018-10-11 20:04:35, 1.11e-12, 2.2e-10
2018-10-11 20:04:39, 9.09e-13, 2.2e-10
2018-10-11 20:04:43, 1.08e-12, 2.2e-10
2018-10-11 20:04:47, 1.13e-12, 2.2e-10
2018-10-11 20:04:52, 1e-12, 2.2e-10
2018-10-11 20:04:56, 1.08e-12, 2.2e-10
2018-10-11 20:05:00, 1.16e-12, 2.2e-10
2018-10-11 20:05:04, 1.06e-12, 2.2e-10
2018-10-11 20:05:08, 1.06e-12, 2.2e-10
2018-10-11 20:05:13, 1.13e-12, 2.2e-10
2018-10-11 20:05:17, 1.22e-12, 2.2e-10
2018-10-11 20:05:21, 1.09e-12, 2.2e-10
2018-10-11 20:05:25, 1.1e-12, 2.2e-10
2018-10-11 20:05:30, 1.1e-12, 2.2e-10
2018-10-11 20:05:34, 1.14e-12, 2.2e-10
2018-10-11 20:05:38, 1.08e-12, 2.2e-10
2018-10-11 20:05:42, 1.07e-12, 2.2e-10
2018-10-11 20:05:46, 1.1e-12, 2.2e-10
2018-10-11 20:05:51, 1.1e-12, 2.2e-10
2018-10-11 20:05:55, 1.09e-12, 2.2e-10
2018-10-11 20:05:59, 1.14e-12, 2.2e-10
2018-10-11 20:06:03, 1.08e-12, 2.2e-10
2018-10-11 20:06:08, 1.07e-12, 2.2e-10
2018-10-11 20:06:12, 1.08e-12, 2.2e-10
2018-10-11 20:06:16, 1.1e-12, 2.2e-10
2018-10-11 20:06:20, 1.05e-12, 2.2e-10
2018-10-11 20:06:24, 1.08e-12, 2.2e-10
2018-10-11 20:06:29, 1.1e-12, 2.2e-10
2018-10-11 20:06:33, 1.08e-12, 2.2e-10
2018-10-11 20:06:37, 1.04e-12, 2.2e-10
2018-10-11 20:06:41, 1.14e-12, 2.2e-10
2018-10-11 20:06:46, 9.92e-13, 2.2e-10
2018-10-11 20:06:50, 1.09e-12, 2.21e-10
2018-10-11 20:06:54, 1.08e-12, 2.2e-10
2018-10-11 20:06:58, 1.06e-12, 2.2e-10
2018-10-11 20:07:02, 1.15e-12, 2.21e-10
2018-10-11 20:07:07, 1.04e-12, 2.2e-10
2018-10-11 20:07:11, 1.01e-12, 2.2e-10
2018-10-11 20:07:15, 1.07e-12, 2.21e-10
2018-10-11 20:07:19, 1.11e-12, 2.21e-10
2018-10-11 20:07:24, 1.08e-12, 2.21e-10
2018-10-11 20:07:28, 1.07e-12, 2.2e-10
2018-10-11 20:07:32, 1.11e-12, 2.2e-10
2018-10-11 20:07:36, 1.08e-12, 2.2e-10
2018-10-11 20:07:40, 1.16e-12, 2.21e-10
2018-10-11 20:07:45, 1.09e-12, 2.21e-10
2018-10-11 20:07:49, 1.07e-12, 2.2e-10
2018-10-11 20:07:53, 1.16e-12, 2.2e-10
2018-10-11 20:07:57, 1.21e-12, 2.21e-10
2018-10-11 20:08:02, 1.12e-12, 2.21e-10
2018-10-11 20:08:06, 1.04e-12, 2.2e-10
2018-10-11 20:08:10, 1.09e-12, 2.2e-10
2018-10-11 20:08:14, 1.08e-12, 2.2e-10
2018-10-11 20:08:18, 1.03e-12, 2.2e-10
2018-10-11 20:08:23, 1.07e-12, 2.2e-10
2018-10-11 20:08:27, 1.09e-12, 2.2e-10
2018-10-11 20:08:31, 1.1e-12, 2.2e-10
2018-10-11 20:08:35, 1.2e-12, 2.2e-10
2018-10-11 20:08:40, 1.13e-12, 2.2e-10
2018-10-11 20:08:44, 1.13e-12, 2.2e-10
2018-10-11 20:08:48, 1.07e-12, 2.2e-10
2018-10-11 20:08:52, 9.44e-13, 2.2e-10
2018-10-11 20:08:56, 1.11e-12, 2.2e-10
2018-10-11 20:09:01, 1.07e-12, 2.2e-10
2018-10-11 20:09:05, 1.09e-12, 2.2e-10
2018-10-11 20:09:09, 1.08e-12, 2.2e-10
2018-10-11 20:09:13, 1.14e-12, 2.2e-10
2018-10-11 20:09:18, 1.04e-12, 2.2e-10
2018-10-11 20:09:22, 1.09e-12, 2.2e-10
2018-10-11 20:09:26, 1.11e-12, 2.2e-10
2018-10-11 20:09:30, 1.06e-12, 2.2e-10
2018-10-11 20:09:34, 1.08e-12, 2.21e-10
2018-10-11 20:09:39, 1.16e-12, 2.21e-10
2018-10-11 20:09:43, 1.2e-12, 2.21e-10
2018-10-11 20:09:47, 1.15e-12, 2.21e-10
2018-10-11 20:09:51, 1.21e-12, 2.21e-10
2018-10-11 20:09:56, 1.12e-12, 2.2e-10
2018-10-11 20:10:00, 1.08e-12, 2.2e-10
2018-10-11 20:10:04, 1.03e-12, 2.2e-10
2018-10-11 20:10:08, 1.09e-12, 2.2e-10
2018-10-11 20:10:12, 1.03e-12, 2.21e-10
2018-10-11 20:10:17, 1.11e-12, 2.2e-10
2018-10-11 20:10:21, 1.05e-12, 2.21e-10
2018-10-11 20:10:25, 1.12e-12, 2.21e-10
2018-10-11 20:10:29, 9.66e-13, 2.2e-10
2018-10-11 20:10:34, 1.1e-12, 2.2e-10
2018-10-11 20:10:38, 1.16e-12, 2.2e-10
2018-10-11 20:10:42, 1.13e-12, 2.2e-10
2018-10-11 20:10:46, 1.07e-12, 2.2e-10
2018-10-11 20:10:50, 1.09e-12, 2.21e-10
2018-10-11 20:10:55, 1.08e-12, 2.21e-10
2018-10-11 20:10:59, 1.04e-12, 2.21e-10
2018-10-11 20:11:03, 1.04e-12, 2.21e-10
2018-10-11 20:11:07, 1.13e-12, 2.21e-10
2018-10-11 20:11:11, 1.08e-12, 2.21e-10
2018-10-11 20:11:16, 1.08e-12, 2.21e-10
2018-10-11 20:11:20, 1.07e-12, 2.2e-10
2018-10-11 20:11:24, 1.08e-12, 2.21e-10
2018-10-11 20:11:28, 9.98e-13, 2.2e-10
2018-10-11 20:11:33, 1.09e-12, 2.21e-10
2018-10-11 20:11:37, 1.03e-12, 2.21e-10
2018-10-11 20:11:41, 1.06e-12, 2.2e-10
2018-10-11 20:11:45, 1.06e-12, 2.21e-10
2018-10-11 20:11:49, 9.61e-13, 2.21e-10
2018-10-11 20:11:54, 1.1e-12, 2.2e-10
2018-10-11 20:11:58, 1.07e-12, 2.21e-10
2018-10-11 20:12:02, 1.1e-12, 2.21e-10
2018-10-11 20:12:06, 1.12e-12, 2.2e-10
2018-10-11 20:12:11, 1.12e-12, 2.21e-10
2018-10-11 20:12:15, 1.03e-12, 2.21e-10
2018-10-11 20:12:19, 1.09e-12, 2.2e-10
2018-10-11 20:12:23, 1.09e-12, 2.21e-10
2018-10-11 20:12:27, 1.08e-12, 2.21e-10
2018-10-11 20:12:32, 1.12e-12, 2.2e-10
2018-10-11 20:12:36, 1.18e-12, 2.21e-10
2018-10-11 20:12:40, 1e-12, 2.21e-10
2018-10-11 20:12:44, 1.11e-12, 2.2e-10
2018-10-11 20:12:49, 1.06e-12, 2.21e-10
2018-10-11 20:12:53, 1.05e-12, 2.21e-10
2018-10-11 20:12:57, 1.11e-12, 2.2e-10
2018-10-11 20:13:01, 1.12e-12, 2.21e-10
2018-10-11 20:13:05, 1.04e-12, 2.21e-10
2018-10-11 20:13:10, 1.09e-12, 2.2e-10
2018-10-11 20:13:14, 1.07e-12, 2.21e-10
2018-10-11 20:13:18, 1.1e-12, 2.21e-10
2018-10-11 20:13:22, 1.08e-12, 2.2e-10
2018-10-11 20:13:27, 1.06e-12, 2.21e-10
2018-10-11 20:13:31, 1.09e-12, 2.21e-10
2018-10-11 20:13:35, 1.1e-12, 2.2e-10
2018-10-11 20:13:39, 1.03e-12, 2.21e-10
2018-10-11 20:13:43, 1.02e-12, 2.21e-10
2018-10-11 20:13:48, 1.07e-12, 2.2e-10
2018-10-11 20:13:52, 1.12e-12, 2.21e-10
2018-10-11 20:13:56, 1.09e-12, 2.21e-10
2018-10-11 20:14:00, 1.14e-12, 2.21e-10
2018-10-11 20:14:05, 1.11e-12, 2.21e-10
2018-10-11 20:14:09, 1.11e-12, 2.21e-10
2018-10-11 20:14:13, 1.08e-12, 2.21e-10
2018-10-11 20:14:17, 1.1e-12, 2.21e-10
2018-10-11 20:14:21, 1.06e-12, 2.21e-10
2018-10-11 20:14:26, 9.15e-13, 2.21e-10
2018-10-11 20:14:30, 1.15e-12, 2.2e-10
2018-10-11 20:14:34, 1.13e-12, 2.21e-10
2018-10-11 20:14:38, 1.04e-12, 2.21e-10
2018-10-11 20:14:43, 1.04e-12, 2.2e-10
2018-10-11 20:14:47, 1.1e-12, 2.21e-10
2018-10-11 20:14:51, 1.04e-12, 2.21e-10
2018-10-11 20:14:55, 1.03e-12, 2.2e-10
2018-10-11 20:14:59, 1.04e-12, 2.21e-10
2018-10-11 20:15:04, 1.02e-12, 2.21e-10
2018-10-11 20:15:08, 1.25e-12, 2.2e-10
2018-10-11 20:15:12, 1.12e-12, 2.21e-10
2018-10-11 20:15:16, 1.08e-12, 2.21e-10
2018-10-11 20:15:21, 1.23e-12, 2.2e-10
2018-10-11 20:15:25, 1.02e-12, 2.21e-10
2018-10-11 20:15:29, 1.15e-12, 2.21e-10
2018-10-11 20:15:33, 1.12e-12, 2.2e-10
2018-10-11 20:15:37, 1.11e-12, 2.21e-10
2018-10-11 20:15:42, 1.13e-12, 2.2e-10
2018-10-11 20:15:46, 1.17e-12, 2.2e-10
2018-10-11 20:15:50, 1.04e-12, 2.21e-10
2018-10-11 20:15:54, 1.04e-12, 2.21e-10
2018-10-11 20:15:59, 1.1e-12, 2.2e-10
2018-10-11 20:16:03, 1.12e-12, 2.21e-10
2018-10-11 20:16:07, 1.12e-12, 2.21e-10
2018-10-11 20:16:11, 1.08e-12, 2.2e-10
2018-10-11 20:16:15, 1.1e-12, 2.21e-10
2018-10-11 20:16:20, 1.19e-12, 2.21e-10
2018-10-11 20:16:24, 1.12e-12, 2.2e-10
2018-10-11 20:16:28, 1.07e-12, 2.21e-10
2018-10-11 20:16:32, 1.09e-12, 2.21e-10
2018-10-11 20:16:37, 1.06e-12, 2.21e-10
2018-10-11 20:16:41, 1.11e-12, 2.21e-10
2018-10-11 20:16:45, 1.07e-12, 2.21e-10
2018-10-11 20:16:49, 1.11e-12, 2.2e-10
2018-10-11 20:16:53, 1.1e-12, 2.21e-10
2018-10-11 20:16:58, 1.11e-12, 2.21e-10
2018-10-11 20:17:02, 1.01e-12, 2.21e-10
2018-10-11 20:17:06, 9.86e-13, 2.21e-10
2018-10-11 20:17:10, 1.15e-12, 2.21e-10
2018-10-11 20:17:14, 1.17e-12, 2.21e-10
2018-10-11 20:17:19, 1.09e-12, 2.25e-10
2018-10-11 20:17:23, 1.1e-12, 2.23e-10
2018-10-11 20:17:27, 1.09e-12, 2.21e-10
2018-10-11 20:17:31, 1.04e-12, 2.22e-10
2018-10-11 20:17:36, 1.08e-12, 2.21e-10
2018-10-11 20:17:40, 1.13e-12, 2.21e-10
2018-10-11 20:17:44, 1.04e-12, 2.21e-10
2018-10-11 20:17:48, 1.13e-12, 2.21e-10
2018-10-11 20:17:52, 1.08e-12, 2.21e-10
2018-10-11 20:17:57, 1.05e-12, 2.21e-10
2018-10-11 20:18:01, 1.03e-12, 2.21e-10
2018-10-11 20:18:05, 1.16e-12, 2.21e-10
2018-10-11 20:18:09, 1.01e-12, 2.22e-10
2018-10-11 20:18:14, 1.04e-12, 2.21e-10
2018-10-11 20:18:18, 1.21e-12, 2.21e-10
2018-10-11 20:18:22, 1.21e-12, 2.21e-10
2018-10-11 20:18:26, 1.07e-12, 2.21e-10
2018-10-11 20:18:30, 1.15e-12, 2.22e-10
2018-10-11 20:18:35, 1.11e-12, 2.21e-10
2018-10-11 20:18:39, 1.07e-12, 2.22e-10
2018-10-11 20:18:43, 1.13e-12, 2.21e-10
2018-10-11 20:18:47, 1.14e-12, 2.21e-10
2018-10-11 20:18:52, 1.08e-12, 2.21e-10
2018-10-11 20:18:56, 1.09e-12, 2.21e-10
2018-10-11 20:19:00, 9.72e-13, 2.21e-10
2018-10-11 20:19:04, 1.13e-12, 2.22e-10
2018-10-11 20:19:08, 1.12e-12, 2.21e-10
2018-10-11 20:19:13, 1.06e-12, 2.21e-10
2018-10-11 20:19:17, 1.08e-12, 2.22e-10
2018-10-11 20:19:21, 1.1e-12, 2.22e-10
2018-10-11 20:19:25, 1.13e-12, 2.22e-10
2018-10-11 20:19:30, 1.11e-12, 2.22e-10
2018-10-11 20:19:34, 1.12e-12, 2.22e-10
2018-10-11 20:19:38, 1.16e-12, 2.21e-10
2018-10-11 20:19:42, 1.05e-12, 2.22e-10
2018-10-11 20:19:46, 1.18e-12, 2.22e-10
2018-10-11 20:19:51, 1.09e-12, 2.21e-10
2018-10-11 20:19:55, 1.03e-12, 2.22e-10
2018-10-11 20:19:59, 1.13e-12, 2.23e-10
2018-10-11 20:20:03, 1.12e-12, 2.23e-10
2018-10-11 20:20:08, 1.09e-12, 2.23e-10
2018-10-11 20:20:12, 1.15e-12, 2.22e-10
2018-10-11 20:20:16, 1.08e-12, 2.21e-10
2018-10-11 20:20:20, 1.08e-12, 2.22e-10
2018-10-11 20:20:24, 1.1e-12, 2.21e-10
2018-10-11 20:20:29, 1.12e-12, 2.21e-10
2018-10-11 20:20:33, 1.06e-12, 2.21e-10
2018-10-11 20:20:37, 1.04e-12, 2.21e-10
2018-10-11 20:20:41, 1.1e-12, 2.21e-10
2018-10-11 20:20:46, 1.21e-12, 2.21e-10
2018-10-11 20:20:50, 1.17e-12, 2.21e-10
2018-10-11 20:20:54, 1.05e-12, 2.21e-10
2018-10-11 20:20:58, 1.13e-12, 2.21e-10
2018-10-11 20:21:02, 1.1e-12, 2.21e-10
2018-10-11 20:21:07, 1.03e-12, 2.21e-10
2018-10-11 20:21:11, 1.22e-12, 2.21e-10
2018-10-11 20:21:15, 1.13e-12, 2.22e-10
2018-10-11 20:21:19, 1.08e-12, 2.21e-10
2018-10-11 20:21:24, 1.05e-12, 2.21e-10
2018-10-11 20:21:28, 1.1e-12, 2.22e-10
2018-10-11 20:21:32, 1.05e-12, 2.21e-10
2018-10-11 20:21:36, 9.66e-13, 2.21e-10
2018-10-11 20:21:40, 1.14e-12, 2.21e-10
2018-10-11 20:21:45, 1.05e-12, 2.21e-10
2018-10-11 20:21:49, 1.03e-12, 2.21e-10
2018-10-11 20:21:53, 1.1e-12, 2.21e-10
2018-10-11 20:21:57, 1.09e-12, 2.21e-10
2018-10-11 20:22:02, 1.02e-12, 2.21e-10
2018-10-11 20:22:06, 1.13e-12, 2.22e-10
2018-10-11 20:22:10, 1.02e-12, 2.21e-10
2018-10-11 20:22:14, 1.05e-12, 2.21e-10
2018-10-11 20:22:18, 1.15e-12, 2.21e-10
2018-10-11 20:22:23, 1.04e-12, 2.22e-10
2018-10-11 20:22:27, 1.11e-12, 2.21e-10
2018-10-11 20:22:31, 1.01e-12, 2.22e-10
2018-10-11 20:22:35, 1.14e-12, 2.21e-10
2018-10-11 20:22:39, 1.06e-12, 2.21e-10
2018-10-11 20:22:44, 1.02e-12, 2.22e-10
2018-10-11 20:22:48, 1.16e-12, 2.21e-10
2018-10-11 20:22:52, 1.06e-12, 2.21e-10
2018-10-11 20:22:56, 1.07e-12, 2.23e-10
2018-10-11 20:23:01, 1.17e-12, 2.23e-10
2018-10-11 20:23:05, 1.1e-12, 2.21e-10
2018-10-11 20:23:09, 1.14e-12, 2.22e-10
2018-10-11 20:23:13, 1.09e-12, 2.21e-10
2018-10-11 20:23:17, 1.15e-12, 2.21e-10
2018-10-11 20:23:22, 1.12e-12, 2.22e-10
2018-10-11 20:23:26, 1.06e-12, 2.22e-10
2018-10-11 20:23:30, 1.11e-12, 2.21e-10
2018-10-11 20:23:34, 1.08e-12, 2.21e-10
2018-10-11 20:23:39, 1.11e-12, 2.21e-10
2018-10-11 20:23:43, 1.04e-12, 2.21e-10
2018-10-11 20:23:47, 1.04e-12, 2.21e-10
2018-10-11 20:23:51, 1.1e-12, 2.21e-10
2018-10-11 20:23:55, 1.08e-12, 2.21e-10
2018-10-11 20:24:00, 1.09e-12, 2.22e-10
2018-10-11 20:24:04, 1.04e-12, 2.22e-10
2018-10-11 20:24:08, 1.07e-12, 2.21e-10
2018-10-11 20:24:12, 1.05e-12, 2.21e-10
2018-10-11 20:24:17, 1.07e-12, 2.21e-10
2018-10-11 20:24:21, 1.12e-12, 2.21e-10
2018-10-11 20:24:25, 1.18e-12, 2.22e-10
2018-10-11 20:24:29, 1.06e-12, 2.21e-10
2018-10-11 20:24:33, 1.09e-12, 2.21e-10
2018-10-11 20:24:38, 1.05e-12, 2.21e-10
2018-10-11 20:24:42, 1.11e-12, 2.21e-10
2018-10-11 20:24:46, 1.13e-12, 2.21e-10
2018-10-11 20:24:50, 1.09e-12, 2.21e-10
2018-10-11 20:24:55, 1.12e-12, 2.21e-10
2018-10-11 20:24:59, 1.13e-12, 2.21e-10
2018-10-11 20:25:03, 1.09e-12, 2.21e-10
2018-10-11 20:25:07, 1.12e-12, 2.21e-10
2018-10-11 20:25:12, 1.07e-12, 2.21e-10
2018-10-11 20:25:16, 1.07e-12, 2.22e-10
2018-10-11 20:25:20, 1.05e-12, 2.21e-10
2018-10-11 20:25:24, 9.63e-13, 2.21e-10
2018-10-11 20:25:28, 1.11e-12, 2.22e-10
2018-10-11 20:25:33, 1.1e-12, 2.21e-10
2018-10-11 20:25:37, 1.07e-12, 2.21e-10
2018-10-11 20:25:41, 1.04e-12, 2.21e-10
2018-10-11 20:25:45, 1.05e-12, 2.21e-10
2018-10-11 20:25:50, 1.07e-12, 2.21e-10
2018-10-11 20:25:54, 1.2e-12, 2.21e-10
2018-10-11 20:25:58, 1.06e-12, 2.21e-10
2018-10-11 20:26:02, 1.18e-12, 2.21e-10
2018-10-11 20:26:06, 1.04e-12, 2.21e-10
2018-10-11 20:26:11, 9.27e-13, 2.21e-10
2018-10-11 20:26:15, 1.14e-12, 2.21e-10
2018-10-11 20:26:19, 9.96e-13, 2.21e-10
2018-10-11 20:26:23, 1.13e-12, 2.21e-10
2018-10-11 20:26:28, 1.1e-12, 2.21e-10
2018-10-11 20:26:32, 1.1e-12, 2.26e-10
2018-10-11 20:26:36, 1.07e-12, 2.23e-10
2018-10-11 20:26:40, 1.16e-12, 2.21e-10
2018-10-11 20:26:44, 1.09e-12, 2.22e-10
2018-10-11 20:26:49, 1.06e-12, 2.22e-10
2018-10-11 20:26:53, 1.09e-12, 2.21e-10
2018-10-11 20:26:57, 1.07e-12, 2.21e-10
2018-10-11 20:27:01, 1.08e-12, 2.21e-10
2018-10-11 20:27:06, 1.06e-12, 2.21e-10
2018-10-11 20:27:10, 1.1e-12, 2.22e-10
2018-10-11 20:27:14, 1.07e-12, 2.21e-10
2018-10-11 20:27:18, 1.13e-12, 2.21e-10
2018-10-11 20:27:22, 1.1e-12, 2.21e-10
2018-10-11 20:27:27, 1.08e-12, 2.21e-10
2018-10-11 20:27:31, 1.06e-12, 2.21e-10
2018-10-11 20:27:35, 1.09e-12, 2.21e-10
2018-10-11 20:27:39, 1.21e-12, 2.21e-10
2018-10-11 20:27:44, 1.15e-12, 2.21e-10
2018-10-11 20:27:48, 1.14e-12, 2.21e-10
2018-10-11 20:27:52, 1.08e-12, 2.21e-10
2018-10-11 20:27:56, 1.1e-12, 2.21e-10
2018-10-11 20:28:00, 1.02e-12, 2.21e-10
2018-10-11 20:28:05, 1.06e-12, 2.21e-10
2018-10-11 20:28:09, 1.11e-12, 2.21e-10
2018-10-11 20:28:13, 1.1e-12, 2.21e-10
2018-10-11 20:28:17, 1.04e-12, 2.21e-10
2018-10-11 20:28:21, 1.06e-12, 2.21e-10
2018-10-11 20:28:26, 1.08e-12, 2.22e-10
2018-10-11 20:28:30, 1.08e-12, 2.21e-10
2018-10-11 20:28:34, 1.16e-12, 2.21e-10
2018-10-11 20:28:38, 1.06e-12, 2.21e-10
2018-10-11 20:28:43, 1.07e-12, 2.21e-10
2018-10-11 20:28:47, 1.14e-12, 2.21e-10
2018-10-11 20:28:51, 1.09e-12, 2.21e-10
2018-10-11 20:28:55, 1.08e-12, 2.21e-10
2018-10-11 20:28:59, 1.08e-12, 2.21e-10
2018-10-11 20:29:04, 1.08e-12, 2.21e-10
2018-10-11 20:29:08, 1e-12, 2.21e-10
2018-10-11 20:29:12, 1.09e-12, 2.21e-10
2018-10-11 20:29:16, 1.1e-12, 2.21e-10
2018-10-11 20:29:21, 1.12e-12, 2.21e-10
2018-10-11 20:29:25, 1.23e-12, 2.21e-10
2018-10-11 20:29:29, 1.07e-12, 2.21e-10
2018-10-11 20:29:33, 1.04e-12, 2.21e-10
2018-10-11 20:29:37, 1.23e-12, 2.21e-10
2018-10-11 20:29:42, 1.07e-12, 2.21e-10
2018-10-11 20:29:46, 1.21e-12, 2.21e-10
2018-10-11 20:29:50, 1.04e-12, 2.21e-10
2018-10-11 20:29:54, 1.12e-12, 2.21e-10
2018-10-11 20:29:59, 1.1e-12, 2.21e-10
2018-10-11 20:30:03, 1.13e-12, 2.21e-10
2018-10-11 20:30:07, 1.07e-12, 2.21e-10
2018-10-11 20:30:11, 1.1e-12, 2.21e-10
2018-10-11 20:30:15, 1.09e-12, 2.21e-10
2018-10-11 20:30:20, 1.06e-12, 2.21e-10
2018-10-11 20:30:24, 1.09e-12, 2.21e-10
2018-10-11 20:30:28, 1.11e-12, 2.21e-10
2018-10-11 20:30:32, 9.5e-13, 2.21e-10
2018-10-11 20:30:37, 1.06e-12, 2.21e-10
2018-10-11 20:30:41, 1.12e-12, 2.21e-10
2018-10-11 20:30:45, 1.11e-12, 2.21e-10
2018-10-11 20:30:49, 1.09e-12, 2.22e-10
2018-10-11 20:30:53, 1.02e-12, 2.21e-10
2018-10-11 20:30:58, 9.73e-13, 2.21e-10
2018-10-11 20:31:02, 1.07e-12, 2.21e-10
2018-10-11 20:31:06, 1.12e-12, 2.21e-10
2018-10-11 20:31:10, 1.09e-12, 2.21e-10
2018-10-11 20:31:15, 1.05e-12, 2.21e-10
2018-10-11 20:31:19, 1.16e-12, 2.21e-10
2018-10-11 20:31:23, 1.1e-12, 2.21e-10
2018-10-11 20:31:27, 1.11e-12, 2.22e-10
2018-10-11 20:31:32, 1.11e-12, 2.21e-10
2018-10-11 20:31:36, 1.13e-12, 2.21e-10
2018-10-11 20:31:40, 1.07e-12, 2.22e-10
2018-10-11 20:31:44, 1.09e-12, 2.21e-10
2018-10-11 20:31:48, 1.13e-12, 2.21e-10
2018-10-11 20:31:53, 1.03e-12, 2.21e-10
2018-10-11 20:31:57, 1.12e-12, 2.21e-10
2018-10-11 20:32:01, 1.09e-12, 2.21e-10
2018-10-11 20:32:05, 1.02e-12, 2.22e-10
2018-10-11 20:32:09, 1.2e-12, 2.21e-10
2018-10-11 20:32:14, 1.05e-12, 2.21e-10
2018-10-11 20:32:18, 1.11e-12, 2.22e-10
2018-10-11 20:32:22, 1.12e-12, 2.21e-10
2018-10-11 20:32:26, 1.07e-12, 2.21e-10
2018-10-11 20:32:31, 1.11e-12, 2.22e-10
2018-10-11 20:32:35, 1.21e-12, 2.22e-10
2018-10-11 20:32:39, 1.13e-12, 2.21e-10
2018-10-11 20:32:43, 1.03e-12, 2.22e-10
2018-10-11 20:32:47, 1.16e-12, 2.22e-10
2018-10-11 20:32:52, 1.08e-12, 2.22e-10
2018-10-11 20:32:56, 1.08e-12, 2.21e-10
2018-10-11 20:33:00, 1.2e-12, 2.22e-10
2018-10-11 20:33:04, 9.98e-13, 2.21e-10
2018-10-11 20:33:09, 1.16e-12, 2.21e-10
2018-10-11 20:33:13, 1.11e-12, 2.22e-10
2018-10-11 20:33:17, 1.17e-12, 2.22e-10
2018-10-11 20:33:21, 1.1e-12, 2.22e-10
2018-10-11 20:33:25, 1.12e-12, 2.22e-10
2018-10-11 20:33:30, 1e-12, 2.21e-10
2018-10-11 20:33:34, 1.08e-12, 2.22e-10
2018-10-11 20:33:38, 1.05e-12, 2.22e-10
2018-10-11 20:33:42, 1.05e-12, 2.21e-10
2018-10-11 20:33:47, 1.08e-12, 2.21e-10
2018-10-11 20:33:51, 1.05e-12, 2.22e-10
2018-10-11 20:33:55, 1.07e-12, 2.21e-10
2018-10-11 20:33:59, 1.06e-12, 2.21e-10
2018-10-11 20:34:03, 1.07e-12, 2.21e-10
2018-10-11 20:34:08, 1.1e-12, 2.21e-10
2018-10-11 20:34:12, 1.08e-12, 2.21e-10
2018-10-11 20:34:16, 1.09e-12, 2.22e-10
2018-10-11 20:34:20, 9.97e-13, 2.21e-10
2018-10-11 20:34:25, 1.05e-12, 2.22e-10
2018-10-11 20:34:29, 1.17e-12, 2.22e-10
2018-10-11 20:34:33, 1.11e-12, 2.22e-10
2018-10-11 20:34:37, 1.01e-12, 2.22e-10
2018-10-11 20:34:41, 1.13e-12, 2.22e-10
2018-10-11 20:34:46, 1.1e-12, 2.21e-10
2018-10-11 20:34:50, 1.04e-12, 2.22e-10
2018-10-11 20:34:54, 1.07e-12, 2.21e-10
2018-10-11 20:34:58, 1.09e-12, 2.21e-10
2018-10-11 20:35:03, 1.14e-12, 2.21e-10
2018-10-11 20:35:07, 1.1e-12, 2.21e-10
2018-10-11 20:35:11, 1.02e-12, 2.21e-10
2018-10-11 20:35:15, 1.08e-12, 2.21e-10
2018-10-11 20:35:19, 1.13e-12, 2.21e-10
2018-10-11 20:35:24, 1.05e-12, 2.21e-10
2018-10-11 20:35:28, 1.01e-12, 2.21e-10
2018-10-11 20:35:32, 1.08e-12, 2.22e-10
2018-10-11 20:35:36, 1.03e-12, 2.21e-10
2018-10-11 20:35:41, 1.09e-12, 2.21e-10
2018-10-11 20:35:45, 1.14e-12, 2.22e-10
2018-10-11 20:35:49, 1.03e-12, 2.21e-10
2018-10-11 20:35:53, 1.12e-12, 2.21e-10
2018-10-11 20:35:57, 1.04e-12, 2.21e-10
2018-10-11 20:36:02, 1.07e-12, 2.21e-10
2018-10-11 20:36:06, 1.06e-12, 2.22e-10
2018-10-11 20:36:10, 1.1e-12, 2.22e-10
2018-10-11 20:36:14, 1.07e-12, 2.21e-10
2018-10-11 20:36:19, 1.09e-12, 2.22e-10
2018-10-11 20:36:23, 1.12e-12, 2.22e-10
2018-10-11 20:36:27, 1.01e-12, 2.22e-10
2018-10-11 20:36:31, 1.11e-12, 2.21e-10
2018-10-11 20:36:35, 1.08e-12, 2.22e-10
2018-10-11 20:36:40, 1.07e-12, 2.22e-10
2018-10-11 20:36:44, 1.04e-12, 2.22e-10
2018-10-11 20:36:48, 1.1e-12, 2.22e-10
2018-10-11 20:36:52, 1.07e-12, 2.22e-10
2018-10-11 20:36:57, 1.02e-12, 2.21e-10
2018-10-11 20:37:01, 1.15e-12, 2.22e-10
2018-10-11 20:37:05, 1.09e-12, 2.21e-10
2018-10-11 20:37:09, 1.06e-12, 2.22e-10
2018-10-11 20:37:13, 1.16e-12, 2.22e-10
2018-10-11 20:37:18, 1.04e-12, 2.22e-10
2018-10-11 20:37:22, 1.03e-12, 2.22e-10
2018-10-11 20:37:26, 1.16e-12, 2.22e-10
2018-10-11 20:37:30, 1.05e-12, 2.22e-10
2018-10-11 20:37:35, 1.15e-12, 2.22e-10
2018-10-11 20:37:39, 1.1e-12, 2.22e-10
2018-10-11 20:37:43, 1.1e-12, 2.22e-10
2018-10-11 20:37:47, 1.08e-12, 2.22e-10
2018-10-11 20:37:51, 1.12e-12, 2.22e-10
2018-10-11 20:37:56, 1.06e-12, 2.22e-10
2018-10-11 20:38:00, 1.03e-12, 2.21e-10
2018-10-11 20:38:04, 1.12e-12, 2.22e-10
2018-10-11 20:38:08, 1.08e-12, 2.22e-10
2018-10-11 20:38:12, 1.09e-12, 2.22e-10
2018-10-11 20:38:17, 1.16e-12, 2.22e-10
2018-10-11 20:38:21, 1.06e-12, 2.22e-10
2018-10-11 20:38:25, 1.08e-12, 2.22e-10
2018-10-11 20:38:29, 1.11e-12, 2.22e-10
2018-10-11 20:38:34, 1.05e-12, 2.22e-10
2018-10-11 20:38:38, 1.1e-12, 2.22e-10
2018-10-11 20:38:42, 1.07e-12, 2.22e-10
2018-10-11 20:38:46, 1.16e-12, 2.22e-10
2018-10-11 20:38:50, 1.09e-12, 2.21e-10
2018-10-11 20:38:55, 1.1e-12, 2.22e-10
2018-10-11 20:38:59, 1.11e-12, 2.22e-10
2018-10-11 20:39:03, 1.08e-12, 2.22e-10
2018-10-11 20:39:07, 1.16e-12, 2.22e-10
2018-10-11 20:39:12, 1.09e-12, 2.22e-10
2018-10-11 20:39:16, 1.14e-12, 2.21e-10
2018-10-11 20:39:20, 1.05e-12, 2.22e-10
2018-10-11 20:39:24, 1.07e-12, 2.22e-10
2018-10-11 20:39:28, 1.04e-12, 2.22e-10
2018-10-11 20:39:33, 1.1e-12, 2.22e-10
2018-10-11 20:39:37, 1.08e-12, 2.22e-10
2018-10-11 20:39:41, 1.09e-12, 2.22e-10
2018-10-11 20:39:45, 1.07e-12, 2.22e-10
2018-10-11 20:39:50, 1.09e-12, 2.22e-10
2018-10-11 20:39:54, 1.06e-12, 2.22e-10
2018-10-11 20:39:58, 1.11e-12, 2.22e-10
2018-10-11 20:40:02, 1.08e-12, 2.22e-10
2018-10-11 20:40:06, 1.09e-12, 2.22e-10
2018-10-11 20:40:11, 1.06e-12, 2.22e-10
2018-10-11 20:40:15, 1.09e-12, 2.22e-10
2018-10-11 20:40:19, 1.08e-12, 2.22e-10
2018-10-11 20:40:23, 1.13e-12, 2.22e-10
2018-10-11 20:40:28, 1.02e-12, 2.23e-10
2018-10-11 20:40:32, 1.1e-12, 2.22e-10
2018-10-11 20:40:36, 1.09e-12, 2.22e-10
2018-10-11 20:40:40, 1.1e-12, 2.22e-10
2018-10-11 20:40:44, 1.05e-12, 2.22e-10
2018-10-11 20:40:49, 1.09e-12, 2.23e-10
2018-10-11 20:40:53, 1.05e-12, 2.22e-10
2018-10-11 20:40:57, 1.05e-12, 2.22e-10
2018-10-11 20:41:01, 1.04e-12, 2.22e-10
2018-10-11 20:41:06, 1.06e-12, 2.22e-10
2018-10-11 20:41:10, 1.06e-12, 2.22e-10
2018-10-11 20:41:14, 1.03e-12, 2.22e-10
2018-10-11 20:41:18, 9.83e-13, 2.22e-10
2018-10-11 20:41:22, 1.04e-12, 2.22e-10
2018-10-11 20:41:27, 1.09e-12, 2.22e-10
2018-10-11 20:41:31, 1.13e-12, 2.22e-10
2018-10-11 20:41:35, 1.11e-12, 2.22e-10
2018-10-11 20:41:39, 1.04e-12, 2.22e-10
2018-10-11 20:41:44, 1.05e-12, 2.22e-10
2018-10-11 20:41:48, 1.08e-12, 2.22e-10
2018-10-11 20:41:52, 1.03e-12, 2.23e-10
2018-10-11 20:41:56, 1.11e-12, 2.22e-10
2018-10-11 20:42:00, 1.07e-12, 2.22e-10
2018-10-11 20:42:05, 1.07e-12, 2.23e-10
2018-10-11 20:42:09, 1.01e-12, 2.22e-10
2018-10-11 20:42:13, 1.02e-12, 2.22e-10
2018-10-11 20:42:17, 1.1e-12, 2.22e-10
2018-10-11 20:42:22, 1.1e-12, 2.23e-10
2018-10-11 20:42:26, 1.01e-12, 2.22e-10
2018-10-11 20:42:30, 1.1e-12, 2.22e-10
2018-10-11 20:42:34, 1.06e-12, 2.23e-10
2018-10-11 20:42:38, 1.13e-12, 2.23e-10
2018-10-11 20:42:43, 1.13e-12, 2.23e-10
2018-10-11 20:42:47, 1.11e-12, 2.22e-10
2018-10-11 20:42:51, 1.12e-12, 2.22e-10
2018-10-11 20:42:55, 1.02e-12, 2.22e-10
2018-10-11 20:43:00, 1.1e-12, 2.22e-10
2018-10-11 20:43:04, 1.03e-12, 2.23e-10
2018-10-11 20:43:08, 1.12e-12, 2.23e-10
2018-10-11 20:43:12, 1.06e-12, 2.22e-10
2018-10-11 20:43:16, 1.14e-12, 2.22e-10
2018-10-11 20:43:21, 1.03e-12, 2.22e-10
2018-10-11 20:43:25, 1.08e-12, 2.23e-10
2018-10-11 20:43:29, 1.08e-12, 2.22e-10
2018-10-11 20:43:33, 1.07e-12, 2.23e-10
2018-10-11 20:43:37, 1.03e-12, 2.23e-10
2018-10-11 20:43:42, 1.01e-12, 2.22e-10
2018-10-11 20:43:46, 1.08e-12, 2.23e-10
2018-10-11 20:43:50, 1.1e-12, 2.23e-10
2018-10-11 20:43:54, 1.08e-12, 2.23e-10
2018-10-11 20:43:59, 1.08e-12, 2.23e-10
2018-10-11 20:44:03, 1.07e-12, 2.23e-10
2018-10-11 20:44:07, 1.01e-12, 2.23e-10
2018-10-11 20:44:11, 1.07e-12, 2.22e-10
2018-10-11 20:44:15, 1.04e-12, 2.23e-10
2018-10-11 20:44:20, 1.07e-12, 2.23e-10
2018-10-11 20:44:24, 1.1e-12, 2.23e-10
2018-10-11 20:44:28, 1.1e-12, 2.23e-10
2018-10-11 20:44:32, 1.21e-12, 2.23e-10
2018-10-11 20:44:37, 1.1e-12, 2.22e-10
2018-10-11 20:44:41, 1.11e-12, 2.22e-10
2018-10-11 20:44:45, 1.02e-12, 2.23e-10
2018-10-11 20:44:49, 1.07e-12, 2.23e-10
2018-10-11 20:44:53, 1.08e-12, 2.23e-10
2018-10-11 20:44:58, 1.07e-12, 2.22e-10
2018-10-11 20:45:02, 1.07e-12, 2.23e-10
2018-10-11 20:45:06, 1.07e-12, 2.23e-10
2018-10-11 20:45:10, 1.11e-12, 2.23e-10
2018-10-11 20:45:15, 1.13e-12, 2.23e-10
2018-10-11 20:45:19, 1.08e-12, 2.22e-10
2018-10-11 20:45:23, 1.1e-12, 2.23e-10
2018-10-11 20:45:27, 1.1e-12, 2.22e-10
2018-10-11 20:45:31, 1.09e-12, 2.23e-10
2018-10-11 20:45:36, 1.08e-12, 2.23e-10
2018-10-11 20:45:40, 1.09e-12, 2.23e-10
2018-10-11 20:45:44, 1.06e-12, 2.23e-10
2018-10-11 20:45:48, 1.09e-12, 2.23e-10
2018-10-11 20:45:53, 1.12e-12, 2.23e-10
2018-10-11 20:45:57, 1.04e-12, 2.23e-10
2018-10-11 20:46:01, 1.14e-12, 2.23e-10
2018-10-11 20:46:05, 1.1e-12, 2.23e-10
2018-10-11 20:46:09, 1.08e-12, 2.23e-10
2018-10-11 20:46:14, 1.06e-12, 2.23e-10
2018-10-11 20:46:18, 1.09e-12, 2.23e-10
2018-10-11 20:46:22, 9.29e-13, 2.23e-10
2018-10-11 20:46:26, 1.07e-12, 2.23e-10
2018-10-11 20:46:31, 1.11e-12, 2.23e-10
2018-10-11 20:46:35, 1.07e-12, 2.23e-10
2018-10-11 20:46:39, 1.07e-12, 2.22e-10
2018-10-11 20:46:43, 1.06e-12, 2.23e-10
2018-10-11 20:46:47, 1.11e-12, 2.23e-10
2018-10-11 20:46:52, 1.08e-12, 2.23e-10
2018-10-11 20:46:56, 1.15e-12, 2.23e-10
2018-10-11 20:47:00, 1.09e-12, 2.23e-10
2018-10-11 20:47:04, 1.13e-12, 2.23e-10
2018-10-11 20:47:09, 1.08e-12, 2.23e-10
2018-10-11 20:47:13, 1.14e-12, 2.23e-10
2018-10-11 20:47:17, 1.1e-12, 2.23e-10
2018-10-11 20:47:21, 1.06e-12, 2.23e-10
2018-10-11 20:47:25, 1.09e-12, 2.23e-10
2018-10-11 20:47:30, 1.05e-12, 2.23e-10
2018-10-11 20:47:34, 1.12e-12, 2.22e-10
2018-10-11 20:47:38, 1.06e-12, 2.23e-10
2018-10-11 20:47:42, 1.04e-12, 2.22e-10
2018-10-11 20:47:47, 1.06e-12, 2.23e-10
2018-10-11 20:47:51, 1.07e-12, 2.22e-10
2018-10-11 20:47:55, 1.28e-12, 2.23e-10
2018-10-11 20:47:59, 1.06e-12, 2.22e-10
2018-10-11 20:48:03, 1.15e-12, 2.23e-10
2018-10-11 20:48:08, 1.04e-12, 2.23e-10
2018-10-11 20:48:12, 1.06e-12, 2.23e-10
2018-10-11 20:48:16, 1.09e-12, 2.23e-10
2018-10-11 20:48:20, 1.08e-12, 2.22e-10
2018-10-11 20:48:24, 1.12e-12, 2.23e-10
2018-10-11 20:48:29, 1.08e-12, 2.22e-10
2018-10-11 20:48:33, 1.12e-12, 2.23e-10
2018-10-11 20:48:37, 1.05e-12, 2.23e-10
2018-10-11 20:48:41, 1.03e-12, 2.23e-10
2018-10-11 20:48:46, 1.11e-12, 2.23e-10
2018-10-11 20:48:50, 1.03e-12, 2.23e-10
2018-10-11 20:48:54, 1.05e-12, 2.22e-10
2018-10-11 20:48:58, 1.1e-12, 2.23e-10
2018-10-11 20:49:03, 1.11e-12, 2.23e-10
2018-10-11 20:49:07, 1.08e-12, 2.23e-10
2018-10-11 20:49:11, 1.08e-12, 2.23e-10
2018-10-11 20:49:15, 1.09e-12, 2.23e-10
2018-10-11 20:49:19, 1.06e-12, 2.23e-10
2018-10-11 20:49:24, 1.07e-12, 2.23e-10
2018-10-11 20:49:28, 1.05e-12, 2.23e-10
2018-10-11 20:49:32, 1.08e-12, 2.23e-10
2018-10-11 20:49:36, 1.11e-12, 2.23e-10
2018-10-11 20:49:40, 1.09e-12, 2.23e-10
2018-10-11 20:49:45, 1.11e-12, 2.23e-10
2018-10-11 20:49:49, 1.03e-12, 2.23e-10
2018-10-11 20:49:53, 1.05e-12, 2.23e-10
2018-10-11 20:49:57, 1.09e-12, 2.23e-10
2018-10-11 20:50:02, 1.07e-12, 2.23e-10
2018-10-11 20:50:06, 1.14e-12, 2.23e-10
2018-10-11 20:50:10, 9.84e-13, 2.23e-10
2018-10-11 20:50:14, 1.06e-12, 2.23e-10
2018-10-11 20:50:18, 1.11e-12, 2.23e-10
2018-10-11 20:50:23, 1.04e-12, 2.23e-10
2018-10-11 20:50:27, 1.1e-12, 2.23e-10
2018-10-11 20:50:31, 1.1e-12, 2.23e-10
2018-10-11 20:50:35, 1.1e-12, 2.23e-10
2018-10-11 20:50:40, 1.1e-12, 2.23e-10
2018-10-11 20:50:44, 1.02e-12, 2.23e-10
2018-10-11 20:50:48, 1.03e-12, 2.22e-10
2018-10-11 20:50:52, 1.09e-12, 2.22e-10
2018-10-11 20:50:56, 1.11e-12, 2.23e-10
2018-10-11 20:51:01, 1.06e-12, 2.23e-10
2018-10-11 20:51:05, 1.16e-12, 2.23e-10
2018-10-11 20:51:09, 1.09e-12, 2.23e-10
2018-10-11 20:51:13, 1.03e-12, 2.23e-10
2018-10-11 20:51:18, 9.71e-13, 2.23e-10
2018-10-11 20:51:22, 1.07e-12, 2.23e-10
2018-10-11 20:51:26, 1.05e-12, 2.23e-10
2018-10-11 20:51:30, 1.01e-12, 2.23e-10
2018-10-11 20:51:34, 1.13e-12, 2.23e-10
2018-10-11 20:51:39, 1.07e-12, 2.23e-10
2018-10-11 20:51:43, 1.08e-12, 2.23e-10
2018-10-11 20:51:47, 1.02e-12, 2.23e-10
2018-10-11 20:51:51, 1.09e-12, 2.23e-10
2018-10-11 20:51:56, 1.09e-12, 2.23e-10
2018-10-11 20:52:00, 1.03e-12, 2.23e-10
2018-10-11 20:52:04, 1.05e-12, 2.23e-10
2018-10-11 20:52:08, 1.08e-12, 2.23e-10
2018-10-11 20:52:12, 1.07e-12, 2.23e-10
2018-10-11 20:52:17, 1.05e-12, 2.23e-10
2018-10-11 20:52:21, 9.9e-13, 2.23e-10
2018-10-11 20:52:25, 1.11e-12, 2.23e-10
2018-10-11 20:52:29, 1.1e-12, 2.23e-10
2018-10-11 20:52:34, 1.1e-12, 2.23e-10
2018-10-11 20:52:38, 1.12e-12, 2.23e-10
2018-10-11 20:52:42, 1.03e-12, 2.23e-10
2018-10-11 20:52:46, 1.08e-12, 2.23e-10
2018-10-11 20:52:50, 1.06e-12, 2.23e-10
2018-10-11 20:52:55, 1.09e-12, 2.23e-10
2018-10-11 20:52:59, 1.01e-12, 2.23e-10
2018-10-11 20:53:03, 1.05e-12, 2.23e-10
2018-10-11 20:53:07, 1.05e-12, 2.23e-10
2018-10-11 20:53:12, 1.07e-12, 2.23e-10
2018-10-11 20:53:16, 1.07e-12, 2.23e-10
2018-10-11 20:53:20, 1.1e-12, 2.23e-10
2018-10-11 20:53:24, 1.04e-12, 2.23e-10
2018-10-11 20:53:28, 1.04e-12, 2.23e-10
2018-10-11 20:53:33, 1.09e-12, 2.23e-10
2018-10-11 20:53:37, 8.22e-13, 2.23e-10
2018-10-11 20:53:41, 1.06e-12, 2.23e-10
2018-10-11 20:53:45, 1.21e-12, 2.23e-10
2018-10-11 20:53:50, 1.06e-12, 2.23e-10
2018-10-11 20:53:54, 1.11e-12, 2.23e-10
2018-10-11 20:53:58, 1.05e-12, 2.23e-10
2018-10-11 20:54:02, 1.04e-12, 2.23e-10
2018-10-11 20:54:06, 1.08e-12, 2.24e-10
2018-10-11 20:54:11, 9.93e-13, 2.23e-10
2018-10-11 20:54:15, 1.05e-12, 2.23e-10
2018-10-11 20:54:19, 1.13e-12, 2.24e-10
2018-10-11 20:54:23, 1.08e-12, 2.23e-10
2018-10-11 20:54:27, 1.07e-12, 2.23e-10
2018-10-11 20:54:32, 1.01e-12, 2.23e-10
2018-10-11 20:54:36, 1.14e-12, 2.23e-10
2018-10-11 20:54:40, 1.06e-12, 2.23e-10
2018-10-11 20:54:44, 1.15e-12, 2.23e-10
2018-10-11 20:54:49, 1.02e-12, 2.23e-10
2018-10-11 20:54:53, 1.03e-12, 2.23e-10
2018-10-11 20:54:57, 1.16e-12, 2.23e-10
2018-10-11 20:55:01, 1.06e-12, 2.23e-10
2018-10-11 20:55:05, 1.07e-12, 2.23e-10
2018-10-11 20:55:10, 9.01e-13, 2.23e-10
2018-10-11 20:55:14, 1.08e-12, 2.24e-10
2018-10-11 20:55:18, 1.03e-12, 2.24e-10
2018-10-11 20:55:22, 1.01e-12, 2.23e-10
2018-10-11 20:55:27, 1.15e-12, 2.23e-10
2018-10-11 20:55:31, 1.07e-12, 2.24e-10
2018-10-11 20:55:35, 1.11e-12, 2.23e-10
2018-10-11 20:55:39, 1.04e-12, 2.23e-10
2018-10-11 20:55:43, 1.14e-12, 2.24e-10
2018-10-11 20:55:48, 1.09e-12, 2.24e-10
2018-10-11 20:55:52, 1.06e-12, 2.24e-10
2018-10-11 20:55:56, 1.06e-12, 2.23e-10
2018-10-11 20:56:00, 1.11e-12, 2.24e-10
2018-10-11 20:56:05, 1.1e-12, 2.24e-10
2018-10-11 20:56:09, 1.06e-12, 2.23e-10
2018-10-11 20:56:13, 1.13e-12, 2.24e-10
2018-10-11 20:56:17, 1.17e-12, 2.24e-10
2018-10-11 20:56:21, 1.09e-12, 2.23e-10
2018-10-11 20:56:26, 1.02e-12, 2.24e-10
2018-10-11 20:56:30, 1.04e-12, 2.24e-10
2018-10-11 20:56:34, 1.12e-12, 2.24e-10
2018-10-11 20:56:38, 1.11e-12, 2.24e-10
2018-10-11 20:56:43, 1.03e-12, 2.24e-10
2018-10-11 20:56:47, 1.06e-12, 2.24e-10
2018-10-11 20:56:51, 1.06e-12, 2.23e-10
2018-10-11 20:56:55, 1.14e-12, 2.24e-10
2018-10-11 20:56:59, 1.07e-12, 2.24e-10
2018-10-11 20:57:04, 1.05e-12, 2.24e-10
2018-10-11 20:57:08, 1.04e-12, 2.24e-10
2018-10-11 20:57:12, 1.12e-12, 2.23e-10
2018-10-11 20:57:16, 1.05e-12, 2.24e-10
2018-10-11 20:57:21, 1.1e-12, 2.24e-10
2018-10-11 20:57:25, 1.07e-12, 2.23e-10
2018-10-11 20:57:29, 1.07e-12, 2.23e-10
2018-10-11 20:57:33, 1.09e-12, 2.24e-10
2018-10-11 20:57:37, 1.06e-12, 2.24e-10
2018-10-11 20:57:42, 1.11e-12, 2.24e-10
2018-10-11 20:57:46, 1.13e-12, 2.24e-10
2018-10-11 20:57:50, 1.1e-12, 2.23e-10
2018-10-11 20:57:54, 1.23e-12, 2.24e-10
2018-10-11 20:57:59, 1.08e-12, 2.24e-10
2018-10-11 20:58:03, 1.06e-12, 2.24e-10
2018-10-11 20:58:07, 1.09e-12, 2.23e-10
2018-10-11 20:58:11, 9.37e-13, 2.24e-10
2018-10-11 20:58:15, 1.04e-12, 2.24e-10
2018-10-11 20:58:20, 1.04e-12, 2.24e-10
2018-10-11 20:58:24, 1.01e-12, 2.24e-10
2018-10-11 20:58:28, 1.09e-12, 2.24e-10
2018-10-11 20:58:32, 9.62e-13, 2.24e-10
2018-10-11 20:58:36, 1.08e-12, 2.24e-10
2018-10-11 20:58:41, 1.12e-12, 2.24e-10
2018-10-11 20:58:45, 1.13e-12, 2.24e-10
2018-10-11 20:58:49, 1.06e-12, 2.24e-10
2018-10-11 20:58:53, 1.06e-12, 2.24e-10
2018-10-11 20:58:58, 1.08e-12, 2.24e-10
2018-10-11 20:59:02, 1.05e-12, 2.24e-10
2018-10-11 20:59:06, 1.1e-12, 2.24e-10
2018-10-11 20:59:10, 1.08e-12, 2.24e-10
2018-10-11 20:59:14, 9.79e-13, 2.24e-10
2018-10-11 20:59:19, 1.07e-12, 2.24e-10
2018-10-11 20:59:23, 1.09e-12, 2.24e-10
2018-10-11 20:59:27, 1.05e-12, 2.24e-10
2018-10-11 20:59:31, 1.15e-12, 2.24e-10
2018-10-11 20:59:36, 1.07e-12, 2.24e-10
2018-10-11 20:59:40, 1.1e-12, 2.24e-10
2018-10-11 20:59:44, 1.11e-12, 2.24e-10
2018-10-11 20:59:48, 1.13e-12, 2.24e-10
2018-10-11 20:59:52, 1.03e-12, 2.24e-10
2018-10-11 20:59:57, 1.11e-12, 2.24e-10
2018-10-11 21:00:01, 1.1e-12, 2.24e-10
2018-10-11 21:00:05, 1.04e-12, 2.24e-10
2018-10-11 21:00:09, 1.1e-12, 2.24e-10
2018-10-11 21:00:14, 1.05e-12, 2.24e-10
2018-10-11 21:00:18, 1.06e-12, 2.24e-10
2018-10-11 21:00:22, 1.02e-12, 2.24e-10
2018-10-11 21:00:26, 1.06e-12, 2.24e-10
2018-10-11 21:00:30, 1.22e-12, 2.24e-10
2018-10-11 21:00:35, 1.04e-12, 2.24e-10
2018-10-11 21:00:39, 1.05e-12, 2.24e-10
2018-10-11 21:00:43, 1.1e-12, 2.24e-10
2018-10-11 21:00:47, 1.23e-12, 2.24e-10
2018-10-11 21:00:52, 1.07e-12, 2.24e-10
2018-10-11 21:00:56, 1.24e-12, 2.24e-10
2018-10-11 21:01:00, 1.05e-12, 2.24e-10
2018-10-11 21:01:04, 1.07e-12, 2.24e-10
2018-10-11 21:01:08, 1.09e-12, 2.24e-10
2018-10-11 21:01:13, 1.09e-12, 2.24e-10
2018-10-11 21:01:17, 1.1e-12, 2.24e-10
2018-10-11 21:01:21, 1.08e-12, 2.24e-10
2018-10-11 21:01:25, 1.07e-12, 2.24e-10
2018-10-11 21:01:30, 1.07e-12, 2.24e-10
2018-10-11 21:01:34, 1.01e-12, 2.24e-10
2018-10-11 21:01:38, 1.02e-12, 2.24e-10
2018-10-11 21:01:42, 1.17e-12, 2.24e-10
2018-10-11 21:01:46, 1.08e-12, 2.24e-10
2018-10-11 21:01:51, 9.19e-13, 2.24e-10
2018-10-11 21:01:55, 1.07e-12, 2.24e-10
2018-10-11 21:01:59, 9.51e-13, 2.24e-10
2018-10-11 21:02:03, 1.08e-12, 2.24e-10
2018-10-11 21:02:08, 1.13e-12, 2.24e-10
2018-10-11 21:02:12, 1.19e-12, 2.25e-10
2018-10-11 21:02:16, 1.1e-12, 2.24e-10
2018-10-11 21:02:20, 1.21e-12, 2.24e-10
2018-10-11 21:02:24, 1.14e-12, 2.24e-10
2018-10-11 21:02:29, 1.1e-12, 2.24e-10
2018-10-11 21:02:33, 1.08e-12, 2.24e-10
2018-10-11 21:02:37, 1.12e-12, 2.24e-10
2018-10-11 21:02:41, 1.1e-12, 2.24e-10
2018-10-11 21:02:46, 1.05e-12, 2.24e-10
2018-10-11 21:02:50, 1.15e-12, 2.24e-10
2018-10-11 21:02:54, 1.12e-12, 2.24e-10
2018-10-11 21:02:58, 1.02e-12, 2.24e-10
2018-10-11 21:03:02, 1.12e-12, 2.25e-10
2018-10-11 21:03:07, 1.08e-12, 2.24e-10
2018-10-11 21:03:11, 1.07e-12, 2.24e-10
2018-10-11 21:03:15, 1.14e-12, 2.24e-10
2018-10-11 21:03:19, 1.03e-12, 2.24e-10
2018-10-11 21:03:24, 1.05e-12, 2.24e-10
2018-10-11 21:03:28, 1.1e-12, 2.24e-10
2018-10-11 21:03:32, 1.1e-12, 2.24e-10
2018-10-11 21:03:36, 1.06e-12, 2.24e-10
2018-10-11 21:03:40, 1.1e-12, 2.24e-10
2018-10-11 21:03:45, 1.02e-12, 2.24e-10
2018-10-11 21:03:49, 1.05e-12, 2.24e-10
2018-10-11 21:03:53, 1.08e-12, 2.24e-10
2018-10-11 21:03:57, 1.06e-12, 2.24e-10
2018-10-11 21:04:02, 1.12e-12, 2.24e-10
2018-10-11 21:04:06, 1.04e-12, 2.24e-10
2018-10-11 21:04:10, 1.07e-12, 2.24e-10
2018-10-11 21:04:14, 1.13e-12, 2.24e-10
2018-10-11 21:04:18, 1.04e-12, 2.24e-10
2018-10-11 21:04:23, 1.01e-12, 2.24e-10
2018-10-11 21:04:27, 1.08e-12, 2.24e-10
2018-10-11 21:04:31, 1.08e-12, 2.24e-10
2018-10-11 21:04:35, 1.07e-12, 2.24e-10
2018-10-11 21:04:40, 9.75e-13, 2.24e-10
2018-10-11 21:04:44, 1.05e-12, 2.24e-10
2018-10-11 21:04:48, 1.05e-12, 2.24e-10
2018-10-11 21:04:52, 1.01e-12, 2.24e-10
2018-10-11 21:04:56, 1e-12, 2.24e-10
2018-10-11 21:05:01, 1.06e-12, 2.25e-10
2018-10-11 21:05:05, 1.06e-12, 2.25e-10
2018-10-11 21:05:09, 1.13e-12, 2.24e-10
2018-10-11 21:05:13, 1.09e-12, 2.24e-10
2018-10-11 21:05:18, 1.15e-12, 2.25e-10
2018-10-11 21:05:22, 1.09e-12, 2.24e-10
2018-10-11 21:05:26, 1.04e-12, 2.24e-10
2018-10-11 21:05:30, 1.22e-12, 2.24e-10
2018-10-11 21:05:34, 1.11e-12, 2.24e-10
2018-10-11 21:05:39, 1.01e-12, 2.25e-10
2018-10-11 21:05:43, 1.08e-12, 2.25e-10
2018-10-11 21:05:47, 1.09e-12, 2.25e-10
2018-10-11 21:05:51, 1.08e-12, 2.25e-10
2018-10-11 21:05:56, 1.08e-12, 2.24e-10
2018-10-11 21:06:00, 1.12e-12, 2.24e-10
2018-10-11 21:06:04, 1.09e-12, 2.24e-10
2018-10-11 21:06:08, 1.09e-12, 2.24e-10
2018-10-11 21:06:12, 1.1e-12, 2.25e-10
2018-10-11 21:06:17, 1.19e-12, 2.25e-10
2018-10-11 21:06:21, 1.09e-12, 2.24e-10
2018-10-11 21:06:25, 1.12e-12, 2.24e-10
2018-10-11 21:06:29, 9.31e-13, 2.25e-10
2018-10-11 21:06:33, 1.06e-12, 2.25e-10
2018-10-11 21:06:38, 1.12e-12, 2.24e-10
2018-10-11 21:06:42, 1.07e-12, 2.25e-10
2018-10-11 21:06:46, 1.04e-12, 2.24e-10
2018-10-11 21:06:50, 1.1e-12, 2.24e-10
2018-10-11 21:06:55, 1.11e-12, 2.25e-10
2018-10-11 21:06:59, 1.09e-12, 2.24e-10
2018-10-11 21:07:03, 1.11e-12, 2.24e-10
2018-10-11 21:07:07, 9.98e-13, 2.25e-10
2018-10-11 21:07:11, 1.11e-12, 2.25e-10
2018-10-11 21:07:16, 1.07e-12, 2.24e-10
2018-10-11 21:07:20, 9.8e-13, 2.25e-10
2018-10-11 21:07:24, 1.06e-12, 2.25e-10
2018-10-11 21:07:28, 1.08e-12, 2.24e-10
2018-10-11 21:07:33, 1.11e-12, 2.25e-10
2018-10-11 21:07:37, 1.05e-12, 2.24e-10
2018-10-11 21:07:41, 1.1e-12, 2.24e-10
2018-10-11 21:07:45, 1.13e-12, 2.25e-10
2018-10-11 21:07:49, 1.08e-12, 2.25e-10
2018-10-11 21:07:54, 1.06e-12, 2.24e-10
2018-10-11 21:07:58, 1.08e-12, 2.24e-10
2018-10-11 21:08:02, 1.1e-12, 2.24e-10
2018-10-11 21:08:06, 1.1e-12, 2.24e-10
2018-10-11 21:08:11, 1.11e-12, 2.24e-10
2018-10-11 21:08:15, 1.08e-12, 2.24e-10
2018-10-11 21:08:19, 1.09e-12, 2.24e-10
2018-10-11 21:08:23, 1.25e-12, 2.24e-10
2018-10-11 21:08:27, 1.11e-12, 2.25e-10
2018-10-11 21:08:32, 1.08e-12, 2.24e-10
2018-10-11 21:08:36, 9.86e-13, 2.25e-10
2018-10-11 21:08:40, 1.04e-12, 2.24e-10
2018-10-11 21:08:44, 1.11e-12, 2.24e-10
2018-10-11 21:08:49, 1.03e-12, 2.25e-10
2018-10-11 21:08:53, 1.07e-12, 2.24e-10
2018-10-11 21:08:57, 1.11e-12, 2.24e-10
2018-10-11 21:09:01, 1.04e-12, 2.24e-10
2018-10-11 21:09:05, 1.1e-12, 2.25e-10
2018-10-11 21:09:10, 1.1e-12, 2.24e-10
2018-10-11 21:09:14, 1.12e-12, 2.25e-10
2018-10-11 21:09:18, 1.02e-12, 2.24e-10
2018-10-11 21:09:22, 1.1e-12, 2.24e-10
2018-10-11 21:09:27, 1.11e-12, 2.25e-10
2018-10-11 21:09:31, 1.1e-12, 2.25e-10
2018-10-11 21:09:35, 1.12e-12, 2.24e-10
2018-10-11 21:09:39, 1.07e-12, 2.24e-10
2018-10-11 21:09:43, 1.06e-12, 2.24e-10
2018-10-11 21:09:48, 1.15e-12, 2.23e-10
2018-10-11 21:09:52, 1.05e-12, 2.25e-10
2018-10-11 21:09:56, 1.09e-12, 2.24e-10
2018-10-11 21:10:00, 1.08e-12, 2.24e-10
2018-10-11 21:10:05, 1.08e-12, 2.24e-10
2018-10-11 21:10:09, 1.13e-12, 2.24e-10
2018-10-11 21:10:13, 1.06e-12, 2.24e-10
2018-10-11 21:10:17, 1.2e-12, 2.24e-10
2018-10-11 21:10:21, 1.08e-12, 2.25e-10
2018-10-11 21:10:26, 1.1e-12, 2.24e-10
2018-10-11 21:10:30, 1.03e-12, 2.24e-10
2018-10-11 21:10:34, 1.15e-12, 2.24e-10
2018-10-11 21:10:38, 1.11e-12, 2.24e-10
2018-10-11 21:10:43, 1.04e-12, 2.24e-10
2018-10-11 21:10:47, 1.05e-12, 2.24e-10
2018-10-11 21:10:51, 1.08e-12, 2.24e-10
2018-10-11 21:10:55, 1.12e-12, 2.24e-10
2018-10-11 21:10:59, 1.1e-12, 2.24e-10
2018-10-11 21:11:04, 1.1e-12, 2.24e-10
2018-10-11 21:11:08, 1.1e-12, 2.24e-10
2018-10-11 21:11:12, 1.02e-12, 2.24e-10
2018-10-11 21:11:16, 1.11e-12, 2.24e-10
2018-10-11 21:11:20, 1.13e-12, 2.24e-10
2018-10-11 21:11:25, 1.05e-12, 2.24e-10
2018-10-11 21:11:29, 1.07e-12, 2.24e-10
2018-10-11 21:11:33, 1.1e-12, 2.24e-10
2018-10-11 21:11:37, 1.07e-12, 2.24e-10
2018-10-11 21:11:42, 1.16e-12, 2.24e-10
2018-10-11 21:11:46, 1.02e-12, 2.24e-10
2018-10-11 21:11:50, 1.02e-12, 2.24e-10
2018-10-11 21:11:54, 1.12e-12, 2.24e-10
2018-10-11 21:11:59, 1.11e-12, 2.24e-10
2018-10-11 21:12:03, 1.04e-12, 2.24e-10
2018-10-11 21:12:07, 1.08e-12, 2.24e-10
2018-10-11 21:12:11, 1.11e-12, 2.24e-10
2018-10-11 21:12:15, 1.09e-12, 2.24e-10
2018-10-11 21:12:20, 1.13e-12, 2.24e-10
2018-10-11 21:12:24, 1.04e-12, 2.26e-10
2018-10-11 21:12:28, 1.12e-12, 2.26e-10
2018-10-11 21:12:32, 1.13e-12, 2.24e-10
2018-10-11 21:12:36, 1.07e-12, 2.24e-10
2018-10-11 21:12:41, 1.19e-12, 2.24e-10
2018-10-11 21:12:45, 1.14e-12, 2.24e-10
2018-10-11 21:12:49, 1.08e-12, 2.24e-10
2018-10-11 21:12:53, 1.09e-12, 2.24e-10
2018-10-11 21:12:58, 1.06e-12, 2.24e-10
2018-10-11 21:13:02, 1.07e-12, 2.24e-10
2018-10-11 21:13:06, 1.08e-12, 2.24e-10
2018-10-11 21:13:10, 1.12e-12, 2.24e-10
2018-10-11 21:13:14, 1.11e-12, 2.24e-10
2018-10-11 21:13:19, 1.03e-12, 2.24e-10
2018-10-11 21:13:23, 1.1e-12, 2.24e-10
2018-10-11 21:13:27, 1.1e-12, 2.24e-10
2018-10-11 21:13:31, 1.07e-12, 2.24e-10
2018-10-11 21:13:36, 1.12e-12, 2.24e-10
2018-10-11 21:13:40, 1.09e-12, 2.24e-10
2018-10-11 21:13:44, 1.25e-12, 2.24e-10
2018-10-11 21:13:48, 1.06e-12, 2.24e-10
2018-10-11 21:13:52, 1.1e-12, 2.24e-10
2018-10-11 21:13:57, 1.1e-12, 2.24e-10
2018-10-11 21:14:01, 1.12e-12, 2.24e-10
2018-10-11 21:14:05, 1.07e-12, 2.24e-10
2018-10-11 21:14:09, 9.97e-13, 2.24e-10
2018-10-11 21:14:14, 1.11e-12, 2.24e-10
2018-10-11 21:14:18, 1.09e-12, 2.24e-10
2018-10-11 21:14:22, 1.09e-12, 2.24e-10
2018-10-11 21:14:26, 1.16e-12, 2.24e-10
2018-10-11 21:14:30, 1.04e-12, 2.24e-10
2018-10-11 21:14:35, 1.13e-12, 2.24e-10
2018-10-11 21:14:39, 1.12e-12, 2.24e-10
2018-10-11 21:14:43, 1.12e-12, 2.24e-10
2018-10-11 21:14:47, 1.09e-12, 2.24e-10
2018-10-11 21:14:52, 1.12e-12, 2.24e-10
2018-10-11 21:14:56, 1.12e-12, 2.24e-10
2018-10-11 21:15:00, 1.08e-12, 2.24e-10
2018-10-11 21:15:04, 1.2e-12, 2.24e-10
2018-10-11 21:15:08, 1.05e-12, 2.24e-10
2018-10-11 21:15:13, 1.1e-12, 2.24e-10
2018-10-11 21:15:17, 1.13e-12, 2.24e-10
2018-10-11 21:15:21, 1.08e-12, 2.24e-10
2018-10-11 21:15:25, 1.02e-12, 2.24e-10
2018-10-11 21:15:30, 1.13e-12, 2.24e-10
2018-10-11 21:15:34, 1.08e-12, 2.24e-10
2018-10-11 21:15:38, 1.06e-12, 2.24e-10
2018-10-11 21:15:42, 1.12e-12, 2.24e-10
2018-10-11 21:15:46, 1.08e-12, 2.24e-10
2018-10-11 21:15:51, 1.1e-12, 2.24e-10
2018-10-11 21:15:55, 1.04e-12, 2.24e-10
2018-10-11 21:15:59, 1.16e-12, 2.24e-10
2018-10-11 21:16:03, 1.1e-12, 2.24e-10
2018-10-11 21:16:08, 1.16e-12, 2.24e-10
2018-10-11 21:16:12, 1.03e-12, 2.26e-10
2018-10-11 21:16:16, 1.01e-12, 2.26e-10
2018-10-11 21:16:20, 1.11e-12, 2.24e-10
2018-10-11 21:16:24, 1.14e-12, 2.24e-10
2018-10-11 21:16:29, 1.07e-12, 2.24e-10
2018-10-11 21:16:33, 1.1e-12, 2.24e-10
2018-10-11 21:16:37, 1.06e-12, 2.24e-10
2018-10-11 21:16:41, 1.08e-12, 2.24e-10
2018-10-11 21:16:46, 1.12e-12, 2.24e-10
2018-10-11 21:16:50, 1.11e-12, 2.24e-10
2018-10-11 21:16:54, 1.09e-12, 2.24e-10
2018-10-11 21:16:58, 1.2e-12, 2.24e-10
2018-10-11 21:17:02, 1.02e-12, 2.24e-10
2018-10-11 21:17:07, 1.07e-12, 2.24e-10
2018-10-11 21:17:11, 1.1e-12, 2.24e-10
2018-10-11 21:17:15, 1.09e-12, 2.24e-10
2018-10-11 21:17:19, 1.09e-12, 2.24e-10
2018-10-11 21:17:24, 1.04e-12, 2.24e-10
2018-10-11 21:17:28, 1.09e-12, 2.24e-10
2018-10-11 21:17:32, 1.07e-12, 2.24e-10
2018-10-11 21:17:36, 1.1e-12, 2.24e-10
2018-10-11 21:17:40, 1.11e-12, 2.24e-10
2018-10-11 21:17:45, 1.1e-12, 2.24e-10
2018-10-11 21:17:49, 1.08e-12, 2.24e-10
2018-10-11 21:17:53, 1.05e-12, 2.24e-10
2018-10-11 21:17:57, 1.12e-12, 2.24e-10
2018-10-11 21:18:01, 1.16e-12, 2.24e-10
2018-10-11 21:18:06, 1.05e-12, 2.24e-10
2018-10-11 21:18:10, 1.07e-12, 2.24e-10
2018-10-11 21:18:14, 1.08e-12, 2.24e-10
2018-10-11 21:18:18, 1.13e-12, 2.24e-10
2018-10-11 21:18:23, 1.07e-12, 2.24e-10
2018-10-11 21:18:27, 1.14e-12, 2.24e-10
2018-10-11 21:18:31, 1.12e-12, 2.24e-10
2018-10-11 21:18:35, 1.07e-12, 2.24e-10
2018-10-11 21:18:39, 1.1e-12, 2.24e-10
2018-10-11 21:18:44, 1.01e-12, 2.24e-10
2018-10-11 21:18:48, 9.6e-13, 2.24e-10
2018-10-11 21:18:52, 1.12e-12, 2.24e-10
2018-10-11 21:18:56, 1.11e-12, 2.24e-10
2018-10-11 21:19:01, 1.13e-12, 2.24e-10
2018-10-11 21:19:05, 1.08e-12, 2.24e-10
2018-10-11 21:19:09, 1.23e-12, 2.24e-10
2018-10-11 21:19:13, 1.2e-12, 2.24e-10
2018-10-11 21:19:17, 1.07e-12, 2.24e-10
2018-10-11 21:19:22, 1.08e-12, 2.24e-10
2018-10-11 21:19:26, 1.06e-12, 2.24e-10
2018-10-11 21:19:30, 1.08e-12, 2.24e-10
2018-10-11 21:19:34, 1.01e-12, 2.24e-10
2018-10-11 21:19:39, 1.04e-12, 2.24e-10
2018-10-11 21:19:43, 1.12e-12, 2.24e-10
2018-10-11 21:19:47, 1.12e-12, 2.24e-10
2018-10-11 21:19:51, 1.05e-12, 2.24e-10
2018-10-11 21:19:55, 1.07e-12, 2.24e-10
2018-10-11 21:20:00, 1.09e-12, 2.24e-10
2018-10-11 21:20:04, 1.08e-12, 2.24e-10
2018-10-11 21:20:08, 1.16e-12, 2.24e-10
2018-10-11 21:20:12, 1.1e-12, 2.24e-10
2018-10-11 21:20:17, 9.92e-13, 2.24e-10
2018-10-11 21:20:21, 1.18e-12, 2.24e-10
2018-10-11 21:20:25, 1.1e-12, 2.24e-10
2018-10-11 21:20:29, 1.08e-12, 2.24e-10
2018-10-11 21:20:33, 1.09e-12, 2.24e-10
2018-10-11 21:20:38, 1.05e-12, 2.24e-10
2018-10-11 21:20:42, 1.13e-12, 2.24e-10
2018-10-11 21:20:46, 1.09e-12, 2.24e-10
2018-10-11 21:20:50, 9.74e-13, 2.24e-10
2018-10-11 21:20:55, 1.07e-12, 2.24e-10
2018-10-11 21:20:59, 1.1e-12, 2.24e-10
2018-10-11 21:21:03, 1.04e-12, 2.24e-10
2018-10-11 21:21:07, 1.02e-12, 2.24e-10
2018-10-11 21:21:11, 1.11e-12, 2.24e-10
2018-10-11 21:21:16, 1.06e-12, 2.24e-10
2018-10-11 21:21:20, 1.19e-12, 2.24e-10
2018-10-11 21:21:24, 1.16e-12, 2.24e-10
2018-10-11 21:21:28, 1.07e-12, 2.24e-10
2018-10-11 21:21:33, 1.1e-12, 2.23e-10
2018-10-11 21:21:37, 1.13e-12, 2.24e-10
2018-10-11 21:21:41, 1.09e-12, 2.24e-10
2018-10-11 21:21:45, 1.06e-12, 2.24e-10
2018-10-11 21:21:49, 1e-12, 2.24e-10
2018-10-11 21:21:54, 1.04e-12, 2.24e-10
2018-10-11 21:21:58, 1.05e-12, 2.23e-10
2018-10-11 21:22:02, 1.15e-12, 2.24e-10
2018-10-11 21:22:06, 1.06e-12, 2.24e-10
2018-10-11 21:22:11, 1.24e-12, 2.24e-10
2018-10-11 21:22:15, 1.11e-12, 2.24e-10
2018-10-11 21:22:19, 1.28e-12, 2.24e-10
2018-10-11 21:22:23, 1.04e-12, 2.24e-10
2018-10-11 21:22:27, 1.09e-12, 2.24e-10
2018-10-11 21:22:32, 1.13e-12, 2.24e-10
2018-10-11 21:22:36, 1.14e-12, 2.24e-10
2018-10-11 21:22:40, 1.01e-12, 2.25e-10
2018-10-11 21:22:44, 1.12e-12, 2.26e-10
2018-10-11 21:22:49, 1.07e-12, 2.26e-10
2018-10-11 21:22:53, 1.12e-12, 2.25e-10
2018-10-11 21:22:57, 1.16e-12, 2.24e-10
2018-10-11 21:23:01, 1.2e-12, 2.24e-10
2018-10-11 21:23:05, 1.14e-12, 2.24e-10
2018-10-11 21:23:10, 1.08e-12, 2.24e-10
2018-10-11 21:23:14, 1.04e-12, 2.24e-10
2018-10-11 21:23:18, 1.1e-12, 2.25e-10
2018-10-11 21:23:22, 1.1e-12, 2.24e-10
2018-10-11 21:23:26, 1.16e-12, 2.25e-10
2018-10-11 21:23:31, 1.07e-12, 2.24e-10
2018-10-11 21:23:35, 1.05e-12, 2.24e-10
2018-10-11 21:23:39, 1.1e-12, 2.24e-10
2018-10-11 21:23:43, 1.11e-12, 2.24e-10
2018-10-11 21:23:48, 1.06e-12, 2.24e-10
2018-10-11 21:23:52, 1.1e-12, 2.25e-10
2018-10-11 21:23:56, 1.08e-12, 2.24e-10
2018-10-11 21:24:00, 1.13e-12, 2.24e-10
2018-10-11 21:24:04, 1.05e-12, 2.24e-10
2018-10-11 21:24:09, 1.06e-12, 2.24e-10
2018-10-11 21:24:13, 1.07e-12, 2.24e-10
2018-10-11 21:24:17, 1.2e-12, 2.25e-10
2018-10-11 21:24:21, 1.06e-12, 2.24e-10
2018-10-11 21:24:26, 1.04e-12, 2.24e-10
2018-10-11 21:24:30, 1.06e-12, 2.24e-10
2018-10-11 21:24:34, 1.14e-12, 2.25e-10
2018-10-11 21:24:38, 1.05e-12, 2.24e-10
2018-10-11 21:24:42, 1.05e-12, 2.24e-10
2018-10-11 21:24:47, 1.06e-12, 2.24e-10
2018-10-11 21:24:51, 1.14e-12, 2.25e-10
2018-10-11 21:24:55, 1.05e-12, 2.24e-10
2018-10-11 21:24:59, 1.05e-12, 2.25e-10
2018-10-11 21:25:04, 1.1e-12, 2.24e-10
2018-10-11 21:25:08, 1.14e-12, 2.24e-10
2018-10-11 21:25:12, 9.82e-13, 2.25e-10
2018-10-11 21:25:16, 1.02e-12, 2.24e-10
2018-10-11 21:25:20, 1.15e-12, 2.24e-10
2018-10-11 21:25:25, 1.08e-12, 2.24e-10
2018-10-11 21:25:29, 1.13e-12, 2.24e-10
2018-10-11 21:25:33, 9.83e-13, 2.24e-10
2018-10-11 21:25:37, 1.15e-12, 2.24e-10
2018-10-11 21:25:42, 1.07e-12, 2.24e-10
2018-10-11 21:25:46, 1.06e-12, 2.25e-10
2018-10-11 21:25:50, 1.02e-12, 2.24e-10
2018-10-11 21:25:54, 1.06e-12, 2.24e-10
2018-10-11 21:25:58, 1.11e-12, 2.24e-10
2018-10-11 21:26:03, 1.06e-12, 2.24e-10
2018-10-11 21:26:07, 1.08e-12, 2.25e-10
2018-10-11 21:26:11, 1.04e-12, 2.24e-10
2018-10-11 21:26:15, 1.12e-12, 2.24e-10
2018-10-11 21:26:20, 1.05e-12, 2.25e-10
2018-10-11 21:26:24, 1.03e-12, 2.25e-10
2018-10-11 21:26:28, 1.05e-12, 2.24e-10
2018-10-11 21:26:32, 1.16e-12, 2.25e-10
2018-10-11 21:26:36, 1.13e-12, 2.25e-10
2018-10-11 21:26:41, 9.41e-13, 2.25e-10
2018-10-11 21:26:45, 1.09e-12, 2.24e-10
2018-10-11 21:26:49, 1.09e-12, 2.25e-10
2018-10-11 21:26:53, 1.08e-12, 2.25e-10
2018-10-11 21:26:58, 1.05e-12, 2.25e-10
2018-10-11 21:27:02, 1.06e-12, 2.24e-10
2018-10-11 21:27:06, 1.09e-12, 2.25e-10
2018-10-11 21:27:10, 1.13e-12, 2.25e-10
2018-10-11 21:27:14, 1.1e-12, 2.25e-10
2018-10-11 21:27:19, 1.13e-12, 2.24e-10
2018-10-11 21:27:23, 1.09e-12, 2.25e-10
2018-10-11 21:27:27, 1.11e-12, 2.25e-10
2018-10-11 21:27:31, 1.04e-12, 2.25e-10
2018-10-11 21:27:36, 1.13e-12, 2.25e-10
2018-10-11 21:27:40, 1.05e-12, 2.25e-10
2018-10-11 21:27:44, 1.07e-12, 2.25e-10
2018-10-11 21:27:48, 1.06e-12, 2.25e-10
2018-10-11 21:27:52, 1.09e-12, 2.25e-10
2018-10-11 21:27:57, 1.11e-12, 2.25e-10
2018-10-11 21:28:01, 1.11e-12, 2.25e-10
2018-10-11 21:28:05, 1.04e-12, 2.25e-10
2018-10-11 21:28:09, 1.12e-12, 2.25e-10
2018-10-11 21:28:14, 1.16e-12, 2.25e-10
2018-10-11 21:28:18, 1.11e-12, 2.25e-10
2018-10-11 21:28:22, 1.09e-12, 2.25e-10
2018-10-11 21:28:26, 1.1e-12, 2.25e-10
2018-10-11 21:28:30, 1.03e-12, 2.25e-10
2018-10-11 21:28:35, 1.06e-12, 2.24e-10
2018-10-11 21:28:39, 1.02e-12, 2.25e-10
2018-10-11 21:28:43, 1.04e-12, 2.24e-10
2018-10-11 21:28:47, 1.15e-12, 2.25e-10
2018-10-11 21:28:52, 1.02e-12, 2.25e-10
2018-10-11 21:28:56, 1.13e-12, 2.25e-10
2018-10-11 21:29:00, 1.06e-12, 2.25e-10
2018-10-11 21:29:04, 1.1e-12, 2.25e-10
2018-10-11 21:29:08, 1.09e-12, 2.25e-10
2018-10-11 21:29:13, 9.49e-13, 2.25e-10
2018-10-11 21:29:17, 1.2e-12, 2.25e-10
2018-10-11 21:29:21, 1.05e-12, 2.25e-10
2018-10-11 21:29:25, 1.09e-12, 2.25e-10
2018-10-11 21:29:30, 1.1e-12, 2.25e-10
2018-10-11 21:29:34, 1.15e-12, 2.25e-10
2018-10-11 21:29:38, 1.1e-12, 2.25e-10
2018-10-11 21:29:42, 1.06e-12, 2.25e-10
2018-10-11 21:29:46, 1.11e-12, 2.25e-10
2018-10-11 21:29:51, 1.15e-12, 2.25e-10
2018-10-11 21:29:55, 1.09e-12, 2.25e-10
2018-10-11 21:29:59, 1.1e-12, 2.25e-10
2018-10-11 21:30:03, 1.11e-12, 2.25e-10
2018-10-11 21:30:08, 1.1e-12, 2.25e-10
2018-10-11 21:30:12, 1.21e-12, 2.25e-10
2018-10-11 21:30:16, 1.12e-12, 2.25e-10
2018-10-11 21:30:20, 1.21e-12, 2.25e-10
2018-10-11 21:30:24, 1.07e-12, 2.25e-10
2018-10-11 21:30:29, 1.08e-12, 2.25e-10
2018-10-11 21:30:33, 1.08e-12, 2.25e-10
2018-10-11 21:30:37, 1.29e-12, 2.25e-10
2018-10-11 21:30:41, 1.03e-12, 2.25e-10
2018-10-11 21:30:46, 1.03e-12, 2.25e-10
2018-10-11 21:30:50, 1.09e-12, 2.25e-10
2018-10-11 21:30:54, 1.11e-12, 2.25e-10
2018-10-11 21:30:58, 1.05e-12, 2.25e-10
2018-10-11 21:31:02, 9.96e-13, 2.25e-10
2018-10-11 21:31:07, 1.2e-12, 2.25e-10
2018-10-11 21:31:11, 1.12e-12, 2.25e-10
2018-10-11 21:31:15, 1.05e-12, 2.25e-10
2018-10-11 21:31:19, 1.11e-12, 2.25e-10
2018-10-11 21:31:24, 1.07e-12, 2.25e-10
2018-10-11 21:31:28, 1.09e-12, 2.25e-10
2018-10-11 21:31:32, 1.08e-12, 2.25e-10
2018-10-11 21:31:36, 1.04e-12, 2.25e-10
2018-10-11 21:31:40, 1e-12, 2.25e-10
2018-10-11 21:31:45, 1.07e-12, 2.25e-10
2018-10-11 21:31:49, 1.09e-12, 2.25e-10
2018-10-11 21:31:53, 1.18e-12, 2.25e-10
2018-10-11 21:31:57, 1.06e-12, 2.25e-10
2018-10-11 21:32:02, 1.18e-12, 2.25e-10
2018-10-11 21:32:06, 1.09e-12, 2.25e-10
2018-10-11 21:32:10, 1.07e-12, 2.25e-10
2018-10-11 21:32:14, 1.09e-12, 2.24e-10
2018-10-11 21:32:18, 1.09e-12, 2.25e-10
2018-10-11 21:32:23, 1.14e-12, 2.25e-10
2018-10-11 21:32:27, 1e-12, 2.25e-10
2018-10-11 21:32:31, 1.05e-12, 2.25e-10
2018-10-11 21:32:35, 1.1e-12, 2.25e-10
2018-10-11 21:32:39, 1.09e-12, 2.25e-10
2018-10-11 21:32:44, 1.26e-12, 2.25e-10
2018-10-11 21:32:48, 1.11e-12, 2.25e-10
2018-10-11 21:32:52, 1.23e-12, 2.25e-10
2018-10-11 21:32:56, 1.07e-12, 2.25e-10
2018-10-11 21:33:01, 1.15e-12, 2.25e-10
2018-10-11 21:33:05, 1.03e-12, 2.25e-10
2018-10-11 21:33:09, 9.82e-13, 2.25e-10
2018-10-11 21:33:13, 1.07e-12, 2.25e-10
2018-10-11 21:33:17, 1.1e-12, 2.25e-10
2018-10-11 21:33:22, 1.04e-12, 2.25e-10
2018-10-11 21:33:26, 1.14e-12, 2.25e-10
2018-10-11 21:33:30, 1.09e-12, 2.26e-10
2018-10-11 21:33:34, 1.03e-12, 2.25e-10
2018-10-11 21:33:39, 1.07e-12, 2.25e-10
2018-10-11 21:33:43, 1.09e-12, 2.25e-10
2018-10-11 21:33:47, 1.03e-12, 2.26e-10
2018-10-11 21:33:51, 1.08e-12, 2.25e-10
2018-10-11 21:33:55, 1.07e-12, 2.25e-10
2018-10-11 21:34:00, 1.08e-12, 2.25e-10
2018-10-11 21:34:04, 1.08e-12, 2.26e-10
2018-10-11 21:34:08, 1.06e-12, 2.25e-10
2018-10-11 21:34:12, 1.11e-12, 2.25e-10
2018-10-11 21:34:17, 1.15e-12, 2.25e-10
2018-10-11 21:34:21, 1.11e-12, 2.26e-10
2018-10-11 21:34:25, 1.03e-12, 2.25e-10
2018-10-11 21:34:29, 9.68e-13, 2.25e-10
2018-10-11 21:34:33, 1.08e-12, 2.26e-10
2018-10-11 21:34:38, 1.13e-12, 2.26e-10
2018-10-11 21:34:42, 1.13e-12, 2.25e-10
2018-10-11 21:34:46, 1.07e-12, 2.25e-10
2018-10-11 21:34:50, 1.1e-12, 2.26e-10
2018-10-11 21:34:55, 1.09e-12, 2.25e-10
2018-10-11 21:34:59, 1.09e-12, 2.25e-10
2018-10-11 21:35:03, 1.08e-12, 2.25e-10
2018-10-11 21:35:07, 1.04e-12, 2.26e-10
2018-10-11 21:35:11, 1.07e-12, 2.26e-10
2018-10-11 21:35:16, 1.07e-12, 2.26e-10
2018-10-11 21:35:20, 1.25e-12, 2.25e-10
2018-10-11 21:35:24, 1.13e-12, 2.26e-10
2018-10-11 21:35:28, 1.08e-12, 2.25e-10
2018-10-11 21:35:33, 1.05e-12, 2.26e-10
2018-10-11 21:35:37, 1.12e-12, 2.25e-10
2018-10-11 21:35:41, 1.24e-12, 2.26e-10
2018-10-11 21:35:45, 1.08e-12, 2.25e-10
2018-10-11 21:35:49, 9.71e-13, 2.26e-10
2018-10-11 21:35:54, 1.04e-12, 2.25e-10
2018-10-11 21:35:58, 1.11e-12, 2.26e-10
2018-10-11 21:36:02, 1.1e-12, 2.26e-10
2018-10-11 21:36:06, 1.12e-12, 2.26e-10
2018-10-11 21:36:11, 1.06e-12, 2.26e-10
2018-10-11 21:36:15, 1.05e-12, 2.26e-10
2018-10-11 21:36:19, 1.08e-12, 2.25e-10
2018-10-11 21:36:23, 1.08e-12, 2.25e-10
2018-10-11 21:36:27, 1.08e-12, 2.25e-10
2018-10-11 21:36:32, 1.08e-12, 2.26e-10
2018-10-11 21:36:36, 1.15e-12, 2.25e-10
2018-10-11 21:36:40, 1.13e-12, 2.26e-10
2018-10-11 21:36:44, 1.13e-12, 2.25e-10
2018-10-11 21:36:49, 1.09e-12, 2.25e-10
2018-10-11 21:36:53, 1.09e-12, 2.26e-10
2018-10-11 21:36:57, 1.05e-12, 2.26e-10
2018-10-11 21:37:01, 1.19e-12, 2.25e-10
2018-10-11 21:37:05, 1.14e-12, 2.26e-10
2018-10-11 21:37:10, 1.1e-12, 2.26e-10
2018-10-11 21:37:14, 1.08e-12, 2.26e-10
2018-10-11 21:37:18, 1.07e-12, 2.25e-10
2018-10-11 21:37:22, 1.12e-12, 2.26e-10
2018-10-11 21:37:27, 1.16e-12, 2.26e-10
2018-10-11 21:37:31, 1.04e-12, 2.25e-10
2018-10-11 21:37:35, 1.12e-12, 2.26e-10
2018-10-11 21:37:39, 1.09e-12, 2.25e-10
2018-10-11 21:37:43, 1.1e-12, 2.25e-10
2018-10-11 21:37:48, 1.08e-12, 2.26e-10
2018-10-11 21:37:52, 1.13e-12, 2.25e-10
2018-10-11 21:37:56, 1.14e-12, 2.25e-10
2018-10-11 21:38:00, 1.09e-12, 2.26e-10
2018-10-11 21:38:05, 1.04e-12, 2.25e-10
2018-10-11 21:38:09, 1.07e-12, 2.25e-10
2018-10-11 21:38:13, 1.03e-12, 2.25e-10
2018-10-11 21:38:17, 1.11e-12, 2.25e-10
2018-10-11 21:38:21, 1.15e-12, 2.25e-10
2018-10-11 21:38:26, 1.1e-12, 2.25e-10
2018-10-11 21:38:30, 1.09e-12, 2.26e-10
2018-10-11 21:38:34, 1.05e-12, 2.25e-10
2018-10-11 21:38:38, 1.11e-12, 2.25e-10
2018-10-11 21:38:42, 1.07e-12, 2.26e-10
2018-10-11 21:38:47, 1.08e-12, 2.25e-10
2018-10-11 21:38:51, 1.13e-12, 2.26e-10
2018-10-11 21:38:55, 1.06e-12, 2.25e-10
2018-10-11 21:38:59, 1.21e-12, 2.25e-10
2018-10-11 21:39:04, 1.03e-12, 2.26e-10
2018-10-11 21:39:08, 1.06e-12, 2.26e-10
2018-10-11 21:39:12, 1.06e-12, 2.25e-10
2018-10-11 21:39:16, 1.09e-12, 2.26e-10
2018-10-11 21:39:20, 1.07e-12, 2.26e-10
2018-10-11 21:39:25, 1.1e-12, 2.25e-10
2018-10-11 21:39:29, 1.11e-12, 2.26e-10
2018-10-11 21:39:33, 1.15e-12, 2.26e-10
2018-10-11 21:39:37, 1.05e-12, 2.25e-10
2018-10-11 21:39:42, 1.06e-12, 2.26e-10
2018-10-11 21:39:46, 1.03e-12, 2.26e-10
2018-10-11 21:39:50, 1.11e-12, 2.25e-10
2018-10-11 21:39:54, 1.08e-12, 2.25e-10
2018-10-11 21:39:59, 1.08e-12, 2.26e-10
2018-10-11 21:40:03, 1.1e-12, 2.25e-10
2018-10-11 21:40:07, 1.08e-12, 2.25e-10
2018-10-11 21:40:11, 1.15e-12, 2.26e-10
2018-10-11 21:40:16, 1.04e-12, 2.25e-10
2018-10-11 21:40:20, 1.12e-12, 2.26e-10
2018-10-11 21:40:24, 9.56e-13, 2.26e-10
2018-10-11 21:40:28, 1.04e-12, 2.25e-10
2018-10-11 21:40:32, 1.09e-12, 2.26e-10
2018-10-11 21:40:37, 1.07e-12, 2.26e-10
2018-10-11 21:40:41, 1.12e-12, 2.25e-10
2018-10-11 21:40:45, 1.1e-12, 2.26e-10
2018-10-11 21:40:49, 8.84e-13, 2.25e-10
2018-10-11 21:40:54, 1.1e-12, 2.25e-10
2018-10-11 21:40:58, 1.09e-12, 2.25e-10
2018-10-11 21:41:02, 1.14e-12, 2.26e-10
2018-10-11 21:41:06, 1.14e-12, 2.25e-10
2018-10-11 21:41:10, 1.14e-12, 2.26e-10
2018-10-11 21:41:15, 1.13e-12, 2.26e-10
2018-10-11 21:41:19, 1.08e-12, 2.25e-10
2018-10-11 21:41:23, 1.13e-12, 2.26e-10
2018-10-11 21:41:27, 1.1e-12, 2.26e-10
2018-10-11 21:41:32, 1.09e-12, 2.25e-10
2018-10-11 21:41:36, 1.1e-12, 2.25e-10
2018-10-11 21:41:40, 1.1e-12, 2.26e-10
2018-10-11 21:41:44, 1.11e-12, 2.25e-10
2018-10-11 21:41:48, 1.09e-12, 2.26e-10
2018-10-11 21:41:53, 1.07e-12, 2.26e-10
2018-10-11 21:41:57, 1.15e-12, 2.26e-10
2018-10-11 21:42:01, 1.15e-12, 2.26e-10
2018-10-11 21:42:05, 1.08e-12, 2.26e-10
2018-10-11 21:42:10, 1.08e-12, 2.25e-10
2018-10-11 21:42:14, 1.07e-12, 2.26e-10
2018-10-11 21:42:18, 1.14e-12, 2.26e-10
2018-10-11 21:42:22, 1.03e-12, 2.25e-10
2018-10-11 21:42:26, 1.03e-12, 2.26e-10
2018-10-11 21:42:31, 1.11e-12, 2.26e-10
2018-10-11 21:42:35, 1.04e-12, 2.25e-10
2018-10-11 21:42:39, 1.11e-12, 2.26e-10
2018-10-11 21:42:43, 1.08e-12, 2.26e-10
2018-10-11 21:42:48, 1.12e-12, 2.25e-10
2018-10-11 21:42:52, 1.01e-12, 2.26e-10
2018-10-11 21:42:56, 1.08e-12, 2.26e-10
2018-10-11 21:43:00, 1.1e-12, 2.25e-10
2018-10-11 21:43:04, 1.07e-12, 2.26e-10
2018-10-11 21:43:09, 1.12e-12, 2.26e-10
2018-10-11 21:43:13, 1.08e-12, 2.26e-10
2018-10-11 21:43:17, 1.1e-12, 2.26e-10
2018-10-11 21:43:21, 1.21e-12, 2.26e-10
2018-10-11 21:43:26, 1.11e-12, 2.25e-10
2018-10-11 21:43:30, 1.09e-12, 2.26e-10
2018-10-11 21:43:34, 1.08e-12, 2.26e-10
2018-10-11 21:43:38, 1.06e-12, 2.25e-10
2018-10-11 21:43:42, 1.04e-12, 2.26e-10
2018-10-11 21:43:47, 1.09e-12, 2.26e-10
2018-10-11 21:43:51, 1.12e-12, 2.25e-10
2018-10-11 21:43:55, 1.09e-12, 2.26e-10
2018-10-11 21:43:59, 1.02e-12, 2.26e-10
2018-10-11 21:44:04, 1.15e-12, 2.25e-10
2018-10-11 21:44:08, 1.08e-12, 2.26e-10
2018-10-11 21:44:12, 1.04e-12, 2.26e-10
2018-10-11 21:44:16, 1.04e-12, 2.25e-10
2018-10-11 21:44:20, 1.13e-12, 2.26e-10
2018-10-11 21:44:25, 1.02e-12, 2.26e-10
2018-10-11 21:44:29, 1.1e-12, 2.25e-10
2018-10-11 21:44:33, 1.07e-12, 2.26e-10
2018-10-11 21:44:37, 1.08e-12, 2.26e-10
2018-10-11 21:44:42, 1.21e-12, 2.25e-10
2018-10-11 21:44:46, 1.05e-12, 2.26e-10
2018-10-11 21:44:50, 1.03e-12, 2.26e-10
2018-10-11 21:44:54, 1.09e-12, 2.25e-10
2018-10-11 21:44:58, 1.17e-12, 2.25e-10
2018-10-11 21:45:03, 1.07e-12, 2.25e-10
2018-10-11 21:45:07, 1.13e-12, 2.25e-10
2018-10-11 21:45:11, 1.09e-12, 2.26e-10
2018-10-11 21:45:15, 1.14e-12, 2.26e-10
2018-10-11 21:45:20, 1.1e-12, 2.25e-10
2018-10-11 21:45:24, 1.02e-12, 2.25e-10
2018-10-11 21:45:28, 1.03e-12, 2.26e-10
2018-10-11 21:45:32, 1.05e-12, 2.26e-10
2018-10-11 21:45:36, 1.1e-12, 2.26e-10
2018-10-11 21:45:41, 1e-12, 2.25e-10
2018-10-11 21:45:45, 1.1e-12, 2.25e-10
2018-10-11 21:45:49, 1e-12, 2.25e-10
2018-10-11 21:45:53, 1.12e-12, 2.25e-10
2018-10-11 21:45:57, 1.08e-12, 2.25e-10
2018-10-11 21:46:02, 1.06e-12, 2.25e-10
2018-10-11 21:46:06, 1.02e-12, 2.25e-10
2018-10-11 21:46:10, 1.1e-12, 2.25e-10
2018-10-11 21:46:14, 9.57e-13, 2.25e-10
2018-10-11 21:46:19, 1.07e-12, 2.25e-10
2018-10-11 21:46:23, 1.18e-12, 2.25e-10
2018-10-11 21:46:27, 1.08e-12, 2.25e-10
2018-10-11 21:46:31, 1.1e-12, 2.25e-10
2018-10-11 21:46:35, 1.08e-12, 2.25e-10
2018-10-11 21:46:40, 9.91e-13, 2.25e-10
2018-10-11 21:46:44, 1.09e-12, 2.25e-10
2018-10-11 21:46:48, 1.14e-12, 2.26e-10
2018-10-11 21:46:52, 1.07e-12, 2.25e-10
2018-10-11 21:46:57, 1.06e-12, 2.26e-10
2018-10-11 21:47:01, 1.14e-12, 2.25e-10
2018-10-11 21:47:05, 1.14e-12, 2.25e-10
2018-10-11 21:47:09, 1.03e-12, 2.25e-10
2018-10-11 21:47:13, 1.1e-12, 2.25e-10
2018-10-11 21:47:18, 1.11e-12, 2.25e-10
2018-10-11 21:47:22, 1.05e-12, 2.25e-10
2018-10-11 21:47:26, 1.1e-12, 2.25e-10
2018-10-11 21:47:30, 1.09e-12, 2.25e-10
2018-10-11 21:47:35, 1.09e-12, 2.25e-10
2018-10-11 21:47:39, 1.02e-12, 2.25e-10
2018-10-11 21:47:43, 1.1e-12, 2.25e-10
2018-10-11 21:47:47, 1.04e-12, 2.25e-10
2018-10-11 21:47:51, 1.09e-12, 2.25e-10
2018-10-11 21:47:56, 1.1e-12, 2.25e-10
2018-10-11 21:48:00, 1.07e-12, 2.25e-10
2018-10-11 21:48:04, 1.17e-12, 2.25e-10
2018-10-11 21:48:08, 1.09e-12, 2.25e-10
2018-10-11 21:48:13, 1.04e-12, 2.25e-10
2018-10-11 21:48:17, 1.09e-12, 2.25e-10
2018-10-11 21:48:21, 1.08e-12, 2.25e-10
2018-10-11 21:48:25, 1.05e-12, 2.25e-10
2018-10-11 21:48:29, 1.12e-12, 2.25e-10
2018-10-11 21:48:34, 1.09e-12, 2.25e-10
2018-10-11 21:48:38, 1.11e-12, 2.25e-10
2018-10-11 21:48:42, 1.2e-12, 2.25e-10
2018-10-11 21:48:46, 1.05e-12, 2.25e-10
2018-10-11 21:48:51, 1.06e-12, 2.25e-10
2018-10-11 21:48:55, 1.11e-12, 2.25e-10
2018-10-11 21:48:59, 1.17e-12, 2.25e-10
2018-10-11 21:49:03, 1.09e-12, 2.25e-10
2018-10-11 21:49:07, 1.13e-12, 2.25e-10
2018-10-11 21:49:12, 1.08e-12, 2.25e-10
2018-10-11 21:49:16, 1.19e-12, 2.25e-10
2018-10-11 21:49:20, 1.11e-12, 2.25e-10
2018-10-11 21:49:24, 1.11e-12, 2.25e-10
2018-10-11 21:49:29, 1.14e-12, 2.25e-10
2018-10-11 21:49:33, 1.16e-12, 2.26e-10
2018-10-11 21:49:37, 1.12e-12, 2.25e-10
2018-10-11 21:49:41, 1.09e-12, 2.25e-10
2018-10-11 21:49:45, 1.12e-12, 2.25e-10
2018-10-11 21:49:50, 1.09e-12, 2.25e-10
2018-10-11 21:49:54, 1.11e-12, 2.25e-10
2018-10-11 21:49:58, 1.07e-12, 2.25e-10
2018-10-11 21:50:02, 1.04e-12, 2.25e-10
2018-10-11 21:50:07, 1.05e-12, 2.25e-10
2018-10-11 21:50:11, 1.14e-12, 2.25e-10
2018-10-11 21:50:15, 1.12e-12, 2.25e-10
2018-10-11 21:50:19, 1.25e-12, 2.25e-10
2018-10-11 21:50:23, 1.09e-12, 2.25e-10
2018-10-11 21:50:28, 1.08e-12, 2.25e-10
2018-10-11 21:50:32, 1.08e-12, 2.25e-10
2018-10-11 21:50:36, 1.11e-12, 2.25e-10
2018-10-11 21:50:40, 1.06e-12, 2.25e-10
2018-10-11 21:50:45, 1.05e-12, 2.25e-10
2018-10-11 21:50:49, 1.1e-12, 2.28e-10
2018-10-11 21:50:53, 1.15e-12, 2.25e-10
2018-10-11 21:50:57, 1.05e-12, 2.25e-10
2018-10-11 21:51:01, 1.08e-12, 2.26e-10
2018-10-11 21:51:06, 1.08e-12, 2.25e-10
2018-10-11 21:51:10, 1.13e-12, 2.25e-10
2018-10-11 21:51:14, 1.12e-12, 2.25e-10
2018-10-11 21:51:18, 1.11e-12, 2.25e-10
2018-10-11 21:51:22, 1.12e-12, 2.26e-10
2018-10-11 21:51:27, 1.14e-12, 2.25e-10
2018-10-11 21:51:31, 1.01e-12, 2.26e-10
2018-10-11 21:51:35, 1.12e-12, 2.26e-10
2018-10-11 21:51:39, 1.16e-12, 2.26e-10
2018-10-11 21:51:44, 1.15e-12, 2.26e-10
2018-10-11 21:51:48, 1.01e-12, 2.26e-10
2018-10-11 21:51:52, 1.11e-12, 2.26e-10
2018-10-11 21:51:56, 1.13e-12, 2.26e-10
2018-10-11 21:52:00, 1.18e-12, 2.26e-10
2018-10-11 21:52:05, 1.11e-12, 2.26e-10
2018-10-11 21:52:09, 1.05e-12, 2.25e-10
2018-10-11 21:52:13, 1.11e-12, 2.26e-10
2018-10-11 21:52:17, 1.09e-12, 2.26e-10
2018-10-11 21:52:22, 1.2e-12, 2.25e-10
2018-10-11 21:52:26, 1.09e-12, 2.27e-10
2018-10-11 21:52:30, 1.11e-12, 2.26e-10
2018-10-11 21:52:34, 1.02e-12, 2.25e-10
2018-10-11 21:52:38, 1.09e-12, 2.26e-10
2018-10-11 21:52:43, 1.13e-12, 2.25e-10
2018-10-11 21:52:47, 1.06e-12, 2.25e-10
2018-10-11 21:52:51, 1.12e-12, 2.25e-10
2018-10-11 21:52:55, 1.13e-12, 2.25e-10
2018-10-11 21:53:00, 1.06e-12, 2.25e-10
2018-10-11 21:53:04, 1.1e-12, 2.25e-10
2018-10-11 21:53:08, 1.13e-12, 2.25e-10
2018-10-11 21:53:12, 1.13e-12, 2.25e-10
2018-10-11 21:53:16, 1.05e-12, 2.25e-10
2018-10-11 21:53:21, 1.11e-12, 2.25e-10
2018-10-11 21:53:25, 1.05e-12, 2.25e-10
2018-10-11 21:53:29, 1.21e-12, 2.25e-10
2018-10-11 21:53:33, 1.09e-12, 2.25e-10
2018-10-11 21:53:38, 1.1e-12, 2.26e-10
2018-10-11 21:53:42, 1.09e-12, 2.25e-10
2018-10-11 21:53:46, 1.08e-12, 2.25e-10
2018-10-11 21:53:50, 1.13e-12, 2.25e-10
2018-10-11 21:53:54, 1.07e-12, 2.25e-10
2018-10-11 21:53:59, 1.1e-12, 2.25e-10
2018-10-11 21:54:03, 1.09e-12, 2.25e-10
2018-10-11 21:54:07, 1.05e-12, 2.25e-10
2018-10-11 21:54:11, 1.04e-12, 2.25e-10
2018-10-11 21:54:16, 1.14e-12, 2.25e-10
2018-10-11 21:54:20, 1.1e-12, 2.25e-10
2018-10-11 21:54:24, 1.07e-12, 2.25e-10
2018-10-11 21:54:28, 1.08e-12, 2.25e-10
2018-10-11 21:54:32, 1.11e-12, 2.25e-10
2018-10-11 21:54:37, 1.09e-12, 2.25e-10
2018-10-11 21:54:41, 1.22e-12, 2.25e-10
2018-10-11 21:54:45, 1.14e-12, 2.25e-10
2018-10-11 21:54:49, 1.16e-12, 2.25e-10
2018-10-11 21:54:54, 1e-12, 2.25e-10
2018-10-11 21:54:58, 1.06e-12, 2.24e-10
2018-10-11 21:55:02, 1.11e-12, 2.25e-10
2018-10-11 21:55:06, 1.11e-12, 2.25e-10
2018-10-11 21:55:10, 1.12e-12, 2.25e-10
2018-10-11 21:55:15, 1.05e-12, 2.25e-10
2018-10-11 21:55:19, 1.07e-12, 2.25e-10
2018-10-11 21:55:23, 1.03e-12, 2.25e-10
2018-10-11 21:55:27, 1.15e-12, 2.25e-10
2018-10-11 21:55:32, 1.1e-12, 2.25e-10
2018-10-11 21:55:36, 9.87e-13, 2.25e-10
2018-10-11 21:55:40, 1.12e-12, 2.25e-10
2018-10-11 21:55:44, 1.1e-12, 2.25e-10
2018-10-11 21:55:48, 1.15e-12, 2.25e-10
2018-10-11 21:55:53, 1.13e-12, 2.25e-10
2018-10-11 21:55:57, 1.11e-12, 2.25e-10
2018-10-11 21:56:01, 1.06e-12, 2.25e-10
2018-10-11 21:56:05, 1.12e-12, 2.25e-10
2018-10-11 21:56:10, 1.09e-12, 2.25e-10
2018-10-11 21:56:14, 1.09e-12, 2.25e-10
2018-10-11 21:56:18, 1.07e-12, 2.25e-10
2018-10-11 21:56:22, 1.08e-12, 2.25e-10
2018-10-11 21:56:26, 1.11e-12, 2.24e-10
2018-10-11 21:56:31, 1.11e-12, 2.25e-10
2018-10-11 21:56:35, 1.1e-12, 2.25e-10
2018-10-11 21:56:39, 1.04e-12, 2.25e-10
2018-10-11 21:56:43, 1.1e-12, 2.25e-10
2018-10-11 21:56:48, 1.06e-12, 2.25e-10
2018-10-11 21:56:52, 1.06e-12, 2.24e-10
2018-10-11 21:56:56, 1.2e-12, 2.25e-10
2018-10-11 21:57:00, 1.13e-12, 2.25e-10
2018-10-11 21:57:04, 1.04e-12, 2.25e-10
2018-10-11 21:57:09, 1.09e-12, 2.25e-10
2018-10-11 21:57:13, 1.12e-12, 2.25e-10
2018-10-11 21:57:17, 1.1e-12, 2.24e-10
2018-10-11 21:57:21, 1.21e-12, 2.25e-10
2018-10-11 21:57:25, 1.09e-12, 2.25e-10
2018-10-11 21:57:30, 1.06e-12, 2.24e-10
2018-10-11 21:57:34, 1.12e-12, 2.25e-10
2018-10-11 21:57:38, 1.1e-12, 2.25e-10
2018-10-11 21:57:42, 1.09e-12, 2.25e-10
2018-10-11 21:57:47, 1.08e-12, 2.25e-10
2018-10-11 21:57:51, 1.05e-12, 2.25e-10
2018-10-11 21:57:55, 1.07e-12, 2.25e-10
2018-10-11 21:57:59, 1.1e-12, 2.27e-10
2018-10-11 21:58:03, 1.08e-12, 2.27e-10
2018-10-11 21:58:08, 1.04e-12, 2.25e-10
2018-10-11 21:58:12, 1.17e-12, 2.26e-10
2018-10-11 21:58:16, 1.16e-12, 2.26e-10
2018-10-11 21:58:20, 1.14e-12, 2.25e-10
2018-10-11 21:58:25, 1.08e-12, 2.25e-10
2018-10-11 21:58:29, 1.11e-12, 2.25e-10
2018-10-11 21:58:33, 1.12e-12, 2.25e-10
2018-10-11 21:58:37, 1.07e-12, 2.25e-10
2018-10-11 21:58:41, 1.06e-12, 2.25e-10
2018-10-11 21:58:46, 1.1e-12, 2.25e-10
2018-10-11 21:58:50, 1.33e-12, 2.25e-10
2018-10-11 21:58:54, 1.07e-12, 2.26e-10
2018-10-11 21:58:58, 1.09e-12, 2.25e-10
2018-10-11 21:59:03, 1.08e-12, 2.26e-10
2018-10-11 21:59:07, 1.26e-12, 2.26e-10
2018-10-11 21:59:11, 1.05e-12, 2.25e-10
2018-10-11 21:59:15, 1.07e-12, 2.25e-10
2018-10-11 21:59:19, 1.08e-12, 2.25e-10
2018-10-11 21:59:24, 1.03e-12, 2.25e-10
2018-10-11 21:59:28, 1.02e-12, 2.25e-10
2018-10-11 21:59:32, 1.05e-12, 2.26e-10
2018-10-11 21:59:36, 1.16e-12, 2.25e-10
2018-10-11 21:59:41, 1.05e-12, 2.25e-10
2018-10-11 21:59:45, 1.09e-12, 2.25e-10
2018-10-11 21:59:49, 1.09e-12, 2.25e-10
2018-10-11 21:59:53, 1.02e-12, 2.25e-10
2018-10-11 21:59:57, 1.09e-12, 2.26e-10
2018-10-11 22:00:02, 1.14e-12, 2.25e-10
2018-10-11 22:00:06, 1.03e-12, 2.26e-10
2018-10-11 22:00:10, 1.04e-12, 2.25e-10
2018-10-11 22:00:14, 1.14e-12, 2.25e-10
2018-10-11 22:00:19, 1.1e-12, 2.25e-10
2018-10-11 22:00:23, 1.07e-12, 2.25e-10
2018-10-11 22:00:27, 1.15e-12, 2.25e-10
2018-10-11 22:00:31, 1.16e-12, 2.25e-10
2018-10-11 22:00:35, 1.1e-12, 2.25e-10
2018-10-11 22:00:40, 1.1e-12, 2.25e-10
2018-10-11 22:00:44, 1.02e-12, 2.25e-10
2018-10-11 22:00:48, 1.2e-12, 2.25e-10
2018-10-11 22:00:52, 1.05e-12, 2.25e-10
2018-10-11 22:00:57, 1.09e-12, 2.26e-10
2018-10-11 22:01:01, 1.11e-12, 2.26e-10
2018-10-11 22:01:05, 1.09e-12, 2.25e-10
2018-10-11 22:01:09, 1.05e-12, 2.25e-10
2018-10-11 22:01:13, 1.1e-12, 2.26e-10
2018-10-11 22:01:18, 1.07e-12, 2.25e-10
2018-10-11 22:01:22, 1.13e-12, 2.25e-10
2018-10-11 22:01:26, 1.03e-12, 2.25e-10
2018-10-11 22:01:30, 1.11e-12, 2.25e-10
2018-10-11 22:01:35, 1.07e-12, 2.25e-10
2018-10-11 22:01:39, 1.04e-12, 2.25e-10
2018-10-11 22:01:43, 1.07e-12, 2.24e-10
2018-10-11 22:01:47, 1.08e-12, 2.25e-10
2018-10-11 22:01:51, 1.09e-12, 2.25e-10
2018-10-11 22:01:56, 1.02e-12, 2.25e-10
2018-10-11 22:02:00, 1.06e-12, 2.26e-10
2018-10-11 22:02:04, 1.04e-12, 2.26e-10
2018-10-11 22:02:08, 1.24e-12, 2.25e-10
2018-10-11 22:02:13, 1.08e-12, 2.25e-10
2018-10-11 22:02:17, 1.1e-12, 2.25e-10
2018-10-11 22:02:21, 1.03e-12, 2.25e-10
2018-10-11 22:02:25, 1.09e-12, 2.26e-10
2018-10-11 22:02:29, 1.1e-12, 2.26e-10
2018-10-11 22:02:34, 1.08e-12, 2.25e-10
2018-10-11 22:02:38, 1.08e-12, 2.25e-10
2018-10-11 22:02:42, 1.08e-12, 2.25e-10
2018-10-11 22:02:46, 1.03e-12, 2.25e-10
2018-10-11 22:02:51, 1.13e-12, 2.26e-10
2018-10-11 22:02:55, 1.06e-12, 2.25e-10
2018-10-11 22:02:59, 1.14e-12, 2.25e-10
2018-10-11 22:03:03, 1.12e-12, 2.25e-10
2018-10-11 22:03:07, 1.08e-12, 2.25e-10
2018-10-11 22:03:12, 1.05e-12, 2.25e-10
2018-10-11 22:03:16, 1.09e-12, 2.26e-10
2018-10-11 22:03:20, 1.14e-12, 2.26e-10
2018-10-11 22:03:24, 1.12e-12, 2.25e-10
2018-10-11 22:03:29, 1.08e-12, 2.26e-10
2018-10-11 22:03:33, 1.09e-12, 2.26e-10
2018-10-11 22:03:37, 1.13e-12, 2.24e-10
2018-10-11 22:03:41, 1.05e-12, 2.25e-10
2018-10-11 22:03:45, 1.06e-12, 2.25e-10
2018-10-11 22:03:50, 1.07e-12, 2.25e-10
2018-10-11 22:03:54, 1.03e-12, 2.25e-10
2018-10-11 22:03:58, 1.02e-12, 2.25e-10
2018-10-11 22:04:02, 1.13e-12, 2.25e-10
2018-10-11 22:04:07, 1.06e-12, 2.25e-10
2018-10-11 22:04:11, 1.16e-12, 2.25e-10
2018-10-11 22:04:15, 9.55e-13, 2.25e-10
2018-10-11 22:04:19, 1.13e-12, 2.25e-10
2018-10-11 22:04:23, 1.02e-12, 2.25e-10
2018-10-11 22:04:28, 1.08e-12, 2.25e-10
2018-10-11 22:04:32, 1.09e-12, 2.25e-10
2018-10-11 22:04:36, 1.22e-12, 2.25e-10
2018-10-11 22:04:40, 1.06e-12, 2.25e-10
2018-10-11 22:04:45, 1.06e-12, 2.25e-10
2018-10-11 22:04:49, 1.08e-12, 2.25e-10
2018-10-11 22:04:53, 1.06e-12, 2.26e-10
2018-10-11 22:04:57, 1.09e-12, 2.26e-10
2018-10-11 22:05:01, 1.08e-12, 2.26e-10
2018-10-11 22:05:06, 1.08e-12, 2.25e-10
2018-10-11 22:05:10, 1.09e-12, 2.25e-10
2018-10-11 22:05:14, 1.09e-12, 2.25e-10
2018-10-11 22:05:18, 1.1e-12, 2.25e-10
2018-10-11 22:05:22, 1.04e-12, 2.25e-10
2018-10-11 22:05:27, 1.14e-12, 2.25e-10
2018-10-11 22:05:31, 1.09e-12, 2.25e-10
2018-10-11 22:05:35, 1.07e-12, 2.25e-10
2018-10-11 22:05:39, 1e-12, 2.25e-10
2018-10-11 22:05:44, 1.1e-12, 2.26e-10
2018-10-11 22:05:48, 1.06e-12, 2.26e-10
2018-10-11 22:05:52, 1.06e-12, 2.26e-10
2018-10-11 22:05:56, 1.06e-12, 2.26e-10
2018-10-11 22:06:00, 1.09e-12, 2.25e-10
2018-10-11 22:06:05, 1.08e-12, 2.26e-10
2018-10-11 22:06:09, 1.24e-12, 2.26e-10
2018-10-11 22:06:13, 1.1e-12, 2.25e-10
2018-10-11 22:06:17, 1.1e-12, 2.26e-10
2018-10-11 22:06:22, 1.05e-12, 2.26e-10
2018-10-11 22:06:26, 1.06e-12, 2.26e-10
2018-10-11 22:06:30, 1.05e-12, 2.26e-10
2018-10-11 22:06:34, 1.1e-12, 2.25e-10
2018-10-11 22:06:38, 1.12e-12, 2.26e-10
2018-10-11 22:06:43, 1.18e-12, 2.25e-10
2018-10-11 22:06:47, 1.03e-12, 2.26e-10
2018-10-11 22:06:51, 1.03e-12, 2.26e-10
2018-10-11 22:06:55, 1.15e-12, 2.26e-10
2018-10-11 22:07:00, 1.06e-12, 2.26e-10
2018-10-11 22:07:04, 1.03e-12, 2.25e-10
2018-10-11 22:07:08, 1.09e-12, 2.26e-10
2018-10-11 22:07:12, 1.1e-12, 2.26e-10
2018-10-11 22:07:16, 1.07e-12, 2.26e-10
2018-10-11 22:07:21, 1.07e-12, 2.26e-10
2018-10-11 22:07:25, 1.09e-12, 2.26e-10
2018-10-11 22:07:29, 1.1e-12, 2.26e-10
2018-10-11 22:07:33, 1.09e-12, 2.26e-10
2018-10-11 22:07:38, 1.07e-12, 2.26e-10
2018-10-11 22:07:42, 1.11e-12, 2.26e-10
2018-10-11 22:07:46, 1.09e-12, 2.26e-10
2018-10-11 22:07:50, 1.1e-12, 2.26e-10
2018-10-11 22:07:54, 1.08e-12, 2.26e-10
2018-10-11 22:07:59, 1.12e-12, 2.26e-10
2018-10-11 22:08:03, 1.09e-12, 2.26e-10
2018-10-11 22:08:07, 1.12e-12, 2.26e-10
2018-10-11 22:08:11, 1.09e-12, 2.26e-10
2018-10-11 22:08:16, 1.09e-12, 2.26e-10
2018-10-11 22:08:20, 1.13e-12, 2.26e-10
2018-10-11 22:08:24, 1.08e-12, 2.26e-10
2018-10-11 22:08:28, 1.04e-12, 2.26e-10
2018-10-11 22:08:32, 1.08e-12, 2.26e-10
2018-10-11 22:08:37, 1.14e-12, 2.26e-10
2018-10-11 22:08:41, 1.1e-12, 2.26e-10
2018-10-11 22:08:45, 1.1e-12, 2.26e-10
2018-10-11 22:08:49, 1.15e-12, 2.26e-10
2018-10-11 22:08:54, 1.1e-12, 2.26e-10
2018-10-11 22:08:58, 1.06e-12, 2.26e-10
2018-10-11 22:09:02, 1.11e-12, 2.26e-10
2018-10-11 22:09:06, 9.71e-13, 2.26e-10
2018-10-11 22:09:10, 1.17e-12, 2.26e-10
2018-10-11 22:09:15, 1.02e-12, 2.26e-10
2018-10-11 22:09:19, 1.11e-12, 2.26e-10
2018-10-11 22:09:23, 1.1e-12, 2.26e-10
2018-10-11 22:09:27, 1.1e-12, 2.26e-10
2018-10-11 22:09:32, 1.04e-12, 2.26e-10
2018-10-11 22:09:36, 1.07e-12, 2.26e-10
2018-10-11 22:09:40, 1.07e-12, 2.26e-10
2018-10-11 22:09:44, 1.06e-12, 2.26e-10
2018-10-11 22:09:48, 1.06e-12, 2.26e-10
2018-10-11 22:09:53, 1.09e-12, 2.26e-10
2018-10-11 22:09:57, 1.02e-12, 2.26e-10
2018-10-11 22:10:01, 1.08e-12, 2.26e-10
2018-10-11 22:10:05, 1.04e-12, 2.26e-10
2018-10-11 22:10:10, 1.07e-12, 2.26e-10
2018-10-11 22:10:14, 1.06e-12, 2.26e-10
2018-10-11 22:10:18, 1.11e-12, 2.26e-10
2018-10-11 22:10:22, 1.08e-12, 2.26e-10
2018-10-11 22:10:26, 1.07e-12, 2.26e-10
2018-10-11 22:10:31, 9.75e-13, 2.26e-10
2018-10-11 22:10:35, 1.09e-12, 2.26e-10
2018-10-11 22:10:39, 1.07e-12, 2.26e-10
2018-10-11 22:10:43, 1.06e-12, 2.26e-10
2018-10-11 22:10:48, 1.12e-12, 2.26e-10
2018-10-11 22:10:52, 1.09e-12, 2.26e-10
2018-10-11 22:10:56, 1.04e-12, 2.26e-10
2018-10-11 22:11:00, 1.07e-12, 2.26e-10
2018-10-11 22:11:04, 1.2e-12, 2.26e-10
2018-10-11 22:11:09, 1.12e-12, 2.26e-10
2018-10-11 22:11:13, 1.02e-12, 2.26e-10
2018-10-11 22:11:17, 1.06e-12, 2.26e-10
2018-10-11 22:11:21, 1.08e-12, 2.26e-10
2018-10-11 22:11:26, 1.15e-12, 2.26e-10
2018-10-11 22:11:30, 1.09e-12, 2.26e-10
2018-10-11 22:11:34, 1.11e-12, 2.26e-10
2018-10-11 22:11:38, 1.05e-12, 2.26e-10
2018-10-11 22:11:42, 1.14e-12, 2.27e-10
2018-10-11 22:11:47, 1.05e-12, 2.26e-10
2018-10-11 22:11:51, 1.17e-12, 2.26e-10
2018-10-11 22:11:55, 1.09e-12, 2.27e-10
2018-10-11 22:11:59, 1.09e-12, 2.26e-10
2018-10-11 22:12:04, 1.08e-12, 2.26e-10
2018-10-11 22:12:08, 9.55e-13, 2.26e-10
2018-10-11 22:12:12, 1.04e-12, 2.26e-10
2018-10-11 22:12:16, 1.03e-12, 2.26e-10
2018-10-11 22:12:20, 1.07e-12, 2.27e-10
2018-10-11 22:12:25, 1.07e-12, 2.27e-10
2018-10-11 22:12:29, 1.05e-12, 2.26e-10
2018-10-11 22:12:33, 1.09e-12, 2.27e-10
2018-10-11 22:12:37, 1.02e-12, 2.27e-10
2018-10-11 22:12:42, 1.05e-12, 2.27e-10
2018-10-11 22:12:46, 1.06e-12, 2.27e-10
2018-10-11 22:12:50, 1.08e-12, 2.26e-10
2018-10-11 22:12:54, 1.07e-12, 2.26e-10
2018-10-11 22:12:58, 1.04e-12, 2.27e-10
2018-10-11 22:13:03, 1.06e-12, 2.26e-10
2018-10-11 22:13:07, 1.1e-12, 2.27e-10
2018-10-11 22:13:11, 1.18e-12, 2.27e-10
2018-10-11 22:13:15, 9.93e-13, 2.27e-10
2018-10-11 22:13:20, 1.08e-12, 2.27e-10
2018-10-11 22:13:24, 1.1e-12, 2.26e-10
2018-10-11 22:13:28, 1.08e-12, 2.27e-10
2018-10-11 22:13:32, 1.09e-12, 2.26e-10
2018-10-11 22:13:36, 1.11e-12, 2.27e-10
2018-10-11 22:13:41, 1.05e-12, 2.26e-10
2018-10-11 22:13:45, 1.1e-12, 2.26e-10
2018-10-11 22:13:49, 1.07e-12, 2.27e-10
2018-10-11 22:13:53, 1.1e-12, 2.26e-10
2018-10-11 22:13:58, 1.12e-12, 2.27e-10
2018-10-11 22:14:02, 1.05e-12, 2.27e-10
2018-10-11 22:14:06, 1.1e-12, 2.27e-10
2018-10-11 22:14:10, 1.1e-12, 2.27e-10
2018-10-11 22:14:14, 1.07e-12, 2.27e-10
2018-10-11 22:14:19, 1.2e-12, 2.27e-10
2018-10-11 22:14:23, 1.1e-12, 2.27e-10
2018-10-11 22:14:27, 1.1e-12, 2.27e-10
2018-10-11 22:14:31, 1.18e-12, 2.27e-10
2018-10-11 22:14:36, 1.1e-12, 2.27e-10
2018-10-11 22:14:40, 1.13e-12, 2.27e-10
2018-10-11 22:14:44, 1.09e-12, 2.27e-10
2018-10-11 22:14:48, 1.07e-12, 2.27e-10
2018-10-11 22:14:52, 1.02e-12, 2.27e-10
2018-10-11 22:14:57, 1.05e-12, 2.27e-10
2018-10-11 22:15:01, 1.15e-12, 2.27e-10
2018-10-11 22:15:05, 1.07e-12, 2.27e-10
2018-10-11 22:15:09, 1.22e-12, 2.27e-10
2018-10-11 22:15:14, 1.1e-12, 2.27e-10
2018-10-11 22:15:18, 1.04e-12, 2.27e-10
2018-10-11 22:15:22, 1.12e-12, 2.27e-10
2018-10-11 22:15:26, 1.14e-12, 2.27e-10
2018-10-11 22:15:30, 1.08e-12, 2.27e-10
2018-10-11 22:15:35, 1.11e-12, 2.27e-10
2018-10-11 22:15:39, 1.04e-12, 2.27e-10
2018-10-11 22:15:43, 1.1e-12, 2.27e-10
2018-10-11 22:15:47, 1.09e-12, 2.27e-10
2018-10-11 22:15:52, 1.07e-12, 2.27e-10
2018-10-11 22:15:56, 1.09e-12, 2.27e-10
2018-10-11 22:16:00, 1.08e-12, 2.27e-10
2018-10-11 22:16:04, 1.07e-12, 2.27e-10
2018-10-11 22:16:08, 1.1e-12, 2.27e-10
2018-10-11 22:16:13, 1.06e-12, 2.27e-10
2018-10-11 22:16:17, 1.04e-12, 2.27e-10
2018-10-11 22:16:21, 1.08e-12, 2.27e-10
2018-10-11 22:16:25, 1.08e-12, 2.27e-10
2018-10-11 22:16:30, 1.1e-12, 2.27e-10
2018-10-11 22:16:34, 1.1e-12, 2.27e-10
2018-10-11 22:16:38, 1.03e-12, 2.27e-10
2018-10-11 22:16:42, 1.07e-12, 2.27e-10
2018-10-11 22:16:46, 1.07e-12, 2.27e-10
2018-10-11 22:16:51, 1.06e-12, 2.27e-10
2018-10-11 22:16:55, 1.1e-12, 2.27e-10
2018-10-11 22:16:59, 1.04e-12, 2.27e-10
2018-10-11 22:17:03, 1.16e-12, 2.26e-10
2018-10-11 22:17:08, 1.06e-12, 2.27e-10
2018-10-11 22:17:12, 1.04e-12, 2.27e-10
2018-10-11 22:17:16, 1.12e-12, 2.26e-10
2018-10-11 22:17:20, 1.07e-12, 2.27e-10
2018-10-11 22:17:24, 1.07e-12, 2.27e-10
2018-10-11 22:17:29, 1.09e-12, 2.27e-10
2018-10-11 22:17:33, 1.13e-12, 2.27e-10
2018-10-11 22:17:37, 1.06e-12, 2.27e-10
2018-10-11 22:17:41, 1.03e-12, 2.27e-10
2018-10-11 22:17:46, 1.1e-12, 2.26e-10
2018-10-11 22:17:50, 1.04e-12, 2.27e-10
2018-10-11 22:17:54, 1.1e-12, 2.26e-10
2018-10-11 22:17:58, 1.07e-12, 2.26e-10
2018-10-11 22:18:02, 1.06e-12, 2.26e-10
2018-10-11 22:18:07, 1.07e-12, 2.27e-10
2018-10-11 22:18:11, 1.06e-12, 2.27e-10
2018-10-11 22:18:15, 1.09e-12, 2.26e-10
2018-10-11 22:18:19, 1.09e-12, 2.26e-10
2018-10-11 22:18:24, 1.08e-12, 2.26e-10
2018-10-11 22:18:28, 1.13e-12, 2.26e-10
2018-10-11 22:18:32, 1.14e-12, 2.26e-10
2018-10-11 22:18:36, 1.07e-12, 2.26e-10
2018-10-11 22:18:40, 1.12e-12, 2.26e-10
2018-10-11 22:18:45, 9.53e-13, 2.26e-10
2018-10-11 22:18:49, 1.1e-12, 2.26e-10
2018-10-11 22:18:53, 1.05e-12, 2.26e-10
2018-10-11 22:18:57, 1.05e-12, 2.26e-10
2018-10-11 22:19:02, 1.07e-12, 2.26e-10
2018-10-11 22:19:06, 1.03e-12, 2.26e-10
2018-10-11 22:19:10, 1.07e-12, 2.26e-10
2018-10-11 22:19:14, 1.11e-12, 2.26e-10
2018-10-11 22:19:18, 1.1e-12, 2.26e-10
2018-10-11 22:19:23, 1.06e-12, 2.26e-10
2018-10-11 22:19:27, 1.14e-12, 2.26e-10
2018-10-11 22:19:31, 1.09e-12, 2.26e-10
2018-10-11 22:19:35, 1.06e-12, 2.26e-10
2018-10-11 22:19:40, 1.24e-12, 2.26e-10
2018-10-11 22:19:44, 1.08e-12, 2.26e-10
2018-10-11 22:19:48, 1.13e-12, 2.26e-10
2018-10-11 22:19:52, 1.12e-12, 2.26e-10
2018-10-11 22:19:56, 1.08e-12, 2.26e-10
2018-10-11 22:20:01, 1.07e-12, 2.26e-10
2018-10-11 22:20:05, 1.1e-12, 2.25e-10
2018-10-11 22:20:09, 1.08e-12, 2.25e-10
2018-10-11 22:20:13, 9.77e-13, 2.26e-10
2018-10-11 22:20:18, 1.1e-12, 2.26e-10
2018-10-11 22:20:22, 1.03e-12, 2.26e-10
2018-10-11 22:20:26, 1.11e-12, 2.26e-10
2018-10-11 22:20:30, 1.21e-12, 2.26e-10
2018-10-11 22:20:34, 1e-12, 2.26e-10
2018-10-11 22:20:39, 1.05e-12, 2.26e-10
2018-10-11 22:20:43, 1.03e-12, 2.26e-10
2018-10-11 22:20:47, 1.06e-12, 2.26e-10
2018-10-11 22:20:51, 1.12e-12, 2.26e-10
2018-10-11 22:20:56, 1.05e-12, 2.26e-10
2018-10-11 22:21:00, 1.08e-12, 2.26e-10
2018-10-11 22:21:04, 1.07e-12, 2.26e-10
2018-10-11 22:21:08, 1.03e-12, 2.26e-10
2018-10-11 22:21:12, 1.06e-12, 2.26e-10
2018-10-11 22:21:17, 1.09e-12, 2.26e-10
2018-10-11 22:21:21, 1.12e-12, 2.26e-10
2018-10-11 22:21:25, 1.12e-12, 2.26e-10
2018-10-11 22:21:29, 1.05e-12, 2.26e-10
2018-10-11 22:21:34, 1.07e-12, 2.26e-10
2018-10-11 22:21:38, 1.04e-12, 2.26e-10
2018-10-11 22:21:42, 1.07e-12, 2.25e-10
2018-10-11 22:21:46, 9.93e-13, 2.25e-10
2018-10-11 22:21:50, 1.01e-12, 2.25e-10
2018-10-11 22:21:55, 1.05e-12, 2.26e-10
2018-10-11 22:21:59, 1.01e-12, 2.25e-10
2018-10-11 22:22:03, 1.15e-12, 2.25e-10
2018-10-11 22:22:07, 1.05e-12, 2.25e-10
2018-10-11 22:22:11, 1.1e-12, 2.25e-10
2018-10-11 22:22:16, 1.13e-12, 2.25e-10
2018-10-11 22:22:20, 1.06e-12, 2.25e-10
2018-10-11 22:22:24, 1.09e-12, 2.25e-10
2018-10-11 22:22:28, 1.03e-12, 2.25e-10
2018-10-11 22:22:33, 9.75e-13, 2.26e-10
2018-10-11 22:22:37, 1.02e-12, 2.25e-10
2018-10-11 22:22:41, 1.14e-12, 2.25e-10
2018-10-11 22:22:45, 1.02e-12, 2.25e-10
2018-10-11 22:22:49, 1.13e-12, 2.25e-10
2018-10-11 22:22:54, 1.08e-12, 2.25e-10
2018-10-11 22:22:58, 1.12e-12, 2.26e-10
2018-10-11 22:23:02, 1.23e-12, 2.25e-10
2018-10-11 22:23:06, 1.04e-12, 2.25e-10
2018-10-11 22:23:11, 1.09e-12, 2.25e-10
2018-10-11 22:23:15, 1e-12, 2.25e-10
2018-10-11 22:23:19, 1.03e-12, 2.25e-10
2018-10-11 22:23:23, 1.05e-12, 2.25e-10
2018-10-11 22:23:27, 1.03e-12, 2.25e-10
2018-10-11 22:23:32, 1.17e-12, 2.25e-10
2018-10-11 22:23:36, 1.01e-12, 2.25e-10
2018-10-11 22:23:40, 1.07e-12, 2.25e-10
2018-10-11 22:23:44, 1.1e-12, 2.25e-10
2018-10-11 22:23:49, 1.07e-12, 2.25e-10
2018-10-11 22:23:53, 1.1e-12, 2.25e-10
2018-10-11 22:23:57, 1.05e-12, 2.25e-10
2018-10-11 22:24:01, 1.06e-12, 2.25e-10
2018-10-11 22:24:05, 1.12e-12, 2.25e-10
2018-10-11 22:24:10, 1.06e-12, 2.25e-10
2018-10-11 22:24:14, 1.15e-12, 2.25e-10
2018-10-11 22:24:18, 1.11e-12, 2.25e-10
2018-10-11 22:24:22, 1.07e-12, 2.25e-10
2018-10-11 22:24:27, 1e-12, 2.25e-10
2018-10-11 22:24:31, 1.08e-12, 2.25e-10
2018-10-11 22:24:35, 1.04e-12, 2.25e-10
2018-10-11 22:24:39, 1.04e-12, 2.25e-10
2018-10-11 22:24:43, 1.11e-12, 2.25e-10
2018-10-11 22:24:48, 1.1e-12, 2.25e-10
2018-10-11 22:24:52, 1.11e-12, 2.26e-10
2018-10-11 22:24:56, 1.07e-12, 2.25e-10
2018-10-11 22:25:00, 1.12e-12, 2.25e-10
2018-10-11 22:25:05, 1.13e-12, 2.25e-10
2018-10-11 22:25:09, 1.03e-12, 2.25e-10
2018-10-11 22:25:13, 1.12e-12, 2.25e-10
2018-10-11 22:25:17, 1.05e-12, 2.25e-10
2018-10-11 22:25:21, 1.14e-12, 2.25e-10
2018-10-11 22:25:26, 1.07e-12, 2.25e-10
2018-10-11 22:25:30, 1.04e-12, 2.25e-10
2018-10-11 22:25:34, 1.07e-12, 2.25e-10
2018-10-11 22:25:38, 1.04e-12, 2.25e-10
2018-10-11 22:25:43, 1.12e-12, 2.25e-10
2018-10-11 22:25:47, 1.1e-12, 2.25e-10
2018-10-11 22:25:51, 9.97e-13, 2.25e-10
2018-10-11 22:25:55, 1.08e-12, 2.25e-10
2018-10-11 22:25:59, 1.06e-12, 2.25e-10
2018-10-11 22:26:04, 1.1e-12, 2.25e-10
2018-10-11 22:26:08, 1.1e-12, 2.25e-10
2018-10-11 22:26:12, 1.09e-12, 2.25e-10
2018-10-11 22:26:16, 1.13e-12, 2.25e-10
2018-10-11 22:26:21, 1.06e-12, 2.25e-10
2018-10-11 22:26:25, 1.11e-12, 2.25e-10
2018-10-11 22:26:29, 1.14e-12, 2.25e-10
2018-10-11 22:26:33, 1.07e-12, 2.24e-10
2018-10-11 22:26:37, 1.09e-12, 2.24e-10
2018-10-11 22:26:42, 1.03e-12, 2.24e-10
2018-10-11 22:26:46, 1.12e-12, 2.24e-10
2018-10-11 22:26:50, 1.08e-12, 2.24e-10
2018-10-11 22:26:54, 1.09e-12, 2.24e-10
2018-10-11 22:26:59, 1.2e-12, 2.24e-10
2018-10-11 22:27:03, 1.07e-12, 2.24e-10
2018-10-11 22:27:07, 1.06e-12, 2.24e-10
2018-10-11 22:27:11, 1.1e-12, 2.24e-10
2018-10-11 22:27:15, 1.05e-12, 2.24e-10
2018-10-11 22:27:20, 1.21e-12, 2.24e-10
2018-10-11 22:27:24, 1.12e-12, 2.24e-10
2018-10-11 22:27:28, 1.05e-12, 2.24e-10
2018-10-11 22:27:32, 1.09e-12, 2.24e-10
2018-10-11 22:27:37, 1.09e-12, 2.24e-10
2018-10-11 22:27:41, 1.18e-12, 2.24e-10
2018-10-11 22:27:45, 1.03e-12, 2.24e-10
2018-10-11 22:27:49, 1.05e-12, 2.24e-10
2018-10-11 22:27:53, 9.99e-13, 2.24e-10
2018-10-11 22:27:58, 1.08e-12, 2.24e-10
2018-10-11 22:28:02, 1.06e-12, 2.24e-10
2018-10-11 22:28:06, 1.09e-12, 2.24e-10
2018-10-11 22:28:10, 1.12e-12, 2.23e-10
2018-10-11 22:28:15, 1e-12, 2.24e-10
2018-10-11 22:28:19, 1.08e-12, 2.24e-10
2018-10-11 22:28:23, 1.1e-12, 2.24e-10
2018-10-11 22:28:27, 1.13e-12, 2.24e-10
2018-10-11 22:28:31, 1.12e-12, 2.24e-10
2018-10-11 22:28:36, 1.06e-12, 2.24e-10
2018-10-11 22:28:40, 1.01e-12, 2.23e-10
2018-10-11 22:28:44, 1.11e-12, 2.23e-10
2018-10-11 22:28:48, 1.13e-12, 2.24e-10
2018-10-11 22:28:53, 1.12e-12, 2.24e-10
2018-10-11 22:28:57, 1.09e-12, 2.24e-10
2018-10-11 22:29:01, 1.12e-12, 2.24e-10
2018-10-11 22:29:05, 9.41e-13, 2.23e-10
2018-10-11 22:29:09, 1.03e-12, 2.24e-10
2018-10-11 22:29:14, 1.13e-12, 2.24e-10
2018-10-11 22:29:18, 1.08e-12, 2.24e-10
2018-10-11 22:29:22, 1.11e-12, 2.24e-10
2018-10-11 22:29:26, 1.09e-12, 2.24e-10
2018-10-11 22:29:31, 9.52e-13, 2.23e-10
2018-10-11 22:29:35, 1.07e-12, 2.23e-10
2018-10-11 22:29:39, 1.09e-12, 2.24e-10
2018-10-11 22:29:43, 1.08e-12, 2.24e-10
2018-10-11 22:29:47, 1.09e-12, 2.24e-10
2018-10-11 22:29:52, 1.07e-12, 2.24e-10
2018-10-11 22:29:56, 1.13e-12, 2.24e-10
2018-10-11 22:30:00, 1.07e-12, 2.23e-10
2018-10-11 22:30:04, 1.06e-12, 2.23e-10
2018-10-11 22:30:09, 1.06e-12, 2.23e-10
2018-10-11 22:30:13, 1.06e-12, 2.23e-10
2018-10-11 22:30:17, 1.05e-12, 2.24e-10
2018-10-11 22:30:21, 1.13e-12, 2.23e-10
2018-10-11 22:30:25, 1.08e-12, 2.23e-10
2018-10-11 22:30:30, 1.07e-12, 2.23e-10
2018-10-11 22:30:34, 1.09e-12, 2.23e-10
2018-10-11 22:30:38, 1.08e-12, 2.23e-10
2018-10-11 22:30:42, 1.03e-12, 2.23e-10
2018-10-11 22:30:47, 1.01e-12, 2.23e-10
2018-10-11 22:30:51, 1.06e-12, 2.23e-10
2018-10-11 22:30:55, 1.07e-12, 2.24e-10
2018-10-11 22:30:59, 1.03e-12, 2.23e-10
2018-10-11 22:31:03, 1.06e-12, 2.23e-10
2018-10-11 22:31:08, 1.07e-12, 2.24e-10
2018-10-11 22:31:12, 1.06e-12, 2.23e-10
2018-10-11 22:31:16, 1.11e-12, 2.23e-10
2018-10-11 22:31:20, 1.11e-12, 2.23e-10
2018-10-11 22:31:25, 1.03e-12, 2.23e-10
2018-10-11 22:31:29, 1.04e-12, 2.23e-10
2018-10-11 22:31:33, 1.12e-12, 2.23e-10
2018-10-11 22:31:37, 1.1e-12, 2.23e-10
2018-10-11 22:31:41, 1.07e-12, 2.23e-10
2018-10-11 22:31:46, 1.11e-12, 2.23e-10
2018-10-11 22:31:50, 1.04e-12, 2.23e-10
2018-10-11 22:31:54, 1.07e-12, 2.23e-10
2018-10-11 22:31:59, 1e-12, 2.23e-10
2018-10-11 22:32:03, 1.07e-12, 2.23e-10
2018-10-11 22:32:08, 1.12e-12, 2.23e-10
2018-10-11 22:32:12, 1.05e-12, 2.23e-10
2018-10-11 22:32:16, 1.06e-12, 2.23e-10
2018-10-11 22:32:20, 1.24e-12, 2.23e-10
2018-10-11 22:32:25, 1.08e-12, 2.23e-10
2018-10-11 22:32:29, 9.86e-13, 2.23e-10
2018-10-11 22:32:33, 1.08e-12, 2.23e-10
2018-10-11 22:32:37, 1.04e-12, 2.23e-10
2018-10-11 22:32:41, 1.05e-12, 2.23e-10
2018-10-11 22:32:46, 1.1e-12, 2.23e-10
2018-10-11 22:32:50, 9.96e-13, 2.23e-10
2018-10-11 22:32:54, 1.07e-12, 2.23e-10
2018-10-11 22:32:58, 1.08e-12, 2.23e-10
2018-10-11 22:33:03, 1.08e-12, 2.22e-10
2018-10-11 22:33:07, 1.04e-12, 2.23e-10
2018-10-11 22:33:11, 1.06e-12, 2.22e-10
2018-10-11 22:33:15, 1.02e-12, 2.23e-10
2018-10-11 22:33:19, 1.07e-12, 2.23e-10
2018-10-11 22:33:24, 1.06e-12, 2.23e-10
2018-10-11 22:33:28, 1.1e-12, 2.22e-10
2018-10-11 22:33:32, 1.03e-12, 2.23e-10
2018-10-11 22:33:36, 1.09e-12, 2.23e-10
2018-10-11 22:33:41, 1.11e-12, 2.22e-10
2018-10-11 22:33:45, 1.09e-12, 2.22e-10
2018-10-11 22:33:49, 1.06e-12, 2.23e-10
2018-10-11 22:33:53, 1.07e-12, 2.23e-10
2018-10-11 22:33:57, 1.09e-12, 2.22e-10
2018-10-11 22:34:02, 1.08e-12, 2.22e-10
2018-10-11 22:34:06, 1.12e-12, 2.23e-10
2018-10-11 22:34:10, 1e-12, 2.23e-10
2018-10-11 22:34:14, 1.05e-12, 2.22e-10
2018-10-11 22:34:18, 1.1e-12, 2.22e-10
2018-10-11 22:34:23, 1.03e-12, 2.22e-10
2018-10-11 22:34:27, 1.06e-12, 2.23e-10
2018-10-11 22:34:31, 9.85e-13, 2.23e-10
2018-10-11 22:34:35, 1.06e-12, 2.22e-10
2018-10-11 22:34:40, 1.06e-12, 2.22e-10
2018-10-11 22:34:44, 1.05e-12, 2.22e-10
2018-10-11 22:34:48, 1.06e-12, 2.22e-10
2018-10-11 22:34:52, 1.05e-12, 2.23e-10
2018-10-11 22:34:56, 1.08e-12, 2.23e-10
2018-10-11 22:35:01, 1.02e-12, 2.22e-10
2018-10-11 22:35:05, 1.06e-12, 2.23e-10
2018-10-11 22:35:09, 1.08e-12, 2.22e-10
2018-10-11 22:35:13, 1.03e-12, 2.22e-10
2018-10-11 22:35:18, 9.74e-13, 2.22e-10
2018-10-11 22:35:22, 1.08e-12, 2.22e-10
2018-10-11 22:35:26, 1.07e-12, 2.22e-10
2018-10-11 22:35:30, 9.98e-13, 2.22e-10
2018-10-11 22:35:34, 1.25e-12, 2.22e-10
2018-10-11 22:35:39, 1.17e-12, 2.22e-10
2018-10-11 22:35:43, 1.13e-12, 2.22e-10
2018-10-11 22:35:47, 1.11e-12, 2.22e-10
2018-10-11 22:35:51, 1.02e-12, 2.22e-10
2018-10-11 22:35:56, 1.09e-12, 2.22e-10
2018-10-11 22:36:00, 1.16e-12, 2.22e-10
2018-10-11 22:36:04, 1.05e-12, 2.23e-10
2018-10-11 22:36:08, 1.1e-12, 2.22e-10
2018-10-11 22:36:12, 1.09e-12, 2.22e-10
2018-10-11 22:36:17, 1.11e-12, 2.22e-10
2018-10-11 22:36:21, 1.03e-12, 2.22e-10
2018-10-11 22:36:25, 1.11e-12, 2.22e-10
2018-10-11 22:36:29, 1.1e-12, 2.22e-10
2018-10-11 22:36:34, 1.08e-12, 2.22e-10
2018-10-11 22:36:38, 9.95e-13, 2.22e-10
2018-10-11 22:36:42, 1.1e-12, 2.22e-10
2018-10-11 22:36:46, 1.04e-12, 2.22e-10
2018-10-11 22:36:50, 1.06e-12, 2.22e-10
2018-10-11 22:36:55, 1.06e-12, 2.22e-10
2018-10-11 22:36:59, 1.03e-12, 2.22e-10
2018-10-11 22:37:03, 1.08e-12, 2.22e-10
2018-10-11 22:37:07, 9.9e-13, 2.22e-10
2018-10-11 22:37:12, 1.06e-12, 2.22e-10
2018-10-11 22:37:16, 1.1e-12, 2.22e-10
2018-10-11 22:37:20, 1.08e-12, 2.22e-10
2018-10-11 22:37:24, 1.03e-12, 2.22e-10
2018-10-11 22:37:28, 1.04e-12, 2.22e-10
2018-10-11 22:37:33, 1.08e-12, 2.22e-10
2018-10-11 22:37:37, 1.07e-12, 2.22e-10
2018-10-11 22:37:41, 9.81e-13, 2.23e-10
2018-10-11 22:37:45, 1.04e-12, 2.23e-10
2018-10-11 22:37:50, 1.09e-12, 2.22e-10
2018-10-11 22:37:54, 9.65e-13, 2.22e-10
2018-10-11 22:37:58, 1.14e-12, 2.22e-10
2018-10-11 22:38:02, 1.03e-12, 2.22e-10
2018-10-11 22:38:06, 1.08e-12, 2.22e-10
2018-10-11 22:38:11, 1.09e-12, 2.22e-10
2018-10-11 22:38:15, 1.08e-12, 2.22e-10
2018-10-11 22:38:19, 1.09e-12, 2.22e-10
2018-10-11 22:38:23, 1.03e-12, 2.22e-10
2018-10-11 22:38:28, 1.08e-12, 2.22e-10
2018-10-11 22:38:32, 1.11e-12, 2.22e-10
2018-10-11 22:38:36, 1.1e-12, 2.22e-10
2018-10-11 22:38:40, 9.78e-13, 2.22e-10
2018-10-11 22:38:44, 1.16e-12, 2.22e-10
2018-10-11 22:38:49, 1.03e-12, 2.22e-10
2018-10-11 22:38:53, 1.06e-12, 2.22e-10
2018-10-11 22:38:57, 1.07e-12, 2.22e-10
2018-10-11 22:39:01, 1.04e-12, 2.22e-10
2018-10-11 22:39:06, 1.09e-12, 2.22e-10
2018-10-11 22:39:10, 1.05e-12, 2.22e-10
2018-10-11 22:39:14, 1.1e-12, 2.22e-10
2018-10-11 22:39:18, 1.07e-12, 2.22e-10
2018-10-11 22:39:22, 1.04e-12, 2.23e-10
2018-10-11 22:39:27, 1.06e-12, 2.22e-10
2018-10-11 22:39:31, 1.08e-12, 2.22e-10
2018-10-11 22:39:35, 1.07e-12, 2.22e-10
2018-10-11 22:39:39, 1.04e-12, 2.22e-10
2018-10-11 22:39:44, 1.08e-12, 2.22e-10
2018-10-11 22:39:48, 1.04e-12, 2.22e-10
2018-10-11 22:39:52, 9.85e-13, 2.22e-10
2018-10-11 22:39:56, 1.06e-12, 2.22e-10
2018-10-11 22:40:00, 1.1e-12, 2.22e-10
2018-10-11 22:40:05, 1.08e-12, 2.22e-10
2018-10-11 22:40:09, 1.06e-12, 2.22e-10
2018-10-11 22:40:13, 1.12e-12, 2.21e-10
2018-10-11 22:40:17, 1.13e-12, 2.22e-10
2018-10-11 22:40:22, 1.03e-12, 2.22e-10
2018-10-11 22:40:26, 1.05e-12, 2.22e-10
2018-10-11 22:40:30, 9.92e-13, 2.22e-10
2018-10-11 22:40:34, 1.1e-12, 2.22e-10
2018-10-11 22:40:38, 9.53e-13, 2.22e-10
2018-10-11 22:40:43, 1.09e-12, 2.22e-10
2018-10-11 22:40:47, 1.1e-12, 2.22e-10
2018-10-11 22:40:51, 9.8e-13, 2.22e-10
2018-10-11 22:40:55, 9.84e-13, 2.22e-10
2018-10-11 22:41:00, 1.21e-12, 2.22e-10
2018-10-11 22:41:04, 1.06e-12, 2.22e-10
2018-10-11 22:41:08, 1.04e-12, 2.21e-10
2018-10-11 22:41:12, 1.03e-12, 2.22e-10
2018-10-11 22:41:16, 1.06e-12, 2.22e-10
2018-10-11 22:41:21, 1.01e-12, 2.22e-10
2018-10-11 22:41:25, 1.09e-12, 2.22e-10
2018-10-11 22:41:29, 1.02e-12, 2.22e-10
2018-10-11 22:41:33, 1.04e-12, 2.22e-10
2018-10-11 22:41:38, 1.03e-12, 2.22e-10
2018-10-11 22:41:42, 9.33e-13, 2.22e-10
2018-10-11 22:41:46, 1.06e-12, 2.22e-10
2018-10-11 22:41:50, 1.05e-12, 2.21e-10
2018-10-11 22:41:54, 1.02e-12, 2.22e-10
2018-10-11 22:41:59, 1.08e-12, 2.22e-10
2018-10-11 22:42:03, 9.66e-13, 2.22e-10
2018-10-11 22:42:07, 1.2e-12, 2.21e-10
2018-10-11 22:42:11, 1.07e-12, 2.21e-10
2018-10-11 22:42:16, 1.06e-12, 2.22e-10
2018-10-11 22:42:20, 1.05e-12, 2.22e-10
2018-10-11 22:42:24, 1.09e-12, 2.22e-10
2018-10-11 22:42:28, 1.12e-12, 2.22e-10
2018-10-11 22:42:32, 1.07e-12, 2.22e-10
2018-10-11 22:42:37, 1.11e-12, 2.21e-10
2018-10-11 22:42:41, 1.07e-12, 2.21e-10
2018-10-11 22:42:45, 1.07e-12, 2.22e-10
2018-10-11 22:42:49, 1.23e-12, 2.21e-10
2018-10-11 22:42:53, 1.05e-12, 2.22e-10
2018-10-11 22:42:58, 1.05e-12, 2.21e-10
2018-10-11 22:43:02, 1.03e-12, 2.21e-10
2018-10-11 22:43:06, 1.06e-12, 2.22e-10
2018-10-11 22:43:10, 1.06e-12, 2.22e-10
2018-10-11 22:43:15, 1.1e-12, 2.21e-10
2018-10-11 22:43:19, 1.11e-12, 2.21e-10
2018-10-11 22:43:23, 1.11e-12, 2.21e-10
2018-10-11 22:43:27, 1.05e-12, 2.21e-10
2018-10-11 22:43:31, 1.13e-12, 2.21e-10
2018-10-11 22:43:36, 1.04e-12, 2.22e-10
2018-10-11 22:43:40, 1.06e-12, 2.21e-10
2018-10-11 22:43:44, 1.07e-12, 2.21e-10
2018-10-11 22:43:48, 1.08e-12, 2.21e-10
2018-10-11 22:43:53, 1.05e-12, 2.21e-10
2018-10-11 22:43:57, 1.11e-12, 2.21e-10
2018-10-11 22:44:01, 1.07e-12, 2.21e-10
2018-10-11 22:44:05, 1.12e-12, 2.21e-10
2018-10-11 22:44:09, 1.01e-12, 2.21e-10
2018-10-11 22:44:14, 1.08e-12, 2.21e-10
2018-10-11 22:44:18, 1.08e-12, 2.21e-10
2018-10-11 22:44:22, 1.07e-12, 2.21e-10
2018-10-11 22:44:26, 1.1e-12, 2.21e-10
2018-10-11 22:44:31, 1.08e-12, 2.21e-10
2018-10-11 22:44:35, 1.03e-12, 2.21e-10
2018-10-11 22:44:39, 1.06e-12, 2.21e-10
2018-10-11 22:44:43, 1.08e-12, 2.21e-10
2018-10-11 22:44:47, 1.04e-12, 2.21e-10
2018-10-11 22:44:52, 1.22e-12, 2.21e-10
2018-10-11 22:44:56, 1.08e-12, 2.21e-10
2018-10-11 22:45:00, 1.09e-12, 2.21e-10
2018-10-11 22:45:04, 1.18e-12, 2.21e-10
2018-10-11 22:45:09, 1.11e-12, 2.21e-10
2018-10-11 22:45:13, 1.08e-12, 2.21e-10
2018-10-11 22:45:17, 1.08e-12, 2.21e-10
2018-10-11 22:45:21, 1.14e-12, 2.21e-10
2018-10-11 22:45:25, 1.11e-12, 2.21e-10
2018-10-11 22:45:30, 1.14e-12, 2.21e-10
2018-10-11 22:45:34, 1.03e-12, 2.21e-10
2018-10-11 22:45:38, 1.19e-12, 2.21e-10
2018-10-11 22:45:42, 1.06e-12, 2.21e-10
2018-10-11 22:45:47, 1.04e-12, 2.21e-10
2018-10-11 22:45:51, 1.02e-12, 2.21e-10
2018-10-11 22:45:55, 1.14e-12, 2.21e-10
2018-10-11 22:45:59, 1.06e-12, 2.2e-10
2018-10-11 22:46:03, 1e-12, 2.21e-10
2018-10-11 22:46:08, 1.08e-12, 2.21e-10
2018-10-11 22:46:12, 1.04e-12, 2.2e-10
2018-10-11 22:46:16, 1.1e-12, 2.2e-10
2018-10-11 22:46:20, 1.08e-12, 2.2e-10
2018-10-11 22:46:25, 1.08e-12, 2.21e-10
2018-10-11 22:46:29, 1.09e-12, 2.2e-10
2018-10-11 22:46:33, 9.74e-13, 2.21e-10
2018-10-11 22:46:37, 1.01e-12, 2.21e-10
2018-10-11 22:46:41, 1.1e-12, 2.2e-10
2018-10-11 22:46:46, 1.05e-12, 2.21e-10
2018-10-11 22:46:50, 1.04e-12, 2.2e-10
2018-10-11 22:46:54, 1.02e-12, 2.21e-10
2018-10-11 22:46:58, 9.99e-13, 2.21e-10
2018-10-11 22:47:03, 1.09e-12, 2.21e-10
2018-10-11 22:47:07, 1.02e-12, 2.2e-10
2018-10-11 22:47:11, 1e-12, 2.21e-10
2018-10-11 22:47:15, 1.18e-12, 2.21e-10
2018-10-11 22:47:19, 1.11e-12, 2.21e-10
2018-10-11 22:47:24, 1.05e-12, 2.21e-10
2018-10-11 22:47:28, 1.07e-12, 2.21e-10
2018-10-11 22:47:32, 1.08e-12, 2.2e-10
2018-10-11 22:47:36, 9.84e-13, 2.2e-10
2018-10-11 22:47:40, 1.11e-12, 2.21e-10
2018-10-11 22:47:45, 1.07e-12, 2.21e-10
2018-10-11 22:47:49, 1.02e-12, 2.21e-10
2018-10-11 22:47:53, 1.09e-12, 2.2e-10
2018-10-11 22:47:57, 1.04e-12, 2.2e-10
2018-10-11 22:48:02, 1.03e-12, 2.2e-10
2018-10-11 22:48:06, 1.1e-12, 2.2e-10
2018-10-11 22:48:10, 1.06e-12, 2.2e-10
2018-10-11 22:48:14, 1.12e-12, 2.2e-10
2018-10-11 22:48:19, 1.09e-12, 2.2e-10
2018-10-11 22:48:23, 1.06e-12, 2.2e-10
2018-10-11 22:48:27, 1.02e-12, 2.2e-10
2018-10-11 22:48:31, 1.07e-12, 2.2e-10
2018-10-11 22:48:35, 1.07e-12, 2.2e-10
2018-10-11 22:48:40, 1.02e-12, 2.2e-10
2018-10-11 22:48:44, 1.11e-12, 2.2e-10
2018-10-11 22:48:48, 1.14e-12, 2.2e-10
2018-10-11 22:48:52, 1.06e-12, 2.2e-10
2018-10-11 22:48:56, 1.07e-12, 2.2e-10
2018-10-11 22:49:01, 1.12e-12, 2.2e-10
2018-10-11 22:49:05, 1.03e-12, 2.2e-10
2018-10-11 22:49:09, 1.05e-12, 2.2e-10
2018-10-11 22:49:13, 1.09e-12, 2.2e-10
2018-10-11 22:49:18, 1.06e-12, 2.2e-10
2018-10-11 22:49:22, 1.1e-12, 2.2e-10
2018-10-11 22:49:26, 1.1e-12, 2.2e-10
2018-10-11 22:49:30, 1.2e-12, 2.2e-10
2018-10-11 22:49:34, 1.11e-12, 2.2e-10
2018-10-11 22:49:39, 1.07e-12, 2.2e-10
2018-10-11 22:49:43, 1.08e-12, 2.2e-10
2018-10-11 22:49:47, 9.67e-13, 2.2e-10
2018-10-11 22:49:51, 1.11e-12, 2.2e-10
2018-10-11 22:49:56, 1.11e-12, 2.2e-10
2018-10-11 22:50:00, 1.06e-12, 2.2e-10
2018-10-11 22:50:04, 1.12e-12, 2.2e-10
2018-10-11 22:50:08, 1.07e-12, 2.2e-10
2018-10-11 22:50:13, 1.11e-12, 2.2e-10
2018-10-11 22:50:17, 1.07e-12, 2.2e-10
2018-10-11 22:50:21, 1.17e-12, 2.2e-10
2018-10-11 22:50:25, 1e-12, 2.2e-10
2018-10-11 22:50:29, 1.02e-12, 2.2e-10
2018-10-11 22:50:34, 1.03e-12, 2.2e-10
2018-10-11 22:50:38, 1.06e-12, 2.2e-10
2018-10-11 22:50:42, 1.02e-12, 2.2e-10
2018-10-11 22:50:46, 1.02e-12, 2.2e-10
2018-10-11 22:50:50, 1.1e-12, 2.2e-10
2018-10-11 22:50:55, 1.12e-12, 2.2e-10
2018-10-11 22:50:59, 1.05e-12, 2.2e-10
2018-10-11 22:51:03, 1.05e-12, 2.2e-10
2018-10-11 22:51:07, 9.96e-13, 2.2e-10
2018-10-11 22:51:12, 1.08e-12, 2.2e-10
2018-10-11 22:51:16, 1.04e-12, 2.2e-10
2018-10-11 22:51:20, 1.09e-12, 2.2e-10
2018-10-11 22:51:24, 1.09e-12, 2.2e-10
2018-10-11 22:51:28, 1.09e-12, 2.2e-10
2018-10-11 22:51:33, 1.15e-12, 2.2e-10
2018-10-11 22:51:37, 1.04e-12, 2.2e-10
2018-10-11 22:51:41, 1.06e-12, 2.2e-10
2018-10-11 22:51:45, 1.04e-12, 2.2e-10
2018-10-11 22:51:50, 1.06e-12, 2.2e-10
2018-10-11 22:51:54, 1.04e-12, 2.2e-10
2018-10-11 22:51:58, 1.03e-12, 2.2e-10
2018-10-11 22:52:02, 1.14e-12, 2.2e-10
2018-10-11 22:52:06, 1.05e-12, 2.2e-10
2018-10-11 22:52:11, 1.09e-12, 2.2e-10
2018-10-11 22:52:15, 1.07e-12, 2.2e-10
2018-10-11 22:52:19, 1.03e-12, 2.2e-10
2018-10-11 22:52:23, 1.11e-12, 2.2e-10
2018-10-11 22:52:28, 1.07e-12, 2.2e-10
2018-10-11 22:52:32, 1.03e-12, 2.19e-10
2018-10-11 22:52:36, 1.04e-12, 2.19e-10
2018-10-11 22:52:40, 1.1e-12, 2.2e-10
2018-10-11 22:52:44, 1.12e-12, 2.19e-10
2018-10-11 22:52:49, 1.03e-12, 2.19e-10
2018-10-11 22:52:53, 1.07e-12, 2.2e-10
2018-10-11 22:52:57, 1.1e-12, 2.19e-10
2018-10-11 22:53:01, 1.08e-12, 2.2e-10
2018-10-11 22:53:06, 1.07e-12, 2.2e-10
2018-10-11 22:53:10, 1.04e-12, 2.2e-10
2018-10-11 22:53:14, 9.23e-13, 2.2e-10
2018-10-11 22:53:18, 9.39e-13, 2.2e-10
2018-10-11 22:53:22, 1.13e-12, 2.2e-10
2018-10-11 22:53:27, 1.01e-12, 2.2e-10
2018-10-11 22:53:31, 1.15e-12, 2.2e-10
2018-10-11 22:53:35, 1.05e-12, 2.2e-10
2018-10-11 22:53:39, 1.17e-12, 2.19e-10
2018-10-11 22:53:44, 1.07e-12, 2.2e-10
2018-10-11 22:53:48, 1.07e-12, 2.2e-10
2018-10-11 22:53:52, 1.02e-12, 2.2e-10
2018-10-11 22:53:56, 9.84e-13, 2.2e-10
2018-10-11 22:54:00, 1.01e-12, 2.2e-10
2018-10-11 22:54:05, 1.18e-12, 2.2e-10
2018-10-11 22:54:09, 1.13e-12, 2.19e-10
2018-10-11 22:54:13, 1.16e-12, 2.19e-10
2018-10-11 22:54:17, 1.04e-12, 2.2e-10
2018-10-11 22:54:22, 1.08e-12, 2.19e-10
2018-10-11 22:54:26, 1.07e-12, 2.19e-10
2018-10-11 22:54:30, 1.08e-12, 2.2e-10
2018-10-11 22:54:34, 1.08e-12, 2.19e-10
2018-10-11 22:54:38, 1.13e-12, 2.19e-10
2018-10-11 22:54:43, 1.11e-12, 2.19e-10
2018-10-11 22:54:47, 1.02e-12, 2.19e-10
2018-10-11 22:54:51, 1.04e-12, 2.19e-10
2018-10-11 22:54:55, 1.07e-12, 2.19e-10
2018-10-11 22:55:00, 1e-12, 2.19e-10
2018-10-11 22:55:04, 1.09e-12, 2.19e-10
2018-10-11 22:55:08, 1.15e-12, 2.19e-10
2018-10-11 22:55:12, 1.01e-12, 2.19e-10
2018-10-11 22:55:16, 1.04e-12, 2.19e-10
2018-10-11 22:55:21, 1.06e-12, 2.19e-10
2018-10-11 22:55:25, 1.06e-12, 2.2e-10
2018-10-11 22:55:29, 1.12e-12, 2.19e-10
2018-10-11 22:55:33, 1.06e-12, 2.19e-10
2018-10-11 22:55:38, 1.07e-12, 2.19e-10
2018-10-11 22:55:42, 1.09e-12, 2.19e-10
2018-10-11 22:55:46, 1.04e-12, 2.19e-10
2018-10-11 22:55:50, 1.07e-12, 2.19e-10
2018-10-11 22:55:54, 1.08e-12, 2.19e-10
2018-10-11 22:55:59, 1.05e-12, 2.19e-10
2018-10-11 22:56:03, 1.05e-12, 2.19e-10
2018-10-11 22:56:07, 1.08e-12, 2.19e-10
2018-10-11 22:56:11, 1.05e-12, 2.2e-10
2018-10-11 22:56:16, 1.06e-12, 2.2e-10
2018-10-11 22:56:20, 1.06e-12, 2.19e-10
2018-10-11 22:56:24, 8.88e-13, 2.19e-10
2018-10-11 22:56:28, 1.08e-12, 2.19e-10
2018-10-11 22:56:32, 9.88e-13, 2.19e-10
2018-10-11 22:56:37, 1.1e-12, 2.19e-10
2018-10-11 22:56:41, 9.9e-13, 2.19e-10
2018-10-11 22:56:45, 1.06e-12, 2.19e-10
2018-10-11 22:56:49, 1.06e-12, 2.19e-10
2018-10-11 22:56:54, 1.05e-12, 2.19e-10
2018-10-11 22:56:58, 1.04e-12, 2.19e-10
2018-10-11 22:57:02, 1.04e-12, 2.19e-10
2018-10-11 22:57:06, 1.09e-12, 2.19e-10
2018-10-11 22:57:10, 1.06e-12, 2.19e-10
2018-10-11 22:57:15, 1.05e-12, 2.19e-10
2018-10-11 22:57:19, 1.06e-12, 2.19e-10
2018-10-11 22:57:23, 1.08e-12, 2.19e-10
2018-10-11 22:57:27, 1.04e-12, 2.19e-10
2018-10-11 22:57:32, 1.02e-12, 2.19e-10
2018-10-11 22:57:36, 1.06e-12, 2.19e-10
2018-10-11 22:57:40, 1.06e-12, 2.2e-10
2018-10-11 22:57:44, 1.06e-12, 2.19e-10
2018-10-11 22:57:48, 1.09e-12, 2.19e-10
2018-10-11 22:57:53, 1.17e-12, 2.19e-10
2018-10-11 22:57:57, 1.05e-12, 2.19e-10
2018-10-11 22:58:01, 1.07e-12, 2.19e-10
2018-10-11 22:58:05, 1.09e-12, 2.19e-10
2018-10-11 22:58:10, 1.06e-12, 2.2e-10
2018-10-11 22:58:14, 1.05e-12, 2.2e-10
2018-10-11 22:58:18, 1.01e-12, 2.19e-10
2018-10-11 22:58:22, 1.02e-12, 2.2e-10
2018-10-11 22:58:26, 1.05e-12, 2.19e-10
2018-10-11 22:58:31, 1.04e-12, 2.2e-10
2018-10-11 22:58:35, 1e-12, 2.19e-10
2018-10-11 22:58:39, 1.07e-12, 2.19e-10
2018-10-11 22:58:43, 1.03e-12, 2.19e-10
2018-10-11 22:58:48, 9.89e-13, 2.19e-10
2018-10-11 22:58:52, 1.11e-12, 2.19e-10
2018-10-11 22:58:56, 1.1e-12, 2.19e-10
2018-10-11 22:59:00, 1.07e-12, 2.19e-10
2018-10-11 22:59:04, 1.07e-12, 2.19e-10
2018-10-11 22:59:09, 1.07e-12, 2.19e-10
2018-10-11 22:59:13, 1.05e-12, 2.19e-10
2018-10-11 22:59:17, 1.06e-12, 2.19e-10
2018-10-11 22:59:21, 1.01e-12, 2.19e-10
2018-10-11 22:59:26, 1.09e-12, 2.19e-10
2018-10-11 22:59:30, 1.02e-12, 2.19e-10
2018-10-11 22:59:34, 1.07e-12, 2.19e-10
2018-10-11 22:59:38, 1.05e-12, 2.19e-10
2018-10-11 22:59:42, 1.03e-12, 2.2e-10
2018-10-11 22:59:47, 1.05e-12, 2.2e-10
2018-10-11 22:59:51, 1.04e-12, 2.19e-10
2018-10-11 22:59:55, 1.01e-12, 2.19e-10
2018-10-11 22:59:59, 9.45e-13, 2.19e-10
2018-10-11 23:00:03, 1.13e-12, 2.19e-10
2018-10-11 23:00:08, 1.04e-12, 2.2e-10
2018-10-11 23:00:12, 1.07e-12, 2.2e-10
2018-10-11 23:00:16, 1.09e-12, 2.2e-10
2018-10-11 23:00:20, 9.11e-13, 2.2e-10
2018-10-11 23:00:25, 1.08e-12, 2.2e-10
2018-10-11 23:00:29, 1.07e-12, 2.2e-10
2018-10-11 23:00:33, 1.08e-12, 2.2e-10
2018-10-11 23:00:37, 1.06e-12, 2.2e-10
2018-10-11 23:00:41, 1.13e-12, 2.2e-10
2018-10-11 23:00:46, 9.67e-13, 2.2e-10
2018-10-11 23:00:50, 1.04e-12, 2.2e-10
2018-10-11 23:00:54, 1.08e-12, 2.19e-10
2018-10-11 23:00:58, 1.05e-12, 2.19e-10
2018-10-11 23:01:03, 1.06e-12, 2.19e-10
2018-10-11 23:01:07, 1.02e-12, 2.2e-10
2018-10-11 23:01:11, 1.05e-12, 2.2e-10
2018-10-11 23:01:15, 1.02e-12, 2.19e-10
2018-10-11 23:01:19, 1.22e-12, 2.2e-10
2018-10-11 23:01:24, 1.14e-12, 2.2e-10
2018-10-11 23:01:28, 1.01e-12, 2.2e-10
2018-10-11 23:01:32, 1.01e-12, 2.2e-10
2018-10-11 23:01:36, 1e-12, 2.2e-10
2018-10-11 23:01:41, 1.05e-12, 2.19e-10
2018-10-11 23:01:45, 1.07e-12, 2.19e-10
2018-10-11 23:01:49, 1.05e-12, 2.19e-10
2018-10-11 23:01:53, 1.11e-12, 2.2e-10
2018-10-11 23:01:57, 1.09e-12, 2.19e-10
2018-10-11 23:02:02, 1.09e-12, 2.2e-10
2018-10-11 23:02:06, 1e-12, 2.2e-10
2018-10-11 23:02:10, 1.08e-12, 2.2e-10
2018-10-11 23:02:14, 1.04e-12, 2.2e-10
2018-10-11 23:02:19, 1.03e-12, 2.2e-10
2018-10-11 23:02:23, 1.07e-12, 2.2e-10
2018-10-11 23:02:27, 9.75e-13, 2.2e-10
2018-10-11 23:02:31, 1.06e-12, 2.2e-10
2018-10-11 23:02:35, 1.11e-12, 2.2e-10
2018-10-11 23:02:40, 1.1e-12, 2.2e-10
2018-10-11 23:02:44, 1.08e-12, 2.2e-10
2018-10-11 23:02:48, 1.02e-12, 2.2e-10
2018-10-11 23:02:52, 1.05e-12, 2.2e-10
2018-10-11 23:02:57, 1.06e-12, 2.2e-10
2018-10-11 23:03:01, 1.09e-12, 2.2e-10
2018-10-11 23:03:05, 1.08e-12, 2.2e-10
2018-10-11 23:03:09, 1.08e-12, 2.2e-10
2018-10-11 23:03:13, 1.06e-12, 2.2e-10
2018-10-11 23:03:18, 1.1e-12, 2.2e-10
2018-10-11 23:03:22, 1.09e-12, 2.2e-10
2018-10-11 23:03:26, 1.11e-12, 2.2e-10
2018-10-11 23:03:30, 9.84e-13, 2.2e-10
2018-10-11 23:03:35, 1.04e-12, 2.2e-10
2018-10-11 23:03:39, 1.02e-12, 2.2e-10
2018-10-11 23:03:43, 1.06e-12, 2.2e-10
2018-10-11 23:03:47, 1.07e-12, 2.2e-10
2018-10-11 23:03:51, 1.1e-12, 2.19e-10
2018-10-11 23:03:56, 1e-12, 2.2e-10
2018-10-11 23:04:00, 1.06e-12, 2.2e-10
2018-10-11 23:04:04, 1.04e-12, 2.19e-10
2018-10-11 23:04:08, 1.01e-12, 2.2e-10
2018-10-11 23:04:13, 1.1e-12, 2.19e-10
2018-10-11 23:04:17, 1.16e-12, 2.19e-10
2018-10-11 23:04:21, 1.1e-12, 2.2e-10
2018-10-11 23:04:25, 1.08e-12, 2.2e-10
2018-10-11 23:04:29, 1.13e-12, 2.19e-10
2018-10-11 23:04:34, 1.11e-12, 2.2e-10
2018-10-11 23:04:38, 1.03e-12, 2.2e-10
2018-10-11 23:04:42, 1.1e-12, 2.2e-10
2018-10-11 23:04:46, 1.05e-12, 2.2e-10
2018-10-11 23:04:51, 1.05e-12, 2.2e-10
2018-10-11 23:04:55, 1.02e-12, 2.2e-10
2018-10-11 23:04:59, 1.05e-12, 2.19e-10
2018-10-11 23:05:03, 1.13e-12, 2.2e-10
2018-10-11 23:05:07, 1.04e-12, 2.2e-10
2018-10-11 23:05:12, 1.02e-12, 2.2e-10
2018-10-11 23:05:16, 1.05e-12, 2.2e-10
2018-10-11 23:05:20, 1.09e-12, 2.2e-10
2018-10-11 23:05:24, 1.06e-12, 2.19e-10
2018-10-11 23:05:29, 1.12e-12, 2.2e-10
2018-10-11 23:05:33, 1.08e-12, 2.2e-10
2018-10-11 23:05:37, 1.05e-12, 2.2e-10
2018-10-11 23:05:41, 1.07e-12, 2.2e-10
2018-10-11 23:05:45, 1.05e-12, 2.2e-10
2018-10-11 23:05:50, 1.01e-12, 2.2e-10
2018-10-11 23:05:54, 1.11e-12, 2.2e-10
2018-10-11 23:05:58, 1.05e-12, 2.2e-10
2018-10-11 23:06:02, 1.19e-12, 2.2e-10
2018-10-11 23:06:07, 1.03e-12, 2.2e-10
2018-10-11 23:06:11, 1.07e-12, 2.2e-10
2018-10-11 23:06:15, 1.07e-12, 2.19e-10
2018-10-11 23:06:19, 1.07e-12, 2.2e-10
2018-10-11 23:06:23, 1.06e-12, 2.2e-10
2018-10-11 23:06:28, 1.04e-12, 2.2e-10
2018-10-11 23:06:32, 1.04e-12, 2.2e-10
2018-10-11 23:06:36, 1.02e-12, 2.2e-10
2018-10-11 23:06:40, 1.07e-12, 2.19e-10
2018-10-11 23:06:44, 1.1e-12, 2.2e-10
2018-10-11 23:06:49, 1.06e-12, 2.2e-10
2018-10-11 23:06:53, 9.56e-13, 2.2e-10
2018-10-11 23:06:57, 1.01e-12, 2.2e-10
2018-10-11 23:07:01, 1.07e-12, 2.2e-10
2018-10-11 23:07:06, 1.08e-12, 2.2e-10
2018-10-11 23:07:10, 1.05e-12, 2.2e-10
2018-10-11 23:07:14, 1.1e-12, 2.2e-10
2018-10-11 23:07:18, 1.08e-12, 2.2e-10
2018-10-11 23:07:22, 1.08e-12, 2.19e-10
2018-10-11 23:07:27, 1.06e-12, 2.19e-10
2018-10-11 23:07:31, 1.03e-12, 2.2e-10
2018-10-11 23:07:35, 1.07e-12, 2.2e-10
2018-10-11 23:07:39, 1.08e-12, 2.2e-10
2018-10-11 23:07:44, 1.13e-12, 2.2e-10
2018-10-11 23:07:48, 1.07e-12, 2.2e-10
2018-10-11 23:07:52, 1.02e-12, 2.19e-10
2018-10-11 23:07:56, 1.06e-12, 2.2e-10
2018-10-11 23:08:00, 1.08e-12, 2.2e-10
2018-10-11 23:08:05, 1.1e-12, 2.19e-10
2018-10-11 23:08:09, 1.09e-12, 2.19e-10
2018-10-11 23:08:13, 1.08e-12, 2.19e-10
2018-10-11 23:08:17, 1.12e-12, 2.19e-10
2018-10-11 23:08:22, 1.09e-12, 2.2e-10
2018-10-11 23:08:26, 1.1e-12, 2.19e-10
2018-10-11 23:08:30, 1.05e-12, 2.19e-10
2018-10-11 23:08:34, 1.01e-12, 2.19e-10
2018-10-11 23:08:38, 1.04e-12, 2.19e-10
2018-10-11 23:08:43, 1.05e-12, 2.2e-10
2018-10-11 23:08:47, 9.92e-13, 2.2e-10
2018-10-11 23:08:51, 1.05e-12, 2.2e-10
2018-10-11 23:08:55, 1.22e-12, 2.19e-10
2018-10-11 23:09:00, 1.06e-12, 2.19e-10
2018-10-11 23:09:04, 9.92e-13, 2.2e-10
2018-10-11 23:09:08, 1.05e-12, 2.2e-10
2018-10-11 23:09:12, 1.08e-12, 2.19e-10
2018-10-11 23:09:16, 9.48e-13, 2.2e-10
2018-10-11 23:09:21, 8.87e-13, 2.19e-10
2018-10-11 23:09:25, 9.95e-13, 2.2e-10
2018-10-11 23:09:29, 1.09e-12, 2.2e-10
2018-10-11 23:09:33, 1.02e-12, 2.2e-10
2018-10-11 23:09:38, 1.09e-12, 2.19e-10
2018-10-11 23:09:42, 1.05e-12, 2.19e-10
2018-10-11 23:09:46, 1.05e-12, 2.2e-10
2018-10-11 23:09:50, 1.25e-12, 2.2e-10
2018-10-11 23:09:54, 1.06e-12, 2.19e-10
2018-10-11 23:09:59, 1.11e-12, 2.2e-10
2018-10-11 23:10:03, 1.05e-12, 2.19e-10
2018-10-11 23:10:07, 1.02e-12, 2.19e-10
2018-10-11 23:10:11, 1.01e-12, 2.19e-10
2018-10-11 23:10:16, 1.04e-12, 2.19e-10
2018-10-11 23:10:20, 1.07e-12, 2.19e-10
2018-10-11 23:10:24, 1.14e-12, 2.19e-10
2018-10-11 23:10:28, 1.12e-12, 2.19e-10
2018-10-11 23:10:32, 1.03e-12, 2.19e-10
2018-10-11 23:10:37, 1.03e-12, 2.19e-10
2018-10-11 23:10:41, 1.03e-12, 2.19e-10
2018-10-11 23:10:45, 1.09e-12, 2.2e-10
2018-10-11 23:10:49, 1.17e-12, 2.19e-10
2018-10-11 23:10:54, 1.15e-12, 2.19e-10
2018-10-11 23:10:58, 1.12e-12, 2.19e-10
2018-10-11 23:11:02, 1.05e-12, 2.2e-10
2018-10-11 23:11:06, 1.01e-12, 2.19e-10
2018-10-11 23:11:10, 9.47e-13, 2.19e-10
2018-10-11 23:11:15, 1.05e-12, 2.19e-10
2018-10-11 23:11:19, 1.02e-12, 2.19e-10
2018-10-11 23:11:23, 1.06e-12, 2.19e-10
2018-10-11 23:11:27, 1.02e-12, 2.19e-10
2018-10-11 23:11:32, 1.05e-12, 2.19e-10
2018-10-11 23:11:36, 1.08e-12, 2.19e-10
2018-10-11 23:11:40, 1.09e-12, 2.2e-10
2018-10-11 23:11:44, 1.11e-12, 2.2e-10
2018-10-11 23:11:48, 1.04e-12, 2.19e-10
2018-10-11 23:11:53, 9.03e-13, 2.19e-10
2018-10-11 23:11:57, 1.03e-12, 2.19e-10
2018-10-11 23:12:01, 1.08e-12, 2.19e-10
2018-10-11 23:12:05, 1.1e-12, 2.19e-10
2018-10-11 23:12:10, 1.07e-12, 2.19e-10
2018-10-11 23:12:14, 1.04e-12, 2.19e-10
2018-10-11 23:12:18, 1.1e-12, 2.2e-10
2018-10-11 23:12:22, 1.08e-12, 2.19e-10
2018-10-11 23:12:26, 1e-12, 2.19e-10
2018-10-11 23:12:31, 1.03e-12, 2.19e-10
2018-10-11 23:12:35, 1.03e-12, 2.19e-10
2018-10-11 23:12:39, 1.07e-12, 2.19e-10
2018-10-11 23:12:43, 1.01e-12, 2.19e-10
2018-10-11 23:12:48, 1.06e-12, 2.19e-10
2018-10-11 23:12:52, 1.04e-12, 2.19e-10
2018-10-11 23:12:56, 1.1e-12, 2.19e-10
2018-10-11 23:13:00, 1.03e-12, 2.19e-10
2018-10-11 23:13:04, 1e-12, 2.19e-10
2018-10-11 23:13:09, 1.1e-12, 2.19e-10
2018-10-11 23:13:13, 1.07e-12, 2.19e-10
2018-10-11 23:13:17, 1.01e-12, 2.19e-10
2018-10-11 23:13:21, 1.01e-12, 2.19e-10
2018-10-11 23:13:25, 1.09e-12, 2.19e-10
2018-10-11 23:13:30, 1.08e-12, 2.19e-10
2018-10-11 23:13:34, 1.03e-12, 2.2e-10
2018-10-11 23:13:38, 1.05e-12, 2.2e-10
2018-10-11 23:13:42, 1.06e-12, 2.2e-10
2018-10-11 23:13:47, 1.09e-12, 2.19e-10
2018-10-11 23:13:51, 1.04e-12, 2.19e-10
2018-10-11 23:13:55, 1.07e-12, 2.19e-10
2018-10-11 23:13:59, 1.04e-12, 2.2e-10
2018-10-11 23:14:03, 1.06e-12, 2.19e-10
2018-10-11 23:14:08, 1.05e-12, 2.19e-10
2018-10-11 23:14:12, 1e-12, 2.19e-10
2018-10-11 23:14:16, 1e-12, 2.19e-10
2018-10-11 23:14:20, 1.1e-12, 2.19e-10
2018-10-11 23:14:25, 1.03e-12, 2.19e-10
2018-10-11 23:14:29, 1.07e-12, 2.19e-10
2018-10-11 23:14:33, 1.08e-12, 2.19e-10
2018-10-11 23:14:37, 1.08e-12, 2.19e-10
2018-10-11 23:14:41, 1.07e-12, 2.19e-10
2018-10-11 23:14:46, 1.12e-12, 2.19e-10
2018-10-11 23:14:50, 1.06e-12, 2.19e-10
2018-10-11 23:14:54, 1e-12, 2.19e-10
2018-10-11 23:14:58, 1.09e-12, 2.19e-10
2018-10-11 23:15:03, 1.04e-12, 2.19e-10
2018-10-11 23:15:07, 1.08e-12, 2.19e-10
2018-10-11 23:15:11, 1.02e-12, 2.19e-10
2018-10-11 23:15:15, 1.08e-12, 2.19e-10
2018-10-11 23:15:19, 1.08e-12, 2.19e-10
2018-10-11 23:15:24, 1.04e-12, 2.2e-10
2018-10-11 23:15:28, 1.05e-12, 2.19e-10
2018-10-11 23:15:32, 1.07e-12, 2.19e-10
2018-10-11 23:15:36, 1.2e-12, 2.19e-10
2018-10-11 23:15:41, 1.07e-12, 2.19e-10
2018-10-11 23:15:45, 1.04e-12, 2.19e-10
2018-10-11 23:15:49, 1.11e-12, 2.19e-10
2018-10-11 23:15:53, 1.08e-12, 2.19e-10
2018-10-11 23:15:57, 1.01e-12, 2.19e-10
2018-10-11 23:16:02, 1.06e-12, 2.19e-10
2018-10-11 23:16:06, 1.06e-12, 2.19e-10
2018-10-11 23:16:10, 1.04e-12, 2.19e-10
2018-10-11 23:16:14, 1.07e-12, 2.19e-10
2018-10-11 23:16:19, 1.05e-12, 2.19e-10
2018-10-11 23:16:23, 9.51e-13, 2.19e-10
2018-10-11 23:16:27, 1.01e-12, 2.19e-10
2018-10-11 23:16:31, 1.08e-12, 2.19e-10
2018-10-11 23:16:35, 1.06e-12, 2.2e-10
2018-10-11 23:16:40, 1.03e-12, 2.2e-10
2018-10-11 23:16:44, 1.06e-12, 2.2e-10
2018-10-11 23:16:48, 1.03e-12, 2.19e-10
2018-10-11 23:16:52, 1.09e-12, 2.2e-10
2018-10-11 23:16:57, 1.11e-12, 2.19e-10
2018-10-11 23:17:01, 1.09e-12, 2.19e-10
2018-10-11 23:17:05, 1.21e-12, 2.19e-10
2018-10-11 23:17:09, 1.13e-12, 2.19e-10
2018-10-11 23:17:13, 1.03e-12, 2.19e-10
2018-10-11 23:17:18, 1.07e-12, 2.19e-10
2018-10-11 23:17:22, 1.04e-12, 2.19e-10
2018-10-11 23:17:26, 1.07e-12, 2.19e-10
2018-10-11 23:17:30, 1.05e-12, 2.19e-10
2018-10-11 23:17:35, 1.06e-12, 2.19e-10
2018-10-11 23:17:39, 1.1e-12, 2.19e-10
2018-10-11 23:17:43, 1.05e-12, 2.19e-10
2018-10-11 23:17:47, 1.07e-12, 2.19e-10
2018-10-11 23:17:51, 1.05e-12, 2.19e-10
2018-10-11 23:17:56, 1.03e-12, 2.19e-10
2018-10-11 23:18:00, 1.06e-12, 2.19e-10
2018-10-11 23:18:04, 1.11e-12, 2.19e-10
2018-10-11 23:18:08, 1.04e-12, 2.19e-10
2018-10-11 23:18:13, 1.08e-12, 2.19e-10
2018-10-11 23:18:17, 1.06e-12, 2.19e-10
2018-10-11 23:18:21, 1.04e-12, 2.19e-10
2018-10-11 23:18:25, 1.12e-12, 2.2e-10
2018-10-11 23:18:29, 1.18e-12, 2.19e-10
2018-10-11 23:18:34, 1.02e-12, 2.2e-10
2018-10-11 23:18:38, 1.03e-12, 2.2e-10
2018-10-11 23:18:42, 1.09e-12, 2.19e-10
2018-10-11 23:18:46, 1.15e-12, 2.19e-10
2018-10-11 23:18:50, 1.1e-12, 2.19e-10
2018-10-11 23:18:55, 1.09e-12, 2.19e-10
2018-10-11 23:18:59, 1.05e-12, 2.19e-10
2018-10-11 23:19:03, 1.04e-12, 2.19e-10
2018-10-11 23:19:07, 1.04e-12, 2.19e-10
2018-10-11 23:19:12, 1.06e-12, 2.19e-10
2018-10-11 23:19:16, 1.08e-12, 2.19e-10
2018-10-11 23:19:20, 9.81e-13, 2.19e-10
2018-10-11 23:19:24, 1.14e-12, 2.19e-10
2018-10-11 23:19:28, 1.07e-12, 2.19e-10
2018-10-11 23:19:33, 1.14e-12, 2.19e-10
2018-10-11 23:19:37, 1.12e-12, 2.19e-10
2018-10-11 23:19:41, 1.06e-12, 2.19e-10
2018-10-11 23:19:45, 1.05e-12, 2.19e-10
2018-10-11 23:19:50, 1.07e-12, 2.19e-10
2018-10-11 23:19:54, 1.02e-12, 2.19e-10
2018-10-11 23:19:58, 1.04e-12, 2.19e-10
2018-10-11 23:20:02, 1.02e-12, 2.19e-10
2018-10-11 23:20:06, 1.05e-12, 2.19e-10
2018-10-11 23:20:11, 1.05e-12, 2.19e-10
2018-10-11 23:20:15, 1.03e-12, 2.19e-10
2018-10-11 23:20:19, 1.03e-12, 2.19e-10
2018-10-11 23:20:23, 1e-12, 2.19e-10
2018-10-11 23:20:28, 1.04e-12, 2.19e-10
2018-10-11 23:20:32, 1.12e-12, 2.19e-10
2018-10-11 23:20:36, 1.03e-12, 2.19e-10
2018-10-11 23:20:40, 1.04e-12, 2.19e-10
2018-10-11 23:20:44, 9.91e-13, 2.19e-10
2018-10-11 23:20:49, 1.03e-12, 2.19e-10
2018-10-11 23:20:53, 1.07e-12, 2.19e-10
2018-10-11 23:20:57, 1.03e-12, 2.19e-10
2018-10-11 23:21:01, 1.03e-12, 2.19e-10
2018-10-11 23:21:06, 1.06e-12, 2.19e-10
2018-10-11 23:21:10, 1.1e-12, 2.19e-10
2018-10-11 23:21:14, 1.12e-12, 2.19e-10
2018-10-11 23:21:18, 1.06e-12, 2.19e-10
2018-10-11 23:21:22, 1.06e-12, 2.19e-10
2018-10-11 23:21:27, 1.1e-12, 2.19e-10
2018-10-11 23:21:31, 1.05e-12, 2.19e-10
2018-10-11 23:21:35, 1.08e-12, 2.19e-10
2018-10-11 23:21:39, 1.05e-12, 2.19e-10
2018-10-11 23:21:44, 1.11e-12, 2.19e-10
2018-10-11 23:21:48, 1e-12, 2.19e-10
2018-10-11 23:21:52, 1.13e-12, 2.19e-10
2018-10-11 23:21:56, 1.03e-12, 2.19e-10
2018-10-11 23:22:00, 1.1e-12, 2.19e-10
2018-10-11 23:22:05, 1.08e-12, 2.19e-10
2018-10-11 23:22:09, 1.04e-12, 2.19e-10
2018-10-11 23:22:13, 1.11e-12, 2.19e-10
2018-10-11 23:22:17, 1.08e-12, 2.19e-10
2018-10-11 23:22:22, 1.08e-12, 2.19e-10
2018-10-11 23:22:26, 1.09e-12, 2.19e-10
2018-10-11 23:22:30, 1.09e-12, 2.19e-10
2018-10-11 23:22:34, 1.01e-12, 2.19e-10
2018-10-11 23:22:38, 1.01e-12, 2.19e-10
2018-10-11 23:22:43, 1.08e-12, 2.19e-10
2018-10-11 23:22:47, 1.09e-12, 2.19e-10
2018-10-11 23:22:51, 1.07e-12, 2.19e-10
2018-10-11 23:22:55, 1.08e-12, 2.19e-10
2018-10-11 23:23:00, 1.08e-12, 2.19e-10
2018-10-11 23:23:04, 1.05e-12, 2.19e-10
2018-10-11 23:23:08, 1.07e-12, 2.19e-10
2018-10-11 23:23:12, 1.05e-12, 2.19e-10
2018-10-11 23:23:16, 1.05e-12, 2.19e-10
2018-10-11 23:23:21, 1.05e-12, 2.19e-10
2018-10-11 23:23:25, 1.01e-12, 2.19e-10
2018-10-11 23:23:29, 1.04e-12, 2.19e-10
2018-10-11 23:23:33, 1.06e-12, 2.19e-10
2018-10-11 23:23:38, 1.06e-12, 2.19e-10
2018-10-11 23:23:42, 1.11e-12, 2.19e-10
2018-10-11 23:23:46, 1.08e-12, 2.19e-10
2018-10-11 23:23:50, 1.08e-12, 2.19e-10
2018-10-11 23:23:54, 1.1e-12, 2.19e-10
2018-10-11 23:23:59, 1.22e-12, 2.19e-10
2018-10-11 23:24:03, 1.09e-12, 2.19e-10
2018-10-11 23:24:07, 1.04e-12, 2.19e-10
2018-10-11 23:24:11, 1.1e-12, 2.19e-10
2018-10-11 23:24:16, 1.09e-12, 2.19e-10
2018-10-11 23:24:20, 1.11e-12, 2.19e-10
2018-10-11 23:24:24, 1.08e-12, 2.19e-10
2018-10-11 23:24:28, 1.06e-12, 2.19e-10
2018-10-11 23:24:32, 1e-12, 2.19e-10
2018-10-11 23:24:37, 1.2e-12, 2.19e-10
2018-10-11 23:24:41, 1.01e-12, 2.19e-10
2018-10-11 23:24:45, 1.04e-12, 2.19e-10
2018-10-11 23:24:49, 1.06e-12, 2.19e-10
2018-10-11 23:24:53, 1.02e-12, 2.19e-10
2018-10-11 23:24:58, 1.05e-12, 2.19e-10
2018-10-11 23:25:02, 1.06e-12, 2.19e-10
2018-10-11 23:25:06, 1.27e-12, 2.19e-10
2018-10-11 23:25:10, 1.18e-12, 2.19e-10
2018-10-11 23:25:15, 1.09e-12, 2.19e-10
2018-10-11 23:25:19, 1.03e-12, 2.19e-10
2018-10-11 23:25:23, 1.05e-12, 2.19e-10
2018-10-11 23:25:27, 1.09e-12, 2.19e-10
2018-10-11 23:25:31, 1.05e-12, 2.19e-10
2018-10-11 23:25:36, 1.06e-12, 2.19e-10
2018-10-11 23:25:40, 9.88e-13, 2.19e-10
2018-10-11 23:25:44, 1.03e-12, 2.19e-10
2018-10-11 23:25:48, 1.07e-12, 2.19e-10
2018-10-11 23:25:53, 1.08e-12, 2.19e-10
2018-10-11 23:25:57, 1.22e-12, 2.19e-10
2018-10-11 23:26:01, 1.08e-12, 2.19e-10
2018-10-11 23:26:05, 1.06e-12, 2.2e-10
2018-10-11 23:26:09, 1.1e-12, 2.19e-10
2018-10-11 23:26:14, 1.15e-12, 2.2e-10
2018-10-11 23:26:18, 1.06e-12, 2.19e-10
2018-10-11 23:26:22, 1.11e-12, 2.19e-10
2018-10-11 23:26:26, 1.05e-12, 2.19e-10
2018-10-11 23:26:31, 1.09e-12, 2.19e-10
2018-10-11 23:26:35, 1.05e-12, 2.19e-10
2018-10-11 23:26:39, 1.13e-12, 2.19e-10
2018-10-11 23:26:43, 1.06e-12, 2.19e-10
2018-10-11 23:26:47, 1.03e-12, 2.19e-10
2018-10-11 23:26:52, 1.09e-12, 2.19e-10
2018-10-11 23:26:56, 1.06e-12, 2.19e-10
2018-10-11 23:27:00, 9.76e-13, 2.19e-10
2018-10-11 23:27:04, 1.01e-12, 2.19e-10
2018-10-11 23:27:09, 1.08e-12, 2.19e-10
2018-10-11 23:27:13, 1.05e-12, 2.2e-10
2018-10-11 23:27:17, 1.05e-12, 2.19e-10
2018-10-11 23:27:21, 1.12e-12, 2.19e-10
2018-10-11 23:27:25, 1.12e-12, 2.19e-10
2018-10-11 23:27:30, 1.04e-12, 2.19e-10
2018-10-11 23:27:34, 1.05e-12, 2.2e-10
2018-10-11 23:27:38, 1.06e-12, 2.2e-10
2018-10-11 23:27:42, 1.05e-12, 2.2e-10
2018-10-11 23:27:47, 1.08e-12, 2.19e-10
2018-10-11 23:27:51, 1.08e-12, 2.19e-10
2018-10-11 23:27:55, 1.14e-12, 2.19e-10
2018-10-11 23:27:59, 1.02e-12, 2.19e-10
2018-10-11 23:28:03, 1.1e-12, 2.2e-10
2018-10-11 23:28:08, 1.09e-12, 2.2e-10
2018-10-11 23:28:12, 1.13e-12, 2.19e-10
2018-10-11 23:28:16, 1.1e-12, 2.2e-10
2018-10-11 23:28:20, 1.14e-12, 2.2e-10
2018-10-11 23:28:25, 1.14e-12, 2.19e-10
2018-10-11 23:28:29, 1.02e-12, 2.19e-10
2018-10-11 23:28:33, 9.76e-13, 2.19e-10
2018-10-11 23:28:37, 1.02e-12, 2.2e-10
2018-10-11 23:28:41, 1.07e-12, 2.2e-10
2018-10-11 23:28:46, 1.1e-12, 2.19e-10
2018-10-11 23:28:50, 1.05e-12, 2.2e-10
2018-10-11 23:28:54, 9.64e-13, 2.19e-10
2018-10-11 23:28:58, 1.02e-12, 2.2e-10
2018-10-11 23:29:03, 1.03e-12, 2.2e-10
2018-10-11 23:29:07, 1.08e-12, 2.2e-10
2018-10-11 23:29:11, 1.09e-12, 2.19e-10
2018-10-11 23:29:15, 1.06e-12, 2.19e-10
2018-10-11 23:29:19, 1.03e-12, 2.19e-10
2018-10-11 23:29:24, 1.01e-12, 2.19e-10
2018-10-11 23:29:28, 1.06e-12, 2.19e-10
2018-10-11 23:29:32, 1.07e-12, 2.2e-10
2018-10-11 23:29:36, 1.02e-12, 2.19e-10
2018-10-11 23:29:41, 1.04e-12, 2.2e-10
2018-10-11 23:29:45, 1.06e-12, 2.19e-10
2018-10-11 23:29:49, 1.01e-12, 2.19e-10
2018-10-11 23:29:53, 1.08e-12, 2.19e-10
2018-10-11 23:29:57, 1.09e-12, 2.19e-10
2018-10-11 23:30:02, 1.06e-12, 2.19e-10
2018-10-11 23:30:06, 1.08e-12, 2.19e-10
2018-10-11 23:30:10, 9.47e-13, 2.19e-10
