2019-10-26, 00:00:01, 9.97e-13, 9e-11
2019-10-26, 00:00:05, 1.03e-12, 9.02e-11
2019-10-26, 00:00:10, 8.99e-13, 9e-11
2019-10-26, 00:00:14, 1.05e-12, 9.04e-11
2019-10-26, 00:00:18, 9.7e-13, 9.01e-11
2019-10-26, 00:00:22, 9.47e-13, 9.02e-11
2019-10-26, 00:00:26, 1.03e-12, 9.08e-11
2019-10-26, 00:00:31, 9.32e-13, 9.06e-11
2019-10-26, 00:00:35, 1e-12, 9.1e-11
2019-10-26, 00:00:39, 9.88e-13, 9.09e-11
2019-10-26, 00:00:43, 8.31e-13, 9.03e-11
2019-10-26, 00:00:48, 9.9e-13, 9.03e-11
2019-10-26, 00:00:52, 1e-12, 9.03e-11
2019-10-26, 00:00:56, 9.78e-13, 8.99e-11
2019-10-26, 00:01:00, 9.56e-13, 9.03e-11
2019-10-26, 00:01:04, 9.7e-13, 9.02e-11
2019-10-26, 00:01:09, 9.71e-13, 9.01e-11
2019-10-26, 00:01:13, 9.57e-13, 9.02e-11
2019-10-26, 00:01:17, 1e-12, 9.01e-11
2019-10-26, 00:01:21, 1.03e-12, 9.01e-11
2019-10-26, 00:01:25, 1.04e-12, 9.02e-11
2019-10-26, 00:01:30, 1.01e-12, 9.04e-11
2019-10-26, 00:01:34, 1.1e-12, 9.03e-11
2019-10-26, 00:01:38, 9.75e-13, 9.01e-11
2019-10-26, 00:01:42, 1.12e-12, 8.97e-11
2019-10-26, 00:01:47, 9.94e-13, 9.05e-11
2019-10-26, 00:01:51, 9.64e-13, 9.07e-11
2019-10-26, 00:01:55, 9.53e-13, 9.06e-11
2019-10-26, 00:01:59, 1.02e-12, 9e-11
2019-10-26, 00:02:03, 1.01e-12, 9.02e-11
2019-10-26, 00:02:08, 9.75e-13, 9e-11
2019-10-26, 00:02:12, 1e-12, 9.02e-11
2019-10-26, 00:02:16, 1.14e-12, 9e-11
2019-10-26, 00:02:20, 9.53e-13, 9.04e-11
2019-10-26, 00:02:25, 1.13e-12, 8.95e-11
2019-10-26, 00:02:29, 9.51e-13, 9.06e-11
2019-10-26, 00:02:33, 9.93e-13, 9.02e-11
2019-10-26, 00:02:37, 9.93e-13, 9.04e-11
2019-10-26, 00:02:41, 1.03e-12, 9.05e-11
2019-10-26, 00:02:46, 9.98e-13, 9.01e-11
2019-10-26, 00:02:50, 9.29e-13, 8.99e-11
2019-10-26, 00:02:54, 9.91e-13, 9.01e-11
2019-10-26, 00:02:58, 1e-12, 8.97e-11
2019-10-26, 00:03:03, 1.03e-12, 8.97e-11
2019-10-26, 00:03:07, 9.55e-13, 9.01e-11
2019-10-26, 00:03:11, 9.75e-13, 9.02e-11
2019-10-26, 00:03:15, 9.8e-13, 8.99e-11
2019-10-26, 00:03:19, 9.73e-13, 8.99e-11
2019-10-26, 00:03:24, 9.13e-13, 9.01e-11
2019-10-26, 00:03:28, 9.64e-13, 8.96e-11
2019-10-26, 00:03:32, 1.02e-12, 8.98e-11
2019-10-26, 00:03:36, 1.03e-12, 9.01e-11
2019-10-26, 00:03:41, 9.6e-13, 9.02e-11
2019-10-26, 00:03:45, 1.01e-12, 9.01e-11
2019-10-26, 00:03:49, 9.78e-13, 9e-11
2019-10-26, 00:03:53, 9.95e-13, 8.97e-11
2019-10-26, 00:03:57, 1.03e-12, 9.03e-11
2019-10-26, 00:04:02, 1.02e-12, 9e-11
2019-10-26, 00:04:06, 9.6e-13, 9e-11
2019-10-26, 00:04:10, 1e-12, 9e-11
2019-10-26, 00:04:14, 1.02e-12, 9.02e-11
2019-10-26, 00:04:19, 1.03e-12, 8.99e-11
2019-10-26, 00:04:23, 9.89e-13, 9.01e-11
2019-10-26, 00:04:27, 1.01e-12, 8.96e-11
2019-10-26, 00:04:31, 9.76e-13, 9.02e-11
2019-10-26, 00:04:35, 1e-12, 8.97e-11
2019-10-26, 00:04:40, 1.1e-12, 9.02e-11
2019-10-26, 00:04:44, 9.81e-13, 9.02e-11
2019-10-26, 00:04:48, 9.48e-13, 8.96e-11
2019-10-26, 00:04:52, 9.71e-13, 8.98e-11
2019-10-26, 00:04:57, 9.65e-13, 9.03e-11
2019-10-26, 00:05:01, 9.16e-13, 8.96e-11
2019-10-26, 00:05:05, 9.78e-13, 8.98e-11
2019-10-26, 00:05:09, 1e-12, 9.03e-11
2019-10-26, 00:05:13, 9.11e-13, 9.02e-11
2019-10-26, 00:05:18, 9.7e-13, 8.96e-11
2019-10-26, 00:05:22, 9.84e-13, 9e-11
2019-10-26, 00:05:26, 9.64e-13, 8.99e-11
2019-10-26, 00:05:30, 1.02e-12, 9.02e-11
2019-10-26, 00:05:34, 8.47e-13, 9.03e-11
2019-10-26, 00:05:39, 1.01e-12, 9.04e-11
2019-10-26, 00:05:43, 9.46e-13, 9e-11
2019-10-26, 00:05:47, 9.79e-13, 8.99e-11
2019-10-26, 00:05:51, 9.4e-13, 9.02e-11
2019-10-26, 00:05:56, 9.79e-13, 8.99e-11
2019-10-26, 00:06:00, 1.03e-12, 9.01e-11
2019-10-26, 00:06:04, 1.01e-12, 8.97e-11
2019-10-26, 00:06:08, 9.56e-13, 9e-11
2019-10-26, 00:06:12, 9.7e-13, 9.01e-11
2019-10-26, 00:06:17, 9.95e-13, 8.99e-11
2019-10-26, 00:06:21, 1.02e-12, 9.04e-11
2019-10-26, 00:06:25, 9.78e-13, 8.99e-11
2019-10-26, 00:06:29, 9.66e-13, 9.02e-11
2019-10-26, 00:06:34, 9.12e-13, 9.01e-11
2019-10-26, 00:06:38, 9.35e-13, 8.92e-11
2019-10-26, 00:06:42, 9.81e-13, 8.98e-11
2019-10-26, 00:06:46, 9.95e-13, 9e-11
2019-10-26, 00:06:50, 9e-13, 9e-11
2019-10-26, 00:06:55, 9.8e-13, 8.99e-11
2019-10-26, 00:06:59, 9.92e-13, 9.03e-11
2019-10-26, 00:07:03, 1.05e-12, 8.99e-11
2019-10-26, 00:07:07, 1.1e-12, 8.97e-11
2019-10-26, 00:07:12, 9.46e-13, 9.05e-11
2019-10-26, 00:07:16, 9.97e-13, 9e-11
2019-10-26, 00:07:20, 9.75e-13, 9.02e-11
2019-10-26, 00:07:24, 1.05e-12, 9.02e-11
2019-10-26, 00:07:28, 9.38e-13, 9.05e-11
2019-10-26, 00:07:33, 1.11e-12, 9.01e-11
2019-10-26, 00:07:37, 9.95e-13, 8.95e-11
2019-10-26, 00:07:41, 9.73e-13, 8.99e-11
2019-10-26, 00:07:45, 9.94e-13, 9e-11
2019-10-26, 00:07:50, 9.53e-13, 8.98e-11
2019-10-26, 00:07:54, 9.91e-13, 8.99e-11
2019-10-26, 00:07:58, 9.77e-13, 9e-11
2019-10-26, 00:08:02, 9.89e-13, 9e-11
2019-10-26, 00:08:06, 9.81e-13, 8.99e-11
2019-10-26, 00:08:11, 9.77e-13, 8.99e-11
2019-10-26, 00:08:15, 9.73e-13, 8.99e-11
2019-10-26, 00:08:19, 9.61e-13, 8.98e-11
2019-10-26, 00:08:23, 9.82e-13, 8.98e-11
2019-10-26, 00:08:28, 9.24e-13, 8.98e-11
2019-10-26, 00:08:32, 9.13e-13, 8.93e-11
2019-10-26, 00:08:36, 1.02e-12, 8.96e-11
2019-10-26, 00:08:40, 1e-12, 9e-11
2019-10-26, 00:08:44, 9.65e-13, 8.96e-11
2019-10-26, 00:08:49, 9.9e-13, 9.02e-11
2019-10-26, 00:08:53, 9.68e-13, 8.97e-11
2019-10-26, 00:08:57, 9.32e-13, 8.93e-11
2019-10-26, 00:09:01, 1.04e-12, 8.99e-11
2019-10-26, 00:09:06, 9.49e-13, 9.01e-11
2019-10-26, 00:09:10, 1e-12, 8.98e-11
2019-10-26, 00:09:14, 9.7e-13, 9e-11
2019-10-26, 00:09:18, 9.4e-13, 9e-11
2019-10-26, 00:09:22, 1.1e-12, 9.01e-11
2019-10-26, 00:09:27, 9.53e-13, 8.99e-11
2019-10-26, 00:09:31, 1.02e-12, 8.96e-11
2019-10-26, 00:09:35, 9.31e-13, 8.96e-11
2019-10-26, 00:09:39, 1.01e-12, 9.01e-11
2019-10-26, 00:09:43, 9.78e-13, 8.98e-11
2019-10-26, 00:09:48, 9.76e-13, 9.03e-11
2019-10-26, 00:09:52, 9.93e-13, 8.99e-11
2019-10-26, 00:09:56, 9.68e-13, 8.97e-11
2019-10-26, 00:10:00, 9.26e-13, 8.99e-11
2019-10-26, 00:10:05, 1.01e-12, 9.02e-11
2019-10-26, 00:10:09, 9.26e-13, 8.98e-11
2019-10-26, 00:10:13, 1e-12, 9.02e-11
2019-10-26, 00:10:17, 9.85e-13, 8.96e-11
2019-10-26, 00:10:21, 9.14e-13, 9e-11
2019-10-26, 00:10:26, 9.68e-13, 8.94e-11
2019-10-26, 00:10:30, 9.96e-13, 8.98e-11
2019-10-26, 00:10:34, 9.64e-13, 8.98e-11
2019-10-26, 00:10:38, 9.84e-13, 8.98e-11
2019-10-26, 00:10:43, 9.93e-13, 9.01e-11
2019-10-26, 00:10:47, 9.63e-13, 8.96e-11
2019-10-26, 00:10:51, 9.16e-13, 9.01e-11
2019-10-26, 00:10:55, 9.73e-13, 8.98e-11
2019-10-26, 00:10:59, 9.34e-13, 8.97e-11
2019-10-26, 00:11:04, 1.09e-12, 8.98e-11
2019-10-26, 00:11:08, 9.56e-13, 8.96e-11
2019-10-26, 00:11:12, 9.39e-13, 8.98e-11
2019-10-26, 00:11:16, 1.03e-12, 8.94e-11
2019-10-26, 00:11:21, 9.72e-13, 9e-11
2019-10-26, 00:11:25, 9.66e-13, 8.99e-11
2019-10-26, 00:11:29, 9.76e-13, 8.96e-11
2019-10-26, 00:11:33, 1.03e-12, 8.94e-11
2019-10-26, 00:11:37, 1.05e-12, 8.96e-11
2019-10-26, 00:11:42, 9.79e-13, 8.96e-11
2019-10-26, 00:11:46, 1.04e-12, 9.02e-11
2019-10-26, 00:11:50, 9.57e-13, 9.01e-11
2019-10-26, 00:11:54, 8.96e-13, 8.94e-11
2019-10-26, 00:11:59, 1.06e-12, 8.95e-11
2019-10-26, 00:12:03, 9.8e-13, 8.98e-11
2019-10-26, 00:12:07, 9.73e-13, 8.97e-11
2019-10-26, 00:12:11, 9.73e-13, 9.01e-11
2019-10-26, 00:12:15, 9.71e-13, 8.97e-11
2019-10-26, 00:12:20, 9.81e-13, 8.98e-11
2019-10-26, 00:12:24, 9.88e-13, 8.94e-11
2019-10-26, 00:12:28, 9.71e-13, 8.97e-11
2019-10-26, 00:12:32, 1.01e-12, 8.99e-11
2019-10-26, 00:12:37, 9.82e-13, 8.98e-11
2019-10-26, 00:12:41, 9.76e-13, 8.96e-11
2019-10-26, 00:12:45, 1.01e-12, 8.98e-11
2019-10-26, 00:12:49, 1e-12, 9.02e-11
2019-10-26, 00:12:53, 8.88e-13, 8.9e-11
2019-10-26, 00:12:58, 9.8e-13, 8.93e-11
2019-10-26, 00:13:02, 1.01e-12, 8.97e-11
2019-10-26, 00:13:06, 9.57e-13, 8.95e-11
2019-10-26, 00:13:10, 9.34e-13, 8.97e-11
2019-10-26, 00:13:15, 1.03e-12, 8.98e-11
2019-10-26, 00:13:19, 9.99e-13, 9e-11
2019-10-26, 00:13:23, 9.57e-13, 8.99e-11
2019-10-26, 00:13:27, 1.13e-12, 8.97e-11
2019-10-26, 00:13:31, 9.06e-13, 8.98e-11
2019-10-26, 00:13:36, 1.14e-12, 8.99e-11
2019-10-26, 00:13:40, 9.69e-13, 9e-11
2019-10-26, 00:13:44, 1.06e-12, 8.99e-11
2019-10-26, 00:13:48, 9.8e-13, 8.96e-11
2019-10-26, 00:13:53, 1.01e-12, 9.01e-11
2019-10-26, 00:13:57, 9.45e-13, 8.95e-11
2019-10-26, 00:14:01, 9.95e-13, 8.99e-11
2019-10-26, 00:14:05, 9.78e-13, 8.96e-11
2019-10-26, 00:14:09, 9.56e-13, 8.99e-11
2019-10-26, 00:14:14, 9.41e-13, 8.98e-11
2019-10-26, 00:14:18, 9.49e-13, 8.95e-11
2019-10-26, 00:14:22, 9.35e-13, 9e-11
2019-10-26, 00:14:26, 9.85e-13, 9.02e-11
2019-10-26, 00:14:31, 9.61e-13, 8.97e-11
2019-10-26, 00:14:35, 9.56e-13, 8.99e-11
2019-10-26, 00:14:39, 9.81e-13, 8.97e-11
2019-10-26, 00:14:43, 9.84e-13, 8.99e-11
2019-10-26, 00:14:47, 1.01e-12, 8.99e-11
2019-10-26, 00:14:52, 9.61e-13, 8.99e-11
2019-10-26, 00:14:56, 9.82e-13, 9.01e-11
2019-10-26, 00:15:00, 9.17e-13, 9.01e-11
2019-10-26, 00:15:04, 9.81e-13, 9.02e-11
2019-10-26, 00:15:09, 9.56e-13, 9.01e-11
2019-10-26, 00:15:13, 9.49e-13, 8.96e-11
2019-10-26, 00:15:17, 9.84e-13, 8.99e-11
2019-10-26, 00:15:21, 9.78e-13, 8.97e-11
2019-10-26, 00:15:25, 1e-12, 8.98e-11
2019-10-26, 00:15:30, 9.54e-13, 8.98e-11
2019-10-26, 00:15:34, 1.02e-12, 8.99e-11
2019-10-26, 00:15:38, 9.88e-13, 8.99e-11
2019-10-26, 00:15:42, 8.95e-13, 8.99e-11
2019-10-26, 00:15:46, 9.2e-13, 9e-11
2019-10-26, 00:15:51, 9.64e-13, 8.97e-11
2019-10-26, 00:15:55, 1.01e-12, 8.93e-11
2019-10-26, 00:15:59, 9.57e-13, 8.96e-11
2019-10-26, 00:16:03, 9.95e-13, 8.95e-11
2019-10-26, 00:16:08, 9.99e-13, 8.97e-11
2019-10-26, 00:16:12, 9.2e-13, 8.96e-11
2019-10-26, 00:16:16, 8.9e-13, 9e-11
2019-10-26, 00:16:20, 1.04e-12, 8.95e-11
2019-10-26, 00:16:24, 9.77e-13, 8.98e-11
2019-10-26, 00:16:29, 9.38e-13, 8.97e-11
2019-10-26, 00:16:33, 9.9e-13, 8.96e-11
2019-10-26, 00:16:37, 8.79e-13, 8.97e-11
2019-10-26, 00:16:41, 1.01e-12, 8.97e-11
2019-10-26, 00:16:46, 9.81e-13, 8.96e-11
2019-10-26, 00:16:50, 1.01e-12, 9e-11
2019-10-26, 00:16:54, 9.68e-13, 8.98e-11
2019-10-26, 00:16:58, 9.79e-13, 8.95e-11
2019-10-26, 00:17:02, 9.82e-13, 8.98e-11
2019-10-26, 00:17:07, 9.89e-13, 8.98e-11
2019-10-26, 00:17:11, 9.3e-13, 8.97e-11
2019-10-26, 00:17:15, 9.94e-13, 8.98e-11
2019-10-26, 00:17:19, 1.03e-12, 8.96e-11
2019-10-26, 00:17:24, 9.18e-13, 8.99e-11
2019-10-26, 00:17:28, 9.54e-13, 8.98e-11
2019-10-26, 00:17:32, 1.03e-12, 8.98e-11
2019-10-26, 00:17:36, 9.45e-13, 8.98e-11
2019-10-26, 00:17:40, 1.11e-12, 9.01e-11
2019-10-26, 00:17:45, 9.61e-13, 8.97e-11
2019-10-26, 00:17:49, 9.93e-13, 8.99e-11
2019-10-26, 00:17:53, 9.84e-13, 9e-11
2019-10-26, 00:17:57, 9.91e-13, 9e-11
2019-10-26, 00:18:02, 9.7e-13, 8.95e-11
2019-10-26, 00:18:06, 1e-12, 8.96e-11
2019-10-26, 00:18:10, 1.03e-12, 8.99e-11
2019-10-26, 00:18:14, 9.59e-13, 8.97e-11
2019-10-26, 00:18:18, 9.73e-13, 8.95e-11
2019-10-26, 00:18:23, 9.68e-13, 8.97e-11
2019-10-26, 00:18:27, 9.6e-13, 8.98e-11
2019-10-26, 00:18:31, 9.83e-13, 8.95e-11
2019-10-26, 00:18:35, 9.49e-13, 8.95e-11
2019-10-26, 00:18:40, 9.84e-13, 9.01e-11
2019-10-26, 00:18:44, 9.83e-13, 9e-11
2019-10-26, 00:18:48, 9.51e-13, 8.97e-11
2019-10-26, 00:18:52, 9.81e-13, 9.02e-11
2019-10-26, 00:18:56, 9.68e-13, 8.98e-11
2019-10-26, 00:19:01, 9.65e-13, 9e-11
2019-10-26, 00:19:05, 1.03e-12, 8.98e-11
2019-10-26, 00:19:09, 1.02e-12, 8.95e-11
2019-10-26, 00:19:13, 9.92e-13, 8.96e-11
2019-10-26, 00:19:17, 9.22e-13, 8.96e-11
2019-10-26, 00:19:22, 9.09e-13, 8.98e-11
2019-10-26, 00:19:26, 1.06e-12, 8.99e-11
2019-10-26, 00:19:30, 1.04e-12, 8.97e-11
2019-10-26, 00:19:34, 9.53e-13, 8.98e-11
2019-10-26, 00:19:39, 9.69e-13, 8.94e-11
2019-10-26, 00:19:43, 1.02e-12, 8.95e-11
2019-10-26, 00:19:47, 9.33e-13, 8.99e-11
2019-10-26, 00:19:51, 1.02e-12, 8.96e-11
2019-10-26, 00:19:55, 1.06e-12, 8.97e-11
2019-10-26, 00:20:00, 9.39e-13, 8.98e-11
2019-10-26, 00:20:04, 9.98e-13, 8.92e-11
2019-10-26, 00:20:08, 1.01e-12, 9e-11
2019-10-26, 00:20:12, 1.03e-12, 8.96e-11
2019-10-26, 00:20:17, 9.12e-13, 8.96e-11
2019-10-26, 00:20:21, 9.85e-13, 8.97e-11
2019-10-26, 00:20:25, 9.16e-13, 8.99e-11
2019-10-26, 00:20:29, 1.02e-12, 8.99e-11
2019-10-26, 00:20:33, 9.47e-13, 8.93e-11
2019-10-26, 00:20:38, 9.99e-13, 8.93e-11
2019-10-26, 00:20:42, 1.02e-12, 8.96e-11
2019-10-26, 00:20:46, 9.31e-13, 8.95e-11
2019-10-26, 00:20:50, 9.64e-13, 8.94e-11
2019-10-26, 00:20:55, 9.19e-13, 8.96e-11
2019-10-26, 00:20:59, 1.04e-12, 8.91e-11
2019-10-26, 00:21:03, 9.73e-13, 8.91e-11
2019-10-26, 00:21:07, 9.32e-13, 8.94e-11
2019-10-26, 00:21:11, 9.38e-13, 8.95e-11
2019-10-26, 00:21:16, 1.03e-12, 8.98e-11
2019-10-26, 00:21:20, 9.52e-13, 8.98e-11
2019-10-26, 00:21:24, 9.36e-13, 8.96e-11
2019-10-26, 00:21:28, 1.05e-12, 8.98e-11
2019-10-26, 00:21:33, 9.99e-13, 8.95e-11
2019-10-26, 00:21:37, 9.96e-13, 8.95e-11
2019-10-26, 00:21:41, 9.74e-13, 8.95e-11
2019-10-26, 00:21:45, 9.34e-13, 8.97e-11
2019-10-26, 00:21:49, 9.83e-13, 8.94e-11
2019-10-26, 00:21:54, 9.8e-13, 8.98e-11
2019-10-26, 00:21:58, 1.05e-12, 8.98e-11
2019-10-26, 00:22:02, 9.42e-13, 8.94e-11
2019-10-26, 00:22:06, 1.01e-12, 8.92e-11
2019-10-26, 00:22:11, 9.61e-13, 8.95e-11
2019-10-26, 00:22:15, 1.01e-12, 8.9e-11
2019-10-26, 00:22:19, 9.76e-13, 8.98e-11
2019-10-26, 00:22:23, 9.55e-13, 8.98e-11
2019-10-26, 00:22:27, 9.49e-13, 8.98e-11
2019-10-26, 00:22:32, 9.35e-13, 8.96e-11
2019-10-26, 00:22:36, 9.73e-13, 8.98e-11
2019-10-26, 00:22:40, 9e-13, 8.89e-11
2019-10-26, 00:22:44, 9.34e-13, 8.98e-11
2019-10-26, 00:22:48, 1e-12, 9e-11
2019-10-26, 00:22:53, 9.4e-13, 8.93e-11
2019-10-26, 00:22:57, 9.7e-13, 8.95e-11
2019-10-26, 00:23:01, 9.84e-13, 8.97e-11
2019-10-26, 00:23:05, 9.98e-13, 8.96e-11
2019-10-26, 00:23:10, 1e-12, 8.94e-11
2019-10-26, 00:23:14, 9.45e-13, 8.97e-11
2019-10-26, 00:23:18, 9.38e-13, 8.95e-11
2019-10-26, 00:23:22, 9.94e-13, 8.95e-11
2019-10-26, 00:23:26, 9.65e-13, 8.95e-11
2019-10-26, 00:23:31, 8.93e-13, 8.94e-11
2019-10-26, 00:23:35, 9.52e-13, 8.96e-11
2019-10-26, 00:23:39, 1.01e-12, 8.95e-11
2019-10-26, 00:23:43, 9.51e-13, 8.93e-11
2019-10-26, 00:23:48, 9.54e-13, 8.97e-11
2019-10-26, 00:23:52, 1.03e-12, 8.99e-11
2019-10-26, 00:23:56, 9.66e-13, 8.96e-11
2019-10-26, 00:24:00, 1.08e-12, 8.97e-11
2019-10-26, 00:24:04, 1.01e-12, 8.95e-11
2019-10-26, 00:24:09, 9.86e-13, 8.96e-11
2019-10-26, 00:24:13, 9.9e-13, 8.96e-11
2019-10-26, 00:24:17, 9.61e-13, 8.97e-11
2019-10-26, 00:24:21, 9.87e-13, 8.94e-11
2019-10-26, 00:24:26, 8.87e-13, 8.96e-11
2019-10-26, 00:24:30, 9.83e-13, 8.95e-11
2019-10-26, 00:24:34, 1.12e-12, 8.95e-11
2019-10-26, 00:24:38, 1.01e-12, 8.99e-11
2019-10-26, 00:24:42, 9.43e-13, 8.94e-11
2019-10-26, 00:24:47, 9.56e-13, 8.94e-11
2019-10-26, 00:24:51, 1.02e-12, 8.95e-11
2019-10-26, 00:24:55, 9.49e-13, 8.95e-11
2019-10-26, 00:24:59, 9.38e-13, 8.94e-11
2019-10-26, 00:25:04, 1.02e-12, 8.94e-11
2019-10-26, 00:25:08, 9.33e-13, 8.96e-11
2019-10-26, 00:25:12, 1.05e-12, 8.99e-11
2019-10-26, 00:25:16, 1.14e-12, 9e-11
2019-10-26, 00:25:20, 9.31e-13, 8.94e-11
2019-10-26, 00:25:25, 9.44e-13, 8.99e-11
2019-10-26, 00:25:29, 1.09e-12, 8.99e-11
2019-10-26, 00:25:33, 9.44e-13, 8.93e-11
2019-10-26, 00:25:37, 9.59e-13, 8.97e-11
2019-10-26, 00:25:42, 1.03e-12, 8.96e-11
2019-10-26, 00:25:46, 1.05e-12, 8.99e-11
2019-10-26, 00:25:50, 1.02e-12, 8.96e-11
2019-10-26, 00:25:54, 1e-12, 8.9e-11
2019-10-26, 00:25:58, 9.73e-13, 8.92e-11
2019-10-26, 00:26:03, 1.09e-12, 8.95e-11
2019-10-26, 00:26:07, 1.02e-12, 8.96e-11
2019-10-26, 00:26:11, 1.02e-12, 8.92e-11
2019-10-26, 00:26:15, 9.41e-13, 8.95e-11
2019-10-26, 00:26:20, 9.8e-13, 8.95e-11
2019-10-26, 00:26:24, 9.86e-13, 8.94e-11
2019-10-26, 00:26:28, 1.02e-12, 8.95e-11
2019-10-26, 00:26:32, 1.04e-12, 8.97e-11
2019-10-26, 00:26:36, 1.04e-12, 8.96e-11
2019-10-26, 00:26:41, 9.99e-13, 8.98e-11
2019-10-26, 00:26:45, 9.73e-13, 8.94e-11
2019-10-26, 00:26:49, 9.84e-13, 8.95e-11
2019-10-26, 00:26:53, 1.01e-12, 8.94e-11
2019-10-26, 00:26:58, 9.5e-13, 8.88e-11
2019-10-26, 00:27:02, 9.1e-13, 8.93e-11
2019-10-26, 00:27:06, 1.03e-12, 8.96e-11
2019-10-26, 00:27:10, 9.6e-13, 8.9e-11
2019-10-26, 00:27:14, 1e-12, 8.97e-11
2019-10-26, 00:27:19, 9.07e-13, 8.96e-11
2019-10-26, 00:27:23, 1.03e-12, 8.98e-11
2019-10-26, 00:27:27, 9.75e-13, 8.94e-11
2019-10-26, 00:27:31, 9.63e-13, 8.97e-11
2019-10-26, 00:27:36, 9.8e-13, 8.92e-11
2019-10-26, 00:27:40, 1e-12, 8.93e-11
2019-10-26, 00:27:44, 1.05e-12, 8.96e-11
2019-10-26, 00:27:48, 8.45e-13, 8.95e-11
2019-10-26, 00:27:52, 9.12e-13, 8.98e-11
2019-10-26, 00:27:57, 9.73e-13, 8.94e-11
2019-10-26, 00:28:01, 9.39e-13, 8.95e-11
2019-10-26, 00:28:05, 9.46e-13, 8.95e-11
2019-10-26, 00:28:09, 1.03e-12, 8.96e-11
2019-10-26, 00:28:14, 9.72e-13, 8.94e-11
2019-10-26, 00:28:18, 1.09e-12, 8.96e-11
2019-10-26, 00:28:22, 1.05e-12, 8.94e-11
2019-10-26, 00:28:26, 1.08e-12, 8.96e-11
2019-10-26, 00:28:30, 1.01e-12, 8.97e-11
2019-10-26, 00:28:35, 9.97e-13, 8.93e-11
2019-10-26, 00:28:39, 9.66e-13, 8.94e-11
2019-10-26, 00:28:43, 9.63e-13, 8.93e-11
2019-10-26, 00:28:47, 8e-13, 8.95e-11
2019-10-26, 00:28:52, 1.15e-12, 8.95e-11
2019-10-26, 00:28:56, 9.12e-13, 8.95e-11
2019-10-26, 00:29:00, 1.02e-12, 8.94e-11
2019-10-26, 00:29:04, 1.04e-12, 8.95e-11
2019-10-26, 00:29:08, 1.08e-12, 8.94e-11
2019-10-26, 00:29:13, 9.76e-13, 8.96e-11
2019-10-26, 00:29:17, 9.84e-13, 8.94e-11
2019-10-26, 00:29:21, 1.01e-12, 8.88e-11
2019-10-26, 00:29:25, 9.03e-13, 8.93e-11
2019-10-26, 00:29:29, 9.56e-13, 8.96e-11
2019-10-26, 00:29:34, 9.33e-13, 8.94e-11
2019-10-26, 00:29:38, 9.35e-13, 8.94e-11
2019-10-26, 00:29:42, 9.59e-13, 8.95e-11
2019-10-26, 00:29:46, 1.05e-12, 8.92e-11
2019-10-26, 00:29:51, 9.96e-13, 8.95e-11
2019-10-26, 00:29:55, 1.04e-12, 8.92e-11
2019-10-26, 00:29:59, 9.87e-13, 8.91e-11
2019-10-26, 00:30:03, 9.92e-13, 8.94e-11
2019-10-26, 00:30:07, 8.74e-13, 8.95e-11
2019-10-26, 00:30:12, 8.63e-13, 8.94e-11
2019-10-26, 00:30:16, 9.36e-13, 8.94e-11
2019-10-26, 00:30:20, 9.46e-13, 8.93e-11
2019-10-26, 00:30:24, 9.1e-13, 8.94e-11
2019-10-26, 00:30:29, 1.02e-12, 8.96e-11
2019-10-26, 00:30:33, 9.16e-13, 8.97e-11
2019-10-26, 00:30:37, 9.49e-13, 8.99e-11
2019-10-26, 00:30:41, 9.17e-13, 8.99e-11
2019-10-26, 00:30:45, 9.98e-13, 8.99e-11
2019-10-26, 00:30:50, 1.02e-12, 8.99e-11
2019-10-26, 00:30:54, 9.61e-13, 8.95e-11
2019-10-26, 00:30:58, 9.61e-13, 9.01e-11
2019-10-26, 00:31:02, 1.06e-12, 8.99e-11
2019-10-26, 00:31:07, 9.66e-13, 9e-11
2019-10-26, 00:31:11, 9.67e-13, 8.98e-11
2019-10-26, 00:31:15, 1.01e-12, 8.98e-11
2019-10-26, 00:31:19, 1.02e-12, 9.01e-11
2019-10-26, 00:31:23, 9.94e-13, 8.98e-11
2019-10-26, 00:31:28, 9.37e-13, 8.95e-11
2019-10-26, 00:31:32, 9.61e-13, 8.98e-11
2019-10-26, 00:31:36, 1e-12, 8.97e-11
2019-10-26, 00:31:40, 9.3e-13, 8.94e-11
2019-10-26, 00:31:45, 9.75e-13, 8.95e-11
2019-10-26, 00:31:49, 9.9e-13, 8.96e-11
2019-10-26, 00:31:53, 9.9e-13, 8.94e-11
2019-10-26, 00:31:57, 9.59e-13, 8.96e-11
2019-10-26, 00:32:01, 1.06e-12, 8.95e-11
2019-10-26, 00:32:06, 9.76e-13, 8.95e-11
2019-10-26, 00:32:10, 1.01e-12, 8.92e-11
2019-10-26, 00:32:14, 9.92e-13, 8.94e-11
2019-10-26, 00:32:18, 9.9e-13, 8.97e-11
2019-10-26, 00:32:23, 9.57e-13, 8.96e-11
2019-10-26, 00:32:27, 9.62e-13, 8.95e-11
2019-10-26, 00:32:31, 9.83e-13, 8.93e-11
2019-10-26, 00:32:35, 1.02e-12, 8.94e-11
2019-10-26, 00:32:39, 9.65e-13, 8.96e-11
2019-10-26, 00:32:44, 1.02e-12, 8.94e-11
2019-10-26, 00:32:48, 9.73e-13, 8.95e-11
2019-10-26, 00:32:52, 9.55e-13, 8.93e-11
2019-10-26, 00:32:56, 1.1e-12, 8.96e-11
2019-10-26, 00:33:01, 9.65e-13, 8.96e-11
2019-10-26, 00:33:05, 1e-12, 8.95e-11
2019-10-26, 00:33:09, 9.44e-13, 8.98e-11
2019-10-26, 00:33:13, 9.71e-13, 8.95e-11
2019-10-26, 00:33:17, 1.03e-12, 8.98e-11
2019-10-26, 00:33:22, 9.08e-13, 8.98e-11
2019-10-26, 00:33:26, 9.45e-13, 8.93e-11
2019-10-26, 00:33:30, 9.82e-13, 8.97e-11
2019-10-26, 00:33:34, 9.7e-13, 8.93e-11
2019-10-26, 00:33:39, 9.41e-13, 8.96e-11
2019-10-26, 00:33:43, 9.86e-13, 8.96e-11
2019-10-26, 00:33:47, 9.58e-13, 8.94e-11
2019-10-26, 00:33:51, 9.97e-13, 8.98e-11
2019-10-26, 00:33:55, 9.88e-13, 8.96e-11
2019-10-26, 00:34:00, 9.75e-13, 8.97e-11
2019-10-26, 00:34:04, 9.64e-13, 8.98e-11
2019-10-26, 00:34:08, 1.1e-12, 8.96e-11
2019-10-26, 00:34:12, 9.48e-13, 8.98e-11
2019-10-26, 00:34:16, 9.27e-13, 8.95e-11
2019-10-26, 00:34:21, 9.4e-13, 8.94e-11
2019-10-26, 00:34:25, 9.45e-13, 8.93e-11
2019-10-26, 00:34:29, 9.76e-13, 8.94e-11
2019-10-26, 00:34:33, 1.01e-12, 8.94e-11
2019-10-26, 00:34:38, 9.69e-13, 8.99e-11
2019-10-26, 00:34:42, 9.92e-13, 8.97e-11
2019-10-26, 00:34:46, 9.39e-13, 8.95e-11
2019-10-26, 00:34:50, 9.91e-13, 8.97e-11
2019-10-26, 00:34:54, 9.74e-13, 8.95e-11
2019-10-26, 00:34:59, 8.87e-13, 8.95e-11
2019-10-26, 00:35:03, 9.81e-13, 8.98e-11
2019-10-26, 00:35:07, 9.45e-13, 8.99e-11
2019-10-26, 00:35:11, 9.47e-13, 8.95e-11
2019-10-26, 00:35:16, 9.43e-13, 8.99e-11
2019-10-26, 00:35:20, 9.39e-13, 8.96e-11
2019-10-26, 00:35:24, 9.15e-13, 8.95e-11
2019-10-26, 00:35:28, 9.83e-13, 8.95e-11
2019-10-26, 00:35:32, 9.56e-13, 8.94e-11
2019-10-26, 00:35:37, 1.05e-12, 8.97e-11
2019-10-26, 00:35:41, 9.77e-13, 8.97e-11
2019-10-26, 00:35:45, 1.08e-12, 8.97e-11
2019-10-26, 00:35:49, 9.89e-13, 8.96e-11
2019-10-26, 00:35:54, 9.92e-13, 8.95e-11
2019-10-26, 00:35:58, 9.49e-13, 8.97e-11
2019-10-26, 00:36:02, 9.94e-13, 8.97e-11
2019-10-26, 00:36:06, 9.66e-13, 8.96e-11
2019-10-26, 00:36:10, 1.13e-12, 8.97e-11
2019-10-26, 00:36:15, 9.46e-13, 8.96e-11
2019-10-26, 00:36:19, 9.5e-13, 8.99e-11
2019-10-26, 00:36:23, 9.41e-13, 8.96e-11
2019-10-26, 00:36:27, 9.46e-13, 8.94e-11
2019-10-26, 00:36:32, 9.73e-13, 8.98e-11
2019-10-26, 00:36:36, 9.52e-13, 8.96e-11
2019-10-26, 00:36:40, 9.72e-13, 8.99e-11
2019-10-26, 00:36:44, 9.45e-13, 8.95e-11
2019-10-26, 00:36:48, 9.9e-13, 8.96e-11
2019-10-26, 00:36:53, 9.32e-13, 9e-11
2019-10-26, 00:36:57, 9.84e-13, 8.97e-11
2019-10-26, 00:37:01, 9.4e-13, 8.99e-11
2019-10-26, 00:37:05, 9.2e-13, 8.97e-11
2019-10-26, 00:37:10, 9.9e-13, 8.96e-11
2019-10-26, 00:37:14, 9.8e-13, 8.97e-11
2019-10-26, 00:37:18, 9.72e-13, 8.98e-11
2019-10-26, 00:37:22, 9.64e-13, 9.02e-11
2019-10-26, 00:37:26, 9.94e-13, 8.98e-11
2019-10-26, 00:37:31, 1.02e-12, 8.95e-11
2019-10-26, 00:37:35, 9.42e-13, 8.98e-11
2019-10-26, 00:37:39, 9.69e-13, 8.98e-11
2019-10-26, 00:37:43, 9.66e-13, 8.95e-11
2019-10-26, 00:37:48, 9.56e-13, 8.93e-11
2019-10-26, 00:37:52, 9.84e-13, 8.94e-11
2019-10-26, 00:37:56, 9.78e-13, 8.93e-11
2019-10-26, 00:38:00, 9.64e-13, 8.95e-11
2019-10-26, 00:38:04, 1.01e-12, 8.95e-11
2019-10-26, 00:38:09, 9.5e-13, 8.97e-11
2019-10-26, 00:38:13, 1.01e-12, 8.98e-11
2019-10-26, 00:38:17, 1.02e-12, 8.95e-11
2019-10-26, 00:38:21, 1.03e-12, 8.95e-11
2019-10-26, 00:38:25, 9.15e-13, 8.95e-11
2019-10-26, 00:38:30, 9.7e-13, 9e-11
2019-10-26, 00:38:34, 1.07e-12, 9e-11
2019-10-26, 00:38:38, 9.45e-13, 8.92e-11
2019-10-26, 00:38:42, 9.41e-13, 8.99e-11
2019-10-26, 00:38:47, 9.34e-13, 8.94e-11
2019-10-26, 00:38:51, 9.07e-13, 8.99e-11
2019-10-26, 00:38:55, 1.1e-12, 8.97e-11
2019-10-26, 00:38:59, 8.39e-13, 8.98e-11
2019-10-26, 00:39:03, 9.37e-13, 8.96e-11
2019-10-26, 00:39:08, 9.56e-13, 8.96e-11
2019-10-26, 00:39:12, 9.19e-13, 8.96e-11
2019-10-26, 00:39:16, 9.55e-13, 8.96e-11
2019-10-26, 00:39:20, 1e-12, 8.96e-11
2019-10-26, 00:39:25, 1.01e-12, 8.97e-11
2019-10-26, 00:39:29, 9.8e-13, 8.95e-11
2019-10-26, 00:39:33, 9.35e-13, 8.96e-11
2019-10-26, 00:39:37, 9.66e-13, 8.96e-11
2019-10-26, 00:39:41, 9.47e-13, 8.92e-11
2019-10-26, 00:39:46, 1.03e-12, 8.94e-11
2019-10-26, 00:39:50, 1e-12, 8.93e-11
2019-10-26, 00:39:54, 1.01e-12, 8.95e-11
2019-10-26, 00:39:58, 1e-12, 8.99e-11
2019-10-26, 00:40:03, 9.08e-13, 8.97e-11
2019-10-26, 00:40:07, 1.04e-12, 8.97e-11
2019-10-26, 00:40:11, 9.91e-13, 8.93e-11
2019-10-26, 00:40:15, 1.05e-12, 8.96e-11
2019-10-26, 00:40:19, 9.37e-13, 8.96e-11
2019-10-26, 00:40:24, 9.63e-13, 8.96e-11
2019-10-26, 00:40:28, 1.03e-12, 8.94e-11
2019-10-26, 00:40:32, 9.34e-13, 8.98e-11
2019-10-26, 00:40:36, 9.39e-13, 8.97e-11
2019-10-26, 00:40:41, 9.86e-13, 8.97e-11
2019-10-26, 00:40:45, 9.4e-13, 8.99e-11
2019-10-26, 00:40:49, 9.47e-13, 8.97e-11
2019-10-26, 00:40:53, 9.81e-13, 8.96e-11
2019-10-26, 00:40:57, 9.74e-13, 8.97e-11
2019-10-26, 00:41:02, 9.99e-13, 8.97e-11
2019-10-26, 00:41:06, 9.87e-13, 8.99e-11
2019-10-26, 00:41:10, 9.32e-13, 8.95e-11
2019-10-26, 00:41:14, 9.75e-13, 8.95e-11
2019-10-26, 00:41:19, 1.01e-12, 8.98e-11
2019-10-26, 00:41:23, 9.72e-13, 8.95e-11
2019-10-26, 00:41:27, 1.05e-12, 8.96e-11
2019-10-26, 00:41:31, 9.38e-13, 8.97e-11
2019-10-26, 00:41:35, 9.92e-13, 8.93e-11
2019-10-26, 00:41:40, 1.01e-12, 8.95e-11
2019-10-26, 00:41:44, 1.02e-12, 8.98e-11
2019-10-26, 00:41:48, 1.03e-12, 8.94e-11
2019-10-26, 00:41:52, 9.55e-13, 8.95e-11
2019-10-26, 00:41:57, 8.78e-13, 8.97e-11
2019-10-26, 00:42:01, 1.05e-12, 8.96e-11
2019-10-26, 00:42:05, 9.69e-13, 8.95e-11
2019-10-26, 00:42:09, 9.58e-13, 8.98e-11
2019-10-26, 00:42:13, 9.98e-13, 8.96e-11
2019-10-26, 00:42:18, 9.31e-13, 8.95e-11
2019-10-26, 00:42:22, 9.58e-13, 8.96e-11
2019-10-26, 00:42:26, 9.26e-13, 8.97e-11
2019-10-26, 00:42:30, 1e-12, 9.02e-11
2019-10-26, 00:42:35, 1.01e-12, 8.97e-11
2019-10-26, 00:42:39, 9.29e-13, 8.95e-11
2019-10-26, 00:42:43, 9.85e-13, 8.99e-11
2019-10-26, 00:42:47, 9.91e-13, 8.99e-11
2019-10-26, 00:42:51, 1.02e-12, 8.95e-11
2019-10-26, 00:42:56, 9.5e-13, 8.95e-11
2019-10-26, 00:43:00, 9.95e-13, 8.97e-11
2019-10-26, 00:43:04, 9.56e-13, 8.94e-11
2019-10-26, 00:43:08, 1e-12, 8.95e-11
2019-10-26, 00:43:13, 9.38e-13, 9e-11
2019-10-26, 00:43:17, 8.65e-13, 8.98e-11
2019-10-26, 00:43:21, 9.8e-13, 8.94e-11
2019-10-26, 00:43:25, 1.03e-12, 9e-11
2019-10-26, 00:43:29, 1.01e-12, 8.92e-11
2019-10-26, 00:43:34, 9.95e-13, 8.95e-11
2019-10-26, 00:43:38, 1.04e-12, 8.96e-11
2019-10-26, 00:43:42, 1.04e-12, 9.01e-11
2019-10-26, 00:43:46, 1e-12, 8.97e-11
2019-10-26, 00:43:51, 9.6e-13, 8.95e-11
2019-10-26, 00:43:55, 9.81e-13, 8.97e-11
2019-10-26, 00:43:59, 9.52e-13, 8.96e-11
2019-10-26, 00:44:03, 9.94e-13, 8.95e-11
2019-10-26, 00:44:07, 9.19e-13, 8.94e-11
2019-10-26, 00:44:12, 9.53e-13, 8.92e-11
2019-10-26, 00:44:16, 9.92e-13, 8.97e-11
2019-10-26, 00:44:20, 9.46e-13, 8.96e-11
2019-10-26, 00:44:24, 9.1e-13, 8.94e-11
2019-10-26, 00:44:29, 9.78e-13, 8.99e-11
2019-10-26, 00:44:33, 9.38e-13, 8.99e-11
2019-10-26, 00:44:37, 1.04e-12, 8.96e-11
2019-10-26, 00:44:41, 9.77e-13, 8.97e-11
2019-10-26, 00:44:45, 1.04e-12, 8.98e-11
2019-10-26, 00:44:50, 9.17e-13, 8.94e-11
2019-10-26, 00:44:54, 1e-12, 8.99e-11
2019-10-26, 00:44:58, 9.85e-13, 8.97e-11
2019-10-26, 00:45:02, 9.81e-13, 8.96e-11
2019-10-26, 00:45:07, 1.09e-12, 8.96e-11
2019-10-26, 00:45:11, 1.05e-12, 8.92e-11
2019-10-26, 00:45:15, 1.04e-12, 8.93e-11
2019-10-26, 00:45:19, 9.7e-13, 8.96e-11
2019-10-26, 00:45:23, 1.01e-12, 8.92e-11
2019-10-26, 00:45:28, 9.56e-13, 8.96e-11
2019-10-26, 00:45:32, 9.5e-13, 8.95e-11
2019-10-26, 00:45:36, 9.21e-13, 8.94e-11
2019-10-26, 00:45:40, 1.02e-12, 8.95e-11
2019-10-26, 00:45:45, 1.02e-12, 8.99e-11
2019-10-26, 00:45:49, 9.55e-13, 8.97e-11
2019-10-26, 00:45:53, 1.01e-12, 8.94e-11
2019-10-26, 00:45:57, 9.61e-13, 8.97e-11
2019-10-26, 00:46:01, 9.53e-13, 8.97e-11
2019-10-26, 00:46:06, 8.71e-13, 8.96e-11
2019-10-26, 00:46:10, 9.43e-13, 8.98e-11
2019-10-26, 00:46:14, 9.99e-13, 8.95e-11
2019-10-26, 00:46:18, 9.58e-13, 8.97e-11
2019-10-26, 00:46:22, 9.73e-13, 8.97e-11
2019-10-26, 00:46:27, 9.57e-13, 8.99e-11
2019-10-26, 00:46:31, 1.04e-12, 8.95e-11
2019-10-26, 00:46:35, 1e-12, 8.95e-11
2019-10-26, 00:46:39, 9.95e-13, 8.97e-11
2019-10-26, 00:46:44, 9.29e-13, 8.96e-11
2019-10-26, 00:46:48, 9.55e-13, 8.96e-11
2019-10-26, 00:46:52, 9.23e-13, 8.99e-11
2019-10-26, 00:46:56, 9.11e-13, 8.98e-11
2019-10-26, 00:47:00, 9.74e-13, 8.98e-11
2019-10-26, 00:47:05, 1.03e-12, 8.99e-11
2019-10-26, 00:47:09, 9.89e-13, 8.97e-11
2019-10-26, 00:47:13, 9.3e-13, 8.96e-11
2019-10-26, 00:47:17, 9.84e-13, 8.95e-11
2019-10-26, 00:47:22, 9.88e-13, 8.95e-11
2019-10-26, 00:47:26, 1.04e-12, 8.96e-11
2019-10-26, 00:47:30, 9.57e-13, 8.96e-11
2019-10-26, 00:47:34, 9.61e-13, 8.96e-11
2019-10-26, 00:47:38, 1.07e-12, 8.98e-11
2019-10-26, 00:47:43, 9.87e-13, 8.97e-11
2019-10-26, 00:47:47, 9.86e-13, 8.99e-11
2019-10-26, 00:47:51, 9.46e-13, 8.96e-11
2019-10-26, 00:47:55, 1.04e-12, 8.95e-11
2019-10-26, 00:48:00, 9.84e-13, 8.97e-11
2019-10-26, 00:48:04, 9.97e-13, 8.95e-11
2019-10-26, 00:48:08, 9.71e-13, 8.93e-11
2019-10-26, 00:48:12, 8.71e-13, 8.95e-11
2019-10-26, 00:48:16, 9.56e-13, 8.94e-11
2019-10-26, 00:48:21, 9.91e-13, 8.94e-11
2019-10-26, 00:48:25, 1.01e-12, 8.94e-11
2019-10-26, 00:48:29, 9.54e-13, 8.99e-11
2019-10-26, 00:48:33, 9.32e-13, 8.95e-11
2019-10-26, 00:48:38, 9.63e-13, 8.99e-11
2019-10-26, 00:48:42, 9.98e-13, 8.98e-11
2019-10-26, 00:48:46, 9.81e-13, 8.96e-11
2019-10-26, 00:48:50, 9.44e-13, 8.96e-11
2019-10-26, 00:48:54, 1e-12, 8.98e-11
2019-10-26, 00:48:59, 9.6e-13, 8.96e-11
2019-10-26, 00:49:03, 1.08e-12, 8.99e-11
2019-10-26, 00:49:07, 1.01e-12, 8.91e-11
2019-10-26, 00:49:11, 8.57e-13, 8.99e-11
2019-10-26, 00:49:16, 1.02e-12, 8.97e-11
2019-10-26, 00:49:20, 9.94e-13, 8.95e-11
2019-10-26, 00:49:24, 9.42e-13, 8.94e-11
2019-10-26, 00:49:28, 1.04e-12, 8.95e-11
2019-10-26, 00:49:32, 9.65e-13, 8.97e-11
2019-10-26, 00:49:37, 9.55e-13, 8.99e-11
2019-10-26, 00:49:41, 9.25e-13, 8.94e-11
2019-10-26, 00:49:45, 1.02e-12, 8.99e-11
2019-10-26, 00:49:49, 1.03e-12, 8.95e-11
2019-10-26, 00:49:53, 9.15e-13, 8.9e-11
2019-10-26, 00:49:58, 1.04e-12, 8.97e-11
2019-10-26, 00:50:02, 1.03e-12, 8.99e-11
2019-10-26, 00:50:06, 1.01e-12, 8.94e-11
2019-10-26, 00:50:10, 8.88e-13, 8.96e-11
2019-10-26, 00:50:15, 1e-12, 8.99e-11
2019-10-26, 00:50:19, 9.25e-13, 8.96e-11
2019-10-26, 00:50:23, 8.01e-13, 8.97e-11
2019-10-26, 00:50:27, 1.02e-12, 8.98e-11
2019-10-26, 00:50:31, 1.03e-12, 8.99e-11
2019-10-26, 00:50:36, 9.23e-13, 8.93e-11
2019-10-26, 00:50:40, 9.92e-13, 8.94e-11
2019-10-26, 00:50:44, 1e-12, 8.96e-11
2019-10-26, 00:50:48, 9.83e-13, 8.95e-11
2019-10-26, 00:50:53, 9.55e-13, 8.96e-11
2019-10-26, 00:50:57, 9.42e-13, 8.95e-11
2019-10-26, 00:51:01, 9.79e-13, 8.96e-11
2019-10-26, 00:51:05, 9.96e-13, 9.01e-11
2019-10-26, 00:51:09, 1e-12, 8.98e-11
2019-10-26, 00:51:14, 9.5e-13, 9.01e-11
2019-10-26, 00:51:18, 8.61e-13, 8.91e-11
2019-10-26, 00:51:22, 9.94e-13, 8.97e-11
2019-10-26, 00:51:26, 8.78e-13, 8.93e-11
2019-10-26, 00:51:31, 9.63e-13, 8.95e-11
2019-10-26, 00:51:35, 8.67e-13, 8.96e-11
2019-10-26, 00:51:39, 9.73e-13, 8.95e-11
2019-10-26, 00:51:43, 9.67e-13, 8.95e-11
2019-10-26, 00:51:47, 1.01e-12, 8.98e-11
2019-10-26, 00:51:52, 9.69e-13, 8.95e-11
2019-10-26, 00:51:56, 9.86e-13, 8.95e-11
2019-10-26, 00:52:00, 9.32e-13, 8.95e-11
2019-10-26, 00:52:04, 9.36e-13, 8.95e-11
2019-10-26, 00:52:09, 1.01e-12, 8.96e-11
2019-10-26, 00:52:13, 9.7e-13, 8.99e-11
2019-10-26, 00:52:17, 9.58e-13, 8.94e-11
2019-10-26, 00:52:21, 1.07e-12, 8.91e-11
2019-10-26, 00:52:25, 9.06e-13, 8.95e-11
2019-10-26, 00:52:30, 9.8e-13, 8.97e-11
2019-10-26, 00:52:34, 9.98e-13, 8.95e-11
2019-10-26, 00:52:38, 1.01e-12, 8.95e-11
2019-10-26, 00:52:42, 9.36e-13, 8.96e-11
2019-10-26, 00:52:47, 8.73e-13, 8.97e-11
2019-10-26, 00:52:51, 1e-12, 8.96e-11
2019-10-26, 00:52:55, 9.63e-13, 8.96e-11
2019-10-26, 00:52:59, 9.42e-13, 8.96e-11
2019-10-26, 00:53:03, 1.02e-12, 8.95e-11
2019-10-26, 00:53:08, 9.45e-13, 8.97e-11
2019-10-26, 00:53:12, 1e-12, 8.95e-11
2019-10-26, 00:53:16, 9.1e-13, 8.95e-11
2019-10-26, 00:53:20, 9.33e-13, 8.96e-11
2019-10-26, 00:53:25, 9.56e-13, 8.93e-11
2019-10-26, 00:53:29, 1.03e-12, 8.95e-11
2019-10-26, 00:53:33, 9.91e-13, 8.95e-11
2019-10-26, 00:53:37, 8.88e-13, 8.97e-11
2019-10-26, 00:53:41, 9.69e-13, 8.98e-11
2019-10-26, 00:53:46, 9.64e-13, 9.02e-11
2019-10-26, 00:53:50, 9.4e-13, 8.95e-11
2019-10-26, 00:53:54, 9.92e-13, 8.92e-11
2019-10-26, 00:53:58, 9.72e-13, 8.93e-11
2019-10-26, 00:54:02, 9.57e-13, 8.92e-11
2019-10-26, 00:54:07, 9.98e-13, 8.98e-11
2019-10-26, 00:54:11, 9.75e-13, 9.01e-11
2019-10-26, 00:54:15, 9.2e-13, 8.96e-11
2019-10-26, 00:54:19, 9.27e-13, 9.02e-11
2019-10-26, 00:54:24, 1.01e-12, 8.93e-11
2019-10-26, 00:54:28, 1.02e-12, 8.96e-11
2019-10-26, 00:54:32, 9.43e-13, 8.98e-11
2019-10-26, 00:54:36, 1.06e-12, 8.96e-11
2019-10-26, 00:54:40, 1.09e-12, 8.98e-11
2019-10-26, 00:54:45, 9.57e-13, 8.94e-11
2019-10-26, 00:54:49, 9.34e-13, 8.93e-11
2019-10-26, 00:54:53, 9.64e-13, 8.95e-11
2019-10-26, 00:54:57, 9.74e-13, 8.96e-11
2019-10-26, 00:55:02, 9.84e-13, 8.96e-11
2019-10-26, 00:55:06, 9.98e-13, 8.95e-11
2019-10-26, 00:55:10, 9.77e-13, 8.95e-11
2019-10-26, 00:55:14, 9.33e-13, 8.95e-11
2019-10-26, 00:55:18, 9.4e-13, 8.98e-11
2019-10-26, 00:55:23, 9.31e-13, 8.96e-11
2019-10-26, 00:55:27, 9.77e-13, 8.91e-11
2019-10-26, 00:55:31, 9.97e-13, 8.95e-11
2019-10-26, 00:55:35, 9.7e-13, 8.97e-11
2019-10-26, 00:55:40, 9.85e-13, 8.93e-11
2019-10-26, 00:55:44, 9.53e-13, 8.93e-11
2019-10-26, 00:55:48, 9.78e-13, 8.95e-11
2019-10-26, 00:55:52, 9.9e-13, 8.92e-11
2019-10-26, 00:55:56, 9.9e-13, 8.94e-11
2019-10-26, 00:56:01, 1.01e-12, 8.95e-11
2019-10-26, 00:56:05, 9.88e-13, 8.94e-11
2019-10-26, 00:56:09, 9.21e-13, 8.96e-11
2019-10-26, 00:56:13, 9.49e-13, 8.98e-11
2019-10-26, 00:56:18, 9.33e-13, 8.95e-11
2019-10-26, 00:56:22, 9.37e-13, 8.92e-11
2019-10-26, 00:56:26, 1.07e-12, 8.97e-11
2019-10-26, 00:56:30, 9.81e-13, 8.97e-11
2019-10-26, 00:56:34, 9.54e-13, 8.97e-11
2019-10-26, 00:56:39, 9.75e-13, 8.93e-11
2019-10-26, 00:56:43, 1.02e-12, 9e-11
2019-10-26, 00:56:47, 9.62e-13, 8.98e-11
2019-10-26, 00:56:51, 1e-12, 8.96e-11
2019-10-26, 00:56:56, 9.12e-13, 8.92e-11
2019-10-26, 00:57:00, 9.64e-13, 8.94e-11
2019-10-26, 00:57:04, 9.69e-13, 8.97e-11
2019-10-26, 00:57:08, 9.42e-13, 8.95e-11
2019-10-26, 00:57:12, 9.49e-13, 8.98e-11
2019-10-26, 00:57:17, 1.06e-12, 8.94e-11
2019-10-26, 00:57:21, 1.08e-12, 8.98e-11
2019-10-26, 00:57:25, 1.02e-12, 8.97e-11
2019-10-26, 00:57:29, 9.83e-13, 8.97e-11
2019-10-26, 00:57:33, 9.56e-13, 8.99e-11
2019-10-26, 00:57:38, 9.14e-13, 8.99e-11
2019-10-26, 00:57:42, 9.31e-13, 8.96e-11
2019-10-26, 00:57:46, 8.18e-13, 8.97e-11
2019-10-26, 00:57:50, 9.39e-13, 8.94e-11
2019-10-26, 00:57:55, 9.9e-13, 8.93e-11
2019-10-26, 00:57:59, 9.57e-13, 8.93e-11
2019-10-26, 00:58:03, 9.92e-13, 8.95e-11
2019-10-26, 00:58:07, 9.55e-13, 8.97e-11
2019-10-26, 00:58:11, 9.71e-13, 8.95e-11
2019-10-26, 00:58:16, 9.82e-13, 8.95e-11
2019-10-26, 00:58:20, 1.02e-12, 8.97e-11
2019-10-26, 00:58:24, 9.41e-13, 8.96e-11
2019-10-26, 00:58:28, 1.01e-12, 8.96e-11
2019-10-26, 00:58:33, 9.57e-13, 8.94e-11
2019-10-26, 00:58:37, 8.93e-13, 8.98e-11
2019-10-26, 00:58:41, 9.76e-13, 8.95e-11
2019-10-26, 00:58:45, 9.66e-13, 8.95e-11
2019-10-26, 00:58:49, 1.02e-12, 8.99e-11
2019-10-26, 00:58:54, 9.23e-13, 8.92e-11
2019-10-26, 00:58:58, 9.45e-13, 8.94e-11
2019-10-26, 00:59:02, 1.02e-12, 8.95e-11
2019-10-26, 00:59:06, 9.42e-13, 8.92e-11
2019-10-26, 00:59:11, 9.79e-13, 8.97e-11
2019-10-26, 00:59:15, 1.01e-12, 8.88e-11
2019-10-26, 00:59:19, 9.29e-13, 8.97e-11
2019-10-26, 00:59:23, 9.56e-13, 8.95e-11
2019-10-26, 00:59:27, 9.95e-13, 8.98e-11
2019-10-26, 00:59:32, 9.7e-13, 8.94e-11
2019-10-26, 00:59:36, 9.65e-13, 8.97e-11
2019-10-26, 00:59:40, 9.36e-13, 8.99e-11
2019-10-26, 00:59:44, 9.56e-13, 8.95e-11
2019-10-26, 00:59:49, 9.29e-13, 8.96e-11
2019-10-26, 00:59:53, 9.63e-13, 8.96e-11
2019-10-26, 00:59:57, 8.84e-13, 8.97e-11
2019-10-26, 01:00:01, 9.8e-13, 8.96e-11
2019-10-26, 01:00:05, 9.06e-13, 8.96e-11
2019-10-26, 01:00:10, 9.73e-13, 9e-11
2019-10-26, 01:00:14, 9.99e-13, 8.96e-11
2019-10-26, 01:00:18, 1.04e-12, 8.96e-11
2019-10-26, 01:00:22, 9.48e-13, 8.9e-11
2019-10-26, 01:00:27, 1.01e-12, 8.97e-11
2019-10-26, 01:00:31, 9.84e-13, 8.96e-11
2019-10-26, 01:00:35, 9.91e-13, 8.95e-11
2019-10-26, 01:00:39, 1.03e-12, 8.97e-11
2019-10-26, 01:00:43, 9.88e-13, 8.98e-11
2019-10-26, 01:00:48, 9.37e-13, 8.96e-11
2019-10-26, 01:00:52, 1e-12, 9e-11
2019-10-26, 01:00:56, 9.68e-13, 8.96e-11
2019-10-26, 01:01:00, 9.02e-13, 8.97e-11
2019-10-26, 01:01:05, 1.02e-12, 8.98e-11
2019-10-26, 01:01:09, 9.55e-13, 8.96e-11
2019-10-26, 01:01:13, 9.6e-13, 8.94e-11
2019-10-26, 01:01:17, 1e-12, 8.95e-11
2019-10-26, 01:01:21, 1.02e-12, 8.94e-11
2019-10-26, 01:01:26, 9.65e-13, 8.95e-11
2019-10-26, 01:01:30, 1.01e-12, 8.94e-11
2019-10-26, 01:01:34, 9.94e-13, 8.92e-11
2019-10-26, 01:01:38, 9.49e-13, 8.9e-11
2019-10-26, 01:01:43, 9.72e-13, 8.93e-11
2019-10-26, 01:01:47, 9.53e-13, 8.98e-11
2019-10-26, 01:01:51, 9.95e-13, 8.92e-11
2019-10-26, 01:01:55, 1.08e-12, 8.95e-11
2019-10-26, 01:01:59, 9.36e-13, 8.95e-11
2019-10-26, 01:02:04, 9.85e-13, 8.94e-11
2019-10-26, 01:02:08, 9.74e-13, 8.93e-11
2019-10-26, 01:02:12, 9.67e-13, 9.01e-11
2019-10-26, 01:02:16, 9.88e-13, 8.92e-11
2019-10-26, 01:02:21, 9.65e-13, 8.97e-11
2019-10-26, 01:02:25, 9.36e-13, 8.92e-11
2019-10-26, 01:02:29, 9.68e-13, 8.93e-11
2019-10-26, 01:02:33, 9.61e-13, 8.95e-11
2019-10-26, 01:02:37, 9.86e-13, 8.95e-11
2019-10-26, 01:02:42, 9.33e-13, 8.92e-11
2019-10-26, 01:02:46, 9.64e-13, 8.93e-11
2019-10-26, 01:02:50, 9.17e-13, 8.97e-11
2019-10-26, 01:02:54, 9.25e-13, 8.97e-11
2019-10-26, 01:02:58, 1e-12, 8.94e-11
2019-10-26, 01:03:03, 9.96e-13, 8.94e-11
2019-10-26, 01:03:07, 1.01e-12, 8.96e-11
2019-10-26, 01:03:11, 1.05e-12, 8.97e-11
2019-10-26, 01:03:15, 9.53e-13, 8.95e-11
2019-10-26, 01:03:20, 9.97e-13, 8.99e-11
2019-10-26, 01:03:24, 1.02e-12, 8.96e-11
2019-10-26, 01:03:28, 1e-12, 8.96e-11
2019-10-26, 01:03:32, 9.96e-13, 8.92e-11
2019-10-26, 01:03:36, 9.53e-13, 8.97e-11
2019-10-26, 01:03:41, 9.57e-13, 8.99e-11
2019-10-26, 01:03:45, 1.01e-12, 8.94e-11
2019-10-26, 01:03:49, 1.01e-12, 8.96e-11
2019-10-26, 01:03:53, 9.61e-13, 8.92e-11
2019-10-26, 01:03:58, 9.7e-13, 8.95e-11
2019-10-26, 01:04:02, 9.67e-13, 8.94e-11
2019-10-26, 01:04:06, 9.91e-13, 8.94e-11
2019-10-26, 01:04:10, 9.58e-13, 8.97e-11
2019-10-26, 01:04:14, 9.06e-13, 8.98e-11
2019-10-26, 01:04:19, 9.86e-13, 8.91e-11
2019-10-26, 01:04:23, 1.02e-12, 8.95e-11
2019-10-26, 01:04:27, 1.01e-12, 8.94e-11
2019-10-26, 01:04:31, 8.78e-13, 8.95e-11
2019-10-26, 01:04:36, 9.2e-13, 8.94e-11
2019-10-26, 01:04:40, 9.32e-13, 8.91e-11
2019-10-26, 01:04:44, 8.96e-13, 8.95e-11
2019-10-26, 01:04:48, 9.61e-13, 8.94e-11
2019-10-26, 01:04:52, 9.23e-13, 8.92e-11
2019-10-26, 01:04:57, 9.69e-13, 8.94e-11
2019-10-26, 01:05:01, 9.3e-13, 8.97e-11
2019-10-26, 01:05:05, 1.01e-12, 8.97e-11
2019-10-26, 01:05:09, 9.74e-13, 8.94e-11
2019-10-26, 01:05:14, 9.62e-13, 8.97e-11
2019-10-26, 01:05:18, 1.04e-12, 8.96e-11
2019-10-26, 01:05:22, 9.29e-13, 8.97e-11
2019-10-26, 01:05:26, 9.24e-13, 8.99e-11
2019-10-26, 01:05:30, 9.77e-13, 8.97e-11
2019-10-26, 01:05:35, 9.27e-13, 8.97e-11
2019-10-26, 01:05:39, 1.02e-12, 8.99e-11
2019-10-26, 01:05:43, 9.83e-13, 9.01e-11
2019-10-26, 01:05:47, 9.48e-13, 8.97e-11
2019-10-26, 01:05:52, 9.89e-13, 8.97e-11
2019-10-26, 01:05:56, 1.02e-12, 8.97e-11
2019-10-26, 01:06:00, 9.75e-13, 9.01e-11
2019-10-26, 01:06:04, 1.07e-12, 8.99e-11
2019-10-26, 01:06:08, 9.65e-13, 8.96e-11
2019-10-26, 01:06:13, 1.03e-12, 9e-11
2019-10-26, 01:06:17, 9.26e-13, 8.97e-11
2019-10-26, 01:06:21, 9.44e-13, 8.95e-11
2019-10-26, 01:06:25, 9.79e-13, 8.98e-11
2019-10-26, 01:06:30, 9.86e-13, 8.95e-11
2019-10-26, 01:06:34, 9.58e-13, 8.98e-11
2019-10-26, 01:06:38, 9.75e-13, 8.92e-11
2019-10-26, 01:06:42, 9.93e-13, 8.93e-11
2019-10-26, 01:06:46, 1.01e-12, 8.95e-11
2019-10-26, 01:06:51, 9.8e-13, 8.97e-11
2019-10-26, 01:06:55, 9.5e-13, 8.95e-11
2019-10-26, 01:06:59, 1.01e-12, 8.95e-11
2019-10-26, 01:07:03, 9.17e-13, 8.95e-11
2019-10-26, 01:07:07, 9.74e-13, 8.97e-11
2019-10-26, 01:07:12, 1.01e-12, 8.97e-11
2019-10-26, 01:07:16, 1.02e-12, 8.97e-11
2019-10-26, 01:07:20, 1e-12, 8.95e-11
2019-10-26, 01:07:24, 9.96e-13, 8.93e-11
2019-10-26, 01:07:29, 1.03e-12, 9.01e-11
2019-10-26, 01:07:33, 9.15e-13, 8.99e-11
2019-10-26, 01:07:37, 9.8e-13, 8.95e-11
2019-10-26, 01:07:41, 1.09e-12, 8.95e-11
2019-10-26, 01:07:45, 1.04e-12, 8.96e-11
2019-10-26, 01:07:50, 9.84e-13, 8.97e-11
2019-10-26, 01:07:54, 1.03e-12, 8.98e-11
2019-10-26, 01:07:58, 9.85e-13, 8.95e-11
2019-10-26, 01:08:02, 9.28e-13, 8.94e-11
2019-10-26, 01:08:07, 9.08e-13, 8.94e-11
2019-10-26, 01:08:11, 9.36e-13, 8.95e-11
2019-10-26, 01:08:15, 9.69e-13, 8.91e-11
2019-10-26, 01:08:19, 9.71e-13, 8.95e-11
2019-10-26, 01:08:23, 1.01e-12, 8.94e-11
2019-10-26, 01:08:28, 9.03e-13, 8.95e-11
2019-10-26, 01:08:32, 9.31e-13, 8.98e-11
2019-10-26, 01:08:36, 9.91e-13, 8.95e-11
2019-10-26, 01:08:40, 9.6e-13, 8.97e-11
2019-10-26, 01:08:45, 9.43e-13, 8.98e-11
2019-10-26, 01:08:49, 9.95e-13, 8.94e-11
2019-10-26, 01:08:53, 1.05e-12, 8.96e-11
2019-10-26, 01:08:57, 1.02e-12, 8.95e-11
2019-10-26, 01:09:01, 9.59e-13, 8.92e-11
2019-10-26, 01:09:06, 9.99e-13, 8.96e-11
2019-10-26, 01:09:10, 9.85e-13, 8.97e-11
2019-10-26, 01:09:14, 9.6e-13, 8.96e-11
2019-10-26, 01:09:18, 9.89e-13, 8.97e-11
2019-10-26, 01:09:23, 9.65e-13, 8.94e-11
2019-10-26, 01:09:27, 1e-12, 8.95e-11
2019-10-26, 01:09:31, 9.69e-13, 9e-11
2019-10-26, 01:09:35, 9.25e-13, 8.95e-11
2019-10-26, 01:09:39, 1.01e-12, 8.96e-11
2019-10-26, 01:09:44, 1.06e-12, 8.97e-11
2019-10-26, 01:09:48, 1.05e-12, 8.92e-11
2019-10-26, 01:09:52, 9.72e-13, 8.93e-11
2019-10-26, 01:09:56, 9.75e-13, 8.94e-11
2019-10-26, 01:10:01, 9.45e-13, 8.97e-11
2019-10-26, 01:10:05, 9.63e-13, 8.94e-11
2019-10-26, 01:10:09, 9.39e-13, 8.94e-11
2019-10-26, 01:10:13, 9.48e-13, 8.96e-11
2019-10-26, 01:10:17, 9.97e-13, 8.92e-11
2019-10-26, 01:10:22, 9.6e-13, 8.95e-11
2019-10-26, 01:10:26, 9.38e-13, 8.94e-11
2019-10-26, 01:10:30, 1.04e-12, 8.92e-11
2019-10-26, 01:10:34, 9.4e-13, 8.94e-11
2019-10-26, 01:10:38, 1.12e-12, 8.94e-11
2019-10-26, 01:10:43, 9.84e-13, 8.94e-11
2019-10-26, 01:10:47, 9.57e-13, 8.96e-11
2019-10-26, 01:10:51, 9.73e-13, 8.93e-11
2019-10-26, 01:10:55, 9.51e-13, 8.91e-11
2019-10-26, 01:11:00, 1.09e-12, 8.98e-11
2019-10-26, 01:11:04, 9.66e-13, 8.94e-11
2019-10-26, 01:11:08, 1.17e-12, 8.96e-11
2019-10-26, 01:11:12, 1.05e-12, 8.98e-11
2019-10-26, 01:11:16, 9.98e-13, 8.95e-11
2019-10-26, 01:11:21, 9.76e-13, 8.95e-11
2019-10-26, 01:11:25, 9.81e-13, 8.93e-11
2019-10-26, 01:11:29, 9.96e-13, 8.98e-11
2019-10-26, 01:11:33, 1.02e-12, 8.92e-11
2019-10-26, 01:11:38, 9.08e-13, 8.99e-11
2019-10-26, 01:11:42, 9.96e-13, 8.96e-11
2019-10-26, 01:11:46, 9.95e-13, 8.96e-11
2019-10-26, 01:11:50, 9.93e-13, 8.97e-11
2019-10-26, 01:11:54, 9.49e-13, 8.94e-11
2019-10-26, 01:11:59, 9.48e-13, 8.94e-11
2019-10-26, 01:12:03, 9.6e-13, 8.96e-11
2019-10-26, 01:12:07, 9.82e-13, 8.96e-11
2019-10-26, 01:12:11, 9.96e-13, 8.96e-11
2019-10-26, 01:12:16, 1.04e-12, 8.96e-11
2019-10-26, 01:12:20, 1e-12, 8.96e-11
2019-10-26, 01:12:24, 9.72e-13, 8.94e-11
2019-10-26, 01:12:28, 9.7e-13, 8.95e-11
2019-10-26, 01:12:32, 9.23e-13, 8.93e-11
2019-10-26, 01:12:37, 1.02e-12, 8.95e-11
2019-10-26, 01:12:41, 9.5e-13, 8.98e-11
2019-10-26, 01:12:45, 9.07e-13, 8.99e-11
2019-10-26, 01:12:49, 9.91e-13, 8.96e-11
2019-10-26, 01:12:54, 9.84e-13, 8.96e-11
2019-10-26, 01:12:58, 1.01e-12, 8.95e-11
2019-10-26, 01:13:02, 9.95e-13, 8.93e-11
2019-10-26, 01:13:06, 8.64e-13, 8.96e-11
2019-10-26, 01:13:10, 9.62e-13, 8.97e-11
2019-10-26, 01:13:15, 9.79e-13, 8.97e-11
2019-10-26, 01:13:19, 1.14e-12, 8.96e-11
2019-10-26, 01:13:23, 8.93e-13, 8.94e-11
2019-10-26, 01:13:27, 9.8e-13, 8.95e-11
2019-10-26, 01:13:32, 9.84e-13, 8.95e-11
2019-10-26, 01:13:36, 9.93e-13, 8.97e-11
2019-10-26, 01:13:40, 1.02e-12, 8.97e-11
2019-10-26, 01:13:44, 9.23e-13, 8.93e-11
2019-10-26, 01:13:48, 9.32e-13, 8.99e-11
2019-10-26, 01:13:53, 9.75e-13, 8.97e-11
2019-10-26, 01:13:57, 9.78e-13, 8.95e-11
2019-10-26, 01:14:01, 9.64e-13, 8.94e-11
2019-10-26, 01:14:05, 1.11e-12, 8.94e-11
2019-10-26, 01:14:10, 9.94e-13, 8.94e-11
2019-10-26, 01:14:14, 1.04e-12, 8.95e-11
2019-10-26, 01:14:18, 1.02e-12, 8.96e-11
2019-10-26, 01:14:22, 1.01e-12, 8.92e-11
2019-10-26, 01:14:26, 9.6e-13, 8.94e-11
2019-10-26, 01:14:31, 9.41e-13, 8.97e-11
2019-10-26, 01:14:35, 1.01e-12, 9e-11
2019-10-26, 01:14:39, 9.86e-13, 8.98e-11
2019-10-26, 01:14:43, 9.62e-13, 8.96e-11
2019-10-26, 01:14:48, 9.84e-13, 8.98e-11
2019-10-26, 01:14:52, 9.16e-13, 8.98e-11
2019-10-26, 01:14:56, 9.75e-13, 8.95e-11
2019-10-26, 01:15:00, 9.74e-13, 8.93e-11
2019-10-26, 01:15:04, 9.39e-13, 8.96e-11
2019-10-26, 01:15:09, 9.02e-13, 8.99e-11
2019-10-26, 01:15:13, 9.76e-13, 8.95e-11
2019-10-26, 01:15:17, 1.08e-12, 8.96e-11
2019-10-26, 01:15:21, 9.58e-13, 8.98e-11
2019-10-26, 01:15:25, 9.76e-13, 8.97e-11
2019-10-26, 01:15:30, 9.51e-13, 8.96e-11
2019-10-26, 01:15:34, 9.24e-13, 8.96e-11
2019-10-26, 01:15:38, 9.76e-13, 8.96e-11
2019-10-26, 01:15:42, 9.69e-13, 8.99e-11
2019-10-26, 01:15:47, 1.01e-12, 8.97e-11
2019-10-26, 01:15:51, 1.17e-12, 8.96e-11
2019-10-26, 01:15:55, 9.44e-13, 8.97e-11
2019-10-26, 01:15:59, 9.48e-13, 8.94e-11
2019-10-26, 01:16:03, 1.05e-12, 8.98e-11
2019-10-26, 01:16:08, 9.96e-13, 8.94e-11
2019-10-26, 01:16:12, 1.02e-12, 8.99e-11
2019-10-26, 01:16:16, 9.78e-13, 8.95e-11
2019-10-26, 01:16:20, 9.61e-13, 8.93e-11
2019-10-26, 01:16:25, 9.71e-13, 8.97e-11
2019-10-26, 01:16:29, 9.96e-13, 8.96e-11
2019-10-26, 01:16:33, 9.6e-13, 8.97e-11
2019-10-26, 01:16:37, 9.58e-13, 8.95e-11
2019-10-26, 01:16:41, 1.01e-12, 8.9e-11
2019-10-26, 01:16:46, 9.41e-13, 8.95e-11
2019-10-26, 01:16:50, 1.11e-12, 8.99e-11
2019-10-26, 01:16:54, 9.84e-13, 8.96e-11
2019-10-26, 01:16:58, 9.5e-13, 8.95e-11
2019-10-26, 01:17:03, 9.92e-13, 8.98e-11
2019-10-26, 01:17:07, 9.74e-13, 8.95e-11
2019-10-26, 01:17:11, 9.34e-13, 8.94e-11
2019-10-26, 01:17:15, 9.37e-13, 8.95e-11
2019-10-26, 01:17:19, 9.47e-13, 8.95e-11
2019-10-26, 01:17:24, 1.13e-12, 8.95e-11
2019-10-26, 01:17:28, 9.76e-13, 8.95e-11
2019-10-26, 01:17:32, 9.28e-13, 8.9e-11
2019-10-26, 01:17:36, 9.84e-13, 8.95e-11
2019-10-26, 01:17:41, 8.69e-13, 8.94e-11
2019-10-26, 01:17:45, 9.64e-13, 8.97e-11
2019-10-26, 01:17:49, 9.62e-13, 8.94e-11
2019-10-26, 01:17:53, 9.76e-13, 8.96e-11
2019-10-26, 01:17:57, 9.9e-13, 8.95e-11
2019-10-26, 01:18:02, 1.01e-12, 8.97e-11
2019-10-26, 01:18:06, 9.46e-13, 8.95e-11
2019-10-26, 01:18:10, 9.92e-13, 8.93e-11
2019-10-26, 01:18:14, 1.09e-12, 8.95e-11
2019-10-26, 01:18:19, 9.82e-13, 8.92e-11
2019-10-26, 01:18:23, 1.01e-12, 8.93e-11
2019-10-26, 01:18:27, 9.5e-13, 8.96e-11
2019-10-26, 01:18:31, 9.31e-13, 8.94e-11
2019-10-26, 01:18:35, 9.99e-13, 8.95e-11
2019-10-26, 01:18:40, 9.59e-13, 8.94e-11
2019-10-26, 01:18:44, 8.99e-13, 8.97e-11
2019-10-26, 01:18:48, 9.8e-13, 8.93e-11
2019-10-26, 01:18:52, 9.24e-13, 8.94e-11
2019-10-26, 01:18:57, 1e-12, 8.96e-11
2019-10-26, 01:19:01, 9.13e-13, 8.98e-11
2019-10-26, 01:19:05, 1.02e-12, 8.95e-11
2019-10-26, 01:19:09, 9.32e-13, 8.92e-11
2019-10-26, 01:19:13, 9.77e-13, 8.93e-11
2019-10-26, 01:19:18, 9.54e-13, 8.96e-11
2019-10-26, 01:19:22, 9.43e-13, 8.97e-11
2019-10-26, 01:19:26, 9.79e-13, 8.95e-11
2019-10-26, 01:19:30, 1.02e-12, 8.92e-11
2019-10-26, 01:19:34, 9.79e-13, 8.97e-11
2019-10-26, 01:19:39, 9.84e-13, 8.95e-11
2019-10-26, 01:19:43, 9.89e-13, 8.94e-11
2019-10-26, 01:19:47, 1.03e-12, 8.98e-11
2019-10-26, 01:19:51, 1.05e-12, 8.97e-11
2019-10-26, 01:19:56, 9.22e-13, 8.93e-11
2019-10-26, 01:20:00, 9.84e-13, 8.96e-11
2019-10-26, 01:20:04, 1.04e-12, 8.95e-11
2019-10-26, 01:20:08, 8.98e-13, 8.94e-11
2019-10-26, 01:20:12, 9.71e-13, 8.98e-11
2019-10-26, 01:20:17, 9.14e-13, 8.95e-11
2019-10-26, 01:20:21, 9.58e-13, 8.94e-11
2019-10-26, 01:20:25, 9.8e-13, 8.95e-11
2019-10-26, 01:20:29, 1.05e-12, 8.95e-11
2019-10-26, 01:20:34, 9.75e-13, 8.94e-11
2019-10-26, 01:20:38, 1e-12, 8.97e-11
2019-10-26, 01:20:42, 1.02e-12, 8.96e-11
2019-10-26, 01:20:46, 9.36e-13, 8.96e-11
2019-10-26, 01:20:50, 9.94e-13, 8.96e-11
2019-10-26, 01:20:55, 9.97e-13, 8.91e-11
2019-10-26, 01:20:59, 9.91e-13, 8.96e-11
2019-10-26, 01:21:03, 9.86e-13, 8.93e-11
2019-10-26, 01:21:07, 9.72e-13, 8.95e-11
2019-10-26, 01:21:12, 9.48e-13, 8.95e-11
2019-10-26, 01:21:16, 1.07e-12, 8.95e-11
2019-10-26, 01:21:20, 9.92e-13, 8.94e-11
2019-10-26, 01:21:24, 1.03e-12, 8.94e-11
2019-10-26, 01:21:28, 1e-12, 8.94e-11
2019-10-26, 01:21:33, 9.74e-13, 8.94e-11
2019-10-26, 01:21:37, 9.77e-13, 8.95e-11
2019-10-26, 01:21:41, 9.97e-13, 8.99e-11
2019-10-26, 01:21:45, 1.05e-12, 8.96e-11
2019-10-26, 01:21:50, 9.98e-13, 8.95e-11
2019-10-26, 01:21:54, 1.02e-12, 8.96e-11
2019-10-26, 01:21:58, 1.01e-12, 8.98e-11
2019-10-26, 01:22:02, 1.06e-12, 8.95e-11
2019-10-26, 01:22:06, 9.33e-13, 8.97e-11
2019-10-26, 01:22:11, 8.9e-13, 8.96e-11
2019-10-26, 01:22:15, 1.09e-12, 8.97e-11
2019-10-26, 01:22:19, 9.43e-13, 8.95e-11
2019-10-26, 01:22:23, 9.77e-13, 8.99e-11
2019-10-26, 01:22:28, 9.6e-13, 8.98e-11
2019-10-26, 01:22:32, 1.01e-12, 8.95e-11
2019-10-26, 01:22:36, 9.71e-13, 8.94e-11
2019-10-26, 01:22:40, 9.8e-13, 8.98e-11
2019-10-26, 01:22:44, 1.01e-12, 8.94e-11
2019-10-26, 01:22:49, 9.41e-13, 8.95e-11
2019-10-26, 01:22:53, 9.89e-13, 8.96e-11
2019-10-26, 01:22:57, 9.35e-13, 8.97e-11
2019-10-26, 01:23:01, 9.93e-13, 8.99e-11
2019-10-26, 01:23:06, 9.76e-13, 8.97e-11
2019-10-26, 01:23:10, 9.19e-13, 8.97e-11
2019-10-26, 01:23:14, 8.35e-13, 8.94e-11
2019-10-26, 01:23:18, 1.02e-12, 8.98e-11
2019-10-26, 01:23:22, 9.63e-13, 8.97e-11
2019-10-26, 01:23:27, 9.95e-13, 8.96e-11
2019-10-26, 01:23:31, 9.7e-13, 8.97e-11
2019-10-26, 01:23:35, 9.53e-13, 8.97e-11
2019-10-26, 01:23:39, 9.97e-13, 8.95e-11
2019-10-26, 01:23:44, 9.96e-13, 8.97e-11
2019-10-26, 01:23:48, 1.02e-12, 8.95e-11
2019-10-26, 01:23:52, 9.79e-13, 8.99e-11
2019-10-26, 01:23:56, 9.8e-13, 8.94e-11
2019-10-26, 01:24:00, 9.8e-13, 8.96e-11
2019-10-26, 01:24:05, 9.94e-13, 9.03e-11
2019-10-26, 01:24:09, 9.93e-13, 8.96e-11
2019-10-26, 01:24:13, 9.82e-13, 8.96e-11
2019-10-26, 01:24:17, 9.65e-13, 8.98e-11
2019-10-26, 01:24:22, 9.74e-13, 8.98e-11
2019-10-26, 01:24:26, 9.68e-13, 8.98e-11
2019-10-26, 01:24:30, 9.81e-13, 8.96e-11
2019-10-26, 01:24:34, 1e-12, 8.98e-11
2019-10-26, 01:24:38, 9.62e-13, 8.95e-11
2019-10-26, 01:24:43, 1.08e-12, 8.95e-11
2019-10-26, 01:24:47, 1.05e-12, 8.94e-11
2019-10-26, 01:24:51, 9.09e-13, 8.96e-11
2019-10-26, 01:24:55, 9.7e-13, 8.95e-11
2019-10-26, 01:24:59, 1.02e-12, 8.97e-11
2019-10-26, 01:25:04, 9.39e-13, 8.97e-11
2019-10-26, 01:25:08, 9.25e-13, 8.98e-11
2019-10-26, 01:25:12, 8.92e-13, 8.91e-11
2019-10-26, 01:25:16, 1.01e-12, 8.98e-11
2019-10-26, 01:25:21, 9.64e-13, 8.98e-11
2019-10-26, 01:25:25, 9.47e-13, 8.95e-11
2019-10-26, 01:25:29, 9.29e-13, 8.97e-11
2019-10-26, 01:25:33, 9.74e-13, 8.95e-11
2019-10-26, 01:25:37, 9.17e-13, 8.96e-11
2019-10-26, 01:25:42, 9.77e-13, 8.94e-11
2019-10-26, 01:25:46, 1.03e-12, 8.96e-11
2019-10-26, 01:25:50, 1.14e-12, 8.96e-11
2019-10-26, 01:25:54, 9.01e-13, 8.95e-11
2019-10-26, 01:25:59, 9.85e-13, 8.94e-11
2019-10-26, 01:26:03, 9.55e-13, 8.96e-11
2019-10-26, 01:26:07, 9.79e-13, 8.98e-11
2019-10-26, 01:26:11, 9.65e-13, 8.93e-11
2019-10-26, 01:26:15, 1.1e-12, 8.93e-11
2019-10-26, 01:26:20, 9.31e-13, 8.93e-11
2019-10-26, 01:26:24, 9.42e-13, 8.97e-11
2019-10-26, 01:26:28, 9.4e-13, 8.99e-11
2019-10-26, 01:26:32, 9.55e-13, 9.01e-11
2019-10-26, 01:26:37, 9.4e-13, 8.99e-11
2019-10-26, 01:26:41, 9.61e-13, 8.93e-11
2019-10-26, 01:26:45, 9.81e-13, 8.97e-11
2019-10-26, 01:26:49, 9.84e-13, 8.99e-11
2019-10-26, 01:26:53, 9.77e-13, 8.95e-11
2019-10-26, 01:26:58, 9.61e-13, 8.96e-11
2019-10-26, 01:27:02, 9.33e-13, 8.95e-11
2019-10-26, 01:27:06, 9.61e-13, 9e-11
2019-10-26, 01:27:10, 9.89e-13, 8.95e-11
2019-10-26, 01:27:15, 9.68e-13, 8.92e-11
2019-10-26, 01:27:19, 9.75e-13, 8.96e-11
2019-10-26, 01:27:23, 9.51e-13, 8.93e-11
2019-10-26, 01:27:27, 8.92e-13, 8.96e-11
2019-10-26, 01:27:31, 9.68e-13, 8.97e-11
2019-10-26, 01:27:36, 9.51e-13, 8.96e-11
2019-10-26, 01:27:40, 9.67e-13, 8.95e-11
2019-10-26, 01:27:44, 9.62e-13, 8.96e-11
2019-10-26, 01:27:48, 8.94e-13, 8.94e-11
2019-10-26, 01:27:53, 9.81e-13, 8.97e-11
2019-10-26, 01:27:57, 1.01e-12, 8.97e-11
2019-10-26, 01:28:01, 9.33e-13, 8.98e-11
2019-10-26, 01:28:05, 1.13e-12, 8.94e-11
2019-10-26, 01:28:09, 1.03e-12, 8.93e-11
2019-10-26, 01:28:14, 9.92e-13, 8.97e-11
2019-10-26, 01:28:18, 1.03e-12, 8.92e-11
2019-10-26, 01:28:22, 9.95e-13, 8.92e-11
2019-10-26, 01:28:26, 1.06e-12, 8.98e-11
2019-10-26, 01:28:31, 8.96e-13, 8.95e-11
2019-10-26, 01:28:35, 9.74e-13, 8.94e-11
2019-10-26, 01:28:39, 1e-12, 8.96e-11
2019-10-26, 01:28:43, 9.62e-13, 8.95e-11
2019-10-26, 01:28:47, 9.54e-13, 8.93e-11
2019-10-26, 01:28:52, 9.32e-13, 8.95e-11
2019-10-26, 01:28:56, 1.01e-12, 8.95e-11
2019-10-26, 01:29:00, 1.04e-12, 8.94e-11
2019-10-26, 01:29:04, 9.3e-13, 8.96e-11
2019-10-26, 01:29:08, 9.68e-13, 8.97e-11
2019-10-26, 01:29:13, 9.13e-13, 8.96e-11
2019-10-26, 01:29:17, 1.06e-12, 8.94e-11
2019-10-26, 01:29:21, 8.85e-13, 8.95e-11
2019-10-26, 01:29:25, 1.15e-12, 8.93e-11
2019-10-26, 01:29:30, 9.87e-13, 8.96e-11
2019-10-26, 01:29:34, 9.8e-13, 8.98e-11
2019-10-26, 01:29:38, 9.44e-13, 8.95e-11
2019-10-26, 01:29:42, 9.52e-13, 8.97e-11
2019-10-26, 01:29:46, 9.37e-13, 8.96e-11
2019-10-26, 01:29:51, 9.88e-13, 8.93e-11
2019-10-26, 01:29:55, 9.62e-13, 8.94e-11
2019-10-26, 01:29:59, 1.03e-12, 8.94e-11
2019-10-26, 01:30:03, 1.01e-12, 8.95e-11
2019-10-26, 01:30:08, 1.01e-12, 8.96e-11
2019-10-26, 01:30:12, 1.02e-12, 8.95e-11
2019-10-26, 01:30:16, 9.96e-13, 8.96e-11
2019-10-26, 01:30:20, 8.68e-13, 8.95e-11
2019-10-26, 01:30:24, 9.03e-13, 9e-11
2019-10-26, 01:30:29, 9.77e-13, 8.97e-11
2019-10-26, 01:30:33, 9.69e-13, 8.96e-11
2019-10-26, 01:30:37, 1.04e-12, 8.95e-11
2019-10-26, 01:30:41, 1.01e-12, 8.97e-11
2019-10-26, 01:30:46, 1.04e-12, 8.92e-11
2019-10-26, 01:30:50, 9.15e-13, 8.96e-11
2019-10-26, 01:30:54, 9.42e-13, 8.9e-11
2019-10-26, 01:30:58, 1.02e-12, 8.96e-11
2019-10-26, 01:31:02, 9.91e-13, 8.97e-11
2019-10-26, 01:31:07, 1.05e-12, 8.95e-11
2019-10-26, 01:31:11, 1.09e-12, 8.96e-11
2019-10-26, 01:31:15, 1e-12, 8.95e-11
2019-10-26, 01:31:19, 9.51e-13, 8.97e-11
2019-10-26, 01:31:24, 9.64e-13, 9e-11
2019-10-26, 01:31:28, 1e-12, 8.94e-11
2019-10-26, 01:31:32, 9.9e-13, 8.95e-11
2019-10-26, 01:31:36, 9.14e-13, 8.95e-11
2019-10-26, 01:31:40, 1.02e-12, 8.98e-11
2019-10-26, 01:31:45, 1.03e-12, 8.96e-11
2019-10-26, 01:31:49, 1.01e-12, 8.95e-11
2019-10-26, 01:31:53, 9.84e-13, 8.98e-11
2019-10-26, 01:31:57, 9.61e-13, 8.94e-11
2019-10-26, 01:32:02, 9.27e-13, 8.94e-11
2019-10-26, 01:32:06, 8.56e-13, 8.95e-11
2019-10-26, 01:32:10, 9.6e-13, 8.96e-11
2019-10-26, 01:32:14, 9.72e-13, 8.96e-11
2019-10-26, 01:32:18, 9.75e-13, 8.96e-11
2019-10-26, 01:32:23, 9.42e-13, 8.92e-11
2019-10-26, 01:32:27, 9.82e-13, 8.93e-11
2019-10-26, 01:32:31, 9.9e-13, 8.96e-11
2019-10-26, 01:32:35, 1.01e-12, 8.95e-11
2019-10-26, 01:32:39, 9.52e-13, 8.97e-11
2019-10-26, 01:32:44, 9.8e-13, 8.96e-11
2019-10-26, 01:32:48, 9.26e-13, 8.95e-11
2019-10-26, 01:32:52, 9.58e-13, 8.94e-11
2019-10-26, 01:32:56, 9.52e-13, 8.93e-11
2019-10-26, 01:33:01, 9.43e-13, 8.96e-11
2019-10-26, 01:33:05, 9.59e-13, 8.98e-11
2019-10-26, 01:33:09, 9.68e-13, 8.97e-11
2019-10-26, 01:33:13, 9.99e-13, 8.96e-11
2019-10-26, 01:33:17, 9.77e-13, 8.97e-11
2019-10-26, 01:33:22, 9.66e-13, 8.96e-11
2019-10-26, 01:33:26, 1.01e-12, 8.99e-11
2019-10-26, 01:33:30, 9.64e-13, 8.94e-11
2019-10-26, 01:33:34, 1.04e-12, 8.96e-11
2019-10-26, 01:33:39, 1.05e-12, 8.95e-11
2019-10-26, 01:33:43, 9.76e-13, 8.98e-11
2019-10-26, 01:33:47, 9.7e-13, 8.95e-11
2019-10-26, 01:33:51, 9.79e-13, 8.93e-11
2019-10-26, 01:33:55, 1.01e-12, 8.94e-11
2019-10-26, 01:34:00, 1e-12, 8.93e-11
2019-10-26, 01:34:04, 9.95e-13, 8.96e-11
2019-10-26, 01:34:08, 9.86e-13, 9e-11
2019-10-26, 01:34:12, 8.58e-13, 8.96e-11
2019-10-26, 01:34:17, 9.62e-13, 8.92e-11
2019-10-26, 01:34:21, 1.04e-12, 8.96e-11
2019-10-26, 01:34:25, 9.96e-13, 8.96e-11
2019-10-26, 01:34:29, 9.78e-13, 8.95e-11
2019-10-26, 01:34:33, 1.01e-12, 8.93e-11
2019-10-26, 01:34:38, 9.5e-13, 8.96e-11
2019-10-26, 01:34:42, 1.02e-12, 8.96e-11
2019-10-26, 01:34:46, 9.92e-13, 8.92e-11
2019-10-26, 01:34:50, 1.13e-12, 8.95e-11
2019-10-26, 01:34:55, 9.57e-13, 8.97e-11
2019-10-26, 01:34:59, 1.05e-12, 8.95e-11
2019-10-26, 01:35:03, 9.81e-13, 8.95e-11
2019-10-26, 01:35:07, 9.59e-13, 8.94e-11
2019-10-26, 01:35:11, 1e-12, 8.92e-11
2019-10-26, 01:35:16, 9.41e-13, 9e-11
2019-10-26, 01:35:20, 9.63e-13, 8.96e-11
2019-10-26, 01:35:24, 9.16e-13, 8.96e-11
2019-10-26, 01:35:28, 9.43e-13, 8.97e-11
2019-10-26, 01:35:33, 9.94e-13, 8.95e-11
2019-10-26, 01:35:37, 8.52e-13, 8.91e-11
2019-10-26, 01:35:41, 9.84e-13, 8.98e-11
2019-10-26, 01:35:45, 9.67e-13, 8.98e-11
2019-10-26, 01:35:49, 9.24e-13, 8.93e-11
2019-10-26, 01:35:54, 1.01e-12, 8.95e-11
2019-10-26, 01:35:58, 9.73e-13, 8.98e-11
2019-10-26, 01:36:02, 9.68e-13, 8.94e-11
2019-10-26, 01:36:06, 9.66e-13, 8.96e-11
2019-10-26, 01:36:10, 1.02e-12, 8.96e-11
2019-10-26, 01:36:15, 9.37e-13, 8.96e-11
2019-10-26, 01:36:19, 9.44e-13, 8.97e-11
2019-10-26, 01:36:23, 9.76e-13, 8.95e-11
2019-10-26, 01:36:27, 9.87e-13, 8.97e-11
2019-10-26, 01:36:32, 9.63e-13, 8.95e-11
2019-10-26, 01:36:36, 9.99e-13, 8.91e-11
2019-10-26, 01:36:40, 9.81e-13, 8.93e-11
2019-10-26, 01:36:44, 1.02e-12, 8.97e-11
2019-10-26, 01:36:48, 9.95e-13, 8.95e-11
2019-10-26, 01:36:53, 9.57e-13, 8.94e-11
2019-10-26, 01:36:57, 9.8e-13, 8.94e-11
2019-10-26, 01:37:01, 8.54e-13, 8.95e-11
2019-10-26, 01:37:05, 9.23e-13, 8.94e-11
2019-10-26, 01:37:10, 1.11e-12, 8.95e-11
2019-10-26, 01:37:14, 9.97e-13, 8.95e-11
2019-10-26, 01:37:18, 8.79e-13, 8.92e-11
2019-10-26, 01:37:22, 9.56e-13, 8.94e-11
2019-10-26, 01:37:26, 9.57e-13, 8.94e-11
2019-10-26, 01:37:31, 9.73e-13, 8.96e-11
2019-10-26, 01:37:35, 9.6e-13, 8.97e-11
2019-10-26, 01:37:39, 9.73e-13, 8.96e-11
2019-10-26, 01:37:43, 9.64e-13, 8.94e-11
2019-10-26, 01:37:48, 9.53e-13, 8.94e-11
2019-10-26, 01:37:52, 9.79e-13, 8.92e-11
2019-10-26, 01:37:56, 1.07e-12, 8.93e-11
2019-10-26, 01:38:00, 9.34e-13, 8.94e-11
2019-10-26, 01:38:04, 9.9e-13, 8.93e-11
2019-10-26, 01:38:09, 1.23e-12, 8.92e-11
2019-10-26, 01:38:13, 9.27e-13, 8.94e-11
2019-10-26, 01:38:17, 9.32e-13, 8.93e-11
2019-10-26, 01:38:21, 9.95e-13, 8.93e-11
2019-10-26, 01:38:26, 1.06e-12, 8.94e-11
2019-10-26, 01:38:30, 9.41e-13, 8.95e-11
2019-10-26, 01:38:34, 1e-12, 8.94e-11
2019-10-26, 01:38:38, 1.01e-12, 8.95e-11
2019-10-26, 01:38:42, 9.73e-13, 8.88e-11
2019-10-26, 01:38:47, 9.38e-13, 8.92e-11
2019-10-26, 01:38:51, 9.48e-13, 8.95e-11
2019-10-26, 01:38:55, 1.01e-12, 8.94e-11
2019-10-26, 01:38:59, 9.82e-13, 8.92e-11
2019-10-26, 01:39:04, 9.68e-13, 8.95e-11
2019-10-26, 01:39:08, 9.94e-13, 8.95e-11
2019-10-26, 01:39:12, 9.86e-13, 8.96e-11
2019-10-26, 01:39:16, 9.79e-13, 8.94e-11
2019-10-26, 01:39:20, 9.81e-13, 8.91e-11
2019-10-26, 01:39:25, 9.7e-13, 8.94e-11
2019-10-26, 01:39:29, 9.63e-13, 8.95e-11
2019-10-26, 01:39:33, 8.44e-13, 8.95e-11
2019-10-26, 01:39:37, 9.84e-13, 8.98e-11
2019-10-26, 01:39:42, 1.01e-12, 8.94e-11
2019-10-26, 01:39:46, 9.31e-13, 8.95e-11
2019-10-26, 01:39:50, 1.03e-12, 8.93e-11
2019-10-26, 01:39:54, 9.75e-13, 8.93e-11
2019-10-26, 01:39:58, 9.15e-13, 8.92e-11
2019-10-26, 01:40:03, 9.47e-13, 8.94e-11
2019-10-26, 01:40:07, 9.64e-13, 8.93e-11
2019-10-26, 01:40:11, 1.04e-12, 8.94e-11
2019-10-26, 01:40:15, 1.02e-12, 8.95e-11
2019-10-26, 01:40:19, 9.61e-13, 8.91e-11
2019-10-26, 01:40:24, 9.49e-13, 8.94e-11
2019-10-26, 01:40:28, 9.87e-13, 8.93e-11
2019-10-26, 01:40:32, 9.94e-13, 8.95e-11
2019-10-26, 01:40:36, 1.03e-12, 8.94e-11
2019-10-26, 01:40:41, 9.96e-13, 8.87e-11
2019-10-26, 01:40:45, 9.92e-13, 8.96e-11
2019-10-26, 01:40:49, 1.04e-12, 8.97e-11
2019-10-26, 01:40:53, 9.64e-13, 8.96e-11
2019-10-26, 01:40:57, 9.48e-13, 8.94e-11
2019-10-26, 01:41:02, 9.47e-13, 8.95e-11
2019-10-26, 01:41:06, 9.74e-13, 8.92e-11
2019-10-26, 01:41:10, 1e-12, 8.93e-11
2019-10-26, 01:41:14, 9.9e-13, 8.95e-11
2019-10-26, 01:41:19, 9.18e-13, 8.94e-11
2019-10-26, 01:41:23, 9.26e-13, 8.92e-11
2019-10-26, 01:41:27, 1.05e-12, 8.92e-11
2019-10-26, 01:41:31, 9.06e-13, 8.93e-11
2019-10-26, 01:41:35, 9.73e-13, 8.91e-11
2019-10-26, 01:41:40, 9.02e-13, 8.93e-11
2019-10-26, 01:41:44, 9.23e-13, 8.94e-11
2019-10-26, 01:41:48, 9.83e-13, 8.96e-11
2019-10-26, 01:41:52, 9.92e-13, 8.92e-11
2019-10-26, 01:41:57, 1.01e-12, 8.93e-11
2019-10-26, 01:42:01, 9.88e-13, 8.93e-11
2019-10-26, 01:42:05, 9.01e-13, 8.98e-11
2019-10-26, 01:42:09, 9.73e-13, 8.9e-11
2019-10-26, 01:42:13, 9.42e-13, 8.9e-11
2019-10-26, 01:42:18, 9.1e-13, 8.95e-11
2019-10-26, 01:42:22, 1e-12, 8.95e-11
2019-10-26, 01:42:26, 1e-12, 8.92e-11
2019-10-26, 01:42:30, 9.94e-13, 8.99e-11
2019-10-26, 01:42:35, 9.77e-13, 8.93e-11
2019-10-26, 01:42:39, 9.28e-13, 8.93e-11
2019-10-26, 01:42:43, 8.65e-13, 8.93e-11
2019-10-26, 01:42:47, 9.66e-13, 8.93e-11
2019-10-26, 01:42:51, 1.02e-12, 8.94e-11
2019-10-26, 01:42:56, 9.71e-13, 8.9e-11
2019-10-26, 01:43:00, 9.58e-13, 8.94e-11
2019-10-26, 01:43:04, 9.78e-13, 8.95e-11
2019-10-26, 01:43:08, 1.05e-12, 8.91e-11
2019-10-26, 01:43:13, 1e-12, 8.94e-11
2019-10-26, 01:43:17, 9.52e-13, 8.91e-11
2019-10-26, 01:43:21, 9.89e-13, 8.89e-11
2019-10-26, 01:43:25, 9.56e-13, 8.94e-11
2019-10-26, 01:43:29, 9.33e-13, 8.92e-11
2019-10-26, 01:43:34, 9.81e-13, 8.92e-11
2019-10-26, 01:43:38, 9.48e-13, 8.92e-11
2019-10-26, 01:43:42, 1.05e-12, 8.94e-11
2019-10-26, 01:43:46, 1.01e-12, 8.95e-11
2019-10-26, 01:43:51, 9.93e-13, 8.95e-11
2019-10-26, 01:43:55, 1.01e-12, 8.94e-11
2019-10-26, 01:43:59, 9.9e-13, 8.94e-11
2019-10-26, 01:44:03, 1.12e-12, 8.92e-11
2019-10-26, 01:44:07, 9.94e-13, 8.94e-11
2019-10-26, 01:44:12, 1.02e-12, 8.95e-11
2019-10-26, 01:44:16, 1e-12, 8.9e-11
2019-10-26, 01:44:20, 9.18e-13, 8.92e-11
2019-10-26, 01:44:24, 9.05e-13, 8.91e-11
2019-10-26, 01:44:29, 9.58e-13, 8.95e-11
2019-10-26, 01:44:33, 9.39e-13, 8.95e-11
2019-10-26, 01:44:37, 9.71e-13, 8.94e-11
2019-10-26, 01:44:41, 1.01e-12, 8.91e-11
2019-10-26, 01:44:45, 9.82e-13, 8.93e-11
2019-10-26, 01:44:50, 9.67e-13, 8.93e-11
2019-10-26, 01:44:54, 9.95e-13, 8.96e-11
2019-10-26, 01:44:58, 1.02e-12, 8.9e-11
2019-10-26, 01:45:02, 1.02e-12, 8.92e-11
2019-10-26, 01:45:06, 9.66e-13, 8.92e-11
2019-10-26, 01:45:11, 9.85e-13, 8.92e-11
2019-10-26, 01:45:15, 1.06e-12, 8.93e-11
2019-10-26, 01:45:19, 9.92e-13, 8.94e-11
2019-10-26, 01:45:23, 9.28e-13, 8.95e-11
2019-10-26, 01:45:28, 9.44e-13, 8.96e-11
2019-10-26, 01:45:32, 9.77e-13, 8.92e-11
2019-10-26, 01:45:36, 9.78e-13, 8.9e-11
2019-10-26, 01:45:40, 1e-12, 8.96e-11
2019-10-26, 01:45:44, 9.67e-13, 8.93e-11
2019-10-26, 01:45:49, 1.01e-12, 8.92e-11
2019-10-26, 01:45:53, 9.43e-13, 8.92e-11
2019-10-26, 01:45:57, 9.72e-13, 8.93e-11
2019-10-26, 01:46:01, 9.43e-13, 8.92e-11
2019-10-26, 01:46:06, 1e-12, 8.93e-11
2019-10-26, 01:46:10, 9.07e-13, 8.95e-11
2019-10-26, 01:46:14, 9.88e-13, 8.9e-11
2019-10-26, 01:46:18, 1.02e-12, 8.93e-11
2019-10-26, 01:46:22, 1.07e-12, 8.95e-11
2019-10-26, 01:46:27, 1e-12, 8.92e-11
2019-10-26, 01:46:31, 9.79e-13, 8.92e-11
2019-10-26, 01:46:35, 9.19e-13, 8.93e-11
2019-10-26, 01:46:39, 9.67e-13, 8.96e-11
2019-10-26, 01:46:44, 9.49e-13, 8.94e-11
2019-10-26, 01:46:48, 8.92e-13, 8.92e-11
2019-10-26, 01:46:52, 9.98e-13, 8.92e-11
2019-10-26, 01:46:56, 9.97e-13, 8.92e-11
2019-10-26, 01:47:00, 9.15e-13, 8.95e-11
2019-10-26, 01:47:05, 1.03e-12, 8.96e-11
2019-10-26, 01:47:09, 1e-12, 8.94e-11
2019-10-26, 01:47:13, 9.81e-13, 8.91e-11
2019-10-26, 01:47:17, 9.93e-13, 8.95e-11
2019-10-26, 01:47:22, 9.26e-13, 8.91e-11
2019-10-26, 01:47:26, 9.7e-13, 8.95e-11
2019-10-26, 01:47:30, 9.89e-13, 8.92e-11
2019-10-26, 01:47:34, 9.46e-13, 8.95e-11
2019-10-26, 01:47:38, 9e-13, 8.93e-11
2019-10-26, 01:47:43, 9.43e-13, 8.96e-11
2019-10-26, 01:47:47, 9.34e-13, 8.94e-11
2019-10-26, 01:47:51, 1.01e-12, 8.92e-11
2019-10-26, 01:47:55, 1.01e-12, 8.94e-11
2019-10-26, 01:48:00, 1.03e-12, 8.95e-11
2019-10-26, 01:48:04, 1.03e-12, 8.93e-11
2019-10-26, 01:48:08, 1.03e-12, 8.97e-11
2019-10-26, 01:48:12, 9.59e-13, 8.95e-11
2019-10-26, 01:48:16, 1.03e-12, 8.97e-11
2019-10-26, 01:48:21, 9.7e-13, 8.93e-11
2019-10-26, 01:48:25, 9.62e-13, 8.95e-11
2019-10-26, 01:48:29, 9.67e-13, 8.93e-11
2019-10-26, 01:48:33, 9.79e-13, 8.93e-11
2019-10-26, 01:48:37, 9.37e-13, 8.94e-11
2019-10-26, 01:48:42, 9.65e-13, 8.96e-11
2019-10-26, 01:48:46, 9.26e-13, 8.94e-11
2019-10-26, 01:48:50, 9.93e-13, 8.96e-11
2019-10-26, 01:48:54, 1.04e-12, 8.93e-11
2019-10-26, 01:48:59, 9.7e-13, 8.94e-11
2019-10-26, 01:49:03, 9.64e-13, 8.95e-11
2019-10-26, 01:49:07, 9.68e-13, 8.95e-11
2019-10-26, 01:49:11, 9.45e-13, 8.93e-11
2019-10-26, 01:49:15, 9.37e-13, 8.93e-11
2019-10-26, 01:49:20, 1.02e-12, 8.94e-11
2019-10-26, 01:49:24, 9.85e-13, 8.93e-11
2019-10-26, 01:49:28, 9.76e-13, 8.93e-11
2019-10-26, 01:49:32, 9.57e-13, 8.93e-11
2019-10-26, 01:49:37, 9.16e-13, 8.93e-11
2019-10-26, 01:49:41, 9.91e-13, 8.95e-11
2019-10-26, 01:49:45, 9.74e-13, 8.93e-11
2019-10-26, 01:49:49, 9.93e-13, 8.92e-11
2019-10-26, 01:49:53, 1.01e-12, 8.9e-11
2019-10-26, 01:49:58, 9.73e-13, 8.91e-11
2019-10-26, 01:50:02, 1.02e-12, 8.92e-11
2019-10-26, 01:50:06, 9.76e-13, 8.95e-11
2019-10-26, 01:50:10, 1.02e-12, 8.94e-11
2019-10-26, 01:50:15, 1.04e-12, 8.92e-11
2019-10-26, 01:50:19, 8.95e-13, 8.94e-11
2019-10-26, 01:50:23, 9.75e-13, 8.92e-11
2019-10-26, 01:50:27, 9.78e-13, 8.95e-11
2019-10-26, 01:50:31, 9.21e-13, 8.91e-11
2019-10-26, 01:50:36, 9.48e-13, 8.9e-11
2019-10-26, 01:50:40, 9.59e-13, 8.93e-11
2019-10-26, 01:50:44, 1.01e-12, 8.93e-11
2019-10-26, 01:50:48, 9.46e-13, 8.92e-11
2019-10-26, 01:50:53, 9.61e-13, 8.94e-11
2019-10-26, 01:50:57, 9.9e-13, 8.94e-11
2019-10-26, 01:51:01, 9.73e-13, 8.94e-11
2019-10-26, 01:51:05, 9.92e-13, 8.91e-11
2019-10-26, 01:51:09, 9.7e-13, 8.94e-11
2019-10-26, 01:51:14, 9.78e-13, 8.92e-11
2019-10-26, 01:51:18, 9.99e-13, 8.95e-11
2019-10-26, 01:51:22, 9.89e-13, 8.95e-11
2019-10-26, 01:51:26, 9.4e-13, 8.93e-11
2019-10-26, 01:51:31, 9.89e-13, 8.92e-11
2019-10-26, 01:51:35, 9.83e-13, 8.94e-11
2019-10-26, 01:51:39, 9.14e-13, 8.95e-11
2019-10-26, 01:51:43, 9.72e-13, 8.92e-11
2019-10-26, 01:51:47, 9.97e-13, 8.91e-11
2019-10-26, 01:51:52, 9.16e-13, 8.91e-11
2019-10-26, 01:51:56, 9.66e-13, 8.92e-11
2019-10-26, 01:52:00, 9.43e-13, 8.93e-11
2019-10-26, 01:52:04, 1.18e-12, 8.91e-11
2019-10-26, 01:52:08, 9.94e-13, 8.91e-11
2019-10-26, 01:52:13, 9.37e-13, 8.95e-11
2019-10-26, 01:52:17, 9.78e-13, 8.96e-11
2019-10-26, 01:52:21, 9.77e-13, 8.92e-11
2019-10-26, 01:52:25, 8.81e-13, 8.93e-11
2019-10-26, 01:52:30, 1.13e-12, 8.92e-11
2019-10-26, 01:52:34, 9.69e-13, 8.93e-11
2019-10-26, 01:52:38, 1.01e-12, 8.95e-11
2019-10-26, 01:52:42, 9.42e-13, 8.94e-11
2019-10-26, 01:52:46, 9.59e-13, 8.92e-11
2019-10-26, 01:52:51, 9.58e-13, 8.91e-11
2019-10-26, 01:52:55, 9.69e-13, 8.95e-11
2019-10-26, 01:52:59, 1.02e-12, 8.92e-11
2019-10-26, 01:53:03, 1.01e-12, 8.95e-11
2019-10-26, 01:53:08, 1.03e-12, 8.9e-11
2019-10-26, 01:53:12, 9.7e-13, 8.93e-11
2019-10-26, 01:53:16, 9.85e-13, 8.97e-11
2019-10-26, 01:53:20, 1.06e-12, 8.91e-11
2019-10-26, 01:53:24, 9.9e-13, 8.89e-11
2019-10-26, 01:53:29, 9.86e-13, 8.9e-11
2019-10-26, 01:53:33, 9.2e-13, 8.9e-11
2019-10-26, 01:53:37, 9.82e-13, 8.91e-11
2019-10-26, 01:53:41, 9.23e-13, 8.92e-11
2019-10-26, 01:53:46, 1.05e-12, 8.88e-11
2019-10-26, 01:53:50, 1.06e-12, 8.92e-11
2019-10-26, 01:53:54, 9.95e-13, 8.93e-11
2019-10-26, 01:53:58, 1.11e-12, 8.89e-11
2019-10-26, 01:54:02, 9.61e-13, 8.91e-11
2019-10-26, 01:54:07, 1.01e-12, 8.93e-11
2019-10-26, 01:54:11, 9.78e-13, 8.9e-11
2019-10-26, 01:54:15, 9.87e-13, 8.93e-11
2019-10-26, 01:54:19, 9.63e-13, 8.9e-11
2019-10-26, 01:54:24, 9.71e-13, 8.89e-11
2019-10-26, 01:54:28, 9.66e-13, 8.94e-11
2019-10-26, 01:54:32, 1e-12, 8.93e-11
2019-10-26, 01:54:36, 9.46e-13, 8.93e-11
2019-10-26, 01:54:40, 9.74e-13, 8.92e-11
2019-10-26, 01:54:45, 9.45e-13, 8.92e-11
2019-10-26, 01:54:49, 1.04e-12, 8.89e-11
2019-10-26, 01:54:53, 9.6e-13, 8.94e-11
2019-10-26, 01:54:57, 8.88e-13, 8.94e-11
2019-10-26, 01:55:02, 9.4e-13, 8.92e-11
2019-10-26, 01:55:06, 9.56e-13, 8.92e-11
2019-10-26, 01:55:10, 9.8e-13, 8.92e-11
2019-10-26, 01:55:14, 9.7e-13, 8.91e-11
2019-10-26, 01:55:18, 9.5e-13, 8.94e-11
2019-10-26, 01:55:23, 8.28e-13, 8.91e-11
2019-10-26, 01:55:27, 9.6e-13, 8.95e-11
2019-10-26, 01:55:31, 1.01e-12, 8.94e-11
2019-10-26, 01:55:35, 9.48e-13, 8.91e-11
2019-10-26, 01:55:40, 1.04e-12, 8.91e-11
2019-10-26, 01:55:44, 1.02e-12, 8.91e-11
2019-10-26, 01:55:48, 1.13e-12, 8.9e-11
2019-10-26, 01:55:52, 9.79e-13, 8.95e-11
2019-10-26, 01:55:56, 9.61e-13, 8.9e-11
2019-10-26, 01:56:01, 1.09e-12, 8.88e-11
2019-10-26, 01:56:05, 9.88e-13, 8.93e-11
2019-10-26, 01:56:09, 9.75e-13, 8.94e-11
2019-10-26, 01:56:13, 9.11e-13, 8.92e-11
2019-10-26, 01:56:18, 9.03e-13, 8.91e-11
2019-10-26, 01:56:22, 9.9e-13, 8.93e-11
2019-10-26, 01:56:26, 9.56e-13, 8.91e-11
2019-10-26, 01:56:30, 9.76e-13, 8.93e-11
2019-10-26, 01:56:34, 1e-12, 8.91e-11
2019-10-26, 01:56:39, 9.69e-13, 8.92e-11
2019-10-26, 01:56:43, 1.01e-12, 8.93e-11
2019-10-26, 01:56:47, 9.17e-13, 8.9e-11
2019-10-26, 01:56:51, 1.01e-12, 8.94e-11
2019-10-26, 01:56:55, 9.71e-13, 8.92e-11
2019-10-26, 01:57:00, 1.02e-12, 8.92e-11
2019-10-26, 01:57:04, 9.79e-13, 8.93e-11
2019-10-26, 01:57:08, 1.08e-12, 8.9e-11
2019-10-26, 01:57:12, 1.01e-12, 8.92e-11
2019-10-26, 01:57:17, 1.02e-12, 8.92e-11
2019-10-26, 01:57:21, 9.87e-13, 8.95e-11
2019-10-26, 01:57:25, 9.55e-13, 8.97e-11
2019-10-26, 01:57:29, 8.99e-13, 8.93e-11
2019-10-26, 01:57:33, 1.03e-12, 8.92e-11
2019-10-26, 01:57:38, 9.84e-13, 8.9e-11
2019-10-26, 01:57:42, 9.96e-13, 8.94e-11
2019-10-26, 01:57:46, 9.95e-13, 8.92e-11
2019-10-26, 01:57:50, 9.63e-13, 8.85e-11
2019-10-26, 01:57:55, 1e-12, 8.91e-11
2019-10-26, 01:57:59, 9.83e-13, 8.92e-11
2019-10-26, 01:58:03, 9.57e-13, 8.9e-11
2019-10-26, 01:58:07, 9.24e-13, 8.9e-11
2019-10-26, 01:58:11, 1.01e-12, 8.89e-11
2019-10-26, 01:58:16, 9.82e-13, 8.91e-11
2019-10-26, 01:58:20, 1.01e-12, 8.94e-11
2019-10-26, 01:58:24, 1e-12, 8.92e-11
2019-10-26, 01:58:28, 9.74e-13, 8.91e-11
2019-10-26, 01:58:33, 1.01e-12, 8.93e-11
2019-10-26, 01:58:37, 9.66e-13, 8.92e-11
2019-10-26, 01:58:41, 9.21e-13, 8.89e-11
2019-10-26, 01:58:45, 9.84e-13, 8.92e-11
2019-10-26, 01:58:49, 9.31e-13, 8.97e-11
2019-10-26, 01:58:54, 9.7e-13, 8.94e-11
2019-10-26, 01:58:58, 9.33e-13, 8.92e-11
2019-10-26, 01:59:02, 9.6e-13, 8.94e-11
2019-10-26, 01:59:06, 9.15e-13, 8.93e-11
2019-10-26, 01:59:11, 9.68e-13, 8.92e-11
2019-10-26, 01:59:15, 9.62e-13, 8.9e-11
2019-10-26, 01:59:19, 9.86e-13, 8.92e-11
2019-10-26, 01:59:23, 9.39e-13, 8.9e-11
2019-10-26, 01:59:27, 9.86e-13, 8.93e-11
2019-10-26, 01:59:32, 9.98e-13, 8.95e-11
2019-10-26, 01:59:36, 9.31e-13, 8.91e-11
2019-10-26, 01:59:40, 9.15e-13, 8.92e-11
2019-10-26, 01:59:44, 9.7e-13, 8.91e-11
2019-10-26, 01:59:49, 1.03e-12, 8.91e-11
2019-10-26, 01:59:53, 9.48e-13, 8.92e-11
2019-10-26, 01:59:57, 9.64e-13, 8.93e-11
2019-10-26, 02:00:01, 1.01e-12, 8.97e-11
2019-10-26, 02:00:05, 1.02e-12, 8.9e-11
2019-10-26, 02:00:10, 9.71e-13, 8.93e-11
2019-10-26, 02:00:14, 8.55e-13, 8.95e-11
2019-10-26, 02:00:18, 9.82e-13, 8.91e-11
2019-10-26, 02:00:22, 9.69e-13, 8.9e-11
2019-10-26, 02:00:27, 9.78e-13, 8.9e-11
2019-10-26, 02:00:31, 9.23e-13, 8.93e-11
2019-10-26, 02:00:35, 9.62e-13, 8.94e-11
2019-10-26, 02:00:39, 9.49e-13, 8.92e-11
2019-10-26, 02:00:43, 9.43e-13, 8.91e-11
2019-10-26, 02:00:48, 9.8e-13, 8.93e-11
2019-10-26, 02:00:52, 9.86e-13, 8.91e-11
2019-10-26, 02:00:56, 9.13e-13, 8.95e-11
2019-10-26, 02:01:00, 9.8e-13, 8.94e-11
2019-10-26, 02:01:05, 9.48e-13, 8.92e-11
2019-10-26, 02:01:09, 9.74e-13, 8.92e-11
2019-10-26, 02:01:13, 1.01e-12, 8.92e-11
2019-10-26, 02:01:17, 8.69e-13, 8.91e-11
2019-10-26, 02:01:21, 9.46e-13, 8.93e-11
2019-10-26, 02:01:26, 9.78e-13, 8.91e-11
2019-10-26, 02:01:30, 9.48e-13, 8.91e-11
2019-10-26, 02:01:34, 9.29e-13, 8.94e-11
2019-10-26, 02:01:38, 9.21e-13, 8.92e-11
2019-10-26, 02:01:42, 1.04e-12, 8.9e-11
2019-10-26, 02:01:47, 9.33e-13, 8.92e-11
2019-10-26, 02:01:51, 9.91e-13, 8.9e-11
2019-10-26, 02:01:55, 9.2e-13, 8.9e-11
2019-10-26, 02:01:59, 1.03e-12, 8.9e-11
2019-10-26, 02:02:04, 9.62e-13, 8.92e-11
2019-10-26, 02:02:08, 9.21e-13, 8.91e-11
2019-10-26, 02:02:12, 8.49e-13, 8.92e-11
2019-10-26, 02:02:16, 1.01e-12, 8.94e-11
2019-10-26, 02:02:20, 9.41e-13, 8.92e-11
2019-10-26, 02:02:25, 1.01e-12, 8.94e-11
2019-10-26, 02:02:29, 9.26e-13, 8.92e-11
2019-10-26, 02:02:33, 9.56e-13, 8.91e-11
2019-10-26, 02:02:37, 9.81e-13, 8.93e-11
2019-10-26, 02:02:42, 9.6e-13, 8.89e-11
2019-10-26, 02:02:46, 9.77e-13, 8.96e-11
2019-10-26, 02:02:50, 9.18e-13, 8.94e-11
2019-10-26, 02:02:54, 9.36e-13, 8.95e-11
2019-10-26, 02:02:58, 9.08e-13, 8.94e-11
2019-10-26, 02:03:03, 9.78e-13, 8.92e-11
2019-10-26, 02:03:07, 9.65e-13, 8.96e-11
2019-10-26, 02:03:11, 9.56e-13, 8.9e-11
2019-10-26, 02:03:15, 9.47e-13, 8.91e-11
2019-10-26, 02:03:20, 9.75e-13, 8.9e-11
2019-10-26, 02:03:24, 9.08e-13, 8.93e-11
2019-10-26, 02:03:28, 9.35e-13, 8.94e-11
2019-10-26, 02:03:32, 9.76e-13, 8.9e-11
2019-10-26, 02:03:36, 9.54e-13, 8.95e-11
2019-10-26, 02:03:41, 9.59e-13, 8.89e-11
2019-10-26, 02:03:45, 9.92e-13, 8.91e-11
2019-10-26, 02:03:49, 9.67e-13, 8.9e-11
2019-10-26, 02:03:53, 9.7e-13, 8.9e-11
2019-10-26, 02:03:58, 9.82e-13, 8.92e-11
2019-10-26, 02:04:02, 9.67e-13, 8.88e-11
2019-10-26, 02:04:06, 1.05e-12, 8.92e-11
2019-10-26, 02:04:10, 9.48e-13, 8.96e-11
2019-10-26, 02:04:14, 9.95e-13, 8.91e-11
2019-10-26, 02:04:19, 9.8e-13, 8.89e-11
2019-10-26, 02:04:23, 1.04e-12, 8.92e-11
2019-10-26, 02:04:27, 9.8e-13, 8.94e-11
2019-10-26, 02:04:31, 8.93e-13, 8.92e-11
2019-10-26, 02:04:36, 1.02e-12, 8.89e-11
2019-10-26, 02:04:40, 9.6e-13, 8.89e-11
2019-10-26, 02:04:44, 9.64e-13, 8.92e-11
2019-10-26, 02:04:48, 9.7e-13, 8.88e-11
2019-10-26, 02:04:52, 9.67e-13, 8.92e-11
2019-10-26, 02:04:57, 1e-12, 8.9e-11
2019-10-26, 02:05:01, 1.03e-12, 8.92e-11
2019-10-26, 02:05:05, 9.92e-13, 8.93e-11
2019-10-26, 02:05:09, 1e-12, 8.94e-11
2019-10-26, 02:05:14, 9.87e-13, 8.91e-11
2019-10-26, 02:05:18, 1.01e-12, 8.93e-11
2019-10-26, 02:05:22, 9.61e-13, 8.92e-11
2019-10-26, 02:05:26, 9.15e-13, 8.9e-11
2019-10-26, 02:05:30, 9.53e-13, 8.92e-11
2019-10-26, 02:05:35, 9.55e-13, 8.91e-11
2019-10-26, 02:05:39, 9.49e-13, 8.92e-11
2019-10-26, 02:05:43, 1.01e-12, 8.94e-11
2019-10-26, 02:05:47, 9.53e-13, 8.91e-11
2019-10-26, 02:05:51, 8.93e-13, 8.88e-11
2019-10-26, 02:05:56, 1.01e-12, 8.93e-11
2019-10-26, 02:06:00, 9.54e-13, 8.89e-11
2019-10-26, 02:06:04, 9.63e-13, 8.93e-11
2019-10-26, 02:06:08, 9.79e-13, 8.94e-11
2019-10-26, 02:06:13, 1.04e-12, 8.93e-11
2019-10-26, 02:06:17, 9.92e-13, 8.94e-11
2019-10-26, 02:06:21, 9.97e-13, 8.92e-11
2019-10-26, 02:06:25, 9.88e-13, 8.95e-11
2019-10-26, 02:06:29, 1.07e-12, 8.87e-11
2019-10-26, 02:06:34, 9.79e-13, 8.91e-11
2019-10-26, 02:06:38, 9.73e-13, 8.95e-11
2019-10-26, 02:06:42, 9.79e-13, 8.9e-11
2019-10-26, 02:06:46, 9.56e-13, 8.9e-11
2019-10-26, 02:06:51, 9.67e-13, 8.9e-11
2019-10-26, 02:06:55, 1.01e-12, 8.93e-11
2019-10-26, 02:06:59, 9.36e-13, 8.92e-11
2019-10-26, 02:07:03, 9.47e-13, 8.92e-11
2019-10-26, 02:07:07, 1.01e-12, 8.91e-11
2019-10-26, 02:07:12, 1.07e-12, 8.92e-11
2019-10-26, 02:07:16, 1e-12, 8.91e-11
2019-10-26, 02:07:20, 9.78e-13, 8.93e-11
2019-10-26, 02:07:24, 1.07e-12, 8.9e-11
2019-10-26, 02:07:29, 9.71e-13, 8.9e-11
2019-10-26, 02:07:33, 1.04e-12, 8.96e-11
2019-10-26, 02:07:37, 9.76e-13, 8.9e-11
2019-10-26, 02:07:41, 9.34e-13, 8.92e-11
2019-10-26, 02:07:45, 9.51e-13, 8.88e-11
2019-10-26, 02:07:50, 9.36e-13, 8.93e-11
2019-10-26, 02:07:54, 9.88e-13, 8.89e-11
2019-10-26, 02:07:58, 8.94e-13, 8.87e-11
2019-10-26, 02:08:02, 1.04e-12, 8.91e-11
2019-10-26, 02:08:07, 1.01e-12, 8.9e-11
2019-10-26, 02:08:11, 1.02e-12, 8.92e-11
2019-10-26, 02:08:15, 9.9e-13, 8.94e-11
2019-10-26, 02:08:19, 1.02e-12, 8.93e-11
2019-10-26, 02:08:23, 9.34e-13, 8.89e-11
2019-10-26, 02:08:28, 9.98e-13, 8.87e-11
2019-10-26, 02:08:32, 9.62e-13, 8.93e-11
2019-10-26, 02:08:36, 1.01e-12, 8.89e-11
2019-10-26, 02:08:40, 9.68e-13, 8.93e-11
2019-10-26, 02:08:45, 9.5e-13, 8.92e-11
2019-10-26, 02:08:49, 1.05e-12, 8.9e-11
2019-10-26, 02:08:53, 9.32e-13, 8.92e-11
2019-10-26, 02:08:57, 9.77e-13, 8.89e-11
2019-10-26, 02:09:01, 9.15e-13, 8.9e-11
2019-10-26, 02:09:06, 9.79e-13, 8.92e-11
2019-10-26, 02:09:10, 9.91e-13, 8.93e-11
2019-10-26, 02:09:14, 9.95e-13, 8.9e-11
2019-10-26, 02:09:18, 1.11e-12, 8.95e-11
2019-10-26, 02:09:22, 9.3e-13, 8.93e-11
2019-10-26, 02:09:27, 9.62e-13, 8.89e-11
2019-10-26, 02:09:31, 9.69e-13, 8.97e-11
2019-10-26, 02:09:35, 9.53e-13, 8.89e-11
2019-10-26, 02:09:39, 9.47e-13, 8.91e-11
2019-10-26, 02:09:44, 1.11e-12, 8.9e-11
2019-10-26, 02:09:48, 9.55e-13, 8.89e-11
2019-10-26, 02:09:52, 1e-12, 8.9e-11
2019-10-26, 02:09:56, 9.35e-13, 8.87e-11
2019-10-26, 02:10:00, 1.01e-12, 8.89e-11
2019-10-26, 02:10:05, 1.03e-12, 8.93e-11
2019-10-26, 02:10:09, 1e-12, 8.89e-11
2019-10-26, 02:10:13, 9.02e-13, 8.89e-11
2019-10-26, 02:10:17, 8.09e-13, 8.9e-11
2019-10-26, 02:10:22, 9.81e-13, 8.85e-11
2019-10-26, 02:10:26, 8.03e-13, 8.9e-11
2019-10-26, 02:10:30, 1.01e-12, 8.91e-11
2019-10-26, 02:10:34, 9.72e-13, 8.88e-11
2019-10-26, 02:10:38, 9.71e-13, 8.84e-11
2019-10-26, 02:10:43, 1.05e-12, 8.96e-11
2019-10-26, 02:10:47, 1.02e-12, 8.9e-11
2019-10-26, 02:10:51, 9.14e-13, 8.94e-11
2019-10-26, 02:10:55, 9.46e-13, 8.88e-11
2019-10-26, 02:11:00, 1.07e-12, 8.91e-11
2019-10-26, 02:11:04, 9.2e-13, 8.89e-11
2019-10-26, 02:11:08, 9.58e-13, 8.89e-11
2019-10-26, 02:11:12, 1e-12, 8.91e-11
2019-10-26, 02:11:16, 1.02e-12, 8.91e-11
2019-10-26, 02:11:21, 9.49e-13, 8.9e-11
2019-10-26, 02:11:25, 9.39e-13, 8.89e-11
2019-10-26, 02:11:29, 9.59e-13, 8.91e-11
2019-10-26, 02:11:33, 1.02e-12, 8.91e-11
2019-10-26, 02:11:38, 9.62e-13, 8.89e-11
2019-10-26, 02:11:42, 9.87e-13, 8.93e-11
2019-10-26, 02:11:46, 9.64e-13, 8.93e-11
2019-10-26, 02:11:50, 9.64e-13, 8.92e-11
2019-10-26, 02:11:54, 1.02e-12, 8.89e-11
2019-10-26, 02:11:59, 9.86e-13, 8.87e-11
2019-10-26, 02:12:03, 9.53e-13, 8.9e-11
2019-10-26, 02:12:07, 9.27e-13, 8.88e-11
2019-10-26, 02:12:11, 9.45e-13, 8.89e-11
2019-10-26, 02:12:16, 1.05e-12, 8.9e-11
2019-10-26, 02:12:20, 9.99e-13, 8.91e-11
2019-10-26, 02:12:24, 9.56e-13, 8.87e-11
2019-10-26, 02:12:28, 9.83e-13, 8.92e-11
2019-10-26, 02:12:32, 1.01e-12, 8.89e-11
2019-10-26, 02:12:37, 9.51e-13, 8.92e-11
2019-10-26, 02:12:41, 9.49e-13, 8.89e-11
2019-10-26, 02:12:45, 9.76e-13, 8.88e-11
2019-10-26, 02:12:49, 1.01e-12, 8.93e-11
2019-10-26, 02:12:53, 9.64e-13, 8.94e-11
2019-10-26, 02:12:58, 1.12e-12, 8.91e-11
2019-10-26, 02:13:02, 1e-12, 8.92e-11
2019-10-26, 02:13:06, 9.9e-13, 8.92e-11
2019-10-26, 02:13:10, 9.32e-13, 8.89e-11
2019-10-26, 02:13:15, 9.59e-13, 8.91e-11
2019-10-26, 02:13:19, 9.65e-13, 8.89e-11
2019-10-26, 02:13:23, 9.74e-13, 8.92e-11
2019-10-26, 02:13:27, 1.02e-12, 8.9e-11
2019-10-26, 02:13:31, 1.05e-12, 8.89e-11
2019-10-26, 02:13:36, 8.87e-13, 8.87e-11
2019-10-26, 02:13:40, 9.43e-13, 8.92e-11
2019-10-26, 02:13:44, 9.76e-13, 8.89e-11
2019-10-26, 02:13:48, 1.03e-12, 8.91e-11
2019-10-26, 02:13:53, 9.78e-13, 8.91e-11
2019-10-26, 02:13:57, 9.43e-13, 8.9e-11
2019-10-26, 02:14:01, 1.05e-12, 8.91e-11
2019-10-26, 02:14:05, 8.88e-13, 8.89e-11
2019-10-26, 02:14:09, 9.29e-13, 8.92e-11
2019-10-26, 02:14:14, 9.84e-13, 8.91e-11
2019-10-26, 02:14:18, 1.08e-12, 8.9e-11
2019-10-26, 02:14:22, 1.04e-12, 8.89e-11
2019-10-26, 02:14:26, 9.98e-13, 8.89e-11
2019-10-26, 02:14:31, 9.94e-13, 8.9e-11
2019-10-26, 02:14:35, 9.89e-13, 8.89e-11
2019-10-26, 02:14:39, 9.73e-13, 8.88e-11
2019-10-26, 02:14:43, 9.99e-13, 8.88e-11
2019-10-26, 02:14:47, 9.32e-13, 8.95e-11
2019-10-26, 02:14:52, 9.52e-13, 8.93e-11
2019-10-26, 02:14:56, 9.51e-13, 8.89e-11
2019-10-26, 02:15:00, 9.43e-13, 8.9e-11
2019-10-26, 02:15:04, 9.63e-13, 8.89e-11
2019-10-26, 02:15:09, 9.6e-13, 8.89e-11
2019-10-26, 02:15:13, 9.37e-13, 8.9e-11
2019-10-26, 02:15:17, 1e-12, 8.88e-11
2019-10-26, 02:15:21, 9.26e-13, 8.9e-11
2019-10-26, 02:15:25, 9.65e-13, 8.89e-11
2019-10-26, 02:15:30, 9.7e-13, 8.88e-11
2019-10-26, 02:15:34, 1e-12, 8.89e-11
2019-10-26, 02:15:38, 9.92e-13, 8.92e-11
2019-10-26, 02:15:42, 9.38e-13, 8.9e-11
2019-10-26, 02:15:47, 9.61e-13, 8.89e-11
2019-10-26, 02:15:51, 9.93e-13, 8.92e-11
2019-10-26, 02:15:55, 9.98e-13, 8.89e-11
2019-10-26, 02:15:59, 1.01e-12, 8.9e-11
2019-10-26, 02:16:03, 9.96e-13, 8.89e-11
2019-10-26, 02:16:08, 1e-12, 8.9e-11
2019-10-26, 02:16:12, 9.2e-13, 8.88e-11
2019-10-26, 02:16:16, 1e-12, 8.96e-11
2019-10-26, 02:16:20, 9.7e-13, 8.92e-11
2019-10-26, 02:16:25, 9.01e-13, 8.9e-11
2019-10-26, 02:16:29, 9.78e-13, 8.92e-11
2019-10-26, 02:16:33, 9.84e-13, 8.97e-11
2019-10-26, 02:16:37, 9.7e-13, 8.89e-11
2019-10-26, 02:16:41, 9.59e-13, 8.89e-11
2019-10-26, 02:16:46, 1.01e-12, 8.94e-11
2019-10-26, 02:16:50, 9.96e-13, 8.93e-11
2019-10-26, 02:16:54, 9.68e-13, 8.92e-11
2019-10-26, 02:16:58, 9.52e-13, 8.9e-11
2019-10-26, 02:17:03, 9.09e-13, 8.91e-11
2019-10-26, 02:17:07, 9.94e-13, 8.92e-11
2019-10-26, 02:17:11, 9.62e-13, 8.92e-11
2019-10-26, 02:17:15, 9.99e-13, 8.89e-11
2019-10-26, 02:17:19, 9.25e-13, 8.88e-11
2019-10-26, 02:17:24, 9.84e-13, 8.91e-11
2019-10-26, 02:17:28, 1e-12, 8.91e-11
2019-10-26, 02:17:32, 1e-12, 8.92e-11
2019-10-26, 02:17:36, 1.01e-12, 8.92e-11
2019-10-26, 02:17:40, 9.75e-13, 8.86e-11
2019-10-26, 02:17:45, 9.26e-13, 8.9e-11
2019-10-26, 02:17:49, 9.07e-13, 8.88e-11
2019-10-26, 02:17:53, 9.91e-13, 8.91e-11
2019-10-26, 02:17:57, 9.24e-13, 8.9e-11
2019-10-26, 02:18:02, 9.75e-13, 8.88e-11
2019-10-26, 02:18:06, 1.02e-12, 8.9e-11
2019-10-26, 02:18:10, 1.01e-12, 8.9e-11
2019-10-26, 02:18:14, 9.36e-13, 8.88e-11
2019-10-26, 02:18:18, 9.7e-13, 8.91e-11
2019-10-26, 02:18:23, 9.39e-13, 8.92e-11
2019-10-26, 02:18:27, 1e-12, 8.89e-11
2019-10-26, 02:18:31, 9.57e-13, 8.92e-11
2019-10-26, 02:18:35, 9.64e-13, 8.91e-11
2019-10-26, 02:18:40, 1.01e-12, 8.91e-11
2019-10-26, 02:18:44, 1.07e-12, 8.96e-11
2019-10-26, 02:18:48, 9.47e-13, 8.92e-11
2019-10-26, 02:18:52, 9.99e-13, 8.88e-11
2019-10-26, 02:18:56, 1.02e-12, 8.94e-11
2019-10-26, 02:19:01, 9.71e-13, 8.88e-11
2019-10-26, 02:19:05, 9.71e-13, 8.91e-11
2019-10-26, 02:19:09, 9.49e-13, 8.93e-11
2019-10-26, 02:19:13, 9.92e-13, 8.93e-11
2019-10-26, 02:19:18, 9.97e-13, 8.88e-11
2019-10-26, 02:19:22, 1.01e-12, 8.94e-11
2019-10-26, 02:19:26, 9.49e-13, 8.91e-11
2019-10-26, 02:19:30, 9.33e-13, 8.95e-11
2019-10-26, 02:19:34, 9.8e-13, 8.9e-11
2019-10-26, 02:19:39, 9.72e-13, 8.88e-11
2019-10-26, 02:19:43, 1.07e-12, 8.92e-11
2019-10-26, 02:19:47, 9.58e-13, 8.91e-11
2019-10-26, 02:19:51, 1e-12, 8.93e-11
2019-10-26, 02:19:56, 9.04e-13, 8.88e-11
2019-10-26, 02:20:00, 8.43e-13, 8.9e-11
2019-10-26, 02:20:04, 9.6e-13, 8.91e-11
2019-10-26, 02:20:08, 9.9e-13, 8.89e-11
2019-10-26, 02:20:12, 9.61e-13, 8.91e-11
2019-10-26, 02:20:17, 9.85e-13, 8.87e-11
2019-10-26, 02:20:21, 9.4e-13, 8.92e-11
2019-10-26, 02:20:25, 9.95e-13, 8.91e-11
2019-10-26, 02:20:29, 9.76e-13, 8.87e-11
2019-10-26, 02:20:34, 9.58e-13, 8.91e-11
2019-10-26, 02:20:38, 9.67e-13, 8.92e-11
2019-10-26, 02:20:42, 1.02e-12, 8.91e-11
2019-10-26, 02:20:46, 9.37e-13, 8.91e-11
2019-10-26, 02:20:50, 9.35e-13, 8.9e-11
2019-10-26, 02:20:55, 1.03e-12, 8.89e-11
2019-10-26, 02:20:59, 9.85e-13, 8.92e-11
2019-10-26, 02:21:03, 9.45e-13, 8.9e-11
2019-10-26, 02:21:07, 9.35e-13, 8.93e-11
2019-10-26, 02:21:12, 1e-12, 8.9e-11
2019-10-26, 02:21:16, 1e-12, 8.89e-11
2019-10-26, 02:21:20, 9.83e-13, 8.89e-11
2019-10-26, 02:21:24, 9.1e-13, 8.95e-11
2019-10-26, 02:21:28, 9.92e-13, 8.89e-11
2019-10-26, 02:21:33, 9.4e-13, 8.91e-11
2019-10-26, 02:21:37, 9.42e-13, 8.88e-11
2019-10-26, 02:21:41, 9.5e-13, 8.92e-11
2019-10-26, 02:21:45, 9.77e-13, 8.9e-11
2019-10-26, 02:21:50, 9.66e-13, 8.91e-11
2019-10-26, 02:21:54, 9.36e-13, 8.9e-11
2019-10-26, 02:21:58, 9.56e-13, 8.89e-11
2019-10-26, 02:22:02, 9.8e-13, 8.94e-11
2019-10-26, 02:22:06, 1.03e-12, 8.92e-11
2019-10-26, 02:22:11, 1.01e-12, 8.88e-11
2019-10-26, 02:22:15, 9.14e-13, 8.88e-11
2019-10-26, 02:22:19, 9.71e-13, 8.94e-11
2019-10-26, 02:22:23, 1.02e-12, 8.9e-11
2019-10-26, 02:22:28, 9.25e-13, 8.9e-11
2019-10-26, 02:22:32, 9.47e-13, 8.92e-11
2019-10-26, 02:22:36, 9.84e-13, 8.93e-11
2019-10-26, 02:22:40, 9.94e-13, 8.88e-11
2019-10-26, 02:22:44, 1.01e-12, 8.91e-11
2019-10-26, 02:22:49, 9.38e-13, 8.95e-11
2019-10-26, 02:22:53, 9.81e-13, 8.88e-11
2019-10-26, 02:22:57, 1.01e-12, 8.93e-11
2019-10-26, 02:23:01, 9.7e-13, 8.89e-11
2019-10-26, 02:23:05, 9.84e-13, 8.93e-11
2019-10-26, 02:23:10, 1.02e-12, 8.93e-11
2019-10-26, 02:23:14, 9.53e-13, 8.95e-11
2019-10-26, 02:23:18, 1.01e-12, 8.95e-11
2019-10-26, 02:23:22, 9.18e-13, 8.92e-11
2019-10-26, 02:23:27, 9.31e-13, 8.95e-11
2019-10-26, 02:23:31, 9.68e-13, 8.89e-11
2019-10-26, 02:23:35, 9.89e-13, 8.94e-11
2019-10-26, 02:23:39, 1.09e-12, 8.94e-11
2019-10-26, 02:23:43, 9.68e-13, 8.93e-11
2019-10-26, 02:23:48, 1.01e-12, 8.92e-11
2019-10-26, 02:23:52, 9.43e-13, 8.92e-11
2019-10-26, 02:23:56, 9.67e-13, 8.88e-11
2019-10-26, 02:24:00, 9.57e-13, 8.91e-11
2019-10-26, 02:24:05, 9.87e-13, 8.89e-11
2019-10-26, 02:24:09, 8.75e-13, 8.93e-11
2019-10-26, 02:24:13, 9.71e-13, 8.88e-11
2019-10-26, 02:24:17, 9.42e-13, 8.89e-11
2019-10-26, 02:24:21, 8.25e-13, 8.93e-11
2019-10-26, 02:24:26, 1.01e-12, 8.94e-11
2019-10-26, 02:24:30, 9.73e-13, 8.91e-11
2019-10-26, 02:24:34, 9.85e-13, 8.9e-11
2019-10-26, 02:24:38, 9.47e-13, 8.89e-11
2019-10-26, 02:24:43, 9.24e-13, 8.93e-11
2019-10-26, 02:24:47, 9.75e-13, 8.9e-11
2019-10-26, 02:24:51, 9.51e-13, 8.94e-11
2019-10-26, 02:24:55, 9.48e-13, 8.93e-11
2019-10-26, 02:24:59, 9.53e-13, 8.87e-11
2019-10-26, 02:25:04, 9.78e-13, 8.92e-11
2019-10-26, 02:25:08, 9.98e-13, 8.9e-11
2019-10-26, 02:25:12, 9.61e-13, 8.92e-11
2019-10-26, 02:25:16, 9.85e-13, 8.88e-11
2019-10-26, 02:25:21, 1.06e-12, 8.9e-11
2019-10-26, 02:25:25, 1.01e-12, 8.9e-11
2019-10-26, 02:25:29, 1.03e-12, 8.89e-11
2019-10-26, 02:25:33, 9.49e-13, 8.91e-11
2019-10-26, 02:25:37, 9.43e-13, 8.93e-11
2019-10-26, 02:25:42, 9.81e-13, 8.95e-11
2019-10-26, 02:25:46, 9.24e-13, 8.89e-11
2019-10-26, 02:25:50, 8.81e-13, 8.9e-11
2019-10-26, 02:25:54, 9.51e-13, 8.93e-11
2019-10-26, 02:25:59, 9.26e-13, 8.9e-11
2019-10-26, 02:26:03, 1.11e-12, 8.94e-11
2019-10-26, 02:26:07, 9.83e-13, 8.91e-11
2019-10-26, 02:26:11, 9.3e-13, 8.91e-11
2019-10-26, 02:26:15, 1.11e-12, 8.89e-11
2019-10-26, 02:26:20, 9.55e-13, 8.91e-11
2019-10-26, 02:26:24, 1.01e-12, 8.9e-11
2019-10-26, 02:26:28, 9.14e-13, 8.91e-11
2019-10-26, 02:26:32, 9.69e-13, 8.91e-11
2019-10-26, 02:26:37, 9.99e-13, 8.92e-11
2019-10-26, 02:26:41, 1.02e-12, 8.91e-11
2019-10-26, 02:26:45, 9.53e-13, 8.88e-11
2019-10-26, 02:26:49, 1.02e-12, 8.87e-11
2019-10-26, 02:26:53, 9.47e-13, 8.86e-11
2019-10-26, 02:26:58, 9.98e-13, 8.91e-11
2019-10-26, 02:27:02, 9.04e-13, 8.89e-11
2019-10-26, 02:27:06, 9.08e-13, 8.88e-11
2019-10-26, 02:27:10, 1e-12, 8.86e-11
2019-10-26, 02:27:14, 1.01e-12, 8.89e-11
2019-10-26, 02:27:19, 9.33e-13, 8.88e-11
2019-10-26, 02:27:23, 1.01e-12, 8.9e-11
2019-10-26, 02:27:27, 9.46e-13, 8.9e-11
2019-10-26, 02:27:31, 9.49e-13, 8.87e-11
2019-10-26, 02:27:36, 9.33e-13, 8.9e-11
2019-10-26, 02:27:40, 9.47e-13, 8.92e-11
2019-10-26, 02:27:44, 9.62e-13, 8.88e-11
2019-10-26, 02:27:48, 9.58e-13, 8.85e-11
2019-10-26, 02:27:52, 9.77e-13, 8.87e-11
2019-10-26, 02:27:57, 9.16e-13, 8.88e-11
2019-10-26, 02:28:01, 1.03e-12, 8.9e-11
2019-10-26, 02:28:05, 9.84e-13, 8.89e-11
2019-10-26, 02:28:09, 9.92e-13, 8.91e-11
2019-10-26, 02:28:14, 1.01e-12, 8.93e-11
2019-10-26, 02:28:18, 1.02e-12, 8.91e-11
2019-10-26, 02:28:22, 9.86e-13, 8.9e-11
2019-10-26, 02:28:26, 9.75e-13, 8.89e-11
2019-10-26, 02:28:30, 9.62e-13, 8.89e-11
2019-10-26, 02:28:35, 9.94e-13, 8.9e-11
2019-10-26, 02:28:39, 9.47e-13, 8.91e-11
2019-10-26, 02:28:43, 9.85e-13, 8.88e-11
2019-10-26, 02:28:47, 9.63e-13, 8.88e-11
2019-10-26, 02:28:52, 9.85e-13, 8.9e-11
2019-10-26, 02:28:56, 9.45e-13, 8.92e-11
2019-10-26, 02:29:00, 9.52e-13, 8.9e-11
2019-10-26, 02:29:04, 9.97e-13, 8.9e-11
2019-10-26, 02:29:08, 9.6e-13, 8.91e-11
2019-10-26, 02:29:13, 9.52e-13, 8.9e-11
2019-10-26, 02:29:17, 9.71e-13, 8.92e-11
2019-10-26, 02:29:21, 9.99e-13, 8.93e-11
2019-10-26, 02:29:25, 9.41e-13, 8.87e-11
2019-10-26, 02:29:30, 1.05e-12, 8.9e-11
2019-10-26, 02:29:34, 9.66e-13, 8.87e-11
2019-10-26, 02:29:38, 1e-12, 8.91e-11
2019-10-26, 02:29:42, 8.99e-13, 8.85e-11
2019-10-26, 02:29:46, 9.05e-13, 8.88e-11
2019-10-26, 02:29:51, 9.95e-13, 8.89e-11
2019-10-26, 02:29:55, 9.53e-13, 8.92e-11
2019-10-26, 02:29:59, 1.02e-12, 8.91e-11
2019-10-26, 02:30:03, 9.22e-13, 8.88e-11
2019-10-26, 02:30:08, 1.05e-12, 8.9e-11
2019-10-26, 02:30:12, 9.87e-13, 8.89e-11
2019-10-26, 02:30:16, 9.34e-13, 8.87e-11
2019-10-26, 02:30:20, 9.77e-13, 8.87e-11
2019-10-26, 02:30:24, 8.58e-13, 8.86e-11
2019-10-26, 02:30:29, 9.25e-13, 8.9e-11
2019-10-26, 02:30:33, 1.01e-12, 8.91e-11
2019-10-26, 02:30:37, 1.1e-12, 8.89e-11
2019-10-26, 02:30:41, 9.54e-13, 8.89e-11
2019-10-26, 02:30:45, 9.74e-13, 8.93e-11
2019-10-26, 02:30:50, 1.01e-12, 8.94e-11
2019-10-26, 02:30:54, 1.02e-12, 8.9e-11
2019-10-26, 02:30:58, 9.51e-13, 8.93e-11
2019-10-26, 02:31:02, 9.49e-13, 8.95e-11
2019-10-26, 02:31:07, 9.62e-13, 8.91e-11
2019-10-26, 02:31:11, 9.94e-13, 8.94e-11
2019-10-26, 02:31:15, 9.5e-13, 8.89e-11
2019-10-26, 02:31:19, 9.66e-13, 8.92e-11
2019-10-26, 02:31:23, 9.3e-13, 8.9e-11
2019-10-26, 02:31:28, 9.64e-13, 8.91e-11
2019-10-26, 02:31:32, 9.36e-13, 8.93e-11
2019-10-26, 02:31:36, 9.71e-13, 8.92e-11
2019-10-26, 02:31:40, 8.97e-13, 8.95e-11
2019-10-26, 02:31:45, 9.12e-13, 8.92e-11
2019-10-26, 02:31:49, 1.05e-12, 8.87e-11
2019-10-26, 02:31:53, 9.88e-13, 8.93e-11
2019-10-26, 02:31:57, 9.54e-13, 8.9e-11
2019-10-26, 02:32:01, 9.15e-13, 8.89e-11
2019-10-26, 02:32:06, 1.02e-12, 8.91e-11
2019-10-26, 02:32:10, 1.08e-12, 8.9e-11
2019-10-26, 02:32:14, 9.09e-13, 8.88e-11
2019-10-26, 02:32:18, 9.83e-13, 8.9e-11
2019-10-26, 02:32:23, 9.51e-13, 8.89e-11
2019-10-26, 02:32:27, 9.92e-13, 8.94e-11
2019-10-26, 02:32:31, 9.84e-13, 8.91e-11
2019-10-26, 02:32:35, 1.02e-12, 8.9e-11
2019-10-26, 02:32:39, 1.1e-12, 8.91e-11
2019-10-26, 02:32:44, 9.96e-13, 8.89e-11
2019-10-26, 02:32:48, 1.02e-12, 8.94e-11
2019-10-26, 02:32:52, 9.54e-13, 8.92e-11
2019-10-26, 02:32:56, 1e-12, 8.93e-11
2019-10-26, 02:33:01, 9.94e-13, 8.88e-11
2019-10-26, 02:33:05, 9.89e-13, 8.91e-11
2019-10-26, 02:33:09, 9.57e-13, 8.92e-11
2019-10-26, 02:33:13, 9.76e-13, 8.92e-11
2019-10-26, 02:33:17, 9.88e-13, 8.9e-11
2019-10-26, 02:33:22, 9.77e-13, 8.89e-11
2019-10-26, 02:33:26, 9.7e-13, 8.94e-11
2019-10-26, 02:33:30, 9.65e-13, 8.9e-11
2019-10-26, 02:33:34, 1.01e-12, 8.97e-11
2019-10-26, 02:33:39, 9.46e-13, 8.94e-11
2019-10-26, 02:33:43, 9.69e-13, 8.94e-11
2019-10-26, 02:33:47, 9.61e-13, 8.89e-11
2019-10-26, 02:33:51, 9.82e-13, 8.91e-11
2019-10-26, 02:33:55, 9.68e-13, 8.9e-11
2019-10-26, 02:34:00, 1.07e-12, 8.95e-11
2019-10-26, 02:34:04, 9.41e-13, 8.93e-11
2019-10-26, 02:34:08, 9.77e-13, 8.9e-11
2019-10-26, 02:34:12, 1.05e-12, 8.96e-11
2019-10-26, 02:34:16, 9.83e-13, 8.9e-11
2019-10-26, 02:34:21, 1.04e-12, 8.9e-11
2019-10-26, 02:34:25, 1.03e-12, 8.86e-11
2019-10-26, 02:34:29, 9.1e-13, 8.9e-11
2019-10-26, 02:34:33, 1e-12, 8.87e-11
2019-10-26, 02:34:38, 9.82e-13, 8.89e-11
2019-10-26, 02:34:42, 9.73e-13, 8.91e-11
2019-10-26, 02:34:46, 9.32e-13, 8.87e-11
2019-10-26, 02:34:50, 9.83e-13, 8.92e-11
2019-10-26, 02:34:54, 9.66e-13, 8.9e-11
2019-10-26, 02:34:59, 9.29e-13, 8.91e-11
2019-10-26, 02:35:03, 8.86e-13, 8.88e-11
2019-10-26, 02:35:07, 1.02e-12, 8.93e-11
2019-10-26, 02:35:11, 9.69e-13, 8.91e-11
2019-10-26, 02:35:16, 9.55e-13, 8.93e-11
2019-10-26, 02:35:20, 9.18e-13, 8.92e-11
2019-10-26, 02:35:24, 9.28e-13, 8.92e-11
2019-10-26, 02:35:28, 9.98e-13, 8.92e-11
2019-10-26, 02:35:32, 9.67e-13, 8.89e-11
2019-10-26, 02:35:37, 9.57e-13, 8.89e-11
2019-10-26, 02:35:41, 9.27e-13, 8.91e-11
2019-10-26, 02:35:45, 9.79e-13, 8.94e-11
2019-10-26, 02:35:49, 9.66e-13, 8.88e-11
2019-10-26, 02:35:54, 9.49e-13, 8.94e-11
2019-10-26, 02:35:58, 9.7e-13, 8.92e-11
2019-10-26, 02:36:02, 9.79e-13, 8.9e-11
2019-10-26, 02:36:06, 9.42e-13, 8.89e-11
2019-10-26, 02:36:10, 9.55e-13, 8.91e-11
2019-10-26, 02:36:15, 8.77e-13, 8.9e-11
2019-10-26, 02:36:19, 9.93e-13, 8.87e-11
2019-10-26, 02:36:23, 1.01e-12, 8.9e-11
2019-10-26, 02:36:27, 1.03e-12, 8.87e-11
2019-10-26, 02:36:32, 9.61e-13, 8.89e-11
2019-10-26, 02:36:36, 8.98e-13, 8.92e-11
2019-10-26, 02:36:40, 1.01e-12, 8.88e-11
2019-10-26, 02:36:44, 9.75e-13, 8.87e-11
2019-10-26, 02:36:48, 9.54e-13, 8.89e-11
2019-10-26, 02:36:53, 9.99e-13, 8.87e-11
2019-10-26, 02:36:57, 9.75e-13, 8.89e-11
2019-10-26, 02:37:01, 9.49e-13, 8.91e-11
2019-10-26, 02:37:05, 1.02e-12, 8.89e-11
2019-10-26, 02:37:10, 9.42e-13, 8.91e-11
2019-10-26, 02:37:14, 1.02e-12, 8.89e-11
2019-10-26, 02:37:18, 9.38e-13, 8.9e-11
2019-10-26, 02:37:22, 9.08e-13, 8.87e-11
2019-10-26, 02:37:26, 9.89e-13, 8.92e-11
2019-10-26, 02:37:31, 9.88e-13, 8.88e-11
2019-10-26, 02:37:35, 8.52e-13, 8.87e-11
2019-10-26, 02:37:39, 1.01e-12, 8.87e-11
2019-10-26, 02:37:43, 8.17e-13, 8.91e-11
2019-10-26, 02:37:48, 9.83e-13, 8.87e-11
2019-10-26, 02:37:52, 1.04e-12, 8.91e-11
2019-10-26, 02:37:56, 9.78e-13, 8.86e-11
2019-10-26, 02:38:00, 9.79e-13, 8.87e-11
2019-10-26, 02:38:04, 9.76e-13, 8.9e-11
2019-10-26, 02:38:09, 1.01e-12, 8.88e-11
2019-10-26, 02:38:13, 9.33e-13, 8.91e-11
2019-10-26, 02:38:17, 9.99e-13, 8.92e-11
2019-10-26, 02:38:21, 9.64e-13, 8.91e-11
2019-10-26, 02:38:26, 9.61e-13, 8.91e-11
2019-10-26, 02:38:30, 9.81e-13, 8.93e-11
2019-10-26, 02:38:34, 9.89e-13, 8.91e-11
2019-10-26, 02:38:38, 9.56e-13, 8.86e-11
2019-10-26, 02:38:42, 9.75e-13, 8.87e-11
2019-10-26, 02:38:47, 9.46e-13, 8.9e-11
2019-10-26, 02:38:51, 9.95e-13, 8.9e-11
2019-10-26, 02:38:55, 1.06e-12, 8.9e-11
2019-10-26, 02:38:59, 8.04e-13, 8.88e-11
2019-10-26, 02:39:03, 9.9e-13, 8.92e-11
2019-10-26, 02:39:08, 9.82e-13, 8.89e-11
2019-10-26, 02:39:12, 1.01e-12, 8.89e-11
2019-10-26, 02:39:16, 8.24e-13, 8.91e-11
2019-10-26, 02:39:20, 9.42e-13, 8.9e-11
2019-10-26, 02:39:25, 9.73e-13, 8.91e-11
2019-10-26, 02:39:29, 9.55e-13, 8.91e-11
2019-10-26, 02:39:33, 9.13e-13, 8.92e-11
2019-10-26, 02:39:37, 1.1e-12, 8.89e-11
2019-10-26, 02:39:41, 9.38e-13, 8.89e-11
2019-10-26, 02:39:46, 9.54e-13, 8.92e-11
2019-10-26, 02:39:50, 9.89e-13, 8.9e-11
2019-10-26, 02:39:54, 9.7e-13, 8.87e-11
2019-10-26, 02:39:58, 1.04e-12, 8.93e-11
2019-10-26, 02:40:03, 9.77e-13, 8.9e-11
2019-10-26, 02:40:07, 9.52e-13, 8.9e-11
2019-10-26, 02:40:11, 8.79e-13, 8.95e-11
2019-10-26, 02:40:15, 1.01e-12, 8.92e-11
2019-10-26, 02:40:19, 1.06e-12, 8.9e-11
2019-10-26, 02:40:24, 9.15e-13, 8.91e-11
2019-10-26, 02:40:28, 9.74e-13, 8.9e-11
2019-10-26, 02:40:32, 1.03e-12, 8.92e-11
2019-10-26, 02:40:36, 9.89e-13, 8.91e-11
2019-10-26, 02:40:41, 9.84e-13, 8.91e-11
2019-10-26, 02:40:45, 1.04e-12, 8.93e-11
2019-10-26, 02:40:49, 9.27e-13, 8.92e-11
2019-10-26, 02:40:53, 1.12e-12, 8.93e-11
2019-10-26, 02:40:57, 9.62e-13, 8.94e-11
2019-10-26, 02:41:02, 9.1e-13, 8.9e-11
2019-10-26, 02:41:06, 1.01e-12, 8.89e-11
2019-10-26, 02:41:10, 9.33e-13, 8.89e-11
2019-10-26, 02:41:14, 9.62e-13, 8.9e-11
2019-10-26, 02:41:19, 1e-12, 8.91e-11
2019-10-26, 02:41:23, 9.02e-13, 8.92e-11
2019-10-26, 02:41:27, 9.56e-13, 8.9e-11
2019-10-26, 02:41:31, 9.88e-13, 8.89e-11
2019-10-26, 02:41:35, 1e-12, 8.91e-11
2019-10-26, 02:41:40, 1.02e-12, 8.93e-11
2019-10-26, 02:41:44, 1e-12, 8.91e-11
2019-10-26, 02:41:48, 1.01e-12, 8.92e-11
2019-10-26, 02:41:52, 9.53e-13, 8.91e-11
2019-10-26, 02:41:57, 9.23e-13, 8.92e-11
2019-10-26, 02:42:01, 1.16e-12, 8.92e-11
2019-10-26, 02:42:05, 9.81e-13, 8.89e-11
2019-10-26, 02:42:09, 9.87e-13, 8.9e-11
2019-10-26, 02:42:13, 1.02e-12, 8.9e-11
2019-10-26, 02:42:18, 1.01e-12, 8.89e-11
2019-10-26, 02:42:22, 9.58e-13, 8.89e-11
2019-10-26, 02:42:26, 9.84e-13, 8.92e-11
2019-10-26, 02:42:30, 9.8e-13, 8.89e-11
2019-10-26, 02:42:35, 9.89e-13, 8.91e-11
2019-10-26, 02:42:39, 9.92e-13, 8.93e-11
2019-10-26, 02:42:43, 9.59e-13, 8.93e-11
2019-10-26, 02:42:47, 9.97e-13, 8.92e-11
2019-10-26, 02:42:51, 9.67e-13, 8.92e-11
2019-10-26, 02:42:56, 9.81e-13, 8.92e-11
2019-10-26, 02:43:00, 9.74e-13, 8.9e-11
2019-10-26, 02:43:04, 1.05e-12, 8.91e-11
2019-10-26, 02:43:08, 9.52e-13, 8.91e-11
2019-10-26, 02:43:13, 1.06e-12, 8.94e-11
2019-10-26, 02:43:17, 9.41e-13, 8.89e-11
2019-10-26, 02:43:21, 9.18e-13, 8.93e-11
2019-10-26, 02:43:25, 9.27e-13, 8.91e-11
2019-10-26, 02:43:29, 9.97e-13, 8.94e-11
2019-10-26, 02:43:34, 1.02e-12, 8.9e-11
2019-10-26, 02:43:38, 9.86e-13, 8.9e-11
2019-10-26, 02:43:42, 9.82e-13, 8.89e-11
2019-10-26, 02:43:46, 9.87e-13, 8.89e-11
2019-10-26, 02:43:50, 9.54e-13, 8.88e-11
2019-10-26, 02:43:55, 9.93e-13, 8.89e-11
2019-10-26, 02:43:59, 1.01e-12, 8.93e-11
2019-10-26, 02:44:03, 1.04e-12, 8.91e-11
2019-10-26, 02:44:07, 1e-12, 8.88e-11
2019-10-26, 02:44:12, 9.33e-13, 8.91e-11
2019-10-26, 02:44:16, 1e-12, 8.88e-11
2019-10-26, 02:44:20, 1.02e-12, 8.91e-11
2019-10-26, 02:44:24, 9.69e-13, 8.87e-11
2019-10-26, 02:44:28, 8.46e-13, 8.9e-11
2019-10-26, 02:44:33, 9.1e-13, 8.88e-11
2019-10-26, 02:44:37, 9.57e-13, 8.86e-11
2019-10-26, 02:44:41, 9.55e-13, 8.9e-11
2019-10-26, 02:44:45, 1.02e-12, 8.92e-11
2019-10-26, 02:44:50, 9.7e-13, 8.86e-11
2019-10-26, 02:44:54, 9.57e-13, 8.9e-11
2019-10-26, 02:44:58, 1.03e-12, 8.88e-11
2019-10-26, 02:45:02, 1.1e-12, 8.93e-11
2019-10-26, 02:45:06, 1.02e-12, 8.9e-11
2019-10-26, 02:45:11, 9.39e-13, 8.9e-11
2019-10-26, 02:45:15, 9.74e-13, 8.91e-11
2019-10-26, 02:45:19, 1.01e-12, 8.87e-11
2019-10-26, 02:45:23, 1.01e-12, 8.88e-11
2019-10-26, 02:45:28, 9.76e-13, 8.92e-11
2019-10-26, 02:45:32, 9.66e-13, 8.87e-11
2019-10-26, 02:45:36, 9.21e-13, 8.92e-11
2019-10-26, 02:45:40, 9.46e-13, 8.9e-11
2019-10-26, 02:45:44, 9.9e-13, 8.9e-11
2019-10-26, 02:45:49, 9.6e-13, 8.9e-11
2019-10-26, 02:45:53, 9.85e-13, 8.88e-11
2019-10-26, 02:45:57, 9.18e-13, 8.92e-11
2019-10-26, 02:46:01, 1.02e-12, 8.93e-11
2019-10-26, 02:46:06, 1.01e-12, 8.9e-11
2019-10-26, 02:46:10, 9.36e-13, 8.91e-11
2019-10-26, 02:46:14, 9.43e-13, 8.91e-11
2019-10-26, 02:46:18, 9.99e-13, 8.99e-11
2019-10-26, 02:46:22, 9.59e-13, 8.82e-11
2019-10-26, 02:46:27, 9.86e-13, 8.91e-11
2019-10-26, 02:46:31, 9.94e-13, 8.9e-11
2019-10-26, 02:46:35, 9.93e-13, 8.91e-11
2019-10-26, 02:46:39, 9.85e-13, 8.94e-11
2019-10-26, 02:46:44, 1.01e-12, 8.89e-11
2019-10-26, 02:46:48, 9.7e-13, 8.9e-11
2019-10-26, 02:46:52, 9.35e-13, 8.9e-11
2019-10-26, 02:46:56, 9.61e-13, 8.9e-11
2019-10-26, 02:47:00, 9.72e-13, 8.9e-11
2019-10-26, 02:47:05, 9.75e-13, 8.87e-11
2019-10-26, 02:47:09, 9.82e-13, 8.91e-11
2019-10-26, 02:47:13, 9.26e-13, 8.91e-11
2019-10-26, 02:47:17, 9.51e-13, 8.89e-11
2019-10-26, 02:47:21, 8.86e-13, 8.95e-11
2019-10-26, 02:47:26, 9.87e-13, 8.92e-11
2019-10-26, 02:47:30, 9.65e-13, 8.95e-11
2019-10-26, 02:47:34, 9.74e-13, 8.93e-11
2019-10-26, 02:47:38, 1.02e-12, 8.92e-11
2019-10-26, 02:47:43, 9.65e-13, 8.91e-11
2019-10-26, 02:47:47, 9.98e-13, 8.91e-11
2019-10-26, 02:47:51, 9.72e-13, 8.89e-11
2019-10-26, 02:47:55, 9.86e-13, 8.89e-11
2019-10-26, 02:47:59, 9.88e-13, 8.92e-11
2019-10-26, 02:48:04, 9.1e-13, 8.9e-11
2019-10-26, 02:48:08, 9.68e-13, 8.89e-11
2019-10-26, 02:48:12, 1.04e-12, 8.86e-11
2019-10-26, 02:48:16, 9.1e-13, 8.89e-11
2019-10-26, 02:48:21, 9.38e-13, 8.92e-11
2019-10-26, 02:48:25, 9.52e-13, 8.89e-11
2019-10-26, 02:48:29, 1e-12, 8.87e-11
2019-10-26, 02:48:33, 1.01e-12, 8.95e-11
2019-10-26, 02:48:37, 9.89e-13, 8.91e-11
2019-10-26, 02:48:42, 9.23e-13, 8.92e-11
2019-10-26, 02:48:46, 9.74e-13, 8.9e-11
2019-10-26, 02:48:50, 9.96e-13, 8.89e-11
2019-10-26, 02:48:54, 9.44e-13, 8.89e-11
2019-10-26, 02:48:59, 9.18e-13, 8.93e-11
2019-10-26, 02:49:03, 9.76e-13, 8.86e-11
2019-10-26, 02:49:07, 1.07e-12, 8.91e-11
2019-10-26, 02:49:11, 9.1e-13, 8.91e-11
2019-10-26, 02:49:15, 9.82e-13, 8.92e-11
2019-10-26, 02:49:20, 9.2e-13, 8.92e-11
2019-10-26, 02:49:24, 1e-12, 8.92e-11
2019-10-26, 02:49:28, 9.63e-13, 8.89e-11
2019-10-26, 02:49:32, 1.04e-12, 8.92e-11
2019-10-26, 02:49:37, 9.62e-13, 8.9e-11
2019-10-26, 02:49:41, 1.01e-12, 8.89e-11
2019-10-26, 02:49:45, 9.03e-13, 8.89e-11
2019-10-26, 02:49:49, 8.42e-13, 8.89e-11
2019-10-26, 02:49:53, 1.05e-12, 8.89e-11
2019-10-26, 02:49:58, 1.01e-12, 8.89e-11
2019-10-26, 02:50:02, 9.74e-13, 8.88e-11
2019-10-26, 02:50:06, 9.6e-13, 8.9e-11
2019-10-26, 02:50:10, 9.8e-13, 8.86e-11
2019-10-26, 02:50:15, 1.03e-12, 8.94e-11
2019-10-26, 02:50:19, 9.38e-13, 8.88e-11
2019-10-26, 02:50:23, 8.04e-13, 8.91e-11
2019-10-26, 02:50:27, 9.62e-13, 8.91e-11
2019-10-26, 02:50:31, 1.01e-12, 8.88e-11
2019-10-26, 02:50:36, 1.01e-12, 8.85e-11
2019-10-26, 02:50:40, 9.98e-13, 8.93e-11
2019-10-26, 02:50:44, 9.95e-13, 8.92e-11
2019-10-26, 02:50:48, 9.79e-13, 8.89e-11
2019-10-26, 02:50:53, 9.57e-13, 8.89e-11
2019-10-26, 02:50:57, 9.57e-13, 8.9e-11
2019-10-26, 02:51:01, 9.6e-13, 8.89e-11
2019-10-26, 02:51:05, 9.52e-13, 8.89e-11
2019-10-26, 02:51:09, 9.5e-13, 8.9e-11
2019-10-26, 02:51:14, 1.07e-12, 8.96e-11
2019-10-26, 02:51:18, 9.82e-13, 8.89e-11
2019-10-26, 02:51:22, 9.05e-13, 8.93e-11
2019-10-26, 02:51:26, 9.98e-13, 8.88e-11
2019-10-26, 02:51:30, 8.97e-13, 8.9e-11
2019-10-26, 02:51:35, 9.36e-13, 8.91e-11
2019-10-26, 02:51:39, 9.13e-13, 8.91e-11
2019-10-26, 02:51:43, 9.03e-13, 8.88e-11
2019-10-26, 02:51:47, 9.67e-13, 8.91e-11
2019-10-26, 02:51:52, 9.58e-13, 8.89e-11
2019-10-26, 02:51:56, 9.68e-13, 8.89e-11
2019-10-26, 02:52:00, 9.57e-13, 8.91e-11
2019-10-26, 02:52:04, 9.96e-13, 8.91e-11
2019-10-26, 02:52:08, 1.04e-12, 8.92e-11
2019-10-26, 02:52:13, 9.62e-13, 8.91e-11
2019-10-26, 02:52:17, 9.69e-13, 8.93e-11
2019-10-26, 02:52:21, 9.94e-13, 8.89e-11
2019-10-26, 02:52:25, 1e-12, 8.89e-11
2019-10-26, 02:52:30, 9.23e-13, 8.9e-11
2019-10-26, 02:52:34, 9.77e-13, 8.92e-11
2019-10-26, 02:52:38, 1.01e-12, 8.89e-11
2019-10-26, 02:52:42, 1.09e-12, 8.91e-11
2019-10-26, 02:52:46, 9.13e-13, 8.92e-11
2019-10-26, 02:52:51, 9.33e-13, 8.91e-11
2019-10-26, 02:52:55, 9.64e-13, 8.95e-11
2019-10-26, 02:52:59, 9.39e-13, 8.95e-11
2019-10-26, 02:53:03, 9.62e-13, 8.88e-11
2019-10-26, 02:53:08, 9.71e-13, 8.91e-11
2019-10-26, 02:53:12, 9.67e-13, 8.9e-11
2019-10-26, 02:53:16, 1.02e-12, 8.9e-11
2019-10-26, 02:53:20, 9.81e-13, 8.94e-11
2019-10-26, 02:53:24, 8.84e-13, 8.91e-11
2019-10-26, 02:53:29, 9.7e-13, 8.86e-11
2019-10-26, 02:53:33, 9.61e-13, 8.9e-11
2019-10-26, 02:53:37, 9.52e-13, 8.92e-11
2019-10-26, 02:53:41, 1.02e-12, 8.91e-11
2019-10-26, 02:53:46, 9.76e-13, 8.94e-11
2019-10-26, 02:53:50, 9.75e-13, 8.92e-11
2019-10-26, 02:53:54, 9.81e-13, 8.9e-11
2019-10-26, 02:53:58, 9.54e-13, 8.91e-11
2019-10-26, 02:54:02, 8.54e-13, 8.91e-11
2019-10-26, 02:54:07, 9.84e-13, 8.88e-11
2019-10-26, 02:54:11, 9.47e-13, 8.89e-11
2019-10-26, 02:54:15, 9.11e-13, 8.93e-11
2019-10-26, 02:54:19, 9.54e-13, 8.93e-11
2019-10-26, 02:54:24, 9.39e-13, 8.87e-11
2019-10-26, 02:54:28, 9.9e-13, 8.9e-11
2019-10-26, 02:54:32, 1e-12, 8.89e-11
2019-10-26, 02:54:36, 9.65e-13, 8.94e-11
2019-10-26, 02:54:40, 9.4e-13, 8.88e-11
2019-10-26, 02:54:45, 1.03e-12, 8.87e-11
2019-10-26, 02:54:49, 9.55e-13, 8.89e-11
2019-10-26, 02:54:53, 9.69e-13, 8.92e-11
2019-10-26, 02:54:57, 9.98e-13, 8.96e-11
2019-10-26, 02:55:01, 8.35e-13, 8.92e-11
2019-10-26, 02:55:06, 9.71e-13, 8.88e-11
2019-10-26, 02:55:10, 9.3e-13, 8.92e-11
2019-10-26, 02:55:14, 9.53e-13, 8.91e-11
2019-10-26, 02:55:18, 9.21e-13, 8.9e-11
2019-10-26, 02:55:23, 9.4e-13, 8.87e-11
2019-10-26, 02:55:27, 9.64e-13, 8.91e-11
2019-10-26, 02:55:31, 9.53e-13, 8.92e-11
2019-10-26, 02:55:35, 9.72e-13, 8.92e-11
2019-10-26, 02:55:39, 9.41e-13, 8.89e-11
2019-10-26, 02:55:44, 1.02e-12, 8.88e-11
2019-10-26, 02:55:48, 9.71e-13, 8.92e-11
2019-10-26, 02:55:52, 9.36e-13, 8.89e-11
2019-10-26, 02:55:56, 9.27e-13, 8.9e-11
2019-10-26, 02:56:01, 1.06e-12, 8.88e-11
2019-10-26, 02:56:05, 9.63e-13, 8.9e-11
2019-10-26, 02:56:09, 1e-12, 8.93e-11
2019-10-26, 02:56:13, 9.54e-13, 8.93e-11
2019-10-26, 02:56:17, 1.01e-12, 8.9e-11
2019-10-26, 02:56:22, 9.67e-13, 8.9e-11
2019-10-26, 02:56:26, 9.57e-13, 8.9e-11
2019-10-26, 02:56:30, 1e-12, 8.87e-11
2019-10-26, 02:56:34, 9.39e-13, 8.91e-11
2019-10-26, 02:56:39, 9.93e-13, 8.85e-11
2019-10-26, 02:56:43, 9.6e-13, 8.93e-11
2019-10-26, 02:56:47, 1.01e-12, 8.89e-11
2019-10-26, 02:56:51, 1.01e-12, 8.86e-11
2019-10-26, 02:56:55, 9.1e-13, 8.92e-11
2019-10-26, 02:57:00, 9.81e-13, 8.92e-11
2019-10-26, 02:57:04, 1.04e-12, 8.87e-11
2019-10-26, 02:57:08, 9.37e-13, 8.87e-11
2019-10-26, 02:57:12, 1.01e-12, 8.88e-11
2019-10-26, 02:57:17, 8.53e-13, 8.9e-11
2019-10-26, 02:57:21, 1.01e-12, 8.88e-11
2019-10-26, 02:57:25, 1e-12, 8.91e-11
2019-10-26, 02:57:29, 1.04e-12, 8.89e-11
2019-10-26, 02:57:33, 9.89e-13, 8.88e-11
2019-10-26, 02:57:38, 9.22e-13, 8.9e-11
2019-10-26, 02:57:42, 8.69e-13, 8.9e-11
2019-10-26, 02:57:46, 9.68e-13, 8.87e-11
2019-10-26, 02:57:50, 9.77e-13, 8.92e-11
2019-10-26, 02:57:55, 9.82e-13, 8.92e-11
2019-10-26, 02:57:59, 9.71e-13, 8.89e-11
2019-10-26, 02:58:03, 1.1e-12, 8.89e-11
2019-10-26, 02:58:07, 9.53e-13, 8.88e-11
2019-10-26, 02:58:11, 1.01e-12, 8.9e-11
2019-10-26, 02:58:16, 9.69e-13, 8.91e-11
2019-10-26, 02:58:20, 9.04e-13, 8.88e-11
2019-10-26, 02:58:24, 1.05e-12, 8.89e-11
2019-10-26, 02:58:28, 9.34e-13, 8.88e-11
2019-10-26, 02:58:33, 9.09e-13, 8.86e-11
2019-10-26, 02:58:37, 9.76e-13, 8.86e-11
2019-10-26, 02:58:41, 9.49e-13, 8.87e-11
2019-10-26, 02:58:45, 1e-12, 8.93e-11
2019-10-26, 02:58:49, 9.05e-13, 8.89e-11
2019-10-26, 02:58:54, 9.17e-13, 8.9e-11
2019-10-26, 02:58:58, 9.71e-13, 8.89e-11
2019-10-26, 02:59:02, 9.59e-13, 8.88e-11
2019-10-26, 02:59:06, 8.95e-13, 8.91e-11
2019-10-26, 02:59:10, 1.03e-12, 8.95e-11
2019-10-26, 02:59:15, 1.02e-12, 8.88e-11
2019-10-26, 02:59:19, 9.47e-13, 8.86e-11
2019-10-26, 02:59:23, 9.65e-13, 8.87e-11
2019-10-26, 02:59:27, 9.82e-13, 8.89e-11
2019-10-26, 02:59:32, 8.83e-13, 8.93e-11
2019-10-26, 02:59:36, 9.59e-13, 8.9e-11
2019-10-26, 02:59:40, 9.75e-13, 8.87e-11
2019-10-26, 02:59:44, 9.12e-13, 8.84e-11
2019-10-26, 02:59:48, 9.87e-13, 8.86e-11
2019-10-26, 02:59:53, 8.26e-13, 8.86e-11
2019-10-26, 02:59:57, 9.84e-13, 8.86e-11
2019-10-26, 03:00:01, 9.97e-13, 8.9e-11
2019-10-26, 03:00:05, 9.46e-13, 8.91e-11
2019-10-26, 03:00:10, 1.02e-12, 8.85e-11
2019-10-26, 03:00:14, 1.01e-12, 8.9e-11
2019-10-26, 03:00:18, 9.55e-13, 8.88e-11
2019-10-26, 03:00:22, 9.49e-13, 8.9e-11
2019-10-26, 03:00:26, 9.63e-13, 8.9e-11
2019-10-26, 03:00:31, 1.07e-12, 8.89e-11
2019-10-26, 03:00:35, 9.85e-13, 8.9e-11
2019-10-26, 03:00:39, 9.26e-13, 8.89e-11
2019-10-26, 03:00:43, 1.03e-12, 8.91e-11
2019-10-26, 03:00:48, 9.55e-13, 8.89e-11
2019-10-26, 03:00:52, 9.45e-13, 8.88e-11
2019-10-26, 03:00:56, 9.89e-13, 8.85e-11
2019-10-26, 03:01:00, 9.86e-13, 8.95e-11
2019-10-26, 03:01:04, 9.21e-13, 8.89e-11
2019-10-26, 03:01:09, 9.61e-13, 8.93e-11
2019-10-26, 03:01:13, 9.95e-13, 8.9e-11
2019-10-26, 03:01:17, 1.04e-12, 8.9e-11
2019-10-26, 03:01:21, 9.97e-13, 8.9e-11
2019-10-26, 03:01:26, 9.78e-13, 8.89e-11
2019-10-26, 03:01:30, 9.36e-13, 8.85e-11
2019-10-26, 03:01:34, 1.15e-12, 8.91e-11
2019-10-26, 03:01:38, 9.68e-13, 8.9e-11
2019-10-26, 03:01:42, 9.88e-13, 8.89e-11
2019-10-26, 03:01:47, 8.98e-13, 8.85e-11
2019-10-26, 03:01:51, 9.84e-13, 8.88e-11
2019-10-26, 03:01:55, 9.8e-13, 8.89e-11
2019-10-26, 03:01:59, 9.78e-13, 8.91e-11
2019-10-26, 03:02:04, 1.02e-12, 8.92e-11
2019-10-26, 03:02:08, 9.68e-13, 8.88e-11
2019-10-26, 03:02:12, 9.22e-13, 8.87e-11
2019-10-26, 03:02:16, 1e-12, 8.89e-11
2019-10-26, 03:02:20, 9.94e-13, 8.88e-11
2019-10-26, 03:02:25, 1e-12, 8.89e-11
2019-10-26, 03:02:29, 9.55e-13, 8.93e-11
2019-10-26, 03:02:33, 9.83e-13, 8.89e-11
2019-10-26, 03:02:37, 9.18e-13, 8.89e-11
2019-10-26, 03:02:42, 9.78e-13, 8.92e-11
2019-10-26, 03:02:46, 1.02e-12, 8.91e-11
2019-10-26, 03:02:50, 1.04e-12, 8.89e-11
2019-10-26, 03:02:54, 9.75e-13, 8.88e-11
2019-10-26, 03:02:58, 1.01e-12, 8.94e-11
2019-10-26, 03:03:03, 7.95e-13, 8.86e-11
2019-10-26, 03:03:07, 9.3e-13, 8.9e-11
2019-10-26, 03:03:11, 9.79e-13, 8.89e-11
2019-10-26, 03:03:15, 9.83e-13, 8.88e-11
2019-10-26, 03:03:20, 9.75e-13, 8.89e-11
2019-10-26, 03:03:24, 9.83e-13, 8.89e-11
2019-10-26, 03:03:28, 9.67e-13, 8.89e-11
2019-10-26, 03:03:32, 9.82e-13, 8.91e-11
2019-10-26, 03:03:36, 9.66e-13, 8.88e-11
2019-10-26, 03:03:41, 1.01e-12, 8.9e-11
2019-10-26, 03:03:45, 1e-12, 8.87e-11
2019-10-26, 03:03:49, 9.26e-13, 8.95e-11
2019-10-26, 03:03:53, 9.85e-13, 8.92e-11
2019-10-26, 03:03:58, 9.71e-13, 8.89e-11
2019-10-26, 03:04:02, 9.39e-13, 8.84e-11
2019-10-26, 03:04:06, 1.09e-12, 8.88e-11
2019-10-26, 03:04:10, 9.25e-13, 8.88e-11
2019-10-26, 03:04:14, 9.82e-13, 8.89e-11
2019-10-26, 03:04:19, 9.19e-13, 8.87e-11
2019-10-26, 03:04:23, 9.84e-13, 8.88e-11
2019-10-26, 03:04:27, 1.04e-12, 8.91e-11
2019-10-26, 03:04:31, 9.67e-13, 8.89e-11
2019-10-26, 03:04:35, 1.08e-12, 8.92e-11
2019-10-26, 03:04:40, 9.76e-13, 8.96e-11
2019-10-26, 03:04:44, 9.79e-13, 8.93e-11
2019-10-26, 03:04:48, 9.61e-13, 8.87e-11
2019-10-26, 03:04:52, 9.48e-13, 8.9e-11
2019-10-26, 03:04:57, 9.86e-13, 8.95e-11
2019-10-26, 03:05:01, 9.41e-13, 8.85e-11
2019-10-26, 03:05:05, 1.04e-12, 8.88e-11
2019-10-26, 03:05:09, 1.01e-12, 8.89e-11
2019-10-26, 03:05:13, 9.65e-13, 8.91e-11
2019-10-26, 03:05:18, 1.02e-12, 8.91e-11
2019-10-26, 03:05:22, 1.03e-12, 8.92e-11
2019-10-26, 03:05:26, 9.85e-13, 8.91e-11
2019-10-26, 03:05:30, 9.72e-13, 8.89e-11
2019-10-26, 03:05:35, 9.5e-13, 8.88e-11
2019-10-26, 03:05:39, 1.06e-12, 8.88e-11
2019-10-26, 03:05:43, 1e-12, 8.9e-11
2019-10-26, 03:05:47, 9.91e-13, 8.86e-11
2019-10-26, 03:05:51, 9.02e-13, 8.88e-11
2019-10-26, 03:05:56, 9.93e-13, 8.92e-11
2019-10-26, 03:06:00, 9.61e-13, 8.89e-11
2019-10-26, 03:06:04, 9.53e-13, 8.92e-11
2019-10-26, 03:06:08, 9.96e-13, 8.88e-11
2019-10-26, 03:06:13, 9.74e-13, 8.87e-11
2019-10-26, 03:06:17, 9.8e-13, 8.9e-11
2019-10-26, 03:06:21, 9.81e-13, 8.89e-11
2019-10-26, 03:06:25, 9.17e-13, 8.9e-11
2019-10-26, 03:06:29, 9.36e-13, 8.89e-11
2019-10-26, 03:06:34, 9.76e-13, 8.89e-11
2019-10-26, 03:06:38, 9.61e-13, 8.88e-11
2019-10-26, 03:06:42, 1.05e-12, 8.91e-11
2019-10-26, 03:06:46, 1.09e-12, 8.9e-11
2019-10-26, 03:06:51, 9.88e-13, 8.92e-11
2019-10-26, 03:06:55, 9.31e-13, 8.91e-11
2019-10-26, 03:06:59, 1.02e-12, 8.88e-11
2019-10-26, 03:07:03, 9.77e-13, 8.88e-11
2019-10-26, 03:07:07, 1.06e-12, 8.88e-11
2019-10-26, 03:07:12, 9.14e-13, 8.87e-11
2019-10-26, 03:07:16, 9.62e-13, 8.91e-11
2019-10-26, 03:07:20, 9.64e-13, 8.91e-11
2019-10-26, 03:07:24, 9.71e-13, 8.89e-11
2019-10-26, 03:07:29, 1.02e-12, 8.88e-11
2019-10-26, 03:07:33, 9.65e-13, 8.93e-11
2019-10-26, 03:07:37, 9.55e-13, 8.9e-11
2019-10-26, 03:07:41, 1.04e-12, 8.88e-11
2019-10-26, 03:07:45, 9.75e-13, 8.91e-11
2019-10-26, 03:07:50, 9.65e-13, 8.89e-11
2019-10-26, 03:07:54, 9.3e-13, 8.87e-11
2019-10-26, 03:07:58, 9.67e-13, 8.9e-11
2019-10-26, 03:08:02, 1e-12, 8.9e-11
2019-10-26, 03:08:07, 9.21e-13, 8.88e-11
2019-10-26, 03:08:11, 1e-12, 8.9e-11
2019-10-26, 03:08:15, 1.03e-12, 8.89e-11
2019-10-26, 03:08:19, 1e-12, 8.93e-11
2019-10-26, 03:08:23, 9.94e-13, 8.9e-11
2019-10-26, 03:08:28, 9.87e-13, 8.88e-11
2019-10-26, 03:08:32, 9.83e-13, 8.88e-11
2019-10-26, 03:08:36, 9.72e-13, 8.92e-11
2019-10-26, 03:08:40, 9.37e-13, 8.94e-11
2019-10-26, 03:08:45, 9.85e-13, 8.89e-11
2019-10-26, 03:08:49, 9.99e-13, 8.89e-11
2019-10-26, 03:08:53, 9.56e-13, 8.86e-11
2019-10-26, 03:08:57, 1.01e-12, 8.9e-11
2019-10-26, 03:09:01, 1.01e-12, 8.88e-11
2019-10-26, 03:09:06, 9.54e-13, 8.87e-11
2019-10-26, 03:09:10, 9.51e-13, 8.88e-11
2019-10-26, 03:09:14, 9.58e-13, 8.9e-11
2019-10-26, 03:09:18, 9.55e-13, 8.88e-11
2019-10-26, 03:09:23, 9.14e-13, 8.9e-11
2019-10-26, 03:09:27, 1.04e-12, 8.88e-11
2019-10-26, 03:09:31, 9.58e-13, 8.9e-11
2019-10-26, 03:09:35, 9.85e-13, 8.94e-11
2019-10-26, 03:09:39, 9.78e-13, 8.87e-11
2019-10-26, 03:09:44, 1.11e-12, 8.88e-11
2019-10-26, 03:09:48, 9.56e-13, 8.89e-11
2019-10-26, 03:09:52, 9.66e-13, 8.89e-11
2019-10-26, 03:09:56, 8.85e-13, 8.88e-11
2019-10-26, 03:10:01, 9.64e-13, 8.89e-11
2019-10-26, 03:10:05, 1.01e-12, 8.87e-11
2019-10-26, 03:10:09, 1.04e-12, 8.88e-11
2019-10-26, 03:10:13, 9.48e-13, 8.9e-11
2019-10-26, 03:10:17, 9.64e-13, 8.9e-11
2019-10-26, 03:10:22, 1e-12, 8.88e-11
2019-10-26, 03:10:26, 9.73e-13, 8.87e-11
2019-10-26, 03:10:30, 9.21e-13, 8.9e-11
2019-10-26, 03:10:34, 9.08e-13, 8.88e-11
2019-10-26, 03:10:39, 9.64e-13, 8.88e-11
2019-10-26, 03:10:43, 9.2e-13, 8.88e-11
2019-10-26, 03:10:47, 1.02e-12, 8.9e-11
2019-10-26, 03:10:51, 9.55e-13, 8.87e-11
2019-10-26, 03:10:55, 8.99e-13, 8.91e-11
2019-10-26, 03:11:00, 1.03e-12, 8.93e-11
2019-10-26, 03:11:04, 9.52e-13, 8.89e-11
2019-10-26, 03:11:08, 9.69e-13, 8.9e-11
2019-10-26, 03:11:12, 1.03e-12, 8.92e-11
2019-10-26, 03:11:17, 1.01e-12, 8.87e-11
2019-10-26, 03:11:21, 9.98e-13, 8.88e-11
2019-10-26, 03:11:25, 9.52e-13, 8.85e-11
2019-10-26, 03:11:29, 9.83e-13, 8.89e-11
2019-10-26, 03:11:33, 1e-12, 8.87e-11
2019-10-26, 03:11:38, 1.03e-12, 8.86e-11
2019-10-26, 03:11:42, 8.76e-13, 8.88e-11
2019-10-26, 03:11:46, 9.9e-13, 8.9e-11
2019-10-26, 03:11:50, 1.05e-12, 8.9e-11
2019-10-26, 03:11:55, 8.19e-13, 8.9e-11
2019-10-26, 03:11:59, 8.87e-13, 8.89e-11
2019-10-26, 03:12:03, 9.5e-13, 8.89e-11
2019-10-26, 03:12:07, 9.95e-13, 8.88e-11
2019-10-26, 03:12:11, 9.85e-13, 8.88e-11
2019-10-26, 03:12:16, 9.28e-13, 8.88e-11
2019-10-26, 03:12:20, 9.35e-13, 8.89e-11
2019-10-26, 03:12:24, 9.87e-13, 8.87e-11
2019-10-26, 03:12:28, 9.47e-13, 8.9e-11
2019-10-26, 03:12:33, 9.68e-13, 8.88e-11
2019-10-26, 03:12:37, 1.02e-12, 8.89e-11
2019-10-26, 03:12:41, 9.61e-13, 8.91e-11
2019-10-26, 03:12:45, 9.74e-13, 8.91e-11
2019-10-26, 03:12:49, 9.08e-13, 8.95e-11
2019-10-26, 03:12:54, 9.05e-13, 8.9e-11
2019-10-26, 03:12:58, 1.03e-12, 8.89e-11
2019-10-26, 03:13:02, 9.46e-13, 8.9e-11
2019-10-26, 03:13:06, 9.84e-13, 8.89e-11
2019-10-26, 03:13:10, 9.94e-13, 8.89e-11
2019-10-26, 03:13:15, 9.7e-13, 8.9e-11
2019-10-26, 03:13:19, 1.02e-12, 8.89e-11
2019-10-26, 03:13:23, 9.47e-13, 8.89e-11
2019-10-26, 03:13:27, 9.53e-13, 8.86e-11
2019-10-26, 03:13:32, 9.78e-13, 8.87e-11
2019-10-26, 03:13:36, 1.07e-12, 8.9e-11
2019-10-26, 03:13:40, 9.78e-13, 8.89e-11
2019-10-26, 03:13:44, 9.83e-13, 8.87e-11
2019-10-26, 03:13:48, 9.94e-13, 8.91e-11
2019-10-26, 03:13:53, 1.04e-12, 8.89e-11
2019-10-26, 03:13:57, 9.65e-13, 8.9e-11
2019-10-26, 03:14:01, 9.62e-13, 8.87e-11
2019-10-26, 03:14:05, 9.33e-13, 8.9e-11
2019-10-26, 03:14:10, 1.06e-12, 8.9e-11
2019-10-26, 03:14:14, 9.02e-13, 8.87e-11
2019-10-26, 03:14:18, 1.14e-12, 8.9e-11
2019-10-26, 03:14:22, 1.09e-12, 8.89e-11
2019-10-26, 03:14:26, 1.11e-12, 8.87e-11
2019-10-26, 03:14:31, 9.28e-13, 8.91e-11
2019-10-26, 03:14:35, 1e-12, 8.9e-11
2019-10-26, 03:14:39, 1.01e-12, 8.86e-11
2019-10-26, 03:14:43, 9.74e-13, 8.89e-11
2019-10-26, 03:14:48, 9.68e-13, 8.88e-11
2019-10-26, 03:14:52, 9.64e-13, 8.9e-11
2019-10-26, 03:14:56, 1.02e-12, 8.88e-11
2019-10-26, 03:15:00, 9.81e-13, 8.89e-11
2019-10-26, 03:15:04, 8.71e-13, 8.87e-11
2019-10-26, 03:15:09, 9.47e-13, 8.9e-11
2019-10-26, 03:15:13, 9.28e-13, 8.9e-11
2019-10-26, 03:15:17, 1.12e-12, 8.91e-11
2019-10-26, 03:15:21, 8.72e-13, 8.88e-11
2019-10-26, 03:15:26, 9.51e-13, 8.91e-11
2019-10-26, 03:15:30, 9.04e-13, 8.89e-11
2019-10-26, 03:15:34, 9.97e-13, 8.89e-11
2019-10-26, 03:15:38, 9.58e-13, 8.9e-11
2019-10-26, 03:15:42, 1.08e-12, 8.92e-11
2019-10-26, 03:15:47, 9.57e-13, 8.88e-11
2019-10-26, 03:15:51, 1.12e-12, 8.86e-11
2019-10-26, 03:15:55, 9.35e-13, 8.93e-11
2019-10-26, 03:15:59, 1.02e-12, 8.9e-11
2019-10-26, 03:16:04, 9.56e-13, 8.89e-11
2019-10-26, 03:16:08, 9.18e-13, 8.89e-11
2019-10-26, 03:16:12, 1.01e-12, 8.89e-11
2019-10-26, 03:16:16, 1.04e-12, 8.86e-11
2019-10-26, 03:16:20, 9.95e-13, 8.89e-11
2019-10-26, 03:16:25, 1.02e-12, 8.87e-11
2019-10-26, 03:16:29, 9.35e-13, 8.88e-11
2019-10-26, 03:16:33, 9.83e-13, 8.87e-11
2019-10-26, 03:16:37, 9.69e-13, 8.9e-11
2019-10-26, 03:16:42, 9.53e-13, 8.88e-11
2019-10-26, 03:16:46, 9.2e-13, 8.85e-11
2019-10-26, 03:16:50, 9.59e-13, 8.91e-11
2019-10-26, 03:16:54, 9.29e-13, 8.92e-11
2019-10-26, 03:16:58, 1.02e-12, 8.88e-11
2019-10-26, 03:17:03, 9.45e-13, 8.86e-11
2019-10-26, 03:17:07, 9.75e-13, 8.93e-11
2019-10-26, 03:17:11, 9.61e-13, 8.87e-11
2019-10-26, 03:17:15, 9.66e-13, 8.89e-11
2019-10-26, 03:17:19, 1.03e-12, 8.93e-11
2019-10-26, 03:17:24, 1.03e-12, 8.88e-11
2019-10-26, 03:17:28, 9.87e-13, 8.9e-11
2019-10-26, 03:17:32, 9.47e-13, 8.88e-11
2019-10-26, 03:17:36, 8.33e-13, 8.91e-11
2019-10-26, 03:17:41, 9.7e-13, 8.9e-11
2019-10-26, 03:17:45, 9.33e-13, 8.92e-11
2019-10-26, 03:17:49, 9.96e-13, 8.87e-11
2019-10-26, 03:17:53, 9.8e-13, 8.9e-11
2019-10-26, 03:17:57, 9.69e-13, 8.87e-11
2019-10-26, 03:18:02, 9.78e-13, 8.84e-11
2019-10-26, 03:18:06, 9.96e-13, 8.9e-11
2019-10-26, 03:18:10, 1.02e-12, 8.89e-11
2019-10-26, 03:18:14, 1.08e-12, 8.9e-11
2019-10-26, 03:18:19, 9.76e-13, 8.88e-11
2019-10-26, 03:18:23, 1.03e-12, 8.88e-11
2019-10-26, 03:18:27, 9.09e-13, 8.89e-11
2019-10-26, 03:18:31, 1.02e-12, 8.87e-11
2019-10-26, 03:18:35, 9.55e-13, 8.92e-11
2019-10-26, 03:18:40, 9.89e-13, 8.87e-11
2019-10-26, 03:18:44, 1e-12, 8.91e-11
2019-10-26, 03:18:48, 1.03e-12, 8.89e-11
2019-10-26, 03:18:52, 1e-12, 8.88e-11
2019-10-26, 03:18:57, 1.03e-12, 8.87e-11
2019-10-26, 03:19:01, 9.23e-13, 8.92e-11
2019-10-26, 03:19:05, 9.32e-13, 8.87e-11
2019-10-26, 03:19:09, 1.07e-12, 8.91e-11
2019-10-26, 03:19:13, 9.29e-13, 8.91e-11
2019-10-26, 03:19:18, 9.49e-13, 8.88e-11
2019-10-26, 03:19:22, 9.65e-13, 8.88e-11
2019-10-26, 03:19:26, 9.43e-13, 8.87e-11
2019-10-26, 03:19:30, 9.23e-13, 8.89e-11
2019-10-26, 03:19:35, 9.79e-13, 8.89e-11
2019-10-26, 03:19:39, 9.78e-13, 8.89e-11
2019-10-26, 03:19:43, 9.8e-13, 8.89e-11
2019-10-26, 03:19:47, 9.43e-13, 8.89e-11
2019-10-26, 03:19:51, 9.52e-13, 8.85e-11
2019-10-26, 03:19:56, 9.36e-13, 8.9e-11
2019-10-26, 03:20:00, 9.78e-13, 8.89e-11
2019-10-26, 03:20:04, 9.5e-13, 8.89e-11
2019-10-26, 03:20:08, 8.55e-13, 8.87e-11
2019-10-26, 03:20:13, 9.47e-13, 8.88e-11
2019-10-26, 03:20:17, 9.81e-13, 8.84e-11
2019-10-26, 03:20:21, 9.53e-13, 8.86e-11
2019-10-26, 03:20:25, 9.8e-13, 8.92e-11
2019-10-26, 03:20:29, 9.97e-13, 8.88e-11
2019-10-26, 03:20:34, 1e-12, 8.84e-11
2019-10-26, 03:20:38, 9.19e-13, 8.84e-11
2019-10-26, 03:20:42, 9.76e-13, 8.85e-11
2019-10-26, 03:20:46, 9.58e-13, 8.88e-11
2019-10-26, 03:20:51, 8.58e-13, 8.87e-11
2019-10-26, 03:20:55, 9.58e-13, 8.88e-11
2019-10-26, 03:20:59, 9.73e-13, 8.88e-11
2019-10-26, 03:21:03, 9.16e-13, 8.89e-11
2019-10-26, 03:21:07, 9.15e-13, 8.89e-11
2019-10-26, 03:21:12, 9.67e-13, 8.89e-11
2019-10-26, 03:21:16, 9.49e-13, 8.87e-11
2019-10-26, 03:21:20, 9.45e-13, 8.85e-11
2019-10-26, 03:21:24, 9.51e-13, 8.89e-11
2019-10-26, 03:21:29, 9.07e-13, 8.89e-11
2019-10-26, 03:21:33, 1.02e-12, 8.93e-11
2019-10-26, 03:21:37, 1.02e-12, 8.9e-11
2019-10-26, 03:21:41, 9.68e-13, 8.9e-11
2019-10-26, 03:21:45, 8.95e-13, 8.88e-11
2019-10-26, 03:21:50, 1.04e-12, 8.92e-11
2019-10-26, 03:21:54, 9.83e-13, 8.85e-11
2019-10-26, 03:21:58, 9.72e-13, 8.89e-11
2019-10-26, 03:22:02, 9.7e-13, 8.9e-11
2019-10-26, 03:22:06, 9.41e-13, 8.88e-11
2019-10-26, 03:22:11, 1.01e-12, 8.87e-11
2019-10-26, 03:22:15, 9.4e-13, 8.92e-11
2019-10-26, 03:22:19, 9.58e-13, 8.89e-11
2019-10-26, 03:22:23, 1e-12, 8.87e-11
2019-10-26, 03:22:28, 9.54e-13, 8.88e-11
2019-10-26, 03:22:32, 9.2e-13, 8.89e-11
2019-10-26, 03:22:36, 9.68e-13, 8.86e-11
2019-10-26, 03:22:40, 1.05e-12, 8.85e-11
2019-10-26, 03:22:44, 1.04e-12, 8.91e-11
2019-10-26, 03:22:49, 1.05e-12, 8.88e-11
2019-10-26, 03:22:53, 9.05e-13, 8.9e-11
2019-10-26, 03:22:57, 1.01e-12, 8.89e-11
2019-10-26, 03:23:01, 8.1e-13, 8.88e-11
2019-10-26, 03:23:06, 8.73e-13, 8.91e-11
2019-10-26, 03:23:10, 9.41e-13, 8.9e-11
2019-10-26, 03:23:14, 9.58e-13, 8.87e-11
2019-10-26, 03:23:18, 9.54e-13, 8.88e-11
2019-10-26, 03:23:22, 9.86e-13, 8.89e-11
2019-10-26, 03:23:27, 9.41e-13, 8.86e-11
2019-10-26, 03:23:31, 9.51e-13, 8.92e-11
2019-10-26, 03:23:35, 9.96e-13, 8.91e-11
2019-10-26, 03:23:39, 9.7e-13, 8.92e-11
2019-10-26, 03:23:44, 9.97e-13, 8.88e-11
2019-10-26, 03:23:48, 9.48e-13, 8.93e-11
2019-10-26, 03:23:52, 9.31e-13, 8.86e-11
2019-10-26, 03:23:56, 9.24e-13, 8.86e-11
2019-10-26, 03:24:00, 9.85e-13, 8.93e-11
2019-10-26, 03:24:05, 9.42e-13, 8.88e-11
2019-10-26, 03:24:09, 9.34e-13, 8.88e-11
2019-10-26, 03:24:13, 1.02e-12, 8.92e-11
2019-10-26, 03:24:17, 9.5e-13, 8.87e-11
2019-10-26, 03:24:22, 9.44e-13, 8.89e-11
2019-10-26, 03:24:26, 9.9e-13, 8.91e-11
2019-10-26, 03:24:30, 9.89e-13, 8.88e-11
2019-10-26, 03:24:34, 9.86e-13, 8.91e-11
2019-10-26, 03:24:38, 9.44e-13, 8.88e-11
2019-10-26, 03:24:43, 9.46e-13, 8.89e-11
2019-10-26, 03:24:47, 1.01e-12, 8.88e-11
2019-10-26, 03:24:51, 8.74e-13, 8.88e-11
2019-10-26, 03:24:55, 9.43e-13, 8.89e-11
2019-10-26, 03:25:00, 9.74e-13, 8.9e-11
2019-10-26, 03:25:04, 9.07e-13, 8.88e-11
2019-10-26, 03:25:08, 9.68e-13, 8.9e-11
2019-10-26, 03:25:12, 1.02e-12, 8.88e-11
2019-10-26, 03:25:16, 9.19e-13, 8.9e-11
2019-10-26, 03:25:21, 9.89e-13, 8.87e-11
2019-10-26, 03:25:25, 9.61e-13, 8.9e-11
2019-10-26, 03:25:29, 8.32e-13, 8.88e-11
2019-10-26, 03:25:33, 9.76e-13, 8.92e-11
2019-10-26, 03:25:38, 9.45e-13, 8.91e-11
2019-10-26, 03:25:42, 9.61e-13, 8.89e-11
2019-10-26, 03:25:46, 9.24e-13, 8.91e-11
2019-10-26, 03:25:50, 9.53e-13, 8.93e-11
2019-10-26, 03:25:54, 1.03e-12, 8.91e-11
2019-10-26, 03:25:59, 9.74e-13, 8.87e-11
2019-10-26, 03:26:03, 9.8e-13, 8.87e-11
2019-10-26, 03:26:07, 9.47e-13, 8.86e-11
2019-10-26, 03:26:11, 9.5e-13, 8.93e-11
2019-10-26, 03:26:16, 9.3e-13, 8.95e-11
2019-10-26, 03:26:20, 9.72e-13, 8.86e-11
2019-10-26, 03:26:24, 9.74e-13, 8.92e-11
2019-10-26, 03:26:28, 9.44e-13, 8.92e-11
2019-10-26, 03:26:32, 9.04e-13, 8.91e-11
2019-10-26, 03:26:37, 9.3e-13, 8.89e-11
2019-10-26, 03:26:41, 9.95e-13, 8.9e-11
2019-10-26, 03:26:45, 9.51e-13, 8.89e-11
2019-10-26, 03:26:49, 9.91e-13, 8.95e-11
2019-10-26, 03:26:54, 9.76e-13, 8.91e-11
2019-10-26, 03:26:58, 1.05e-12, 8.87e-11
2019-10-26, 03:27:02, 9.12e-13, 8.9e-11
2019-10-26, 03:27:06, 9.99e-13, 8.92e-11
2019-10-26, 03:27:10, 9.19e-13, 8.9e-11
2019-10-26, 03:27:15, 9.61e-13, 8.89e-11
2019-10-26, 03:27:19, 1e-12, 8.91e-11
2019-10-26, 03:27:23, 1.03e-12, 8.92e-11
2019-10-26, 03:27:27, 9.7e-13, 8.88e-11
2019-10-26, 03:27:32, 9.02e-13, 8.87e-11
2019-10-26, 03:27:36, 9.97e-13, 8.9e-11
2019-10-26, 03:27:40, 9.82e-13, 8.91e-11
2019-10-26, 03:27:44, 9.82e-13, 8.9e-11
2019-10-26, 03:27:48, 9.87e-13, 8.9e-11
2019-10-26, 03:27:53, 9.97e-13, 8.91e-11
2019-10-26, 03:27:57, 9.5e-13, 8.88e-11
2019-10-26, 03:28:01, 9.52e-13, 8.89e-11
2019-10-26, 03:28:05, 9.98e-13, 8.91e-11
2019-10-26, 03:28:09, 1.08e-12, 8.9e-11
2019-10-26, 03:28:14, 9.63e-13, 8.89e-11
2019-10-26, 03:28:18, 9.53e-13, 8.91e-11
2019-10-26, 03:28:22, 1.03e-12, 8.91e-11
2019-10-26, 03:28:26, 1e-12, 8.87e-11
2019-10-26, 03:28:31, 8.65e-13, 8.9e-11
2019-10-26, 03:28:35, 1.01e-12, 8.91e-11
2019-10-26, 03:28:39, 9.43e-13, 8.89e-11
2019-10-26, 03:28:43, 9.97e-13, 8.92e-11
2019-10-26, 03:28:47, 1.01e-12, 8.88e-11
2019-10-26, 03:28:52, 9.49e-13, 8.89e-11
2019-10-26, 03:28:56, 9.66e-13, 8.89e-11
2019-10-26, 03:29:00, 1.01e-12, 8.9e-11
2019-10-26, 03:29:04, 9.32e-13, 8.9e-11
2019-10-26, 03:29:09, 9.3e-13, 8.88e-11
2019-10-26, 03:29:13, 1.02e-12, 8.91e-11
2019-10-26, 03:29:17, 9.68e-13, 8.9e-11
2019-10-26, 03:29:21, 9.42e-13, 8.89e-11
2019-10-26, 03:29:25, 9.44e-13, 8.89e-11
2019-10-26, 03:29:30, 9.97e-13, 8.92e-11
2019-10-26, 03:29:34, 1.01e-12, 8.93e-11
2019-10-26, 03:29:38, 9.04e-13, 8.93e-11
2019-10-26, 03:29:42, 9.61e-13, 8.89e-11
2019-10-26, 03:29:47, 9.43e-13, 8.89e-11
2019-10-26, 03:29:51, 1.09e-12, 8.92e-11
2019-10-26, 03:29:55, 9.8e-13, 8.95e-11
2019-10-26, 03:29:59, 9.79e-13, 8.89e-11
2019-10-26, 03:30:03, 1.01e-12, 8.89e-11
2019-10-26, 03:30:08, 9.29e-13, 8.92e-11
2019-10-26, 03:30:12, 8.91e-13, 8.9e-11
2019-10-26, 03:30:17, 1.08e-12, 8.89e-11
2019-10-26, 03:30:21, 1.01e-12, 8.88e-11
2019-10-26, 03:30:26, 9.66e-13, 8.92e-11
2019-10-26, 03:30:30, 9.25e-13, 8.91e-11
2019-10-26, 03:30:34, 9.49e-13, 8.92e-11
2019-10-26, 03:30:38, 9.93e-13, 8.9e-11
2019-10-26, 03:30:43, 1.01e-12, 8.89e-11
2019-10-26, 03:30:47, 9.89e-13, 8.9e-11
2019-10-26, 03:30:51, 9.22e-13, 8.89e-11
2019-10-26, 03:30:55, 9.96e-13, 8.89e-11
2019-10-26, 03:30:59, 9.5e-13, 8.88e-11
2019-10-26, 03:31:04, 9.44e-13, 8.9e-11
2019-10-26, 03:31:08, 1.04e-12, 8.91e-11
2019-10-26, 03:31:12, 9.18e-13, 8.93e-11
2019-10-26, 03:31:16, 8.79e-13, 8.95e-11
2019-10-26, 03:31:21, 9.32e-13, 8.89e-11
2019-10-26, 03:31:25, 1.13e-12, 8.9e-11
2019-10-26, 03:31:29, 9.74e-13, 8.92e-11
2019-10-26, 03:31:33, 9.53e-13, 8.89e-11
2019-10-26, 03:31:37, 1.07e-12, 8.9e-11
2019-10-26, 03:31:42, 9.52e-13, 8.89e-11
2019-10-26, 03:31:46, 8.65e-13, 8.89e-11
2019-10-26, 03:31:50, 9.18e-13, 8.91e-11
2019-10-26, 03:31:54, 9.64e-13, 8.92e-11
2019-10-26, 03:31:59, 9.23e-13, 8.9e-11
2019-10-26, 03:32:03, 1.05e-12, 8.92e-11
2019-10-26, 03:32:07, 9.81e-13, 8.9e-11
2019-10-26, 03:32:11, 9.64e-13, 8.92e-11
2019-10-26, 03:32:15, 9.95e-13, 8.9e-11
2019-10-26, 03:32:20, 9.73e-13, 8.89e-11
2019-10-26, 03:32:24, 9.53e-13, 8.9e-11
2019-10-26, 03:32:28, 9.63e-13, 8.92e-11
2019-10-26, 03:32:32, 9.78e-13, 8.9e-11
2019-10-26, 03:32:36, 1.05e-12, 8.88e-11
2019-10-26, 03:32:41, 9.55e-13, 8.89e-11
2019-10-26, 03:32:45, 1.01e-12, 8.86e-11
2019-10-26, 03:32:49, 9.4e-13, 8.88e-11
2019-10-26, 03:32:53, 9.3e-13, 8.93e-11
2019-10-26, 03:32:58, 1e-12, 8.9e-11
2019-10-26, 03:33:02, 9.37e-13, 8.92e-11
2019-10-26, 03:33:06, 9.77e-13, 8.91e-11
2019-10-26, 03:33:10, 1.07e-12, 8.9e-11
2019-10-26, 03:33:14, 1.05e-12, 8.91e-11
2019-10-26, 03:33:19, 1.12e-12, 8.91e-11
2019-10-26, 03:33:23, 1e-12, 8.88e-11
2019-10-26, 03:33:27, 9.32e-13, 8.91e-11
2019-10-26, 03:33:31, 9.52e-13, 8.91e-11
2019-10-26, 03:33:36, 9.83e-13, 8.89e-11
2019-10-26, 03:33:40, 1.02e-12, 8.89e-11
2019-10-26, 03:33:44, 9.75e-13, 8.92e-11
2019-10-26, 03:33:48, 1.01e-12, 8.93e-11
2019-10-26, 03:33:52, 9.37e-13, 8.89e-11
2019-10-26, 03:33:57, 1.02e-12, 8.92e-11
2019-10-26, 03:34:01, 8.91e-13, 8.92e-11
2019-10-26, 03:34:05, 9.15e-13, 8.88e-11
2019-10-26, 03:34:09, 1.03e-12, 8.92e-11
2019-10-26, 03:34:14, 1.03e-12, 8.89e-11
2019-10-26, 03:34:18, 9.61e-13, 8.91e-11
2019-10-26, 03:34:22, 1.02e-12, 8.92e-11
2019-10-26, 03:34:26, 1.01e-12, 8.92e-11
2019-10-26, 03:34:30, 9.08e-13, 8.94e-11
2019-10-26, 03:34:35, 9.65e-13, 8.89e-11
2019-10-26, 03:34:39, 9.75e-13, 8.92e-11
2019-10-26, 03:34:43, 9.85e-13, 8.9e-11
2019-10-26, 03:34:47, 9.78e-13, 8.91e-11
2019-10-26, 03:34:52, 9.38e-13, 8.94e-11
2019-10-26, 03:34:56, 1.07e-12, 8.9e-11
2019-10-26, 03:35:00, 9.8e-13, 8.91e-11
2019-10-26, 03:35:04, 9.35e-13, 8.92e-11
2019-10-26, 03:35:08, 9.58e-13, 8.9e-11
2019-10-26, 03:35:13, 9.74e-13, 8.9e-11
2019-10-26, 03:35:17, 9.29e-13, 8.89e-11
2019-10-26, 03:35:21, 1.01e-12, 8.92e-11
2019-10-26, 03:35:25, 1.05e-12, 8.88e-11
2019-10-26, 03:35:30, 9.81e-13, 8.93e-11
2019-10-26, 03:35:34, 9.81e-13, 8.89e-11
2019-10-26, 03:35:38, 8.89e-13, 8.93e-11
2019-10-26, 03:35:42, 1.03e-12, 8.9e-11
2019-10-26, 03:35:46, 1.04e-12, 8.92e-11
2019-10-26, 03:35:51, 9.1e-13, 8.89e-11
2019-10-26, 03:35:55, 9.75e-13, 8.9e-11
2019-10-26, 03:35:59, 9.78e-13, 8.87e-11
2019-10-26, 03:36:03, 9.61e-13, 8.88e-11
2019-10-26, 03:36:08, 9.39e-13, 8.91e-11
2019-10-26, 03:36:12, 9.9e-13, 8.89e-11
2019-10-26, 03:36:16, 9.63e-13, 8.89e-11
2019-10-26, 03:36:20, 1e-12, 8.91e-11
2019-10-26, 03:36:24, 9.92e-13, 8.89e-11
2019-10-26, 03:36:29, 9.66e-13, 8.91e-11
2019-10-26, 03:36:33, 9.46e-13, 8.88e-11
2019-10-26, 03:36:37, 9.38e-13, 8.88e-11
2019-10-26, 03:36:41, 9.38e-13, 8.91e-11
2019-10-26, 03:36:45, 9.85e-13, 8.89e-11
2019-10-26, 03:36:50, 9.06e-13, 8.91e-11
2019-10-26, 03:36:54, 9.2e-13, 8.89e-11
2019-10-26, 03:36:58, 1.09e-12, 8.92e-11
2019-10-26, 03:37:02, 9.85e-13, 8.9e-11
2019-10-26, 03:37:07, 9.82e-13, 8.88e-11
2019-10-26, 03:37:11, 1.01e-12, 8.91e-11
2019-10-26, 03:37:15, 9.38e-13, 8.91e-11
2019-10-26, 03:37:19, 9.22e-13, 8.91e-11
2019-10-26, 03:37:23, 1e-12, 8.89e-11
2019-10-26, 03:37:28, 8.96e-13, 8.92e-11
2019-10-26, 03:37:32, 9.37e-13, 8.91e-11
2019-10-26, 03:37:36, 1.01e-12, 8.9e-11
2019-10-26, 03:37:40, 1.01e-12, 8.89e-11
2019-10-26, 03:37:45, 1.01e-12, 8.87e-11
2019-10-26, 03:37:49, 9.72e-13, 8.9e-11
2019-10-26, 03:37:53, 1.03e-12, 8.91e-11
2019-10-26, 03:37:57, 1.01e-12, 8.9e-11
2019-10-26, 03:38:01, 1.07e-12, 8.89e-11
2019-10-26, 03:38:06, 9.61e-13, 8.9e-11
2019-10-26, 03:38:10, 1.01e-12, 8.9e-11
2019-10-26, 03:38:14, 1.03e-12, 8.9e-11
2019-10-26, 03:38:18, 1.01e-12, 8.92e-11
2019-10-26, 03:38:23, 9.86e-13, 8.92e-11
2019-10-26, 03:38:27, 9.39e-13, 8.95e-11
2019-10-26, 03:38:31, 9.46e-13, 8.9e-11
2019-10-26, 03:38:35, 1e-12, 8.89e-11
2019-10-26, 03:38:39, 9.53e-13, 8.89e-11
2019-10-26, 03:38:44, 9.61e-13, 8.91e-11
2019-10-26, 03:38:48, 9.89e-13, 8.88e-11
2019-10-26, 03:38:52, 1e-12, 8.93e-11
2019-10-26, 03:38:56, 8.92e-13, 8.91e-11
2019-10-26, 03:39:01, 1.04e-12, 8.94e-11
2019-10-26, 03:39:05, 9.5e-13, 8.95e-11
2019-10-26, 03:39:09, 9.7e-13, 8.89e-11
2019-10-26, 03:39:13, 9.71e-13, 8.9e-11
2019-10-26, 03:39:17, 9.67e-13, 8.91e-11
2019-10-26, 03:39:22, 9.55e-13, 8.89e-11
2019-10-26, 03:39:26, 9.68e-13, 8.91e-11
2019-10-26, 03:39:30, 9.48e-13, 8.88e-11
2019-10-26, 03:39:34, 9.68e-13, 8.91e-11
2019-10-26, 03:39:39, 9.45e-13, 8.9e-11
2019-10-26, 03:39:43, 1e-12, 8.94e-11
2019-10-26, 03:39:47, 9.3e-13, 8.9e-11
2019-10-26, 03:39:51, 9.7e-13, 8.92e-11
2019-10-26, 03:39:55, 9.63e-13, 8.87e-11
2019-10-26, 03:40:00, 9.88e-13, 8.93e-11
2019-10-26, 03:40:04, 9.8e-13, 8.88e-11
2019-10-26, 03:40:08, 9.94e-13, 8.9e-11
2019-10-26, 03:40:12, 8.37e-13, 8.9e-11
2019-10-26, 03:40:16, 1.04e-12, 8.91e-11
2019-10-26, 03:40:21, 1.02e-12, 8.92e-11
2019-10-26, 03:40:25, 9.47e-13, 8.89e-11
2019-10-26, 03:40:29, 8.82e-13, 8.89e-11
2019-10-26, 03:40:33, 1.01e-12, 8.91e-11
2019-10-26, 03:40:38, 1e-12, 8.91e-11
2019-10-26, 03:40:42, 9.51e-13, 8.87e-11
2019-10-26, 03:40:46, 9.69e-13, 8.9e-11
2019-10-26, 03:40:50, 9.64e-13, 8.91e-11
2019-10-26, 03:40:54, 9.29e-13, 8.9e-11
2019-10-26, 03:40:59, 9.2e-13, 8.9e-11
2019-10-26, 03:41:03, 1.03e-12, 8.88e-11
2019-10-26, 03:41:07, 1.02e-12, 8.88e-11
2019-10-26, 03:41:11, 9.01e-13, 8.89e-11
2019-10-26, 03:41:16, 1e-12, 8.9e-11
2019-10-26, 03:41:20, 1.04e-12, 8.91e-11
2019-10-26, 03:41:24, 9.99e-13, 8.9e-11
2019-10-26, 03:41:28, 9.99e-13, 8.91e-11
2019-10-26, 03:41:32, 1.03e-12, 8.86e-11
2019-10-26, 03:41:37, 1.05e-12, 8.88e-11
2019-10-26, 03:41:41, 1.03e-12, 8.89e-11
2019-10-26, 03:41:45, 9.77e-13, 8.91e-11
2019-10-26, 03:41:49, 9.87e-13, 8.89e-11
2019-10-26, 03:41:54, 9.03e-13, 8.9e-11
2019-10-26, 03:41:58, 9.91e-13, 8.88e-11
2019-10-26, 03:42:02, 1.01e-12, 8.95e-11
2019-10-26, 03:42:06, 9.75e-13, 8.91e-11
2019-10-26, 03:42:10, 9.92e-13, 8.92e-11
2019-10-26, 03:42:15, 9.86e-13, 8.89e-11
2019-10-26, 03:42:19, 9.61e-13, 8.92e-11
2019-10-26, 03:42:23, 9.59e-13, 8.9e-11
2019-10-26, 03:42:27, 9.58e-13, 8.91e-11
2019-10-26, 03:42:32, 1e-12, 8.91e-11
2019-10-26, 03:42:36, 9.84e-13, 8.89e-11
2019-10-26, 03:42:40, 9.67e-13, 8.9e-11
2019-10-26, 03:42:44, 9.65e-13, 8.92e-11
2019-10-26, 03:42:48, 9.05e-13, 8.92e-11
2019-10-26, 03:42:53, 9.9e-13, 8.87e-11
2019-10-26, 03:42:57, 9.62e-13, 8.9e-11
2019-10-26, 03:43:01, 9.71e-13, 8.88e-11
2019-10-26, 03:43:05, 9.78e-13, 8.86e-11
2019-10-26, 03:43:10, 9.87e-13, 8.86e-11
2019-10-26, 03:43:14, 9.79e-13, 8.91e-11
2019-10-26, 03:43:18, 9.77e-13, 8.91e-11
2019-10-26, 03:43:22, 9.65e-13, 8.88e-11
2019-10-26, 03:43:26, 9.21e-13, 8.87e-11
2019-10-26, 03:43:31, 9.85e-13, 8.91e-11
2019-10-26, 03:43:35, 1.08e-12, 8.85e-11
2019-10-26, 03:43:39, 9.54e-13, 8.87e-11
2019-10-26, 03:43:43, 9.59e-13, 8.9e-11
2019-10-26, 03:43:48, 1.01e-12, 8.89e-11
2019-10-26, 03:43:52, 9.92e-13, 8.88e-11
2019-10-26, 03:43:56, 9.94e-13, 8.89e-11
2019-10-26, 03:44:00, 9.46e-13, 8.88e-11
2019-10-26, 03:44:04, 1.02e-12, 8.9e-11
2019-10-26, 03:44:09, 9.3e-13, 8.91e-11
2019-10-26, 03:44:13, 9.95e-13, 8.93e-11
2019-10-26, 03:44:17, 1.01e-12, 8.87e-11
2019-10-26, 03:44:21, 1.04e-12, 8.89e-11
2019-10-26, 03:44:26, 9.25e-13, 8.9e-11
2019-10-26, 03:44:30, 9.11e-13, 8.87e-11
2019-10-26, 03:44:34, 9.59e-13, 8.92e-11
2019-10-26, 03:44:38, 9.74e-13, 8.89e-11
2019-10-26, 03:44:42, 1.07e-12, 8.91e-11
2019-10-26, 03:44:47, 1.06e-12, 8.91e-11
2019-10-26, 03:44:51, 1.03e-12, 8.9e-11
2019-10-26, 03:44:55, 9.77e-13, 8.92e-11
2019-10-26, 03:44:59, 1.11e-12, 8.9e-11
2019-10-26, 03:45:04, 1.06e-12, 8.89e-11
2019-10-26, 03:45:08, 1e-12, 8.88e-11
2019-10-26, 03:45:12, 1e-12, 8.88e-11
2019-10-26, 03:45:16, 1.02e-12, 8.9e-11
2019-10-26, 03:45:20, 1e-12, 8.91e-11
2019-10-26, 03:45:25, 9.47e-13, 8.93e-11
2019-10-26, 03:45:29, 9.52e-13, 8.9e-11
2019-10-26, 03:45:33, 9.58e-13, 8.9e-11
2019-10-26, 03:45:37, 9.91e-13, 8.87e-11
2019-10-26, 03:45:41, 9.05e-13, 8.92e-11
2019-10-26, 03:45:46, 9.92e-13, 8.86e-11
2019-10-26, 03:45:50, 1.04e-12, 8.89e-11
2019-10-26, 03:45:54, 9.43e-13, 8.89e-11
2019-10-26, 03:45:58, 1.04e-12, 8.89e-11
2019-10-26, 03:46:03, 9.69e-13, 8.89e-11
2019-10-26, 03:46:07, 9.83e-13, 8.91e-11
2019-10-26, 03:46:11, 9.8e-13, 8.89e-11
2019-10-26, 03:46:15, 1e-12, 8.9e-11
2019-10-26, 03:46:19, 9.51e-13, 8.92e-11
2019-10-26, 03:46:24, 9.86e-13, 8.9e-11
2019-10-26, 03:46:28, 9.48e-13, 8.85e-11
2019-10-26, 03:46:32, 1.01e-12, 8.88e-11
2019-10-26, 03:46:36, 9.65e-13, 8.92e-11
2019-10-26, 03:46:41, 9.6e-13, 8.88e-11
2019-10-26, 03:46:45, 9.89e-13, 8.88e-11
2019-10-26, 03:46:49, 9e-13, 8.92e-11
2019-10-26, 03:46:53, 1.07e-12, 8.87e-11
2019-10-26, 03:46:57, 9.38e-13, 8.89e-11
2019-10-26, 03:47:02, 9.92e-13, 8.89e-11
2019-10-26, 03:47:06, 8.9e-13, 8.91e-11
2019-10-26, 03:47:10, 9.69e-13, 8.89e-11
2019-10-26, 03:47:14, 8.48e-13, 8.9e-11
2019-10-26, 03:47:19, 8.85e-13, 8.92e-11
2019-10-26, 03:47:23, 9.83e-13, 8.86e-11
2019-10-26, 03:47:27, 1.03e-12, 8.86e-11
2019-10-26, 03:47:31, 1e-12, 8.88e-11
2019-10-26, 03:47:35, 9.35e-13, 8.86e-11
2019-10-26, 03:47:40, 9.71e-13, 8.86e-11
2019-10-26, 03:47:44, 9.3e-13, 8.93e-11
2019-10-26, 03:47:48, 9.67e-13, 8.9e-11
2019-10-26, 03:47:52, 8.39e-13, 8.89e-11
2019-10-26, 03:47:57, 9.97e-13, 8.92e-11
2019-10-26, 03:48:01, 9.05e-13, 8.89e-11
2019-10-26, 03:48:05, 9.71e-13, 8.87e-11
2019-10-26, 03:48:09, 1.01e-12, 8.9e-11
2019-10-26, 03:48:13, 9.83e-13, 8.86e-11
2019-10-26, 03:48:18, 9.57e-13, 8.86e-11
2019-10-26, 03:48:22, 9.64e-13, 8.87e-11
2019-10-26, 03:48:26, 8.74e-13, 8.91e-11
2019-10-26, 03:48:30, 9.99e-13, 8.89e-11
2019-10-26, 03:48:35, 9.73e-13, 8.89e-11
2019-10-26, 03:48:39, 1.09e-12, 8.88e-11
2019-10-26, 03:48:43, 9.5e-13, 8.9e-11
2019-10-26, 03:48:47, 9.61e-13, 8.87e-11
2019-10-26, 03:48:51, 9.46e-13, 8.87e-11
2019-10-26, 03:48:56, 9.63e-13, 8.9e-11
2019-10-26, 03:49:00, 1.01e-12, 8.89e-11
2019-10-26, 03:49:04, 1.08e-12, 8.9e-11
2019-10-26, 03:49:08, 9.64e-13, 8.91e-11
2019-10-26, 03:49:13, 9.63e-13, 8.9e-11
2019-10-26, 03:49:17, 9.85e-13, 8.9e-11
2019-10-26, 03:49:21, 9.49e-13, 8.91e-11
2019-10-26, 03:49:25, 1e-12, 8.91e-11
2019-10-26, 03:49:29, 9.69e-13, 8.9e-11
2019-10-26, 03:49:34, 9.43e-13, 8.89e-11
2019-10-26, 03:49:38, 9.99e-13, 8.9e-11
2019-10-26, 03:49:42, 9.81e-13, 8.89e-11
2019-10-26, 03:49:46, 1.05e-12, 8.86e-11
2019-10-26, 03:49:51, 9.44e-13, 8.9e-11
2019-10-26, 03:49:55, 9.28e-13, 8.88e-11
2019-10-26, 03:49:59, 9.56e-13, 8.88e-11
2019-10-26, 03:50:03, 8.5e-13, 8.91e-11
2019-10-26, 03:50:07, 9.69e-13, 8.88e-11
2019-10-26, 03:50:12, 9.79e-13, 8.88e-11
2019-10-26, 03:50:16, 9.49e-13, 8.93e-11
2019-10-26, 03:50:20, 9.37e-13, 8.89e-11
2019-10-26, 03:50:24, 9.62e-13, 8.91e-11
2019-10-26, 03:50:28, 9.05e-13, 8.89e-11
2019-10-26, 03:50:33, 9.85e-13, 8.87e-11
2019-10-26, 03:50:37, 9.54e-13, 8.89e-11
2019-10-26, 03:50:41, 9.78e-13, 8.88e-11
2019-10-26, 03:50:45, 9.82e-13, 8.92e-11
2019-10-26, 03:50:50, 9.36e-13, 8.88e-11
2019-10-26, 03:50:54, 9.76e-13, 8.86e-11
2019-10-26, 03:50:58, 9.97e-13, 8.84e-11
2019-10-26, 03:51:02, 9.74e-13, 8.88e-11
2019-10-26, 03:51:06, 1.04e-12, 8.92e-11
2019-10-26, 03:51:11, 9.5e-13, 8.89e-11
2019-10-26, 03:51:15, 9.58e-13, 8.91e-11
2019-10-26, 03:51:19, 1.07e-12, 8.9e-11
2019-10-26, 03:51:23, 9.51e-13, 8.89e-11
2019-10-26, 03:51:28, 9.83e-13, 8.88e-11
2019-10-26, 03:51:32, 9.71e-13, 8.91e-11
2019-10-26, 03:51:36, 9.51e-13, 8.9e-11
2019-10-26, 03:51:40, 9.77e-13, 8.88e-11
2019-10-26, 03:51:44, 9.44e-13, 8.91e-11
2019-10-26, 03:51:49, 9.96e-13, 8.89e-11
2019-10-26, 03:51:53, 9.41e-13, 8.89e-11
2019-10-26, 03:51:57, 9.52e-13, 8.87e-11
2019-10-26, 03:52:01, 9.11e-13, 8.87e-11
2019-10-26, 03:52:06, 9.79e-13, 8.91e-11
2019-10-26, 03:52:10, 9.67e-13, 8.87e-11
2019-10-26, 03:52:14, 1.01e-12, 8.85e-11
2019-10-26, 03:52:18, 9.54e-13, 8.83e-11
2019-10-26, 03:52:22, 9.82e-13, 8.9e-11
2019-10-26, 03:52:27, 1e-12, 8.88e-11
2019-10-26, 03:52:31, 9.79e-13, 8.88e-11
2019-10-26, 03:52:35, 9.96e-13, 8.88e-11
2019-10-26, 03:52:39, 1.04e-12, 8.91e-11
2019-10-26, 03:52:44, 9.93e-13, 8.88e-11
2019-10-26, 03:52:48, 1.08e-12, 8.91e-11
2019-10-26, 03:52:52, 9.48e-13, 8.88e-11
2019-10-26, 03:52:56, 9.77e-13, 8.89e-11
2019-10-26, 03:53:00, 9.89e-13, 8.87e-11
2019-10-26, 03:53:05, 9.58e-13, 8.86e-11
2019-10-26, 03:53:09, 9.7e-13, 8.85e-11
2019-10-26, 03:53:13, 9.73e-13, 8.84e-11
2019-10-26, 03:53:17, 9.36e-13, 8.88e-11
2019-10-26, 03:53:22, 1.05e-12, 8.9e-11
2019-10-26, 03:53:26, 9.29e-13, 8.9e-11
2019-10-26, 03:53:30, 9.82e-13, 8.88e-11
2019-10-26, 03:53:34, 1.03e-12, 8.95e-11
2019-10-26, 03:53:38, 1.01e-12, 8.89e-11
2019-10-26, 03:53:43, 9.86e-13, 8.88e-11
2019-10-26, 03:53:47, 9.64e-13, 8.91e-11
2019-10-26, 03:53:51, 1.05e-12, 8.86e-11
2019-10-26, 03:53:55, 9.07e-13, 8.87e-11
2019-10-26, 03:53:59, 9.29e-13, 8.87e-11
2019-10-26, 03:54:04, 9.28e-13, 8.9e-11
2019-10-26, 03:54:08, 9.95e-13, 8.9e-11
2019-10-26, 03:54:12, 9.87e-13, 8.88e-11
2019-10-26, 03:54:16, 1.01e-12, 8.89e-11
2019-10-26, 03:54:21, 9.35e-13, 8.9e-11
2019-10-26, 03:54:25, 8.89e-13, 8.87e-11
2019-10-26, 03:54:29, 9.73e-13, 8.9e-11
2019-10-26, 03:54:33, 9.46e-13, 8.87e-11
2019-10-26, 03:54:37, 9.43e-13, 8.95e-11
2019-10-26, 03:54:42, 1.01e-12, 8.87e-11
2019-10-26, 03:54:46, 1.02e-12, 8.88e-11
2019-10-26, 03:54:50, 9.6e-13, 8.89e-11
2019-10-26, 03:54:54, 9.39e-13, 8.85e-11
2019-10-26, 03:54:59, 1.01e-12, 8.94e-11
2019-10-26, 03:55:03, 9.79e-13, 8.89e-11
2019-10-26, 03:55:07, 9.92e-13, 8.91e-11
2019-10-26, 03:55:11, 9.74e-13, 8.89e-11
2019-10-26, 03:55:15, 9.51e-13, 8.88e-11
2019-10-26, 03:55:20, 9.64e-13, 8.88e-11
2019-10-26, 03:55:24, 9.44e-13, 8.9e-11
2019-10-26, 03:55:28, 9.19e-13, 8.89e-11
2019-10-26, 03:55:32, 9.77e-13, 8.86e-11
2019-10-26, 03:55:37, 8.88e-13, 8.92e-11
2019-10-26, 03:55:41, 1.11e-12, 8.98e-11
2019-10-26, 03:55:45, 9.46e-13, 8.9e-11
2019-10-26, 03:55:49, 9.2e-13, 8.88e-11
2019-10-26, 03:55:53, 9.86e-13, 8.96e-11
2019-10-26, 03:55:58, 9.06e-13, 8.89e-11
2019-10-26, 03:56:02, 9.52e-13, 8.88e-11
2019-10-26, 03:56:06, 9.59e-13, 8.88e-11
2019-10-26, 03:56:10, 1.01e-12, 8.87e-11
2019-10-26, 03:56:15, 1.03e-12, 8.87e-11
2019-10-26, 03:56:19, 9.14e-13, 8.87e-11
2019-10-26, 03:56:23, 9.82e-13, 8.88e-11
2019-10-26, 03:56:27, 9.91e-13, 8.86e-11
2019-10-26, 03:56:31, 9.46e-13, 8.94e-11
2019-10-26, 03:56:36, 9.34e-13, 8.91e-11
2019-10-26, 03:56:40, 9.93e-13, 8.87e-11
2019-10-26, 03:56:44, 9.85e-13, 8.93e-11
2019-10-26, 03:56:48, 9.56e-13, 8.9e-11
2019-10-26, 03:56:53, 9.87e-13, 8.89e-11
2019-10-26, 03:56:57, 1.01e-12, 8.92e-11
2019-10-26, 03:57:01, 9.28e-13, 8.92e-11
2019-10-26, 03:57:05, 9.13e-13, 8.89e-11
2019-10-26, 03:57:09, 9.85e-13, 8.9e-11
2019-10-26, 03:57:14, 1.01e-12, 8.92e-11
2019-10-26, 03:57:18, 9.27e-13, 8.92e-11
2019-10-26, 03:57:22, 1.05e-12, 8.91e-11
2019-10-26, 03:57:26, 9.96e-13, 8.9e-11
2019-10-26, 03:57:31, 9.54e-13, 8.9e-11
2019-10-26, 03:57:35, 9.5e-13, 8.9e-11
2019-10-26, 03:57:39, 1.01e-12, 8.91e-11
2019-10-26, 03:57:43, 9.48e-13, 8.91e-11
2019-10-26, 03:57:47, 9.54e-13, 8.91e-11
2019-10-26, 03:57:52, 9.73e-13, 8.92e-11
2019-10-26, 03:57:56, 1.11e-12, 8.89e-11
2019-10-26, 03:58:00, 9.63e-13, 8.91e-11
2019-10-26, 03:58:04, 9.37e-13, 8.9e-11
2019-10-26, 03:58:09, 1.04e-12, 8.88e-11
2019-10-26, 03:58:13, 9.19e-13, 8.92e-11
2019-10-26, 03:58:17, 9.54e-13, 8.86e-11
2019-10-26, 03:58:21, 9.03e-13, 8.89e-11
2019-10-26, 03:58:25, 9.71e-13, 8.91e-11
2019-10-26, 03:58:30, 9.74e-13, 8.9e-11
2019-10-26, 03:58:34, 9.74e-13, 8.89e-11
2019-10-26, 03:58:38, 9.93e-13, 8.92e-11
2019-10-26, 03:58:42, 1.02e-12, 8.86e-11
2019-10-26, 03:58:46, 1.01e-12, 8.89e-11
2019-10-26, 03:58:51, 9.67e-13, 8.9e-11
2019-10-26, 03:58:55, 9.73e-13, 8.91e-11
2019-10-26, 03:58:59, 1.04e-12, 8.93e-11
2019-10-26, 03:59:03, 1.04e-12, 8.88e-11
2019-10-26, 03:59:08, 9.97e-13, 8.89e-11
2019-10-26, 03:59:12, 9.16e-13, 8.92e-11
2019-10-26, 03:59:16, 9.51e-13, 8.91e-11
2019-10-26, 03:59:20, 9.63e-13, 8.93e-11
2019-10-26, 03:59:24, 9.8e-13, 8.92e-11
2019-10-26, 03:59:29, 9.8e-13, 8.92e-11
2019-10-26, 03:59:33, 9.74e-13, 8.91e-11
2019-10-26, 03:59:37, 1.01e-12, 8.9e-11
2019-10-26, 03:59:41, 9.51e-13, 8.92e-11
2019-10-26, 03:59:46, 9.73e-13, 8.92e-11
2019-10-26, 03:59:50, 1.01e-12, 8.92e-11
2019-10-26, 03:59:54, 1e-12, 8.9e-11
2019-10-26, 03:59:58, 9.79e-13, 8.94e-11
2019-10-26, 04:00:02, 9.86e-13, 8.93e-11
2019-10-26, 04:00:07, 9.03e-13, 8.95e-11
2019-10-26, 04:00:11, 9.72e-13, 8.93e-11
2019-10-26, 04:00:15, 9.86e-13, 8.92e-11
2019-10-26, 04:00:19, 1e-12, 8.92e-11
2019-10-26, 04:00:24, 8.85e-13, 8.89e-11
2019-10-26, 04:00:28, 9.61e-13, 8.88e-11
2019-10-26, 04:00:32, 9.79e-13, 8.92e-11
2019-10-26, 04:00:36, 9.66e-13, 8.92e-11
2019-10-26, 04:00:40, 9.62e-13, 8.91e-11
2019-10-26, 04:00:45, 1.12e-12, 8.93e-11
2019-10-26, 04:00:49, 1.04e-12, 8.9e-11
2019-10-26, 04:00:53, 9.82e-13, 8.89e-11
2019-10-26, 04:00:57, 9.83e-13, 8.9e-11
2019-10-26, 04:01:02, 1.1e-12, 8.88e-11
2019-10-26, 04:01:06, 1.01e-12, 8.91e-11
2019-10-26, 04:01:10, 9.17e-13, 8.9e-11
2019-10-26, 04:01:14, 9.77e-13, 8.88e-11
2019-10-26, 04:01:18, 1.01e-12, 8.91e-11
2019-10-26, 04:01:23, 9.66e-13, 8.91e-11
2019-10-26, 04:01:27, 1.02e-12, 8.92e-11
2019-10-26, 04:01:31, 9.18e-13, 8.86e-11
2019-10-26, 04:01:35, 1.08e-12, 8.91e-11
2019-10-26, 04:01:40, 8.83e-13, 8.91e-11
2019-10-26, 04:01:44, 9.17e-13, 8.91e-11
2019-10-26, 04:01:48, 9.77e-13, 8.88e-11
2019-10-26, 04:01:52, 9.63e-13, 8.85e-11
2019-10-26, 04:01:56, 8.16e-13, 8.88e-11
2019-10-26, 04:02:01, 9.1e-13, 8.88e-11
2019-10-26, 04:02:05, 1.03e-12, 8.91e-11
2019-10-26, 04:02:09, 9.31e-13, 8.91e-11
2019-10-26, 04:02:13, 8.25e-13, 8.9e-11
2019-10-26, 04:02:17, 9.2e-13, 8.89e-11
2019-10-26, 04:02:22, 1.01e-12, 8.93e-11
2019-10-26, 04:02:26, 9.29e-13, 8.92e-11
2019-10-26, 04:02:30, 9.99e-13, 8.87e-11
2019-10-26, 04:02:34, 9.26e-13, 8.9e-11
2019-10-26, 04:02:39, 9.51e-13, 8.91e-11
2019-10-26, 04:02:43, 1.01e-12, 8.88e-11
2019-10-26, 04:02:47, 1.01e-12, 8.91e-11
2019-10-26, 04:02:51, 9.7e-13, 8.9e-11
2019-10-26, 04:02:55, 1.05e-12, 8.88e-11
2019-10-26, 04:03:00, 1.01e-12, 8.92e-11
2019-10-26, 04:03:04, 1.02e-12, 8.89e-11
2019-10-26, 04:03:08, 9.36e-13, 8.87e-11
2019-10-26, 04:03:12, 9.7e-13, 8.91e-11
2019-10-26, 04:03:17, 1.01e-12, 8.87e-11
2019-10-26, 04:03:21, 9.31e-13, 8.89e-11
2019-10-26, 04:03:25, 9.27e-13, 8.9e-11
2019-10-26, 04:03:29, 9.78e-13, 8.9e-11
2019-10-26, 04:03:33, 9.25e-13, 8.87e-11
2019-10-26, 04:03:38, 9.82e-13, 8.92e-11
2019-10-26, 04:03:42, 9.98e-13, 8.88e-11
2019-10-26, 04:03:46, 9.96e-13, 8.91e-11
2019-10-26, 04:03:50, 1.01e-12, 8.88e-11
2019-10-26, 04:03:55, 1.02e-12, 8.87e-11
2019-10-26, 04:03:59, 9.85e-13, 8.88e-11
2019-10-26, 04:04:03, 9.97e-13, 8.91e-11
2019-10-26, 04:04:07, 9.41e-13, 8.9e-11
2019-10-26, 04:04:11, 9.99e-13, 8.87e-11
2019-10-26, 04:04:16, 9.34e-13, 8.92e-11
2019-10-26, 04:04:20, 9.2e-13, 8.89e-11
2019-10-26, 04:04:24, 1.02e-12, 8.9e-11
2019-10-26, 04:04:28, 9.03e-13, 8.87e-11
2019-10-26, 04:04:33, 9.31e-13, 8.88e-11
2019-10-26, 04:04:37, 8.67e-13, 8.93e-11
2019-10-26, 04:04:41, 9.77e-13, 8.9e-11
2019-10-26, 04:04:45, 1.03e-12, 8.88e-11
2019-10-26, 04:04:49, 9.84e-13, 8.87e-11
2019-10-26, 04:04:54, 9.95e-13, 8.89e-11
2019-10-26, 04:04:58, 9.83e-13, 8.89e-11
2019-10-26, 04:05:02, 9.43e-13, 8.9e-11
2019-10-26, 04:05:06, 9.59e-13, 8.87e-11
2019-10-26, 04:05:11, 1.02e-12, 8.9e-11
2019-10-26, 04:05:15, 9.3e-13, 8.9e-11
2019-10-26, 04:05:19, 9.28e-13, 8.9e-11
2019-10-26, 04:05:23, 9.06e-13, 8.9e-11
2019-10-26, 04:05:27, 9.67e-13, 8.92e-11
2019-10-26, 04:05:32, 9.85e-13, 8.9e-11
2019-10-26, 04:05:36, 8.51e-13, 8.9e-11
2019-10-26, 04:05:40, 9.17e-13, 8.89e-11
2019-10-26, 04:05:44, 9.51e-13, 8.91e-11
2019-10-26, 04:05:48, 9.97e-13, 8.87e-11
2019-10-26, 04:05:53, 9.08e-13, 8.86e-11
2019-10-26, 04:05:57, 9.33e-13, 8.88e-11
2019-10-26, 04:06:01, 9.21e-13, 8.88e-11
2019-10-26, 04:06:05, 9.8e-13, 8.91e-11
2019-10-26, 04:06:10, 9.88e-13, 8.86e-11
2019-10-26, 04:06:14, 9.84e-13, 8.94e-11
2019-10-26, 04:06:18, 9.95e-13, 8.88e-11
2019-10-26, 04:06:22, 9.52e-13, 8.89e-11
2019-10-26, 04:06:26, 9.14e-13, 8.89e-11
2019-10-26, 04:06:31, 9.63e-13, 8.9e-11
2019-10-26, 04:06:35, 1e-12, 8.91e-11
2019-10-26, 04:06:39, 1.05e-12, 8.93e-11
2019-10-26, 04:06:43, 9.97e-13, 8.91e-11
2019-10-26, 04:06:48, 9.6e-13, 8.9e-11
2019-10-26, 04:06:52, 9.5e-13, 8.9e-11
2019-10-26, 04:06:56, 9e-13, 8.91e-11
2019-10-26, 04:07:00, 9.78e-13, 8.9e-11
2019-10-26, 04:07:04, 9.69e-13, 8.89e-11
2019-10-26, 04:07:09, 1.08e-12, 8.88e-11
2019-10-26, 04:07:13, 9.77e-13, 8.9e-11
2019-10-26, 04:07:17, 9.35e-13, 8.9e-11
2019-10-26, 04:07:21, 1.03e-12, 8.9e-11
2019-10-26, 04:07:26, 9.19e-13, 8.88e-11
2019-10-26, 04:07:30, 9.64e-13, 8.9e-11
2019-10-26, 04:07:34, 9.8e-13, 8.91e-11
2019-10-26, 04:07:38, 9.71e-13, 8.89e-11
2019-10-26, 04:07:42, 1.01e-12, 8.93e-11
2019-10-26, 04:07:47, 9.65e-13, 8.9e-11
2019-10-26, 04:07:51, 9.69e-13, 8.94e-11
2019-10-26, 04:07:55, 8.67e-13, 8.9e-11
2019-10-26, 04:07:59, 9.82e-13, 8.93e-11
2019-10-26, 04:08:04, 9.2e-13, 8.86e-11
2019-10-26, 04:08:08, 1.01e-12, 8.87e-11
2019-10-26, 04:08:12, 1.05e-12, 8.89e-11
2019-10-26, 04:08:16, 9.96e-13, 8.88e-11
2019-10-26, 04:08:20, 9.37e-13, 8.89e-11
2019-10-26, 04:08:25, 1e-12, 8.94e-11
2019-10-26, 04:08:29, 1e-12, 8.88e-11
2019-10-26, 04:08:33, 9.69e-13, 8.84e-11
2019-10-26, 04:08:37, 9.81e-13, 8.86e-11
2019-10-26, 04:08:42, 9.84e-13, 8.89e-11
2019-10-26, 04:08:46, 9.5e-13, 8.89e-11
2019-10-26, 04:08:50, 9.82e-13, 8.91e-11
2019-10-26, 04:08:54, 9.42e-13, 8.9e-11
2019-10-26, 04:08:58, 9.32e-13, 8.91e-11
2019-10-26, 04:09:03, 1.1e-12, 8.89e-11
2019-10-26, 04:09:07, 1.1e-12, 8.82e-11
2019-10-26, 04:09:11, 9.45e-13, 8.81e-11
2019-10-26, 04:09:15, 1.03e-12, 8.84e-11
2019-10-26, 04:09:19, 9.77e-13, 8.82e-11
2019-10-26, 04:09:24, 9.07e-13, 8.85e-11
2019-10-26, 04:09:28, 9.61e-13, 8.77e-11
2019-10-26, 04:09:32, 1.1e-12, 8.86e-11
2019-10-26, 04:09:36, 9.67e-13, 8.85e-11
2019-10-26, 04:09:41, 9.35e-13, 8.87e-11
2019-10-26, 04:09:45, 9.65e-13, 8.84e-11
2019-10-26, 04:09:49, 9.45e-13, 8.82e-11
2019-10-26, 04:09:53, 1.01e-12, 8.86e-11
2019-10-26, 04:09:57, 9.85e-13, 8.85e-11
2019-10-26, 04:10:02, 1.02e-12, 8.86e-11
2019-10-26, 04:10:06, 9.6e-13, 8.8e-11
2019-10-26, 04:10:10, 9.88e-13, 8.86e-11
2019-10-26, 04:10:14, 9.35e-13, 8.88e-11
2019-10-26, 04:10:19, 9.58e-13, 8.9e-11
2019-10-26, 04:10:23, 8.72e-13, 8.91e-11
2019-10-26, 04:10:27, 9.32e-13, 8.91e-11
2019-10-26, 04:10:31, 9.59e-13, 8.9e-11
2019-10-26, 04:10:35, 9.33e-13, 8.92e-11
2019-10-26, 04:10:40, 1e-12, 8.91e-11
2019-10-26, 04:10:44, 1.05e-12, 8.89e-11
2019-10-26, 04:10:48, 9.79e-13, 8.92e-11
2019-10-26, 04:10:52, 9.77e-13, 8.87e-11
2019-10-26, 04:10:57, 9.99e-13, 8.97e-11
2019-10-26, 04:11:01, 1e-12, 8.93e-11
2019-10-26, 04:11:05, 1.03e-12, 8.93e-11
2019-10-26, 04:11:09, 9.41e-13, 8.91e-11
2019-10-26, 04:11:13, 1e-12, 8.89e-11
2019-10-26, 04:11:18, 9.2e-13, 8.91e-11
2019-10-26, 04:11:22, 9.61e-13, 8.89e-11
2019-10-26, 04:11:26, 1.17e-12, 8.91e-11
2019-10-26, 04:11:30, 9.71e-13, 8.9e-11
2019-10-26, 04:11:35, 9.28e-13, 8.89e-11
2019-10-26, 04:11:39, 9.24e-13, 8.88e-11
2019-10-26, 04:11:43, 9.83e-13, 8.91e-11
2019-10-26, 04:11:47, 9.7e-13, 8.9e-11
2019-10-26, 04:11:51, 9.52e-13, 8.88e-11
2019-10-26, 04:11:56, 9.9e-13, 8.89e-11
2019-10-26, 04:12:00, 9.93e-13, 8.9e-11
2019-10-26, 04:12:04, 9.63e-13, 8.89e-11
2019-10-26, 04:12:08, 9.27e-13, 8.88e-11
2019-10-26, 04:12:13, 1e-12, 8.91e-11
2019-10-26, 04:12:17, 8.84e-13, 8.92e-11
2019-10-26, 04:12:21, 9.02e-13, 8.92e-11
2019-10-26, 04:12:25, 9.75e-13, 8.89e-11
2019-10-26, 04:12:29, 9.12e-13, 8.92e-11
2019-10-26, 04:12:34, 9.66e-13, 8.93e-11
2019-10-26, 04:12:38, 9.64e-13, 8.89e-11
2019-10-26, 04:12:42, 9.8e-13, 8.89e-11
2019-10-26, 04:12:46, 1e-12, 8.89e-11
2019-10-26, 04:12:50, 9.65e-13, 8.89e-11
2019-10-26, 04:12:55, 8.6e-13, 8.94e-11
2019-10-26, 04:12:59, 9.83e-13, 8.92e-11
2019-10-26, 04:13:03, 9.92e-13, 8.94e-11
2019-10-26, 04:13:07, 1.02e-12, 8.87e-11
2019-10-26, 04:13:12, 1.01e-12, 8.93e-11
2019-10-26, 04:13:16, 9.79e-13, 8.89e-11
2019-10-26, 04:13:20, 9.39e-13, 8.93e-11
2019-10-26, 04:13:24, 1.06e-12, 8.88e-11
2019-10-26, 04:13:28, 9.65e-13, 8.88e-11
2019-10-26, 04:13:33, 9.12e-13, 8.86e-11
2019-10-26, 04:13:37, 1.08e-12, 8.9e-11
2019-10-26, 04:13:41, 9.51e-13, 8.89e-11
2019-10-26, 04:13:45, 9.62e-13, 8.93e-11
2019-10-26, 04:13:50, 9.67e-13, 8.87e-11
2019-10-26, 04:13:54, 9.98e-13, 8.88e-11
2019-10-26, 04:13:58, 1.02e-12, 8.91e-11
2019-10-26, 04:14:02, 9.62e-13, 8.91e-11
2019-10-26, 04:14:06, 9.6e-13, 8.9e-11
2019-10-26, 04:14:11, 9.86e-13, 8.94e-11
2019-10-26, 04:14:15, 9.85e-13, 8.83e-11
2019-10-26, 04:14:19, 9.71e-13, 8.81e-11
2019-10-26, 04:14:23, 9.18e-13, 8.84e-11
2019-10-26, 04:14:28, 9.6e-13, 8.82e-11
2019-10-26, 04:14:32, 9.78e-13, 8.86e-11
2019-10-26, 04:14:36, 9.69e-13, 8.81e-11
2019-10-26, 04:14:40, 9.9e-13, 8.84e-11
2019-10-26, 04:14:44, 9.97e-13, 8.87e-11
2019-10-26, 04:14:49, 9.11e-13, 8.88e-11
2019-10-26, 04:14:53, 1.01e-12, 8.88e-11
2019-10-26, 04:14:57, 1.03e-12, 8.92e-11
2019-10-26, 04:15:01, 9.33e-13, 8.93e-11
2019-10-26, 04:15:06, 1.08e-12, 8.89e-11
2019-10-26, 04:15:10, 9.38e-13, 8.88e-11
2019-10-26, 04:15:14, 9.52e-13, 8.89e-11
2019-10-26, 04:15:18, 9.72e-13, 8.94e-11
2019-10-26, 04:15:22, 9.37e-13, 8.89e-11
2019-10-26, 04:15:27, 1.02e-12, 8.89e-11
2019-10-26, 04:15:31, 1.01e-12, 8.82e-11
2019-10-26, 04:15:35, 9.25e-13, 8.84e-11
2019-10-26, 04:15:39, 1.01e-12, 8.83e-11
2019-10-26, 04:15:44, 9.76e-13, 8.8e-11
2019-10-26, 04:15:48, 9.99e-13, 8.78e-11
2019-10-26, 04:15:52, 9.24e-13, 8.83e-11
2019-10-26, 04:15:56, 1.06e-12, 8.91e-11
2019-10-26, 04:16:00, 9.61e-13, 8.9e-11
2019-10-26, 04:16:05, 9.85e-13, 8.92e-11
2019-10-26, 04:16:09, 9.67e-13, 8.89e-11
2019-10-26, 04:16:13, 9.62e-13, 8.92e-11
2019-10-26, 04:16:17, 1.03e-12, 8.93e-11
2019-10-26, 04:16:22, 9.42e-13, 8.92e-11
2019-10-26, 04:16:26, 8.93e-13, 8.91e-11
2019-10-26, 04:16:30, 9.81e-13, 8.88e-11
2019-10-26, 04:16:34, 1.01e-12, 8.88e-11
2019-10-26, 04:16:38, 9.61e-13, 8.91e-11
2019-10-26, 04:16:43, 9.38e-13, 8.91e-11
2019-10-26, 04:16:47, 9.91e-13, 8.89e-11
2019-10-26, 04:16:51, 9.6e-13, 8.9e-11
2019-10-26, 04:16:55, 9.91e-13, 8.92e-11
2019-10-26, 04:16:59, 8.64e-13, 8.85e-11
2019-10-26, 04:17:04, 9.35e-13, 8.92e-11
2019-10-26, 04:17:08, 9.54e-13, 8.91e-11
2019-10-26, 04:17:12, 9.93e-13, 8.9e-11
2019-10-26, 04:17:16, 1.01e-12, 8.93e-11
2019-10-26, 04:17:21, 1.01e-12, 8.89e-11
2019-10-26, 04:17:25, 9.31e-13, 8.92e-11
2019-10-26, 04:17:29, 1.06e-12, 8.91e-11
2019-10-26, 04:17:33, 9.45e-13, 8.93e-11
2019-10-26, 04:17:37, 9.12e-13, 8.88e-11
2019-10-26, 04:17:42, 9.67e-13, 8.89e-11
2019-10-26, 04:17:46, 9.92e-13, 8.88e-11
2019-10-26, 04:17:50, 9.64e-13, 8.91e-11
2019-10-26, 04:17:54, 1.02e-12, 8.92e-11
2019-10-26, 04:17:59, 1.09e-12, 8.9e-11
2019-10-26, 04:18:03, 9.27e-13, 8.89e-11
2019-10-26, 04:18:07, 1.05e-12, 8.88e-11
2019-10-26, 04:18:11, 1.01e-12, 8.91e-11
2019-10-26, 04:18:15, 8.48e-13, 8.93e-11
2019-10-26, 04:18:20, 1.09e-12, 8.92e-11
2019-10-26, 04:18:24, 9.43e-13, 8.87e-11
2019-10-26, 04:18:28, 9.86e-13, 8.93e-11
2019-10-26, 04:18:32, 9.86e-13, 8.9e-11
2019-10-26, 04:18:37, 9.35e-13, 8.91e-11
2019-10-26, 04:18:41, 8.81e-13, 8.92e-11
2019-10-26, 04:18:45, 9.77e-13, 8.94e-11
2019-10-26, 04:18:49, 9.41e-13, 8.93e-11
2019-10-26, 04:18:53, 9.51e-13, 8.93e-11
2019-10-26, 04:18:58, 9.56e-13, 8.89e-11
2019-10-26, 04:19:02, 9.82e-13, 8.93e-11
2019-10-26, 04:19:06, 9.98e-13, 8.96e-11
2019-10-26, 04:19:10, 1.05e-12, 8.93e-11
2019-10-26, 04:19:15, 1.01e-12, 8.95e-11
2019-10-26, 04:19:19, 9.88e-13, 8.93e-11
2019-10-26, 04:19:23, 9.3e-13, 8.9e-11
2019-10-26, 04:19:27, 9.95e-13, 8.92e-11
2019-10-26, 04:19:31, 9.8e-13, 8.89e-11
2019-10-26, 04:19:36, 9.72e-13, 8.89e-11
2019-10-26, 04:19:40, 9.94e-13, 8.9e-11
2019-10-26, 04:19:44, 9.57e-13, 8.87e-11
2019-10-26, 04:19:48, 9.54e-13, 8.93e-11
2019-10-26, 04:19:53, 9.43e-13, 8.91e-11
2019-10-26, 04:19:57, 9.76e-13, 8.92e-11
2019-10-26, 04:20:01, 9.84e-13, 8.88e-11
2019-10-26, 04:20:05, 9.99e-13, 8.93e-11
2019-10-26, 04:20:09, 9.88e-13, 8.91e-11
2019-10-26, 04:20:14, 9.86e-13, 8.89e-11
2019-10-26, 04:20:18, 1e-12, 8.87e-11
2019-10-26, 04:20:22, 1.01e-12, 8.91e-11
2019-10-26, 04:20:26, 9.5e-13, 8.89e-11
2019-10-26, 04:20:31, 9.76e-13, 8.89e-11
2019-10-26, 04:20:35, 9.36e-13, 8.88e-11
2019-10-26, 04:20:39, 9.79e-13, 8.88e-11
2019-10-26, 04:20:43, 9.4e-13, 8.9e-11
2019-10-26, 04:20:47, 1.04e-12, 8.92e-11
2019-10-26, 04:20:52, 9.94e-13, 8.88e-11
2019-10-26, 04:20:56, 9.63e-13, 8.92e-11
2019-10-26, 04:21:00, 9.17e-13, 8.9e-11
2019-10-26, 04:21:04, 9.88e-13, 8.9e-11
2019-10-26, 04:21:09, 9.78e-13, 8.91e-11
2019-10-26, 04:21:13, 9.57e-13, 8.91e-11
2019-10-26, 04:21:17, 1e-12, 8.89e-11
2019-10-26, 04:21:21, 9.56e-13, 8.85e-11
2019-10-26, 04:21:25, 1.04e-12, 8.93e-11
2019-10-26, 04:21:30, 9.75e-13, 8.9e-11
2019-10-26, 04:21:34, 9.83e-13, 8.92e-11
2019-10-26, 04:21:38, 9.76e-13, 8.93e-11
2019-10-26, 04:21:42, 9.41e-13, 8.91e-11
2019-10-26, 04:21:46, 1.01e-12, 8.89e-11
2019-10-26, 04:21:51, 9.85e-13, 8.9e-11
2019-10-26, 04:21:55, 9.44e-13, 8.9e-11
2019-10-26, 04:21:59, 9.29e-13, 8.94e-11
2019-10-26, 04:22:03, 9.64e-13, 8.92e-11
2019-10-26, 04:22:08, 9.62e-13, 8.92e-11
2019-10-26, 04:22:12, 1.03e-12, 8.92e-11
2019-10-26, 04:22:16, 9.89e-13, 8.88e-11
2019-10-26, 04:22:20, 1.09e-12, 8.89e-11
2019-10-26, 04:22:24, 9.85e-13, 8.9e-11
2019-10-26, 04:22:29, 9.02e-13, 8.9e-11
2019-10-26, 04:22:33, 9.91e-13, 8.9e-11
2019-10-26, 04:22:37, 9.03e-13, 8.86e-11
2019-10-26, 04:22:41, 1e-12, 8.88e-11
2019-10-26, 04:22:46, 1.03e-12, 8.87e-11
2019-10-26, 04:22:50, 1.09e-12, 8.92e-11
2019-10-26, 04:22:54, 9.66e-13, 8.89e-11
2019-10-26, 04:22:58, 9.78e-13, 8.92e-11
2019-10-26, 04:23:02, 1e-12, 8.92e-11
2019-10-26, 04:23:07, 9.42e-13, 8.89e-11
2019-10-26, 04:23:11, 1e-12, 8.9e-11
2019-10-26, 04:23:15, 9.23e-13, 8.93e-11
2019-10-26, 04:23:19, 1.1e-12, 8.91e-11
2019-10-26, 04:23:24, 9.42e-13, 8.86e-11
2019-10-26, 04:23:28, 1.06e-12, 8.92e-11
2019-10-26, 04:23:32, 9.55e-13, 8.9e-11
2019-10-26, 04:23:36, 9.34e-13, 8.89e-11
2019-10-26, 04:23:40, 9.96e-13, 8.94e-11
2019-10-26, 04:23:45, 9.38e-13, 8.91e-11
2019-10-26, 04:23:49, 9.82e-13, 8.93e-11
2019-10-26, 04:23:53, 8.81e-13, 8.93e-11
2019-10-26, 04:23:57, 9.24e-13, 8.91e-11
2019-10-26, 04:24:02, 9.67e-13, 8.9e-11
2019-10-26, 04:24:06, 1.02e-12, 8.89e-11
2019-10-26, 04:24:10, 9.76e-13, 8.88e-11
2019-10-26, 04:24:14, 9.6e-13, 8.92e-11
2019-10-26, 04:24:18, 9.1e-13, 8.89e-11
2019-10-26, 04:24:23, 9.58e-13, 8.89e-11
2019-10-26, 04:24:27, 9.39e-13, 8.9e-11
2019-10-26, 04:24:31, 9.5e-13, 8.91e-11
2019-10-26, 04:24:35, 9.39e-13, 8.89e-11
2019-10-26, 04:24:40, 9.68e-13, 8.89e-11
2019-10-26, 04:24:44, 9.69e-13, 8.86e-11
2019-10-26, 04:24:48, 9.83e-13, 8.89e-11
2019-10-26, 04:24:52, 9.5e-13, 8.89e-11
2019-10-26, 04:24:56, 1.07e-12, 8.88e-11
2019-10-26, 04:25:01, 9.46e-13, 8.91e-11
2019-10-26, 04:25:05, 9.96e-13, 8.88e-11
2019-10-26, 04:25:09, 8.54e-13, 8.89e-11
2019-10-26, 04:25:13, 9.47e-13, 8.91e-11
2019-10-26, 04:25:17, 9.42e-13, 8.87e-11
2019-10-26, 04:25:22, 9.8e-13, 8.91e-11
2019-10-26, 04:25:26, 1.01e-12, 8.91e-11
2019-10-26, 04:25:30, 9.93e-13, 8.92e-11
2019-10-26, 04:25:34, 9.37e-13, 8.83e-11
2019-10-26, 04:25:39, 9.84e-13, 8.82e-11
2019-10-26, 04:25:43, 9.18e-13, 8.82e-11
2019-10-26, 04:25:47, 9.61e-13, 8.83e-11
2019-10-26, 04:25:51, 1.04e-12, 8.82e-11
2019-10-26, 04:25:55, 9.86e-13, 8.83e-11
2019-10-26, 04:26:00, 1.12e-12, 8.83e-11
2019-10-26, 04:26:04, 9.83e-13, 8.88e-11
2019-10-26, 04:26:08, 1.11e-12, 8.86e-11
2019-10-26, 04:26:12, 9.74e-13, 8.84e-11
2019-10-26, 04:26:17, 9.73e-13, 8.86e-11
2019-10-26, 04:26:21, 1.08e-12, 8.89e-11
2019-10-26, 04:26:25, 9.56e-13, 8.83e-11
2019-10-26, 04:26:29, 1.01e-12, 8.85e-11
2019-10-26, 04:26:33, 9.54e-13, 8.92e-11
2019-10-26, 04:26:38, 1.03e-12, 8.8e-11
2019-10-26, 04:26:42, 9.75e-13, 8.82e-11
2019-10-26, 04:26:46, 1.04e-12, 8.82e-11
2019-10-26, 04:26:50, 9.74e-13, 8.81e-11
2019-10-26, 04:26:55, 9.88e-13, 8.86e-11
2019-10-26, 04:26:59, 9.29e-13, 8.85e-11
2019-10-26, 04:27:03, 9.77e-13, 8.82e-11
2019-10-26, 04:27:07, 9.68e-13, 8.88e-11
2019-10-26, 04:27:11, 9.53e-13, 8.87e-11
2019-10-26, 04:27:16, 9.98e-13, 8.83e-11
2019-10-26, 04:27:20, 9.46e-13, 8.84e-11
2019-10-26, 04:27:24, 9.15e-13, 8.86e-11
2019-10-26, 04:27:28, 9.17e-13, 8.95e-11
2019-10-26, 04:27:33, 9.62e-13, 8.88e-11
2019-10-26, 04:27:37, 1.02e-12, 8.89e-11
2019-10-26, 04:27:41, 9.21e-13, 8.93e-11
2019-10-26, 04:27:45, 9.49e-13, 8.86e-11
2019-10-26, 04:27:49, 9.56e-13, 8.94e-11
2019-10-26, 04:27:54, 1.02e-12, 8.92e-11
2019-10-26, 04:27:58, 1.07e-12, 8.9e-11
2019-10-26, 04:28:02, 1.01e-12, 8.91e-11
2019-10-26, 04:28:06, 1e-12, 8.91e-11
2019-10-26, 04:28:11, 9.95e-13, 8.91e-11
2019-10-26, 04:28:15, 8.96e-13, 8.93e-11
2019-10-26, 04:28:19, 9.51e-13, 8.88e-11
2019-10-26, 04:28:23, 9.37e-13, 8.9e-11
2019-10-26, 04:28:27, 1.02e-12, 8.93e-11
2019-10-26, 04:28:32, 9.74e-13, 8.92e-11
2019-10-26, 04:28:36, 8.75e-13, 8.89e-11
2019-10-26, 04:28:40, 9.87e-13, 8.96e-11
2019-10-26, 04:28:44, 9.7e-13, 8.88e-11
2019-10-26, 04:28:49, 1.01e-12, 8.91e-11
2019-10-26, 04:28:53, 9.55e-13, 8.92e-11
2019-10-26, 04:28:57, 1.02e-12, 8.93e-11
2019-10-26, 04:29:01, 9.98e-13, 8.94e-11
2019-10-26, 04:29:05, 9.29e-13, 8.93e-11
2019-10-26, 04:29:10, 9.84e-13, 8.94e-11
2019-10-26, 04:29:14, 1e-12, 8.91e-11
2019-10-26, 04:29:18, 9.66e-13, 8.91e-11
2019-10-26, 04:29:22, 9.55e-13, 8.87e-11
2019-10-26, 04:29:27, 9.45e-13, 8.91e-11
2019-10-26, 04:29:31, 9.66e-13, 8.91e-11
2019-10-26, 04:29:35, 9.2e-13, 8.91e-11
2019-10-26, 04:29:39, 8.83e-13, 8.93e-11
2019-10-26, 04:29:43, 9.31e-13, 8.92e-11
2019-10-26, 04:29:48, 9.36e-13, 8.9e-11
2019-10-26, 04:29:52, 9.62e-13, 8.92e-11
2019-10-26, 04:29:56, 9.95e-13, 8.91e-11
2019-10-26, 04:30:00, 9.65e-13, 8.92e-11
2019-10-26, 04:30:05, 9.59e-13, 8.9e-11
2019-10-26, 04:30:09, 9.79e-13, 8.88e-11
2019-10-26, 04:30:13, 9.97e-13, 8.89e-11
2019-10-26, 04:30:17, 1e-12, 8.89e-11
2019-10-26, 04:30:21, 9.07e-13, 8.89e-11
2019-10-26, 04:30:26, 9.85e-13, 8.9e-11
2019-10-26, 04:30:30, 1.02e-12, 8.92e-11
2019-10-26, 04:30:34, 9.88e-13, 8.88e-11
2019-10-26, 04:30:38, 9.49e-13, 8.91e-11
2019-10-26, 04:30:42, 9.89e-13, 8.91e-11
2019-10-26, 04:30:47, 1.04e-12, 8.91e-11
2019-10-26, 04:30:51, 9.78e-13, 8.92e-11
2019-10-26, 04:30:55, 1.02e-12, 8.89e-11
2019-10-26, 04:30:59, 1.07e-12, 8.88e-11
2019-10-26, 04:31:04, 9.97e-13, 8.91e-11
2019-10-26, 04:31:08, 9.08e-13, 8.91e-11
2019-10-26, 04:31:12, 9.2e-13, 8.92e-11
2019-10-26, 04:31:16, 9.31e-13, 8.89e-11
2019-10-26, 04:31:20, 9.8e-13, 8.9e-11
2019-10-26, 04:31:25, 9.02e-13, 8.92e-11
2019-10-26, 04:31:29, 9.76e-13, 8.89e-11
2019-10-26, 04:31:33, 9.2e-13, 8.93e-11
2019-10-26, 04:31:37, 9.84e-13, 8.91e-11
2019-10-26, 04:31:42, 9.38e-13, 8.86e-11
2019-10-26, 04:31:46, 9.12e-13, 8.9e-11
2019-10-26, 04:31:50, 9.49e-13, 8.91e-11
2019-10-26, 04:31:54, 9.94e-13, 8.9e-11
2019-10-26, 04:31:58, 9.99e-13, 8.9e-11
2019-10-26, 04:32:03, 1.1e-12, 8.94e-11
2019-10-26, 04:32:07, 1.01e-12, 8.91e-11
2019-10-26, 04:32:11, 1e-12, 8.92e-11
2019-10-26, 04:32:15, 9.85e-13, 8.94e-11
2019-10-26, 04:32:20, 9.36e-13, 8.91e-11
2019-10-26, 04:32:24, 9.57e-13, 8.91e-11
2019-10-26, 04:32:28, 9.54e-13, 8.92e-11
2019-10-26, 04:32:32, 8.92e-13, 8.9e-11
2019-10-26, 04:32:36, 1.02e-12, 8.91e-11
2019-10-26, 04:32:41, 1.04e-12, 8.9e-11
2019-10-26, 04:32:45, 1.01e-12, 8.9e-11
2019-10-26, 04:32:49, 9.91e-13, 8.88e-11
2019-10-26, 04:32:53, 9.35e-13, 8.94e-11
2019-10-26, 04:32:58, 9.56e-13, 8.93e-11
2019-10-26, 04:33:02, 9.68e-13, 8.9e-11
2019-10-26, 04:33:06, 9.26e-13, 8.92e-11
2019-10-26, 04:33:10, 9.23e-13, 8.9e-11
2019-10-26, 04:33:14, 1.04e-12, 8.93e-11
2019-10-26, 04:33:19, 9.95e-13, 8.94e-11
2019-10-26, 04:33:23, 1.03e-12, 8.92e-11
2019-10-26, 04:33:27, 1e-12, 8.93e-11
2019-10-26, 04:33:31, 9.14e-13, 8.92e-11
2019-10-26, 04:33:36, 9.9e-13, 8.94e-11
2019-10-26, 04:33:40, 9.46e-13, 8.95e-11
2019-10-26, 04:33:44, 9.98e-13, 8.93e-11
2019-10-26, 04:33:48, 1.05e-12, 8.93e-11
2019-10-26, 04:33:52, 9.64e-13, 8.9e-11
2019-10-26, 04:33:57, 9.96e-13, 8.96e-11
2019-10-26, 04:34:01, 9.83e-13, 8.89e-11
2019-10-26, 04:34:05, 9.07e-13, 8.94e-11
2019-10-26, 04:34:09, 9.26e-13, 8.94e-11
2019-10-26, 04:34:13, 9.81e-13, 8.93e-11
2019-10-26, 04:34:18, 9.82e-13, 8.92e-11
2019-10-26, 04:34:22, 1.05e-12, 8.95e-11
2019-10-26, 04:34:26, 1.03e-12, 8.95e-11
2019-10-26, 04:34:30, 8.84e-13, 8.89e-11
2019-10-26, 04:34:35, 8.18e-13, 8.91e-11
2019-10-26, 04:34:39, 9.76e-13, 8.92e-11
2019-10-26, 04:34:43, 9.37e-13, 8.91e-11
2019-10-26, 04:34:47, 9.24e-13, 8.92e-11
2019-10-26, 04:34:51, 9.6e-13, 8.91e-11
2019-10-26, 04:34:56, 8.61e-13, 8.91e-11
2019-10-26, 04:35:00, 9.93e-13, 8.9e-11
2019-10-26, 04:35:04, 9.42e-13, 8.89e-11
2019-10-26, 04:35:08, 1.02e-12, 8.9e-11
2019-10-26, 04:35:13, 9.53e-13, 8.9e-11
2019-10-26, 04:35:17, 9.41e-13, 8.94e-11
2019-10-26, 04:35:21, 9.53e-13, 8.91e-11
2019-10-26, 04:35:25, 9.24e-13, 8.88e-11
2019-10-26, 04:35:29, 9.03e-13, 8.91e-11
2019-10-26, 04:35:34, 9.92e-13, 8.9e-11
2019-10-26, 04:35:38, 9.72e-13, 8.91e-11
2019-10-26, 04:35:42, 1.05e-12, 8.9e-11
2019-10-26, 04:35:46, 1.02e-12, 8.91e-11
2019-10-26, 04:35:51, 9.37e-13, 8.9e-11
2019-10-26, 04:35:55, 9.53e-13, 8.93e-11
2019-10-26, 04:35:59, 1.04e-12, 8.86e-11
2019-10-26, 04:36:03, 1.01e-12, 8.94e-11
2019-10-26, 04:36:07, 9.96e-13, 8.94e-11
2019-10-26, 04:36:12, 1.01e-12, 8.9e-11
2019-10-26, 04:36:16, 9.09e-13, 8.9e-11
2019-10-26, 04:36:20, 9.45e-13, 8.92e-11
2019-10-26, 04:36:24, 9.1e-13, 8.89e-11
2019-10-26, 04:36:29, 9.18e-13, 8.91e-11
2019-10-26, 04:36:33, 9.1e-13, 8.9e-11
2019-10-26, 04:36:37, 9.59e-13, 8.9e-11
2019-10-26, 04:36:41, 9.71e-13, 8.92e-11
2019-10-26, 04:36:45, 9.79e-13, 8.9e-11
2019-10-26, 04:36:50, 9.36e-13, 8.92e-11
2019-10-26, 04:36:54, 1.02e-12, 8.95e-11
2019-10-26, 04:36:58, 9.75e-13, 8.94e-11
2019-10-26, 04:37:02, 9.37e-13, 8.93e-11
2019-10-26, 04:37:07, 8.42e-13, 8.91e-11
2019-10-26, 04:37:11, 9.14e-13, 8.91e-11
2019-10-26, 04:37:15, 9.74e-13, 8.94e-11
2019-10-26, 04:37:19, 9.63e-13, 8.9e-11
2019-10-26, 04:37:23, 1.11e-12, 8.94e-11
2019-10-26, 04:37:28, 1e-12, 8.93e-11
2019-10-26, 04:37:32, 9.39e-13, 8.92e-11
2019-10-26, 04:37:36, 9.64e-13, 8.89e-11
2019-10-26, 04:37:40, 9.52e-13, 8.92e-11
2019-10-26, 04:37:44, 9.17e-13, 8.91e-11
2019-10-26, 04:37:49, 9.63e-13, 8.94e-11
2019-10-26, 04:37:53, 9.74e-13, 8.88e-11
2019-10-26, 04:37:57, 9.71e-13, 8.94e-11
2019-10-26, 04:38:01, 1.16e-12, 8.94e-11
2019-10-26, 04:38:06, 9.62e-13, 8.9e-11
2019-10-26, 04:38:10, 9.66e-13, 8.92e-11
2019-10-26, 04:38:14, 9.85e-13, 8.92e-11
2019-10-26, 04:38:18, 9.27e-13, 8.92e-11
2019-10-26, 04:38:22, 9.51e-13, 8.91e-11
2019-10-26, 04:38:27, 9.47e-13, 8.91e-11
2019-10-26, 04:38:31, 9.79e-13, 8.94e-11
2019-10-26, 04:38:35, 9.15e-13, 8.9e-11
2019-10-26, 04:38:39, 9.54e-13, 8.9e-11
2019-10-26, 04:38:44, 1.01e-12, 8.9e-11
2019-10-26, 04:38:48, 9.66e-13, 8.89e-11
2019-10-26, 04:38:52, 9.31e-13, 8.87e-11
2019-10-26, 04:38:56, 1.04e-12, 8.9e-11
2019-10-26, 04:39:00, 1.02e-12, 8.88e-11
2019-10-26, 04:39:05, 9.75e-13, 8.9e-11
2019-10-26, 04:39:09, 9.64e-13, 8.91e-11
2019-10-26, 04:39:13, 9.61e-13, 8.91e-11
2019-10-26, 04:39:17, 1.03e-12, 8.91e-11
2019-10-26, 04:39:22, 9.87e-13, 8.91e-11
2019-10-26, 04:39:26, 9.6e-13, 8.89e-11
2019-10-26, 04:39:30, 9.92e-13, 8.88e-11
2019-10-26, 04:39:34, 9.36e-13, 8.89e-11
2019-10-26, 04:39:38, 9.24e-13, 8.91e-11
2019-10-26, 04:39:43, 9.58e-13, 8.9e-11
2019-10-26, 04:39:47, 8.73e-13, 8.91e-11
2019-10-26, 04:39:51, 9.09e-13, 8.89e-11
2019-10-26, 04:39:55, 9.04e-13, 8.91e-11
2019-10-26, 04:40:00, 1.02e-12, 8.92e-11
2019-10-26, 04:40:04, 9.62e-13, 8.9e-11
2019-10-26, 04:40:08, 1.03e-12, 8.91e-11
2019-10-26, 04:40:12, 1.02e-12, 8.86e-11
2019-10-26, 04:40:16, 1e-12, 8.94e-11
2019-10-26, 04:40:21, 9.79e-13, 8.93e-11
2019-10-26, 04:40:25, 9.29e-13, 8.92e-11
2019-10-26, 04:40:29, 9.86e-13, 8.88e-11
2019-10-26, 04:40:33, 8.12e-13, 8.9e-11
2019-10-26, 04:40:38, 9.54e-13, 8.91e-11
2019-10-26, 04:40:42, 9.18e-13, 8.9e-11
2019-10-26, 04:40:46, 9.47e-13, 8.89e-11
2019-10-26, 04:40:50, 1e-12, 8.93e-11
2019-10-26, 04:40:54, 9.42e-13, 8.91e-11
2019-10-26, 04:40:59, 1.03e-12, 8.9e-11
2019-10-26, 04:41:03, 1.07e-12, 8.88e-11
2019-10-26, 04:41:07, 1.11e-12, 8.92e-11
2019-10-26, 04:41:11, 9.49e-13, 8.92e-11
2019-10-26, 04:41:16, 9.6e-13, 8.88e-11
2019-10-26, 04:41:20, 1.02e-12, 8.91e-11
2019-10-26, 04:41:24, 9.52e-13, 8.93e-11
2019-10-26, 04:41:28, 9.33e-13, 8.87e-11
2019-10-26, 04:41:32, 9.63e-13, 8.89e-11
2019-10-26, 04:41:37, 9.85e-13, 8.9e-11
2019-10-26, 04:41:41, 1.02e-12, 8.91e-11
2019-10-26, 04:41:45, 9.78e-13, 8.9e-11
2019-10-26, 04:41:49, 9.98e-13, 8.89e-11
2019-10-26, 04:41:53, 1.01e-12, 8.91e-11
2019-10-26, 04:41:58, 9.84e-13, 8.9e-11
2019-10-26, 04:42:02, 9.79e-13, 8.92e-11
2019-10-26, 04:42:06, 9.79e-13, 8.92e-11
2019-10-26, 04:42:10, 9.84e-13, 8.88e-11
2019-10-26, 04:42:15, 1.09e-12, 8.89e-11
2019-10-26, 04:42:19, 9.89e-13, 8.91e-11
2019-10-26, 04:42:23, 9.91e-13, 8.88e-11
2019-10-26, 04:42:27, 9.62e-13, 8.91e-11
2019-10-26, 04:42:31, 9.61e-13, 8.88e-11
2019-10-26, 04:42:36, 9.86e-13, 8.96e-11
2019-10-26, 04:42:40, 9.28e-13, 8.88e-11
2019-10-26, 04:42:44, 9.33e-13, 8.91e-11
2019-10-26, 04:42:48, 1.02e-12, 8.9e-11
2019-10-26, 04:42:53, 9.67e-13, 8.92e-11
2019-10-26, 04:42:57, 1.01e-12, 8.9e-11
2019-10-26, 04:43:01, 9.54e-13, 8.92e-11
2019-10-26, 04:43:05, 9.68e-13, 8.92e-11
2019-10-26, 04:43:09, 9.76e-13, 8.89e-11
2019-10-26, 04:43:14, 9.8e-13, 8.91e-11
2019-10-26, 04:43:18, 9.58e-13, 8.94e-11
2019-10-26, 04:43:22, 1.09e-12, 8.9e-11
2019-10-26, 04:43:26, 1.1e-12, 8.96e-11
2019-10-26, 04:43:31, 9.25e-13, 8.92e-11
2019-10-26, 04:43:35, 9.37e-13, 8.92e-11
2019-10-26, 04:43:39, 9.55e-13, 8.91e-11
2019-10-26, 04:43:43, 9.61e-13, 8.94e-11
2019-10-26, 04:43:47, 9.7e-13, 8.94e-11
2019-10-26, 04:43:52, 1e-12, 8.91e-11
2019-10-26, 04:43:56, 9.76e-13, 8.92e-11
2019-10-26, 04:44:00, 9.99e-13, 8.93e-11
2019-10-26, 04:44:04, 9.27e-13, 8.95e-11
2019-10-26, 04:44:09, 9.95e-13, 8.94e-11
2019-10-26, 04:44:13, 8.5e-13, 8.96e-11
2019-10-26, 04:44:17, 9.53e-13, 8.91e-11
2019-10-26, 04:44:21, 9.3e-13, 8.94e-11
2019-10-26, 04:44:25, 8.87e-13, 8.89e-11
2019-10-26, 04:44:30, 9.55e-13, 8.92e-11
2019-10-26, 04:44:34, 1.01e-12, 8.87e-11
2019-10-26, 04:44:38, 1.02e-12, 8.92e-11
2019-10-26, 04:44:42, 9.77e-13, 8.91e-11
2019-10-26, 04:44:47, 9.23e-13, 8.88e-11
2019-10-26, 04:44:51, 9.4e-13, 8.91e-11
2019-10-26, 04:44:55, 9.74e-13, 8.9e-11
2019-10-26, 04:44:59, 9.85e-13, 8.9e-11
2019-10-26, 04:45:03, 9.55e-13, 8.92e-11
2019-10-26, 04:45:08, 9.51e-13, 8.9e-11
2019-10-26, 04:45:12, 1.11e-12, 8.88e-11
2019-10-26, 04:45:16, 9.72e-13, 8.88e-11
2019-10-26, 04:45:20, 1.02e-12, 8.92e-11
2019-10-26, 04:45:24, 9.36e-13, 8.88e-11
2019-10-26, 04:45:29, 1e-12, 8.93e-11
2019-10-26, 04:45:33, 9.54e-13, 8.89e-11
2019-10-26, 04:45:37, 9.22e-13, 8.91e-11
2019-10-26, 04:45:41, 9.9e-13, 8.9e-11
2019-10-26, 04:45:46, 9.69e-13, 8.92e-11
2019-10-26, 04:45:50, 9.67e-13, 8.93e-11
2019-10-26, 04:45:54, 9.24e-13, 8.93e-11
2019-10-26, 04:45:58, 9.99e-13, 8.9e-11
2019-10-26, 04:46:02, 9.46e-13, 8.89e-11
2019-10-26, 04:46:07, 1.01e-12, 8.89e-11
2019-10-26, 04:46:11, 9.95e-13, 8.89e-11
2019-10-26, 04:46:15, 9.77e-13, 8.93e-11
2019-10-26, 04:46:19, 1.09e-12, 8.92e-11
2019-10-26, 04:46:24, 9.19e-13, 8.92e-11
2019-10-26, 04:46:28, 1.05e-12, 8.91e-11
2019-10-26, 04:46:32, 9.39e-13, 8.9e-11
2019-10-26, 04:46:36, 9.63e-13, 8.93e-11
2019-10-26, 04:46:40, 9.79e-13, 8.89e-11
2019-10-26, 04:46:45, 9.46e-13, 8.91e-11
2019-10-26, 04:46:49, 1e-12, 8.91e-11
2019-10-26, 04:46:53, 9.57e-13, 8.87e-11
2019-10-26, 04:46:57, 9.55e-13, 8.91e-11
2019-10-26, 04:47:02, 1e-12, 8.93e-11
2019-10-26, 04:47:06, 9.95e-13, 8.96e-11
2019-10-26, 04:47:10, 1.16e-12, 8.95e-11
2019-10-26, 04:47:14, 9.59e-13, 8.93e-11
2019-10-26, 04:47:18, 1.01e-12, 8.95e-11
2019-10-26, 04:47:23, 9.47e-13, 8.9e-11
2019-10-26, 04:47:27, 1.04e-12, 8.87e-11
2019-10-26, 04:47:31, 9.98e-13, 8.94e-11
2019-10-26, 04:47:35, 1e-12, 8.9e-11
2019-10-26, 04:47:40, 1.03e-12, 8.9e-11
2019-10-26, 04:47:44, 9.33e-13, 8.92e-11
2019-10-26, 04:47:48, 1e-12, 8.9e-11
2019-10-26, 04:47:52, 9.34e-13, 8.88e-11
2019-10-26, 04:47:56, 9.38e-13, 8.91e-11
2019-10-26, 04:48:01, 1.02e-12, 8.91e-11
2019-10-26, 04:48:05, 9.64e-13, 8.89e-11
2019-10-26, 04:48:09, 9.51e-13, 8.93e-11
2019-10-26, 04:48:13, 9.85e-13, 8.93e-11
2019-10-26, 04:48:18, 8.54e-13, 8.89e-11
2019-10-26, 04:48:22, 9.8e-13, 8.93e-11
2019-10-26, 04:48:26, 9.37e-13, 8.92e-11
2019-10-26, 04:48:30, 1.01e-12, 8.92e-11
2019-10-26, 04:48:34, 9.7e-13, 8.91e-11
2019-10-26, 04:48:39, 1.1e-12, 8.91e-11
2019-10-26, 04:48:43, 1e-12, 8.86e-11
2019-10-26, 04:48:47, 9.11e-13, 8.89e-11
2019-10-26, 04:48:51, 1.02e-12, 8.89e-11
2019-10-26, 04:48:56, 9.42e-13, 8.89e-11
2019-10-26, 04:49:00, 9.77e-13, 8.92e-11
2019-10-26, 04:49:04, 9.62e-13, 8.94e-11
2019-10-26, 04:49:08, 9.89e-13, 8.93e-11
2019-10-26, 04:49:12, 9.72e-13, 8.92e-11
2019-10-26, 04:49:17, 1.02e-12, 8.89e-11
2019-10-26, 04:49:21, 9.77e-13, 8.89e-11
2019-10-26, 04:49:25, 9.93e-13, 8.95e-11
2019-10-26, 04:49:29, 9.54e-13, 8.88e-11
2019-10-26, 04:49:34, 9.56e-13, 8.9e-11
2019-10-26, 04:49:38, 9.59e-13, 8.9e-11
2019-10-26, 04:49:42, 9.37e-13, 8.9e-11
2019-10-26, 04:49:46, 8.82e-13, 8.93e-11
2019-10-26, 04:49:50, 1.04e-12, 8.92e-11
2019-10-26, 04:49:55, 1.03e-12, 8.94e-11
2019-10-26, 04:49:59, 9.94e-13, 8.9e-11
2019-10-26, 04:50:03, 9.52e-13, 8.93e-11
2019-10-26, 04:50:07, 1.05e-12, 8.92e-11
2019-10-26, 04:50:12, 9.77e-13, 8.9e-11
2019-10-26, 04:50:16, 8.57e-13, 8.92e-11
2019-10-26, 04:50:20, 1.02e-12, 8.9e-11
2019-10-26, 04:50:24, 9.47e-13, 8.93e-11
2019-10-26, 04:50:28, 9.66e-13, 8.88e-11
2019-10-26, 04:50:33, 1.09e-12, 8.89e-11
2019-10-26, 04:50:37, 1.02e-12, 8.93e-11
2019-10-26, 04:50:41, 1e-12, 8.87e-11
2019-10-26, 04:50:45, 1.08e-12, 8.96e-11
2019-10-26, 04:50:50, 1.01e-12, 8.91e-11
2019-10-26, 04:50:54, 9.69e-13, 8.93e-11
2019-10-26, 04:50:58, 9.63e-13, 8.91e-11
2019-10-26, 04:51:02, 9.82e-13, 8.91e-11
2019-10-26, 04:51:06, 1.01e-12, 8.87e-11
2019-10-26, 04:51:11, 9.9e-13, 8.89e-11
2019-10-26, 04:51:15, 1.05e-12, 8.9e-11
2019-10-26, 04:51:19, 9.75e-13, 8.89e-11
2019-10-26, 04:51:23, 8.76e-13, 8.92e-11
2019-10-26, 04:51:27, 9.46e-13, 8.87e-11
2019-10-26, 04:51:32, 9.84e-13, 8.9e-11
2019-10-26, 04:51:36, 1e-12, 8.89e-11
2019-10-26, 04:51:40, 9.46e-13, 8.89e-11
2019-10-26, 04:51:44, 9.39e-13, 8.94e-11
2019-10-26, 04:51:49, 9.23e-13, 8.92e-11
2019-10-26, 04:51:53, 1.08e-12, 8.85e-11
2019-10-26, 04:51:57, 9.15e-13, 8.91e-11
2019-10-26, 04:52:01, 9.45e-13, 8.92e-11
2019-10-26, 04:52:05, 9.84e-13, 8.88e-11
2019-10-26, 04:52:10, 9.67e-13, 8.92e-11
2019-10-26, 04:52:14, 9.99e-13, 8.92e-11
2019-10-26, 04:52:18, 9.33e-13, 8.88e-11
2019-10-26, 04:52:22, 9.68e-13, 8.89e-11
2019-10-26, 04:52:27, 1.19e-12, 8.89e-11
2019-10-26, 04:52:31, 9.15e-13, 8.89e-11
2019-10-26, 04:52:35, 9.85e-13, 8.88e-11
2019-10-26, 04:52:39, 9.19e-13, 8.87e-11
2019-10-26, 04:52:43, 8.96e-13, 8.87e-11
2019-10-26, 04:52:48, 9.75e-13, 8.89e-11
2019-10-26, 04:52:52, 9.8e-13, 8.86e-11
2019-10-26, 04:52:56, 8.93e-13, 8.89e-11
2019-10-26, 04:53:00, 8.58e-13, 8.9e-11
2019-10-26, 04:53:05, 1.02e-12, 8.9e-11
2019-10-26, 04:53:09, 9.56e-13, 8.85e-11
2019-10-26, 04:53:13, 9.89e-13, 8.9e-11
2019-10-26, 04:53:17, 9.91e-13, 8.9e-11
2019-10-26, 04:53:21, 9.5e-13, 8.91e-11
2019-10-26, 04:53:26, 9.41e-13, 8.87e-11
2019-10-26, 04:53:30, 1.02e-12, 8.91e-11
2019-10-26, 04:53:34, 9.42e-13, 8.9e-11
2019-10-26, 04:53:38, 1e-12, 8.92e-11
2019-10-26, 04:53:43, 9.33e-13, 8.87e-11
2019-10-26, 04:53:47, 9.56e-13, 8.92e-11
2019-10-26, 04:53:51, 9.58e-13, 8.91e-11
2019-10-26, 04:53:55, 9.12e-13, 8.89e-11
2019-10-26, 04:53:59, 9.71e-13, 8.92e-11
2019-10-26, 04:54:04, 1.03e-12, 8.88e-11
2019-10-26, 04:54:08, 9.82e-13, 8.88e-11
2019-10-26, 04:54:12, 9.55e-13, 8.89e-11
2019-10-26, 04:54:16, 9.05e-13, 8.89e-11
2019-10-26, 04:54:21, 1.11e-12, 8.91e-11
2019-10-26, 04:54:25, 9.51e-13, 8.88e-11
2019-10-26, 04:54:29, 9.33e-13, 8.86e-11
2019-10-26, 04:54:33, 1.02e-12, 8.9e-11
2019-10-26, 04:54:37, 9.88e-13, 8.92e-11
2019-10-26, 04:54:42, 9.72e-13, 8.9e-11
2019-10-26, 04:54:46, 9.35e-13, 8.91e-11
2019-10-26, 04:54:50, 9.83e-13, 8.9e-11
2019-10-26, 04:54:54, 9.19e-13, 8.92e-11
2019-10-26, 04:54:59, 9.49e-13, 8.87e-11
2019-10-26, 04:55:03, 9.58e-13, 8.91e-11
2019-10-26, 04:55:07, 9.84e-13, 8.93e-11
2019-10-26, 04:55:11, 8.95e-13, 8.91e-11
2019-10-26, 04:55:15, 9.47e-13, 8.92e-11
2019-10-26, 04:55:20, 9.65e-13, 8.9e-11
2019-10-26, 04:55:24, 1.01e-12, 8.93e-11
2019-10-26, 04:55:28, 9.77e-13, 8.9e-11
2019-10-26, 04:55:32, 8.92e-13, 8.88e-11
2019-10-26, 04:55:37, 1.01e-12, 8.88e-11
2019-10-26, 04:55:41, 9.72e-13, 8.89e-11
2019-10-26, 04:55:45, 1.12e-12, 8.87e-11
2019-10-26, 04:55:49, 9.62e-13, 8.93e-11
2019-10-26, 04:55:53, 1.03e-12, 8.88e-11
2019-10-26, 04:55:58, 9.92e-13, 8.87e-11
2019-10-26, 04:56:02, 9.7e-13, 8.89e-11
2019-10-26, 04:56:06, 1.04e-12, 8.91e-11
2019-10-26, 04:56:10, 1.05e-12, 8.88e-11
2019-10-26, 04:56:14, 9.62e-13, 8.88e-11
2019-10-26, 04:56:19, 9.56e-13, 8.89e-11
2019-10-26, 04:56:23, 1.02e-12, 8.89e-11
2019-10-26, 04:56:27, 9.67e-13, 8.86e-11
2019-10-26, 04:56:31, 1.01e-12, 8.88e-11
2019-10-26, 04:56:36, 9.82e-13, 8.88e-11
2019-10-26, 04:56:40, 9.92e-13, 8.9e-11
2019-10-26, 04:56:44, 9.27e-13, 8.91e-11
2019-10-26, 04:56:48, 9.61e-13, 8.89e-11
2019-10-26, 04:56:52, 9.98e-13, 8.9e-11
2019-10-26, 04:56:57, 9.37e-13, 8.88e-11
2019-10-26, 04:57:01, 9.34e-13, 8.93e-11
2019-10-26, 04:57:05, 9.83e-13, 8.92e-11
2019-10-26, 04:57:09, 1.07e-12, 8.88e-11
2019-10-26, 04:57:14, 1.03e-12, 8.91e-11
2019-10-26, 04:57:18, 9.61e-13, 8.88e-11
2019-10-26, 04:57:22, 9.35e-13, 8.87e-11
2019-10-26, 04:57:26, 9.88e-13, 8.87e-11
2019-10-26, 04:57:30, 1.02e-12, 8.88e-11
2019-10-26, 04:57:35, 1e-12, 8.93e-11
2019-10-26, 04:57:39, 9.6e-13, 8.9e-11
2019-10-26, 04:57:43, 8.61e-13, 8.89e-11
2019-10-26, 04:57:47, 9.93e-13, 8.88e-11
2019-10-26, 04:57:52, 1e-12, 8.91e-11
2019-10-26, 04:57:56, 1.04e-12, 8.92e-11
2019-10-26, 04:58:00, 9.76e-13, 8.94e-11
2019-10-26, 04:58:04, 9.63e-13, 8.9e-11
2019-10-26, 04:58:08, 8.73e-13, 8.91e-11
2019-10-26, 04:58:13, 1.04e-12, 8.9e-11
2019-10-26, 04:58:17, 8.71e-13, 8.9e-11
2019-10-26, 04:58:21, 9.76e-13, 8.93e-11
2019-10-26, 04:58:25, 9.16e-13, 8.91e-11
2019-10-26, 04:58:30, 9.43e-13, 8.91e-11
2019-10-26, 04:58:34, 9.54e-13, 8.94e-11
2019-10-26, 04:58:38, 9.79e-13, 8.9e-11
2019-10-26, 04:58:42, 9.63e-13, 8.93e-11
2019-10-26, 04:58:46, 9.51e-13, 8.88e-11
2019-10-26, 04:58:51, 1.07e-12, 8.91e-11
2019-10-26, 04:58:55, 8.47e-13, 8.93e-11
2019-10-26, 04:58:59, 9.55e-13, 8.89e-11
2019-10-26, 04:59:03, 9.89e-13, 8.89e-11
2019-10-26, 04:59:08, 9.34e-13, 8.9e-11
2019-10-26, 04:59:12, 9.46e-13, 8.92e-11
2019-10-26, 04:59:16, 9.76e-13, 8.88e-11
2019-10-26, 04:59:20, 9.33e-13, 8.91e-11
2019-10-26, 04:59:24, 9.91e-13, 8.91e-11
2019-10-26, 04:59:29, 1.02e-12, 8.9e-11
2019-10-26, 04:59:33, 9.62e-13, 8.9e-11
2019-10-26, 04:59:37, 8.63e-13, 8.85e-11
2019-10-26, 04:59:41, 9.61e-13, 8.9e-11
2019-10-26, 04:59:45, 1.04e-12, 8.91e-11
2019-10-26, 04:59:50, 1.13e-12, 8.86e-11
2019-10-26, 04:59:54, 9.49e-13, 8.92e-11
2019-10-26, 04:59:58, 9.88e-13, 8.95e-11
2019-10-26, 05:00:02, 8.65e-13, 8.92e-11
2019-10-26, 05:00:07, 1e-12, 8.87e-11
2019-10-26, 05:00:11, 9.87e-13, 8.87e-11
2019-10-26, 05:00:15, 9.68e-13, 8.85e-11
2019-10-26, 05:00:19, 1.01e-12, 8.87e-11
2019-10-26, 05:00:23, 9.73e-13, 8.89e-11
2019-10-26, 05:00:28, 9.94e-13, 8.9e-11
2019-10-26, 05:00:32, 9.66e-13, 8.9e-11
2019-10-26, 05:00:36, 9.65e-13, 8.91e-11
2019-10-26, 05:00:40, 1.02e-12, 8.91e-11
2019-10-26, 05:00:45, 9.77e-13, 8.88e-11
2019-10-26, 05:00:49, 1.01e-12, 8.89e-11
2019-10-26, 05:00:53, 9.22e-13, 8.91e-11
2019-10-26, 05:00:57, 9.24e-13, 8.92e-11
2019-10-26, 05:01:01, 9.78e-13, 8.9e-11
2019-10-26, 05:01:06, 9.31e-13, 8.94e-11
2019-10-26, 05:01:10, 9.21e-13, 8.9e-11
2019-10-26, 05:01:14, 1e-12, 8.91e-11
2019-10-26, 05:01:18, 1.04e-12, 8.88e-11
2019-10-26, 05:01:23, 9.85e-13, 8.88e-11
2019-10-26, 05:01:27, 9.26e-13, 8.88e-11
2019-10-26, 05:01:31, 8.86e-13, 8.9e-11
2019-10-26, 05:01:35, 1.01e-12, 8.89e-11
2019-10-26, 05:01:39, 9.66e-13, 8.9e-11
2019-10-26, 05:01:44, 1.06e-12, 8.91e-11
2019-10-26, 05:01:48, 9.36e-13, 8.93e-11
2019-10-26, 05:01:52, 9.35e-13, 8.91e-11
2019-10-26, 05:01:56, 1.01e-12, 8.89e-11
2019-10-26, 05:02:01, 9.93e-13, 8.88e-11
2019-10-26, 05:02:05, 1.09e-12, 8.9e-11
2019-10-26, 05:02:09, 9.79e-13, 8.9e-11
2019-10-26, 05:02:13, 1.08e-12, 8.89e-11
2019-10-26, 05:02:17, 1.04e-12, 8.93e-11
2019-10-26, 05:02:22, 9.34e-13, 8.92e-11
2019-10-26, 05:02:26, 9.89e-13, 8.92e-11
2019-10-26, 05:02:30, 9.51e-13, 8.9e-11
2019-10-26, 05:02:34, 1.02e-12, 8.89e-11
2019-10-26, 05:02:39, 9.72e-13, 8.9e-11
2019-10-26, 05:02:43, 1e-12, 8.9e-11
2019-10-26, 05:02:47, 1.03e-12, 8.87e-11
2019-10-26, 05:02:51, 9.5e-13, 8.9e-11
2019-10-26, 05:02:55, 9.71e-13, 8.89e-11
2019-10-26, 05:03:00, 1.01e-12, 8.95e-11
2019-10-26, 05:03:04, 1.02e-12, 8.89e-11
2019-10-26, 05:03:08, 1.01e-12, 8.93e-11
2019-10-26, 05:03:12, 9.05e-13, 8.92e-11
2019-10-26, 05:03:17, 1.01e-12, 8.91e-11
2019-10-26, 05:03:21, 1.07e-12, 8.96e-11
2019-10-26, 05:03:25, 9.97e-13, 8.95e-11
2019-10-26, 05:03:29, 9.52e-13, 8.9e-11
2019-10-26, 05:03:33, 9.76e-13, 8.9e-11
2019-10-26, 05:03:38, 9.35e-13, 8.93e-11
2019-10-26, 05:03:42, 9.69e-13, 8.91e-11
2019-10-26, 05:03:46, 1.02e-12, 8.9e-11
2019-10-26, 05:03:50, 1.04e-12, 8.91e-11
2019-10-26, 05:03:54, 1.02e-12, 8.89e-11
2019-10-26, 05:03:59, 1.01e-12, 8.88e-11
2019-10-26, 05:04:03, 9.7e-13, 8.97e-11
2019-10-26, 05:04:07, 8.92e-13, 8.91e-11
2019-10-26, 05:04:11, 9.65e-13, 8.88e-11
2019-10-26, 05:04:16, 9.57e-13, 8.9e-11
2019-10-26, 05:04:20, 1.01e-12, 8.89e-11
2019-10-26, 05:04:24, 9.37e-13, 8.92e-11
2019-10-26, 05:04:28, 9.79e-13, 8.89e-11
2019-10-26, 05:04:32, 9.69e-13, 8.95e-11
2019-10-26, 05:04:37, 1e-12, 8.89e-11
2019-10-26, 05:04:41, 9.91e-13, 8.92e-11
2019-10-26, 05:04:45, 8.56e-13, 8.89e-11
2019-10-26, 05:04:49, 9.94e-13, 8.91e-11
2019-10-26, 05:04:54, 1.15e-12, 8.9e-11
2019-10-26, 05:04:58, 9.35e-13, 8.9e-11
2019-10-26, 05:05:02, 9.41e-13, 8.89e-11
2019-10-26, 05:05:06, 9.31e-13, 8.9e-11
2019-10-26, 05:05:10, 9.59e-13, 8.91e-11
2019-10-26, 05:05:15, 8.99e-13, 8.89e-11
2019-10-26, 05:05:19, 1.02e-12, 8.93e-11
2019-10-26, 05:05:23, 9.42e-13, 8.92e-11
2019-10-26, 05:05:27, 9.68e-13, 8.91e-11
2019-10-26, 05:05:32, 9.57e-13, 8.88e-11
2019-10-26, 05:05:36, 9.86e-13, 8.93e-11
2019-10-26, 05:05:40, 1.03e-12, 8.91e-11
2019-10-26, 05:05:44, 1e-12, 8.9e-11
2019-10-26, 05:05:48, 9.79e-13, 8.88e-11
2019-10-26, 05:05:53, 9.44e-13, 8.89e-11
2019-10-26, 05:05:57, 1.07e-12, 8.93e-11
2019-10-26, 05:06:01, 1.09e-12, 8.91e-11
2019-10-26, 05:06:05, 1.02e-12, 8.89e-11
2019-10-26, 05:06:10, 1.04e-12, 8.93e-11
2019-10-26, 05:06:14, 9.47e-13, 8.89e-11
2019-10-26, 05:06:18, 9.78e-13, 8.89e-11
2019-10-26, 05:06:22, 9.41e-13, 8.89e-11
2019-10-26, 05:06:26, 9.67e-13, 8.91e-11
2019-10-26, 05:06:31, 1.01e-12, 8.94e-11
2019-10-26, 05:06:35, 9.4e-13, 8.87e-11
2019-10-26, 05:06:39, 9.66e-13, 8.93e-11
2019-10-26, 05:06:43, 8.27e-13, 8.93e-11
2019-10-26, 05:06:48, 9.72e-13, 8.88e-11
2019-10-26, 05:06:52, 1.04e-12, 8.91e-11
2019-10-26, 05:06:56, 9.54e-13, 8.91e-11
2019-10-26, 05:07:00, 9.71e-13, 8.9e-11
2019-10-26, 05:07:04, 9.44e-13, 8.92e-11
2019-10-26, 05:07:09, 9.44e-13, 8.89e-11
2019-10-26, 05:07:13, 8.65e-13, 8.9e-11
2019-10-26, 05:07:17, 9.67e-13, 8.92e-11
2019-10-26, 05:07:21, 9.69e-13, 8.91e-11
2019-10-26, 05:07:26, 1e-12, 8.88e-11
2019-10-26, 05:07:30, 9.33e-13, 8.93e-11
2019-10-26, 05:07:34, 1.04e-12, 8.94e-11
2019-10-26, 05:07:38, 9.03e-13, 8.95e-11
2019-10-26, 05:07:42, 9.69e-13, 8.89e-11
2019-10-26, 05:07:47, 9.7e-13, 8.91e-11
2019-10-26, 05:07:51, 9.61e-13, 8.92e-11
2019-10-26, 05:07:55, 9.69e-13, 8.92e-11
2019-10-26, 05:07:59, 1.13e-12, 8.92e-11
2019-10-26, 05:08:03, 9.41e-13, 8.92e-11
2019-10-26, 05:08:08, 9.66e-13, 8.9e-11
2019-10-26, 05:08:12, 1.04e-12, 8.93e-11
2019-10-26, 05:08:16, 9.69e-13, 8.93e-11
2019-10-26, 05:08:20, 9.04e-13, 8.93e-11
2019-10-26, 05:08:25, 1.01e-12, 8.96e-11
2019-10-26, 05:08:29, 9.85e-13, 8.94e-11
2019-10-26, 05:08:33, 1e-12, 8.91e-11
2019-10-26, 05:08:37, 1.01e-12, 8.9e-11
2019-10-26, 05:08:41, 9.58e-13, 8.91e-11
2019-10-26, 05:08:46, 9.4e-13, 8.95e-11
2019-10-26, 05:08:50, 8.64e-13, 8.92e-11
2019-10-26, 05:08:54, 9.73e-13, 8.92e-11
2019-10-26, 05:08:58, 8.84e-13, 8.92e-11
2019-10-26, 05:09:03, 1.06e-12, 8.95e-11
2019-10-26, 05:09:07, 9.24e-13, 8.94e-11
2019-10-26, 05:09:11, 9.85e-13, 8.92e-11
2019-10-26, 05:09:15, 9.67e-13, 8.92e-11
2019-10-26, 05:09:19, 9.74e-13, 8.94e-11
2019-10-26, 05:09:24, 9.99e-13, 8.93e-11
2019-10-26, 05:09:28, 9.42e-13, 8.92e-11
2019-10-26, 05:09:32, 1.07e-12, 8.95e-11
2019-10-26, 05:09:36, 9.92e-13, 8.88e-11
2019-10-26, 05:09:41, 9.67e-13, 8.91e-11
2019-10-26, 05:09:45, 9.08e-13, 8.92e-11
2019-10-26, 05:09:49, 1.01e-12, 8.94e-11
2019-10-26, 05:09:53, 9.93e-13, 8.91e-11
2019-10-26, 05:09:57, 1e-12, 8.94e-11
2019-10-26, 05:10:02, 9.35e-13, 8.91e-11
2019-10-26, 05:10:06, 9.28e-13, 8.88e-11
2019-10-26, 05:10:10, 9.62e-13, 8.92e-11
2019-10-26, 05:10:14, 9.78e-13, 8.92e-11
2019-10-26, 05:10:19, 1e-12, 8.93e-11
2019-10-26, 05:10:23, 1.14e-12, 8.9e-11
2019-10-26, 05:10:27, 9.86e-13, 8.89e-11
2019-10-26, 05:10:31, 1.02e-12, 8.93e-11
2019-10-26, 05:10:35, 9.93e-13, 8.92e-11
2019-10-26, 05:10:40, 9.7e-13, 8.91e-11
2019-10-26, 05:10:44, 1.08e-12, 8.89e-11
2019-10-26, 05:10:48, 9.65e-13, 8.91e-11
2019-10-26, 05:10:52, 9.7e-13, 8.97e-11
2019-10-26, 05:10:57, 9.29e-13, 8.92e-11
2019-10-26, 05:11:01, 1.06e-12, 8.91e-11
2019-10-26, 05:11:05, 9.72e-13, 8.94e-11
2019-10-26, 05:11:09, 9.56e-13, 8.9e-11
2019-10-26, 05:11:13, 1.03e-12, 8.93e-11
2019-10-26, 05:11:18, 1.15e-12, 8.92e-11
2019-10-26, 05:11:22, 9.41e-13, 8.96e-11
2019-10-26, 05:11:26, 1.07e-12, 8.93e-11
2019-10-26, 05:11:30, 9.78e-13, 8.91e-11
2019-10-26, 05:11:35, 1.03e-12, 8.91e-11
2019-10-26, 05:11:39, 9.93e-13, 8.9e-11
2019-10-26, 05:11:43, 9.21e-13, 8.93e-11
2019-10-26, 05:11:47, 9.57e-13, 8.92e-11
2019-10-26, 05:11:51, 1.02e-12, 8.91e-11
2019-10-26, 05:11:56, 9.2e-13, 8.88e-11
2019-10-26, 05:12:00, 1.07e-12, 8.93e-11
2019-10-26, 05:12:04, 1.05e-12, 8.92e-11
2019-10-26, 05:12:08, 9.89e-13, 8.92e-11
2019-10-26, 05:12:12, 9.82e-13, 8.95e-11
2019-10-26, 05:12:17, 9.71e-13, 8.91e-11
2019-10-26, 05:12:21, 1.05e-12, 8.95e-11
2019-10-26, 05:12:25, 9.63e-13, 8.92e-11
2019-10-26, 05:12:29, 9.8e-13, 8.91e-11
2019-10-26, 05:12:34, 9.4e-13, 8.9e-11
2019-10-26, 05:12:38, 9.47e-13, 8.91e-11
2019-10-26, 05:12:42, 1.04e-12, 8.92e-11
2019-10-26, 05:12:46, 9.43e-13, 8.94e-11
2019-10-26, 05:12:50, 9.32e-13, 8.93e-11
2019-10-26, 05:12:55, 9.14e-13, 8.92e-11
2019-10-26, 05:12:59, 9.51e-13, 8.91e-11
2019-10-26, 05:13:03, 9.8e-13, 8.93e-11
2019-10-26, 05:13:07, 9.53e-13, 8.95e-11
2019-10-26, 05:13:12, 9.79e-13, 8.89e-11
2019-10-26, 05:13:16, 9.61e-13, 8.93e-11
2019-10-26, 05:13:20, 9.28e-13, 8.92e-11
2019-10-26, 05:13:24, 1e-12, 8.91e-11
2019-10-26, 05:13:28, 9.2e-13, 8.91e-11
2019-10-26, 05:13:33, 9.3e-13, 8.95e-11
2019-10-26, 05:13:37, 1e-12, 8.94e-11
2019-10-26, 05:13:41, 1.02e-12, 8.93e-11
2019-10-26, 05:13:45, 9.68e-13, 8.9e-11
2019-10-26, 05:13:50, 1.01e-12, 8.91e-11
2019-10-26, 05:13:54, 1.01e-12, 8.92e-11
2019-10-26, 05:13:58, 9.35e-13, 8.91e-11
2019-10-26, 05:14:02, 1.11e-12, 8.92e-11
2019-10-26, 05:14:06, 9.77e-13, 8.93e-11
2019-10-26, 05:14:11, 9.47e-13, 8.93e-11
2019-10-26, 05:14:15, 9.43e-13, 8.93e-11
2019-10-26, 05:14:19, 9.79e-13, 8.89e-11
2019-10-26, 05:14:23, 9.82e-13, 8.91e-11
2019-10-26, 05:14:28, 9.55e-13, 8.94e-11
2019-10-26, 05:14:32, 9.85e-13, 8.93e-11
2019-10-26, 05:14:36, 9.63e-13, 8.95e-11
2019-10-26, 05:14:40, 9.49e-13, 8.91e-11
2019-10-26, 05:14:44, 1e-12, 8.91e-11
2019-10-26, 05:14:49, 1.11e-12, 8.92e-11
2019-10-26, 05:14:53, 9.5e-13, 8.9e-11
2019-10-26, 05:14:57, 9.55e-13, 8.9e-11
2019-10-26, 05:15:01, 9.88e-13, 8.94e-11
2019-10-26, 05:15:06, 1.03e-12, 8.92e-11
2019-10-26, 05:15:10, 9.34e-13, 8.91e-11
2019-10-26, 05:15:14, 1.02e-12, 8.91e-11
2019-10-26, 05:15:18, 9.96e-13, 8.92e-11
2019-10-26, 05:15:22, 9.75e-13, 8.91e-11
2019-10-26, 05:15:27, 9.92e-13, 8.97e-11
2019-10-26, 05:15:31, 1.07e-12, 8.94e-11
2019-10-26, 05:15:35, 1e-12, 8.95e-11
2019-10-26, 05:15:39, 1.03e-12, 8.92e-11
2019-10-26, 05:15:44, 9.87e-13, 8.99e-11
2019-10-26, 05:15:48, 9.47e-13, 8.96e-11
2019-10-26, 05:15:52, 1.17e-12, 8.9e-11
2019-10-26, 05:15:56, 9.66e-13, 8.89e-11
2019-10-26, 05:16:00, 9.81e-13, 8.93e-11
2019-10-26, 05:16:05, 1.07e-12, 8.89e-11
2019-10-26, 05:16:09, 9.7e-13, 8.92e-11
2019-10-26, 05:16:13, 9.94e-13, 8.92e-11
2019-10-26, 05:16:17, 9.71e-13, 8.92e-11
2019-10-26, 05:16:21, 9.21e-13, 8.93e-11
2019-10-26, 05:16:26, 1.04e-12, 8.94e-11
2019-10-26, 05:16:30, 9.61e-13, 8.91e-11
2019-10-26, 05:16:34, 1.07e-12, 8.9e-11
2019-10-26, 05:16:38, 9.06e-13, 8.93e-11
2019-10-26, 05:16:43, 9.38e-13, 8.91e-11
2019-10-26, 05:16:47, 9.65e-13, 8.91e-11
2019-10-26, 05:16:51, 9.85e-13, 8.91e-11
2019-10-26, 05:16:55, 8.94e-13, 8.97e-11
2019-10-26, 05:16:59, 9.92e-13, 8.91e-11
2019-10-26, 05:17:04, 9.26e-13, 8.98e-11
2019-10-26, 05:17:08, 1e-12, 8.94e-11
2019-10-26, 05:17:12, 9.67e-13, 8.91e-11
2019-10-26, 05:17:16, 9.71e-13, 8.93e-11
2019-10-26, 05:17:21, 9.67e-13, 8.93e-11
2019-10-26, 05:17:25, 9.77e-13, 8.91e-11
2019-10-26, 05:17:29, 9.73e-13, 8.93e-11
2019-10-26, 05:17:33, 9.06e-13, 8.92e-11
2019-10-26, 05:17:37, 9.84e-13, 8.92e-11
2019-10-26, 05:17:42, 1.14e-12, 8.94e-11
2019-10-26, 05:17:46, 9.37e-13, 8.94e-11
2019-10-26, 05:17:50, 8.9e-13, 8.91e-11
2019-10-26, 05:17:54, 1.05e-12, 8.97e-11
2019-10-26, 05:17:59, 9.44e-13, 8.91e-11
2019-10-26, 05:18:03, 9.63e-13, 8.91e-11
2019-10-26, 05:18:07, 8.72e-13, 8.94e-11
2019-10-26, 05:18:11, 9.94e-13, 8.93e-11
2019-10-26, 05:18:15, 1.13e-12, 8.89e-11
2019-10-26, 05:18:20, 9.47e-13, 8.9e-11
2019-10-26, 05:18:24, 9.3e-13, 8.87e-11
2019-10-26, 05:18:28, 9.97e-13, 8.92e-11
2019-10-26, 05:18:32, 9.64e-13, 8.9e-11
2019-10-26, 05:18:37, 1.04e-12, 8.92e-11
2019-10-26, 05:18:41, 9.55e-13, 8.92e-11
2019-10-26, 05:18:45, 9.86e-13, 8.89e-11
2019-10-26, 05:18:49, 9.51e-13, 8.94e-11
2019-10-26, 05:18:53, 9.58e-13, 8.94e-11
2019-10-26, 05:18:58, 1e-12, 8.89e-11
2019-10-26, 05:19:02, 9.58e-13, 8.92e-11
2019-10-26, 05:19:06, 9.97e-13, 8.9e-11
2019-10-26, 05:19:10, 9.31e-13, 8.9e-11
2019-10-26, 05:19:15, 9.54e-13, 8.94e-11
2019-10-26, 05:19:19, 1.01e-12, 8.95e-11
2019-10-26, 05:19:23, 1.03e-12, 8.94e-11
2019-10-26, 05:19:27, 8.77e-13, 8.91e-11
2019-10-26, 05:19:31, 1.05e-12, 8.92e-11
2019-10-26, 05:19:36, 9.5e-13, 8.9e-11
2019-10-26, 05:19:40, 9.91e-13, 8.92e-11
2019-10-26, 05:19:44, 9.33e-13, 8.89e-11
2019-10-26, 05:19:48, 1.03e-12, 8.94e-11
2019-10-26, 05:19:53, 1.02e-12, 8.88e-11
2019-10-26, 05:19:57, 1.02e-12, 8.86e-11
2019-10-26, 05:20:01, 1.02e-12, 8.92e-11
2019-10-26, 05:20:05, 9.63e-13, 8.9e-11
2019-10-26, 05:20:09, 9.99e-13, 8.91e-11
2019-10-26, 05:20:14, 9.31e-13, 8.9e-11
2019-10-26, 05:20:18, 1.07e-12, 8.92e-11
2019-10-26, 05:20:22, 1.06e-12, 8.92e-11
2019-10-26, 05:20:26, 1.04e-12, 8.88e-11
2019-10-26, 05:20:31, 9.61e-13, 8.93e-11
2019-10-26, 05:20:35, 9.16e-13, 8.9e-11
2019-10-26, 05:20:39, 9.94e-13, 8.92e-11
2019-10-26, 05:20:43, 9.89e-13, 8.92e-11
2019-10-26, 05:20:47, 1.01e-12, 8.94e-11
2019-10-26, 05:20:52, 1.01e-12, 8.9e-11
2019-10-26, 05:20:56, 9.87e-13, 8.95e-11
2019-10-26, 05:21:00, 9.77e-13, 8.92e-11
2019-10-26, 05:21:04, 1.01e-12, 8.93e-11
2019-10-26, 05:21:09, 9.86e-13, 8.87e-11
2019-10-26, 05:21:13, 9.39e-13, 8.95e-11
2019-10-26, 05:21:17, 1.02e-12, 8.94e-11
2019-10-26, 05:21:21, 1.07e-12, 8.87e-11
2019-10-26, 05:21:25, 9.46e-13, 8.9e-11
2019-10-26, 05:21:30, 1.03e-12, 8.92e-11
2019-10-26, 05:21:34, 9.51e-13, 8.93e-11
2019-10-26, 05:21:38, 9.32e-13, 8.93e-11
2019-10-26, 05:21:42, 9.75e-13, 8.94e-11
2019-10-26, 05:21:47, 9.47e-13, 8.95e-11
2019-10-26, 05:21:51, 9.69e-13, 8.95e-11
2019-10-26, 05:21:55, 9.24e-13, 8.98e-11
2019-10-26, 05:21:59, 1e-12, 8.93e-11
2019-10-26, 05:22:03, 1.03e-12, 8.89e-11
2019-10-26, 05:22:08, 9.61e-13, 8.89e-11
2019-10-26, 05:22:12, 9.43e-13, 8.96e-11
2019-10-26, 05:22:16, 1.05e-12, 8.92e-11
2019-10-26, 05:22:20, 9.98e-13, 8.93e-11
2019-10-26, 05:22:25, 1.09e-12, 8.91e-11
2019-10-26, 05:22:29, 1.04e-12, 8.91e-11
2019-10-26, 05:22:33, 9.15e-13, 8.93e-11
2019-10-26, 05:22:37, 1.05e-12, 8.97e-11
2019-10-26, 05:22:41, 9.18e-13, 8.94e-11
2019-10-26, 05:22:46, 9.91e-13, 8.92e-11
2019-10-26, 05:22:50, 9.3e-13, 8.9e-11
2019-10-26, 05:22:54, 9.98e-13, 8.93e-11
2019-10-26, 05:22:58, 9.58e-13, 8.94e-11
2019-10-26, 05:23:02, 9.36e-13, 8.94e-11
2019-10-26, 05:23:07, 9.38e-13, 8.93e-11
2019-10-26, 05:23:11, 1.04e-12, 8.89e-11
2019-10-26, 05:23:15, 9.21e-13, 8.95e-11
2019-10-26, 05:23:19, 9.46e-13, 8.93e-11
2019-10-26, 05:23:24, 9.96e-13, 8.91e-11
2019-10-26, 05:23:28, 9.82e-13, 8.92e-11
2019-10-26, 05:23:32, 8.57e-13, 8.91e-11
2019-10-26, 05:23:36, 9.66e-13, 8.92e-11
2019-10-26, 05:23:40, 9.44e-13, 8.93e-11
2019-10-26, 05:23:45, 9.84e-13, 8.95e-11
2019-10-26, 05:23:49, 9.52e-13, 8.92e-11
2019-10-26, 05:23:53, 9.43e-13, 8.91e-11
2019-10-26, 05:23:57, 9.31e-13, 8.89e-11
2019-10-26, 05:24:02, 1.05e-12, 8.94e-11
2019-10-26, 05:24:06, 9.02e-13, 8.92e-11
2019-10-26, 05:24:10, 9.97e-13, 8.92e-11
2019-10-26, 05:24:14, 9.72e-13, 8.89e-11
2019-10-26, 05:24:18, 9.28e-13, 8.92e-11
2019-10-26, 05:24:23, 9.27e-13, 8.92e-11
2019-10-26, 05:24:27, 9.55e-13, 8.92e-11
2019-10-26, 05:24:31, 9.59e-13, 8.9e-11
2019-10-26, 05:24:35, 9.43e-13, 8.93e-11
2019-10-26, 05:24:40, 9.59e-13, 8.97e-11
2019-10-26, 05:24:44, 9.79e-13, 8.91e-11
2019-10-26, 05:24:48, 1.04e-12, 8.95e-11
2019-10-26, 05:24:52, 9.34e-13, 8.96e-11
2019-10-26, 05:24:56, 1e-12, 8.9e-11
2019-10-26, 05:25:01, 9.9e-13, 8.9e-11
2019-10-26, 05:25:05, 1.02e-12, 8.99e-11
2019-10-26, 05:25:09, 9.19e-13, 8.94e-11
2019-10-26, 05:25:13, 1.1e-12, 8.96e-11
2019-10-26, 05:25:18, 1e-12, 8.96e-11
2019-10-26, 05:25:22, 1.01e-12, 8.92e-11
2019-10-26, 05:25:26, 9.8e-13, 8.94e-11
2019-10-26, 05:25:30, 9.65e-13, 8.91e-11
2019-10-26, 05:25:34, 9.61e-13, 8.9e-11
2019-10-26, 05:25:39, 9.46e-13, 8.86e-11
2019-10-26, 05:25:43, 9.63e-13, 8.9e-11
2019-10-26, 05:25:47, 9.97e-13, 8.94e-11
2019-10-26, 05:25:51, 1e-12, 8.92e-11
2019-10-26, 05:25:56, 9.36e-13, 8.93e-11
2019-10-26, 05:26:00, 9.63e-13, 8.9e-11
2019-10-26, 05:26:04, 1.05e-12, 8.97e-11
2019-10-26, 05:26:08, 9.59e-13, 8.88e-11
2019-10-26, 05:26:12, 9.69e-13, 8.93e-11
2019-10-26, 05:26:17, 9.76e-13, 8.94e-11
2019-10-26, 05:26:21, 9.57e-13, 8.92e-11
2019-10-26, 05:26:25, 9.27e-13, 8.94e-11
2019-10-26, 05:26:29, 9.21e-13, 8.94e-11
2019-10-26, 05:26:33, 9.41e-13, 8.97e-11
2019-10-26, 05:26:38, 9.78e-13, 8.94e-11
2019-10-26, 05:26:42, 9.99e-13, 8.93e-11
2019-10-26, 05:26:46, 9.53e-13, 8.95e-11
2019-10-26, 05:26:50, 9.14e-13, 8.94e-11
2019-10-26, 05:26:55, 9.89e-13, 8.89e-11
2019-10-26, 05:26:59, 9.54e-13, 8.93e-11
2019-10-26, 05:27:03, 9.06e-13, 8.93e-11
2019-10-26, 05:27:07, 9.33e-13, 8.92e-11
2019-10-26, 05:27:11, 9.37e-13, 8.91e-11
2019-10-26, 05:27:16, 9.88e-13, 8.93e-11
2019-10-26, 05:27:20, 1.06e-12, 8.94e-11
2019-10-26, 05:27:24, 9.51e-13, 8.92e-11
2019-10-26, 05:27:28, 9.7e-13, 8.92e-11
2019-10-26, 05:27:33, 9.3e-13, 8.94e-11
2019-10-26, 05:27:37, 9.79e-13, 8.92e-11
2019-10-26, 05:27:41, 8.4e-13, 8.92e-11
2019-10-26, 05:27:45, 9.49e-13, 8.93e-11
2019-10-26, 05:27:49, 9.74e-13, 8.92e-11
2019-10-26, 05:27:54, 9.49e-13, 8.94e-11
2019-10-26, 05:27:58, 1.05e-12, 8.91e-11
2019-10-26, 05:28:02, 9.29e-13, 8.92e-11
2019-10-26, 05:28:06, 9.33e-13, 8.91e-11
2019-10-26, 05:28:11, 1.01e-12, 8.92e-11
2019-10-26, 05:28:15, 1.09e-12, 8.9e-11
2019-10-26, 05:28:19, 1.11e-12, 8.91e-11
2019-10-26, 05:28:23, 9.18e-13, 8.9e-11
2019-10-26, 05:28:27, 1.01e-12, 8.9e-11
2019-10-26, 05:28:32, 9.98e-13, 8.9e-11
2019-10-26, 05:28:36, 9.95e-13, 8.91e-11
2019-10-26, 05:28:40, 9.78e-13, 8.89e-11
2019-10-26, 05:28:44, 9.86e-13, 8.91e-11
2019-10-26, 05:28:49, 9.43e-13, 8.92e-11
2019-10-26, 05:28:53, 9.42e-13, 8.95e-11
2019-10-26, 05:28:57, 1.03e-12, 8.94e-11
2019-10-26, 05:29:01, 1.04e-12, 8.91e-11
2019-10-26, 05:29:05, 9.59e-13, 8.94e-11
2019-10-26, 05:29:10, 1e-12, 8.93e-11
2019-10-26, 05:29:14, 9.36e-13, 8.92e-11
2019-10-26, 05:29:18, 1.01e-12, 8.93e-11
2019-10-26, 05:29:22, 9.25e-13, 8.9e-11
2019-10-26, 05:29:27, 9.58e-13, 8.91e-11
2019-10-26, 05:29:31, 9.76e-13, 8.93e-11
2019-10-26, 05:29:35, 9.87e-13, 8.93e-11
2019-10-26, 05:29:39, 9.84e-13, 8.88e-11
2019-10-26, 05:29:43, 9.15e-13, 8.92e-11
2019-10-26, 05:29:48, 9.31e-13, 8.95e-11
2019-10-26, 05:29:52, 1.01e-12, 8.91e-11
2019-10-26, 05:29:56, 1e-12, 8.94e-11
2019-10-26, 05:30:00, 9.51e-13, 8.92e-11
2019-10-26, 05:30:05, 8.92e-13, 8.92e-11
2019-10-26, 05:30:09, 9.8e-13, 8.93e-11
2019-10-26, 05:30:13, 9.57e-13, 8.96e-11
2019-10-26, 05:30:17, 9.85e-13, 8.92e-11
2019-10-26, 05:30:21, 9.39e-13, 8.91e-11
2019-10-26, 05:30:26, 9.49e-13, 8.96e-11
2019-10-26, 05:30:30, 9.19e-13, 8.94e-11
2019-10-26, 05:30:34, 1e-12, 8.95e-11
2019-10-26, 05:30:38, 9.79e-13, 8.9e-11
2019-10-26, 05:30:43, 1.04e-12, 8.91e-11
2019-10-26, 05:30:47, 9.17e-13, 8.96e-11
2019-10-26, 05:30:51, 1e-12, 8.92e-11
2019-10-26, 05:30:55, 9.75e-13, 8.94e-11
2019-10-26, 05:30:59, 1.02e-12, 8.93e-11
2019-10-26, 05:31:04, 9.22e-13, 8.92e-11
2019-10-26, 05:31:08, 9.68e-13, 8.87e-11
2019-10-26, 05:31:12, 9.9e-13, 8.91e-11
2019-10-26, 05:31:16, 9.61e-13, 8.97e-11
2019-10-26, 05:31:21, 1.06e-12, 8.94e-11
2019-10-26, 05:31:25, 8.76e-13, 8.94e-11
2019-10-26, 05:31:29, 1.01e-12, 8.88e-11
2019-10-26, 05:31:33, 9.37e-13, 8.94e-11
2019-10-26, 05:31:37, 9.82e-13, 8.94e-11
2019-10-26, 05:31:42, 9.41e-13, 8.91e-11
2019-10-26, 05:31:46, 9.53e-13, 8.93e-11
2019-10-26, 05:31:50, 9.94e-13, 8.93e-11
2019-10-26, 05:31:54, 9.94e-13, 8.91e-11
2019-10-26, 05:31:58, 1.11e-12, 8.9e-11
2019-10-26, 05:32:03, 9.77e-13, 8.91e-11
2019-10-26, 05:32:07, 9.44e-13, 8.89e-11
2019-10-26, 05:32:11, 9.4e-13, 8.91e-11
2019-10-26, 05:32:15, 9.96e-13, 8.92e-11
2019-10-26, 05:32:20, 9.83e-13, 8.9e-11
2019-10-26, 05:32:24, 9.47e-13, 8.94e-11
2019-10-26, 05:32:28, 9.36e-13, 8.94e-11
2019-10-26, 05:32:32, 1e-12, 8.92e-11
2019-10-26, 05:32:36, 9.71e-13, 8.9e-11
2019-10-26, 05:32:41, 9.59e-13, 8.91e-11
2019-10-26, 05:32:45, 9.81e-13, 8.94e-11
2019-10-26, 05:32:49, 9.51e-13, 8.9e-11
2019-10-26, 05:32:53, 1.01e-12, 8.93e-11
2019-10-26, 05:32:58, 9.31e-13, 8.93e-11
2019-10-26, 05:33:02, 8.7e-13, 8.94e-11
2019-10-26, 05:33:06, 9.78e-13, 8.91e-11
2019-10-26, 05:33:10, 1.12e-12, 8.93e-11
2019-10-26, 05:33:14, 1.01e-12, 8.93e-11
2019-10-26, 05:33:19, 9.71e-13, 8.91e-11
2019-10-26, 05:33:23, 8.97e-13, 8.93e-11
2019-10-26, 05:33:27, 1.01e-12, 8.94e-11
2019-10-26, 05:33:31, 9.71e-13, 8.93e-11
2019-10-26, 05:33:36, 9.28e-13, 8.92e-11
2019-10-26, 05:33:40, 9.65e-13, 8.94e-11
2019-10-26, 05:33:44, 9.63e-13, 8.93e-11
2019-10-26, 05:33:48, 9.47e-13, 8.89e-11
2019-10-26, 05:33:52, 1.02e-12, 8.93e-11
2019-10-26, 05:33:57, 1.01e-12, 8.93e-11
2019-10-26, 05:34:01, 9.5e-13, 8.96e-11
2019-10-26, 05:34:05, 1.01e-12, 8.94e-11
2019-10-26, 05:34:09, 9.62e-13, 8.94e-11
2019-10-26, 05:34:14, 1.05e-12, 8.92e-11
2019-10-26, 05:34:18, 9.64e-13, 8.96e-11
2019-10-26, 05:34:22, 9.19e-13, 8.94e-11
2019-10-26, 05:34:26, 1.03e-12, 8.92e-11
2019-10-26, 05:34:30, 9.55e-13, 8.95e-11
2019-10-26, 05:34:35, 9.96e-13, 8.92e-11
2019-10-26, 05:34:39, 1.05e-12, 8.97e-11
2019-10-26, 05:34:43, 9.67e-13, 8.92e-11
2019-10-26, 05:34:47, 9.61e-13, 8.93e-11
2019-10-26, 05:34:52, 9.39e-13, 8.93e-11
2019-10-26, 05:34:56, 9.55e-13, 8.91e-11
2019-10-26, 05:35:00, 9.9e-13, 8.92e-11
2019-10-26, 05:35:04, 9.43e-13, 8.93e-11
2019-10-26, 05:35:08, 9.73e-13, 8.94e-11
2019-10-26, 05:35:13, 9.76e-13, 8.92e-11
2019-10-26, 05:35:17, 9.77e-13, 8.93e-11
2019-10-26, 05:35:21, 9.75e-13, 8.96e-11
2019-10-26, 05:35:25, 9.73e-13, 8.97e-11
2019-10-26, 05:35:29, 9.25e-13, 8.99e-11
2019-10-26, 05:35:34, 9.83e-13, 8.91e-11
2019-10-26, 05:35:38, 1.01e-12, 8.95e-11
2019-10-26, 05:35:42, 9.98e-13, 8.92e-11
2019-10-26, 05:35:46, 9.96e-13, 8.94e-11
2019-10-26, 05:35:51, 1.02e-12, 8.93e-11
2019-10-26, 05:35:55, 9.82e-13, 8.92e-11
2019-10-26, 05:35:59, 9.25e-13, 8.94e-11
2019-10-26, 05:36:03, 9.2e-13, 8.92e-11
2019-10-26, 05:36:07, 1.02e-12, 8.94e-11
2019-10-26, 05:36:12, 1.01e-12, 8.93e-11
2019-10-26, 05:36:16, 1.04e-12, 8.95e-11
2019-10-26, 05:36:20, 9.08e-13, 8.94e-11
2019-10-26, 05:36:24, 1.11e-12, 8.93e-11
2019-10-26, 05:36:29, 9.84e-13, 8.95e-11
2019-10-26, 05:36:33, 9.6e-13, 8.96e-11
2019-10-26, 05:36:37, 9.93e-13, 8.96e-11
2019-10-26, 05:36:41, 1.02e-12, 8.92e-11
2019-10-26, 05:36:45, 9.67e-13, 8.94e-11
2019-10-26, 05:36:50, 9.77e-13, 8.94e-11
2019-10-26, 05:36:54, 9.5e-13, 8.92e-11
2019-10-26, 05:36:58, 9.15e-13, 8.95e-11
2019-10-26, 05:37:02, 1.08e-12, 8.89e-11
2019-10-26, 05:37:07, 9.79e-13, 8.94e-11
2019-10-26, 05:37:11, 9.69e-13, 8.94e-11
2019-10-26, 05:37:15, 9.45e-13, 8.93e-11
2019-10-26, 05:37:19, 9.7e-13, 8.95e-11
2019-10-26, 05:37:23, 9.88e-13, 8.91e-11
2019-10-26, 05:37:28, 9.62e-13, 8.92e-11
2019-10-26, 05:37:32, 1.02e-12, 8.95e-11
2019-10-26, 05:37:36, 1.05e-12, 8.92e-11
2019-10-26, 05:37:40, 9.86e-13, 8.93e-11
2019-10-26, 05:37:45, 9.82e-13, 8.95e-11
2019-10-26, 05:37:49, 9.81e-13, 8.93e-11
2019-10-26, 05:37:53, 8.57e-13, 8.91e-11
2019-10-26, 05:37:57, 9.66e-13, 8.93e-11
2019-10-26, 05:38:01, 1.01e-12, 8.89e-11
2019-10-26, 05:38:06, 1.11e-12, 8.91e-11
2019-10-26, 05:38:10, 9.37e-13, 8.95e-11
2019-10-26, 05:38:14, 9.59e-13, 8.94e-11
2019-10-26, 05:38:18, 1.11e-12, 8.93e-11
2019-10-26, 05:38:23, 9.11e-13, 8.95e-11
2019-10-26, 05:38:27, 9.86e-13, 8.88e-11
2019-10-26, 05:38:31, 8.08e-13, 8.96e-11
2019-10-26, 05:38:35, 9.42e-13, 8.92e-11
2019-10-26, 05:38:39, 9.3e-13, 8.95e-11
2019-10-26, 05:38:44, 9.76e-13, 8.89e-11
2019-10-26, 05:38:48, 9.33e-13, 8.89e-11
2019-10-26, 05:38:52, 9.47e-13, 8.91e-11
2019-10-26, 05:38:56, 9.78e-13, 8.89e-11
2019-10-26, 05:39:01, 9.68e-13, 8.91e-11
2019-10-26, 05:39:05, 1.01e-12, 8.94e-11
2019-10-26, 05:39:09, 9.72e-13, 8.93e-11
2019-10-26, 05:39:13, 9.32e-13, 8.93e-11
2019-10-26, 05:39:17, 1.02e-12, 8.92e-11
2019-10-26, 05:39:22, 9.76e-13, 8.91e-11
2019-10-26, 05:39:26, 9.77e-13, 8.91e-11
2019-10-26, 05:39:30, 9.8e-13, 8.92e-11
2019-10-26, 05:39:34, 9.33e-13, 8.9e-11
2019-10-26, 05:39:38, 9.49e-13, 8.9e-11
2019-10-26, 05:39:43, 8.21e-13, 8.93e-11
2019-10-26, 05:39:47, 9.34e-13, 8.89e-11
2019-10-26, 05:39:51, 9.86e-13, 8.92e-11
2019-10-26, 05:39:55, 9.94e-13, 8.9e-11
2019-10-26, 05:40:00, 9.58e-13, 8.96e-11
2019-10-26, 05:40:04, 9.08e-13, 8.95e-11
2019-10-26, 05:40:08, 1.05e-12, 8.95e-11
2019-10-26, 05:40:12, 9.44e-13, 8.9e-11
2019-10-26, 05:40:16, 9.58e-13, 8.92e-11
2019-10-26, 05:40:21, 9.95e-13, 8.96e-11
2019-10-26, 05:40:25, 9.56e-13, 8.9e-11
2019-10-26, 05:40:29, 9.58e-13, 8.88e-11
2019-10-26, 05:40:33, 9.43e-13, 8.89e-11
2019-10-26, 05:40:38, 9.5e-13, 8.91e-11
2019-10-26, 05:40:42, 9.67e-13, 8.94e-11
2019-10-26, 05:40:46, 1.03e-12, 8.9e-11
2019-10-26, 05:40:50, 1.01e-12, 8.91e-11
2019-10-26, 05:40:54, 9.42e-13, 8.95e-11
2019-10-26, 05:40:59, 8.38e-13, 8.93e-11
2019-10-26, 05:41:03, 1e-12, 8.93e-11
2019-10-26, 05:41:07, 9.31e-13, 8.93e-11
2019-10-26, 05:41:11, 9.31e-13, 8.9e-11
2019-10-26, 05:41:16, 9.64e-13, 8.96e-11
2019-10-26, 05:41:20, 9.58e-13, 8.92e-11
2019-10-26, 05:41:24, 9.73e-13, 8.92e-11
2019-10-26, 05:41:28, 1.02e-12, 8.94e-11
2019-10-26, 05:41:32, 1e-12, 8.94e-11
2019-10-26, 05:41:37, 8.9e-13, 8.96e-11
2019-10-26, 05:41:41, 9.41e-13, 8.95e-11
2019-10-26, 05:41:45, 9.91e-13, 8.93e-11
2019-10-26, 05:41:49, 9.94e-13, 8.95e-11
2019-10-26, 05:41:54, 9.52e-13, 8.96e-11
2019-10-26, 05:41:58, 8.97e-13, 8.93e-11
2019-10-26, 05:42:02, 9.33e-13, 8.94e-11
2019-10-26, 05:42:06, 8.82e-13, 8.94e-11
2019-10-26, 05:42:10, 9e-13, 8.94e-11
2019-10-26, 05:42:15, 9.68e-13, 8.94e-11
2019-10-26, 05:42:19, 1.05e-12, 8.89e-11
2019-10-26, 05:42:23, 9.11e-13, 8.92e-11
2019-10-26, 05:42:27, 9.95e-13, 8.94e-11
2019-10-26, 05:42:32, 1.04e-12, 8.94e-11
2019-10-26, 05:42:36, 8.55e-13, 8.95e-11
2019-10-26, 05:42:40, 1e-12, 8.94e-11
2019-10-26, 05:42:44, 9.11e-13, 8.95e-11
2019-10-26, 05:42:48, 9.54e-13, 8.89e-11
2019-10-26, 05:42:53, 1e-12, 8.91e-11
2019-10-26, 05:42:57, 1.01e-12, 8.94e-11
2019-10-26, 05:43:01, 1.08e-12, 8.92e-11
2019-10-26, 05:43:05, 9.84e-13, 8.94e-11
2019-10-26, 05:43:10, 9.56e-13, 8.94e-11
2019-10-26, 05:43:14, 9.18e-13, 8.93e-11
2019-10-26, 05:43:18, 1.02e-12, 8.94e-11
2019-10-26, 05:43:22, 1.04e-12, 8.95e-11
2019-10-26, 05:43:26, 9.7e-13, 8.9e-11
2019-10-26, 05:43:31, 1.01e-12, 8.92e-11
2019-10-26, 05:43:35, 9.34e-13, 8.94e-11
2019-10-26, 05:43:39, 9.7e-13, 8.92e-11
2019-10-26, 05:43:43, 9.52e-13, 8.92e-11
2019-10-26, 05:43:47, 9.77e-13, 8.92e-11
2019-10-26, 05:43:52, 9.58e-13, 8.94e-11
2019-10-26, 05:43:56, 9.21e-13, 8.91e-11
2019-10-26, 05:44:00, 1.05e-12, 8.91e-11
2019-10-26, 05:44:04, 9.36e-13, 8.9e-11
2019-10-26, 05:44:09, 8.67e-13, 8.95e-11
2019-10-26, 05:44:13, 9.91e-13, 8.9e-11
2019-10-26, 05:44:17, 9.02e-13, 8.92e-11
2019-10-26, 05:44:21, 9.34e-13, 8.9e-11
2019-10-26, 05:44:25, 1.01e-12, 8.93e-11
2019-10-26, 05:44:30, 9.47e-13, 8.89e-11
2019-10-26, 05:44:34, 9.76e-13, 8.92e-11
2019-10-26, 05:44:38, 9.97e-13, 8.9e-11
2019-10-26, 05:44:42, 9.96e-13, 8.96e-11
2019-10-26, 05:44:47, 8.86e-13, 8.95e-11
2019-10-26, 05:44:51, 9.59e-13, 8.91e-11
2019-10-26, 05:44:55, 9.75e-13, 8.93e-11
2019-10-26, 05:44:59, 1.01e-12, 8.9e-11
2019-10-26, 05:45:03, 9.53e-13, 8.88e-11
2019-10-26, 05:45:08, 1.02e-12, 8.92e-11
2019-10-26, 05:45:12, 9.46e-13, 8.91e-11
2019-10-26, 05:45:16, 9.67e-13, 8.92e-11
2019-10-26, 05:45:20, 8.67e-13, 8.94e-11
2019-10-26, 05:45:25, 1.02e-12, 8.95e-11
2019-10-26, 05:45:29, 9.97e-13, 8.9e-11
2019-10-26, 05:45:33, 9.9e-13, 8.9e-11
2019-10-26, 05:45:37, 9.88e-13, 8.93e-11
2019-10-26, 05:45:41, 1.05e-12, 8.97e-11
2019-10-26, 05:45:46, 9.48e-13, 8.92e-11
2019-10-26, 05:45:50, 9.33e-13, 8.89e-11
2019-10-26, 05:45:54, 1.02e-12, 8.92e-11
2019-10-26, 05:45:58, 9.83e-13, 8.93e-11
2019-10-26, 05:46:03, 9.2e-13, 8.89e-11
2019-10-26, 05:46:07, 9.48e-13, 8.91e-11
2019-10-26, 05:46:11, 9.82e-13, 8.94e-11
2019-10-26, 05:46:15, 1e-12, 8.89e-11
2019-10-26, 05:46:19, 8.85e-13, 8.92e-11
2019-10-26, 05:46:24, 9.65e-13, 8.9e-11
2019-10-26, 05:46:28, 1.04e-12, 8.93e-11
2019-10-26, 05:46:32, 9.96e-13, 8.92e-11
2019-10-26, 05:46:36, 1.02e-12, 8.9e-11
2019-10-26, 05:46:41, 8.53e-13, 8.93e-11
2019-10-26, 05:46:45, 9.43e-13, 8.91e-11
2019-10-26, 05:46:49, 9.48e-13, 8.92e-11
2019-10-26, 05:46:53, 9.76e-13, 8.89e-11
2019-10-26, 05:46:57, 9.44e-13, 8.91e-11
2019-10-26, 05:47:02, 9.66e-13, 8.92e-11
2019-10-26, 05:47:06, 9.84e-13, 8.91e-11
2019-10-26, 05:47:10, 9.73e-13, 8.89e-11
2019-10-26, 05:47:14, 9.59e-13, 8.89e-11
2019-10-26, 05:47:19, 9.93e-13, 8.9e-11
2019-10-26, 05:47:23, 9.78e-13, 8.92e-11
2019-10-26, 05:47:27, 9.36e-13, 8.89e-11
2019-10-26, 05:47:31, 9.88e-13, 8.95e-11
2019-10-26, 05:47:35, 9.88e-13, 8.92e-11
2019-10-26, 05:47:40, 9.38e-13, 8.9e-11
2019-10-26, 05:47:44, 1e-12, 8.93e-11
2019-10-26, 05:47:48, 9.63e-13, 8.92e-11
2019-10-26, 05:47:52, 9.81e-13, 8.91e-11
2019-10-26, 05:47:57, 1.02e-12, 8.9e-11
2019-10-26, 05:48:01, 9.78e-13, 8.89e-11
2019-10-26, 05:48:05, 9.79e-13, 8.94e-11
2019-10-26, 05:48:09, 1e-12, 8.93e-11
2019-10-26, 05:48:13, 8.42e-13, 8.94e-11
2019-10-26, 05:48:18, 1.04e-12, 8.9e-11
2019-10-26, 05:48:22, 9.81e-13, 8.91e-11
2019-10-26, 05:48:26, 8.55e-13, 8.92e-11
2019-10-26, 05:48:30, 9.55e-13, 8.92e-11
2019-10-26, 05:48:35, 9.77e-13, 8.89e-11
2019-10-26, 05:48:39, 1.06e-12, 8.9e-11
2019-10-26, 05:48:43, 9.74e-13, 8.9e-11
2019-10-26, 05:48:47, 9.46e-13, 8.9e-11
2019-10-26, 05:48:51, 1e-12, 8.88e-11
2019-10-26, 05:48:56, 9.69e-13, 8.91e-11
2019-10-26, 05:49:00, 1e-12, 8.92e-11
2019-10-26, 05:49:04, 1.13e-12, 8.92e-11
2019-10-26, 05:49:08, 9.8e-13, 8.94e-11
2019-10-26, 05:49:12, 1.02e-12, 8.92e-11
2019-10-26, 05:49:17, 1.01e-12, 8.92e-11
2019-10-26, 05:49:21, 9.41e-13, 8.91e-11
2019-10-26, 05:49:25, 8.77e-13, 8.91e-11
2019-10-26, 05:49:29, 9.13e-13, 8.9e-11
2019-10-26, 05:49:34, 1.01e-12, 8.93e-11
2019-10-26, 05:49:38, 9.74e-13, 8.94e-11
2019-10-26, 05:49:42, 9.38e-13, 8.92e-11
2019-10-26, 05:49:46, 1.02e-12, 8.92e-11
2019-10-26, 05:49:50, 9.37e-13, 8.9e-11
2019-10-26, 05:49:55, 1e-12, 8.93e-11
2019-10-26, 05:49:59, 1.01e-12, 8.93e-11
2019-10-26, 05:50:03, 9.66e-13, 8.9e-11
2019-10-26, 05:50:07, 1.04e-12, 8.91e-11
2019-10-26, 05:50:12, 9.55e-13, 8.91e-11
2019-10-26, 05:50:16, 9.39e-13, 8.94e-11
2019-10-26, 05:50:20, 9.79e-13, 8.93e-11
2019-10-26, 05:50:24, 9.72e-13, 8.98e-11
2019-10-26, 05:50:28, 9.68e-13, 8.88e-11
2019-10-26, 05:50:33, 9.82e-13, 8.95e-11
2019-10-26, 05:50:37, 1.02e-12, 8.93e-11
2019-10-26, 05:50:41, 9.95e-13, 8.9e-11
2019-10-26, 05:50:45, 9.62e-13, 8.9e-11
2019-10-26, 05:50:50, 1.03e-12, 8.91e-11
2019-10-26, 05:50:54, 9.54e-13, 8.94e-11
2019-10-26, 05:50:58, 9.58e-13, 8.95e-11
2019-10-26, 05:51:02, 1.01e-12, 8.92e-11
2019-10-26, 05:51:06, 1e-12, 8.92e-11
2019-10-26, 05:51:11, 8.29e-13, 8.91e-11
2019-10-26, 05:51:15, 9.35e-13, 8.94e-11
2019-10-26, 05:51:19, 9.51e-13, 8.92e-11
2019-10-26, 05:51:23, 9.65e-13, 8.94e-11
2019-10-26, 05:51:28, 9.59e-13, 8.93e-11
2019-10-26, 05:51:32, 9.74e-13, 8.89e-11
2019-10-26, 05:51:36, 1e-12, 8.89e-11
2019-10-26, 05:51:40, 9.52e-13, 8.91e-11
2019-10-26, 05:51:44, 1.07e-12, 8.93e-11
2019-10-26, 05:51:49, 1.07e-12, 8.91e-11
2019-10-26, 05:51:53, 9.5e-13, 8.92e-11
2019-10-26, 05:51:57, 9.56e-13, 8.95e-11
2019-10-26, 05:52:01, 1e-12, 8.9e-11
2019-10-26, 05:52:06, 9.81e-13, 8.92e-11
2019-10-26, 05:52:10, 9.92e-13, 8.91e-11
2019-10-26, 05:52:14, 9.66e-13, 8.91e-11
2019-10-26, 05:52:18, 9.66e-13, 8.93e-11
2019-10-26, 05:52:22, 9.2e-13, 8.92e-11
2019-10-26, 05:52:27, 9.68e-13, 8.91e-11
2019-10-26, 05:52:31, 1.02e-12, 8.9e-11
2019-10-26, 05:52:35, 9.33e-13, 8.93e-11
2019-10-26, 05:52:39, 9.9e-13, 8.9e-11
2019-10-26, 05:52:44, 1.01e-12, 8.95e-11
2019-10-26, 05:52:48, 9.75e-13, 8.94e-11
2019-10-26, 05:52:52, 9.38e-13, 8.92e-11
2019-10-26, 05:52:56, 1.04e-12, 8.89e-11
2019-10-26, 05:53:00, 1.01e-12, 8.91e-11
2019-10-26, 05:53:05, 1.05e-12, 8.91e-11
2019-10-26, 05:53:09, 9.64e-13, 8.89e-11
2019-10-26, 05:53:13, 9.86e-13, 8.92e-11
2019-10-26, 05:53:17, 8.26e-13, 8.93e-11
2019-10-26, 05:53:21, 8.7e-13, 8.93e-11
2019-10-26, 05:53:26, 9.1e-13, 8.92e-11
2019-10-26, 05:53:30, 1.04e-12, 8.91e-11
2019-10-26, 05:53:34, 9.04e-13, 8.9e-11
2019-10-26, 05:53:38, 9.97e-13, 8.91e-11
2019-10-26, 05:53:43, 9.8e-13, 8.89e-11
2019-10-26, 05:53:47, 9.65e-13, 8.92e-11
2019-10-26, 05:53:51, 1.03e-12, 8.91e-11
2019-10-26, 05:53:55, 1e-12, 8.9e-11
2019-10-26, 05:53:59, 9.8e-13, 8.91e-11
2019-10-26, 05:54:04, 9.14e-13, 8.9e-11
2019-10-26, 05:54:08, 9.93e-13, 8.93e-11
2019-10-26, 05:54:12, 1.01e-12, 8.92e-11
2019-10-26, 05:54:16, 9.2e-13, 8.95e-11
2019-10-26, 05:54:21, 1.01e-12, 8.91e-11
2019-10-26, 05:54:25, 9.68e-13, 8.91e-11
2019-10-26, 05:54:29, 9.49e-13, 8.93e-11
2019-10-26, 05:54:33, 1.1e-12, 8.9e-11
2019-10-26, 05:54:37, 9.24e-13, 8.9e-11
2019-10-26, 05:54:42, 1.02e-12, 8.91e-11
2019-10-26, 05:54:46, 1.03e-12, 8.92e-11
2019-10-26, 05:54:50, 9.68e-13, 8.95e-11
2019-10-26, 05:54:54, 8.92e-13, 8.93e-11
2019-10-26, 05:54:59, 9.95e-13, 8.94e-11
2019-10-26, 05:55:03, 9.67e-13, 8.93e-11
2019-10-26, 05:55:07, 8.99e-13, 8.91e-11
2019-10-26, 05:55:11, 9.44e-13, 8.93e-11
2019-10-26, 05:55:15, 9.32e-13, 8.9e-11
2019-10-26, 05:55:20, 9.58e-13, 8.91e-11
2019-10-26, 05:55:24, 8.93e-13, 8.91e-11
2019-10-26, 05:55:28, 9.85e-13, 8.92e-11
2019-10-26, 05:55:32, 9.08e-13, 8.9e-11
2019-10-26, 05:55:37, 1.04e-12, 8.91e-11
2019-10-26, 05:55:41, 1.02e-12, 8.93e-11
2019-10-26, 05:55:45, 9.7e-13, 8.94e-11
2019-10-26, 05:55:49, 9.67e-13, 8.94e-11
2019-10-26, 05:55:53, 8.99e-13, 8.9e-11
2019-10-26, 05:55:58, 9.39e-13, 8.91e-11
2019-10-26, 05:56:02, 8.79e-13, 8.91e-11
2019-10-26, 05:56:06, 8.79e-13, 8.93e-11
2019-10-26, 05:56:10, 9.92e-13, 8.88e-11
2019-10-26, 05:56:15, 1e-12, 8.9e-11
2019-10-26, 05:56:19, 8.97e-13, 8.96e-11
2019-10-26, 05:56:23, 9.58e-13, 8.9e-11
2019-10-26, 05:56:27, 1.04e-12, 8.97e-11
2019-10-26, 05:56:31, 9.83e-13, 8.91e-11
2019-10-26, 05:56:36, 9.8e-13, 8.96e-11
2019-10-26, 05:56:40, 9.72e-13, 8.91e-11
2019-10-26, 05:56:44, 9.34e-13, 8.95e-11
2019-10-26, 05:56:48, 9.66e-13, 8.89e-11
2019-10-26, 05:56:52, 1.03e-12, 8.87e-11
2019-10-26, 05:56:57, 9.63e-13, 8.92e-11
2019-10-26, 05:57:01, 9.67e-13, 8.93e-11
2019-10-26, 05:57:05, 1.03e-12, 8.93e-11
2019-10-26, 05:57:09, 9.63e-13, 8.92e-11
2019-10-26, 05:57:14, 1.02e-12, 8.91e-11
2019-10-26, 05:57:18, 9.56e-13, 8.95e-11
2019-10-26, 05:57:22, 9.52e-13, 8.92e-11
2019-10-26, 05:57:26, 9.96e-13, 8.91e-11
2019-10-26, 05:57:30, 9.73e-13, 8.9e-11
2019-10-26, 05:57:35, 1.08e-12, 8.92e-11
2019-10-26, 05:57:39, 9.73e-13, 8.96e-11
2019-10-26, 05:57:43, 9.36e-13, 8.91e-11
2019-10-26, 05:57:47, 9.58e-13, 8.91e-11
2019-10-26, 05:57:52, 1.09e-12, 8.93e-11
2019-10-26, 05:57:56, 9.08e-13, 8.97e-11
2019-10-26, 05:58:00, 9.49e-13, 8.97e-11
2019-10-26, 05:58:04, 9.25e-13, 8.91e-11
2019-10-26, 05:58:08, 9.42e-13, 8.91e-11
2019-10-26, 05:58:13, 1.05e-12, 8.93e-11
2019-10-26, 05:58:17, 9.9e-13, 8.89e-11
2019-10-26, 05:58:21, 8.19e-13, 8.98e-11
2019-10-26, 05:58:25, 9.34e-13, 8.92e-11
2019-10-26, 05:58:30, 9.85e-13, 8.9e-11
2019-10-26, 05:58:34, 9.47e-13, 8.93e-11
2019-10-26, 05:58:38, 9.79e-13, 8.9e-11
2019-10-26, 05:58:42, 9.82e-13, 8.92e-11
2019-10-26, 05:58:46, 9.65e-13, 8.94e-11
2019-10-26, 05:58:51, 9.87e-13, 8.93e-11
2019-10-26, 05:58:55, 1.03e-12, 8.92e-11
2019-10-26, 05:58:59, 9.27e-13, 8.92e-11
2019-10-26, 05:59:03, 1e-12, 8.96e-11
2019-10-26, 05:59:08, 9.81e-13, 8.89e-11
2019-10-26, 05:59:12, 9.07e-13, 8.9e-11
2019-10-26, 05:59:16, 8.02e-13, 8.93e-11
2019-10-26, 05:59:20, 1.01e-12, 8.88e-11
2019-10-26, 05:59:24, 9.76e-13, 8.94e-11
2019-10-26, 05:59:29, 1.02e-12, 8.93e-11
2019-10-26, 05:59:33, 9.53e-13, 8.94e-11
2019-10-26, 05:59:37, 9.74e-13, 8.92e-11
2019-10-26, 05:59:41, 9.61e-13, 8.94e-11
2019-10-26, 05:59:46, 9.96e-13, 8.93e-11
2019-10-26, 05:59:50, 8.72e-13, 8.92e-11
2019-10-26, 05:59:54, 9.3e-13, 8.96e-11
2019-10-26, 05:59:58, 9.55e-13, 8.93e-11
2019-10-26, 06:00:02, 1.07e-12, 8.93e-11
2019-10-26, 06:00:07, 9.82e-13, 8.91e-11
2019-10-26, 06:00:11, 9.55e-13, 8.89e-11
2019-10-26, 06:00:15, 1.01e-12, 8.94e-11
2019-10-26, 06:00:19, 9.6e-13, 8.9e-11
2019-10-26, 06:00:23, 9.77e-13, 8.91e-11
2019-10-26, 06:00:28, 9.39e-13, 8.88e-11
2019-10-26, 06:00:32, 9.2e-13, 8.93e-11
2019-10-26, 06:00:36, 8.9e-13, 8.93e-11
2019-10-26, 06:00:40, 9.58e-13, 8.93e-11
2019-10-26, 06:00:45, 9.67e-13, 8.91e-11
2019-10-26, 06:00:49, 9.5e-13, 8.91e-11
2019-10-26, 06:00:53, 1.05e-12, 8.93e-11
2019-10-26, 06:00:57, 9.62e-13, 8.88e-11
2019-10-26, 06:01:01, 9.3e-13, 8.96e-11
2019-10-26, 06:01:06, 9.31e-13, 8.91e-11
2019-10-26, 06:01:10, 9.8e-13, 8.94e-11
2019-10-26, 06:01:14, 9.67e-13, 8.92e-11
2019-10-26, 06:01:18, 9.51e-13, 8.94e-11
2019-10-26, 06:01:23, 9.39e-13, 8.89e-11
2019-10-26, 06:01:27, 9.36e-13, 8.9e-11
2019-10-26, 06:01:31, 9.57e-13, 8.91e-11
2019-10-26, 06:01:35, 1.07e-12, 8.92e-11
2019-10-26, 06:01:39, 8.64e-13, 8.92e-11
2019-10-26, 06:01:44, 9.41e-13, 8.9e-11
2019-10-26, 06:01:48, 9.62e-13, 8.95e-11
2019-10-26, 06:01:52, 1.03e-12, 8.91e-11
2019-10-26, 06:01:56, 9.7e-13, 8.91e-11
2019-10-26, 06:02:01, 1.21e-12, 8.92e-11
2019-10-26, 06:02:05, 9.85e-13, 8.96e-11
2019-10-26, 06:02:09, 9.48e-13, 8.9e-11
2019-10-26, 06:02:13, 9.77e-13, 8.91e-11
2019-10-26, 06:02:17, 1.02e-12, 8.91e-11
2019-10-26, 06:02:22, 9.87e-13, 8.88e-11
2019-10-26, 06:02:26, 1.01e-12, 8.91e-11
2019-10-26, 06:02:30, 9.23e-13, 8.93e-11
2019-10-26, 06:02:34, 9.53e-13, 8.94e-11
2019-10-26, 06:02:39, 9.66e-13, 8.94e-11
2019-10-26, 06:02:43, 9.86e-13, 8.88e-11
2019-10-26, 06:02:47, 9.55e-13, 8.91e-11
2019-10-26, 06:02:51, 9.72e-13, 8.89e-11
2019-10-26, 06:02:55, 9.96e-13, 8.9e-11
2019-10-26, 06:03:00, 9.34e-13, 8.9e-11
2019-10-26, 06:03:04, 9.6e-13, 8.96e-11
2019-10-26, 06:03:08, 1.03e-12, 8.87e-11
2019-10-26, 06:03:12, 1.04e-12, 8.92e-11
2019-10-26, 06:03:17, 9.28e-13, 8.92e-11
2019-10-26, 06:03:21, 9.78e-13, 8.9e-11
2019-10-26, 06:03:25, 9.14e-13, 8.94e-11
2019-10-26, 06:03:29, 9.63e-13, 8.92e-11
2019-10-26, 06:03:33, 9.61e-13, 8.92e-11
2019-10-26, 06:03:38, 9.82e-13, 8.91e-11
2019-10-26, 06:03:42, 1e-12, 8.91e-11
2019-10-26, 06:03:46, 1.01e-12, 8.89e-11
2019-10-26, 06:03:50, 9.61e-13, 8.91e-11
2019-10-26, 06:03:55, 8.95e-13, 8.92e-11
2019-10-26, 06:03:59, 9.58e-13, 8.89e-11
2019-10-26, 06:04:03, 9.87e-13, 8.89e-11
2019-10-26, 06:04:07, 9.65e-13, 8.89e-11
2019-10-26, 06:04:11, 9.74e-13, 8.94e-11
2019-10-26, 06:04:16, 9.42e-13, 8.91e-11
2019-10-26, 06:04:20, 1.07e-12, 8.94e-11
2019-10-26, 06:04:24, 1.08e-12, 8.94e-11
2019-10-26, 06:04:28, 9.27e-13, 8.91e-11
2019-10-26, 06:04:32, 9.76e-13, 8.92e-11
2019-10-26, 06:04:37, 9.58e-13, 8.92e-11
2019-10-26, 06:04:41, 9.96e-13, 8.87e-11
2019-10-26, 06:04:45, 9.56e-13, 8.94e-11
2019-10-26, 06:04:49, 9.66e-13, 8.9e-11
2019-10-26, 06:04:54, 1.02e-12, 8.93e-11
2019-10-26, 06:04:58, 9.46e-13, 8.95e-11
2019-10-26, 06:05:02, 9.27e-13, 8.93e-11
2019-10-26, 06:05:06, 9.53e-13, 8.95e-11
2019-10-26, 06:05:10, 9.69e-13, 8.91e-11
2019-10-26, 06:05:15, 1.04e-12, 8.92e-11
2019-10-26, 06:05:19, 9.64e-13, 8.93e-11
2019-10-26, 06:05:23, 9.58e-13, 8.91e-11
2019-10-26, 06:05:27, 9.9e-13, 8.94e-11
2019-10-26, 06:05:32, 7.6e-13, 8.91e-11
2019-10-26, 06:05:36, 9.96e-13, 8.91e-11
2019-10-26, 06:05:40, 9.59e-13, 8.89e-11
2019-10-26, 06:05:44, 1.01e-12, 8.91e-11
2019-10-26, 06:05:48, 9.96e-13, 8.91e-11
2019-10-26, 06:05:53, 9.76e-13, 8.91e-11
2019-10-26, 06:05:57, 9.58e-13, 8.94e-11
2019-10-26, 06:06:01, 9.92e-13, 8.92e-11
2019-10-26, 06:06:05, 9.34e-13, 8.88e-11
2019-10-26, 06:06:10, 9.89e-13, 8.94e-11
2019-10-26, 06:06:14, 9.64e-13, 8.9e-11
2019-10-26, 06:06:18, 9.23e-13, 8.93e-11
2019-10-26, 06:06:22, 9.98e-13, 8.9e-11
2019-10-26, 06:06:26, 9.54e-13, 8.93e-11
2019-10-26, 06:06:31, 1.08e-12, 8.87e-11
2019-10-26, 06:06:35, 9.84e-13, 8.88e-11
2019-10-26, 06:06:39, 9.62e-13, 8.95e-11
2019-10-26, 06:06:43, 9.34e-13, 8.92e-11
2019-10-26, 06:06:48, 8.95e-13, 8.95e-11
2019-10-26, 06:06:52, 9.88e-13, 8.92e-11
2019-10-26, 06:06:56, 9.42e-13, 8.9e-11
2019-10-26, 06:07:00, 9.82e-13, 8.95e-11
2019-10-26, 06:07:04, 9.69e-13, 8.91e-11
2019-10-26, 06:07:09, 1.01e-12, 8.94e-11
2019-10-26, 06:07:13, 9.67e-13, 8.92e-11
2019-10-26, 06:07:17, 8.22e-13, 8.93e-11
2019-10-26, 06:07:21, 9.8e-13, 8.9e-11
2019-10-26, 06:07:26, 1.05e-12, 8.95e-11
2019-10-26, 06:07:30, 1.18e-12, 8.91e-11
2019-10-26, 06:07:34, 9.67e-13, 8.9e-11
2019-10-26, 06:07:38, 9.88e-13, 8.93e-11
2019-10-26, 06:07:42, 9.62e-13, 8.9e-11
2019-10-26, 06:07:47, 9.07e-13, 8.91e-11
2019-10-26, 06:07:51, 1e-12, 8.9e-11
2019-10-26, 06:07:55, 9.7e-13, 8.9e-11
2019-10-26, 06:07:59, 1.01e-12, 8.9e-11
2019-10-26, 06:08:03, 1.01e-12, 8.9e-11
2019-10-26, 06:08:08, 9.57e-13, 8.94e-11
2019-10-26, 06:08:12, 9.67e-13, 8.91e-11
2019-10-26, 06:08:16, 9.91e-13, 8.92e-11
2019-10-26, 06:08:20, 1.01e-12, 8.94e-11
2019-10-26, 06:08:25, 9.56e-13, 8.94e-11
2019-10-26, 06:08:29, 8.71e-13, 8.96e-11
2019-10-26, 06:08:33, 9.28e-13, 8.92e-11
2019-10-26, 06:08:37, 9.44e-13, 8.93e-11
2019-10-26, 06:08:41, 1e-12, 8.9e-11
2019-10-26, 06:08:46, 9.25e-13, 8.92e-11
2019-10-26, 06:08:50, 9.53e-13, 8.93e-11
2019-10-26, 06:08:54, 9.66e-13, 8.9e-11
2019-10-26, 06:08:58, 9.05e-13, 8.93e-11
2019-10-26, 06:09:03, 9.36e-13, 8.9e-11
2019-10-26, 06:09:07, 9.7e-13, 8.92e-11
2019-10-26, 06:09:11, 9.9e-13, 8.92e-11
2019-10-26, 06:09:15, 1.01e-12, 8.92e-11
2019-10-26, 06:09:19, 1.02e-12, 8.9e-11
2019-10-26, 06:09:24, 9.28e-13, 8.89e-11
2019-10-26, 06:09:28, 9.76e-13, 8.92e-11
2019-10-26, 06:09:32, 8.55e-13, 8.91e-11
2019-10-26, 06:09:36, 9.65e-13, 8.91e-11
2019-10-26, 06:09:41, 9.87e-13, 8.92e-11
2019-10-26, 06:09:45, 9.78e-13, 8.94e-11
2019-10-26, 06:09:49, 9.65e-13, 8.89e-11
2019-10-26, 06:09:53, 9.65e-13, 8.92e-11
2019-10-26, 06:09:57, 9.27e-13, 8.9e-11
2019-10-26, 06:10:02, 9.83e-13, 8.91e-11
2019-10-26, 06:10:06, 9.97e-13, 8.91e-11
2019-10-26, 06:10:10, 9.52e-13, 8.92e-11
2019-10-26, 06:10:14, 9.78e-13, 8.94e-11
2019-10-26, 06:10:19, 9.79e-13, 8.91e-11
2019-10-26, 06:10:23, 9.79e-13, 8.9e-11
2019-10-26, 06:10:27, 9.78e-13, 8.92e-11
2019-10-26, 06:10:31, 9.66e-13, 8.92e-11
2019-10-26, 06:10:35, 1.19e-12, 8.89e-11
2019-10-26, 06:10:40, 9.37e-13, 8.95e-11
2019-10-26, 06:10:44, 9.71e-13, 8.88e-11
2019-10-26, 06:10:48, 9.59e-13, 8.94e-11
2019-10-26, 06:10:52, 9.77e-13, 8.88e-11
2019-10-26, 06:10:57, 9.97e-13, 8.9e-11
2019-10-26, 06:11:01, 1.09e-12, 8.92e-11
2019-10-26, 06:11:05, 9.55e-13, 8.91e-11
2019-10-26, 06:11:09, 9.73e-13, 8.89e-11
2019-10-26, 06:11:13, 8.74e-13, 8.91e-11
2019-10-26, 06:11:18, 9.45e-13, 8.93e-11
2019-10-26, 06:11:22, 1.14e-12, 8.95e-11
2019-10-26, 06:11:26, 9.88e-13, 8.94e-11
2019-10-26, 06:11:30, 9.54e-13, 8.92e-11
2019-10-26, 06:11:35, 1.02e-12, 8.9e-11
2019-10-26, 06:11:39, 9.92e-13, 8.93e-11
2019-10-26, 06:11:43, 1.02e-12, 8.91e-11
2019-10-26, 06:11:47, 9.75e-13, 8.91e-11
2019-10-26, 06:11:51, 9.2e-13, 8.88e-11
2019-10-26, 06:11:56, 9.46e-13, 8.88e-11
2019-10-26, 06:12:00, 1.01e-12, 8.92e-11
2019-10-26, 06:12:04, 9.64e-13, 8.89e-11
2019-10-26, 06:12:08, 9.62e-13, 8.93e-11
2019-10-26, 06:12:12, 9.37e-13, 8.89e-11
2019-10-26, 06:12:17, 1.01e-12, 8.94e-11
2019-10-26, 06:12:21, 9.8e-13, 8.91e-11
2019-10-26, 06:12:25, 8.27e-13, 8.91e-11
2019-10-26, 06:12:29, 1.02e-12, 8.92e-11
2019-10-26, 06:12:34, 1.08e-12, 8.94e-11
2019-10-26, 06:12:38, 9.24e-13, 8.93e-11
2019-10-26, 06:12:42, 1.01e-12, 8.9e-11
2019-10-26, 06:12:46, 9.74e-13, 8.89e-11
2019-10-26, 06:12:50, 9.47e-13, 8.89e-11
2019-10-26, 06:12:55, 9.8e-13, 8.94e-11
2019-10-26, 06:12:59, 9.25e-13, 8.88e-11
2019-10-26, 06:13:03, 9.92e-13, 8.93e-11
2019-10-26, 06:13:07, 9.21e-13, 8.93e-11
2019-10-26, 06:13:12, 9.66e-13, 8.92e-11
2019-10-26, 06:13:16, 9.33e-13, 8.9e-11
2019-10-26, 06:13:20, 9.65e-13, 8.91e-11
2019-10-26, 06:13:24, 9.06e-13, 8.9e-11
2019-10-26, 06:13:28, 1.01e-12, 8.88e-11
2019-10-26, 06:13:33, 9.71e-13, 8.9e-11
2019-10-26, 06:13:37, 9.75e-13, 8.91e-11
2019-10-26, 06:13:41, 1.03e-12, 8.91e-11
2019-10-26, 06:13:45, 9.66e-13, 8.91e-11
2019-10-26, 06:13:50, 9.37e-13, 8.89e-11
2019-10-26, 06:13:54, 9.07e-13, 8.9e-11
2019-10-26, 06:13:58, 1e-12, 8.91e-11
2019-10-26, 06:14:02, 1.04e-12, 8.87e-11
2019-10-26, 06:14:06, 1.02e-12, 8.9e-11
2019-10-26, 06:14:11, 9.73e-13, 8.91e-11
2019-10-26, 06:14:15, 9.78e-13, 8.93e-11
2019-10-26, 06:14:19, 1.05e-12, 8.93e-11
2019-10-26, 06:14:23, 1e-12, 8.9e-11
2019-10-26, 06:14:28, 1.01e-12, 8.91e-11
2019-10-26, 06:14:32, 9.37e-13, 8.94e-11
2019-10-26, 06:14:36, 9.78e-13, 8.93e-11
2019-10-26, 06:14:40, 9.62e-13, 8.93e-11
2019-10-26, 06:14:44, 9.68e-13, 8.95e-11
2019-10-26, 06:14:49, 9.91e-13, 8.89e-11
2019-10-26, 06:14:53, 9.49e-13, 8.92e-11
2019-10-26, 06:14:57, 9.79e-13, 8.92e-11
2019-10-26, 06:15:01, 9.91e-13, 8.91e-11
2019-10-26, 06:15:06, 9.7e-13, 8.95e-11
2019-10-26, 06:15:10, 9.85e-13, 8.9e-11
2019-10-26, 06:15:14, 9.25e-13, 8.91e-11
2019-10-26, 06:15:18, 9.63e-13, 8.9e-11
2019-10-26, 06:15:22, 8.75e-13, 8.9e-11
2019-10-26, 06:15:27, 8.71e-13, 8.89e-11
2019-10-26, 06:15:31, 9.89e-13, 8.88e-11
2019-10-26, 06:15:35, 9.36e-13, 8.93e-11
2019-10-26, 06:15:39, 9.61e-13, 8.92e-11
2019-10-26, 06:15:43, 9.61e-13, 8.95e-11
2019-10-26, 06:15:48, 1.05e-12, 8.95e-11
2019-10-26, 06:15:52, 9.36e-13, 8.92e-11
2019-10-26, 06:15:56, 1.07e-12, 8.97e-11
2019-10-26, 06:16:00, 9.57e-13, 8.92e-11
2019-10-26, 06:16:05, 9.32e-13, 8.91e-11
2019-10-26, 06:16:09, 1.05e-12, 8.95e-11
2019-10-26, 06:16:13, 9.46e-13, 8.95e-11
2019-10-26, 06:16:17, 1.03e-12, 8.91e-11
2019-10-26, 06:16:21, 9.3e-13, 8.92e-11
2019-10-26, 06:16:26, 9.65e-13, 8.95e-11
2019-10-26, 06:16:30, 9.73e-13, 8.92e-11
2019-10-26, 06:16:34, 9.45e-13, 8.94e-11
2019-10-26, 06:16:38, 1e-12, 8.93e-11
2019-10-26, 06:16:43, 1.16e-12, 8.97e-11
2019-10-26, 06:16:47, 9.52e-13, 8.93e-11
2019-10-26, 06:16:51, 9.29e-13, 8.94e-11
2019-10-26, 06:16:55, 9.09e-13, 8.97e-11
2019-10-26, 06:16:59, 9.43e-13, 8.94e-11
2019-10-26, 06:17:04, 9.78e-13, 8.96e-11
2019-10-26, 06:17:08, 9.39e-13, 8.92e-11
2019-10-26, 06:17:12, 8.98e-13, 8.92e-11
2019-10-26, 06:17:16, 9.53e-13, 8.91e-11
2019-10-26, 06:17:21, 1.05e-12, 8.93e-11
2019-10-26, 06:17:25, 9.87e-13, 8.92e-11
2019-10-26, 06:17:29, 1.01e-12, 8.96e-11
2019-10-26, 06:17:33, 8.63e-13, 8.91e-11
2019-10-26, 06:17:37, 9.56e-13, 8.93e-11
2019-10-26, 06:17:42, 9.72e-13, 8.89e-11
2019-10-26, 06:17:46, 9.73e-13, 8.96e-11
2019-10-26, 06:17:50, 1.01e-12, 8.97e-11
2019-10-26, 06:17:54, 9.25e-13, 8.98e-11
2019-10-26, 06:17:59, 9.96e-13, 8.93e-11
2019-10-26, 06:18:03, 9.46e-13, 8.96e-11
2019-10-26, 06:18:07, 1.01e-12, 8.94e-11
2019-10-26, 06:18:11, 9.93e-13, 8.95e-11
2019-10-26, 06:18:15, 9.93e-13, 8.97e-11
2019-10-26, 06:18:20, 9.86e-13, 8.94e-11
2019-10-26, 06:18:24, 9.39e-13, 8.96e-11
2019-10-26, 06:18:28, 1.08e-12, 8.96e-11
2019-10-26, 06:18:32, 9.89e-13, 8.9e-11
2019-10-26, 06:18:37, 1.04e-12, 8.9e-11
2019-10-26, 06:18:41, 9.42e-13, 8.94e-11
2019-10-26, 06:18:45, 9.46e-13, 8.94e-11
2019-10-26, 06:18:49, 1.01e-12, 8.91e-11
2019-10-26, 06:18:53, 1.12e-12, 8.94e-11
2019-10-26, 06:18:58, 9.18e-13, 8.93e-11
2019-10-26, 06:19:02, 1.01e-12, 8.91e-11
2019-10-26, 06:19:06, 8.88e-13, 8.9e-11
2019-10-26, 06:19:10, 1.05e-12, 8.91e-11
2019-10-26, 06:19:14, 9.53e-13, 8.97e-11
2019-10-26, 06:19:19, 9.62e-13, 8.93e-11
2019-10-26, 06:19:23, 1.06e-12, 8.97e-11
2019-10-26, 06:19:27, 9.83e-13, 8.96e-11
2019-10-26, 06:19:31, 9.69e-13, 8.95e-11
2019-10-26, 06:19:36, 9.3e-13, 8.92e-11
2019-10-26, 06:19:40, 9.86e-13, 8.91e-11
2019-10-26, 06:19:44, 1.05e-12, 8.95e-11
2019-10-26, 06:19:48, 9.96e-13, 8.95e-11
2019-10-26, 06:19:52, 9.76e-13, 8.95e-11
2019-10-26, 06:19:57, 9.51e-13, 8.95e-11
2019-10-26, 06:20:01, 9.5e-13, 8.94e-11
2019-10-26, 06:20:05, 1.06e-12, 8.92e-11
2019-10-26, 06:20:09, 1e-12, 8.91e-11
2019-10-26, 06:20:14, 9.76e-13, 8.94e-11
2019-10-26, 06:20:18, 9.52e-13, 8.94e-11
2019-10-26, 06:20:22, 9.66e-13, 8.92e-11
2019-10-26, 06:20:26, 9.99e-13, 8.94e-11
2019-10-26, 06:20:30, 9.42e-13, 8.94e-11
2019-10-26, 06:20:35, 1.07e-12, 8.97e-11
2019-10-26, 06:20:39, 1e-12, 8.96e-11
2019-10-26, 06:20:43, 9.91e-13, 8.92e-11
2019-10-26, 06:20:47, 9.17e-13, 8.97e-11
2019-10-26, 06:20:52, 9.74e-13, 8.95e-11
2019-10-26, 06:20:56, 8.93e-13, 8.94e-11
2019-10-26, 06:21:00, 1.01e-12, 8.95e-11
2019-10-26, 06:21:04, 9.57e-13, 8.95e-11
2019-10-26, 06:21:08, 9.96e-13, 9e-11
2019-10-26, 06:21:13, 9.47e-13, 8.91e-11
2019-10-26, 06:21:17, 9.63e-13, 8.93e-11
2019-10-26, 06:21:21, 9.63e-13, 8.99e-11
2019-10-26, 06:21:25, 9.61e-13, 8.93e-11
2019-10-26, 06:21:30, 9.18e-13, 8.92e-11
2019-10-26, 06:21:34, 1.07e-12, 8.92e-11
2019-10-26, 06:21:38, 8.21e-13, 8.91e-11
2019-10-26, 06:21:42, 9.41e-13, 8.94e-11
2019-10-26, 06:21:46, 9.71e-13, 8.91e-11
2019-10-26, 06:21:51, 9.83e-13, 8.93e-11
2019-10-26, 06:21:55, 9.94e-13, 8.94e-11
2019-10-26, 06:21:59, 9.71e-13, 8.94e-11
2019-10-26, 06:22:03, 1.09e-12, 8.95e-11
2019-10-26, 06:22:08, 1.04e-12, 8.92e-11
2019-10-26, 06:22:12, 8.75e-13, 8.92e-11
2019-10-26, 06:22:16, 9.83e-13, 8.94e-11
2019-10-26, 06:22:20, 9.51e-13, 8.93e-11
2019-10-26, 06:22:24, 9.65e-13, 8.94e-11
2019-10-26, 06:22:29, 9.21e-13, 8.94e-11
2019-10-26, 06:22:33, 1.04e-12, 8.93e-11
2019-10-26, 06:22:37, 9.78e-13, 8.94e-11
2019-10-26, 06:22:41, 9.47e-13, 8.94e-11
2019-10-26, 06:22:45, 9.95e-13, 8.91e-11
2019-10-26, 06:22:50, 9.39e-13, 8.92e-11
2019-10-26, 06:22:54, 1.1e-12, 8.93e-11
2019-10-26, 06:22:58, 1.06e-12, 8.96e-11
2019-10-26, 06:23:02, 9.86e-13, 8.91e-11
2019-10-26, 06:23:07, 9.78e-13, 8.93e-11
2019-10-26, 06:23:11, 9.32e-13, 8.91e-11
2019-10-26, 06:23:15, 9.83e-13, 8.91e-11
2019-10-26, 06:23:19, 1.05e-12, 8.95e-11
2019-10-26, 06:23:23, 9.57e-13, 8.93e-11
2019-10-26, 06:23:28, 9.32e-13, 8.92e-11
2019-10-26, 06:23:32, 7.86e-13, 8.97e-11
2019-10-26, 06:23:36, 1e-12, 8.9e-11
2019-10-26, 06:23:40, 9.84e-13, 8.93e-11
2019-10-26, 06:23:45, 9.76e-13, 8.95e-11
2019-10-26, 06:23:49, 9.98e-13, 8.9e-11
2019-10-26, 06:23:53, 8.65e-13, 8.92e-11
2019-10-26, 06:23:57, 9.61e-13, 8.91e-11
2019-10-26, 06:24:01, 9.3e-13, 8.94e-11
2019-10-26, 06:24:06, 9.35e-13, 8.92e-11
2019-10-26, 06:24:10, 9.55e-13, 8.91e-11
2019-10-26, 06:24:14, 9.42e-13, 8.92e-11
2019-10-26, 06:24:18, 9.44e-13, 8.93e-11
2019-10-26, 06:24:23, 1.06e-12, 8.92e-11
2019-10-26, 06:24:27, 9.52e-13, 8.93e-11
2019-10-26, 06:24:31, 9.81e-13, 8.94e-11
2019-10-26, 06:24:35, 9.97e-13, 8.94e-11
2019-10-26, 06:24:39, 1e-12, 8.94e-11
2019-10-26, 06:24:44, 9.67e-13, 8.91e-11
2019-10-26, 06:24:48, 9.31e-13, 8.92e-11
2019-10-26, 06:24:52, 9.91e-13, 8.92e-11
2019-10-26, 06:24:56, 9.95e-13, 8.93e-11
2019-10-26, 06:25:01, 1e-12, 8.92e-11
2019-10-26, 06:25:05, 1.01e-12, 8.96e-11
2019-10-26, 06:25:09, 1.04e-12, 8.89e-11
2019-10-26, 06:25:13, 9.56e-13, 8.93e-11
2019-10-26, 06:25:17, 9.4e-13, 8.91e-11
2019-10-26, 06:25:22, 1.01e-12, 8.94e-11
2019-10-26, 06:25:26, 1.02e-12, 8.93e-11
2019-10-26, 06:25:30, 9.89e-13, 8.9e-11
2019-10-26, 06:25:34, 9.55e-13, 8.93e-11
2019-10-26, 06:25:39, 9.61e-13, 8.9e-11
2019-10-26, 06:25:43, 1.04e-12, 8.94e-11
2019-10-26, 06:25:47, 9.96e-13, 8.92e-11
2019-10-26, 06:25:51, 9.09e-13, 8.93e-11
2019-10-26, 06:25:55, 9.83e-13, 8.93e-11
2019-10-26, 06:26:00, 1.01e-12, 8.93e-11
2019-10-26, 06:26:04, 9.9e-13, 8.93e-11
2019-10-26, 06:26:08, 9.81e-13, 8.95e-11
2019-10-26, 06:26:12, 9.4e-13, 8.9e-11
2019-10-26, 06:26:16, 9.44e-13, 8.9e-11
2019-10-26, 06:26:21, 9.71e-13, 8.91e-11
2019-10-26, 06:26:25, 1.06e-12, 8.9e-11
2019-10-26, 06:26:29, 1.02e-12, 8.92e-11
2019-10-26, 06:26:33, 9.67e-13, 8.94e-11
2019-10-26, 06:26:38, 1.03e-12, 8.96e-11
2019-10-26, 06:26:42, 9.87e-13, 8.91e-11
2019-10-26, 06:26:46, 9.16e-13, 8.92e-11
2019-10-26, 06:26:50, 9.78e-13, 8.95e-11
2019-10-26, 06:26:54, 1.03e-12, 8.92e-11
2019-10-26, 06:26:59, 9.44e-13, 8.92e-11
2019-10-26, 06:27:03, 9.72e-13, 8.9e-11
2019-10-26, 06:27:07, 9.92e-13, 8.91e-11
2019-10-26, 06:27:11, 9.98e-13, 8.94e-11
2019-10-26, 06:27:16, 9.13e-13, 8.89e-11
2019-10-26, 06:27:20, 9.61e-13, 8.9e-11
2019-10-26, 06:27:24, 1.02e-12, 8.93e-11
2019-10-26, 06:27:28, 9.49e-13, 8.94e-11
2019-10-26, 06:27:32, 9.47e-13, 8.95e-11
2019-10-26, 06:27:37, 1.06e-12, 8.96e-11
2019-10-26, 06:27:41, 9.71e-13, 8.91e-11
2019-10-26, 06:27:45, 9.59e-13, 8.91e-11
2019-10-26, 06:27:49, 9.78e-13, 8.92e-11
2019-10-26, 06:27:54, 9.51e-13, 8.89e-11
2019-10-26, 06:27:58, 9.4e-13, 8.89e-11
2019-10-26, 06:28:02, 9.56e-13, 8.91e-11
2019-10-26, 06:28:06, 1e-12, 8.89e-11
2019-10-26, 06:28:10, 9.88e-13, 8.91e-11
2019-10-26, 06:28:15, 9.43e-13, 8.92e-11
2019-10-26, 06:28:19, 9.46e-13, 8.94e-11
2019-10-26, 06:28:23, 9.83e-13, 8.9e-11
2019-10-26, 06:28:27, 9.83e-13, 8.91e-11
2019-10-26, 06:28:32, 9.75e-13, 8.92e-11
2019-10-26, 06:28:36, 9.3e-13, 8.95e-11
2019-10-26, 06:28:40, 9.83e-13, 8.94e-11
2019-10-26, 06:28:44, 9.4e-13, 8.92e-11
2019-10-26, 06:28:48, 9.31e-13, 8.89e-11
2019-10-26, 06:28:53, 9.7e-13, 8.95e-11
2019-10-26, 06:28:57, 9.77e-13, 8.9e-11
2019-10-26, 06:29:01, 1.02e-12, 8.89e-11
2019-10-26, 06:29:05, 9.76e-13, 8.95e-11
2019-10-26, 06:29:10, 9.53e-13, 8.91e-11
2019-10-26, 06:29:14, 9.69e-13, 8.95e-11
2019-10-26, 06:29:18, 9.48e-13, 8.91e-11
2019-10-26, 06:29:22, 9.25e-13, 8.93e-11
2019-10-26, 06:29:26, 9.86e-13, 8.9e-11
2019-10-26, 06:29:31, 9.54e-13, 8.94e-11
2019-10-26, 06:29:35, 9.97e-13, 8.9e-11
2019-10-26, 06:29:39, 9.66e-13, 8.9e-11
2019-10-26, 06:29:43, 1.02e-12, 8.9e-11
2019-10-26, 06:29:48, 9.86e-13, 8.94e-11
2019-10-26, 06:29:52, 1.02e-12, 8.91e-11
2019-10-26, 06:29:56, 9.56e-13, 8.92e-11
2019-10-26, 06:30:00, 1.04e-12, 8.93e-11
2019-10-26, 06:30:04, 9.32e-13, 8.89e-11
2019-10-26, 06:30:09, 9.06e-13, 8.91e-11
2019-10-26, 06:30:13, 9.57e-13, 8.95e-11
2019-10-26, 06:30:17, 1.04e-12, 8.94e-11
2019-10-26, 06:30:21, 9.28e-13, 8.93e-11
2019-10-26, 06:30:26, 9.92e-13, 8.91e-11
2019-10-26, 06:30:30, 9.12e-13, 8.9e-11
2019-10-26, 06:30:34, 1.1e-12, 8.91e-11
2019-10-26, 06:30:38, 9.46e-13, 8.89e-11
2019-10-26, 06:30:42, 8.38e-13, 8.91e-11
2019-10-26, 06:30:47, 1.14e-12, 8.91e-11
2019-10-26, 06:30:51, 9.63e-13, 8.93e-11
2019-10-26, 06:30:55, 9.95e-13, 8.93e-11
2019-10-26, 06:30:59, 9.25e-13, 8.93e-11
2019-10-26, 06:31:04, 9.22e-13, 8.91e-11
2019-10-26, 06:31:08, 9.5e-13, 8.95e-11
2019-10-26, 06:31:12, 8.89e-13, 8.94e-11
2019-10-26, 06:31:16, 9.34e-13, 8.94e-11
2019-10-26, 06:31:20, 9.21e-13, 8.92e-11
2019-10-26, 06:31:25, 1e-12, 8.91e-11
2019-10-26, 06:31:29, 9.98e-13, 8.94e-11
2019-10-26, 06:31:33, 9.83e-13, 8.93e-11
2019-10-26, 06:31:37, 9.11e-13, 8.94e-11
2019-10-26, 06:31:41, 9.64e-13, 8.91e-11
2019-10-26, 06:31:46, 1e-12, 8.92e-11
2019-10-26, 06:31:50, 9.11e-13, 8.92e-11
2019-10-26, 06:31:54, 9.59e-13, 8.94e-11
2019-10-26, 06:31:58, 9.73e-13, 8.94e-11
2019-10-26, 06:32:03, 9.59e-13, 8.93e-11
2019-10-26, 06:32:07, 1.02e-12, 8.92e-11
2019-10-26, 06:32:11, 1.02e-12, 8.89e-11
2019-10-26, 06:32:15, 9.52e-13, 8.92e-11
2019-10-26, 06:32:19, 1.04e-12, 8.91e-11
2019-10-26, 06:32:24, 9.45e-13, 8.91e-11
2019-10-26, 06:32:28, 9.52e-13, 8.91e-11
2019-10-26, 06:32:32, 9.89e-13, 8.92e-11
2019-10-26, 06:32:36, 9.87e-13, 8.89e-11
2019-10-26, 06:32:41, 9.41e-13, 8.95e-11
2019-10-26, 06:32:45, 1.01e-12, 8.94e-11
2019-10-26, 06:32:49, 9.46e-13, 8.93e-11
2019-10-26, 06:32:53, 1e-12, 8.92e-11
2019-10-26, 06:32:57, 9.86e-13, 8.92e-11
2019-10-26, 06:33:02, 9.38e-13, 8.94e-11
2019-10-26, 06:33:06, 9.89e-13, 8.94e-11
2019-10-26, 06:33:10, 9.54e-13, 8.92e-11
2019-10-26, 06:33:14, 9.48e-13, 8.93e-11
2019-10-26, 06:33:19, 1.06e-12, 8.93e-11
2019-10-26, 06:33:23, 9.76e-13, 8.91e-11
2019-10-26, 06:33:27, 1e-12, 8.93e-11
2019-10-26, 06:33:31, 9.94e-13, 8.92e-11
2019-10-26, 06:33:35, 9.95e-13, 8.91e-11
2019-10-26, 06:33:40, 9.51e-13, 8.93e-11
2019-10-26, 06:33:44, 9.99e-13, 8.93e-11
2019-10-26, 06:33:48, 1.02e-12, 8.93e-11
2019-10-26, 06:33:52, 9.42e-13, 8.95e-11
2019-10-26, 06:33:57, 1.04e-12, 8.94e-11
2019-10-26, 06:34:01, 9.44e-13, 8.93e-11
2019-10-26, 06:34:05, 9.45e-13, 8.9e-11
2019-10-26, 06:34:09, 9.74e-13, 8.93e-11
2019-10-26, 06:34:13, 1.08e-12, 8.93e-11
2019-10-26, 06:34:18, 9.41e-13, 8.93e-11
2019-10-26, 06:34:22, 1.06e-12, 8.92e-11
2019-10-26, 06:34:26, 9.32e-13, 8.93e-11
2019-10-26, 06:34:30, 1.02e-12, 8.91e-11
2019-10-26, 06:34:35, 8.9e-13, 8.93e-11
2019-10-26, 06:34:39, 9.98e-13, 8.9e-11
2019-10-26, 06:34:43, 9.42e-13, 8.94e-11
2019-10-26, 06:34:47, 9.85e-13, 8.92e-11
2019-10-26, 06:34:51, 1e-12, 8.92e-11
2019-10-26, 06:34:56, 9.5e-13, 8.91e-11
2019-10-26, 06:35:00, 9.85e-13, 8.9e-11
2019-10-26, 06:35:04, 9.52e-13, 8.91e-11
2019-10-26, 06:35:08, 9.42e-13, 8.92e-11
2019-10-26, 06:35:13, 1.04e-12, 8.92e-11
2019-10-26, 06:35:17, 1.03e-12, 8.92e-11
2019-10-26, 06:35:21, 9.69e-13, 8.97e-11
2019-10-26, 06:35:25, 1.01e-12, 8.91e-11
2019-10-26, 06:35:29, 9.67e-13, 8.93e-11
2019-10-26, 06:35:34, 1.01e-12, 8.91e-11
2019-10-26, 06:35:38, 9.79e-13, 8.95e-11
2019-10-26, 06:35:42, 9.88e-13, 8.92e-11
2019-10-26, 06:35:46, 9.17e-13, 8.89e-11
2019-10-26, 06:35:50, 9.19e-13, 8.92e-11
2019-10-26, 06:35:55, 1.01e-12, 8.92e-11
2019-10-26, 06:35:59, 8.28e-13, 8.91e-11
2019-10-26, 06:36:03, 9.78e-13, 8.91e-11
2019-10-26, 06:36:07, 9.13e-13, 8.89e-11
2019-10-26, 06:36:12, 1.1e-12, 8.9e-11
2019-10-26, 06:36:16, 8.82e-13, 8.91e-11
2019-10-26, 06:36:20, 9.9e-13, 8.93e-11
2019-10-26, 06:36:24, 9.27e-13, 8.93e-11
2019-10-26, 06:36:28, 1e-12, 8.93e-11
2019-10-26, 06:36:33, 9.66e-13, 8.94e-11
2019-10-26, 06:36:37, 9.7e-13, 8.91e-11
2019-10-26, 06:36:41, 1.03e-12, 8.91e-11
2019-10-26, 06:36:45, 9.65e-13, 8.91e-11
2019-10-26, 06:36:50, 9.54e-13, 8.92e-11
2019-10-26, 06:36:54, 8.65e-13, 8.95e-11
2019-10-26, 06:36:58, 1.04e-12, 8.91e-11
2019-10-26, 06:37:02, 1.01e-12, 8.88e-11
2019-10-26, 06:37:06, 1e-12, 8.94e-11
2019-10-26, 06:37:11, 1.12e-12, 8.94e-11
2019-10-26, 06:37:15, 9.94e-13, 8.94e-11
2019-10-26, 06:37:19, 8.81e-13, 8.91e-11
2019-10-26, 06:37:23, 9.93e-13, 8.9e-11
2019-10-26, 06:37:28, 9.54e-13, 8.91e-11
2019-10-26, 06:37:32, 9.87e-13, 8.87e-11
2019-10-26, 06:37:36, 1.02e-12, 8.88e-11
2019-10-26, 06:37:40, 8.12e-13, 8.95e-11
2019-10-26, 06:37:44, 9.58e-13, 8.9e-11
2019-10-26, 06:37:49, 9.06e-13, 8.92e-11
2019-10-26, 06:37:53, 9.84e-13, 8.94e-11
2019-10-26, 06:37:57, 1.03e-12, 8.89e-11
2019-10-26, 06:38:01, 9.48e-13, 8.9e-11
2019-10-26, 06:38:06, 9.42e-13, 8.94e-11
2019-10-26, 06:38:10, 9.71e-13, 8.92e-11
2019-10-26, 06:38:14, 1.01e-12, 8.9e-11
2019-10-26, 06:38:18, 9.31e-13, 8.94e-11
2019-10-26, 06:38:22, 9.29e-13, 8.91e-11
2019-10-26, 06:38:27, 9.99e-13, 8.94e-11
2019-10-26, 06:38:31, 9.78e-13, 8.93e-11
2019-10-26, 06:38:35, 9.89e-13, 8.94e-11
2019-10-26, 06:38:39, 1.2e-12, 8.89e-11
2019-10-26, 06:38:44, 9.58e-13, 8.98e-11
2019-10-26, 06:38:48, 9.76e-13, 8.93e-11
2019-10-26, 06:38:52, 9.77e-13, 8.93e-11
2019-10-26, 06:38:56, 9.68e-13, 8.91e-11
2019-10-26, 06:39:00, 9.06e-13, 8.92e-11
2019-10-26, 06:39:05, 8.78e-13, 8.92e-11
2019-10-26, 06:39:09, 9.81e-13, 8.93e-11
2019-10-26, 06:39:13, 1.05e-12, 8.93e-11
2019-10-26, 06:39:17, 9e-13, 8.91e-11
2019-10-26, 06:39:21, 9.27e-13, 8.93e-11
2019-10-26, 06:39:26, 9.72e-13, 8.9e-11
2019-10-26, 06:39:30, 9.47e-13, 8.92e-11
2019-10-26, 06:39:34, 9.7e-13, 8.94e-11
2019-10-26, 06:39:38, 1e-12, 8.87e-11
2019-10-26, 06:39:43, 1e-12, 8.88e-11
2019-10-26, 06:39:47, 9.77e-13, 8.91e-11
2019-10-26, 06:39:51, 9.27e-13, 8.92e-11
2019-10-26, 06:39:55, 9.56e-13, 8.91e-11
2019-10-26, 06:39:59, 9.73e-13, 8.94e-11
2019-10-26, 06:40:04, 8.65e-13, 8.89e-11
2019-10-26, 06:40:08, 1.01e-12, 8.92e-11
2019-10-26, 06:40:12, 9.92e-13, 8.92e-11
2019-10-26, 06:40:16, 9.44e-13, 8.93e-11
2019-10-26, 06:40:21, 1.1e-12, 8.9e-11
2019-10-26, 06:40:25, 9.82e-13, 8.94e-11
2019-10-26, 06:40:29, 9.98e-13, 8.93e-11
2019-10-26, 06:40:33, 9.87e-13, 8.92e-11
2019-10-26, 06:40:37, 9.4e-13, 8.94e-11
2019-10-26, 06:40:42, 9.12e-13, 8.91e-11
2019-10-26, 06:40:46, 9.91e-13, 8.93e-11
2019-10-26, 06:40:50, 9.88e-13, 8.97e-11
2019-10-26, 06:40:54, 9.63e-13, 8.88e-11
2019-10-26, 06:40:59, 1.02e-12, 8.94e-11
2019-10-26, 06:41:03, 9.3e-13, 8.91e-11
2019-10-26, 06:41:07, 9.35e-13, 8.96e-11
2019-10-26, 06:41:11, 9.81e-13, 8.93e-11
2019-10-26, 06:41:15, 9.87e-13, 8.9e-11
2019-10-26, 06:41:20, 1.01e-12, 8.91e-11
2019-10-26, 06:41:24, 9.56e-13, 8.92e-11
2019-10-26, 06:41:28, 9.55e-13, 8.9e-11
2019-10-26, 06:41:32, 9.87e-13, 8.96e-11
2019-10-26, 06:41:37, 9.68e-13, 8.93e-11
2019-10-26, 06:41:41, 9.63e-13, 8.95e-11
2019-10-26, 06:41:45, 9.42e-13, 8.94e-11
2019-10-26, 06:41:49, 9.97e-13, 8.91e-11
2019-10-26, 06:41:53, 9.55e-13, 8.94e-11
2019-10-26, 06:41:58, 1.01e-12, 8.93e-11
2019-10-26, 06:42:02, 9.13e-13, 8.89e-11
2019-10-26, 06:42:06, 1.02e-12, 8.91e-11
2019-10-26, 06:42:10, 9.09e-13, 8.94e-11
2019-10-26, 06:42:15, 1.02e-12, 8.95e-11
2019-10-26, 06:42:19, 9.87e-13, 8.91e-11
2019-10-26, 06:42:23, 1.01e-12, 8.88e-11
2019-10-26, 06:42:27, 9.8e-13, 8.94e-11
2019-10-26, 06:42:31, 9.79e-13, 8.91e-11
2019-10-26, 06:42:36, 9.26e-13, 8.94e-11
2019-10-26, 06:42:40, 9.66e-13, 8.93e-11
2019-10-26, 06:42:44, 9.88e-13, 8.93e-11
2019-10-26, 06:42:48, 9.87e-13, 8.9e-11
2019-10-26, 06:42:53, 9.48e-13, 8.94e-11
2019-10-26, 06:42:57, 1.03e-12, 8.91e-11
2019-10-26, 06:43:01, 9.74e-13, 8.93e-11
2019-10-26, 06:43:05, 1e-12, 8.92e-11
2019-10-26, 06:43:09, 1.01e-12, 8.9e-11
2019-10-26, 06:43:14, 9.29e-13, 8.94e-11
2019-10-26, 06:43:18, 1e-12, 8.93e-11
2019-10-26, 06:43:22, 9.76e-13, 8.91e-11
2019-10-26, 06:43:26, 8.73e-13, 8.93e-11
2019-10-26, 06:43:30, 9.63e-13, 8.92e-11
2019-10-26, 06:43:35, 9.09e-13, 8.93e-11
2019-10-26, 06:43:39, 9.54e-13, 8.91e-11
2019-10-26, 06:43:43, 9.92e-13, 8.95e-11
2019-10-26, 06:43:47, 9.47e-13, 8.9e-11
2019-10-26, 06:43:52, 9.28e-13, 8.92e-11
2019-10-26, 06:43:56, 9.43e-13, 8.93e-11
2019-10-26, 06:44:00, 1.04e-12, 8.95e-11
2019-10-26, 06:44:04, 9.91e-13, 8.9e-11
2019-10-26, 06:44:08, 9.59e-13, 8.92e-11
2019-10-26, 06:44:13, 9.64e-13, 8.93e-11
2019-10-26, 06:44:17, 1.02e-12, 8.9e-11
2019-10-26, 06:44:21, 9.72e-13, 8.97e-11
2019-10-26, 06:44:25, 9.27e-13, 8.95e-11
2019-10-26, 06:44:30, 9.94e-13, 8.94e-11
2019-10-26, 06:44:34, 1.03e-12, 8.92e-11
2019-10-26, 06:44:38, 1.02e-12, 8.89e-11
2019-10-26, 06:44:42, 1.08e-12, 8.93e-11
2019-10-26, 06:44:46, 9.71e-13, 8.93e-11
2019-10-26, 06:44:51, 9.99e-13, 8.93e-11
2019-10-26, 06:44:55, 1.03e-12, 8.97e-11
2019-10-26, 06:44:59, 1.04e-12, 8.91e-11
2019-10-26, 06:45:03, 9.99e-13, 8.91e-11
2019-10-26, 06:45:08, 7.83e-13, 8.93e-11
2019-10-26, 06:45:12, 9.21e-13, 8.96e-11
2019-10-26, 06:45:16, 9.67e-13, 8.9e-11
2019-10-26, 06:45:20, 9.92e-13, 8.94e-11
2019-10-26, 06:45:24, 9.86e-13, 8.93e-11
2019-10-26, 06:45:29, 1.01e-12, 8.94e-11
2019-10-26, 06:45:33, 9.77e-13, 8.94e-11
2019-10-26, 06:45:37, 9.41e-13, 8.95e-11
2019-10-26, 06:45:41, 9.91e-13, 8.94e-11
2019-10-26, 06:45:46, 1e-12, 8.95e-11
2019-10-26, 06:45:50, 1e-12, 8.95e-11
2019-10-26, 06:45:54, 9.86e-13, 8.99e-11
2019-10-26, 06:45:58, 9.75e-13, 8.95e-11
2019-10-26, 06:46:02, 9.73e-13, 8.95e-11
2019-10-26, 06:46:07, 9.1e-13, 8.92e-11
2019-10-26, 06:46:11, 8.25e-13, 8.92e-11
2019-10-26, 06:46:15, 9.51e-13, 8.91e-11
2019-10-26, 06:46:19, 9.34e-13, 8.93e-11
2019-10-26, 06:46:24, 1.08e-12, 8.93e-11
2019-10-26, 06:46:28, 9.52e-13, 8.94e-11
2019-10-26, 06:46:32, 9.98e-13, 8.93e-11
2019-10-26, 06:46:36, 9.18e-13, 8.94e-11
2019-10-26, 06:46:40, 9.8e-13, 8.9e-11
2019-10-26, 06:46:45, 9.63e-13, 8.93e-11
2019-10-26, 06:46:49, 9.89e-13, 8.92e-11
2019-10-26, 06:46:53, 9.47e-13, 8.92e-11
2019-10-26, 06:46:57, 9.38e-13, 8.93e-11
2019-10-26, 06:47:01, 1.05e-12, 8.93e-11
2019-10-26, 06:47:06, 9.81e-13, 8.94e-11
2019-10-26, 06:47:10, 1.13e-12, 8.92e-11
2019-10-26, 06:47:14, 9.32e-13, 8.93e-11
2019-10-26, 06:47:18, 9.55e-13, 8.91e-11
2019-10-26, 06:47:23, 1.01e-12, 8.94e-11
2019-10-26, 06:47:27, 1.03e-12, 8.96e-11
2019-10-26, 06:47:31, 9.49e-13, 8.92e-11
2019-10-26, 06:47:35, 9.68e-13, 8.95e-11
2019-10-26, 06:47:39, 9.49e-13, 8.93e-11
2019-10-26, 06:47:44, 9.52e-13, 8.91e-11
2019-10-26, 06:47:48, 1.04e-12, 8.91e-11
2019-10-26, 06:47:52, 9.95e-13, 8.94e-11
2019-10-26, 06:47:56, 1e-12, 8.92e-11
2019-10-26, 06:48:01, 1.01e-12, 8.9e-11
2019-10-26, 06:48:05, 1.02e-12, 8.97e-11
2019-10-26, 06:48:09, 9.68e-13, 8.93e-11
2019-10-26, 06:48:13, 1.01e-12, 8.93e-11
2019-10-26, 06:48:17, 9.03e-13, 8.94e-11
2019-10-26, 06:48:22, 1.08e-12, 8.92e-11
2019-10-26, 06:48:26, 9.81e-13, 8.97e-11
2019-10-26, 06:48:30, 8.83e-13, 8.9e-11
2019-10-26, 06:48:34, 9.09e-13, 8.94e-11
2019-10-26, 06:48:39, 1.04e-12, 8.92e-11
2019-10-26, 06:48:43, 9.68e-13, 8.93e-11
2019-10-26, 06:48:47, 1e-12, 8.92e-11
2019-10-26, 06:48:51, 9.98e-13, 8.92e-11
2019-10-26, 06:48:55, 9.76e-13, 8.93e-11
2019-10-26, 06:49:00, 9.91e-13, 8.94e-11
2019-10-26, 06:49:04, 9.73e-13, 8.9e-11
2019-10-26, 06:49:08, 9.63e-13, 8.91e-11
2019-10-26, 06:49:12, 1.03e-12, 8.93e-11
2019-10-26, 06:49:17, 9.9e-13, 8.94e-11
2019-10-26, 06:49:21, 9.41e-13, 8.92e-11
2019-10-26, 06:49:25, 9.09e-13, 8.9e-11
2019-10-26, 06:49:29, 9.49e-13, 8.93e-11
2019-10-26, 06:49:33, 9.64e-13, 8.95e-11
2019-10-26, 06:49:38, 1.01e-12, 8.92e-11
2019-10-26, 06:49:42, 1e-12, 8.91e-11
2019-10-26, 06:49:46, 9.52e-13, 8.96e-11
2019-10-26, 06:49:50, 1e-12, 8.91e-11
2019-10-26, 06:49:55, 1.04e-12, 8.91e-11
2019-10-26, 06:49:59, 9.44e-13, 8.92e-11
2019-10-26, 06:50:03, 1.02e-12, 8.92e-11
2019-10-26, 06:50:07, 9.23e-13, 8.92e-11
2019-10-26, 06:50:11, 9.93e-13, 8.92e-11
2019-10-26, 06:50:16, 9.53e-13, 8.94e-11
2019-10-26, 06:50:20, 9.35e-13, 8.9e-11
2019-10-26, 06:50:24, 9.42e-13, 8.91e-11
2019-10-26, 06:50:28, 9.84e-13, 8.92e-11
2019-10-26, 06:50:33, 9.4e-13, 8.95e-11
2019-10-26, 06:50:37, 9.61e-13, 8.9e-11
2019-10-26, 06:50:41, 1.01e-12, 8.92e-11
2019-10-26, 06:50:45, 1.01e-12, 8.96e-11
2019-10-26, 06:50:49, 9.66e-13, 8.92e-11
2019-10-26, 06:50:54, 8.76e-13, 8.93e-11
2019-10-26, 06:50:58, 1.09e-12, 8.94e-11
2019-10-26, 06:51:02, 9.37e-13, 8.91e-11
2019-10-26, 06:51:06, 9.86e-13, 8.93e-11
2019-10-26, 06:51:10, 9.38e-13, 8.93e-11
2019-10-26, 06:51:15, 1.01e-12, 8.93e-11
2019-10-26, 06:51:19, 9.65e-13, 8.96e-11
2019-10-26, 06:51:23, 1.01e-12, 8.92e-11
2019-10-26, 06:51:27, 9.52e-13, 8.94e-11
2019-10-26, 06:51:32, 1.04e-12, 8.93e-11
2019-10-26, 06:51:36, 8.67e-13, 8.92e-11
2019-10-26, 06:51:40, 9.48e-13, 8.97e-11
2019-10-26, 06:51:44, 1.02e-12, 8.96e-11
2019-10-26, 06:51:48, 1.01e-12, 8.96e-11
2019-10-26, 06:51:53, 9.57e-13, 8.96e-11
2019-10-26, 06:51:57, 9.54e-13, 8.97e-11
2019-10-26, 06:52:01, 9.6e-13, 8.95e-11
2019-10-26, 06:52:05, 1.05e-12, 8.94e-11
2019-10-26, 06:52:10, 9.98e-13, 9e-11
2019-10-26, 06:52:14, 9.57e-13, 8.94e-11
2019-10-26, 06:52:18, 9.82e-13, 8.92e-11
2019-10-26, 06:52:22, 9.96e-13, 8.92e-11
2019-10-26, 06:52:26, 1.02e-12, 8.94e-11
2019-10-26, 06:52:31, 9.75e-13, 8.89e-11
2019-10-26, 06:52:35, 1.08e-12, 8.95e-11
2019-10-26, 06:52:39, 1e-12, 8.9e-11
2019-10-26, 06:52:43, 9.91e-13, 8.96e-11
2019-10-26, 06:52:48, 1.03e-12, 8.9e-11
2019-10-26, 06:52:52, 8.12e-13, 8.94e-11
2019-10-26, 06:52:56, 9.54e-13, 8.95e-11
2019-10-26, 06:53:00, 9.15e-13, 8.96e-11
2019-10-26, 06:53:04, 9.99e-13, 8.92e-11
2019-10-26, 06:53:09, 9.51e-13, 8.91e-11
2019-10-26, 06:53:13, 9.54e-13, 8.94e-11
2019-10-26, 06:53:17, 1.03e-12, 8.92e-11
2019-10-26, 06:53:21, 9.44e-13, 8.94e-11
2019-10-26, 06:53:26, 8.52e-13, 8.91e-11
2019-10-26, 06:53:30, 9.78e-13, 8.91e-11
2019-10-26, 06:53:34, 1.05e-12, 8.9e-11
2019-10-26, 06:53:38, 9.59e-13, 8.91e-11
2019-10-26, 06:53:42, 1.01e-12, 8.93e-11
2019-10-26, 06:53:47, 8.9e-13, 8.91e-11
2019-10-26, 06:53:51, 9.87e-13, 8.93e-11
2019-10-26, 06:53:55, 9.43e-13, 8.91e-11
2019-10-26, 06:53:59, 9.87e-13, 8.92e-11
2019-10-26, 06:54:04, 9.67e-13, 8.94e-11
2019-10-26, 06:54:08, 9.4e-13, 8.94e-11
2019-10-26, 06:54:12, 9.87e-13, 8.91e-11
2019-10-26, 06:54:16, 9.72e-13, 8.92e-11
2019-10-26, 06:54:20, 9.64e-13, 8.96e-11
2019-10-26, 06:54:25, 9.83e-13, 8.92e-11
2019-10-26, 06:54:29, 1.02e-12, 8.91e-11
2019-10-26, 06:54:33, 1.15e-12, 8.94e-11
2019-10-26, 06:54:37, 1.07e-12, 8.92e-11
2019-10-26, 06:54:42, 9.49e-13, 8.92e-11
2019-10-26, 06:54:46, 1.03e-12, 8.94e-11
2019-10-26, 06:54:50, 8.69e-13, 8.93e-11
2019-10-26, 06:54:54, 9.58e-13, 8.96e-11
2019-10-26, 06:54:58, 9.64e-13, 8.92e-11
2019-10-26, 06:55:03, 9.9e-13, 8.91e-11
2019-10-26, 06:55:07, 9.54e-13, 8.92e-11
2019-10-26, 06:55:11, 9.69e-13, 8.95e-11
2019-10-26, 06:55:15, 1.06e-12, 8.92e-11
2019-10-26, 06:55:20, 1.02e-12, 8.92e-11
2019-10-26, 06:55:24, 9.98e-13, 8.95e-11
2019-10-26, 06:55:28, 9.57e-13, 8.91e-11
2019-10-26, 06:55:32, 1e-12, 8.95e-11
2019-10-26, 06:55:36, 9.97e-13, 8.94e-11
2019-10-26, 06:55:41, 9.9e-13, 8.96e-11
2019-10-26, 06:55:45, 8.9e-13, 8.91e-11
2019-10-26, 06:55:49, 9.95e-13, 8.91e-11
2019-10-26, 06:55:53, 1.03e-12, 8.98e-11
2019-10-26, 06:55:57, 1.01e-12, 8.95e-11
2019-10-26, 06:56:02, 1.01e-12, 8.93e-11
2019-10-26, 06:56:06, 9.94e-13, 8.95e-11
2019-10-26, 06:56:10, 9.04e-13, 8.93e-11
2019-10-26, 06:56:14, 9.94e-13, 8.95e-11
2019-10-26, 06:56:19, 1.17e-12, 8.94e-11
2019-10-26, 06:56:23, 9.22e-13, 8.93e-11
2019-10-26, 06:56:27, 9.48e-13, 8.9e-11
2019-10-26, 06:56:31, 9.81e-13, 8.92e-11
2019-10-26, 06:56:35, 9.83e-13, 8.91e-11
2019-10-26, 06:56:40, 9.86e-13, 8.93e-11
2019-10-26, 06:56:44, 9.79e-13, 8.96e-11
2019-10-26, 06:56:48, 9.65e-13, 8.93e-11
2019-10-26, 06:56:52, 1.02e-12, 8.93e-11
2019-10-26, 06:56:57, 1e-12, 8.88e-11
2019-10-26, 06:57:01, 1.01e-12, 8.94e-11
2019-10-26, 06:57:05, 1.02e-12, 8.96e-11
2019-10-26, 06:57:09, 9.66e-13, 8.92e-11
2019-10-26, 06:57:13, 8.3e-13, 8.93e-11
2019-10-26, 06:57:18, 1.02e-12, 8.89e-11
2019-10-26, 06:57:22, 9.34e-13, 8.92e-11
2019-10-26, 06:57:26, 9.48e-13, 8.92e-11
2019-10-26, 06:57:30, 9.58e-13, 8.92e-11
2019-10-26, 06:57:35, 9.99e-13, 8.91e-11
2019-10-26, 06:57:39, 9.29e-13, 8.92e-11
2019-10-26, 06:57:43, 9.83e-13, 8.93e-11
2019-10-26, 06:57:47, 1.08e-12, 8.92e-11
2019-10-26, 06:57:51, 9.89e-13, 8.89e-11
2019-10-26, 06:57:56, 9.42e-13, 8.94e-11
2019-10-26, 06:58:00, 1.01e-12, 8.88e-11
2019-10-26, 06:58:04, 1.05e-12, 8.93e-11
2019-10-26, 06:58:08, 9.47e-13, 8.92e-11
2019-10-26, 06:58:13, 9.61e-13, 8.92e-11
2019-10-26, 06:58:17, 9.5e-13, 8.92e-11
2019-10-26, 06:58:21, 9.95e-13, 8.92e-11
2019-10-26, 06:58:25, 9.24e-13, 8.92e-11
2019-10-26, 06:58:29, 9.54e-13, 8.94e-11
2019-10-26, 06:58:34, 9.98e-13, 8.93e-11
2019-10-26, 06:58:38, 9.99e-13, 8.93e-11
2019-10-26, 06:58:42, 9.49e-13, 8.93e-11
2019-10-26, 06:58:46, 9.53e-13, 8.9e-11
2019-10-26, 06:58:51, 9.46e-13, 8.91e-11
2019-10-26, 06:58:55, 1.01e-12, 8.93e-11
2019-10-26, 06:58:59, 9.8e-13, 8.92e-11
2019-10-26, 06:59:03, 1.01e-12, 8.92e-11
2019-10-26, 06:59:07, 9.08e-13, 8.95e-11
2019-10-26, 06:59:12, 1e-12, 8.94e-11
2019-10-26, 06:59:16, 9.74e-13, 8.94e-11
2019-10-26, 06:59:20, 9.52e-13, 8.92e-11
2019-10-26, 06:59:24, 9.32e-13, 8.95e-11
2019-10-26, 06:59:29, 1.02e-12, 8.95e-11
2019-10-26, 06:59:33, 9.73e-13, 8.93e-11
2019-10-26, 06:59:37, 9.98e-13, 8.93e-11
2019-10-26, 06:59:41, 1.01e-12, 8.92e-11
2019-10-26, 06:59:45, 1.08e-12, 8.93e-11
2019-10-26, 06:59:50, 9.59e-13, 8.94e-11
2019-10-26, 06:59:54, 9.49e-13, 8.92e-11
2019-10-26, 06:59:58, 9.95e-13, 8.92e-11
2019-10-26, 07:00:02, 1.02e-12, 8.95e-11
2019-10-26, 07:00:07, 9.74e-13, 8.91e-11
2019-10-26, 07:00:11, 1e-12, 8.92e-11
2019-10-26, 07:00:15, 9.46e-13, 8.95e-11
2019-10-26, 07:00:19, 1.1e-12, 8.89e-11
2019-10-26, 07:00:23, 9.65e-13, 8.91e-11
2019-10-26, 07:00:28, 9.3e-13, 8.92e-11
2019-10-26, 07:00:32, 9.32e-13, 8.92e-11
2019-10-26, 07:00:36, 9.89e-13, 8.89e-11
2019-10-26, 07:00:40, 1.04e-12, 8.89e-11
2019-10-26, 07:00:44, 9.26e-13, 8.91e-11
2019-10-26, 07:00:49, 9.79e-13, 8.91e-11
2019-10-26, 07:00:53, 9.61e-13, 8.92e-11
2019-10-26, 07:00:57, 9.32e-13, 8.89e-11
2019-10-26, 07:01:01, 8.63e-13, 8.94e-11
2019-10-26, 07:01:06, 9.36e-13, 8.9e-11
2019-10-26, 07:01:10, 9.85e-13, 8.9e-11
2019-10-26, 07:01:14, 1.14e-12, 8.92e-11
2019-10-26, 07:01:18, 9.69e-13, 8.93e-11
2019-10-26, 07:01:22, 9.78e-13, 8.92e-11
2019-10-26, 07:01:27, 9.98e-13, 8.93e-11
2019-10-26, 07:01:31, 9.72e-13, 8.91e-11
2019-10-26, 07:01:35, 9.56e-13, 8.9e-11
2019-10-26, 07:01:39, 9.7e-13, 8.96e-11
2019-10-26, 07:01:44, 9.9e-13, 8.94e-11
2019-10-26, 07:01:48, 9.33e-13, 8.93e-11
2019-10-26, 07:01:52, 1e-12, 8.94e-11
2019-10-26, 07:01:56, 9.51e-13, 8.93e-11
2019-10-26, 07:02:00, 1.07e-12, 8.98e-11
2019-10-26, 07:02:05, 9.97e-13, 8.94e-11
2019-10-26, 07:02:09, 9.96e-13, 8.93e-11
2019-10-26, 07:02:13, 9.93e-13, 8.91e-11
2019-10-26, 07:02:17, 9.67e-13, 8.94e-11
2019-10-26, 07:02:22, 9.66e-13, 8.9e-11
2019-10-26, 07:02:26, 9.86e-13, 8.95e-11
2019-10-26, 07:02:30, 9.73e-13, 8.91e-11
2019-10-26, 07:02:34, 9.33e-13, 8.94e-11
2019-10-26, 07:02:38, 9.77e-13, 8.94e-11
2019-10-26, 07:02:43, 9.59e-13, 8.92e-11
2019-10-26, 07:02:47, 9.87e-13, 8.92e-11
2019-10-26, 07:02:51, 9.97e-13, 8.91e-11
2019-10-26, 07:02:55, 9.48e-13, 8.94e-11
2019-10-26, 07:03:00, 9.16e-13, 8.9e-11
2019-10-26, 07:03:04, 9.38e-13, 8.93e-11
2019-10-26, 07:03:08, 1e-12, 8.93e-11
2019-10-26, 07:03:12, 9.84e-13, 8.92e-11
2019-10-26, 07:03:16, 9.39e-13, 8.95e-11
2019-10-26, 07:03:21, 1.04e-12, 8.91e-11
2019-10-26, 07:03:25, 9.82e-13, 8.91e-11
2019-10-26, 07:03:29, 9.3e-13, 8.91e-11
2019-10-26, 07:03:33, 1.14e-12, 8.92e-11
2019-10-26, 07:03:38, 9.37e-13, 8.93e-11
2019-10-26, 07:03:42, 9.44e-13, 8.94e-11
2019-10-26, 07:03:46, 9.34e-13, 8.95e-11
2019-10-26, 07:03:50, 9.89e-13, 8.92e-11
2019-10-26, 07:03:54, 9.64e-13, 8.92e-11
2019-10-26, 07:03:59, 1.04e-12, 8.95e-11
2019-10-26, 07:04:03, 9.94e-13, 8.93e-11
2019-10-26, 07:04:07, 9.46e-13, 8.95e-11
2019-10-26, 07:04:11, 9.89e-13, 8.92e-11
2019-10-26, 07:04:16, 9.27e-13, 8.93e-11
2019-10-26, 07:04:20, 9.53e-13, 8.92e-11
2019-10-26, 07:04:24, 1.04e-12, 8.91e-11
2019-10-26, 07:04:28, 1.03e-12, 8.93e-11
2019-10-26, 07:04:32, 1.02e-12, 8.93e-11
2019-10-26, 07:04:37, 9.25e-13, 8.9e-11
2019-10-26, 07:04:41, 1.04e-12, 8.96e-11
2019-10-26, 07:04:45, 9.59e-13, 8.93e-11
2019-10-26, 07:04:49, 9.91e-13, 8.92e-11
2019-10-26, 07:04:54, 1.02e-12, 8.93e-11
2019-10-26, 07:04:58, 9.84e-13, 8.96e-11
2019-10-26, 07:05:02, 9.33e-13, 8.93e-11
2019-10-26, 07:05:06, 9.38e-13, 8.91e-11
2019-10-26, 07:05:10, 9.64e-13, 8.94e-11
2019-10-26, 07:05:15, 9.81e-13, 8.94e-11
2019-10-26, 07:05:19, 9.09e-13, 8.9e-11
2019-10-26, 07:05:23, 9.69e-13, 8.88e-11
2019-10-26, 07:05:27, 9.32e-13, 8.95e-11
2019-10-26, 07:05:32, 1.02e-12, 8.89e-11
2019-10-26, 07:05:36, 9.23e-13, 8.94e-11
2019-10-26, 07:05:40, 9.78e-13, 8.95e-11
2019-10-26, 07:05:44, 1e-12, 8.99e-11
2019-10-26, 07:05:48, 1.04e-12, 8.93e-11
2019-10-26, 07:05:53, 9.92e-13, 8.95e-11
2019-10-26, 07:05:57, 9.7e-13, 8.92e-11
2019-10-26, 07:06:01, 9.89e-13, 8.91e-11
2019-10-26, 07:06:05, 9.68e-13, 8.92e-11
2019-10-26, 07:06:10, 9.82e-13, 8.96e-11
2019-10-26, 07:06:14, 8.85e-13, 8.91e-11
2019-10-26, 07:06:18, 9.55e-13, 8.96e-11
2019-10-26, 07:06:22, 9.44e-13, 8.94e-11
2019-10-26, 07:06:26, 1.01e-12, 8.91e-11
2019-10-26, 07:06:31, 1.02e-12, 8.94e-11
2019-10-26, 07:06:35, 9.94e-13, 8.92e-11
2019-10-26, 07:06:39, 1.03e-12, 8.96e-11
2019-10-26, 07:06:43, 9.98e-13, 8.93e-11
2019-10-26, 07:06:47, 9.96e-13, 8.91e-11
2019-10-26, 07:06:52, 9.94e-13, 8.92e-11
2019-10-26, 07:06:56, 9.26e-13, 8.93e-11
2019-10-26, 07:07:00, 9.92e-13, 8.98e-11
2019-10-26, 07:07:04, 9.48e-13, 8.94e-11
2019-10-26, 07:07:09, 9.75e-13, 8.92e-11
2019-10-26, 07:07:13, 9.65e-13, 8.96e-11
2019-10-26, 07:07:17, 9.81e-13, 8.91e-11
2019-10-26, 07:07:21, 8.25e-13, 8.93e-11
2019-10-26, 07:07:25, 9.23e-13, 8.96e-11
2019-10-26, 07:07:30, 1e-12, 8.92e-11
2019-10-26, 07:07:34, 1.04e-12, 8.95e-11
2019-10-26, 07:07:38, 1.05e-12, 8.92e-11
2019-10-26, 07:07:42, 1.14e-12, 8.92e-11
2019-10-26, 07:07:47, 9.52e-13, 8.94e-11
2019-10-26, 07:07:51, 9.64e-13, 8.96e-11
2019-10-26, 07:07:55, 9.17e-13, 8.95e-11
2019-10-26, 07:07:59, 9.8e-13, 8.95e-11
2019-10-26, 07:08:03, 1.02e-12, 8.95e-11
2019-10-26, 07:08:08, 9.85e-13, 8.92e-11
2019-10-26, 07:08:12, 9.55e-13, 8.89e-11
2019-10-26, 07:08:16, 9.66e-13, 8.94e-11
2019-10-26, 07:08:20, 9.9e-13, 8.98e-11
2019-10-26, 07:08:25, 9.5e-13, 8.94e-11
2019-10-26, 07:08:29, 1e-12, 8.91e-11
2019-10-26, 07:08:33, 9.7e-13, 8.93e-11
2019-10-26, 07:08:37, 9.83e-13, 8.91e-11
2019-10-26, 07:08:41, 9.22e-13, 8.9e-11
2019-10-26, 07:08:46, 9.9e-13, 8.94e-11
2019-10-26, 07:08:50, 9.2e-13, 8.9e-11
2019-10-26, 07:08:54, 9.85e-13, 8.9e-11
2019-10-26, 07:08:58, 9.56e-13, 8.94e-11
2019-10-26, 07:09:03, 1.07e-12, 8.91e-11
2019-10-26, 07:09:07, 1.01e-12, 8.93e-11
2019-10-26, 07:09:11, 1e-12, 8.92e-11
2019-10-26, 07:09:15, 9.31e-13, 8.92e-11
2019-10-26, 07:09:19, 9.92e-13, 8.92e-11
2019-10-26, 07:09:24, 1e-12, 8.95e-11
2019-10-26, 07:09:28, 9.56e-13, 8.96e-11
2019-10-26, 07:09:32, 9.34e-13, 8.94e-11
2019-10-26, 07:09:36, 1.08e-12, 8.97e-11
2019-10-26, 07:09:41, 9.63e-13, 8.94e-11
2019-10-26, 07:09:45, 1.04e-12, 8.92e-11
2019-10-26, 07:09:49, 8.94e-13, 8.91e-11
2019-10-26, 07:09:53, 9.97e-13, 8.93e-11
2019-10-26, 07:09:57, 1.01e-12, 8.94e-11
2019-10-26, 07:10:02, 9.72e-13, 8.91e-11
2019-10-26, 07:10:06, 9.51e-13, 8.95e-11
2019-10-26, 07:10:10, 1.01e-12, 8.92e-11
2019-10-26, 07:10:14, 9.71e-13, 8.95e-11
2019-10-26, 07:10:19, 9.75e-13, 8.93e-11
2019-10-26, 07:10:23, 9.34e-13, 8.93e-11
2019-10-26, 07:10:27, 1.02e-12, 8.93e-11
2019-10-26, 07:10:31, 9.51e-13, 8.93e-11
2019-10-26, 07:10:35, 8.77e-13, 8.9e-11
2019-10-26, 07:10:40, 9.75e-13, 8.92e-11
2019-10-26, 07:10:44, 9.38e-13, 8.96e-11
2019-10-26, 07:10:48, 9.32e-13, 8.94e-11
2019-10-26, 07:10:52, 9.48e-13, 8.93e-11
2019-10-26, 07:10:57, 9.45e-13, 8.91e-11
2019-10-26, 07:11:01, 9.96e-13, 8.93e-11
2019-10-26, 07:11:05, 1.02e-12, 8.89e-11
2019-10-26, 07:11:09, 9.62e-13, 8.9e-11
2019-10-26, 07:11:13, 1.16e-12, 8.9e-11
2019-10-26, 07:11:18, 9.6e-13, 8.92e-11
2019-10-26, 07:11:22, 9.6e-13, 8.94e-11
2019-10-26, 07:11:26, 8.72e-13, 8.93e-11
2019-10-26, 07:11:30, 9.7e-13, 8.94e-11
2019-10-26, 07:11:35, 9.56e-13, 8.94e-11
2019-10-26, 07:11:39, 9.62e-13, 8.95e-11
2019-10-26, 07:11:43, 9.83e-13, 8.94e-11
2019-10-26, 07:11:47, 1.01e-12, 8.95e-11
2019-10-26, 07:11:51, 8.96e-13, 8.91e-11
2019-10-26, 07:11:56, 9.67e-13, 8.9e-11
2019-10-26, 07:12:00, 9.17e-13, 8.91e-11
2019-10-26, 07:12:04, 9.36e-13, 8.93e-11
2019-10-26, 07:12:08, 9.64e-13, 8.91e-11
2019-10-26, 07:12:12, 9.13e-13, 8.94e-11
2019-10-26, 07:12:17, 1.04e-12, 8.9e-11
2019-10-26, 07:12:21, 9.92e-13, 8.88e-11
2019-10-26, 07:12:25, 9.3e-13, 8.97e-11
2019-10-26, 07:12:29, 1.02e-12, 8.9e-11
2019-10-26, 07:12:34, 9.7e-13, 8.95e-11
2019-10-26, 07:12:38, 9.18e-13, 8.96e-11
2019-10-26, 07:12:42, 9.4e-13, 8.92e-11
2019-10-26, 07:12:46, 9.35e-13, 8.92e-11
2019-10-26, 07:12:50, 9.4e-13, 8.93e-11
2019-10-26, 07:12:55, 1e-12, 8.96e-11
2019-10-26, 07:12:59, 9.51e-13, 8.93e-11
2019-10-26, 07:13:03, 1e-12, 8.93e-11
2019-10-26, 07:13:07, 9.52e-13, 8.93e-11
2019-10-26, 07:13:12, 9.78e-13, 8.91e-11
2019-10-26, 07:13:16, 1.01e-12, 8.92e-11
2019-10-26, 07:13:20, 9.78e-13, 8.9e-11
2019-10-26, 07:13:24, 9.35e-13, 8.9e-11
2019-10-26, 07:13:28, 9.73e-13, 8.92e-11
2019-10-26, 07:13:33, 9.68e-13, 8.9e-11
2019-10-26, 07:13:37, 9.91e-13, 8.93e-11
2019-10-26, 07:13:41, 9.69e-13, 8.93e-11
2019-10-26, 07:13:45, 1e-12, 8.92e-11
2019-10-26, 07:13:50, 9.44e-13, 8.94e-11
2019-10-26, 07:13:54, 1.05e-12, 8.92e-11
2019-10-26, 07:13:58, 1.11e-12, 8.91e-11
2019-10-26, 07:14:02, 9.57e-13, 8.91e-11
2019-10-26, 07:14:06, 9.14e-13, 8.92e-11
2019-10-26, 07:14:11, 9.89e-13, 8.91e-11
2019-10-26, 07:14:15, 9.79e-13, 8.93e-11
2019-10-26, 07:14:19, 9.17e-13, 8.9e-11
2019-10-26, 07:14:23, 9.13e-13, 8.93e-11
2019-10-26, 07:14:28, 9.73e-13, 8.92e-11
2019-10-26, 07:14:32, 9.16e-13, 8.93e-11
2019-10-26, 07:14:36, 9.84e-13, 8.96e-11
2019-10-26, 07:14:40, 1.05e-12, 8.93e-11
2019-10-26, 07:14:44, 1.02e-12, 8.92e-11
2019-10-26, 07:14:49, 9.14e-13, 8.91e-11
2019-10-26, 07:14:53, 9.9e-13, 8.93e-11
2019-10-26, 07:14:57, 9.74e-13, 8.94e-11
2019-10-26, 07:15:01, 9.57e-13, 8.91e-11
2019-10-26, 07:15:06, 9.25e-13, 8.94e-11
2019-10-26, 07:15:10, 1e-12, 8.89e-11
2019-10-26, 07:15:14, 1.05e-12, 8.9e-11
2019-10-26, 07:15:18, 1.01e-12, 8.93e-11
2019-10-26, 07:15:22, 9.81e-13, 8.91e-11
2019-10-26, 07:15:27, 9.65e-13, 8.94e-11
2019-10-26, 07:15:31, 9.28e-13, 8.93e-11
2019-10-26, 07:15:35, 9.61e-13, 8.93e-11
2019-10-26, 07:15:39, 9.31e-13, 8.93e-11
2019-10-26, 07:15:44, 9.65e-13, 8.94e-11
2019-10-26, 07:15:48, 9.54e-13, 8.95e-11
2019-10-26, 07:15:52, 1.02e-12, 8.92e-11
2019-10-26, 07:15:56, 1.02e-12, 8.89e-11
2019-10-26, 07:16:00, 9.87e-13, 8.95e-11
2019-10-26, 07:16:05, 1.11e-12, 8.92e-11
2019-10-26, 07:16:09, 9.41e-13, 8.95e-11
2019-10-26, 07:16:13, 9.82e-13, 8.93e-11
2019-10-26, 07:16:17, 9.65e-13, 8.9e-11
2019-10-26, 07:16:22, 9.81e-13, 8.89e-11
2019-10-26, 07:16:26, 8.99e-13, 8.93e-11
2019-10-26, 07:16:30, 9.7e-13, 8.91e-11
2019-10-26, 07:16:34, 1.01e-12, 8.91e-11
2019-10-26, 07:16:38, 1e-12, 8.92e-11
2019-10-26, 07:16:43, 1.03e-12, 8.92e-11
2019-10-26, 07:16:47, 9.56e-13, 8.95e-11
2019-10-26, 07:16:51, 9.2e-13, 8.91e-11
2019-10-26, 07:16:55, 9.79e-13, 8.92e-11
2019-10-26, 07:17:00, 9.96e-13, 8.91e-11
2019-10-26, 07:17:04, 9.97e-13, 8.91e-11
2019-10-26, 07:17:08, 1.05e-12, 8.91e-11
2019-10-26, 07:17:12, 9.91e-13, 8.9e-11
2019-10-26, 07:17:16, 1.08e-12, 8.91e-11
2019-10-26, 07:17:21, 9.47e-13, 8.91e-11
2019-10-26, 07:17:25, 9.61e-13, 8.91e-11
2019-10-26, 07:17:29, 8.48e-13, 8.92e-11
2019-10-26, 07:17:33, 9.74e-13, 8.94e-11
2019-10-26, 07:17:37, 9.59e-13, 8.91e-11
2019-10-26, 07:17:42, 1.01e-12, 8.91e-11
2019-10-26, 07:17:46, 9.76e-13, 8.9e-11
2019-10-26, 07:17:50, 9.72e-13, 8.93e-11
2019-10-26, 07:17:54, 9.88e-13, 8.9e-11
2019-10-26, 07:17:59, 9.53e-13, 8.91e-11
2019-10-26, 07:18:03, 9.38e-13, 8.89e-11
2019-10-26, 07:18:07, 9.94e-13, 8.9e-11
2019-10-26, 07:18:11, 9.57e-13, 8.89e-11
2019-10-26, 07:18:15, 9.68e-13, 8.94e-11
2019-10-26, 07:18:20, 9.11e-13, 8.92e-11
2019-10-26, 07:18:24, 9.67e-13, 8.95e-11
2019-10-26, 07:18:28, 1.01e-12, 8.93e-11
2019-10-26, 07:18:32, 9.72e-13, 8.91e-11
2019-10-26, 07:18:37, 9.27e-13, 8.91e-11
2019-10-26, 07:18:41, 9.14e-13, 8.92e-11
2019-10-26, 07:18:45, 9.82e-13, 8.89e-11
2019-10-26, 07:18:49, 9.61e-13, 8.91e-11
2019-10-26, 07:18:53, 9.28e-13, 8.9e-11
2019-10-26, 07:18:58, 1.01e-12, 8.9e-11
2019-10-26, 07:19:02, 9.74e-13, 8.93e-11
2019-10-26, 07:19:06, 9.67e-13, 8.94e-11
2019-10-26, 07:19:10, 9.18e-13, 8.92e-11
2019-10-26, 07:19:15, 1e-12, 8.93e-11
2019-10-26, 07:19:19, 1.06e-12, 8.93e-11
2019-10-26, 07:19:23, 9.01e-13, 8.94e-11
2019-10-26, 07:19:27, 9.25e-13, 8.93e-11
2019-10-26, 07:19:31, 1.02e-12, 8.92e-11
2019-10-26, 07:19:36, 9.62e-13, 8.92e-11
2019-10-26, 07:19:40, 9.56e-13, 8.93e-11
2019-10-26, 07:19:44, 9.86e-13, 8.92e-11
2019-10-26, 07:19:48, 9.63e-13, 8.9e-11
2019-10-26, 07:19:53, 1.1e-12, 8.92e-11
2019-10-26, 07:19:57, 9.35e-13, 8.9e-11
2019-10-26, 07:20:01, 9.31e-13, 8.93e-11
2019-10-26, 07:20:05, 1.06e-12, 8.92e-11
2019-10-26, 07:20:09, 1.18e-12, 8.91e-11
2019-10-26, 07:20:14, 9.47e-13, 8.96e-11
2019-10-26, 07:20:18, 8.72e-13, 8.93e-11
2019-10-26, 07:20:22, 9.69e-13, 8.92e-11
2019-10-26, 07:20:26, 9.52e-13, 8.88e-11
2019-10-26, 07:20:31, 1.02e-12, 8.92e-11
2019-10-26, 07:20:35, 1e-12, 8.88e-11
2019-10-26, 07:20:39, 1.16e-12, 8.9e-11
2019-10-26, 07:20:43, 1.01e-12, 8.92e-11
2019-10-26, 07:20:47, 1.08e-12, 8.95e-11
2019-10-26, 07:20:52, 9.52e-13, 8.96e-11
2019-10-26, 07:20:56, 9.84e-13, 8.9e-11
2019-10-26, 07:21:00, 9.19e-13, 8.92e-11
2019-10-26, 07:21:04, 9.33e-13, 8.93e-11
2019-10-26, 07:21:09, 9.88e-13, 8.95e-11
2019-10-26, 07:21:13, 9.6e-13, 8.96e-11
2019-10-26, 07:21:17, 1.04e-12, 8.91e-11
2019-10-26, 07:21:21, 1.01e-12, 8.9e-11
2019-10-26, 07:21:25, 9.48e-13, 8.92e-11
2019-10-26, 07:21:30, 9.75e-13, 8.91e-11
2019-10-26, 07:21:34, 9.8e-13, 8.96e-11
2019-10-26, 07:21:38, 9.15e-13, 8.91e-11
2019-10-26, 07:21:42, 9.5e-13, 8.97e-11
2019-10-26, 07:21:46, 9.59e-13, 8.92e-11
2019-10-26, 07:21:51, 9.75e-13, 8.91e-11
2019-10-26, 07:21:55, 9.58e-13, 8.89e-11
2019-10-26, 07:21:59, 9.35e-13, 8.9e-11
2019-10-26, 07:22:03, 9.38e-13, 8.94e-11
2019-10-26, 07:22:08, 9.63e-13, 8.88e-11
2019-10-26, 07:22:12, 1e-12, 8.92e-11
2019-10-26, 07:22:16, 9.96e-13, 8.9e-11
2019-10-26, 07:22:20, 9.88e-13, 8.92e-11
2019-10-26, 07:22:24, 1.02e-12, 8.89e-11
2019-10-26, 07:22:29, 9.11e-13, 8.93e-11
2019-10-26, 07:22:33, 9.66e-13, 8.92e-11
2019-10-26, 07:22:37, 9.51e-13, 8.93e-11
2019-10-26, 07:22:41, 9.68e-13, 8.91e-11
2019-10-26, 07:22:46, 9.24e-13, 8.95e-11
2019-10-26, 07:22:50, 9.58e-13, 8.91e-11
2019-10-26, 07:22:54, 9.38e-13, 8.92e-11
2019-10-26, 07:22:58, 9.92e-13, 8.91e-11
2019-10-26, 07:23:02, 1.11e-12, 8.93e-11
2019-10-26, 07:23:07, 9.04e-13, 8.9e-11
2019-10-26, 07:23:11, 9.35e-13, 8.89e-11
2019-10-26, 07:23:15, 1.02e-12, 8.9e-11
2019-10-26, 07:23:19, 9.59e-13, 8.91e-11
2019-10-26, 07:23:24, 9.68e-13, 8.92e-11
2019-10-26, 07:23:28, 1.03e-12, 8.93e-11
2019-10-26, 07:23:32, 9.76e-13, 8.91e-11
2019-10-26, 07:23:36, 9.93e-13, 8.9e-11
2019-10-26, 07:23:40, 9.83e-13, 8.9e-11
2019-10-26, 07:23:45, 9.53e-13, 8.91e-11
2019-10-26, 07:23:49, 9.29e-13, 8.91e-11
2019-10-26, 07:23:53, 1.04e-12, 8.92e-11
2019-10-26, 07:23:57, 9.57e-13, 8.91e-11
2019-10-26, 07:24:02, 9.64e-13, 8.95e-11
2019-10-26, 07:24:06, 9.66e-13, 8.9e-11
2019-10-26, 07:24:10, 9.83e-13, 8.92e-11
2019-10-26, 07:24:14, 9.26e-13, 8.89e-11
2019-10-26, 07:24:18, 9.73e-13, 8.93e-11
2019-10-26, 07:24:23, 8.96e-13, 8.91e-11
2019-10-26, 07:24:27, 1.02e-12, 8.92e-11
2019-10-26, 07:24:31, 9.51e-13, 8.91e-11
2019-10-26, 07:24:35, 9.82e-13, 8.9e-11
2019-10-26, 07:24:40, 9.4e-13, 8.96e-11
2019-10-26, 07:24:44, 9.67e-13, 8.87e-11
2019-10-26, 07:24:48, 9.5e-13, 8.9e-11
2019-10-26, 07:24:52, 1.02e-12, 8.91e-11
2019-10-26, 07:24:56, 9.98e-13, 8.93e-11
2019-10-26, 07:25:01, 9.26e-13, 8.92e-11
2019-10-26, 07:25:05, 8.77e-13, 8.92e-11
2019-10-26, 07:25:09, 1e-12, 8.92e-11
2019-10-26, 07:25:13, 9.6e-13, 8.95e-11
2019-10-26, 07:25:18, 9.78e-13, 8.92e-11
2019-10-26, 07:25:22, 9.66e-13, 8.91e-11
2019-10-26, 07:25:26, 9.62e-13, 8.96e-11
2019-10-26, 07:25:30, 9.93e-13, 8.93e-11
2019-10-26, 07:25:34, 9.23e-13, 8.92e-11
2019-10-26, 07:25:39, 9.75e-13, 8.94e-11
2019-10-26, 07:25:43, 1.03e-12, 8.9e-11
2019-10-26, 07:25:47, 9.88e-13, 8.91e-11
2019-10-26, 07:25:51, 8.81e-13, 8.92e-11
2019-10-26, 07:25:55, 9.63e-13, 8.9e-11
2019-10-26, 07:26:00, 9.75e-13, 8.92e-11
2019-10-26, 07:26:04, 9.86e-13, 8.88e-11
2019-10-26, 07:26:08, 9.77e-13, 8.93e-11
2019-10-26, 07:26:12, 9.97e-13, 8.93e-11
2019-10-26, 07:26:17, 9.75e-13, 8.93e-11
2019-10-26, 07:26:21, 1.15e-12, 8.9e-11
2019-10-26, 07:26:25, 1.03e-12, 8.94e-11
2019-10-26, 07:26:29, 9.97e-13, 8.9e-11
2019-10-26, 07:26:33, 9.94e-13, 8.96e-11
2019-10-26, 07:26:38, 1.01e-12, 8.92e-11
2019-10-26, 07:26:42, 1.04e-12, 8.92e-11
2019-10-26, 07:26:46, 9.55e-13, 8.91e-11
2019-10-26, 07:26:50, 9.34e-13, 8.9e-11
2019-10-26, 07:26:55, 9.11e-13, 8.86e-11
2019-10-26, 07:26:59, 9.7e-13, 8.91e-11
2019-10-26, 07:27:03, 1.02e-12, 8.92e-11
2019-10-26, 07:27:07, 8.89e-13, 8.93e-11
2019-10-26, 07:27:11, 1.1e-12, 8.92e-11
2019-10-26, 07:27:16, 1.03e-12, 8.95e-11
2019-10-26, 07:27:20, 8.8e-13, 8.96e-11
2019-10-26, 07:27:24, 9.48e-13, 8.91e-11
2019-10-26, 07:27:28, 9.49e-13, 8.92e-11
2019-10-26, 07:27:33, 9.01e-13, 8.93e-11
2019-10-26, 07:27:37, 9.96e-13, 8.95e-11
2019-10-26, 07:27:41, 9.79e-13, 8.95e-11
2019-10-26, 07:27:45, 9.83e-13, 8.95e-11
2019-10-26, 07:27:49, 9.29e-13, 8.92e-11
2019-10-26, 07:27:54, 9.77e-13, 8.95e-11
2019-10-26, 07:27:58, 1e-12, 8.94e-11
2019-10-26, 07:28:02, 1e-12, 8.96e-11
2019-10-26, 07:28:06, 1.04e-12, 8.91e-11
2019-10-26, 07:28:11, 1.01e-12, 8.91e-11
2019-10-26, 07:28:15, 9.62e-13, 8.96e-11
2019-10-26, 07:28:19, 9.34e-13, 8.9e-11
2019-10-26, 07:28:23, 9.58e-13, 8.93e-11
2019-10-26, 07:28:27, 9.72e-13, 8.9e-11
2019-10-26, 07:28:32, 9.92e-13, 8.91e-11
2019-10-26, 07:28:36, 9.97e-13, 8.9e-11
2019-10-26, 07:28:40, 9.73e-13, 8.89e-11
2019-10-26, 07:28:44, 1.01e-12, 8.92e-11
2019-10-26, 07:28:49, 9.94e-13, 8.93e-11
2019-10-26, 07:28:53, 9.66e-13, 8.92e-11
2019-10-26, 07:28:57, 9.5e-13, 8.94e-11
2019-10-26, 07:29:01, 9.45e-13, 8.91e-11
2019-10-26, 07:29:05, 9.16e-13, 8.91e-11
2019-10-26, 07:29:10, 9.87e-13, 8.92e-11
2019-10-26, 07:29:14, 9.87e-13, 8.89e-11
2019-10-26, 07:29:18, 9.91e-13, 8.89e-11
2019-10-26, 07:29:22, 1.1e-12, 8.92e-11
2019-10-26, 07:29:27, 9.96e-13, 8.95e-11
2019-10-26, 07:29:31, 9.52e-13, 8.94e-11
2019-10-26, 07:29:35, 1.01e-12, 8.9e-11
2019-10-26, 07:29:39, 9.39e-13, 8.92e-11
2019-10-26, 07:29:43, 1.01e-12, 8.93e-11
2019-10-26, 07:29:48, 1.01e-12, 8.93e-11
2019-10-26, 07:29:52, 1.07e-12, 8.9e-11
2019-10-26, 07:29:56, 1.03e-12, 8.95e-11
2019-10-26, 07:30:00, 9.93e-13, 8.94e-11
2019-10-26, 07:30:05, 9.71e-13, 8.94e-11
2019-10-26, 07:30:09, 9.71e-13, 8.92e-11
2019-10-26, 07:30:13, 9.37e-13, 8.92e-11
2019-10-26, 07:30:17, 1.06e-12, 8.91e-11
2019-10-26, 07:30:21, 8.54e-13, 8.91e-11
2019-10-26, 07:30:26, 1e-12, 8.88e-11
2019-10-26, 07:30:30, 9.32e-13, 8.93e-11
2019-10-26, 07:30:34, 9.65e-13, 8.9e-11
2019-10-26, 07:30:38, 8.55e-13, 8.94e-11
2019-10-26, 07:30:42, 1.01e-12, 8.95e-11
2019-10-26, 07:30:47, 1.01e-12, 8.91e-11
2019-10-26, 07:30:51, 9.54e-13, 8.91e-11
2019-10-26, 07:30:55, 9.92e-13, 8.91e-11
2019-10-26, 07:30:59, 9.49e-13, 8.92e-11
2019-10-26, 07:31:04, 1.02e-12, 8.91e-11
2019-10-26, 07:31:08, 1.02e-12, 8.92e-11
2019-10-26, 07:31:12, 9.87e-13, 8.91e-11
2019-10-26, 07:31:16, 1.02e-12, 8.92e-11
2019-10-26, 07:31:20, 9.81e-13, 8.96e-11
2019-10-26, 07:31:25, 9.36e-13, 8.9e-11
2019-10-26, 07:31:29, 1.04e-12, 8.91e-11
2019-10-26, 07:31:33, 9.43e-13, 8.91e-11
2019-10-26, 07:31:37, 1.05e-12, 8.93e-11
2019-10-26, 07:31:42, 9.83e-13, 8.91e-11
2019-10-26, 07:31:46, 9.98e-13, 8.89e-11
2019-10-26, 07:31:50, 9.18e-13, 8.91e-11
2019-10-26, 07:31:54, 9.31e-13, 8.93e-11
2019-10-26, 07:31:58, 9.3e-13, 8.96e-11
2019-10-26, 07:32:03, 1e-12, 8.91e-11
2019-10-26, 07:32:07, 1.09e-12, 8.89e-11
2019-10-26, 07:32:11, 9.8e-13, 8.92e-11
2019-10-26, 07:32:15, 9.12e-13, 8.91e-11
2019-10-26, 07:32:20, 8.94e-13, 8.92e-11
2019-10-26, 07:32:24, 1.01e-12, 8.92e-11
2019-10-26, 07:32:28, 9.79e-13, 8.93e-11
2019-10-26, 07:32:32, 8.89e-13, 8.92e-11
2019-10-26, 07:32:36, 9.6e-13, 8.95e-11
2019-10-26, 07:32:41, 1.02e-12, 8.89e-11
2019-10-26, 07:32:45, 9.41e-13, 8.9e-11
2019-10-26, 07:32:49, 1.04e-12, 8.96e-11
2019-10-26, 07:32:53, 9.89e-13, 8.92e-11
2019-10-26, 07:32:58, 9.86e-13, 8.93e-11
2019-10-26, 07:33:02, 9.77e-13, 8.91e-11
2019-10-26, 07:33:06, 9.88e-13, 8.92e-11
2019-10-26, 07:33:10, 9.9e-13, 8.91e-11
2019-10-26, 07:33:14, 9.47e-13, 8.93e-11
2019-10-26, 07:33:19, 9.35e-13, 8.92e-11
2019-10-26, 07:33:23, 8.76e-13, 8.93e-11
2019-10-26, 07:33:27, 9.85e-13, 8.94e-11
2019-10-26, 07:33:31, 1e-12, 8.92e-11
2019-10-26, 07:33:36, 9.69e-13, 8.92e-11
2019-10-26, 07:33:40, 1e-12, 8.91e-11
2019-10-26, 07:33:44, 1.03e-12, 8.92e-11
2019-10-26, 07:33:48, 1.02e-12, 8.93e-11
2019-10-26, 07:33:52, 9.64e-13, 8.91e-11
2019-10-26, 07:33:57, 1.07e-12, 8.91e-11
2019-10-26, 07:34:01, 9.82e-13, 8.94e-11
2019-10-26, 07:34:05, 9.74e-13, 8.88e-11
2019-10-26, 07:34:09, 1.07e-12, 8.93e-11
2019-10-26, 07:34:13, 1.03e-12, 8.92e-11
2019-10-26, 07:34:18, 9.61e-13, 8.91e-11
2019-10-26, 07:34:22, 9.66e-13, 8.89e-11
2019-10-26, 07:34:26, 9.37e-13, 8.92e-11
2019-10-26, 07:34:30, 9.7e-13, 8.92e-11
2019-10-26, 07:34:35, 1.05e-12, 8.9e-11
2019-10-26, 07:34:39, 9.64e-13, 8.93e-11
2019-10-26, 07:34:43, 1.01e-12, 8.91e-11
2019-10-26, 07:34:47, 9.92e-13, 8.95e-11
2019-10-26, 07:34:51, 9.94e-13, 8.92e-11
2019-10-26, 07:34:56, 9.93e-13, 8.92e-11
2019-10-26, 07:35:00, 1.03e-12, 8.91e-11
2019-10-26, 07:35:04, 9.75e-13, 8.95e-11
2019-10-26, 07:35:08, 9.73e-13, 8.9e-11
2019-10-26, 07:35:13, 9.77e-13, 8.93e-11
2019-10-26, 07:35:17, 1.02e-12, 8.9e-11
2019-10-26, 07:35:21, 9.87e-13, 8.95e-11
2019-10-26, 07:35:25, 1e-12, 8.91e-11
2019-10-26, 07:35:29, 9.87e-13, 8.94e-11
2019-10-26, 07:35:34, 1.03e-12, 8.91e-11
2019-10-26, 07:35:38, 9.34e-13, 8.92e-11
2019-10-26, 07:35:42, 9.82e-13, 8.9e-11
2019-10-26, 07:35:46, 1.01e-12, 8.93e-11
2019-10-26, 07:35:51, 9.59e-13, 8.88e-11
2019-10-26, 07:35:55, 9.81e-13, 8.87e-11
2019-10-26, 07:35:59, 9.81e-13, 8.9e-11
2019-10-26, 07:36:03, 9.7e-13, 8.9e-11
2019-10-26, 07:36:07, 9.2e-13, 8.94e-11
2019-10-26, 07:36:12, 9.97e-13, 8.89e-11
2019-10-26, 07:36:16, 1.04e-12, 8.9e-11
2019-10-26, 07:36:20, 9.22e-13, 8.93e-11
2019-10-26, 07:36:24, 1.01e-12, 8.88e-11
2019-10-26, 07:36:29, 9.3e-13, 8.91e-11
2019-10-26, 07:36:33, 9.52e-13, 8.89e-11
2019-10-26, 07:36:37, 1.03e-12, 8.92e-11
2019-10-26, 07:36:41, 9.47e-13, 8.91e-11
2019-10-26, 07:36:45, 1.01e-12, 8.95e-11
2019-10-26, 07:36:50, 1e-12, 8.92e-11
2019-10-26, 07:36:54, 9.58e-13, 8.92e-11
2019-10-26, 07:36:58, 9.47e-13, 8.91e-11
2019-10-26, 07:37:02, 9.56e-13, 8.93e-11
2019-10-26, 07:37:07, 1.02e-12, 8.91e-11
2019-10-26, 07:37:11, 9.68e-13, 8.9e-11
2019-10-26, 07:37:15, 1.02e-12, 8.89e-11
2019-10-26, 07:37:19, 9.76e-13, 8.94e-11
2019-10-26, 07:37:23, 9.92e-13, 8.9e-11
2019-10-26, 07:37:28, 9.96e-13, 8.95e-11
2019-10-26, 07:37:32, 9.41e-13, 8.93e-11
2019-10-26, 07:37:36, 9.44e-13, 8.9e-11
2019-10-26, 07:37:40, 1.14e-12, 8.91e-11
2019-10-26, 07:37:45, 1.1e-12, 8.91e-11
2019-10-26, 07:37:49, 9.69e-13, 8.95e-11
2019-10-26, 07:37:53, 8.94e-13, 8.9e-11
2019-10-26, 07:37:57, 1.03e-12, 8.92e-11
2019-10-26, 07:38:01, 9.25e-13, 8.89e-11
2019-10-26, 07:38:06, 9.89e-13, 8.92e-11
2019-10-26, 07:38:10, 9.75e-13, 8.92e-11
2019-10-26, 07:38:14, 9.58e-13, 8.9e-11
2019-10-26, 07:38:18, 9.66e-13, 8.92e-11
2019-10-26, 07:38:22, 9.43e-13, 8.93e-11
2019-10-26, 07:38:27, 1.05e-12, 8.93e-11
2019-10-26, 07:38:31, 9.54e-13, 8.97e-11
2019-10-26, 07:38:35, 8.94e-13, 8.92e-11
2019-10-26, 07:38:39, 9.1e-13, 8.91e-11
2019-10-26, 07:38:44, 1.02e-12, 8.95e-11
2019-10-26, 07:38:48, 9.69e-13, 8.92e-11
2019-10-26, 07:38:52, 1.1e-12, 8.9e-11
2019-10-26, 07:38:56, 9.48e-13, 8.93e-11
2019-10-26, 07:39:00, 1e-12, 8.9e-11
2019-10-26, 07:39:05, 9.21e-13, 8.91e-11
2019-10-26, 07:39:09, 9.71e-13, 8.9e-11
2019-10-26, 07:39:13, 9.87e-13, 8.9e-11
2019-10-26, 07:39:17, 1.01e-12, 8.91e-11
2019-10-26, 07:39:22, 1.09e-12, 8.91e-11
2019-10-26, 07:39:26, 8.72e-13, 8.91e-11
2019-10-26, 07:39:30, 9.4e-13, 8.91e-11
2019-10-26, 07:39:34, 1.06e-12, 8.91e-11
2019-10-26, 07:39:38, 9.89e-13, 8.91e-11
2019-10-26, 07:39:43, 9.71e-13, 8.93e-11
2019-10-26, 07:39:47, 9.59e-13, 8.91e-11
2019-10-26, 07:39:51, 9.36e-13, 8.91e-11
2019-10-26, 07:39:55, 9.77e-13, 8.94e-11
2019-10-26, 07:40:00, 9.62e-13, 8.93e-11
2019-10-26, 07:40:04, 9.26e-13, 8.89e-11
2019-10-26, 07:40:08, 9.31e-13, 8.88e-11
2019-10-26, 07:40:12, 9.43e-13, 8.9e-11
2019-10-26, 07:40:16, 9.35e-13, 8.9e-11
2019-10-26, 07:40:21, 1.01e-12, 8.9e-11
2019-10-26, 07:40:25, 9.84e-13, 8.92e-11
2019-10-26, 07:40:29, 9.96e-13, 8.91e-11
2019-10-26, 07:40:33, 1.01e-12, 8.91e-11
2019-10-26, 07:40:38, 9.2e-13, 8.92e-11
2019-10-26, 07:40:42, 1.07e-12, 8.93e-11
2019-10-26, 07:40:46, 9.44e-13, 8.91e-11
2019-10-26, 07:40:50, 9.65e-13, 8.89e-11
2019-10-26, 07:40:54, 9.07e-13, 8.91e-11
2019-10-26, 07:40:59, 9.52e-13, 8.91e-11
2019-10-26, 07:41:03, 9.94e-13, 8.89e-11
2019-10-26, 07:41:07, 9.8e-13, 8.9e-11
2019-10-26, 07:41:11, 9.83e-13, 8.88e-11
2019-10-26, 07:41:16, 9.4e-13, 8.88e-11
2019-10-26, 07:41:20, 1.03e-12, 8.9e-11
2019-10-26, 07:41:24, 9.82e-13, 8.89e-11
2019-10-26, 07:41:28, 9.3e-13, 8.88e-11
2019-10-26, 07:41:32, 1e-12, 8.89e-11
2019-10-26, 07:41:37, 1.01e-12, 8.92e-11
2019-10-26, 07:41:41, 9.78e-13, 8.89e-11
2019-10-26, 07:41:45, 9.59e-13, 8.83e-11
2019-10-26, 07:41:49, 9.93e-13, 8.86e-11
2019-10-26, 07:41:53, 9.78e-13, 8.91e-11
2019-10-26, 07:41:58, 9.8e-13, 8.9e-11
2019-10-26, 07:42:02, 1.02e-12, 8.92e-11
2019-10-26, 07:42:06, 9.81e-13, 8.88e-11
2019-10-26, 07:42:10, 9.51e-13, 8.9e-11
2019-10-26, 07:42:15, 9.9e-13, 8.92e-11
2019-10-26, 07:42:19, 9.79e-13, 8.88e-11
2019-10-26, 07:42:23, 9.85e-13, 8.89e-11
2019-10-26, 07:42:27, 9.79e-13, 8.87e-11
2019-10-26, 07:42:31, 9.46e-13, 8.91e-11
2019-10-26, 07:42:36, 9.35e-13, 8.94e-11
2019-10-26, 07:42:40, 1e-12, 8.92e-11
2019-10-26, 07:42:44, 9.64e-13, 8.87e-11
2019-10-26, 07:42:48, 9.7e-13, 8.88e-11
2019-10-26, 07:42:53, 1.01e-12, 8.93e-11
2019-10-26, 07:42:57, 1.07e-12, 8.91e-11
2019-10-26, 07:43:01, 9.76e-13, 8.88e-11
2019-10-26, 07:43:05, 9.92e-13, 8.88e-11
2019-10-26, 07:43:09, 9.67e-13, 8.91e-11
2019-10-26, 07:43:14, 9.62e-13, 8.88e-11
2019-10-26, 07:43:18, 9.73e-13, 8.93e-11
2019-10-26, 07:43:22, 9.94e-13, 8.87e-11
2019-10-26, 07:43:26, 9.52e-13, 8.89e-11
2019-10-26, 07:43:31, 9.33e-13, 8.94e-11
2019-10-26, 07:43:35, 9.92e-13, 8.91e-11
2019-10-26, 07:43:39, 9.64e-13, 8.89e-11
2019-10-26, 07:43:43, 9.66e-13, 8.87e-11
2019-10-26, 07:43:47, 9.48e-13, 8.87e-11
2019-10-26, 07:43:52, 9.78e-13, 8.9e-11
2019-10-26, 07:43:56, 1e-12, 8.89e-11
2019-10-26, 07:44:00, 1.02e-12, 8.88e-11
2019-10-26, 07:44:04, 9.64e-13, 8.88e-11
2019-10-26, 07:44:09, 9.28e-13, 8.92e-11
2019-10-26, 07:44:13, 9.12e-13, 8.91e-11
2019-10-26, 07:44:17, 9.36e-13, 8.89e-11
2019-10-26, 07:44:21, 9.82e-13, 8.88e-11
2019-10-26, 07:44:25, 9.36e-13, 8.92e-11
2019-10-26, 07:44:30, 9.9e-13, 8.9e-11
2019-10-26, 07:44:34, 9.26e-13, 8.91e-11
2019-10-26, 07:44:38, 9.86e-13, 8.9e-11
2019-10-26, 07:44:42, 9.46e-13, 8.87e-11
2019-10-26, 07:44:47, 9.99e-13, 8.94e-11
2019-10-26, 07:44:51, 9.93e-13, 8.88e-11
2019-10-26, 07:44:55, 9.98e-13, 8.94e-11
2019-10-26, 07:44:59, 9.26e-13, 8.89e-11
2019-10-26, 07:45:03, 9.36e-13, 8.9e-11
2019-10-26, 07:45:08, 9.93e-13, 8.91e-11
2019-10-26, 07:45:12, 9.82e-13, 8.9e-11
2019-10-26, 07:45:16, 9.81e-13, 8.85e-11
2019-10-26, 07:45:20, 9.95e-13, 8.89e-11
2019-10-26, 07:45:25, 9.78e-13, 8.9e-11
2019-10-26, 07:45:29, 9.58e-13, 8.9e-11
2019-10-26, 07:45:33, 8.84e-13, 8.89e-11
2019-10-26, 07:45:37, 9.81e-13, 8.9e-11
2019-10-26, 07:45:41, 9.88e-13, 8.87e-11
2019-10-26, 07:45:46, 9.73e-13, 8.9e-11
2019-10-26, 07:45:50, 9.65e-13, 8.87e-11
2019-10-26, 07:45:54, 8.88e-13, 8.92e-11
2019-10-26, 07:45:58, 9.76e-13, 8.9e-11
2019-10-26, 07:46:03, 1.01e-12, 8.92e-11
2019-10-26, 07:46:07, 9.59e-13, 8.86e-11
2019-10-26, 07:46:11, 1.06e-12, 8.89e-11
2019-10-26, 07:46:15, 1e-12, 8.91e-11
2019-10-26, 07:46:19, 1.05e-12, 8.91e-11
2019-10-26, 07:46:24, 9.65e-13, 8.92e-11
2019-10-26, 07:46:28, 9.02e-13, 8.9e-11
2019-10-26, 07:46:32, 9.45e-13, 8.92e-11
2019-10-26, 07:46:36, 9.71e-13, 8.92e-11
2019-10-26, 07:46:41, 9.98e-13, 8.9e-11
2019-10-26, 07:46:45, 9.6e-13, 8.89e-11
2019-10-26, 07:46:49, 1.07e-12, 8.91e-11
2019-10-26, 07:46:53, 9.86e-13, 8.92e-11
2019-10-26, 07:46:57, 9.69e-13, 8.87e-11
2019-10-26, 07:47:02, 9.96e-13, 8.92e-11
2019-10-26, 07:47:06, 9.94e-13, 8.92e-11
2019-10-26, 07:47:10, 9.54e-13, 8.89e-11
2019-10-26, 07:47:14, 9.55e-13, 8.87e-11
2019-10-26, 07:47:19, 1.05e-12, 8.88e-11
2019-10-26, 07:47:23, 9.87e-13, 8.91e-11
2019-10-26, 07:47:27, 9.47e-13, 8.91e-11
2019-10-26, 07:47:31, 1.12e-12, 8.88e-11
2019-10-26, 07:47:35, 9.74e-13, 8.9e-11
2019-10-26, 07:47:40, 1.01e-12, 8.88e-11
2019-10-26, 07:47:44, 1.01e-12, 8.89e-11
2019-10-26, 07:47:48, 1.02e-12, 8.9e-11
2019-10-26, 07:47:52, 9.18e-13, 8.91e-11
2019-10-26, 07:47:56, 1.1e-12, 8.91e-11
2019-10-26, 07:48:01, 9.76e-13, 8.89e-11
2019-10-26, 07:48:05, 1.01e-12, 8.86e-11
2019-10-26, 07:48:09, 1e-12, 8.9e-11
2019-10-26, 07:48:13, 9.64e-13, 8.92e-11
2019-10-26, 07:48:18, 1.02e-12, 8.9e-11
2019-10-26, 07:48:22, 9.63e-13, 8.89e-11
2019-10-26, 07:48:26, 1.1e-12, 8.85e-11
2019-10-26, 07:48:30, 1.07e-12, 8.9e-11
2019-10-26, 07:48:34, 9.5e-13, 8.9e-11
2019-10-26, 07:48:39, 9.93e-13, 8.92e-11
2019-10-26, 07:48:43, 9.26e-13, 8.91e-11
2019-10-26, 07:48:47, 1.01e-12, 8.9e-11
2019-10-26, 07:48:51, 9.36e-13, 8.88e-11
2019-10-26, 07:48:56, 9.55e-13, 8.91e-11
2019-10-26, 07:49:00, 1.13e-12, 8.91e-11
2019-10-26, 07:49:04, 9.66e-13, 8.87e-11
2019-10-26, 07:49:08, 9.89e-13, 8.91e-11
2019-10-26, 07:49:12, 8.72e-13, 8.89e-11
2019-10-26, 07:49:17, 9.43e-13, 8.89e-11
2019-10-26, 07:49:21, 9.69e-13, 8.89e-11
2019-10-26, 07:49:25, 8.57e-13, 8.91e-11
2019-10-26, 07:49:29, 9.62e-13, 8.89e-11
2019-10-26, 07:49:34, 9.8e-13, 8.9e-11
2019-10-26, 07:49:38, 9.08e-13, 8.92e-11
2019-10-26, 07:49:42, 9.75e-13, 8.9e-11
2019-10-26, 07:49:46, 9.41e-13, 8.9e-11
2019-10-26, 07:49:50, 9.64e-13, 8.89e-11
2019-10-26, 07:49:55, 9.88e-13, 8.91e-11
2019-10-26, 07:49:59, 1.04e-12, 8.92e-11
2019-10-26, 07:50:03, 9.46e-13, 8.9e-11
2019-10-26, 07:50:07, 9.81e-13, 8.88e-11
2019-10-26, 07:50:12, 1.06e-12, 8.9e-11
2019-10-26, 07:50:16, 9.69e-13, 8.91e-11
2019-10-26, 07:50:20, 8.95e-13, 8.85e-11
2019-10-26, 07:50:24, 1e-12, 8.89e-11
2019-10-26, 07:50:28, 9.61e-13, 8.9e-11
2019-10-26, 07:50:33, 9.85e-13, 8.92e-11
2019-10-26, 07:50:37, 8.84e-13, 8.91e-11
2019-10-26, 07:50:41, 1.01e-12, 8.85e-11
2019-10-26, 07:50:45, 9.81e-13, 8.9e-11
2019-10-26, 07:50:50, 1.08e-12, 8.9e-11
2019-10-26, 07:50:54, 9.76e-13, 8.91e-11
2019-10-26, 07:50:58, 8.82e-13, 8.89e-11
2019-10-26, 07:51:02, 1.05e-12, 8.91e-11
2019-10-26, 07:51:06, 9.16e-13, 8.91e-11
2019-10-26, 07:51:11, 9.7e-13, 8.9e-11
2019-10-26, 07:51:15, 1.02e-12, 8.9e-11
2019-10-26, 07:51:19, 9.56e-13, 8.91e-11
2019-10-26, 07:51:23, 1e-12, 8.92e-11
2019-10-26, 07:51:28, 9.88e-13, 8.88e-11
2019-10-26, 07:51:32, 9.75e-13, 8.91e-11
2019-10-26, 07:51:36, 1.01e-12, 8.88e-11
2019-10-26, 07:51:40, 9.69e-13, 8.91e-11
2019-10-26, 07:51:44, 8.42e-13, 8.92e-11
2019-10-26, 07:51:49, 9.65e-13, 8.95e-11
2019-10-26, 07:51:53, 9.43e-13, 8.92e-11
2019-10-26, 07:51:57, 9.75e-13, 8.9e-11
2019-10-26, 07:52:01, 1.03e-12, 8.9e-11
2019-10-26, 07:52:06, 9.02e-13, 8.89e-11
2019-10-26, 07:52:10, 9.63e-13, 8.9e-11
2019-10-26, 07:52:14, 9.62e-13, 8.88e-11
2019-10-26, 07:52:18, 1e-12, 8.9e-11
2019-10-26, 07:52:22, 9.35e-13, 8.91e-11
2019-10-26, 07:52:27, 9.98e-13, 8.9e-11
2019-10-26, 07:52:31, 1e-12, 8.91e-11
2019-10-26, 07:52:35, 9.71e-13, 8.91e-11
2019-10-26, 07:52:39, 9.22e-13, 8.89e-11
2019-10-26, 07:52:44, 9.25e-13, 8.92e-11
2019-10-26, 07:52:48, 9.49e-13, 8.91e-11
2019-10-26, 07:52:52, 9.63e-13, 8.9e-11
2019-10-26, 07:52:56, 9.9e-13, 8.92e-11
2019-10-26, 07:53:00, 9.36e-13, 8.91e-11
2019-10-26, 07:53:05, 9.36e-13, 8.92e-11
2019-10-26, 07:53:09, 9.68e-13, 8.93e-11
2019-10-26, 07:53:13, 9.73e-13, 8.87e-11
2019-10-26, 07:53:17, 9.15e-13, 8.92e-11
2019-10-26, 07:53:21, 9.84e-13, 8.89e-11
2019-10-26, 07:53:26, 9.28e-13, 8.93e-11
2019-10-26, 07:53:30, 9.84e-13, 8.92e-11
2019-10-26, 07:53:34, 9.08e-13, 8.92e-11
2019-10-26, 07:53:38, 9.68e-13, 8.91e-11
2019-10-26, 07:53:43, 9.13e-13, 8.91e-11
2019-10-26, 07:53:47, 9.15e-13, 8.9e-11
2019-10-26, 07:53:51, 1.1e-12, 8.88e-11
2019-10-26, 07:53:55, 9.35e-13, 8.93e-11
2019-10-26, 07:53:59, 9.45e-13, 8.9e-11
2019-10-26, 07:54:04, 9.63e-13, 8.92e-11
2019-10-26, 07:54:08, 9.74e-13, 8.94e-11
2019-10-26, 07:54:12, 8.9e-13, 8.87e-11
2019-10-26, 07:54:16, 9.42e-13, 8.92e-11
2019-10-26, 07:54:21, 1.01e-12, 8.92e-11
2019-10-26, 07:54:25, 1.02e-12, 8.87e-11
2019-10-26, 07:54:29, 8.24e-13, 8.89e-11
2019-10-26, 07:54:33, 9.49e-13, 8.9e-11
2019-10-26, 07:54:37, 9.05e-13, 8.89e-11
2019-10-26, 07:54:42, 1e-12, 8.91e-11
2019-10-26, 07:54:46, 9.92e-13, 8.95e-11
2019-10-26, 07:54:50, 1.02e-12, 8.93e-11
2019-10-26, 07:54:54, 1.01e-12, 8.96e-11
2019-10-26, 07:54:59, 9.69e-13, 8.91e-11
2019-10-26, 07:55:03, 9.88e-13, 8.91e-11
2019-10-26, 07:55:07, 9.39e-13, 8.9e-11
2019-10-26, 07:55:11, 9.77e-13, 8.9e-11
2019-10-26, 07:55:15, 1e-12, 8.91e-11
2019-10-26, 07:55:20, 9.21e-13, 8.93e-11
2019-10-26, 07:55:24, 9.79e-13, 8.9e-11
2019-10-26, 07:55:28, 9.5e-13, 8.91e-11
2019-10-26, 07:55:32, 9.91e-13, 8.92e-11
2019-10-26, 07:55:37, 9.62e-13, 8.91e-11
2019-10-26, 07:55:41, 1.01e-12, 8.94e-11
2019-10-26, 07:55:45, 1e-12, 8.93e-11
2019-10-26, 07:55:49, 9.96e-13, 8.89e-11
2019-10-26, 07:55:53, 9.87e-13, 8.9e-11
2019-10-26, 07:55:58, 9.98e-13, 8.91e-11
2019-10-26, 07:56:02, 9.97e-13, 8.92e-11
2019-10-26, 07:56:06, 9.15e-13, 8.9e-11
2019-10-26, 07:56:10, 1.18e-12, 8.91e-11
2019-10-26, 07:56:15, 9.77e-13, 8.91e-11
2019-10-26, 07:56:19, 9.88e-13, 8.9e-11
2019-10-26, 07:56:23, 9.25e-13, 8.9e-11
2019-10-26, 07:56:27, 1.18e-12, 8.91e-11
2019-10-26, 07:56:31, 9.78e-13, 8.88e-11
2019-10-26, 07:56:36, 1.02e-12, 8.89e-11
2019-10-26, 07:56:40, 1.02e-12, 8.91e-11
2019-10-26, 07:56:44, 1.04e-12, 8.93e-11
2019-10-26, 07:56:48, 9.36e-13, 8.94e-11
2019-10-26, 07:56:53, 1.07e-12, 8.92e-11
2019-10-26, 07:56:57, 9.62e-13, 8.92e-11
2019-10-26, 07:57:01, 9.75e-13, 8.91e-11
2019-10-26, 07:57:05, 9.91e-13, 8.91e-11
2019-10-26, 07:57:09, 1.04e-12, 8.92e-11
2019-10-26, 07:57:14, 1.03e-12, 8.96e-11
2019-10-26, 07:57:18, 9.6e-13, 8.92e-11
2019-10-26, 07:57:22, 9.81e-13, 8.91e-11
2019-10-26, 07:57:26, 7.89e-13, 8.91e-11
2019-10-26, 07:57:31, 1.01e-12, 8.92e-11
2019-10-26, 07:57:35, 8.64e-13, 8.95e-11
2019-10-26, 07:57:39, 9.72e-13, 8.94e-11
2019-10-26, 07:57:43, 9.8e-13, 8.91e-11
2019-10-26, 07:57:47, 9.76e-13, 8.92e-11
2019-10-26, 07:57:52, 1.02e-12, 8.94e-11
2019-10-26, 07:57:56, 9.49e-13, 8.91e-11
2019-10-26, 07:58:00, 9.63e-13, 8.9e-11
2019-10-26, 07:58:04, 9.87e-13, 8.91e-11
2019-10-26, 07:58:08, 9.65e-13, 8.93e-11
2019-10-26, 07:58:13, 9.67e-13, 8.92e-11
2019-10-26, 07:58:17, 1.01e-12, 8.89e-11
2019-10-26, 07:58:21, 9.07e-13, 8.92e-11
2019-10-26, 07:58:25, 1.01e-12, 8.87e-11
2019-10-26, 07:58:30, 9.89e-13, 8.92e-11
2019-10-26, 07:58:34, 9.94e-13, 8.95e-11
2019-10-26, 07:58:38, 9.69e-13, 8.91e-11
2019-10-26, 07:58:42, 1.06e-12, 8.93e-11
2019-10-26, 07:58:46, 9.83e-13, 8.88e-11
2019-10-26, 07:58:51, 9.47e-13, 8.9e-11
2019-10-26, 07:58:55, 9.58e-13, 8.89e-11
2019-10-26, 07:58:59, 1.01e-12, 8.9e-11
2019-10-26, 07:59:03, 9.74e-13, 8.86e-11
2019-10-26, 07:59:08, 9.85e-13, 8.93e-11
2019-10-26, 07:59:12, 1.02e-12, 8.9e-11
2019-10-26, 07:59:16, 1.02e-12, 8.95e-11
2019-10-26, 07:59:20, 1e-12, 8.9e-11
2019-10-26, 07:59:24, 9.57e-13, 8.93e-11
2019-10-26, 07:59:29, 9.2e-13, 8.93e-11
2019-10-26, 07:59:33, 9.3e-13, 8.95e-11
2019-10-26, 07:59:37, 1.01e-12, 8.9e-11
2019-10-26, 07:59:41, 1.02e-12, 8.91e-11
2019-10-26, 07:59:46, 9.99e-13, 8.93e-11
2019-10-26, 07:59:50, 9.64e-13, 8.95e-11
2019-10-26, 07:59:54, 9.75e-13, 8.89e-11
2019-10-26, 07:59:58, 9.69e-13, 8.91e-11
2019-10-26, 08:00:02, 9.86e-13, 8.94e-11
2019-10-26, 08:00:07, 9.46e-13, 8.91e-11
2019-10-26, 08:00:11, 9.97e-13, 8.92e-11
2019-10-26, 08:00:15, 9.59e-13, 8.91e-11
2019-10-26, 08:00:19, 1.09e-12, 8.93e-11
2019-10-26, 08:00:24, 8.59e-13, 8.91e-11
2019-10-26, 08:00:28, 1.01e-12, 8.93e-11
2019-10-26, 08:00:32, 9.51e-13, 8.91e-11
2019-10-26, 08:00:36, 8.18e-13, 8.93e-11
2019-10-26, 08:00:40, 9.13e-13, 8.9e-11
2019-10-26, 08:00:45, 9.96e-13, 8.91e-11
2019-10-26, 08:00:49, 8.78e-13, 8.89e-11
2019-10-26, 08:00:53, 9.36e-13, 8.92e-11
2019-10-26, 08:00:57, 9.78e-13, 8.9e-11
2019-10-26, 08:01:02, 8.61e-13, 8.9e-11
2019-10-26, 08:01:06, 9.27e-13, 8.92e-11
2019-10-26, 08:01:10, 9.45e-13, 8.92e-11
2019-10-26, 08:01:14, 1.14e-12, 8.91e-11
2019-10-26, 08:01:18, 1.05e-12, 8.89e-11
2019-10-26, 08:01:23, 8.8e-13, 8.91e-11
2019-10-26, 08:01:27, 9.84e-13, 8.9e-11
2019-10-26, 08:01:31, 1.03e-12, 8.89e-11
2019-10-26, 08:01:35, 9.24e-13, 8.91e-11
2019-10-26, 08:01:39, 9.58e-13, 8.89e-11
2019-10-26, 08:01:44, 9.9e-13, 8.91e-11
2019-10-26, 08:01:48, 1.01e-12, 8.91e-11
2019-10-26, 08:01:52, 9.91e-13, 8.92e-11
2019-10-26, 08:01:56, 9.65e-13, 8.86e-11
2019-10-26, 08:02:01, 9.52e-13, 8.91e-11
2019-10-26, 08:02:05, 9.34e-13, 8.91e-11
2019-10-26, 08:02:09, 9.04e-13, 8.89e-11
2019-10-26, 08:02:13, 9.63e-13, 8.86e-11
2019-10-26, 08:02:17, 9.65e-13, 8.91e-11
2019-10-26, 08:02:22, 9.87e-13, 8.92e-11
2019-10-26, 08:02:26, 9.6e-13, 8.92e-11
2019-10-26, 08:02:30, 9.04e-13, 8.91e-11
2019-10-26, 08:02:34, 9.35e-13, 8.92e-11
2019-10-26, 08:02:39, 9.57e-13, 8.88e-11
2019-10-26, 08:02:43, 9.96e-13, 8.94e-11
2019-10-26, 08:02:47, 1.01e-12, 8.93e-11
2019-10-26, 08:02:51, 9.7e-13, 8.94e-11
2019-10-26, 08:02:55, 9.88e-13, 8.92e-11
2019-10-26, 08:03:00, 9.81e-13, 8.94e-11
2019-10-26, 08:03:04, 9.57e-13, 8.92e-11
2019-10-26, 08:03:08, 9.85e-13, 8.94e-11
2019-10-26, 08:03:12, 9.61e-13, 8.91e-11
2019-10-26, 08:03:17, 9.28e-13, 8.92e-11
2019-10-26, 08:03:21, 9.84e-13, 8.92e-11
2019-10-26, 08:03:25, 9.56e-13, 8.91e-11
2019-10-26, 08:03:29, 9.47e-13, 8.9e-11
2019-10-26, 08:03:33, 9.94e-13, 8.95e-11
2019-10-26, 08:03:38, 9.81e-13, 8.9e-11
2019-10-26, 08:03:42, 9.36e-13, 8.89e-11
2019-10-26, 08:03:46, 9.49e-13, 8.91e-11
2019-10-26, 08:03:50, 9.89e-13, 8.93e-11
2019-10-26, 08:03:55, 9.54e-13, 8.89e-11
2019-10-26, 08:03:59, 9.97e-13, 8.92e-11
2019-10-26, 08:04:03, 1.06e-12, 8.91e-11
2019-10-26, 08:04:07, 9.3e-13, 8.93e-11
2019-10-26, 08:04:11, 9.12e-13, 8.96e-11
2019-10-26, 08:04:16, 1.02e-12, 8.95e-11
2019-10-26, 08:04:20, 8.54e-13, 8.9e-11
2019-10-26, 08:04:24, 1e-12, 8.89e-11
2019-10-26, 08:04:28, 9.71e-13, 8.93e-11
2019-10-26, 08:04:33, 1.17e-12, 8.93e-11
2019-10-26, 08:04:37, 1.04e-12, 8.91e-11
2019-10-26, 08:04:41, 9.21e-13, 8.92e-11
2019-10-26, 08:04:45, 8.4e-13, 8.93e-11
2019-10-26, 08:04:49, 9.9e-13, 8.92e-11
2019-10-26, 08:04:54, 9.82e-13, 8.95e-11
2019-10-26, 08:04:58, 1.08e-12, 8.91e-11
2019-10-26, 08:05:02, 9.96e-13, 8.93e-11
2019-10-26, 08:05:06, 1.04e-12, 8.89e-11
2019-10-26, 08:05:11, 9.77e-13, 8.92e-11
2019-10-26, 08:05:15, 9.06e-13, 8.91e-11
2019-10-26, 08:05:19, 1.01e-12, 8.92e-11
2019-10-26, 08:05:23, 1.02e-12, 8.92e-11
2019-10-26, 08:05:27, 9.64e-13, 8.9e-11
2019-10-26, 08:05:32, 9.63e-13, 8.91e-11
2019-10-26, 08:05:36, 9.63e-13, 8.9e-11
2019-10-26, 08:05:40, 9.71e-13, 8.88e-11
2019-10-26, 08:05:44, 9.61e-13, 8.92e-11
2019-10-26, 08:05:49, 1.04e-12, 8.91e-11
2019-10-26, 08:05:53, 9.19e-13, 8.93e-11
2019-10-26, 08:05:57, 8.54e-13, 8.88e-11
2019-10-26, 08:06:01, 9.24e-13, 8.91e-11
2019-10-26, 08:06:05, 9.08e-13, 8.94e-11
2019-10-26, 08:06:10, 9.44e-13, 8.93e-11
2019-10-26, 08:06:14, 9.89e-13, 8.92e-11
2019-10-26, 08:06:18, 9.55e-13, 9e-11
2019-10-26, 08:06:22, 9.43e-13, 8.91e-11
2019-10-26, 08:06:27, 1.03e-12, 8.94e-11
2019-10-26, 08:06:31, 9.64e-13, 8.92e-11
2019-10-26, 08:06:35, 9.83e-13, 8.94e-11
2019-10-26, 08:06:39, 9.93e-13, 8.94e-11
2019-10-26, 08:06:43, 1.03e-12, 8.96e-11
2019-10-26, 08:06:48, 1e-12, 8.9e-11
2019-10-26, 08:06:52, 9.94e-13, 8.92e-11
2019-10-26, 08:06:56, 9.83e-13, 8.97e-11
2019-10-26, 08:07:00, 8.84e-13, 8.93e-11
2019-10-26, 08:07:05, 9.81e-13, 8.96e-11
2019-10-26, 08:07:09, 1.03e-12, 8.96e-11
2019-10-26, 08:07:13, 9.32e-13, 8.95e-11
2019-10-26, 08:07:17, 8.48e-13, 8.95e-11
2019-10-26, 08:07:21, 9.74e-13, 8.95e-11
2019-10-26, 08:07:26, 1.12e-12, 8.94e-11
2019-10-26, 08:07:30, 9.39e-13, 8.94e-11
2019-10-26, 08:07:34, 9.74e-13, 8.91e-11
2019-10-26, 08:07:38, 1.05e-12, 8.93e-11
2019-10-26, 08:07:42, 9.14e-13, 8.95e-11
2019-10-26, 08:07:47, 9.82e-13, 8.92e-11
2019-10-26, 08:07:51, 9.64e-13, 8.93e-11
2019-10-26, 08:07:55, 1e-12, 8.91e-11
2019-10-26, 08:07:59, 9.82e-13, 8.9e-11
2019-10-26, 08:08:04, 9.75e-13, 8.93e-11
2019-10-26, 08:08:08, 1.05e-12, 8.91e-11
2019-10-26, 08:08:12, 9.39e-13, 8.91e-11
2019-10-26, 08:08:16, 1.02e-12, 8.94e-11
2019-10-26, 08:08:20, 9.17e-13, 8.91e-11
2019-10-26, 08:08:25, 9.91e-13, 8.89e-11
2019-10-26, 08:08:29, 9.8e-13, 8.99e-11
2019-10-26, 08:08:33, 9.64e-13, 8.92e-11
2019-10-26, 08:08:37, 1.1e-12, 8.93e-11
2019-10-26, 08:08:42, 9.9e-13, 8.92e-11
2019-10-26, 08:08:46, 9.96e-13, 8.92e-11
2019-10-26, 08:08:50, 1.04e-12, 8.98e-11
2019-10-26, 08:08:54, 9.31e-13, 8.93e-11
2019-10-26, 08:08:58, 9.67e-13, 8.96e-11
2019-10-26, 08:09:03, 9.48e-13, 8.92e-11
2019-10-26, 08:09:07, 9.43e-13, 8.93e-11
2019-10-26, 08:09:11, 1.05e-12, 8.93e-11
2019-10-26, 08:09:15, 9.8e-13, 8.93e-11
2019-10-26, 08:09:20, 1.04e-12, 8.91e-11
2019-10-26, 08:09:24, 9.53e-13, 8.94e-11
2019-10-26, 08:09:28, 8.94e-13, 8.93e-11
2019-10-26, 08:09:32, 1.03e-12, 8.94e-11
2019-10-26, 08:09:36, 9.61e-13, 8.94e-11
2019-10-26, 08:09:41, 9.59e-13, 8.92e-11
2019-10-26, 08:09:45, 9.3e-13, 8.94e-11
2019-10-26, 08:09:49, 9.44e-13, 8.89e-11
2019-10-26, 08:09:53, 9.58e-13, 8.9e-11
2019-10-26, 08:09:58, 8.79e-13, 8.9e-11
2019-10-26, 08:10:02, 1.01e-12, 8.91e-11
2019-10-26, 08:10:06, 9.65e-13, 8.92e-11
2019-10-26, 08:10:10, 1.03e-12, 8.91e-11
2019-10-26, 08:10:14, 1.07e-12, 8.96e-11
2019-10-26, 08:10:19, 9.22e-13, 8.93e-11
2019-10-26, 08:10:23, 9.68e-13, 8.89e-11
2019-10-26, 08:10:27, 1.03e-12, 8.9e-11
2019-10-26, 08:10:31, 9.92e-13, 8.91e-11
2019-10-26, 08:10:36, 1.07e-12, 8.93e-11
2019-10-26, 08:10:40, 1.03e-12, 8.9e-11
2019-10-26, 08:10:44, 9.59e-13, 8.92e-11
2019-10-26, 08:10:48, 9.35e-13, 8.92e-11
2019-10-26, 08:10:52, 9.82e-13, 8.93e-11
2019-10-26, 08:10:57, 9.64e-13, 8.93e-11
2019-10-26, 08:11:01, 9.92e-13, 8.92e-11
2019-10-26, 08:11:05, 1.04e-12, 8.91e-11
2019-10-26, 08:11:09, 1.01e-12, 8.95e-11
2019-10-26, 08:11:14, 9.1e-13, 8.9e-11
2019-10-26, 08:11:18, 1.07e-12, 8.94e-11
2019-10-26, 08:11:22, 9.44e-13, 8.91e-11
2019-10-26, 08:11:26, 1.12e-12, 8.91e-11
2019-10-26, 08:11:30, 9.86e-13, 8.93e-11
2019-10-26, 08:11:35, 9.32e-13, 8.93e-11
2019-10-26, 08:11:39, 9.62e-13, 8.94e-11
2019-10-26, 08:11:43, 9.6e-13, 8.94e-11
2019-10-26, 08:11:47, 1.06e-12, 8.96e-11
2019-10-26, 08:11:51, 7.81e-13, 8.93e-11
2019-10-26, 08:11:56, 9.87e-13, 8.92e-11
2019-10-26, 08:12:00, 9.78e-13, 8.9e-11
2019-10-26, 08:12:04, 9.15e-13, 8.91e-11
2019-10-26, 08:12:08, 9.22e-13, 8.94e-11
2019-10-26, 08:12:13, 9.57e-13, 8.94e-11
2019-10-26, 08:12:17, 1.06e-12, 8.92e-11
2019-10-26, 08:12:21, 1.02e-12, 8.91e-11
2019-10-26, 08:12:25, 1.11e-12, 8.92e-11
2019-10-26, 08:12:29, 8.82e-13, 8.95e-11
2019-10-26, 08:12:34, 9.43e-13, 8.95e-11
2019-10-26, 08:12:38, 9.45e-13, 8.92e-11
2019-10-26, 08:12:42, 9.93e-13, 8.96e-11
2019-10-26, 08:12:46, 1.01e-12, 8.92e-11
2019-10-26, 08:12:51, 9.93e-13, 8.91e-11
2019-10-26, 08:12:55, 9.42e-13, 8.89e-11
2019-10-26, 08:12:59, 9.22e-13, 8.95e-11
2019-10-26, 08:13:03, 1.01e-12, 8.94e-11
2019-10-26, 08:13:07, 1.02e-12, 8.86e-11
2019-10-26, 08:13:12, 9.85e-13, 8.89e-11
2019-10-26, 08:13:16, 8.77e-13, 8.9e-11
2019-10-26, 08:13:20, 9.86e-13, 8.89e-11
2019-10-26, 08:13:24, 9.53e-13, 8.94e-11
2019-10-26, 08:13:29, 1.07e-12, 8.92e-11
2019-10-26, 08:13:33, 9.35e-13, 8.89e-11
2019-10-26, 08:13:37, 9.51e-13, 8.92e-11
2019-10-26, 08:13:41, 9.43e-13, 8.91e-11
2019-10-26, 08:13:45, 9.84e-13, 8.93e-11
2019-10-26, 08:13:50, 9.66e-13, 8.94e-11
2019-10-26, 08:13:54, 9.74e-13, 8.94e-11
2019-10-26, 08:13:58, 9.31e-13, 8.93e-11
2019-10-26, 08:14:02, 1e-12, 8.9e-11
2019-10-26, 08:14:07, 9.6e-13, 8.9e-11
2019-10-26, 08:14:11, 9.56e-13, 8.93e-11
2019-10-26, 08:14:15, 1.04e-12, 8.94e-11
2019-10-26, 08:14:19, 9.74e-13, 8.89e-11
2019-10-26, 08:14:23, 9.85e-13, 8.9e-11
2019-10-26, 08:14:28, 1e-12, 8.94e-11
2019-10-26, 08:14:32, 9.83e-13, 8.87e-11
2019-10-26, 08:14:36, 9.42e-13, 8.9e-11
2019-10-26, 08:14:40, 9.17e-13, 8.92e-11
2019-10-26, 08:14:45, 9.23e-13, 8.92e-11
2019-10-26, 08:14:49, 9e-13, 8.92e-11
2019-10-26, 08:14:53, 9.84e-13, 8.92e-11
2019-10-26, 08:14:57, 9.64e-13, 8.9e-11
2019-10-26, 08:15:01, 9.78e-13, 8.91e-11
2019-10-26, 08:15:06, 9.47e-13, 8.91e-11
2019-10-26, 08:15:10, 9.68e-13, 8.91e-11
2019-10-26, 08:15:14, 9.16e-13, 8.9e-11
2019-10-26, 08:15:18, 9.77e-13, 8.9e-11
2019-10-26, 08:15:22, 9.72e-13, 8.9e-11
2019-10-26, 08:15:27, 9.89e-13, 8.91e-11
2019-10-26, 08:15:31, 1.02e-12, 8.91e-11
2019-10-26, 08:15:35, 9.52e-13, 8.94e-11
2019-10-26, 08:15:39, 9.68e-13, 8.9e-11
2019-10-26, 08:15:44, 1.02e-12, 8.88e-11
2019-10-26, 08:15:48, 9.73e-13, 8.9e-11
2019-10-26, 08:15:52, 9.66e-13, 8.91e-11
2019-10-26, 08:15:56, 9.14e-13, 8.94e-11
2019-10-26, 08:16:00, 9.16e-13, 8.92e-11
2019-10-26, 08:16:05, 9.67e-13, 8.91e-11
2019-10-26, 08:16:09, 1.06e-12, 8.9e-11
2019-10-26, 08:16:13, 9.63e-13, 8.9e-11
2019-10-26, 08:16:17, 1.03e-12, 8.91e-11
2019-10-26, 08:16:22, 9.36e-13, 8.91e-11
2019-10-26, 08:16:26, 9.68e-13, 8.91e-11
2019-10-26, 08:16:30, 9.38e-13, 8.92e-11
2019-10-26, 08:16:34, 9.47e-13, 8.9e-11
2019-10-26, 08:16:38, 1.16e-12, 8.93e-11
2019-10-26, 08:16:43, 9.67e-13, 8.97e-11
2019-10-26, 08:16:47, 9.65e-13, 8.91e-11
2019-10-26, 08:16:51, 1e-12, 8.89e-11
2019-10-26, 08:16:55, 1.03e-12, 8.91e-11
2019-10-26, 08:17:00, 9.49e-13, 8.93e-11
2019-10-26, 08:17:04, 1.14e-12, 8.91e-11
2019-10-26, 08:17:08, 9.44e-13, 8.92e-11
2019-10-26, 08:17:12, 9.88e-13, 8.9e-11
2019-10-26, 08:17:16, 1.14e-12, 8.9e-11
2019-10-26, 08:17:21, 1.03e-12, 8.92e-11
2019-10-26, 08:17:25, 9.69e-13, 8.92e-11
2019-10-26, 08:17:29, 1.13e-12, 8.92e-11
2019-10-26, 08:17:33, 1e-12, 8.93e-11
2019-10-26, 08:17:38, 9.95e-13, 8.89e-11
2019-10-26, 08:17:42, 9.56e-13, 8.92e-11
2019-10-26, 08:17:46, 9.67e-13, 8.9e-11
2019-10-26, 08:17:50, 9.66e-13, 8.89e-11
2019-10-26, 08:17:54, 9.82e-13, 8.9e-11
2019-10-26, 08:17:59, 9.75e-13, 8.92e-11
2019-10-26, 08:18:03, 9.02e-13, 8.93e-11
2019-10-26, 08:18:07, 1.01e-12, 8.9e-11
2019-10-26, 08:18:11, 9.78e-13, 8.91e-11
2019-10-26, 08:18:16, 1.02e-12, 8.91e-11
2019-10-26, 08:18:20, 9.69e-13, 8.92e-11
2019-10-26, 08:18:24, 9.82e-13, 8.91e-11
2019-10-26, 08:18:28, 9.36e-13, 8.91e-11
2019-10-26, 08:18:32, 9.6e-13, 8.92e-11
2019-10-26, 08:18:37, 9.18e-13, 8.87e-11
2019-10-26, 08:18:41, 1e-12, 8.9e-11
2019-10-26, 08:18:45, 1.01e-12, 8.91e-11
2019-10-26, 08:18:49, 8.52e-13, 8.9e-11
2019-10-26, 08:18:54, 9.85e-13, 8.91e-11
2019-10-26, 08:18:58, 8.67e-13, 8.89e-11
2019-10-26, 08:19:02, 9.57e-13, 8.95e-11
2019-10-26, 08:19:06, 9.13e-13, 8.91e-11
2019-10-26, 08:19:10, 9.67e-13, 8.94e-11
2019-10-26, 08:19:15, 9.6e-13, 8.95e-11
2019-10-26, 08:19:19, 9.64e-13, 8.95e-11
2019-10-26, 08:19:23, 1.05e-12, 8.92e-11
2019-10-26, 08:19:27, 1.03e-12, 8.93e-11
2019-10-26, 08:19:31, 8.71e-13, 8.91e-11
2019-10-26, 08:19:36, 9.1e-13, 8.93e-11
2019-10-26, 08:19:40, 9.02e-13, 8.9e-11
2019-10-26, 08:19:44, 9.7e-13, 8.93e-11
2019-10-26, 08:19:48, 9.14e-13, 8.88e-11
2019-10-26, 08:19:53, 1.01e-12, 8.92e-11
2019-10-26, 08:19:57, 1.01e-12, 8.9e-11
2019-10-26, 08:20:01, 1.03e-12, 8.92e-11
2019-10-26, 08:20:05, 9.92e-13, 8.91e-11
2019-10-26, 08:20:09, 9.74e-13, 8.89e-11
2019-10-26, 08:20:14, 9.93e-13, 8.9e-11
2019-10-26, 08:20:18, 9.08e-13, 8.9e-11
2019-10-26, 08:20:22, 9.37e-13, 8.87e-11
2019-10-26, 08:20:26, 9.7e-13, 8.92e-11
2019-10-26, 08:20:31, 8.89e-13, 8.9e-11
2019-10-26, 08:20:35, 9.58e-13, 8.91e-11
2019-10-26, 08:20:39, 9.92e-13, 8.91e-11
2019-10-26, 08:20:43, 1.08e-12, 8.9e-11
2019-10-26, 08:20:47, 9.89e-13, 8.9e-11
2019-10-26, 08:20:52, 9.51e-13, 8.92e-11
2019-10-26, 08:20:56, 9.17e-13, 8.93e-11
2019-10-26, 08:21:00, 9.55e-13, 8.92e-11
2019-10-26, 08:21:04, 9.97e-13, 8.94e-11
2019-10-26, 08:21:09, 1.12e-12, 8.92e-11
2019-10-26, 08:21:13, 9.48e-13, 8.93e-11
2019-10-26, 08:21:17, 9.36e-13, 8.91e-11
2019-10-26, 08:21:21, 9.73e-13, 8.9e-11
2019-10-26, 08:21:25, 1.03e-12, 8.92e-11
2019-10-26, 08:21:30, 9.15e-13, 8.9e-11
2019-10-26, 08:21:34, 9.6e-13, 8.91e-11
2019-10-26, 08:21:38, 1e-12, 8.94e-11
2019-10-26, 08:21:42, 9.61e-13, 8.92e-11
2019-10-26, 08:21:47, 1.02e-12, 8.9e-11
2019-10-26, 08:21:51, 1.02e-12, 8.92e-11
2019-10-26, 08:21:55, 9.9e-13, 8.95e-11
2019-10-26, 08:21:59, 9.44e-13, 8.93e-11
2019-10-26, 08:22:03, 9.7e-13, 8.96e-11
2019-10-26, 08:22:08, 9.82e-13, 8.9e-11
2019-10-26, 08:22:12, 9.87e-13, 8.92e-11
2019-10-26, 08:22:16, 9.38e-13, 8.93e-11
2019-10-26, 08:22:20, 9.02e-13, 8.89e-11
2019-10-26, 08:22:25, 9.71e-13, 8.91e-11
2019-10-26, 08:22:29, 9.74e-13, 8.88e-11
2019-10-26, 08:22:33, 9.92e-13, 8.89e-11
2019-10-26, 08:22:37, 1.04e-12, 8.93e-11
2019-10-26, 08:22:41, 9e-13, 8.94e-11
2019-10-26, 08:22:46, 9.91e-13, 8.91e-11
2019-10-26, 08:22:50, 9.52e-13, 8.89e-11
2019-10-26, 08:22:54, 1.04e-12, 8.88e-11
2019-10-26, 08:22:58, 9.51e-13, 8.92e-11
2019-10-26, 08:23:03, 8.9e-13, 8.92e-11
2019-10-26, 08:23:07, 9.83e-13, 8.93e-11
2019-10-26, 08:23:11, 9.4e-13, 8.9e-11
2019-10-26, 08:23:15, 9.37e-13, 8.94e-11
2019-10-26, 08:23:19, 1.01e-12, 8.94e-11
2019-10-26, 08:23:24, 9.97e-13, 8.95e-11
2019-10-26, 08:23:28, 9.25e-13, 8.92e-11
2019-10-26, 08:23:32, 9.39e-13, 8.93e-11
2019-10-26, 08:23:36, 1.01e-12, 8.93e-11
2019-10-26, 08:23:41, 9.67e-13, 8.92e-11
2019-10-26, 08:23:45, 9.79e-13, 8.94e-11
2019-10-26, 08:23:49, 9.79e-13, 8.93e-11
2019-10-26, 08:23:53, 9.81e-13, 8.93e-11
2019-10-26, 08:23:57, 9.18e-13, 8.92e-11
2019-10-26, 08:24:02, 8.66e-13, 8.92e-11
2019-10-26, 08:24:06, 9.89e-13, 8.94e-11
2019-10-26, 08:24:10, 1.03e-12, 8.93e-11
2019-10-26, 08:24:14, 9.97e-13, 8.92e-11
2019-10-26, 08:24:18, 9.22e-13, 8.93e-11
2019-10-26, 08:24:23, 9.86e-13, 8.96e-11
2019-10-26, 08:24:27, 1.09e-12, 8.92e-11
2019-10-26, 08:24:31, 9.67e-13, 8.95e-11
2019-10-26, 08:24:35, 9.55e-13, 8.93e-11
2019-10-26, 08:24:40, 1e-12, 8.97e-11
2019-10-26, 08:24:44, 9.63e-13, 8.96e-11
2019-10-26, 08:24:48, 8.47e-13, 8.96e-11
2019-10-26, 08:24:52, 1.01e-12, 8.93e-11
2019-10-26, 08:24:56, 9.73e-13, 8.92e-11
2019-10-26, 08:25:01, 1.01e-12, 8.95e-11
2019-10-26, 08:25:05, 9.57e-13, 8.94e-11
2019-10-26, 08:25:09, 9.58e-13, 8.94e-11
2019-10-26, 08:25:13, 8.95e-13, 8.9e-11
2019-10-26, 08:25:18, 9.29e-13, 8.94e-11
2019-10-26, 08:25:22, 1.06e-12, 8.98e-11
2019-10-26, 08:25:26, 9.71e-13, 8.93e-11
2019-10-26, 08:25:30, 9.39e-13, 8.93e-11
2019-10-26, 08:25:34, 9.75e-13, 8.92e-11
2019-10-26, 08:25:39, 1.05e-12, 8.91e-11
2019-10-26, 08:25:43, 9.65e-13, 8.9e-11
2019-10-26, 08:25:47, 1.01e-12, 8.91e-11
2019-10-26, 08:25:51, 1.01e-12, 8.91e-11
2019-10-26, 08:25:56, 9.41e-13, 8.92e-11
2019-10-26, 08:26:00, 1.05e-12, 8.92e-11
2019-10-26, 08:26:04, 1.05e-12, 8.92e-11
2019-10-26, 08:26:08, 1e-12, 8.94e-11
2019-10-26, 08:26:12, 8.89e-13, 8.93e-11
2019-10-26, 08:26:17, 9.44e-13, 8.94e-11
2019-10-26, 08:26:21, 7.86e-13, 8.91e-11
2019-10-26, 08:26:25, 9.91e-13, 8.91e-11
2019-10-26, 08:26:29, 1e-12, 8.94e-11
2019-10-26, 08:26:34, 9.16e-13, 8.92e-11
2019-10-26, 08:26:38, 1.02e-12, 8.95e-11
2019-10-26, 08:26:42, 9.56e-13, 8.92e-11
2019-10-26, 08:26:46, 9.68e-13, 8.92e-11
2019-10-26, 08:26:50, 9.65e-13, 8.91e-11
2019-10-26, 08:26:55, 9.71e-13, 8.91e-11
2019-10-26, 08:26:59, 9.72e-13, 8.93e-11
2019-10-26, 08:27:03, 9.89e-13, 8.93e-11
2019-10-26, 08:27:07, 9.6e-13, 8.91e-11
2019-10-26, 08:27:12, 1e-12, 8.94e-11
2019-10-26, 08:27:16, 9.18e-13, 8.95e-11
2019-10-26, 08:27:20, 9.72e-13, 8.94e-11
2019-10-26, 08:27:24, 9.61e-13, 8.93e-11
2019-10-26, 08:27:28, 9.21e-13, 8.94e-11
2019-10-26, 08:27:33, 9.22e-13, 8.94e-11
2019-10-26, 08:27:37, 1.02e-12, 8.93e-11
2019-10-26, 08:27:41, 9.02e-13, 8.93e-11
2019-10-26, 08:27:45, 9.78e-13, 8.93e-11
2019-10-26, 08:27:50, 8.89e-13, 8.92e-11
2019-10-26, 08:27:54, 9.59e-13, 8.91e-11
2019-10-26, 08:27:58, 9.5e-13, 8.9e-11
2019-10-26, 08:28:02, 1.05e-12, 8.97e-11
2019-10-26, 08:28:06, 1.04e-12, 8.95e-11
2019-10-26, 08:28:11, 9.53e-13, 8.92e-11
2019-10-26, 08:28:15, 9.49e-13, 8.86e-11
2019-10-26, 08:28:19, 1.01e-12, 8.9e-11
2019-10-26, 08:28:23, 9.86e-13, 8.93e-11
2019-10-26, 08:28:28, 9.76e-13, 8.92e-11
2019-10-26, 08:28:32, 9.8e-13, 8.95e-11
2019-10-26, 08:28:36, 1.02e-12, 8.93e-11
2019-10-26, 08:28:40, 9.28e-13, 8.95e-11
2019-10-26, 08:28:44, 1.01e-12, 8.92e-11
2019-10-26, 08:28:49, 9.92e-13, 8.95e-11
2019-10-26, 08:28:53, 9.98e-13, 8.93e-11
2019-10-26, 08:28:57, 9.77e-13, 8.96e-11
2019-10-26, 08:29:01, 9.52e-13, 8.95e-11
2019-10-26, 08:29:06, 1e-12, 8.95e-11
2019-10-26, 08:29:10, 9.63e-13, 8.94e-11
2019-10-26, 08:29:14, 9.89e-13, 8.91e-11
2019-10-26, 08:29:18, 1.02e-12, 8.95e-11
2019-10-26, 08:29:22, 9.82e-13, 8.94e-11
2019-10-26, 08:29:27, 9.69e-13, 8.93e-11
2019-10-26, 08:29:31, 9.37e-13, 8.94e-11
2019-10-26, 08:29:35, 9.81e-13, 8.92e-11
2019-10-26, 08:29:39, 9.26e-13, 8.94e-11
2019-10-26, 08:29:43, 1.06e-12, 8.92e-11
2019-10-26, 08:29:48, 9.94e-13, 8.94e-11
2019-10-26, 08:29:52, 9.63e-13, 8.92e-11
2019-10-26, 08:29:56, 9.76e-13, 8.9e-11
2019-10-26, 08:30:00, 9.69e-13, 8.92e-11
2019-10-26, 08:30:05, 9.85e-13, 8.87e-11
2019-10-26, 08:30:09, 9.91e-13, 8.91e-11
2019-10-26, 08:30:13, 9.73e-13, 8.97e-11
2019-10-26, 08:30:17, 9.65e-13, 8.93e-11
2019-10-26, 08:30:21, 1.11e-12, 8.91e-11
2019-10-26, 08:30:26, 1e-12, 8.91e-11
2019-10-26, 08:30:30, 1.14e-12, 8.89e-11
2019-10-26, 08:30:34, 9.37e-13, 8.92e-11
2019-10-26, 08:30:38, 9.85e-13, 8.94e-11
2019-10-26, 08:30:43, 9.36e-13, 8.91e-11
2019-10-26, 08:30:47, 1.01e-12, 8.94e-11
2019-10-26, 08:30:51, 1.01e-12, 8.93e-11
2019-10-26, 08:30:55, 9.81e-13, 8.94e-11
2019-10-26, 08:30:59, 9.9e-13, 8.94e-11
2019-10-26, 08:31:04, 9.79e-13, 8.91e-11
2019-10-26, 08:31:08, 9.46e-13, 8.91e-11
2019-10-26, 08:31:12, 1e-12, 8.94e-11
2019-10-26, 08:31:16, 9.85e-13, 8.91e-11
2019-10-26, 08:31:21, 9.74e-13, 8.91e-11
2019-10-26, 08:31:25, 9.64e-13, 8.89e-11
2019-10-26, 08:31:29, 9.2e-13, 8.92e-11
2019-10-26, 08:31:33, 9.45e-13, 8.96e-11
2019-10-26, 08:31:37, 8.1e-13, 8.95e-11
2019-10-26, 08:31:42, 9.87e-13, 8.91e-11
2019-10-26, 08:31:46, 9.13e-13, 8.91e-11
2019-10-26, 08:31:50, 9.94e-13, 8.9e-11
2019-10-26, 08:31:54, 9.79e-13, 8.92e-11
2019-10-26, 08:31:59, 9.71e-13, 8.91e-11
2019-10-26, 08:32:03, 9.62e-13, 8.93e-11
2019-10-26, 08:32:07, 9.21e-13, 8.93e-11
2019-10-26, 08:32:11, 1.04e-12, 8.94e-11
2019-10-26, 08:32:15, 8.79e-13, 8.92e-11
2019-10-26, 08:32:20, 1.01e-12, 8.9e-11
2019-10-26, 08:32:24, 9.82e-13, 8.95e-11
2019-10-26, 08:32:28, 9.42e-13, 8.91e-11
2019-10-26, 08:32:32, 1.02e-12, 8.94e-11
2019-10-26, 08:32:37, 1.01e-12, 8.92e-11
2019-10-26, 08:32:41, 1e-12, 8.94e-11
2019-10-26, 08:32:45, 9.56e-13, 8.97e-11
2019-10-26, 08:32:49, 1.01e-12, 8.92e-11
2019-10-26, 08:32:53, 9.76e-13, 8.96e-11
2019-10-26, 08:32:58, 9.61e-13, 8.94e-11
2019-10-26, 08:33:02, 9.99e-13, 8.94e-11
2019-10-26, 08:33:06, 1.08e-12, 8.93e-11
2019-10-26, 08:33:10, 8.95e-13, 8.92e-11
2019-10-26, 08:33:15, 9.79e-13, 8.96e-11
2019-10-26, 08:33:19, 8.83e-13, 8.92e-11
2019-10-26, 08:33:23, 1e-12, 8.9e-11
2019-10-26, 08:33:27, 9.95e-13, 8.94e-11
2019-10-26, 08:33:31, 9.14e-13, 8.91e-11
2019-10-26, 08:33:36, 9.85e-13, 8.94e-11
2019-10-26, 08:33:40, 9.83e-13, 8.94e-11
2019-10-26, 08:33:44, 1.01e-12, 8.93e-11
2019-10-26, 08:33:48, 1e-12, 8.88e-11
2019-10-26, 08:33:53, 9.8e-13, 8.94e-11
2019-10-26, 08:33:57, 1e-12, 8.9e-11
2019-10-26, 08:34:01, 9.36e-13, 8.92e-11
2019-10-26, 08:34:05, 9.55e-13, 8.98e-11
2019-10-26, 08:34:09, 9.76e-13, 8.92e-11
2019-10-26, 08:34:14, 9.78e-13, 8.91e-11
2019-10-26, 08:34:18, 1.09e-12, 8.9e-11
2019-10-26, 08:34:22, 9.5e-13, 8.92e-11
2019-10-26, 08:34:26, 9.8e-13, 8.9e-11
2019-10-26, 08:34:31, 9.4e-13, 8.91e-11
2019-10-26, 08:34:35, 9.82e-13, 8.88e-11
2019-10-26, 08:34:39, 9.65e-13, 8.91e-11
2019-10-26, 08:34:43, 9.89e-13, 8.91e-11
2019-10-26, 08:34:47, 8.9e-13, 8.9e-11
2019-10-26, 08:34:52, 9.92e-13, 8.9e-11
2019-10-26, 08:34:56, 9.29e-13, 8.88e-11
2019-10-26, 08:35:00, 9.48e-13, 8.92e-11
2019-10-26, 08:35:04, 9.51e-13, 8.91e-11
2019-10-26, 08:35:09, 8.02e-13, 8.92e-11
2019-10-26, 08:35:13, 8.03e-13, 8.88e-11
2019-10-26, 08:35:17, 9.31e-13, 8.88e-11
2019-10-26, 08:35:21, 9.6e-13, 8.94e-11
2019-10-26, 08:35:25, 9.9e-13, 8.9e-11
2019-10-26, 08:35:30, 1.04e-12, 8.92e-11
2019-10-26, 08:35:34, 9.98e-13, 8.92e-11
2019-10-26, 08:35:38, 9.84e-13, 8.92e-11
2019-10-26, 08:35:42, 9.16e-13, 8.9e-11
2019-10-26, 08:35:46, 9.49e-13, 8.96e-11
2019-10-26, 08:35:51, 9.66e-13, 8.89e-11
2019-10-26, 08:35:55, 9.26e-13, 8.9e-11
2019-10-26, 08:35:59, 9.47e-13, 8.91e-11
2019-10-26, 08:36:03, 1.03e-12, 8.91e-11
2019-10-26, 08:36:08, 1.03e-12, 8.92e-11
2019-10-26, 08:36:12, 9.61e-13, 8.95e-11
2019-10-26, 08:36:16, 9.53e-13, 8.9e-11
2019-10-26, 08:36:20, 9.65e-13, 8.92e-11
2019-10-26, 08:36:24, 9.48e-13, 8.91e-11
2019-10-26, 08:36:29, 9.63e-13, 8.94e-11
2019-10-26, 08:36:33, 1.01e-12, 8.94e-11
2019-10-26, 08:36:37, 9.87e-13, 8.93e-11
2019-10-26, 08:36:41, 9.84e-13, 8.89e-11
2019-10-26, 08:36:46, 9.54e-13, 8.95e-11
2019-10-26, 08:36:50, 9.61e-13, 8.93e-11
2019-10-26, 08:36:54, 9.32e-13, 8.95e-11
2019-10-26, 08:36:58, 1.04e-12, 8.94e-11
2019-10-26, 08:37:02, 1e-12, 8.93e-11
2019-10-26, 08:37:07, 9.42e-13, 8.9e-11
2019-10-26, 08:37:11, 9.83e-13, 8.91e-11
2019-10-26, 08:37:15, 9.63e-13, 8.93e-11
2019-10-26, 08:37:19, 8.29e-13, 8.88e-11
2019-10-26, 08:37:24, 9.62e-13, 8.92e-11
2019-10-26, 08:37:28, 1.05e-12, 8.9e-11
2019-10-26, 08:37:32, 9.35e-13, 8.93e-11
2019-10-26, 08:37:36, 9.66e-13, 8.93e-11
2019-10-26, 08:37:40, 9.21e-13, 8.95e-11
2019-10-26, 08:37:45, 9.58e-13, 8.89e-11
2019-10-26, 08:37:49, 9.56e-13, 8.95e-11
2019-10-26, 08:37:53, 9.55e-13, 8.93e-11
2019-10-26, 08:37:57, 1.07e-12, 8.91e-11
2019-10-26, 08:38:02, 9.41e-13, 8.91e-11
2019-10-26, 08:38:06, 9.56e-13, 8.9e-11
2019-10-26, 08:38:10, 9.9e-13, 8.9e-11
2019-10-26, 08:38:14, 9.57e-13, 8.9e-11
2019-10-26, 08:38:18, 9.75e-13, 8.92e-11
2019-10-26, 08:38:23, 9.86e-13, 8.87e-11
2019-10-26, 08:38:27, 9.25e-13, 8.9e-11
2019-10-26, 08:38:31, 9.61e-13, 8.93e-11
2019-10-26, 08:38:35, 9.69e-13, 8.95e-11
2019-10-26, 08:38:40, 1.11e-12, 8.92e-11
2019-10-26, 08:38:44, 1.03e-12, 8.91e-11
2019-10-26, 08:38:48, 9.9e-13, 8.93e-11
2019-10-26, 08:38:52, 9.99e-13, 8.94e-11
2019-10-26, 08:38:56, 9.68e-13, 8.92e-11
2019-10-26, 08:39:01, 9.61e-13, 8.92e-11
2019-10-26, 08:39:05, 9.67e-13, 8.91e-11
2019-10-26, 08:39:09, 9.57e-13, 8.91e-11
2019-10-26, 08:39:13, 9.41e-13, 8.9e-11
2019-10-26, 08:39:18, 9.34e-13, 8.92e-11
2019-10-26, 08:39:22, 9.89e-13, 8.91e-11
2019-10-26, 08:39:26, 1.01e-12, 8.93e-11
2019-10-26, 08:39:30, 1.03e-12, 8.95e-11
2019-10-26, 08:39:34, 1.02e-12, 8.94e-11
2019-10-26, 08:39:39, 9.35e-13, 8.91e-11
2019-10-26, 08:39:43, 9.7e-13, 8.94e-11
2019-10-26, 08:39:47, 9.53e-13, 8.89e-11
2019-10-26, 08:39:51, 9.24e-13, 8.91e-11
2019-10-26, 08:39:56, 1.01e-12, 8.93e-11
2019-10-26, 08:40:00, 9.25e-13, 8.9e-11
2019-10-26, 08:40:04, 9.57e-13, 8.95e-11
2019-10-26, 08:40:08, 1.02e-12, 8.89e-11
2019-10-26, 08:40:12, 9.41e-13, 8.91e-11
2019-10-26, 08:40:17, 9.79e-13, 8.89e-11
2019-10-26, 08:40:21, 9.74e-13, 8.92e-11
2019-10-26, 08:40:25, 1.01e-12, 8.91e-11
2019-10-26, 08:40:29, 9.67e-13, 8.92e-11
2019-10-26, 08:40:34, 9.29e-13, 8.89e-11
2019-10-26, 08:40:38, 1.19e-12, 8.93e-11
2019-10-26, 08:40:42, 9.57e-13, 8.92e-11
2019-10-26, 08:40:46, 1.03e-12, 8.92e-11
2019-10-26, 08:40:50, 9.51e-13, 8.91e-11
2019-10-26, 08:40:55, 9.42e-13, 8.95e-11
2019-10-26, 08:40:59, 9.16e-13, 8.88e-11
2019-10-26, 08:41:03, 9.53e-13, 8.91e-11
2019-10-26, 08:41:07, 9.59e-13, 8.94e-11
2019-10-26, 08:41:11, 1.02e-12, 8.95e-11
2019-10-26, 08:41:16, 1e-12, 8.93e-11
2019-10-26, 08:41:20, 1.02e-12, 8.94e-11
2019-10-26, 08:41:24, 9.2e-13, 8.91e-11
2019-10-26, 08:41:28, 9.99e-13, 8.92e-11
2019-10-26, 08:41:33, 9.65e-13, 8.94e-11
2019-10-26, 08:41:37, 9.51e-13, 8.91e-11
2019-10-26, 08:41:41, 1e-12, 8.89e-11
2019-10-26, 08:41:45, 1e-12, 8.92e-11
2019-10-26, 08:41:49, 9.58e-13, 8.94e-11
2019-10-26, 08:41:54, 1.03e-12, 8.86e-11
2019-10-26, 08:41:58, 9.84e-13, 8.93e-11
2019-10-26, 08:42:02, 1.01e-12, 8.89e-11
2019-10-26, 08:42:06, 9.81e-13, 8.91e-11
2019-10-26, 08:42:11, 9.37e-13, 8.92e-11
2019-10-26, 08:42:15, 9.75e-13, 8.91e-11
2019-10-26, 08:42:19, 9.97e-13, 8.92e-11
2019-10-26, 08:42:23, 9.43e-13, 8.9e-11
2019-10-26, 08:42:27, 1e-12, 8.93e-11
2019-10-26, 08:42:32, 9.93e-13, 8.89e-11
2019-10-26, 08:42:36, 9.83e-13, 8.95e-11
2019-10-26, 08:42:40, 9.88e-13, 8.88e-11
2019-10-26, 08:42:44, 9.84e-13, 8.92e-11
2019-10-26, 08:42:49, 9.22e-13, 8.91e-11
2019-10-26, 08:42:53, 9.29e-13, 8.94e-11
2019-10-26, 08:42:57, 1.01e-12, 8.94e-11
2019-10-26, 08:43:01, 9.71e-13, 8.94e-11
2019-10-26, 08:43:05, 9.53e-13, 8.94e-11
2019-10-26, 08:43:10, 9.33e-13, 8.95e-11
2019-10-26, 08:43:14, 1.02e-12, 8.91e-11
2019-10-26, 08:43:18, 9.64e-13, 8.91e-11
2019-10-26, 08:43:22, 9.44e-13, 8.94e-11
2019-10-26, 08:43:27, 9.68e-13, 8.9e-11
2019-10-26, 08:43:31, 9.07e-13, 8.93e-11
2019-10-26, 08:43:35, 9.89e-13, 8.94e-11
2019-10-26, 08:43:39, 9.42e-13, 8.93e-11
2019-10-26, 08:43:43, 9.03e-13, 8.93e-11
2019-10-26, 08:43:48, 9.53e-13, 8.95e-11
2019-10-26, 08:43:52, 9.84e-13, 8.91e-11
2019-10-26, 08:43:56, 9.37e-13, 8.91e-11
2019-10-26, 08:44:00, 1.03e-12, 8.9e-11
2019-10-26, 08:44:05, 9.82e-13, 8.89e-11
2019-10-26, 08:44:09, 9.72e-13, 8.91e-11
2019-10-26, 08:44:13, 1.01e-12, 8.92e-11
2019-10-26, 08:44:17, 9.28e-13, 8.93e-11
2019-10-26, 08:44:21, 9.44e-13, 8.93e-11
2019-10-26, 08:44:26, 9.54e-13, 8.93e-11
2019-10-26, 08:44:30, 1.02e-12, 8.93e-11
2019-10-26, 08:44:34, 9.98e-13, 8.93e-11
2019-10-26, 08:44:38, 9.88e-13, 8.95e-11
2019-10-26, 08:44:43, 9.88e-13, 8.92e-11
2019-10-26, 08:44:47, 9.35e-13, 8.92e-11
2019-10-26, 08:44:51, 9.18e-13, 8.94e-11
2019-10-26, 08:44:55, 9.71e-13, 8.95e-11
2019-10-26, 08:44:59, 1e-12, 8.89e-11
2019-10-26, 08:45:04, 9.82e-13, 8.91e-11
2019-10-26, 08:45:08, 9.41e-13, 8.91e-11
2019-10-26, 08:45:12, 9.01e-13, 8.97e-11
2019-10-26, 08:45:16, 1.01e-12, 8.93e-11
2019-10-26, 08:45:20, 9.79e-13, 8.92e-11
2019-10-26, 08:45:25, 1e-12, 8.94e-11
2019-10-26, 08:45:29, 1.07e-12, 8.94e-11
2019-10-26, 08:45:33, 1.02e-12, 8.91e-11
2019-10-26, 08:45:37, 1.07e-12, 8.92e-11
2019-10-26, 08:45:42, 1.01e-12, 8.92e-11
2019-10-26, 08:45:46, 9.27e-13, 8.91e-11
2019-10-26, 08:45:50, 9.49e-13, 8.93e-11
2019-10-26, 08:45:54, 9.57e-13, 8.95e-11
2019-10-26, 08:45:58, 9.93e-13, 8.94e-11
2019-10-26, 08:46:03, 9.73e-13, 8.9e-11
2019-10-26, 08:46:07, 1e-12, 8.9e-11
2019-10-26, 08:46:11, 1.03e-12, 8.92e-11
2019-10-26, 08:46:15, 9.63e-13, 8.9e-11
2019-10-26, 08:46:20, 9.87e-13, 8.91e-11
2019-10-26, 08:46:24, 9.86e-13, 8.92e-11
2019-10-26, 08:46:28, 9.64e-13, 8.91e-11
2019-10-26, 08:46:32, 9.73e-13, 8.91e-11
2019-10-26, 08:46:36, 9.65e-13, 8.97e-11
2019-10-26, 08:46:41, 1.06e-12, 8.94e-11
2019-10-26, 08:46:45, 1.05e-12, 8.91e-11
2019-10-26, 08:46:49, 8.81e-13, 8.9e-11
2019-10-26, 08:46:53, 1.03e-12, 8.93e-11
2019-10-26, 08:46:58, 9.94e-13, 8.93e-11
2019-10-26, 08:47:02, 9.91e-13, 8.91e-11
2019-10-26, 08:47:06, 9.5e-13, 8.91e-11
2019-10-26, 08:47:10, 9.62e-13, 8.95e-11
2019-10-26, 08:47:14, 9.27e-13, 8.93e-11
2019-10-26, 08:47:19, 9.73e-13, 8.9e-11
2019-10-26, 08:47:23, 1.05e-12, 8.94e-11
2019-10-26, 08:47:27, 9.41e-13, 8.93e-11
2019-10-26, 08:47:31, 9.08e-13, 8.91e-11
2019-10-26, 08:47:36, 9.31e-13, 8.94e-11
2019-10-26, 08:47:40, 8.49e-13, 8.91e-11
2019-10-26, 08:47:44, 9.53e-13, 8.92e-11
2019-10-26, 08:47:48, 9.48e-13, 8.93e-11
2019-10-26, 08:47:52, 9.59e-13, 8.89e-11
2019-10-26, 08:47:57, 9.92e-13, 8.91e-11
2019-10-26, 08:48:01, 1.03e-12, 8.92e-11
2019-10-26, 08:48:05, 9.58e-13, 8.87e-11
2019-10-26, 08:48:09, 9.79e-13, 8.97e-11
2019-10-26, 08:48:14, 9.42e-13, 8.95e-11
2019-10-26, 08:48:18, 1.1e-12, 8.94e-11
2019-10-26, 08:48:22, 9.41e-13, 8.93e-11
2019-10-26, 08:48:26, 9.32e-13, 8.94e-11
2019-10-26, 08:48:30, 9.83e-13, 8.92e-11
2019-10-26, 08:48:35, 1.02e-12, 8.94e-11
2019-10-26, 08:48:39, 9.67e-13, 8.94e-11
2019-10-26, 08:48:43, 9.94e-13, 8.97e-11
2019-10-26, 08:48:47, 9.22e-13, 8.9e-11
2019-10-26, 08:48:52, 9.55e-13, 8.91e-11
2019-10-26, 08:48:56, 1.03e-12, 8.94e-11
2019-10-26, 08:49:00, 9.89e-13, 8.92e-11
2019-10-26, 08:49:04, 1.03e-12, 8.93e-11
2019-10-26, 08:49:08, 9.28e-13, 8.92e-11
2019-10-26, 08:49:13, 9.62e-13, 8.96e-11
2019-10-26, 08:49:17, 9.73e-13, 8.94e-11
2019-10-26, 08:49:21, 1.01e-12, 8.95e-11
2019-10-26, 08:49:25, 9.64e-13, 8.97e-11
2019-10-26, 08:49:29, 9.52e-13, 8.95e-11
2019-10-26, 08:49:34, 9.42e-13, 8.96e-11
2019-10-26, 08:49:38, 1.03e-12, 8.95e-11
2019-10-26, 08:49:42, 8.8e-13, 8.95e-11
2019-10-26, 08:49:46, 9.81e-13, 8.95e-11
2019-10-26, 08:49:51, 8.89e-13, 8.94e-11
2019-10-26, 08:49:55, 9.95e-13, 8.93e-11
2019-10-26, 08:49:59, 9.25e-13, 8.94e-11
2019-10-26, 08:50:03, 9.69e-13, 8.95e-11
2019-10-26, 08:50:07, 9.96e-13, 8.92e-11
2019-10-26, 08:50:12, 9.29e-13, 8.92e-11
2019-10-26, 08:50:16, 9.08e-13, 8.95e-11
2019-10-26, 08:50:20, 1.11e-12, 8.93e-11
2019-10-26, 08:50:24, 8.59e-13, 8.94e-11
2019-10-26, 08:50:29, 9.74e-13, 8.95e-11
2019-10-26, 08:50:33, 9.78e-13, 8.95e-11
2019-10-26, 08:50:37, 9.14e-13, 8.94e-11
2019-10-26, 08:50:41, 9.75e-13, 8.92e-11
2019-10-26, 08:50:45, 9.55e-13, 8.93e-11
2019-10-26, 08:50:50, 1.02e-12, 8.96e-11
2019-10-26, 08:50:54, 9.35e-13, 8.93e-11
2019-10-26, 08:50:58, 1.04e-12, 8.95e-11
2019-10-26, 08:51:02, 9.49e-13, 8.91e-11
2019-10-26, 08:51:07, 9.76e-13, 8.93e-11
2019-10-26, 08:51:11, 9.74e-13, 8.91e-11
2019-10-26, 08:51:15, 9.49e-13, 8.93e-11
2019-10-26, 08:51:19, 1.07e-12, 8.9e-11
2019-10-26, 08:51:23, 9.27e-13, 8.95e-11
2019-10-26, 08:51:28, 1e-12, 8.93e-11
2019-10-26, 08:51:32, 9.85e-13, 8.92e-11
2019-10-26, 08:51:36, 1.01e-12, 8.97e-11
2019-10-26, 08:51:40, 8.17e-13, 8.92e-11
2019-10-26, 08:51:45, 9.58e-13, 8.92e-11
2019-10-26, 08:51:49, 1.01e-12, 8.94e-11
2019-10-26, 08:51:53, 9.24e-13, 8.93e-11
2019-10-26, 08:51:57, 8.74e-13, 8.93e-11
2019-10-26, 08:52:01, 1.01e-12, 8.91e-11
2019-10-26, 08:52:06, 9.03e-13, 8.94e-11
2019-10-26, 08:52:10, 9.56e-13, 8.94e-11
2019-10-26, 08:52:14, 1e-12, 8.96e-11
2019-10-26, 08:52:18, 9.13e-13, 8.87e-11
2019-10-26, 08:52:23, 9.66e-13, 8.92e-11
2019-10-26, 08:52:27, 9.95e-13, 8.92e-11
2019-10-26, 08:52:31, 9.55e-13, 8.92e-11
2019-10-26, 08:52:35, 1.04e-12, 8.95e-11
2019-10-26, 08:52:39, 9.52e-13, 8.96e-11
2019-10-26, 08:52:44, 9.81e-13, 8.97e-11
2019-10-26, 08:52:48, 9.67e-13, 8.92e-11
2019-10-26, 08:52:52, 9.94e-13, 8.95e-11
2019-10-26, 08:52:56, 9.42e-13, 8.93e-11
2019-10-26, 08:53:01, 1.03e-12, 8.93e-11
2019-10-26, 08:53:05, 9.51e-13, 8.94e-11
2019-10-26, 08:53:09, 1.03e-12, 8.93e-11
2019-10-26, 08:53:13, 9.88e-13, 8.95e-11
2019-10-26, 08:53:17, 1.02e-12, 8.94e-11
2019-10-26, 08:53:22, 1.03e-12, 8.93e-11
2019-10-26, 08:53:26, 9.53e-13, 8.95e-11
2019-10-26, 08:53:30, 9.4e-13, 8.94e-11
2019-10-26, 08:53:34, 9.36e-13, 8.93e-11
2019-10-26, 08:53:39, 9.2e-13, 8.93e-11
2019-10-26, 08:53:43, 9.56e-13, 8.93e-11
2019-10-26, 08:53:47, 8.91e-13, 8.94e-11
2019-10-26, 08:53:51, 9.83e-13, 8.92e-11
2019-10-26, 08:53:55, 9.92e-13, 8.93e-11
2019-10-26, 08:54:00, 1.07e-12, 8.98e-11
2019-10-26, 08:54:04, 9.57e-13, 9e-11
2019-10-26, 08:54:08, 1.01e-12, 8.91e-11
2019-10-26, 08:54:12, 9.69e-13, 8.93e-11
2019-10-26, 08:54:16, 9.91e-13, 8.9e-11
2019-10-26, 08:54:21, 8.68e-13, 8.91e-11
2019-10-26, 08:54:25, 1.02e-12, 8.89e-11
2019-10-26, 08:54:29, 9.91e-13, 8.96e-11
2019-10-26, 08:54:33, 9.35e-13, 8.95e-11
2019-10-26, 08:54:38, 1.03e-12, 8.96e-11
2019-10-26, 08:54:42, 9.28e-13, 8.94e-11
2019-10-26, 08:54:46, 9.4e-13, 8.93e-11
2019-10-26, 08:54:50, 1.04e-12, 8.95e-11
2019-10-26, 08:54:54, 9.36e-13, 8.94e-11
2019-10-26, 08:54:59, 1.04e-12, 8.92e-11
2019-10-26, 08:55:03, 9.9e-13, 8.95e-11
2019-10-26, 08:55:07, 9.44e-13, 8.93e-11
2019-10-26, 08:55:11, 9.99e-13, 8.96e-11
2019-10-26, 08:55:16, 1.11e-12, 8.94e-11
2019-10-26, 08:55:20, 9.83e-13, 8.95e-11
2019-10-26, 08:55:24, 1.03e-12, 8.91e-11
2019-10-26, 08:55:28, 9.98e-13, 8.95e-11
2019-10-26, 08:55:32, 9.86e-13, 8.94e-11
2019-10-26, 08:55:37, 1.02e-12, 8.96e-11
2019-10-26, 08:55:41, 1.05e-12, 8.96e-11
2019-10-26, 08:55:45, 9.47e-13, 8.95e-11
2019-10-26, 08:55:49, 9.64e-13, 8.95e-11
2019-10-26, 08:55:54, 9.42e-13, 8.96e-11
2019-10-26, 08:55:58, 9.92e-13, 8.93e-11
2019-10-26, 08:56:02, 1.03e-12, 8.96e-11
2019-10-26, 08:56:06, 1.02e-12, 8.94e-11
2019-10-26, 08:56:10, 9.57e-13, 8.92e-11
2019-10-26, 08:56:15, 1.01e-12, 8.91e-11
2019-10-26, 08:56:19, 1.01e-12, 8.92e-11
2019-10-26, 08:56:23, 9.69e-13, 8.92e-11
2019-10-26, 08:56:27, 9.43e-13, 8.93e-11
2019-10-26, 08:56:32, 9.97e-13, 8.91e-11
2019-10-26, 08:56:36, 9.8e-13, 8.93e-11
2019-10-26, 08:56:40, 9.94e-13, 8.95e-11
2019-10-26, 08:56:44, 1.03e-12, 8.92e-11
2019-10-26, 08:56:48, 1.05e-12, 8.94e-11
2019-10-26, 08:56:53, 9.71e-13, 8.93e-11
2019-10-26, 08:56:57, 1.01e-12, 8.92e-11
2019-10-26, 08:57:01, 9.41e-13, 8.93e-11
2019-10-26, 08:57:05, 9.46e-13, 8.93e-11
2019-10-26, 08:57:10, 9.6e-13, 8.91e-11
2019-10-26, 08:57:14, 9.26e-13, 8.92e-11
2019-10-26, 08:57:18, 9.99e-13, 8.92e-11
2019-10-26, 08:57:22, 9.9e-13, 8.92e-11
2019-10-26, 08:57:26, 8.95e-13, 8.93e-11
2019-10-26, 08:57:31, 9.74e-13, 8.92e-11
2019-10-26, 08:57:35, 9.85e-13, 8.95e-11
2019-10-26, 08:57:39, 9.48e-13, 8.96e-11
2019-10-26, 08:57:43, 1.08e-12, 8.92e-11
2019-10-26, 08:57:48, 9.52e-13, 8.92e-11
2019-10-26, 08:57:52, 1e-12, 8.94e-11
2019-10-26, 08:57:56, 1e-12, 8.91e-11
2019-10-26, 08:58:00, 9.63e-13, 8.93e-11
2019-10-26, 08:58:04, 9.13e-13, 8.94e-11
2019-10-26, 08:58:09, 9.35e-13, 8.93e-11
2019-10-26, 08:58:13, 9.25e-13, 8.95e-11
2019-10-26, 08:58:17, 9.85e-13, 8.94e-11
2019-10-26, 08:58:21, 9.35e-13, 8.94e-11
2019-10-26, 08:58:26, 9.78e-13, 8.94e-11
2019-10-26, 08:58:30, 9.98e-13, 8.93e-11
2019-10-26, 08:58:34, 9.57e-13, 8.93e-11
2019-10-26, 08:58:38, 1.01e-12, 8.93e-11
2019-10-26, 08:58:42, 9.74e-13, 8.94e-11
2019-10-26, 08:58:47, 9.78e-13, 8.95e-11
2019-10-26, 08:58:51, 9.76e-13, 8.89e-11
2019-10-26, 08:58:55, 9.53e-13, 8.92e-11
2019-10-26, 08:58:59, 9.09e-13, 8.94e-11
2019-10-26, 08:59:03, 9.77e-13, 8.92e-11
2019-10-26, 08:59:08, 9.76e-13, 8.93e-11
2019-10-26, 08:59:12, 9.8e-13, 8.9e-11
2019-10-26, 08:59:16, 9.65e-13, 8.91e-11
2019-10-26, 08:59:20, 9.63e-13, 8.93e-11
2019-10-26, 08:59:25, 1.11e-12, 8.91e-11
2019-10-26, 08:59:29, 1.01e-12, 8.91e-11
2019-10-26, 08:59:33, 9.33e-13, 8.93e-11
2019-10-26, 08:59:37, 9.5e-13, 8.93e-11
2019-10-26, 08:59:41, 9.86e-13, 8.92e-11
2019-10-26, 08:59:46, 1.02e-12, 8.93e-11
2019-10-26, 08:59:50, 9.63e-13, 8.87e-11
2019-10-26, 08:59:54, 1.1e-12, 8.93e-11
2019-10-26, 08:59:58, 9.86e-13, 8.92e-11
2019-10-26, 09:00:03, 9.84e-13, 8.93e-11
2019-10-26, 09:00:07, 9.82e-13, 8.9e-11
2019-10-26, 09:00:11, 1.01e-12, 8.93e-11
2019-10-26, 09:00:15, 9.77e-13, 8.95e-11
2019-10-26, 09:00:19, 9.66e-13, 8.94e-11
2019-10-26, 09:00:24, 1.03e-12, 8.96e-11
2019-10-26, 09:00:28, 9.31e-13, 8.91e-11
2019-10-26, 09:00:32, 9.88e-13, 8.92e-11
2019-10-26, 09:00:36, 9.39e-13, 8.97e-11
2019-10-26, 09:00:41, 9.85e-13, 8.95e-11
2019-10-26, 09:00:45, 9.33e-13, 8.92e-11
2019-10-26, 09:00:49, 9.48e-13, 8.92e-11
2019-10-26, 09:00:53, 9.36e-13, 8.92e-11
2019-10-26, 09:00:57, 9.22e-13, 8.92e-11
2019-10-26, 09:01:02, 1e-12, 8.9e-11
2019-10-26, 09:01:06, 1.05e-12, 8.97e-11
2019-10-26, 09:01:10, 9.92e-13, 8.93e-11
2019-10-26, 09:01:14, 9.89e-13, 8.92e-11
2019-10-26, 09:01:19, 1.03e-12, 8.96e-11
2019-10-26, 09:01:23, 9.8e-13, 8.94e-11
2019-10-26, 09:01:27, 1e-12, 8.9e-11
2019-10-26, 09:01:31, 9.91e-13, 8.91e-11
2019-10-26, 09:01:35, 1.02e-12, 8.92e-11
2019-10-26, 09:01:40, 1e-12, 8.96e-11
2019-10-26, 09:01:44, 9.1e-13, 8.93e-11
2019-10-26, 09:01:48, 9.71e-13, 8.91e-11
2019-10-26, 09:01:52, 1.11e-12, 8.94e-11
2019-10-26, 09:01:57, 9.49e-13, 8.93e-11
2019-10-26, 09:02:01, 9.56e-13, 8.91e-11
2019-10-26, 09:02:05, 9.37e-13, 8.9e-11
2019-10-26, 09:02:09, 9.89e-13, 8.92e-11
2019-10-26, 09:02:13, 1.04e-12, 8.92e-11
2019-10-26, 09:02:18, 9.27e-13, 8.95e-11
2019-10-26, 09:02:22, 1.01e-12, 8.92e-11
2019-10-26, 09:02:26, 1.02e-12, 8.91e-11
2019-10-26, 09:02:30, 9.99e-13, 8.9e-11
2019-10-26, 09:02:35, 9.98e-13, 8.93e-11
2019-10-26, 09:02:39, 1.06e-12, 8.91e-11
2019-10-26, 09:02:43, 1.08e-12, 8.89e-11
2019-10-26, 09:02:47, 9.84e-13, 8.93e-11
2019-10-26, 09:02:51, 9.94e-13, 8.94e-11
2019-10-26, 09:02:56, 9.3e-13, 8.94e-11
2019-10-26, 09:03:00, 9.79e-13, 8.93e-11
2019-10-26, 09:03:04, 9.4e-13, 8.92e-11
2019-10-26, 09:03:08, 9.53e-13, 8.96e-11
2019-10-26, 09:03:13, 1.03e-12, 8.92e-11
2019-10-26, 09:03:17, 1.04e-12, 8.92e-11
2019-10-26, 09:03:21, 9.62e-13, 8.91e-11
2019-10-26, 09:03:25, 9.91e-13, 8.92e-11
2019-10-26, 09:03:29, 9.89e-13, 8.92e-11
2019-10-26, 09:03:34, 9.2e-13, 8.91e-11
2019-10-26, 09:03:38, 8.57e-13, 8.93e-11
2019-10-26, 09:03:42, 9.4e-13, 8.89e-11
2019-10-26, 09:03:46, 9.51e-13, 8.92e-11
2019-10-26, 09:03:50, 9.32e-13, 8.89e-11
2019-10-26, 09:03:55, 1.02e-12, 8.94e-11
2019-10-26, 09:03:59, 8.61e-13, 8.91e-11
2019-10-26, 09:04:03, 9.52e-13, 8.92e-11
2019-10-26, 09:04:07, 8.73e-13, 8.91e-11
2019-10-26, 09:04:12, 9.65e-13, 8.9e-11
2019-10-26, 09:04:16, 9.66e-13, 8.93e-11
2019-10-26, 09:04:20, 9.74e-13, 8.92e-11
2019-10-26, 09:04:24, 9.66e-13, 8.93e-11
2019-10-26, 09:04:28, 9.36e-13, 8.94e-11
2019-10-26, 09:04:33, 9.55e-13, 8.9e-11
2019-10-26, 09:04:37, 1.01e-12, 8.94e-11
2019-10-26, 09:04:41, 9.25e-13, 8.94e-11
2019-10-26, 09:04:45, 9.41e-13, 8.91e-11
2019-10-26, 09:04:50, 1.13e-12, 8.9e-11
2019-10-26, 09:04:54, 9.85e-13, 8.91e-11
2019-10-26, 09:04:58, 9.95e-13, 8.95e-11
2019-10-26, 09:05:02, 9.25e-13, 8.92e-11
2019-10-26, 09:05:06, 1.06e-12, 8.9e-11
2019-10-26, 09:05:11, 9.63e-13, 8.93e-11
2019-10-26, 09:05:15, 9.85e-13, 8.9e-11
2019-10-26, 09:05:19, 9.59e-13, 8.9e-11
2019-10-26, 09:05:23, 9.78e-13, 8.9e-11
2019-10-26, 09:05:28, 9.97e-13, 8.9e-11
2019-10-26, 09:05:32, 9.94e-13, 8.88e-11
2019-10-26, 09:05:36, 9.73e-13, 8.91e-11
2019-10-26, 09:05:40, 9.74e-13, 8.98e-11
2019-10-26, 09:05:44, 8.94e-13, 8.93e-11
2019-10-26, 09:05:49, 9.79e-13, 8.93e-11
2019-10-26, 09:05:53, 1.08e-12, 8.94e-11
2019-10-26, 09:05:57, 9.7e-13, 8.94e-11
2019-10-26, 09:06:01, 9.59e-13, 8.94e-11
2019-10-26, 09:06:06, 1.01e-12, 8.93e-11
2019-10-26, 09:06:10, 9.45e-13, 8.92e-11
2019-10-26, 09:06:14, 9.46e-13, 8.91e-11
2019-10-26, 09:06:18, 9.8e-13, 8.92e-11
2019-10-26, 09:06:22, 9.46e-13, 8.95e-11
2019-10-26, 09:06:27, 9.38e-13, 8.93e-11
2019-10-26, 09:06:31, 9.66e-13, 8.9e-11
2019-10-26, 09:06:35, 9.84e-13, 8.91e-11
2019-10-26, 09:06:39, 9.47e-13, 8.94e-11
2019-10-26, 09:06:44, 1.03e-12, 8.93e-11
2019-10-26, 09:06:48, 9.69e-13, 8.92e-11
2019-10-26, 09:06:52, 1.08e-12, 8.89e-11
2019-10-26, 09:06:56, 9.99e-13, 8.9e-11
2019-10-26, 09:07:00, 9.52e-13, 8.89e-11
2019-10-26, 09:07:05, 9.82e-13, 8.89e-11
2019-10-26, 09:07:09, 9.89e-13, 8.92e-11
2019-10-26, 09:07:13, 9.95e-13, 8.89e-11
2019-10-26, 09:07:17, 1.04e-12, 8.93e-11
2019-10-26, 09:07:22, 9.77e-13, 8.92e-11
2019-10-26, 09:07:26, 9.82e-13, 8.92e-11
2019-10-26, 09:07:30, 9.11e-13, 8.92e-11
2019-10-26, 09:07:34, 1.01e-12, 8.94e-11
2019-10-26, 09:07:38, 9.67e-13, 8.94e-11
2019-10-26, 09:07:43, 1e-12, 8.88e-11
2019-10-26, 09:07:47, 8.74e-13, 8.88e-11
2019-10-26, 09:07:51, 9.76e-13, 8.91e-11
2019-10-26, 09:07:55, 9.25e-13, 8.91e-11
2019-10-26, 09:08:00, 9.62e-13, 8.87e-11
2019-10-26, 09:08:04, 9.18e-13, 8.87e-11
2019-10-26, 09:08:08, 9.62e-13, 8.88e-11
2019-10-26, 09:08:12, 9.7e-13, 8.89e-11
2019-10-26, 09:08:16, 9.9e-13, 8.88e-11
2019-10-26, 09:08:21, 9.61e-13, 8.9e-11
2019-10-26, 09:08:25, 9.8e-13, 8.92e-11
2019-10-26, 09:08:29, 9.32e-13, 8.92e-11
2019-10-26, 09:08:33, 9.02e-13, 8.9e-11
2019-10-26, 09:08:38, 1.01e-12, 8.9e-11
2019-10-26, 09:08:42, 9.44e-13, 8.95e-11
2019-10-26, 09:08:46, 9.16e-13, 8.91e-11
2019-10-26, 09:08:50, 8.63e-13, 8.93e-11
2019-10-26, 09:08:54, 9.38e-13, 8.91e-11
2019-10-26, 09:08:59, 9.61e-13, 8.9e-11
2019-10-26, 09:09:03, 9.38e-13, 8.92e-11
2019-10-26, 09:09:07, 1.01e-12, 8.93e-11
2019-10-26, 09:09:11, 9.88e-13, 8.9e-11
2019-10-26, 09:09:15, 9.79e-13, 8.93e-11
2019-10-26, 09:09:20, 9.9e-13, 8.88e-11
2019-10-26, 09:09:24, 1.08e-12, 8.92e-11
2019-10-26, 09:09:28, 9.96e-13, 8.9e-11
2019-10-26, 09:09:32, 1.01e-12, 8.93e-11
2019-10-26, 09:09:37, 9.65e-13, 8.9e-11
2019-10-26, 09:09:41, 9.52e-13, 8.93e-11
2019-10-26, 09:09:45, 9.21e-13, 8.91e-11
2019-10-26, 09:09:49, 9.07e-13, 8.89e-11
2019-10-26, 09:09:53, 9.34e-13, 8.9e-11
2019-10-26, 09:09:58, 9.42e-13, 8.93e-11
2019-10-26, 09:10:02, 1.08e-12, 8.92e-11
2019-10-26, 09:10:06, 9.39e-13, 8.93e-11
2019-10-26, 09:10:10, 9.59e-13, 8.91e-11
2019-10-26, 09:10:15, 9.91e-13, 8.94e-11
2019-10-26, 09:10:19, 9.42e-13, 8.87e-11
2019-10-26, 09:10:23, 9.78e-13, 8.91e-11
2019-10-26, 09:10:27, 9.9e-13, 8.87e-11
2019-10-26, 09:10:31, 1e-12, 8.9e-11
2019-10-26, 09:10:36, 8.79e-13, 8.91e-11
2019-10-26, 09:10:40, 9.41e-13, 8.92e-11
2019-10-26, 09:10:44, 1.06e-12, 8.91e-11
2019-10-26, 09:10:48, 9.74e-13, 8.91e-11
2019-10-26, 09:10:53, 9.75e-13, 8.91e-11
2019-10-26, 09:10:57, 9.5e-13, 8.93e-11
2019-10-26, 09:11:01, 9.17e-13, 8.94e-11
2019-10-26, 09:11:05, 9.83e-13, 8.97e-11
2019-10-26, 09:11:09, 9.72e-13, 8.95e-11
2019-10-26, 09:11:14, 9.4e-13, 8.93e-11
2019-10-26, 09:11:18, 9.82e-13, 8.91e-11
2019-10-26, 09:11:22, 9.17e-13, 8.94e-11
2019-10-26, 09:11:26, 1e-12, 8.94e-11
2019-10-26, 09:11:31, 9.79e-13, 8.93e-11
2019-10-26, 09:11:35, 1.01e-12, 8.92e-11
2019-10-26, 09:11:39, 9.53e-13, 8.93e-11
2019-10-26, 09:11:43, 1.04e-12, 8.97e-11
2019-10-26, 09:11:47, 1.09e-12, 8.95e-11
2019-10-26, 09:11:52, 1.06e-12, 8.9e-11
2019-10-26, 09:11:56, 9.43e-13, 8.94e-11
2019-10-26, 09:12:00, 9.77e-13, 8.94e-11
2019-10-26, 09:12:04, 9.97e-13, 8.93e-11
2019-10-26, 09:12:09, 9.16e-13, 8.92e-11
2019-10-26, 09:12:13, 9.43e-13, 8.93e-11
2019-10-26, 09:12:17, 1.02e-12, 8.94e-11
2019-10-26, 09:12:21, 9.07e-13, 8.89e-11
2019-10-26, 09:12:25, 1e-12, 8.93e-11
2019-10-26, 09:12:30, 1.01e-12, 8.9e-11
2019-10-26, 09:12:34, 1.03e-12, 8.95e-11
2019-10-26, 09:12:38, 1.01e-12, 8.92e-11
2019-10-26, 09:12:42, 9.49e-13, 8.92e-11
2019-10-26, 09:12:46, 1.01e-12, 8.89e-11
2019-10-26, 09:12:51, 9.1e-13, 8.93e-11
2019-10-26, 09:12:55, 9.68e-13, 8.91e-11
2019-10-26, 09:12:59, 9.7e-13, 8.88e-11
2019-10-26, 09:13:03, 9.77e-13, 8.92e-11
2019-10-26, 09:13:08, 1.02e-12, 8.9e-11
2019-10-26, 09:13:12, 9.73e-13, 8.93e-11
2019-10-26, 09:13:16, 9.64e-13, 8.89e-11
2019-10-26, 09:13:20, 1.02e-12, 8.94e-11
2019-10-26, 09:13:24, 9.51e-13, 8.93e-11
2019-10-26, 09:13:29, 9.88e-13, 8.88e-11
2019-10-26, 09:13:33, 1.02e-12, 8.92e-11
2019-10-26, 09:13:37, 9.61e-13, 8.92e-11
2019-10-26, 09:13:41, 9.3e-13, 8.9e-11
2019-10-26, 09:13:46, 9.78e-13, 8.9e-11
2019-10-26, 09:13:50, 9.57e-13, 8.89e-11
2019-10-26, 09:13:54, 9.11e-13, 8.93e-11
2019-10-26, 09:13:58, 1.04e-12, 8.89e-11
2019-10-26, 09:14:02, 9.14e-13, 8.91e-11
2019-10-26, 09:14:07, 1.02e-12, 8.95e-11
2019-10-26, 09:14:11, 9.76e-13, 8.9e-11
2019-10-26, 09:14:15, 1.11e-12, 8.93e-11
2019-10-26, 09:14:19, 8.98e-13, 8.93e-11
2019-10-26, 09:14:24, 9.78e-13, 8.92e-11
2019-10-26, 09:14:28, 1.01e-12, 8.91e-11
2019-10-26, 09:14:32, 9.77e-13, 8.95e-11
2019-10-26, 09:14:36, 9.61e-13, 8.96e-11
2019-10-26, 09:14:40, 9.67e-13, 8.92e-11
2019-10-26, 09:14:45, 9.77e-13, 8.94e-11
2019-10-26, 09:14:49, 1.02e-12, 8.91e-11
2019-10-26, 09:14:53, 9.84e-13, 8.89e-11
2019-10-26, 09:14:57, 9.71e-13, 8.89e-11
2019-10-26, 09:15:02, 9.6e-13, 8.91e-11
2019-10-26, 09:15:06, 1.07e-12, 8.92e-11
2019-10-26, 09:15:10, 9.65e-13, 8.93e-11
2019-10-26, 09:15:14, 9.8e-13, 8.93e-11
2019-10-26, 09:15:18, 1.05e-12, 8.91e-11
2019-10-26, 09:15:23, 9.32e-13, 8.94e-11
2019-10-26, 09:15:27, 9.87e-13, 8.91e-11
2019-10-26, 09:15:31, 1.01e-12, 8.93e-11
2019-10-26, 09:15:35, 9.48e-13, 8.94e-11
2019-10-26, 09:15:40, 9.92e-13, 8.93e-11
2019-10-26, 09:15:44, 9.26e-13, 8.89e-11
2019-10-26, 09:15:48, 1e-12, 8.93e-11
2019-10-26, 09:15:52, 9.88e-13, 8.93e-11
2019-10-26, 09:15:56, 9.85e-13, 8.88e-11
2019-10-26, 09:16:01, 8.31e-13, 8.93e-11
2019-10-26, 09:16:05, 9.74e-13, 8.93e-11
2019-10-26, 09:16:09, 1.01e-12, 8.91e-11
2019-10-26, 09:16:13, 9.85e-13, 8.91e-11
2019-10-26, 09:16:18, 1.09e-12, 8.93e-11
2019-10-26, 09:16:22, 9.42e-13, 8.91e-11
2019-10-26, 09:16:26, 9.18e-13, 8.9e-11
2019-10-26, 09:16:30, 9.72e-13, 8.92e-11
2019-10-26, 09:16:34, 1.03e-12, 8.9e-11
2019-10-26, 09:16:39, 9.77e-13, 8.94e-11
2019-10-26, 09:16:43, 9.9e-13, 8.96e-11
2019-10-26, 09:16:47, 9.81e-13, 8.91e-11
2019-10-26, 09:16:51, 1.05e-12, 8.9e-11
2019-10-26, 09:16:56, 1e-12, 8.95e-11
2019-10-26, 09:17:00, 9.8e-13, 8.89e-11
2019-10-26, 09:17:04, 9.74e-13, 8.92e-11
2019-10-26, 09:17:08, 9.58e-13, 8.93e-11
2019-10-26, 09:17:12, 8.92e-13, 8.94e-11
2019-10-26, 09:17:17, 9.93e-13, 8.94e-11
2019-10-26, 09:17:21, 9.95e-13, 8.94e-11
2019-10-26, 09:17:25, 1.02e-12, 8.93e-11
2019-10-26, 09:17:29, 1.02e-12, 8.96e-11
2019-10-26, 09:17:33, 9.87e-13, 8.92e-11
2019-10-26, 09:17:38, 9.55e-13, 8.91e-11
2019-10-26, 09:17:42, 9.4e-13, 8.91e-11
2019-10-26, 09:17:46, 1.02e-12, 8.9e-11
2019-10-26, 09:17:50, 1.04e-12, 8.91e-11
2019-10-26, 09:17:55, 9.42e-13, 8.89e-11
2019-10-26, 09:17:59, 9.71e-13, 8.91e-11
2019-10-26, 09:18:03, 9.51e-13, 8.93e-11
2019-10-26, 09:18:07, 9.65e-13, 8.89e-11
2019-10-26, 09:18:11, 9.47e-13, 8.9e-11
2019-10-26, 09:18:16, 9.84e-13, 8.87e-11
2019-10-26, 09:18:20, 9.47e-13, 8.89e-11
2019-10-26, 09:18:24, 1.03e-12, 8.93e-11
2019-10-26, 09:18:28, 9.88e-13, 8.92e-11
2019-10-26, 09:18:33, 9.15e-13, 8.9e-11
2019-10-26, 09:18:37, 1.07e-12, 8.9e-11
2019-10-26, 09:18:41, 9.97e-13, 8.88e-11
2019-10-26, 09:18:45, 9.78e-13, 8.92e-11
2019-10-26, 09:18:49, 8.85e-13, 8.86e-11
2019-10-26, 09:18:54, 9.69e-13, 8.91e-11
2019-10-26, 09:18:58, 1.03e-12, 8.89e-11
2019-10-26, 09:19:02, 9.48e-13, 8.97e-11
2019-10-26, 09:19:06, 9.72e-13, 8.95e-11
2019-10-26, 09:19:11, 1.01e-12, 8.92e-11
2019-10-26, 09:19:15, 9.7e-13, 8.93e-11
2019-10-26, 09:19:19, 9.77e-13, 8.94e-11
2019-10-26, 09:19:23, 9.61e-13, 8.93e-11
2019-10-26, 09:19:27, 1.12e-12, 8.9e-11
2019-10-26, 09:19:32, 9.86e-13, 8.88e-11
2019-10-26, 09:19:36, 9.66e-13, 8.92e-11
2019-10-26, 09:19:40, 9.63e-13, 8.88e-11
2019-10-26, 09:19:44, 9.28e-13, 8.87e-11
2019-10-26, 09:19:49, 1.1e-12, 8.9e-11
2019-10-26, 09:19:53, 9.96e-13, 8.93e-11
2019-10-26, 09:19:57, 9.81e-13, 8.9e-11
2019-10-26, 09:20:01, 1.03e-12, 8.91e-11
2019-10-26, 09:20:05, 9.5e-13, 8.92e-11
2019-10-26, 09:20:10, 9.13e-13, 8.92e-11
2019-10-26, 09:20:14, 8.63e-13, 8.93e-11
2019-10-26, 09:20:18, 9.93e-13, 8.85e-11
2019-10-26, 09:20:22, 9.99e-13, 8.9e-11
2019-10-26, 09:20:27, 9.71e-13, 8.92e-11
2019-10-26, 09:20:31, 9.53e-13, 8.94e-11
2019-10-26, 09:20:35, 1.12e-12, 8.91e-11
2019-10-26, 09:20:39, 9.43e-13, 8.92e-11
2019-10-26, 09:20:43, 1.03e-12, 8.94e-11
2019-10-26, 09:20:48, 1.01e-12, 8.89e-11
2019-10-26, 09:20:52, 1.01e-12, 8.89e-11
2019-10-26, 09:20:56, 9.36e-13, 8.93e-11
2019-10-26, 09:21:00, 8.48e-13, 8.89e-11
2019-10-26, 09:21:04, 9.82e-13, 8.9e-11
2019-10-26, 09:21:09, 1.02e-12, 8.9e-11
2019-10-26, 09:21:13, 9.27e-13, 8.89e-11
2019-10-26, 09:21:17, 1.02e-12, 8.93e-11
2019-10-26, 09:21:21, 9.45e-13, 8.91e-11
2019-10-26, 09:21:26, 9.77e-13, 8.94e-11
2019-10-26, 09:21:30, 1.02e-12, 8.89e-11
2019-10-26, 09:21:34, 9.9e-13, 8.94e-11
2019-10-26, 09:21:38, 9.5e-13, 8.95e-11
2019-10-26, 09:21:42, 9.85e-13, 8.9e-11
2019-10-26, 09:21:47, 1.02e-12, 8.93e-11
2019-10-26, 09:21:51, 9.83e-13, 8.93e-11
2019-10-26, 09:21:55, 9.62e-13, 8.94e-11
2019-10-26, 09:21:59, 1.01e-12, 8.91e-11
2019-10-26, 09:22:04, 9.06e-13, 8.9e-11
2019-10-26, 09:22:08, 9.46e-13, 8.92e-11
2019-10-26, 09:22:12, 9.87e-13, 8.92e-11
2019-10-26, 09:22:16, 9.33e-13, 8.93e-11
2019-10-26, 09:22:20, 1.03e-12, 8.93e-11
2019-10-26, 09:22:25, 1.09e-12, 8.94e-11
2019-10-26, 09:22:29, 9.9e-13, 8.91e-11
2019-10-26, 09:22:33, 9.63e-13, 8.9e-11
2019-10-26, 09:22:37, 9.81e-13, 8.93e-11
2019-10-26, 09:22:42, 9.4e-13, 8.9e-11
2019-10-26, 09:22:46, 9.96e-13, 8.91e-11
2019-10-26, 09:22:50, 9.79e-13, 8.9e-11
2019-10-26, 09:22:54, 8.46e-13, 8.91e-11
2019-10-26, 09:22:58, 1.05e-12, 8.9e-11
2019-10-26, 09:23:03, 1.01e-12, 8.93e-11
2019-10-26, 09:23:07, 1.04e-12, 8.92e-11
2019-10-26, 09:23:11, 1.06e-12, 8.94e-11
2019-10-26, 09:23:15, 1.03e-12, 8.9e-11
2019-10-26, 09:23:20, 1e-12, 8.91e-11
2019-10-26, 09:23:24, 9.85e-13, 8.91e-11
2019-10-26, 09:23:28, 1.02e-12, 8.89e-11
2019-10-26, 09:23:32, 9.65e-13, 8.9e-11
2019-10-26, 09:23:36, 1.02e-12, 8.9e-11
2019-10-26, 09:23:41, 1.02e-12, 8.91e-11
2019-10-26, 09:23:45, 1.04e-12, 8.89e-11
2019-10-26, 09:23:49, 9.63e-13, 8.94e-11
2019-10-26, 09:23:53, 9.98e-13, 8.92e-11
2019-10-26, 09:23:58, 9.88e-13, 8.91e-11
2019-10-26, 09:24:02, 9.8e-13, 8.89e-11
2019-10-26, 09:24:06, 9.45e-13, 8.87e-11
2019-10-26, 09:24:10, 9.42e-13, 8.9e-11
2019-10-26, 09:24:14, 1.01e-12, 8.89e-11
2019-10-26, 09:24:19, 9.75e-13, 8.9e-11
2019-10-26, 09:24:23, 9.57e-13, 8.91e-11
2019-10-26, 09:24:27, 1.02e-12, 8.9e-11
2019-10-26, 09:24:31, 9.76e-13, 8.91e-11
2019-10-26, 09:24:36, 9.55e-13, 8.9e-11
2019-10-26, 09:24:40, 8.83e-13, 8.88e-11
2019-10-26, 09:24:44, 9.78e-13, 8.9e-11
2019-10-26, 09:24:48, 1.02e-12, 8.91e-11
2019-10-26, 09:24:52, 9.45e-13, 8.92e-11
2019-10-26, 09:24:57, 9.88e-13, 8.89e-11
2019-10-26, 09:25:01, 9.6e-13, 8.92e-11
2019-10-26, 09:25:05, 1.05e-12, 8.89e-11
2019-10-26, 09:25:09, 9.53e-13, 8.87e-11
2019-10-26, 09:25:13, 8.21e-13, 8.91e-11
2019-10-26, 09:25:18, 8.92e-13, 8.91e-11
2019-10-26, 09:25:22, 1.04e-12, 8.88e-11
2019-10-26, 09:25:26, 1.14e-12, 8.9e-11
2019-10-26, 09:25:30, 1e-12, 8.93e-11
2019-10-26, 09:25:35, 1.04e-12, 8.91e-11
2019-10-26, 09:25:39, 1.09e-12, 8.9e-11
2019-10-26, 09:25:43, 9.53e-13, 8.9e-11
2019-10-26, 09:25:47, 9.46e-13, 8.87e-11
2019-10-26, 09:25:51, 8.37e-13, 8.88e-11
2019-10-26, 09:25:56, 9.93e-13, 8.93e-11
2019-10-26, 09:26:00, 9.27e-13, 8.89e-11
2019-10-26, 09:26:04, 9.44e-13, 8.9e-11
2019-10-26, 09:26:08, 1e-12, 8.91e-11
2019-10-26, 09:26:13, 9.36e-13, 8.93e-11
2019-10-26, 09:26:17, 9.7e-13, 8.92e-11
2019-10-26, 09:26:21, 1.02e-12, 8.89e-11
2019-10-26, 09:26:25, 9.39e-13, 8.91e-11
2019-10-26, 09:26:29, 9.11e-13, 8.96e-11
2019-10-26, 09:26:34, 9.13e-13, 8.91e-11
2019-10-26, 09:26:38, 1.01e-12, 8.89e-11
2019-10-26, 09:26:42, 9.8e-13, 8.89e-11
2019-10-26, 09:26:46, 9.46e-13, 8.9e-11
2019-10-26, 09:26:51, 1e-12, 8.91e-11
2019-10-26, 09:26:55, 9.55e-13, 8.91e-11
2019-10-26, 09:26:59, 9.76e-13, 8.9e-11
2019-10-26, 09:27:03, 9.76e-13, 8.93e-11
2019-10-26, 09:27:07, 1.04e-12, 8.91e-11
2019-10-26, 09:27:12, 9.9e-13, 8.89e-11
2019-10-26, 09:27:16, 1.01e-12, 8.9e-11
2019-10-26, 09:27:20, 1.1e-12, 8.91e-11
2019-10-26, 09:27:24, 9.08e-13, 8.92e-11
2019-10-26, 09:27:29, 9.78e-13, 8.9e-11
2019-10-26, 09:27:33, 8.19e-13, 8.91e-11
2019-10-26, 09:27:37, 9.53e-13, 8.91e-11
2019-10-26, 09:27:41, 9.92e-13, 8.9e-11
2019-10-26, 09:27:45, 9.77e-13, 8.87e-11
2019-10-26, 09:27:50, 1.01e-12, 8.89e-11
2019-10-26, 09:27:54, 1.04e-12, 8.92e-11
2019-10-26, 09:27:58, 1.05e-12, 8.9e-11
2019-10-26, 09:28:02, 9.58e-13, 8.94e-11
2019-10-26, 09:28:07, 9.79e-13, 8.87e-11
2019-10-26, 09:28:11, 1.15e-12, 8.91e-11
2019-10-26, 09:28:15, 9.41e-13, 8.89e-11
2019-10-26, 09:28:19, 1.01e-12, 8.92e-11
2019-10-26, 09:28:23, 9.69e-13, 8.9e-11
2019-10-26, 09:28:28, 9.53e-13, 8.9e-11
2019-10-26, 09:28:32, 9.46e-13, 8.88e-11
2019-10-26, 09:28:36, 1e-12, 8.94e-11
2019-10-26, 09:28:40, 9.7e-13, 8.88e-11
2019-10-26, 09:28:45, 9.28e-13, 8.89e-11
2019-10-26, 09:28:49, 1.05e-12, 8.91e-11
2019-10-26, 09:28:53, 9.75e-13, 8.9e-11
2019-10-26, 09:28:57, 8.88e-13, 8.96e-11
2019-10-26, 09:29:01, 9.14e-13, 8.91e-11
2019-10-26, 09:29:06, 8.63e-13, 8.95e-11
2019-10-26, 09:29:10, 1.06e-12, 8.93e-11
2019-10-26, 09:29:14, 9.89e-13, 8.93e-11
2019-10-26, 09:29:18, 9.58e-13, 8.93e-11
2019-10-26, 09:29:23, 9.9e-13, 8.9e-11
2019-10-26, 09:29:27, 9.64e-13, 8.97e-11
2019-10-26, 09:29:31, 8.77e-13, 8.91e-11
2019-10-26, 09:29:35, 9.56e-13, 8.93e-11
2019-10-26, 09:29:39, 9.52e-13, 8.9e-11
2019-10-26, 09:29:44, 1.09e-12, 8.94e-11
2019-10-26, 09:29:48, 1.03e-12, 8.94e-11
2019-10-26, 09:29:52, 9.18e-13, 8.93e-11
2019-10-26, 09:29:56, 9.48e-13, 8.95e-11
2019-10-26, 09:30:00, 9.93e-13, 8.92e-11
2019-10-26, 09:30:05, 1e-12, 8.97e-11
2019-10-26, 09:30:09, 9.05e-13, 8.87e-11
2019-10-26, 09:30:13, 9.81e-13, 8.95e-11
2019-10-26, 09:30:17, 9.2e-13, 8.91e-11
2019-10-26, 09:30:22, 8.45e-13, 8.89e-11
2019-10-26, 09:30:26, 1.01e-12, 8.92e-11
2019-10-26, 09:30:30, 9.03e-13, 8.88e-11
2019-10-26, 09:30:34, 9.65e-13, 8.91e-11
2019-10-26, 09:30:38, 1e-12, 8.95e-11
2019-10-26, 09:30:43, 9.77e-13, 8.93e-11
2019-10-26, 09:30:47, 9.02e-13, 8.94e-11
2019-10-26, 09:30:51, 9.88e-13, 8.88e-11
2019-10-26, 09:30:55, 1.13e-12, 8.9e-11
2019-10-26, 09:31:00, 9.5e-13, 8.9e-11
2019-10-26, 09:31:04, 9.74e-13, 8.91e-11
2019-10-26, 09:31:08, 9.78e-13, 8.92e-11
2019-10-26, 09:31:12, 9.86e-13, 8.89e-11
2019-10-26, 09:31:16, 1.03e-12, 8.93e-11
2019-10-26, 09:31:21, 8.05e-13, 8.9e-11
2019-10-26, 09:31:25, 1.01e-12, 8.89e-11
2019-10-26, 09:31:29, 9.19e-13, 8.93e-11
2019-10-26, 09:31:33, 9.36e-13, 8.95e-11
2019-10-26, 09:31:38, 9.83e-13, 8.89e-11
2019-10-26, 09:31:42, 9.03e-13, 8.95e-11
2019-10-26, 09:31:46, 9.81e-13, 8.93e-11
2019-10-26, 09:31:50, 9.92e-13, 8.96e-11
2019-10-26, 09:31:54, 9.99e-13, 8.89e-11
2019-10-26, 09:31:59, 9.47e-13, 8.93e-11
2019-10-26, 09:32:03, 9.89e-13, 8.88e-11
2019-10-26, 09:32:07, 9.88e-13, 8.93e-11
2019-10-26, 09:32:11, 9.62e-13, 8.93e-11
2019-10-26, 09:32:16, 1.02e-12, 8.89e-11
2019-10-26, 09:32:20, 1e-12, 8.9e-11
2019-10-26, 09:32:24, 1.01e-12, 8.92e-11
2019-10-26, 09:32:28, 1e-12, 8.9e-11
2019-10-26, 09:32:32, 9.58e-13, 8.88e-11
2019-10-26, 09:32:37, 9.75e-13, 8.93e-11
2019-10-26, 09:32:41, 9.46e-13, 8.89e-11
2019-10-26, 09:32:45, 9.23e-13, 8.9e-11
2019-10-26, 09:32:49, 1.06e-12, 8.9e-11
2019-10-26, 09:32:54, 9.5e-13, 8.89e-11
2019-10-26, 09:32:58, 9.97e-13, 8.9e-11
2019-10-26, 09:33:02, 1.03e-12, 8.9e-11
2019-10-26, 09:33:06, 9.69e-13, 8.91e-11
2019-10-26, 09:33:10, 9.81e-13, 8.95e-11
2019-10-26, 09:33:15, 1.04e-12, 8.87e-11
2019-10-26, 09:33:19, 9.64e-13, 8.9e-11
2019-10-26, 09:33:23, 9.99e-13, 8.91e-11
2019-10-26, 09:33:27, 9.28e-13, 8.92e-11
2019-10-26, 09:33:32, 1e-12, 8.89e-11
2019-10-26, 09:33:36, 9.28e-13, 8.95e-11
2019-10-26, 09:33:40, 1.01e-12, 8.9e-11
2019-10-26, 09:33:44, 9.28e-13, 8.93e-11
2019-10-26, 09:33:48, 9.67e-13, 8.94e-11
2019-10-26, 09:33:53, 9.16e-13, 8.94e-11
2019-10-26, 09:33:57, 9.53e-13, 8.9e-11
2019-10-26, 09:34:01, 9.45e-13, 8.87e-11
2019-10-26, 09:34:05, 9.97e-13, 8.89e-11
2019-10-26, 09:34:10, 1.11e-12, 8.9e-11
2019-10-26, 09:34:14, 9.81e-13, 8.87e-11
2019-10-26, 09:34:18, 9.91e-13, 8.91e-11
2019-10-26, 09:34:22, 9.77e-13, 8.95e-11
2019-10-26, 09:34:26, 1.01e-12, 8.93e-11
2019-10-26, 09:34:31, 1.1e-12, 8.91e-11
2019-10-26, 09:34:35, 9.38e-13, 8.88e-11
2019-10-26, 09:34:39, 9.93e-13, 8.92e-11
2019-10-26, 09:34:43, 9.32e-13, 8.94e-11
2019-10-26, 09:34:47, 9.77e-13, 8.95e-11
2019-10-26, 09:34:52, 9.23e-13, 8.91e-11
2019-10-26, 09:34:56, 9.8e-13, 8.93e-11
2019-10-26, 09:35:00, 8.8e-13, 8.91e-11
2019-10-26, 09:35:04, 1.03e-12, 8.9e-11
2019-10-26, 09:35:09, 8.71e-13, 8.92e-11
2019-10-26, 09:35:13, 1.03e-12, 8.88e-11
2019-10-26, 09:35:17, 9.71e-13, 8.89e-11
2019-10-26, 09:35:21, 1.01e-12, 8.9e-11
2019-10-26, 09:35:25, 9.31e-13, 8.93e-11
2019-10-26, 09:35:30, 9.45e-13, 8.92e-11
2019-10-26, 09:35:34, 9.7e-13, 8.92e-11
2019-10-26, 09:35:38, 9.86e-13, 8.94e-11
2019-10-26, 09:35:42, 9.47e-13, 8.94e-11
2019-10-26, 09:35:47, 1.04e-12, 8.92e-11
2019-10-26, 09:35:51, 9.57e-13, 8.92e-11
2019-10-26, 09:35:55, 9.54e-13, 8.9e-11
2019-10-26, 09:35:59, 1.02e-12, 8.89e-11
2019-10-26, 09:36:03, 9.92e-13, 8.9e-11
2019-10-26, 09:36:08, 9.83e-13, 8.95e-11
2019-10-26, 09:36:12, 9.8e-13, 8.9e-11
2019-10-26, 09:36:16, 9.47e-13, 8.91e-11
2019-10-26, 09:36:20, 9.76e-13, 8.94e-11
2019-10-26, 09:36:25, 9.33e-13, 8.95e-11
2019-10-26, 09:36:29, 9.58e-13, 8.93e-11
2019-10-26, 09:36:33, 9.86e-13, 8.86e-11
2019-10-26, 09:36:37, 9.18e-13, 8.94e-11
2019-10-26, 09:36:41, 9.95e-13, 8.94e-11
2019-10-26, 09:36:46, 1.03e-12, 8.87e-11
2019-10-26, 09:36:50, 1.07e-12, 8.89e-11
2019-10-26, 09:36:54, 1.05e-12, 8.93e-11
2019-10-26, 09:36:58, 9.9e-13, 8.91e-11
2019-10-26, 09:37:03, 9.34e-13, 8.93e-11
2019-10-26, 09:37:07, 1.1e-12, 8.94e-11
2019-10-26, 09:37:11, 9.37e-13, 8.86e-11
2019-10-26, 09:37:15, 9.75e-13, 8.94e-11
2019-10-26, 09:37:19, 1.11e-12, 8.9e-11
2019-10-26, 09:37:24, 9.5e-13, 8.92e-11
2019-10-26, 09:37:28, 9.4e-13, 8.91e-11
2019-10-26, 09:37:32, 9.63e-13, 8.9e-11
2019-10-26, 09:37:36, 1.07e-12, 8.93e-11
2019-10-26, 09:37:41, 9.5e-13, 8.9e-11
2019-10-26, 09:37:45, 9.35e-13, 8.92e-11
2019-10-26, 09:37:49, 9.97e-13, 8.92e-11
2019-10-26, 09:37:53, 9.48e-13, 8.93e-11
2019-10-26, 09:37:57, 9.49e-13, 8.9e-11
2019-10-26, 09:38:02, 9.92e-13, 8.87e-11
2019-10-26, 09:38:06, 8.88e-13, 8.9e-11
2019-10-26, 09:38:10, 9.17e-13, 8.91e-11
2019-10-26, 09:38:14, 9.5e-13, 8.92e-11
2019-10-26, 09:38:18, 8.5e-13, 8.94e-11
2019-10-26, 09:38:23, 9.68e-13, 8.89e-11
2019-10-26, 09:38:27, 9.4e-13, 8.94e-11
2019-10-26, 09:38:31, 9.91e-13, 8.89e-11
2019-10-26, 09:38:35, 1.08e-12, 8.9e-11
2019-10-26, 09:38:40, 9.8e-13, 8.91e-11
2019-10-26, 09:38:44, 9.68e-13, 8.95e-11
2019-10-26, 09:38:48, 9.84e-13, 8.91e-11
2019-10-26, 09:38:52, 9.62e-13, 8.87e-11
2019-10-26, 09:38:56, 8.34e-13, 8.88e-11
2019-10-26, 09:39:01, 9.48e-13, 8.89e-11
2019-10-26, 09:39:05, 1.1e-12, 8.92e-11
2019-10-26, 09:39:09, 9.98e-13, 8.91e-11
2019-10-26, 09:39:13, 9.81e-13, 8.9e-11
2019-10-26, 09:39:18, 9.8e-13, 8.92e-11
2019-10-26, 09:39:22, 9.88e-13, 8.93e-11
2019-10-26, 09:39:26, 1e-12, 8.94e-11
2019-10-26, 09:39:30, 9.92e-13, 8.88e-11
2019-10-26, 09:39:34, 9.37e-13, 8.94e-11
2019-10-26, 09:39:39, 9.62e-13, 8.93e-11
2019-10-26, 09:39:43, 1.01e-12, 8.91e-11
2019-10-26, 09:39:47, 9.9e-13, 8.95e-11
2019-10-26, 09:39:51, 9.46e-13, 8.91e-11
2019-10-26, 09:39:56, 9.64e-13, 8.91e-11
2019-10-26, 09:40:00, 1.01e-12, 8.92e-11
2019-10-26, 09:40:04, 9.51e-13, 8.91e-11
2019-10-26, 09:40:08, 1.01e-12, 8.9e-11
2019-10-26, 09:40:12, 9.75e-13, 8.9e-11
2019-10-26, 09:40:17, 1e-12, 8.93e-11
2019-10-26, 09:40:21, 8.76e-13, 8.92e-11
2019-10-26, 09:40:25, 9.66e-13, 8.9e-11
2019-10-26, 09:40:29, 9.54e-13, 8.9e-11
2019-10-26, 09:40:34, 9.62e-13, 8.92e-11
2019-10-26, 09:40:38, 1e-12, 8.92e-11
2019-10-26, 09:40:42, 9.38e-13, 8.89e-11
2019-10-26, 09:40:46, 9.87e-13, 8.91e-11
2019-10-26, 09:40:50, 9.14e-13, 8.9e-11
2019-10-26, 09:40:55, 1.13e-12, 8.87e-11
2019-10-26, 09:40:59, 9.04e-13, 8.88e-11
2019-10-26, 09:41:03, 1.04e-12, 8.91e-11
2019-10-26, 09:41:07, 9.32e-13, 8.92e-11
2019-10-26, 09:41:12, 9.56e-13, 8.87e-11
2019-10-26, 09:41:16, 1e-12, 8.9e-11
2019-10-26, 09:41:20, 1.01e-12, 8.92e-11
2019-10-26, 09:41:24, 9.73e-13, 8.92e-11
2019-10-26, 09:41:28, 9.48e-13, 8.89e-11
2019-10-26, 09:41:33, 9.61e-13, 8.9e-11
2019-10-26, 09:41:37, 1.02e-12, 8.94e-11
2019-10-26, 09:41:41, 1.04e-12, 8.93e-11
2019-10-26, 09:41:45, 9.42e-13, 8.92e-11
2019-10-26, 09:41:49, 9.33e-13, 8.94e-11
2019-10-26, 09:41:54, 1.01e-12, 8.94e-11
2019-10-26, 09:41:58, 1.01e-12, 8.91e-11
2019-10-26, 09:42:02, 1.02e-12, 8.87e-11
2019-10-26, 09:42:06, 9.77e-13, 8.93e-11
2019-10-26, 09:42:11, 1.08e-12, 8.91e-11
2019-10-26, 09:42:15, 9.45e-13, 8.92e-11
2019-10-26, 09:42:19, 9.98e-13, 8.93e-11
2019-10-26, 09:42:23, 9.95e-13, 8.91e-11
2019-10-26, 09:42:27, 1.12e-12, 8.9e-11
2019-10-26, 09:42:32, 1.02e-12, 8.93e-11
2019-10-26, 09:42:36, 9.85e-13, 8.92e-11
2019-10-26, 09:42:40, 9.78e-13, 8.9e-11
2019-10-26, 09:42:44, 9.55e-13, 8.87e-11
2019-10-26, 09:42:49, 9.7e-13, 8.91e-11
2019-10-26, 09:42:53, 9.23e-13, 8.91e-11
2019-10-26, 09:42:57, 9.56e-13, 8.95e-11
2019-10-26, 09:43:01, 9.85e-13, 8.91e-11
2019-10-26, 09:43:05, 9.38e-13, 8.94e-11
2019-10-26, 09:43:10, 9.61e-13, 8.94e-11
2019-10-26, 09:43:14, 9.93e-13, 8.93e-11
2019-10-26, 09:43:18, 9.86e-13, 8.9e-11
2019-10-26, 09:43:22, 1.01e-12, 8.94e-11
2019-10-26, 09:43:27, 1e-12, 8.89e-11
2019-10-26, 09:43:31, 9.59e-13, 8.93e-11
2019-10-26, 09:43:35, 9.7e-13, 8.91e-11
2019-10-26, 09:43:39, 1.12e-12, 8.9e-11
2019-10-26, 09:43:43, 9.56e-13, 8.9e-11
2019-10-26, 09:43:48, 1.02e-12, 8.91e-11
2019-10-26, 09:43:52, 9.1e-13, 8.93e-11
2019-10-26, 09:43:56, 1.01e-12, 8.91e-11
2019-10-26, 09:44:00, 9.73e-13, 8.88e-11
2019-10-26, 09:44:05, 9.66e-13, 8.89e-11
2019-10-26, 09:44:09, 9.72e-13, 8.94e-11
2019-10-26, 09:44:13, 9.21e-13, 8.91e-11
2019-10-26, 09:44:17, 8.51e-13, 8.94e-11
2019-10-26, 09:44:21, 9.87e-13, 8.94e-11
2019-10-26, 09:44:26, 1.08e-12, 8.91e-11
2019-10-26, 09:44:30, 9.67e-13, 8.91e-11
2019-10-26, 09:44:34, 9.92e-13, 8.92e-11
2019-10-26, 09:44:38, 1.01e-12, 8.94e-11
2019-10-26, 09:44:43, 9.44e-13, 8.93e-11
2019-10-26, 09:44:47, 8.47e-13, 8.93e-11
2019-10-26, 09:44:51, 9.5e-13, 8.97e-11
2019-10-26, 09:44:55, 9.84e-13, 8.94e-11
2019-10-26, 09:44:59, 9.21e-13, 8.94e-11
2019-10-26, 09:45:04, 9.64e-13, 8.95e-11
2019-10-26, 09:45:08, 9.15e-13, 8.91e-11
2019-10-26, 09:45:12, 1.03e-12, 8.91e-11
2019-10-26, 09:45:16, 1.03e-12, 8.9e-11
2019-10-26, 09:45:21, 9.52e-13, 8.9e-11
2019-10-26, 09:45:25, 9.95e-13, 8.91e-11
2019-10-26, 09:45:29, 9.63e-13, 8.9e-11
2019-10-26, 09:45:33, 1.03e-12, 8.92e-11
2019-10-26, 09:45:37, 9.66e-13, 8.93e-11
2019-10-26, 09:45:42, 1e-12, 8.9e-11
2019-10-26, 09:45:46, 9.76e-13, 8.94e-11
2019-10-26, 09:45:50, 9.06e-13, 8.89e-11
2019-10-26, 09:45:54, 9.32e-13, 8.92e-11
2019-10-26, 09:45:59, 9.92e-13, 8.95e-11
2019-10-26, 09:46:03, 9.82e-13, 8.88e-11
2019-10-26, 09:46:07, 1.2e-12, 8.91e-11
2019-10-26, 09:46:11, 9.81e-13, 8.92e-11
2019-10-26, 09:46:15, 9.67e-13, 8.93e-11
2019-10-26, 09:46:20, 1.12e-12, 8.9e-11
2019-10-26, 09:46:24, 9.82e-13, 8.95e-11
2019-10-26, 09:46:28, 9.81e-13, 8.91e-11
2019-10-26, 09:46:32, 9.59e-13, 8.89e-11
2019-10-26, 09:46:36, 1.03e-12, 8.94e-11
2019-10-26, 09:46:41, 9.75e-13, 8.92e-11
2019-10-26, 09:46:45, 9.43e-13, 8.87e-11
2019-10-26, 09:46:49, 9.57e-13, 8.9e-11
2019-10-26, 09:46:53, 9.46e-13, 8.88e-11
2019-10-26, 09:46:58, 1.07e-12, 8.9e-11
2019-10-26, 09:47:02, 9.39e-13, 8.9e-11
2019-10-26, 09:47:06, 9.13e-13, 8.94e-11
2019-10-26, 09:47:10, 9.69e-13, 8.9e-11
2019-10-26, 09:47:14, 9.19e-13, 8.91e-11
2019-10-26, 09:47:19, 9.52e-13, 8.91e-11
2019-10-26, 09:47:23, 9.74e-13, 8.93e-11
2019-10-26, 09:47:27, 9.98e-13, 8.9e-11
2019-10-26, 09:47:31, 9.5e-13, 8.94e-11
2019-10-26, 09:47:36, 9.78e-13, 8.89e-11
2019-10-26, 09:47:40, 1.04e-12, 8.93e-11
2019-10-26, 09:47:44, 9.91e-13, 8.91e-11
2019-10-26, 09:47:48, 9.57e-13, 8.95e-11
2019-10-26, 09:47:52, 9.66e-13, 8.91e-11
2019-10-26, 09:47:57, 9.53e-13, 8.9e-11
2019-10-26, 09:48:01, 9.75e-13, 8.87e-11
2019-10-26, 09:48:05, 9.48e-13, 8.89e-11
2019-10-26, 09:48:09, 9.73e-13, 8.91e-11
2019-10-26, 09:48:14, 1.09e-12, 8.89e-11
2019-10-26, 09:48:18, 9.31e-13, 8.88e-11
2019-10-26, 09:48:22, 9.72e-13, 8.9e-11
2019-10-26, 09:48:26, 9.34e-13, 8.9e-11
2019-10-26, 09:48:30, 9.48e-13, 8.9e-11
2019-10-26, 09:48:35, 8.88e-13, 8.92e-11
2019-10-26, 09:48:39, 9.64e-13, 8.89e-11
2019-10-26, 09:48:43, 9.3e-13, 8.91e-11
2019-10-26, 09:48:47, 9.58e-13, 8.9e-11
2019-10-26, 09:48:52, 9.64e-13, 8.92e-11
2019-10-26, 09:48:56, 1e-12, 8.88e-11
2019-10-26, 09:49:00, 9.35e-13, 8.94e-11
2019-10-26, 09:49:04, 1.07e-12, 8.92e-11
2019-10-26, 09:49:08, 9.92e-13, 8.93e-11
2019-10-26, 09:49:13, 9.78e-13, 8.93e-11
2019-10-26, 09:49:17, 1.01e-12, 8.92e-11
2019-10-26, 09:49:21, 1.03e-12, 8.93e-11
2019-10-26, 09:49:25, 9.57e-13, 8.92e-11
2019-10-26, 09:49:30, 1.01e-12, 8.92e-11
2019-10-26, 09:49:34, 8.98e-13, 8.92e-11
2019-10-26, 09:49:38, 1.04e-12, 8.89e-11
2019-10-26, 09:49:42, 9.32e-13, 8.88e-11
2019-10-26, 09:49:46, 9.48e-13, 8.92e-11
2019-10-26, 09:49:51, 1.07e-12, 8.89e-11
2019-10-26, 09:49:55, 9.46e-13, 8.86e-11
2019-10-26, 09:49:59, 1.11e-12, 8.92e-11
2019-10-26, 09:50:03, 9.79e-13, 8.92e-11
2019-10-26, 09:50:08, 9.47e-13, 8.92e-11
2019-10-26, 09:50:12, 1e-12, 8.89e-11
2019-10-26, 09:50:16, 9.65e-13, 8.9e-11
2019-10-26, 09:50:20, 9.2e-13, 8.89e-11
2019-10-26, 09:50:24, 9.81e-13, 8.92e-11
2019-10-26, 09:50:29, 1e-12, 8.91e-11
2019-10-26, 09:50:33, 1.01e-12, 8.9e-11
2019-10-26, 09:50:37, 9.98e-13, 8.91e-11
2019-10-26, 09:50:41, 1.02e-12, 8.91e-11
2019-10-26, 09:50:46, 1.04e-12, 8.93e-11
2019-10-26, 09:50:50, 9.53e-13, 8.92e-11
2019-10-26, 09:50:54, 9.29e-13, 8.95e-11
2019-10-26, 09:50:58, 9.87e-13, 8.93e-11
2019-10-26, 09:51:02, 9.09e-13, 8.91e-11
2019-10-26, 09:51:07, 1.15e-12, 8.89e-11
2019-10-26, 09:51:11, 9.75e-13, 8.9e-11
2019-10-26, 09:51:15, 9.77e-13, 8.88e-11
2019-10-26, 09:51:19, 9.64e-13, 8.92e-11
2019-10-26, 09:51:23, 9.55e-13, 8.92e-11
2019-10-26, 09:51:28, 9.59e-13, 8.89e-11
2019-10-26, 09:51:32, 9.21e-13, 8.94e-11
2019-10-26, 09:51:36, 9.98e-13, 8.9e-11
2019-10-26, 09:51:40, 9.7e-13, 8.89e-11
2019-10-26, 09:51:45, 8.76e-13, 8.88e-11
2019-10-26, 09:51:49, 1.01e-12, 8.89e-11
2019-10-26, 09:51:53, 9.38e-13, 8.89e-11
2019-10-26, 09:51:57, 9.49e-13, 8.91e-11
2019-10-26, 09:52:01, 9.72e-13, 8.89e-11
2019-10-26, 09:52:06, 9.74e-13, 8.94e-11
2019-10-26, 09:52:10, 1e-12, 8.9e-11
2019-10-26, 09:52:14, 9.37e-13, 8.89e-11
2019-10-26, 09:52:18, 9.77e-13, 8.89e-11
2019-10-26, 09:52:23, 9.2e-13, 8.92e-11
2019-10-26, 09:52:27, 1.02e-12, 8.94e-11
2019-10-26, 09:52:31, 9.7e-13, 8.91e-11
2019-10-26, 09:52:35, 1e-12, 8.91e-11
2019-10-26, 09:52:39, 9.93e-13, 8.91e-11
2019-10-26, 09:52:44, 9.85e-13, 8.92e-11
2019-10-26, 09:52:48, 1e-12, 8.9e-11
2019-10-26, 09:52:52, 9.68e-13, 8.86e-11
2019-10-26, 09:52:56, 1.01e-12, 8.87e-11
2019-10-26, 09:53:01, 9.96e-13, 8.87e-11
2019-10-26, 09:53:05, 1.03e-12, 8.9e-11
2019-10-26, 09:53:09, 9.92e-13, 8.93e-11
2019-10-26, 09:53:13, 9.58e-13, 8.92e-11
2019-10-26, 09:53:17, 9.74e-13, 8.88e-11
2019-10-26, 09:53:22, 9.51e-13, 8.87e-11
2019-10-26, 09:53:26, 9.7e-13, 8.91e-11
2019-10-26, 09:53:30, 1.01e-12, 8.91e-11
2019-10-26, 09:53:34, 8.25e-13, 8.87e-11
2019-10-26, 09:53:39, 1.01e-12, 8.89e-11
2019-10-26, 09:53:43, 9.85e-13, 8.9e-11
2019-10-26, 09:53:47, 9.92e-13, 8.92e-11
2019-10-26, 09:53:51, 9.31e-13, 8.91e-11
2019-10-26, 09:53:55, 9.56e-13, 8.89e-11
2019-10-26, 09:54:00, 9.2e-13, 8.91e-11
2019-10-26, 09:54:04, 9.95e-13, 8.91e-11
2019-10-26, 09:54:08, 9.41e-13, 8.93e-11
2019-10-26, 09:54:12, 9.54e-13, 8.92e-11
2019-10-26, 09:54:17, 9.15e-13, 8.87e-11
2019-10-26, 09:54:21, 1.08e-12, 8.91e-11
2019-10-26, 09:54:25, 9.83e-13, 8.92e-11
2019-10-26, 09:54:29, 9.4e-13, 8.89e-11
2019-10-26, 09:54:33, 9.42e-13, 8.91e-11
2019-10-26, 09:54:38, 9.32e-13, 8.88e-11
2019-10-26, 09:54:42, 1.05e-12, 8.87e-11
2019-10-26, 09:54:46, 9.74e-13, 8.87e-11
2019-10-26, 09:54:50, 9.81e-13, 8.93e-11
2019-10-26, 09:54:55, 9.45e-13, 8.9e-11
2019-10-26, 09:54:59, 8.51e-13, 8.87e-11
2019-10-26, 09:55:03, 9.69e-13, 8.89e-11
2019-10-26, 09:55:07, 1.01e-12, 8.86e-11
2019-10-26, 09:55:11, 9.82e-13, 8.89e-11
2019-10-26, 09:55:16, 9.61e-13, 8.87e-11
2019-10-26, 09:55:20, 9.93e-13, 8.88e-11
2019-10-26, 09:55:24, 9.09e-13, 8.9e-11
2019-10-26, 09:55:28, 9.7e-13, 8.9e-11
2019-10-26, 09:55:33, 9.57e-13, 8.91e-11
2019-10-26, 09:55:37, 9.22e-13, 8.92e-11
2019-10-26, 09:55:41, 1e-12, 8.86e-11
2019-10-26, 09:55:45, 9.45e-13, 8.86e-11
2019-10-26, 09:55:49, 1.12e-12, 8.86e-11
2019-10-26, 09:55:54, 1.01e-12, 8.88e-11
2019-10-26, 09:55:58, 1.03e-12, 8.93e-11
2019-10-26, 09:56:02, 9.83e-13, 8.89e-11
2019-10-26, 09:56:06, 9.75e-13, 8.93e-11
2019-10-26, 09:56:10, 1.03e-12, 8.9e-11
2019-10-26, 09:56:15, 9.59e-13, 8.88e-11
2019-10-26, 09:56:19, 1.01e-12, 8.88e-11
2019-10-26, 09:56:23, 9.34e-13, 8.9e-11
2019-10-26, 09:56:27, 9.59e-13, 8.88e-11
2019-10-26, 09:56:32, 9.87e-13, 8.85e-11
2019-10-26, 09:56:36, 9.9e-13, 8.87e-11
2019-10-26, 09:56:40, 9.38e-13, 8.89e-11
2019-10-26, 09:56:44, 1e-12, 8.89e-11
2019-10-26, 09:56:48, 1.01e-12, 8.9e-11
2019-10-26, 09:56:53, 9.9e-13, 8.86e-11
2019-10-26, 09:56:57, 9.53e-13, 8.88e-11
2019-10-26, 09:57:01, 1.02e-12, 8.89e-11
2019-10-26, 09:57:05, 9.79e-13, 8.88e-11
2019-10-26, 09:57:10, 9.48e-13, 8.91e-11
2019-10-26, 09:57:14, 9.82e-13, 8.9e-11
2019-10-26, 09:57:18, 9.53e-13, 8.91e-11
2019-10-26, 09:57:22, 8.64e-13, 8.86e-11
2019-10-26, 09:57:26, 1.12e-12, 8.92e-11
2019-10-26, 09:57:31, 8.88e-13, 8.9e-11
2019-10-26, 09:57:35, 9.7e-13, 8.88e-11
2019-10-26, 09:57:39, 9.47e-13, 8.88e-11
2019-10-26, 09:57:43, 9.81e-13, 8.87e-11
2019-10-26, 09:57:48, 9.23e-13, 8.89e-11
2019-10-26, 09:57:52, 8.92e-13, 8.9e-11
2019-10-26, 09:57:56, 9.83e-13, 8.89e-11
2019-10-26, 09:58:00, 9.79e-13, 8.87e-11
2019-10-26, 09:58:04, 1.11e-12, 8.9e-11
2019-10-26, 09:58:09, 9.43e-13, 8.91e-11
2019-10-26, 09:58:13, 9.67e-13, 8.9e-11
2019-10-26, 09:58:17, 1.03e-12, 8.84e-11
2019-10-26, 09:58:21, 9.54e-13, 8.91e-11
2019-10-26, 09:58:26, 9.57e-13, 8.83e-11
2019-10-26, 09:58:30, 9.94e-13, 8.83e-11
2019-10-26, 09:58:34, 9.42e-13, 8.89e-11
2019-10-26, 09:58:38, 9.75e-13, 8.95e-11
2019-10-26, 09:58:42, 1.03e-12, 8.92e-11
2019-10-26, 09:58:47, 1.02e-12, 8.93e-11
2019-10-26, 09:58:51, 8.64e-13, 8.88e-11
2019-10-26, 09:58:55, 1.02e-12, 8.94e-11
2019-10-26, 09:58:59, 9.28e-13, 8.93e-11
2019-10-26, 09:59:04, 9.97e-13, 8.89e-11
2019-10-26, 09:59:08, 9.58e-13, 8.92e-11
2019-10-26, 09:59:12, 1.01e-12, 8.9e-11
2019-10-26, 09:59:16, 9.3e-13, 8.94e-11
2019-10-26, 09:59:20, 1.01e-12, 8.88e-11
2019-10-26, 09:59:25, 8.82e-13, 8.89e-11
2019-10-26, 09:59:29, 1.02e-12, 8.9e-11
2019-10-26, 09:59:33, 9.51e-13, 8.93e-11
2019-10-26, 09:59:37, 9.82e-13, 8.93e-11
2019-10-26, 09:59:41, 9.82e-13, 8.88e-11
2019-10-26, 09:59:46, 9.8e-13, 8.93e-11
2019-10-26, 09:59:50, 1.01e-12, 8.88e-11
2019-10-26, 09:59:54, 9.34e-13, 8.93e-11
2019-10-26, 09:59:58, 9.53e-13, 8.9e-11
2019-10-26, 10:00:03, 9.32e-13, 8.89e-11
2019-10-26, 10:00:07, 9.3e-13, 8.92e-11
2019-10-26, 10:00:11, 9.49e-13, 8.91e-11
2019-10-26, 10:00:15, 9.19e-13, 8.9e-11
2019-10-26, 10:00:19, 1.02e-12, 8.87e-11
2019-10-26, 10:00:24, 9.92e-13, 8.95e-11
2019-10-26, 10:00:28, 9.74e-13, 8.89e-11
2019-10-26, 10:00:32, 9.98e-13, 8.91e-11
2019-10-26, 10:00:36, 9.87e-13, 8.93e-11
2019-10-26, 10:00:41, 1.08e-12, 8.88e-11
2019-10-26, 10:00:45, 9.76e-13, 8.88e-11
2019-10-26, 10:00:49, 1.13e-12, 8.9e-11
2019-10-26, 10:00:53, 1e-12, 8.92e-11
2019-10-26, 10:00:57, 9.11e-13, 8.9e-11
2019-10-26, 10:01:02, 9.53e-13, 8.89e-11
2019-10-26, 10:01:06, 1.03e-12, 8.9e-11
2019-10-26, 10:01:10, 1.01e-12, 8.92e-11
2019-10-26, 10:01:14, 9.86e-13, 8.95e-11
2019-10-26, 10:01:19, 9.87e-13, 8.97e-11
2019-10-26, 10:01:23, 9.28e-13, 8.93e-11
2019-10-26, 10:01:27, 9.61e-13, 8.9e-11
2019-10-26, 10:01:31, 1.01e-12, 8.89e-11
2019-10-26, 10:01:35, 1.02e-12, 8.93e-11
2019-10-26, 10:01:40, 1.03e-12, 8.9e-11
2019-10-26, 10:01:44, 9.93e-13, 8.94e-11
2019-10-26, 10:01:48, 9.32e-13, 8.87e-11
2019-10-26, 10:01:52, 9.23e-13, 8.9e-11
2019-10-26, 10:01:57, 9.99e-13, 8.97e-11
2019-10-26, 10:02:01, 9.04e-13, 8.93e-11
2019-10-26, 10:02:05, 1.08e-12, 8.9e-11
2019-10-26, 10:02:09, 9.55e-13, 8.89e-11
2019-10-26, 10:02:13, 1.05e-12, 8.89e-11
2019-10-26, 10:02:18, 8.11e-13, 8.92e-11
2019-10-26, 10:02:22, 8.88e-13, 8.92e-11
2019-10-26, 10:02:26, 1.05e-12, 8.9e-11
2019-10-26, 10:02:30, 9.16e-13, 8.91e-11
2019-10-26, 10:02:35, 9.62e-13, 8.94e-11
2019-10-26, 10:02:39, 9.57e-13, 8.96e-11
2019-10-26, 10:02:43, 1.01e-12, 8.92e-11
2019-10-26, 10:02:47, 9.9e-13, 8.92e-11
2019-10-26, 10:02:51, 1e-12, 8.9e-11
2019-10-26, 10:02:56, 9.12e-13, 8.94e-11
2019-10-26, 10:03:00, 8.28e-13, 8.89e-11
2019-10-26, 10:03:04, 9.5e-13, 8.92e-11
2019-10-26, 10:03:08, 9.32e-13, 8.91e-11
2019-10-26, 10:03:12, 9.49e-13, 8.9e-11
2019-10-26, 10:03:17, 9.99e-13, 8.89e-11
2019-10-26, 10:03:21, 9.76e-13, 8.92e-11
2019-10-26, 10:03:25, 9.83e-13, 8.95e-11
2019-10-26, 10:03:29, 1.04e-12, 8.91e-11
2019-10-26, 10:03:34, 1.02e-12, 8.94e-11
2019-10-26, 10:03:38, 9.68e-13, 8.92e-11
2019-10-26, 10:03:42, 9.59e-13, 8.91e-11
2019-10-26, 10:03:46, 9.6e-13, 8.95e-11
2019-10-26, 10:03:50, 9.17e-13, 8.9e-11
2019-10-26, 10:03:55, 1.01e-12, 8.92e-11
2019-10-26, 10:03:59, 9.7e-13, 8.94e-11
2019-10-26, 10:04:03, 9.5e-13, 8.94e-11
2019-10-26, 10:04:07, 9.54e-13, 8.91e-11
2019-10-26, 10:04:12, 1.05e-12, 8.9e-11
2019-10-26, 10:04:16, 9.65e-13, 8.89e-11
2019-10-26, 10:04:20, 9.7e-13, 8.9e-11
2019-10-26, 10:04:24, 9.7e-13, 8.88e-11
2019-10-26, 10:04:28, 9.18e-13, 8.9e-11
2019-10-26, 10:04:33, 8.56e-13, 8.9e-11
2019-10-26, 10:04:37, 9.67e-13, 8.9e-11
2019-10-26, 10:04:41, 1.2e-12, 8.91e-11
2019-10-26, 10:04:45, 1.13e-12, 8.89e-11
2019-10-26, 10:04:50, 9.66e-13, 8.87e-11
2019-10-26, 10:04:54, 9.35e-13, 8.9e-11
2019-10-26, 10:04:58, 9.35e-13, 8.92e-11
2019-10-26, 10:05:02, 1.02e-12, 8.9e-11
2019-10-26, 10:05:06, 9.95e-13, 8.89e-11
2019-10-26, 10:05:11, 9.98e-13, 8.9e-11
2019-10-26, 10:05:15, 1.04e-12, 8.91e-11
2019-10-26, 10:05:19, 9.58e-13, 8.88e-11
2019-10-26, 10:05:23, 9.67e-13, 8.93e-11
2019-10-26, 10:05:28, 1.02e-12, 8.9e-11
2019-10-26, 10:05:32, 1.01e-12, 8.9e-11
2019-10-26, 10:05:36, 9.68e-13, 8.91e-11
2019-10-26, 10:05:40, 9.68e-13, 8.91e-11
2019-10-26, 10:05:44, 9.75e-13, 8.9e-11
2019-10-26, 10:05:49, 8.97e-13, 8.9e-11
2019-10-26, 10:05:53, 8.94e-13, 8.89e-11
2019-10-26, 10:05:57, 9.48e-13, 8.88e-11
2019-10-26, 10:06:01, 9.57e-13, 8.91e-11
2019-10-26, 10:06:06, 1e-12, 8.94e-11
2019-10-26, 10:06:10, 9.58e-13, 8.92e-11
2019-10-26, 10:06:14, 1.01e-12, 8.92e-11
2019-10-26, 10:06:18, 9.79e-13, 8.88e-11
2019-10-26, 10:06:22, 9.83e-13, 8.89e-11
2019-10-26, 10:06:27, 9.87e-13, 8.85e-11
2019-10-26, 10:06:31, 1.12e-12, 8.93e-11
2019-10-26, 10:06:35, 9.78e-13, 8.89e-11
2019-10-26, 10:06:39, 9.67e-13, 8.91e-11
2019-10-26, 10:06:43, 9.75e-13, 8.92e-11
2019-10-26, 10:06:48, 9.95e-13, 8.91e-11
2019-10-26, 10:06:52, 9.46e-13, 8.94e-11
2019-10-26, 10:06:56, 9.54e-13, 8.9e-11
2019-10-26, 10:07:00, 9.61e-13, 8.91e-11
2019-10-26, 10:07:05, 9.12e-13, 8.94e-11
2019-10-26, 10:07:09, 9.63e-13, 8.91e-11
2019-10-26, 10:07:13, 7.84e-13, 8.93e-11
2019-10-26, 10:07:17, 1.01e-12, 8.94e-11
2019-10-26, 10:07:21, 1.01e-12, 8.92e-11
2019-10-26, 10:07:26, 1.01e-12, 8.89e-11
2019-10-26, 10:07:30, 1.06e-12, 8.9e-11
2019-10-26, 10:07:34, 9.62e-13, 8.91e-11
2019-10-26, 10:07:38, 1e-12, 8.88e-11
2019-10-26, 10:07:43, 9.46e-13, 8.92e-11
2019-10-26, 10:07:47, 9.68e-13, 8.88e-11
2019-10-26, 10:07:51, 9.61e-13, 8.89e-11
2019-10-26, 10:07:55, 9.67e-13, 8.89e-11
2019-10-26, 10:07:59, 9.86e-13, 8.92e-11
2019-10-26, 10:08:04, 9.81e-13, 8.94e-11
2019-10-26, 10:08:08, 9.37e-13, 8.87e-11
2019-10-26, 10:08:12, 9.34e-13, 8.94e-11
2019-10-26, 10:08:16, 1.03e-12, 8.93e-11
2019-10-26, 10:08:21, 9.77e-13, 8.94e-11
2019-10-26, 10:08:25, 9.22e-13, 8.91e-11
2019-10-26, 10:08:29, 9.92e-13, 8.94e-11
2019-10-26, 10:08:33, 9.9e-13, 8.92e-11
2019-10-26, 10:08:37, 1.03e-12, 8.9e-11
2019-10-26, 10:08:42, 9.95e-13, 8.93e-11
2019-10-26, 10:08:46, 9.76e-13, 8.91e-11
2019-10-26, 10:08:50, 9.39e-13, 8.92e-11
2019-10-26, 10:08:54, 9.61e-13, 8.91e-11
2019-10-26, 10:08:59, 9.29e-13, 8.96e-11
2019-10-26, 10:09:03, 1e-12, 8.92e-11
2019-10-26, 10:09:07, 9.28e-13, 8.88e-11
2019-10-26, 10:09:11, 9.67e-13, 8.9e-11
2019-10-26, 10:09:15, 9.36e-13, 8.9e-11
2019-10-26, 10:09:20, 1.11e-12, 8.92e-11
2019-10-26, 10:09:24, 8.8e-13, 8.91e-11
2019-10-26, 10:09:28, 1e-12, 8.94e-11
2019-10-26, 10:09:32, 9.81e-13, 8.91e-11
2019-10-26, 10:09:37, 9.94e-13, 8.96e-11
2019-10-26, 10:09:41, 9.45e-13, 8.91e-11
2019-10-26, 10:09:45, 9.79e-13, 8.95e-11
2019-10-26, 10:09:49, 1.02e-12, 8.94e-11
2019-10-26, 10:09:53, 9.1e-13, 8.92e-11
2019-10-26, 10:09:58, 9.34e-13, 8.92e-11
2019-10-26, 10:10:02, 9.37e-13, 8.9e-11
2019-10-26, 10:10:06, 1e-12, 8.92e-11
2019-10-26, 10:10:10, 9.61e-13, 8.91e-11
2019-10-26, 10:10:15, 9.8e-13, 8.9e-11
2019-10-26, 10:10:19, 9.72e-13, 8.86e-11
2019-10-26, 10:10:23, 1.13e-12, 8.87e-11
2019-10-26, 10:10:27, 9.49e-13, 8.95e-11
2019-10-26, 10:10:31, 9.87e-13, 8.96e-11
2019-10-26, 10:10:36, 9.37e-13, 8.93e-11
2019-10-26, 10:10:40, 9.64e-13, 8.96e-11
2019-10-26, 10:10:44, 9.97e-13, 8.89e-11
2019-10-26, 10:10:48, 1.02e-12, 8.9e-11
2019-10-26, 10:10:53, 9.81e-13, 8.91e-11
2019-10-26, 10:10:57, 1.01e-12, 8.97e-11
2019-10-26, 10:11:01, 8.97e-13, 8.89e-11
2019-10-26, 10:11:05, 9.74e-13, 8.88e-11
2019-10-26, 10:11:09, 9.85e-13, 8.92e-11
2019-10-26, 10:11:14, 9.8e-13, 8.91e-11
2019-10-26, 10:11:18, 9.37e-13, 8.92e-11
2019-10-26, 10:11:22, 1.03e-12, 8.87e-11
2019-10-26, 10:11:26, 9.74e-13, 8.91e-11
2019-10-26, 10:11:31, 9.29e-13, 8.9e-11
2019-10-26, 10:11:35, 9.99e-13, 8.92e-11
2019-10-26, 10:11:39, 8.87e-13, 8.92e-11
2019-10-26, 10:11:43, 1.01e-12, 8.92e-11
2019-10-26, 10:11:47, 1.01e-12, 8.95e-11
2019-10-26, 10:11:52, 9.89e-13, 8.94e-11
2019-10-26, 10:11:56, 1.01e-12, 8.9e-11
2019-10-26, 10:12:00, 9.32e-13, 8.94e-11
2019-10-26, 10:12:04, 9.65e-13, 8.94e-11
2019-10-26, 10:12:08, 9.56e-13, 8.93e-11
2019-10-26, 10:12:13, 9.61e-13, 8.92e-11
2019-10-26, 10:12:17, 9.27e-13, 8.92e-11
2019-10-26, 10:12:21, 9.57e-13, 8.94e-11
2019-10-26, 10:12:25, 9.53e-13, 8.92e-11
2019-10-26, 10:12:30, 9.86e-13, 8.88e-11
2019-10-26, 10:12:34, 9.44e-13, 8.91e-11
2019-10-26, 10:12:38, 9.41e-13, 8.92e-11
2019-10-26, 10:12:42, 9.62e-13, 8.91e-11
2019-10-26, 10:12:46, 9.45e-13, 8.9e-11
2019-10-26, 10:12:51, 9.15e-13, 8.91e-11
2019-10-26, 10:12:55, 1.05e-12, 8.91e-11
2019-10-26, 10:12:59, 9.62e-13, 8.96e-11
2019-10-26, 10:13:03, 9.6e-13, 8.88e-11
2019-10-26, 10:13:08, 9.97e-13, 8.87e-11
2019-10-26, 10:13:12, 9.66e-13, 8.9e-11
2019-10-26, 10:13:16, 9.47e-13, 8.88e-11
2019-10-26, 10:13:20, 1.01e-12, 8.89e-11
2019-10-26, 10:13:24, 9.47e-13, 8.9e-11
2019-10-26, 10:13:29, 9.86e-13, 8.92e-11
2019-10-26, 10:13:33, 8.3e-13, 8.91e-11
2019-10-26, 10:13:37, 9.97e-13, 8.88e-11
2019-10-26, 10:13:41, 1e-12, 8.89e-11
2019-10-26, 10:13:46, 9.53e-13, 8.88e-11
2019-10-26, 10:13:50, 9.81e-13, 8.88e-11
2019-10-26, 10:13:54, 9.88e-13, 8.88e-11
2019-10-26, 10:13:58, 9.86e-13, 8.89e-11
2019-10-26, 10:14:02, 1.02e-12, 8.87e-11
2019-10-26, 10:14:07, 9.7e-13, 8.87e-11
2019-10-26, 10:14:11, 9.94e-13, 8.94e-11
2019-10-26, 10:14:15, 9.29e-13, 8.93e-11
2019-10-26, 10:14:19, 8.39e-13, 8.9e-11
2019-10-26, 10:14:24, 1e-12, 8.94e-11
2019-10-26, 10:14:28, 1e-12, 8.91e-11
2019-10-26, 10:14:32, 9.95e-13, 8.98e-11
2019-10-26, 10:14:36, 9.09e-13, 8.9e-11
2019-10-26, 10:14:40, 9.14e-13, 8.92e-11
2019-10-26, 10:14:45, 9.54e-13, 8.89e-11
2019-10-26, 10:14:49, 9.38e-13, 8.92e-11
2019-10-26, 10:14:53, 1.01e-12, 8.9e-11
2019-10-26, 10:14:57, 9.79e-13, 8.9e-11
2019-10-26, 10:15:02, 9.06e-13, 8.93e-11
2019-10-26, 10:15:06, 1.04e-12, 8.9e-11
2019-10-26, 10:15:10, 9.14e-13, 8.87e-11
2019-10-26, 10:15:14, 9.09e-13, 8.87e-11
2019-10-26, 10:15:18, 9.39e-13, 8.95e-11
2019-10-26, 10:15:23, 9.09e-13, 8.9e-11
2019-10-26, 10:15:27, 1.14e-12, 8.9e-11
2019-10-26, 10:15:31, 1.09e-12, 8.9e-11
2019-10-26, 10:15:35, 1.01e-12, 8.93e-11
2019-10-26, 10:15:40, 9.39e-13, 8.88e-11
2019-10-26, 10:15:44, 9.91e-13, 8.9e-11
2019-10-26, 10:15:48, 9.79e-13, 8.88e-11
2019-10-26, 10:15:52, 1.02e-12, 8.93e-11
2019-10-26, 10:15:56, 1.13e-12, 8.93e-11
2019-10-26, 10:16:01, 1.01e-12, 8.89e-11
2019-10-26, 10:16:05, 1.01e-12, 8.91e-11
2019-10-26, 10:16:09, 1.09e-12, 8.93e-11
2019-10-26, 10:16:13, 9.49e-13, 8.93e-11
2019-10-26, 10:16:17, 1.02e-12, 8.91e-11
2019-10-26, 10:16:22, 9.83e-13, 8.94e-11
2019-10-26, 10:16:26, 9.8e-13, 8.92e-11
2019-10-26, 10:16:30, 1.02e-12, 8.91e-11
2019-10-26, 10:16:34, 1.01e-12, 8.89e-11
2019-10-26, 10:16:39, 9.46e-13, 8.9e-11
2019-10-26, 10:16:43, 1.04e-12, 8.91e-11
2019-10-26, 10:16:47, 9.66e-13, 8.93e-11
2019-10-26, 10:16:51, 1.02e-12, 8.95e-11
2019-10-26, 10:16:55, 8.81e-13, 8.89e-11
2019-10-26, 10:17:00, 9.5e-13, 8.93e-11
2019-10-26, 10:17:04, 9.81e-13, 8.88e-11
2019-10-26, 10:17:08, 9.16e-13, 8.92e-11
2019-10-26, 10:17:12, 9.7e-13, 8.89e-11
2019-10-26, 10:17:17, 9.67e-13, 8.88e-11
2019-10-26, 10:17:21, 9.61e-13, 8.91e-11
2019-10-26, 10:17:25, 9.43e-13, 8.88e-11
2019-10-26, 10:17:29, 9.89e-13, 8.91e-11
2019-10-26, 10:17:33, 9.47e-13, 8.93e-11
2019-10-26, 10:17:38, 9.76e-13, 8.91e-11
2019-10-26, 10:17:42, 1.02e-12, 8.9e-11
2019-10-26, 10:17:46, 9.81e-13, 8.9e-11
2019-10-26, 10:17:50, 9.35e-13, 8.87e-11
2019-10-26, 10:17:55, 9.35e-13, 8.89e-11
2019-10-26, 10:17:59, 8.06e-13, 8.87e-11
2019-10-26, 10:18:03, 9.53e-13, 8.9e-11
2019-10-26, 10:18:07, 1.03e-12, 8.91e-11
2019-10-26, 10:18:11, 1e-12, 8.86e-11
2019-10-26, 10:18:16, 9.73e-13, 8.89e-11
2019-10-26, 10:18:20, 1.03e-12, 8.9e-11
2019-10-26, 10:18:24, 9.83e-13, 8.92e-11
2019-10-26, 10:18:28, 1.03e-12, 8.86e-11
2019-10-26, 10:18:33, 9.32e-13, 8.89e-11
2019-10-26, 10:18:37, 9.64e-13, 8.91e-11
2019-10-26, 10:18:41, 9.89e-13, 8.92e-11
2019-10-26, 10:18:45, 9.34e-13, 8.93e-11
2019-10-26, 10:18:49, 9.69e-13, 8.91e-11
2019-10-26, 10:18:54, 9.88e-13, 8.94e-11
2019-10-26, 10:18:58, 1.01e-12, 8.92e-11
2019-10-26, 10:19:02, 9.91e-13, 8.92e-11
2019-10-26, 10:19:06, 1.06e-12, 8.9e-11
2019-10-26, 10:19:11, 1.01e-12, 8.89e-11
2019-10-26, 10:19:15, 9.83e-13, 8.89e-11
2019-10-26, 10:19:19, 1.03e-12, 8.87e-11
2019-10-26, 10:19:23, 1.05e-12, 8.92e-11
2019-10-26, 10:19:27, 8.24e-13, 8.9e-11
2019-10-26, 10:19:32, 9.01e-13, 8.88e-11
2019-10-26, 10:19:36, 1.12e-12, 8.91e-11
2019-10-26, 10:19:40, 9.43e-13, 8.87e-11
2019-10-26, 10:19:44, 9.99e-13, 8.9e-11
2019-10-26, 10:19:49, 9.67e-13, 8.91e-11
2019-10-26, 10:19:53, 8.72e-13, 8.92e-11
2019-10-26, 10:19:57, 1.02e-12, 8.87e-11
2019-10-26, 10:20:01, 1.02e-12, 8.89e-11
2019-10-26, 10:20:05, 9.35e-13, 8.92e-11
2019-10-26, 10:20:10, 1.12e-12, 8.89e-11
2019-10-26, 10:20:14, 1e-12, 8.93e-11
2019-10-26, 10:20:18, 9.54e-13, 8.91e-11
2019-10-26, 10:20:22, 9.92e-13, 8.89e-11
2019-10-26, 10:20:26, 1.03e-12, 8.9e-11
2019-10-26, 10:20:31, 9.12e-13, 8.96e-11
2019-10-26, 10:20:35, 9.34e-13, 8.94e-11
2019-10-26, 10:20:39, 9.57e-13, 8.9e-11
2019-10-26, 10:20:43, 9.88e-13, 8.89e-11
2019-10-26, 10:20:48, 1.02e-12, 8.9e-11
2019-10-26, 10:20:52, 9.42e-13, 8.9e-11
2019-10-26, 10:20:56, 9.74e-13, 8.85e-11
2019-10-26, 10:21:00, 1.02e-12, 8.91e-11
2019-10-26, 10:21:04, 9.86e-13, 8.91e-11
2019-10-26, 10:21:09, 9.24e-13, 8.92e-11
2019-10-26, 10:21:13, 9.27e-13, 8.89e-11
2019-10-26, 10:21:17, 9.56e-13, 8.9e-11
2019-10-26, 10:21:21, 1.02e-12, 8.88e-11
2019-10-26, 10:21:26, 1.02e-12, 8.89e-11
2019-10-26, 10:21:30, 9.97e-13, 8.91e-11
2019-10-26, 10:21:34, 9.48e-13, 8.88e-11
2019-10-26, 10:21:38, 9.5e-13, 8.92e-11
2019-10-26, 10:21:42, 9.47e-13, 8.9e-11
2019-10-26, 10:21:47, 9.98e-13, 8.94e-11
2019-10-26, 10:21:51, 1.07e-12, 8.93e-11
2019-10-26, 10:21:55, 9.51e-13, 8.92e-11
2019-10-26, 10:21:59, 1.01e-12, 8.93e-11
2019-10-26, 10:22:04, 9.83e-13, 8.92e-11
2019-10-26, 10:22:08, 9.27e-13, 8.9e-11
2019-10-26, 10:22:12, 9.47e-13, 8.97e-11
2019-10-26, 10:22:16, 9.91e-13, 8.91e-11
2019-10-26, 10:22:20, 9.89e-13, 8.9e-11
2019-10-26, 10:22:25, 1e-12, 8.91e-11
2019-10-26, 10:22:29, 9.44e-13, 8.88e-11
2019-10-26, 10:22:33, 9.83e-13, 8.89e-11
2019-10-26, 10:22:37, 9.61e-13, 8.91e-11
2019-10-26, 10:22:42, 9.8e-13, 8.92e-11
2019-10-26, 10:22:46, 1.03e-12, 8.89e-11
2019-10-26, 10:22:50, 1.02e-12, 8.9e-11
2019-10-26, 10:22:54, 9.73e-13, 8.87e-11
2019-10-26, 10:22:58, 9.42e-13, 8.93e-11
2019-10-26, 10:23:03, 9.52e-13, 8.9e-11
2019-10-26, 10:23:07, 9.86e-13, 8.89e-11
2019-10-26, 10:23:11, 9.74e-13, 8.93e-11
2019-10-26, 10:23:15, 9.73e-13, 8.9e-11
2019-10-26, 10:23:20, 9.55e-13, 8.88e-11
2019-10-26, 10:23:24, 1.01e-12, 8.9e-11
2019-10-26, 10:23:28, 9.05e-13, 8.89e-11
2019-10-26, 10:23:32, 9.59e-13, 8.91e-11
2019-10-26, 10:23:36, 9.47e-13, 8.89e-11
2019-10-26, 10:23:41, 9.77e-13, 8.9e-11
2019-10-26, 10:23:45, 9.47e-13, 8.93e-11
2019-10-26, 10:23:49, 9.17e-13, 8.9e-11
2019-10-26, 10:23:53, 9.44e-13, 8.89e-11
2019-10-26, 10:23:57, 9.65e-13, 8.91e-11
2019-10-26, 10:24:02, 9.57e-13, 8.9e-11
2019-10-26, 10:24:06, 9.95e-13, 8.9e-11
2019-10-26, 10:24:10, 1.04e-12, 8.93e-11
2019-10-26, 10:24:14, 9.87e-13, 8.88e-11
2019-10-26, 10:24:19, 1.01e-12, 8.93e-11
2019-10-26, 10:24:23, 9.54e-13, 8.92e-11
2019-10-26, 10:24:27, 9.35e-13, 8.95e-11
2019-10-26, 10:24:31, 1e-12, 8.92e-11
2019-10-26, 10:24:35, 9.71e-13, 8.92e-11
2019-10-26, 10:24:40, 9.94e-13, 8.92e-11
2019-10-26, 10:24:44, 9.89e-13, 8.88e-11
2019-10-26, 10:24:48, 9.6e-13, 8.94e-11
2019-10-26, 10:24:52, 1.05e-12, 8.88e-11
2019-10-26, 10:24:57, 9.72e-13, 8.89e-11
2019-10-26, 10:25:01, 9.37e-13, 8.91e-11
2019-10-26, 10:25:05, 1.02e-12, 8.92e-11
2019-10-26, 10:25:09, 9.52e-13, 8.91e-11
2019-10-26, 10:25:13, 9.74e-13, 8.93e-11
2019-10-26, 10:25:18, 8.99e-13, 8.89e-11
2019-10-26, 10:25:22, 9.93e-13, 8.91e-11
2019-10-26, 10:25:26, 9.84e-13, 8.91e-11
2019-10-26, 10:25:30, 1.01e-12, 8.9e-11
2019-10-26, 10:25:35, 1.01e-12, 8.93e-11
2019-10-26, 10:25:39, 9.93e-13, 8.93e-11
2019-10-26, 10:25:43, 1.02e-12, 8.89e-11
2019-10-26, 10:25:47, 9.95e-13, 8.91e-11
2019-10-26, 10:25:51, 1.03e-12, 8.89e-11
2019-10-26, 10:25:56, 9.21e-13, 8.89e-11
2019-10-26, 10:26:00, 1.01e-12, 8.89e-11
2019-10-26, 10:26:04, 9.26e-13, 8.92e-11
2019-10-26, 10:26:08, 9.99e-13, 8.94e-11
2019-10-26, 10:26:13, 8.92e-13, 8.93e-11
2019-10-26, 10:26:17, 9.93e-13, 8.93e-11
2019-10-26, 10:26:21, 9.72e-13, 8.94e-11
2019-10-26, 10:26:25, 9.2e-13, 8.94e-11
2019-10-26, 10:26:29, 8.84e-13, 8.91e-11
2019-10-26, 10:26:34, 9.33e-13, 8.92e-11
2019-10-26, 10:26:38, 9.1e-13, 8.91e-11
2019-10-26, 10:26:42, 8.15e-13, 8.89e-11
2019-10-26, 10:26:46, 1.01e-12, 8.93e-11
2019-10-26, 10:26:51, 9.32e-13, 8.9e-11
2019-10-26, 10:26:55, 1.05e-12, 8.9e-11
2019-10-26, 10:26:59, 9.18e-13, 8.9e-11
2019-10-26, 10:27:03, 9.74e-13, 8.89e-11
2019-10-26, 10:27:07, 1.01e-12, 8.9e-11
2019-10-26, 10:27:12, 9.93e-13, 8.89e-11
2019-10-26, 10:27:16, 1.02e-12, 8.9e-11
2019-10-26, 10:27:20, 9.8e-13, 8.9e-11
2019-10-26, 10:27:24, 9.56e-13, 8.85e-11
2019-10-26, 10:27:28, 8.7e-13, 8.87e-11
2019-10-26, 10:27:33, 1.04e-12, 8.9e-11
2019-10-26, 10:27:37, 9.94e-13, 8.91e-11
2019-10-26, 10:27:41, 1.04e-12, 8.88e-11
2019-10-26, 10:27:45, 9.65e-13, 8.93e-11
2019-10-26, 10:27:50, 9.8e-13, 8.93e-11
2019-10-26, 10:27:54, 9.4e-13, 8.87e-11
2019-10-26, 10:27:58, 9.32e-13, 8.93e-11
2019-10-26, 10:28:02, 9.78e-13, 8.94e-11
2019-10-26, 10:28:06, 9.08e-13, 8.91e-11
2019-10-26, 10:28:11, 1.01e-12, 8.92e-11
2019-10-26, 10:28:15, 1.01e-12, 8.94e-11
2019-10-26, 10:28:19, 1.13e-12, 8.88e-11
2019-10-26, 10:28:23, 9.18e-13, 8.92e-11
2019-10-26, 10:28:28, 9.97e-13, 8.92e-11
2019-10-26, 10:28:32, 9.89e-13, 8.92e-11
2019-10-26, 10:28:36, 9.31e-13, 8.94e-11
2019-10-26, 10:28:40, 1.02e-12, 8.9e-11
2019-10-26, 10:28:44, 9.4e-13, 8.95e-11
2019-10-26, 10:28:49, 9.93e-13, 8.91e-11
2019-10-26, 10:28:53, 1e-12, 8.95e-11
2019-10-26, 10:28:57, 9.5e-13, 8.92e-11
2019-10-26, 10:29:01, 9.76e-13, 8.96e-11
2019-10-26, 10:29:06, 1e-12, 8.93e-11
2019-10-26, 10:29:10, 9.66e-13, 8.92e-11
2019-10-26, 10:29:14, 1.05e-12, 8.88e-11
2019-10-26, 10:29:18, 9.37e-13, 8.94e-11
2019-10-26, 10:29:22, 1.03e-12, 8.91e-11
2019-10-26, 10:29:27, 9.59e-13, 8.92e-11
2019-10-26, 10:29:31, 9.76e-13, 8.92e-11
2019-10-26, 10:29:35, 9.71e-13, 8.88e-11
2019-10-26, 10:29:39, 9.67e-13, 8.89e-11
2019-10-26, 10:29:44, 9.33e-13, 8.92e-11
2019-10-26, 10:29:48, 9.62e-13, 8.92e-11
2019-10-26, 10:29:52, 9.69e-13, 8.94e-11
2019-10-26, 10:29:56, 1.03e-12, 8.9e-11
2019-10-26, 10:30:00, 9.64e-13, 8.91e-11
2019-10-26, 10:30:05, 9.9e-13, 8.93e-11
2019-10-26, 10:30:09, 1.03e-12, 8.95e-11
2019-10-26, 10:30:13, 9.97e-13, 8.9e-11
2019-10-26, 10:30:17, 9.76e-13, 8.92e-11
2019-10-26, 10:30:22, 1.03e-12, 8.96e-11
2019-10-26, 10:30:26, 9.44e-13, 8.91e-11
2019-10-26, 10:30:30, 9.75e-13, 8.89e-11
2019-10-26, 10:30:34, 1.13e-12, 8.94e-11
2019-10-26, 10:30:38, 9.23e-13, 8.9e-11
2019-10-26, 10:30:43, 9.39e-13, 8.93e-11
2019-10-26, 10:30:47, 9.79e-13, 8.9e-11
2019-10-26, 10:30:51, 9.37e-13, 8.91e-11
2019-10-26, 10:30:55, 9.84e-13, 8.91e-11
2019-10-26, 10:31:00, 9.53e-13, 8.9e-11
2019-10-26, 10:31:04, 9.56e-13, 8.9e-11
2019-10-26, 10:31:08, 8.78e-13, 8.88e-11
2019-10-26, 10:31:12, 9.35e-13, 8.91e-11
2019-10-26, 10:31:16, 8.79e-13, 8.86e-11
2019-10-26, 10:31:21, 9.16e-13, 8.88e-11
2019-10-26, 10:31:25, 9.26e-13, 8.88e-11
2019-10-26, 10:31:29, 1.01e-12, 8.87e-11
2019-10-26, 10:31:33, 9.72e-13, 8.9e-11
2019-10-26, 10:31:38, 1.04e-12, 8.92e-11
2019-10-26, 10:31:42, 9.8e-13, 8.92e-11
2019-10-26, 10:31:46, 9.3e-13, 8.9e-11
2019-10-26, 10:31:50, 9.56e-13, 8.91e-11
2019-10-26, 10:31:54, 1.02e-12, 8.85e-11
2019-10-26, 10:31:59, 9.93e-13, 8.92e-11
2019-10-26, 10:32:03, 9.36e-13, 8.91e-11
2019-10-26, 10:32:07, 1.05e-12, 8.89e-11
2019-10-26, 10:32:11, 1.09e-12, 8.89e-11
2019-10-26, 10:32:16, 1.03e-12, 8.91e-11
2019-10-26, 10:32:20, 9.78e-13, 8.9e-11
2019-10-26, 10:32:24, 9.82e-13, 8.93e-11
2019-10-26, 10:32:28, 9.69e-13, 8.91e-11
2019-10-26, 10:32:32, 9.64e-13, 8.91e-11
2019-10-26, 10:32:37, 9.41e-13, 8.94e-11
2019-10-26, 10:32:41, 1.02e-12, 8.93e-11
2019-10-26, 10:32:45, 9.36e-13, 8.92e-11
2019-10-26, 10:32:49, 9.45e-13, 8.96e-11
2019-10-26, 10:32:53, 9.87e-13, 8.93e-11
2019-10-26, 10:32:58, 9.83e-13, 8.92e-11
2019-10-26, 10:33:02, 9.2e-13, 8.89e-11
2019-10-26, 10:33:06, 1.05e-12, 8.89e-11
2019-10-26, 10:33:10, 1.07e-12, 8.9e-11
2019-10-26, 10:33:15, 9.71e-13, 8.91e-11
2019-10-26, 10:33:19, 1.08e-12, 8.9e-11
2019-10-26, 10:33:23, 9.27e-13, 8.92e-11
2019-10-26, 10:33:27, 1.06e-12, 8.94e-11
2019-10-26, 10:33:31, 9.65e-13, 8.89e-11
2019-10-26, 10:33:36, 9.62e-13, 8.93e-11
2019-10-26, 10:33:40, 8.17e-13, 8.92e-11
2019-10-26, 10:33:44, 9.95e-13, 8.89e-11
2019-10-26, 10:33:48, 8.28e-13, 8.96e-11
2019-10-26, 10:33:53, 9.7e-13, 8.88e-11
2019-10-26, 10:33:57, 9.75e-13, 8.88e-11
2019-10-26, 10:34:01, 1e-12, 8.89e-11
2019-10-26, 10:34:05, 9.23e-13, 8.94e-11
2019-10-26, 10:34:09, 9.62e-13, 8.89e-11
2019-10-26, 10:34:14, 1.07e-12, 8.9e-11
2019-10-26, 10:34:18, 9.9e-13, 8.92e-11
2019-10-26, 10:34:22, 9.25e-13, 8.89e-11
2019-10-26, 10:34:26, 1.03e-12, 8.89e-11
2019-10-26, 10:34:31, 9.29e-13, 8.83e-11
2019-10-26, 10:34:35, 1.04e-12, 8.79e-11
2019-10-26, 10:34:39, 9.34e-13, 8.82e-11
2019-10-26, 10:34:43, 1.02e-12, 8.86e-11
2019-10-26, 10:34:47, 9.75e-13, 8.85e-11
2019-10-26, 10:34:52, 1.14e-12, 8.84e-11
2019-10-26, 10:34:56, 8.23e-13, 8.83e-11
2019-10-26, 10:35:00, 9.25e-13, 8.83e-11
2019-10-26, 10:35:04, 1.12e-12, 8.88e-11
2019-10-26, 10:35:09, 9.92e-13, 8.87e-11
2019-10-26, 10:35:13, 9.54e-13, 8.86e-11
2019-10-26, 10:35:17, 9.85e-13, 8.83e-11
2019-10-26, 10:35:21, 9.99e-13, 8.87e-11
2019-10-26, 10:35:25, 9.72e-13, 8.85e-11
2019-10-26, 10:35:30, 9.86e-13, 8.83e-11
2019-10-26, 10:35:34, 9.68e-13, 8.85e-11
2019-10-26, 10:35:38, 9.47e-13, 8.84e-11
2019-10-26, 10:35:42, 9.4e-13, 8.85e-11
2019-10-26, 10:35:47, 9.52e-13, 8.87e-11
2019-10-26, 10:35:51, 9.8e-13, 8.86e-11
2019-10-26, 10:35:55, 9.79e-13, 8.88e-11
2019-10-26, 10:35:59, 9.87e-13, 8.86e-11
2019-10-26, 10:36:03, 9.66e-13, 8.83e-11
2019-10-26, 10:36:08, 1.04e-12, 8.81e-11
2019-10-26, 10:36:12, 1e-12, 8.84e-11
2019-10-26, 10:36:16, 9.93e-13, 8.87e-11
2019-10-26, 10:36:20, 9.23e-13, 8.8e-11
2019-10-26, 10:36:25, 9.22e-13, 8.84e-11
2019-10-26, 10:36:29, 9.8e-13, 8.87e-11
2019-10-26, 10:36:33, 9.89e-13, 8.88e-11
2019-10-26, 10:36:37, 9.35e-13, 8.91e-11
2019-10-26, 10:36:41, 1e-12, 8.91e-11
2019-10-26, 10:36:46, 9.7e-13, 8.89e-11
2019-10-26, 10:36:50, 9.98e-13, 8.9e-11
2019-10-26, 10:36:54, 1.04e-12, 8.9e-11
2019-10-26, 10:36:58, 9.74e-13, 8.9e-11
2019-10-26, 10:37:02, 9.84e-13, 8.9e-11
2019-10-26, 10:37:07, 9.77e-13, 8.92e-11
2019-10-26, 10:37:11, 9.35e-13, 8.9e-11
2019-10-26, 10:37:15, 9.67e-13, 8.89e-11
2019-10-26, 10:37:19, 9.15e-13, 8.93e-11
2019-10-26, 10:37:24, 8.4e-13, 8.91e-11
2019-10-26, 10:37:28, 9.62e-13, 8.9e-11
2019-10-26, 10:37:32, 9.64e-13, 8.89e-11
2019-10-26, 10:37:36, 9.63e-13, 8.87e-11
2019-10-26, 10:37:40, 8.83e-13, 8.87e-11
2019-10-26, 10:37:45, 9.37e-13, 8.87e-11
2019-10-26, 10:37:49, 9.68e-13, 8.95e-11
2019-10-26, 10:37:53, 1.03e-12, 8.89e-11
2019-10-26, 10:37:57, 8.48e-13, 8.91e-11
2019-10-26, 10:38:02, 9.7e-13, 8.92e-11
2019-10-26, 10:38:06, 1.02e-12, 8.89e-11
2019-10-26, 10:38:10, 9.64e-13, 8.82e-11
2019-10-26, 10:38:14, 9.47e-13, 8.86e-11
2019-10-26, 10:38:18, 9.47e-13, 8.85e-11
2019-10-26, 10:38:23, 1.01e-12, 8.84e-11
2019-10-26, 10:38:27, 1.11e-12, 8.82e-11
2019-10-26, 10:38:31, 9.88e-13, 8.85e-11
2019-10-26, 10:38:35, 9.82e-13, 8.86e-11
2019-10-26, 10:38:40, 9.65e-13, 8.87e-11
2019-10-26, 10:38:44, 9.63e-13, 8.85e-11
2019-10-26, 10:38:48, 1.02e-12, 8.85e-11
2019-10-26, 10:38:52, 9.48e-13, 8.87e-11
2019-10-26, 10:38:56, 9.77e-13, 8.88e-11
2019-10-26, 10:39:01, 9.95e-13, 8.92e-11
2019-10-26, 10:39:05, 9.18e-13, 8.91e-11
2019-10-26, 10:39:09, 9.84e-13, 8.9e-11
2019-10-26, 10:39:13, 9.65e-13, 8.89e-11
2019-10-26, 10:39:18, 9.49e-13, 8.88e-11
2019-10-26, 10:39:22, 9.22e-13, 8.88e-11
2019-10-26, 10:39:26, 1.01e-12, 8.9e-11
2019-10-26, 10:39:30, 9.39e-13, 8.9e-11
2019-10-26, 10:39:34, 1.04e-12, 8.89e-11
2019-10-26, 10:39:39, 1.07e-12, 8.78e-11
2019-10-26, 10:39:43, 9.29e-13, 8.8e-11
2019-10-26, 10:39:47, 9.89e-13, 8.78e-11
2019-10-26, 10:39:51, 1.08e-12, 8.8e-11
2019-10-26, 10:39:56, 1.02e-12, 8.84e-11
2019-10-26, 10:40:00, 9.84e-13, 8.78e-11
2019-10-26, 10:40:04, 9.07e-13, 8.79e-11
2019-10-26, 10:40:08, 1.05e-12, 8.79e-11
2019-10-26, 10:40:12, 9.83e-13, 8.85e-11
2019-10-26, 10:40:17, 9.73e-13, 8.83e-11
2019-10-26, 10:40:21, 9.75e-13, 8.85e-11
2019-10-26, 10:40:25, 8.97e-13, 8.82e-11
2019-10-26, 10:40:29, 9.42e-13, 8.82e-11
2019-10-26, 10:40:33, 9.99e-13, 8.83e-11
2019-10-26, 10:40:38, 9.25e-13, 8.79e-11
2019-10-26, 10:40:42, 1.04e-12, 8.84e-11
2019-10-26, 10:40:46, 9.81e-13, 8.85e-11
2019-10-26, 10:40:50, 9.79e-13, 8.85e-11
2019-10-26, 10:40:55, 9.56e-13, 8.85e-11
2019-10-26, 10:40:59, 9.6e-13, 8.87e-11
2019-10-26, 10:41:03, 1.03e-12, 8.83e-11
2019-10-26, 10:41:07, 9.98e-13, 8.83e-11
2019-10-26, 10:41:11, 9.91e-13, 8.81e-11
2019-10-26, 10:41:16, 9.96e-13, 8.81e-11
2019-10-26, 10:41:20, 1.01e-12, 8.86e-11
2019-10-26, 10:41:24, 9.86e-13, 8.85e-11
2019-10-26, 10:41:28, 9.52e-13, 8.87e-11
2019-10-26, 10:41:33, 9.97e-13, 8.86e-11
2019-10-26, 10:41:37, 9.44e-13, 8.83e-11
2019-10-26, 10:41:41, 1.04e-12, 8.85e-11
2019-10-26, 10:41:45, 8.61e-13, 8.86e-11
2019-10-26, 10:41:49, 9.71e-13, 8.86e-11
2019-10-26, 10:41:54, 9.45e-13, 8.84e-11
2019-10-26, 10:41:58, 9.65e-13, 8.86e-11
2019-10-26, 10:42:02, 9.11e-13, 8.83e-11
2019-10-26, 10:42:06, 1e-12, 8.86e-11
2019-10-26, 10:42:11, 9.6e-13, 8.86e-11
2019-10-26, 10:42:15, 9.82e-13, 8.87e-11
2019-10-26, 10:42:19, 9.5e-13, 8.79e-11
2019-10-26, 10:42:23, 9.58e-13, 8.83e-11
2019-10-26, 10:42:27, 9.16e-13, 8.82e-11
2019-10-26, 10:42:32, 9.39e-13, 8.8e-11
2019-10-26, 10:42:36, 8.61e-13, 8.87e-11
2019-10-26, 10:42:40, 9.81e-13, 8.85e-11
2019-10-26, 10:42:44, 9.71e-13, 8.84e-11
2019-10-26, 10:42:49, 9.53e-13, 8.89e-11
2019-10-26, 10:42:53, 9.67e-13, 8.85e-11
2019-10-26, 10:42:57, 9.86e-13, 8.85e-11
2019-10-26, 10:43:01, 9.52e-13, 8.83e-11
2019-10-26, 10:43:05, 9.76e-13, 8.86e-11
2019-10-26, 10:43:10, 1.11e-12, 8.83e-11
2019-10-26, 10:43:14, 9.62e-13, 8.84e-11
2019-10-26, 10:43:18, 9.94e-13, 8.84e-11
2019-10-26, 10:43:22, 9.65e-13, 8.86e-11
2019-10-26, 10:43:27, 9.81e-13, 8.86e-11
2019-10-26, 10:43:31, 9.29e-13, 8.86e-11
2019-10-26, 10:43:35, 9.79e-13, 8.8e-11
2019-10-26, 10:43:39, 1.02e-12, 8.84e-11
2019-10-26, 10:43:43, 9.2e-13, 8.88e-11
2019-10-26, 10:43:48, 9.78e-13, 8.88e-11
2019-10-26, 10:43:52, 9.5e-13, 8.8e-11
2019-10-26, 10:43:56, 9.4e-13, 8.82e-11
2019-10-26, 10:44:00, 9.11e-13, 8.86e-11
2019-10-26, 10:44:04, 9.54e-13, 8.85e-11
2019-10-26, 10:44:09, 1e-12, 8.82e-11
2019-10-26, 10:44:13, 9.57e-13, 8.82e-11
2019-10-26, 10:44:17, 9.26e-13, 8.88e-11
2019-10-26, 10:44:21, 9.91e-13, 8.86e-11
2019-10-26, 10:44:26, 9.37e-13, 8.82e-11
2019-10-26, 10:44:30, 9.13e-13, 8.84e-11
2019-10-26, 10:44:34, 1.09e-12, 8.88e-11
2019-10-26, 10:44:38, 9.7e-13, 8.81e-11
2019-10-26, 10:44:42, 1.03e-12, 8.82e-11
2019-10-26, 10:44:47, 9.79e-13, 8.86e-11
2019-10-26, 10:44:51, 9.86e-13, 8.88e-11
2019-10-26, 10:44:55, 1.06e-12, 8.82e-11
2019-10-26, 10:44:59, 9.3e-13, 8.82e-11
2019-10-26, 10:45:04, 9.94e-13, 8.83e-11
2019-10-26, 10:45:08, 9.72e-13, 8.84e-11
2019-10-26, 10:45:12, 9.73e-13, 8.85e-11
2019-10-26, 10:45:16, 1.05e-12, 8.81e-11
2019-10-26, 10:45:20, 9.24e-13, 8.85e-11
2019-10-26, 10:45:25, 1.01e-12, 8.82e-11
2019-10-26, 10:45:29, 1.03e-12, 8.87e-11
2019-10-26, 10:45:33, 1.01e-12, 8.83e-11
2019-10-26, 10:45:37, 9.59e-13, 8.82e-11
2019-10-26, 10:45:42, 9.6e-13, 8.83e-11
2019-10-26, 10:45:46, 9.77e-13, 8.83e-11
2019-10-26, 10:45:50, 9.94e-13, 8.83e-11
2019-10-26, 10:45:54, 9.32e-13, 8.87e-11
2019-10-26, 10:45:58, 9.66e-13, 8.85e-11
2019-10-26, 10:46:03, 9.59e-13, 8.87e-11
2019-10-26, 10:46:07, 1.06e-12, 8.81e-11
2019-10-26, 10:46:11, 9.57e-13, 8.86e-11
2019-10-26, 10:46:15, 9.83e-13, 8.84e-11
2019-10-26, 10:46:20, 9.42e-13, 8.84e-11
2019-10-26, 10:46:24, 9.74e-13, 8.84e-11
2019-10-26, 10:46:28, 9.8e-13, 8.83e-11
2019-10-26, 10:46:32, 1.04e-12, 8.84e-11
2019-10-26, 10:46:36, 9.56e-13, 8.85e-11
2019-10-26, 10:46:41, 1.08e-12, 8.86e-11
2019-10-26, 10:46:45, 9.7e-13, 8.86e-11
2019-10-26, 10:46:49, 1.01e-12, 8.81e-11
2019-10-26, 10:46:53, 9.42e-13, 8.81e-11
2019-10-26, 10:46:58, 9.15e-13, 8.82e-11
2019-10-26, 10:47:02, 1e-12, 8.8e-11
2019-10-26, 10:47:06, 9.25e-13, 8.82e-11
2019-10-26, 10:47:10, 9.1e-13, 8.82e-11
2019-10-26, 10:47:14, 9.33e-13, 8.89e-11
2019-10-26, 10:47:19, 9.85e-13, 8.82e-11
2019-10-26, 10:47:23, 9.75e-13, 8.82e-11
2019-10-26, 10:47:27, 8.84e-13, 8.82e-11
2019-10-26, 10:47:31, 9.61e-13, 8.84e-11
2019-10-26, 10:47:36, 9.66e-13, 8.85e-11
2019-10-26, 10:47:40, 9.14e-13, 8.85e-11
2019-10-26, 10:47:44, 8.07e-13, 8.83e-11
2019-10-26, 10:47:48, 9.9e-13, 8.83e-11
2019-10-26, 10:47:52, 9.31e-13, 8.83e-11
2019-10-26, 10:47:57, 9.11e-13, 8.83e-11
2019-10-26, 10:48:01, 9.89e-13, 8.87e-11
2019-10-26, 10:48:05, 9.64e-13, 8.84e-11
2019-10-26, 10:48:09, 9.99e-13, 8.81e-11
2019-10-26, 10:48:13, 9.62e-13, 8.87e-11
2019-10-26, 10:48:18, 9.78e-13, 8.87e-11
2019-10-26, 10:48:22, 1.02e-12, 8.85e-11
2019-10-26, 10:48:26, 1.02e-12, 8.85e-11
2019-10-26, 10:48:30, 9.99e-13, 8.82e-11
2019-10-26, 10:48:35, 9.65e-13, 8.81e-11
2019-10-26, 10:48:39, 9.48e-13, 8.83e-11
2019-10-26, 10:48:43, 1e-12, 8.84e-11
2019-10-26, 10:48:47, 1.04e-12, 8.84e-11
2019-10-26, 10:48:51, 1.02e-12, 8.84e-11
2019-10-26, 10:48:56, 9.72e-13, 8.85e-11
2019-10-26, 10:49:00, 1.07e-12, 8.86e-11
2019-10-26, 10:49:04, 9.59e-13, 8.87e-11
2019-10-26, 10:49:08, 9.9e-13, 8.85e-11
2019-10-26, 10:49:13, 9.69e-13, 8.84e-11
2019-10-26, 10:49:17, 9.97e-13, 8.85e-11
2019-10-26, 10:49:21, 9.18e-13, 8.84e-11
2019-10-26, 10:49:25, 9.95e-13, 8.86e-11
2019-10-26, 10:49:29, 9.06e-13, 8.84e-11
2019-10-26, 10:49:34, 9.51e-13, 8.86e-11
2019-10-26, 10:49:38, 9.71e-13, 8.83e-11
2019-10-26, 10:49:42, 9.3e-13, 8.86e-11
2019-10-26, 10:49:46, 9.61e-13, 8.86e-11
2019-10-26, 10:49:51, 9.52e-13, 8.85e-11
2019-10-26, 10:49:55, 9.79e-13, 8.84e-11
2019-10-26, 10:49:59, 8.78e-13, 8.83e-11
2019-10-26, 10:50:03, 9.78e-13, 8.87e-11
2019-10-26, 10:50:07, 8.97e-13, 8.82e-11
2019-10-26, 10:50:12, 9.23e-13, 8.86e-11
2019-10-26, 10:50:16, 9.54e-13, 8.89e-11
2019-10-26, 10:50:20, 1.1e-12, 8.87e-11
2019-10-26, 10:50:24, 1.01e-12, 8.86e-11
2019-10-26, 10:50:29, 1.05e-12, 8.86e-11
2019-10-26, 10:50:33, 1e-12, 8.86e-11
2019-10-26, 10:50:37, 9.26e-13, 8.84e-11
2019-10-26, 10:50:41, 9.4e-13, 8.85e-11
2019-10-26, 10:50:45, 1e-12, 8.84e-11
2019-10-26, 10:50:50, 9.89e-13, 8.84e-11
2019-10-26, 10:50:54, 9.49e-13, 8.84e-11
2019-10-26, 10:50:58, 1.06e-12, 8.81e-11
2019-10-26, 10:51:02, 9.32e-13, 8.79e-11
2019-10-26, 10:51:07, 9.91e-13, 8.81e-11
2019-10-26, 10:51:11, 9.75e-13, 8.79e-11
2019-10-26, 10:51:15, 1e-12, 8.81e-11
2019-10-26, 10:51:19, 9.7e-13, 8.81e-11
2019-10-26, 10:51:23, 9.83e-13, 8.86e-11
2019-10-26, 10:51:28, 9.72e-13, 8.83e-11
2019-10-26, 10:51:32, 9.27e-13, 8.82e-11
2019-10-26, 10:51:36, 9.16e-13, 8.81e-11
2019-10-26, 10:51:40, 9.11e-13, 8.81e-11
2019-10-26, 10:51:45, 9.32e-13, 8.83e-11
2019-10-26, 10:51:49, 8.96e-13, 8.84e-11
2019-10-26, 10:51:53, 9.01e-13, 8.86e-11
2019-10-26, 10:51:57, 9.76e-13, 8.8e-11
2019-10-26, 10:52:01, 9.24e-13, 8.76e-11
2019-10-26, 10:52:06, 9.41e-13, 8.81e-11
2019-10-26, 10:52:10, 1e-12, 8.81e-11
2019-10-26, 10:52:14, 9.83e-13, 8.84e-11
2019-10-26, 10:52:18, 1.02e-12, 8.82e-11
2019-10-26, 10:52:22, 9.94e-13, 8.85e-11
2019-10-26, 10:52:27, 9.56e-13, 8.84e-11
2019-10-26, 10:52:31, 9.87e-13, 8.8e-11
2019-10-26, 10:52:35, 1.01e-12, 8.8e-11
2019-10-26, 10:52:39, 9.44e-13, 8.81e-11
2019-10-26, 10:52:44, 9.37e-13, 8.81e-11
2019-10-26, 10:52:48, 9.79e-13, 8.81e-11
2019-10-26, 10:52:52, 9.78e-13, 8.85e-11
2019-10-26, 10:52:56, 9.72e-13, 8.86e-11
2019-10-26, 10:53:00, 9.39e-13, 8.82e-11
2019-10-26, 10:53:05, 9.91e-13, 8.79e-11
2019-10-26, 10:53:09, 1.06e-12, 8.81e-11
2019-10-26, 10:53:13, 9.55e-13, 8.82e-11
2019-10-26, 10:53:17, 9.71e-13, 8.84e-11
2019-10-26, 10:53:22, 9.31e-13, 8.83e-11
2019-10-26, 10:53:26, 1.02e-12, 8.8e-11
2019-10-26, 10:53:30, 9.5e-13, 8.79e-11
2019-10-26, 10:53:34, 9.57e-13, 8.78e-11
2019-10-26, 10:53:38, 9.94e-13, 8.81e-11
2019-10-26, 10:53:43, 9.79e-13, 8.8e-11
2019-10-26, 10:53:47, 9.38e-13, 8.81e-11
2019-10-26, 10:53:51, 9.72e-13, 8.83e-11
2019-10-26, 10:53:55, 9.92e-13, 8.82e-11
2019-10-26, 10:54:00, 1e-12, 8.79e-11
2019-10-26, 10:54:04, 9.49e-13, 8.79e-11
2019-10-26, 10:54:08, 8.9e-13, 8.8e-11
2019-10-26, 10:54:12, 9.82e-13, 8.82e-11
2019-10-26, 10:54:16, 8.93e-13, 8.85e-11
2019-10-26, 10:54:21, 1.01e-12, 8.84e-11
2019-10-26, 10:54:25, 9.92e-13, 8.89e-11
2019-10-26, 10:54:29, 9.6e-13, 8.79e-11
2019-10-26, 10:54:33, 9.61e-13, 8.83e-11
2019-10-26, 10:54:38, 9.58e-13, 8.79e-11
2019-10-26, 10:54:42, 1.02e-12, 8.79e-11
2019-10-26, 10:54:46, 9.44e-13, 8.8e-11
2019-10-26, 10:54:50, 9.99e-13, 8.83e-11
2019-10-26, 10:54:54, 9.6e-13, 8.82e-11
2019-10-26, 10:54:59, 9.44e-13, 8.82e-11
2019-10-26, 10:55:03, 9.58e-13, 8.87e-11
2019-10-26, 10:55:07, 9.97e-13, 8.81e-11
2019-10-26, 10:55:11, 9.98e-13, 8.8e-11
2019-10-26, 10:55:16, 9.25e-13, 8.81e-11
2019-10-26, 10:55:20, 9.76e-13, 8.85e-11
2019-10-26, 10:55:24, 1.07e-12, 8.86e-11
2019-10-26, 10:55:28, 9.67e-13, 8.81e-11
2019-10-26, 10:55:32, 1.07e-12, 8.83e-11
2019-10-26, 10:55:37, 9.71e-13, 8.83e-11
2019-10-26, 10:55:41, 9.12e-13, 8.82e-11
2019-10-26, 10:55:45, 1.1e-12, 8.81e-11
2019-10-26, 10:55:49, 9.71e-13, 8.83e-11
2019-10-26, 10:55:54, 1e-12, 8.81e-11
2019-10-26, 10:55:58, 1.07e-12, 8.85e-11
2019-10-26, 10:56:02, 1.02e-12, 8.8e-11
2019-10-26, 10:56:06, 1e-12, 8.81e-11
2019-10-26, 10:56:10, 9.45e-13, 8.82e-11
2019-10-26, 10:56:15, 9.8e-13, 8.81e-11
2019-10-26, 10:56:19, 1.03e-12, 8.79e-11
2019-10-26, 10:56:23, 9.16e-13, 8.86e-11
2019-10-26, 10:56:27, 1e-12, 8.82e-11
2019-10-26, 10:56:32, 9.41e-13, 8.8e-11
2019-10-26, 10:56:36, 9.69e-13, 8.78e-11
2019-10-26, 10:56:40, 1.02e-12, 8.8e-11
2019-10-26, 10:56:44, 1.05e-12, 8.81e-11
2019-10-26, 10:56:48, 9.84e-13, 8.85e-11
2019-10-26, 10:56:53, 9.8e-13, 8.81e-11
2019-10-26, 10:56:57, 9.78e-13, 8.84e-11
2019-10-26, 10:57:01, 1e-12, 8.86e-11
2019-10-26, 10:57:05, 9.59e-13, 8.87e-11
2019-10-26, 10:57:10, 9.22e-13, 8.88e-11
2019-10-26, 10:57:14, 9.78e-13, 8.87e-11
2019-10-26, 10:57:18, 9.16e-13, 8.85e-11
2019-10-26, 10:57:22, 1.01e-12, 8.87e-11
2019-10-26, 10:57:26, 9.04e-13, 8.88e-11
2019-10-26, 10:57:31, 9.42e-13, 8.87e-11
2019-10-26, 10:57:35, 9.43e-13, 8.87e-11
2019-10-26, 10:57:39, 9.32e-13, 8.89e-11
2019-10-26, 10:57:43, 9.45e-13, 8.88e-11
2019-10-26, 10:57:47, 9.29e-13, 8.87e-11
2019-10-26, 10:57:52, 1.01e-12, 8.86e-11
2019-10-26, 10:57:56, 9.92e-13, 8.81e-11
2019-10-26, 10:58:00, 9.97e-13, 8.85e-11
2019-10-26, 10:58:04, 1.01e-12, 8.85e-11
2019-10-26, 10:58:09, 9.69e-13, 8.88e-11
2019-10-26, 10:58:13, 9.9e-13, 8.9e-11
2019-10-26, 10:58:17, 9.99e-13, 8.87e-11
2019-10-26, 10:58:21, 1.02e-12, 8.88e-11
2019-10-26, 10:58:25, 8.95e-13, 8.9e-11
2019-10-26, 10:58:30, 9.69e-13, 8.86e-11
2019-10-26, 10:58:34, 1.06e-12, 8.85e-11
2019-10-26, 10:58:38, 9.83e-13, 8.84e-11
2019-10-26, 10:58:42, 9.7e-13, 8.86e-11
2019-10-26, 10:58:47, 9.45e-13, 8.87e-11
2019-10-26, 10:58:51, 1e-12, 8.86e-11
2019-10-26, 10:58:55, 9.92e-13, 8.85e-11
2019-10-26, 10:58:59, 1.05e-12, 8.86e-11
2019-10-26, 10:59:03, 9.71e-13, 8.84e-11
2019-10-26, 10:59:08, 9.87e-13, 8.85e-11
2019-10-26, 10:59:12, 9.93e-13, 8.86e-11
2019-10-26, 10:59:16, 9.62e-13, 8.86e-11
2019-10-26, 10:59:20, 9.63e-13, 8.87e-11
2019-10-26, 10:59:25, 1.02e-12, 8.88e-11
2019-10-26, 10:59:29, 9.81e-13, 8.83e-11
2019-10-26, 10:59:33, 9.95e-13, 8.88e-11
2019-10-26, 10:59:37, 1.04e-12, 8.86e-11
2019-10-26, 10:59:41, 1.08e-12, 8.83e-11
2019-10-26, 10:59:46, 1.03e-12, 8.84e-11
2019-10-26, 10:59:50, 9.52e-13, 8.83e-11
2019-10-26, 10:59:54, 9.61e-13, 8.83e-11
2019-10-26, 10:59:58, 9.48e-13, 8.87e-11
2019-10-26, 11:00:03, 9.91e-13, 8.86e-11
2019-10-26, 11:00:07, 1.06e-12, 8.88e-11
2019-10-26, 11:00:11, 9.92e-13, 8.87e-11
2019-10-26, 11:00:15, 9.96e-13, 8.84e-11
2019-10-26, 11:00:19, 9.93e-13, 8.84e-11
2019-10-26, 11:00:24, 9.95e-13, 8.79e-11
2019-10-26, 11:00:28, 9.99e-13, 8.88e-11
2019-10-26, 11:00:32, 9.43e-13, 8.85e-11
2019-10-26, 11:00:36, 9.58e-13, 8.85e-11
2019-10-26, 11:00:41, 9.06e-13, 8.84e-11
2019-10-26, 11:00:45, 9.75e-13, 8.84e-11
2019-10-26, 11:00:49, 1.12e-12, 8.87e-11
2019-10-26, 11:00:53, 9.85e-13, 8.89e-11
2019-10-26, 11:00:57, 9.73e-13, 8.87e-11
2019-10-26, 11:01:02, 9.76e-13, 8.87e-11
2019-10-26, 11:01:06, 9.56e-13, 8.84e-11
2019-10-26, 11:01:10, 1.04e-12, 8.87e-11
2019-10-26, 11:01:14, 9.62e-13, 8.83e-11
2019-10-26, 11:01:19, 9.51e-13, 8.85e-11
2019-10-26, 11:01:23, 9.6e-13, 8.84e-11
2019-10-26, 11:01:27, 1.03e-12, 8.84e-11
2019-10-26, 11:01:31, 9.25e-13, 8.88e-11
2019-10-26, 11:01:35, 1.01e-12, 8.83e-11
2019-10-26, 11:01:40, 9.49e-13, 8.89e-11
2019-10-26, 11:01:44, 8.54e-13, 8.88e-11
2019-10-26, 11:01:48, 9.38e-13, 8.88e-11
2019-10-26, 11:01:52, 1.02e-12, 8.88e-11
2019-10-26, 11:01:57, 9.69e-13, 8.82e-11
2019-10-26, 11:02:01, 9.91e-13, 8.81e-11
2019-10-26, 11:02:05, 9.53e-13, 8.78e-11
2019-10-26, 11:02:09, 9.72e-13, 8.78e-11
2019-10-26, 11:02:13, 1.02e-12, 8.79e-11
2019-10-26, 11:02:18, 1.01e-12, 8.81e-11
2019-10-26, 11:02:22, 1.02e-12, 8.78e-11
2019-10-26, 11:02:26, 1.04e-12, 8.88e-11
2019-10-26, 11:02:30, 9.72e-13, 8.78e-11
2019-10-26, 11:02:35, 9.69e-13, 8.8e-11
2019-10-26, 11:02:39, 9.14e-13, 8.8e-11
2019-10-26, 11:02:43, 9.83e-13, 8.8e-11
2019-10-26, 11:02:47, 9.87e-13, 8.82e-11
2019-10-26, 11:02:51, 1.01e-12, 8.79e-11
2019-10-26, 11:02:56, 9.3e-13, 8.79e-11
2019-10-26, 11:03:00, 9.9e-13, 8.79e-11
2019-10-26, 11:03:04, 1.01e-12, 8.81e-11
2019-10-26, 11:03:08, 1.01e-12, 8.83e-11
2019-10-26, 11:03:13, 9.76e-13, 8.86e-11
2019-10-26, 11:03:17, 9.36e-13, 8.83e-11
2019-10-26, 11:03:21, 9.97e-13, 8.84e-11
2019-10-26, 11:03:25, 9.75e-13, 8.88e-11
2019-10-26, 11:03:29, 9.45e-13, 8.89e-11
2019-10-26, 11:03:34, 8.92e-13, 8.84e-11
2019-10-26, 11:03:38, 9.59e-13, 8.84e-11
2019-10-26, 11:03:42, 8.7e-13, 8.87e-11
2019-10-26, 11:03:46, 1.01e-12, 8.84e-11
2019-10-26, 11:03:51, 9.46e-13, 8.88e-11
2019-10-26, 11:03:55, 8.76e-13, 8.82e-11
2019-10-26, 11:03:59, 9.37e-13, 8.82e-11
2019-10-26, 11:04:03, 9.76e-13, 8.81e-11
2019-10-26, 11:04:07, 9.79e-13, 8.89e-11
2019-10-26, 11:04:12, 9.28e-13, 8.86e-11
2019-10-26, 11:04:16, 9.52e-13, 8.82e-11
2019-10-26, 11:04:20, 9.74e-13, 8.8e-11
2019-10-26, 11:04:24, 1.11e-12, 8.77e-11
2019-10-26, 11:04:29, 9.12e-13, 8.78e-11
2019-10-26, 11:04:33, 9.97e-13, 8.8e-11
2019-10-26, 11:04:37, 9.22e-13, 8.81e-11
2019-10-26, 11:04:41, 9.4e-13, 8.77e-11
2019-10-26, 11:04:45, 9.47e-13, 8.79e-11
2019-10-26, 11:04:50, 9.72e-13, 8.78e-11
2019-10-26, 11:04:54, 9.45e-13, 8.82e-11
2019-10-26, 11:04:58, 9.7e-13, 8.77e-11
2019-10-26, 11:05:02, 9.72e-13, 8.75e-11
2019-10-26, 11:05:07, 9.92e-13, 8.73e-11
2019-10-26, 11:05:11, 9.36e-13, 8.76e-11
2019-10-26, 11:05:15, 1e-12, 8.79e-11
2019-10-26, 11:05:19, 9.23e-13, 8.81e-11
2019-10-26, 11:05:23, 9.68e-13, 8.79e-11
2019-10-26, 11:05:28, 1e-12, 8.81e-11
2019-10-26, 11:05:32, 9.28e-13, 8.8e-11
2019-10-26, 11:05:36, 9.22e-13, 8.79e-11
2019-10-26, 11:05:40, 1.01e-12, 8.78e-11
2019-10-26, 11:05:45, 9.92e-13, 8.76e-11
2019-10-26, 11:05:49, 9.47e-13, 8.77e-11
2019-10-26, 11:05:53, 9.52e-13, 8.79e-11
2019-10-26, 11:05:57, 1.04e-12, 8.84e-11
2019-10-26, 11:06:01, 9.94e-13, 8.83e-11
2019-10-26, 11:06:06, 9.71e-13, 8.84e-11
2019-10-26, 11:06:10, 9.77e-13, 8.89e-11
2019-10-26, 11:06:14, 1.05e-12, 8.84e-11
2019-10-26, 11:06:18, 9.61e-13, 8.77e-11
2019-10-26, 11:06:22, 9.84e-13, 8.8e-11
2019-10-26, 11:06:27, 9.86e-13, 8.77e-11
2019-10-26, 11:06:31, 9.71e-13, 8.79e-11
2019-10-26, 11:06:35, 1.02e-12, 8.83e-11
2019-10-26, 11:06:39, 9.6e-13, 8.8e-11
2019-10-26, 11:06:44, 9.49e-13, 8.79e-11
2019-10-26, 11:06:48, 9.45e-13, 8.82e-11
2019-10-26, 11:06:52, 9.83e-13, 8.8e-11
2019-10-26, 11:06:56, 9.71e-13, 8.81e-11
2019-10-26, 11:07:00, 9.66e-13, 8.85e-11
2019-10-26, 11:07:05, 9.78e-13, 8.78e-11
2019-10-26, 11:07:09, 9.77e-13, 8.76e-11
2019-10-26, 11:07:13, 9.78e-13, 8.77e-11
2019-10-26, 11:07:17, 9.08e-13, 8.77e-11
2019-10-26, 11:07:22, 9.31e-13, 8.76e-11
2019-10-26, 11:07:26, 9.86e-13, 8.77e-11
2019-10-26, 11:07:30, 9.67e-13, 8.75e-11
2019-10-26, 11:07:34, 1.01e-12, 8.75e-11
2019-10-26, 11:07:38, 9.55e-13, 8.79e-11
2019-10-26, 11:07:43, 9.4e-13, 8.8e-11
2019-10-26, 11:07:47, 1.02e-12, 8.8e-11
2019-10-26, 11:07:51, 9.11e-13, 8.82e-11
2019-10-26, 11:07:55, 9.17e-13, 8.78e-11
2019-10-26, 11:08:00, 9.49e-13, 8.75e-11
2019-10-26, 11:08:04, 9.25e-13, 8.78e-11
2019-10-26, 11:08:08, 9.59e-13, 8.79e-11
2019-10-26, 11:08:12, 9.32e-13, 8.74e-11
2019-10-26, 11:08:16, 9.48e-13, 8.76e-11
2019-10-26, 11:08:21, 1.01e-12, 8.76e-11
2019-10-26, 11:08:25, 1.02e-12, 8.81e-11
2019-10-26, 11:08:29, 9.25e-13, 8.78e-11
2019-10-26, 11:08:33, 9.9e-13, 8.84e-11
2019-10-26, 11:08:38, 1.12e-12, 8.84e-11
2019-10-26, 11:08:42, 1e-12, 8.8e-11
2019-10-26, 11:08:46, 9.6e-13, 8.8e-11
2019-10-26, 11:08:50, 9.38e-13, 8.79e-11
2019-10-26, 11:08:54, 9.62e-13, 8.78e-11
2019-10-26, 11:08:59, 9.93e-13, 8.77e-11
2019-10-26, 11:09:03, 9.02e-13, 8.76e-11
2019-10-26, 11:09:07, 9.8e-13, 8.78e-11
2019-10-26, 11:09:11, 9.77e-13, 8.85e-11
2019-10-26, 11:09:16, 9.29e-13, 8.83e-11
2019-10-26, 11:09:20, 1.04e-12, 8.8e-11
2019-10-26, 11:09:24, 1e-12, 8.87e-11
2019-10-26, 11:09:28, 9.82e-13, 8.79e-11
2019-10-26, 11:09:32, 9.5e-13, 8.76e-11
2019-10-26, 11:09:37, 9.92e-13, 8.8e-11
2019-10-26, 11:09:41, 9.74e-13, 8.8e-11
2019-10-26, 11:09:45, 9.6e-13, 8.75e-11
2019-10-26, 11:09:49, 1.06e-12, 8.78e-11
2019-10-26, 11:09:54, 9.9e-13, 8.8e-11
2019-10-26, 11:09:58, 1e-12, 8.8e-11
2019-10-26, 11:10:02, 9.42e-13, 8.82e-11
2019-10-26, 11:10:06, 9.98e-13, 8.79e-11
2019-10-26, 11:10:10, 1.01e-12, 8.79e-11
2019-10-26, 11:10:15, 1.02e-12, 8.74e-11
2019-10-26, 11:10:19, 9.3e-13, 8.8e-11
2019-10-26, 11:10:23, 9.54e-13, 8.76e-11
2019-10-26, 11:10:27, 9.6e-13, 8.78e-11
2019-10-26, 11:10:32, 1.05e-12, 8.77e-11
2019-10-26, 11:10:36, 9.58e-13, 8.78e-11
2019-10-26, 11:10:40, 9.17e-13, 8.78e-11
2019-10-26, 11:10:44, 9.12e-13, 8.78e-11
2019-10-26, 11:10:48, 1.07e-12, 8.78e-11
2019-10-26, 11:10:53, 9.18e-13, 8.76e-11
2019-10-26, 11:10:57, 9.71e-13, 8.76e-11
2019-10-26, 11:11:01, 1.02e-12, 8.8e-11
2019-10-26, 11:11:05, 8.98e-13, 8.8e-11
2019-10-26, 11:11:10, 9.88e-13, 8.79e-11
2019-10-26, 11:11:14, 1.04e-12, 8.78e-11
2019-10-26, 11:11:18, 9.6e-13, 8.75e-11
2019-10-26, 11:11:22, 9.58e-13, 8.78e-11
2019-10-26, 11:11:26, 9.75e-13, 8.77e-11
2019-10-26, 11:11:31, 9.14e-13, 8.81e-11
2019-10-26, 11:11:35, 9.38e-13, 8.79e-11
2019-10-26, 11:11:39, 9.7e-13, 8.85e-11
2019-10-26, 11:11:43, 9.57e-13, 8.81e-11
2019-10-26, 11:11:48, 9.96e-13, 8.76e-11
2019-10-26, 11:11:52, 9.53e-13, 8.78e-11
2019-10-26, 11:11:56, 9.69e-13, 8.78e-11
2019-10-26, 11:12:00, 1.01e-12, 8.75e-11
2019-10-26, 11:12:04, 9.38e-13, 8.73e-11
2019-10-26, 11:12:09, 9.39e-13, 8.78e-11
2019-10-26, 11:12:13, 9.18e-13, 8.8e-11
2019-10-26, 11:12:17, 1.04e-12, 8.82e-11
2019-10-26, 11:12:21, 9.52e-13, 8.83e-11
2019-10-26, 11:12:26, 1.01e-12, 8.83e-11
2019-10-26, 11:12:30, 1e-12, 8.85e-11
2019-10-26, 11:12:34, 9.6e-13, 8.86e-11
2019-10-26, 11:12:38, 9.7e-13, 8.84e-11
2019-10-26, 11:12:42, 9.59e-13, 8.85e-11
2019-10-26, 11:12:47, 9.84e-13, 8.78e-11
2019-10-26, 11:12:51, 9.2e-13, 8.76e-11
2019-10-26, 11:12:55, 9.9e-13, 8.81e-11
2019-10-26, 11:12:59, 1.02e-12, 8.75e-11
2019-10-26, 11:13:04, 1.01e-12, 8.75e-11
2019-10-26, 11:13:08, 9.15e-13, 8.8e-11
2019-10-26, 11:13:12, 9.21e-13, 8.81e-11
2019-10-26, 11:13:16, 1.03e-12, 8.82e-11
2019-10-26, 11:13:20, 9.13e-13, 8.83e-11
2019-10-26, 11:13:25, 9.48e-13, 8.8e-11
2019-10-26, 11:13:29, 9.31e-13, 8.78e-11
2019-10-26, 11:13:33, 9.97e-13, 8.8e-11
2019-10-26, 11:13:37, 9.58e-13, 8.76e-11
2019-10-26, 11:13:41, 9.43e-13, 8.78e-11
2019-10-26, 11:13:46, 9.37e-13, 8.83e-11
2019-10-26, 11:13:50, 1.02e-12, 8.83e-11
2019-10-26, 11:13:54, 9.65e-13, 8.8e-11
2019-10-26, 11:13:58, 9.66e-13, 8.77e-11
2019-10-26, 11:14:03, 1.13e-12, 8.8e-11
2019-10-26, 11:14:07, 9.98e-13, 8.8e-11
2019-10-26, 11:14:11, 9.36e-13, 8.76e-11
2019-10-26, 11:14:15, 1.02e-12, 8.82e-11
2019-10-26, 11:14:19, 9.81e-13, 8.78e-11
2019-10-26, 11:14:24, 9.76e-13, 8.79e-11
2019-10-26, 11:14:28, 1.05e-12, 8.79e-11
2019-10-26, 11:14:32, 1.03e-12, 8.83e-11
2019-10-26, 11:14:36, 9.34e-13, 8.81e-11
2019-10-26, 11:14:41, 9.29e-13, 8.84e-11
2019-10-26, 11:14:45, 8.42e-13, 8.8e-11
2019-10-26, 11:14:49, 1.01e-12, 8.77e-11
2019-10-26, 11:14:53, 9.6e-13, 8.74e-11
2019-10-26, 11:14:57, 9.87e-13, 8.79e-11
2019-10-26, 11:15:02, 9.55e-13, 8.83e-11
2019-10-26, 11:15:06, 9.42e-13, 8.84e-11
2019-10-26, 11:15:10, 1e-12, 8.82e-11
2019-10-26, 11:15:14, 9.76e-13, 8.87e-11
2019-10-26, 11:15:19, 1.04e-12, 8.85e-11
2019-10-26, 11:15:23, 9.76e-13, 8.83e-11
2019-10-26, 11:15:27, 9.39e-13, 8.82e-11
2019-10-26, 11:15:31, 9.51e-13, 8.83e-11
2019-10-26, 11:15:35, 1.12e-12, 8.89e-11
2019-10-26, 11:15:40, 1.04e-12, 8.86e-11
2019-10-26, 11:15:44, 1.04e-12, 8.83e-11
2019-10-26, 11:15:48, 1.02e-12, 8.83e-11
2019-10-26, 11:15:52, 1.04e-12, 8.9e-11
2019-10-26, 11:15:57, 9.96e-13, 8.87e-11
2019-10-26, 11:16:01, 1e-12, 8.84e-11
2019-10-26, 11:16:05, 9.53e-13, 8.85e-11
2019-10-26, 11:16:09, 9.56e-13, 8.81e-11
2019-10-26, 11:16:13, 1e-12, 8.8e-11
2019-10-26, 11:16:18, 1.07e-12, 8.77e-11
2019-10-26, 11:16:22, 9.45e-13, 8.77e-11
2019-10-26, 11:16:26, 1.02e-12, 8.79e-11
2019-10-26, 11:16:30, 9.4e-13, 8.76e-11
2019-10-26, 11:16:35, 9.9e-13, 8.79e-11
2019-10-26, 11:16:39, 9.44e-13, 8.82e-11
2019-10-26, 11:16:43, 1.02e-12, 8.82e-11
2019-10-26, 11:16:47, 9.52e-13, 8.84e-11
2019-10-26, 11:16:51, 8.98e-13, 8.83e-11
2019-10-26, 11:16:56, 9.92e-13, 8.83e-11
2019-10-26, 11:17:00, 9.99e-13, 8.83e-11
2019-10-26, 11:17:04, 9.78e-13, 8.83e-11
2019-10-26, 11:17:08, 9.17e-13, 8.81e-11
2019-10-26, 11:17:13, 9.27e-13, 8.84e-11
2019-10-26, 11:17:17, 9.43e-13, 8.81e-11
2019-10-26, 11:17:21, 9.61e-13, 8.8e-11
2019-10-26, 11:17:25, 9.62e-13, 8.8e-11
2019-10-26, 11:17:29, 1.01e-12, 8.77e-11
2019-10-26, 11:17:34, 9.42e-13, 8.79e-11
2019-10-26, 11:17:38, 1.03e-12, 8.77e-11
2019-10-26, 11:17:42, 9.87e-13, 8.79e-11
2019-10-26, 11:17:46, 9.65e-13, 8.84e-11
2019-10-26, 11:17:51, 9.38e-13, 8.79e-11
2019-10-26, 11:17:55, 9.79e-13, 8.8e-11
2019-10-26, 11:17:59, 9.96e-13, 8.77e-11
2019-10-26, 11:18:03, 9.77e-13, 8.83e-11
2019-10-26, 11:18:07, 9.68e-13, 8.84e-11
2019-10-26, 11:18:12, 9.81e-13, 8.86e-11
2019-10-26, 11:18:16, 9.76e-13, 8.86e-11
2019-10-26, 11:18:20, 9.51e-13, 8.86e-11
2019-10-26, 11:18:24, 8.85e-13, 8.83e-11
2019-10-26, 11:18:29, 9.63e-13, 8.86e-11
2019-10-26, 11:18:33, 8.98e-13, 8.81e-11
2019-10-26, 11:18:37, 9.83e-13, 8.82e-11
2019-10-26, 11:18:41, 1e-12, 8.85e-11
2019-10-26, 11:18:45, 9.97e-13, 8.86e-11
2019-10-26, 11:18:50, 9.77e-13, 8.85e-11
2019-10-26, 11:18:54, 1.04e-12, 8.89e-11
2019-10-26, 11:18:58, 1e-12, 8.83e-11
2019-10-26, 11:19:02, 9.54e-13, 8.87e-11
2019-10-26, 11:19:07, 1.04e-12, 8.88e-11
2019-10-26, 11:19:11, 9.26e-13, 8.82e-11
2019-10-26, 11:19:15, 1.02e-12, 8.86e-11
2019-10-26, 11:19:19, 9.95e-13, 8.86e-11
2019-10-26, 11:19:23, 9.87e-13, 8.86e-11
2019-10-26, 11:19:28, 1.04e-12, 8.89e-11
2019-10-26, 11:19:32, 9.63e-13, 8.86e-11
2019-10-26, 11:19:36, 9.29e-13, 8.88e-11
2019-10-26, 11:19:40, 1.03e-12, 8.85e-11
2019-10-26, 11:19:44, 9.91e-13, 8.86e-11
2019-10-26, 11:19:49, 9.8e-13, 8.89e-11
2019-10-26, 11:19:53, 9.71e-13, 8.82e-11
2019-10-26, 11:19:57, 9.75e-13, 8.84e-11
2019-10-26, 11:20:01, 9.54e-13, 8.8e-11
2019-10-26, 11:20:06, 9.89e-13, 8.84e-11
2019-10-26, 11:20:10, 1.01e-12, 8.86e-11
2019-10-26, 11:20:14, 1.01e-12, 8.79e-11
2019-10-26, 11:20:18, 9.3e-13, 8.85e-11
2019-10-26, 11:20:22, 9.83e-13, 8.89e-11
2019-10-26, 11:20:27, 9.3e-13, 8.85e-11
2019-10-26, 11:20:31, 9.97e-13, 8.84e-11
2019-10-26, 11:20:35, 9.25e-13, 8.81e-11
2019-10-26, 11:20:39, 9.56e-13, 8.89e-11
2019-10-26, 11:20:44, 9.15e-13, 8.86e-11
2019-10-26, 11:20:48, 1.04e-12, 8.79e-11
2019-10-26, 11:20:52, 9.21e-13, 8.85e-11
2019-10-26, 11:20:56, 9.96e-13, 8.88e-11
2019-10-26, 11:21:00, 9.43e-13, 8.85e-11
2019-10-26, 11:21:05, 9.43e-13, 8.89e-11
2019-10-26, 11:21:09, 9.87e-13, 8.84e-11
2019-10-26, 11:21:13, 9.61e-13, 8.83e-11
2019-10-26, 11:21:17, 1.02e-12, 8.86e-11
2019-10-26, 11:21:22, 8.65e-13, 8.86e-11
2019-10-26, 11:21:26, 1.02e-12, 8.88e-11
2019-10-26, 11:21:30, 9.27e-13, 8.85e-11
2019-10-26, 11:21:34, 9.64e-13, 8.86e-11
2019-10-26, 11:21:38, 1.04e-12, 8.85e-11
2019-10-26, 11:21:43, 9.86e-13, 8.87e-11
2019-10-26, 11:21:47, 9.56e-13, 8.87e-11
2019-10-26, 11:21:51, 1.01e-12, 8.84e-11
2019-10-26, 11:21:55, 9.64e-13, 8.87e-11
2019-10-26, 11:22:00, 1.02e-12, 8.89e-11
2019-10-26, 11:22:04, 9.98e-13, 8.85e-11
2019-10-26, 11:22:08, 9.65e-13, 8.85e-11
2019-10-26, 11:22:12, 1.06e-12, 8.88e-11
2019-10-26, 11:22:16, 9.87e-13, 8.87e-11
2019-10-26, 11:22:21, 9.21e-13, 8.88e-11
2019-10-26, 11:22:25, 9.51e-13, 8.86e-11
2019-10-26, 11:22:29, 9.31e-13, 8.84e-11
2019-10-26, 11:22:33, 1.01e-12, 8.85e-11
2019-10-26, 11:22:38, 9.47e-13, 8.91e-11
2019-10-26, 11:22:42, 9.93e-13, 8.87e-11
2019-10-26, 11:22:46, 9.7e-13, 8.85e-11
2019-10-26, 11:22:50, 9.9e-13, 8.86e-11
2019-10-26, 11:22:54, 1.04e-12, 8.85e-11
2019-10-26, 11:22:59, 1.02e-12, 8.88e-11
2019-10-26, 11:23:03, 9.75e-13, 8.85e-11
2019-10-26, 11:23:07, 9.88e-13, 8.88e-11
2019-10-26, 11:23:11, 9.25e-13, 8.87e-11
2019-10-26, 11:23:15, 9.61e-13, 8.87e-11
2019-10-26, 11:23:20, 9.3e-13, 8.85e-11
2019-10-26, 11:23:24, 9.52e-13, 8.86e-11
2019-10-26, 11:23:28, 1.05e-12, 8.89e-11
2019-10-26, 11:23:32, 9.74e-13, 8.87e-11
2019-10-26, 11:23:37, 9.59e-13, 8.87e-11
2019-10-26, 11:23:41, 8.95e-13, 8.86e-11
2019-10-26, 11:23:45, 1.01e-12, 8.81e-11
2019-10-26, 11:23:49, 9.42e-13, 8.86e-11
2019-10-26, 11:23:53, 1.02e-12, 8.87e-11
2019-10-26, 11:23:58, 9.47e-13, 8.86e-11
2019-10-26, 11:24:02, 9.94e-13, 8.87e-11
2019-10-26, 11:24:06, 9.38e-13, 8.87e-11
2019-10-26, 11:24:10, 1.03e-12, 8.86e-11
2019-10-26, 11:24:15, 9.75e-13, 8.86e-11
2019-10-26, 11:24:19, 9.66e-13, 8.85e-11
2019-10-26, 11:24:23, 9.5e-13, 8.81e-11
2019-10-26, 11:24:27, 1.1e-12, 8.88e-11
2019-10-26, 11:24:31, 1.01e-12, 8.86e-11
2019-10-26, 11:24:36, 9.53e-13, 8.88e-11
2019-10-26, 11:24:40, 9.79e-13, 8.81e-11
2019-10-26, 11:24:44, 9.68e-13, 8.85e-11
2019-10-26, 11:24:48, 9.64e-13, 8.84e-11
2019-10-26, 11:24:53, 1.01e-12, 8.87e-11
2019-10-26, 11:24:57, 9.7e-13, 8.86e-11
2019-10-26, 11:25:01, 9.24e-13, 8.84e-11
2019-10-26, 11:25:05, 9.49e-13, 8.88e-11
2019-10-26, 11:25:09, 1.07e-12, 8.8e-11
2019-10-26, 11:25:14, 1e-12, 8.84e-11
2019-10-26, 11:25:18, 9.14e-13, 8.83e-11
2019-10-26, 11:25:22, 1.05e-12, 8.85e-11
2019-10-26, 11:25:26, 9.94e-13, 8.87e-11
2019-10-26, 11:25:31, 1.01e-12, 8.86e-11
2019-10-26, 11:25:35, 9.87e-13, 8.87e-11
2019-10-26, 11:25:39, 9.71e-13, 8.87e-11
2019-10-26, 11:25:43, 9.65e-13, 8.83e-11
2019-10-26, 11:25:47, 9.74e-13, 8.89e-11
2019-10-26, 11:25:52, 1e-12, 8.89e-11
2019-10-26, 11:25:56, 9.27e-13, 8.87e-11
2019-10-26, 11:26:00, 1e-12, 8.84e-11
2019-10-26, 11:26:04, 9.86e-13, 8.87e-11
2019-10-26, 11:26:09, 9.5e-13, 8.87e-11
2019-10-26, 11:26:13, 9.93e-13, 8.9e-11
2019-10-26, 11:26:17, 9.96e-13, 8.82e-11
2019-10-26, 11:26:21, 9.7e-13, 8.88e-11
2019-10-26, 11:26:25, 9.54e-13, 8.85e-11
2019-10-26, 11:26:30, 1.04e-12, 8.86e-11
2019-10-26, 11:26:34, 9.88e-13, 8.85e-11
2019-10-26, 11:26:38, 9.7e-13, 8.86e-11
2019-10-26, 11:26:42, 9.48e-13, 8.87e-11
2019-10-26, 11:26:47, 9.61e-13, 8.84e-11
2019-10-26, 11:26:51, 1e-12, 8.88e-11
2019-10-26, 11:26:55, 9.96e-13, 8.85e-11
2019-10-26, 11:26:59, 9.08e-13, 8.9e-11
2019-10-26, 11:27:03, 9.63e-13, 8.85e-11
2019-10-26, 11:27:08, 9.74e-13, 8.88e-11
2019-10-26, 11:27:12, 9.31e-13, 8.85e-11
2019-10-26, 11:27:16, 1.03e-12, 8.87e-11
2019-10-26, 11:27:20, 9.88e-13, 8.87e-11
2019-10-26, 11:27:24, 1.03e-12, 8.86e-11
2019-10-26, 11:27:29, 9.49e-13, 8.88e-11
2019-10-26, 11:27:33, 8.82e-13, 8.87e-11
2019-10-26, 11:27:37, 9.91e-13, 8.89e-11
2019-10-26, 11:27:41, 9.81e-13, 8.87e-11
2019-10-26, 11:27:46, 8.82e-13, 8.89e-11
2019-10-26, 11:27:50, 9.68e-13, 8.83e-11
2019-10-26, 11:27:54, 9.53e-13, 8.86e-11
2019-10-26, 11:27:58, 8.07e-13, 8.86e-11
2019-10-26, 11:28:02, 1.03e-12, 8.84e-11
2019-10-26, 11:28:07, 8.42e-13, 8.82e-11
2019-10-26, 11:28:11, 1.07e-12, 8.85e-11
2019-10-26, 11:28:15, 9.7e-13, 8.9e-11
2019-10-26, 11:28:19, 9.51e-13, 8.88e-11
2019-10-26, 11:28:24, 9.53e-13, 8.87e-11
2019-10-26, 11:28:28, 1.02e-12, 8.82e-11
2019-10-26, 11:28:32, 1e-12, 8.85e-11
2019-10-26, 11:28:36, 9.58e-13, 8.86e-11
2019-10-26, 11:28:40, 1.08e-12, 8.88e-11
2019-10-26, 11:28:45, 9.5e-13, 8.88e-11
2019-10-26, 11:28:49, 9.82e-13, 8.86e-11
2019-10-26, 11:28:53, 9.49e-13, 8.87e-11
2019-10-26, 11:28:57, 9.71e-13, 8.85e-11
2019-10-26, 11:29:02, 9.71e-13, 8.84e-11
2019-10-26, 11:29:06, 9.68e-13, 8.9e-11
2019-10-26, 11:29:10, 1.02e-12, 8.84e-11
2019-10-26, 11:29:14, 9.58e-13, 8.79e-11
2019-10-26, 11:29:18, 9.38e-13, 8.83e-11
2019-10-26, 11:29:23, 9.91e-13, 8.86e-11
2019-10-26, 11:29:27, 9.73e-13, 8.83e-11
2019-10-26, 11:29:31, 9.57e-13, 8.87e-11
2019-10-26, 11:29:35, 9.65e-13, 8.88e-11
2019-10-26, 11:29:40, 9.59e-13, 8.91e-11
2019-10-26, 11:29:44, 9.55e-13, 8.91e-11
2019-10-26, 11:29:48, 8.69e-13, 8.84e-11
2019-10-26, 11:29:52, 1.01e-12, 8.84e-11
2019-10-26, 11:29:56, 9.82e-13, 8.88e-11
2019-10-26, 11:30:01, 1.02e-12, 8.86e-11
2019-10-26, 11:30:05, 9.66e-13, 8.86e-11
2019-10-26, 11:30:09, 1.03e-12, 8.88e-11
2019-10-26, 11:30:13, 9.91e-13, 8.86e-11
2019-10-26, 11:30:18, 9.81e-13, 8.84e-11
2019-10-26, 11:30:22, 9.46e-13, 8.84e-11
2019-10-26, 11:30:26, 9.84e-13, 8.87e-11
2019-10-26, 11:30:30, 9.32e-13, 8.87e-11
2019-10-26, 11:30:34, 9.69e-13, 8.86e-11
2019-10-26, 11:30:39, 1.01e-12, 8.85e-11
2019-10-26, 11:30:43, 9.79e-13, 8.86e-11
2019-10-26, 11:30:47, 1.02e-12, 8.87e-11
2019-10-26, 11:30:51, 9.17e-13, 8.87e-11
2019-10-26, 11:30:56, 9.58e-13, 8.83e-11
2019-10-26, 11:31:00, 9.88e-13, 8.89e-11
2019-10-26, 11:31:04, 9.93e-13, 8.83e-11
2019-10-26, 11:31:08, 9.9e-13, 8.85e-11
2019-10-26, 11:31:12, 9.81e-13, 8.86e-11
2019-10-26, 11:31:17, 9.57e-13, 8.87e-11
2019-10-26, 11:31:21, 9.75e-13, 8.88e-11
2019-10-26, 11:31:25, 9.3e-13, 8.86e-11
2019-10-26, 11:31:29, 9.33e-13, 8.85e-11
2019-10-26, 11:31:33, 1.05e-12, 8.9e-11
2019-10-26, 11:31:38, 1.03e-12, 8.87e-11
2019-10-26, 11:31:42, 9.39e-13, 8.88e-11
2019-10-26, 11:31:46, 9.8e-13, 8.88e-11
2019-10-26, 11:31:50, 9.81e-13, 8.88e-11
2019-10-26, 11:31:55, 1e-12, 8.89e-11
2019-10-26, 11:31:59, 1.03e-12, 8.84e-11
2019-10-26, 11:32:03, 1.02e-12, 8.86e-11
2019-10-26, 11:32:07, 9.92e-13, 8.88e-11
2019-10-26, 11:32:11, 9.83e-13, 8.87e-11
2019-10-26, 11:32:16, 9.51e-13, 8.89e-11
2019-10-26, 11:32:20, 9.68e-13, 8.85e-11
2019-10-26, 11:32:24, 1.14e-12, 8.86e-11
2019-10-26, 11:32:28, 8.03e-13, 8.86e-11
2019-10-26, 11:32:33, 9.31e-13, 8.85e-11
2019-10-26, 11:32:37, 9.98e-13, 8.89e-11
2019-10-26, 11:32:41, 9.79e-13, 8.86e-11
2019-10-26, 11:32:45, 9.84e-13, 8.85e-11
2019-10-26, 11:32:49, 9.38e-13, 8.9e-11
2019-10-26, 11:32:54, 1.02e-12, 8.86e-11
2019-10-26, 11:32:58, 9.47e-13, 8.86e-11
2019-10-26, 11:33:02, 1.02e-12, 8.83e-11
2019-10-26, 11:33:06, 1.05e-12, 8.86e-11
2019-10-26, 11:33:11, 1.01e-12, 8.9e-11
2019-10-26, 11:33:15, 1e-12, 8.86e-11
2019-10-26, 11:33:19, 1.02e-12, 8.89e-11
2019-10-26, 11:33:23, 9.59e-13, 8.89e-11
2019-10-26, 11:33:27, 8.59e-13, 8.87e-11
2019-10-26, 11:33:32, 9.68e-13, 8.88e-11
2019-10-26, 11:33:36, 9.75e-13, 8.85e-11
2019-10-26, 11:33:40, 9.75e-13, 8.86e-11
2019-10-26, 11:33:44, 1e-12, 8.87e-11
2019-10-26, 11:33:49, 9.45e-13, 8.87e-11
2019-10-26, 11:33:53, 9.93e-13, 8.88e-11
2019-10-26, 11:33:57, 9.74e-13, 8.87e-11
2019-10-26, 11:34:01, 9.83e-13, 8.91e-11
2019-10-26, 11:34:05, 1.16e-12, 8.89e-11
2019-10-26, 11:34:10, 9.83e-13, 8.88e-11
2019-10-26, 11:34:14, 1e-12, 8.86e-11
2019-10-26, 11:34:18, 8.16e-13, 8.88e-11
2019-10-26, 11:34:22, 9.17e-13, 8.94e-11
2019-10-26, 11:34:27, 9.41e-13, 8.87e-11
2019-10-26, 11:34:31, 9.14e-13, 8.87e-11
2019-10-26, 11:34:35, 9.3e-13, 8.87e-11
2019-10-26, 11:34:39, 1.04e-12, 8.89e-11
2019-10-26, 11:34:43, 9.94e-13, 8.89e-11
2019-10-26, 11:34:48, 9.05e-13, 8.89e-11
2019-10-26, 11:34:52, 9.13e-13, 8.87e-11
2019-10-26, 11:34:56, 1.01e-12, 8.96e-11
2019-10-26, 11:35:00, 1.02e-12, 8.92e-11
2019-10-26, 11:35:05, 8.89e-13, 8.87e-11
2019-10-26, 11:35:09, 9.96e-13, 8.86e-11
2019-10-26, 11:35:13, 9.63e-13, 8.87e-11
2019-10-26, 11:35:17, 9.4e-13, 8.86e-11
2019-10-26, 11:35:21, 9.35e-13, 8.8e-11
2019-10-26, 11:35:26, 9.58e-13, 8.84e-11
2019-10-26, 11:35:30, 1.01e-12, 8.89e-11
2019-10-26, 11:35:34, 8.89e-13, 8.86e-11
2019-10-26, 11:35:38, 9.75e-13, 8.89e-11
2019-10-26, 11:35:42, 1.01e-12, 8.84e-11
2019-10-26, 11:35:47, 9.52e-13, 8.84e-11
2019-10-26, 11:35:51, 1.04e-12, 8.89e-11
2019-10-26, 11:35:55, 9.75e-13, 8.83e-11
2019-10-26, 11:35:59, 9.54e-13, 8.89e-11
2019-10-26, 11:36:04, 9.61e-13, 8.9e-11
2019-10-26, 11:36:08, 9.66e-13, 8.88e-11
2019-10-26, 11:36:12, 9.31e-13, 8.85e-11
2019-10-26, 11:36:16, 1.02e-12, 8.87e-11
2019-10-26, 11:36:20, 9.34e-13, 8.89e-11
2019-10-26, 11:36:25, 1.01e-12, 8.9e-11
2019-10-26, 11:36:29, 9.83e-13, 8.87e-11
2019-10-26, 11:36:33, 9.46e-13, 8.87e-11
2019-10-26, 11:36:37, 9.57e-13, 8.85e-11
2019-10-26, 11:36:42, 9.2e-13, 8.89e-11
2019-10-26, 11:36:46, 1.03e-12, 8.9e-11
2019-10-26, 11:36:50, 9.99e-13, 8.89e-11
2019-10-26, 11:36:54, 9.94e-13, 8.85e-11
2019-10-26, 11:36:58, 9.49e-13, 8.89e-11
2019-10-26, 11:37:03, 9.88e-13, 8.89e-11
2019-10-26, 11:37:07, 9.2e-13, 8.89e-11
2019-10-26, 11:37:11, 9.4e-13, 8.86e-11
2019-10-26, 11:37:15, 9.49e-13, 8.88e-11
2019-10-26, 11:37:20, 1.04e-12, 8.92e-11
2019-10-26, 11:37:24, 9.64e-13, 8.84e-11
2019-10-26, 11:37:28, 1.05e-12, 8.85e-11
2019-10-26, 11:37:32, 9.6e-13, 8.9e-11
2019-10-26, 11:37:36, 1.1e-12, 8.91e-11
2019-10-26, 11:37:41, 9.89e-13, 8.84e-11
2019-10-26, 11:37:45, 9.52e-13, 8.87e-11
2019-10-26, 11:37:49, 9.73e-13, 8.91e-11
2019-10-26, 11:37:53, 1.08e-12, 8.91e-11
2019-10-26, 11:37:58, 9.67e-13, 8.91e-11
2019-10-26, 11:38:02, 9.48e-13, 8.89e-11
2019-10-26, 11:38:06, 9.89e-13, 8.85e-11
2019-10-26, 11:38:10, 9.32e-13, 8.91e-11
2019-10-26, 11:38:14, 1.06e-12, 8.88e-11
2019-10-26, 11:38:19, 9.27e-13, 8.87e-11
2019-10-26, 11:38:23, 9.39e-13, 8.88e-11
2019-10-26, 11:38:27, 1.05e-12, 8.87e-11
2019-10-26, 11:38:31, 1.02e-12, 8.86e-11
2019-10-26, 11:38:36, 1.02e-12, 8.9e-11
2019-10-26, 11:38:40, 9.47e-13, 8.91e-11
2019-10-26, 11:38:44, 9.72e-13, 8.89e-11
2019-10-26, 11:38:48, 9.9e-13, 8.86e-11
2019-10-26, 11:38:52, 9.19e-13, 8.88e-11
2019-10-26, 11:38:57, 9.46e-13, 8.84e-11
2019-10-26, 11:39:01, 1.11e-12, 8.9e-11
2019-10-26, 11:39:05, 9.69e-13, 8.87e-11
2019-10-26, 11:39:09, 9.87e-13, 8.9e-11
2019-10-26, 11:39:14, 9.47e-13, 8.89e-11
2019-10-26, 11:39:18, 9.67e-13, 8.88e-11
2019-10-26, 11:39:22, 9.78e-13, 8.91e-11
2019-10-26, 11:39:26, 9.45e-13, 8.88e-11
2019-10-26, 11:39:30, 9.21e-13, 8.87e-11
2019-10-26, 11:39:35, 9.84e-13, 8.93e-11
2019-10-26, 11:39:39, 9.27e-13, 8.89e-11
2019-10-26, 11:39:43, 9.1e-13, 8.85e-11
2019-10-26, 11:39:47, 9.32e-13, 8.88e-11
2019-10-26, 11:39:51, 9.95e-13, 8.87e-11
2019-10-26, 11:39:56, 9.54e-13, 8.87e-11
2019-10-26, 11:40:00, 9.83e-13, 8.9e-11
2019-10-26, 11:40:04, 1.02e-12, 8.85e-11
2019-10-26, 11:40:08, 1e-12, 8.9e-11
2019-10-26, 11:40:13, 9.45e-13, 8.88e-11
2019-10-26, 11:40:17, 9.7e-13, 8.86e-11
2019-10-26, 11:40:21, 9.68e-13, 8.91e-11
2019-10-26, 11:40:25, 1.01e-12, 8.88e-11
2019-10-26, 11:40:29, 9.6e-13, 8.89e-11
2019-10-26, 11:40:34, 1.14e-12, 8.85e-11
2019-10-26, 11:40:38, 1e-12, 8.86e-11
2019-10-26, 11:40:42, 9.51e-13, 8.88e-11
2019-10-26, 11:40:46, 9.95e-13, 8.86e-11
2019-10-26, 11:40:51, 9.03e-13, 8.89e-11
2019-10-26, 11:40:55, 9.65e-13, 8.88e-11
2019-10-26, 11:40:59, 9.35e-13, 8.89e-11
2019-10-26, 11:41:03, 1.02e-12, 8.89e-11
2019-10-26, 11:41:07, 1e-12, 8.84e-11
2019-10-26, 11:41:12, 1.08e-12, 8.93e-11
2019-10-26, 11:41:16, 9.52e-13, 8.94e-11
2019-10-26, 11:41:20, 9.75e-13, 8.88e-11
2019-10-26, 11:41:24, 9.9e-13, 8.88e-11
2019-10-26, 11:41:29, 8.75e-13, 8.87e-11
2019-10-26, 11:41:33, 9.71e-13, 8.87e-11
2019-10-26, 11:41:37, 9.54e-13, 8.9e-11
2019-10-26, 11:41:41, 9.55e-13, 8.94e-11
2019-10-26, 11:41:45, 1.02e-12, 8.9e-11
2019-10-26, 11:41:50, 9.07e-13, 8.87e-11
2019-10-26, 11:41:54, 9.02e-13, 8.88e-11
2019-10-26, 11:41:58, 9.31e-13, 8.89e-11
2019-10-26, 11:42:02, 9.93e-13, 8.89e-11
2019-10-26, 11:42:07, 9.24e-13, 8.9e-11
2019-10-26, 11:42:11, 1.06e-12, 8.88e-11
2019-10-26, 11:42:15, 9.34e-13, 8.91e-11
2019-10-26, 11:42:19, 1.01e-12, 8.91e-11
2019-10-26, 11:42:23, 9.94e-13, 8.88e-11
2019-10-26, 11:42:28, 9.8e-13, 8.86e-11
2019-10-26, 11:42:32, 1.01e-12, 8.89e-11
2019-10-26, 11:42:36, 9.83e-13, 8.89e-11
2019-10-26, 11:42:40, 9.06e-13, 8.92e-11
2019-10-26, 11:42:45, 9.21e-13, 8.89e-11
2019-10-26, 11:42:49, 9.02e-13, 8.92e-11
2019-10-26, 11:42:53, 1.02e-12, 8.94e-11
2019-10-26, 11:42:57, 9.45e-13, 8.83e-11
2019-10-26, 11:43:01, 1.02e-12, 8.87e-11
2019-10-26, 11:43:06, 9.43e-13, 8.87e-11
2019-10-26, 11:43:10, 9.88e-13, 8.86e-11
2019-10-26, 11:43:14, 8.88e-13, 8.88e-11
2019-10-26, 11:43:18, 9.4e-13, 8.89e-11
2019-10-26, 11:43:23, 9.73e-13, 8.87e-11
2019-10-26, 11:43:27, 9.73e-13, 8.88e-11
2019-10-26, 11:43:31, 9.44e-13, 8.91e-11
2019-10-26, 11:43:35, 9.74e-13, 8.86e-11
2019-10-26, 11:43:39, 9.91e-13, 8.86e-11
2019-10-26, 11:43:44, 9.5e-13, 8.88e-11
2019-10-26, 11:43:48, 9.21e-13, 8.89e-11
2019-10-26, 11:43:52, 9.99e-13, 8.84e-11
2019-10-26, 11:43:56, 9.66e-13, 8.9e-11
2019-10-26, 11:44:00, 1.04e-12, 8.88e-11
2019-10-26, 11:44:05, 9.07e-13, 8.88e-11
2019-10-26, 11:44:09, 9.82e-13, 8.87e-11
2019-10-26, 11:44:13, 9.81e-13, 8.86e-11
2019-10-26, 11:44:17, 8.96e-13, 8.89e-11
2019-10-26, 11:44:22, 9.12e-13, 8.87e-11
2019-10-26, 11:44:26, 1.06e-12, 8.89e-11
2019-10-26, 11:44:30, 9.44e-13, 8.84e-11
2019-10-26, 11:44:34, 9.83e-13, 8.9e-11
2019-10-26, 11:44:38, 1.03e-12, 8.88e-11
2019-10-26, 11:44:43, 9.59e-13, 8.89e-11
2019-10-26, 11:44:47, 8.85e-13, 8.85e-11
2019-10-26, 11:44:51, 9.79e-13, 8.85e-11
2019-10-26, 11:44:55, 9.96e-13, 8.89e-11
2019-10-26, 11:45:00, 1.02e-12, 8.9e-11
2019-10-26, 11:45:04, 1.02e-12, 8.89e-11
2019-10-26, 11:45:08, 9.51e-13, 8.84e-11
2019-10-26, 11:45:12, 9.94e-13, 8.84e-11
2019-10-26, 11:45:16, 9.61e-13, 8.9e-11
2019-10-26, 11:45:21, 9.28e-13, 8.9e-11
2019-10-26, 11:45:25, 9.82e-13, 8.89e-11
2019-10-26, 11:45:29, 1.04e-12, 8.84e-11
2019-10-26, 11:45:33, 9.65e-13, 8.85e-11
2019-10-26, 11:45:38, 9.82e-13, 8.88e-11
2019-10-26, 11:45:42, 1e-12, 8.85e-11
2019-10-26, 11:45:46, 9.31e-13, 8.91e-11
2019-10-26, 11:45:50, 9.69e-13, 8.88e-11
2019-10-26, 11:45:54, 9.77e-13, 8.87e-11
2019-10-26, 11:45:59, 9.65e-13, 8.87e-11
2019-10-26, 11:46:03, 1.01e-12, 8.88e-11
2019-10-26, 11:46:07, 9.56e-13, 8.86e-11
2019-10-26, 11:46:11, 1.02e-12, 8.88e-11
2019-10-26, 11:46:16, 9.94e-13, 8.89e-11
2019-10-26, 11:46:20, 1e-12, 8.88e-11
2019-10-26, 11:46:24, 9.81e-13, 8.85e-11
2019-10-26, 11:46:28, 1.01e-12, 8.89e-11
2019-10-26, 11:46:32, 9.69e-13, 8.87e-11
2019-10-26, 11:46:37, 1.02e-12, 8.87e-11
2019-10-26, 11:46:41, 1.03e-12, 8.86e-11
2019-10-26, 11:46:45, 9.31e-13, 8.87e-11
2019-10-26, 11:46:49, 9.83e-13, 8.87e-11
2019-10-26, 11:46:54, 9.57e-13, 8.88e-11
2019-10-26, 11:46:58, 1.02e-12, 8.83e-11
2019-10-26, 11:47:02, 9.59e-13, 8.84e-11
2019-10-26, 11:47:06, 9.92e-13, 8.84e-11
2019-10-26, 11:47:10, 1e-12, 8.89e-11
2019-10-26, 11:47:15, 9.71e-13, 8.91e-11
2019-10-26, 11:47:19, 9.8e-13, 8.86e-11
2019-10-26, 11:47:23, 9.51e-13, 8.87e-11
2019-10-26, 11:47:27, 9.22e-13, 8.87e-11
2019-10-26, 11:47:31, 9.84e-13, 8.91e-11
2019-10-26, 11:47:36, 9.77e-13, 8.9e-11
2019-10-26, 11:47:40, 1.03e-12, 8.89e-11
2019-10-26, 11:47:44, 9.85e-13, 8.84e-11
2019-10-26, 11:47:48, 9.98e-13, 8.92e-11
2019-10-26, 11:47:53, 9.67e-13, 8.84e-11
2019-10-26, 11:47:57, 9.69e-13, 8.86e-11
2019-10-26, 11:48:01, 9.38e-13, 8.87e-11
2019-10-26, 11:48:05, 1.01e-12, 8.87e-11
2019-10-26, 11:48:09, 9.56e-13, 8.88e-11
2019-10-26, 11:48:14, 9.22e-13, 8.85e-11
2019-10-26, 11:48:18, 9.84e-13, 8.87e-11
2019-10-26, 11:48:22, 9.88e-13, 8.88e-11
2019-10-26, 11:48:26, 8.67e-13, 8.89e-11
2019-10-26, 11:48:31, 1.01e-12, 8.87e-11
2019-10-26, 11:48:35, 9.6e-13, 8.85e-11
2019-10-26, 11:48:39, 1.01e-12, 8.9e-11
2019-10-26, 11:48:43, 9.36e-13, 8.86e-11
2019-10-26, 11:48:47, 1.07e-12, 8.93e-11
2019-10-26, 11:48:52, 1.02e-12, 8.83e-11
2019-10-26, 11:48:56, 9.37e-13, 8.9e-11
2019-10-26, 11:49:00, 1.05e-12, 8.86e-11
2019-10-26, 11:49:04, 9.77e-13, 8.87e-11
2019-10-26, 11:49:09, 9.46e-13, 8.91e-11
2019-10-26, 11:49:13, 9.5e-13, 8.9e-11
2019-10-26, 11:49:17, 9.94e-13, 8.87e-11
2019-10-26, 11:49:21, 9.97e-13, 8.91e-11
2019-10-26, 11:49:25, 9.52e-13, 8.87e-11
2019-10-26, 11:49:30, 1.03e-12, 8.89e-11
2019-10-26, 11:49:34, 9.31e-13, 8.89e-11
2019-10-26, 11:49:38, 9.53e-13, 8.9e-11
2019-10-26, 11:49:42, 1.16e-12, 8.82e-11
2019-10-26, 11:49:47, 9.67e-13, 8.84e-11
2019-10-26, 11:49:51, 9.95e-13, 8.85e-11
2019-10-26, 11:49:55, 1.01e-12, 8.98e-11
2019-10-26, 11:49:59, 9.95e-13, 8.88e-11
2019-10-26, 11:50:03, 9.05e-13, 8.84e-11
2019-10-26, 11:50:08, 9.69e-13, 8.89e-11
2019-10-26, 11:50:12, 9.95e-13, 8.85e-11
2019-10-26, 11:50:16, 9.71e-13, 8.86e-11
2019-10-26, 11:50:20, 9.33e-13, 8.88e-11
2019-10-26, 11:50:25, 9.76e-13, 8.86e-11
2019-10-26, 11:50:29, 9.51e-13, 8.88e-11
2019-10-26, 11:50:33, 9.67e-13, 8.88e-11
2019-10-26, 11:50:37, 1.03e-12, 8.87e-11
2019-10-26, 11:50:41, 9.8e-13, 8.87e-11
2019-10-26, 11:50:46, 1.07e-12, 8.88e-11
2019-10-26, 11:50:50, 9.13e-13, 8.87e-11
2019-10-26, 11:50:54, 9.47e-13, 8.85e-11
2019-10-26, 11:50:58, 9.49e-13, 8.88e-11
2019-10-26, 11:51:03, 1.04e-12, 8.87e-11
2019-10-26, 11:51:07, 9.59e-13, 8.88e-11
2019-10-26, 11:51:11, 8.87e-13, 8.86e-11
2019-10-26, 11:51:15, 1.02e-12, 8.83e-11
2019-10-26, 11:51:19, 9.7e-13, 8.85e-11
2019-10-26, 11:51:24, 9.45e-13, 8.84e-11
2019-10-26, 11:51:28, 9.84e-13, 8.92e-11
2019-10-26, 11:51:32, 9.28e-13, 8.85e-11
2019-10-26, 11:51:36, 9.26e-13, 8.91e-11
2019-10-26, 11:51:40, 9.56e-13, 8.89e-11
2019-10-26, 11:51:45, 9.59e-13, 8.89e-11
2019-10-26, 11:51:49, 1e-12, 8.87e-11
2019-10-26, 11:51:53, 9.76e-13, 8.84e-11
2019-10-26, 11:51:57, 9.9e-13, 8.86e-11
2019-10-26, 11:52:02, 1.01e-12, 8.84e-11
2019-10-26, 11:52:06, 9.22e-13, 8.86e-11
2019-10-26, 11:52:10, 1.01e-12, 8.89e-11
2019-10-26, 11:52:14, 9.57e-13, 8.88e-11
2019-10-26, 11:52:18, 1.05e-12, 8.9e-11
2019-10-26, 11:52:23, 9.77e-13, 8.88e-11
2019-10-26, 11:52:27, 9.45e-13, 8.84e-11
2019-10-26, 11:52:31, 1.12e-12, 8.84e-11
2019-10-26, 11:52:35, 1.1e-12, 8.86e-11
2019-10-26, 11:52:40, 1.04e-12, 8.87e-11
2019-10-26, 11:52:44, 9.44e-13, 8.88e-11
2019-10-26, 11:52:48, 9.3e-13, 8.86e-11
2019-10-26, 11:52:52, 9.44e-13, 8.81e-11
2019-10-26, 11:52:56, 9.41e-13, 8.83e-11
2019-10-26, 11:53:01, 1.12e-12, 8.84e-11
2019-10-26, 11:53:05, 9.35e-13, 8.86e-11
2019-10-26, 11:53:09, 9.05e-13, 8.87e-11
2019-10-26, 11:53:13, 9.58e-13, 8.82e-11
2019-10-26, 11:53:18, 1.03e-12, 8.89e-11
2019-10-26, 11:53:22, 9.46e-13, 8.88e-11
2019-10-26, 11:53:26, 1.07e-12, 8.85e-11
2019-10-26, 11:53:30, 9.99e-13, 8.82e-11
2019-10-26, 11:53:34, 9.74e-13, 8.88e-11
2019-10-26, 11:53:39, 9.83e-13, 8.86e-11
2019-10-26, 11:53:43, 9.52e-13, 8.87e-11
2019-10-26, 11:53:47, 9.29e-13, 8.87e-11
2019-10-26, 11:53:51, 9.85e-13, 8.9e-11
2019-10-26, 11:53:56, 9.36e-13, 8.86e-11
2019-10-26, 11:54:00, 9.53e-13, 8.86e-11
2019-10-26, 11:54:04, 1.01e-12, 8.81e-11
2019-10-26, 11:54:08, 9.78e-13, 8.87e-11
2019-10-26, 11:54:12, 9.91e-13, 8.87e-11
2019-10-26, 11:54:17, 9.96e-13, 8.84e-11
2019-10-26, 11:54:21, 1.05e-12, 8.87e-11
2019-10-26, 11:54:25, 9.26e-13, 8.86e-11
2019-10-26, 11:54:29, 8.35e-13, 8.88e-11
2019-10-26, 11:54:34, 9.55e-13, 8.86e-11
2019-10-26, 11:54:38, 1.03e-12, 8.89e-11
2019-10-26, 11:54:42, 9.78e-13, 8.84e-11
2019-10-26, 11:54:46, 1e-12, 8.9e-11
2019-10-26, 11:54:50, 9.81e-13, 8.89e-11
2019-10-26, 11:54:55, 1.01e-12, 8.86e-11
2019-10-26, 11:54:59, 9.17e-13, 8.87e-11
2019-10-26, 11:55:03, 1e-12, 8.84e-11
2019-10-26, 11:55:07, 9.61e-13, 8.83e-11
2019-10-26, 11:55:11, 9.47e-13, 8.87e-11
2019-10-26, 11:55:16, 8.97e-13, 8.87e-11
2019-10-26, 11:55:20, 9.76e-13, 8.88e-11
2019-10-26, 11:55:24, 9.38e-13, 8.87e-11
2019-10-26, 11:55:28, 9.63e-13, 8.86e-11
2019-10-26, 11:55:33, 9.77e-13, 8.86e-11
2019-10-26, 11:55:37, 9.67e-13, 8.83e-11
2019-10-26, 11:55:41, 9.56e-13, 8.89e-11
2019-10-26, 11:55:45, 9.85e-13, 8.89e-11
2019-10-26, 11:55:49, 9.83e-13, 8.88e-11
2019-10-26, 11:55:54, 1.04e-12, 8.86e-11
2019-10-26, 11:55:58, 9.25e-13, 8.86e-11
2019-10-26, 11:56:02, 8.67e-13, 8.88e-11
2019-10-26, 11:56:06, 9.33e-13, 8.87e-11
2019-10-26, 11:56:11, 1.09e-12, 8.86e-11
2019-10-26, 11:56:15, 9.88e-13, 8.84e-11
2019-10-26, 11:56:19, 9.68e-13, 8.86e-11
2019-10-26, 11:56:23, 9.6e-13, 8.85e-11
2019-10-26, 11:56:27, 8.24e-13, 8.86e-11
2019-10-26, 11:56:32, 9.81e-13, 8.84e-11
2019-10-26, 11:56:36, 9.36e-13, 8.84e-11
2019-10-26, 11:56:40, 1.04e-12, 8.9e-11
2019-10-26, 11:56:44, 9.82e-13, 8.82e-11
2019-10-26, 11:56:49, 9.59e-13, 8.85e-11
2019-10-26, 11:56:53, 9.85e-13, 8.84e-11
2019-10-26, 11:56:57, 1.08e-12, 8.89e-11
2019-10-26, 11:57:01, 1.02e-12, 8.85e-11
2019-10-26, 11:57:05, 9.73e-13, 8.9e-11
2019-10-26, 11:57:10, 1.01e-12, 8.83e-11
2019-10-26, 11:57:14, 9.96e-13, 8.85e-11
2019-10-26, 11:57:18, 1e-12, 8.86e-11
2019-10-26, 11:57:22, 8.56e-13, 8.88e-11
2019-10-26, 11:57:27, 9.75e-13, 8.86e-11
2019-10-26, 11:57:31, 8.85e-13, 8.88e-11
2019-10-26, 11:57:35, 9.95e-13, 8.85e-11
2019-10-26, 11:57:39, 9.68e-13, 8.86e-11
2019-10-26, 11:57:43, 9.7e-13, 8.89e-11
2019-10-26, 11:57:48, 9.11e-13, 8.89e-11
2019-10-26, 11:57:52, 9.75e-13, 8.87e-11
2019-10-26, 11:57:56, 9.37e-13, 8.84e-11
2019-10-26, 11:58:00, 1.03e-12, 8.88e-11
2019-10-26, 11:58:05, 1e-12, 8.89e-11
2019-10-26, 11:58:09, 1.04e-12, 8.85e-11
2019-10-26, 11:58:13, 9.89e-13, 8.89e-11
2019-10-26, 11:58:17, 9.91e-13, 8.87e-11
2019-10-26, 11:58:21, 9.69e-13, 8.87e-11
2019-10-26, 11:58:26, 9.9e-13, 8.88e-11
2019-10-26, 11:58:30, 9.77e-13, 8.88e-11
2019-10-26, 11:58:34, 9.82e-13, 8.81e-11
2019-10-26, 11:58:38, 1.03e-12, 8.88e-11
2019-10-26, 11:58:42, 1.09e-12, 8.84e-11
2019-10-26, 11:58:47, 1.05e-12, 8.89e-11
2019-10-26, 11:58:51, 9.78e-13, 8.9e-11
2019-10-26, 11:58:55, 8.89e-13, 8.84e-11
2019-10-26, 11:58:59, 1.02e-12, 8.88e-11
2019-10-26, 11:59:04, 9.5e-13, 8.86e-11
2019-10-26, 11:59:08, 9.53e-13, 8.87e-11
2019-10-26, 11:59:12, 9.72e-13, 8.86e-11
2019-10-26, 11:59:16, 9.55e-13, 8.87e-11
2019-10-26, 11:59:20, 1.01e-12, 8.88e-11
2019-10-26, 11:59:25, 9.51e-13, 8.88e-11
2019-10-26, 11:59:29, 9.84e-13, 8.86e-11
2019-10-26, 11:59:33, 9.85e-13, 8.85e-11
2019-10-26, 11:59:37, 9.31e-13, 8.88e-11
2019-10-26, 11:59:42, 9.7e-13, 8.89e-11
2019-10-26, 11:59:46, 9.39e-13, 8.92e-11
2019-10-26, 11:59:50, 9.95e-13, 8.92e-11
2019-10-26, 11:59:54, 1.01e-12, 8.86e-11
2019-10-26, 11:59:58, 9.53e-13, 8.89e-11
2019-10-26, 12:00:03, 9.48e-13, 8.85e-11
2019-10-26, 12:00:07, 9.93e-13, 8.87e-11
2019-10-26, 12:00:11, 9.89e-13, 8.88e-11
2019-10-26, 12:00:15, 1.02e-12, 8.82e-11
2019-10-26, 12:00:20, 9.69e-13, 8.91e-11
2019-10-26, 12:00:24, 9.21e-13, 8.88e-11
2019-10-26, 12:00:28, 9.23e-13, 8.84e-11
2019-10-26, 12:00:32, 9.44e-13, 8.88e-11
2019-10-26, 12:00:36, 9.62e-13, 8.89e-11
2019-10-26, 12:00:41, 9.72e-13, 8.85e-11
2019-10-26, 12:00:45, 1.06e-12, 8.89e-11
2019-10-26, 12:00:49, 9.51e-13, 8.89e-11
2019-10-26, 12:00:53, 1.02e-12, 8.88e-11
2019-10-26, 12:00:58, 1.08e-12, 8.84e-11
2019-10-26, 12:01:02, 9.38e-13, 8.9e-11
2019-10-26, 12:01:06, 1.03e-12, 8.85e-11
2019-10-26, 12:01:10, 9.86e-13, 8.89e-11
2019-10-26, 12:01:14, 1e-12, 8.87e-11
2019-10-26, 12:01:19, 9.18e-13, 8.87e-11
2019-10-26, 12:01:23, 9.86e-13, 8.89e-11
2019-10-26, 12:01:27, 1.02e-12, 8.85e-11
2019-10-26, 12:01:31, 9.85e-13, 8.86e-11
2019-10-26, 12:01:36, 9.64e-13, 8.85e-11
2019-10-26, 12:01:40, 1.07e-12, 8.87e-11
2019-10-26, 12:01:44, 9.75e-13, 8.88e-11
2019-10-26, 12:01:48, 9.6e-13, 8.87e-11
2019-10-26, 12:01:52, 9.76e-13, 8.87e-11
2019-10-26, 12:01:57, 9.64e-13, 8.88e-11
2019-10-26, 12:02:01, 9.14e-13, 8.89e-11
2019-10-26, 12:02:05, 1.03e-12, 8.86e-11
2019-10-26, 12:02:09, 9.34e-13, 8.84e-11
2019-10-26, 12:02:13, 9.45e-13, 8.83e-11
2019-10-26, 12:02:18, 9.94e-13, 8.82e-11
2019-10-26, 12:02:22, 1.01e-12, 8.84e-11
2019-10-26, 12:02:26, 9.4e-13, 8.83e-11
2019-10-26, 12:02:30, 9.55e-13, 8.84e-11
2019-10-26, 12:02:35, 9.46e-13, 8.88e-11
2019-10-26, 12:02:39, 1.02e-12, 8.86e-11
2019-10-26, 12:02:43, 9.84e-13, 8.9e-11
2019-10-26, 12:02:47, 9.56e-13, 8.9e-11
2019-10-26, 12:02:51, 1e-12, 8.9e-11
2019-10-26, 12:02:56, 9.69e-13, 8.89e-11
2019-10-26, 12:03:00, 9.89e-13, 8.85e-11
2019-10-26, 12:03:04, 1.17e-12, 8.88e-11
2019-10-26, 12:03:08, 1.03e-12, 8.88e-11
2019-10-26, 12:03:13, 9.54e-13, 8.83e-11
2019-10-26, 12:03:17, 9.99e-13, 8.77e-11
2019-10-26, 12:03:21, 1.02e-12, 8.81e-11
2019-10-26, 12:03:25, 1.02e-12, 8.81e-11
2019-10-26, 12:03:29, 1.02e-12, 8.8e-11
2019-10-26, 12:03:34, 9.6e-13, 8.8e-11
2019-10-26, 12:03:38, 8.98e-13, 8.8e-11
2019-10-26, 12:03:42, 9.66e-13, 8.79e-11
2019-10-26, 12:03:46, 8.88e-13, 8.78e-11
2019-10-26, 12:03:51, 9.4e-13, 8.8e-11
2019-10-26, 12:03:55, 9.83e-13, 8.82e-11
2019-10-26, 12:03:59, 9.84e-13, 8.8e-11
2019-10-26, 12:04:03, 8.71e-13, 8.9e-11
2019-10-26, 12:04:07, 9.5e-13, 8.89e-11
2019-10-26, 12:04:12, 9.81e-13, 8.88e-11
2019-10-26, 12:04:16, 9.41e-13, 8.89e-11
2019-10-26, 12:04:20, 9.99e-13, 8.85e-11
2019-10-26, 12:04:24, 1.02e-12, 8.87e-11
2019-10-26, 12:04:29, 9.91e-13, 8.87e-11
2019-10-26, 12:04:33, 9.27e-13, 8.86e-11
2019-10-26, 12:04:37, 1.01e-12, 8.86e-11
2019-10-26, 12:04:41, 9.64e-13, 8.87e-11
2019-10-26, 12:04:45, 9.69e-13, 8.85e-11
2019-10-26, 12:04:50, 1.09e-12, 8.88e-11
2019-10-26, 12:04:54, 9.56e-13, 8.91e-11
2019-10-26, 12:04:58, 8.7e-13, 8.89e-11
2019-10-26, 12:05:02, 9.42e-13, 8.87e-11
2019-10-26, 12:05:07, 1.01e-12, 8.89e-11
2019-10-26, 12:05:11, 9.89e-13, 8.87e-11
2019-10-26, 12:05:15, 9.57e-13, 8.89e-11
2019-10-26, 12:05:19, 9.32e-13, 8.86e-11
2019-10-26, 12:05:23, 9.12e-13, 8.85e-11
2019-10-26, 12:05:28, 9.25e-13, 8.88e-11
2019-10-26, 12:05:32, 9.65e-13, 8.88e-11
2019-10-26, 12:05:36, 1.01e-12, 8.9e-11
2019-10-26, 12:05:40, 9.53e-13, 8.89e-11
2019-10-26, 12:05:45, 9.81e-13, 8.9e-11
2019-10-26, 12:05:49, 9.9e-13, 8.93e-11
2019-10-26, 12:05:53, 9.91e-13, 8.88e-11
2019-10-26, 12:05:57, 1.01e-12, 8.89e-11
2019-10-26, 12:06:01, 9.54e-13, 8.88e-11
2019-10-26, 12:06:06, 9.79e-13, 8.88e-11
2019-10-26, 12:06:10, 9.61e-13, 8.83e-11
2019-10-26, 12:06:14, 9.55e-13, 8.85e-11
2019-10-26, 12:06:18, 9.34e-13, 8.87e-11
2019-10-26, 12:06:22, 9.43e-13, 8.83e-11
2019-10-26, 12:06:27, 8.89e-13, 8.83e-11
2019-10-26, 12:06:31, 1.02e-12, 8.87e-11
2019-10-26, 12:06:35, 1.07e-12, 8.89e-11
2019-10-26, 12:06:39, 1.01e-12, 8.89e-11
2019-10-26, 12:06:44, 1.01e-12, 8.9e-11
2019-10-26, 12:06:48, 1.03e-12, 8.89e-11
2019-10-26, 12:06:52, 9.51e-13, 8.88e-11
2019-10-26, 12:06:56, 9.46e-13, 8.89e-11
2019-10-26, 12:07:00, 8.93e-13, 8.87e-11
2019-10-26, 12:07:05, 9.92e-13, 8.83e-11
2019-10-26, 12:07:09, 9.9e-13, 8.85e-11
2019-10-26, 12:07:13, 9.92e-13, 8.87e-11
2019-10-26, 12:07:17, 1.09e-12, 8.86e-11
2019-10-26, 12:07:22, 9.39e-13, 8.89e-11
2019-10-26, 12:07:26, 1e-12, 8.87e-11
2019-10-26, 12:07:30, 9.51e-13, 8.9e-11
2019-10-26, 12:07:34, 1e-12, 8.89e-11
2019-10-26, 12:07:38, 9.44e-13, 8.88e-11
2019-10-26, 12:07:43, 9.48e-13, 8.85e-11
2019-10-26, 12:07:47, 9.46e-13, 8.89e-11
2019-10-26, 12:07:51, 1.07e-12, 8.89e-11
2019-10-26, 12:07:55, 9.87e-13, 8.87e-11
2019-10-26, 12:08:00, 9.43e-13, 8.84e-11
2019-10-26, 12:08:04, 1.01e-12, 8.89e-11
2019-10-26, 12:08:08, 9.95e-13, 8.85e-11
2019-10-26, 12:08:12, 9.95e-13, 8.86e-11
2019-10-26, 12:08:16, 9.7e-13, 8.9e-11
2019-10-26, 12:08:21, 9.82e-13, 8.88e-11
2019-10-26, 12:08:25, 9.36e-13, 8.87e-11
2019-10-26, 12:08:29, 9.31e-13, 8.83e-11
2019-10-26, 12:08:33, 9.77e-13, 8.86e-11
2019-10-26, 12:08:38, 1e-12, 8.87e-11
2019-10-26, 12:08:42, 1.02e-12, 8.91e-11
2019-10-26, 12:08:46, 9.35e-13, 8.88e-11
2019-10-26, 12:08:50, 9.64e-13, 8.87e-11
2019-10-26, 12:08:54, 9.53e-13, 8.85e-11
2019-10-26, 12:08:59, 9.41e-13, 8.83e-11
2019-10-26, 12:09:03, 9.96e-13, 8.79e-11
2019-10-26, 12:09:07, 1.05e-12, 8.86e-11
2019-10-26, 12:09:11, 9.47e-13, 8.91e-11
2019-10-26, 12:09:16, 1.01e-12, 8.88e-11
2019-10-26, 12:09:20, 9.78e-13, 8.91e-11
2019-10-26, 12:09:24, 9.66e-13, 8.87e-11
2019-10-26, 12:09:28, 9.67e-13, 8.83e-11
2019-10-26, 12:09:32, 9.32e-13, 8.87e-11
2019-10-26, 12:09:37, 9.63e-13, 8.85e-11
2019-10-26, 12:09:41, 9.18e-13, 8.85e-11
2019-10-26, 12:09:45, 9.16e-13, 8.88e-11
2019-10-26, 12:09:49, 9.57e-13, 8.89e-11
2019-10-26, 12:09:54, 9.58e-13, 8.9e-11
2019-10-26, 12:09:58, 1.04e-12, 8.88e-11
2019-10-26, 12:10:02, 9.71e-13, 8.83e-11
2019-10-26, 12:10:06, 1.02e-12, 8.87e-11
2019-10-26, 12:10:10, 9.54e-13, 8.88e-11
2019-10-26, 12:10:15, 1.02e-12, 8.87e-11
2019-10-26, 12:10:19, 1.09e-12, 8.9e-11
2019-10-26, 12:10:23, 1.04e-12, 8.87e-11
2019-10-26, 12:10:27, 1.02e-12, 8.88e-11
2019-10-26, 12:10:31, 9.87e-13, 8.91e-11
2019-10-26, 12:10:36, 9.75e-13, 8.87e-11
2019-10-26, 12:10:40, 1.02e-12, 8.9e-11
2019-10-26, 12:10:44, 9.95e-13, 8.87e-11
2019-10-26, 12:10:48, 1.01e-12, 8.89e-11
2019-10-26, 12:10:53, 9.64e-13, 8.87e-11
2019-10-26, 12:10:57, 9.59e-13, 8.87e-11
2019-10-26, 12:11:01, 9.06e-13, 8.84e-11
2019-10-26, 12:11:05, 1.02e-12, 8.9e-11
2019-10-26, 12:11:09, 9.85e-13, 8.89e-11
2019-10-26, 12:11:14, 1.01e-12, 8.87e-11
2019-10-26, 12:11:18, 9.89e-13, 8.89e-11
2019-10-26, 12:11:22, 9.39e-13, 8.83e-11
2019-10-26, 12:11:26, 9.9e-13, 8.88e-11
2019-10-26, 12:11:31, 1.1e-12, 8.89e-11
2019-10-26, 12:11:35, 9.92e-13, 8.88e-11
2019-10-26, 12:11:39, 1.02e-12, 8.87e-11
2019-10-26, 12:11:43, 9.76e-13, 8.85e-11
2019-10-26, 12:11:47, 9.81e-13, 8.9e-11
2019-10-26, 12:11:52, 9.49e-13, 8.86e-11
2019-10-26, 12:11:56, 1.03e-12, 8.87e-11
2019-10-26, 12:12:00, 9.19e-13, 8.87e-11
2019-10-26, 12:12:04, 9.65e-13, 8.89e-11
2019-10-26, 12:12:09, 1.04e-12, 8.89e-11
2019-10-26, 12:12:13, 1.09e-12, 8.84e-11
2019-10-26, 12:12:17, 9.82e-13, 8.87e-11
2019-10-26, 12:12:21, 9.73e-13, 8.89e-11
2019-10-26, 12:12:25, 1.03e-12, 8.84e-11
2019-10-26, 12:12:30, 9.21e-13, 8.89e-11
2019-10-26, 12:12:34, 9.61e-13, 8.82e-11
2019-10-26, 12:12:38, 9.94e-13, 8.85e-11
2019-10-26, 12:12:42, 9.64e-13, 8.87e-11
2019-10-26, 12:12:47, 9.7e-13, 8.86e-11
2019-10-26, 12:12:51, 9.59e-13, 8.88e-11
2019-10-26, 12:12:55, 1.01e-12, 8.87e-11
2019-10-26, 12:12:59, 1.06e-12, 8.87e-11
2019-10-26, 12:13:03, 9.88e-13, 8.92e-11
2019-10-26, 12:13:08, 9.52e-13, 8.85e-11
2019-10-26, 12:13:12, 1e-12, 8.84e-11
2019-10-26, 12:13:16, 1.03e-12, 8.89e-11
2019-10-26, 12:13:20, 9.06e-13, 8.85e-11
2019-10-26, 12:13:25, 1.09e-12, 8.84e-11
2019-10-26, 12:13:29, 9.8e-13, 8.87e-11
2019-10-26, 12:13:33, 1e-12, 8.83e-11
2019-10-26, 12:13:37, 1.06e-12, 8.87e-11
2019-10-26, 12:13:41, 9.32e-13, 8.86e-11
2019-10-26, 12:13:46, 1e-12, 8.86e-11
2019-10-26, 12:13:50, 9.28e-13, 8.87e-11
2019-10-26, 12:13:54, 1.04e-12, 8.84e-11
2019-10-26, 12:13:58, 9.17e-13, 8.87e-11
2019-10-26, 12:14:03, 1.02e-12, 8.89e-11
2019-10-26, 12:14:07, 9.68e-13, 8.87e-11
2019-10-26, 12:14:11, 1.03e-12, 8.86e-11
2019-10-26, 12:14:15, 9.51e-13, 8.84e-11
2019-10-26, 12:14:19, 9.87e-13, 8.87e-11
2019-10-26, 12:14:24, 1.02e-12, 8.86e-11
2019-10-26, 12:14:28, 9.8e-13, 8.87e-11
2019-10-26, 12:14:32, 1e-12, 8.84e-11
2019-10-26, 12:14:36, 9.44e-13, 8.86e-11
2019-10-26, 12:14:41, 9.84e-13, 8.86e-11
2019-10-26, 12:14:45, 9.86e-13, 8.89e-11
2019-10-26, 12:14:49, 9.87e-13, 8.87e-11
2019-10-26, 12:14:53, 9.87e-13, 8.84e-11
2019-10-26, 12:14:57, 8.78e-13, 8.82e-11
2019-10-26, 12:15:02, 9.45e-13, 8.81e-11
2019-10-26, 12:15:06, 1.07e-12, 8.81e-11
2019-10-26, 12:15:10, 1e-12, 8.82e-11
2019-10-26, 12:15:14, 9.8e-13, 8.89e-11
2019-10-26, 12:15:19, 9.76e-13, 8.89e-11
2019-10-26, 12:15:23, 9.18e-13, 8.88e-11
2019-10-26, 12:15:27, 9.98e-13, 8.87e-11
2019-10-26, 12:15:31, 9.74e-13, 8.88e-11
2019-10-26, 12:15:35, 1.01e-12, 8.87e-11
2019-10-26, 12:15:40, 9.9e-13, 8.85e-11
2019-10-26, 12:15:44, 9.04e-13, 8.88e-11
2019-10-26, 12:15:48, 9.17e-13, 8.87e-11
2019-10-26, 12:15:52, 9.2e-13, 8.85e-11
2019-10-26, 12:15:56, 9.6e-13, 8.88e-11
2019-10-26, 12:16:01, 1e-12, 8.89e-11
2019-10-26, 12:16:05, 9.96e-13, 8.88e-11
2019-10-26, 12:16:09, 9.78e-13, 8.86e-11
2019-10-26, 12:16:13, 9.98e-13, 8.85e-11
2019-10-26, 12:16:18, 9.75e-13, 8.87e-11
2019-10-26, 12:16:22, 9.34e-13, 8.86e-11
2019-10-26, 12:16:26, 9.31e-13, 8.82e-11
2019-10-26, 12:16:30, 9.78e-13, 8.84e-11
2019-10-26, 12:16:34, 9.28e-13, 8.84e-11
2019-10-26, 12:16:39, 1.01e-12, 8.9e-11
2019-10-26, 12:16:43, 1.02e-12, 8.85e-11
2019-10-26, 12:16:47, 9.87e-13, 8.84e-11
2019-10-26, 12:16:51, 9.85e-13, 8.87e-11
2019-10-26, 12:16:56, 9.62e-13, 8.85e-11
2019-10-26, 12:17:00, 1.01e-12, 8.82e-11
2019-10-26, 12:17:04, 9.67e-13, 8.84e-11
2019-10-26, 12:17:08, 9.78e-13, 8.88e-11
2019-10-26, 12:17:12, 9.68e-13, 8.84e-11
2019-10-26, 12:17:17, 1.05e-12, 8.86e-11
2019-10-26, 12:17:21, 9.84e-13, 8.9e-11
2019-10-26, 12:17:25, 1.05e-12, 8.9e-11
2019-10-26, 12:17:29, 9.41e-13, 8.83e-11
2019-10-26, 12:17:34, 9.57e-13, 8.83e-11
2019-10-26, 12:17:38, 9.36e-13, 8.88e-11
2019-10-26, 12:17:42, 9.94e-13, 8.86e-11
2019-10-26, 12:17:46, 1.03e-12, 8.89e-11
2019-10-26, 12:17:50, 9.33e-13, 8.87e-11
2019-10-26, 12:17:55, 9.1e-13, 8.87e-11
2019-10-26, 12:17:59, 9.87e-13, 8.83e-11
2019-10-26, 12:18:03, 9.54e-13, 8.86e-11
2019-10-26, 12:18:07, 1e-12, 8.88e-11
2019-10-26, 12:18:12, 9.82e-13, 8.89e-11
2019-10-26, 12:18:16, 9.66e-13, 8.9e-11
2019-10-26, 12:18:20, 9.2e-13, 8.82e-11
2019-10-26, 12:18:24, 9.72e-13, 8.81e-11
2019-10-26, 12:18:28, 9.51e-13, 8.89e-11
2019-10-26, 12:18:33, 9.09e-13, 8.89e-11
2019-10-26, 12:18:37, 9.71e-13, 8.84e-11
2019-10-26, 12:18:41, 8.19e-13, 8.89e-11
2019-10-26, 12:18:45, 9.76e-13, 8.88e-11
2019-10-26, 12:18:50, 9.91e-13, 8.88e-11
2019-10-26, 12:18:54, 9.88e-13, 8.83e-11
2019-10-26, 12:18:58, 9.65e-13, 8.82e-11
2019-10-26, 12:19:02, 9.24e-13, 8.85e-11
2019-10-26, 12:19:06, 9.26e-13, 8.86e-11
2019-10-26, 12:19:11, 9.91e-13, 8.83e-11
2019-10-26, 12:19:15, 9.35e-13, 8.83e-11
2019-10-26, 12:19:19, 1.09e-12, 8.83e-11
2019-10-26, 12:19:23, 9.55e-13, 8.82e-11
2019-10-26, 12:19:28, 1e-12, 8.84e-11
2019-10-26, 12:19:32, 9.65e-13, 8.87e-11
2019-10-26, 12:19:36, 1.02e-12, 8.87e-11
2019-10-26, 12:19:40, 8.89e-13, 8.84e-11
2019-10-26, 12:19:44, 9.08e-13, 8.85e-11
2019-10-26, 12:19:49, 8.03e-13, 8.87e-11
2019-10-26, 12:19:53, 9.18e-13, 8.85e-11
2019-10-26, 12:19:57, 9.8e-13, 8.83e-11
2019-10-26, 12:20:01, 9.89e-13, 8.83e-11
2019-10-26, 12:20:06, 9.88e-13, 8.86e-11
2019-10-26, 12:20:10, 9.83e-13, 8.87e-11
2019-10-26, 12:20:14, 9.86e-13, 8.83e-11
2019-10-26, 12:20:18, 1.08e-12, 8.82e-11
2019-10-26, 12:20:22, 9.89e-13, 8.89e-11
2019-10-26, 12:20:27, 9.58e-13, 8.91e-11
2019-10-26, 12:20:31, 9.45e-13, 8.86e-11
2019-10-26, 12:20:35, 1.04e-12, 8.88e-11
2019-10-26, 12:20:39, 1.01e-12, 8.86e-11
2019-10-26, 12:20:43, 9.74e-13, 8.89e-11
2019-10-26, 12:20:48, 9.99e-13, 8.84e-11
2019-10-26, 12:20:52, 1.01e-12, 8.86e-11
2019-10-26, 12:20:56, 9.78e-13, 8.82e-11
2019-10-26, 12:21:00, 1.02e-12, 8.83e-11
2019-10-26, 12:21:05, 1e-12, 8.89e-11
2019-10-26, 12:21:09, 9.86e-13, 8.89e-11
2019-10-26, 12:21:13, 9.93e-13, 8.86e-11
2019-10-26, 12:21:17, 9.26e-13, 8.87e-11
2019-10-26, 12:21:21, 9.8e-13, 8.88e-11
2019-10-26, 12:21:26, 1.07e-12, 8.89e-11
2019-10-26, 12:21:30, 1.1e-12, 8.85e-11
2019-10-26, 12:21:34, 1.1e-12, 8.85e-11
2019-10-26, 12:21:38, 9.3e-13, 8.86e-11
2019-10-26, 12:21:43, 9.19e-13, 8.88e-11
2019-10-26, 12:21:47, 9.44e-13, 8.85e-11
2019-10-26, 12:21:51, 1.02e-12, 8.81e-11
2019-10-26, 12:21:55, 9.57e-13, 8.82e-11
2019-10-26, 12:21:59, 9.67e-13, 8.77e-11
2019-10-26, 12:22:04, 1.04e-12, 8.8e-11
2019-10-26, 12:22:08, 9.52e-13, 8.77e-11
2019-10-26, 12:22:12, 9.09e-13, 8.77e-11
2019-10-26, 12:22:16, 9.41e-13, 8.76e-11
2019-10-26, 12:22:21, 9.1e-13, 8.81e-11
2019-10-26, 12:22:25, 1.06e-12, 8.8e-11
2019-10-26, 12:22:29, 1.01e-12, 8.83e-11
2019-10-26, 12:22:33, 1.01e-12, 8.8e-11
2019-10-26, 12:22:37, 9e-13, 8.85e-11
2019-10-26, 12:22:42, 9.87e-13, 8.9e-11
2019-10-26, 12:22:46, 8.43e-13, 8.85e-11
2019-10-26, 12:22:50, 1.01e-12, 8.86e-11
2019-10-26, 12:22:54, 1.06e-12, 8.87e-11
2019-10-26, 12:22:59, 9.63e-13, 8.89e-11
2019-10-26, 12:23:03, 1.01e-12, 8.87e-11
2019-10-26, 12:23:07, 9.72e-13, 8.85e-11
2019-10-26, 12:23:11, 9.79e-13, 8.78e-11
2019-10-26, 12:23:15, 9.54e-13, 8.79e-11
2019-10-26, 12:23:20, 9.96e-13, 8.77e-11
2019-10-26, 12:23:24, 9.84e-13, 8.77e-11
2019-10-26, 12:23:28, 9.4e-13, 8.8e-11
2019-10-26, 12:23:32, 1e-12, 8.78e-11
2019-10-26, 12:23:37, 9.61e-13, 8.81e-11
2019-10-26, 12:23:41, 8.87e-13, 8.82e-11
2019-10-26, 12:23:45, 9.65e-13, 8.84e-11
2019-10-26, 12:23:49, 9.47e-13, 8.83e-11
2019-10-26, 12:23:53, 9.82e-13, 8.84e-11
2019-10-26, 12:23:58, 9.74e-13, 8.83e-11
2019-10-26, 12:24:02, 9.99e-13, 8.89e-11
2019-10-26, 12:24:06, 9.54e-13, 8.84e-11
2019-10-26, 12:24:10, 9.88e-13, 8.84e-11
2019-10-26, 12:24:14, 9.6e-13, 8.91e-11
2019-10-26, 12:24:19, 8.84e-13, 8.86e-11
2019-10-26, 12:24:23, 9.45e-13, 8.88e-11
2019-10-26, 12:24:27, 9.87e-13, 8.86e-11
2019-10-26, 12:24:31, 9.56e-13, 8.89e-11
2019-10-26, 12:24:36, 9.82e-13, 8.87e-11
2019-10-26, 12:24:40, 9.97e-13, 8.88e-11
2019-10-26, 12:24:44, 9.71e-13, 8.86e-11
2019-10-26, 12:24:48, 9.51e-13, 8.87e-11
2019-10-26, 12:24:52, 9.91e-13, 8.89e-11
2019-10-26, 12:24:57, 9.52e-13, 8.87e-11
2019-10-26, 12:25:01, 9.79e-13, 8.86e-11
2019-10-26, 12:25:05, 9.61e-13, 8.86e-11
2019-10-26, 12:25:09, 9.48e-13, 8.86e-11
2019-10-26, 12:25:14, 9.43e-13, 8.89e-11
2019-10-26, 12:25:18, 1.03e-12, 8.86e-11
2019-10-26, 12:25:22, 9.36e-13, 8.85e-11
2019-10-26, 12:25:26, 8.07e-13, 8.84e-11
2019-10-26, 12:25:30, 1.02e-12, 8.88e-11
2019-10-26, 12:25:35, 9.96e-13, 8.89e-11
2019-10-26, 12:25:39, 8.08e-13, 8.87e-11
2019-10-26, 12:25:43, 9.49e-13, 8.87e-11
2019-10-26, 12:25:47, 1.04e-12, 8.83e-11
2019-10-26, 12:25:52, 9.15e-13, 8.86e-11
2019-10-26, 12:25:56, 9.63e-13, 8.89e-11
2019-10-26, 12:26:00, 8.92e-13, 8.87e-11
2019-10-26, 12:26:04, 9.6e-13, 8.86e-11
2019-10-26, 12:26:08, 9.33e-13, 8.85e-11
2019-10-26, 12:26:13, 9.6e-13, 8.88e-11
2019-10-26, 12:26:17, 9.46e-13, 8.9e-11
2019-10-26, 12:26:21, 9.85e-13, 8.86e-11
2019-10-26, 12:26:25, 9.6e-13, 8.85e-11
2019-10-26, 12:26:30, 9.34e-13, 8.88e-11
2019-10-26, 12:26:34, 9.72e-13, 8.88e-11
2019-10-26, 12:26:38, 1.02e-12, 8.89e-11
2019-10-26, 12:26:42, 9.48e-13, 8.88e-11
2019-10-26, 12:26:46, 9.66e-13, 8.86e-11
2019-10-26, 12:26:51, 1.05e-12, 8.9e-11
2019-10-26, 12:26:55, 8.37e-13, 8.88e-11
2019-10-26, 12:26:59, 9.78e-13, 8.84e-11
2019-10-26, 12:27:03, 9.69e-13, 8.84e-11
2019-10-26, 12:27:08, 1.05e-12, 8.86e-11
2019-10-26, 12:27:12, 9.59e-13, 8.88e-11
2019-10-26, 12:27:16, 1.01e-12, 8.9e-11
2019-10-26, 12:27:20, 9.54e-13, 8.86e-11
2019-10-26, 12:27:24, 1.03e-12, 8.85e-11
2019-10-26, 12:27:29, 1.03e-12, 8.84e-11
2019-10-26, 12:27:33, 8.87e-13, 8.88e-11
2019-10-26, 12:27:37, 9.97e-13, 8.83e-11
2019-10-26, 12:27:41, 9.85e-13, 8.75e-11
2019-10-26, 12:27:46, 9.96e-13, 8.78e-11
2019-10-26, 12:27:50, 9.5e-13, 8.81e-11
2019-10-26, 12:27:54, 9.24e-13, 8.74e-11
2019-10-26, 12:27:58, 1.02e-12, 8.78e-11
2019-10-26, 12:28:02, 1e-12, 8.8e-11
2019-10-26, 12:28:07, 9.95e-13, 8.77e-11
2019-10-26, 12:28:11, 9.8e-13, 8.81e-11
2019-10-26, 12:28:15, 9.6e-13, 8.81e-11
2019-10-26, 12:28:19, 9.94e-13, 8.82e-11
2019-10-26, 12:28:24, 9.28e-13, 8.82e-11
2019-10-26, 12:28:28, 9.07e-13, 8.8e-11
2019-10-26, 12:28:32, 1.01e-12, 8.86e-11
2019-10-26, 12:28:36, 9.02e-13, 8.88e-11
2019-10-26, 12:28:40, 9.71e-13, 8.87e-11
2019-10-26, 12:28:45, 8.34e-13, 8.86e-11
2019-10-26, 12:28:49, 9.56e-13, 8.83e-11
2019-10-26, 12:28:53, 9.56e-13, 8.84e-11
2019-10-26, 12:28:57, 9.56e-13, 8.87e-11
2019-10-26, 12:29:01, 9.9e-13, 8.81e-11
2019-10-26, 12:29:06, 9.75e-13, 8.83e-11
2019-10-26, 12:29:10, 1.04e-12, 8.82e-11
2019-10-26, 12:29:14, 9.65e-13, 8.85e-11
2019-10-26, 12:29:18, 9.84e-13, 8.81e-11
2019-10-26, 12:29:23, 9.55e-13, 8.84e-11
2019-10-26, 12:29:27, 9.3e-13, 8.87e-11
2019-10-26, 12:29:31, 1e-12, 8.85e-11
2019-10-26, 12:29:35, 9.49e-13, 8.85e-11
2019-10-26, 12:29:39, 1.03e-12, 8.87e-11
2019-10-26, 12:29:44, 9.93e-13, 8.9e-11
2019-10-26, 12:29:48, 9.69e-13, 8.87e-11
2019-10-26, 12:29:52, 1e-12, 8.82e-11
2019-10-26, 12:29:56, 9.83e-13, 8.83e-11
2019-10-26, 12:30:01, 9.44e-13, 8.83e-11
2019-10-26, 12:30:05, 9.03e-13, 8.85e-11
2019-10-26, 12:30:09, 1.03e-12, 8.84e-11
2019-10-26, 12:30:13, 9.3e-13, 8.86e-11
2019-10-26, 12:30:17, 9.72e-13, 8.84e-11
2019-10-26, 12:30:22, 9.96e-13, 8.86e-11
2019-10-26, 12:30:26, 1.06e-12, 8.84e-11
2019-10-26, 12:30:30, 9.57e-13, 8.82e-11
2019-10-26, 12:30:34, 9.84e-13, 8.86e-11
2019-10-26, 12:30:39, 1.01e-12, 8.91e-11
2019-10-26, 12:30:43, 1.01e-12, 8.82e-11
2019-10-26, 12:30:47, 1.08e-12, 8.87e-11
2019-10-26, 12:30:51, 9.81e-13, 8.86e-11
2019-10-26, 12:30:55, 1.2e-12, 8.88e-11
2019-10-26, 12:31:00, 9.21e-13, 8.84e-11
2019-10-26, 12:31:04, 9.57e-13, 8.84e-11
2019-10-26, 12:31:08, 9.77e-13, 8.86e-11
2019-10-26, 12:31:12, 1e-12, 8.86e-11
2019-10-26, 12:31:17, 9.73e-13, 8.87e-11
2019-10-26, 12:31:21, 9.74e-13, 8.85e-11
2019-10-26, 12:31:25, 9.82e-13, 8.87e-11
2019-10-26, 12:31:29, 9.9e-13, 8.84e-11
2019-10-26, 12:31:33, 9.5e-13, 8.85e-11
2019-10-26, 12:31:38, 9.51e-13, 8.86e-11
2019-10-26, 12:31:42, 9.59e-13, 8.9e-11
2019-10-26, 12:31:46, 1.02e-12, 8.88e-11
2019-10-26, 12:31:50, 9.75e-13, 8.86e-11
2019-10-26, 12:31:55, 9.86e-13, 8.88e-11
2019-10-26, 12:31:59, 1.01e-12, 8.88e-11
2019-10-26, 12:32:03, 9.51e-13, 8.88e-11
2019-10-26, 12:32:07, 9.36e-13, 8.94e-11
2019-10-26, 12:32:11, 9.66e-13, 8.9e-11
2019-10-26, 12:32:16, 9.98e-13, 8.87e-11
2019-10-26, 12:32:20, 1.03e-12, 8.86e-11
2019-10-26, 12:32:24, 9.7e-13, 8.85e-11
2019-10-26, 12:32:28, 9.5e-13, 8.86e-11
2019-10-26, 12:32:33, 8.87e-13, 8.87e-11
2019-10-26, 12:32:37, 9.83e-13, 8.91e-11
2019-10-26, 12:32:41, 9.85e-13, 8.86e-11
2019-10-26, 12:32:45, 1.02e-12, 8.89e-11
2019-10-26, 12:32:49, 8.33e-13, 8.88e-11
2019-10-26, 12:32:54, 1.01e-12, 8.87e-11
2019-10-26, 12:32:58, 9.93e-13, 8.86e-11
2019-10-26, 12:33:02, 9.76e-13, 8.9e-11
2019-10-26, 12:33:06, 9.26e-13, 8.9e-11
2019-10-26, 12:33:10, 9.59e-13, 8.9e-11
2019-10-26, 12:33:15, 9.83e-13, 8.89e-11
2019-10-26, 12:33:19, 9.81e-13, 8.85e-11
2019-10-26, 12:33:23, 9.94e-13, 8.85e-11
2019-10-26, 12:33:27, 9.88e-13, 8.9e-11
2019-10-26, 12:33:32, 9.83e-13, 8.88e-11
2019-10-26, 12:33:36, 9.55e-13, 8.89e-11
2019-10-26, 12:33:40, 9.77e-13, 8.86e-11
2019-10-26, 12:33:44, 1.05e-12, 8.83e-11
2019-10-26, 12:33:48, 1.01e-12, 8.86e-11
2019-10-26, 12:33:53, 1.01e-12, 8.86e-11
2019-10-26, 12:33:57, 1.02e-12, 8.85e-11
2019-10-26, 12:34:01, 1.01e-12, 8.81e-11
2019-10-26, 12:34:05, 9.85e-13, 8.87e-11
2019-10-26, 12:34:10, 9.24e-13, 8.87e-11
2019-10-26, 12:34:14, 9.91e-13, 8.83e-11
2019-10-26, 12:34:18, 9.79e-13, 8.85e-11
2019-10-26, 12:34:22, 9.97e-13, 8.82e-11
2019-10-26, 12:34:26, 1.01e-12, 8.88e-11
2019-10-26, 12:34:31, 1.12e-12, 8.85e-11
2019-10-26, 12:34:35, 9.81e-13, 8.83e-11
2019-10-26, 12:34:39, 9.6e-13, 8.81e-11
2019-10-26, 12:34:43, 1.01e-12, 8.86e-11
2019-10-26, 12:34:48, 9.76e-13, 8.84e-11
2019-10-26, 12:34:52, 8.92e-13, 8.85e-11
2019-10-26, 12:34:56, 9.35e-13, 8.87e-11
2019-10-26, 12:35:00, 9.38e-13, 8.88e-11
2019-10-26, 12:35:04, 1e-12, 8.84e-11
2019-10-26, 12:35:09, 9.13e-13, 8.83e-11
2019-10-26, 12:35:13, 9.28e-13, 8.84e-11
2019-10-26, 12:35:17, 9.49e-13, 8.89e-11
2019-10-26, 12:35:21, 1.02e-12, 8.85e-11
2019-10-26, 12:35:26, 9.02e-13, 8.85e-11
2019-10-26, 12:35:30, 9.81e-13, 8.86e-11
2019-10-26, 12:35:34, 1.09e-12, 8.87e-11
2019-10-26, 12:35:38, 9.67e-13, 8.85e-11
2019-10-26, 12:35:42, 1.1e-12, 8.85e-11
2019-10-26, 12:35:47, 9.63e-13, 8.85e-11
2019-10-26, 12:35:51, 1.01e-12, 8.86e-11
2019-10-26, 12:35:55, 9.83e-13, 8.83e-11
2019-10-26, 12:35:59, 1.02e-12, 8.85e-11
2019-10-26, 12:36:04, 1e-12, 8.86e-11
2019-10-26, 12:36:08, 9.46e-13, 8.88e-11
2019-10-26, 12:36:12, 9.15e-13, 8.86e-11
2019-10-26, 12:36:16, 9.83e-13, 8.84e-11
2019-10-26, 12:36:20, 9.84e-13, 8.86e-11
2019-10-26, 12:36:25, 1.05e-12, 8.89e-11
2019-10-26, 12:36:29, 9.72e-13, 8.86e-11
2019-10-26, 12:36:33, 9.78e-13, 8.86e-11
2019-10-26, 12:36:37, 9.22e-13, 8.88e-11
2019-10-26, 12:36:42, 9.45e-13, 8.82e-11
2019-10-26, 12:36:46, 9.7e-13, 8.8e-11
2019-10-26, 12:36:50, 1e-12, 8.81e-11
2019-10-26, 12:36:54, 9.21e-13, 8.76e-11
2019-10-26, 12:36:58, 9.13e-13, 8.78e-11
2019-10-26, 12:37:03, 1.11e-12, 8.81e-11
2019-10-26, 12:37:07, 1.06e-12, 8.79e-11
2019-10-26, 12:37:11, 9.6e-13, 8.73e-11
2019-10-26, 12:37:15, 9.76e-13, 8.82e-11
2019-10-26, 12:37:20, 9.93e-13, 8.81e-11
2019-10-26, 12:37:24, 9.94e-13, 8.83e-11
2019-10-26, 12:37:28, 9.89e-13, 8.81e-11
2019-10-26, 12:37:32, 1.05e-12, 8.84e-11
2019-10-26, 12:37:36, 9.13e-13, 8.83e-11
2019-10-26, 12:37:41, 9.82e-13, 8.83e-11
2019-10-26, 12:37:45, 9.83e-13, 8.9e-11
2019-10-26, 12:37:49, 9.72e-13, 8.89e-11
2019-10-26, 12:37:53, 9.43e-13, 8.86e-11
2019-10-26, 12:37:58, 8.8e-13, 8.87e-11
2019-10-26, 12:38:02, 9.78e-13, 8.89e-11
2019-10-26, 12:38:06, 9.89e-13, 8.89e-11
2019-10-26, 12:38:10, 1.01e-12, 8.87e-11
2019-10-26, 12:38:14, 1.02e-12, 8.86e-11
2019-10-26, 12:38:19, 1.03e-12, 8.87e-11
2019-10-26, 12:38:23, 9.81e-13, 8.87e-11
2019-10-26, 12:38:27, 1.02e-12, 8.86e-11
2019-10-26, 12:38:31, 9.61e-13, 8.85e-11
2019-10-26, 12:38:35, 9.77e-13, 8.88e-11
2019-10-26, 12:38:40, 1.02e-12, 8.87e-11
2019-10-26, 12:38:44, 9.3e-13, 8.88e-11
2019-10-26, 12:38:48, 9.47e-13, 8.85e-11
2019-10-26, 12:38:52, 9.64e-13, 8.86e-11
2019-10-26, 12:38:57, 9.54e-13, 8.85e-11
2019-10-26, 12:39:01, 1.02e-12, 8.85e-11
2019-10-26, 12:39:05, 1e-12, 8.86e-11
2019-10-26, 12:39:09, 8.98e-13, 8.87e-11
2019-10-26, 12:39:13, 9.22e-13, 8.84e-11
2019-10-26, 12:39:18, 9.99e-13, 8.9e-11
2019-10-26, 12:39:22, 9.48e-13, 8.87e-11
2019-10-26, 12:39:26, 1.04e-12, 8.89e-11
2019-10-26, 12:39:30, 9.15e-13, 8.84e-11
2019-10-26, 12:39:35, 9.43e-13, 8.85e-11
2019-10-26, 12:39:39, 9.64e-13, 8.86e-11
2019-10-26, 12:39:43, 1.01e-12, 8.85e-11
2019-10-26, 12:39:47, 9.69e-13, 8.85e-11
2019-10-26, 12:39:51, 1.06e-12, 8.86e-11
2019-10-26, 12:39:56, 1e-12, 8.9e-11
2019-10-26, 12:40:00, 9.52e-13, 8.87e-11
2019-10-26, 12:40:04, 9.28e-13, 8.88e-11
2019-10-26, 12:40:08, 9.92e-13, 8.89e-11
2019-10-26, 12:40:13, 9.4e-13, 8.84e-11
2019-10-26, 12:40:17, 9.16e-13, 8.85e-11
2019-10-26, 12:40:21, 1.05e-12, 8.84e-11
2019-10-26, 12:40:25, 1.01e-12, 8.83e-11
2019-10-26, 12:40:29, 9.81e-13, 8.85e-11
2019-10-26, 12:40:34, 9.84e-13, 8.88e-11
2019-10-26, 12:40:38, 9.68e-13, 8.88e-11
2019-10-26, 12:40:42, 9.82e-13, 8.83e-11
2019-10-26, 12:40:46, 9.98e-13, 8.84e-11
2019-10-26, 12:40:51, 1.01e-12, 8.86e-11
2019-10-26, 12:40:55, 9.9e-13, 8.8e-11
2019-10-26, 12:40:59, 9.77e-13, 8.83e-11
2019-10-26, 12:41:03, 9.7e-13, 8.84e-11
2019-10-26, 12:41:07, 1.16e-12, 8.81e-11
2019-10-26, 12:41:12, 9.23e-13, 8.81e-11
2019-10-26, 12:41:16, 1.01e-12, 8.85e-11
2019-10-26, 12:41:20, 9.73e-13, 8.84e-11
2019-10-26, 12:41:24, 9.81e-13, 8.87e-11
2019-10-26, 12:41:29, 9.64e-13, 8.86e-11
2019-10-26, 12:41:33, 9.64e-13, 8.87e-11
2019-10-26, 12:41:37, 9.81e-13, 8.85e-11
2019-10-26, 12:41:41, 9.35e-13, 8.9e-11
2019-10-26, 12:41:45, 9.51e-13, 8.85e-11
2019-10-26, 12:41:50, 1.01e-12, 8.84e-11
2019-10-26, 12:41:54, 9.98e-13, 8.89e-11
2019-10-26, 12:41:58, 9.77e-13, 8.86e-11
2019-10-26, 12:42:02, 9.69e-13, 8.88e-11
2019-10-26, 12:42:07, 1.01e-12, 8.85e-11
2019-10-26, 12:42:11, 9.68e-13, 8.87e-11
2019-10-26, 12:42:15, 1.05e-12, 8.87e-11
2019-10-26, 12:42:19, 9.77e-13, 8.85e-11
2019-10-26, 12:42:23, 1e-12, 8.86e-11
2019-10-26, 12:42:28, 1.03e-12, 8.88e-11
2019-10-26, 12:42:32, 9.73e-13, 8.83e-11
2019-10-26, 12:42:36, 9.44e-13, 8.87e-11
2019-10-26, 12:42:40, 9.85e-13, 8.86e-11
2019-10-26, 12:42:45, 9.38e-13, 8.88e-11
2019-10-26, 12:42:49, 9.73e-13, 8.88e-11
2019-10-26, 12:42:53, 9.32e-13, 8.86e-11
2019-10-26, 12:42:57, 1e-12, 8.85e-11
2019-10-26, 12:43:01, 1.01e-12, 8.86e-11
2019-10-26, 12:43:06, 1.1e-12, 8.84e-11
2019-10-26, 12:43:10, 9.81e-13, 8.82e-11
2019-10-26, 12:43:14, 9.21e-13, 8.87e-11
2019-10-26, 12:43:18, 9.88e-13, 8.87e-11
2019-10-26, 12:43:22, 1.01e-12, 8.84e-11
2019-10-26, 12:43:27, 9.37e-13, 8.85e-11
2019-10-26, 12:43:31, 9.92e-13, 8.86e-11
2019-10-26, 12:43:35, 9.46e-13, 8.85e-11
2019-10-26, 12:43:39, 9.99e-13, 8.85e-11
2019-10-26, 12:43:44, 8.56e-13, 8.83e-11
2019-10-26, 12:43:48, 9.52e-13, 8.89e-11
2019-10-26, 12:43:52, 9.07e-13, 8.85e-11
2019-10-26, 12:43:56, 1.01e-12, 8.84e-11
2019-10-26, 12:44:00, 1.04e-12, 8.87e-11
2019-10-26, 12:44:05, 9.18e-13, 8.84e-11
2019-10-26, 12:44:09, 1.07e-12, 8.84e-11
2019-10-26, 12:44:13, 9.77e-13, 8.84e-11
2019-10-26, 12:44:17, 9.62e-13, 8.82e-11
2019-10-26, 12:44:22, 9.39e-13, 8.82e-11
2019-10-26, 12:44:26, 9.55e-13, 8.84e-11
2019-10-26, 12:44:30, 9.69e-13, 8.86e-11
2019-10-26, 12:44:34, 9.68e-13, 8.82e-11
2019-10-26, 12:44:38, 9.46e-13, 8.83e-11
2019-10-26, 12:44:43, 9.4e-13, 8.89e-11
2019-10-26, 12:44:47, 1.03e-12, 8.84e-11
2019-10-26, 12:44:51, 1.03e-12, 8.79e-11
2019-10-26, 12:44:55, 1.11e-12, 8.83e-11
2019-10-26, 12:45:00, 9.8e-13, 8.9e-11
2019-10-26, 12:45:04, 9.81e-13, 8.85e-11
2019-10-26, 12:45:08, 9.47e-13, 8.81e-11
2019-10-26, 12:45:12, 9.32e-13, 8.83e-11
2019-10-26, 12:45:16, 9.08e-13, 8.88e-11
2019-10-26, 12:45:21, 9.61e-13, 8.85e-11
2019-10-26, 12:45:25, 9.53e-13, 8.84e-11
2019-10-26, 12:45:29, 9.73e-13, 8.84e-11
2019-10-26, 12:45:33, 9.93e-13, 8.84e-11
2019-10-26, 12:45:38, 9.42e-13, 8.91e-11
2019-10-26, 12:45:42, 9.92e-13, 8.84e-11
2019-10-26, 12:45:46, 8.98e-13, 8.83e-11
2019-10-26, 12:45:50, 9.84e-13, 8.87e-11
2019-10-26, 12:45:54, 1.01e-12, 8.82e-11
2019-10-26, 12:45:59, 9.61e-13, 8.84e-11
2019-10-26, 12:46:03, 1.03e-12, 8.85e-11
2019-10-26, 12:46:07, 9.82e-13, 8.86e-11
2019-10-26, 12:46:11, 1.02e-12, 8.9e-11
2019-10-26, 12:46:16, 9.26e-13, 8.86e-11
2019-10-26, 12:46:20, 9.78e-13, 8.88e-11
2019-10-26, 12:46:24, 1.11e-12, 8.82e-11
2019-10-26, 12:46:28, 9.96e-13, 8.86e-11
2019-10-26, 12:46:32, 1.06e-12, 8.84e-11
2019-10-26, 12:46:37, 9.52e-13, 8.85e-11
2019-10-26, 12:46:41, 1.04e-12, 8.82e-11
2019-10-26, 12:46:45, 9.22e-13, 8.86e-11
2019-10-26, 12:46:49, 9.85e-13, 8.82e-11
2019-10-26, 12:46:54, 9.81e-13, 8.84e-11
2019-10-26, 12:46:58, 1e-12, 8.83e-11
2019-10-26, 12:47:02, 9.81e-13, 8.86e-11
2019-10-26, 12:47:06, 9.51e-13, 8.88e-11
2019-10-26, 12:47:10, 9.49e-13, 8.84e-11
2019-10-26, 12:47:15, 9.03e-13, 8.82e-11
2019-10-26, 12:47:19, 8.9e-13, 8.83e-11
2019-10-26, 12:47:23, 1.05e-12, 8.87e-11
2019-10-26, 12:47:27, 9.8e-13, 8.86e-11
2019-10-26, 12:47:31, 8.41e-13, 8.84e-11
2019-10-26, 12:47:36, 9.66e-13, 8.86e-11
2019-10-26, 12:47:40, 1.02e-12, 8.87e-11
2019-10-26, 12:47:44, 1.07e-12, 8.87e-11
2019-10-26, 12:47:48, 9.41e-13, 8.86e-11
2019-10-26, 12:47:53, 9.52e-13, 8.88e-11
2019-10-26, 12:47:57, 9.49e-13, 8.86e-11
2019-10-26, 12:48:01, 1.03e-12, 8.85e-11
2019-10-26, 12:48:05, 8.49e-13, 8.88e-11
2019-10-26, 12:48:09, 1.02e-12, 8.85e-11
2019-10-26, 12:48:14, 9.13e-13, 8.88e-11
2019-10-26, 12:48:18, 1.01e-12, 8.79e-11
2019-10-26, 12:48:22, 9.33e-13, 8.85e-11
2019-10-26, 12:48:26, 1.1e-12, 8.86e-11
2019-10-26, 12:48:31, 9.64e-13, 8.86e-11
2019-10-26, 12:48:35, 1.15e-12, 8.85e-11
2019-10-26, 12:48:39, 9.7e-13, 8.89e-11
2019-10-26, 12:48:43, 9.51e-13, 8.88e-11
2019-10-26, 12:48:47, 9.71e-13, 8.89e-11
2019-10-26, 12:48:52, 9.78e-13, 8.86e-11
2019-10-26, 12:48:56, 9.59e-13, 8.89e-11
2019-10-26, 12:49:00, 1.04e-12, 8.82e-11
2019-10-26, 12:49:04, 9.84e-13, 8.85e-11
2019-10-26, 12:49:09, 1.03e-12, 8.86e-11
2019-10-26, 12:49:13, 9.76e-13, 8.85e-11
2019-10-26, 12:49:17, 1.03e-12, 8.86e-11
2019-10-26, 12:49:21, 9.54e-13, 8.87e-11
2019-10-26, 12:49:25, 9.33e-13, 8.84e-11
2019-10-26, 12:49:30, 9.18e-13, 8.86e-11
2019-10-26, 12:49:34, 9.56e-13, 8.79e-11
2019-10-26, 12:49:38, 9.3e-13, 8.85e-11
2019-10-26, 12:49:42, 9.52e-13, 8.79e-11
2019-10-26, 12:49:47, 9.61e-13, 8.84e-11
2019-10-26, 12:49:51, 9.99e-13, 8.8e-11
2019-10-26, 12:49:55, 9.88e-13, 8.78e-11
2019-10-26, 12:49:59, 9.8e-13, 8.77e-11
2019-10-26, 12:50:03, 9.68e-13, 8.85e-11
2019-10-26, 12:50:08, 9.76e-13, 8.77e-11
2019-10-26, 12:50:12, 8.51e-13, 8.82e-11
2019-10-26, 12:50:16, 9.64e-13, 8.84e-11
2019-10-26, 12:50:20, 9.54e-13, 8.76e-11
2019-10-26, 12:50:25, 9.53e-13, 8.77e-11
2019-10-26, 12:50:29, 9.93e-13, 8.85e-11
2019-10-26, 12:50:33, 9.61e-13, 8.83e-11
2019-10-26, 12:50:37, 9.98e-13, 8.82e-11
2019-10-26, 12:50:41, 9.97e-13, 8.79e-11
2019-10-26, 12:50:46, 9.8e-13, 8.84e-11
2019-10-26, 12:50:50, 1.08e-12, 8.85e-11
2019-10-26, 12:50:54, 8.87e-13, 8.92e-11
2019-10-26, 12:50:58, 9.93e-13, 8.88e-11
2019-10-26, 12:51:03, 1.01e-12, 8.86e-11
2019-10-26, 12:51:07, 9.91e-13, 8.82e-11
2019-10-26, 12:51:11, 9.85e-13, 8.87e-11
2019-10-26, 12:51:15, 9.71e-13, 8.84e-11
2019-10-26, 12:51:19, 9.22e-13, 8.89e-11
2019-10-26, 12:51:24, 8.89e-13, 8.85e-11
2019-10-26, 12:51:28, 9.94e-13, 8.85e-11
2019-10-26, 12:51:32, 1.02e-12, 8.87e-11
2019-10-26, 12:51:36, 9.02e-13, 8.89e-11
2019-10-26, 12:51:41, 9.62e-13, 8.88e-11
2019-10-26, 12:51:45, 9.42e-13, 8.86e-11
2019-10-26, 12:51:49, 9.42e-13, 8.9e-11
2019-10-26, 12:51:53, 1.05e-12, 8.86e-11
2019-10-26, 12:51:57, 9.54e-13, 8.84e-11
2019-10-26, 12:52:02, 9.38e-13, 8.9e-11
2019-10-26, 12:52:06, 9.42e-13, 8.89e-11
2019-10-26, 12:52:10, 9.85e-13, 8.89e-11
2019-10-26, 12:52:14, 9.88e-13, 8.91e-11
2019-10-26, 12:52:19, 1.01e-12, 8.92e-11
2019-10-26, 12:52:23, 1.02e-12, 8.87e-11
2019-10-26, 12:52:27, 9.93e-13, 8.88e-11
2019-10-26, 12:52:31, 9.71e-13, 8.88e-11
2019-10-26, 12:52:35, 9.53e-13, 8.88e-11
2019-10-26, 12:52:40, 9.53e-13, 8.83e-11
2019-10-26, 12:52:44, 1.01e-12, 8.77e-11
2019-10-26, 12:52:48, 1.03e-12, 8.8e-11
2019-10-26, 12:52:52, 9.64e-13, 8.79e-11
2019-10-26, 12:52:56, 9.75e-13, 8.78e-11
2019-10-26, 12:53:01, 9.49e-13, 8.81e-11
2019-10-26, 12:53:05, 1.01e-12, 8.78e-11
2019-10-26, 12:53:09, 1.11e-12, 8.77e-11
2019-10-26, 12:53:13, 9.88e-13, 8.77e-11
2019-10-26, 12:53:18, 1.03e-12, 8.83e-11
2019-10-26, 12:53:22, 1.01e-12, 8.82e-11
2019-10-26, 12:53:26, 9.34e-13, 8.84e-11
2019-10-26, 12:53:30, 1e-12, 8.81e-11
2019-10-26, 12:53:34, 9.95e-13, 8.79e-11
2019-10-26, 12:53:39, 1.11e-12, 8.84e-11
2019-10-26, 12:53:43, 9.84e-13, 8.81e-11
2019-10-26, 12:53:47, 9.61e-13, 8.78e-11
2019-10-26, 12:53:51, 9.83e-13, 8.8e-11
2019-10-26, 12:53:56, 1e-12, 8.78e-11
2019-10-26, 12:54:00, 9.95e-13, 8.78e-11
2019-10-26, 12:54:04, 1.01e-12, 8.77e-11
2019-10-26, 12:54:08, 9.11e-13, 8.79e-11
2019-10-26, 12:54:12, 1e-12, 8.77e-11
2019-10-26, 12:54:17, 9.75e-13, 8.77e-11
2019-10-26, 12:54:21, 9.41e-13, 8.75e-11
2019-10-26, 12:54:25, 9.4e-13, 8.74e-11
2019-10-26, 12:54:29, 9.67e-13, 8.75e-11
2019-10-26, 12:54:34, 9.66e-13, 8.8e-11
2019-10-26, 12:54:38, 9.29e-13, 8.83e-11
2019-10-26, 12:54:42, 9.38e-13, 8.84e-11
2019-10-26, 12:54:46, 9.93e-13, 8.8e-11
2019-10-26, 12:54:50, 9.67e-13, 8.87e-11
2019-10-26, 12:54:55, 1.01e-12, 8.83e-11
2019-10-26, 12:54:59, 9.96e-13, 8.8e-11
2019-10-26, 12:55:03, 9.69e-13, 8.79e-11
2019-10-26, 12:55:07, 9.52e-13, 8.78e-11
2019-10-26, 12:55:12, 1.02e-12, 8.78e-11
2019-10-26, 12:55:16, 9.28e-13, 8.79e-11
2019-10-26, 12:55:20, 9.6e-13, 8.78e-11
2019-10-26, 12:55:24, 9.22e-13, 8.8e-11
2019-10-26, 12:55:28, 9.82e-13, 8.81e-11
2019-10-26, 12:55:33, 9.84e-13, 8.78e-11
2019-10-26, 12:55:37, 9.13e-13, 8.73e-11
2019-10-26, 12:55:41, 9.74e-13, 8.79e-11
2019-10-26, 12:55:45, 1.02e-12, 8.8e-11
2019-10-26, 12:55:50, 9.41e-13, 8.79e-11
2019-10-26, 12:55:54, 9.8e-13, 8.79e-11
2019-10-26, 12:55:58, 9.82e-13, 8.78e-11
2019-10-26, 12:56:02, 9.48e-13, 8.78e-11
2019-10-26, 12:56:06, 9.29e-13, 8.84e-11
2019-10-26, 12:56:11, 9.71e-13, 8.77e-11
2019-10-26, 12:56:15, 9.77e-13, 8.77e-11
2019-10-26, 12:56:19, 1.01e-12, 8.75e-11
2019-10-26, 12:56:23, 1.04e-12, 8.82e-11
2019-10-26, 12:56:28, 1.04e-12, 8.8e-11
2019-10-26, 12:56:32, 9.44e-13, 8.84e-11
2019-10-26, 12:56:36, 8.77e-13, 8.86e-11
2019-10-26, 12:56:40, 9.72e-13, 8.86e-11
2019-10-26, 12:56:44, 9.58e-13, 8.86e-11
2019-10-26, 12:56:49, 9.46e-13, 8.9e-11
2019-10-26, 12:56:53, 9.61e-13, 8.86e-11
2019-10-26, 12:56:57, 1e-12, 8.82e-11
2019-10-26, 12:57:01, 9.7e-13, 8.87e-11
2019-10-26, 12:57:06, 9.75e-13, 8.82e-11
2019-10-26, 12:57:10, 9.89e-13, 8.78e-11
2019-10-26, 12:57:14, 9.94e-13, 8.79e-11
2019-10-26, 12:57:18, 9.3e-13, 8.79e-11
2019-10-26, 12:57:22, 9.34e-13, 8.81e-11
2019-10-26, 12:57:27, 9.82e-13, 8.76e-11
2019-10-26, 12:57:31, 9.65e-13, 8.79e-11
2019-10-26, 12:57:35, 1.01e-12, 8.81e-11
2019-10-26, 12:57:39, 9.34e-13, 8.84e-11
2019-10-26, 12:57:43, 1e-12, 8.8e-11
2019-10-26, 12:57:48, 9.8e-13, 8.78e-11
2019-10-26, 12:57:52, 9.87e-13, 8.78e-11
2019-10-26, 12:57:56, 1.02e-12, 8.78e-11
2019-10-26, 12:58:00, 9.99e-13, 8.78e-11
2019-10-26, 12:58:05, 9.46e-13, 8.84e-11
2019-10-26, 12:58:09, 1.06e-12, 8.83e-11
2019-10-26, 12:58:13, 1.03e-12, 8.85e-11
2019-10-26, 12:58:17, 9.21e-13, 8.85e-11
2019-10-26, 12:58:21, 8.99e-13, 8.87e-11
2019-10-26, 12:58:26, 1.03e-12, 8.87e-11
2019-10-26, 12:58:30, 9.82e-13, 8.82e-11
2019-10-26, 12:58:34, 9.33e-13, 8.85e-11
2019-10-26, 12:58:38, 9.7e-13, 8.85e-11
2019-10-26, 12:58:43, 1.04e-12, 8.86e-11
2019-10-26, 12:58:47, 1.01e-12, 8.86e-11
2019-10-26, 12:58:51, 1.05e-12, 8.88e-11
2019-10-26, 12:58:55, 9.76e-13, 8.86e-11
2019-10-26, 12:58:59, 9.99e-13, 8.89e-11
2019-10-26, 12:59:04, 9.3e-13, 8.88e-11
2019-10-26, 12:59:08, 9.31e-13, 8.84e-11
2019-10-26, 12:59:12, 1e-12, 8.84e-11
2019-10-26, 12:59:16, 9.35e-13, 8.9e-11
2019-10-26, 12:59:21, 1.02e-12, 8.86e-11
2019-10-26, 12:59:25, 9.76e-13, 8.85e-11
2019-10-26, 12:59:29, 1.09e-12, 8.85e-11
2019-10-26, 12:59:33, 9.94e-13, 8.86e-11
2019-10-26, 12:59:37, 1.02e-12, 8.84e-11
2019-10-26, 12:59:42, 1e-12, 8.85e-11
2019-10-26, 12:59:46, 9.69e-13, 8.9e-11
2019-10-26, 12:59:50, 1.01e-12, 8.87e-11
2019-10-26, 12:59:54, 1.02e-12, 8.84e-11
2019-10-26, 12:59:59, 8.89e-13, 8.88e-11
2019-10-26, 13:00:03, 9.67e-13, 8.83e-11
2019-10-26, 13:00:07, 9.83e-13, 8.87e-11
2019-10-26, 13:00:11, 9.64e-13, 8.83e-11
2019-10-26, 13:00:15, 9.54e-13, 8.87e-11
2019-10-26, 13:00:20, 9.46e-13, 8.9e-11
2019-10-26, 13:00:24, 1.01e-12, 8.9e-11
2019-10-26, 13:00:28, 9.83e-13, 8.88e-11
2019-10-26, 13:00:32, 9.8e-13, 8.84e-11
2019-10-26, 13:00:37, 9.1e-13, 8.87e-11
2019-10-26, 13:00:41, 1e-12, 8.86e-11
2019-10-26, 13:00:45, 9.67e-13, 8.84e-11
2019-10-26, 13:00:49, 8.84e-13, 8.86e-11
2019-10-26, 13:00:53, 9.37e-13, 8.87e-11
2019-10-26, 13:00:58, 8.83e-13, 8.86e-11
2019-10-26, 13:01:02, 8.08e-13, 8.88e-11
2019-10-26, 13:01:06, 9.47e-13, 8.88e-11
2019-10-26, 13:01:10, 9.57e-13, 8.85e-11
2019-10-26, 13:01:15, 9.73e-13, 8.89e-11
2019-10-26, 13:01:19, 9.9e-13, 8.86e-11
2019-10-26, 13:01:23, 9.47e-13, 8.85e-11
2019-10-26, 13:01:27, 9.88e-13, 8.82e-11
2019-10-26, 13:01:31, 9.48e-13, 8.86e-11
2019-10-26, 13:01:36, 9.69e-13, 8.89e-11
2019-10-26, 13:01:40, 9.54e-13, 8.87e-11
2019-10-26, 13:01:44, 9.78e-13, 8.85e-11
2019-10-26, 13:01:48, 9.43e-13, 8.9e-11
2019-10-26, 13:01:53, 1.02e-12, 8.87e-11
2019-10-26, 13:01:57, 9.94e-13, 8.85e-11
2019-10-26, 13:02:01, 1e-12, 8.82e-11
2019-10-26, 13:02:05, 9.58e-13, 8.85e-11
2019-10-26, 13:02:09, 1.07e-12, 8.82e-11
2019-10-26, 13:02:14, 9.5e-13, 8.93e-11
2019-10-26, 13:02:18, 9.86e-13, 8.85e-11
2019-10-26, 13:02:22, 9.55e-13, 8.8e-11
2019-10-26, 13:02:26, 9.42e-13, 8.81e-11
2019-10-26, 13:02:30, 9.75e-13, 8.79e-11
2019-10-26, 13:02:35, 9.32e-13, 8.79e-11
2019-10-26, 13:02:39, 9.53e-13, 8.8e-11
2019-10-26, 13:02:43, 1.06e-12, 8.78e-11
2019-10-26, 13:02:47, 9.17e-13, 8.8e-11
2019-10-26, 13:02:52, 9.76e-13, 8.82e-11
2019-10-26, 13:02:56, 1e-12, 8.86e-11
2019-10-26, 13:03:00, 9.65e-13, 8.81e-11
2019-10-26, 13:03:04, 9.63e-13, 8.86e-11
2019-10-26, 13:03:08, 1.03e-12, 8.81e-11
2019-10-26, 13:03:13, 9.69e-13, 8.8e-11
2019-10-26, 13:03:17, 1.03e-12, 8.77e-11
2019-10-26, 13:03:21, 9.61e-13, 8.84e-11
2019-10-26, 13:03:25, 9.7e-13, 8.76e-11
2019-10-26, 13:03:30, 1.01e-12, 8.79e-11
2019-10-26, 13:03:34, 9.44e-13, 8.75e-11
2019-10-26, 13:03:38, 9.85e-13, 8.77e-11
2019-10-26, 13:03:42, 9.9e-13, 8.83e-11
2019-10-26, 13:03:46, 9.18e-13, 8.8e-11
2019-10-26, 13:03:51, 9.5e-13, 8.82e-11
2019-10-26, 13:03:55, 9.72e-13, 8.8e-11
2019-10-26, 13:03:59, 1.02e-12, 8.83e-11
2019-10-26, 13:04:03, 9.56e-13, 8.81e-11
2019-10-26, 13:04:08, 9.75e-13, 8.79e-11
2019-10-26, 13:04:12, 1.04e-12, 8.8e-11
2019-10-26, 13:04:16, 9.64e-13, 8.84e-11
2019-10-26, 13:04:20, 9.79e-13, 8.81e-11
2019-10-26, 13:04:24, 1e-12, 8.88e-11
2019-10-26, 13:04:29, 9.44e-13, 8.85e-11
2019-10-26, 13:04:33, 1.03e-12, 8.8e-11
2019-10-26, 13:04:37, 9.75e-13, 8.88e-11
2019-10-26, 13:04:41, 8.63e-13, 8.82e-11
2019-10-26, 13:04:46, 1e-12, 8.87e-11
2019-10-26, 13:04:50, 1.17e-12, 8.86e-11
2019-10-26, 13:04:54, 9.54e-13, 8.86e-11
2019-10-26, 13:04:58, 1.11e-12, 8.85e-11
2019-10-26, 13:05:02, 9.86e-13, 8.85e-11
2019-10-26, 13:05:07, 1.02e-12, 8.82e-11
2019-10-26, 13:05:11, 1.01e-12, 8.85e-11
2019-10-26, 13:05:15, 1e-12, 8.84e-11
2019-10-26, 13:05:19, 9.87e-13, 8.91e-11
2019-10-26, 13:05:24, 9.76e-13, 8.84e-11
2019-10-26, 13:05:28, 1.02e-12, 8.78e-11
2019-10-26, 13:05:32, 1.05e-12, 8.81e-11
2019-10-26, 13:05:36, 9.91e-13, 8.83e-11
2019-10-26, 13:05:40, 9.28e-13, 8.72e-11
2019-10-26, 13:05:45, 9.19e-13, 8.78e-11
2019-10-26, 13:05:49, 9.17e-13, 8.79e-11
2019-10-26, 13:05:53, 9.83e-13, 8.78e-11
2019-10-26, 13:05:57, 9.75e-13, 8.79e-11
2019-10-26, 13:06:02, 9.67e-13, 8.77e-11
2019-10-26, 13:06:06, 8.99e-13, 8.81e-11
2019-10-26, 13:06:10, 9.34e-13, 8.84e-11
2019-10-26, 13:06:14, 9.69e-13, 8.77e-11
2019-10-26, 13:06:18, 9.78e-13, 8.79e-11
2019-10-26, 13:06:23, 1.02e-12, 8.8e-11
2019-10-26, 13:06:27, 9.22e-13, 8.85e-11
2019-10-26, 13:06:31, 9.85e-13, 8.86e-11
2019-10-26, 13:06:35, 9.04e-13, 8.79e-11
2019-10-26, 13:06:40, 9.97e-13, 8.78e-11
2019-10-26, 13:06:44, 1.01e-12, 8.78e-11
2019-10-26, 13:06:48, 9.89e-13, 8.75e-11
2019-10-26, 13:06:52, 8.75e-13, 8.76e-11
2019-10-26, 13:06:56, 9.53e-13, 8.8e-11
2019-10-26, 13:07:01, 9.15e-13, 8.78e-11
2019-10-26, 13:07:05, 1.09e-12, 8.77e-11
2019-10-26, 13:07:09, 9.33e-13, 8.78e-11
2019-10-26, 13:07:13, 1.11e-12, 8.83e-11
2019-10-26, 13:07:18, 9.62e-13, 8.83e-11
2019-10-26, 13:07:22, 9.53e-13, 8.77e-11
2019-10-26, 13:07:26, 9.61e-13, 8.8e-11
2019-10-26, 13:07:30, 9.13e-13, 8.82e-11
2019-10-26, 13:07:34, 9.69e-13, 8.8e-11
2019-10-26, 13:07:39, 9.97e-13, 8.83e-11
2019-10-26, 13:07:43, 1.02e-12, 8.85e-11
2019-10-26, 13:07:47, 9.29e-13, 8.82e-11
2019-10-26, 13:07:51, 9.37e-13, 8.79e-11
2019-10-26, 13:07:56, 9.6e-13, 8.81e-11
2019-10-26, 13:08:00, 9.97e-13, 8.79e-11
2019-10-26, 13:08:04, 9.71e-13, 8.78e-11
2019-10-26, 13:08:08, 9.78e-13, 8.79e-11
2019-10-26, 13:08:12, 9.56e-13, 8.8e-11
2019-10-26, 13:08:17, 9.9e-13, 8.87e-11
2019-10-26, 13:08:21, 1.01e-12, 8.84e-11
2019-10-26, 13:08:25, 1e-12, 8.79e-11
2019-10-26, 13:08:29, 9.57e-13, 8.79e-11
2019-10-26, 13:08:34, 1.04e-12, 8.79e-11
2019-10-26, 13:08:38, 9.76e-13, 8.8e-11
2019-10-26, 13:08:42, 8.96e-13, 8.84e-11
2019-10-26, 13:08:46, 9.44e-13, 8.79e-11
2019-10-26, 13:08:50, 9.44e-13, 8.78e-11
2019-10-26, 13:08:55, 1.02e-12, 8.78e-11
2019-10-26, 13:08:59, 1e-12, 8.79e-11
2019-10-26, 13:09:03, 9.86e-13, 8.77e-11
2019-10-26, 13:09:07, 9.37e-13, 8.8e-11
2019-10-26, 13:09:12, 1.04e-12, 8.75e-11
2019-10-26, 13:09:16, 9.52e-13, 8.78e-11
2019-10-26, 13:09:20, 1.01e-12, 8.78e-11
2019-10-26, 13:09:24, 9.43e-13, 8.78e-11
2019-10-26, 13:09:28, 8.73e-13, 8.81e-11
2019-10-26, 13:09:33, 1.12e-12, 8.79e-11
2019-10-26, 13:09:37, 9.06e-13, 8.79e-11
2019-10-26, 13:09:41, 9.63e-13, 8.78e-11
2019-10-26, 13:09:45, 9.6e-13, 8.81e-11
2019-10-26, 13:09:49, 1e-12, 8.74e-11
2019-10-26, 13:09:54, 9.47e-13, 8.77e-11
2019-10-26, 13:09:58, 9.61e-13, 8.78e-11
2019-10-26, 13:10:02, 9.52e-13, 8.81e-11
2019-10-26, 13:10:06, 1.01e-12, 8.76e-11
2019-10-26, 13:10:11, 9.4e-13, 8.85e-11
2019-10-26, 13:10:15, 9.45e-13, 8.79e-11
2019-10-26, 13:10:19, 9.62e-13, 8.8e-11
2019-10-26, 13:10:23, 9.64e-13, 8.78e-11
2019-10-26, 13:10:28, 9.25e-13, 8.79e-11
2019-10-26, 13:10:32, 9.46e-13, 8.77e-11
2019-10-26, 13:10:36, 9.8e-13, 8.76e-11
2019-10-26, 13:10:40, 9.6e-13, 8.81e-11
2019-10-26, 13:10:44, 9.41e-13, 8.83e-11
2019-10-26, 13:10:49, 9.37e-13, 8.85e-11
2019-10-26, 13:10:53, 9.42e-13, 8.78e-11
2019-10-26, 13:10:57, 1.02e-12, 8.78e-11
2019-10-26, 13:11:01, 1.05e-12, 8.83e-11
2019-10-26, 13:11:06, 1.01e-12, 8.8e-11
2019-10-26, 13:11:10, 9.77e-13, 8.81e-11
2019-10-26, 13:11:14, 9.1e-13, 8.8e-11
2019-10-26, 13:11:18, 9.7e-13, 8.81e-11
2019-10-26, 13:11:22, 1.01e-12, 8.79e-11
2019-10-26, 13:11:27, 1.06e-12, 8.79e-11
2019-10-26, 13:11:31, 9.66e-13, 8.79e-11
2019-10-26, 13:11:35, 9.34e-13, 8.77e-11
2019-10-26, 13:11:39, 9.63e-13, 8.82e-11
2019-10-26, 13:11:43, 9.77e-13, 8.76e-11
2019-10-26, 13:11:48, 9.95e-13, 8.75e-11
2019-10-26, 13:11:52, 9.64e-13, 8.82e-11
2019-10-26, 13:11:56, 1.1e-12, 8.82e-11
2019-10-26, 13:12:00, 9.67e-13, 8.79e-11
2019-10-26, 13:12:05, 9.66e-13, 8.79e-11
2019-10-26, 13:12:09, 9.55e-13, 8.76e-11
2019-10-26, 13:12:13, 9.47e-13, 8.74e-11
2019-10-26, 13:12:17, 9.96e-13, 8.78e-11
2019-10-26, 13:12:21, 1.01e-12, 8.78e-11
2019-10-26, 13:12:26, 1e-12, 8.73e-11
2019-10-26, 13:12:30, 1e-12, 8.79e-11
2019-10-26, 13:12:34, 9.76e-13, 8.77e-11
2019-10-26, 13:12:38, 1.04e-12, 8.78e-11
2019-10-26, 13:12:43, 1.05e-12, 8.79e-11
2019-10-26, 13:12:47, 9.12e-13, 8.77e-11
2019-10-26, 13:12:51, 1e-12, 8.75e-11
2019-10-26, 13:12:55, 8.83e-13, 8.76e-11
2019-10-26, 13:12:59, 9.67e-13, 8.79e-11
2019-10-26, 13:13:04, 9.44e-13, 8.79e-11
2019-10-26, 13:13:08, 9.13e-13, 8.8e-11
2019-10-26, 13:13:12, 9.91e-13, 8.79e-11
2019-10-26, 13:13:16, 1e-12, 8.75e-11
2019-10-26, 13:13:21, 9.66e-13, 8.78e-11
2019-10-26, 13:13:25, 9.24e-13, 8.84e-11
2019-10-26, 13:13:29, 9.49e-13, 8.76e-11
2019-10-26, 13:13:33, 9.39e-13, 8.78e-11
2019-10-26, 13:13:37, 9.45e-13, 8.78e-11
2019-10-26, 13:13:42, 9.72e-13, 8.76e-11
2019-10-26, 13:13:46, 9.94e-13, 8.77e-11
2019-10-26, 13:13:50, 9.82e-13, 8.81e-11
2019-10-26, 13:13:54, 9.85e-13, 8.81e-11
2019-10-26, 13:13:59, 9.6e-13, 8.78e-11
2019-10-26, 13:14:03, 9.32e-13, 8.74e-11
2019-10-26, 13:14:07, 9.16e-13, 8.77e-11
2019-10-26, 13:14:11, 9.91e-13, 8.78e-11
2019-10-26, 13:14:15, 9.66e-13, 8.75e-11
2019-10-26, 13:14:20, 9.69e-13, 8.76e-11
2019-10-26, 13:14:24, 1.01e-12, 8.83e-11
2019-10-26, 13:14:28, 8.39e-13, 8.77e-11
2019-10-26, 13:14:32, 9.73e-13, 8.83e-11
2019-10-26, 13:14:37, 9.06e-13, 8.76e-11
2019-10-26, 13:14:41, 9.99e-13, 8.78e-11
2019-10-26, 13:14:45, 1.01e-12, 8.81e-11
2019-10-26, 13:14:49, 1.02e-12, 8.8e-11
2019-10-26, 13:14:53, 9.54e-13, 8.78e-11
2019-10-26, 13:14:58, 9.99e-13, 8.76e-11
2019-10-26, 13:15:02, 9.82e-13, 8.78e-11
2019-10-26, 13:15:06, 9.43e-13, 8.8e-11
2019-10-26, 13:15:10, 9.21e-13, 8.84e-11
2019-10-26, 13:15:14, 9.77e-13, 8.8e-11
2019-10-26, 13:15:19, 1.02e-12, 8.85e-11
2019-10-26, 13:15:23, 9.3e-13, 8.81e-11
2019-10-26, 13:15:27, 1.05e-12, 8.8e-11
2019-10-26, 13:15:31, 9.9e-13, 8.77e-11
2019-10-26, 13:15:36, 1.01e-12, 8.78e-11
2019-10-26, 13:15:40, 1.01e-12, 8.81e-11
2019-10-26, 13:15:44, 9.66e-13, 8.78e-11
2019-10-26, 13:15:48, 9.31e-13, 8.76e-11
2019-10-26, 13:15:52, 1.03e-12, 8.78e-11
2019-10-26, 13:15:57, 9.71e-13, 8.84e-11
2019-10-26, 13:16:01, 1.02e-12, 8.8e-11
2019-10-26, 13:16:05, 1.03e-12, 8.8e-11
2019-10-26, 13:16:09, 9.93e-13, 8.81e-11
2019-10-26, 13:16:14, 9.72e-13, 8.82e-11
2019-10-26, 13:16:18, 9.89e-13, 8.78e-11
2019-10-26, 13:16:22, 1.04e-12, 8.83e-11
2019-10-26, 13:16:26, 9.41e-13, 8.77e-11
2019-10-26, 13:16:30, 9.31e-13, 8.83e-11
2019-10-26, 13:16:35, 9.02e-13, 8.8e-11
2019-10-26, 13:16:39, 9.76e-13, 8.78e-11
2019-10-26, 13:16:43, 9.68e-13, 8.77e-11
2019-10-26, 13:16:47, 9.45e-13, 8.78e-11
2019-10-26, 13:16:52, 9.6e-13, 8.78e-11
2019-10-26, 13:16:56, 9.51e-13, 8.76e-11
2019-10-26, 13:17:00, 9.39e-13, 8.77e-11
2019-10-26, 13:17:04, 1.01e-12, 8.79e-11
2019-10-26, 13:17:08, 9.96e-13, 8.79e-11
2019-10-26, 13:17:13, 9.13e-13, 8.75e-11
2019-10-26, 13:17:17, 9.59e-13, 8.77e-11
2019-10-26, 13:17:21, 9.75e-13, 8.76e-11
2019-10-26, 13:17:25, 9.69e-13, 8.8e-11
2019-10-26, 13:17:30, 1.01e-12, 8.75e-11
2019-10-26, 13:17:34, 1.01e-12, 8.77e-11
2019-10-26, 13:17:38, 9.96e-13, 8.74e-11
2019-10-26, 13:17:42, 9.77e-13, 8.72e-11
2019-10-26, 13:17:46, 9.46e-13, 8.83e-11
2019-10-26, 13:17:51, 9.78e-13, 8.8e-11
2019-10-26, 13:17:55, 9.81e-13, 8.82e-11
2019-10-26, 13:17:59, 9.47e-13, 8.82e-11
2019-10-26, 13:18:03, 9.85e-13, 8.8e-11
2019-10-26, 13:18:08, 9.95e-13, 8.74e-11
2019-10-26, 13:18:12, 9.64e-13, 8.76e-11
2019-10-26, 13:18:16, 9.64e-13, 8.7e-11
2019-10-26, 13:18:20, 9.65e-13, 8.79e-11
2019-10-26, 13:18:24, 1e-12, 8.8e-11
2019-10-26, 13:18:29, 9.38e-13, 8.76e-11
2019-10-26, 13:18:33, 9.63e-13, 8.76e-11
2019-10-26, 13:18:37, 9.33e-13, 8.74e-11
2019-10-26, 13:18:41, 9.45e-13, 8.7e-11
2019-10-26, 13:18:45, 9.11e-13, 8.77e-11
2019-10-26, 13:18:50, 1.04e-12, 8.71e-11
2019-10-26, 13:18:54, 9.41e-13, 8.76e-11
2019-10-26, 13:18:58, 9.93e-13, 8.75e-11
2019-10-26, 13:19:02, 9.71e-13, 8.79e-11
2019-10-26, 13:19:07, 9.54e-13, 8.82e-11
2019-10-26, 13:19:11, 9.11e-13, 8.8e-11
2019-10-26, 13:19:15, 9.67e-13, 8.8e-11
2019-10-26, 13:19:19, 9.76e-13, 8.82e-11
2019-10-26, 13:19:23, 9.97e-13, 8.81e-11
2019-10-26, 13:19:28, 9.68e-13, 8.81e-11
2019-10-26, 13:19:32, 9.8e-13, 8.81e-11
2019-10-26, 13:19:36, 9.73e-13, 8.77e-11
2019-10-26, 13:19:40, 1e-12, 8.75e-11
2019-10-26, 13:19:45, 9.41e-13, 8.75e-11
2019-10-26, 13:19:49, 9.61e-13, 8.76e-11
2019-10-26, 13:19:53, 9.75e-13, 8.82e-11
2019-10-26, 13:19:57, 1.03e-12, 8.84e-11
2019-10-26, 13:20:01, 1.01e-12, 8.77e-11
2019-10-26, 13:20:06, 9.33e-13, 8.78e-11
2019-10-26, 13:20:10, 9.93e-13, 8.78e-11
2019-10-26, 13:20:14, 1.05e-12, 8.76e-11
2019-10-26, 13:20:18, 9.79e-13, 8.78e-11
2019-10-26, 13:20:23, 9.86e-13, 8.77e-11
2019-10-26, 13:20:27, 8.81e-13, 8.76e-11
2019-10-26, 13:20:31, 9.09e-13, 8.79e-11
2019-10-26, 13:20:35, 9.59e-13, 8.78e-11
2019-10-26, 13:20:39, 9.48e-13, 8.77e-11
2019-10-26, 13:20:44, 9.87e-13, 8.77e-11
2019-10-26, 13:20:48, 1.02e-12, 8.79e-11
2019-10-26, 13:20:52, 9.48e-13, 8.79e-11
2019-10-26, 13:20:56, 9.32e-13, 8.78e-11
2019-10-26, 13:21:01, 9.26e-13, 8.76e-11
2019-10-26, 13:21:05, 1.06e-12, 8.75e-11
2019-10-26, 13:21:09, 9.72e-13, 8.78e-11
2019-10-26, 13:21:13, 9.72e-13, 8.75e-11
2019-10-26, 13:21:17, 9.25e-13, 8.75e-11
2019-10-26, 13:21:22, 9.9e-13, 8.79e-11
2019-10-26, 13:21:26, 9.5e-13, 8.78e-11
2019-10-26, 13:21:30, 9.85e-13, 8.81e-11
2019-10-26, 13:21:34, 9.4e-13, 8.82e-11
2019-10-26, 13:21:39, 1.1e-12, 8.82e-11
2019-10-26, 13:21:43, 9.89e-13, 8.72e-11
2019-10-26, 13:21:47, 1e-12, 8.74e-11
2019-10-26, 13:21:51, 9.61e-13, 8.74e-11
2019-10-26, 13:21:55, 9.94e-13, 8.75e-11
2019-10-26, 13:22:00, 9.86e-13, 8.75e-11
2019-10-26, 13:22:04, 9.8e-13, 8.79e-11
2019-10-26, 13:22:08, 9.61e-13, 8.81e-11
2019-10-26, 13:22:12, 9.76e-13, 8.79e-11
2019-10-26, 13:22:16, 8.94e-13, 8.79e-11
2019-10-26, 13:22:21, 9.45e-13, 8.78e-11
2019-10-26, 13:22:25, 9.78e-13, 8.79e-11
2019-10-26, 13:22:29, 9.42e-13, 8.76e-11
2019-10-26, 13:22:33, 9.64e-13, 8.75e-11
2019-10-26, 13:22:38, 8.98e-13, 8.75e-11
2019-10-26, 13:22:42, 9.98e-13, 8.77e-11
2019-10-26, 13:22:46, 1.02e-12, 8.79e-11
2019-10-26, 13:22:50, 9.53e-13, 8.77e-11
2019-10-26, 13:22:54, 1.11e-12, 8.79e-11
2019-10-26, 13:22:59, 9.94e-13, 8.77e-11
2019-10-26, 13:23:03, 9.41e-13, 8.79e-11
2019-10-26, 13:23:07, 8.92e-13, 8.79e-11
2019-10-26, 13:23:11, 1e-12, 8.76e-11
2019-10-26, 13:23:16, 9.71e-13, 8.8e-11
2019-10-26, 13:23:20, 9.71e-13, 8.76e-11
2019-10-26, 13:23:24, 1.11e-12, 8.78e-11
2019-10-26, 13:23:28, 1.02e-12, 8.74e-11
2019-10-26, 13:23:32, 1.02e-12, 8.72e-11
2019-10-26, 13:23:37, 9.86e-13, 8.79e-11
2019-10-26, 13:23:41, 9.76e-13, 8.82e-11
2019-10-26, 13:23:45, 9.71e-13, 8.84e-11
2019-10-26, 13:23:49, 1.04e-12, 8.81e-11
2019-10-26, 13:23:54, 1.03e-12, 8.86e-11
2019-10-26, 13:23:58, 9.49e-13, 8.79e-11
2019-10-26, 13:24:02, 9.63e-13, 8.82e-11
2019-10-26, 13:24:06, 9.8e-13, 8.83e-11
2019-10-26, 13:24:10, 9.11e-13, 8.8e-11
2019-10-26, 13:24:15, 9.51e-13, 8.74e-11
2019-10-26, 13:24:19, 9.86e-13, 8.79e-11
2019-10-26, 13:24:23, 9.84e-13, 8.73e-11
2019-10-26, 13:24:27, 1.02e-12, 8.7e-11
2019-10-26, 13:24:32, 1.01e-12, 8.76e-11
2019-10-26, 13:24:36, 9.46e-13, 8.73e-11
2019-10-26, 13:24:40, 9.59e-13, 8.78e-11
2019-10-26, 13:24:44, 1.01e-12, 8.71e-11
2019-10-26, 13:24:48, 9.73e-13, 8.76e-11
2019-10-26, 13:24:53, 9.7e-13, 8.77e-11
2019-10-26, 13:24:57, 9.49e-13, 8.82e-11
2019-10-26, 13:25:01, 9.73e-13, 8.79e-11
2019-10-26, 13:25:05, 9.97e-13, 8.78e-11
2019-10-26, 13:25:10, 1.01e-12, 8.79e-11
2019-10-26, 13:25:14, 9.04e-13, 8.77e-11
2019-10-26, 13:25:18, 9.32e-13, 8.79e-11
2019-10-26, 13:25:22, 1.09e-12, 8.79e-11
2019-10-26, 13:25:26, 9.42e-13, 8.81e-11
2019-10-26, 13:25:31, 9.29e-13, 8.84e-11
2019-10-26, 13:25:35, 1.01e-12, 8.79e-11
2019-10-26, 13:25:39, 9.8e-13, 8.78e-11
2019-10-26, 13:25:43, 9.84e-13, 8.81e-11
2019-10-26, 13:25:48, 9.98e-13, 8.81e-11
2019-10-26, 13:25:52, 1.01e-12, 8.82e-11
2019-10-26, 13:25:56, 9.53e-13, 8.79e-11
2019-10-26, 13:26:00, 1.05e-12, 8.81e-11
2019-10-26, 13:26:04, 1.02e-12, 8.81e-11
2019-10-26, 13:26:09, 9.6e-13, 8.83e-11
2019-10-26, 13:26:13, 9.5e-13, 8.8e-11
2019-10-26, 13:26:17, 9.35e-13, 8.81e-11
2019-10-26, 13:26:21, 9.23e-13, 8.81e-11
2019-10-26, 13:26:26, 1.1e-12, 8.79e-11
2019-10-26, 13:26:30, 9.38e-13, 8.77e-11
2019-10-26, 13:26:34, 1e-12, 8.7e-11
2019-10-26, 13:26:38, 9.69e-13, 8.76e-11
2019-10-26, 13:26:42, 9.79e-13, 8.8e-11
2019-10-26, 13:26:47, 9.22e-13, 8.79e-11
2019-10-26, 13:26:51, 9.58e-13, 8.76e-11
2019-10-26, 13:26:55, 9.37e-13, 8.77e-11
2019-10-26, 13:26:59, 9.62e-13, 8.74e-11
2019-10-26, 13:27:04, 1.06e-12, 8.74e-11
2019-10-26, 13:27:08, 1.08e-12, 8.79e-11
2019-10-26, 13:27:12, 9.39e-13, 8.71e-11
2019-10-26, 13:27:16, 9.86e-13, 8.77e-11
2019-10-26, 13:27:20, 9.5e-13, 8.75e-11
2019-10-26, 13:27:25, 9.7e-13, 8.77e-11
2019-10-26, 13:27:29, 9.5e-13, 8.75e-11
2019-10-26, 13:27:33, 9.43e-13, 8.75e-11
2019-10-26, 13:27:37, 8.71e-13, 8.78e-11
2019-10-26, 13:27:41, 9.87e-13, 8.81e-11
2019-10-26, 13:27:46, 9.2e-13, 8.8e-11
2019-10-26, 13:27:50, 9.88e-13, 8.79e-11
2019-10-26, 13:27:54, 1.06e-12, 8.82e-11
2019-10-26, 13:27:58, 9.46e-13, 8.81e-11
2019-10-26, 13:28:03, 9.08e-13, 8.76e-11
2019-10-26, 13:28:07, 9.82e-13, 8.78e-11
2019-10-26, 13:28:11, 1e-12, 8.74e-11
2019-10-26, 13:28:15, 1e-12, 8.77e-11
2019-10-26, 13:28:19, 9.24e-13, 8.8e-11
2019-10-26, 13:28:24, 9.69e-13, 8.82e-11
2019-10-26, 13:28:28, 9.77e-13, 8.81e-11
2019-10-26, 13:28:32, 9.79e-13, 8.77e-11
2019-10-26, 13:28:36, 1.06e-12, 8.78e-11
2019-10-26, 13:28:41, 9.79e-13, 8.75e-11
2019-10-26, 13:28:45, 9.85e-13, 8.76e-11
2019-10-26, 13:28:49, 9.47e-13, 8.8e-11
2019-10-26, 13:28:53, 1.01e-12, 8.78e-11
2019-10-26, 13:28:57, 9.39e-13, 8.76e-11
2019-10-26, 13:29:02, 9.3e-13, 8.77e-11
2019-10-26, 13:29:06, 9.84e-13, 8.82e-11
2019-10-26, 13:29:10, 9.9e-13, 8.81e-11
2019-10-26, 13:29:14, 1.04e-12, 8.75e-11
2019-10-26, 13:29:19, 8.9e-13, 8.79e-11
2019-10-26, 13:29:23, 9.62e-13, 8.78e-11
2019-10-26, 13:29:27, 9.37e-13, 8.79e-11
2019-10-26, 13:29:31, 9.27e-13, 8.78e-11
2019-10-26, 13:29:35, 9.94e-13, 8.78e-11
2019-10-26, 13:29:40, 9.76e-13, 8.77e-11
2019-10-26, 13:29:44, 9.98e-13, 8.74e-11
2019-10-26, 13:29:48, 1.03e-12, 8.78e-11
2019-10-26, 13:29:52, 9.63e-13, 8.75e-11
2019-10-26, 13:29:57, 8.59e-13, 8.75e-11
2019-10-26, 13:30:01, 9.58e-13, 8.8e-11
2019-10-26, 13:30:05, 9.11e-13, 8.81e-11
2019-10-26, 13:30:09, 1e-12, 8.78e-11
2019-10-26, 13:30:13, 9.83e-13, 8.76e-11
2019-10-26, 13:30:18, 9.41e-13, 8.76e-11
2019-10-26, 13:30:22, 1e-12, 8.82e-11
2019-10-26, 13:30:26, 9.42e-13, 8.83e-11
2019-10-26, 13:30:30, 9.54e-13, 8.8e-11
2019-10-26, 13:30:35, 9.72e-13, 8.77e-11
2019-10-26, 13:30:39, 9.22e-13, 8.8e-11
2019-10-26, 13:30:43, 1.03e-12, 8.82e-11
2019-10-26, 13:30:47, 9.99e-13, 8.77e-11
2019-10-26, 13:30:51, 9.92e-13, 8.82e-11
2019-10-26, 13:30:56, 9.76e-13, 8.8e-11
2019-10-26, 13:31:00, 1e-12, 8.79e-11
2019-10-26, 13:31:04, 9.87e-13, 8.77e-11
2019-10-26, 13:31:08, 9.31e-13, 8.78e-11
2019-10-26, 13:31:12, 9.31e-13, 8.74e-11
2019-10-26, 13:31:17, 9.23e-13, 8.78e-11
2019-10-26, 13:31:21, 1.01e-12, 8.76e-11
2019-10-26, 13:31:25, 1.02e-12, 8.78e-11
2019-10-26, 13:31:29, 8.92e-13, 8.77e-11
2019-10-26, 13:31:34, 1.02e-12, 8.78e-11
2019-10-26, 13:31:38, 1.07e-12, 8.8e-11
2019-10-26, 13:31:42, 9.64e-13, 8.75e-11
2019-10-26, 13:31:46, 9.08e-13, 8.78e-11
2019-10-26, 13:31:50, 9.6e-13, 8.77e-11
2019-10-26, 13:31:55, 1.01e-12, 8.8e-11
2019-10-26, 13:31:59, 9.53e-13, 8.82e-11
2019-10-26, 13:32:03, 8.31e-13, 8.83e-11
2019-10-26, 13:32:07, 9.47e-13, 8.82e-11
2019-10-26, 13:32:12, 9.83e-13, 8.85e-11
2019-10-26, 13:32:16, 1.09e-12, 8.87e-11
2019-10-26, 13:32:20, 9.07e-13, 8.86e-11
2019-10-26, 13:32:24, 9.09e-13, 8.85e-11
2019-10-26, 13:32:28, 1.1e-12, 8.85e-11
2019-10-26, 13:32:33, 9.86e-13, 8.89e-11
2019-10-26, 13:32:37, 9.51e-13, 8.85e-11
2019-10-26, 13:32:41, 9.34e-13, 8.83e-11
2019-10-26, 13:32:45, 9.61e-13, 8.84e-11
2019-10-26, 13:32:50, 1.03e-12, 8.83e-11
2019-10-26, 13:32:54, 9.35e-13, 8.8e-11
2019-10-26, 13:32:58, 1.03e-12, 8.84e-11
2019-10-26, 13:33:02, 9.86e-13, 8.82e-11
2019-10-26, 13:33:06, 9.7e-13, 8.85e-11
2019-10-26, 13:33:11, 1.03e-12, 8.85e-11
2019-10-26, 13:33:15, 9.46e-13, 8.84e-11
2019-10-26, 13:33:19, 1.04e-12, 8.79e-11
2019-10-26, 13:33:23, 9.5e-13, 8.78e-11
2019-10-26, 13:33:28, 9.64e-13, 8.78e-11
2019-10-26, 13:33:32, 9.62e-13, 8.82e-11
2019-10-26, 13:33:36, 9.53e-13, 8.81e-11
2019-10-26, 13:33:40, 9.44e-13, 8.79e-11
2019-10-26, 13:33:44, 1.01e-12, 8.79e-11
2019-10-26, 13:33:49, 9.88e-13, 8.81e-11
2019-10-26, 13:33:53, 9.15e-13, 8.8e-11
2019-10-26, 13:33:57, 9.91e-13, 8.83e-11
2019-10-26, 13:34:01, 1.05e-12, 8.79e-11
2019-10-26, 13:34:06, 9.75e-13, 8.77e-11
2019-10-26, 13:34:10, 9.55e-13, 8.77e-11
2019-10-26, 13:34:14, 9.62e-13, 8.76e-11
2019-10-26, 13:34:18, 9.83e-13, 8.76e-11
2019-10-26, 13:34:22, 9.8e-13, 8.8e-11
2019-10-26, 13:34:27, 9.78e-13, 8.73e-11
2019-10-26, 13:34:31, 9.71e-13, 8.82e-11
2019-10-26, 13:34:35, 9.53e-13, 8.77e-11
2019-10-26, 13:34:39, 9.9e-13, 8.76e-11
2019-10-26, 13:34:44, 1.02e-12, 8.77e-11
2019-10-26, 13:34:48, 1.01e-12, 8.77e-11
2019-10-26, 13:34:52, 9.83e-13, 8.8e-11
2019-10-26, 13:34:56, 1.02e-12, 8.81e-11
2019-10-26, 13:35:00, 9.85e-13, 8.87e-11
2019-10-26, 13:35:05, 9.89e-13, 8.79e-11
2019-10-26, 13:35:09, 9.57e-13, 8.8e-11
2019-10-26, 13:35:13, 1.03e-12, 8.82e-11
2019-10-26, 13:35:17, 1.07e-12, 8.82e-11
2019-10-26, 13:35:21, 9.93e-13, 8.78e-11
2019-10-26, 13:35:26, 8.94e-13, 8.8e-11
2019-10-26, 13:35:30, 1.01e-12, 8.79e-11
2019-10-26, 13:35:34, 9.82e-13, 8.8e-11
2019-10-26, 13:35:38, 9.86e-13, 8.82e-11
2019-10-26, 13:35:43, 9.51e-13, 8.82e-11
2019-10-26, 13:35:47, 9.57e-13, 8.8e-11
2019-10-26, 13:35:51, 9.7e-13, 8.8e-11
2019-10-26, 13:35:55, 9.37e-13, 8.78e-11
2019-10-26, 13:35:59, 1e-12, 8.73e-11
2019-10-26, 13:36:04, 9.72e-13, 8.73e-11
2019-10-26, 13:36:08, 9.24e-13, 8.75e-11
2019-10-26, 13:36:12, 9.79e-13, 8.8e-11
2019-10-26, 13:36:16, 8.09e-13, 8.76e-11
2019-10-26, 13:36:21, 9.94e-13, 8.81e-11
2019-10-26, 13:36:25, 9.92e-13, 8.89e-11
2019-10-26, 13:36:29, 9.34e-13, 8.86e-11
2019-10-26, 13:36:33, 9.37e-13, 8.85e-11
2019-10-26, 13:36:37, 9.15e-13, 8.82e-11
2019-10-26, 13:36:42, 9.86e-13, 8.86e-11
2019-10-26, 13:36:46, 1e-12, 8.76e-11
2019-10-26, 13:36:50, 9.91e-13, 8.8e-11
2019-10-26, 13:36:54, 1e-12, 8.78e-11
2019-10-26, 13:36:59, 1e-12, 8.76e-11
2019-10-26, 13:37:03, 9.61e-13, 8.78e-11
2019-10-26, 13:37:07, 9.98e-13, 8.8e-11
2019-10-26, 13:37:11, 9.94e-13, 8.75e-11
2019-10-26, 13:37:15, 1.03e-12, 8.8e-11
2019-10-26, 13:37:20, 9.68e-13, 8.79e-11
2019-10-26, 13:37:24, 9.52e-13, 8.75e-11
2019-10-26, 13:37:28, 9.46e-13, 8.82e-11
2019-10-26, 13:37:32, 9.71e-13, 8.78e-11
2019-10-26, 13:37:37, 9.87e-13, 8.83e-11
2019-10-26, 13:37:41, 1.03e-12, 8.86e-11
2019-10-26, 13:37:45, 1.01e-12, 8.86e-11
2019-10-26, 13:37:49, 8.75e-13, 8.82e-11
2019-10-26, 13:37:53, 9.83e-13, 8.78e-11
2019-10-26, 13:37:58, 9.88e-13, 8.75e-11
2019-10-26, 13:38:02, 9.95e-13, 8.78e-11
2019-10-26, 13:38:06, 9.65e-13, 8.78e-11
2019-10-26, 13:38:10, 1.02e-12, 8.8e-11
2019-10-26, 13:38:15, 8.72e-13, 8.81e-11
2019-10-26, 13:38:19, 1.03e-12, 8.81e-11
2019-10-26, 13:38:23, 9.41e-13, 8.85e-11
2019-10-26, 13:38:27, 8.41e-13, 8.85e-11
2019-10-26, 13:38:31, 9.73e-13, 8.85e-11
2019-10-26, 13:38:36, 9.76e-13, 8.86e-11
2019-10-26, 13:38:40, 9.6e-13, 8.81e-11
2019-10-26, 13:38:44, 9.82e-13, 8.77e-11
2019-10-26, 13:38:48, 1.11e-12, 8.78e-11
2019-10-26, 13:38:53, 9.76e-13, 8.76e-11
2019-10-26, 13:38:57, 9.69e-13, 8.79e-11
2019-10-26, 13:39:01, 9.86e-13, 8.76e-11
2019-10-26, 13:39:05, 9.64e-13, 8.78e-11
2019-10-26, 13:39:09, 9.47e-13, 8.75e-11
2019-10-26, 13:39:14, 9.65e-13, 8.75e-11
2019-10-26, 13:39:18, 9.87e-13, 8.79e-11
2019-10-26, 13:39:22, 9.25e-13, 8.8e-11
2019-10-26, 13:39:26, 9.55e-13, 8.81e-11
2019-10-26, 13:39:30, 9.41e-13, 8.86e-11
2019-10-26, 13:39:35, 1.02e-12, 8.86e-11
2019-10-26, 13:39:39, 9.59e-13, 8.85e-11
2019-10-26, 13:39:43, 9.56e-13, 8.88e-11
2019-10-26, 13:39:47, 9.29e-13, 8.79e-11
2019-10-26, 13:39:52, 9.64e-13, 8.79e-11
2019-10-26, 13:39:56, 9.18e-13, 8.77e-11
2019-10-26, 13:40:00, 9.68e-13, 8.79e-11
2019-10-26, 13:40:04, 9.44e-13, 8.77e-11
2019-10-26, 13:40:08, 1.14e-12, 8.76e-11
2019-10-26, 13:40:13, 1.05e-12, 8.81e-11
2019-10-26, 13:40:17, 9.96e-13, 8.76e-11
2019-10-26, 13:40:21, 9.76e-13, 8.78e-11
2019-10-26, 13:40:25, 9.72e-13, 8.77e-11
2019-10-26, 13:40:30, 9.54e-13, 8.79e-11
2019-10-26, 13:40:34, 9.7e-13, 8.76e-11
2019-10-26, 13:40:38, 9.47e-13, 8.81e-11
2019-10-26, 13:40:42, 1.04e-12, 8.77e-11
2019-10-26, 13:40:46, 1.01e-12, 8.75e-11
2019-10-26, 13:40:51, 1.01e-12, 8.76e-11
2019-10-26, 13:40:55, 9.24e-13, 8.81e-11
2019-10-26, 13:40:59, 9.52e-13, 8.81e-11
2019-10-26, 13:41:03, 9.66e-13, 8.81e-11
2019-10-26, 13:41:08, 9.53e-13, 8.77e-11
2019-10-26, 13:41:12, 9.57e-13, 8.77e-11
2019-10-26, 13:41:16, 9.65e-13, 8.79e-11
2019-10-26, 13:41:20, 9.4e-13, 8.78e-11
2019-10-26, 13:41:24, 9.49e-13, 8.72e-11
2019-10-26, 13:41:29, 1.14e-12, 8.75e-11
2019-10-26, 13:41:33, 9.36e-13, 8.77e-11
2019-10-26, 13:41:37, 9.33e-13, 8.78e-11
2019-10-26, 13:41:41, 1.05e-12, 8.74e-11
2019-10-26, 13:41:46, 9.55e-13, 8.77e-11
2019-10-26, 13:41:50, 9.01e-13, 8.76e-11
2019-10-26, 13:41:54, 9.31e-13, 8.8e-11
2019-10-26, 13:41:58, 1e-12, 8.78e-11
2019-10-26, 13:42:02, 9.82e-13, 8.81e-11
2019-10-26, 13:42:07, 1.02e-12, 8.8e-11
2019-10-26, 13:42:11, 1.01e-12, 8.76e-11
2019-10-26, 13:42:15, 9.46e-13, 8.75e-11
2019-10-26, 13:42:19, 9.36e-13, 8.74e-11
2019-10-26, 13:42:24, 9.29e-13, 8.74e-11
2019-10-26, 13:42:28, 9.69e-13, 8.81e-11
2019-10-26, 13:42:32, 9.96e-13, 8.84e-11
2019-10-26, 13:42:36, 9.86e-13, 8.79e-11
2019-10-26, 13:42:40, 9.8e-13, 8.8e-11
2019-10-26, 13:42:45, 9.6e-13, 8.82e-11
2019-10-26, 13:42:49, 9.92e-13, 8.78e-11
2019-10-26, 13:42:53, 9.6e-13, 8.8e-11
2019-10-26, 13:42:57, 9.69e-13, 8.78e-11
2019-10-26, 13:43:02, 9.68e-13, 8.82e-11
2019-10-26, 13:43:06, 8.97e-13, 8.79e-11
2019-10-26, 13:43:10, 1e-12, 8.76e-11
2019-10-26, 13:43:14, 1.02e-12, 8.75e-11
2019-10-26, 13:43:18, 9.42e-13, 8.75e-11
2019-10-26, 13:43:23, 9.55e-13, 8.76e-11
2019-10-26, 13:43:27, 1.15e-12, 8.79e-11
2019-10-26, 13:43:31, 9.38e-13, 8.8e-11
2019-10-26, 13:43:35, 9.18e-13, 8.79e-11
2019-10-26, 13:43:40, 9.52e-13, 8.75e-11
2019-10-26, 13:43:44, 9.83e-13, 8.75e-11
2019-10-26, 13:43:48, 9.62e-13, 8.79e-11
2019-10-26, 13:43:52, 1.01e-12, 8.76e-11
2019-10-26, 13:43:56, 8.85e-13, 8.77e-11
2019-10-26, 13:44:01, 8.73e-13, 8.82e-11
2019-10-26, 13:44:05, 9.72e-13, 8.75e-11
2019-10-26, 13:44:09, 9.88e-13, 8.73e-11
2019-10-26, 13:44:13, 9.67e-13, 8.75e-11
2019-10-26, 13:44:17, 1.02e-12, 8.77e-11
2019-10-26, 13:44:22, 9.85e-13, 8.82e-11
2019-10-26, 13:44:26, 8.5e-13, 8.8e-11
2019-10-26, 13:44:30, 1e-12, 8.76e-11
2019-10-26, 13:44:34, 9.19e-13, 8.73e-11
2019-10-26, 13:44:39, 9.7e-13, 8.76e-11
2019-10-26, 13:44:43, 9.77e-13, 8.75e-11
2019-10-26, 13:44:47, 1.03e-12, 8.8e-11
2019-10-26, 13:44:51, 1.11e-12, 8.8e-11
2019-10-26, 13:44:55, 1.02e-12, 8.78e-11
2019-10-26, 13:45:00, 9.55e-13, 8.82e-11
2019-10-26, 13:45:04, 1.1e-12, 8.75e-11
2019-10-26, 13:45:08, 9.61e-13, 8.77e-11
2019-10-26, 13:45:12, 8.6e-13, 8.75e-11
2019-10-26, 13:45:17, 9.88e-13, 8.8e-11
2019-10-26, 13:45:21, 9.78e-13, 8.75e-11
2019-10-26, 13:45:25, 8.8e-13, 8.8e-11
2019-10-26, 13:45:29, 9.64e-13, 8.77e-11
2019-10-26, 13:45:33, 1.01e-12, 8.73e-11
2019-10-26, 13:45:38, 9.33e-13, 8.74e-11
2019-10-26, 13:45:42, 9.9e-13, 8.78e-11
2019-10-26, 13:45:46, 1.03e-12, 8.85e-11
2019-10-26, 13:45:50, 8.38e-13, 8.83e-11
2019-10-26, 13:45:55, 9.19e-13, 8.69e-11
2019-10-26, 13:45:59, 9.95e-13, 8.8e-11
2019-10-26, 13:46:03, 9.99e-13, 8.75e-11
2019-10-26, 13:46:07, 9.5e-13, 8.78e-11
2019-10-26, 13:46:11, 9.57e-13, 8.78e-11
2019-10-26, 13:46:16, 9.95e-13, 8.77e-11
2019-10-26, 13:46:20, 9.48e-13, 8.81e-11
2019-10-26, 13:46:24, 9.4e-13, 8.76e-11
2019-10-26, 13:46:28, 9.99e-13, 8.71e-11
2019-10-26, 13:46:33, 1.01e-12, 8.75e-11
2019-10-26, 13:46:37, 9.44e-13, 8.73e-11
2019-10-26, 13:46:41, 9.46e-13, 8.81e-11
2019-10-26, 13:46:45, 9.73e-13, 8.78e-11
2019-10-26, 13:46:49, 1.01e-12, 8.83e-11
2019-10-26, 13:46:54, 9.33e-13, 8.79e-11
2019-10-26, 13:46:58, 9.66e-13, 8.74e-11
2019-10-26, 13:47:02, 9.65e-13, 8.74e-11
2019-10-26, 13:47:06, 9.32e-13, 8.79e-11
2019-10-26, 13:47:11, 9.93e-13, 8.84e-11
2019-10-26, 13:47:15, 9.34e-13, 8.81e-11
2019-10-26, 13:47:19, 9.65e-13, 8.77e-11
2019-10-26, 13:47:23, 9.45e-13, 8.8e-11
2019-10-26, 13:47:27, 9.91e-13, 8.75e-11
2019-10-26, 13:47:32, 9.87e-13, 8.74e-11
2019-10-26, 13:47:36, 9.55e-13, 8.74e-11
2019-10-26, 13:47:40, 1e-12, 8.74e-11
2019-10-26, 13:47:44, 9.55e-13, 8.77e-11
2019-10-26, 13:47:49, 9.74e-13, 8.79e-11
2019-10-26, 13:47:53, 1.11e-12, 8.73e-11
2019-10-26, 13:47:57, 9.29e-13, 8.75e-11
2019-10-26, 13:48:01, 1.03e-12, 8.72e-11
2019-10-26, 13:48:05, 9.28e-13, 8.77e-11
2019-10-26, 13:48:10, 9.97e-13, 8.74e-11
2019-10-26, 13:48:14, 9.88e-13, 8.77e-11
2019-10-26, 13:48:18, 9.28e-13, 8.79e-11
2019-10-26, 13:48:22, 1.01e-12, 8.79e-11
2019-10-26, 13:48:26, 1.02e-12, 8.78e-11
2019-10-26, 13:48:31, 9.8e-13, 8.74e-11
2019-10-26, 13:48:35, 9.77e-13, 8.75e-11
2019-10-26, 13:48:39, 9.64e-13, 8.74e-11
2019-10-26, 13:48:43, 1.02e-12, 8.72e-11
2019-10-26, 13:48:48, 9.74e-13, 8.84e-11
2019-10-26, 13:48:52, 9.41e-13, 8.78e-11
2019-10-26, 13:48:56, 9.82e-13, 8.78e-11
2019-10-26, 13:49:00, 1.02e-12, 8.74e-11
2019-10-26, 13:49:04, 9.87e-13, 8.78e-11
2019-10-26, 13:49:09, 1.01e-12, 8.74e-11
2019-10-26, 13:49:13, 9.79e-13, 8.77e-11
2019-10-26, 13:49:17, 1e-12, 8.72e-11
2019-10-26, 13:49:21, 9.9e-13, 8.81e-11
2019-10-26, 13:49:26, 9.81e-13, 8.82e-11
2019-10-26, 13:49:30, 9.95e-13, 8.77e-11
2019-10-26, 13:49:34, 9.71e-13, 8.74e-11
2019-10-26, 13:49:38, 9.83e-13, 8.8e-11
2019-10-26, 13:49:42, 1.01e-12, 8.85e-11
2019-10-26, 13:49:47, 9.53e-13, 8.79e-11
2019-10-26, 13:49:51, 9.32e-13, 8.8e-11
2019-10-26, 13:49:55, 9.8e-13, 8.7e-11
2019-10-26, 13:49:59, 1e-12, 8.73e-11
2019-10-26, 13:50:04, 9.37e-13, 8.77e-11
2019-10-26, 13:50:08, 9.78e-13, 8.81e-11
2019-10-26, 13:50:12, 8.61e-13, 8.75e-11
2019-10-26, 13:50:16, 1.07e-12, 8.76e-11
2019-10-26, 13:50:20, 9.67e-13, 8.76e-11
2019-10-26, 13:50:25, 9.85e-13, 8.83e-11
2019-10-26, 13:50:29, 1.03e-12, 8.8e-11
2019-10-26, 13:50:33, 9.61e-13, 8.78e-11
2019-10-26, 13:50:37, 9.62e-13, 8.76e-11
2019-10-26, 13:50:42, 9.76e-13, 8.76e-11
2019-10-26, 13:50:46, 9.79e-13, 8.78e-11
2019-10-26, 13:50:50, 9.72e-13, 8.77e-11
2019-10-26, 13:50:54, 9.75e-13, 8.75e-11
2019-10-26, 13:50:58, 9.56e-13, 8.74e-11
2019-10-26, 13:51:03, 1.01e-12, 8.79e-11
2019-10-26, 13:51:07, 1e-12, 8.76e-11
2019-10-26, 13:51:11, 9.32e-13, 8.72e-11
2019-10-26, 13:51:15, 9.81e-13, 8.78e-11
2019-10-26, 13:51:20, 9.79e-13, 8.75e-11
2019-10-26, 13:51:24, 9.4e-13, 8.77e-11
2019-10-26, 13:51:28, 9.44e-13, 8.73e-11
2019-10-26, 13:51:32, 9.59e-13, 8.79e-11
2019-10-26, 13:51:36, 9.84e-13, 8.78e-11
2019-10-26, 13:51:41, 9.45e-13, 8.79e-11
2019-10-26, 13:51:45, 8.72e-13, 8.79e-11
2019-10-26, 13:51:49, 1e-12, 8.8e-11
2019-10-26, 13:51:53, 9.86e-13, 8.82e-11
2019-10-26, 13:51:57, 9.03e-13, 8.8e-11
2019-10-26, 13:52:02, 9.91e-13, 8.71e-11
2019-10-26, 13:52:06, 9.49e-13, 8.73e-11
2019-10-26, 13:52:10, 9.74e-13, 8.76e-11
2019-10-26, 13:52:14, 1.07e-12, 8.76e-11
2019-10-26, 13:52:19, 9.85e-13, 8.78e-11
2019-10-26, 13:52:23, 9.92e-13, 8.75e-11
2019-10-26, 13:52:27, 9.29e-13, 8.72e-11
2019-10-26, 13:52:31, 9.52e-13, 8.75e-11
2019-10-26, 13:52:35, 9.94e-13, 8.79e-11
2019-10-26, 13:52:40, 1.01e-12, 8.76e-11
2019-10-26, 13:52:44, 9.65e-13, 8.73e-11
2019-10-26, 13:52:48, 9.98e-13, 8.77e-11
2019-10-26, 13:52:52, 9.6e-13, 8.83e-11
2019-10-26, 13:52:57, 9.45e-13, 8.76e-11
2019-10-26, 13:53:01, 9.68e-13, 8.78e-11
2019-10-26, 13:53:05, 9.93e-13, 8.81e-11
2019-10-26, 13:53:09, 1e-12, 8.82e-11
2019-10-26, 13:53:13, 9.67e-13, 8.82e-11
2019-10-26, 13:53:18, 9.3e-13, 8.82e-11
2019-10-26, 13:53:22, 9.67e-13, 8.81e-11
2019-10-26, 13:53:26, 9.67e-13, 8.84e-11
2019-10-26, 13:53:30, 9.75e-13, 8.82e-11
2019-10-26, 13:53:35, 9.54e-13, 8.84e-11
2019-10-26, 13:53:39, 9.43e-13, 8.85e-11
2019-10-26, 13:53:43, 9.19e-13, 8.82e-11
2019-10-26, 13:53:47, 9.26e-13, 8.8e-11
2019-10-26, 13:53:51, 1.03e-12, 8.83e-11
2019-10-26, 13:53:56, 1.06e-12, 8.83e-11
2019-10-26, 13:54:00, 9.46e-13, 8.83e-11
2019-10-26, 13:54:04, 1e-12, 8.82e-11
2019-10-26, 13:54:08, 1.03e-12, 8.82e-11
2019-10-26, 13:54:13, 9.11e-13, 8.84e-11
2019-10-26, 13:54:17, 9.93e-13, 8.84e-11
2019-10-26, 13:54:21, 9.62e-13, 8.87e-11
2019-10-26, 13:54:25, 1e-12, 8.83e-11
2019-10-26, 13:54:29, 9.86e-13, 8.8e-11
2019-10-26, 13:54:34, 1e-12, 8.81e-11
2019-10-26, 13:54:38, 9.59e-13, 8.86e-11
2019-10-26, 13:54:42, 9.13e-13, 8.83e-11
2019-10-26, 13:54:46, 9.45e-13, 8.79e-11
2019-10-26, 13:54:51, 9.18e-13, 8.76e-11
2019-10-26, 13:54:55, 9.57e-13, 8.85e-11
2019-10-26, 13:54:59, 9.44e-13, 8.76e-11
2019-10-26, 13:55:03, 9.72e-13, 8.83e-11
2019-10-26, 13:55:07, 9.59e-13, 8.86e-11
2019-10-26, 13:55:12, 9.75e-13, 8.88e-11
2019-10-26, 13:55:16, 9.15e-13, 8.81e-11
2019-10-26, 13:55:20, 1e-12, 8.85e-11
2019-10-26, 13:55:24, 9.04e-13, 8.87e-11
2019-10-26, 13:55:29, 9.57e-13, 8.85e-11
2019-10-26, 13:55:33, 9.79e-13, 8.9e-11
2019-10-26, 13:55:37, 9.68e-13, 8.84e-11
2019-10-26, 13:55:41, 9.88e-13, 8.81e-11
2019-10-26, 13:55:45, 1.09e-12, 8.82e-11
2019-10-26, 13:55:50, 9.74e-13, 8.8e-11
2019-10-26, 13:55:54, 9.41e-13, 8.83e-11
2019-10-26, 13:55:58, 9.67e-13, 8.79e-11
2019-10-26, 13:56:02, 9.65e-13, 8.82e-11
2019-10-26, 13:56:07, 9.52e-13, 8.84e-11
2019-10-26, 13:56:11, 9.64e-13, 8.85e-11
2019-10-26, 13:56:15, 9.22e-13, 8.86e-11
2019-10-26, 13:56:19, 9.2e-13, 8.83e-11
2019-10-26, 13:56:23, 9.49e-13, 8.81e-11
2019-10-26, 13:56:28, 9.71e-13, 8.81e-11
2019-10-26, 13:56:32, 9.71e-13, 8.78e-11
2019-10-26, 13:56:36, 9.61e-13, 8.83e-11
2019-10-26, 13:56:40, 1.07e-12, 8.81e-11
2019-10-26, 13:56:45, 9.8e-13, 8.81e-11
2019-10-26, 13:56:49, 1e-12, 8.84e-11
2019-10-26, 13:56:53, 1.02e-12, 8.84e-11
2019-10-26, 13:56:57, 1.01e-12, 8.82e-11
2019-10-26, 13:57:01, 9.66e-13, 8.81e-11
2019-10-26, 13:57:06, 1.05e-12, 8.82e-11
2019-10-26, 13:57:10, 1.06e-12, 8.8e-11
2019-10-26, 13:57:14, 9.94e-13, 8.84e-11
2019-10-26, 13:57:18, 9.5e-13, 8.78e-11
2019-10-26, 13:57:23, 9.61e-13, 8.8e-11
2019-10-26, 13:57:27, 9.53e-13, 8.81e-11
2019-10-26, 13:57:31, 9.83e-13, 8.85e-11
2019-10-26, 13:57:35, 1.09e-12, 8.84e-11
2019-10-26, 13:57:39, 8.88e-13, 8.8e-11
2019-10-26, 13:57:44, 9.91e-13, 8.8e-11
2019-10-26, 13:57:48, 9.76e-13, 8.82e-11
2019-10-26, 13:57:52, 1.02e-12, 8.83e-11
2019-10-26, 13:57:56, 8.76e-13, 8.84e-11
2019-10-26, 13:58:01, 9.62e-13, 8.8e-11
2019-10-26, 13:58:05, 9.56e-13, 8.81e-11
2019-10-26, 13:58:09, 9.47e-13, 8.81e-11
2019-10-26, 13:58:13, 9.63e-13, 8.84e-11
2019-10-26, 13:58:17, 9.64e-13, 8.83e-11
2019-10-26, 13:58:22, 9.65e-13, 8.81e-11
2019-10-26, 13:58:26, 9.58e-13, 8.83e-11
2019-10-26, 13:58:30, 1.1e-12, 8.81e-11
2019-10-26, 13:58:34, 1.09e-12, 8.88e-11
2019-10-26, 13:58:39, 9.44e-13, 8.8e-11
2019-10-26, 13:58:43, 8.68e-13, 8.84e-11
2019-10-26, 13:58:47, 9.15e-13, 8.82e-11
2019-10-26, 13:58:51, 9.7e-13, 8.85e-11
2019-10-26, 13:58:55, 1.01e-12, 8.79e-11
2019-10-26, 13:59:00, 9.54e-13, 8.83e-11
2019-10-26, 13:59:04, 1.03e-12, 8.85e-11
2019-10-26, 13:59:08, 9.34e-13, 8.86e-11
2019-10-26, 13:59:12, 1.03e-12, 8.81e-11
2019-10-26, 13:59:16, 9.92e-13, 8.89e-11
2019-10-26, 13:59:21, 8.73e-13, 8.81e-11
2019-10-26, 13:59:25, 9.48e-13, 8.81e-11
2019-10-26, 13:59:29, 9.43e-13, 8.84e-11
2019-10-26, 13:59:33, 9.93e-13, 8.85e-11
2019-10-26, 13:59:38, 9.83e-13, 8.81e-11
2019-10-26, 13:59:42, 9.71e-13, 8.85e-11
2019-10-26, 13:59:46, 9.69e-13, 8.82e-11
2019-10-26, 13:59:50, 9.69e-13, 8.78e-11
2019-10-26, 13:59:54, 9.76e-13, 8.84e-11
2019-10-26, 13:59:59, 9.65e-13, 8.81e-11
2019-10-26, 14:00:03, 9.89e-13, 8.8e-11
2019-10-26, 14:00:07, 9.52e-13, 8.82e-11
2019-10-26, 14:00:11, 9.99e-13, 8.86e-11
2019-10-26, 14:00:16, 9.83e-13, 8.85e-11
2019-10-26, 14:00:20, 1.01e-12, 8.85e-11
2019-10-26, 14:00:24, 9.89e-13, 8.86e-11
2019-10-26, 14:00:28, 9.06e-13, 8.85e-11
2019-10-26, 14:00:32, 1e-12, 8.84e-11
2019-10-26, 14:00:37, 1.16e-12, 8.82e-11
2019-10-26, 14:00:41, 9.05e-13, 8.9e-11
2019-10-26, 14:00:45, 9.53e-13, 8.89e-11
2019-10-26, 14:00:49, 9.61e-13, 8.87e-11
2019-10-26, 14:00:54, 9.68e-13, 8.86e-11
2019-10-26, 14:00:58, 1.07e-12, 8.87e-11
2019-10-26, 14:01:02, 9.3e-13, 8.85e-11
2019-10-26, 14:01:06, 9.69e-13, 8.84e-11
2019-10-26, 14:01:10, 1.05e-12, 8.81e-11
2019-10-26, 14:01:15, 8.9e-13, 8.8e-11
2019-10-26, 14:01:19, 9.78e-13, 8.83e-11
2019-10-26, 14:01:23, 9.93e-13, 8.85e-11
2019-10-26, 14:01:27, 9.59e-13, 8.85e-11
2019-10-26, 14:01:32, 9.41e-13, 8.81e-11
2019-10-26, 14:01:36, 9.58e-13, 8.82e-11
2019-10-26, 14:01:40, 9.55e-13, 8.84e-11
2019-10-26, 14:01:44, 9.85e-13, 8.85e-11
2019-10-26, 14:01:48, 9.34e-13, 8.88e-11
2019-10-26, 14:01:53, 9.72e-13, 8.85e-11
2019-10-26, 14:01:57, 1.03e-12, 8.81e-11
2019-10-26, 14:02:01, 9.66e-13, 8.86e-11
2019-10-26, 14:02:05, 9.96e-13, 8.86e-11
2019-10-26, 14:02:10, 9.97e-13, 8.83e-11
2019-10-26, 14:02:14, 9.19e-13, 8.86e-11
2019-10-26, 14:02:18, 9.19e-13, 8.87e-11
2019-10-26, 14:02:22, 9.83e-13, 8.88e-11
2019-10-26, 14:02:26, 9.48e-13, 8.83e-11
2019-10-26, 14:02:31, 9.75e-13, 8.83e-11
2019-10-26, 14:02:35, 9.19e-13, 8.86e-11
2019-10-26, 14:02:39, 9.98e-13, 8.88e-11
2019-10-26, 14:02:43, 9.72e-13, 8.84e-11
2019-10-26, 14:02:48, 9.34e-13, 8.86e-11
2019-10-26, 14:02:52, 9.13e-13, 8.84e-11
2019-10-26, 14:02:56, 1.03e-12, 8.87e-11
2019-10-26, 14:03:00, 1.02e-12, 8.81e-11
2019-10-26, 14:03:04, 9.71e-13, 8.83e-11
2019-10-26, 14:03:09, 9.36e-13, 8.84e-11
2019-10-26, 14:03:13, 9.87e-13, 8.86e-11
2019-10-26, 14:03:17, 9.96e-13, 8.84e-11
2019-10-26, 14:03:21, 1e-12, 8.87e-11
2019-10-26, 14:03:25, 9.78e-13, 8.86e-11
2019-10-26, 14:03:30, 1.01e-12, 8.85e-11
2019-10-26, 14:03:34, 9.52e-13, 8.8e-11
2019-10-26, 14:03:38, 1.12e-12, 8.79e-11
2019-10-26, 14:03:42, 9.85e-13, 8.75e-11
2019-10-26, 14:03:47, 8.96e-13, 8.76e-11
2019-10-26, 14:03:51, 9.66e-13, 8.82e-11
2019-10-26, 14:03:55, 9.72e-13, 8.76e-11
2019-10-26, 14:03:59, 9.98e-13, 8.77e-11
2019-10-26, 14:04:03, 9.54e-13, 8.81e-11
2019-10-26, 14:04:08, 9.13e-13, 8.87e-11
2019-10-26, 14:04:12, 9.56e-13, 8.85e-11
2019-10-26, 14:04:16, 9.94e-13, 8.82e-11
2019-10-26, 14:04:20, 9.84e-13, 8.85e-11
2019-10-26, 14:04:25, 9.14e-13, 8.86e-11
2019-10-26, 14:04:29, 1e-12, 8.85e-11
2019-10-26, 14:04:33, 1e-12, 8.86e-11
2019-10-26, 14:04:37, 9.81e-13, 8.87e-11
2019-10-26, 14:04:41, 9.64e-13, 8.87e-11
2019-10-26, 14:04:46, 9.83e-13, 8.87e-11
2019-10-26, 14:04:50, 9.64e-13, 8.89e-11
2019-10-26, 14:04:54, 9.49e-13, 8.87e-11
2019-10-26, 14:04:58, 9.99e-13, 8.85e-11
2019-10-26, 14:05:03, 9.29e-13, 8.87e-11
2019-10-26, 14:05:07, 1.05e-12, 8.83e-11
2019-10-26, 14:05:11, 9.04e-13, 8.86e-11
2019-10-26, 14:05:15, 1.05e-12, 8.84e-11
2019-10-26, 14:05:19, 9.38e-13, 8.83e-11
2019-10-26, 14:05:24, 1.03e-12, 8.84e-11
2019-10-26, 14:05:28, 9.81e-13, 8.87e-11
2019-10-26, 14:05:32, 9.76e-13, 8.83e-11
2019-10-26, 14:05:36, 1.01e-12, 8.88e-11
2019-10-26, 14:05:41, 9.02e-13, 8.83e-11
2019-10-26, 14:05:45, 9.31e-13, 8.87e-11
2019-10-26, 14:05:49, 8.97e-13, 8.87e-11
2019-10-26, 14:05:53, 8.95e-13, 8.87e-11
2019-10-26, 14:05:57, 8.96e-13, 8.85e-11
2019-10-26, 14:06:02, 9.76e-13, 8.87e-11
2019-10-26, 14:06:06, 9.24e-13, 8.88e-11
2019-10-26, 14:06:10, 1.06e-12, 8.86e-11
2019-10-26, 14:06:14, 9.4e-13, 8.88e-11
2019-10-26, 14:06:19, 9.57e-13, 8.87e-11
2019-10-26, 14:06:23, 1e-12, 8.86e-11
2019-10-26, 14:06:27, 9.34e-13, 8.83e-11
2019-10-26, 14:06:31, 1.01e-12, 8.84e-11
2019-10-26, 14:06:35, 9.6e-13, 8.88e-11
2019-10-26, 14:06:40, 9.94e-13, 8.83e-11
2019-10-26, 14:06:44, 9.82e-13, 8.79e-11
2019-10-26, 14:06:48, 9.2e-13, 8.77e-11
2019-10-26, 14:06:52, 9.54e-13, 8.76e-11
2019-10-26, 14:06:56, 1e-12, 8.77e-11
2019-10-26, 14:07:01, 9.82e-13, 8.78e-11
2019-10-26, 14:07:05, 1.01e-12, 8.85e-11
2019-10-26, 14:07:09, 9.26e-13, 8.76e-11
2019-10-26, 14:07:13, 1.04e-12, 8.77e-11
2019-10-26, 14:07:18, 9.75e-13, 8.76e-11
2019-10-26, 14:07:22, 9.81e-13, 8.82e-11
2019-10-26, 14:07:26, 1e-12, 8.82e-11
2019-10-26, 14:07:30, 9.46e-13, 8.81e-11
2019-10-26, 14:07:34, 1e-12, 8.76e-11
2019-10-26, 14:07:39, 9.92e-13, 8.76e-11
2019-10-26, 14:07:43, 9.52e-13, 8.77e-11
2019-10-26, 14:07:47, 9.42e-13, 8.77e-11
2019-10-26, 14:07:51, 9.94e-13, 8.79e-11
2019-10-26, 14:07:56, 1.01e-12, 8.83e-11
2019-10-26, 14:08:00, 9.68e-13, 8.86e-11
2019-10-26, 14:08:04, 1.02e-12, 8.86e-11
2019-10-26, 14:08:08, 9.22e-13, 8.84e-11
2019-10-26, 14:08:12, 9.87e-13, 8.81e-11
2019-10-26, 14:08:17, 9.66e-13, 8.85e-11
2019-10-26, 14:08:21, 9.45e-13, 8.83e-11
2019-10-26, 14:08:25, 9.79e-13, 8.85e-11
2019-10-26, 14:08:29, 1.02e-12, 8.85e-11
2019-10-26, 14:08:34, 9.86e-13, 8.84e-11
2019-10-26, 14:08:38, 1.02e-12, 8.86e-11
2019-10-26, 14:08:42, 9.23e-13, 8.76e-11
2019-10-26, 14:08:46, 8.87e-13, 8.76e-11
2019-10-26, 14:08:50, 9.59e-13, 8.75e-11
2019-10-26, 14:08:55, 8.84e-13, 8.78e-11
2019-10-26, 14:08:59, 9.06e-13, 8.79e-11
2019-10-26, 14:09:03, 9.79e-13, 8.79e-11
2019-10-26, 14:09:07, 9.81e-13, 8.81e-11
2019-10-26, 14:09:12, 9.58e-13, 8.82e-11
2019-10-26, 14:09:16, 1.07e-12, 8.82e-11
2019-10-26, 14:09:20, 9.56e-13, 8.86e-11
2019-10-26, 14:09:24, 1.02e-12, 8.83e-11
2019-10-26, 14:09:28, 1.14e-12, 8.82e-11
2019-10-26, 14:09:33, 9.83e-13, 8.82e-11
2019-10-26, 14:09:37, 9.62e-13, 8.86e-11
2019-10-26, 14:09:41, 1.06e-12, 8.83e-11
2019-10-26, 14:09:45, 9.94e-13, 8.86e-11
2019-10-26, 14:09:50, 9.22e-13, 8.85e-11
2019-10-26, 14:09:54, 8.75e-13, 8.84e-11
2019-10-26, 14:09:58, 9.19e-13, 8.82e-11
2019-10-26, 14:10:02, 9.46e-13, 8.81e-11
2019-10-26, 14:10:06, 1.02e-12, 8.84e-11
2019-10-26, 14:10:11, 9.42e-13, 8.83e-11
2019-10-26, 14:10:15, 9.74e-13, 8.86e-11
2019-10-26, 14:10:19, 9.15e-13, 8.87e-11
2019-10-26, 14:10:23, 9.61e-13, 8.85e-11
2019-10-26, 14:10:28, 1e-12, 8.84e-11
2019-10-26, 14:10:32, 9.93e-13, 8.83e-11
2019-10-26, 14:10:36, 1e-12, 8.79e-11
2019-10-26, 14:10:40, 9.86e-13, 8.79e-11
2019-10-26, 14:10:44, 9.86e-13, 8.79e-11
2019-10-26, 14:10:49, 9.58e-13, 8.78e-11
2019-10-26, 14:10:53, 1.04e-12, 8.8e-11
2019-10-26, 14:10:57, 9.35e-13, 8.78e-11
2019-10-26, 14:11:01, 9.46e-13, 8.76e-11
2019-10-26, 14:11:06, 9.31e-13, 8.81e-11
2019-10-26, 14:11:10, 8.99e-13, 8.82e-11
2019-10-26, 14:11:14, 9.66e-13, 8.8e-11
2019-10-26, 14:11:18, 9.56e-13, 8.82e-11
2019-10-26, 14:11:22, 1.02e-12, 8.76e-11
2019-10-26, 14:11:27, 9.78e-13, 8.76e-11
2019-10-26, 14:11:31, 9.66e-13, 8.81e-11
2019-10-26, 14:11:35, 9.93e-13, 8.83e-11
2019-10-26, 14:11:39, 9.24e-13, 8.81e-11
2019-10-26, 14:11:43, 9.32e-13, 8.79e-11
2019-10-26, 14:11:48, 9.72e-13, 8.81e-11
2019-10-26, 14:11:52, 1.05e-12, 8.8e-11
2019-10-26, 14:11:56, 9.81e-13, 8.81e-11
2019-10-26, 14:12:00, 9.45e-13, 8.81e-11
2019-10-26, 14:12:05, 9.85e-13, 8.84e-11
2019-10-26, 14:12:09, 1.07e-12, 8.83e-11
2019-10-26, 14:12:13, 9.09e-13, 8.78e-11
2019-10-26, 14:12:17, 9.6e-13, 8.82e-11
2019-10-26, 14:12:22, 9.94e-13, 8.79e-11
2019-10-26, 14:12:26, 9.47e-13, 8.83e-11
2019-10-26, 14:12:30, 9.56e-13, 8.84e-11
2019-10-26, 14:12:34, 9.4e-13, 8.84e-11
2019-10-26, 14:12:38, 9.47e-13, 8.83e-11
2019-10-26, 14:12:43, 9.62e-13, 8.83e-11
2019-10-26, 14:12:47, 9.8e-13, 8.79e-11
2019-10-26, 14:12:51, 9.84e-13, 8.78e-11
2019-10-26, 14:12:55, 9.73e-13, 8.8e-11
2019-10-26, 14:12:59, 9.74e-13, 8.82e-11
2019-10-26, 14:13:04, 9.83e-13, 8.8e-11
2019-10-26, 14:13:08, 9.48e-13, 8.88e-11
2019-10-26, 14:13:12, 9.48e-13, 8.83e-11
2019-10-26, 14:13:16, 9.15e-13, 8.82e-11
2019-10-26, 14:13:21, 9.29e-13, 8.83e-11
2019-10-26, 14:13:25, 1e-12, 8.85e-11
2019-10-26, 14:13:29, 1.01e-12, 8.85e-11
2019-10-26, 14:13:33, 9.48e-13, 8.85e-11
2019-10-26, 14:13:37, 9.41e-13, 8.84e-11
2019-10-26, 14:13:42, 9.12e-13, 8.85e-11
2019-10-26, 14:13:46, 9.64e-13, 8.85e-11
2019-10-26, 14:13:50, 9.53e-13, 8.83e-11
2019-10-26, 14:13:54, 9.84e-13, 8.85e-11
2019-10-26, 14:13:59, 9.56e-13, 8.84e-11
2019-10-26, 14:14:03, 8.13e-13, 8.89e-11
2019-10-26, 14:14:07, 9.75e-13, 8.86e-11
2019-10-26, 14:14:11, 9.37e-13, 8.85e-11
2019-10-26, 14:14:15, 9.67e-13, 8.83e-11
2019-10-26, 14:14:20, 9.57e-13, 8.85e-11
2019-10-26, 14:14:24, 1.02e-12, 8.82e-11
2019-10-26, 14:14:28, 1.05e-12, 8.86e-11
2019-10-26, 14:14:32, 9.48e-13, 8.84e-11
2019-10-26, 14:14:37, 9.93e-13, 8.86e-11
2019-10-26, 14:14:41, 1.01e-12, 8.82e-11
2019-10-26, 14:14:45, 9.61e-13, 8.87e-11
2019-10-26, 14:14:49, 9.95e-13, 8.86e-11
2019-10-26, 14:14:53, 8.71e-13, 8.82e-11
2019-10-26, 14:14:58, 9.84e-13, 8.83e-11
2019-10-26, 14:15:02, 1.03e-12, 8.84e-11
2019-10-26, 14:15:06, 9.54e-13, 8.8e-11
2019-10-26, 14:15:10, 1.04e-12, 8.8e-11
2019-10-26, 14:15:15, 9.7e-13, 8.74e-11
2019-10-26, 14:15:19, 1.03e-12, 8.78e-11
2019-10-26, 14:15:23, 9.06e-13, 8.74e-11
2019-10-26, 14:15:27, 9.71e-13, 8.74e-11
2019-10-26, 14:15:31, 9.7e-13, 8.74e-11
2019-10-26, 14:15:36, 9.46e-13, 8.84e-11
2019-10-26, 14:15:40, 9.78e-13, 8.79e-11
2019-10-26, 14:15:44, 9.89e-13, 8.78e-11
2019-10-26, 14:15:48, 1.02e-12, 8.77e-11
2019-10-26, 14:15:53, 9.65e-13, 8.81e-11
2019-10-26, 14:15:57, 1.01e-12, 8.83e-11
2019-10-26, 14:16:01, 1.01e-12, 8.85e-11
2019-10-26, 14:16:05, 9.73e-13, 8.84e-11
2019-10-26, 14:16:09, 9.95e-13, 8.85e-11
2019-10-26, 14:16:14, 9.95e-13, 8.88e-11
2019-10-26, 14:16:18, 1.07e-12, 8.87e-11
2019-10-26, 14:16:22, 9.86e-13, 8.83e-11
2019-10-26, 14:16:26, 9.91e-13, 8.86e-11
2019-10-26, 14:16:31, 9.82e-13, 8.88e-11
2019-10-26, 14:16:35, 9.72e-13, 8.88e-11
2019-10-26, 14:16:39, 9.51e-13, 8.85e-11
2019-10-26, 14:16:43, 9.09e-13, 8.87e-11
2019-10-26, 14:16:47, 9.84e-13, 8.89e-11
2019-10-26, 14:16:52, 9.48e-13, 8.86e-11
2019-10-26, 14:16:56, 1.01e-12, 8.88e-11
2019-10-26, 14:17:00, 8.75e-13, 8.9e-11
2019-10-26, 14:17:04, 9.22e-13, 8.88e-11
2019-10-26, 14:17:08, 9.31e-13, 8.88e-11
2019-10-26, 14:17:13, 9.47e-13, 8.9e-11
2019-10-26, 14:17:17, 9.51e-13, 8.85e-11
2019-10-26, 14:17:21, 1.09e-12, 8.86e-11
2019-10-26, 14:17:25, 9.8e-13, 8.88e-11
2019-10-26, 14:17:30, 9.26e-13, 8.83e-11
2019-10-26, 14:17:34, 1.01e-12, 8.91e-11
2019-10-26, 14:17:38, 9.74e-13, 8.85e-11
2019-10-26, 14:17:42, 9.51e-13, 8.85e-11
2019-10-26, 14:17:47, 9.79e-13, 8.86e-11
2019-10-26, 14:17:51, 9.71e-13, 8.83e-11
2019-10-26, 14:17:55, 9.46e-13, 8.86e-11
2019-10-26, 14:17:59, 1.02e-12, 8.85e-11
2019-10-26, 14:18:03, 1.03e-12, 8.85e-11
2019-10-26, 14:18:08, 9.39e-13, 8.88e-11
2019-10-26, 14:18:12, 9.46e-13, 8.89e-11
2019-10-26, 14:18:16, 9.5e-13, 8.88e-11
2019-10-26, 14:18:20, 9.57e-13, 8.85e-11
2019-10-26, 14:18:24, 9.51e-13, 8.88e-11
2019-10-26, 14:18:29, 9.93e-13, 8.86e-11
2019-10-26, 14:18:33, 8e-13, 8.85e-11
2019-10-26, 14:18:37, 9e-13, 8.82e-11
2019-10-26, 14:18:41, 9.77e-13, 8.83e-11
2019-10-26, 14:18:46, 9.73e-13, 8.89e-11
2019-10-26, 14:18:50, 9.25e-13, 8.87e-11
2019-10-26, 14:18:54, 9.93e-13, 8.86e-11
2019-10-26, 14:18:58, 9.49e-13, 8.87e-11
2019-10-26, 14:19:02, 9.47e-13, 8.9e-11
2019-10-26, 14:19:07, 9.85e-13, 8.89e-11
2019-10-26, 14:19:11, 9.42e-13, 8.88e-11
2019-10-26, 14:19:15, 1.01e-12, 8.87e-11
2019-10-26, 14:19:19, 9.68e-13, 8.85e-11
2019-10-26, 14:19:24, 9.95e-13, 8.86e-11
2019-10-26, 14:19:28, 9.59e-13, 8.84e-11
2019-10-26, 14:19:32, 9.99e-13, 8.84e-11
2019-10-26, 14:19:36, 8.85e-13, 8.8e-11
2019-10-26, 14:19:40, 9.75e-13, 8.83e-11
2019-10-26, 14:19:45, 1e-12, 8.86e-11
2019-10-26, 14:19:49, 1e-12, 8.88e-11
2019-10-26, 14:19:53, 9.87e-13, 8.87e-11
2019-10-26, 14:19:57, 9.81e-13, 8.89e-11
2019-10-26, 14:20:02, 1e-12, 8.88e-11
2019-10-26, 14:20:06, 9.4e-13, 8.91e-11
2019-10-26, 14:20:10, 9.56e-13, 8.8e-11
2019-10-26, 14:20:14, 9.43e-13, 8.86e-11
2019-10-26, 14:20:18, 9.48e-13, 8.84e-11
2019-10-26, 14:20:23, 9.44e-13, 8.87e-11
2019-10-26, 14:20:27, 1.03e-12, 8.82e-11
2019-10-26, 14:20:31, 1e-12, 8.86e-11
2019-10-26, 14:20:35, 9.97e-13, 8.87e-11
2019-10-26, 14:20:40, 9.4e-13, 8.87e-11
2019-10-26, 14:20:44, 9.47e-13, 8.81e-11
2019-10-26, 14:20:48, 9.59e-13, 8.79e-11
2019-10-26, 14:20:52, 9.95e-13, 8.84e-11
2019-10-26, 14:20:56, 9.73e-13, 8.82e-11
2019-10-26, 14:21:01, 9.69e-13, 8.85e-11
2019-10-26, 14:21:05, 9.74e-13, 8.84e-11
2019-10-26, 14:21:09, 9.72e-13, 8.83e-11
2019-10-26, 14:21:13, 9.75e-13, 8.85e-11
2019-10-26, 14:21:18, 9.55e-13, 8.87e-11
2019-10-26, 14:21:22, 1.03e-12, 8.88e-11
2019-10-26, 14:21:26, 8.98e-13, 8.81e-11
2019-10-26, 14:21:30, 9.24e-13, 8.86e-11
2019-10-26, 14:21:34, 9.57e-13, 8.8e-11
2019-10-26, 14:21:39, 9.22e-13, 8.83e-11
2019-10-26, 14:21:43, 1.01e-12, 8.83e-11
2019-10-26, 14:21:47, 1.02e-12, 8.85e-11
2019-10-26, 14:21:51, 1.02e-12, 8.86e-11
2019-10-26, 14:21:56, 9.13e-13, 8.88e-11
2019-10-26, 14:22:00, 9.86e-13, 8.87e-11
2019-10-26, 14:22:04, 9.72e-13, 8.87e-11
2019-10-26, 14:22:08, 9.77e-13, 8.85e-11
2019-10-26, 14:22:12, 9.39e-13, 8.86e-11
2019-10-26, 14:22:17, 9.8e-13, 8.82e-11
2019-10-26, 14:22:21, 1.04e-12, 8.88e-11
2019-10-26, 14:22:25, 9.4e-13, 8.8e-11
2019-10-26, 14:22:29, 9.8e-13, 8.85e-11
2019-10-26, 14:22:34, 8.32e-13, 8.88e-11
2019-10-26, 14:22:38, 8.96e-13, 8.87e-11
2019-10-26, 14:22:42, 9.56e-13, 8.84e-11
2019-10-26, 14:22:46, 9.92e-13, 8.83e-11
2019-10-26, 14:22:50, 1.01e-12, 8.92e-11
2019-10-26, 14:22:55, 1.01e-12, 8.87e-11
2019-10-26, 14:22:59, 1.01e-12, 8.82e-11
2019-10-26, 14:23:03, 9.47e-13, 8.86e-11
2019-10-26, 14:23:07, 9.45e-13, 8.85e-11
2019-10-26, 14:23:12, 9.45e-13, 8.85e-11
2019-10-26, 14:23:16, 9.65e-13, 8.86e-11
2019-10-26, 14:23:20, 1e-12, 8.82e-11
2019-10-26, 14:23:24, 9.66e-13, 8.83e-11
2019-10-26, 14:23:28, 9.59e-13, 8.85e-11
2019-10-26, 14:23:33, 9.69e-13, 8.85e-11
2019-10-26, 14:23:37, 9.05e-13, 8.84e-11
2019-10-26, 14:23:41, 9.93e-13, 8.86e-11
2019-10-26, 14:23:45, 9.2e-13, 8.9e-11
2019-10-26, 14:23:49, 9.78e-13, 8.84e-11
2019-10-26, 14:23:54, 9.45e-13, 8.87e-11
2019-10-26, 14:23:58, 9.58e-13, 8.88e-11
2019-10-26, 14:24:02, 9.28e-13, 8.86e-11
2019-10-26, 14:24:06, 1.01e-12, 8.86e-11
2019-10-26, 14:24:11, 9.87e-13, 8.85e-11
2019-10-26, 14:24:15, 9.44e-13, 8.84e-11
2019-10-26, 14:24:19, 1.02e-12, 8.88e-11
2019-10-26, 14:24:23, 1.03e-12, 8.88e-11
2019-10-26, 14:24:27, 1.01e-12, 8.86e-11
2019-10-26, 14:24:32, 1.03e-12, 8.86e-11
2019-10-26, 14:24:36, 9.63e-13, 8.83e-11
2019-10-26, 14:24:40, 1.07e-12, 8.84e-11
2019-10-26, 14:24:44, 9.65e-13, 8.83e-11
2019-10-26, 14:24:49, 9.46e-13, 8.82e-11
2019-10-26, 14:24:53, 9.64e-13, 8.88e-11
2019-10-26, 14:24:57, 9.7e-13, 8.86e-11
2019-10-26, 14:25:01, 9.39e-13, 8.81e-11
2019-10-26, 14:25:05, 8.9e-13, 8.81e-11
2019-10-26, 14:25:10, 9.68e-13, 8.86e-11
2019-10-26, 14:25:14, 1.01e-12, 8.88e-11
2019-10-26, 14:25:18, 9.64e-13, 8.86e-11
2019-10-26, 14:25:22, 9.56e-13, 8.83e-11
2019-10-26, 14:25:27, 9.35e-13, 8.85e-11
2019-10-26, 14:25:31, 9.91e-13, 8.81e-11
2019-10-26, 14:25:35, 1.09e-12, 8.86e-11
2019-10-26, 14:25:39, 9.62e-13, 8.87e-11
2019-10-26, 14:25:43, 9.43e-13, 8.84e-11
2019-10-26, 14:25:48, 9.65e-13, 8.8e-11
2019-10-26, 14:25:52, 1.1e-12, 8.86e-11
2019-10-26, 14:25:56, 1.14e-12, 8.82e-11
2019-10-26, 14:26:00, 9.11e-13, 8.89e-11
2019-10-26, 14:26:05, 9.51e-13, 8.84e-11
2019-10-26, 14:26:09, 9.35e-13, 8.83e-11
2019-10-26, 14:26:13, 9.49e-13, 8.86e-11
2019-10-26, 14:26:17, 9.06e-13, 8.86e-11
2019-10-26, 14:26:21, 1.01e-12, 8.84e-11
2019-10-26, 14:26:26, 9.64e-13, 8.85e-11
2019-10-26, 14:26:30, 9.67e-13, 8.85e-11
2019-10-26, 14:26:34, 9.25e-13, 8.84e-11
2019-10-26, 14:26:38, 9.55e-13, 8.83e-11
2019-10-26, 14:26:43, 1.05e-12, 8.85e-11
2019-10-26, 14:26:47, 9.75e-13, 8.85e-11
2019-10-26, 14:26:51, 9.87e-13, 8.83e-11
2019-10-26, 14:26:55, 1.04e-12, 8.83e-11
2019-10-26, 14:26:59, 9.91e-13, 8.84e-11
2019-10-26, 14:27:04, 9.99e-13, 8.85e-11
2019-10-26, 14:27:08, 9.56e-13, 8.87e-11
2019-10-26, 14:27:12, 9.76e-13, 8.85e-11
2019-10-26, 14:27:16, 9.69e-13, 8.84e-11
2019-10-26, 14:27:21, 9.84e-13, 8.82e-11
2019-10-26, 14:27:25, 1.03e-12, 8.85e-11
2019-10-26, 14:27:29, 9.23e-13, 8.85e-11
2019-10-26, 14:27:33, 9.52e-13, 8.86e-11
2019-10-26, 14:27:37, 9.37e-13, 8.83e-11
2019-10-26, 14:27:42, 9.75e-13, 8.83e-11
2019-10-26, 14:27:46, 9.99e-13, 8.83e-11
2019-10-26, 14:27:50, 9.75e-13, 8.89e-11
2019-10-26, 14:27:54, 1.01e-12, 8.84e-11
2019-10-26, 14:27:59, 9.38e-13, 8.88e-11
2019-10-26, 14:28:03, 9.3e-13, 8.8e-11
2019-10-26, 14:28:07, 9.9e-13, 8.83e-11
2019-10-26, 14:28:11, 1.02e-12, 8.81e-11
2019-10-26, 14:28:15, 9.57e-13, 8.83e-11
2019-10-26, 14:28:20, 9.67e-13, 8.83e-11
2019-10-26, 14:28:24, 9.23e-13, 8.87e-11
2019-10-26, 14:28:28, 1.05e-12, 8.87e-11
2019-10-26, 14:28:32, 1.02e-12, 8.8e-11
2019-10-26, 14:28:36, 9.7e-13, 8.82e-11
2019-10-26, 14:28:41, 9.62e-13, 8.82e-11
2019-10-26, 14:28:45, 9.77e-13, 8.84e-11
2019-10-26, 14:28:49, 9.72e-13, 8.85e-11
2019-10-26, 14:28:53, 9.71e-13, 8.83e-11
2019-10-26, 14:28:58, 9.56e-13, 8.83e-11
2019-10-26, 14:29:02, 9.36e-13, 8.83e-11
2019-10-26, 14:29:06, 9.36e-13, 8.82e-11
2019-10-26, 14:29:10, 9.35e-13, 8.84e-11
2019-10-26, 14:29:14, 1.01e-12, 8.81e-11
2019-10-26, 14:29:19, 1.01e-12, 8.79e-11
2019-10-26, 14:29:23, 1e-12, 8.72e-11
2019-10-26, 14:29:27, 9.29e-13, 8.74e-11
2019-10-26, 14:29:31, 8.99e-13, 8.77e-11
2019-10-26, 14:29:36, 9.29e-13, 8.73e-11
2019-10-26, 14:29:40, 9.88e-13, 8.81e-11
2019-10-26, 14:29:44, 9.59e-13, 8.76e-11
2019-10-26, 14:29:48, 9.37e-13, 8.74e-11
2019-10-26, 14:29:52, 9.89e-13, 8.81e-11
2019-10-26, 14:29:57, 1e-12, 8.8e-11
2019-10-26, 14:30:01, 9.99e-13, 8.79e-11
2019-10-26, 14:30:05, 9.43e-13, 8.82e-11
2019-10-26, 14:30:09, 9.31e-13, 8.82e-11
2019-10-26, 14:30:14, 9.8e-13, 8.85e-11
2019-10-26, 14:30:18, 9.97e-13, 8.84e-11
2019-10-26, 14:30:22, 1.04e-12, 8.83e-11
2019-10-26, 14:30:26, 9.41e-13, 8.79e-11
2019-10-26, 14:30:30, 9.73e-13, 8.82e-11
2019-10-26, 14:30:35, 9.51e-13, 8.82e-11
2019-10-26, 14:30:39, 9.64e-13, 8.76e-11
2019-10-26, 14:30:43, 9.4e-13, 8.87e-11
2019-10-26, 14:30:47, 8.94e-13, 8.8e-11
2019-10-26, 14:30:52, 1.02e-12, 8.82e-11
2019-10-26, 14:30:56, 9.74e-13, 8.83e-11
2019-10-26, 14:31:00, 1.02e-12, 8.86e-11
2019-10-26, 14:31:04, 9.55e-13, 8.87e-11
2019-10-26, 14:31:08, 9.62e-13, 8.83e-11
2019-10-26, 14:31:13, 9.3e-13, 8.84e-11
2019-10-26, 14:31:17, 9.54e-13, 8.82e-11
2019-10-26, 14:31:21, 9.58e-13, 8.78e-11
2019-10-26, 14:31:25, 9.18e-13, 8.81e-11
2019-10-26, 14:31:30, 1.1e-12, 8.85e-11
2019-10-26, 14:31:34, 9.98e-13, 8.84e-11
2019-10-26, 14:31:38, 9.05e-13, 8.78e-11
2019-10-26, 14:31:42, 9.73e-13, 8.81e-11
2019-10-26, 14:31:46, 9.46e-13, 8.83e-11
2019-10-26, 14:31:51, 9.31e-13, 8.87e-11
2019-10-26, 14:31:55, 1.01e-12, 8.86e-11
2019-10-26, 14:31:59, 9.45e-13, 8.8e-11
2019-10-26, 14:32:03, 1e-12, 8.82e-11
2019-10-26, 14:32:07, 9.62e-13, 8.84e-11
2019-10-26, 14:32:12, 9.85e-13, 8.83e-11
2019-10-26, 14:32:16, 9.68e-13, 8.83e-11
2019-10-26, 14:32:20, 9.23e-13, 8.83e-11
2019-10-26, 14:32:24, 9.39e-13, 8.8e-11
2019-10-26, 14:32:29, 9.47e-13, 8.82e-11
2019-10-26, 14:32:33, 9.85e-13, 8.84e-11
2019-10-26, 14:32:37, 1.08e-12, 8.83e-11
2019-10-26, 14:32:41, 1.04e-12, 8.82e-11
2019-10-26, 14:32:45, 1.01e-12, 8.89e-11
2019-10-26, 14:32:50, 1e-12, 8.86e-11
2019-10-26, 14:32:54, 9.78e-13, 8.84e-11
2019-10-26, 14:32:58, 9.5e-13, 8.87e-11
2019-10-26, 14:33:02, 9.61e-13, 8.86e-11
2019-10-26, 14:33:07, 9.53e-13, 8.86e-11
2019-10-26, 14:33:11, 1.05e-12, 8.83e-11
2019-10-26, 14:33:15, 9.02e-13, 8.89e-11
2019-10-26, 14:33:19, 9.42e-13, 8.85e-11
2019-10-26, 14:33:23, 9.96e-13, 8.79e-11
2019-10-26, 14:33:28, 9.72e-13, 8.85e-11
2019-10-26, 14:33:32, 9.36e-13, 8.83e-11
2019-10-26, 14:33:36, 9.39e-13, 8.83e-11
2019-10-26, 14:33:40, 9.77e-13, 8.82e-11
2019-10-26, 14:33:45, 1.02e-12, 8.83e-11
2019-10-26, 14:33:49, 1.09e-12, 8.84e-11
2019-10-26, 14:33:53, 9.45e-13, 8.84e-11
2019-10-26, 14:33:57, 9.65e-13, 8.83e-11
2019-10-26, 14:34:01, 1.02e-12, 8.84e-11
2019-10-26, 14:34:06, 9.85e-13, 8.84e-11
2019-10-26, 14:34:10, 9.15e-13, 8.79e-11
2019-10-26, 14:34:14, 9.76e-13, 8.85e-11
2019-10-26, 14:34:18, 9.61e-13, 8.85e-11
2019-10-26, 14:34:23, 9.48e-13, 8.87e-11
2019-10-26, 14:34:27, 9.64e-13, 8.85e-11
2019-10-26, 14:34:31, 8.45e-13, 8.81e-11
2019-10-26, 14:34:35, 1.01e-12, 8.85e-11
2019-10-26, 14:34:39, 9.32e-13, 8.82e-11
2019-10-26, 14:34:44, 9.73e-13, 8.87e-11
2019-10-26, 14:34:48, 9e-13, 8.83e-11
2019-10-26, 14:34:52, 9.6e-13, 8.84e-11
2019-10-26, 14:34:56, 9.77e-13, 8.81e-11
2019-10-26, 14:35:01, 9.96e-13, 8.84e-11
2019-10-26, 14:35:05, 9.93e-13, 8.86e-11
2019-10-26, 14:35:09, 9.8e-13, 8.84e-11
2019-10-26, 14:35:13, 9.79e-13, 8.84e-11
2019-10-26, 14:35:17, 9.5e-13, 8.85e-11
2019-10-26, 14:35:22, 9.34e-13, 8.86e-11
2019-10-26, 14:35:26, 9.55e-13, 8.87e-11
2019-10-26, 14:35:30, 9.78e-13, 8.81e-11
2019-10-26, 14:35:34, 9.61e-13, 8.83e-11
2019-10-26, 14:35:39, 1.04e-12, 8.86e-11
2019-10-26, 14:35:43, 1.01e-12, 8.88e-11
2019-10-26, 14:35:47, 9.31e-13, 8.84e-11
2019-10-26, 14:35:51, 8.94e-13, 8.84e-11
2019-10-26, 14:35:55, 1.02e-12, 8.84e-11
2019-10-26, 14:36:00, 1.02e-12, 8.87e-11
2019-10-26, 14:36:04, 1.02e-12, 8.84e-11
2019-10-26, 14:36:08, 9.67e-13, 8.87e-11
2019-10-26, 14:36:12, 9.81e-13, 8.83e-11
2019-10-26, 14:36:16, 9.96e-13, 8.85e-11
2019-10-26, 14:36:21, 9.64e-13, 8.84e-11
2019-10-26, 14:36:25, 1e-12, 8.86e-11
2019-10-26, 14:36:29, 9.92e-13, 8.86e-11
2019-10-26, 14:36:33, 1.12e-12, 8.85e-11
2019-10-26, 14:36:38, 9.92e-13, 8.79e-11
2019-10-26, 14:36:42, 9.68e-13, 8.83e-11
2019-10-26, 14:36:46, 9.98e-13, 8.81e-11
2019-10-26, 14:36:50, 9.21e-13, 8.84e-11
2019-10-26, 14:36:54, 8.34e-13, 8.8e-11
2019-10-26, 14:36:59, 1.01e-12, 8.78e-11
2019-10-26, 14:37:03, 9.68e-13, 8.81e-11
2019-10-26, 14:37:07, 9.32e-13, 8.85e-11
2019-10-26, 14:37:11, 1e-12, 8.83e-11
2019-10-26, 14:37:16, 1e-12, 8.86e-11
2019-10-26, 14:37:20, 9.24e-13, 8.84e-11
2019-10-26, 14:37:24, 9.26e-13, 8.83e-11
2019-10-26, 14:37:28, 9.89e-13, 8.8e-11
2019-10-26, 14:37:32, 9.64e-13, 8.85e-11
2019-10-26, 14:37:37, 9.47e-13, 8.84e-11
2019-10-26, 14:37:41, 9.79e-13, 8.83e-11
2019-10-26, 14:37:45, 9.55e-13, 8.84e-11
2019-10-26, 14:37:49, 9.46e-13, 8.86e-11
2019-10-26, 14:37:54, 9.45e-13, 8.82e-11
2019-10-26, 14:37:58, 1e-12, 8.86e-11
2019-10-26, 14:38:02, 9.93e-13, 8.82e-11
2019-10-26, 14:38:06, 9.51e-13, 8.84e-11
2019-10-26, 14:38:10, 9.91e-13, 8.83e-11
2019-10-26, 14:38:15, 9.95e-13, 8.83e-11
2019-10-26, 14:38:19, 9.83e-13, 8.84e-11
2019-10-26, 14:38:23, 9.34e-13, 8.87e-11
2019-10-26, 14:38:27, 9.09e-13, 8.82e-11
2019-10-26, 14:38:32, 9.19e-13, 8.85e-11
2019-10-26, 14:38:36, 9.15e-13, 8.82e-11
2019-10-26, 14:38:40, 1e-12, 8.81e-11
2019-10-26, 14:38:44, 9.35e-13, 8.81e-11
2019-10-26, 14:38:48, 9.51e-13, 8.85e-11
2019-10-26, 14:38:53, 9.65e-13, 8.83e-11
2019-10-26, 14:38:57, 8.04e-13, 8.82e-11
2019-10-26, 14:39:01, 9.44e-13, 8.83e-11
2019-10-26, 14:39:05, 9.41e-13, 8.81e-11
2019-10-26, 14:39:10, 1.01e-12, 8.83e-11
2019-10-26, 14:39:14, 1.01e-12, 8.82e-11
2019-10-26, 14:39:18, 9.96e-13, 8.87e-11
2019-10-26, 14:39:22, 9.65e-13, 8.86e-11
2019-10-26, 14:39:26, 1.03e-12, 8.81e-11
2019-10-26, 14:39:31, 9.23e-13, 8.8e-11
2019-10-26, 14:39:35, 1.01e-12, 8.82e-11
2019-10-26, 14:39:39, 9.58e-13, 8.87e-11
2019-10-26, 14:39:43, 9.63e-13, 8.82e-11
2019-10-26, 14:39:48, 1.03e-12, 8.88e-11
2019-10-26, 14:39:52, 1.02e-12, 8.84e-11
2019-10-26, 14:39:56, 1.01e-12, 8.8e-11
2019-10-26, 14:40:00, 9.85e-13, 8.87e-11
2019-10-26, 14:40:04, 9.95e-13, 8.87e-11
2019-10-26, 14:40:09, 9.89e-13, 8.83e-11
2019-10-26, 14:40:13, 1.02e-12, 8.86e-11
2019-10-26, 14:40:17, 8.68e-13, 8.85e-11
2019-10-26, 14:40:21, 9.09e-13, 8.84e-11
2019-10-26, 14:40:25, 9.79e-13, 8.87e-11
2019-10-26, 14:40:30, 9.16e-13, 8.84e-11
2019-10-26, 14:40:34, 9.38e-13, 8.84e-11
2019-10-26, 14:40:38, 8.84e-13, 8.83e-11
2019-10-26, 14:40:42, 9.77e-13, 8.84e-11
2019-10-26, 14:40:47, 1.02e-12, 8.79e-11
2019-10-26, 14:40:51, 9.71e-13, 8.8e-11
2019-10-26, 14:40:55, 9.04e-13, 8.82e-11
2019-10-26, 14:40:59, 1.1e-12, 8.86e-11
2019-10-26, 14:41:03, 8.87e-13, 8.83e-11
2019-10-26, 14:41:08, 9.46e-13, 8.82e-11
2019-10-26, 14:41:12, 9.54e-13, 8.81e-11
2019-10-26, 14:41:16, 9.84e-13, 8.81e-11
2019-10-26, 14:41:20, 9.78e-13, 8.84e-11
2019-10-26, 14:41:25, 1.04e-12, 8.85e-11
2019-10-26, 14:41:29, 9.62e-13, 8.85e-11
2019-10-26, 14:41:33, 9.7e-13, 8.85e-11
2019-10-26, 14:41:37, 1.02e-12, 8.87e-11
2019-10-26, 14:41:41, 9.74e-13, 8.81e-11
2019-10-26, 14:41:46, 9.66e-13, 8.82e-11
2019-10-26, 14:41:50, 9.52e-13, 8.85e-11
2019-10-26, 14:41:54, 1e-12, 8.9e-11
2019-10-26, 14:41:58, 1.03e-12, 8.83e-11
2019-10-26, 14:42:03, 9.54e-13, 8.84e-11
2019-10-26, 14:42:07, 9.7e-13, 8.8e-11
2019-10-26, 14:42:11, 1.02e-12, 8.83e-11
2019-10-26, 14:42:15, 9.07e-13, 8.86e-11
2019-10-26, 14:42:19, 9.91e-13, 8.81e-11
2019-10-26, 14:42:24, 9.64e-13, 8.83e-11
2019-10-26, 14:42:28, 9.76e-13, 8.87e-11
2019-10-26, 14:42:32, 9.17e-13, 8.87e-11
2019-10-26, 14:42:36, 9.15e-13, 8.9e-11
2019-10-26, 14:42:41, 1.03e-12, 8.86e-11
2019-10-26, 14:42:45, 8.16e-13, 8.87e-11
2019-10-26, 14:42:49, 9.87e-13, 8.84e-11
2019-10-26, 14:42:53, 1.03e-12, 8.79e-11
2019-10-26, 14:42:57, 9.22e-13, 8.84e-11
2019-10-26, 14:43:02, 9.35e-13, 8.83e-11
2019-10-26, 14:43:06, 9.07e-13, 8.81e-11
2019-10-26, 14:43:10, 9.44e-13, 8.87e-11
2019-10-26, 14:43:14, 1.02e-12, 8.87e-11
2019-10-26, 14:43:19, 9.61e-13, 8.85e-11
2019-10-26, 14:43:23, 8.22e-13, 8.8e-11
2019-10-26, 14:43:27, 9.5e-13, 8.86e-11
2019-10-26, 14:43:31, 9.99e-13, 8.83e-11
2019-10-26, 14:43:35, 9.53e-13, 8.82e-11
2019-10-26, 14:43:40, 1.12e-12, 8.83e-11
2019-10-26, 14:43:44, 9.65e-13, 8.86e-11
2019-10-26, 14:43:48, 1.06e-12, 8.83e-11
2019-10-26, 14:43:52, 9.82e-13, 8.82e-11
2019-10-26, 14:43:57, 9.22e-13, 8.84e-11
2019-10-26, 14:44:01, 9.76e-13, 8.82e-11
2019-10-26, 14:44:05, 9.43e-13, 8.8e-11
2019-10-26, 14:44:09, 1.02e-12, 8.88e-11
2019-10-26, 14:44:13, 9.4e-13, 8.81e-11
2019-10-26, 14:44:18, 9.5e-13, 8.83e-11
2019-10-26, 14:44:22, 1e-12, 8.8e-11
2019-10-26, 14:44:26, 8.99e-13, 8.86e-11
2019-10-26, 14:44:30, 9.65e-13, 8.8e-11
2019-10-26, 14:44:34, 1.02e-12, 8.84e-11
2019-10-26, 14:44:39, 9.62e-13, 8.84e-11
2019-10-26, 14:44:43, 9.68e-13, 8.86e-11
2019-10-26, 14:44:47, 9.5e-13, 8.8e-11
2019-10-26, 14:44:51, 9.03e-13, 8.84e-11
2019-10-26, 14:44:56, 9.32e-13, 8.83e-11
2019-10-26, 14:45:00, 9.24e-13, 8.81e-11
2019-10-26, 14:45:04, 9.18e-13, 8.8e-11
2019-10-26, 14:45:08, 1.01e-12, 8.8e-11
2019-10-26, 14:45:12, 9.89e-13, 8.82e-11
2019-10-26, 14:45:17, 9.99e-13, 8.83e-11
2019-10-26, 14:45:21, 9.8e-13, 8.81e-11
2019-10-26, 14:45:25, 9.23e-13, 8.81e-11
2019-10-26, 14:45:29, 9.53e-13, 8.85e-11
2019-10-26, 14:45:34, 9.79e-13, 8.9e-11
2019-10-26, 14:45:38, 9.06e-13, 8.82e-11
2019-10-26, 14:45:42, 9.73e-13, 8.84e-11
2019-10-26, 14:45:46, 8.95e-13, 8.81e-11
2019-10-26, 14:45:50, 9.72e-13, 8.8e-11
2019-10-26, 14:45:55, 9.63e-13, 8.82e-11
2019-10-26, 14:45:59, 9.46e-13, 8.82e-11
2019-10-26, 14:46:03, 9.49e-13, 8.86e-11
2019-10-26, 14:46:07, 1.09e-12, 8.88e-11
2019-10-26, 14:46:12, 1.02e-12, 8.83e-11
2019-10-26, 14:46:16, 9.4e-13, 8.82e-11
2019-10-26, 14:46:20, 1.03e-12, 8.84e-11
2019-10-26, 14:46:24, 9.53e-13, 8.85e-11
2019-10-26, 14:46:28, 9.91e-13, 8.8e-11
2019-10-26, 14:46:33, 1e-12, 8.84e-11
2019-10-26, 14:46:37, 9.66e-13, 8.83e-11
2019-10-26, 14:46:41, 9.27e-13, 8.85e-11
2019-10-26, 14:46:45, 1.01e-12, 8.85e-11
2019-10-26, 14:46:50, 9.64e-13, 8.87e-11
2019-10-26, 14:46:54, 9.45e-13, 8.84e-11
2019-10-26, 14:46:58, 9.99e-13, 8.85e-11
2019-10-26, 14:47:02, 9.47e-13, 8.9e-11
2019-10-26, 14:47:06, 9.68e-13, 8.88e-11
2019-10-26, 14:47:11, 9.36e-13, 8.86e-11
2019-10-26, 14:47:15, 9.61e-13, 8.85e-11
2019-10-26, 14:47:19, 1.06e-12, 8.86e-11
2019-10-26, 14:47:23, 1.05e-12, 8.86e-11
2019-10-26, 14:47:28, 9.88e-13, 8.86e-11
2019-10-26, 14:47:32, 9.67e-13, 8.83e-11
2019-10-26, 14:47:36, 9.31e-13, 8.82e-11
2019-10-26, 14:47:40, 1.03e-12, 8.82e-11
2019-10-26, 14:47:44, 9.47e-13, 8.8e-11
2019-10-26, 14:47:49, 8.9e-13, 8.8e-11
2019-10-26, 14:47:53, 9.92e-13, 8.79e-11
2019-10-26, 14:47:57, 9.82e-13, 8.82e-11
2019-10-26, 14:48:01, 9.49e-13, 8.83e-11
2019-10-26, 14:48:05, 9.82e-13, 8.83e-11
2019-10-26, 14:48:10, 8.99e-13, 8.86e-11
2019-10-26, 14:48:14, 9.02e-13, 8.83e-11
2019-10-26, 14:48:18, 9.2e-13, 8.84e-11
2019-10-26, 14:48:22, 9.32e-13, 8.83e-11
2019-10-26, 14:48:27, 9.72e-13, 8.85e-11
2019-10-26, 14:48:31, 9.61e-13, 8.84e-11
2019-10-26, 14:48:35, 9.66e-13, 8.86e-11
2019-10-26, 14:48:39, 9.68e-13, 8.8e-11
2019-10-26, 14:48:43, 9.6e-13, 8.8e-11
2019-10-26, 14:48:48, 9.38e-13, 8.84e-11
2019-10-26, 14:48:52, 9.74e-13, 8.82e-11
2019-10-26, 14:48:56, 9.52e-13, 8.83e-11
2019-10-26, 14:49:00, 1.01e-12, 8.8e-11
2019-10-26, 14:49:05, 9.23e-13, 8.83e-11
2019-10-26, 14:49:10, 9.79e-13, 8.81e-11
2019-10-26, 14:49:14, 9.46e-13, 8.83e-11
2019-10-26, 14:49:19, 8.93e-13, 8.81e-11
2019-10-26, 14:49:23, 1.01e-12, 8.88e-11
2019-10-26, 14:49:27, 1e-12, 8.85e-11
2019-10-26, 14:49:31, 9.41e-13, 8.82e-11
2019-10-26, 14:49:35, 9.89e-13, 8.85e-11
2019-10-26, 14:49:40, 9.54e-13, 8.84e-11
2019-10-26, 14:49:44, 9.88e-13, 8.86e-11
2019-10-26, 14:49:48, 9.26e-13, 8.86e-11
2019-10-26, 14:49:52, 1e-12, 8.86e-11
2019-10-26, 14:49:57, 1.06e-12, 8.88e-11
2019-10-26, 14:50:01, 9.85e-13, 8.83e-11
2019-10-26, 14:50:05, 9.22e-13, 8.76e-11
2019-10-26, 14:50:09, 9.62e-13, 8.76e-11
2019-10-26, 14:50:13, 9.61e-13, 8.78e-11
2019-10-26, 14:50:18, 9.46e-13, 8.78e-11
2019-10-26, 14:50:22, 9.18e-13, 8.78e-11
2019-10-26, 14:50:26, 9.95e-13, 8.78e-11
2019-10-26, 14:50:30, 9.88e-13, 8.78e-11
2019-10-26, 14:50:35, 1.01e-12, 8.76e-11
2019-10-26, 14:50:39, 1.03e-12, 8.81e-11
2019-10-26, 14:50:43, 9.5e-13, 8.8e-11
2019-10-26, 14:50:47, 1.02e-12, 8.83e-11
2019-10-26, 14:50:51, 1.01e-12, 8.77e-11
2019-10-26, 14:50:56, 9.63e-13, 8.76e-11
2019-10-26, 14:51:00, 1.01e-12, 8.77e-11
2019-10-26, 14:51:04, 1.03e-12, 8.83e-11
2019-10-26, 14:51:08, 9.41e-13, 8.86e-11
2019-10-26, 14:51:13, 9.87e-13, 8.81e-11
2019-10-26, 14:51:17, 1.02e-12, 8.8e-11
2019-10-26, 14:51:21, 9.85e-13, 8.81e-11
2019-10-26, 14:51:25, 1.01e-12, 8.85e-11
2019-10-26, 14:51:29, 9.27e-13, 8.84e-11
2019-10-26, 14:51:34, 9.97e-13, 8.84e-11
2019-10-26, 14:51:38, 9.63e-13, 8.83e-11
2019-10-26, 14:51:42, 1.03e-12, 8.82e-11
2019-10-26, 14:51:46, 9.96e-13, 8.84e-11
2019-10-26, 14:51:51, 9.38e-13, 8.85e-11
2019-10-26, 14:51:55, 9.79e-13, 8.85e-11
2019-10-26, 14:51:59, 1.07e-12, 8.86e-11
2019-10-26, 14:52:03, 9.87e-13, 8.87e-11
2019-10-26, 14:52:07, 9.55e-13, 8.85e-11
2019-10-26, 14:52:12, 9.6e-13, 8.88e-11
2019-10-26, 14:52:16, 1.13e-12, 8.86e-11
2019-10-26, 14:52:20, 1.02e-12, 8.85e-11
2019-10-26, 14:52:24, 9.36e-13, 8.88e-11
2019-10-26, 14:52:29, 1.03e-12, 8.86e-11
2019-10-26, 14:52:33, 9.13e-13, 8.86e-11
2019-10-26, 14:52:37, 9.82e-13, 8.86e-11
2019-10-26, 14:52:41, 9.56e-13, 8.88e-11
2019-10-26, 14:52:45, 9.46e-13, 8.84e-11
2019-10-26, 14:52:50, 9.45e-13, 8.86e-11
2019-10-26, 14:52:54, 1.04e-12, 8.83e-11
2019-10-26, 14:52:58, 9.4e-13, 8.85e-11
2019-10-26, 14:53:02, 9.81e-13, 8.82e-11
2019-10-26, 14:53:07, 9.52e-13, 8.8e-11
2019-10-26, 14:53:11, 1.01e-12, 8.8e-11
2019-10-26, 14:53:15, 9.11e-13, 8.86e-11
2019-10-26, 14:53:19, 9.46e-13, 8.86e-11
2019-10-26, 14:53:23, 9.34e-13, 8.84e-11
2019-10-26, 14:53:28, 9.93e-13, 8.82e-11
2019-10-26, 14:53:32, 1.2e-12, 8.86e-11
2019-10-26, 14:53:36, 9.59e-13, 8.82e-11
2019-10-26, 14:53:40, 9.99e-13, 8.78e-11
2019-10-26, 14:53:45, 9.85e-13, 8.82e-11
2019-10-26, 14:53:49, 9.71e-13, 8.8e-11
2019-10-26, 14:53:53, 8.47e-13, 8.79e-11
2019-10-26, 14:53:57, 1e-12, 8.81e-11
2019-10-26, 14:54:01, 9.75e-13, 8.84e-11
2019-10-26, 14:54:06, 9.47e-13, 8.84e-11
2019-10-26, 14:54:10, 1.01e-12, 8.84e-11
2019-10-26, 14:54:14, 1.03e-12, 8.88e-11
2019-10-26, 14:54:18, 9.9e-13, 8.8e-11
2019-10-26, 14:54:22, 1.01e-12, 8.77e-11
2019-10-26, 14:54:27, 9.83e-13, 8.81e-11
2019-10-26, 14:54:31, 9.62e-13, 8.87e-11
2019-10-26, 14:54:35, 9.53e-13, 8.87e-11
2019-10-26, 14:54:39, 1e-12, 8.85e-11
2019-10-26, 14:54:44, 9.57e-13, 8.86e-11
2019-10-26, 14:54:48, 1e-12, 8.81e-11
2019-10-26, 14:54:52, 9.58e-13, 8.81e-11
2019-10-26, 14:54:56, 9.93e-13, 8.82e-11
2019-10-26, 14:55:00, 9.63e-13, 8.83e-11
2019-10-26, 14:55:05, 8.99e-13, 8.83e-11
2019-10-26, 14:55:09, 9.95e-13, 8.82e-11
2019-10-26, 14:55:13, 8.94e-13, 8.81e-11
2019-10-26, 14:55:17, 9.61e-13, 8.86e-11
2019-10-26, 14:55:22, 9.9e-13, 8.79e-11
2019-10-26, 14:55:26, 8.98e-13, 8.82e-11
2019-10-26, 14:55:30, 1e-12, 8.82e-11
2019-10-26, 14:55:34, 9.51e-13, 8.86e-11
2019-10-26, 14:55:38, 9.69e-13, 8.84e-11
2019-10-26, 14:55:43, 9.5e-13, 8.84e-11
2019-10-26, 14:55:47, 9.95e-13, 8.79e-11
2019-10-26, 14:55:51, 1.02e-12, 8.8e-11
2019-10-26, 14:55:55, 9.37e-13, 8.84e-11
2019-10-26, 14:56:00, 9.79e-13, 8.83e-11
2019-10-26, 14:56:04, 9.72e-13, 8.84e-11
2019-10-26, 14:56:08, 1.07e-12, 8.83e-11
2019-10-26, 14:56:12, 9.98e-13, 8.82e-11
2019-10-26, 14:56:16, 1.08e-12, 8.83e-11
2019-10-26, 14:56:21, 9.61e-13, 8.87e-11
2019-10-26, 14:56:25, 9.95e-13, 8.82e-11
2019-10-26, 14:56:29, 9.8e-13, 8.85e-11
2019-10-26, 14:56:33, 9.17e-13, 8.81e-11
2019-10-26, 14:56:38, 9.21e-13, 8.81e-11
2019-10-26, 14:56:42, 1.01e-12, 8.81e-11
2019-10-26, 14:56:46, 1.09e-12, 8.82e-11
2019-10-26, 14:56:50, 1.02e-12, 8.86e-11
2019-10-26, 14:56:54, 1.01e-12, 8.76e-11
2019-10-26, 14:56:59, 9.22e-13, 8.73e-11
2019-10-26, 14:57:03, 1.01e-12, 8.75e-11
2019-10-26, 14:57:07, 9.03e-13, 8.66e-11
2019-10-26, 14:57:11, 1.09e-12, 8.76e-11
2019-10-26, 14:57:16, 9.38e-13, 8.76e-11
2019-10-26, 14:57:20, 9.53e-13, 8.72e-11
2019-10-26, 14:57:24, 8.93e-13, 8.82e-11
2019-10-26, 14:57:28, 9.78e-13, 8.76e-11
2019-10-26, 14:57:32, 9.31e-13, 8.8e-11
2019-10-26, 14:57:37, 9.79e-13, 8.74e-11
2019-10-26, 14:57:41, 9.74e-13, 8.79e-11
2019-10-26, 14:57:45, 1.01e-12, 8.73e-11
2019-10-26, 14:57:49, 9.49e-13, 8.71e-11
2019-10-26, 14:57:54, 8.6e-13, 8.74e-11
2019-10-26, 14:57:58, 9.75e-13, 8.78e-11
2019-10-26, 14:58:02, 9.96e-13, 8.83e-11
2019-10-26, 14:58:06, 9.06e-13, 8.77e-11
2019-10-26, 14:58:10, 9.79e-13, 8.74e-11
2019-10-26, 14:58:15, 9.89e-13, 8.78e-11
2019-10-26, 14:58:19, 9.74e-13, 8.77e-11
2019-10-26, 14:58:23, 9.6e-13, 8.78e-11
2019-10-26, 14:58:27, 9.49e-13, 8.79e-11
2019-10-26, 14:58:32, 9.72e-13, 8.79e-11
2019-10-26, 14:58:36, 9.52e-13, 8.76e-11
2019-10-26, 14:58:40, 9.36e-13, 8.79e-11
2019-10-26, 14:58:44, 9.19e-13, 8.78e-11
2019-10-26, 14:58:48, 9.21e-13, 8.79e-11
2019-10-26, 14:58:53, 9.51e-13, 8.77e-11
2019-10-26, 14:58:57, 9.39e-13, 8.8e-11
2019-10-26, 14:59:01, 9.9e-13, 8.78e-11
2019-10-26, 14:59:05, 1.03e-12, 8.82e-11
2019-10-26, 14:59:09, 9.63e-13, 8.77e-11
2019-10-26, 14:59:14, 9.48e-13, 8.75e-11
2019-10-26, 14:59:18, 9.41e-13, 8.74e-11
2019-10-26, 14:59:22, 9.6e-13, 8.76e-11
2019-10-26, 14:59:26, 9.73e-13, 8.77e-11
2019-10-26, 14:59:31, 9.82e-13, 8.78e-11
2019-10-26, 14:59:35, 1.06e-12, 8.77e-11
2019-10-26, 14:59:39, 1.11e-12, 8.8e-11
2019-10-26, 14:59:43, 9.76e-13, 8.78e-11
2019-10-26, 14:59:47, 9.42e-13, 8.79e-11
2019-10-26, 14:59:52, 9.7e-13, 8.76e-11
2019-10-26, 14:59:56, 9.55e-13, 8.77e-11
2019-10-26, 15:00:00, 9.48e-13, 8.77e-11
2019-10-26, 15:00:04, 9.17e-13, 8.81e-11
2019-10-26, 15:00:09, 9.31e-13, 8.78e-11
2019-10-26, 15:00:13, 8.75e-13, 8.8e-11
2019-10-26, 15:00:17, 9.58e-13, 8.83e-11
2019-10-26, 15:00:21, 9.67e-13, 8.85e-11
2019-10-26, 15:00:25, 1.07e-12, 8.82e-11
2019-10-26, 15:00:30, 9.6e-13, 8.82e-11
2019-10-26, 15:00:34, 1.02e-12, 8.84e-11
2019-10-26, 15:00:38, 9.74e-13, 8.83e-11
2019-10-26, 15:00:42, 9.79e-13, 8.87e-11
2019-10-26, 15:00:47, 9.52e-13, 8.81e-11
2019-10-26, 15:00:51, 9.35e-13, 8.82e-11
2019-10-26, 15:00:55, 9.94e-13, 8.86e-11
2019-10-26, 15:00:59, 9.22e-13, 8.85e-11
2019-10-26, 15:01:03, 9.88e-13, 8.84e-11
2019-10-26, 15:01:08, 9.68e-13, 8.84e-11
2019-10-26, 15:01:12, 9.63e-13, 8.83e-11
2019-10-26, 15:01:16, 9.95e-13, 8.82e-11
2019-10-26, 15:01:20, 9.95e-13, 8.82e-11
2019-10-26, 15:01:25, 9.64e-13, 8.82e-11
2019-10-26, 15:01:29, 1.04e-12, 8.81e-11
2019-10-26, 15:01:33, 1.01e-12, 8.81e-11
2019-10-26, 15:01:37, 9.81e-13, 8.83e-11
2019-10-26, 15:01:41, 9.76e-13, 8.87e-11
2019-10-26, 15:01:46, 9.86e-13, 8.83e-11
2019-10-26, 15:01:50, 9.47e-13, 8.87e-11
2019-10-26, 15:01:54, 1.07e-12, 8.87e-11
2019-10-26, 15:01:58, 1.02e-12, 8.83e-11
2019-10-26, 15:02:03, 9.17e-13, 8.86e-11
2019-10-26, 15:02:07, 9.39e-13, 8.86e-11
2019-10-26, 15:02:11, 9.35e-13, 8.85e-11
2019-10-26, 15:02:15, 9.79e-13, 8.83e-11
2019-10-26, 15:02:19, 9.59e-13, 8.84e-11
2019-10-26, 15:02:24, 9.2e-13, 8.83e-11
2019-10-26, 15:02:28, 9.94e-13, 8.81e-11
2019-10-26, 15:02:32, 9.88e-13, 8.84e-11
2019-10-26, 15:02:36, 1.01e-12, 8.83e-11
2019-10-26, 15:02:40, 9.88e-13, 8.85e-11
2019-10-26, 15:02:45, 9.86e-13, 8.86e-11
2019-10-26, 15:02:49, 1.02e-12, 8.87e-11
2019-10-26, 15:02:53, 1.01e-12, 8.87e-11
2019-10-26, 15:02:57, 9.62e-13, 8.87e-11
2019-10-26, 15:03:02, 8.47e-13, 8.88e-11
2019-10-26, 15:03:06, 9.98e-13, 8.86e-11
2019-10-26, 15:03:10, 1e-12, 8.87e-11
2019-10-26, 15:03:14, 8.96e-13, 8.85e-11
2019-10-26, 15:03:18, 9.98e-13, 8.84e-11
2019-10-26, 15:03:23, 9.88e-13, 8.86e-11
2019-10-26, 15:03:27, 9.71e-13, 8.86e-11
2019-10-26, 15:03:31, 9.17e-13, 8.9e-11
2019-10-26, 15:03:35, 9.6e-13, 8.84e-11
2019-10-26, 15:03:40, 9.84e-13, 8.85e-11
2019-10-26, 15:03:44, 1.03e-12, 8.83e-11
2019-10-26, 15:03:48, 9.44e-13, 8.84e-11
2019-10-26, 15:03:52, 1e-12, 8.84e-11
2019-10-26, 15:03:56, 9.43e-13, 8.88e-11
2019-10-26, 15:04:01, 9.53e-13, 8.85e-11
2019-10-26, 15:04:05, 9.88e-13, 8.89e-11
2019-10-26, 15:04:09, 1.15e-12, 8.84e-11
2019-10-26, 15:04:13, 9.69e-13, 8.85e-11
2019-10-26, 15:04:18, 9.5e-13, 8.86e-11
2019-10-26, 15:04:22, 9.52e-13, 8.87e-11
2019-10-26, 15:04:26, 1.03e-12, 8.88e-11
2019-10-26, 15:04:30, 9.38e-13, 8.91e-11
2019-10-26, 15:04:34, 9.96e-13, 8.84e-11
2019-10-26, 15:04:39, 9.99e-13, 8.85e-11
2019-10-26, 15:04:43, 9.74e-13, 8.86e-11
2019-10-26, 15:04:47, 1e-12, 8.89e-11
2019-10-26, 15:04:51, 9.16e-13, 8.86e-11
2019-10-26, 15:04:56, 9.93e-13, 8.87e-11
2019-10-26, 15:05:00, 9.8e-13, 8.84e-11
2019-10-26, 15:05:04, 1.02e-12, 8.82e-11
2019-10-26, 15:05:08, 9.43e-13, 8.9e-11
2019-10-26, 15:05:12, 9.79e-13, 8.87e-11
2019-10-26, 15:05:17, 1.03e-12, 8.88e-11
2019-10-26, 15:05:21, 9.82e-13, 8.86e-11
2019-10-26, 15:05:25, 1.01e-12, 8.87e-11
2019-10-26, 15:05:29, 9.7e-13, 8.87e-11
2019-10-26, 15:05:34, 9.18e-13, 8.85e-11
2019-10-26, 15:05:38, 9.67e-13, 8.89e-11
2019-10-26, 15:05:42, 9.33e-13, 8.86e-11
2019-10-26, 15:05:46, 9.79e-13, 8.85e-11
2019-10-26, 15:05:50, 9.75e-13, 8.88e-11
2019-10-26, 15:05:55, 9.67e-13, 8.89e-11
2019-10-26, 15:05:59, 1e-12, 8.83e-11
2019-10-26, 15:06:03, 9.45e-13, 8.89e-11
2019-10-26, 15:06:07, 9.99e-13, 8.86e-11
2019-10-26, 15:06:12, 9.86e-13, 8.85e-11
2019-10-26, 15:06:16, 1.02e-12, 8.89e-11
2019-10-26, 15:06:20, 1.03e-12, 8.86e-11
2019-10-26, 15:06:24, 9.84e-13, 8.86e-11
2019-10-26, 15:06:28, 9.83e-13, 8.84e-11
2019-10-26, 15:06:33, 1.01e-12, 8.88e-11
2019-10-26, 15:06:37, 9.87e-13, 8.87e-11
2019-10-26, 15:06:41, 1.02e-12, 8.86e-11
2019-10-26, 15:06:45, 9.45e-13, 8.91e-11
2019-10-26, 15:06:49, 9.72e-13, 8.88e-11
2019-10-26, 15:06:54, 1.01e-12, 8.78e-11
2019-10-26, 15:06:58, 9.48e-13, 8.8e-11
2019-10-26, 15:07:02, 9.41e-13, 8.8e-11
2019-10-26, 15:07:06, 1.06e-12, 8.81e-11
2019-10-26, 15:07:11, 9.51e-13, 8.81e-11
2019-10-26, 15:07:15, 9.31e-13, 8.9e-11
2019-10-26, 15:07:19, 9.18e-13, 8.86e-11
2019-10-26, 15:07:23, 1.1e-12, 8.9e-11
2019-10-26, 15:07:27, 9.58e-13, 8.88e-11
2019-10-26, 15:07:32, 9.49e-13, 8.85e-11
2019-10-26, 15:07:36, 9.13e-13, 8.91e-11
2019-10-26, 15:07:40, 9.4e-13, 8.87e-11
2019-10-26, 15:07:44, 9.96e-13, 8.88e-11
2019-10-26, 15:07:49, 9.39e-13, 8.86e-11
2019-10-26, 15:07:53, 9.85e-13, 8.88e-11
2019-10-26, 15:07:57, 9.92e-13, 8.9e-11
2019-10-26, 15:08:01, 1.01e-12, 8.89e-11
2019-10-26, 15:08:05, 9.65e-13, 8.88e-11
2019-10-26, 15:08:10, 9.87e-13, 8.85e-11
2019-10-26, 15:08:14, 9.91e-13, 8.87e-11
2019-10-26, 15:08:18, 1.03e-12, 8.88e-11
2019-10-26, 15:08:22, 9.58e-13, 8.86e-11
2019-10-26, 15:08:27, 9.87e-13, 8.88e-11
2019-10-26, 15:08:31, 9.77e-13, 8.89e-11
2019-10-26, 15:08:35, 9.59e-13, 8.84e-11
2019-10-26, 15:08:39, 9.83e-13, 8.84e-11
2019-10-26, 15:08:43, 9.74e-13, 8.82e-11
2019-10-26, 15:08:48, 1.01e-12, 8.83e-11
2019-10-26, 15:08:52, 1.02e-12, 8.87e-11
2019-10-26, 15:08:56, 9.17e-13, 8.87e-11
2019-10-26, 15:09:00, 1.07e-12, 8.83e-11
2019-10-26, 15:09:05, 9.8e-13, 8.83e-11
2019-10-26, 15:09:09, 9.65e-13, 8.84e-11
2019-10-26, 15:09:13, 9.45e-13, 8.84e-11
2019-10-26, 15:09:17, 9.54e-13, 8.86e-11
2019-10-26, 15:09:21, 9.77e-13, 8.82e-11
2019-10-26, 15:09:26, 9.7e-13, 8.83e-11
2019-10-26, 15:09:30, 1.06e-12, 8.82e-11
2019-10-26, 15:09:34, 9.96e-13, 8.86e-11
2019-10-26, 15:09:38, 8.89e-13, 8.83e-11
2019-10-26, 15:09:43, 1.12e-12, 8.85e-11
2019-10-26, 15:09:47, 9.95e-13, 8.91e-11
2019-10-26, 15:09:51, 9.78e-13, 8.86e-11
2019-10-26, 15:09:55, 9.72e-13, 8.84e-11
2019-10-26, 15:09:59, 9.89e-13, 8.86e-11
2019-10-26, 15:10:04, 9.67e-13, 8.85e-11
2019-10-26, 15:10:08, 9.45e-13, 8.85e-11
2019-10-26, 15:10:12, 9.44e-13, 8.84e-11
2019-10-26, 15:10:16, 8.64e-13, 8.83e-11
2019-10-26, 15:10:21, 8.6e-13, 8.87e-11
2019-10-26, 15:10:25, 9.95e-13, 8.87e-11
2019-10-26, 15:10:29, 9.53e-13, 8.85e-11
2019-10-26, 15:10:33, 9.29e-13, 8.85e-11
2019-10-26, 15:10:37, 1.02e-12, 8.88e-11
2019-10-26, 15:10:42, 1e-12, 8.86e-11
2019-10-26, 15:10:46, 1.01e-12, 8.88e-11
2019-10-26, 15:10:50, 9.62e-13, 8.87e-11
2019-10-26, 15:10:54, 9.78e-13, 8.86e-11
2019-10-26, 15:10:58, 1e-12, 8.85e-11
2019-10-26, 15:11:03, 9.47e-13, 8.84e-11
2019-10-26, 15:11:07, 9.76e-13, 8.88e-11
2019-10-26, 15:11:11, 9.21e-13, 8.83e-11
2019-10-26, 15:11:15, 9.9e-13, 8.83e-11
2019-10-26, 15:11:20, 9.92e-13, 8.87e-11
2019-10-26, 15:11:24, 1.12e-12, 8.87e-11
2019-10-26, 15:11:28, 8.65e-13, 8.84e-11
2019-10-26, 15:11:32, 9.56e-13, 8.86e-11
2019-10-26, 15:11:36, 9.14e-13, 8.85e-11
2019-10-26, 15:11:41, 9.54e-13, 8.85e-11
2019-10-26, 15:11:45, 9.2e-13, 8.84e-11
2019-10-26, 15:11:49, 9.57e-13, 8.82e-11
2019-10-26, 15:11:53, 9.33e-13, 8.86e-11
2019-10-26, 15:11:58, 9.44e-13, 8.83e-11
2019-10-26, 15:12:02, 1.06e-12, 8.85e-11
2019-10-26, 15:12:06, 9.2e-13, 8.85e-11
2019-10-26, 15:12:10, 9.87e-13, 8.86e-11
2019-10-26, 15:12:14, 9.78e-13, 8.86e-11
2019-10-26, 15:12:19, 9.73e-13, 8.84e-11
2019-10-26, 15:12:23, 1.01e-12, 8.83e-11
2019-10-26, 15:12:27, 9.43e-13, 8.86e-11
2019-10-26, 15:12:31, 9.49e-13, 8.83e-11
2019-10-26, 15:12:36, 8.6e-13, 8.88e-11
2019-10-26, 15:12:40, 8.7e-13, 8.9e-11
2019-10-26, 15:12:44, 9.64e-13, 8.91e-11
2019-10-26, 15:12:48, 1.02e-12, 8.88e-11
2019-10-26, 15:12:52, 9.58e-13, 8.87e-11
2019-10-26, 15:12:57, 9.7e-13, 8.91e-11
2019-10-26, 15:13:01, 8.7e-13, 8.92e-11
2019-10-26, 15:13:05, 9.51e-13, 8.88e-11
2019-10-26, 15:13:09, 9.36e-13, 8.9e-11
2019-10-26, 15:13:14, 9.84e-13, 8.89e-11
2019-10-26, 15:13:18, 9.23e-13, 8.9e-11
2019-10-26, 15:13:22, 9.9e-13, 8.89e-11
2019-10-26, 15:13:26, 9.73e-13, 8.91e-11
2019-10-26, 15:13:30, 9.71e-13, 8.86e-11
2019-10-26, 15:13:35, 1e-12, 8.88e-11
2019-10-26, 15:13:39, 1e-12, 8.87e-11
2019-10-26, 15:13:43, 9.66e-13, 8.85e-11
2019-10-26, 15:13:47, 9.85e-13, 8.9e-11
2019-10-26, 15:13:52, 9.13e-13, 8.84e-11
2019-10-26, 15:13:56, 1.01e-12, 8.89e-11
2019-10-26, 15:14:00, 9.59e-13, 8.84e-11
2019-10-26, 15:14:04, 9.96e-13, 8.87e-11
2019-10-26, 15:14:08, 1e-12, 8.86e-11
2019-10-26, 15:14:13, 1.04e-12, 8.91e-11
2019-10-26, 15:14:17, 9.43e-13, 8.88e-11
2019-10-26, 15:14:21, 1.03e-12, 8.85e-11
2019-10-26, 15:14:25, 9.95e-13, 8.89e-11
2019-10-26, 15:14:29, 8.58e-13, 8.85e-11
2019-10-26, 15:14:34, 9.31e-13, 8.86e-11
2019-10-26, 15:14:38, 9.61e-13, 8.86e-11
2019-10-26, 15:14:42, 9.28e-13, 8.88e-11
2019-10-26, 15:14:46, 9.89e-13, 8.87e-11
2019-10-26, 15:14:51, 9.54e-13, 8.85e-11
2019-10-26, 15:14:55, 9.8e-13, 8.88e-11
2019-10-26, 15:14:59, 9.39e-13, 8.86e-11
2019-10-26, 15:15:03, 9.63e-13, 8.85e-11
2019-10-26, 15:15:07, 1.01e-12, 8.88e-11
2019-10-26, 15:15:12, 9.05e-13, 8.89e-11
2019-10-26, 15:15:16, 9.73e-13, 8.85e-11
2019-10-26, 15:15:20, 9.58e-13, 8.85e-11
2019-10-26, 15:15:24, 9.49e-13, 8.88e-11
2019-10-26, 15:15:29, 1.11e-12, 8.83e-11
2019-10-26, 15:15:33, 1.02e-12, 8.83e-11
2019-10-26, 15:15:37, 9.98e-13, 8.82e-11
2019-10-26, 15:15:41, 9.16e-13, 8.84e-11
2019-10-26, 15:15:45, 9.62e-13, 8.82e-11
2019-10-26, 15:15:50, 9.35e-13, 8.86e-11
2019-10-26, 15:15:54, 9.53e-13, 8.83e-11
2019-10-26, 15:15:58, 9.49e-13, 8.86e-11
2019-10-26, 15:16:02, 1.05e-12, 8.89e-11
2019-10-26, 15:16:07, 9.83e-13, 8.87e-11
2019-10-26, 15:16:11, 9.63e-13, 8.84e-11
2019-10-26, 15:16:15, 9.55e-13, 8.86e-11
2019-10-26, 15:16:19, 9.27e-13, 8.85e-11
2019-10-26, 15:16:23, 9.59e-13, 8.85e-11
2019-10-26, 15:16:28, 9.9e-13, 8.86e-11
2019-10-26, 15:16:32, 9.43e-13, 8.86e-11
2019-10-26, 15:16:36, 9.35e-13, 8.84e-11
2019-10-26, 15:16:40, 9.83e-13, 8.84e-11
2019-10-26, 15:16:45, 9.25e-13, 8.9e-11
2019-10-26, 15:16:49, 1.02e-12, 8.88e-11
2019-10-26, 15:16:53, 1.03e-12, 8.88e-11
2019-10-26, 15:16:57, 1e-12, 8.87e-11
2019-10-26, 15:17:01, 1.01e-12, 8.91e-11
2019-10-26, 15:17:06, 9.83e-13, 8.89e-11
2019-10-26, 15:17:10, 9.54e-13, 8.87e-11
2019-10-26, 15:17:14, 9.35e-13, 8.84e-11
2019-10-26, 15:17:18, 1.03e-12, 8.86e-11
2019-10-26, 15:17:23, 9.74e-13, 8.87e-11
2019-10-26, 15:17:27, 9.92e-13, 8.81e-11
2019-10-26, 15:17:31, 9.3e-13, 8.85e-11
2019-10-26, 15:17:35, 9.75e-13, 8.85e-11
2019-10-26, 15:17:39, 1.11e-12, 8.83e-11
2019-10-26, 15:17:44, 9.34e-13, 8.82e-11
2019-10-26, 15:17:48, 1.08e-12, 8.88e-11
2019-10-26, 15:17:52, 1.02e-12, 8.87e-11
2019-10-26, 15:17:56, 9.83e-13, 8.86e-11
2019-10-26, 15:18:00, 1.03e-12, 8.9e-11
2019-10-26, 15:18:05, 1.01e-12, 8.82e-11
2019-10-26, 15:18:09, 9.47e-13, 8.85e-11
2019-10-26, 15:18:13, 9.41e-13, 8.83e-11
2019-10-26, 15:18:17, 9.52e-13, 8.88e-11
2019-10-26, 15:18:22, 9.26e-13, 8.85e-11
2019-10-26, 15:18:26, 9.62e-13, 8.83e-11
2019-10-26, 15:18:30, 9.48e-13, 8.87e-11
2019-10-26, 15:18:34, 9e-13, 8.84e-11
2019-10-26, 15:18:38, 9.59e-13, 8.87e-11
2019-10-26, 15:18:43, 9.94e-13, 8.84e-11
2019-10-26, 15:18:47, 9.76e-13, 8.87e-11
2019-10-26, 15:18:51, 9.92e-13, 8.83e-11
2019-10-26, 15:18:55, 8.92e-13, 8.88e-11
2019-10-26, 15:19:00, 1.01e-12, 8.88e-11
2019-10-26, 15:19:04, 9.91e-13, 8.85e-11
2019-10-26, 15:19:08, 9.36e-13, 8.87e-11
2019-10-26, 15:19:12, 9.77e-13, 8.91e-11
2019-10-26, 15:19:16, 9.52e-13, 8.85e-11
2019-10-26, 15:19:21, 1.01e-12, 8.88e-11
2019-10-26, 15:19:25, 9.08e-13, 8.89e-11
2019-10-26, 15:19:29, 9.74e-13, 8.84e-11
2019-10-26, 15:19:33, 9.44e-13, 8.86e-11
2019-10-26, 15:19:38, 9.38e-13, 8.81e-11
2019-10-26, 15:19:42, 9.43e-13, 8.83e-11
2019-10-26, 15:19:46, 9.78e-13, 8.85e-11
2019-10-26, 15:19:50, 9.9e-13, 8.84e-11
2019-10-26, 15:19:54, 1.16e-12, 8.83e-11
2019-10-26, 15:19:59, 9.63e-13, 8.89e-11
2019-10-26, 15:20:03, 9.45e-13, 8.86e-11
2019-10-26, 15:20:07, 9.09e-13, 8.84e-11
2019-10-26, 15:20:11, 9.69e-13, 8.89e-11
2019-10-26, 15:20:16, 9.5e-13, 8.86e-11
2019-10-26, 15:20:20, 9.76e-13, 8.87e-11
2019-10-26, 15:20:24, 9.49e-13, 8.87e-11
2019-10-26, 15:20:28, 9.39e-13, 8.84e-11
2019-10-26, 15:20:32, 9.67e-13, 8.86e-11
2019-10-26, 15:20:37, 9.79e-13, 8.8e-11
2019-10-26, 15:20:41, 9.65e-13, 8.85e-11
2019-10-26, 15:20:45, 1.04e-12, 8.83e-11
2019-10-26, 15:20:49, 9.25e-13, 8.79e-11
2019-10-26, 15:20:54, 9.96e-13, 8.82e-11
2019-10-26, 15:20:58, 9.81e-13, 8.88e-11
2019-10-26, 15:21:02, 1.01e-12, 8.82e-11
2019-10-26, 15:21:06, 9.96e-13, 8.86e-11
2019-10-26, 15:21:10, 1.04e-12, 8.87e-11
2019-10-26, 15:21:15, 9.95e-13, 8.85e-11
2019-10-26, 15:21:19, 9.64e-13, 8.82e-11
2019-10-26, 15:21:23, 1.12e-12, 8.87e-11
2019-10-26, 15:21:27, 9.65e-13, 8.85e-11
2019-10-26, 15:21:32, 1.04e-12, 8.86e-11
2019-10-26, 15:21:36, 1.06e-12, 8.85e-11
2019-10-26, 15:21:40, 9.6e-13, 8.83e-11
2019-10-26, 15:21:44, 9.75e-13, 8.83e-11
2019-10-26, 15:21:48, 9.89e-13, 8.84e-11
2019-10-26, 15:21:53, 9.56e-13, 8.85e-11
2019-10-26, 15:21:57, 9.72e-13, 8.86e-11
2019-10-26, 15:22:01, 9.75e-13, 8.86e-11
2019-10-26, 15:22:05, 9.57e-13, 8.86e-11
2019-10-26, 15:22:09, 1.03e-12, 8.84e-11
2019-10-26, 15:22:14, 1.06e-12, 8.82e-11
2019-10-26, 15:22:18, 9.13e-13, 8.85e-11
2019-10-26, 15:22:22, 9.9e-13, 8.91e-11
2019-10-26, 15:22:26, 1.01e-12, 8.86e-11
2019-10-26, 15:22:31, 9.66e-13, 8.82e-11
2019-10-26, 15:22:35, 9.16e-13, 8.85e-11
2019-10-26, 15:22:39, 9.27e-13, 8.82e-11
2019-10-26, 15:22:43, 9.72e-13, 8.84e-11
2019-10-26, 15:22:47, 1e-12, 8.84e-11
2019-10-26, 15:22:52, 9.86e-13, 8.85e-11
2019-10-26, 15:22:56, 9.79e-13, 8.87e-11
2019-10-26, 15:23:00, 1.04e-12, 8.85e-11
2019-10-26, 15:23:04, 9.68e-13, 8.81e-11
2019-10-26, 15:23:09, 9.79e-13, 8.89e-11
2019-10-26, 15:23:13, 9.77e-13, 8.84e-11
2019-10-26, 15:23:17, 9.46e-13, 8.85e-11
2019-10-26, 15:23:21, 9.83e-13, 8.88e-11
2019-10-26, 15:23:25, 1.01e-12, 8.85e-11
2019-10-26, 15:23:30, 9.5e-13, 8.85e-11
2019-10-26, 15:23:34, 1.02e-12, 8.82e-11
2019-10-26, 15:23:38, 9.83e-13, 8.85e-11
2019-10-26, 15:23:42, 9.56e-13, 8.86e-11
2019-10-26, 15:23:47, 8.99e-13, 8.83e-11
2019-10-26, 15:23:51, 9.45e-13, 8.86e-11
2019-10-26, 15:23:55, 9.73e-13, 8.86e-11
2019-10-26, 15:23:59, 9.34e-13, 8.86e-11
2019-10-26, 15:24:03, 9.53e-13, 8.86e-11
2019-10-26, 15:24:08, 9.56e-13, 8.81e-11
2019-10-26, 15:24:12, 9.51e-13, 8.84e-11
2019-10-26, 15:24:16, 9.87e-13, 8.85e-11
2019-10-26, 15:24:20, 8.5e-13, 8.86e-11
2019-10-26, 15:24:25, 1e-12, 8.8e-11
2019-10-26, 15:24:29, 9.48e-13, 8.81e-11
2019-10-26, 15:24:33, 1.16e-12, 8.84e-11
2019-10-26, 15:24:37, 9.22e-13, 8.87e-11
2019-10-26, 15:24:41, 9.49e-13, 8.86e-11
2019-10-26, 15:24:46, 9.36e-13, 8.86e-11
2019-10-26, 15:24:50, 9.32e-13, 8.82e-11
2019-10-26, 15:24:54, 9.78e-13, 8.82e-11
2019-10-26, 15:24:58, 9.3e-13, 8.84e-11
2019-10-26, 15:25:03, 1.07e-12, 8.85e-11
2019-10-26, 15:25:07, 9.59e-13, 8.88e-11
2019-10-26, 15:25:11, 9.23e-13, 8.85e-11
2019-10-26, 15:25:15, 9.94e-13, 8.8e-11
2019-10-26, 15:25:19, 1.09e-12, 8.82e-11
2019-10-26, 15:25:24, 9.7e-13, 8.84e-11
2019-10-26, 15:25:28, 1e-12, 8.94e-11
2019-10-26, 15:25:32, 9.39e-13, 8.85e-11
2019-10-26, 15:25:36, 9.87e-13, 8.8e-11
2019-10-26, 15:25:40, 9.47e-13, 8.83e-11
2019-10-26, 15:25:45, 9.77e-13, 8.87e-11
2019-10-26, 15:25:49, 9.83e-13, 8.9e-11
2019-10-26, 15:25:53, 9.25e-13, 8.84e-11
2019-10-26, 15:25:57, 9.73e-13, 8.81e-11
2019-10-26, 15:26:02, 9.25e-13, 8.84e-11
2019-10-26, 15:26:06, 9.6e-13, 8.84e-11
2019-10-26, 15:26:10, 8.6e-13, 8.83e-11
2019-10-26, 15:26:14, 9.06e-13, 8.85e-11
2019-10-26, 15:26:18, 9.48e-13, 8.85e-11
2019-10-26, 15:26:23, 9.8e-13, 8.83e-11
2019-10-26, 15:26:27, 9.28e-13, 8.85e-11
2019-10-26, 15:26:31, 1.01e-12, 8.88e-11
2019-10-26, 15:26:35, 9.92e-13, 8.88e-11
2019-10-26, 15:26:40, 1.02e-12, 8.87e-11
2019-10-26, 15:26:44, 8.8e-13, 8.86e-11
2019-10-26, 15:26:48, 9.8e-13, 8.82e-11
2019-10-26, 15:26:52, 9.63e-13, 8.83e-11
2019-10-26, 15:26:56, 9.71e-13, 8.83e-11
2019-10-26, 15:27:01, 1.11e-12, 8.84e-11
2019-10-26, 15:27:05, 9.6e-13, 8.84e-11
2019-10-26, 15:27:09, 9.4e-13, 8.86e-11
2019-10-26, 15:27:13, 1.01e-12, 8.85e-11
2019-10-26, 15:27:18, 9.89e-13, 8.84e-11
2019-10-26, 15:27:22, 9.65e-13, 8.85e-11
2019-10-26, 15:27:26, 1.02e-12, 8.86e-11
2019-10-26, 15:27:30, 1.05e-12, 8.85e-11
2019-10-26, 15:27:34, 9.42e-13, 8.84e-11
2019-10-26, 15:27:39, 9.87e-13, 8.87e-11
2019-10-26, 15:27:43, 9.66e-13, 8.84e-11
2019-10-26, 15:27:47, 9.86e-13, 8.88e-11
2019-10-26, 15:27:51, 8.85e-13, 8.84e-11
2019-10-26, 15:27:56, 9.61e-13, 8.87e-11
2019-10-26, 15:28:00, 9.2e-13, 8.83e-11
2019-10-26, 15:28:04, 9.65e-13, 8.86e-11
2019-10-26, 15:28:08, 9.61e-13, 8.85e-11
2019-10-26, 15:28:12, 1.02e-12, 8.85e-11
2019-10-26, 15:28:17, 9.8e-13, 8.84e-11
2019-10-26, 15:28:21, 9.19e-13, 8.82e-11
2019-10-26, 15:28:25, 9.95e-13, 8.85e-11
2019-10-26, 15:28:29, 1e-12, 8.89e-11
2019-10-26, 15:28:34, 1.05e-12, 8.82e-11
2019-10-26, 15:28:38, 1.01e-12, 8.82e-11
2019-10-26, 15:28:42, 9.72e-13, 8.87e-11
2019-10-26, 15:28:46, 9.65e-13, 8.85e-11
2019-10-26, 15:28:50, 1.04e-12, 8.84e-11
2019-10-26, 15:28:55, 9.68e-13, 8.86e-11
2019-10-26, 15:28:59, 1.01e-12, 8.8e-11
2019-10-26, 15:29:03, 1.07e-12, 8.84e-11
2019-10-26, 15:29:07, 9.45e-13, 8.85e-11
2019-10-26, 15:29:11, 9.61e-13, 8.83e-11
2019-10-26, 15:29:16, 9.93e-13, 8.83e-11
2019-10-26, 15:29:20, 9.9e-13, 8.83e-11
2019-10-26, 15:29:24, 9.9e-13, 8.84e-11
2019-10-26, 15:29:28, 9.81e-13, 8.83e-11
2019-10-26, 15:29:33, 9.34e-13, 8.84e-11
2019-10-26, 15:29:37, 9.47e-13, 8.81e-11
2019-10-26, 15:29:41, 9.92e-13, 8.84e-11
2019-10-26, 15:29:45, 9.88e-13, 8.83e-11
2019-10-26, 15:29:49, 9.93e-13, 8.82e-11
2019-10-26, 15:29:54, 1.02e-12, 8.86e-11
2019-10-26, 15:29:58, 1.08e-12, 8.83e-11
2019-10-26, 15:30:02, 9.35e-13, 8.83e-11
2019-10-26, 15:30:06, 1.08e-12, 8.85e-11
2019-10-26, 15:30:11, 9.53e-13, 8.85e-11
2019-10-26, 15:30:15, 9.91e-13, 8.81e-11
2019-10-26, 15:30:19, 9.53e-13, 8.88e-11
2019-10-26, 15:30:23, 1.02e-12, 8.85e-11
2019-10-26, 15:30:27, 1.02e-12, 8.86e-11
2019-10-26, 15:30:32, 9.33e-13, 8.87e-11
2019-10-26, 15:30:36, 1.01e-12, 8.85e-11
2019-10-26, 15:30:40, 1.04e-12, 8.85e-11
2019-10-26, 15:30:44, 1.01e-12, 8.84e-11
2019-10-26, 15:30:49, 9.2e-13, 8.86e-11
2019-10-26, 15:30:53, 8.77e-13, 8.82e-11
2019-10-26, 15:30:57, 9.43e-13, 8.89e-11
2019-10-26, 15:31:01, 9.54e-13, 8.85e-11
2019-10-26, 15:31:05, 8.66e-13, 8.82e-11
2019-10-26, 15:31:10, 9.77e-13, 8.85e-11
2019-10-26, 15:31:14, 9.2e-13, 8.85e-11
2019-10-26, 15:31:18, 9.66e-13, 8.86e-11
2019-10-26, 15:31:22, 9.14e-13, 8.85e-11
2019-10-26, 15:31:27, 9.38e-13, 8.83e-11
2019-10-26, 15:31:31, 1e-12, 8.84e-11
2019-10-26, 15:31:35, 9.5e-13, 8.87e-11
2019-10-26, 15:31:39, 9.83e-13, 8.85e-11
2019-10-26, 15:31:43, 8.72e-13, 8.83e-11
2019-10-26, 15:31:48, 9.28e-13, 8.83e-11
2019-10-26, 15:31:52, 1.05e-12, 8.84e-11
2019-10-26, 15:31:56, 1.09e-12, 8.84e-11
2019-10-26, 15:32:00, 9.07e-13, 8.83e-11
2019-10-26, 15:32:05, 9.67e-13, 8.86e-11
2019-10-26, 15:32:09, 9.28e-13, 8.84e-11
2019-10-26, 15:32:13, 1.02e-12, 8.85e-11
2019-10-26, 15:32:17, 9.82e-13, 8.82e-11
2019-10-26, 15:32:21, 9.47e-13, 8.85e-11
2019-10-26, 15:32:26, 9.87e-13, 8.83e-11
2019-10-26, 15:32:30, 1.01e-12, 8.88e-11
2019-10-26, 15:32:34, 9.41e-13, 8.87e-11
2019-10-26, 15:32:38, 9.86e-13, 8.88e-11
2019-10-26, 15:32:42, 8.94e-13, 8.87e-11
2019-10-26, 15:32:47, 9.69e-13, 8.82e-11
2019-10-26, 15:32:51, 9.91e-13, 8.83e-11
2019-10-26, 15:32:55, 9.49e-13, 8.82e-11
2019-10-26, 15:32:59, 1.01e-12, 8.84e-11
2019-10-26, 15:33:04, 1e-12, 8.85e-11
2019-10-26, 15:33:08, 9.36e-13, 8.84e-11
2019-10-26, 15:33:12, 1.01e-12, 8.84e-11
2019-10-26, 15:33:16, 9.4e-13, 8.87e-11
2019-10-26, 15:33:20, 9.37e-13, 8.83e-11
2019-10-26, 15:33:25, 9.74e-13, 8.81e-11
2019-10-26, 15:33:29, 1e-12, 8.84e-11
2019-10-26, 15:33:33, 9.35e-13, 8.88e-11
2019-10-26, 15:33:37, 9.63e-13, 8.83e-11
2019-10-26, 15:33:42, 9.75e-13, 8.81e-11
2019-10-26, 15:33:46, 1e-12, 8.81e-11
2019-10-26, 15:33:50, 9.42e-13, 8.81e-11
2019-10-26, 15:33:54, 9.71e-13, 8.81e-11
2019-10-26, 15:33:58, 9.61e-13, 8.87e-11
2019-10-26, 15:34:03, 9.87e-13, 8.92e-11
2019-10-26, 15:34:07, 9.99e-13, 8.84e-11
2019-10-26, 15:34:11, 9.35e-13, 8.84e-11
2019-10-26, 15:34:15, 9.61e-13, 8.85e-11
2019-10-26, 15:34:20, 9.59e-13, 8.85e-11
2019-10-26, 15:34:24, 9.72e-13, 8.82e-11
2019-10-26, 15:34:28, 9.49e-13, 8.82e-11
2019-10-26, 15:34:32, 1.04e-12, 8.83e-11
2019-10-26, 15:34:36, 1e-12, 8.86e-11
2019-10-26, 15:34:41, 9.72e-13, 8.83e-11
2019-10-26, 15:34:45, 9.24e-13, 8.83e-11
2019-10-26, 15:34:49, 1e-12, 8.83e-11
2019-10-26, 15:34:53, 9.62e-13, 8.84e-11
2019-10-26, 15:34:58, 9.67e-13, 8.86e-11
2019-10-26, 15:35:02, 9.87e-13, 8.81e-11
2019-10-26, 15:35:06, 1.03e-12, 8.84e-11
2019-10-26, 15:35:10, 9.66e-13, 8.8e-11
2019-10-26, 15:35:14, 1.14e-12, 8.81e-11
2019-10-26, 15:35:19, 1e-12, 8.82e-11
2019-10-26, 15:35:23, 9.38e-13, 8.82e-11
2019-10-26, 15:35:27, 8.99e-13, 8.86e-11
2019-10-26, 15:35:31, 1.03e-12, 8.87e-11
2019-10-26, 15:35:36, 9.64e-13, 8.81e-11
2019-10-26, 15:35:40, 1.01e-12, 8.84e-11
2019-10-26, 15:35:44, 9.62e-13, 8.88e-11
2019-10-26, 15:35:48, 9.38e-13, 8.8e-11
2019-10-26, 15:35:52, 9.75e-13, 8.84e-11
2019-10-26, 15:35:57, 9.59e-13, 8.84e-11
2019-10-26, 15:36:01, 9.39e-13, 8.85e-11
2019-10-26, 15:36:05, 1.02e-12, 8.86e-11
2019-10-26, 15:36:09, 1.11e-12, 8.86e-11
2019-10-26, 15:36:13, 9.7e-13, 8.85e-11
2019-10-26, 15:36:18, 9.76e-13, 8.84e-11
2019-10-26, 15:36:22, 9.44e-13, 8.84e-11
2019-10-26, 15:36:26, 9.71e-13, 8.84e-11
2019-10-26, 15:36:30, 1.02e-12, 8.86e-11
2019-10-26, 15:36:35, 1.05e-12, 8.81e-11
2019-10-26, 15:36:39, 9.81e-13, 8.83e-11
2019-10-26, 15:36:43, 9.7e-13, 8.82e-11
2019-10-26, 15:36:47, 9.34e-13, 8.85e-11
2019-10-26, 15:36:51, 8.53e-13, 8.85e-11
2019-10-26, 15:36:56, 9.84e-13, 8.86e-11
2019-10-26, 15:37:00, 9.74e-13, 8.87e-11
2019-10-26, 15:37:04, 9.32e-13, 8.85e-11
2019-10-26, 15:37:08, 9.82e-13, 8.84e-11
2019-10-26, 15:37:13, 9.76e-13, 8.82e-11
2019-10-26, 15:37:17, 1.01e-12, 8.84e-11
2019-10-26, 15:37:21, 9.32e-13, 8.85e-11
2019-10-26, 15:37:25, 9.42e-13, 8.86e-11
2019-10-26, 15:37:29, 9.58e-13, 8.86e-11
2019-10-26, 15:37:34, 1e-12, 8.88e-11
2019-10-26, 15:37:38, 1.05e-12, 8.9e-11
2019-10-26, 15:37:42, 1.03e-12, 8.81e-11
2019-10-26, 15:37:46, 1.02e-12, 8.84e-11
2019-10-26, 15:37:51, 9.36e-13, 8.86e-11
2019-10-26, 15:37:55, 9.5e-13, 8.83e-11
2019-10-26, 15:37:59, 9.48e-13, 8.83e-11
2019-10-26, 15:38:03, 9.52e-13, 8.82e-11
2019-10-26, 15:38:07, 9.7e-13, 8.83e-11
2019-10-26, 15:38:12, 8.89e-13, 8.81e-11
2019-10-26, 15:38:16, 9.76e-13, 8.73e-11
2019-10-26, 15:38:20, 9.6e-13, 8.74e-11
2019-10-26, 15:38:24, 9.51e-13, 8.78e-11
2019-10-26, 15:38:29, 9.32e-13, 8.75e-11
2019-10-26, 15:38:33, 9.96e-13, 8.76e-11
2019-10-26, 15:38:37, 9e-13, 8.79e-11
2019-10-26, 15:38:41, 9.63e-13, 8.76e-11
2019-10-26, 15:38:45, 9.32e-13, 8.73e-11
2019-10-26, 15:38:50, 9.62e-13, 8.73e-11
2019-10-26, 15:38:54, 9.13e-13, 8.75e-11
2019-10-26, 15:38:58, 9.96e-13, 8.74e-11
2019-10-26, 15:39:02, 9.32e-13, 8.79e-11
2019-10-26, 15:39:07, 9.45e-13, 8.81e-11
2019-10-26, 15:39:11, 1.1e-12, 8.76e-11
2019-10-26, 15:39:15, 9.76e-13, 8.74e-11
2019-10-26, 15:39:19, 9.65e-13, 8.82e-11
2019-10-26, 15:39:23, 9.48e-13, 8.82e-11
2019-10-26, 15:39:28, 9.61e-13, 8.83e-11
2019-10-26, 15:39:32, 9.91e-13, 8.76e-11
2019-10-26, 15:39:36, 1.03e-12, 8.79e-11
2019-10-26, 15:39:40, 9.61e-13, 8.76e-11
2019-10-26, 15:39:44, 9.52e-13, 8.77e-11
2019-10-26, 15:39:49, 9.83e-13, 8.74e-11
2019-10-26, 15:39:53, 8.71e-13, 8.74e-11
2019-10-26, 15:39:57, 9.25e-13, 8.78e-11
2019-10-26, 15:40:01, 8.89e-13, 8.8e-11
2019-10-26, 15:40:06, 9.82e-13, 8.85e-11
2019-10-26, 15:40:10, 9.61e-13, 8.82e-11
2019-10-26, 15:40:14, 8.24e-13, 8.84e-11
2019-10-26, 15:40:18, 1.03e-12, 8.84e-11
2019-10-26, 15:40:22, 9.46e-13, 8.81e-11
2019-10-26, 15:40:27, 9.12e-13, 8.81e-11
2019-10-26, 15:40:31, 9.56e-13, 8.83e-11
2019-10-26, 15:40:35, 9.33e-13, 8.79e-11
2019-10-26, 15:40:39, 8.75e-13, 8.82e-11
2019-10-26, 15:40:44, 8.87e-13, 8.83e-11
2019-10-26, 15:40:48, 9.78e-13, 8.85e-11
2019-10-26, 15:40:52, 1e-12, 8.83e-11
2019-10-26, 15:40:56, 1.04e-12, 8.82e-11
2019-10-26, 15:41:00, 9.27e-13, 8.88e-11
2019-10-26, 15:41:05, 1.08e-12, 8.82e-11
2019-10-26, 15:41:09, 9.53e-13, 8.82e-11
2019-10-26, 15:41:13, 9.71e-13, 8.83e-11
2019-10-26, 15:41:17, 9.97e-13, 8.86e-11
2019-10-26, 15:41:22, 9.9e-13, 8.79e-11
2019-10-26, 15:41:26, 9.79e-13, 8.87e-11
2019-10-26, 15:41:30, 9.67e-13, 8.79e-11
2019-10-26, 15:41:34, 9.47e-13, 8.83e-11
2019-10-26, 15:41:38, 9.68e-13, 8.87e-11
2019-10-26, 15:41:43, 9.56e-13, 8.85e-11
2019-10-26, 15:41:47, 9.41e-13, 8.84e-11
2019-10-26, 15:41:51, 9.76e-13, 8.83e-11
2019-10-26, 15:41:55, 9.24e-13, 8.83e-11
2019-10-26, 15:42:00, 9.79e-13, 8.81e-11
2019-10-26, 15:42:04, 9.55e-13, 8.83e-11
2019-10-26, 15:42:08, 9.17e-13, 8.8e-11
2019-10-26, 15:42:12, 9.21e-13, 8.8e-11
2019-10-26, 15:42:16, 9.77e-13, 8.85e-11
2019-10-26, 15:42:21, 9.67e-13, 8.85e-11
2019-10-26, 15:42:25, 9.33e-13, 8.83e-11
2019-10-26, 15:42:29, 9.49e-13, 8.89e-11
2019-10-26, 15:42:33, 1.03e-12, 8.83e-11
2019-10-26, 15:42:38, 9.64e-13, 8.83e-11
2019-10-26, 15:42:42, 9.11e-13, 8.84e-11
2019-10-26, 15:42:46, 9.18e-13, 8.83e-11
2019-10-26, 15:42:50, 9.87e-13, 8.9e-11
2019-10-26, 15:42:54, 1.03e-12, 8.83e-11
2019-10-26, 15:42:59, 1.02e-12, 8.84e-11
2019-10-26, 15:43:03, 1e-12, 8.85e-11
2019-10-26, 15:43:07, 9.42e-13, 8.85e-11
2019-10-26, 15:43:11, 9.61e-13, 8.85e-11
2019-10-26, 15:43:15, 9.7e-13, 8.83e-11
2019-10-26, 15:43:20, 9.6e-13, 8.84e-11
2019-10-26, 15:43:24, 9.65e-13, 8.77e-11
2019-10-26, 15:43:28, 9.98e-13, 8.83e-11
2019-10-26, 15:43:32, 9.47e-13, 8.86e-11
2019-10-26, 15:43:37, 9.89e-13, 8.88e-11
2019-10-26, 15:43:41, 9.79e-13, 8.86e-11
2019-10-26, 15:43:45, 9.89e-13, 8.82e-11
2019-10-26, 15:43:49, 9.61e-13, 8.83e-11
2019-10-26, 15:43:53, 9.49e-13, 8.87e-11
2019-10-26, 15:43:58, 1.02e-12, 8.82e-11
2019-10-26, 15:44:02, 9.73e-13, 8.83e-11
2019-10-26, 15:44:06, 9.38e-13, 8.84e-11
2019-10-26, 15:44:10, 9.81e-13, 8.83e-11
2019-10-26, 15:44:15, 9.7e-13, 8.8e-11
2019-10-26, 15:44:19, 9.87e-13, 8.85e-11
2019-10-26, 15:44:23, 9.41e-13, 8.77e-11
2019-10-26, 15:44:27, 9.78e-13, 8.82e-11
2019-10-26, 15:44:31, 8.9e-13, 8.82e-11
2019-10-26, 15:44:36, 9.4e-13, 8.85e-11
2019-10-26, 15:44:40, 9.05e-13, 8.85e-11
2019-10-26, 15:44:44, 9.97e-13, 8.89e-11
2019-10-26, 15:44:48, 9.71e-13, 8.86e-11
2019-10-26, 15:44:53, 9.3e-13, 8.83e-11
2019-10-26, 15:44:57, 9.96e-13, 8.81e-11
2019-10-26, 15:45:01, 1e-12, 8.8e-11
2019-10-26, 15:45:05, 9.13e-13, 8.83e-11
2019-10-26, 15:45:09, 9.84e-13, 8.81e-11
2019-10-26, 15:45:14, 9.7e-13, 8.82e-11
2019-10-26, 15:45:18, 9.96e-13, 8.81e-11
2019-10-26, 15:45:22, 9.66e-13, 8.82e-11
2019-10-26, 15:45:26, 9.17e-13, 8.86e-11
2019-10-26, 15:45:31, 9.62e-13, 8.82e-11
2019-10-26, 15:45:35, 9.8e-13, 8.86e-11
2019-10-26, 15:45:39, 9.11e-13, 8.83e-11
2019-10-26, 15:45:43, 1.07e-12, 8.82e-11
2019-10-26, 15:45:47, 9.21e-13, 8.86e-11
2019-10-26, 15:45:52, 1.02e-12, 8.8e-11
2019-10-26, 15:45:56, 9.42e-13, 8.81e-11
2019-10-26, 15:46:00, 9.58e-13, 8.84e-11
2019-10-26, 15:46:04, 1.02e-12, 8.81e-11
2019-10-26, 15:46:09, 9.8e-13, 8.84e-11
2019-10-26, 15:46:13, 9.71e-13, 8.83e-11
2019-10-26, 15:46:17, 9.91e-13, 8.83e-11
2019-10-26, 15:46:21, 9.7e-13, 8.85e-11
2019-10-26, 15:46:25, 9.15e-13, 8.81e-11
2019-10-26, 15:46:30, 1.01e-12, 8.84e-11
2019-10-26, 15:46:34, 8.9e-13, 8.87e-11
2019-10-26, 15:46:38, 1.02e-12, 8.85e-11
2019-10-26, 15:46:42, 1.07e-12, 8.82e-11
2019-10-26, 15:46:47, 9.26e-13, 8.84e-11
2019-10-26, 15:46:51, 9.39e-13, 8.81e-11
2019-10-26, 15:46:55, 1.04e-12, 8.82e-11
2019-10-26, 15:46:59, 9.84e-13, 8.86e-11
2019-10-26, 15:47:03, 9.89e-13, 8.87e-11
2019-10-26, 15:47:08, 9.88e-13, 8.84e-11
2019-10-26, 15:47:12, 9.79e-13, 8.83e-11
2019-10-26, 15:47:16, 9.31e-13, 8.83e-11
2019-10-26, 15:47:20, 8.91e-13, 8.83e-11
2019-10-26, 15:47:24, 9.67e-13, 8.83e-11
2019-10-26, 15:47:29, 1.15e-12, 8.86e-11
2019-10-26, 15:47:33, 9.93e-13, 8.85e-11
2019-10-26, 15:47:37, 9.24e-13, 8.83e-11
2019-10-26, 15:47:41, 9.8e-13, 8.86e-11
2019-10-26, 15:47:46, 9.7e-13, 8.85e-11
2019-10-26, 15:47:50, 9.33e-13, 8.82e-11
2019-10-26, 15:47:54, 9.66e-13, 8.84e-11
2019-10-26, 15:47:58, 9.11e-13, 8.84e-11
2019-10-26, 15:48:02, 9.78e-13, 8.83e-11
2019-10-26, 15:48:07, 9.68e-13, 8.85e-11
2019-10-26, 15:48:11, 9.67e-13, 8.82e-11
2019-10-26, 15:48:15, 1.02e-12, 8.84e-11
2019-10-26, 15:48:19, 9.8e-13, 8.83e-11
2019-10-26, 15:48:24, 8.83e-13, 8.83e-11
2019-10-26, 15:48:28, 1e-12, 8.83e-11
2019-10-26, 15:48:32, 9.78e-13, 8.9e-11
2019-10-26, 15:48:36, 9.99e-13, 8.85e-11
2019-10-26, 15:48:40, 9.52e-13, 8.87e-11
2019-10-26, 15:48:45, 1.01e-12, 8.88e-11
2019-10-26, 15:48:49, 9.63e-13, 8.84e-11
2019-10-26, 15:48:53, 8.32e-13, 8.85e-11
2019-10-26, 15:48:57, 9.41e-13, 8.81e-11
2019-10-26, 15:49:02, 9.21e-13, 8.84e-11
2019-10-26, 15:49:06, 9.9e-13, 8.83e-11
2019-10-26, 15:49:10, 9.35e-13, 8.86e-11
2019-10-26, 15:49:14, 9.96e-13, 8.84e-11
2019-10-26, 15:49:18, 9.71e-13, 8.87e-11
2019-10-26, 15:49:23, 9.63e-13, 8.83e-11
2019-10-26, 15:49:27, 9.48e-13, 8.85e-11
2019-10-26, 15:49:31, 9.53e-13, 8.85e-11
2019-10-26, 15:49:35, 9.45e-13, 8.83e-11
2019-10-26, 15:49:40, 9.44e-13, 8.82e-11
2019-10-26, 15:49:44, 9.58e-13, 8.8e-11
2019-10-26, 15:49:48, 9.24e-13, 8.81e-11
2019-10-26, 15:49:52, 9.6e-13, 8.82e-11
2019-10-26, 15:49:56, 9.13e-13, 8.84e-11
2019-10-26, 15:50:01, 9.69e-13, 8.87e-11
2019-10-26, 15:50:05, 9.59e-13, 8.9e-11
2019-10-26, 15:50:09, 9.64e-13, 8.85e-11
2019-10-26, 15:50:13, 9.75e-13, 8.88e-11
2019-10-26, 15:50:18, 1.06e-12, 8.82e-11
2019-10-26, 15:50:22, 9.89e-13, 8.81e-11
2019-10-26, 15:50:26, 9.36e-13, 8.84e-11
2019-10-26, 15:50:30, 9.84e-13, 8.85e-11
2019-10-26, 15:50:34, 9.71e-13, 8.85e-11
2019-10-26, 15:50:39, 9e-13, 8.81e-11
2019-10-26, 15:50:43, 9.63e-13, 8.8e-11
2019-10-26, 15:50:47, 9.5e-13, 8.81e-11
2019-10-26, 15:50:51, 9.67e-13, 8.86e-11
2019-10-26, 15:50:56, 9.51e-13, 8.85e-11
2019-10-26, 15:51:00, 9.58e-13, 8.89e-11
2019-10-26, 15:51:04, 9.83e-13, 8.86e-11
2019-10-26, 15:51:08, 9.21e-13, 8.83e-11
2019-10-26, 15:51:12, 9.46e-13, 8.84e-11
2019-10-26, 15:51:17, 9.67e-13, 8.83e-11
2019-10-26, 15:51:21, 8.85e-13, 8.81e-11
2019-10-26, 15:51:25, 9.42e-13, 8.8e-11
2019-10-26, 15:51:29, 9.25e-13, 8.8e-11
2019-10-26, 15:51:33, 9.74e-13, 8.81e-11
2019-10-26, 15:51:38, 9.55e-13, 8.81e-11
2019-10-26, 15:51:42, 9.88e-13, 8.84e-11
2019-10-26, 15:51:46, 9.97e-13, 8.85e-11
2019-10-26, 15:51:50, 9.8e-13, 8.87e-11
2019-10-26, 15:51:55, 9.65e-13, 8.88e-11
2019-10-26, 15:51:59, 9.58e-13, 8.86e-11
2019-10-26, 15:52:03, 9.81e-13, 8.85e-11
2019-10-26, 15:52:07, 9.55e-13, 8.84e-11
2019-10-26, 15:52:11, 1.01e-12, 8.79e-11
2019-10-26, 15:52:16, 1.01e-12, 8.83e-11
2019-10-26, 15:52:20, 9.66e-13, 8.83e-11
2019-10-26, 15:52:24, 9.26e-13, 8.84e-11
2019-10-26, 15:52:28, 8.38e-13, 8.83e-11
2019-10-26, 15:52:33, 9.73e-13, 8.83e-11
2019-10-26, 15:52:37, 9.64e-13, 8.83e-11
2019-10-26, 15:52:41, 1.09e-12, 8.83e-11
2019-10-26, 15:52:45, 8.81e-13, 8.82e-11
2019-10-26, 15:52:49, 1.01e-12, 8.81e-11
2019-10-26, 15:52:54, 9.48e-13, 8.85e-11
2019-10-26, 15:52:58, 9.87e-13, 8.8e-11
2019-10-26, 15:53:02, 9.88e-13, 8.83e-11
2019-10-26, 15:53:06, 9.65e-13, 8.85e-11
2019-10-26, 15:53:11, 9.5e-13, 8.82e-11
2019-10-26, 15:53:15, 9.51e-13, 8.87e-11
2019-10-26, 15:53:19, 9.75e-13, 8.82e-11
2019-10-26, 15:53:23, 9.49e-13, 8.84e-11
2019-10-26, 15:53:27, 9.97e-13, 8.87e-11
2019-10-26, 15:53:32, 9.68e-13, 8.84e-11
2019-10-26, 15:53:36, 9.25e-13, 8.85e-11
2019-10-26, 15:53:40, 9.74e-13, 8.83e-11
2019-10-26, 15:53:44, 9.81e-13, 8.86e-11
2019-10-26, 15:53:49, 9.7e-13, 8.84e-11
2019-10-26, 15:53:53, 1.02e-12, 8.8e-11
2019-10-26, 15:53:57, 1.02e-12, 8.84e-11
2019-10-26, 15:54:01, 9.46e-13, 8.83e-11
2019-10-26, 15:54:05, 1.02e-12, 8.81e-11
2019-10-26, 15:54:10, 9.22e-13, 8.8e-11
2019-10-26, 15:54:14, 9.55e-13, 8.87e-11
2019-10-26, 15:54:18, 9.24e-13, 8.81e-11
2019-10-26, 15:54:22, 9.57e-13, 8.8e-11
2019-10-26, 15:54:27, 8.13e-13, 8.83e-11
2019-10-26, 15:54:31, 9.89e-13, 8.82e-11
2019-10-26, 15:54:35, 9.38e-13, 8.83e-11
2019-10-26, 15:54:39, 1.01e-12, 8.84e-11
2019-10-26, 15:54:43, 9.47e-13, 8.79e-11
2019-10-26, 15:54:48, 1.1e-12, 8.75e-11
2019-10-26, 15:54:52, 9.45e-13, 8.74e-11
2019-10-26, 15:54:56, 9.55e-13, 8.74e-11
2019-10-26, 15:55:00, 9.69e-13, 8.77e-11
2019-10-26, 15:55:04, 1.02e-12, 8.78e-11
2019-10-26, 15:55:09, 9.28e-13, 8.77e-11
2019-10-26, 15:55:13, 9.63e-13, 8.75e-11
2019-10-26, 15:55:17, 8.98e-13, 8.81e-11
2019-10-26, 15:55:21, 9.57e-13, 8.77e-11
2019-10-26, 15:55:26, 7.93e-13, 8.78e-11
2019-10-26, 15:55:30, 9.65e-13, 8.78e-11
2019-10-26, 15:55:34, 9.71e-13, 8.84e-11
2019-10-26, 15:55:38, 1e-12, 8.85e-11
2019-10-26, 15:55:42, 9.54e-13, 8.78e-11
2019-10-26, 15:55:47, 9.94e-13, 8.83e-11
2019-10-26, 15:55:51, 1e-12, 8.84e-11
2019-10-26, 15:55:55, 9.55e-13, 8.87e-11
2019-10-26, 15:55:59, 9.77e-13, 8.88e-11
2019-10-26, 15:56:04, 9.22e-13, 8.87e-11
2019-10-26, 15:56:08, 9.34e-13, 8.81e-11
2019-10-26, 15:56:12, 9.35e-13, 8.85e-11
2019-10-26, 15:56:16, 9.19e-13, 8.86e-11
2019-10-26, 15:56:20, 1.07e-12, 8.87e-11
2019-10-26, 15:56:25, 9.84e-13, 8.84e-11
2019-10-26, 15:56:29, 9.54e-13, 8.81e-11
2019-10-26, 15:56:33, 9.19e-13, 8.84e-11
2019-10-26, 15:56:37, 9.96e-13, 8.83e-11
2019-10-26, 15:56:42, 8.99e-13, 8.87e-11
2019-10-26, 15:56:46, 8.99e-13, 8.79e-11
2019-10-26, 15:56:50, 9.46e-13, 8.82e-11
2019-10-26, 15:56:54, 9.51e-13, 8.87e-11
2019-10-26, 15:56:58, 1.02e-12, 8.83e-11
2019-10-26, 15:57:03, 1.04e-12, 8.79e-11
2019-10-26, 15:57:07, 9.89e-13, 8.83e-11
2019-10-26, 15:57:11, 1e-12, 8.85e-11
2019-10-26, 15:57:15, 9.91e-13, 8.83e-11
2019-10-26, 15:57:20, 9.9e-13, 8.85e-11
2019-10-26, 15:57:24, 9.4e-13, 8.83e-11
2019-10-26, 15:57:28, 9.74e-13, 8.83e-11
2019-10-26, 15:57:32, 9.46e-13, 8.85e-11
2019-10-26, 15:57:36, 1e-12, 8.83e-11
2019-10-26, 15:57:41, 9.56e-13, 8.85e-11
2019-10-26, 15:57:45, 1.04e-12, 8.84e-11
2019-10-26, 15:57:49, 1.03e-12, 8.81e-11
2019-10-26, 15:57:53, 1.09e-12, 8.82e-11
2019-10-26, 15:57:58, 9.71e-13, 8.8e-11
2019-10-26, 15:58:02, 9.96e-13, 8.9e-11
2019-10-26, 15:58:06, 9.5e-13, 8.87e-11
2019-10-26, 15:58:10, 9.24e-13, 8.82e-11
2019-10-26, 15:58:14, 9.69e-13, 8.83e-11
2019-10-26, 15:58:19, 9.38e-13, 8.82e-11
2019-10-26, 15:58:23, 8.72e-13, 8.85e-11
2019-10-26, 15:58:27, 9.31e-13, 8.87e-11
2019-10-26, 15:58:31, 1.01e-12, 8.84e-11
2019-10-26, 15:58:35, 9.65e-13, 8.84e-11
2019-10-26, 15:58:40, 9.58e-13, 8.81e-11
2019-10-26, 15:58:44, 8.35e-13, 8.84e-11
2019-10-26, 15:58:48, 9.55e-13, 8.86e-11
2019-10-26, 15:58:52, 9.26e-13, 8.86e-11
2019-10-26, 15:58:57, 9.5e-13, 8.84e-11
2019-10-26, 15:59:01, 9.67e-13, 8.85e-11
2019-10-26, 15:59:05, 9.46e-13, 8.84e-11
2019-10-26, 15:59:09, 9.12e-13, 8.88e-11
2019-10-26, 15:59:13, 9.83e-13, 8.89e-11
2019-10-26, 15:59:18, 9.58e-13, 8.83e-11
2019-10-26, 15:59:22, 1.04e-12, 8.85e-11
2019-10-26, 15:59:26, 1.07e-12, 8.83e-11
2019-10-26, 15:59:30, 9.79e-13, 8.83e-11
2019-10-26, 15:59:35, 1.04e-12, 8.82e-11
2019-10-26, 15:59:39, 9.17e-13, 8.84e-11
2019-10-26, 15:59:43, 9.33e-13, 8.82e-11
2019-10-26, 15:59:47, 9.86e-13, 8.83e-11
2019-10-26, 15:59:51, 1.04e-12, 8.86e-11
2019-10-26, 15:59:56, 1.04e-12, 8.83e-11
2019-10-26, 16:00:00, 9.17e-13, 8.84e-11
2019-10-26, 16:00:04, 9.74e-13, 8.83e-11
2019-10-26, 16:00:08, 9.97e-13, 8.85e-11
2019-10-26, 16:00:13, 8.43e-13, 8.86e-11
2019-10-26, 16:00:17, 9.75e-13, 8.86e-11
2019-10-26, 16:00:21, 1.02e-12, 8.85e-11
2019-10-26, 16:00:25, 9.45e-13, 8.83e-11
2019-10-26, 16:00:29, 8.7e-13, 8.85e-11
2019-10-26, 16:00:34, 9.28e-13, 8.83e-11
2019-10-26, 16:00:38, 9.94e-13, 8.83e-11
2019-10-26, 16:00:42, 1.03e-12, 8.84e-11
2019-10-26, 16:00:46, 9.86e-13, 8.83e-11
2019-10-26, 16:00:51, 9.45e-13, 8.86e-11
2019-10-26, 16:00:55, 9.67e-13, 8.85e-11
2019-10-26, 16:01:00, 9.7e-13, 8.82e-11
2019-10-26, 16:01:04, 9.27e-13, 8.85e-11
2019-10-26, 16:01:08, 9.03e-13, 8.85e-11
2019-10-26, 16:01:12, 9.61e-13, 8.85e-11
2019-10-26, 16:01:16, 9.67e-13, 8.84e-11
2019-10-26, 16:01:21, 8.95e-13, 8.85e-11
2019-10-26, 16:01:25, 1.04e-12, 8.86e-11
2019-10-26, 16:01:29, 8.89e-13, 8.83e-11
2019-10-26, 16:01:33, 9.99e-13, 8.8e-11
2019-10-26, 16:01:38, 9.79e-13, 8.78e-11
2019-10-26, 16:01:42, 9.78e-13, 8.79e-11
2019-10-26, 16:01:46, 9.68e-13, 8.83e-11
2019-10-26, 16:01:50, 1.05e-12, 8.87e-11
2019-10-26, 16:01:54, 9.14e-13, 8.86e-11
2019-10-26, 16:01:59, 9.96e-13, 8.84e-11
2019-10-26, 16:02:03, 9.37e-13, 8.84e-11
2019-10-26, 16:02:07, 1.06e-12, 8.87e-11
2019-10-26, 16:02:11, 9.55e-13, 8.86e-11
2019-10-26, 16:02:16, 9.89e-13, 8.85e-11
2019-10-26, 16:02:20, 9.63e-13, 8.86e-11
2019-10-26, 16:02:24, 8.55e-13, 8.82e-11
2019-10-26, 16:02:28, 9.68e-13, 8.85e-11
2019-10-26, 16:02:32, 1.02e-12, 8.86e-11
2019-10-26, 16:02:37, 9.14e-13, 8.83e-11
2019-10-26, 16:02:41, 9.38e-13, 8.83e-11
2019-10-26, 16:02:45, 1e-12, 8.83e-11
2019-10-26, 16:02:49, 9.61e-13, 8.83e-11
2019-10-26, 16:02:54, 9.4e-13, 8.84e-11
2019-10-26, 16:02:58, 9.92e-13, 8.83e-11
2019-10-26, 16:03:02, 9.35e-13, 8.82e-11
2019-10-26, 16:03:06, 9.61e-13, 8.85e-11
2019-10-26, 16:03:10, 9.54e-13, 8.88e-11
2019-10-26, 16:03:15, 8.86e-13, 8.86e-11
2019-10-26, 16:03:19, 9.55e-13, 8.84e-11
2019-10-26, 16:03:23, 1.01e-12, 8.82e-11
2019-10-26, 16:03:27, 1.04e-12, 8.84e-11
2019-10-26, 16:03:31, 1.03e-12, 8.85e-11
2019-10-26, 16:03:36, 9.41e-13, 8.83e-11
2019-10-26, 16:03:40, 9.18e-13, 8.86e-11
2019-10-26, 16:03:44, 9.96e-13, 8.85e-11
2019-10-26, 16:03:48, 9.84e-13, 8.85e-11
2019-10-26, 16:03:53, 8.5e-13, 8.81e-11
2019-10-26, 16:03:57, 1e-12, 8.84e-11
2019-10-26, 16:04:01, 9.68e-13, 8.83e-11
2019-10-26, 16:04:05, 9.41e-13, 8.84e-11
2019-10-26, 16:04:09, 8.99e-13, 8.86e-11
2019-10-26, 16:04:14, 1.02e-12, 8.83e-11
2019-10-26, 16:04:18, 9.77e-13, 8.84e-11
2019-10-26, 16:04:22, 9.97e-13, 8.82e-11
2019-10-26, 16:04:26, 8.4e-13, 8.85e-11
2019-10-26, 16:04:31, 9.6e-13, 8.85e-11
2019-10-26, 16:04:35, 9.16e-13, 8.86e-11
2019-10-26, 16:04:39, 9.61e-13, 8.85e-11
2019-10-26, 16:04:43, 9.54e-13, 8.81e-11
2019-10-26, 16:04:47, 9.68e-13, 8.81e-11
2019-10-26, 16:04:52, 9.05e-13, 8.86e-11
2019-10-26, 16:04:56, 9.96e-13, 8.81e-11
2019-10-26, 16:05:00, 9.52e-13, 8.85e-11
2019-10-26, 16:05:04, 9.59e-13, 8.83e-11
2019-10-26, 16:05:09, 9.76e-13, 8.81e-11
2019-10-26, 16:05:13, 9.12e-13, 8.81e-11
2019-10-26, 16:05:17, 9.38e-13, 8.81e-11
2019-10-26, 16:05:21, 9.77e-13, 8.81e-11
2019-10-26, 16:05:25, 9.92e-13, 8.84e-11
2019-10-26, 16:05:30, 9.57e-13, 8.83e-11
2019-10-26, 16:05:34, 9.58e-13, 8.81e-11
2019-10-26, 16:05:38, 9.9e-13, 8.77e-11
2019-10-26, 16:05:42, 9.62e-13, 8.82e-11
2019-10-26, 16:05:47, 9.95e-13, 8.81e-11
2019-10-26, 16:05:51, 9.43e-13, 8.88e-11
2019-10-26, 16:05:55, 1.03e-12, 8.83e-11
2019-10-26, 16:05:59, 1e-12, 8.81e-11
2019-10-26, 16:06:03, 9.69e-13, 8.81e-11
2019-10-26, 16:06:08, 9.99e-13, 8.86e-11
2019-10-26, 16:06:12, 9.68e-13, 8.83e-11
2019-10-26, 16:06:16, 9.23e-13, 8.86e-11
2019-10-26, 16:06:20, 9.79e-13, 8.84e-11
2019-10-26, 16:06:25, 9.26e-13, 8.82e-11
2019-10-26, 16:06:29, 9.56e-13, 8.85e-11
2019-10-26, 16:06:33, 9.72e-13, 8.86e-11
2019-10-26, 16:06:37, 9.84e-13, 8.82e-11
2019-10-26, 16:06:41, 9.81e-13, 8.82e-11
2019-10-26, 16:06:46, 9.27e-13, 8.87e-11
2019-10-26, 16:06:50, 9.58e-13, 8.85e-11
2019-10-26, 16:06:54, 9.32e-13, 8.84e-11
2019-10-26, 16:06:58, 1.02e-12, 8.81e-11
2019-10-26, 16:07:03, 9.62e-13, 8.82e-11
2019-10-26, 16:07:07, 8.61e-13, 8.78e-11
2019-10-26, 16:07:11, 9.79e-13, 8.81e-11
2019-10-26, 16:07:15, 9.33e-13, 8.79e-11
2019-10-26, 16:07:19, 1.04e-12, 8.83e-11
2019-10-26, 16:07:24, 9.38e-13, 8.85e-11
2019-10-26, 16:07:28, 9.21e-13, 8.86e-11
2019-10-26, 16:07:32, 9.56e-13, 8.85e-11
2019-10-26, 16:07:36, 9.38e-13, 8.82e-11
2019-10-26, 16:07:40, 9.58e-13, 8.86e-11
2019-10-26, 16:07:45, 9.41e-13, 8.84e-11
2019-10-26, 16:07:49, 1.02e-12, 8.86e-11
2019-10-26, 16:07:53, 9.55e-13, 8.84e-11
2019-10-26, 16:07:57, 9.74e-13, 8.78e-11
2019-10-26, 16:08:02, 9.89e-13, 8.77e-11
2019-10-26, 16:08:06, 9.37e-13, 8.8e-11
2019-10-26, 16:08:10, 9.91e-13, 8.79e-11
2019-10-26, 16:08:14, 9.73e-13, 8.79e-11
2019-10-26, 16:08:18, 9.89e-13, 8.81e-11
2019-10-26, 16:08:23, 9.61e-13, 8.83e-11
2019-10-26, 16:08:27, 1e-12, 8.83e-11
2019-10-26, 16:08:31, 9.87e-13, 8.83e-11
2019-10-26, 16:08:35, 9.62e-13, 8.85e-11
2019-10-26, 16:08:40, 9.88e-13, 8.84e-11
2019-10-26, 16:08:44, 9.4e-13, 8.78e-11
2019-10-26, 16:08:48, 9.71e-13, 8.79e-11
2019-10-26, 16:08:52, 9.6e-13, 8.8e-11
2019-10-26, 16:08:56, 9.38e-13, 8.79e-11
2019-10-26, 16:09:01, 9.53e-13, 8.79e-11
2019-10-26, 16:09:05, 9.27e-13, 8.78e-11
2019-10-26, 16:09:09, 9.46e-13, 8.8e-11
2019-10-26, 16:09:13, 9.51e-13, 8.8e-11
2019-10-26, 16:09:18, 9.84e-13, 8.81e-11
2019-10-26, 16:09:22, 9.84e-13, 8.86e-11
2019-10-26, 16:09:26, 1.02e-12, 8.86e-11
2019-10-26, 16:09:30, 1.03e-12, 8.85e-11
2019-10-26, 16:09:34, 9.18e-13, 8.82e-11
2019-10-26, 16:09:39, 9.22e-13, 8.79e-11
2019-10-26, 16:09:43, 9.85e-13, 8.82e-11
2019-10-26, 16:09:47, 9.55e-13, 8.78e-11
2019-10-26, 16:09:51, 9.76e-13, 8.82e-11
2019-10-26, 16:09:56, 9.39e-13, 8.8e-11
2019-10-26, 16:10:00, 9.83e-13, 8.82e-11
2019-10-26, 16:10:04, 9.91e-13, 8.79e-11
2019-10-26, 16:10:08, 9.43e-13, 8.8e-11
2019-10-26, 16:10:12, 8.96e-13, 8.79e-11
2019-10-26, 16:10:17, 8.35e-13, 8.78e-11
2019-10-26, 16:10:21, 9.57e-13, 8.81e-11
2019-10-26, 16:10:25, 9.64e-13, 8.85e-11
2019-10-26, 16:10:29, 1.01e-12, 8.81e-11
2019-10-26, 16:10:34, 9.27e-13, 8.84e-11
2019-10-26, 16:10:38, 9.44e-13, 8.81e-11
2019-10-26, 16:10:42, 9.46e-13, 8.84e-11
2019-10-26, 16:10:46, 1.01e-12, 8.79e-11
2019-10-26, 16:10:50, 1.01e-12, 8.75e-11
2019-10-26, 16:10:55, 1.06e-12, 8.81e-11
2019-10-26, 16:10:59, 9.64e-13, 8.82e-11
2019-10-26, 16:11:03, 9.44e-13, 8.81e-11
2019-10-26, 16:11:07, 1.05e-12, 8.82e-11
2019-10-26, 16:11:12, 9.77e-13, 8.81e-11
2019-10-26, 16:11:16, 9.42e-13, 8.81e-11
2019-10-26, 16:11:20, 9.71e-13, 8.82e-11
2019-10-26, 16:11:24, 9.61e-13, 8.8e-11
2019-10-26, 16:11:28, 9.48e-13, 8.79e-11
2019-10-26, 16:11:33, 1.01e-12, 8.81e-11
2019-10-26, 16:11:37, 9.86e-13, 8.82e-11
2019-10-26, 16:11:41, 1.1e-12, 8.85e-11
2019-10-26, 16:11:45, 9.6e-13, 8.85e-11
2019-10-26, 16:11:50, 1.04e-12, 8.83e-11
2019-10-26, 16:11:54, 1.01e-12, 8.79e-11
2019-10-26, 16:11:58, 9.95e-13, 8.79e-11
2019-10-26, 16:12:02, 9.75e-13, 8.8e-11
2019-10-26, 16:12:06, 9.62e-13, 8.82e-11
2019-10-26, 16:12:11, 1.01e-12, 8.75e-11
2019-10-26, 16:12:15, 9.48e-13, 8.78e-11
2019-10-26, 16:12:19, 8.76e-13, 8.77e-11
2019-10-26, 16:12:23, 9.39e-13, 8.83e-11
2019-10-26, 16:12:28, 9.59e-13, 8.79e-11
2019-10-26, 16:12:32, 8.97e-13, 8.81e-11
2019-10-26, 16:12:36, 9.87e-13, 8.81e-11
2019-10-26, 16:12:40, 9.9e-13, 8.79e-11
2019-10-26, 16:12:44, 9.34e-13, 8.8e-11
2019-10-26, 16:12:49, 9.05e-13, 8.8e-11
2019-10-26, 16:12:53, 1e-12, 8.79e-11
2019-10-26, 16:12:57, 1e-12, 8.83e-11
2019-10-26, 16:13:01, 1.02e-12, 8.82e-11
2019-10-26, 16:13:06, 9.2e-13, 8.81e-11
2019-10-26, 16:13:10, 9.95e-13, 8.84e-11
2019-10-26, 16:13:14, 9.59e-13, 8.8e-11
2019-10-26, 16:13:18, 9.04e-13, 8.82e-11
2019-10-26, 16:13:22, 9.32e-13, 8.84e-11
2019-10-26, 16:13:27, 9.84e-13, 8.84e-11
2019-10-26, 16:13:31, 9.84e-13, 8.83e-11
2019-10-26, 16:13:35, 1.01e-12, 8.82e-11
2019-10-26, 16:13:39, 9.36e-13, 8.81e-11
2019-10-26, 16:13:43, 9.81e-13, 8.82e-11
2019-10-26, 16:13:48, 9.59e-13, 8.82e-11
2019-10-26, 16:13:52, 9.46e-13, 8.79e-11
2019-10-26, 16:13:56, 9.95e-13, 8.78e-11
2019-10-26, 16:14:00, 9.23e-13, 8.84e-11
2019-10-26, 16:14:05, 9.95e-13, 8.82e-11
2019-10-26, 16:14:09, 9.38e-13, 8.78e-11
2019-10-26, 16:14:13, 9.83e-13, 8.77e-11
2019-10-26, 16:14:17, 9.39e-13, 8.79e-11
2019-10-26, 16:14:21, 8.6e-13, 8.79e-11
2019-10-26, 16:14:26, 9.68e-13, 8.85e-11
2019-10-26, 16:14:30, 1.02e-12, 8.82e-11
2019-10-26, 16:14:34, 1.05e-12, 8.8e-11
2019-10-26, 16:14:38, 9.13e-13, 8.77e-11
2019-10-26, 16:14:43, 9.82e-13, 8.79e-11
2019-10-26, 16:14:47, 9.05e-13, 8.79e-11
2019-10-26, 16:14:51, 9.57e-13, 8.84e-11
2019-10-26, 16:14:55, 9.72e-13, 8.84e-11
2019-10-26, 16:14:59, 9.29e-13, 8.8e-11
2019-10-26, 16:15:04, 9.41e-13, 8.84e-11
2019-10-26, 16:15:08, 8.03e-13, 8.79e-11
2019-10-26, 16:15:12, 9.24e-13, 8.79e-11
2019-10-26, 16:15:16, 1.02e-12, 8.8e-11
2019-10-26, 16:15:21, 9.59e-13, 8.83e-11
2019-10-26, 16:15:25, 9.64e-13, 8.82e-11
2019-10-26, 16:15:29, 9.57e-13, 8.78e-11
2019-10-26, 16:15:33, 9.57e-13, 8.82e-11
2019-10-26, 16:15:37, 9.83e-13, 8.78e-11
2019-10-26, 16:15:42, 9.87e-13, 8.88e-11
2019-10-26, 16:15:46, 9e-13, 8.8e-11
2019-10-26, 16:15:50, 1.01e-12, 8.81e-11
2019-10-26, 16:15:54, 1.02e-12, 8.82e-11
2019-10-26, 16:15:59, 1.01e-12, 8.81e-11
2019-10-26, 16:16:03, 9.8e-13, 8.79e-11
2019-10-26, 16:16:07, 9.53e-13, 8.81e-11
2019-10-26, 16:16:11, 9.02e-13, 8.77e-11
2019-10-26, 16:16:15, 9.8e-13, 8.82e-11
2019-10-26, 16:16:20, 9.86e-13, 8.83e-11
2019-10-26, 16:16:24, 9.62e-13, 8.8e-11
2019-10-26, 16:16:28, 1.02e-12, 8.84e-11
2019-10-26, 16:16:32, 9.31e-13, 8.81e-11
2019-10-26, 16:16:37, 9.36e-13, 8.8e-11
2019-10-26, 16:16:41, 9.88e-13, 8.82e-11
2019-10-26, 16:16:45, 9.11e-13, 8.77e-11
2019-10-26, 16:16:49, 9.83e-13, 8.83e-11
2019-10-26, 16:16:53, 9.71e-13, 8.82e-11
2019-10-26, 16:16:58, 9.97e-13, 8.8e-11
2019-10-26, 16:17:02, 8.64e-13, 8.79e-11
2019-10-26, 16:17:06, 9.44e-13, 8.82e-11
2019-10-26, 16:17:10, 9.72e-13, 8.79e-11
2019-10-26, 16:17:15, 1.02e-12, 8.79e-11
2019-10-26, 16:17:19, 9.25e-13, 8.79e-11
2019-10-26, 16:17:23, 9.43e-13, 8.81e-11
2019-10-26, 16:17:27, 9.72e-13, 8.82e-11
2019-10-26, 16:17:31, 9.46e-13, 8.78e-11
2019-10-26, 16:17:36, 9.63e-13, 8.83e-11
2019-10-26, 16:17:40, 9.56e-13, 8.82e-11
2019-10-26, 16:17:44, 8.86e-13, 8.84e-11
2019-10-26, 16:17:48, 9.89e-13, 8.79e-11
2019-10-26, 16:17:52, 9.49e-13, 8.78e-11
2019-10-26, 16:17:57, 9.7e-13, 8.79e-11
2019-10-26, 16:18:01, 9.35e-13, 8.78e-11
2019-10-26, 16:18:05, 9.8e-13, 8.83e-11
2019-10-26, 16:18:09, 1.09e-12, 8.81e-11
2019-10-26, 16:18:14, 9.96e-13, 8.79e-11
2019-10-26, 16:18:18, 9.21e-13, 8.79e-11
2019-10-26, 16:18:22, 9.72e-13, 8.81e-11
2019-10-26, 16:18:26, 9.03e-13, 8.77e-11
2019-10-26, 16:18:30, 9.29e-13, 8.78e-11
2019-10-26, 16:18:35, 1.03e-12, 8.76e-11
2019-10-26, 16:18:39, 9.64e-13, 8.8e-11
2019-10-26, 16:18:43, 1.03e-12, 8.8e-11
2019-10-26, 16:18:47, 1.01e-12, 8.83e-11
2019-10-26, 16:18:52, 9.9e-13, 8.83e-11
2019-10-26, 16:18:56, 9.97e-13, 8.84e-11
2019-10-26, 16:19:00, 9.49e-13, 8.84e-11
2019-10-26, 16:19:04, 9.19e-13, 8.82e-11
2019-10-26, 16:19:08, 8.91e-13, 8.82e-11
2019-10-26, 16:19:13, 9.8e-13, 8.84e-11
2019-10-26, 16:19:17, 9.34e-13, 8.83e-11
2019-10-26, 16:19:21, 9.69e-13, 8.81e-11
2019-10-26, 16:19:25, 1.02e-12, 8.83e-11
2019-10-26, 16:19:30, 1.09e-12, 8.82e-11
2019-10-26, 16:19:34, 9.67e-13, 8.85e-11
2019-10-26, 16:19:38, 9.71e-13, 8.85e-11
2019-10-26, 16:19:42, 9.49e-13, 8.83e-11
2019-10-26, 16:19:46, 9.78e-13, 8.83e-11
2019-10-26, 16:19:51, 8.87e-13, 8.83e-11
2019-10-26, 16:19:55, 9.64e-13, 8.83e-11
2019-10-26, 16:19:59, 1e-12, 8.87e-11
2019-10-26, 16:20:03, 9.94e-13, 8.79e-11
2019-10-26, 16:20:08, 9.11e-13, 8.8e-11
2019-10-26, 16:20:12, 8.82e-13, 8.83e-11
2019-10-26, 16:20:16, 9.57e-13, 8.77e-11
2019-10-26, 16:20:20, 9.64e-13, 8.8e-11
2019-10-26, 16:20:24, 9.99e-13, 8.82e-11
2019-10-26, 16:20:29, 9.79e-13, 8.86e-11
2019-10-26, 16:20:33, 9.73e-13, 8.82e-11
2019-10-26, 16:20:37, 9.77e-13, 8.81e-11
2019-10-26, 16:20:41, 9.44e-13, 8.82e-11
2019-10-26, 16:20:46, 9.26e-13, 8.84e-11
2019-10-26, 16:20:50, 9.74e-13, 8.82e-11
2019-10-26, 16:20:54, 9.02e-13, 8.85e-11
2019-10-26, 16:20:58, 1.04e-12, 8.81e-11
2019-10-26, 16:21:02, 9.64e-13, 8.79e-11
2019-10-26, 16:21:07, 9.7e-13, 8.85e-11
2019-10-26, 16:21:11, 9.74e-13, 8.84e-11
2019-10-26, 16:21:15, 9.66e-13, 8.8e-11
2019-10-26, 16:21:19, 1.02e-12, 8.8e-11
2019-10-26, 16:21:24, 1.12e-12, 8.85e-11
2019-10-26, 16:21:28, 9.45e-13, 8.81e-11
2019-10-26, 16:21:32, 9.43e-13, 8.79e-11
2019-10-26, 16:21:36, 1.04e-12, 8.8e-11
2019-10-26, 16:21:40, 8.77e-13, 8.84e-11
2019-10-26, 16:21:45, 9.57e-13, 8.84e-11
2019-10-26, 16:21:49, 1.04e-12, 8.81e-11
2019-10-26, 16:21:53, 9.72e-13, 8.8e-11
2019-10-26, 16:21:57, 9.42e-13, 8.81e-11
2019-10-26, 16:22:01, 9.81e-13, 8.85e-11
2019-10-26, 16:22:06, 8.88e-13, 8.81e-11
2019-10-26, 16:22:10, 9.35e-13, 8.83e-11
2019-10-26, 16:22:14, 9.99e-13, 8.82e-11
2019-10-26, 16:22:18, 9.6e-13, 8.83e-11
2019-10-26, 16:22:23, 1.06e-12, 8.81e-11
2019-10-26, 16:22:27, 9.64e-13, 8.84e-11
2019-10-26, 16:22:31, 9.07e-13, 8.8e-11
2019-10-26, 16:22:35, 9.46e-13, 8.82e-11
2019-10-26, 16:22:39, 1.05e-12, 8.82e-11
2019-10-26, 16:22:44, 1.05e-12, 8.81e-11
2019-10-26, 16:22:48, 1.01e-12, 8.82e-11
2019-10-26, 16:22:52, 9.65e-13, 8.78e-11
2019-10-26, 16:22:56, 9.83e-13, 8.84e-11
2019-10-26, 16:23:01, 9.95e-13, 8.83e-11
2019-10-26, 16:23:05, 1.05e-12, 8.83e-11
2019-10-26, 16:23:09, 8.24e-13, 8.82e-11
2019-10-26, 16:23:13, 9.11e-13, 8.81e-11
2019-10-26, 16:23:17, 9.72e-13, 8.85e-11
2019-10-26, 16:23:22, 9.45e-13, 8.81e-11
2019-10-26, 16:23:26, 9.96e-13, 8.81e-11
2019-10-26, 16:23:30, 9.82e-13, 8.83e-11
2019-10-26, 16:23:34, 1.03e-12, 8.83e-11
2019-10-26, 16:23:39, 9.88e-13, 8.83e-11
2019-10-26, 16:23:43, 1e-12, 8.81e-11
2019-10-26, 16:23:47, 9.25e-13, 8.7e-11
2019-10-26, 16:23:51, 9.89e-13, 8.77e-11
2019-10-26, 16:23:55, 9.81e-13, 8.73e-11
2019-10-26, 16:24:00, 8.81e-13, 8.75e-11
2019-10-26, 16:24:04, 9.92e-13, 8.72e-11
2019-10-26, 16:24:08, 9.54e-13, 8.71e-11
2019-10-26, 16:24:12, 9.65e-13, 8.72e-11
2019-10-26, 16:24:17, 9.24e-13, 8.69e-11
2019-10-26, 16:24:21, 9.1e-13, 8.73e-11
2019-10-26, 16:24:25, 1.01e-12, 8.73e-11
2019-10-26, 16:24:29, 9.6e-13, 8.77e-11
2019-10-26, 16:24:33, 8.97e-13, 8.77e-11
2019-10-26, 16:24:38, 8.51e-13, 8.78e-11
2019-10-26, 16:24:42, 1e-12, 8.77e-11
2019-10-26, 16:24:46, 9.69e-13, 8.84e-11
2019-10-26, 16:24:50, 9.1e-13, 8.83e-11
2019-10-26, 16:24:55, 9.5e-13, 8.83e-11
2019-10-26, 16:24:59, 1.02e-12, 8.86e-11
2019-10-26, 16:25:03, 9.64e-13, 8.81e-11
2019-10-26, 16:25:07, 9.15e-13, 8.83e-11
2019-10-26, 16:25:11, 9.14e-13, 8.83e-11
2019-10-26, 16:25:16, 9.41e-13, 8.84e-11
2019-10-26, 16:25:20, 9.45e-13, 8.83e-11
2019-10-26, 16:25:24, 9.8e-13, 8.83e-11
2019-10-26, 16:25:28, 9.83e-13, 8.85e-11
2019-10-26, 16:25:33, 9.96e-13, 8.85e-11
2019-10-26, 16:25:37, 9.78e-13, 8.81e-11
2019-10-26, 16:25:41, 9.74e-13, 8.81e-11
2019-10-26, 16:25:45, 9.36e-13, 8.82e-11
2019-10-26, 16:25:49, 9.35e-13, 8.85e-11
2019-10-26, 16:25:54, 9.72e-13, 8.81e-11
2019-10-26, 16:25:58, 9.33e-13, 8.83e-11
2019-10-26, 16:26:02, 9.8e-13, 8.83e-11
2019-10-26, 16:26:06, 9.75e-13, 8.86e-11
2019-10-26, 16:26:11, 1.06e-12, 8.82e-11
2019-10-26, 16:26:15, 9.74e-13, 8.84e-11
2019-10-26, 16:26:19, 1.1e-12, 8.83e-11
2019-10-26, 16:26:23, 1.02e-12, 8.84e-11
2019-10-26, 16:26:27, 9.88e-13, 8.89e-11
2019-10-26, 16:26:32, 9.97e-13, 8.82e-11
2019-10-26, 16:26:36, 9.62e-13, 8.85e-11
2019-10-26, 16:26:40, 9.21e-13, 8.83e-11
2019-10-26, 16:26:44, 1.07e-12, 8.84e-11
2019-10-26, 16:26:49, 9.42e-13, 8.85e-11
2019-10-26, 16:26:53, 9.68e-13, 8.83e-11
2019-10-26, 16:26:57, 9.71e-13, 8.8e-11
2019-10-26, 16:27:01, 9.77e-13, 8.8e-11
2019-10-26, 16:27:05, 9.82e-13, 8.79e-11
2019-10-26, 16:27:10, 9.26e-13, 8.85e-11
2019-10-26, 16:27:14, 1.01e-12, 8.81e-11
2019-10-26, 16:27:18, 9.17e-13, 8.87e-11
2019-10-26, 16:27:22, 9.85e-13, 8.83e-11
2019-10-26, 16:27:27, 9.55e-13, 8.83e-11
2019-10-26, 16:27:31, 8.96e-13, 8.83e-11
2019-10-26, 16:27:35, 9.65e-13, 8.79e-11
2019-10-26, 16:27:39, 9.33e-13, 8.8e-11
2019-10-26, 16:27:43, 9.08e-13, 8.79e-11
2019-10-26, 16:27:48, 9.83e-13, 8.83e-11
2019-10-26, 16:27:52, 9.85e-13, 8.81e-11
2019-10-26, 16:27:56, 9.27e-13, 8.8e-11
2019-10-26, 16:28:00, 9.4e-13, 8.83e-11
2019-10-26, 16:28:04, 9.47e-13, 8.83e-11
2019-10-26, 16:28:09, 9.85e-13, 8.81e-11
2019-10-26, 16:28:13, 1.07e-12, 8.85e-11
2019-10-26, 16:28:17, 9.88e-13, 8.86e-11
2019-10-26, 16:28:21, 9.64e-13, 8.81e-11
2019-10-26, 16:28:26, 9.59e-13, 8.82e-11
2019-10-26, 16:28:30, 9.76e-13, 8.84e-11
2019-10-26, 16:28:34, 9.26e-13, 8.83e-11
2019-10-26, 16:28:38, 9.88e-13, 8.8e-11
2019-10-26, 16:28:43, 1.05e-12, 8.84e-11
2019-10-26, 16:28:47, 9.3e-13, 8.82e-11
2019-10-26, 16:28:51, 9.42e-13, 8.85e-11
2019-10-26, 16:28:55, 1.03e-12, 8.81e-11
2019-10-26, 16:28:59, 9.58e-13, 8.81e-11
2019-10-26, 16:29:04, 9.84e-13, 8.79e-11
2019-10-26, 16:29:08, 9.32e-13, 8.82e-11
2019-10-26, 16:29:12, 9.25e-13, 8.85e-11
2019-10-26, 16:29:16, 9.5e-13, 8.81e-11
2019-10-26, 16:29:21, 8.53e-13, 8.88e-11
2019-10-26, 16:29:25, 8.18e-13, 8.8e-11
2019-10-26, 16:29:29, 1.05e-12, 8.79e-11
2019-10-26, 16:29:33, 1.02e-12, 8.78e-11
2019-10-26, 16:29:37, 8.82e-13, 8.78e-11
2019-10-26, 16:29:42, 9.03e-13, 8.82e-11
2019-10-26, 16:29:46, 9.8e-13, 8.81e-11
2019-10-26, 16:29:50, 9.41e-13, 8.78e-11
2019-10-26, 16:29:54, 9.54e-13, 8.77e-11
2019-10-26, 16:29:58, 9.3e-13, 8.82e-11
2019-10-26, 16:30:03, 9.24e-13, 8.81e-11
2019-10-26, 16:30:07, 9.83e-13, 8.81e-11
2019-10-26, 16:30:11, 1.12e-12, 8.84e-11
2019-10-26, 16:30:15, 9.93e-13, 8.84e-11
2019-10-26, 16:30:20, 1.01e-12, 8.81e-11
2019-10-26, 16:30:24, 9.96e-13, 8.78e-11
2019-10-26, 16:30:28, 1.04e-12, 8.8e-11
2019-10-26, 16:30:32, 9.54e-13, 8.8e-11
2019-10-26, 16:30:36, 9.73e-13, 8.81e-11
2019-10-26, 16:30:41, 9.73e-13, 8.81e-11
2019-10-26, 16:30:45, 9.89e-13, 8.8e-11
2019-10-26, 16:30:49, 8.39e-13, 8.83e-11
2019-10-26, 16:30:53, 1.04e-12, 8.77e-11
2019-10-26, 16:30:58, 1.03e-12, 8.81e-11
2019-10-26, 16:31:02, 8.77e-13, 8.83e-11
2019-10-26, 16:31:06, 9.82e-13, 8.81e-11
2019-10-26, 16:31:10, 9.88e-13, 8.8e-11
2019-10-26, 16:31:14, 1.02e-12, 8.82e-11
2019-10-26, 16:31:19, 9.39e-13, 8.78e-11
2019-10-26, 16:31:23, 1.03e-12, 8.77e-11
2019-10-26, 16:31:27, 9.11e-13, 8.8e-11
2019-10-26, 16:31:31, 9.42e-13, 8.81e-11
2019-10-26, 16:31:36, 1.02e-12, 8.77e-11
2019-10-26, 16:31:40, 9.11e-13, 8.78e-11
2019-10-26, 16:31:44, 9.15e-13, 8.8e-11
2019-10-26, 16:31:48, 9.57e-13, 8.78e-11
2019-10-26, 16:31:52, 9.06e-13, 8.82e-11
2019-10-26, 16:31:57, 9.61e-13, 8.78e-11
2019-10-26, 16:32:01, 1.01e-12, 8.76e-11
2019-10-26, 16:32:05, 1.04e-12, 8.82e-11
2019-10-26, 16:32:09, 1.06e-12, 8.84e-11
2019-10-26, 16:32:14, 9.8e-13, 8.83e-11
2019-10-26, 16:32:18, 9.66e-13, 8.88e-11
2019-10-26, 16:32:22, 1.04e-12, 8.78e-11
2019-10-26, 16:32:26, 9.45e-13, 8.8e-11
2019-10-26, 16:32:30, 9.43e-13, 8.83e-11
2019-10-26, 16:32:35, 9.16e-13, 8.8e-11
2019-10-26, 16:32:39, 1.01e-12, 8.83e-11
2019-10-26, 16:32:43, 1.08e-12, 8.78e-11
2019-10-26, 16:32:47, 9.65e-13, 8.79e-11
2019-10-26, 16:32:52, 9.31e-13, 8.8e-11
2019-10-26, 16:32:56, 9.53e-13, 8.79e-11
2019-10-26, 16:33:00, 9.49e-13, 8.82e-11
2019-10-26, 16:33:04, 9.73e-13, 8.81e-11
2019-10-26, 16:33:08, 8.57e-13, 8.79e-11
2019-10-26, 16:33:13, 9.95e-13, 8.8e-11
2019-10-26, 16:33:17, 1.03e-12, 8.8e-11
2019-10-26, 16:33:21, 9.89e-13, 8.78e-11
2019-10-26, 16:33:25, 9.85e-13, 8.84e-11
2019-10-26, 16:33:30, 1.02e-12, 8.8e-11
2019-10-26, 16:33:34, 8.93e-13, 8.81e-11
2019-10-26, 16:33:38, 8.93e-13, 8.82e-11
2019-10-26, 16:33:42, 9.47e-13, 8.79e-11
2019-10-26, 16:33:46, 9.32e-13, 8.8e-11
2019-10-26, 16:33:51, 9.68e-13, 8.8e-11
2019-10-26, 16:33:55, 9.49e-13, 8.81e-11
2019-10-26, 16:33:59, 1e-12, 8.79e-11
2019-10-26, 16:34:03, 9.57e-13, 8.8e-11
2019-10-26, 16:34:07, 1.1e-12, 8.79e-11
2019-10-26, 16:34:12, 9.83e-13, 8.83e-11
2019-10-26, 16:34:16, 9.9e-13, 8.8e-11
2019-10-26, 16:34:20, 9.49e-13, 8.83e-11
2019-10-26, 16:34:25, 1.02e-12, 8.84e-11
2019-10-26, 16:34:29, 9.64e-13, 8.82e-11
2019-10-26, 16:34:33, 9.64e-13, 8.84e-11
2019-10-26, 16:34:37, 9.43e-13, 8.82e-11
2019-10-26, 16:34:41, 9.48e-13, 8.81e-11
2019-10-26, 16:34:46, 9.41e-13, 8.8e-11
2019-10-26, 16:34:50, 9.95e-13, 8.82e-11
2019-10-26, 16:34:54, 9.53e-13, 8.78e-11
2019-10-26, 16:34:58, 9.38e-13, 8.81e-11
2019-10-26, 16:35:03, 7.78e-13, 8.82e-11
2019-10-26, 16:35:07, 9.83e-13, 8.84e-11
2019-10-26, 16:35:11, 9.52e-13, 8.79e-11
2019-10-26, 16:35:15, 9.61e-13, 8.79e-11
2019-10-26, 16:35:19, 9.99e-13, 8.84e-11
2019-10-26, 16:35:24, 9.24e-13, 8.86e-11
2019-10-26, 16:35:28, 9.4e-13, 8.84e-11
2019-10-26, 16:35:32, 9.77e-13, 8.82e-11
2019-10-26, 16:35:36, 7.6e-13, 8.85e-11
2019-10-26, 16:35:41, 1.05e-12, 8.84e-11
2019-10-26, 16:35:45, 9.47e-13, 8.83e-11
2019-10-26, 16:35:49, 9.24e-13, 8.82e-11
2019-10-26, 16:35:53, 9.82e-13, 8.79e-11
2019-10-26, 16:35:57, 1.02e-12, 8.84e-11
2019-10-26, 16:36:02, 1.09e-12, 8.81e-11
2019-10-26, 16:36:06, 9.25e-13, 8.81e-11
2019-10-26, 16:36:10, 9.12e-13, 8.8e-11
2019-10-26, 16:36:14, 8.96e-13, 8.81e-11
2019-10-26, 16:36:19, 8.86e-13, 8.81e-11
2019-10-26, 16:36:23, 1.01e-12, 8.82e-11
2019-10-26, 16:36:27, 9.64e-13, 8.84e-11
2019-10-26, 16:36:31, 9.64e-13, 8.8e-11
2019-10-26, 16:36:35, 9.41e-13, 8.84e-11
2019-10-26, 16:36:40, 9.64e-13, 8.78e-11
2019-10-26, 16:36:44, 9.6e-13, 8.82e-11
2019-10-26, 16:36:48, 1.07e-12, 8.82e-11
2019-10-26, 16:36:52, 8.3e-13, 8.78e-11
2019-10-26, 16:36:57, 1.01e-12, 8.79e-11
2019-10-26, 16:37:01, 9.08e-13, 8.83e-11
2019-10-26, 16:37:05, 9.17e-13, 8.78e-11
2019-10-26, 16:37:09, 9.67e-13, 8.79e-11
2019-10-26, 16:37:13, 8.52e-13, 8.84e-11
2019-10-26, 16:37:18, 9.63e-13, 8.86e-11
2019-10-26, 16:37:22, 1.04e-12, 8.81e-11
2019-10-26, 16:37:26, 9.92e-13, 8.81e-11
2019-10-26, 16:37:30, 9.08e-13, 8.8e-11
2019-10-26, 16:37:34, 9.92e-13, 8.78e-11
2019-10-26, 16:37:39, 9.64e-13, 8.83e-11
2019-10-26, 16:37:43, 9.46e-13, 8.79e-11
2019-10-26, 16:37:47, 1.03e-12, 8.83e-11
2019-10-26, 16:37:51, 1.04e-12, 8.82e-11
2019-10-26, 16:37:56, 9.93e-13, 8.83e-11
2019-10-26, 16:38:00, 8.81e-13, 8.83e-11
2019-10-26, 16:38:04, 1.04e-12, 8.84e-11
2019-10-26, 16:38:08, 8.89e-13, 8.81e-11
2019-10-26, 16:38:12, 9.7e-13, 8.86e-11
2019-10-26, 16:38:17, 9.32e-13, 8.84e-11
2019-10-26, 16:38:21, 9.79e-13, 8.83e-11
2019-10-26, 16:38:25, 1.01e-12, 8.85e-11
2019-10-26, 16:38:29, 9.44e-13, 8.84e-11
2019-10-26, 16:38:34, 9.16e-13, 8.79e-11
2019-10-26, 16:38:38, 9.35e-13, 8.8e-11
2019-10-26, 16:38:42, 9.94e-13, 8.82e-11
2019-10-26, 16:38:46, 9.38e-13, 8.79e-11
2019-10-26, 16:38:50, 9.54e-13, 8.82e-11
2019-10-26, 16:38:55, 9.98e-13, 8.8e-11
2019-10-26, 16:38:59, 9.93e-13, 8.81e-11
2019-10-26, 16:39:03, 9.36e-13, 8.81e-11
2019-10-26, 16:39:07, 9.35e-13, 8.86e-11
2019-10-26, 16:39:12, 1.14e-12, 8.85e-11
2019-10-26, 16:39:16, 9.52e-13, 8.82e-11
2019-10-26, 16:39:20, 9.16e-13, 8.83e-11
2019-10-26, 16:39:24, 9.88e-13, 8.82e-11
2019-10-26, 16:39:28, 9.55e-13, 8.82e-11
2019-10-26, 16:39:33, 9.26e-13, 8.81e-11
2019-10-26, 16:39:37, 9.53e-13, 8.79e-11
2019-10-26, 16:39:41, 9.21e-13, 8.78e-11
2019-10-26, 16:39:45, 1.02e-12, 8.84e-11
2019-10-26, 16:39:50, 9.56e-13, 8.83e-11
2019-10-26, 16:39:54, 9.45e-13, 8.83e-11
2019-10-26, 16:39:58, 9.52e-13, 8.79e-11
2019-10-26, 16:40:02, 9.79e-13, 8.85e-11
2019-10-26, 16:40:06, 1.02e-12, 8.78e-11
2019-10-26, 16:40:11, 9.15e-13, 8.8e-11
2019-10-26, 16:40:15, 1.01e-12, 8.8e-11
2019-10-26, 16:40:19, 9.61e-13, 8.8e-11
2019-10-26, 16:40:23, 9.73e-13, 8.79e-11
2019-10-26, 16:40:28, 1.06e-12, 8.79e-11
2019-10-26, 16:40:32, 9.61e-13, 8.82e-11
2019-10-26, 16:40:36, 9.17e-13, 8.84e-11
2019-10-26, 16:40:40, 9.04e-13, 8.81e-11
2019-10-26, 16:40:44, 8.54e-13, 8.85e-11
2019-10-26, 16:40:49, 9.88e-13, 8.84e-11
2019-10-26, 16:40:53, 1.03e-12, 8.84e-11
2019-10-26, 16:40:57, 9.27e-13, 8.86e-11
2019-10-26, 16:41:01, 9.86e-13, 8.86e-11
2019-10-26, 16:41:06, 9.5e-13, 8.82e-11
2019-10-26, 16:41:10, 1.02e-12, 8.8e-11
2019-10-26, 16:41:14, 1.01e-12, 8.78e-11
2019-10-26, 16:41:18, 9.18e-13, 8.83e-11
2019-10-26, 16:41:22, 9.29e-13, 8.83e-11
2019-10-26, 16:41:27, 9.25e-13, 8.8e-11
2019-10-26, 16:41:31, 9.51e-13, 8.83e-11
2019-10-26, 16:41:35, 9.79e-13, 8.79e-11
2019-10-26, 16:41:39, 1.03e-12, 8.81e-11
2019-10-26, 16:41:43, 8.89e-13, 8.8e-11
2019-10-26, 16:41:48, 9.85e-13, 8.8e-11
2019-10-26, 16:41:52, 9.63e-13, 8.8e-11
2019-10-26, 16:41:56, 9.89e-13, 8.8e-11
2019-10-26, 16:42:00, 9.18e-13, 8.8e-11
2019-10-26, 16:42:05, 1.01e-12, 8.79e-11
2019-10-26, 16:42:09, 9.32e-13, 8.83e-11
2019-10-26, 16:42:13, 1.01e-12, 8.8e-11
2019-10-26, 16:42:17, 9.58e-13, 8.82e-11
2019-10-26, 16:42:21, 9.88e-13, 8.76e-11
2019-10-26, 16:42:26, 9.85e-13, 8.81e-11
2019-10-26, 16:42:30, 9.02e-13, 8.78e-11
2019-10-26, 16:42:34, 9.07e-13, 8.81e-11
2019-10-26, 16:42:38, 9.81e-13, 8.8e-11
2019-10-26, 16:42:43, 8.66e-13, 8.79e-11
2019-10-26, 16:42:47, 9.42e-13, 8.85e-11
2019-10-26, 16:42:51, 9.21e-13, 8.82e-11
2019-10-26, 16:42:55, 9.65e-13, 8.79e-11
2019-10-26, 16:42:59, 1.03e-12, 8.8e-11
2019-10-26, 16:43:04, 9.36e-13, 8.83e-11
2019-10-26, 16:43:08, 9.36e-13, 8.84e-11
2019-10-26, 16:43:12, 9.55e-13, 8.83e-11
2019-10-26, 16:43:16, 9.36e-13, 8.8e-11
2019-10-26, 16:43:21, 9.35e-13, 8.8e-11
2019-10-26, 16:43:25, 1.04e-12, 8.82e-11
2019-10-26, 16:43:29, 1.03e-12, 8.79e-11
2019-10-26, 16:43:33, 8.94e-13, 8.81e-11
2019-10-26, 16:43:37, 9.64e-13, 8.78e-11
2019-10-26, 16:43:42, 8.89e-13, 8.83e-11
2019-10-26, 16:43:46, 9.5e-13, 8.77e-11
2019-10-26, 16:43:50, 9.74e-13, 8.84e-11
2019-10-26, 16:43:54, 9.81e-13, 8.82e-11
2019-10-26, 16:43:59, 9.73e-13, 8.81e-11
2019-10-26, 16:44:03, 1e-12, 8.82e-11
2019-10-26, 16:44:07, 9.82e-13, 8.78e-11
2019-10-26, 16:44:11, 9.25e-13, 8.81e-11
2019-10-26, 16:44:15, 9.61e-13, 8.81e-11
2019-10-26, 16:44:20, 9.57e-13, 8.83e-11
2019-10-26, 16:44:24, 9.23e-13, 8.82e-11
2019-10-26, 16:44:28, 9.15e-13, 8.82e-11
2019-10-26, 16:44:32, 1.02e-12, 8.82e-11
2019-10-26, 16:44:37, 9.31e-13, 8.82e-11
2019-10-26, 16:44:41, 1.05e-12, 8.78e-11
2019-10-26, 16:44:45, 1.04e-12, 8.79e-11
2019-10-26, 16:44:49, 8.91e-13, 8.79e-11
2019-10-26, 16:44:53, 9.75e-13, 8.81e-11
2019-10-26, 16:44:58, 9.7e-13, 8.82e-11
2019-10-26, 16:45:02, 9.29e-13, 8.79e-11
2019-10-26, 16:45:06, 9.68e-13, 8.76e-11
2019-10-26, 16:45:10, 1.01e-12, 8.81e-11
2019-10-26, 16:45:14, 9.57e-13, 8.81e-11
2019-10-26, 16:45:19, 9.42e-13, 8.77e-11
2019-10-26, 16:45:23, 9.87e-13, 8.8e-11
2019-10-26, 16:45:27, 9.68e-13, 8.76e-11
2019-10-26, 16:45:31, 9.51e-13, 8.78e-11
2019-10-26, 16:45:36, 8.79e-13, 8.78e-11
2019-10-26, 16:45:40, 9.75e-13, 8.84e-11
2019-10-26, 16:45:44, 9.78e-13, 8.81e-11
2019-10-26, 16:45:48, 1.06e-12, 8.83e-11
2019-10-26, 16:45:52, 9.36e-13, 8.79e-11
2019-10-26, 16:45:57, 9.3e-13, 8.82e-11
2019-10-26, 16:46:01, 1.02e-12, 8.83e-11
2019-10-26, 16:46:05, 1.02e-12, 8.83e-11
2019-10-26, 16:46:09, 9.88e-13, 8.82e-11
2019-10-26, 16:46:14, 9.33e-13, 8.8e-11
2019-10-26, 16:46:18, 9.96e-13, 8.79e-11
2019-10-26, 16:46:22, 1.12e-12, 8.8e-11
2019-10-26, 16:46:26, 9.81e-13, 8.77e-11
2019-10-26, 16:46:30, 1.02e-12, 8.82e-11
2019-10-26, 16:46:35, 9.91e-13, 8.78e-11
2019-10-26, 16:46:39, 9.08e-13, 8.78e-11
2019-10-26, 16:46:43, 1.01e-12, 8.8e-11
2019-10-26, 16:46:47, 9.61e-13, 8.82e-11
2019-10-26, 16:46:52, 9.52e-13, 8.79e-11
2019-10-26, 16:46:56, 9.33e-13, 8.81e-11
2019-10-26, 16:47:00, 9.72e-13, 8.82e-11
2019-10-26, 16:47:04, 8.85e-13, 8.83e-11
2019-10-26, 16:47:08, 9.26e-13, 8.81e-11
2019-10-26, 16:47:13, 9.63e-13, 8.84e-11
2019-10-26, 16:47:17, 9.36e-13, 8.81e-11
2019-10-26, 16:47:21, 1.01e-12, 8.84e-11
2019-10-26, 16:47:25, 9.77e-13, 8.81e-11
2019-10-26, 16:47:30, 9.98e-13, 8.81e-11
2019-10-26, 16:47:34, 9.79e-13, 8.81e-11
2019-10-26, 16:47:38, 9.68e-13, 8.8e-11
2019-10-26, 16:47:42, 9.69e-13, 8.82e-11
2019-10-26, 16:47:46, 9.71e-13, 8.79e-11
2019-10-26, 16:47:51, 9.63e-13, 8.81e-11
2019-10-26, 16:47:55, 1.02e-12, 8.86e-11
2019-10-26, 16:47:59, 9.06e-13, 8.79e-11
2019-10-26, 16:48:03, 9.72e-13, 8.8e-11
2019-10-26, 16:48:08, 8.95e-13, 8.82e-11
2019-10-26, 16:48:12, 1e-12, 8.8e-11
2019-10-26, 16:48:16, 9.95e-13, 8.79e-11
2019-10-26, 16:48:20, 9.42e-13, 8.85e-11
2019-10-26, 16:48:24, 9.57e-13, 8.78e-11
2019-10-26, 16:48:29, 9.77e-13, 8.8e-11
2019-10-26, 16:48:33, 9.56e-13, 8.84e-11
2019-10-26, 16:48:37, 9.9e-13, 8.83e-11
2019-10-26, 16:48:41, 9.24e-13, 8.81e-11
2019-10-26, 16:48:46, 9.79e-13, 8.8e-11
2019-10-26, 16:48:50, 9.77e-13, 8.78e-11
2019-10-26, 16:48:54, 9.15e-13, 8.82e-11
2019-10-26, 16:48:58, 9.72e-13, 8.81e-11
2019-10-26, 16:49:02, 9.21e-13, 8.78e-11
2019-10-26, 16:49:07, 1.02e-12, 8.81e-11
2019-10-26, 16:49:11, 8.23e-13, 8.86e-11
2019-10-26, 16:49:15, 9.22e-13, 8.82e-11
2019-10-26, 16:49:19, 9.51e-13, 8.86e-11
2019-10-26, 16:49:24, 9.71e-13, 8.81e-11
2019-10-26, 16:49:28, 1.07e-12, 8.79e-11
2019-10-26, 16:49:32, 9.89e-13, 8.86e-11
2019-10-26, 16:49:36, 9.56e-13, 8.83e-11
2019-10-26, 16:49:40, 1.01e-12, 8.81e-11
2019-10-26, 16:49:45, 9.22e-13, 8.78e-11
2019-10-26, 16:49:49, 9.92e-13, 8.84e-11
2019-10-26, 16:49:53, 1.01e-12, 8.77e-11
2019-10-26, 16:49:57, 9.59e-13, 8.8e-11
2019-10-26, 16:50:01, 1.01e-12, 8.81e-11
2019-10-26, 16:50:06, 9.57e-13, 8.81e-11
2019-10-26, 16:50:10, 8.84e-13, 8.82e-11
2019-10-26, 16:50:14, 9.71e-13, 8.82e-11
2019-10-26, 16:50:18, 9.56e-13, 8.76e-11
2019-10-26, 16:50:23, 9.25e-13, 8.82e-11
2019-10-26, 16:50:27, 9.59e-13, 8.76e-11
2019-10-26, 16:50:31, 9.85e-13, 8.87e-11
2019-10-26, 16:50:35, 1.01e-12, 8.84e-11
2019-10-26, 16:50:39, 9.15e-13, 8.84e-11
2019-10-26, 16:50:44, 9.52e-13, 8.82e-11
2019-10-26, 16:50:48, 9.62e-13, 8.81e-11
2019-10-26, 16:50:52, 9.28e-13, 8.82e-11
2019-10-26, 16:50:56, 9.47e-13, 8.8e-11
2019-10-26, 16:51:01, 9.87e-13, 8.79e-11
2019-10-26, 16:51:05, 1.1e-12, 8.78e-11
2019-10-26, 16:51:09, 1.08e-12, 8.79e-11
2019-10-26, 16:51:13, 9.53e-13, 8.8e-11
2019-10-26, 16:51:17, 1.13e-12, 8.79e-11
2019-10-26, 16:51:22, 9.82e-13, 8.81e-11
2019-10-26, 16:51:26, 9.6e-13, 8.79e-11
2019-10-26, 16:51:30, 9.93e-13, 8.81e-11
2019-10-26, 16:51:34, 9.59e-13, 8.76e-11
2019-10-26, 16:51:39, 9.35e-13, 8.8e-11
2019-10-26, 16:51:43, 9.58e-13, 8.82e-11
2019-10-26, 16:51:47, 1.08e-12, 8.83e-11
2019-10-26, 16:51:51, 9.21e-13, 8.81e-11
2019-10-26, 16:51:55, 9.8e-13, 8.8e-11
2019-10-26, 16:52:00, 9.15e-13, 8.82e-11
2019-10-26, 16:52:04, 9.8e-13, 8.8e-11
2019-10-26, 16:52:08, 8.01e-13, 8.85e-11
2019-10-26, 16:52:12, 1.01e-12, 8.76e-11
2019-10-26, 16:52:17, 1.02e-12, 8.81e-11
2019-10-26, 16:52:21, 9.39e-13, 8.81e-11
2019-10-26, 16:52:25, 1.12e-12, 8.8e-11
2019-10-26, 16:52:29, 9.74e-13, 8.81e-11
2019-10-26, 16:52:33, 9.67e-13, 8.83e-11
2019-10-26, 16:52:38, 9.69e-13, 8.81e-11
2019-10-26, 16:52:42, 9.63e-13, 8.82e-11
2019-10-26, 16:52:46, 9.74e-13, 8.79e-11
2019-10-26, 16:52:50, 9.62e-13, 8.79e-11
2019-10-26, 16:52:55, 8.05e-13, 8.79e-11
2019-10-26, 16:52:59, 9.88e-13, 8.81e-11
2019-10-26, 16:53:03, 9.54e-13, 8.83e-11
2019-10-26, 16:53:07, 9.78e-13, 8.81e-11
2019-10-26, 16:53:11, 9.95e-13, 8.85e-11
2019-10-26, 16:53:16, 9.76e-13, 8.77e-11
2019-10-26, 16:53:20, 9.83e-13, 8.77e-11
2019-10-26, 16:53:24, 9.81e-13, 8.84e-11
2019-10-26, 16:53:28, 1.01e-12, 8.81e-11
2019-10-26, 16:53:33, 9.53e-13, 8.78e-11
2019-10-26, 16:53:37, 9.67e-13, 8.81e-11
2019-10-26, 16:53:41, 9.55e-13, 8.82e-11
2019-10-26, 16:53:45, 9.62e-13, 8.8e-11
2019-10-26, 16:53:49, 9.64e-13, 8.8e-11
2019-10-26, 16:53:54, 9.25e-13, 8.84e-11
2019-10-26, 16:53:58, 9.97e-13, 8.82e-11
2019-10-26, 16:54:02, 8.87e-13, 8.81e-11
2019-10-26, 16:54:06, 9.39e-13, 8.77e-11
2019-10-26, 16:54:11, 9.24e-13, 8.83e-11
2019-10-26, 16:54:15, 9.46e-13, 8.78e-11
2019-10-26, 16:54:19, 9.96e-13, 8.78e-11
2019-10-26, 16:54:23, 9.34e-13, 8.81e-11
2019-10-26, 16:54:27, 9.32e-13, 8.78e-11
2019-10-26, 16:54:32, 9.5e-13, 8.77e-11
2019-10-26, 16:54:36, 8.9e-13, 8.79e-11
2019-10-26, 16:54:40, 9.51e-13, 8.8e-11
2019-10-26, 16:54:44, 9.58e-13, 8.83e-11
2019-10-26, 16:54:48, 9.23e-13, 8.79e-11
2019-10-26, 16:54:53, 9.58e-13, 8.8e-11
2019-10-26, 16:54:57, 9.7e-13, 8.85e-11
2019-10-26, 16:55:01, 1.01e-12, 8.79e-11
2019-10-26, 16:55:05, 9.81e-13, 8.81e-11
2019-10-26, 16:55:10, 9.3e-13, 8.82e-11
2019-10-26, 16:55:14, 8.9e-13, 8.75e-11
2019-10-26, 16:55:18, 9.59e-13, 8.81e-11
2019-10-26, 16:55:22, 9.73e-13, 8.82e-11
2019-10-26, 16:55:26, 9.9e-13, 8.79e-11
2019-10-26, 16:55:31, 1.06e-12, 8.79e-11
2019-10-26, 16:55:35, 8.61e-13, 8.83e-11
2019-10-26, 16:55:39, 9.66e-13, 8.81e-11
2019-10-26, 16:55:43, 9.07e-13, 8.77e-11
2019-10-26, 16:55:48, 1.13e-12, 8.8e-11
2019-10-26, 16:55:52, 1.01e-12, 8.81e-11
2019-10-26, 16:55:56, 9.44e-13, 8.78e-11
2019-10-26, 16:56:00, 9.09e-13, 8.82e-11
2019-10-26, 16:56:04, 9.73e-13, 8.85e-11
2019-10-26, 16:56:09, 9.47e-13, 8.77e-11
2019-10-26, 16:56:13, 9.67e-13, 8.79e-11
2019-10-26, 16:56:17, 9.69e-13, 8.79e-11
2019-10-26, 16:56:21, 9.12e-13, 8.79e-11
2019-10-26, 16:56:26, 8.46e-13, 8.79e-11
2019-10-26, 16:56:30, 1.01e-12, 8.78e-11
2019-10-26, 16:56:34, 9.68e-13, 8.8e-11
2019-10-26, 16:56:38, 9.59e-13, 8.81e-11
2019-10-26, 16:56:42, 9.87e-13, 8.81e-11
2019-10-26, 16:56:47, 1.02e-12, 8.8e-11
2019-10-26, 16:56:51, 9.31e-13, 8.78e-11
2019-10-26, 16:56:55, 1e-12, 8.79e-11
2019-10-26, 16:56:59, 9.51e-13, 8.76e-11
2019-10-26, 16:57:04, 9.85e-13, 8.8e-11
2019-10-26, 16:57:08, 9.53e-13, 8.8e-11
2019-10-26, 16:57:12, 9.73e-13, 8.76e-11
2019-10-26, 16:57:16, 9.67e-13, 8.81e-11
2019-10-26, 16:57:20, 1.01e-12, 8.82e-11
2019-10-26, 16:57:25, 9.45e-13, 8.79e-11
2019-10-26, 16:57:29, 8.14e-13, 8.8e-11
2019-10-26, 16:57:33, 9.39e-13, 8.82e-11
2019-10-26, 16:57:37, 9.11e-13, 8.8e-11
2019-10-26, 16:57:42, 9.32e-13, 8.84e-11
2019-10-26, 16:57:46, 9.89e-13, 8.8e-11
2019-10-26, 16:57:50, 9.08e-13, 8.79e-11
2019-10-26, 16:57:54, 1.05e-12, 8.77e-11
2019-10-26, 16:57:58, 1.02e-12, 8.81e-11
2019-10-26, 16:58:03, 9.97e-13, 8.77e-11
2019-10-26, 16:58:07, 9.68e-13, 8.78e-11
2019-10-26, 16:58:11, 9.16e-13, 8.82e-11
2019-10-26, 16:58:15, 9.82e-13, 8.76e-11
2019-10-26, 16:58:20, 9.75e-13, 8.74e-11
2019-10-26, 16:58:24, 9.56e-13, 8.8e-11
2019-10-26, 16:58:28, 9.83e-13, 8.79e-11
2019-10-26, 16:58:32, 9.41e-13, 8.81e-11
2019-10-26, 16:58:36, 9.56e-13, 8.77e-11
2019-10-26, 16:58:41, 9.09e-13, 8.74e-11
2019-10-26, 16:58:45, 9.36e-13, 8.78e-11
2019-10-26, 16:58:49, 9.68e-13, 8.79e-11
2019-10-26, 16:58:53, 9.67e-13, 8.83e-11
2019-10-26, 16:58:58, 9.85e-13, 8.82e-11
2019-10-26, 16:59:02, 9.65e-13, 8.8e-11
2019-10-26, 16:59:06, 1.01e-12, 8.78e-11
2019-10-26, 16:59:10, 9.55e-13, 8.83e-11
2019-10-26, 16:59:14, 9.78e-13, 8.78e-11
2019-10-26, 16:59:19, 1.03e-12, 8.81e-11
2019-10-26, 16:59:23, 9.97e-13, 8.78e-11
2019-10-26, 16:59:27, 9.47e-13, 8.81e-11
2019-10-26, 16:59:31, 9.58e-13, 8.82e-11
2019-10-26, 16:59:36, 1.06e-12, 8.82e-11
2019-10-26, 16:59:40, 9.53e-13, 8.83e-11
2019-10-26, 16:59:44, 9.74e-13, 8.84e-11
2019-10-26, 16:59:48, 9.41e-13, 8.79e-11
2019-10-26, 16:59:52, 9.61e-13, 8.77e-11
2019-10-26, 16:59:57, 1.1e-12, 8.84e-11
2019-10-26, 17:00:01, 9.23e-13, 8.79e-11
2019-10-26, 17:00:05, 9.33e-13, 8.83e-11
2019-10-26, 17:00:09, 9.55e-13, 8.78e-11
2019-10-26, 17:00:14, 9.46e-13, 8.8e-11
2019-10-26, 17:00:18, 9.11e-13, 8.82e-11
2019-10-26, 17:00:22, 9.54e-13, 8.81e-11
2019-10-26, 17:00:26, 9.39e-13, 8.77e-11
2019-10-26, 17:00:30, 9.36e-13, 8.78e-11
2019-10-26, 17:00:35, 9.18e-13, 8.76e-11
2019-10-26, 17:00:39, 9.31e-13, 8.82e-11
2019-10-26, 17:00:43, 1.01e-12, 8.79e-11
2019-10-26, 17:00:47, 9.61e-13, 8.78e-11
2019-10-26, 17:00:52, 1e-12, 8.82e-11
2019-10-26, 17:00:56, 1.01e-12, 8.76e-11
2019-10-26, 17:01:00, 9.57e-13, 8.81e-11
2019-10-26, 17:01:04, 9.33e-13, 8.81e-11
2019-10-26, 17:01:08, 1e-12, 8.81e-11
2019-10-26, 17:01:13, 9.98e-13, 8.79e-11
2019-10-26, 17:01:17, 1.07e-12, 8.8e-11
2019-10-26, 17:01:21, 9.71e-13, 8.84e-11
2019-10-26, 17:01:25, 9.99e-13, 8.82e-11
2019-10-26, 17:01:29, 9.71e-13, 8.82e-11
2019-10-26, 17:01:34, 1.01e-12, 8.77e-11
2019-10-26, 17:01:38, 9.85e-13, 8.79e-11
2019-10-26, 17:01:42, 9.08e-13, 8.82e-11
2019-10-26, 17:01:46, 9.9e-13, 8.83e-11
2019-10-26, 17:01:51, 9.55e-13, 8.8e-11
2019-10-26, 17:01:55, 9.56e-13, 8.82e-11
2019-10-26, 17:01:59, 9.84e-13, 8.8e-11
2019-10-26, 17:02:03, 9.19e-13, 8.79e-11
2019-10-26, 17:02:07, 1.14e-12, 8.81e-11
2019-10-26, 17:02:12, 9.23e-13, 8.84e-11
2019-10-26, 17:02:16, 9.71e-13, 8.81e-11
2019-10-26, 17:02:20, 9.65e-13, 8.78e-11
2019-10-26, 17:02:24, 9.86e-13, 8.77e-11
2019-10-26, 17:02:29, 1.02e-12, 8.81e-11
2019-10-26, 17:02:33, 9.74e-13, 8.82e-11
2019-10-26, 17:02:37, 9.66e-13, 8.8e-11
2019-10-26, 17:02:41, 9.51e-13, 8.83e-11
2019-10-26, 17:02:45, 9.89e-13, 8.78e-11
2019-10-26, 17:02:50, 9.26e-13, 8.81e-11
2019-10-26, 17:02:54, 9.35e-13, 8.79e-11
2019-10-26, 17:02:58, 9.85e-13, 8.84e-11
2019-10-26, 17:03:02, 9.85e-13, 8.83e-11
2019-10-26, 17:03:07, 9.78e-13, 8.83e-11
2019-10-26, 17:03:11, 9.42e-13, 8.81e-11
2019-10-26, 17:03:15, 9.9e-13, 8.81e-11
2019-10-26, 17:03:19, 9.67e-13, 8.81e-11
2019-10-26, 17:03:23, 9.74e-13, 8.8e-11
2019-10-26, 17:03:28, 9.39e-13, 8.8e-11
2019-10-26, 17:03:32, 9.18e-13, 8.77e-11
2019-10-26, 17:03:36, 9.04e-13, 8.8e-11
2019-10-26, 17:03:40, 9.61e-13, 8.82e-11
2019-10-26, 17:03:45, 9.86e-13, 8.8e-11
2019-10-26, 17:03:49, 9.72e-13, 8.78e-11
2019-10-26, 17:03:53, 1.02e-12, 8.8e-11
2019-10-26, 17:03:57, 9.04e-13, 8.79e-11
2019-10-26, 17:04:01, 9.37e-13, 8.81e-11
2019-10-26, 17:04:06, 1.06e-12, 8.82e-11
2019-10-26, 17:04:10, 9.66e-13, 8.81e-11
2019-10-26, 17:04:14, 1e-12, 8.8e-11
2019-10-26, 17:04:18, 9.41e-13, 8.81e-11
2019-10-26, 17:04:23, 9.15e-13, 8.79e-11
2019-10-26, 17:04:27, 9.31e-13, 8.79e-11
2019-10-26, 17:04:31, 9.35e-13, 8.83e-11
2019-10-26, 17:04:35, 9.31e-13, 8.82e-11
2019-10-26, 17:04:39, 9.56e-13, 8.79e-11
2019-10-26, 17:04:44, 9.5e-13, 8.82e-11
2019-10-26, 17:04:48, 9.68e-13, 8.83e-11
2019-10-26, 17:04:52, 1.01e-12, 8.81e-11
2019-10-26, 17:04:56, 1.02e-12, 8.81e-11
2019-10-26, 17:05:00, 9.7e-13, 8.82e-11
2019-10-26, 17:05:05, 9.74e-13, 8.78e-11
2019-10-26, 17:05:09, 9.35e-13, 8.82e-11
2019-10-26, 17:05:13, 1.02e-12, 8.8e-11
2019-10-26, 17:05:17, 9.16e-13, 8.77e-11
2019-10-26, 17:05:22, 9.16e-13, 8.83e-11
2019-10-26, 17:05:26, 9.76e-13, 8.79e-11
2019-10-26, 17:05:30, 9.79e-13, 8.78e-11
2019-10-26, 17:05:34, 9.56e-13, 8.86e-11
2019-10-26, 17:05:38, 9.79e-13, 8.8e-11
2019-10-26, 17:05:43, 9e-13, 8.79e-11
2019-10-26, 17:05:47, 9.45e-13, 8.82e-11
2019-10-26, 17:05:51, 9.55e-13, 8.8e-11
2019-10-26, 17:05:55, 9.57e-13, 8.82e-11
2019-10-26, 17:06:00, 9.67e-13, 8.83e-11
2019-10-26, 17:06:04, 9.95e-13, 8.82e-11
2019-10-26, 17:06:08, 1.01e-12, 8.81e-11
2019-10-26, 17:06:12, 9.09e-13, 8.78e-11
2019-10-26, 17:06:16, 9.52e-13, 8.82e-11
2019-10-26, 17:06:21, 9.66e-13, 8.78e-11
2019-10-26, 17:06:25, 9.85e-13, 8.81e-11
2019-10-26, 17:06:29, 9.99e-13, 8.78e-11
2019-10-26, 17:06:33, 9.25e-13, 8.79e-11
2019-10-26, 17:06:38, 1.11e-12, 8.81e-11
2019-10-26, 17:06:42, 1.05e-12, 8.81e-11
2019-10-26, 17:06:46, 9.33e-13, 8.78e-11
2019-10-26, 17:06:50, 9.49e-13, 8.8e-11
2019-10-26, 17:06:54, 1.05e-12, 8.82e-11
2019-10-26, 17:06:59, 9.37e-13, 8.78e-11
2019-10-26, 17:07:03, 9.59e-13, 8.8e-11
2019-10-26, 17:07:07, 9.4e-13, 8.78e-11
2019-10-26, 17:07:11, 9.42e-13, 8.81e-11
2019-10-26, 17:07:16, 9.78e-13, 8.78e-11
2019-10-26, 17:07:20, 9.72e-13, 8.82e-11
2019-10-26, 17:07:24, 9.93e-13, 8.81e-11
2019-10-26, 17:07:28, 9.69e-13, 8.82e-11
2019-10-26, 17:07:32, 8.99e-13, 8.8e-11
2019-10-26, 17:07:37, 9.63e-13, 8.77e-11
2019-10-26, 17:07:41, 9.14e-13, 8.77e-11
2019-10-26, 17:07:45, 8.17e-13, 8.83e-11
2019-10-26, 17:07:49, 9.54e-13, 8.85e-11
2019-10-26, 17:07:54, 9.22e-13, 8.78e-11
2019-10-26, 17:07:58, 1.06e-12, 8.81e-11
2019-10-26, 17:08:02, 9.99e-13, 8.82e-11
2019-10-26, 17:08:06, 1.08e-12, 8.8e-11
2019-10-26, 17:08:10, 1.06e-12, 8.78e-11
2019-10-26, 17:08:15, 8.53e-13, 8.81e-11
2019-10-26, 17:08:19, 9.47e-13, 8.78e-11
2019-10-26, 17:08:23, 9.87e-13, 8.8e-11
2019-10-26, 17:08:27, 1.03e-12, 8.78e-11
2019-10-26, 17:08:31, 9.64e-13, 8.81e-11
2019-10-26, 17:08:36, 9.42e-13, 8.82e-11
2019-10-26, 17:08:40, 9.75e-13, 8.81e-11
2019-10-26, 17:08:44, 9.52e-13, 8.85e-11
2019-10-26, 17:08:48, 9.97e-13, 8.8e-11
2019-10-26, 17:08:53, 9.7e-13, 8.81e-11
2019-10-26, 17:08:57, 9.05e-13, 8.81e-11
2019-10-26, 17:09:01, 9.78e-13, 8.79e-11
2019-10-26, 17:09:05, 9.47e-13, 8.77e-11
2019-10-26, 17:09:09, 9.93e-13, 8.81e-11
2019-10-26, 17:09:14, 9.41e-13, 8.8e-11
2019-10-26, 17:09:18, 9.8e-13, 8.8e-11
2019-10-26, 17:09:22, 1.02e-12, 8.8e-11
2019-10-26, 17:09:26, 9.88e-13, 8.78e-11
2019-10-26, 17:09:31, 9.59e-13, 8.77e-11
2019-10-26, 17:09:35, 9.82e-13, 8.78e-11
2019-10-26, 17:09:39, 9.52e-13, 8.79e-11
2019-10-26, 17:09:43, 1.04e-12, 8.82e-11
2019-10-26, 17:09:47, 9.45e-13, 8.79e-11
2019-10-26, 17:09:52, 9.88e-13, 8.84e-11
2019-10-26, 17:09:56, 1.1e-12, 8.8e-11
2019-10-26, 17:10:00, 9.27e-13, 8.82e-11
2019-10-26, 17:10:04, 9.47e-13, 8.78e-11
2019-10-26, 17:10:09, 1.02e-12, 8.8e-11
2019-10-26, 17:10:13, 9.73e-13, 8.82e-11
2019-10-26, 17:10:17, 9.41e-13, 8.78e-11
2019-10-26, 17:10:21, 9.92e-13, 8.79e-11
2019-10-26, 17:10:25, 8.95e-13, 8.79e-11
2019-10-26, 17:10:30, 8.93e-13, 8.8e-11
2019-10-26, 17:10:34, 9.59e-13, 8.81e-11
2019-10-26, 17:10:38, 8.86e-13, 8.84e-11
2019-10-26, 17:10:42, 9.46e-13, 8.79e-11
2019-10-26, 17:10:47, 8.88e-13, 8.82e-11
2019-10-26, 17:10:51, 9.36e-13, 8.81e-11
2019-10-26, 17:10:55, 1e-12, 8.77e-11
2019-10-26, 17:10:59, 9.36e-13, 8.84e-11
2019-10-26, 17:11:03, 9.61e-13, 8.81e-11
2019-10-26, 17:11:08, 1.02e-12, 8.81e-11
2019-10-26, 17:11:12, 9.68e-13, 8.82e-11
2019-10-26, 17:11:16, 9.71e-13, 8.79e-11
2019-10-26, 17:11:20, 9.87e-13, 8.88e-11
2019-10-26, 17:11:25, 1.02e-12, 8.78e-11
2019-10-26, 17:11:29, 1.02e-12, 8.84e-11
2019-10-26, 17:11:33, 9.7e-13, 8.81e-11
2019-10-26, 17:11:37, 1.05e-12, 8.78e-11
2019-10-26, 17:11:41, 9.95e-13, 8.85e-11
2019-10-26, 17:11:46, 9.61e-13, 8.79e-11
2019-10-26, 17:11:50, 9.68e-13, 8.82e-11
2019-10-26, 17:11:54, 9.69e-13, 8.8e-11
2019-10-26, 17:11:58, 9.53e-13, 8.82e-11
2019-10-26, 17:12:03, 1e-12, 8.8e-11
2019-10-26, 17:12:07, 9.76e-13, 8.79e-11
2019-10-26, 17:12:11, 9.9e-13, 8.8e-11
2019-10-26, 17:12:15, 1.01e-12, 8.81e-11
2019-10-26, 17:12:19, 9.84e-13, 8.81e-11
2019-10-26, 17:12:24, 9.53e-13, 8.79e-11
2019-10-26, 17:12:28, 9.55e-13, 8.84e-11
2019-10-26, 17:12:32, 1.01e-12, 8.79e-11
2019-10-26, 17:12:36, 9.79e-13, 8.79e-11
2019-10-26, 17:12:41, 1.07e-12, 8.78e-11
2019-10-26, 17:12:45, 9.62e-13, 8.81e-11
2019-10-26, 17:12:49, 1.01e-12, 8.8e-11
2019-10-26, 17:12:53, 9.45e-13, 8.79e-11
2019-10-26, 17:12:57, 9.59e-13, 8.81e-11
2019-10-26, 17:13:02, 1.01e-12, 8.78e-11
2019-10-26, 17:13:06, 8.85e-13, 8.79e-11
2019-10-26, 17:13:10, 9.31e-13, 8.79e-11
2019-10-26, 17:13:14, 9.24e-13, 8.81e-11
2019-10-26, 17:13:18, 9.68e-13, 8.79e-11
2019-10-26, 17:13:23, 8.73e-13, 8.81e-11
2019-10-26, 17:13:27, 9.16e-13, 8.82e-11
2019-10-26, 17:13:31, 9.69e-13, 8.8e-11
2019-10-26, 17:13:35, 1.09e-12, 8.79e-11
2019-10-26, 17:13:40, 9.55e-13, 8.78e-11
2019-10-26, 17:13:44, 9.79e-13, 8.77e-11
2019-10-26, 17:13:48, 9.76e-13, 8.8e-11
2019-10-26, 17:13:52, 9.96e-13, 8.76e-11
2019-10-26, 17:13:56, 9.9e-13, 8.81e-11
2019-10-26, 17:14:01, 9.68e-13, 8.82e-11
2019-10-26, 17:14:05, 9.62e-13, 8.81e-11
2019-10-26, 17:14:09, 8.2e-13, 8.77e-11
2019-10-26, 17:14:13, 9.1e-13, 8.8e-11
2019-10-26, 17:14:18, 9.44e-13, 8.77e-11
2019-10-26, 17:14:22, 9.16e-13, 8.81e-11
2019-10-26, 17:14:26, 1.02e-12, 8.82e-11
2019-10-26, 17:14:30, 1e-12, 8.78e-11
2019-10-26, 17:14:34, 8.57e-13, 8.79e-11
2019-10-26, 17:14:39, 9.16e-13, 8.78e-11
2019-10-26, 17:14:43, 8.91e-13, 8.84e-11
2019-10-26, 17:14:47, 1e-12, 8.79e-11
2019-10-26, 17:14:51, 9.78e-13, 8.79e-11
2019-10-26, 17:14:56, 9.77e-13, 8.8e-11
2019-10-26, 17:15:00, 9.21e-13, 8.79e-11
2019-10-26, 17:15:04, 1.04e-12, 8.8e-11
2019-10-26, 17:15:08, 1e-12, 8.83e-11
2019-10-26, 17:15:12, 9.2e-13, 8.84e-11
2019-10-26, 17:15:17, 9.68e-13, 8.76e-11
2019-10-26, 17:15:21, 9.9e-13, 8.76e-11
2019-10-26, 17:15:25, 9.57e-13, 8.79e-11
2019-10-26, 17:15:29, 9.9e-13, 8.81e-11
2019-10-26, 17:15:34, 1e-12, 8.8e-11
2019-10-26, 17:15:38, 9.31e-13, 8.8e-11
2019-10-26, 17:15:42, 9.97e-13, 8.82e-11
2019-10-26, 17:15:46, 1.03e-12, 8.8e-11
2019-10-26, 17:15:50, 9.22e-13, 8.82e-11
2019-10-26, 17:15:55, 9.54e-13, 8.81e-11
2019-10-26, 17:15:59, 9.21e-13, 8.8e-11
2019-10-26, 17:16:03, 9.68e-13, 8.78e-11
2019-10-26, 17:16:07, 9.39e-13, 8.78e-11
2019-10-26, 17:16:12, 9.68e-13, 8.79e-11
2019-10-26, 17:16:16, 9.73e-13, 8.85e-11
2019-10-26, 17:16:20, 9.43e-13, 8.76e-11
2019-10-26, 17:16:24, 9.84e-13, 8.79e-11
2019-10-26, 17:16:28, 1.01e-12, 8.81e-11
2019-10-26, 17:16:33, 1.02e-12, 8.8e-11
2019-10-26, 17:16:37, 9.44e-13, 8.82e-11
2019-10-26, 17:16:41, 1.18e-12, 8.76e-11
2019-10-26, 17:16:45, 1.03e-12, 8.82e-11
2019-10-26, 17:16:49, 8.53e-13, 8.77e-11
2019-10-26, 17:16:54, 9.89e-13, 8.8e-11
2019-10-26, 17:16:58, 9.83e-13, 8.77e-11
2019-10-26, 17:17:02, 9.24e-13, 8.8e-11
2019-10-26, 17:17:06, 8.64e-13, 8.81e-11
2019-10-26, 17:17:11, 1e-12, 8.84e-11
2019-10-26, 17:17:15, 1.05e-12, 8.82e-11
2019-10-26, 17:17:19, 9.6e-13, 8.79e-11
2019-10-26, 17:17:23, 1.01e-12, 8.79e-11
2019-10-26, 17:17:27, 9.5e-13, 8.79e-11
2019-10-26, 17:17:32, 9.58e-13, 8.77e-11
2019-10-26, 17:17:36, 9.67e-13, 8.79e-11
2019-10-26, 17:17:40, 9.3e-13, 8.79e-11
2019-10-26, 17:17:44, 9e-13, 8.78e-11
2019-10-26, 17:17:49, 9.44e-13, 8.78e-11
2019-10-26, 17:17:53, 9.9e-13, 8.79e-11
2019-10-26, 17:17:57, 9.47e-13, 8.82e-11
2019-10-26, 17:18:01, 9.91e-13, 8.77e-11
2019-10-26, 17:18:05, 9.62e-13, 8.81e-11
2019-10-26, 17:18:10, 1.02e-12, 8.8e-11
2019-10-26, 17:18:14, 9.38e-13, 8.8e-11
2019-10-26, 17:18:18, 9.51e-13, 8.77e-11
2019-10-26, 17:18:22, 9.53e-13, 8.79e-11
2019-10-26, 17:18:27, 8.88e-13, 8.78e-11
2019-10-26, 17:18:31, 9.78e-13, 8.81e-11
2019-10-26, 17:18:35, 9.56e-13, 8.83e-11
2019-10-26, 17:18:39, 9.72e-13, 8.87e-11
2019-10-26, 17:18:43, 9.19e-13, 8.85e-11
2019-10-26, 17:18:48, 9.03e-13, 8.79e-11
2019-10-26, 17:18:52, 9.96e-13, 8.78e-11
2019-10-26, 17:18:56, 9.55e-13, 8.8e-11
2019-10-26, 17:19:00, 9.65e-13, 8.8e-11
2019-10-26, 17:19:05, 9.9e-13, 8.79e-11
2019-10-26, 17:19:09, 9.27e-13, 8.8e-11
2019-10-26, 17:19:13, 9.69e-13, 8.83e-11
2019-10-26, 17:19:17, 9.57e-13, 8.77e-11
2019-10-26, 17:19:21, 9.53e-13, 8.79e-11
2019-10-26, 17:19:26, 9.8e-13, 8.79e-11
2019-10-26, 17:19:30, 1.01e-12, 8.81e-11
2019-10-26, 17:19:34, 9.94e-13, 8.8e-11
2019-10-26, 17:19:38, 1.04e-12, 8.81e-11
2019-10-26, 17:19:43, 9.27e-13, 8.79e-11
2019-10-26, 17:19:47, 9.64e-13, 8.78e-11
2019-10-26, 17:19:51, 9.66e-13, 8.76e-11
2019-10-26, 17:19:55, 1.11e-12, 8.79e-11
2019-10-26, 17:19:59, 1.01e-12, 8.78e-11
2019-10-26, 17:20:04, 9.2e-13, 8.79e-11
2019-10-26, 17:20:08, 9.88e-13, 8.82e-11
2019-10-26, 17:20:12, 1.01e-12, 8.79e-11
2019-10-26, 17:20:16, 9.54e-13, 8.81e-11
2019-10-26, 17:20:21, 9.98e-13, 8.79e-11
2019-10-26, 17:20:25, 9.64e-13, 8.81e-11
2019-10-26, 17:20:29, 1.02e-12, 8.81e-11
2019-10-26, 17:20:33, 9.33e-13, 8.8e-11
2019-10-26, 17:20:37, 9.24e-13, 8.79e-11
2019-10-26, 17:20:42, 9.25e-13, 8.78e-11
2019-10-26, 17:20:46, 9.89e-13, 8.78e-11
2019-10-26, 17:20:50, 1.01e-12, 8.82e-11
2019-10-26, 17:20:54, 9.55e-13, 8.8e-11
2019-10-26, 17:20:59, 9.81e-13, 8.79e-11
2019-10-26, 17:21:03, 9.59e-13, 8.77e-11
2019-10-26, 17:21:07, 1.05e-12, 8.78e-11
2019-10-26, 17:21:11, 9.04e-13, 8.81e-11
2019-10-26, 17:21:15, 9.31e-13, 8.8e-11
2019-10-26, 17:21:20, 9.21e-13, 8.8e-11
2019-10-26, 17:21:24, 9.58e-13, 8.76e-11
2019-10-26, 17:21:28, 9.49e-13, 8.82e-11
2019-10-26, 17:21:32, 9.51e-13, 8.79e-11
2019-10-26, 17:21:36, 1e-12, 8.76e-11
2019-10-26, 17:21:41, 9.89e-13, 8.8e-11
2019-10-26, 17:21:45, 9.53e-13, 8.79e-11
2019-10-26, 17:21:49, 9.89e-13, 8.76e-11
2019-10-26, 17:21:53, 1e-12, 8.77e-11
2019-10-26, 17:21:58, 9.94e-13, 8.77e-11
2019-10-26, 17:22:02, 1e-12, 8.79e-11
2019-10-26, 17:22:06, 8.27e-13, 8.77e-11
2019-10-26, 17:22:10, 9.38e-13, 8.77e-11
2019-10-26, 17:22:14, 9.6e-13, 8.81e-11
2019-10-26, 17:22:19, 9.48e-13, 8.81e-11
2019-10-26, 17:22:23, 9.95e-13, 8.8e-11
2019-10-26, 17:22:27, 9.23e-13, 8.78e-11
2019-10-26, 17:22:31, 9.18e-13, 8.8e-11
2019-10-26, 17:22:36, 9.76e-13, 8.82e-11
2019-10-26, 17:22:40, 9.57e-13, 8.84e-11
2019-10-26, 17:22:44, 9.26e-13, 8.79e-11
2019-10-26, 17:22:48, 1.16e-12, 8.8e-11
2019-10-26, 17:22:52, 9.71e-13, 8.8e-11
2019-10-26, 17:22:57, 9.89e-13, 8.8e-11
2019-10-26, 17:23:01, 8.81e-13, 8.8e-11
2019-10-26, 17:23:05, 9.4e-13, 8.75e-11
2019-10-26, 17:23:09, 9.76e-13, 8.82e-11
2019-10-26, 17:23:14, 1.06e-12, 8.8e-11
2019-10-26, 17:23:18, 9.14e-13, 8.79e-11
2019-10-26, 17:23:22, 9.54e-13, 8.79e-11
2019-10-26, 17:23:26, 9.45e-13, 8.78e-11
2019-10-26, 17:23:30, 9.47e-13, 8.79e-11
2019-10-26, 17:23:35, 9.38e-13, 8.77e-11
2019-10-26, 17:23:39, 9.76e-13, 8.8e-11
2019-10-26, 17:23:43, 8.98e-13, 8.75e-11
2019-10-26, 17:23:47, 8.68e-13, 8.8e-11
2019-10-26, 17:23:52, 9.78e-13, 8.79e-11
2019-10-26, 17:23:56, 9.98e-13, 8.78e-11
2019-10-26, 17:24:00, 9.4e-13, 8.81e-11
2019-10-26, 17:24:04, 9.73e-13, 8.78e-11
2019-10-26, 17:24:08, 1.03e-12, 8.78e-11
2019-10-26, 17:24:13, 9.58e-13, 8.8e-11
2019-10-26, 17:24:17, 9.32e-13, 8.83e-11
2019-10-26, 17:24:21, 8.72e-13, 8.79e-11
2019-10-26, 17:24:25, 9.53e-13, 8.79e-11
2019-10-26, 17:24:30, 8.76e-13, 8.79e-11
2019-10-26, 17:24:34, 9.7e-13, 8.76e-11
2019-10-26, 17:24:38, 9.37e-13, 8.78e-11
2019-10-26, 17:24:42, 8.2e-13, 8.82e-11
2019-10-26, 17:24:46, 1.02e-12, 8.77e-11
2019-10-26, 17:24:51, 9.23e-13, 8.81e-11
2019-10-26, 17:24:55, 1.01e-12, 8.81e-11
2019-10-26, 17:24:59, 9.81e-13, 8.79e-11
2019-10-26, 17:25:03, 9.66e-13, 8.8e-11
2019-10-26, 17:25:08, 1.03e-12, 8.8e-11
2019-10-26, 17:25:12, 9.54e-13, 8.8e-11
2019-10-26, 17:25:16, 8.73e-13, 8.82e-11
2019-10-26, 17:25:20, 9.73e-13, 8.82e-11
2019-10-26, 17:25:24, 9.81e-13, 8.77e-11
2019-10-26, 17:25:29, 9.39e-13, 8.79e-11
2019-10-26, 17:25:33, 9.78e-13, 8.79e-11
2019-10-26, 17:25:37, 1e-12, 8.81e-11
2019-10-26, 17:25:41, 8.97e-13, 8.8e-11
2019-10-26, 17:25:46, 9.13e-13, 8.77e-11
2019-10-26, 17:25:50, 1.02e-12, 8.8e-11
2019-10-26, 17:25:54, 1.04e-12, 8.78e-11
2019-10-26, 17:25:58, 1.03e-12, 8.79e-11
2019-10-26, 17:26:02, 1.11e-12, 8.83e-11
2019-10-26, 17:26:07, 9.76e-13, 8.79e-11
2019-10-26, 17:26:11, 9.12e-13, 8.81e-11
2019-10-26, 17:26:15, 1e-12, 8.74e-11
2019-10-26, 17:26:19, 9.56e-13, 8.78e-11
2019-10-26, 17:26:24, 9.23e-13, 8.79e-11
2019-10-26, 17:26:28, 9.41e-13, 8.79e-11
2019-10-26, 17:26:32, 9.25e-13, 8.84e-11
2019-10-26, 17:26:36, 9.53e-13, 8.79e-11
2019-10-26, 17:26:40, 9.41e-13, 8.82e-11
2019-10-26, 17:26:45, 9.96e-13, 8.82e-11
2019-10-26, 17:26:49, 9.21e-13, 8.79e-11
2019-10-26, 17:26:53, 9.49e-13, 8.8e-11
2019-10-26, 17:26:57, 9.66e-13, 8.77e-11
2019-10-26, 17:27:01, 9.98e-13, 8.81e-11
2019-10-26, 17:27:06, 9.64e-13, 8.79e-11
2019-10-26, 17:27:10, 9.5e-13, 8.8e-11
2019-10-26, 17:27:14, 9.42e-13, 8.81e-11
2019-10-26, 17:27:18, 9.77e-13, 8.78e-11
2019-10-26, 17:27:23, 9.01e-13, 8.78e-11
2019-10-26, 17:27:27, 9.46e-13, 8.78e-11
2019-10-26, 17:27:31, 9.32e-13, 8.82e-11
2019-10-26, 17:27:35, 1e-12, 8.83e-11
2019-10-26, 17:27:39, 9.79e-13, 8.81e-11
2019-10-26, 17:27:44, 1.07e-12, 8.8e-11
2019-10-26, 17:27:48, 9.78e-13, 8.79e-11
2019-10-26, 17:27:52, 1.02e-12, 8.78e-11
2019-10-26, 17:27:56, 9.46e-13, 8.82e-11
2019-10-26, 17:28:01, 9.72e-13, 8.75e-11
2019-10-26, 17:28:05, 9.59e-13, 8.82e-11
2019-10-26, 17:28:09, 9.19e-13, 8.79e-11
2019-10-26, 17:28:13, 9.63e-13, 8.8e-11
2019-10-26, 17:28:17, 1.03e-12, 8.79e-11
2019-10-26, 17:28:22, 9.44e-13, 8.77e-11
2019-10-26, 17:28:26, 9.64e-13, 8.76e-11
2019-10-26, 17:28:30, 9.81e-13, 8.78e-11
2019-10-26, 17:28:34, 9.74e-13, 8.8e-11
2019-10-26, 17:28:39, 9.63e-13, 8.84e-11
2019-10-26, 17:28:43, 9.37e-13, 8.8e-11
2019-10-26, 17:28:47, 9.34e-13, 8.83e-11
2019-10-26, 17:28:51, 9.25e-13, 8.8e-11
2019-10-26, 17:28:55, 1e-12, 8.79e-11
2019-10-26, 17:29:00, 9.98e-13, 8.81e-11
2019-10-26, 17:29:04, 9.63e-13, 8.82e-11
2019-10-26, 17:29:08, 1.04e-12, 8.81e-11
2019-10-26, 17:29:12, 9.68e-13, 8.78e-11
2019-10-26, 17:29:17, 1.08e-12, 8.82e-11
2019-10-26, 17:29:21, 9e-13, 8.79e-11
2019-10-26, 17:29:25, 9.7e-13, 8.78e-11
2019-10-26, 17:29:29, 9.83e-13, 8.78e-11
2019-10-26, 17:29:33, 9.25e-13, 8.79e-11
2019-10-26, 17:29:38, 1.01e-12, 8.79e-11
2019-10-26, 17:29:42, 9.36e-13, 8.81e-11
2019-10-26, 17:29:46, 9.7e-13, 8.81e-11
2019-10-26, 17:29:50, 9.96e-13, 8.81e-11
2019-10-26, 17:29:55, 1e-12, 8.82e-11
2019-10-26, 17:29:59, 9.27e-13, 8.82e-11
2019-10-26, 17:30:03, 1.05e-12, 8.77e-11
2019-10-26, 17:30:07, 9.66e-13, 8.79e-11
2019-10-26, 17:30:12, 9.68e-13, 8.79e-11
2019-10-26, 17:30:16, 1.01e-12, 8.79e-11
2019-10-26, 17:30:20, 9.33e-13, 8.83e-11
2019-10-26, 17:30:24, 9.58e-13, 8.82e-11
2019-10-26, 17:30:28, 9.87e-13, 8.81e-11
2019-10-26, 17:30:33, 9.39e-13, 8.76e-11
2019-10-26, 17:30:37, 8.11e-13, 8.77e-11
2019-10-26, 17:30:41, 1e-12, 8.78e-11
2019-10-26, 17:30:45, 9.29e-13, 8.86e-11
2019-10-26, 17:30:49, 9.52e-13, 8.84e-11
2019-10-26, 17:30:54, 1.02e-12, 8.83e-11
2019-10-26, 17:30:58, 9.71e-13, 8.81e-11
2019-10-26, 17:31:02, 9.3e-13, 8.82e-11
2019-10-26, 17:31:06, 1.08e-12, 8.8e-11
2019-10-26, 17:31:11, 1.02e-12, 8.83e-11
2019-10-26, 17:31:15, 1.01e-12, 8.79e-11
2019-10-26, 17:31:19, 9.07e-13, 8.79e-11
2019-10-26, 17:31:23, 9.99e-13, 8.78e-11
2019-10-26, 17:31:27, 9.66e-13, 8.77e-11
2019-10-26, 17:31:32, 9.68e-13, 8.8e-11
2019-10-26, 17:31:36, 9.84e-13, 8.79e-11
2019-10-26, 17:31:40, 9.41e-13, 8.83e-11
2019-10-26, 17:31:44, 9.68e-13, 8.82e-11
2019-10-26, 17:31:49, 8.65e-13, 8.79e-11
2019-10-26, 17:31:53, 9.13e-13, 8.83e-11
2019-10-26, 17:31:57, 8.37e-13, 8.78e-11
2019-10-26, 17:32:01, 9.7e-13, 8.79e-11
2019-10-26, 17:32:05, 9.29e-13, 8.8e-11
2019-10-26, 17:32:10, 9.78e-13, 8.78e-11
2019-10-26, 17:32:14, 1.03e-12, 8.78e-11
2019-10-26, 17:32:18, 9.62e-13, 8.83e-11
2019-10-26, 17:32:22, 9.55e-13, 8.83e-11
2019-10-26, 17:32:27, 9.8e-13, 8.77e-11
2019-10-26, 17:32:31, 9.41e-13, 8.78e-11
2019-10-26, 17:32:35, 9.52e-13, 8.78e-11
2019-10-26, 17:32:39, 8.28e-13, 8.83e-11
2019-10-26, 17:32:43, 9.33e-13, 8.79e-11
2019-10-26, 17:32:48, 9.84e-13, 8.8e-11
2019-10-26, 17:32:52, 9.64e-13, 8.81e-11
2019-10-26, 17:32:56, 1.11e-12, 8.79e-11
2019-10-26, 17:33:00, 9.29e-13, 8.79e-11
2019-10-26, 17:33:05, 9.54e-13, 8.82e-11
2019-10-26, 17:33:09, 1.02e-12, 8.79e-11
2019-10-26, 17:33:13, 1.03e-12, 8.81e-11
2019-10-26, 17:33:17, 9.77e-13, 8.87e-11
2019-10-26, 17:33:21, 1.05e-12, 8.79e-11
2019-10-26, 17:33:26, 1.01e-12, 8.85e-11
2019-10-26, 17:33:30, 1.01e-12, 8.8e-11
2019-10-26, 17:33:34, 9.76e-13, 8.78e-11
2019-10-26, 17:33:38, 9.4e-13, 8.8e-11
2019-10-26, 17:33:43, 9.54e-13, 8.8e-11
2019-10-26, 17:33:47, 9.55e-13, 8.79e-11
2019-10-26, 17:33:51, 9.75e-13, 8.8e-11
2019-10-26, 17:33:55, 9.55e-13, 8.79e-11
2019-10-26, 17:33:59, 1.15e-12, 8.79e-11
2019-10-26, 17:34:04, 9.6e-13, 8.85e-11
2019-10-26, 17:34:08, 9.78e-13, 8.78e-11
2019-10-26, 17:34:12, 9.38e-13, 8.79e-11
2019-10-26, 17:34:16, 1e-12, 8.8e-11
2019-10-26, 17:34:21, 1.12e-12, 8.8e-11
2019-10-26, 17:34:25, 9.99e-13, 8.8e-11
2019-10-26, 17:34:29, 9.6e-13, 8.82e-11
2019-10-26, 17:34:33, 9.86e-13, 8.83e-11
2019-10-26, 17:34:37, 1.01e-12, 8.85e-11
2019-10-26, 17:34:42, 9.12e-13, 8.82e-11
2019-10-26, 17:34:46, 9.53e-13, 8.81e-11
2019-10-26, 17:34:50, 9.34e-13, 8.81e-11
2019-10-26, 17:34:54, 9.99e-13, 8.81e-11
2019-10-26, 17:34:58, 9.36e-13, 8.79e-11
2019-10-26, 17:35:03, 9.37e-13, 8.83e-11
2019-10-26, 17:35:07, 9.17e-13, 8.8e-11
2019-10-26, 17:35:11, 9.9e-13, 8.83e-11
2019-10-26, 17:35:15, 9.56e-13, 8.82e-11
2019-10-26, 17:35:20, 9.47e-13, 8.79e-11
2019-10-26, 17:35:24, 1.03e-12, 8.79e-11
2019-10-26, 17:35:28, 1e-12, 8.78e-11
2019-10-26, 17:35:32, 1.01e-12, 8.8e-11
2019-10-26, 17:35:36, 9.69e-13, 8.81e-11
2019-10-26, 17:35:41, 1.09e-12, 8.8e-11
2019-10-26, 17:35:45, 9.36e-13, 8.76e-11
2019-10-26, 17:35:49, 8.86e-13, 8.81e-11
2019-10-26, 17:35:53, 1.04e-12, 8.83e-11
2019-10-26, 17:35:58, 9.06e-13, 8.84e-11
2019-10-26, 17:36:02, 1.03e-12, 8.8e-11
2019-10-26, 17:36:06, 1.14e-12, 8.8e-11
2019-10-26, 17:36:10, 9.43e-13, 8.82e-11
2019-10-26, 17:36:14, 9.41e-13, 8.83e-11
2019-10-26, 17:36:19, 9.69e-13, 8.79e-11
2019-10-26, 17:36:23, 9.67e-13, 8.79e-11
2019-10-26, 17:36:27, 8.99e-13, 8.82e-11
2019-10-26, 17:36:31, 9.41e-13, 8.77e-11
2019-10-26, 17:36:36, 9.53e-13, 8.8e-11
2019-10-26, 17:36:40, 1.02e-12, 8.83e-11
2019-10-26, 17:36:44, 9.98e-13, 8.87e-11
2019-10-26, 17:36:48, 9.78e-13, 8.82e-11
2019-10-26, 17:36:52, 1e-12, 8.82e-11
2019-10-26, 17:36:57, 9.41e-13, 8.81e-11
2019-10-26, 17:37:01, 9.86e-13, 8.8e-11
2019-10-26, 17:37:05, 9.68e-13, 8.81e-11
2019-10-26, 17:37:09, 9.07e-13, 8.84e-11
2019-10-26, 17:37:14, 9.66e-13, 8.87e-11
2019-10-26, 17:37:18, 9.47e-13, 8.83e-11
2019-10-26, 17:37:22, 9.72e-13, 8.82e-11
2019-10-26, 17:37:26, 9.55e-13, 8.81e-11
2019-10-26, 17:37:30, 1e-12, 8.8e-11
2019-10-26, 17:37:35, 9.26e-13, 8.82e-11
2019-10-26, 17:37:39, 9.65e-13, 8.8e-11
2019-10-26, 17:37:43, 1.11e-12, 8.81e-11
2019-10-26, 17:37:47, 9.28e-13, 8.79e-11
2019-10-26, 17:37:52, 7.64e-13, 8.79e-11
2019-10-26, 17:37:56, 1.08e-12, 8.81e-11
2019-10-26, 17:38:00, 9.35e-13, 8.77e-11
2019-10-26, 17:38:04, 1.05e-12, 8.8e-11
2019-10-26, 17:38:08, 9.72e-13, 8.78e-11
2019-10-26, 17:38:13, 8.85e-13, 8.77e-11
2019-10-26, 17:38:17, 9.59e-13, 8.78e-11
2019-10-26, 17:38:21, 9.22e-13, 8.8e-11
2019-10-26, 17:38:25, 9.49e-13, 8.81e-11
2019-10-26, 17:38:30, 9.5e-13, 8.81e-11
2019-10-26, 17:38:34, 9.19e-13, 8.82e-11
2019-10-26, 17:38:38, 9.66e-13, 8.79e-11
2019-10-26, 17:38:42, 9.3e-13, 8.82e-11
2019-10-26, 17:38:46, 9.6e-13, 8.82e-11
2019-10-26, 17:38:51, 9.29e-13, 8.8e-11
2019-10-26, 17:38:55, 9.62e-13, 8.82e-11
2019-10-26, 17:38:59, 9.27e-13, 8.78e-11
2019-10-26, 17:39:03, 8.24e-13, 8.78e-11
2019-10-26, 17:39:08, 1.03e-12, 8.77e-11
2019-10-26, 17:39:12, 1.01e-12, 8.8e-11
2019-10-26, 17:39:16, 8.63e-13, 8.79e-11
2019-10-26, 17:39:20, 1e-12, 8.79e-11
2019-10-26, 17:39:24, 9.83e-13, 8.79e-11
2019-10-26, 17:39:29, 1e-12, 8.79e-11
2019-10-26, 17:39:33, 9.11e-13, 8.8e-11
2019-10-26, 17:39:37, 9.42e-13, 8.78e-11
2019-10-26, 17:39:41, 8.86e-13, 8.74e-11
2019-10-26, 17:39:46, 9.22e-13, 8.78e-11
2019-10-26, 17:39:50, 9.41e-13, 8.77e-11
2019-10-26, 17:39:54, 9.93e-13, 8.78e-11
2019-10-26, 17:39:58, 9.76e-13, 8.79e-11
2019-10-26, 17:40:02, 9.75e-13, 8.76e-11
2019-10-26, 17:40:07, 1.05e-12, 8.8e-11
2019-10-26, 17:40:11, 8.91e-13, 8.8e-11
2019-10-26, 17:40:15, 8.63e-13, 8.78e-11
2019-10-26, 17:40:19, 8.77e-13, 8.77e-11
2019-10-26, 17:40:24, 9.71e-13, 8.81e-11
2019-10-26, 17:40:28, 1e-12, 8.8e-11
2019-10-26, 17:40:32, 9.85e-13, 8.81e-11
2019-10-26, 17:40:36, 9.93e-13, 8.81e-11
2019-10-26, 17:40:40, 8.65e-13, 8.79e-11
2019-10-26, 17:40:45, 9.85e-13, 8.78e-11
2019-10-26, 17:40:49, 9.56e-13, 8.78e-11
2019-10-26, 17:40:53, 9.28e-13, 8.8e-11
2019-10-26, 17:40:57, 1e-12, 8.8e-11
2019-10-26, 17:41:02, 9.31e-13, 8.81e-11
2019-10-26, 17:41:06, 9.85e-13, 8.78e-11
2019-10-26, 17:41:10, 9.42e-13, 8.83e-11
2019-10-26, 17:41:14, 9.41e-13, 8.8e-11
2019-10-26, 17:41:18, 1.04e-12, 8.76e-11
2019-10-26, 17:41:23, 9.77e-13, 8.77e-11
2019-10-26, 17:41:27, 9.41e-13, 8.78e-11
2019-10-26, 17:41:31, 9.18e-13, 8.72e-11
2019-10-26, 17:41:35, 9.47e-13, 8.77e-11
2019-10-26, 17:41:40, 1e-12, 8.78e-11
2019-10-26, 17:41:44, 9.82e-13, 8.77e-11
2019-10-26, 17:41:48, 1e-12, 8.78e-11
2019-10-26, 17:41:52, 9.66e-13, 8.83e-11
2019-10-26, 17:41:56, 9.06e-13, 8.8e-11
2019-10-26, 17:42:01, 1.02e-12, 8.79e-11
2019-10-26, 17:42:05, 9.53e-13, 8.81e-11
2019-10-26, 17:42:09, 9.65e-13, 8.81e-11
2019-10-26, 17:42:13, 8.94e-13, 8.77e-11
2019-10-26, 17:42:17, 8.97e-13, 8.79e-11
2019-10-26, 17:42:22, 1e-12, 8.79e-11
2019-10-26, 17:42:26, 1.01e-12, 8.82e-11
2019-10-26, 17:42:30, 9.17e-13, 8.78e-11
2019-10-26, 17:42:34, 1e-12, 8.82e-11
2019-10-26, 17:42:39, 9.8e-13, 8.77e-11
2019-10-26, 17:42:43, 1.03e-12, 8.75e-11
2019-10-26, 17:42:47, 9.4e-13, 8.78e-11
2019-10-26, 17:42:51, 9.82e-13, 8.77e-11
2019-10-26, 17:42:55, 9.6e-13, 8.77e-11
2019-10-26, 17:43:00, 9.39e-13, 8.82e-11
2019-10-26, 17:43:04, 8.46e-13, 8.78e-11
2019-10-26, 17:43:08, 1.02e-12, 8.77e-11
2019-10-26, 17:43:12, 1.03e-12, 8.79e-11
2019-10-26, 17:43:17, 9.87e-13, 8.81e-11
2019-10-26, 17:43:21, 1.05e-12, 8.78e-11
2019-10-26, 17:43:25, 9.49e-13, 8.81e-11
2019-10-26, 17:43:29, 9.73e-13, 8.78e-11
2019-10-26, 17:43:33, 9.56e-13, 8.76e-11
2019-10-26, 17:43:38, 8.87e-13, 8.76e-11
2019-10-26, 17:43:42, 1.08e-12, 8.78e-11
2019-10-26, 17:43:46, 9.33e-13, 8.85e-11
2019-10-26, 17:43:50, 8.55e-13, 8.76e-11
2019-10-26, 17:43:55, 9.21e-13, 8.75e-11
2019-10-26, 17:43:59, 8.51e-13, 8.8e-11
2019-10-26, 17:44:03, 9.6e-13, 8.79e-11
2019-10-26, 17:44:07, 9.44e-13, 8.77e-11
2019-10-26, 17:44:11, 9.13e-13, 8.82e-11
2019-10-26, 17:44:16, 1.01e-12, 8.75e-11
2019-10-26, 17:44:20, 9.89e-13, 8.81e-11
2019-10-26, 17:44:24, 9.69e-13, 8.8e-11
2019-10-26, 17:44:28, 9.4e-13, 8.8e-11
2019-10-26, 17:44:33, 9.92e-13, 8.78e-11
2019-10-26, 17:44:37, 9.84e-13, 8.79e-11
2019-10-26, 17:44:41, 9.11e-13, 8.79e-11
2019-10-26, 17:44:45, 9.96e-13, 8.77e-11
2019-10-26, 17:44:49, 9.3e-13, 8.79e-11
2019-10-26, 17:44:54, 1.03e-12, 8.8e-11
2019-10-26, 17:44:58, 9.79e-13, 8.78e-11
2019-10-26, 17:45:02, 8.17e-13, 8.81e-11
2019-10-26, 17:45:06, 9.97e-13, 8.79e-11
2019-10-26, 17:45:11, 9.85e-13, 8.79e-11
2019-10-26, 17:45:15, 9.69e-13, 8.77e-11
2019-10-26, 17:45:19, 9.74e-13, 8.78e-11
2019-10-26, 17:45:23, 9.58e-13, 8.78e-11
2019-10-26, 17:45:27, 1.08e-12, 8.77e-11
2019-10-26, 17:45:32, 9.84e-13, 8.79e-11
2019-10-26, 17:45:36, 9.49e-13, 8.8e-11
2019-10-26, 17:45:40, 8.44e-13, 8.77e-11
2019-10-26, 17:45:44, 9.7e-13, 8.82e-11
2019-10-26, 17:45:49, 9.74e-13, 8.76e-11
2019-10-26, 17:45:53, 9.58e-13, 8.8e-11
2019-10-26, 17:45:57, 9.47e-13, 8.79e-11
2019-10-26, 17:46:01, 9.47e-13, 8.79e-11
2019-10-26, 17:46:05, 9.69e-13, 8.78e-11
2019-10-26, 17:46:10, 1.02e-12, 8.75e-11
2019-10-26, 17:46:14, 1.01e-12, 8.78e-11
2019-10-26, 17:46:18, 1e-12, 8.82e-11
2019-10-26, 17:46:22, 9.4e-13, 8.79e-11
2019-10-26, 17:46:27, 9.46e-13, 8.79e-11
2019-10-26, 17:46:31, 9.59e-13, 8.76e-11
2019-10-26, 17:46:35, 1.03e-12, 8.77e-11
2019-10-26, 17:46:39, 9.05e-13, 8.79e-11
2019-10-26, 17:46:43, 9.45e-13, 8.78e-11
2019-10-26, 17:46:48, 9.37e-13, 8.76e-11
2019-10-26, 17:46:52, 9.63e-13, 8.78e-11
2019-10-26, 17:46:56, 9.47e-13, 8.8e-11
2019-10-26, 17:47:00, 9.52e-13, 8.83e-11
2019-10-26, 17:47:05, 9.27e-13, 8.79e-11
2019-10-26, 17:47:09, 1.02e-12, 8.8e-11
2019-10-26, 17:47:13, 9.21e-13, 8.8e-11
2019-10-26, 17:47:17, 9.83e-13, 8.8e-11
2019-10-26, 17:47:21, 9.27e-13, 8.76e-11
2019-10-26, 17:47:26, 1.04e-12, 8.76e-11
2019-10-26, 17:47:30, 9.83e-13, 8.8e-11
2019-10-26, 17:47:34, 1.04e-12, 8.77e-11
2019-10-26, 17:47:38, 9.93e-13, 8.8e-11
2019-10-26, 17:47:43, 9.8e-13, 8.76e-11
2019-10-26, 17:47:47, 9.1e-13, 8.82e-11
2019-10-26, 17:47:51, 9.6e-13, 8.78e-11
2019-10-26, 17:47:55, 8.98e-13, 8.8e-11
2019-10-26, 17:47:59, 8.26e-13, 8.76e-11
2019-10-26, 17:48:04, 9.5e-13, 8.77e-11
2019-10-26, 17:48:08, 1.01e-12, 8.8e-11
2019-10-26, 17:48:12, 9.48e-13, 8.77e-11
2019-10-26, 17:48:16, 9.34e-13, 8.78e-11
2019-10-26, 17:48:21, 1.12e-12, 8.77e-11
2019-10-26, 17:48:25, 1.09e-12, 8.77e-11
2019-10-26, 17:48:29, 9.83e-13, 8.8e-11
2019-10-26, 17:48:33, 8.54e-13, 8.81e-11
2019-10-26, 17:48:37, 9.75e-13, 8.8e-11
2019-10-26, 17:48:42, 9.67e-13, 8.76e-11
2019-10-26, 17:48:46, 9.51e-13, 8.83e-11
2019-10-26, 17:48:50, 9.87e-13, 8.76e-11
2019-10-26, 17:48:54, 9.98e-13, 8.77e-11
2019-10-26, 17:48:58, 8.8e-13, 8.8e-11
2019-10-26, 17:49:03, 9.33e-13, 8.77e-11
2019-10-26, 17:49:07, 9.51e-13, 8.78e-11
2019-10-26, 17:49:11, 9.37e-13, 8.76e-11
2019-10-26, 17:49:15, 9.27e-13, 8.8e-11
2019-10-26, 17:49:20, 1.03e-12, 8.78e-11
2019-10-26, 17:49:24, 9.6e-13, 8.74e-11
2019-10-26, 17:49:28, 9.77e-13, 8.77e-11
2019-10-26, 17:49:32, 9.18e-13, 8.76e-11
2019-10-26, 17:49:36, 9.38e-13, 8.78e-11
2019-10-26, 17:49:41, 1e-12, 8.75e-11
2019-10-26, 17:49:45, 9.24e-13, 8.79e-11
2019-10-26, 17:49:49, 9.13e-13, 8.8e-11
2019-10-26, 17:49:53, 9.8e-13, 8.78e-11
2019-10-26, 17:49:58, 9.5e-13, 8.79e-11
2019-10-26, 17:50:02, 8.85e-13, 8.76e-11
2019-10-26, 17:50:06, 1.01e-12, 8.79e-11
2019-10-26, 17:50:10, 9.15e-13, 8.76e-11
2019-10-26, 17:50:14, 9.48e-13, 8.8e-11
2019-10-26, 17:50:19, 9.04e-13, 8.79e-11
2019-10-26, 17:50:23, 9.2e-13, 8.77e-11
2019-10-26, 17:50:27, 9.41e-13, 8.79e-11
2019-10-26, 17:50:31, 9.38e-13, 8.78e-11
2019-10-26, 17:50:36, 9.95e-13, 8.81e-11
2019-10-26, 17:50:40, 9.33e-13, 8.78e-11
2019-10-26, 17:50:44, 9.53e-13, 8.82e-11
2019-10-26, 17:50:48, 9.73e-13, 8.79e-11
2019-10-26, 17:50:52, 9.3e-13, 8.81e-11
2019-10-26, 17:50:57, 9.84e-13, 8.78e-11
2019-10-26, 17:51:01, 1e-12, 8.79e-11
2019-10-26, 17:51:05, 9.27e-13, 8.76e-11
2019-10-26, 17:51:09, 9.45e-13, 8.79e-11
2019-10-26, 17:51:14, 9.57e-13, 8.8e-11
2019-10-26, 17:51:18, 1.02e-12, 8.77e-11
2019-10-26, 17:51:22, 9.56e-13, 8.78e-11
2019-10-26, 17:51:26, 9.24e-13, 8.79e-11
2019-10-26, 17:51:30, 9.68e-13, 8.78e-11
2019-10-26, 17:51:35, 1.01e-12, 8.8e-11
2019-10-26, 17:51:39, 9.53e-13, 8.76e-11
2019-10-26, 17:51:43, 9.51e-13, 8.82e-11
2019-10-26, 17:51:47, 9.63e-13, 8.81e-11
2019-10-26, 17:51:52, 8.91e-13, 8.79e-11
2019-10-26, 17:51:56, 9.81e-13, 8.78e-11
2019-10-26, 17:52:00, 9.77e-13, 8.76e-11
2019-10-26, 17:52:04, 9.71e-13, 8.79e-11
2019-10-26, 17:52:08, 1.06e-12, 8.76e-11
2019-10-26, 17:52:13, 9.46e-13, 8.81e-11
2019-10-26, 17:52:17, 9.84e-13, 8.79e-11
2019-10-26, 17:52:21, 9.5e-13, 8.79e-11
2019-10-26, 17:52:25, 8.94e-13, 8.84e-11
2019-10-26, 17:52:30, 9.96e-13, 8.8e-11
2019-10-26, 17:52:34, 9.51e-13, 8.81e-11
2019-10-26, 17:52:38, 9.47e-13, 8.8e-11
2019-10-26, 17:52:42, 9.88e-13, 8.79e-11
2019-10-26, 17:52:46, 9.93e-13, 8.77e-11
2019-10-26, 17:52:51, 9.06e-13, 8.78e-11
2019-10-26, 17:52:55, 9.39e-13, 8.84e-11
2019-10-26, 17:52:59, 9.58e-13, 8.79e-11
2019-10-26, 17:53:03, 9.12e-13, 8.78e-11
2019-10-26, 17:53:08, 9.85e-13, 8.77e-11
2019-10-26, 17:53:12, 9.9e-13, 8.81e-11
2019-10-26, 17:53:16, 9.61e-13, 8.84e-11
2019-10-26, 17:53:20, 9.53e-13, 8.79e-11
2019-10-26, 17:53:24, 9.56e-13, 8.79e-11
2019-10-26, 17:53:29, 8.79e-13, 8.82e-11
2019-10-26, 17:53:33, 9.37e-13, 8.79e-11
2019-10-26, 17:53:37, 8.38e-13, 8.77e-11
2019-10-26, 17:53:41, 1e-12, 8.78e-11
2019-10-26, 17:53:46, 9.68e-13, 8.79e-11
2019-10-26, 17:53:50, 1.04e-12, 8.79e-11
2019-10-26, 17:53:54, 1.09e-12, 8.78e-11
2019-10-26, 17:53:58, 1.02e-12, 8.78e-11
2019-10-26, 17:54:02, 9.39e-13, 8.79e-11
2019-10-26, 17:54:07, 9.55e-13, 8.77e-11
2019-10-26, 17:54:11, 8.25e-13, 8.82e-11
2019-10-26, 17:54:15, 9.02e-13, 8.82e-11
2019-10-26, 17:54:19, 9.37e-13, 8.8e-11
2019-10-26, 17:54:24, 1.11e-12, 8.78e-11
2019-10-26, 17:54:28, 9.69e-13, 8.79e-11
2019-10-26, 17:54:32, 9.45e-13, 8.8e-11
2019-10-26, 17:54:36, 9.57e-13, 8.8e-11
2019-10-26, 17:54:40, 9.27e-13, 8.79e-11
2019-10-26, 17:54:45, 9.58e-13, 8.78e-11
2019-10-26, 17:54:49, 1e-12, 8.77e-11
2019-10-26, 17:54:53, 9.59e-13, 8.75e-11
2019-10-26, 17:54:57, 9.42e-13, 8.86e-11
2019-10-26, 17:55:02, 9.33e-13, 8.83e-11
2019-10-26, 17:55:06, 9.96e-13, 8.8e-11
2019-10-26, 17:55:10, 9.09e-13, 8.78e-11
2019-10-26, 17:55:14, 9.48e-13, 8.81e-11
2019-10-26, 17:55:18, 9.82e-13, 8.79e-11
2019-10-26, 17:55:23, 9.98e-13, 8.8e-11
2019-10-26, 17:55:27, 9.33e-13, 8.79e-11
2019-10-26, 17:55:31, 1e-12, 8.82e-11
2019-10-26, 17:55:35, 9.15e-13, 8.78e-11
2019-10-26, 17:55:39, 9.98e-13, 8.79e-11
2019-10-26, 17:55:44, 1.01e-12, 8.77e-11
2019-10-26, 17:55:48, 9.79e-13, 8.79e-11
2019-10-26, 17:55:52, 9.58e-13, 8.79e-11
2019-10-26, 17:55:56, 9.24e-13, 8.78e-11
2019-10-26, 17:56:01, 8.57e-13, 8.79e-11
2019-10-26, 17:56:05, 9.93e-13, 8.78e-11
2019-10-26, 17:56:09, 9.78e-13, 8.8e-11
2019-10-26, 17:56:13, 9.71e-13, 8.8e-11
2019-10-26, 17:56:17, 8.27e-13, 8.81e-11
2019-10-26, 17:56:22, 9.53e-13, 8.77e-11
2019-10-26, 17:56:26, 9.45e-13, 8.81e-11
2019-10-26, 17:56:30, 1.01e-12, 8.81e-11
2019-10-26, 17:56:34, 9.49e-13, 8.78e-11
2019-10-26, 17:56:39, 9.58e-13, 8.82e-11
2019-10-26, 17:56:43, 9.54e-13, 8.82e-11
2019-10-26, 17:56:47, 1.02e-12, 8.82e-11
2019-10-26, 17:56:51, 1e-12, 8.79e-11
2019-10-26, 17:56:55, 1.12e-12, 8.83e-11
2019-10-26, 17:57:00, 1.01e-12, 8.79e-11
2019-10-26, 17:57:04, 9.99e-13, 8.81e-11
2019-10-26, 17:57:08, 9.54e-13, 8.8e-11
2019-10-26, 17:57:12, 9.5e-13, 8.8e-11
2019-10-26, 17:57:17, 9.55e-13, 8.8e-11
2019-10-26, 17:57:21, 9.34e-13, 8.8e-11
2019-10-26, 17:57:25, 9.7e-13, 8.82e-11
2019-10-26, 17:57:29, 9.7e-13, 8.77e-11
2019-10-26, 17:57:33, 9.71e-13, 8.82e-11
2019-10-26, 17:57:38, 9.74e-13, 8.81e-11
2019-10-26, 17:57:42, 1.01e-12, 8.8e-11
2019-10-26, 17:57:46, 9e-13, 8.81e-11
2019-10-26, 17:57:50, 9.8e-13, 8.81e-11
2019-10-26, 17:57:55, 9.43e-13, 8.78e-11
2019-10-26, 17:57:59, 1.03e-12, 8.81e-11
2019-10-26, 17:58:03, 9.62e-13, 8.8e-11
2019-10-26, 17:58:07, 1.1e-12, 8.79e-11
2019-10-26, 17:58:11, 9.69e-13, 8.8e-11
2019-10-26, 17:58:16, 1.03e-12, 8.81e-11
2019-10-26, 17:58:20, 8.84e-13, 8.81e-11
2019-10-26, 17:58:24, 9.74e-13, 8.81e-11
2019-10-26, 17:58:28, 9.69e-13, 8.79e-11
2019-10-26, 17:58:33, 9.49e-13, 8.8e-11
2019-10-26, 17:58:37, 9.34e-13, 8.82e-11
2019-10-26, 17:58:41, 1.13e-12, 8.81e-11
2019-10-26, 17:58:45, 9.72e-13, 8.8e-11
2019-10-26, 17:58:49, 9.29e-13, 8.8e-11
2019-10-26, 17:58:54, 9.37e-13, 8.8e-11
2019-10-26, 17:58:58, 9.5e-13, 8.81e-11
2019-10-26, 17:59:02, 9.42e-13, 8.78e-11
2019-10-26, 17:59:06, 1.11e-12, 8.8e-11
2019-10-26, 17:59:11, 9.81e-13, 8.8e-11
2019-10-26, 17:59:15, 9.44e-13, 8.81e-11
2019-10-26, 17:59:19, 9.65e-13, 8.8e-11
2019-10-26, 17:59:23, 9.51e-13, 8.79e-11
2019-10-26, 17:59:27, 9.62e-13, 8.8e-11
2019-10-26, 17:59:32, 1.05e-12, 8.79e-11
2019-10-26, 17:59:36, 1.01e-12, 8.78e-11
2019-10-26, 17:59:40, 9.8e-13, 8.84e-11
2019-10-26, 17:59:44, 9.93e-13, 8.78e-11
2019-10-26, 17:59:49, 9.86e-13, 8.79e-11
2019-10-26, 17:59:53, 1.04e-12, 8.81e-11
2019-10-26, 17:59:57, 9.71e-13, 8.82e-11
2019-10-26, 18:00:01, 9.6e-13, 8.77e-11
2019-10-26, 18:00:05, 8.95e-13, 8.77e-11
2019-10-26, 18:00:10, 9.89e-13, 8.79e-11
2019-10-26, 18:00:14, 9.41e-13, 8.81e-11
2019-10-26, 18:00:18, 9.84e-13, 8.76e-11
2019-10-26, 18:00:22, 9.08e-13, 8.78e-11
2019-10-26, 18:00:26, 9.34e-13, 8.83e-11
2019-10-26, 18:00:31, 9.5e-13, 8.81e-11
2019-10-26, 18:00:35, 1.01e-12, 8.78e-11
2019-10-26, 18:00:39, 9.8e-13, 8.8e-11
2019-10-26, 18:00:43, 9.91e-13, 8.83e-11
2019-10-26, 18:00:48, 1.02e-12, 8.82e-11
2019-10-26, 18:00:52, 9.25e-13, 8.78e-11
2019-10-26, 18:00:56, 1.04e-12, 8.79e-11
2019-10-26, 18:01:00, 9.63e-13, 8.78e-11
2019-10-26, 18:01:04, 9.71e-13, 8.81e-11
2019-10-26, 18:01:09, 9.07e-13, 8.8e-11
2019-10-26, 18:01:13, 9.3e-13, 8.8e-11
2019-10-26, 18:01:17, 1.02e-12, 8.8e-11
2019-10-26, 18:01:21, 9.58e-13, 8.82e-11
2019-10-26, 18:01:26, 9.56e-13, 8.82e-11
2019-10-26, 18:01:30, 9.49e-13, 8.79e-11
2019-10-26, 18:01:34, 9.31e-13, 8.82e-11
2019-10-26, 18:01:38, 9.31e-13, 8.81e-11
2019-10-26, 18:01:42, 9.79e-13, 8.81e-11
2019-10-26, 18:01:47, 9.59e-13, 8.79e-11
2019-10-26, 18:01:51, 1.07e-12, 8.79e-11
2019-10-26, 18:01:55, 9.3e-13, 8.76e-11
2019-10-26, 18:01:59, 9.5e-13, 8.77e-11
2019-10-26, 18:02:04, 9.45e-13, 8.8e-11
2019-10-26, 18:02:08, 9.65e-13, 8.79e-11
2019-10-26, 18:02:12, 8.54e-13, 8.78e-11
2019-10-26, 18:02:16, 1.08e-12, 8.78e-11
2019-10-26, 18:02:20, 9.98e-13, 8.84e-11
2019-10-26, 18:02:25, 1e-12, 8.82e-11
2019-10-26, 18:02:29, 9.15e-13, 8.79e-11
2019-10-26, 18:02:33, 8.99e-13, 8.83e-11
2019-10-26, 18:02:37, 9.7e-13, 8.8e-11
2019-10-26, 18:02:42, 9.92e-13, 8.8e-11
2019-10-26, 18:02:46, 1.04e-12, 8.81e-11
2019-10-26, 18:02:50, 8.54e-13, 8.79e-11
2019-10-26, 18:02:54, 9.39e-13, 8.77e-11
2019-10-26, 18:02:58, 9.65e-13, 8.8e-11
2019-10-26, 18:03:03, 9.3e-13, 8.79e-11
2019-10-26, 18:03:07, 9.09e-13, 8.78e-11
2019-10-26, 18:03:11, 9.99e-13, 8.79e-11
2019-10-26, 18:03:15, 9.22e-13, 8.82e-11
2019-10-26, 18:03:20, 9.72e-13, 8.81e-11
2019-10-26, 18:03:24, 9.83e-13, 8.79e-11
2019-10-26, 18:03:28, 9.47e-13, 8.8e-11
2019-10-26, 18:03:32, 9.13e-13, 8.79e-11
2019-10-26, 18:03:36, 9.48e-13, 8.81e-11
2019-10-26, 18:03:41, 9.15e-13, 8.82e-11
2019-10-26, 18:03:45, 9.46e-13, 8.79e-11
2019-10-26, 18:03:49, 9.69e-13, 8.75e-11
2019-10-26, 18:03:53, 8.31e-13, 8.78e-11
2019-10-26, 18:03:58, 9.6e-13, 8.77e-11
2019-10-26, 18:04:02, 9.66e-13, 8.81e-11
2019-10-26, 18:04:06, 9.52e-13, 8.79e-11
2019-10-26, 18:04:10, 1.02e-12, 8.81e-11
2019-10-26, 18:04:14, 9.48e-13, 8.81e-11
2019-10-26, 18:04:19, 1.14e-12, 8.8e-11
2019-10-26, 18:04:23, 1.02e-12, 8.79e-11
2019-10-26, 18:04:27, 9.56e-13, 8.81e-11
2019-10-26, 18:04:31, 1.01e-12, 8.81e-11
2019-10-26, 18:04:36, 9.54e-13, 8.79e-11
2019-10-26, 18:04:40, 9.64e-13, 8.83e-11
2019-10-26, 18:04:44, 9.73e-13, 8.81e-11
2019-10-26, 18:04:48, 1.01e-12, 8.82e-11
2019-10-26, 18:04:52, 9.46e-13, 8.81e-11
2019-10-26, 18:04:57, 9.16e-13, 8.81e-11
2019-10-26, 18:05:01, 9.87e-13, 8.79e-11
2019-10-26, 18:05:05, 9.88e-13, 8.79e-11
2019-10-26, 18:05:09, 9.82e-13, 8.8e-11
2019-10-26, 18:05:13, 9.36e-13, 8.84e-11
2019-10-26, 18:05:18, 9.6e-13, 8.77e-11
2019-10-26, 18:05:22, 9.46e-13, 8.81e-11
2019-10-26, 18:05:26, 9.3e-13, 8.85e-11
2019-10-26, 18:05:30, 9.54e-13, 8.78e-11
2019-10-26, 18:05:35, 1.14e-12, 8.81e-11
2019-10-26, 18:05:39, 1e-12, 8.8e-11
2019-10-26, 18:05:43, 9.54e-13, 8.77e-11
2019-10-26, 18:05:47, 9.46e-13, 8.78e-11
2019-10-26, 18:05:51, 9.76e-13, 8.81e-11
2019-10-26, 18:05:56, 9.54e-13, 8.79e-11
2019-10-26, 18:06:00, 9.74e-13, 8.8e-11
2019-10-26, 18:06:04, 9.39e-13, 8.78e-11
2019-10-26, 18:06:08, 9.98e-13, 8.79e-11
2019-10-26, 18:06:13, 9.91e-13, 8.8e-11
2019-10-26, 18:06:17, 9.6e-13, 8.8e-11
2019-10-26, 18:06:21, 9.35e-13, 8.81e-11
2019-10-26, 18:06:25, 9.65e-13, 8.76e-11
2019-10-26, 18:06:29, 9.45e-13, 8.78e-11
2019-10-26, 18:06:34, 9.94e-13, 8.78e-11
2019-10-26, 18:06:38, 9.49e-13, 8.79e-11
2019-10-26, 18:06:42, 9.38e-13, 8.8e-11
2019-10-26, 18:06:46, 9.76e-13, 8.8e-11
2019-10-26, 18:06:51, 9.95e-13, 8.79e-11
2019-10-26, 18:06:55, 9.41e-13, 8.8e-11
2019-10-26, 18:06:59, 9.8e-13, 8.8e-11
2019-10-26, 18:07:03, 1.02e-12, 8.77e-11
2019-10-26, 18:07:07, 9.26e-13, 8.78e-11
2019-10-26, 18:07:12, 9.26e-13, 8.8e-11
2019-10-26, 18:07:16, 9.8e-13, 8.79e-11
2019-10-26, 18:07:20, 9.19e-13, 8.79e-11
2019-10-26, 18:07:24, 9.46e-13, 8.77e-11
2019-10-26, 18:07:29, 9.62e-13, 8.78e-11
2019-10-26, 18:07:33, 9.46e-13, 8.79e-11
2019-10-26, 18:07:37, 9.39e-13, 8.79e-11
2019-10-26, 18:07:41, 9.43e-13, 8.76e-11
2019-10-26, 18:07:45, 9.26e-13, 8.8e-11
2019-10-26, 18:07:50, 9.21e-13, 8.78e-11
2019-10-26, 18:07:54, 9.66e-13, 8.83e-11
2019-10-26, 18:07:58, 9.81e-13, 8.78e-11
2019-10-26, 18:08:02, 9.62e-13, 8.79e-11
2019-10-26, 18:08:07, 9.77e-13, 8.81e-11
2019-10-26, 18:08:11, 9.46e-13, 8.76e-11
2019-10-26, 18:08:15, 1.02e-12, 8.76e-11
2019-10-26, 18:08:19, 1.01e-12, 8.77e-11
2019-10-26, 18:08:23, 9.91e-13, 8.79e-11
2019-10-26, 18:08:28, 8.87e-13, 8.73e-11
2019-10-26, 18:08:32, 9.93e-13, 8.82e-11
2019-10-26, 18:08:36, 1.11e-12, 8.82e-11
2019-10-26, 18:08:40, 9.65e-13, 8.79e-11
2019-10-26, 18:08:45, 9.08e-13, 8.79e-11
2019-10-26, 18:08:49, 9.14e-13, 8.78e-11
2019-10-26, 18:08:53, 9.87e-13, 8.75e-11
2019-10-26, 18:08:57, 9.82e-13, 8.74e-11
2019-10-26, 18:09:01, 9.91e-13, 8.78e-11
2019-10-26, 18:09:06, 9.94e-13, 8.75e-11
2019-10-26, 18:09:10, 9.94e-13, 8.75e-11
2019-10-26, 18:09:14, 9.24e-13, 8.77e-11
2019-10-26, 18:09:18, 9.63e-13, 8.76e-11
2019-10-26, 18:09:23, 9.29e-13, 8.81e-11
2019-10-26, 18:09:27, 9.99e-13, 8.81e-11
2019-10-26, 18:09:31, 9.85e-13, 8.79e-11
2019-10-26, 18:09:35, 9.63e-13, 8.8e-11
2019-10-26, 18:09:39, 9.45e-13, 8.79e-11
2019-10-26, 18:09:44, 9.63e-13, 8.76e-11
2019-10-26, 18:09:48, 9.89e-13, 8.8e-11
2019-10-26, 18:09:52, 9.1e-13, 8.79e-11
2019-10-26, 18:09:56, 1.01e-12, 8.74e-11
2019-10-26, 18:10:00, 1.06e-12, 8.76e-11
2019-10-26, 18:10:05, 1.05e-12, 8.78e-11
2019-10-26, 18:10:09, 9.66e-13, 8.8e-11
2019-10-26, 18:10:13, 9.89e-13, 8.75e-11
2019-10-26, 18:10:17, 9.72e-13, 8.76e-11
2019-10-26, 18:10:22, 9.94e-13, 8.8e-11
2019-10-26, 18:10:26, 9.78e-13, 8.75e-11
2019-10-26, 18:10:30, 9.74e-13, 8.78e-11
2019-10-26, 18:10:34, 8.82e-13, 8.81e-11
2019-10-26, 18:10:38, 9.32e-13, 8.78e-11
2019-10-26, 18:10:43, 9.05e-13, 8.81e-11
2019-10-26, 18:10:47, 8.59e-13, 8.77e-11
2019-10-26, 18:10:51, 8.74e-13, 8.76e-11
2019-10-26, 18:10:55, 9.06e-13, 8.79e-11
2019-10-26, 18:11:00, 1.05e-12, 8.75e-11
2019-10-26, 18:11:04, 1e-12, 8.77e-11
2019-10-26, 18:11:08, 9.67e-13, 8.81e-11
2019-10-26, 18:11:12, 9.25e-13, 8.77e-11
2019-10-26, 18:11:16, 9.71e-13, 8.83e-11
2019-10-26, 18:11:21, 9.39e-13, 8.81e-11
2019-10-26, 18:11:25, 9.31e-13, 8.78e-11
2019-10-26, 18:11:29, 1.04e-12, 8.77e-11
2019-10-26, 18:11:33, 1.03e-12, 8.79e-11
2019-10-26, 18:11:38, 8.91e-13, 8.78e-11
2019-10-26, 18:11:42, 9.7e-13, 8.75e-11
2019-10-26, 18:11:46, 9.36e-13, 8.79e-11
2019-10-26, 18:11:50, 9.74e-13, 8.77e-11
2019-10-26, 18:11:54, 9.83e-13, 8.77e-11
2019-10-26, 18:11:59, 9.56e-13, 8.81e-11
2019-10-26, 18:12:03, 9.45e-13, 8.76e-11
2019-10-26, 18:12:07, 9.98e-13, 8.77e-11
2019-10-26, 18:12:11, 9.39e-13, 8.78e-11
2019-10-26, 18:12:16, 9.48e-13, 8.78e-11
2019-10-26, 18:12:20, 9.05e-13, 8.8e-11
2019-10-26, 18:12:24, 1.1e-12, 8.77e-11
2019-10-26, 18:12:28, 9.56e-13, 8.79e-11
2019-10-26, 18:12:32, 8.6e-13, 8.8e-11
2019-10-26, 18:12:37, 8.93e-13, 8.79e-11
2019-10-26, 18:12:41, 9.57e-13, 8.77e-11
2019-10-26, 18:12:45, 9.45e-13, 8.75e-11
2019-10-26, 18:12:49, 9.43e-13, 8.78e-11
2019-10-26, 18:12:54, 9.38e-13, 8.77e-11
2019-10-26, 18:12:58, 9.46e-13, 8.79e-11
2019-10-26, 18:13:02, 9.62e-13, 8.77e-11
2019-10-26, 18:13:06, 9.79e-13, 8.74e-11
2019-10-26, 18:13:10, 9.26e-13, 8.78e-11
2019-10-26, 18:13:15, 9.73e-13, 8.76e-11
2019-10-26, 18:13:19, 9.41e-13, 8.83e-11
2019-10-26, 18:13:23, 9.39e-13, 8.74e-11
2019-10-26, 18:13:27, 8.59e-13, 8.77e-11
2019-10-26, 18:13:32, 1e-12, 8.8e-11
2019-10-26, 18:13:36, 9.66e-13, 8.74e-11
2019-10-26, 18:13:40, 9.67e-13, 8.76e-11
2019-10-26, 18:13:44, 9.56e-13, 8.77e-11
2019-10-26, 18:13:48, 8.62e-13, 8.76e-11
2019-10-26, 18:13:53, 9.47e-13, 8.8e-11
2019-10-26, 18:13:57, 9.62e-13, 8.76e-11
2019-10-26, 18:14:01, 9.54e-13, 8.75e-11
2019-10-26, 18:14:05, 9.56e-13, 8.8e-11
2019-10-26, 18:14:10, 9.63e-13, 8.77e-11
2019-10-26, 18:14:14, 9.27e-13, 8.76e-11
2019-10-26, 18:14:18, 9.36e-13, 8.81e-11
2019-10-26, 18:14:22, 9.98e-13, 8.78e-11
2019-10-26, 18:14:26, 9.03e-13, 8.8e-11
2019-10-26, 18:14:31, 9.34e-13, 8.8e-11
2019-10-26, 18:14:35, 9.68e-13, 8.78e-11
2019-10-26, 18:14:39, 9.29e-13, 8.74e-11
2019-10-26, 18:14:43, 8.92e-13, 8.77e-11
2019-10-26, 18:14:47, 9.91e-13, 8.78e-11
2019-10-26, 18:14:52, 9.67e-13, 8.79e-11
2019-10-26, 18:14:56, 9.23e-13, 8.8e-11
2019-10-26, 18:15:00, 9.48e-13, 8.77e-11
2019-10-26, 18:15:04, 9.21e-13, 8.81e-11
2019-10-26, 18:15:09, 9.88e-13, 8.78e-11
2019-10-26, 18:15:13, 1.11e-12, 8.77e-11
2019-10-26, 18:15:17, 9.13e-13, 8.75e-11
2019-10-26, 18:15:21, 9.64e-13, 8.78e-11
2019-10-26, 18:15:25, 9.6e-13, 8.78e-11
2019-10-26, 18:15:30, 9.8e-13, 8.79e-11
2019-10-26, 18:15:34, 8.49e-13, 8.77e-11
2019-10-26, 18:15:38, 9.38e-13, 8.76e-11
2019-10-26, 18:15:42, 9.57e-13, 8.76e-11
2019-10-26, 18:15:47, 9.39e-13, 8.77e-11
2019-10-26, 18:15:51, 1.02e-12, 8.76e-11
2019-10-26, 18:15:55, 9.96e-13, 8.79e-11
2019-10-26, 18:15:59, 9.56e-13, 8.76e-11
2019-10-26, 18:16:03, 9.46e-13, 8.77e-11
2019-10-26, 18:16:08, 1.02e-12, 8.79e-11
2019-10-26, 18:16:12, 9.64e-13, 8.76e-11
2019-10-26, 18:16:16, 9.77e-13, 8.77e-11
2019-10-26, 18:16:20, 9.55e-13, 8.75e-11
2019-10-26, 18:16:25, 9.61e-13, 8.75e-11
2019-10-26, 18:16:29, 9.87e-13, 8.76e-11
2019-10-26, 18:16:33, 9.19e-13, 8.78e-11
2019-10-26, 18:16:37, 9.62e-13, 8.78e-11
2019-10-26, 18:16:41, 9.7e-13, 8.8e-11
2019-10-26, 18:16:46, 1.02e-12, 8.76e-11
2019-10-26, 18:16:50, 9.14e-13, 8.77e-11
2019-10-26, 18:16:54, 9.56e-13, 8.8e-11
2019-10-26, 18:16:58, 9.3e-13, 8.79e-11
2019-10-26, 18:17:03, 9.66e-13, 8.78e-11
2019-10-26, 18:17:07, 9.5e-13, 8.78e-11
2019-10-26, 18:17:11, 9.08e-13, 8.77e-11
2019-10-26, 18:17:15, 9.96e-13, 8.79e-11
2019-10-26, 18:17:19, 1.01e-12, 8.79e-11
2019-10-26, 18:17:24, 9.58e-13, 8.78e-11
2019-10-26, 18:17:28, 9.47e-13, 8.78e-11
2019-10-26, 18:17:32, 9.56e-13, 8.75e-11
2019-10-26, 18:17:36, 1.01e-12, 8.79e-11
2019-10-26, 18:17:41, 1.05e-12, 8.79e-11
2019-10-26, 18:17:45, 9.55e-13, 8.78e-11
2019-10-26, 18:17:49, 9.74e-13, 8.77e-11
2019-10-26, 18:17:53, 9.67e-13, 8.81e-11
2019-10-26, 18:17:57, 9.33e-13, 8.79e-11
2019-10-26, 18:18:02, 9.55e-13, 8.78e-11
2019-10-26, 18:18:06, 9.79e-13, 8.79e-11
2019-10-26, 18:18:10, 1e-12, 8.81e-11
2019-10-26, 18:18:14, 9.83e-13, 8.77e-11
2019-10-26, 18:18:18, 9.37e-13, 8.78e-11
2019-10-26, 18:18:23, 9.58e-13, 8.79e-11
2019-10-26, 18:18:27, 9.63e-13, 8.78e-11
2019-10-26, 18:18:31, 9.84e-13, 8.75e-11
2019-10-26, 18:18:35, 1.01e-12, 8.79e-11
2019-10-26, 18:18:40, 9.59e-13, 8.81e-11
2019-10-26, 18:18:44, 1e-12, 8.77e-11
2019-10-26, 18:18:48, 9.42e-13, 8.79e-11
2019-10-26, 18:18:52, 9.24e-13, 8.78e-11
2019-10-26, 18:18:56, 1.03e-12, 8.82e-11
2019-10-26, 18:19:01, 1.02e-12, 8.79e-11
2019-10-26, 18:19:05, 9.1e-13, 8.81e-11
2019-10-26, 18:19:09, 9.81e-13, 8.81e-11
2019-10-26, 18:19:13, 9.96e-13, 8.75e-11
2019-10-26, 18:19:18, 9.44e-13, 8.81e-11
2019-10-26, 18:19:22, 9.56e-13, 8.78e-11
2019-10-26, 18:19:26, 9.57e-13, 8.77e-11
2019-10-26, 18:19:30, 8.94e-13, 8.77e-11
2019-10-26, 18:19:34, 9.67e-13, 8.77e-11
2019-10-26, 18:19:39, 9.57e-13, 8.79e-11
2019-10-26, 18:19:43, 9.99e-13, 8.83e-11
2019-10-26, 18:19:47, 9.29e-13, 8.82e-11
2019-10-26, 18:19:51, 9.38e-13, 8.76e-11
2019-10-26, 18:19:56, 9.78e-13, 8.79e-11
2019-10-26, 18:20:00, 9.54e-13, 8.78e-11
2019-10-26, 18:20:04, 9.78e-13, 8.76e-11
2019-10-26, 18:20:08, 9.43e-13, 8.79e-11
2019-10-26, 18:20:12, 9.59e-13, 8.78e-11
2019-10-26, 18:20:17, 9.43e-13, 8.81e-11
2019-10-26, 18:20:21, 1e-12, 8.76e-11
2019-10-26, 18:20:25, 9.58e-13, 8.79e-11
2019-10-26, 18:20:29, 9.24e-13, 8.79e-11
2019-10-26, 18:20:34, 9.84e-13, 8.77e-11
2019-10-26, 18:20:38, 9.14e-13, 8.8e-11
2019-10-26, 18:20:42, 9.06e-13, 8.8e-11
2019-10-26, 18:20:46, 9.48e-13, 8.8e-11
2019-10-26, 18:20:50, 9.66e-13, 8.79e-11
2019-10-26, 18:20:55, 9.41e-13, 8.8e-11
2019-10-26, 18:20:59, 9.82e-13, 8.78e-11
2019-10-26, 18:21:03, 1.04e-12, 8.77e-11
2019-10-26, 18:21:07, 9.63e-13, 8.81e-11
2019-10-26, 18:21:12, 8.98e-13, 8.8e-11
2019-10-26, 18:21:16, 9.69e-13, 8.78e-11
2019-10-26, 18:21:20, 9.22e-13, 8.79e-11
2019-10-26, 18:21:24, 1.06e-12, 8.82e-11
2019-10-26, 18:21:28, 9.44e-13, 8.78e-11
2019-10-26, 18:21:33, 9.67e-13, 8.76e-11
2019-10-26, 18:21:37, 9.42e-13, 8.78e-11
2019-10-26, 18:21:41, 8.83e-13, 8.79e-11
2019-10-26, 18:21:45, 9.2e-13, 8.8e-11
2019-10-26, 18:21:50, 9.06e-13, 8.8e-11
2019-10-26, 18:21:54, 9.79e-13, 8.79e-11
2019-10-26, 18:21:58, 9.59e-13, 8.78e-11
2019-10-26, 18:22:02, 1.02e-12, 8.81e-11
2019-10-26, 18:22:06, 9.09e-13, 8.77e-11
2019-10-26, 18:22:11, 9.55e-13, 8.76e-11
2019-10-26, 18:22:15, 9.27e-13, 8.81e-11
2019-10-26, 18:22:19, 9.76e-13, 8.83e-11
2019-10-26, 18:22:23, 1.1e-12, 8.77e-11
2019-10-26, 18:22:27, 9.38e-13, 8.81e-11
2019-10-26, 18:22:32, 1e-12, 8.79e-11
2019-10-26, 18:22:36, 9.74e-13, 8.78e-11
2019-10-26, 18:22:40, 9.15e-13, 8.78e-11
2019-10-26, 18:22:44, 9.2e-13, 8.81e-11
2019-10-26, 18:22:49, 8.97e-13, 8.78e-11
2019-10-26, 18:22:53, 9.39e-13, 8.81e-11
2019-10-26, 18:22:57, 7.98e-13, 8.78e-11
2019-10-26, 18:23:01, 1.03e-12, 8.8e-11
2019-10-26, 18:23:05, 9.4e-13, 8.79e-11
2019-10-26, 18:23:10, 9.6e-13, 8.78e-11
2019-10-26, 18:23:14, 9.89e-13, 8.77e-11
2019-10-26, 18:23:18, 9.33e-13, 8.77e-11
2019-10-26, 18:23:22, 9.76e-13, 8.79e-11
2019-10-26, 18:23:27, 8.97e-13, 8.8e-11
2019-10-26, 18:23:31, 9.79e-13, 8.78e-11
2019-10-26, 18:23:35, 9.24e-13, 8.81e-11
2019-10-26, 18:23:39, 8.95e-13, 8.78e-11
2019-10-26, 18:23:43, 8.45e-13, 8.83e-11
2019-10-26, 18:23:48, 9.88e-13, 8.74e-11
2019-10-26, 18:23:52, 9.29e-13, 8.8e-11
2019-10-26, 18:23:56, 9.97e-13, 8.79e-11
2019-10-26, 18:24:00, 9.77e-13, 8.8e-11
2019-10-26, 18:24:05, 9.47e-13, 8.77e-11
2019-10-26, 18:24:09, 8.78e-13, 8.76e-11
2019-10-26, 18:24:13, 9.39e-13, 8.78e-11
2019-10-26, 18:24:17, 9.26e-13, 8.76e-11
2019-10-26, 18:24:21, 1.03e-12, 8.8e-11
2019-10-26, 18:24:26, 1e-12, 8.8e-11
2019-10-26, 18:24:30, 9.57e-13, 8.81e-11
2019-10-26, 18:24:34, 9.61e-13, 8.77e-11
2019-10-26, 18:24:38, 9.37e-13, 8.74e-11
2019-10-26, 18:24:43, 9.13e-13, 8.77e-11
2019-10-26, 18:24:47, 9.37e-13, 8.78e-11
2019-10-26, 18:24:51, 9.21e-13, 8.77e-11
2019-10-26, 18:24:55, 1.03e-12, 8.8e-11
2019-10-26, 18:24:59, 8.2e-13, 8.81e-11
2019-10-26, 18:25:04, 9.63e-13, 8.82e-11
2019-10-26, 18:25:08, 9.69e-13, 8.8e-11
2019-10-26, 18:25:12, 9.85e-13, 8.83e-11
2019-10-26, 18:25:16, 1.07e-12, 8.82e-11
2019-10-26, 18:25:21, 9.36e-13, 8.81e-11
2019-10-26, 18:25:25, 9.62e-13, 8.79e-11
2019-10-26, 18:25:29, 9.55e-13, 8.76e-11
2019-10-26, 18:25:33, 9.22e-13, 8.8e-11
2019-10-26, 18:25:37, 1.02e-12, 8.8e-11
2019-10-26, 18:25:42, 8.95e-13, 8.76e-11
2019-10-26, 18:25:46, 9.93e-13, 8.77e-11
2019-10-26, 18:25:50, 9.49e-13, 8.77e-11
2019-10-26, 18:25:54, 9.85e-13, 8.8e-11
2019-10-26, 18:25:58, 1e-12, 8.77e-11
2019-10-26, 18:26:03, 8.94e-13, 8.78e-11
2019-10-26, 18:26:07, 8.25e-13, 8.79e-11
2019-10-26, 18:26:11, 1.01e-12, 8.79e-11
2019-10-26, 18:26:15, 8.74e-13, 8.82e-11
2019-10-26, 18:26:20, 9.77e-13, 8.79e-11
2019-10-26, 18:26:24, 1.02e-12, 8.79e-11
2019-10-26, 18:26:28, 9.4e-13, 8.86e-11
2019-10-26, 18:26:32, 9.53e-13, 8.79e-11
2019-10-26, 18:26:36, 9.59e-13, 8.76e-11
2019-10-26, 18:26:41, 9.65e-13, 8.81e-11
2019-10-26, 18:26:45, 9.47e-13, 8.79e-11
2019-10-26, 18:26:49, 9.6e-13, 8.82e-11
2019-10-26, 18:26:53, 9.08e-13, 8.79e-11
2019-10-26, 18:26:58, 9.6e-13, 8.8e-11
2019-10-26, 18:27:02, 9.85e-13, 8.76e-11
2019-10-26, 18:27:06, 9.64e-13, 8.81e-11
2019-10-26, 18:27:10, 9.34e-13, 8.77e-11
2019-10-26, 18:27:14, 1.14e-12, 8.78e-11
2019-10-26, 18:27:19, 9.66e-13, 8.84e-11
2019-10-26, 18:27:23, 9.83e-13, 8.8e-11
2019-10-26, 18:27:27, 9.7e-13, 8.76e-11
2019-10-26, 18:27:31, 9.65e-13, 8.78e-11
2019-10-26, 18:27:36, 8.91e-13, 8.78e-11
2019-10-26, 18:27:40, 8.31e-13, 8.81e-11
2019-10-26, 18:27:44, 9.55e-13, 8.77e-11
2019-10-26, 18:27:48, 1.02e-12, 8.85e-11
2019-10-26, 18:27:52, 9.69e-13, 8.78e-11
2019-10-26, 18:27:57, 9.16e-13, 8.8e-11
2019-10-26, 18:28:01, 1.01e-12, 8.78e-11
2019-10-26, 18:28:05, 8.75e-13, 8.8e-11
2019-10-26, 18:28:09, 8.79e-13, 8.78e-11
2019-10-26, 18:28:14, 9.38e-13, 8.8e-11
2019-10-26, 18:28:18, 1.05e-12, 8.78e-11
2019-10-26, 18:28:22, 9.99e-13, 8.79e-11
2019-10-26, 18:28:26, 9.51e-13, 8.77e-11
2019-10-26, 18:28:30, 9.78e-13, 8.77e-11
2019-10-26, 18:28:35, 9.18e-13, 8.82e-11
2019-10-26, 18:28:39, 9.34e-13, 8.79e-11
2019-10-26, 18:28:43, 9.51e-13, 8.79e-11
2019-10-26, 18:28:47, 9.96e-13, 8.77e-11
2019-10-26, 18:28:52, 1.05e-12, 8.81e-11
2019-10-26, 18:28:56, 9.52e-13, 8.78e-11
2019-10-26, 18:29:00, 9.24e-13, 8.74e-11
2019-10-26, 18:29:04, 9.51e-13, 8.81e-11
2019-10-26, 18:29:08, 9.7e-13, 8.78e-11
2019-10-26, 18:29:13, 9.25e-13, 8.78e-11
2019-10-26, 18:29:17, 9.66e-13, 8.79e-11
2019-10-26, 18:29:21, 1e-12, 8.79e-11
2019-10-26, 18:29:25, 9.52e-13, 8.79e-11
2019-10-26, 18:29:29, 9.58e-13, 8.78e-11
2019-10-26, 18:29:34, 9.36e-13, 8.82e-11
2019-10-26, 18:29:38, 1.04e-12, 8.78e-11
2019-10-26, 18:29:42, 8.69e-13, 8.8e-11
2019-10-26, 18:29:46, 8.91e-13, 8.79e-11
2019-10-26, 18:29:51, 9.43e-13, 8.81e-11
2019-10-26, 18:29:55, 9.48e-13, 8.78e-11
2019-10-26, 18:29:59, 9.15e-13, 8.79e-11
2019-10-26, 18:30:03, 9.28e-13, 8.77e-11
2019-10-26, 18:30:07, 9.3e-13, 8.76e-11
2019-10-26, 18:30:12, 8.64e-13, 8.79e-11
2019-10-26, 18:30:16, 9.5e-13, 8.79e-11
2019-10-26, 18:30:20, 9.93e-13, 8.81e-11
2019-10-26, 18:30:24, 9.47e-13, 8.76e-11
2019-10-26, 18:30:29, 9.58e-13, 8.76e-11
2019-10-26, 18:30:33, 9.52e-13, 8.75e-11
2019-10-26, 18:30:37, 9.39e-13, 8.81e-11
2019-10-26, 18:30:41, 9.36e-13, 8.81e-11
2019-10-26, 18:30:45, 9.55e-13, 8.76e-11
2019-10-26, 18:30:50, 9.63e-13, 8.81e-11
2019-10-26, 18:30:54, 9.26e-13, 8.78e-11
2019-10-26, 18:30:58, 9.21e-13, 8.8e-11
2019-10-26, 18:31:02, 8.18e-13, 8.77e-11
2019-10-26, 18:31:07, 8.86e-13, 8.76e-11
2019-10-26, 18:31:11, 9e-13, 8.78e-11
2019-10-26, 18:31:15, 1.02e-12, 8.77e-11
2019-10-26, 18:31:19, 9.61e-13, 8.77e-11
2019-10-26, 18:31:23, 9.6e-13, 8.78e-11
2019-10-26, 18:31:28, 8.63e-13, 8.77e-11
2019-10-26, 18:31:32, 9.6e-13, 8.79e-11
2019-10-26, 18:31:36, 9.35e-13, 8.77e-11
2019-10-26, 18:31:40, 9.57e-13, 8.77e-11
2019-10-26, 18:31:45, 9.7e-13, 8.79e-11
2019-10-26, 18:31:49, 1.04e-12, 8.8e-11
2019-10-26, 18:31:53, 1.01e-12, 8.76e-11
2019-10-26, 18:31:57, 9.95e-13, 8.77e-11
2019-10-26, 18:32:01, 8.89e-13, 8.75e-11
2019-10-26, 18:32:06, 9.75e-13, 8.76e-11
2019-10-26, 18:32:10, 9.82e-13, 8.76e-11
2019-10-26, 18:32:14, 9.23e-13, 8.79e-11
2019-10-26, 18:32:18, 8.59e-13, 8.8e-11
2019-10-26, 18:32:23, 1e-12, 8.78e-11
2019-10-26, 18:32:27, 9.67e-13, 8.75e-11
2019-10-26, 18:32:31, 9.28e-13, 8.78e-11
2019-10-26, 18:32:35, 1.09e-12, 8.77e-11
2019-10-26, 18:32:39, 9.86e-13, 8.78e-11
2019-10-26, 18:32:44, 9.68e-13, 8.76e-11
2019-10-26, 18:32:48, 9.82e-13, 8.81e-11
2019-10-26, 18:32:52, 9.53e-13, 8.78e-11
2019-10-26, 18:32:56, 9.34e-13, 8.84e-11
2019-10-26, 18:33:01, 9.86e-13, 8.81e-11
2019-10-26, 18:33:05, 9.78e-13, 8.76e-11
2019-10-26, 18:33:09, 1.08e-12, 8.81e-11
2019-10-26, 18:33:13, 9.65e-13, 8.8e-11
2019-10-26, 18:33:17, 9.62e-13, 8.79e-11
2019-10-26, 18:33:22, 9.28e-13, 8.77e-11
2019-10-26, 18:33:26, 8.9e-13, 8.77e-11
2019-10-26, 18:33:30, 9.32e-13, 8.76e-11
2019-10-26, 18:33:34, 1.06e-12, 8.78e-11
2019-10-26, 18:33:39, 9.22e-13, 8.81e-11
2019-10-26, 18:33:43, 9.36e-13, 8.8e-11
2019-10-26, 18:33:47, 9.58e-13, 8.78e-11
2019-10-26, 18:33:51, 9.54e-13, 8.79e-11
2019-10-26, 18:33:55, 9.4e-13, 8.81e-11
2019-10-26, 18:34:00, 9.78e-13, 8.76e-11
2019-10-26, 18:34:04, 9.19e-13, 8.82e-11
2019-10-26, 18:34:08, 9.45e-13, 8.75e-11
2019-10-26, 18:34:12, 9.92e-13, 8.79e-11
2019-10-26, 18:34:17, 1.01e-12, 8.79e-11
2019-10-26, 18:34:21, 9.38e-13, 8.79e-11
2019-10-26, 18:34:25, 9.12e-13, 8.84e-11
2019-10-26, 18:34:29, 9.74e-13, 8.79e-11
2019-10-26, 18:34:33, 1.05e-12, 8.8e-11
2019-10-26, 18:34:38, 9.36e-13, 8.78e-11
2019-10-26, 18:34:42, 9.33e-13, 8.75e-11
2019-10-26, 18:34:46, 1.06e-12, 8.77e-11
2019-10-26, 18:34:50, 1.01e-12, 8.81e-11
2019-10-26, 18:34:55, 9.47e-13, 8.82e-11
2019-10-26, 18:34:59, 9.06e-13, 8.78e-11
2019-10-26, 18:35:03, 1.02e-12, 8.75e-11
2019-10-26, 18:35:07, 9.62e-13, 8.74e-11
2019-10-26, 18:35:11, 9.52e-13, 8.8e-11
2019-10-26, 18:35:16, 1.02e-12, 8.82e-11
2019-10-26, 18:35:20, 9.04e-13, 8.8e-11
2019-10-26, 18:35:24, 9.83e-13, 8.8e-11
2019-10-26, 18:35:28, 9.35e-13, 8.8e-11
2019-10-26, 18:35:33, 9.48e-13, 8.76e-11
2019-10-26, 18:35:37, 8.85e-13, 8.75e-11
2019-10-26, 18:35:41, 9.42e-13, 8.81e-11
2019-10-26, 18:35:45, 1.05e-12, 8.78e-11
2019-10-26, 18:35:49, 1.03e-12, 8.76e-11
2019-10-26, 18:35:54, 9.37e-13, 8.8e-11
2019-10-26, 18:35:58, 9.98e-13, 8.77e-11
2019-10-26, 18:36:02, 9.5e-13, 8.77e-11
2019-10-26, 18:36:06, 9.05e-13, 8.76e-11
2019-10-26, 18:36:11, 9.61e-13, 8.79e-11
2019-10-26, 18:36:15, 9.07e-13, 8.81e-11
2019-10-26, 18:36:19, 9.58e-13, 8.77e-11
2019-10-26, 18:36:23, 9.41e-13, 8.79e-11
2019-10-26, 18:36:27, 1.05e-12, 8.78e-11
2019-10-26, 18:36:32, 9.41e-13, 8.77e-11
2019-10-26, 18:36:36, 9.01e-13, 8.76e-11
2019-10-26, 18:36:40, 9.61e-13, 8.78e-11
2019-10-26, 18:36:44, 9.58e-13, 8.79e-11
2019-10-26, 18:36:49, 9.12e-13, 8.76e-11
2019-10-26, 18:36:53, 9.64e-13, 8.79e-11
2019-10-26, 18:36:57, 9.04e-13, 8.77e-11
2019-10-26, 18:37:01, 9.63e-13, 8.77e-11
2019-10-26, 18:37:05, 9.57e-13, 8.76e-11
2019-10-26, 18:37:10, 9.34e-13, 8.79e-11
2019-10-26, 18:37:14, 9.56e-13, 8.78e-11
2019-10-26, 18:37:18, 1.1e-12, 8.77e-11
2019-10-26, 18:37:22, 9.64e-13, 8.78e-11
2019-10-26, 18:37:26, 1.01e-12, 8.78e-11
2019-10-26, 18:37:31, 9.65e-13, 8.79e-11
2019-10-26, 18:37:35, 8.79e-13, 8.78e-11
2019-10-26, 18:37:39, 9.13e-13, 8.79e-11
2019-10-26, 18:37:43, 9.57e-13, 8.82e-11
2019-10-26, 18:37:48, 9.54e-13, 8.77e-11
2019-10-26, 18:37:52, 1.09e-12, 8.75e-11
2019-10-26, 18:37:56, 9.83e-13, 8.78e-11
2019-10-26, 18:38:00, 8.97e-13, 8.78e-11
2019-10-26, 18:38:04, 8.63e-13, 8.75e-11
2019-10-26, 18:38:09, 9.63e-13, 8.78e-11
2019-10-26, 18:38:13, 1e-12, 8.78e-11
2019-10-26, 18:38:17, 1.03e-12, 8.78e-11
2019-10-26, 18:38:21, 9.47e-13, 8.79e-11
2019-10-26, 18:38:26, 9.52e-13, 8.8e-11
2019-10-26, 18:38:30, 9.48e-13, 8.77e-11
2019-10-26, 18:38:34, 9.9e-13, 8.78e-11
2019-10-26, 18:38:38, 9.61e-13, 8.76e-11
2019-10-26, 18:38:42, 9.88e-13, 8.77e-11
2019-10-26, 18:38:47, 9.52e-13, 8.81e-11
2019-10-26, 18:38:51, 9.95e-13, 8.79e-11
2019-10-26, 18:38:55, 9.59e-13, 8.77e-11
2019-10-26, 18:38:59, 9.1e-13, 8.81e-11
2019-10-26, 18:39:04, 9.57e-13, 8.79e-11
2019-10-26, 18:39:08, 9.64e-13, 8.76e-11
2019-10-26, 18:39:12, 1.06e-12, 8.77e-11
2019-10-26, 18:39:16, 8.98e-13, 8.77e-11
2019-10-26, 18:39:20, 9.64e-13, 8.8e-11
2019-10-26, 18:39:25, 9.99e-13, 8.81e-11
2019-10-26, 18:39:29, 9.63e-13, 8.78e-11
2019-10-26, 18:39:33, 9.88e-13, 8.76e-11
2019-10-26, 18:39:37, 9.57e-13, 8.78e-11
2019-10-26, 18:39:42, 1.03e-12, 8.77e-11
2019-10-26, 18:39:46, 9.18e-13, 8.8e-11
2019-10-26, 18:39:50, 9.43e-13, 8.82e-11
2019-10-26, 18:39:54, 9.62e-13, 8.79e-11
2019-10-26, 18:39:58, 9.27e-13, 8.8e-11
2019-10-26, 18:40:03, 9.83e-13, 8.8e-11
2019-10-26, 18:40:07, 9.91e-13, 8.81e-11
2019-10-26, 18:40:11, 9.67e-13, 8.82e-11
2019-10-26, 18:40:15, 9.46e-13, 8.78e-11
2019-10-26, 18:40:20, 9.94e-13, 8.78e-11
2019-10-26, 18:40:24, 9.7e-13, 8.8e-11
2019-10-26, 18:40:28, 8.29e-13, 8.79e-11
2019-10-26, 18:40:32, 9.66e-13, 8.75e-11
2019-10-26, 18:40:36, 9.62e-13, 8.8e-11
2019-10-26, 18:40:41, 9.94e-13, 8.77e-11
2019-10-26, 18:40:45, 9.7e-13, 8.78e-11
2019-10-26, 18:40:49, 9.89e-13, 8.78e-11
2019-10-26, 18:40:53, 9.93e-13, 8.78e-11
2019-10-26, 18:40:58, 9.35e-13, 8.79e-11
2019-10-26, 18:41:02, 8.25e-13, 8.77e-11
2019-10-26, 18:41:06, 9.82e-13, 8.78e-11
2019-10-26, 18:41:10, 9.31e-13, 8.82e-11
2019-10-26, 18:41:14, 9.07e-13, 8.77e-11
2019-10-26, 18:41:19, 1.01e-12, 8.81e-11
2019-10-26, 18:41:23, 9.86e-13, 8.79e-11
2019-10-26, 18:41:27, 9.78e-13, 8.79e-11
2019-10-26, 18:41:31, 9.14e-13, 8.81e-11
2019-10-26, 18:41:36, 9.67e-13, 8.76e-11
2019-10-26, 18:41:40, 9.25e-13, 8.78e-11
2019-10-26, 18:41:44, 9.73e-13, 8.82e-11
2019-10-26, 18:41:48, 9.63e-13, 8.79e-11
2019-10-26, 18:41:52, 1.02e-12, 8.76e-11
2019-10-26, 18:41:57, 1.14e-12, 8.8e-11
2019-10-26, 18:42:01, 9.15e-13, 8.83e-11
2019-10-26, 18:42:05, 9.45e-13, 8.81e-11
2019-10-26, 18:42:09, 9.29e-13, 8.77e-11
2019-10-26, 18:42:14, 9.63e-13, 8.79e-11
2019-10-26, 18:42:18, 8.65e-13, 8.78e-11
2019-10-26, 18:42:22, 9.9e-13, 8.75e-11
2019-10-26, 18:42:26, 1.04e-12, 8.8e-11
2019-10-26, 18:42:30, 9.29e-13, 8.79e-11
2019-10-26, 18:42:35, 9.45e-13, 8.8e-11
2019-10-26, 18:42:39, 9.81e-13, 8.77e-11
2019-10-26, 18:42:43, 9.16e-13, 8.76e-11
2019-10-26, 18:42:47, 9.52e-13, 8.78e-11
2019-10-26, 18:42:52, 1.1e-12, 8.8e-11
2019-10-26, 18:42:56, 9.97e-13, 8.77e-11
2019-10-26, 18:43:00, 9.86e-13, 8.8e-11
2019-10-26, 18:43:04, 9.74e-13, 8.77e-11
2019-10-26, 18:43:08, 1.03e-12, 8.76e-11
2019-10-26, 18:43:13, 9.62e-13, 8.78e-11
2019-10-26, 18:43:17, 9.64e-13, 8.81e-11
2019-10-26, 18:43:21, 8.55e-13, 8.78e-11
2019-10-26, 18:43:25, 1.11e-12, 8.8e-11
2019-10-26, 18:43:29, 9.43e-13, 8.81e-11
2019-10-26, 18:43:34, 9.86e-13, 8.79e-11
2019-10-26, 18:43:38, 1.13e-12, 8.79e-11
2019-10-26, 18:43:42, 9.81e-13, 8.76e-11
2019-10-26, 18:43:46, 9.71e-13, 8.81e-11
2019-10-26, 18:43:51, 9.05e-13, 8.83e-11
2019-10-26, 18:43:55, 9.48e-13, 8.81e-11
2019-10-26, 18:43:59, 8.7e-13, 8.79e-11
2019-10-26, 18:44:03, 9.95e-13, 8.79e-11
2019-10-26, 18:44:07, 9.05e-13, 8.8e-11
2019-10-26, 18:44:12, 9.73e-13, 8.79e-11
2019-10-26, 18:44:16, 9.38e-13, 8.79e-11
2019-10-26, 18:44:20, 9.56e-13, 8.81e-11
2019-10-26, 18:44:24, 9.93e-13, 8.79e-11
2019-10-26, 18:44:29, 9.73e-13, 8.84e-11
2019-10-26, 18:44:33, 1.02e-12, 8.82e-11
2019-10-26, 18:44:37, 9.33e-13, 8.85e-11
2019-10-26, 18:44:41, 9.84e-13, 8.81e-11
2019-10-26, 18:44:45, 9.73e-13, 8.78e-11
2019-10-26, 18:44:50, 9.8e-13, 8.81e-11
2019-10-26, 18:44:54, 9.67e-13, 8.82e-11
2019-10-26, 18:44:58, 1.07e-12, 8.82e-11
2019-10-26, 18:45:02, 9.27e-13, 8.81e-11
2019-10-26, 18:45:07, 9.86e-13, 8.79e-11
2019-10-26, 18:45:11, 9.18e-13, 8.82e-11
2019-10-26, 18:45:15, 9.53e-13, 8.8e-11
2019-10-26, 18:45:19, 9.18e-13, 8.8e-11
2019-10-26, 18:45:23, 9.23e-13, 8.78e-11
2019-10-26, 18:45:28, 9.63e-13, 8.77e-11
2019-10-26, 18:45:32, 9.82e-13, 8.8e-11
2019-10-26, 18:45:36, 9.55e-13, 8.79e-11
2019-10-26, 18:45:40, 9.36e-13, 8.79e-11
2019-10-26, 18:45:45, 9.6e-13, 8.8e-11
2019-10-26, 18:45:49, 1.02e-12, 8.81e-11
2019-10-26, 18:45:53, 9.58e-13, 8.78e-11
2019-10-26, 18:45:57, 9.24e-13, 8.82e-11
2019-10-26, 18:46:01, 9.69e-13, 8.78e-11
2019-10-26, 18:46:06, 9.17e-13, 8.8e-11
2019-10-26, 18:46:10, 9.69e-13, 8.83e-11
2019-10-26, 18:46:14, 9.02e-13, 8.78e-11
2019-10-26, 18:46:18, 9.11e-13, 8.81e-11
2019-10-26, 18:46:23, 9.08e-13, 8.8e-11
2019-10-26, 18:46:27, 9.89e-13, 8.79e-11
2019-10-26, 18:46:31, 9.52e-13, 8.78e-11
2019-10-26, 18:46:35, 1.01e-12, 8.8e-11
2019-10-26, 18:46:39, 9.85e-13, 8.8e-11
2019-10-26, 18:46:44, 9.55e-13, 8.79e-11
2019-10-26, 18:46:48, 9.39e-13, 8.8e-11
2019-10-26, 18:46:52, 9.31e-13, 8.79e-11
2019-10-26, 18:46:56, 9.61e-13, 8.81e-11
2019-10-26, 18:47:01, 9.71e-13, 8.77e-11
2019-10-26, 18:47:05, 9.55e-13, 8.77e-11
2019-10-26, 18:47:09, 9.43e-13, 8.82e-11
2019-10-26, 18:47:13, 1.01e-12, 8.8e-11
2019-10-26, 18:47:17, 1.03e-12, 8.8e-11
2019-10-26, 18:47:22, 9.85e-13, 8.77e-11
2019-10-26, 18:47:26, 9.52e-13, 8.82e-11
2019-10-26, 18:47:30, 9.85e-13, 8.8e-11
2019-10-26, 18:47:34, 9.43e-13, 8.83e-11
2019-10-26, 18:47:38, 1.04e-12, 8.8e-11
2019-10-26, 18:47:43, 9.87e-13, 8.8e-11
2019-10-26, 18:47:47, 9.86e-13, 8.79e-11
2019-10-26, 18:47:51, 9.48e-13, 8.81e-11
2019-10-26, 18:47:55, 9.41e-13, 8.81e-11
2019-10-26, 18:48:00, 8.28e-13, 8.78e-11
2019-10-26, 18:48:04, 1.09e-12, 8.79e-11
2019-10-26, 18:48:08, 9.04e-13, 8.81e-11
2019-10-26, 18:48:12, 9.32e-13, 8.78e-11
2019-10-26, 18:48:16, 9.46e-13, 8.8e-11
2019-10-26, 18:48:21, 9.46e-13, 8.79e-11
2019-10-26, 18:48:25, 9.9e-13, 8.78e-11
2019-10-26, 18:48:29, 9.75e-13, 8.82e-11
2019-10-26, 18:48:33, 9.45e-13, 8.79e-11
2019-10-26, 18:48:38, 9.81e-13, 8.83e-11
2019-10-26, 18:48:42, 9.75e-13, 8.78e-11
2019-10-26, 18:48:46, 1.03e-12, 8.81e-11
2019-10-26, 18:48:50, 9.89e-13, 8.79e-11
2019-10-26, 18:48:54, 9.72e-13, 8.81e-11
2019-10-26, 18:48:59, 1e-12, 8.78e-11
2019-10-26, 18:49:03, 9.04e-13, 8.81e-11
2019-10-26, 18:49:07, 9.56e-13, 8.82e-11
2019-10-26, 18:49:11, 9.61e-13, 8.79e-11
2019-10-26, 18:49:16, 9.76e-13, 8.82e-11
2019-10-26, 18:49:20, 8.37e-13, 8.79e-11
2019-10-26, 18:49:24, 9.89e-13, 8.8e-11
2019-10-26, 18:49:28, 9.91e-13, 8.8e-11
2019-10-26, 18:49:32, 9.64e-13, 8.8e-11
2019-10-26, 18:49:37, 9.77e-13, 8.83e-11
2019-10-26, 18:49:41, 9.82e-13, 8.81e-11
2019-10-26, 18:49:45, 9.83e-13, 8.81e-11
2019-10-26, 18:49:49, 1.01e-12, 8.8e-11
2019-10-26, 18:49:54, 1.04e-12, 8.8e-11
2019-10-26, 18:49:58, 9.82e-13, 8.82e-11
2019-10-26, 18:50:02, 8.92e-13, 8.77e-11
2019-10-26, 18:50:06, 9.6e-13, 8.77e-11
2019-10-26, 18:50:10, 9.98e-13, 8.81e-11
2019-10-26, 18:50:15, 9.03e-13, 8.79e-11
2019-10-26, 18:50:19, 9.64e-13, 8.81e-11
2019-10-26, 18:50:23, 9.29e-13, 8.8e-11
2019-10-26, 18:50:27, 9.97e-13, 8.79e-11
2019-10-26, 18:50:32, 9.33e-13, 8.8e-11
2019-10-26, 18:50:36, 1.12e-12, 8.77e-11
2019-10-26, 18:50:40, 1.01e-12, 8.78e-11
2019-10-26, 18:50:44, 9.04e-13, 8.78e-11
2019-10-26, 18:50:48, 1.01e-12, 8.81e-11
2019-10-26, 18:50:53, 9.59e-13, 8.76e-11
2019-10-26, 18:50:57, 9.95e-13, 8.81e-11
2019-10-26, 18:51:01, 9.6e-13, 8.79e-11
2019-10-26, 18:51:05, 8.86e-13, 8.82e-11
2019-10-26, 18:51:09, 9.94e-13, 8.81e-11
2019-10-26, 18:51:14, 9.72e-13, 8.77e-11
2019-10-26, 18:51:18, 9.84e-13, 8.8e-11
2019-10-26, 18:51:22, 9.79e-13, 8.81e-11
2019-10-26, 18:51:26, 9.92e-13, 8.77e-11
2019-10-26, 18:51:31, 9.15e-13, 8.8e-11
2019-10-26, 18:51:35, 1.02e-12, 8.81e-11
2019-10-26, 18:51:39, 9.41e-13, 8.79e-11
2019-10-26, 18:51:43, 9.36e-13, 8.78e-11
2019-10-26, 18:51:47, 9.2e-13, 8.79e-11
2019-10-26, 18:51:52, 9.82e-13, 8.8e-11
2019-10-26, 18:51:56, 9.15e-13, 8.81e-11
2019-10-26, 18:52:00, 1.16e-12, 8.8e-11
2019-10-26, 18:52:04, 1.02e-12, 8.84e-11
2019-10-26, 18:52:09, 9.7e-13, 8.81e-11
2019-10-26, 18:52:13, 8.87e-13, 8.78e-11
2019-10-26, 18:52:17, 9.08e-13, 8.8e-11
2019-10-26, 18:52:21, 9.93e-13, 8.78e-11
2019-10-26, 18:52:25, 8.22e-13, 8.8e-11
2019-10-26, 18:52:30, 9.67e-13, 8.77e-11
2019-10-26, 18:52:34, 9.62e-13, 8.76e-11
2019-10-26, 18:52:38, 8.66e-13, 8.78e-11
2019-10-26, 18:52:42, 9.3e-13, 8.81e-11
2019-10-26, 18:52:47, 9.95e-13, 8.82e-11
2019-10-26, 18:52:51, 9.17e-13, 8.79e-11
2019-10-26, 18:52:55, 9.12e-13, 8.79e-11
2019-10-26, 18:52:59, 9.57e-13, 8.81e-11
2019-10-26, 18:53:03, 9.66e-13, 8.76e-11
2019-10-26, 18:53:08, 9.56e-13, 8.78e-11
2019-10-26, 18:53:12, 9.58e-13, 8.82e-11
2019-10-26, 18:53:16, 9.5e-13, 8.82e-11
2019-10-26, 18:53:20, 9.66e-13, 8.8e-11
2019-10-26, 18:53:25, 8.62e-13, 8.82e-11
2019-10-26, 18:53:29, 9.65e-13, 8.81e-11
2019-10-26, 18:53:33, 9.48e-13, 8.8e-11
2019-10-26, 18:53:37, 9.49e-13, 8.78e-11
2019-10-26, 18:53:41, 9.8e-13, 8.83e-11
2019-10-26, 18:53:46, 9.84e-13, 8.77e-11
2019-10-26, 18:53:50, 9.49e-13, 8.81e-11
2019-10-26, 18:53:54, 9.59e-13, 8.79e-11
2019-10-26, 18:53:58, 9.57e-13, 8.82e-11
2019-10-26, 18:54:03, 9.41e-13, 8.81e-11
2019-10-26, 18:54:07, 9.89e-13, 8.81e-11
2019-10-26, 18:54:11, 1.07e-12, 8.81e-11
2019-10-26, 18:54:15, 9.67e-13, 8.79e-11
2019-10-26, 18:54:19, 9.17e-13, 8.8e-11
2019-10-26, 18:54:24, 1e-12, 8.79e-11
2019-10-26, 18:54:28, 9.22e-13, 8.82e-11
2019-10-26, 18:54:32, 9.25e-13, 8.78e-11
2019-10-26, 18:54:36, 9.55e-13, 8.79e-11
2019-10-26, 18:54:41, 9.6e-13, 8.82e-11
2019-10-26, 18:54:45, 9.82e-13, 8.83e-11
2019-10-26, 18:54:49, 9.05e-13, 8.79e-11
2019-10-26, 18:54:53, 9.5e-13, 8.77e-11
2019-10-26, 18:54:57, 1.01e-12, 8.8e-11
2019-10-26, 18:55:02, 1.01e-12, 8.8e-11
2019-10-26, 18:55:06, 9.73e-13, 8.79e-11
2019-10-26, 18:55:10, 9.29e-13, 8.78e-11
2019-10-26, 18:55:14, 1.07e-12, 8.78e-11
2019-10-26, 18:55:19, 1.02e-12, 8.81e-11
2019-10-26, 18:55:23, 9.03e-13, 8.85e-11
2019-10-26, 18:55:27, 1.04e-12, 8.8e-11
2019-10-26, 18:55:31, 8.05e-13, 8.81e-11
2019-10-26, 18:55:35, 9.77e-13, 8.82e-11
2019-10-26, 18:55:40, 9.23e-13, 8.8e-11
2019-10-26, 18:55:44, 9.61e-13, 8.8e-11
2019-10-26, 18:55:48, 8.99e-13, 8.8e-11
2019-10-26, 18:55:52, 9.84e-13, 8.8e-11
2019-10-26, 18:55:56, 9.86e-13, 8.8e-11
2019-10-26, 18:56:01, 9.76e-13, 8.82e-11
2019-10-26, 18:56:05, 9.63e-13, 8.81e-11
2019-10-26, 18:56:09, 1.01e-12, 8.79e-11
2019-10-26, 18:56:13, 9.98e-13, 8.8e-11
2019-10-26, 18:56:18, 9.67e-13, 8.81e-11
2019-10-26, 18:56:22, 9.72e-13, 8.77e-11
2019-10-26, 18:56:26, 9.19e-13, 8.8e-11
2019-10-26, 18:56:30, 1e-12, 8.79e-11
2019-10-26, 18:56:34, 9.76e-13, 8.8e-11
2019-10-26, 18:56:39, 9.46e-13, 8.81e-11
2019-10-26, 18:56:43, 9.5e-13, 8.8e-11
2019-10-26, 18:56:47, 9.67e-13, 8.81e-11
2019-10-26, 18:56:51, 9.64e-13, 8.82e-11
2019-10-26, 18:56:56, 9.8e-13, 8.8e-11
2019-10-26, 18:57:00, 9.41e-13, 8.81e-11
2019-10-26, 18:57:04, 9.43e-13, 8.77e-11
2019-10-26, 18:57:08, 9.64e-13, 8.86e-11
2019-10-26, 18:57:12, 9.39e-13, 8.8e-11
2019-10-26, 18:57:17, 9.67e-13, 8.8e-11
2019-10-26, 18:57:21, 9.6e-13, 8.78e-11
2019-10-26, 18:57:25, 9.98e-13, 8.79e-11
2019-10-26, 18:57:29, 9.47e-13, 8.84e-11
2019-10-26, 18:57:34, 9.61e-13, 8.79e-11
2019-10-26, 18:57:38, 9.47e-13, 8.79e-11
2019-10-26, 18:57:42, 9.92e-13, 8.86e-11
2019-10-26, 18:57:46, 9.37e-13, 8.83e-11
2019-10-26, 18:57:50, 8.97e-13, 8.85e-11
2019-10-26, 18:57:55, 9.61e-13, 8.78e-11
2019-10-26, 18:57:59, 8.62e-13, 8.79e-11
2019-10-26, 18:58:03, 9.94e-13, 8.78e-11
2019-10-26, 18:58:07, 9.51e-13, 8.79e-11
2019-10-26, 18:58:12, 9.99e-13, 8.76e-11
2019-10-26, 18:58:16, 9.74e-13, 8.77e-11
2019-10-26, 18:58:20, 9.76e-13, 8.76e-11
2019-10-26, 18:58:24, 9.95e-13, 8.84e-11
2019-10-26, 18:58:28, 9.79e-13, 8.81e-11
2019-10-26, 18:58:33, 9.59e-13, 8.82e-11
2019-10-26, 18:58:37, 9.86e-13, 8.78e-11
2019-10-26, 18:58:41, 9.03e-13, 8.73e-11
2019-10-26, 18:58:45, 9.27e-13, 8.8e-11
2019-10-26, 18:58:50, 9.35e-13, 8.81e-11
2019-10-26, 18:58:54, 9.78e-13, 8.86e-11
2019-10-26, 18:58:58, 1.01e-12, 8.77e-11
2019-10-26, 18:59:02, 9.03e-13, 8.81e-11
2019-10-26, 18:59:06, 9.47e-13, 8.78e-11
2019-10-26, 18:59:11, 9.23e-13, 8.81e-11
2019-10-26, 18:59:15, 9.58e-13, 8.79e-11
2019-10-26, 18:59:19, 9.37e-13, 8.84e-11
2019-10-26, 18:59:23, 9.62e-13, 8.81e-11
2019-10-26, 18:59:28, 8.99e-13, 8.8e-11
2019-10-26, 18:59:32, 9.02e-13, 8.77e-11
2019-10-26, 18:59:36, 9.8e-13, 8.82e-11
2019-10-26, 18:59:40, 1.01e-12, 8.77e-11
2019-10-26, 18:59:44, 9.85e-13, 8.82e-11
2019-10-26, 18:59:49, 9.79e-13, 8.82e-11
2019-10-26, 18:59:53, 8.37e-13, 8.77e-11
2019-10-26, 18:59:57, 9.8e-13, 8.81e-11
2019-10-26, 19:00:01, 9.71e-13, 8.82e-11
2019-10-26, 19:00:05, 9.69e-13, 8.82e-11
2019-10-26, 19:00:10, 9.33e-13, 8.84e-11
2019-10-26, 19:00:14, 9.52e-13, 8.82e-11
2019-10-26, 19:00:18, 9.64e-13, 8.76e-11
2019-10-26, 19:00:22, 9.34e-13, 8.81e-11
2019-10-26, 19:00:27, 9.86e-13, 8.79e-11
2019-10-26, 19:00:31, 1.07e-12, 8.78e-11
2019-10-26, 19:00:35, 9.83e-13, 8.82e-11
2019-10-26, 19:00:39, 9.38e-13, 8.79e-11
2019-10-26, 19:00:43, 9.73e-13, 8.81e-11
2019-10-26, 19:00:48, 9.95e-13, 8.79e-11
2019-10-26, 19:00:52, 9.41e-13, 8.78e-11
2019-10-26, 19:00:56, 9.43e-13, 8.81e-11
2019-10-26, 19:01:00, 9.61e-13, 8.82e-11
2019-10-26, 19:01:05, 9.28e-13, 8.78e-11
2019-10-26, 19:01:09, 1e-12, 8.83e-11
2019-10-26, 19:01:13, 1.01e-12, 8.81e-11
2019-10-26, 19:01:17, 9.36e-13, 8.8e-11
2019-10-26, 19:01:21, 1.05e-12, 8.83e-11
2019-10-26, 19:01:26, 1.01e-12, 8.81e-11
2019-10-26, 19:01:30, 9.41e-13, 8.78e-11
2019-10-26, 19:01:34, 9.83e-13, 8.8e-11
2019-10-26, 19:01:38, 8.83e-13, 8.79e-11
2019-10-26, 19:01:43, 1.1e-12, 8.83e-11
2019-10-26, 19:01:47, 9.42e-13, 8.78e-11
2019-10-26, 19:01:51, 9.42e-13, 8.8e-11
2019-10-26, 19:01:55, 9.6e-13, 8.82e-11
2019-10-26, 19:01:59, 9.24e-13, 8.78e-11
2019-10-26, 19:02:04, 9.81e-13, 8.75e-11
2019-10-26, 19:02:08, 9.54e-13, 8.82e-11
2019-10-26, 19:02:12, 9.41e-13, 8.82e-11
2019-10-26, 19:02:16, 9.82e-13, 8.8e-11
2019-10-26, 19:02:21, 9.45e-13, 8.78e-11
2019-10-26, 19:02:25, 9.73e-13, 8.83e-11
2019-10-26, 19:02:29, 9.72e-13, 8.82e-11
2019-10-26, 19:02:33, 1.02e-12, 8.79e-11
2019-10-26, 19:02:37, 9.96e-13, 8.8e-11
2019-10-26, 19:02:42, 9.26e-13, 8.79e-11
2019-10-26, 19:02:46, 9.57e-13, 8.82e-11
2019-10-26, 19:02:50, 1.04e-12, 8.82e-11
2019-10-26, 19:02:54, 9.65e-13, 8.79e-11
2019-10-26, 19:02:59, 9.98e-13, 8.76e-11
2019-10-26, 19:03:03, 9.51e-13, 8.8e-11
2019-10-26, 19:03:07, 1.02e-12, 8.78e-11
2019-10-26, 19:03:11, 1.05e-12, 8.81e-11
2019-10-26, 19:03:15, 9.36e-13, 8.78e-11
2019-10-26, 19:03:20, 1e-12, 8.82e-11
2019-10-26, 19:03:24, 9.91e-13, 8.83e-11
2019-10-26, 19:03:28, 9.68e-13, 8.77e-11
2019-10-26, 19:03:32, 1.12e-12, 8.81e-11
2019-10-26, 19:03:37, 1.06e-12, 8.8e-11
2019-10-26, 19:03:41, 8.84e-13, 8.77e-11
2019-10-26, 19:03:45, 1.03e-12, 8.81e-11
2019-10-26, 19:03:49, 1e-12, 8.77e-11
2019-10-26, 19:03:53, 1.01e-12, 8.84e-11
2019-10-26, 19:03:58, 9.61e-13, 8.79e-11
2019-10-26, 19:04:02, 1.04e-12, 8.8e-11
2019-10-26, 19:04:06, 9.78e-13, 8.78e-11
2019-10-26, 19:04:10, 9.2e-13, 8.79e-11
2019-10-26, 19:04:15, 9.14e-13, 8.78e-11
2019-10-26, 19:04:19, 9.81e-13, 8.8e-11
2019-10-26, 19:04:23, 1e-12, 8.8e-11
2019-10-26, 19:04:27, 1e-12, 8.81e-11
2019-10-26, 19:04:31, 1.01e-12, 8.77e-11
2019-10-26, 19:04:36, 1.16e-12, 8.75e-11
2019-10-26, 19:04:40, 9.65e-13, 8.78e-11
2019-10-26, 19:04:44, 1.01e-12, 8.77e-11
2019-10-26, 19:04:48, 9.86e-13, 8.8e-11
2019-10-26, 19:04:53, 1.01e-12, 8.81e-11
2019-10-26, 19:04:57, 9.78e-13, 8.81e-11
2019-10-26, 19:05:01, 9.21e-13, 8.78e-11
2019-10-26, 19:05:05, 9.49e-13, 8.78e-11
2019-10-26, 19:05:09, 9.9e-13, 8.77e-11
2019-10-26, 19:05:14, 9.39e-13, 8.77e-11
2019-10-26, 19:05:18, 9.67e-13, 8.8e-11
2019-10-26, 19:05:22, 9.75e-13, 8.81e-11
2019-10-26, 19:05:26, 9.61e-13, 8.76e-11
2019-10-26, 19:05:31, 8.65e-13, 8.8e-11
2019-10-26, 19:05:35, 9.41e-13, 8.79e-11
2019-10-26, 19:05:39, 9.83e-13, 8.79e-11
2019-10-26, 19:05:43, 9.7e-13, 8.79e-11
2019-10-26, 19:05:47, 9.58e-13, 8.83e-11
2019-10-26, 19:05:52, 9.63e-13, 8.82e-11
2019-10-26, 19:05:56, 9.23e-13, 8.8e-11
2019-10-26, 19:06:00, 9.12e-13, 8.8e-11
2019-10-26, 19:06:04, 1.08e-12, 8.83e-11
2019-10-26, 19:06:09, 9.37e-13, 8.79e-11
2019-10-26, 19:06:13, 1.02e-12, 8.79e-11
2019-10-26, 19:06:17, 9.77e-13, 8.79e-11
2019-10-26, 19:06:21, 1.03e-12, 8.79e-11
2019-10-26, 19:06:25, 1e-12, 8.82e-11
2019-10-26, 19:06:30, 9.86e-13, 8.78e-11
2019-10-26, 19:06:34, 9.25e-13, 8.8e-11
2019-10-26, 19:06:38, 1.02e-12, 8.78e-11
2019-10-26, 19:06:42, 8.97e-13, 8.79e-11
2019-10-26, 19:06:47, 9.99e-13, 8.79e-11
2019-10-26, 19:06:51, 9.26e-13, 8.82e-11
2019-10-26, 19:06:55, 1.05e-12, 8.82e-11
2019-10-26, 19:06:59, 1.08e-12, 8.79e-11
2019-10-26, 19:07:03, 9.8e-13, 8.8e-11
2019-10-26, 19:07:08, 9.34e-13, 8.81e-11
2019-10-26, 19:07:12, 9.84e-13, 8.76e-11
2019-10-26, 19:07:16, 9.46e-13, 8.76e-11
2019-10-26, 19:07:20, 9.35e-13, 8.78e-11
2019-10-26, 19:07:25, 9.71e-13, 8.8e-11
2019-10-26, 19:07:29, 8.74e-13, 8.79e-11
2019-10-26, 19:07:33, 8.81e-13, 8.8e-11
2019-10-26, 19:07:37, 9.87e-13, 8.77e-11
2019-10-26, 19:07:41, 1.05e-12, 8.78e-11
2019-10-26, 19:07:46, 9.3e-13, 8.78e-11
2019-10-26, 19:07:50, 1.11e-12, 8.82e-11
2019-10-26, 19:07:54, 1.03e-12, 8.8e-11
2019-10-26, 19:07:58, 9.83e-13, 8.79e-11
2019-10-26, 19:08:02, 9.49e-13, 8.79e-11
2019-10-26, 19:08:07, 9.79e-13, 8.8e-11
2019-10-26, 19:08:11, 9.73e-13, 8.81e-11
2019-10-26, 19:08:15, 9.59e-13, 8.8e-11
2019-10-26, 19:08:19, 9.45e-13, 8.79e-11
2019-10-26, 19:08:24, 9.43e-13, 8.79e-11
2019-10-26, 19:08:28, 9.68e-13, 8.82e-11
2019-10-26, 19:08:32, 1e-12, 8.79e-11
2019-10-26, 19:08:36, 9.15e-13, 8.78e-11
2019-10-26, 19:08:40, 9.21e-13, 8.77e-11
2019-10-26, 19:08:45, 9.6e-13, 8.8e-11
2019-10-26, 19:08:49, 9.57e-13, 8.78e-11
2019-10-26, 19:08:53, 9.75e-13, 8.82e-11
2019-10-26, 19:08:57, 1.01e-12, 8.8e-11
2019-10-26, 19:09:02, 1e-12, 8.81e-11
2019-10-26, 19:09:06, 9.57e-13, 8.81e-11
2019-10-26, 19:09:10, 9.67e-13, 8.75e-11
2019-10-26, 19:09:14, 9.49e-13, 8.79e-11
2019-10-26, 19:09:18, 9.97e-13, 8.78e-11
2019-10-26, 19:09:23, 9.52e-13, 8.81e-11
2019-10-26, 19:09:27, 9.85e-13, 8.82e-11
2019-10-26, 19:09:31, 9.21e-13, 8.79e-11
2019-10-26, 19:09:35, 9.2e-13, 8.78e-11
2019-10-26, 19:09:40, 8.8e-13, 8.77e-11
2019-10-26, 19:09:44, 9.24e-13, 8.8e-11
2019-10-26, 19:09:48, 9.83e-13, 8.78e-11
2019-10-26, 19:09:52, 9.43e-13, 8.8e-11
2019-10-26, 19:09:56, 9.37e-13, 8.81e-11
2019-10-26, 19:10:01, 1.12e-12, 8.78e-11
2019-10-26, 19:10:05, 9.82e-13, 8.77e-11
2019-10-26, 19:10:09, 1.01e-12, 8.8e-11
2019-10-26, 19:10:13, 9.79e-13, 8.79e-11
2019-10-26, 19:10:18, 9.8e-13, 8.79e-11
2019-10-26, 19:10:22, 1.01e-12, 8.75e-11
2019-10-26, 19:10:26, 9.62e-13, 8.79e-11
2019-10-26, 19:10:30, 1.02e-12, 8.77e-11
2019-10-26, 19:10:34, 9.39e-13, 8.8e-11
2019-10-26, 19:10:39, 9.56e-13, 8.82e-11
2019-10-26, 19:10:43, 9.27e-13, 8.81e-11
2019-10-26, 19:10:47, 9.96e-13, 8.8e-11
2019-10-26, 19:10:51, 9.75e-13, 8.76e-11
2019-10-26, 19:10:56, 9.49e-13, 8.78e-11
2019-10-26, 19:11:00, 8.43e-13, 8.81e-11
2019-10-26, 19:11:04, 9.91e-13, 8.79e-11
2019-10-26, 19:11:08, 1.01e-12, 8.77e-11
2019-10-26, 19:11:12, 9.34e-13, 8.77e-11
2019-10-26, 19:11:17, 1.01e-12, 8.8e-11
2019-10-26, 19:11:21, 1.03e-12, 8.81e-11
2019-10-26, 19:11:25, 1e-12, 8.77e-11
2019-10-26, 19:11:29, 9.65e-13, 8.79e-11
2019-10-26, 19:11:33, 9.19e-13, 8.73e-11
2019-10-26, 19:11:38, 9.95e-13, 8.77e-11
2019-10-26, 19:11:42, 8.31e-13, 8.8e-11
2019-10-26, 19:11:46, 9.79e-13, 8.75e-11
2019-10-26, 19:11:50, 1.08e-12, 8.78e-11
2019-10-26, 19:11:55, 1.05e-12, 8.77e-11
2019-10-26, 19:11:59, 9.09e-13, 8.8e-11
2019-10-26, 19:12:03, 9.51e-13, 8.77e-11
2019-10-26, 19:12:07, 9.65e-13, 8.79e-11
2019-10-26, 19:12:11, 9.59e-13, 8.77e-11
2019-10-26, 19:12:16, 9.79e-13, 8.78e-11
2019-10-26, 19:12:20, 9.87e-13, 8.79e-11
2019-10-26, 19:12:24, 1.06e-12, 8.8e-11
2019-10-26, 19:12:28, 9.9e-13, 8.73e-11
2019-10-26, 19:12:33, 9.9e-13, 8.78e-11
2019-10-26, 19:12:37, 9.62e-13, 8.77e-11
2019-10-26, 19:12:41, 9.91e-13, 8.81e-11
2019-10-26, 19:12:45, 9.61e-13, 8.8e-11
2019-10-26, 19:12:49, 9.78e-13, 8.78e-11
2019-10-26, 19:12:54, 9.44e-13, 8.8e-11
2019-10-26, 19:12:58, 9.9e-13, 8.79e-11
2019-10-26, 19:13:02, 9.69e-13, 8.8e-11
2019-10-26, 19:13:06, 9.45e-13, 8.8e-11
2019-10-26, 19:13:11, 9.11e-13, 8.78e-11
2019-10-26, 19:13:15, 1e-12, 8.8e-11
2019-10-26, 19:13:19, 9.41e-13, 8.8e-11
2019-10-26, 19:13:23, 9.74e-13, 8.8e-11
2019-10-26, 19:13:27, 9.59e-13, 8.76e-11
2019-10-26, 19:13:32, 9.34e-13, 8.8e-11
2019-10-26, 19:13:36, 9.59e-13, 8.85e-11
2019-10-26, 19:13:40, 1.02e-12, 8.79e-11
2019-10-26, 19:13:44, 9.32e-13, 8.78e-11
2019-10-26, 19:13:49, 1.01e-12, 8.79e-11
2019-10-26, 19:13:53, 9.64e-13, 8.74e-11
2019-10-26, 19:13:57, 9.78e-13, 8.78e-11
2019-10-26, 19:14:01, 9.59e-13, 8.81e-11
2019-10-26, 19:14:05, 1e-12, 8.76e-11
2019-10-26, 19:14:10, 9.44e-13, 8.79e-11
2019-10-26, 19:14:14, 9.03e-13, 8.76e-11
2019-10-26, 19:14:18, 9.62e-13, 8.76e-11
2019-10-26, 19:14:22, 9.48e-13, 8.77e-11
2019-10-26, 19:14:27, 9.57e-13, 8.75e-11
2019-10-26, 19:14:31, 9.67e-13, 8.75e-11
2019-10-26, 19:14:35, 8.98e-13, 8.79e-11
2019-10-26, 19:14:39, 1.07e-12, 8.8e-11
2019-10-26, 19:14:43, 9.78e-13, 8.76e-11
2019-10-26, 19:14:48, 9.7e-13, 8.77e-11
2019-10-26, 19:14:52, 9.68e-13, 8.78e-11
2019-10-26, 19:14:56, 9.18e-13, 8.77e-11
2019-10-26, 19:15:00, 9.89e-13, 8.81e-11
2019-10-26, 19:15:05, 9.74e-13, 8.78e-11
2019-10-26, 19:15:09, 9.11e-13, 8.77e-11
2019-10-26, 19:15:13, 9.03e-13, 8.77e-11
2019-10-26, 19:15:17, 9.49e-13, 8.8e-11
2019-10-26, 19:15:21, 9.21e-13, 8.76e-11
2019-10-26, 19:15:26, 9.39e-13, 8.75e-11
2019-10-26, 19:15:30, 9.76e-13, 8.82e-11
2019-10-26, 19:15:34, 9.44e-13, 8.79e-11
2019-10-26, 19:15:38, 9.29e-13, 8.81e-11
2019-10-26, 19:15:43, 1.09e-12, 8.73e-11
2019-10-26, 19:15:47, 9.52e-13, 8.8e-11
2019-10-26, 19:15:51, 1.05e-12, 8.77e-11
2019-10-26, 19:15:55, 1.03e-12, 8.82e-11
2019-10-26, 19:15:59, 9.55e-13, 8.76e-11
2019-10-26, 19:16:04, 9.59e-13, 8.81e-11
2019-10-26, 19:16:08, 1e-12, 8.81e-11
2019-10-26, 19:16:12, 1.09e-12, 8.78e-11
2019-10-26, 19:16:16, 1.05e-12, 8.78e-11
2019-10-26, 19:16:21, 1.12e-12, 8.79e-11
2019-10-26, 19:16:25, 8.63e-13, 8.78e-11
2019-10-26, 19:16:29, 1.01e-12, 8.79e-11
2019-10-26, 19:16:33, 9.54e-13, 8.83e-11
2019-10-26, 19:16:37, 9.21e-13, 8.77e-11
2019-10-26, 19:16:42, 9.86e-13, 8.78e-11
2019-10-26, 19:16:46, 1.06e-12, 8.81e-11
2019-10-26, 19:16:50, 9.54e-13, 8.74e-11
2019-10-26, 19:16:54, 9.95e-13, 8.82e-11
2019-10-26, 19:16:59, 9.88e-13, 8.76e-11
2019-10-26, 19:17:03, 9.49e-13, 8.77e-11
2019-10-26, 19:17:07, 1.01e-12, 8.79e-11
2019-10-26, 19:17:11, 9.68e-13, 8.77e-11
2019-10-26, 19:17:15, 8.97e-13, 8.8e-11
2019-10-26, 19:17:20, 9.54e-13, 8.78e-11
2019-10-26, 19:17:24, 9.44e-13, 8.8e-11
2019-10-26, 19:17:28, 8.67e-13, 8.78e-11
2019-10-26, 19:17:32, 9.49e-13, 8.78e-11
2019-10-26, 19:17:36, 9.04e-13, 8.82e-11
2019-10-26, 19:17:41, 9.88e-13, 8.79e-11
2019-10-26, 19:17:45, 9.23e-13, 8.81e-11
2019-10-26, 19:17:49, 9.83e-13, 8.77e-11
2019-10-26, 19:17:53, 1.08e-12, 8.79e-11
2019-10-26, 19:17:58, 9.4e-13, 8.74e-11
2019-10-26, 19:18:02, 9.11e-13, 8.79e-11
2019-10-26, 19:18:06, 9.85e-13, 8.78e-11
2019-10-26, 19:18:10, 1.02e-12, 8.79e-11
2019-10-26, 19:18:14, 9.77e-13, 8.78e-11
2019-10-26, 19:18:19, 9.31e-13, 8.81e-11
2019-10-26, 19:18:23, 9.6e-13, 8.81e-11
2019-10-26, 19:18:27, 9.92e-13, 8.8e-11
2019-10-26, 19:18:31, 9.58e-13, 8.79e-11
2019-10-26, 19:18:36, 1.01e-12, 8.79e-11
2019-10-26, 19:18:40, 9.54e-13, 8.82e-11
2019-10-26, 19:18:44, 9.45e-13, 8.81e-11
2019-10-26, 19:18:48, 9.04e-13, 8.78e-11
2019-10-26, 19:18:52, 1.05e-12, 8.77e-11
2019-10-26, 19:18:57, 9.29e-13, 8.8e-11
2019-10-26, 19:19:01, 9.52e-13, 8.79e-11
2019-10-26, 19:19:05, 9.23e-13, 8.81e-11
2019-10-26, 19:19:09, 1.06e-12, 8.8e-11
2019-10-26, 19:19:14, 9.84e-13, 8.8e-11
2019-10-26, 19:19:18, 9.16e-13, 8.78e-11
2019-10-26, 19:19:22, 9.72e-13, 8.81e-11
2019-10-26, 19:19:26, 9.59e-13, 8.77e-11
2019-10-26, 19:19:30, 8.19e-13, 8.79e-11
2019-10-26, 19:19:35, 1.01e-12, 8.8e-11
2019-10-26, 19:19:39, 9.63e-13, 8.8e-11
2019-10-26, 19:19:43, 9.83e-13, 8.76e-11
2019-10-26, 19:19:47, 1.11e-12, 8.8e-11
2019-10-26, 19:19:52, 1.02e-12, 8.8e-11
2019-10-26, 19:19:56, 1.11e-12, 8.8e-11
2019-10-26, 19:20:00, 9.95e-13, 8.78e-11
2019-10-26, 19:20:04, 9.45e-13, 8.82e-11
2019-10-26, 19:20:08, 9.47e-13, 8.81e-11
2019-10-26, 19:20:13, 9.71e-13, 8.77e-11
2019-10-26, 19:20:17, 8.54e-13, 8.8e-11
2019-10-26, 19:20:21, 1.02e-12, 8.79e-11
2019-10-26, 19:20:25, 9.51e-13, 8.78e-11
2019-10-26, 19:20:30, 9.53e-13, 8.82e-11
2019-10-26, 19:20:34, 9.49e-13, 8.79e-11
2019-10-26, 19:20:38, 9.91e-13, 8.75e-11
2019-10-26, 19:20:42, 9.62e-13, 8.78e-11
2019-10-26, 19:20:46, 9.66e-13, 8.79e-11
2019-10-26, 19:20:51, 9.71e-13, 8.81e-11
2019-10-26, 19:20:55, 9.72e-13, 8.81e-11
2019-10-26, 19:20:59, 9.75e-13, 8.8e-11
2019-10-26, 19:21:03, 9.69e-13, 8.79e-11
2019-10-26, 19:21:08, 9.56e-13, 8.81e-11
2019-10-26, 19:21:12, 9.92e-13, 8.79e-11
2019-10-26, 19:21:16, 1.05e-12, 8.76e-11
2019-10-26, 19:21:20, 9.78e-13, 8.77e-11
2019-10-26, 19:21:24, 9.88e-13, 8.82e-11
2019-10-26, 19:21:29, 1.12e-12, 8.78e-11
2019-10-26, 19:21:33, 9.74e-13, 8.81e-11
2019-10-26, 19:21:37, 9.83e-13, 8.81e-11
2019-10-26, 19:21:41, 9.59e-13, 8.84e-11
2019-10-26, 19:21:46, 1.02e-12, 8.81e-11
2019-10-26, 19:21:50, 9.3e-13, 8.8e-11
2019-10-26, 19:21:54, 9.33e-13, 8.74e-11
2019-10-26, 19:21:58, 9.7e-13, 8.78e-11
2019-10-26, 19:22:02, 9.49e-13, 8.79e-11
2019-10-26, 19:22:07, 9.34e-13, 8.79e-11
2019-10-26, 19:22:11, 9.74e-13, 8.79e-11
2019-10-26, 19:22:15, 9.47e-13, 8.81e-11
2019-10-26, 19:22:19, 9.48e-13, 8.8e-11
2019-10-26, 19:22:24, 9.68e-13, 8.79e-11
2019-10-26, 19:22:28, 9.91e-13, 8.78e-11
2019-10-26, 19:22:32, 9.87e-13, 8.82e-11
2019-10-26, 19:22:36, 9.45e-13, 8.84e-11
2019-10-26, 19:22:40, 9.97e-13, 8.81e-11
2019-10-26, 19:22:45, 9.67e-13, 8.76e-11
2019-10-26, 19:22:49, 8.81e-13, 8.79e-11
2019-10-26, 19:22:53, 9.2e-13, 8.8e-11
2019-10-26, 19:22:57, 9.31e-13, 8.81e-11
2019-10-26, 19:23:02, 9.43e-13, 8.83e-11
2019-10-26, 19:23:06, 9.82e-13, 8.79e-11
2019-10-26, 19:23:10, 9.54e-13, 8.8e-11
2019-10-26, 19:23:14, 9.35e-13, 8.83e-11
2019-10-26, 19:23:18, 1.01e-12, 8.79e-11
2019-10-26, 19:23:23, 9.67e-13, 8.84e-11
2019-10-26, 19:23:27, 9.31e-13, 8.84e-11
2019-10-26, 19:23:31, 1.01e-12, 8.84e-11
2019-10-26, 19:23:35, 9.88e-13, 8.81e-11
2019-10-26, 19:23:40, 1e-12, 8.81e-11
2019-10-26, 19:23:44, 9.75e-13, 8.85e-11
2019-10-26, 19:23:48, 9.21e-13, 8.81e-11
2019-10-26, 19:23:52, 9.54e-13, 8.81e-11
2019-10-26, 19:23:56, 9.7e-13, 8.83e-11
2019-10-26, 19:24:01, 9.68e-13, 8.81e-11
2019-10-26, 19:24:05, 9.47e-13, 8.77e-11
2019-10-26, 19:24:09, 9.11e-13, 8.8e-11
2019-10-26, 19:24:13, 9.82e-13, 8.79e-11
2019-10-26, 19:24:18, 9.85e-13, 8.79e-11
2019-10-26, 19:24:22, 9.11e-13, 8.81e-11
2019-10-26, 19:24:26, 9.7e-13, 8.8e-11
2019-10-26, 19:24:30, 1.01e-12, 8.81e-11
2019-10-26, 19:24:34, 9.36e-13, 8.81e-11
2019-10-26, 19:24:39, 9.67e-13, 8.85e-11
2019-10-26, 19:24:43, 8.45e-13, 8.8e-11
2019-10-26, 19:24:47, 1.03e-12, 8.8e-11
2019-10-26, 19:24:51, 8.42e-13, 8.79e-11
2019-10-26, 19:24:56, 8.47e-13, 8.78e-11
2019-10-26, 19:25:00, 9.33e-13, 8.81e-11
2019-10-26, 19:25:04, 9.81e-13, 8.78e-11
2019-10-26, 19:25:08, 1.01e-12, 8.82e-11
2019-10-26, 19:25:12, 9.41e-13, 8.79e-11
2019-10-26, 19:25:17, 9.29e-13, 8.8e-11
2019-10-26, 19:25:21, 8e-13, 8.79e-11
2019-10-26, 19:25:25, 9.41e-13, 8.79e-11
2019-10-26, 19:25:29, 9.48e-13, 8.82e-11
2019-10-26, 19:25:34, 9.07e-13, 8.81e-11
2019-10-26, 19:25:38, 9.8e-13, 8.8e-11
2019-10-26, 19:25:42, 9.61e-13, 8.83e-11
2019-10-26, 19:25:46, 9.57e-13, 8.79e-11
2019-10-26, 19:25:50, 8.97e-13, 8.84e-11
2019-10-26, 19:25:55, 9.91e-13, 8.8e-11
2019-10-26, 19:25:59, 1.02e-12, 8.83e-11
2019-10-26, 19:26:03, 9.96e-13, 8.81e-11
2019-10-26, 19:26:07, 9.93e-13, 8.8e-11
2019-10-26, 19:26:12, 1.14e-12, 8.84e-11
2019-10-26, 19:26:16, 9.03e-13, 8.8e-11
2019-10-26, 19:26:20, 9.13e-13, 8.83e-11
2019-10-26, 19:26:24, 9.6e-13, 8.79e-11
2019-10-26, 19:26:28, 9.56e-13, 8.84e-11
2019-10-26, 19:26:33, 8.56e-13, 8.85e-11
2019-10-26, 19:26:37, 9.14e-13, 8.81e-11
2019-10-26, 19:26:41, 9.42e-13, 8.82e-11
2019-10-26, 19:26:45, 9.33e-13, 8.81e-11
2019-10-26, 19:26:49, 1.08e-12, 8.81e-11
2019-10-26, 19:26:54, 9.44e-13, 8.86e-11
2019-10-26, 19:26:58, 8.93e-13, 8.83e-11
2019-10-26, 19:27:02, 1.03e-12, 8.8e-11
2019-10-26, 19:27:06, 9.19e-13, 8.81e-11
2019-10-26, 19:27:11, 9.73e-13, 8.83e-11
2019-10-26, 19:27:15, 9.93e-13, 8.83e-11
2019-10-26, 19:27:19, 1.11e-12, 8.82e-11
2019-10-26, 19:27:23, 9.57e-13, 8.84e-11
2019-10-26, 19:27:27, 1.01e-12, 8.79e-11
2019-10-26, 19:27:32, 9.69e-13, 8.79e-11
2019-10-26, 19:27:36, 1e-12, 8.85e-11
2019-10-26, 19:27:40, 9.54e-13, 8.84e-11
2019-10-26, 19:27:44, 9.31e-13, 8.83e-11
2019-10-26, 19:27:49, 9.75e-13, 8.82e-11
2019-10-26, 19:27:53, 1.03e-12, 8.8e-11
2019-10-26, 19:27:57, 1.01e-12, 8.85e-11
2019-10-26, 19:28:01, 9.34e-13, 8.79e-11
2019-10-26, 19:28:05, 1e-12, 8.83e-11
2019-10-26, 19:28:10, 1.02e-12, 8.83e-11
2019-10-26, 19:28:14, 1.09e-12, 8.84e-11
2019-10-26, 19:28:18, 9.62e-13, 8.8e-11
2019-10-26, 19:28:22, 9.87e-13, 8.81e-11
2019-10-26, 19:28:27, 9.76e-13, 8.81e-11
2019-10-26, 19:28:31, 9.38e-13, 8.81e-11
2019-10-26, 19:28:35, 9.83e-13, 8.8e-11
2019-10-26, 19:28:39, 9.63e-13, 8.77e-11
2019-10-26, 19:28:43, 9.73e-13, 8.8e-11
2019-10-26, 19:28:48, 9.52e-13, 8.8e-11
2019-10-26, 19:28:52, 9.26e-13, 8.82e-11
2019-10-26, 19:28:56, 9.42e-13, 8.83e-11
2019-10-26, 19:29:00, 9.67e-13, 8.81e-11
2019-10-26, 19:29:05, 9.18e-13, 8.77e-11
2019-10-26, 19:29:09, 9.85e-13, 8.77e-11
2019-10-26, 19:29:13, 9.25e-13, 8.81e-11
2019-10-26, 19:29:17, 1.01e-12, 8.8e-11
2019-10-26, 19:29:21, 9.36e-13, 8.77e-11
2019-10-26, 19:29:26, 9.86e-13, 8.8e-11
2019-10-26, 19:29:30, 9.23e-13, 8.8e-11
2019-10-26, 19:29:34, 9.42e-13, 8.8e-11
2019-10-26, 19:29:38, 1.02e-12, 8.81e-11
2019-10-26, 19:29:43, 8.33e-13, 8.76e-11
2019-10-26, 19:29:47, 9.94e-13, 8.79e-11
2019-10-26, 19:29:51, 1e-12, 8.79e-11
2019-10-26, 19:29:55, 1.03e-12, 8.8e-11
2019-10-26, 19:29:59, 1.03e-12, 8.79e-11
2019-10-26, 19:30:04, 9.5e-13, 8.78e-11
2019-10-26, 19:30:08, 9.34e-13, 8.83e-11
2019-10-26, 19:30:12, 1.05e-12, 8.78e-11
2019-10-26, 19:30:17, 9.22e-13, 8.83e-11
2019-10-26, 19:30:21, 1.03e-12, 8.77e-11
2019-10-26, 19:30:25, 9.53e-13, 8.76e-11
2019-10-26, 19:30:29, 1.04e-12, 8.81e-11
2019-10-26, 19:30:33, 1.08e-12, 8.85e-11
2019-10-26, 19:30:38, 9.16e-13, 8.83e-11
2019-10-26, 19:30:42, 9.73e-13, 8.79e-11
2019-10-26, 19:30:46, 9.73e-13, 8.78e-11
2019-10-26, 19:30:50, 1.02e-12, 8.79e-11
2019-10-26, 19:30:55, 1.03e-12, 8.8e-11
2019-10-26, 19:30:59, 9.44e-13, 8.83e-11
2019-10-26, 19:31:03, 9.52e-13, 8.82e-11
2019-10-26, 19:31:07, 9.8e-13, 8.8e-11
2019-10-26, 19:31:11, 9.62e-13, 8.8e-11
2019-10-26, 19:31:16, 9.2e-13, 8.87e-11
2019-10-26, 19:31:20, 9.33e-13, 8.82e-11
2019-10-26, 19:31:24, 9.55e-13, 8.87e-11
2019-10-26, 19:31:28, 8.98e-13, 8.79e-11
2019-10-26, 19:31:33, 9.29e-13, 8.83e-11
2019-10-26, 19:31:37, 9.6e-13, 8.82e-11
2019-10-26, 19:31:41, 9.32e-13, 8.81e-11
2019-10-26, 19:31:45, 9.55e-13, 8.85e-11
2019-10-26, 19:31:49, 1.09e-12, 8.85e-11
2019-10-26, 19:31:54, 9.49e-13, 8.8e-11
2019-10-26, 19:31:58, 9.5e-13, 8.83e-11
2019-10-26, 19:32:02, 8.63e-13, 8.81e-11
2019-10-26, 19:32:06, 9.36e-13, 8.84e-11
2019-10-26, 19:32:11, 9.53e-13, 8.78e-11
2019-10-26, 19:32:15, 9.32e-13, 8.82e-11
2019-10-26, 19:32:19, 9.29e-13, 8.83e-11
2019-10-26, 19:32:23, 9.77e-13, 8.82e-11
2019-10-26, 19:32:27, 1.01e-12, 8.85e-11
2019-10-26, 19:32:32, 9.85e-13, 8.82e-11
2019-10-26, 19:32:36, 9.26e-13, 8.82e-11
2019-10-26, 19:32:40, 1.04e-12, 8.79e-11
2019-10-26, 19:32:44, 1.05e-12, 8.82e-11
2019-10-26, 19:32:49, 1.01e-12, 8.82e-11
2019-10-26, 19:32:53, 1.01e-12, 8.8e-11
2019-10-26, 19:32:57, 9.33e-13, 8.73e-11
2019-10-26, 19:33:01, 1e-12, 8.8e-11
2019-10-26, 19:33:06, 8.86e-13, 8.79e-11
2019-10-26, 19:33:10, 9.72e-13, 8.83e-11
2019-10-26, 19:33:14, 9.71e-13, 8.83e-11
2019-10-26, 19:33:18, 9.61e-13, 8.8e-11
2019-10-26, 19:33:22, 9.56e-13, 8.83e-11
2019-10-26, 19:33:27, 9.7e-13, 8.83e-11
2019-10-26, 19:33:31, 9.77e-13, 8.85e-11
2019-10-26, 19:33:35, 9.97e-13, 8.85e-11
2019-10-26, 19:33:39, 9.42e-13, 8.79e-11
2019-10-26, 19:33:43, 1.04e-12, 8.81e-11
2019-10-26, 19:33:48, 9.79e-13, 8.82e-11
2019-10-26, 19:33:52, 9.8e-13, 8.8e-11
2019-10-26, 19:33:56, 9.7e-13, 8.83e-11
2019-10-26, 19:34:00, 1.01e-12, 8.79e-11
2019-10-26, 19:34:05, 9.81e-13, 8.79e-11
2019-10-26, 19:34:09, 1.07e-12, 8.79e-11
2019-10-26, 19:34:13, 8.97e-13, 8.8e-11
2019-10-26, 19:34:17, 9.56e-13, 8.8e-11
2019-10-26, 19:34:21, 9.46e-13, 8.79e-11
2019-10-26, 19:34:26, 8.97e-13, 8.8e-11
2019-10-26, 19:34:30, 1.1e-12, 8.84e-11
2019-10-26, 19:34:34, 9.45e-13, 8.78e-11
2019-10-26, 19:34:38, 9.28e-13, 8.8e-11
2019-10-26, 19:34:43, 9.97e-13, 8.81e-11
2019-10-26, 19:34:47, 9.49e-13, 8.82e-11
2019-10-26, 19:34:51, 9.17e-13, 8.82e-11
2019-10-26, 19:34:55, 9.46e-13, 8.81e-11
2019-10-26, 19:34:59, 1.06e-12, 8.83e-11
2019-10-26, 19:35:04, 9.84e-13, 8.84e-11
2019-10-26, 19:35:08, 1e-12, 8.83e-11
2019-10-26, 19:35:12, 9.26e-13, 8.79e-11
2019-10-26, 19:35:16, 1.01e-12, 8.8e-11
2019-10-26, 19:35:21, 9.55e-13, 8.82e-11
2019-10-26, 19:35:25, 8.87e-13, 8.83e-11
2019-10-26, 19:35:29, 1.01e-12, 8.78e-11
2019-10-26, 19:35:33, 8.93e-13, 8.79e-11
2019-10-26, 19:35:37, 8.67e-13, 8.8e-11
2019-10-26, 19:35:42, 9.41e-13, 8.82e-11
2019-10-26, 19:35:46, 9.49e-13, 8.81e-11
2019-10-26, 19:35:50, 1.06e-12, 8.83e-11
2019-10-26, 19:35:54, 9.92e-13, 8.82e-11
2019-10-26, 19:35:59, 9.98e-13, 8.87e-11
2019-10-26, 19:36:03, 1.03e-12, 8.84e-11
2019-10-26, 19:36:07, 9.32e-13, 8.85e-11
2019-10-26, 19:36:11, 1.02e-12, 8.85e-11
2019-10-26, 19:36:15, 9.35e-13, 8.82e-11
2019-10-26, 19:36:20, 9.55e-13, 8.85e-11
2019-10-26, 19:36:24, 9.15e-13, 8.86e-11
2019-10-26, 19:36:28, 9.67e-13, 8.84e-11
2019-10-26, 19:36:32, 9.51e-13, 8.83e-11
2019-10-26, 19:36:37, 9.4e-13, 8.81e-11
2019-10-26, 19:36:41, 1.02e-12, 8.79e-11
2019-10-26, 19:36:45, 8.89e-13, 8.82e-11
2019-10-26, 19:36:49, 9.49e-13, 8.83e-11
2019-10-26, 19:36:53, 9.66e-13, 8.8e-11
2019-10-26, 19:36:58, 9.67e-13, 8.78e-11
2019-10-26, 19:37:02, 9.56e-13, 8.79e-11
2019-10-26, 19:37:06, 1.02e-12, 8.79e-11
2019-10-26, 19:37:10, 1.13e-12, 8.81e-11
2019-10-26, 19:37:14, 8.67e-13, 8.79e-11
2019-10-26, 19:37:19, 9.24e-13, 8.78e-11
2019-10-26, 19:37:23, 8.93e-13, 8.84e-11
2019-10-26, 19:37:27, 8.79e-13, 8.78e-11
2019-10-26, 19:37:31, 9.43e-13, 8.8e-11
2019-10-26, 19:37:36, 9.96e-13, 8.82e-11
2019-10-26, 19:37:40, 9.44e-13, 8.81e-11
2019-10-26, 19:37:44, 1.07e-12, 8.81e-11
2019-10-26, 19:37:48, 9.25e-13, 8.78e-11
2019-10-26, 19:37:52, 9.93e-13, 8.8e-11
2019-10-26, 19:37:57, 9.99e-13, 8.82e-11
2019-10-26, 19:38:01, 9.61e-13, 8.83e-11
2019-10-26, 19:38:05, 8.8e-13, 8.84e-11
2019-10-26, 19:38:09, 1.05e-12, 8.85e-11
2019-10-26, 19:38:14, 1.09e-12, 8.82e-11
2019-10-26, 19:38:18, 9.54e-13, 8.79e-11
2019-10-26, 19:38:22, 9.72e-13, 8.81e-11
2019-10-26, 19:38:26, 1.16e-12, 8.79e-11
2019-10-26, 19:38:30, 9.41e-13, 8.79e-11
2019-10-26, 19:38:35, 9.41e-13, 8.82e-11
2019-10-26, 19:38:39, 9.87e-13, 8.77e-11
2019-10-26, 19:38:43, 9.85e-13, 8.8e-11
2019-10-26, 19:38:47, 9.29e-13, 8.78e-11
2019-10-26, 19:38:52, 9.91e-13, 8.81e-11
2019-10-26, 19:38:56, 9.89e-13, 8.79e-11
2019-10-26, 19:39:00, 9.17e-13, 8.81e-11
2019-10-26, 19:39:04, 9.82e-13, 8.86e-11
2019-10-26, 19:39:08, 1.02e-12, 8.81e-11
2019-10-26, 19:39:13, 9.85e-13, 8.84e-11
2019-10-26, 19:39:17, 9.26e-13, 8.84e-11
2019-10-26, 19:39:21, 9.32e-13, 8.81e-11
2019-10-26, 19:39:25, 1.05e-12, 8.86e-11
2019-10-26, 19:39:30, 9.6e-13, 8.84e-11
2019-10-26, 19:39:34, 9.74e-13, 8.85e-11
2019-10-26, 19:39:38, 9.95e-13, 8.84e-11
2019-10-26, 19:39:42, 9.82e-13, 8.81e-11
2019-10-26, 19:39:46, 9.8e-13, 8.84e-11
2019-10-26, 19:39:51, 9.44e-13, 8.83e-11
2019-10-26, 19:39:55, 9.32e-13, 8.82e-11
2019-10-26, 19:39:59, 9.97e-13, 8.82e-11
2019-10-26, 19:40:03, 1.02e-12, 8.81e-11
2019-10-26, 19:40:08, 9.44e-13, 8.83e-11
2019-10-26, 19:40:12, 9.43e-13, 8.85e-11
2019-10-26, 19:40:16, 9.48e-13, 8.81e-11
2019-10-26, 19:40:20, 9.35e-13, 8.8e-11
2019-10-26, 19:40:24, 8.99e-13, 8.84e-11
2019-10-26, 19:40:29, 9.22e-13, 8.79e-11
2019-10-26, 19:40:33, 1.07e-12, 8.8e-11
2019-10-26, 19:40:37, 9.69e-13, 8.82e-11
2019-10-26, 19:40:41, 9.14e-13, 8.78e-11
2019-10-26, 19:40:45, 9.68e-13, 8.81e-11
2019-10-26, 19:40:50, 9.98e-13, 8.8e-11
2019-10-26, 19:40:54, 9.45e-13, 8.8e-11
2019-10-26, 19:40:58, 9.61e-13, 8.83e-11
2019-10-26, 19:41:02, 9.5e-13, 8.78e-11
2019-10-26, 19:41:07, 9.76e-13, 8.79e-11
2019-10-26, 19:41:11, 9.3e-13, 8.81e-11
2019-10-26, 19:41:15, 9.8e-13, 8.81e-11
2019-10-26, 19:41:19, 1.04e-12, 8.78e-11
2019-10-26, 19:41:23, 9.42e-13, 8.81e-11
2019-10-26, 19:41:28, 9.48e-13, 8.76e-11
2019-10-26, 19:41:32, 9.71e-13, 8.78e-11
2019-10-26, 19:41:36, 9.21e-13, 8.76e-11
2019-10-26, 19:41:40, 9.87e-13, 8.82e-11
2019-10-26, 19:41:45, 9.74e-13, 8.83e-11
2019-10-26, 19:41:49, 9.64e-13, 8.8e-11
2019-10-26, 19:41:53, 1.02e-12, 8.79e-11
2019-10-26, 19:41:57, 9.63e-13, 8.83e-11
2019-10-26, 19:42:01, 1.04e-12, 8.8e-11
2019-10-26, 19:42:06, 9.86e-13, 8.83e-11
2019-10-26, 19:42:10, 1e-12, 8.83e-11
2019-10-26, 19:42:14, 9.92e-13, 8.79e-11
2019-10-26, 19:42:18, 9.34e-13, 8.75e-11
2019-10-26, 19:42:23, 9.37e-13, 8.78e-11
2019-10-26, 19:42:27, 8.97e-13, 8.82e-11
2019-10-26, 19:42:31, 1.03e-12, 8.85e-11
2019-10-26, 19:42:35, 9.65e-13, 8.81e-11
2019-10-26, 19:42:39, 1.11e-12, 8.83e-11
2019-10-26, 19:42:44, 1.04e-12, 8.79e-11
2019-10-26, 19:42:48, 9.59e-13, 8.82e-11
2019-10-26, 19:42:52, 9.96e-13, 8.82e-11
2019-10-26, 19:42:56, 9.35e-13, 8.79e-11
2019-10-26, 19:43:01, 9.88e-13, 8.82e-11
2019-10-26, 19:43:05, 1.01e-12, 8.84e-11
2019-10-26, 19:43:09, 9.99e-13, 8.82e-11
2019-10-26, 19:43:13, 9.61e-13, 8.83e-11
2019-10-26, 19:43:17, 9.86e-13, 8.87e-11
2019-10-26, 19:43:22, 1.13e-12, 8.84e-11
2019-10-26, 19:43:26, 8.77e-13, 8.83e-11
2019-10-26, 19:43:30, 9.95e-13, 8.81e-11
2019-10-26, 19:43:35, 1.06e-12, 8.82e-11
2019-10-26, 19:43:39, 1.08e-12, 8.82e-11
2019-10-26, 19:43:43, 1.02e-12, 8.81e-11
2019-10-26, 19:43:47, 9.66e-13, 8.82e-11
2019-10-26, 19:43:51, 9.38e-13, 8.83e-11
2019-10-26, 19:43:56, 1e-12, 8.78e-11
2019-10-26, 19:44:00, 9.95e-13, 8.77e-11
2019-10-26, 19:44:04, 9.93e-13, 8.77e-11
2019-10-26, 19:44:08, 9.43e-13, 8.81e-11
2019-10-26, 19:44:13, 9.46e-13, 8.78e-11
2019-10-26, 19:44:17, 9.51e-13, 8.79e-11
2019-10-26, 19:44:21, 9.99e-13, 8.82e-11
2019-10-26, 19:44:25, 9.44e-13, 8.81e-11
2019-10-26, 19:44:29, 1.05e-12, 8.8e-11
2019-10-26, 19:44:34, 9.67e-13, 8.83e-11
2019-10-26, 19:44:38, 9.19e-13, 8.81e-11
2019-10-26, 19:44:42, 9.17e-13, 8.83e-11
2019-10-26, 19:44:46, 9.54e-13, 8.87e-11
2019-10-26, 19:44:51, 9.85e-13, 8.8e-11
2019-10-26, 19:44:55, 8.73e-13, 8.82e-11
2019-10-26, 19:44:59, 9.95e-13, 8.83e-11
2019-10-26, 19:45:03, 9.94e-13, 8.86e-11
2019-10-26, 19:45:07, 9.76e-13, 8.83e-11
2019-10-26, 19:45:12, 9.42e-13, 8.82e-11
2019-10-26, 19:45:16, 1e-12, 8.84e-11
2019-10-26, 19:45:20, 9.67e-13, 8.8e-11
2019-10-26, 19:45:24, 1.05e-12, 8.83e-11
2019-10-26, 19:45:29, 9.96e-13, 8.84e-11
2019-10-26, 19:45:33, 9.17e-13, 8.84e-11
2019-10-26, 19:45:37, 9.16e-13, 8.8e-11
2019-10-26, 19:45:41, 9.52e-13, 8.83e-11
2019-10-26, 19:45:45, 1.06e-12, 8.83e-11
2019-10-26, 19:45:50, 9.33e-13, 8.77e-11
2019-10-26, 19:45:54, 9.54e-13, 8.81e-11
2019-10-26, 19:45:58, 8.56e-13, 8.78e-11
2019-10-26, 19:46:02, 9.97e-13, 8.82e-11
2019-10-26, 19:46:06, 9.37e-13, 8.82e-11
2019-10-26, 19:46:11, 9.39e-13, 8.74e-11
2019-10-26, 19:46:15, 9.53e-13, 8.8e-11
2019-10-26, 19:46:19, 1.06e-12, 8.81e-11
2019-10-26, 19:46:23, 1.01e-12, 8.81e-11
2019-10-26, 19:46:28, 9.2e-13, 8.86e-11
2019-10-26, 19:46:32, 1.04e-12, 8.81e-11
2019-10-26, 19:46:36, 9.39e-13, 8.8e-11
2019-10-26, 19:46:40, 1e-12, 8.81e-11
2019-10-26, 19:46:44, 1.11e-12, 8.84e-11
2019-10-26, 19:46:49, 9.36e-13, 8.84e-11
2019-10-26, 19:46:53, 9.36e-13, 8.79e-11
2019-10-26, 19:46:57, 9.73e-13, 8.78e-11
2019-10-26, 19:47:01, 9.54e-13, 8.8e-11
2019-10-26, 19:47:06, 9.83e-13, 8.82e-11
2019-10-26, 19:47:10, 1e-12, 8.81e-11
2019-10-26, 19:47:14, 9.62e-13, 8.8e-11
2019-10-26, 19:47:18, 9.85e-13, 8.81e-11
2019-10-26, 19:47:22, 1.01e-12, 8.8e-11
2019-10-26, 19:47:27, 9.81e-13, 8.83e-11
2019-10-26, 19:47:31, 8.87e-13, 8.88e-11
2019-10-26, 19:47:35, 9.88e-13, 8.82e-11
2019-10-26, 19:47:39, 1.03e-12, 8.82e-11
2019-10-26, 19:47:44, 9.48e-13, 8.82e-11
2019-10-26, 19:47:48, 9.84e-13, 8.81e-11
2019-10-26, 19:47:52, 9.57e-13, 8.83e-11
2019-10-26, 19:47:56, 9.9e-13, 8.81e-11
2019-10-26, 19:48:00, 1.04e-12, 8.84e-11
2019-10-26, 19:48:05, 9.69e-13, 8.83e-11
2019-10-26, 19:48:09, 9.23e-13, 8.82e-11
2019-10-26, 19:48:13, 9.54e-13, 8.86e-11
2019-10-26, 19:48:17, 8.92e-13, 8.81e-11
2019-10-26, 19:48:22, 9.49e-13, 8.83e-11
2019-10-26, 19:48:26, 9.34e-13, 8.78e-11
2019-10-26, 19:48:30, 9.56e-13, 8.78e-11
2019-10-26, 19:48:34, 9.05e-13, 8.8e-11
2019-10-26, 19:48:38, 9.89e-13, 8.8e-11
2019-10-26, 19:48:43, 1.13e-12, 8.85e-11
2019-10-26, 19:48:47, 9.35e-13, 8.81e-11
2019-10-26, 19:48:51, 1.03e-12, 8.8e-11
2019-10-26, 19:48:55, 9.86e-13, 8.78e-11
2019-10-26, 19:49:00, 9.19e-13, 8.78e-11
2019-10-26, 19:49:04, 9.29e-13, 8.8e-11
2019-10-26, 19:49:08, 1.01e-12, 8.8e-11
2019-10-26, 19:49:12, 9.76e-13, 8.82e-11
2019-10-26, 19:49:17, 9.42e-13, 8.8e-11
2019-10-26, 19:49:21, 1.07e-12, 8.77e-11
2019-10-26, 19:49:25, 9.36e-13, 8.79e-11
2019-10-26, 19:49:29, 9.71e-13, 8.77e-11
2019-10-26, 19:49:33, 9.71e-13, 8.78e-11
2019-10-26, 19:49:38, 1.1e-12, 8.8e-11
2019-10-26, 19:49:42, 9.68e-13, 8.79e-11
2019-10-26, 19:49:46, 1.02e-12, 8.81e-11
2019-10-26, 19:49:50, 9.31e-13, 8.81e-11
2019-10-26, 19:49:54, 9.19e-13, 8.81e-11
2019-10-26, 19:49:59, 9.5e-13, 8.78e-11
2019-10-26, 19:50:03, 9.64e-13, 8.78e-11
2019-10-26, 19:50:07, 9.68e-13, 8.79e-11
2019-10-26, 19:50:11, 1e-12, 8.86e-11
2019-10-26, 19:50:16, 9.24e-13, 8.78e-11
2019-10-26, 19:50:20, 1.17e-12, 8.76e-11
2019-10-26, 19:50:24, 9.93e-13, 8.76e-11
2019-10-26, 19:50:28, 9.37e-13, 8.82e-11
2019-10-26, 19:50:32, 1.09e-12, 8.83e-11
2019-10-26, 19:50:37, 9.46e-13, 8.81e-11
2019-10-26, 19:50:41, 9.8e-13, 8.81e-11
2019-10-26, 19:50:45, 9.71e-13, 8.8e-11
2019-10-26, 19:50:49, 8.12e-13, 8.84e-11
2019-10-26, 19:50:54, 9.56e-13, 8.84e-11
2019-10-26, 19:50:58, 9.23e-13, 8.86e-11
2019-10-26, 19:51:02, 9.8e-13, 8.81e-11
2019-10-26, 19:51:06, 8.9e-13, 8.81e-11
2019-10-26, 19:51:10, 1.01e-12, 8.8e-11
2019-10-26, 19:51:15, 9.7e-13, 8.83e-11
2019-10-26, 19:51:19, 1.2e-12, 8.81e-11
2019-10-26, 19:51:23, 9.7e-13, 8.81e-11
2019-10-26, 19:51:27, 9.36e-13, 8.8e-11
2019-10-26, 19:51:32, 9.35e-13, 8.83e-11
2019-10-26, 19:51:36, 1e-12, 8.83e-11
2019-10-26, 19:51:40, 9.38e-13, 8.81e-11
2019-10-26, 19:51:44, 9.31e-13, 8.83e-11
2019-10-26, 19:51:48, 9.24e-13, 8.82e-11
2019-10-26, 19:51:53, 9.76e-13, 8.87e-11
2019-10-26, 19:51:57, 9.42e-13, 8.8e-11
2019-10-26, 19:52:01, 1.04e-12, 8.83e-11
2019-10-26, 19:52:05, 9.34e-13, 8.82e-11
2019-10-26, 19:52:10, 9.47e-13, 8.79e-11
2019-10-26, 19:52:14, 9.77e-13, 8.82e-11
2019-10-26, 19:52:18, 9.07e-13, 8.83e-11
2019-10-26, 19:52:22, 8.64e-13, 8.85e-11
2019-10-26, 19:52:26, 9.29e-13, 8.84e-11
2019-10-26, 19:52:31, 9.55e-13, 8.8e-11
2019-10-26, 19:52:35, 9.39e-13, 8.82e-11
2019-10-26, 19:52:39, 9.73e-13, 8.86e-11
2019-10-26, 19:52:43, 9.08e-13, 8.82e-11
2019-10-26, 19:52:48, 1.04e-12, 8.83e-11
2019-10-26, 19:52:52, 9.74e-13, 8.82e-11
2019-10-26, 19:52:56, 9.5e-13, 8.83e-11
2019-10-26, 19:53:00, 9.68e-13, 8.77e-11
2019-10-26, 19:53:04, 9.58e-13, 8.78e-11
2019-10-26, 19:53:09, 9.61e-13, 8.79e-11
2019-10-26, 19:53:13, 9.39e-13, 8.8e-11
2019-10-26, 19:53:17, 1.01e-12, 8.79e-11
2019-10-26, 19:53:21, 9.41e-13, 8.79e-11
2019-10-26, 19:53:26, 9.61e-13, 8.82e-11
2019-10-26, 19:53:30, 9.65e-13, 8.76e-11
2019-10-26, 19:53:34, 9.64e-13, 8.76e-11
2019-10-26, 19:53:38, 9.08e-13, 8.81e-11
2019-10-26, 19:53:42, 9.64e-13, 8.75e-11
2019-10-26, 19:53:47, 9.59e-13, 8.82e-11
2019-10-26, 19:53:51, 9.17e-13, 8.8e-11
2019-10-26, 19:53:55, 9.25e-13, 8.84e-11
2019-10-26, 19:53:59, 9.74e-13, 8.79e-11
2019-10-26, 19:54:04, 9.86e-13, 8.79e-11
2019-10-26, 19:54:08, 9.83e-13, 8.78e-11
2019-10-26, 19:54:12, 1.01e-12, 8.78e-11
2019-10-26, 19:54:16, 9.77e-13, 8.76e-11
2019-10-26, 19:54:20, 9.23e-13, 8.79e-11
2019-10-26, 19:54:25, 9.78e-13, 8.76e-11
2019-10-26, 19:54:29, 1e-12, 8.79e-11
2019-10-26, 19:54:33, 1.06e-12, 8.79e-11
2019-10-26, 19:54:37, 9.65e-13, 8.78e-11
2019-10-26, 19:54:42, 9.89e-13, 8.82e-11
2019-10-26, 19:54:46, 9.55e-13, 8.79e-11
2019-10-26, 19:54:50, 1.03e-12, 8.81e-11
2019-10-26, 19:54:54, 1.06e-12, 8.77e-11
2019-10-26, 19:54:58, 9.7e-13, 8.83e-11
2019-10-26, 19:55:03, 9.48e-13, 8.8e-11
2019-10-26, 19:55:07, 9.87e-13, 8.84e-11
2019-10-26, 19:55:11, 8.86e-13, 8.8e-11
2019-10-26, 19:55:15, 9.85e-13, 8.81e-11
2019-10-26, 19:55:20, 9.23e-13, 8.81e-11
2019-10-26, 19:55:24, 9.62e-13, 8.86e-11
2019-10-26, 19:55:28, 1.02e-12, 8.83e-11
2019-10-26, 19:55:32, 9.93e-13, 8.82e-11
2019-10-26, 19:55:36, 9.97e-13, 8.8e-11
2019-10-26, 19:55:41, 1.02e-12, 8.81e-11
2019-10-26, 19:55:45, 9.58e-13, 8.82e-11
2019-10-26, 19:55:49, 9.62e-13, 8.81e-11
2019-10-26, 19:55:53, 9.45e-13, 8.86e-11
2019-10-26, 19:55:58, 9.61e-13, 8.86e-11
2019-10-26, 19:56:02, 1.02e-12, 8.81e-11
2019-10-26, 19:56:06, 9.09e-13, 8.81e-11
2019-10-26, 19:56:10, 9.63e-13, 8.81e-11
2019-10-26, 19:56:14, 8.39e-13, 8.83e-11
2019-10-26, 19:56:19, 9.6e-13, 8.85e-11
2019-10-26, 19:56:23, 9.25e-13, 8.8e-11
2019-10-26, 19:56:27, 9.76e-13, 8.79e-11
2019-10-26, 19:56:31, 9.36e-13, 8.82e-11
2019-10-26, 19:56:36, 9.7e-13, 8.82e-11
2019-10-26, 19:56:40, 1.02e-12, 8.82e-11
2019-10-26, 19:56:44, 9.23e-13, 8.79e-11
2019-10-26, 19:56:48, 8.91e-13, 8.84e-11
2019-10-26, 19:56:52, 9.65e-13, 8.82e-11
2019-10-26, 19:56:57, 1.15e-12, 8.8e-11
2019-10-26, 19:57:01, 9.35e-13, 8.83e-11
2019-10-26, 19:57:05, 9.38e-13, 8.8e-11
2019-10-26, 19:57:09, 1.02e-12, 8.79e-11
2019-10-26, 19:57:14, 9.82e-13, 8.8e-11
2019-10-26, 19:57:18, 9.46e-13, 8.78e-11
2019-10-26, 19:57:22, 1.07e-12, 8.81e-11
2019-10-26, 19:57:26, 1.08e-12, 8.78e-11
2019-10-26, 19:57:30, 1.06e-12, 8.76e-11
2019-10-26, 19:57:35, 9.94e-13, 8.79e-11
2019-10-26, 19:57:39, 9.85e-13, 8.8e-11
2019-10-26, 19:57:43, 9.47e-13, 8.78e-11
2019-10-26, 19:57:47, 9.68e-13, 8.76e-11
2019-10-26, 19:57:52, 9.51e-13, 8.8e-11
2019-10-26, 19:57:56, 9.57e-13, 8.77e-11
2019-10-26, 19:58:00, 9.29e-13, 8.79e-11
2019-10-26, 19:58:04, 9.41e-13, 8.79e-11
2019-10-26, 19:58:08, 9.4e-13, 8.8e-11
2019-10-26, 19:58:13, 8.73e-13, 8.78e-11
2019-10-26, 19:58:17, 9.75e-13, 8.85e-11
2019-10-26, 19:58:21, 9.48e-13, 8.83e-11
2019-10-26, 19:58:25, 9.51e-13, 8.79e-11
2019-10-26, 19:58:30, 9.59e-13, 8.82e-11
2019-10-26, 19:58:34, 9.76e-13, 8.82e-11
2019-10-26, 19:58:38, 9.59e-13, 8.79e-11
2019-10-26, 19:58:42, 9.54e-13, 8.82e-11
2019-10-26, 19:58:46, 9.93e-13, 8.82e-11
2019-10-26, 19:58:51, 8.82e-13, 8.81e-11
2019-10-26, 19:58:55, 9.24e-13, 8.84e-11
2019-10-26, 19:58:59, 8.95e-13, 8.77e-11
2019-10-26, 19:59:03, 9.82e-13, 8.79e-11
2019-10-26, 19:59:07, 9.95e-13, 8.78e-11
2019-10-26, 19:59:12, 9.55e-13, 8.79e-11
2019-10-26, 19:59:16, 1e-12, 8.75e-11
2019-10-26, 19:59:20, 8.83e-13, 8.81e-11
2019-10-26, 19:59:24, 9.11e-13, 8.82e-11
2019-10-26, 19:59:29, 9.71e-13, 8.81e-11
2019-10-26, 19:59:33, 9.48e-13, 8.78e-11
2019-10-26, 19:59:37, 9.47e-13, 8.74e-11
2019-10-26, 19:59:41, 9.3e-13, 8.79e-11
2019-10-26, 19:59:45, 9.58e-13, 8.8e-11
2019-10-26, 19:59:50, 1.04e-12, 8.79e-11
2019-10-26, 19:59:54, 9.72e-13, 8.8e-11
2019-10-26, 19:59:58, 9.65e-13, 8.77e-11
2019-10-26, 20:00:02, 1.02e-12, 8.78e-11
2019-10-26, 20:00:07, 9.56e-13, 8.78e-11
2019-10-26, 20:00:11, 9.73e-13, 8.79e-11
2019-10-26, 20:00:15, 8.68e-13, 8.77e-11
2019-10-26, 20:00:19, 9.47e-13, 8.78e-11
2019-10-26, 20:00:23, 1.03e-12, 8.79e-11
2019-10-26, 20:00:28, 9.2e-13, 8.76e-11
2019-10-26, 20:00:32, 9.67e-13, 8.79e-11
2019-10-26, 20:00:36, 9.83e-13, 8.8e-11
2019-10-26, 20:00:40, 1.02e-12, 8.79e-11
2019-10-26, 20:00:45, 9.85e-13, 8.81e-11
2019-10-26, 20:00:49, 1.03e-12, 8.79e-11
2019-10-26, 20:00:53, 9.52e-13, 8.8e-11
2019-10-26, 20:00:57, 9.91e-13, 8.79e-11
2019-10-26, 20:01:01, 9.37e-13, 8.82e-11
2019-10-26, 20:01:06, 1.07e-12, 8.79e-11
2019-10-26, 20:01:10, 9.96e-13, 8.78e-11
2019-10-26, 20:01:14, 1.01e-12, 8.81e-11
2019-10-26, 20:01:18, 1.01e-12, 8.78e-11
2019-10-26, 20:01:23, 9.31e-13, 8.78e-11
2019-10-26, 20:01:27, 9.8e-13, 8.74e-11
2019-10-26, 20:01:31, 9.63e-13, 8.78e-11
2019-10-26, 20:01:35, 9.99e-13, 8.75e-11
2019-10-26, 20:01:39, 9.3e-13, 8.76e-11
2019-10-26, 20:01:44, 9.64e-13, 8.74e-11
2019-10-26, 20:01:48, 9.38e-13, 8.8e-11
2019-10-26, 20:01:52, 9.59e-13, 8.79e-11
2019-10-26, 20:01:56, 9.65e-13, 8.77e-11
2019-10-26, 20:02:01, 9.97e-13, 8.81e-11
2019-10-26, 20:02:05, 9.46e-13, 8.78e-11
2019-10-26, 20:02:09, 9.18e-13, 8.77e-11
2019-10-26, 20:02:13, 9.75e-13, 8.77e-11
2019-10-26, 20:02:17, 9.66e-13, 8.78e-11
2019-10-26, 20:02:22, 9.4e-13, 8.78e-11
2019-10-26, 20:02:26, 1.08e-12, 8.78e-11
2019-10-26, 20:02:30, 9.28e-13, 8.78e-11
2019-10-26, 20:02:34, 9.47e-13, 8.76e-11
2019-10-26, 20:02:39, 9.3e-13, 8.78e-11
2019-10-26, 20:02:43, 9.73e-13, 8.81e-11
2019-10-26, 20:02:47, 1.04e-12, 8.82e-11
2019-10-26, 20:02:51, 9.39e-13, 8.79e-11
2019-10-26, 20:02:55, 1.11e-12, 8.84e-11
2019-10-26, 20:03:00, 9.78e-13, 8.79e-11
2019-10-26, 20:03:04, 9.01e-13, 8.8e-11
2019-10-26, 20:03:08, 9.73e-13, 8.78e-11
2019-10-26, 20:03:12, 9.04e-13, 8.8e-11
2019-10-26, 20:03:17, 1.13e-12, 8.79e-11
2019-10-26, 20:03:21, 9.59e-13, 8.8e-11
2019-10-26, 20:03:25, 9.3e-13, 8.77e-11
2019-10-26, 20:03:29, 1.02e-12, 8.81e-11
2019-10-26, 20:03:33, 9.54e-13, 8.82e-11
2019-10-26, 20:03:38, 8.63e-13, 8.83e-11
2019-10-26, 20:03:42, 9.69e-13, 8.77e-11
2019-10-26, 20:03:46, 9.55e-13, 8.82e-11
2019-10-26, 20:03:50, 9.95e-13, 8.8e-11
2019-10-26, 20:03:54, 1e-12, 8.79e-11
2019-10-26, 20:03:59, 1.03e-12, 8.78e-11
2019-10-26, 20:04:03, 8.54e-13, 8.74e-11
2019-10-26, 20:04:07, 9.31e-13, 8.78e-11
2019-10-26, 20:04:11, 9.84e-13, 8.8e-11
2019-10-26, 20:04:16, 9.56e-13, 8.78e-11
2019-10-26, 20:04:20, 8.23e-13, 8.84e-11
2019-10-26, 20:04:24, 9.66e-13, 8.78e-11
2019-10-26, 20:04:28, 9.13e-13, 8.78e-11
2019-10-26, 20:04:32, 1.03e-12, 8.79e-11
2019-10-26, 20:04:37, 9.94e-13, 8.77e-11
2019-10-26, 20:04:41, 9.97e-13, 8.79e-11
2019-10-26, 20:04:45, 9.55e-13, 8.8e-11
2019-10-26, 20:04:49, 9.43e-13, 8.79e-11
2019-10-26, 20:04:54, 9.93e-13, 8.78e-11
2019-10-26, 20:04:58, 9.79e-13, 8.78e-11
2019-10-26, 20:05:02, 9.82e-13, 8.78e-11
2019-10-26, 20:05:06, 9.74e-13, 8.78e-11
2019-10-26, 20:05:10, 9.45e-13, 8.77e-11
2019-10-26, 20:05:15, 9.06e-13, 8.8e-11
2019-10-26, 20:05:19, 9.88e-13, 8.79e-11
2019-10-26, 20:05:23, 9.45e-13, 8.74e-11
2019-10-26, 20:05:27, 9.59e-13, 8.79e-11
2019-10-26, 20:05:32, 9.39e-13, 8.78e-11
2019-10-26, 20:05:36, 9.71e-13, 8.78e-11
2019-10-26, 20:05:40, 9.75e-13, 8.78e-11
2019-10-26, 20:05:44, 9.39e-13, 8.8e-11
2019-10-26, 20:05:48, 1.15e-12, 8.76e-11
2019-10-26, 20:05:53, 1.02e-12, 8.78e-11
2019-10-26, 20:05:57, 9.85e-13, 8.76e-11
2019-10-26, 20:06:01, 8.83e-13, 8.79e-11
2019-10-26, 20:06:05, 9.34e-13, 8.78e-11
2019-10-26, 20:06:10, 9.41e-13, 8.77e-11
2019-10-26, 20:06:14, 9.77e-13, 8.79e-11
2019-10-26, 20:06:18, 9.05e-13, 8.77e-11
2019-10-26, 20:06:22, 9.49e-13, 8.79e-11
2019-10-26, 20:06:26, 9.83e-13, 8.75e-11
2019-10-26, 20:06:31, 1.03e-12, 8.76e-11
2019-10-26, 20:06:35, 1.02e-12, 8.78e-11
2019-10-26, 20:06:39, 1.01e-12, 8.79e-11
2019-10-26, 20:06:43, 9.87e-13, 8.76e-11
2019-10-26, 20:06:48, 9.5e-13, 8.75e-11
2019-10-26, 20:06:52, 9.87e-13, 8.79e-11
2019-10-26, 20:06:56, 9.47e-13, 8.82e-11
2019-10-26, 20:07:00, 9.8e-13, 8.77e-11
2019-10-26, 20:07:04, 9.38e-13, 8.79e-11
2019-10-26, 20:07:09, 9.37e-13, 8.76e-11
2019-10-26, 20:07:13, 9.86e-13, 8.74e-11
2019-10-26, 20:07:17, 9.45e-13, 8.77e-11
2019-10-26, 20:07:21, 9.72e-13, 8.76e-11
2019-10-26, 20:07:26, 9.57e-13, 8.79e-11
2019-10-26, 20:07:30, 9.4e-13, 8.73e-11
2019-10-26, 20:07:34, 9.84e-13, 8.76e-11
2019-10-26, 20:07:38, 1.07e-12, 8.79e-11
2019-10-26, 20:07:42, 9.14e-13, 8.78e-11
2019-10-26, 20:07:47, 9.64e-13, 8.79e-11
2019-10-26, 20:07:51, 1.01e-12, 8.76e-11
2019-10-26, 20:07:55, 9.81e-13, 8.78e-11
2019-10-26, 20:07:59, 9.31e-13, 8.76e-11
2019-10-26, 20:08:04, 9.2e-13, 8.78e-11
2019-10-26, 20:08:08, 9.85e-13, 8.74e-11
2019-10-26, 20:08:12, 1.02e-12, 8.79e-11
2019-10-26, 20:08:16, 1.01e-12, 8.81e-11
2019-10-26, 20:08:20, 9.27e-13, 8.82e-11
2019-10-26, 20:08:25, 9.97e-13, 8.79e-11
2019-10-26, 20:08:29, 9.63e-13, 8.79e-11
2019-10-26, 20:08:33, 9.51e-13, 8.85e-11
2019-10-26, 20:08:37, 9.7e-13, 8.8e-11
2019-10-26, 20:08:41, 9.69e-13, 8.78e-11
2019-10-26, 20:08:46, 9.39e-13, 8.77e-11
2019-10-26, 20:08:50, 9.53e-13, 8.81e-11
2019-10-26, 20:08:54, 9.36e-13, 8.75e-11
2019-10-26, 20:08:58, 8.75e-13, 8.77e-11
2019-10-26, 20:09:03, 9.29e-13, 8.79e-11
2019-10-26, 20:09:07, 9.5e-13, 8.77e-11
2019-10-26, 20:09:11, 9.7e-13, 8.79e-11
2019-10-26, 20:09:15, 9.84e-13, 8.8e-11
2019-10-26, 20:09:19, 9.91e-13, 8.75e-11
2019-10-26, 20:09:24, 9.35e-13, 8.76e-11
2019-10-26, 20:09:28, 9.57e-13, 8.76e-11
2019-10-26, 20:09:32, 1.02e-12, 8.73e-11
2019-10-26, 20:09:36, 9.21e-13, 8.82e-11
2019-10-26, 20:09:41, 9.27e-13, 8.77e-11
2019-10-26, 20:09:45, 9.39e-13, 8.73e-11
2019-10-26, 20:09:49, 9.29e-13, 8.81e-11
2019-10-26, 20:09:53, 9.82e-13, 8.77e-11
2019-10-26, 20:09:57, 9.97e-13, 8.78e-11
2019-10-26, 20:10:02, 9.77e-13, 8.76e-11
2019-10-26, 20:10:06, 9.21e-13, 8.78e-11
2019-10-26, 20:10:10, 9.49e-13, 8.76e-11
2019-10-26, 20:10:14, 8.68e-13, 8.8e-11
2019-10-26, 20:10:19, 9.75e-13, 8.73e-11
2019-10-26, 20:10:23, 1.06e-12, 8.74e-11
2019-10-26, 20:10:27, 8.76e-13, 8.81e-11
2019-10-26, 20:10:31, 9.2e-13, 8.74e-11
2019-10-26, 20:10:35, 8.86e-13, 8.76e-11
2019-10-26, 20:10:40, 9.58e-13, 8.77e-11
2019-10-26, 20:10:44, 9.47e-13, 8.75e-11
2019-10-26, 20:10:48, 9.86e-13, 8.78e-11
2019-10-26, 20:10:52, 9.64e-13, 8.76e-11
2019-10-26, 20:10:57, 1.01e-12, 8.8e-11
2019-10-26, 20:11:01, 9.7e-13, 8.82e-11
2019-10-26, 20:11:05, 9.89e-13, 8.77e-11
2019-10-26, 20:11:09, 8.39e-13, 8.73e-11
2019-10-26, 20:11:13, 9.83e-13, 8.75e-11
2019-10-26, 20:11:18, 9.07e-13, 8.78e-11
2019-10-26, 20:11:22, 8.73e-13, 8.77e-11
2019-10-26, 20:11:26, 1e-12, 8.77e-11
2019-10-26, 20:11:30, 9.89e-13, 8.75e-11
2019-10-26, 20:11:35, 9.78e-13, 8.78e-11
2019-10-26, 20:11:39, 1.05e-12, 8.75e-11
2019-10-26, 20:11:43, 1.01e-12, 8.76e-11
2019-10-26, 20:11:47, 1.01e-12, 8.78e-11
2019-10-26, 20:11:51, 1e-12, 8.72e-11
2019-10-26, 20:11:56, 8.14e-13, 8.78e-11
2019-10-26, 20:12:00, 1.03e-12, 8.75e-11
2019-10-26, 20:12:04, 1.05e-12, 8.78e-11
2019-10-26, 20:12:08, 9.81e-13, 8.75e-11
2019-10-26, 20:12:13, 9.39e-13, 8.77e-11
2019-10-26, 20:12:17, 9.53e-13, 8.77e-11
2019-10-26, 20:12:21, 9.41e-13, 8.78e-11
2019-10-26, 20:12:25, 9.71e-13, 8.8e-11
2019-10-26, 20:12:29, 9.84e-13, 8.77e-11
2019-10-26, 20:12:34, 9.46e-13, 8.79e-11
2019-10-26, 20:12:38, 1e-12, 8.76e-11
2019-10-26, 20:12:42, 9.28e-13, 8.72e-11
2019-10-26, 20:12:46, 9.91e-13, 8.78e-11
2019-10-26, 20:12:51, 9.11e-13, 8.76e-11
2019-10-26, 20:12:55, 9.42e-13, 8.77e-11
2019-10-26, 20:12:59, 1.06e-12, 8.8e-11
2019-10-26, 20:13:03, 9.35e-13, 8.79e-11
2019-10-26, 20:13:07, 9.92e-13, 8.73e-11
2019-10-26, 20:13:12, 9.74e-13, 8.75e-11
2019-10-26, 20:13:16, 9.92e-13, 8.76e-11
2019-10-26, 20:13:20, 9.7e-13, 8.76e-11
2019-10-26, 20:13:24, 9.91e-13, 8.74e-11
2019-10-26, 20:13:29, 9.52e-13, 8.8e-11
2019-10-26, 20:13:33, 9.75e-13, 8.74e-11
2019-10-26, 20:13:37, 9.11e-13, 8.75e-11
2019-10-26, 20:13:41, 8.92e-13, 8.77e-11
2019-10-26, 20:13:45, 9.44e-13, 8.73e-11
2019-10-26, 20:13:50, 9.24e-13, 8.72e-11
2019-10-26, 20:13:54, 9.37e-13, 8.77e-11
2019-10-26, 20:13:58, 1.02e-12, 8.77e-11
2019-10-26, 20:14:02, 9.63e-13, 8.77e-11
2019-10-26, 20:14:06, 1.01e-12, 8.78e-11
2019-10-26, 20:14:11, 9.79e-13, 8.74e-11
2019-10-26, 20:14:15, 9.5e-13, 8.78e-11
2019-10-26, 20:14:19, 9.6e-13, 8.72e-11
2019-10-26, 20:14:23, 1.03e-12, 8.78e-11
2019-10-26, 20:14:28, 9.6e-13, 8.73e-11
2019-10-26, 20:14:32, 9.54e-13, 8.73e-11
2019-10-26, 20:14:36, 9.6e-13, 8.77e-11
2019-10-26, 20:14:40, 1.11e-12, 8.79e-11
2019-10-26, 20:14:44, 9.21e-13, 8.77e-11
2019-10-26, 20:14:49, 8.97e-13, 8.8e-11
2019-10-26, 20:14:53, 9.44e-13, 8.78e-11
2019-10-26, 20:14:57, 9.66e-13, 8.79e-11
2019-10-26, 20:15:01, 8.84e-13, 8.75e-11
2019-10-26, 20:15:06, 1.12e-12, 8.77e-11
2019-10-26, 20:15:10, 1.14e-12, 8.75e-11
2019-10-26, 20:15:14, 9.98e-13, 8.77e-11
2019-10-26, 20:15:18, 9.36e-13, 8.73e-11
2019-10-26, 20:15:22, 9.15e-13, 8.76e-11
2019-10-26, 20:15:27, 9.67e-13, 8.75e-11
2019-10-26, 20:15:31, 1.03e-12, 8.74e-11
2019-10-26, 20:15:35, 9.7e-13, 8.82e-11
2019-10-26, 20:15:39, 9.33e-13, 8.81e-11
2019-10-26, 20:15:44, 9.88e-13, 8.74e-11
2019-10-26, 20:15:48, 1.02e-12, 8.78e-11
2019-10-26, 20:15:52, 9.82e-13, 8.78e-11
2019-10-26, 20:15:56, 9.87e-13, 8.73e-11
2019-10-26, 20:16:00, 9.3e-13, 8.77e-11
2019-10-26, 20:16:05, 9.7e-13, 8.77e-11
2019-10-26, 20:16:09, 9e-13, 8.78e-11
2019-10-26, 20:16:13, 9.52e-13, 8.76e-11
2019-10-26, 20:16:17, 9.3e-13, 8.76e-11
2019-10-26, 20:16:22, 9.2e-13, 8.75e-11
2019-10-26, 20:16:26, 1.04e-12, 8.77e-11
2019-10-26, 20:16:30, 9.79e-13, 8.75e-11
2019-10-26, 20:16:34, 9.89e-13, 8.8e-11
2019-10-26, 20:16:38, 1.12e-12, 8.75e-11
2019-10-26, 20:16:43, 9.62e-13, 8.78e-11
2019-10-26, 20:16:47, 9.64e-13, 8.76e-11
2019-10-26, 20:16:51, 9.82e-13, 8.74e-11
2019-10-26, 20:16:55, 9.66e-13, 8.77e-11
2019-10-26, 20:17:00, 9.17e-13, 8.74e-11
2019-10-26, 20:17:04, 1e-12, 8.76e-11
2019-10-26, 20:17:08, 9.2e-13, 8.82e-11
2019-10-26, 20:17:12, 9.9e-13, 8.76e-11
2019-10-26, 20:17:16, 9.34e-13, 8.71e-11
2019-10-26, 20:17:21, 9.63e-13, 8.78e-11
2019-10-26, 20:17:25, 8.27e-13, 8.79e-11
2019-10-26, 20:17:29, 1.09e-12, 8.78e-11
2019-10-26, 20:17:33, 9.33e-13, 8.8e-11
2019-10-26, 20:17:38, 9.47e-13, 8.73e-11
2019-10-26, 20:17:42, 9.65e-13, 8.73e-11
2019-10-26, 20:17:46, 9.85e-13, 8.75e-11
2019-10-26, 20:17:50, 9.62e-13, 8.77e-11
2019-10-26, 20:17:54, 1.01e-12, 8.76e-11
2019-10-26, 20:17:59, 1.01e-12, 8.73e-11
2019-10-26, 20:18:03, 9.54e-13, 8.8e-11
2019-10-26, 20:18:07, 9.12e-13, 8.74e-11
2019-10-26, 20:18:11, 9.35e-13, 8.75e-11
2019-10-26, 20:18:15, 9.6e-13, 8.74e-11
2019-10-26, 20:18:20, 9.15e-13, 8.76e-11
2019-10-26, 20:18:24, 9.55e-13, 8.8e-11
2019-10-26, 20:18:28, 9.82e-13, 8.79e-11
2019-10-26, 20:18:32, 9.26e-13, 8.76e-11
2019-10-26, 20:18:37, 9.86e-13, 8.74e-11
2019-10-26, 20:18:41, 9.42e-13, 8.75e-11
2019-10-26, 20:18:45, 1.03e-12, 8.77e-11
2019-10-26, 20:18:49, 9.69e-13, 8.78e-11
2019-10-26, 20:18:53, 9.84e-13, 8.74e-11
2019-10-26, 20:18:58, 9.69e-13, 8.74e-11
2019-10-26, 20:19:02, 9.8e-13, 8.75e-11
2019-10-26, 20:19:06, 1.02e-12, 8.73e-11
2019-10-26, 20:19:10, 9.24e-13, 8.76e-11
2019-10-26, 20:19:15, 9.94e-13, 8.79e-11
2019-10-26, 20:19:19, 8.97e-13, 8.77e-11
2019-10-26, 20:19:23, 1.02e-12, 8.77e-11
2019-10-26, 20:19:27, 9.35e-13, 8.78e-11
2019-10-26, 20:19:31, 9.6e-13, 8.75e-11
2019-10-26, 20:19:36, 1.02e-12, 8.78e-11
2019-10-26, 20:19:40, 9.74e-13, 8.76e-11
2019-10-26, 20:19:44, 9.12e-13, 8.76e-11
2019-10-26, 20:19:48, 9.79e-13, 8.78e-11
2019-10-26, 20:19:53, 9.9e-13, 8.75e-11
2019-10-26, 20:19:57, 9.76e-13, 8.74e-11
2019-10-26, 20:20:01, 1.02e-12, 8.79e-11
2019-10-26, 20:20:05, 1.08e-12, 8.78e-11
2019-10-26, 20:20:09, 9.77e-13, 8.76e-11
2019-10-26, 20:20:14, 9.7e-13, 8.75e-11
2019-10-26, 20:20:18, 9.85e-13, 8.77e-11
2019-10-26, 20:20:22, 9.54e-13, 8.79e-11
2019-10-26, 20:20:26, 9.58e-13, 8.77e-11
2019-10-26, 20:20:31, 9.08e-13, 8.76e-11
2019-10-26, 20:20:35, 1.01e-12, 8.75e-11
2019-10-26, 20:20:39, 9.66e-13, 8.76e-11
2019-10-26, 20:20:43, 9.61e-13, 8.78e-11
2019-10-26, 20:20:47, 1.01e-12, 8.8e-11
2019-10-26, 20:20:52, 1.03e-12, 8.76e-11
2019-10-26, 20:20:56, 9.75e-13, 8.77e-11
2019-10-26, 20:21:00, 9.61e-13, 8.76e-11
2019-10-26, 20:21:04, 9.9e-13, 8.79e-11
2019-10-26, 20:21:09, 8.67e-13, 8.74e-11
2019-10-26, 20:21:13, 9.75e-13, 8.74e-11
2019-10-26, 20:21:17, 9.88e-13, 8.77e-11
2019-10-26, 20:21:21, 9.79e-13, 8.76e-11
2019-10-26, 20:21:25, 9.5e-13, 8.75e-11
2019-10-26, 20:21:30, 1.12e-12, 8.75e-11
2019-10-26, 20:21:34, 9.83e-13, 8.82e-11
2019-10-26, 20:21:38, 1.01e-12, 8.76e-11
2019-10-26, 20:21:42, 9.52e-13, 8.75e-11
2019-10-26, 20:21:46, 9.45e-13, 8.77e-11
2019-10-26, 20:21:51, 9.25e-13, 8.75e-11
2019-10-26, 20:21:55, 9.16e-13, 8.75e-11
2019-10-26, 20:21:59, 9.41e-13, 8.76e-11
2019-10-26, 20:22:03, 9.81e-13, 8.8e-11
2019-10-26, 20:22:08, 9.59e-13, 8.76e-11
2019-10-26, 20:22:12, 9.11e-13, 8.8e-11
2019-10-26, 20:22:16, 1e-12, 8.75e-11
2019-10-26, 20:22:20, 9.48e-13, 8.77e-11
2019-10-26, 20:22:24, 9.57e-13, 8.74e-11
2019-10-26, 20:22:29, 9.5e-13, 8.78e-11
2019-10-26, 20:22:33, 9.83e-13, 8.8e-11
2019-10-26, 20:22:37, 8.05e-13, 8.78e-11
2019-10-26, 20:22:41, 1.07e-12, 8.75e-11
2019-10-26, 20:22:46, 1e-12, 8.77e-11
2019-10-26, 20:22:50, 1.04e-12, 8.76e-11
2019-10-26, 20:22:54, 9.13e-13, 8.77e-11
2019-10-26, 20:22:58, 9.44e-13, 8.82e-11
2019-10-26, 20:23:02, 9.68e-13, 8.75e-11
2019-10-26, 20:23:07, 9.54e-13, 8.76e-11
2019-10-26, 20:23:11, 9.18e-13, 8.73e-11
2019-10-26, 20:23:15, 1.04e-12, 8.72e-11
2019-10-26, 20:23:19, 9.69e-13, 8.73e-11
2019-10-26, 20:23:24, 9.89e-13, 8.83e-11
2019-10-26, 20:23:28, 9.73e-13, 8.79e-11
2019-10-26, 20:23:32, 8.61e-13, 8.77e-11
2019-10-26, 20:23:36, 9.34e-13, 8.78e-11
2019-10-26, 20:23:40, 8.97e-13, 8.75e-11
2019-10-26, 20:23:45, 1.12e-12, 8.76e-11
2019-10-26, 20:23:49, 9.62e-13, 8.74e-11
2019-10-26, 20:23:53, 9.26e-13, 8.77e-11
2019-10-26, 20:23:57, 9.18e-13, 8.73e-11
2019-10-26, 20:24:02, 1.01e-12, 8.78e-11
2019-10-26, 20:24:06, 9.94e-13, 8.76e-11
2019-10-26, 20:24:10, 8.61e-13, 8.78e-11
2019-10-26, 20:24:14, 1.01e-12, 8.74e-11
2019-10-26, 20:24:18, 8.9e-13, 8.83e-11
2019-10-26, 20:24:23, 9.5e-13, 8.85e-11
2019-10-26, 20:24:27, 9.68e-13, 8.79e-11
2019-10-26, 20:24:31, 9.67e-13, 8.78e-11
2019-10-26, 20:24:35, 1.09e-12, 8.78e-11
2019-10-26, 20:24:40, 1.01e-12, 8.84e-11
2019-10-26, 20:24:44, 9.89e-13, 8.78e-11
2019-10-26, 20:24:48, 1.02e-12, 8.78e-11
2019-10-26, 20:24:52, 9.69e-13, 8.79e-11
2019-10-26, 20:24:56, 9.49e-13, 8.77e-11
2019-10-26, 20:25:01, 9.7e-13, 8.77e-11
2019-10-26, 20:25:05, 9.37e-13, 8.76e-11
2019-10-26, 20:25:09, 9.58e-13, 8.83e-11
2019-10-26, 20:25:13, 9.54e-13, 8.74e-11
2019-10-26, 20:25:17, 9.59e-13, 8.76e-11
2019-10-26, 20:25:22, 9.25e-13, 8.75e-11
2019-10-26, 20:25:26, 9.52e-13, 8.8e-11
2019-10-26, 20:25:30, 1e-12, 8.79e-11
2019-10-26, 20:25:34, 9.44e-13, 8.76e-11
2019-10-26, 20:25:39, 1e-12, 8.77e-11
2019-10-26, 20:25:43, 9.75e-13, 8.82e-11
2019-10-26, 20:25:47, 9.69e-13, 8.8e-11
2019-10-26, 20:25:51, 9.57e-13, 8.8e-11
2019-10-26, 20:25:55, 9.92e-13, 8.82e-11
2019-10-26, 20:26:00, 9.57e-13, 8.79e-11
2019-10-26, 20:26:04, 9.59e-13, 8.81e-11
2019-10-26, 20:26:08, 9.4e-13, 8.79e-11
2019-10-26, 20:26:12, 9.44e-13, 8.8e-11
2019-10-26, 20:26:17, 9.81e-13, 8.8e-11
2019-10-26, 20:26:21, 9.32e-13, 8.76e-11
2019-10-26, 20:26:25, 9.8e-13, 8.78e-11
2019-10-26, 20:26:29, 9.96e-13, 8.79e-11
2019-10-26, 20:26:33, 1.02e-12, 8.78e-11
2019-10-26, 20:26:38, 9.7e-13, 8.83e-11
2019-10-26, 20:26:42, 9.88e-13, 8.8e-11
2019-10-26, 20:26:46, 9.25e-13, 8.78e-11
2019-10-26, 20:26:50, 9.19e-13, 8.8e-11
2019-10-26, 20:26:55, 1.08e-12, 8.8e-11
2019-10-26, 20:26:59, 9.81e-13, 8.8e-11
2019-10-26, 20:27:03, 9.16e-13, 8.77e-11
2019-10-26, 20:27:07, 9.89e-13, 8.82e-11
2019-10-26, 20:27:11, 1.01e-12, 8.81e-11
2019-10-26, 20:27:16, 8.46e-13, 8.8e-11
2019-10-26, 20:27:20, 9.88e-13, 8.79e-11
2019-10-26, 20:27:24, 9.74e-13, 8.77e-11
2019-10-26, 20:27:28, 9.39e-13, 8.82e-11
2019-10-26, 20:27:33, 9.95e-13, 8.79e-11
2019-10-26, 20:27:37, 9.63e-13, 8.77e-11
2019-10-26, 20:27:41, 9.79e-13, 8.81e-11
2019-10-26, 20:27:45, 9.85e-13, 8.8e-11
2019-10-26, 20:27:49, 9.77e-13, 8.77e-11
2019-10-26, 20:27:54, 9.94e-13, 8.84e-11
2019-10-26, 20:27:58, 9.78e-13, 8.81e-11
2019-10-26, 20:28:02, 9.9e-13, 8.81e-11
2019-10-26, 20:28:06, 9.38e-13, 8.79e-11
2019-10-26, 20:28:11, 9.99e-13, 8.78e-11
2019-10-26, 20:28:15, 9.51e-13, 8.79e-11
2019-10-26, 20:28:19, 9.92e-13, 8.79e-11
2019-10-26, 20:28:23, 9.42e-13, 8.78e-11
2019-10-26, 20:28:27, 9.36e-13, 8.77e-11
2019-10-26, 20:28:32, 9.11e-13, 8.75e-11
2019-10-26, 20:28:36, 1.01e-12, 8.8e-11
2019-10-26, 20:28:40, 9.72e-13, 8.75e-11
2019-10-26, 20:28:44, 9.76e-13, 8.8e-11
2019-10-26, 20:28:49, 9.51e-13, 8.8e-11
2019-10-26, 20:28:53, 9.72e-13, 8.78e-11
2019-10-26, 20:28:57, 9.21e-13, 8.77e-11
2019-10-26, 20:29:01, 9.34e-13, 8.78e-11
2019-10-26, 20:29:05, 8.95e-13, 8.76e-11
2019-10-26, 20:29:10, 9.12e-13, 8.79e-11
2019-10-26, 20:29:14, 9.78e-13, 8.82e-11
2019-10-26, 20:29:18, 1.01e-12, 8.83e-11
2019-10-26, 20:29:22, 1e-12, 8.79e-11
2019-10-26, 20:29:26, 9.56e-13, 8.77e-11
2019-10-26, 20:29:31, 9.51e-13, 8.78e-11
2019-10-26, 20:29:35, 9.48e-13, 8.77e-11
2019-10-26, 20:29:39, 9.61e-13, 8.82e-11
2019-10-26, 20:29:43, 9.58e-13, 8.79e-11
2019-10-26, 20:29:48, 9.52e-13, 8.79e-11
2019-10-26, 20:29:52, 1.02e-12, 8.81e-11
2019-10-26, 20:29:56, 9.43e-13, 8.77e-11
2019-10-26, 20:30:00, 9.74e-13, 8.77e-11
2019-10-26, 20:30:04, 9.66e-13, 8.81e-11
2019-10-26, 20:30:09, 1e-12, 8.81e-11
2019-10-26, 20:30:13, 1.01e-12, 8.81e-11
2019-10-26, 20:30:17, 9.09e-13, 8.77e-11
2019-10-26, 20:30:21, 9.63e-13, 8.75e-11
2019-10-26, 20:30:26, 1.09e-12, 8.79e-11
2019-10-26, 20:30:30, 9.43e-13, 8.79e-11
2019-10-26, 20:30:34, 9.57e-13, 8.78e-11
2019-10-26, 20:30:38, 1.16e-12, 8.78e-11
2019-10-26, 20:30:42, 9.38e-13, 8.76e-11
2019-10-26, 20:30:47, 9.55e-13, 8.8e-11
2019-10-26, 20:30:51, 9.85e-13, 8.82e-11
2019-10-26, 20:30:55, 9.85e-13, 8.77e-11
2019-10-26, 20:30:59, 9.71e-13, 8.8e-11
2019-10-26, 20:31:04, 9.22e-13, 8.74e-11
2019-10-26, 20:31:08, 8.54e-13, 8.8e-11
2019-10-26, 20:31:12, 8.93e-13, 8.81e-11
2019-10-26, 20:31:16, 9.92e-13, 8.82e-11
2019-10-26, 20:31:20, 8.53e-13, 8.81e-11
2019-10-26, 20:31:25, 9.45e-13, 8.79e-11
2019-10-26, 20:31:29, 9.97e-13, 8.76e-11
2019-10-26, 20:31:33, 9.64e-13, 8.79e-11
2019-10-26, 20:31:37, 9.56e-13, 8.8e-11
2019-10-26, 20:31:42, 9.58e-13, 8.76e-11
2019-10-26, 20:31:46, 9.59e-13, 8.75e-11
2019-10-26, 20:31:50, 8.44e-13, 8.79e-11
2019-10-26, 20:31:54, 1.11e-12, 8.81e-11
2019-10-26, 20:31:58, 9.14e-13, 8.83e-11
2019-10-26, 20:32:03, 9.77e-13, 8.77e-11
2019-10-26, 20:32:07, 9.75e-13, 8.79e-11
2019-10-26, 20:32:11, 8.62e-13, 8.76e-11
2019-10-26, 20:32:15, 9.86e-13, 8.75e-11
2019-10-26, 20:32:20, 9.45e-13, 8.81e-11
2019-10-26, 20:32:24, 8.89e-13, 8.78e-11
2019-10-26, 20:32:28, 9.75e-13, 8.78e-11
2019-10-26, 20:32:32, 9.58e-13, 8.81e-11
2019-10-26, 20:32:36, 9.39e-13, 8.78e-11
2019-10-26, 20:32:41, 9.4e-13, 8.77e-11
2019-10-26, 20:32:45, 9.73e-13, 8.77e-11
2019-10-26, 20:32:49, 1.04e-12, 8.78e-11
2019-10-26, 20:32:53, 1.03e-12, 8.75e-11
2019-10-26, 20:32:58, 1.01e-12, 8.81e-11
2019-10-26, 20:33:02, 9.85e-13, 8.82e-11
2019-10-26, 20:33:06, 9.47e-13, 8.78e-11
2019-10-26, 20:33:10, 9.64e-13, 8.79e-11
2019-10-26, 20:33:14, 9.47e-13, 8.73e-11
2019-10-26, 20:33:19, 9.26e-13, 8.72e-11
2019-10-26, 20:33:23, 1.08e-12, 8.75e-11
2019-10-26, 20:33:27, 9.73e-13, 8.73e-11
2019-10-26, 20:33:31, 9.21e-13, 8.66e-11
2019-10-26, 20:33:36, 9.43e-13, 8.71e-11
2019-10-26, 20:33:40, 9.13e-13, 8.75e-11
2019-10-26, 20:33:44, 9.85e-13, 8.71e-11
2019-10-26, 20:33:48, 9.68e-13, 8.76e-11
2019-10-26, 20:33:52, 9.45e-13, 8.74e-11
2019-10-26, 20:33:57, 9.29e-13, 8.74e-11
2019-10-26, 20:34:01, 9.43e-13, 8.75e-11
2019-10-26, 20:34:05, 1.01e-12, 8.71e-11
2019-10-26, 20:34:09, 9.85e-13, 8.69e-11
2019-10-26, 20:34:14, 1.07e-12, 8.74e-11
2019-10-26, 20:34:18, 8.43e-13, 8.74e-11
2019-10-26, 20:34:22, 9.41e-13, 8.74e-11
2019-10-26, 20:34:26, 9.76e-13, 8.73e-11
2019-10-26, 20:34:30, 9.91e-13, 8.75e-11
2019-10-26, 20:34:35, 9.63e-13, 8.75e-11
2019-10-26, 20:34:39, 8.57e-13, 8.8e-11
2019-10-26, 20:34:43, 9.5e-13, 8.77e-11
2019-10-26, 20:34:47, 1.01e-12, 8.79e-11
2019-10-26, 20:34:52, 1.11e-12, 8.76e-11
2019-10-26, 20:34:56, 9.69e-13, 8.79e-11
2019-10-26, 20:35:00, 1e-12, 8.8e-11
2019-10-26, 20:35:04, 9.63e-13, 8.77e-11
2019-10-26, 20:35:08, 9.56e-13, 8.77e-11
2019-10-26, 20:35:13, 1.01e-12, 8.78e-11
2019-10-26, 20:35:17, 9.08e-13, 8.77e-11
2019-10-26, 20:35:21, 9.32e-13, 8.79e-11
2019-10-26, 20:35:25, 9.53e-13, 8.76e-11
2019-10-26, 20:35:29, 9.83e-13, 8.79e-11
2019-10-26, 20:35:34, 8.96e-13, 8.8e-11
2019-10-26, 20:35:38, 9.62e-13, 8.79e-11
2019-10-26, 20:35:42, 1.1e-12, 8.8e-11
2019-10-26, 20:35:46, 9.38e-13, 8.79e-11
2019-10-26, 20:35:51, 9.77e-13, 8.81e-11
2019-10-26, 20:35:55, 9.57e-13, 8.78e-11
2019-10-26, 20:35:59, 1.03e-12, 8.81e-11
2019-10-26, 20:36:03, 9.79e-13, 8.79e-11
2019-10-26, 20:36:07, 9.27e-13, 8.77e-11
2019-10-26, 20:36:12, 9.29e-13, 8.76e-11
2019-10-26, 20:36:16, 9.51e-13, 8.78e-11
2019-10-26, 20:36:20, 9.8e-13, 8.76e-11
2019-10-26, 20:36:24, 9.13e-13, 8.75e-11
2019-10-26, 20:36:29, 9.8e-13, 8.75e-11
2019-10-26, 20:36:33, 9.81e-13, 8.75e-11
2019-10-26, 20:36:37, 9.32e-13, 8.79e-11
2019-10-26, 20:36:41, 9.14e-13, 8.75e-11
2019-10-26, 20:36:45, 9.9e-13, 8.74e-11
2019-10-26, 20:36:50, 1.07e-12, 8.79e-11
2019-10-26, 20:36:54, 9.55e-13, 8.79e-11
2019-10-26, 20:36:58, 9.68e-13, 8.76e-11
2019-10-26, 20:37:02, 8.71e-13, 8.8e-11
2019-10-26, 20:37:07, 9.65e-13, 8.8e-11
2019-10-26, 20:37:11, 9.8e-13, 8.76e-11
2019-10-26, 20:37:15, 9.16e-13, 8.78e-11
2019-10-26, 20:37:19, 9.6e-13, 8.75e-11
2019-10-26, 20:37:23, 9.52e-13, 8.81e-11
2019-10-26, 20:37:28, 9.57e-13, 8.77e-11
2019-10-26, 20:37:32, 9.16e-13, 8.78e-11
2019-10-26, 20:37:36, 1e-12, 8.76e-11
2019-10-26, 20:37:40, 9.78e-13, 8.75e-11
2019-10-26, 20:37:45, 1.02e-12, 8.78e-11
2019-10-26, 20:37:49, 9.43e-13, 8.76e-11
2019-10-26, 20:37:53, 9.44e-13, 8.77e-11
2019-10-26, 20:37:57, 9.89e-13, 8.79e-11
2019-10-26, 20:38:01, 9.58e-13, 8.8e-11
2019-10-26, 20:38:06, 9.85e-13, 8.79e-11
2019-10-26, 20:38:10, 8.01e-13, 8.83e-11
2019-10-26, 20:38:14, 1e-12, 8.81e-11
2019-10-26, 20:38:18, 8.74e-13, 8.78e-11
2019-10-26, 20:38:23, 9.02e-13, 8.77e-11
2019-10-26, 20:38:27, 9.24e-13, 8.8e-11
2019-10-26, 20:38:31, 1.03e-12, 8.82e-11
2019-10-26, 20:38:35, 9.22e-13, 8.79e-11
2019-10-26, 20:38:39, 9.63e-13, 8.82e-11
2019-10-26, 20:38:44, 9.26e-13, 8.77e-11
2019-10-26, 20:38:48, 9.3e-13, 8.76e-11
2019-10-26, 20:38:52, 9.59e-13, 8.77e-11
2019-10-26, 20:38:56, 9.57e-13, 8.78e-11
2019-10-26, 20:39:01, 9.47e-13, 8.75e-11
2019-10-26, 20:39:05, 9.38e-13, 8.76e-11
2019-10-26, 20:39:09, 9.9e-13, 8.78e-11
2019-10-26, 20:39:13, 9.83e-13, 8.76e-11
2019-10-26, 20:39:17, 1.01e-12, 8.75e-11
2019-10-26, 20:39:22, 1.01e-12, 8.78e-11
2019-10-26, 20:39:26, 1.01e-12, 8.76e-11
2019-10-26, 20:39:30, 9.72e-13, 8.78e-11
2019-10-26, 20:39:34, 9.41e-13, 8.76e-11
2019-10-26, 20:39:38, 8.33e-13, 8.78e-11
2019-10-26, 20:39:43, 1.08e-12, 8.8e-11
2019-10-26, 20:39:47, 9.79e-13, 8.78e-11
2019-10-26, 20:39:51, 9.37e-13, 8.79e-11
2019-10-26, 20:39:55, 9.72e-13, 8.78e-11
2019-10-26, 20:40:00, 9.72e-13, 8.79e-11
2019-10-26, 20:40:04, 9.58e-13, 8.8e-11
2019-10-26, 20:40:08, 1.01e-12, 8.79e-11
2019-10-26, 20:40:12, 9.52e-13, 8.81e-11
2019-10-26, 20:40:16, 9.68e-13, 8.79e-11
2019-10-26, 20:40:21, 9.42e-13, 8.77e-11
2019-10-26, 20:40:25, 9.78e-13, 8.77e-11
2019-10-26, 20:40:29, 9.4e-13, 8.78e-11
2019-10-26, 20:40:33, 9.62e-13, 8.84e-11
2019-10-26, 20:40:38, 8.8e-13, 8.75e-11
2019-10-26, 20:40:42, 9.67e-13, 8.8e-11
2019-10-26, 20:40:46, 9.61e-13, 8.76e-11
2019-10-26, 20:40:50, 9.2e-13, 8.78e-11
2019-10-26, 20:40:54, 9.48e-13, 8.82e-11
2019-10-26, 20:40:59, 9.6e-13, 8.76e-11
2019-10-26, 20:41:03, 8.51e-13, 8.74e-11
2019-10-26, 20:41:07, 9.42e-13, 8.75e-11
2019-10-26, 20:41:11, 1.04e-12, 8.81e-11
2019-10-26, 20:41:16, 1.09e-12, 8.79e-11
2019-10-26, 20:41:20, 9.4e-13, 8.76e-11
2019-10-26, 20:41:24, 9.69e-13, 8.81e-11
2019-10-26, 20:41:28, 1.04e-12, 8.78e-11
2019-10-26, 20:41:32, 8.59e-13, 8.77e-11
2019-10-26, 20:41:37, 9.43e-13, 8.79e-11
2019-10-26, 20:41:41, 9.7e-13, 8.78e-11
2019-10-26, 20:41:45, 9.27e-13, 8.77e-11
2019-10-26, 20:41:49, 9.43e-13, 8.79e-11
2019-10-26, 20:41:54, 9.83e-13, 8.75e-11
2019-10-26, 20:41:58, 1.06e-12, 8.76e-11
2019-10-26, 20:42:02, 9.66e-13, 8.78e-11
2019-10-26, 20:42:06, 9.94e-13, 8.78e-11
2019-10-26, 20:42:10, 9.63e-13, 8.75e-11
2019-10-26, 20:42:15, 1.03e-12, 8.77e-11
2019-10-26, 20:42:19, 1.13e-12, 8.78e-11
2019-10-26, 20:42:23, 9.22e-13, 8.78e-11
2019-10-26, 20:42:27, 9.69e-13, 8.8e-11
2019-10-26, 20:42:32, 9.1e-13, 8.75e-11
2019-10-26, 20:42:36, 9.41e-13, 8.76e-11
2019-10-26, 20:42:40, 9.6e-13, 8.81e-11
2019-10-26, 20:42:44, 9.22e-13, 8.76e-11
2019-10-26, 20:42:48, 9.93e-13, 8.78e-11
2019-10-26, 20:42:53, 9.27e-13, 8.76e-11
2019-10-26, 20:42:57, 9.79e-13, 8.75e-11
2019-10-26, 20:43:01, 9.93e-13, 8.75e-11
2019-10-26, 20:43:05, 9.12e-13, 8.79e-11
2019-10-26, 20:43:10, 8.72e-13, 8.79e-11
2019-10-26, 20:43:14, 9.33e-13, 8.79e-11
2019-10-26, 20:43:18, 9.84e-13, 8.74e-11
2019-10-26, 20:43:22, 9.93e-13, 8.82e-11
2019-10-26, 20:43:26, 8.96e-13, 8.79e-11
2019-10-26, 20:43:31, 9.27e-13, 8.77e-11
2019-10-26, 20:43:35, 9.52e-13, 8.75e-11
2019-10-26, 20:43:39, 9.68e-13, 8.77e-11
2019-10-26, 20:43:43, 9.43e-13, 8.78e-11
2019-10-26, 20:43:47, 9.46e-13, 8.78e-11
2019-10-26, 20:43:52, 9.92e-13, 8.75e-11
2019-10-26, 20:43:56, 9.61e-13, 8.8e-11
2019-10-26, 20:44:00, 9.56e-13, 8.78e-11
2019-10-26, 20:44:04, 9.63e-13, 8.78e-11
2019-10-26, 20:44:09, 9.62e-13, 8.83e-11
2019-10-26, 20:44:13, 9.8e-13, 8.75e-11
2019-10-26, 20:44:17, 9.69e-13, 8.74e-11
2019-10-26, 20:44:21, 9.49e-13, 8.77e-11
2019-10-26, 20:44:25, 1.07e-12, 8.81e-11
2019-10-26, 20:44:30, 9.61e-13, 8.81e-11
2019-10-26, 20:44:34, 9.14e-13, 8.77e-11
2019-10-26, 20:44:38, 9.26e-13, 8.76e-11
2019-10-26, 20:44:42, 9.89e-13, 8.75e-11
2019-10-26, 20:44:47, 9.94e-13, 8.81e-11
2019-10-26, 20:44:51, 9.8e-13, 8.77e-11
2019-10-26, 20:44:55, 9.09e-13, 8.83e-11
2019-10-26, 20:44:59, 9.99e-13, 8.77e-11
2019-10-26, 20:45:03, 1e-12, 8.77e-11
2019-10-26, 20:45:08, 9.85e-13, 8.79e-11
2019-10-26, 20:45:12, 9.53e-13, 8.77e-11
2019-10-26, 20:45:16, 9.96e-13, 8.79e-11
2019-10-26, 20:45:20, 9.38e-13, 8.79e-11
2019-10-26, 20:45:25, 1.02e-12, 8.79e-11
2019-10-26, 20:45:29, 9.35e-13, 8.81e-11
2019-10-26, 20:45:33, 8.66e-13, 8.83e-11
2019-10-26, 20:45:37, 1.01e-12, 8.78e-11
2019-10-26, 20:45:41, 9.5e-13, 8.79e-11
2019-10-26, 20:45:46, 9.36e-13, 8.79e-11
2019-10-26, 20:45:50, 1.02e-12, 8.83e-11
2019-10-26, 20:45:54, 1.01e-12, 8.81e-11
2019-10-26, 20:45:58, 9.22e-13, 8.82e-11
2019-10-26, 20:46:03, 1e-12, 8.81e-11
2019-10-26, 20:46:07, 9.58e-13, 8.81e-11
2019-10-26, 20:46:11, 9.61e-13, 8.8e-11
2019-10-26, 20:46:15, 9.37e-13, 8.79e-11
2019-10-26, 20:46:19, 9.21e-13, 8.77e-11
2019-10-26, 20:46:24, 9.52e-13, 8.77e-11
2019-10-26, 20:46:28, 9.37e-13, 8.82e-11
2019-10-26, 20:46:32, 9.86e-13, 8.83e-11
2019-10-26, 20:46:36, 9.53e-13, 8.81e-11
2019-10-26, 20:46:41, 1.04e-12, 8.75e-11
2019-10-26, 20:46:45, 9.99e-13, 8.8e-11
2019-10-26, 20:46:49, 1.02e-12, 8.83e-11
2019-10-26, 20:46:53, 9.83e-13, 8.79e-11
2019-10-26, 20:46:57, 1.01e-12, 8.81e-11
2019-10-26, 20:47:02, 9.88e-13, 8.78e-11
2019-10-26, 20:47:06, 9.45e-13, 8.78e-11
2019-10-26, 20:47:10, 9.39e-13, 8.84e-11
2019-10-26, 20:47:14, 1.01e-12, 8.79e-11
2019-10-26, 20:47:19, 9.96e-13, 8.81e-11
2019-10-26, 20:47:23, 9.35e-13, 8.8e-11
2019-10-26, 20:47:27, 9.84e-13, 8.81e-11
2019-10-26, 20:47:31, 9.29e-13, 8.8e-11
2019-10-26, 20:47:35, 9.59e-13, 8.79e-11
2019-10-26, 20:47:40, 9.71e-13, 8.82e-11
2019-10-26, 20:47:44, 8.88e-13, 8.76e-11
2019-10-26, 20:47:48, 9.84e-13, 8.79e-11
2019-10-26, 20:47:52, 9.74e-13, 8.76e-11
2019-10-26, 20:47:57, 9.49e-13, 8.81e-11
2019-10-26, 20:48:01, 9.88e-13, 8.79e-11
2019-10-26, 20:48:05, 9.33e-13, 8.79e-11
2019-10-26, 20:48:09, 9.8e-13, 8.83e-11
2019-10-26, 20:48:13, 9.68e-13, 8.8e-11
2019-10-26, 20:48:18, 1e-12, 8.78e-11
2019-10-26, 20:48:22, 9.52e-13, 8.75e-11
2019-10-26, 20:48:26, 9.96e-13, 8.82e-11
2019-10-26, 20:48:30, 1.08e-12, 8.79e-11
2019-10-26, 20:48:34, 1.02e-12, 8.82e-11
2019-10-26, 20:48:39, 9.6e-13, 8.79e-11
2019-10-26, 20:48:43, 1.02e-12, 8.83e-11
2019-10-26, 20:48:47, 9.46e-13, 8.81e-11
2019-10-26, 20:48:51, 8.37e-13, 8.79e-11
2019-10-26, 20:48:56, 9.8e-13, 8.79e-11
2019-10-26, 20:49:00, 9.65e-13, 8.83e-11
2019-10-26, 20:49:04, 9.22e-13, 8.81e-11
2019-10-26, 20:49:08, 9.46e-13, 8.84e-11
2019-10-26, 20:49:12, 9.3e-13, 8.84e-11
2019-10-26, 20:49:17, 9.9e-13, 8.83e-11
2019-10-26, 20:49:21, 1.1e-12, 8.79e-11
2019-10-26, 20:49:25, 9.32e-13, 8.76e-11
2019-10-26, 20:49:29, 9.39e-13, 8.84e-11
2019-10-26, 20:49:34, 8.99e-13, 8.8e-11
2019-10-26, 20:49:38, 9.25e-13, 8.8e-11
2019-10-26, 20:49:42, 9.49e-13, 8.85e-11
2019-10-26, 20:49:46, 9.57e-13, 8.79e-11
2019-10-26, 20:49:50, 9.6e-13, 8.8e-11
2019-10-26, 20:49:55, 9.84e-13, 8.79e-11
2019-10-26, 20:49:59, 8.93e-13, 8.78e-11
2019-10-26, 20:50:03, 1.01e-12, 8.79e-11
2019-10-26, 20:50:07, 9.88e-13, 8.8e-11
2019-10-26, 20:50:12, 9.77e-13, 8.81e-11
2019-10-26, 20:50:16, 9.25e-13, 8.79e-11
2019-10-26, 20:50:20, 9.79e-13, 8.82e-11
2019-10-26, 20:50:24, 1.03e-12, 8.82e-11
2019-10-26, 20:50:28, 1.11e-12, 8.85e-11
2019-10-26, 20:50:33, 1.07e-12, 8.82e-11
2019-10-26, 20:50:37, 9.61e-13, 8.84e-11
2019-10-26, 20:50:41, 9.06e-13, 8.79e-11
2019-10-26, 20:50:45, 1.03e-12, 8.8e-11
2019-10-26, 20:50:50, 1.06e-12, 8.77e-11
2019-10-26, 20:50:54, 1.01e-12, 8.76e-11
2019-10-26, 20:50:58, 9.7e-13, 8.77e-11
2019-10-26, 20:51:02, 9.36e-13, 8.84e-11
2019-10-26, 20:51:06, 9.73e-13, 8.79e-11
2019-10-26, 20:51:11, 1.04e-12, 8.79e-11
2019-10-26, 20:51:15, 1.02e-12, 8.8e-11
2019-10-26, 20:51:19, 9.95e-13, 8.81e-11
2019-10-26, 20:51:23, 9.76e-13, 8.89e-11
2019-10-26, 20:51:28, 9.18e-13, 8.82e-11
2019-10-26, 20:51:32, 9.36e-13, 8.76e-11
2019-10-26, 20:51:36, 1.01e-12, 8.82e-11
2019-10-26, 20:51:40, 9.46e-13, 8.81e-11
2019-10-26, 20:51:44, 1.01e-12, 8.82e-11
2019-10-26, 20:51:49, 8.9e-13, 8.81e-11
2019-10-26, 20:51:53, 1.01e-12, 8.82e-11
2019-10-26, 20:51:57, 9.48e-13, 8.82e-11
2019-10-26, 20:52:01, 1.01e-12, 8.85e-11
2019-10-26, 20:52:05, 1.02e-12, 8.79e-11
2019-10-26, 20:52:10, 8.41e-13, 8.79e-11
2019-10-26, 20:52:14, 8.66e-13, 8.83e-11
2019-10-26, 20:52:18, 1e-12, 8.8e-11
2019-10-26, 20:52:22, 1e-12, 8.83e-11
2019-10-26, 20:52:27, 9.53e-13, 8.85e-11
2019-10-26, 20:52:31, 1.09e-12, 8.81e-11
2019-10-26, 20:52:35, 9.24e-13, 8.79e-11
2019-10-26, 20:52:39, 9.49e-13, 8.83e-11
2019-10-26, 20:52:43, 9.33e-13, 8.83e-11
2019-10-26, 20:52:48, 9.08e-13, 8.8e-11
2019-10-26, 20:52:52, 9.42e-13, 8.82e-11
2019-10-26, 20:52:56, 9.69e-13, 8.8e-11
2019-10-26, 20:53:00, 9.9e-13, 8.83e-11
2019-10-26, 20:53:05, 9.38e-13, 8.79e-11
2019-10-26, 20:53:09, 9.64e-13, 8.79e-11
2019-10-26, 20:53:13, 9.84e-13, 8.84e-11
2019-10-26, 20:53:17, 1.01e-12, 8.84e-11
2019-10-26, 20:53:21, 9.73e-13, 8.81e-11
2019-10-26, 20:53:26, 9.32e-13, 8.79e-11
2019-10-26, 20:53:30, 9.45e-13, 8.78e-11
2019-10-26, 20:53:34, 1.04e-12, 8.81e-11
2019-10-26, 20:53:38, 9.76e-13, 8.78e-11
2019-10-26, 20:53:43, 9.58e-13, 8.82e-11
2019-10-26, 20:53:47, 1.06e-12, 8.78e-11
2019-10-26, 20:53:51, 9.2e-13, 8.81e-11
2019-10-26, 20:53:55, 1.02e-12, 8.81e-11
2019-10-26, 20:53:59, 9.32e-13, 8.75e-11
2019-10-26, 20:54:04, 9.5e-13, 8.79e-11
2019-10-26, 20:54:08, 9.08e-13, 8.77e-11
2019-10-26, 20:54:12, 9.77e-13, 8.8e-11
2019-10-26, 20:54:16, 8.61e-13, 8.77e-11
2019-10-26, 20:54:21, 9.81e-13, 8.82e-11
2019-10-26, 20:54:25, 9.72e-13, 8.8e-11
2019-10-26, 20:54:29, 1.01e-12, 8.81e-11
2019-10-26, 20:54:33, 9.88e-13, 8.79e-11
2019-10-26, 20:54:37, 1.01e-12, 8.78e-11
2019-10-26, 20:54:42, 9.07e-13, 8.8e-11
2019-10-26, 20:54:46, 9.46e-13, 8.79e-11
2019-10-26, 20:54:50, 9.52e-13, 8.84e-11
2019-10-26, 20:54:54, 9.57e-13, 8.81e-11
2019-10-26, 20:54:59, 9.17e-13, 8.84e-11
2019-10-26, 20:55:03, 9.51e-13, 8.8e-11
2019-10-26, 20:55:07, 9.94e-13, 8.81e-11
2019-10-26, 20:55:11, 1.01e-12, 8.8e-11
2019-10-26, 20:55:15, 9.28e-13, 8.76e-11
2019-10-26, 20:55:20, 9.66e-13, 8.71e-11
2019-10-26, 20:55:24, 9.73e-13, 8.74e-11
2019-10-26, 20:55:28, 1.02e-12, 8.69e-11
2019-10-26, 20:55:32, 9.45e-13, 8.72e-11
2019-10-26, 20:55:37, 9.49e-13, 8.71e-11
2019-10-26, 20:55:41, 1.01e-12, 8.71e-11
2019-10-26, 20:55:45, 9.64e-13, 8.71e-11
2019-10-26, 20:55:49, 9.97e-13, 8.74e-11
2019-10-26, 20:55:53, 1.05e-12, 8.71e-11
2019-10-26, 20:55:58, 9.49e-13, 8.73e-11
2019-10-26, 20:56:02, 9.38e-13, 8.76e-11
2019-10-26, 20:56:06, 9.54e-13, 8.73e-11
2019-10-26, 20:56:10, 9.51e-13, 8.76e-11
2019-10-26, 20:56:15, 9.07e-13, 8.76e-11
2019-10-26, 20:56:19, 9.48e-13, 8.77e-11
2019-10-26, 20:56:23, 9.32e-13, 8.82e-11
2019-10-26, 20:56:27, 1e-12, 8.79e-11
2019-10-26, 20:56:31, 9.97e-13, 8.78e-11
2019-10-26, 20:56:36, 9.54e-13, 8.8e-11
2019-10-26, 20:56:40, 1.06e-12, 8.82e-11
2019-10-26, 20:56:44, 9.63e-13, 8.75e-11
2019-10-26, 20:56:48, 9.83e-13, 8.8e-11
2019-10-26, 20:56:53, 8.91e-13, 8.78e-11
2019-10-26, 20:56:57, 9.98e-13, 8.77e-11
2019-10-26, 20:57:01, 9.78e-13, 8.81e-11
2019-10-26, 20:57:05, 9.08e-13, 8.77e-11
2019-10-26, 20:57:09, 9.79e-13, 8.76e-11
2019-10-26, 20:57:14, 9.94e-13, 8.8e-11
2019-10-26, 20:57:18, 9.56e-13, 8.79e-11
2019-10-26, 20:57:22, 1.04e-12, 8.82e-11
2019-10-26, 20:57:26, 9.72e-13, 8.81e-11
2019-10-26, 20:57:31, 9.32e-13, 8.81e-11
2019-10-26, 20:57:35, 1.08e-12, 8.79e-11
2019-10-26, 20:57:39, 1.02e-12, 8.79e-11
2019-10-26, 20:57:43, 9.94e-13, 8.8e-11
2019-10-26, 20:57:47, 9.48e-13, 8.82e-11
2019-10-26, 20:57:52, 9.09e-13, 8.82e-11
2019-10-26, 20:57:56, 9.03e-13, 8.81e-11
2019-10-26, 20:58:00, 9.45e-13, 8.81e-11
2019-10-26, 20:58:04, 9.97e-13, 8.86e-11
2019-10-26, 20:58:09, 7.98e-13, 8.8e-11
2019-10-26, 20:58:13, 9.38e-13, 8.83e-11
2019-10-26, 20:58:17, 9.42e-13, 8.8e-11
2019-10-26, 20:58:21, 9.04e-13, 8.76e-11
2019-10-26, 20:58:25, 8.81e-13, 8.8e-11
2019-10-26, 20:58:30, 9.68e-13, 8.8e-11
2019-10-26, 20:58:34, 9.44e-13, 8.87e-11
2019-10-26, 20:58:38, 9.27e-13, 8.78e-11
2019-10-26, 20:58:42, 9.86e-13, 8.84e-11
2019-10-26, 20:58:47, 1.01e-12, 8.84e-11
2019-10-26, 20:58:51, 9.82e-13, 8.82e-11
2019-10-26, 20:58:55, 9.88e-13, 8.82e-11
2019-10-26, 20:58:59, 1.02e-12, 8.82e-11
2019-10-26, 20:59:03, 9.7e-13, 8.83e-11
2019-10-26, 20:59:08, 9.41e-13, 8.78e-11
2019-10-26, 20:59:12, 9.68e-13, 8.81e-11
2019-10-26, 20:59:16, 1.08e-12, 8.8e-11
2019-10-26, 20:59:20, 9.39e-13, 8.8e-11
2019-10-26, 20:59:24, 8.43e-13, 8.79e-11
2019-10-26, 20:59:29, 8.97e-13, 8.81e-11
2019-10-26, 20:59:33, 8.77e-13, 8.81e-11
2019-10-26, 20:59:37, 9.33e-13, 8.79e-11
2019-10-26, 20:59:41, 9.56e-13, 8.8e-11
2019-10-26, 20:59:46, 9.55e-13, 8.83e-11
2019-10-26, 20:59:50, 9.42e-13, 8.82e-11
2019-10-26, 20:59:54, 9.15e-13, 8.73e-11
2019-10-26, 20:59:58, 9.04e-13, 8.71e-11
2019-10-26, 21:00:02, 9.36e-13, 8.81e-11
2019-10-26, 21:00:07, 1.03e-12, 8.73e-11
2019-10-26, 21:00:11, 9.87e-13, 8.72e-11
2019-10-26, 21:00:15, 1.02e-12, 8.82e-11
2019-10-26, 21:00:19, 9.67e-13, 8.82e-11
2019-10-26, 21:00:24, 9.72e-13, 8.82e-11
2019-10-26, 21:00:28, 1.03e-12, 8.82e-11
2019-10-26, 21:00:32, 1.07e-12, 8.81e-11
2019-10-26, 21:00:36, 9.7e-13, 8.8e-11
2019-10-26, 21:00:40, 9.48e-13, 8.79e-11
2019-10-26, 21:00:45, 9.88e-13, 8.76e-11
2019-10-26, 21:00:49, 8.5e-13, 8.71e-11
2019-10-26, 21:00:53, 9.57e-13, 8.77e-11
2019-10-26, 21:00:57, 9.74e-13, 8.76e-11
2019-10-26, 21:01:02, 9.5e-13, 8.71e-11
2019-10-26, 21:01:06, 9.71e-13, 8.75e-11
2019-10-26, 21:01:10, 9.3e-13, 8.77e-11
2019-10-26, 21:01:14, 1.05e-12, 8.76e-11
2019-10-26, 21:01:18, 8.85e-13, 8.73e-11
2019-10-26, 21:01:23, 9.55e-13, 8.73e-11
2019-10-26, 21:01:27, 9.79e-13, 8.75e-11
2019-10-26, 21:01:31, 9.48e-13, 8.8e-11
2019-10-26, 21:01:35, 9.93e-13, 8.77e-11
2019-10-26, 21:01:40, 1.07e-12, 8.76e-11
2019-10-26, 21:01:44, 9.41e-13, 8.76e-11
2019-10-26, 21:01:48, 9.28e-13, 8.8e-11
2019-10-26, 21:01:52, 8.76e-13, 8.85e-11
2019-10-26, 21:01:56, 9.38e-13, 8.84e-11
2019-10-26, 21:02:01, 9.45e-13, 8.78e-11
2019-10-26, 21:02:05, 9.75e-13, 8.8e-11
2019-10-26, 21:02:09, 1.03e-12, 8.79e-11
2019-10-26, 21:02:13, 9.95e-13, 8.8e-11
2019-10-26, 21:02:18, 9.72e-13, 8.81e-11
2019-10-26, 21:02:22, 9.53e-13, 8.77e-11
2019-10-26, 21:02:26, 9.96e-13, 8.79e-11
2019-10-26, 21:02:30, 9.47e-13, 8.88e-11
2019-10-26, 21:02:34, 9.76e-13, 8.82e-11
2019-10-26, 21:02:39, 9.51e-13, 8.87e-11
2019-10-26, 21:02:43, 9.44e-13, 8.82e-11
2019-10-26, 21:02:47, 9.51e-13, 8.8e-11
2019-10-26, 21:02:51, 1.02e-12, 8.8e-11
2019-10-26, 21:02:56, 9.58e-13, 8.83e-11
2019-10-26, 21:03:00, 9.88e-13, 8.85e-11
2019-10-26, 21:03:04, 9.09e-13, 8.83e-11
2019-10-26, 21:03:08, 9.87e-13, 8.84e-11
2019-10-26, 21:03:12, 9.56e-13, 8.81e-11
2019-10-26, 21:03:17, 9.55e-13, 8.8e-11
2019-10-26, 21:03:21, 9.65e-13, 8.75e-11
2019-10-26, 21:03:25, 9.66e-13, 8.79e-11
2019-10-26, 21:03:29, 9.89e-13, 8.77e-11
2019-10-26, 21:03:34, 9.77e-13, 8.79e-11
2019-10-26, 21:03:38, 8.85e-13, 8.8e-11
2019-10-26, 21:03:42, 9.5e-13, 8.79e-11
2019-10-26, 21:03:46, 9.74e-13, 8.8e-11
2019-10-26, 21:03:50, 1.01e-12, 8.77e-11
2019-10-26, 21:03:55, 9.05e-13, 8.79e-11
2019-10-26, 21:03:59, 9.58e-13, 8.8e-11
2019-10-26, 21:04:03, 9.13e-13, 8.75e-11
2019-10-26, 21:04:07, 9.86e-13, 8.77e-11
2019-10-26, 21:04:12, 1.01e-12, 8.79e-11
2019-10-26, 21:04:16, 1e-12, 8.78e-11
2019-10-26, 21:04:20, 9.75e-13, 8.78e-11
2019-10-26, 21:04:24, 9.55e-13, 8.81e-11
2019-10-26, 21:04:28, 9.15e-13, 8.79e-11
2019-10-26, 21:04:33, 1.09e-12, 8.78e-11
2019-10-26, 21:04:37, 9.36e-13, 8.83e-11
2019-10-26, 21:04:41, 9.69e-13, 8.77e-11
2019-10-26, 21:04:45, 9.92e-13, 8.79e-11
2019-10-26, 21:04:50, 1.03e-12, 8.79e-11
2019-10-26, 21:04:54, 8.53e-13, 8.82e-11
2019-10-26, 21:04:58, 9.2e-13, 8.79e-11
2019-10-26, 21:05:02, 9.39e-13, 8.81e-11
2019-10-26, 21:05:06, 1.01e-12, 8.8e-11
2019-10-26, 21:05:11, 1.04e-12, 8.79e-11
2019-10-26, 21:05:15, 9.3e-13, 8.79e-11
2019-10-26, 21:05:19, 9.61e-13, 8.76e-11
2019-10-26, 21:05:23, 9.51e-13, 8.73e-11
2019-10-26, 21:05:28, 9.86e-13, 8.73e-11
2019-10-26, 21:05:32, 9.99e-13, 8.75e-11
2019-10-26, 21:05:36, 9.24e-13, 8.73e-11
2019-10-26, 21:05:40, 9.97e-13, 8.71e-11
2019-10-26, 21:05:44, 8.92e-13, 8.73e-11
2019-10-26, 21:05:49, 1.01e-12, 8.68e-11
2019-10-26, 21:05:53, 1.01e-12, 8.75e-11
2019-10-26, 21:05:57, 9.16e-13, 8.72e-11
2019-10-26, 21:06:01, 9.48e-13, 8.76e-11
2019-10-26, 21:06:06, 8.25e-13, 8.76e-11
2019-10-26, 21:06:10, 9.57e-13, 8.77e-11
2019-10-26, 21:06:14, 9.45e-13, 8.78e-11
2019-10-26, 21:06:18, 9.46e-13, 8.77e-11
2019-10-26, 21:06:22, 9.08e-13, 8.78e-11
2019-10-26, 21:06:27, 9.7e-13, 8.77e-11
2019-10-26, 21:06:31, 9.49e-13, 8.75e-11
2019-10-26, 21:06:35, 9.22e-13, 8.76e-11
2019-10-26, 21:06:39, 9.8e-13, 8.75e-11
2019-10-26, 21:06:44, 9.61e-13, 8.75e-11
2019-10-26, 21:06:48, 8.87e-13, 8.78e-11
2019-10-26, 21:06:52, 9.91e-13, 8.79e-11
2019-10-26, 21:06:56, 1.01e-12, 8.77e-11
2019-10-26, 21:07:00, 9.67e-13, 8.79e-11
2019-10-26, 21:07:05, 9.91e-13, 8.78e-11
2019-10-26, 21:07:09, 9.69e-13, 8.74e-11
2019-10-26, 21:07:13, 9.63e-13, 8.74e-11
2019-10-26, 21:07:17, 9.66e-13, 8.8e-11
2019-10-26, 21:07:22, 9.71e-13, 8.75e-11
2019-10-26, 21:07:26, 9.62e-13, 8.74e-11
2019-10-26, 21:07:30, 9.56e-13, 8.73e-11
2019-10-26, 21:07:34, 1e-12, 8.77e-11
2019-10-26, 21:07:38, 1.04e-12, 8.75e-11
2019-10-26, 21:07:43, 9.9e-13, 8.8e-11
2019-10-26, 21:07:47, 8.78e-13, 8.75e-11
2019-10-26, 21:07:51, 9.34e-13, 8.76e-11
2019-10-26, 21:07:55, 9.51e-13, 8.75e-11
2019-10-26, 21:08:00, 9.53e-13, 8.75e-11
2019-10-26, 21:08:04, 9.13e-13, 8.76e-11
2019-10-26, 21:08:08, 9.8e-13, 8.76e-11
2019-10-26, 21:08:12, 1.02e-12, 8.73e-11
2019-10-26, 21:08:16, 9.17e-13, 8.76e-11
2019-10-26, 21:08:21, 9.95e-13, 8.72e-11
2019-10-26, 21:08:25, 9.76e-13, 8.71e-11
2019-10-26, 21:08:29, 1.06e-12, 8.71e-11
2019-10-26, 21:08:33, 9.98e-13, 8.73e-11
2019-10-26, 21:08:37, 9.2e-13, 8.73e-11
2019-10-26, 21:08:42, 9.78e-13, 8.72e-11
2019-10-26, 21:08:46, 9.35e-13, 8.74e-11
2019-10-26, 21:08:50, 9.98e-13, 8.72e-11
2019-10-26, 21:08:54, 1.01e-12, 8.74e-11
2019-10-26, 21:08:59, 1.01e-12, 8.71e-11
2019-10-26, 21:09:03, 9.94e-13, 8.75e-11
2019-10-26, 21:09:07, 9.48e-13, 8.71e-11
2019-10-26, 21:09:11, 1.02e-12, 8.78e-11
2019-10-26, 21:09:15, 1e-12, 8.74e-11
2019-10-26, 21:09:20, 9.52e-13, 8.77e-11
2019-10-26, 21:09:24, 9.47e-13, 8.75e-11
2019-10-26, 21:09:28, 9.44e-13, 8.79e-11
2019-10-26, 21:09:32, 1.12e-12, 8.78e-11
2019-10-26, 21:09:37, 9.72e-13, 8.8e-11
2019-10-26, 21:09:41, 9.15e-13, 8.77e-11
2019-10-26, 21:09:45, 1.04e-12, 8.77e-11
2019-10-26, 21:09:49, 9.27e-13, 8.79e-11
2019-10-26, 21:09:53, 9.74e-13, 8.77e-11
2019-10-26, 21:09:58, 9.71e-13, 8.74e-11
2019-10-26, 21:10:02, 9.43e-13, 8.74e-11
2019-10-26, 21:10:06, 9.64e-13, 8.75e-11
2019-10-26, 21:10:10, 9.2e-13, 8.78e-11
2019-10-26, 21:10:15, 9.01e-13, 8.77e-11
2019-10-26, 21:10:19, 9.03e-13, 8.75e-11
2019-10-26, 21:10:23, 1e-12, 8.76e-11
2019-10-26, 21:10:27, 1.05e-12, 8.74e-11
2019-10-26, 21:10:31, 1.04e-12, 8.73e-11
2019-10-26, 21:10:36, 9.78e-13, 8.77e-11
2019-10-26, 21:10:40, 9.45e-13, 8.79e-11
2019-10-26, 21:10:44, 1.05e-12, 8.77e-11
2019-10-26, 21:10:48, 1.08e-12, 8.78e-11
2019-10-26, 21:10:53, 9.99e-13, 8.74e-11
2019-10-26, 21:10:57, 9.81e-13, 8.75e-11
2019-10-26, 21:11:01, 9.87e-13, 8.78e-11
2019-10-26, 21:11:05, 9.99e-13, 8.77e-11
2019-10-26, 21:11:09, 9.67e-13, 8.77e-11
2019-10-26, 21:11:14, 9.78e-13, 8.84e-11
2019-10-26, 21:11:18, 8.87e-13, 8.76e-11
2019-10-26, 21:11:22, 9.42e-13, 8.74e-11
2019-10-26, 21:11:26, 1.01e-12, 8.75e-11
2019-10-26, 21:11:31, 9.14e-13, 8.77e-11
2019-10-26, 21:11:35, 9.37e-13, 8.78e-11
2019-10-26, 21:11:39, 9.43e-13, 8.79e-11
2019-10-26, 21:11:43, 1.06e-12, 8.78e-11
2019-10-26, 21:11:47, 1.03e-12, 8.82e-11
2019-10-26, 21:11:52, 9.92e-13, 8.79e-11
2019-10-26, 21:11:56, 1.02e-12, 8.74e-11
2019-10-26, 21:12:00, 9.46e-13, 8.75e-11
2019-10-26, 21:12:04, 9.88e-13, 8.73e-11
2019-10-26, 21:12:09, 9.8e-13, 8.76e-11
2019-10-26, 21:12:13, 9.59e-13, 8.76e-11
2019-10-26, 21:12:17, 9.45e-13, 8.73e-11
2019-10-26, 21:12:21, 9.78e-13, 8.74e-11
2019-10-26, 21:12:25, 9.57e-13, 8.73e-11
2019-10-26, 21:12:30, 1.01e-12, 8.75e-11
2019-10-26, 21:12:34, 9.06e-13, 8.76e-11
2019-10-26, 21:12:38, 8.94e-13, 8.76e-11
2019-10-26, 21:12:42, 9.35e-13, 8.72e-11
2019-10-26, 21:12:46, 1.03e-12, 8.76e-11
2019-10-26, 21:12:51, 9.78e-13, 8.8e-11
2019-10-26, 21:12:55, 9.47e-13, 8.77e-11
2019-10-26, 21:12:59, 9.52e-13, 8.75e-11
2019-10-26, 21:13:03, 1.17e-12, 8.76e-11
2019-10-26, 21:13:08, 9.78e-13, 8.75e-11
2019-10-26, 21:13:12, 9.77e-13, 8.79e-11
2019-10-26, 21:13:16, 9.63e-13, 8.8e-11
2019-10-26, 21:13:20, 9.61e-13, 8.72e-11
2019-10-26, 21:13:24, 8.96e-13, 8.78e-11
2019-10-26, 21:13:29, 8.93e-13, 8.78e-11
2019-10-26, 21:13:33, 1.01e-12, 8.78e-11
2019-10-26, 21:13:37, 9.41e-13, 8.78e-11
2019-10-26, 21:13:41, 9.57e-13, 8.74e-11
2019-10-26, 21:13:46, 9.38e-13, 8.73e-11
2019-10-26, 21:13:50, 9.41e-13, 8.79e-11
2019-10-26, 21:13:54, 9.71e-13, 8.74e-11
2019-10-26, 21:13:58, 9.04e-13, 8.76e-11
2019-10-26, 21:14:02, 9.32e-13, 8.73e-11
2019-10-26, 21:14:07, 9.83e-13, 8.7e-11
2019-10-26, 21:14:11, 9.28e-13, 8.77e-11
2019-10-26, 21:14:15, 9.74e-13, 8.78e-11
2019-10-26, 21:14:19, 9.57e-13, 8.77e-11
2019-10-26, 21:14:24, 1.05e-12, 8.73e-11
2019-10-26, 21:14:28, 1.01e-12, 8.73e-11
2019-10-26, 21:14:32, 9.91e-13, 8.76e-11
2019-10-26, 21:14:36, 9.07e-13, 8.77e-11
2019-10-26, 21:14:40, 9.55e-13, 8.77e-11
2019-10-26, 21:14:45, 9.51e-13, 8.78e-11
2019-10-26, 21:14:49, 9.61e-13, 8.76e-11
2019-10-26, 21:14:53, 9.61e-13, 8.77e-11
2019-10-26, 21:14:57, 9.65e-13, 8.75e-11
2019-10-26, 21:15:02, 9.38e-13, 8.8e-11
2019-10-26, 21:15:06, 1.02e-12, 8.79e-11
2019-10-26, 21:15:10, 9.9e-13, 8.71e-11
2019-10-26, 21:15:14, 1.1e-12, 8.78e-11
2019-10-26, 21:15:18, 1.02e-12, 8.73e-11
2019-10-26, 21:15:23, 9.44e-13, 8.79e-11
2019-10-26, 21:15:27, 9.48e-13, 8.78e-11
2019-10-26, 21:15:31, 9.78e-13, 8.79e-11
2019-10-26, 21:15:35, 8.52e-13, 8.74e-11
2019-10-26, 21:15:40, 1.01e-12, 8.78e-11
2019-10-26, 21:15:44, 9.94e-13, 8.74e-11
2019-10-26, 21:15:48, 9.77e-13, 8.8e-11
2019-10-26, 21:15:52, 8.99e-13, 8.8e-11
2019-10-26, 21:15:56, 9.54e-13, 8.77e-11
2019-10-26, 21:16:01, 9.22e-13, 8.77e-11
2019-10-26, 21:16:05, 9.36e-13, 8.73e-11
2019-10-26, 21:16:09, 9.03e-13, 8.77e-11
2019-10-26, 21:16:13, 9.95e-13, 8.79e-11
2019-10-26, 21:16:18, 9.78e-13, 8.73e-11
2019-10-26, 21:16:22, 1.01e-12, 8.77e-11
2019-10-26, 21:16:26, 8.82e-13, 8.77e-11
2019-10-26, 21:16:30, 9.22e-13, 8.79e-11
2019-10-26, 21:16:34, 9.38e-13, 8.79e-11
2019-10-26, 21:16:39, 8.77e-13, 8.77e-11
2019-10-26, 21:16:43, 9.95e-13, 8.77e-11
2019-10-26, 21:16:47, 9.3e-13, 8.73e-11
2019-10-26, 21:16:51, 1.01e-12, 8.77e-11
2019-10-26, 21:16:56, 9.69e-13, 8.8e-11
2019-10-26, 21:17:00, 1.12e-12, 8.78e-11
2019-10-26, 21:17:04, 9.21e-13, 8.78e-11
2019-10-26, 21:17:08, 1e-12, 8.79e-11
2019-10-26, 21:17:12, 9.92e-13, 8.79e-11
2019-10-26, 21:17:17, 9.56e-13, 8.81e-11
2019-10-26, 21:17:21, 9.79e-13, 8.76e-11
2019-10-26, 21:17:25, 9.6e-13, 8.79e-11
2019-10-26, 21:17:29, 9.39e-13, 8.76e-11
2019-10-26, 21:17:34, 9.73e-13, 8.78e-11
2019-10-26, 21:17:38, 9.66e-13, 8.8e-11
2019-10-26, 21:17:42, 9.11e-13, 8.71e-11
2019-10-26, 21:17:46, 9.25e-13, 8.73e-11
2019-10-26, 21:17:50, 9.27e-13, 8.76e-11
2019-10-26, 21:17:55, 9.88e-13, 8.77e-11
2019-10-26, 21:17:59, 9.61e-13, 8.73e-11
2019-10-26, 21:18:03, 9.73e-13, 8.82e-11
2019-10-26, 21:18:07, 9.17e-13, 8.76e-11
2019-10-26, 21:18:12, 9.79e-13, 8.74e-11
2019-10-26, 21:18:16, 9.89e-13, 8.73e-11
2019-10-26, 21:18:20, 9.92e-13, 8.74e-11
2019-10-26, 21:18:24, 9.54e-13, 8.74e-11
2019-10-26, 21:18:28, 1.01e-12, 8.75e-11
2019-10-26, 21:18:33, 9.54e-13, 8.8e-11
2019-10-26, 21:18:37, 9.86e-13, 8.77e-11
2019-10-26, 21:18:41, 9.86e-13, 8.78e-11
2019-10-26, 21:18:45, 1.09e-12, 8.78e-11
2019-10-26, 21:18:49, 1e-12, 8.73e-11
2019-10-26, 21:18:54, 9.65e-13, 8.73e-11
2019-10-26, 21:18:58, 9.33e-13, 8.7e-11
2019-10-26, 21:19:02, 9.51e-13, 8.71e-11
2019-10-26, 21:19:06, 9.83e-13, 8.72e-11
2019-10-26, 21:19:11, 1.07e-12, 8.78e-11
2019-10-26, 21:19:15, 9.14e-13, 8.75e-11
2019-10-26, 21:19:19, 9.64e-13, 8.73e-11
2019-10-26, 21:19:23, 9.93e-13, 8.74e-11
2019-10-26, 21:19:27, 9.28e-13, 8.75e-11
2019-10-26, 21:19:32, 8.89e-13, 8.72e-11
2019-10-26, 21:19:36, 9.67e-13, 8.73e-11
2019-10-26, 21:19:40, 1.02e-12, 8.74e-11
2019-10-26, 21:19:44, 1.01e-12, 8.74e-11
2019-10-26, 21:19:49, 9.62e-13, 8.78e-11
2019-10-26, 21:19:53, 8.4e-13, 8.81e-11
2019-10-26, 21:19:57, 9.89e-13, 8.74e-11
2019-10-26, 21:20:01, 9.35e-13, 8.79e-11
2019-10-26, 21:20:05, 9.34e-13, 8.77e-11
2019-10-26, 21:20:10, 9.35e-13, 8.74e-11
2019-10-26, 21:20:14, 9.74e-13, 8.75e-11
2019-10-26, 21:20:18, 1.01e-12, 8.81e-11
2019-10-26, 21:20:22, 1.01e-12, 8.78e-11
2019-10-26, 21:20:27, 9.75e-13, 8.77e-11
2019-10-26, 21:20:31, 9.6e-13, 8.77e-11
2019-10-26, 21:20:35, 9.47e-13, 8.74e-11
2019-10-26, 21:20:39, 9.39e-13, 8.77e-11
2019-10-26, 21:20:43, 9.21e-13, 8.75e-11
2019-10-26, 21:20:48, 9.28e-13, 8.77e-11
2019-10-26, 21:20:52, 1.01e-12, 8.74e-11
2019-10-26, 21:20:56, 9.9e-13, 8.74e-11
2019-10-26, 21:21:00, 9.45e-13, 8.75e-11
2019-10-26, 21:21:05, 9.5e-13, 8.76e-11
2019-10-26, 21:21:09, 9.01e-13, 8.78e-11
2019-10-26, 21:21:13, 9.4e-13, 8.78e-11
2019-10-26, 21:21:17, 1.06e-12, 8.74e-11
2019-10-26, 21:21:21, 1.03e-12, 8.76e-11
2019-10-26, 21:21:26, 9.83e-13, 8.78e-11
2019-10-26, 21:21:30, 9.83e-13, 8.77e-11
2019-10-26, 21:21:34, 9.48e-13, 8.76e-11
2019-10-26, 21:21:38, 9.6e-13, 8.82e-11
2019-10-26, 21:21:43, 9.72e-13, 8.79e-11
2019-10-26, 21:21:47, 9.41e-13, 8.77e-11
2019-10-26, 21:21:51, 9.51e-13, 8.76e-11
2019-10-26, 21:21:55, 1.01e-12, 8.81e-11
2019-10-26, 21:21:59, 9.55e-13, 8.76e-11
2019-10-26, 21:22:04, 9.72e-13, 8.79e-11
2019-10-26, 21:22:08, 9.74e-13, 8.71e-11
2019-10-26, 21:22:12, 9.38e-13, 8.75e-11
2019-10-26, 21:22:16, 9.5e-13, 8.74e-11
2019-10-26, 21:22:21, 9.18e-13, 8.76e-11
2019-10-26, 21:22:25, 9.39e-13, 8.78e-11
2019-10-26, 21:22:29, 9.44e-13, 8.73e-11
2019-10-26, 21:22:33, 9.44e-13, 8.74e-11
2019-10-26, 21:22:37, 9.42e-13, 8.71e-11
2019-10-26, 21:22:42, 9.36e-13, 8.77e-11
2019-10-26, 21:22:46, 9.64e-13, 8.76e-11
2019-10-26, 21:22:50, 9.85e-13, 8.76e-11
2019-10-26, 21:22:54, 9.31e-13, 8.76e-11
2019-10-26, 21:22:59, 9.45e-13, 8.75e-11
2019-10-26, 21:23:03, 9.91e-13, 8.74e-11
2019-10-26, 21:23:07, 8.94e-13, 8.8e-11
2019-10-26, 21:23:11, 9.63e-13, 8.79e-11
2019-10-26, 21:23:15, 8.85e-13, 8.77e-11
2019-10-26, 21:23:20, 9.42e-13, 8.79e-11
2019-10-26, 21:23:24, 8.94e-13, 8.8e-11
2019-10-26, 21:23:28, 9.37e-13, 8.75e-11
2019-10-26, 21:23:32, 9.4e-13, 8.77e-11
2019-10-26, 21:23:37, 9.42e-13, 8.75e-11
2019-10-26, 21:23:41, 1.01e-12, 8.72e-11
2019-10-26, 21:23:45, 9.21e-13, 8.76e-11
2019-10-26, 21:23:49, 9.15e-13, 8.73e-11
2019-10-26, 21:23:53, 9.12e-13, 8.75e-11
2019-10-26, 21:23:58, 1e-12, 8.73e-11
2019-10-26, 21:24:02, 9.84e-13, 8.72e-11
2019-10-26, 21:24:06, 1.06e-12, 8.76e-11
2019-10-26, 21:24:10, 9.31e-13, 8.74e-11
2019-10-26, 21:24:15, 9.41e-13, 8.75e-11
2019-10-26, 21:24:19, 9.49e-13, 8.76e-11
2019-10-26, 21:24:23, 9.55e-13, 8.72e-11
2019-10-26, 21:24:27, 9.57e-13, 8.79e-11
2019-10-26, 21:24:31, 9.88e-13, 8.74e-11
2019-10-26, 21:24:36, 9.69e-13, 8.76e-11
2019-10-26, 21:24:40, 9.64e-13, 8.8e-11
2019-10-26, 21:24:44, 9.9e-13, 8.78e-11
2019-10-26, 21:24:48, 9.97e-13, 8.77e-11
2019-10-26, 21:24:52, 1.01e-12, 8.75e-11
2019-10-26, 21:24:57, 9.62e-13, 8.76e-11
2019-10-26, 21:25:01, 9.63e-13, 8.74e-11
2019-10-26, 21:25:05, 8.96e-13, 8.78e-11
2019-10-26, 21:25:09, 8.38e-13, 8.79e-11
2019-10-26, 21:25:14, 9.53e-13, 8.77e-11
2019-10-26, 21:25:18, 1e-12, 8.74e-11
2019-10-26, 21:25:22, 9.6e-13, 8.79e-11
2019-10-26, 21:25:26, 9.79e-13, 8.75e-11
2019-10-26, 21:25:30, 9.49e-13, 8.78e-11
2019-10-26, 21:25:35, 9.31e-13, 8.76e-11
2019-10-26, 21:25:39, 8.82e-13, 8.74e-11
2019-10-26, 21:25:43, 9.32e-13, 8.76e-11
2019-10-26, 21:25:47, 9.78e-13, 8.76e-11
2019-10-26, 21:25:52, 9.47e-13, 8.75e-11
2019-10-26, 21:25:56, 9.6e-13, 8.77e-11
2019-10-26, 21:26:00, 8.41e-13, 8.75e-11
2019-10-26, 21:26:04, 9.4e-13, 8.76e-11
2019-10-26, 21:26:08, 9.75e-13, 8.75e-11
2019-10-26, 21:26:13, 9.4e-13, 8.74e-11
2019-10-26, 21:26:17, 9.27e-13, 8.8e-11
2019-10-26, 21:26:21, 9.13e-13, 8.75e-11
2019-10-26, 21:26:25, 9.59e-13, 8.76e-11
2019-10-26, 21:26:30, 9.85e-13, 8.75e-11
2019-10-26, 21:26:34, 1.02e-12, 8.79e-11
2019-10-26, 21:26:38, 9.9e-13, 8.77e-11
2019-10-26, 21:26:42, 9.64e-13, 8.76e-11
2019-10-26, 21:26:46, 1.03e-12, 8.77e-11
2019-10-26, 21:26:51, 9.17e-13, 8.75e-11
2019-10-26, 21:26:55, 9.42e-13, 8.75e-11
2019-10-26, 21:26:59, 9.8e-13, 8.77e-11
2019-10-26, 21:27:03, 9.35e-13, 8.73e-11
2019-10-26, 21:27:08, 9.56e-13, 8.76e-11
2019-10-26, 21:27:12, 8.65e-13, 8.78e-11
2019-10-26, 21:27:16, 9.78e-13, 8.82e-11
2019-10-26, 21:27:20, 9.24e-13, 8.71e-11
2019-10-26, 21:27:24, 9.88e-13, 8.74e-11
2019-10-26, 21:27:29, 9.36e-13, 8.77e-11
2019-10-26, 21:27:33, 9.56e-13, 8.77e-11
2019-10-26, 21:27:37, 8.87e-13, 8.75e-11
2019-10-26, 21:27:41, 1e-12, 8.77e-11
2019-10-26, 21:27:46, 9.73e-13, 8.77e-11
2019-10-26, 21:27:50, 9.21e-13, 8.76e-11
2019-10-26, 21:27:54, 1.03e-12, 8.82e-11
2019-10-26, 21:27:58, 9.59e-13, 8.75e-11
2019-10-26, 21:28:02, 9.57e-13, 8.76e-11
2019-10-26, 21:28:07, 1.1e-12, 8.77e-11
2019-10-26, 21:28:11, 9.23e-13, 8.76e-11
2019-10-26, 21:28:15, 9.55e-13, 8.77e-11
2019-10-26, 21:28:19, 9.98e-13, 8.74e-11
2019-10-26, 21:28:23, 8.83e-13, 8.75e-11
2019-10-26, 21:28:28, 9.83e-13, 8.77e-11
2019-10-26, 21:28:32, 1.13e-12, 8.81e-11
2019-10-26, 21:28:36, 9.27e-13, 8.75e-11
2019-10-26, 21:28:40, 9.28e-13, 8.76e-11
2019-10-26, 21:28:45, 9.4e-13, 8.75e-11
2019-10-26, 21:28:49, 9.47e-13, 8.81e-11
2019-10-26, 21:28:53, 8.12e-13, 8.78e-11
2019-10-26, 21:28:57, 9.65e-13, 8.75e-11
2019-10-26, 21:29:01, 1.01e-12, 8.76e-11
2019-10-26, 21:29:06, 9.62e-13, 8.78e-11
2019-10-26, 21:29:10, 1.02e-12, 8.78e-11
2019-10-26, 21:29:14, 8.99e-13, 8.76e-11
2019-10-26, 21:29:18, 9.71e-13, 8.81e-11
2019-10-26, 21:29:23, 9.91e-13, 8.73e-11
2019-10-26, 21:29:27, 9.26e-13, 8.76e-11
2019-10-26, 21:29:31, 9.68e-13, 8.76e-11
2019-10-26, 21:29:35, 9.62e-13, 8.76e-11
2019-10-26, 21:29:39, 9.71e-13, 8.76e-11
2019-10-26, 21:29:44, 1.01e-12, 8.76e-11
2019-10-26, 21:29:48, 9.88e-13, 8.76e-11
2019-10-26, 21:29:52, 1.05e-12, 8.79e-11
2019-10-26, 21:29:56, 8.75e-13, 8.78e-11
2019-10-26, 21:30:01, 9.24e-13, 8.79e-11
2019-10-26, 21:30:05, 9.81e-13, 8.75e-11
2019-10-26, 21:30:09, 9.87e-13, 8.77e-11
2019-10-26, 21:30:13, 9.29e-13, 8.77e-11
2019-10-26, 21:30:17, 9.47e-13, 8.77e-11
2019-10-26, 21:30:22, 9.65e-13, 8.72e-11
2019-10-26, 21:30:26, 9.61e-13, 8.78e-11
2019-10-26, 21:30:30, 9.5e-13, 8.73e-11
2019-10-26, 21:30:34, 9.79e-13, 8.77e-11
2019-10-26, 21:30:39, 9.51e-13, 8.73e-11
2019-10-26, 21:30:43, 9.2e-13, 8.79e-11
2019-10-26, 21:30:47, 9.39e-13, 8.74e-11
2019-10-26, 21:30:51, 9.65e-13, 8.75e-11
2019-10-26, 21:30:56, 9.86e-13, 8.76e-11
2019-10-26, 21:31:00, 1.01e-12, 8.73e-11
2019-10-26, 21:31:04, 9.69e-13, 8.76e-11
2019-10-26, 21:31:08, 9.94e-13, 8.77e-11
2019-10-26, 21:31:13, 9.55e-13, 8.75e-11
2019-10-26, 21:31:17, 9.87e-13, 8.83e-11
2019-10-26, 21:31:21, 9.25e-13, 8.78e-11
2019-10-26, 21:31:25, 9.87e-13, 8.79e-11
2019-10-26, 21:31:29, 9.49e-13, 8.77e-11
2019-10-26, 21:31:34, 1e-12, 8.76e-11
2019-10-26, 21:31:38, 9.94e-13, 8.77e-11
2019-10-26, 21:31:42, 1.01e-12, 8.79e-11
2019-10-26, 21:31:46, 9.42e-13, 8.77e-11
2019-10-26, 21:31:50, 8.36e-13, 8.72e-11
2019-10-26, 21:31:55, 9.94e-13, 8.73e-11
2019-10-26, 21:31:59, 9.41e-13, 8.78e-11
2019-10-26, 21:32:03, 9.55e-13, 8.75e-11
2019-10-26, 21:32:07, 9.59e-13, 8.73e-11
2019-10-26, 21:32:12, 9.12e-13, 8.75e-11
2019-10-26, 21:32:16, 9.89e-13, 8.78e-11
2019-10-26, 21:32:20, 9.68e-13, 8.76e-11
2019-10-26, 21:32:24, 9.87e-13, 8.79e-11
2019-10-26, 21:32:28, 9.24e-13, 8.74e-11
2019-10-26, 21:32:33, 1.03e-12, 8.78e-11
2019-10-26, 21:32:37, 9.89e-13, 8.73e-11
2019-10-26, 21:32:41, 9.41e-13, 8.79e-11
2019-10-26, 21:32:45, 9.5e-13, 8.75e-11
2019-10-26, 21:32:50, 9.42e-13, 8.77e-11
2019-10-26, 21:32:54, 9.28e-13, 8.79e-11
2019-10-26, 21:32:58, 9.62e-13, 8.79e-11
2019-10-26, 21:33:02, 9.69e-13, 8.76e-11
2019-10-26, 21:33:06, 9.53e-13, 8.78e-11
2019-10-26, 21:33:11, 9.83e-13, 8.79e-11
2019-10-26, 21:33:15, 1.02e-12, 8.72e-11
2019-10-26, 21:33:19, 9.54e-13, 8.82e-11
2019-10-26, 21:33:23, 1e-12, 8.78e-11
2019-10-26, 21:33:28, 9.44e-13, 8.76e-11
2019-10-26, 21:33:32, 1e-12, 8.75e-11
2019-10-26, 21:33:36, 9.35e-13, 8.79e-11
2019-10-26, 21:33:40, 9.38e-13, 8.79e-11
2019-10-26, 21:33:44, 9.45e-13, 8.8e-11
2019-10-26, 21:33:49, 9.32e-13, 8.77e-11
2019-10-26, 21:33:53, 9.52e-13, 8.77e-11
2019-10-26, 21:33:57, 8.49e-13, 8.76e-11
2019-10-26, 21:34:01, 9.54e-13, 8.81e-11
2019-10-26, 21:34:06, 9.42e-13, 8.76e-11
2019-10-26, 21:34:10, 9.43e-13, 8.76e-11
2019-10-26, 21:34:14, 9.51e-13, 8.78e-11
2019-10-26, 21:34:18, 9.5e-13, 8.76e-11
2019-10-26, 21:34:22, 9.09e-13, 8.76e-11
2019-10-26, 21:34:27, 1.06e-12, 8.76e-11
2019-10-26, 21:34:31, 9.54e-13, 8.76e-11
2019-10-26, 21:34:35, 9.46e-13, 8.78e-11
2019-10-26, 21:34:39, 9.29e-13, 8.73e-11
2019-10-26, 21:34:44, 9.29e-13, 8.77e-11
2019-10-26, 21:34:48, 9.69e-13, 8.75e-11
2019-10-26, 21:34:52, 8.64e-13, 8.78e-11
2019-10-26, 21:34:56, 9.49e-13, 8.78e-11
2019-10-26, 21:35:00, 1.17e-12, 8.79e-11
2019-10-26, 21:35:05, 9.41e-13, 8.77e-11
2019-10-26, 21:35:09, 9.51e-13, 8.79e-11
2019-10-26, 21:35:13, 8.84e-13, 8.77e-11
2019-10-26, 21:35:17, 9.7e-13, 8.74e-11
2019-10-26, 21:35:22, 9.72e-13, 8.78e-11
2019-10-26, 21:35:26, 9.53e-13, 8.73e-11
2019-10-26, 21:35:30, 9.77e-13, 8.8e-11
2019-10-26, 21:35:34, 8.08e-13, 8.77e-11
2019-10-26, 21:35:38, 9e-13, 8.75e-11
2019-10-26, 21:35:43, 1.01e-12, 8.77e-11
2019-10-26, 21:35:47, 9.05e-13, 8.75e-11
2019-10-26, 21:35:51, 1.01e-12, 8.76e-11
2019-10-26, 21:35:55, 9.77e-13, 8.78e-11
2019-10-26, 21:35:59, 1.06e-12, 8.81e-11
2019-10-26, 21:36:04, 9.38e-13, 8.78e-11
2019-10-26, 21:36:08, 8.98e-13, 8.77e-11
2019-10-26, 21:36:12, 7.65e-13, 8.78e-11
2019-10-26, 21:36:16, 1.04e-12, 8.77e-11
2019-10-26, 21:36:21, 9.62e-13, 8.78e-11
2019-10-26, 21:36:25, 7.93e-13, 8.74e-11
2019-10-26, 21:36:29, 9.84e-13, 8.73e-11
2019-10-26, 21:36:33, 9.36e-13, 8.76e-11
2019-10-26, 21:36:37, 9.03e-13, 8.74e-11
2019-10-26, 21:36:42, 9.72e-13, 8.76e-11
2019-10-26, 21:36:46, 9.82e-13, 8.79e-11
2019-10-26, 21:36:50, 9.35e-13, 8.75e-11
2019-10-26, 21:36:54, 9.91e-13, 8.8e-11
2019-10-26, 21:36:59, 9.7e-13, 8.71e-11
2019-10-26, 21:37:03, 9.59e-13, 8.76e-11
2019-10-26, 21:37:07, 9.65e-13, 8.75e-11
2019-10-26, 21:37:11, 9.92e-13, 8.74e-11
2019-10-26, 21:37:15, 9.28e-13, 8.73e-11
2019-10-26, 21:37:20, 9.99e-13, 8.74e-11
2019-10-26, 21:37:24, 9.4e-13, 8.75e-11
2019-10-26, 21:37:28, 9.41e-13, 8.76e-11
2019-10-26, 21:37:32, 1.07e-12, 8.71e-11
2019-10-26, 21:37:37, 9.55e-13, 8.73e-11
2019-10-26, 21:37:41, 9.12e-13, 8.74e-11
2019-10-26, 21:37:45, 9.59e-13, 8.72e-11
2019-10-26, 21:37:49, 9.4e-13, 8.73e-11
2019-10-26, 21:37:53, 9.37e-13, 8.75e-11
2019-10-26, 21:37:58, 9.26e-13, 8.73e-11
2019-10-26, 21:38:02, 9.35e-13, 8.8e-11
2019-10-26, 21:38:06, 9.89e-13, 8.79e-11
2019-10-26, 21:38:10, 1.03e-12, 8.78e-11
2019-10-26, 21:38:15, 8.7e-13, 8.76e-11
2019-10-26, 21:38:19, 9.41e-13, 8.77e-11
2019-10-26, 21:38:23, 9.9e-13, 8.77e-11
2019-10-26, 21:38:27, 9.03e-13, 8.79e-11
2019-10-26, 21:38:31, 1.1e-12, 8.77e-11
2019-10-26, 21:38:36, 9.82e-13, 8.79e-11
2019-10-26, 21:38:40, 9.91e-13, 8.76e-11
2019-10-26, 21:38:44, 9.06e-13, 8.78e-11
2019-10-26, 21:38:48, 9.88e-13, 8.78e-11
2019-10-26, 21:38:53, 1.03e-12, 8.75e-11
2019-10-26, 21:38:57, 9.31e-13, 8.73e-11
2019-10-26, 21:39:01, 9.32e-13, 8.77e-11
2019-10-26, 21:39:05, 9.2e-13, 8.71e-11
2019-10-26, 21:39:09, 9.79e-13, 8.73e-11
2019-10-26, 21:39:14, 9.06e-13, 8.72e-11
2019-10-26, 21:39:18, 9.57e-13, 8.76e-11
2019-10-26, 21:39:22, 9.61e-13, 8.72e-11
2019-10-26, 21:39:26, 9.22e-13, 8.74e-11
2019-10-26, 21:39:31, 9.94e-13, 8.73e-11
2019-10-26, 21:39:35, 1.02e-12, 8.71e-11
2019-10-26, 21:39:39, 9.83e-13, 8.7e-11
2019-10-26, 21:39:43, 9.74e-13, 8.75e-11
2019-10-26, 21:39:47, 1.05e-12, 8.7e-11
2019-10-26, 21:39:52, 9.21e-13, 8.74e-11
2019-10-26, 21:39:56, 1.05e-12, 8.76e-11
2019-10-26, 21:40:00, 9.48e-13, 8.77e-11
2019-10-26, 21:40:04, 9.2e-13, 8.75e-11
2019-10-26, 21:40:09, 1.03e-12, 8.77e-11
2019-10-26, 21:40:13, 9.82e-13, 8.79e-11
2019-10-26, 21:40:17, 9.09e-13, 8.77e-11
2019-10-26, 21:40:21, 1.14e-12, 8.76e-11
2019-10-26, 21:40:25, 1.02e-12, 8.75e-11
2019-10-26, 21:40:30, 9.08e-13, 8.79e-11
2019-10-26, 21:40:34, 1e-12, 8.77e-11
2019-10-26, 21:40:38, 9.15e-13, 8.74e-11
2019-10-26, 21:40:42, 9.49e-13, 8.81e-11
2019-10-26, 21:40:47, 1.05e-12, 8.81e-11
2019-10-26, 21:40:51, 9.04e-13, 8.77e-11
2019-10-26, 21:40:55, 1.02e-12, 8.76e-11
2019-10-26, 21:40:59, 9.3e-13, 8.75e-11
2019-10-26, 21:41:03, 9.66e-13, 8.74e-11
2019-10-26, 21:41:08, 9.67e-13, 8.75e-11
2019-10-26, 21:41:12, 1.06e-12, 8.76e-11
2019-10-26, 21:41:16, 1.06e-12, 8.8e-11
2019-10-26, 21:41:20, 9.58e-13, 8.76e-11
2019-10-26, 21:41:24, 9.47e-13, 8.77e-11
2019-10-26, 21:41:29, 9.9e-13, 8.81e-11
2019-10-26, 21:41:33, 8.85e-13, 8.77e-11
2019-10-26, 21:41:37, 1.04e-12, 8.78e-11
2019-10-26, 21:41:41, 9.32e-13, 8.74e-11
2019-10-26, 21:41:46, 9.31e-13, 8.73e-11
2019-10-26, 21:41:50, 9.16e-13, 8.74e-11
2019-10-26, 21:41:54, 1.04e-12, 8.74e-11
2019-10-26, 21:41:58, 9.61e-13, 8.73e-11
2019-10-26, 21:42:02, 9.88e-13, 8.75e-11
2019-10-26, 21:42:07, 1e-12, 8.74e-11
2019-10-26, 21:42:11, 9.92e-13, 8.75e-11
2019-10-26, 21:42:15, 9.06e-13, 8.74e-11
2019-10-26, 21:42:19, 9.13e-13, 8.75e-11
2019-10-26, 21:42:24, 9.39e-13, 8.78e-11
2019-10-26, 21:42:28, 9.24e-13, 8.73e-11
2019-10-26, 21:42:32, 9.52e-13, 8.81e-11
2019-10-26, 21:42:36, 9.62e-13, 8.75e-11
2019-10-26, 21:42:40, 9.5e-13, 8.73e-11
2019-10-26, 21:42:45, 9.21e-13, 8.73e-11
2019-10-26, 21:42:49, 1.02e-12, 8.7e-11
2019-10-26, 21:42:53, 9.49e-13, 8.76e-11
2019-10-26, 21:42:57, 9.71e-13, 8.82e-11
2019-10-26, 21:43:02, 9.37e-13, 8.74e-11
2019-10-26, 21:43:06, 9.77e-13, 8.73e-11
2019-10-26, 21:43:10, 9.48e-13, 8.75e-11
2019-10-26, 21:43:14, 9.37e-13, 8.76e-11
2019-10-26, 21:43:19, 9.75e-13, 8.76e-11
2019-10-26, 21:43:23, 9.83e-13, 8.76e-11
2019-10-26, 21:43:27, 1.05e-12, 8.74e-11
2019-10-26, 21:43:31, 9.79e-13, 8.76e-11
2019-10-26, 21:43:35, 9.52e-13, 8.76e-11
2019-10-26, 21:43:40, 9.46e-13, 8.75e-11
2019-10-26, 21:43:44, 1.06e-12, 8.79e-11
2019-10-26, 21:43:48, 9.37e-13, 8.76e-11
2019-10-26, 21:43:52, 1.01e-12, 8.74e-11
2019-10-26, 21:43:56, 9.95e-13, 8.78e-11
2019-10-26, 21:44:01, 1.05e-12, 8.73e-11
2019-10-26, 21:44:05, 9.58e-13, 8.78e-11
2019-10-26, 21:44:09, 1.01e-12, 8.8e-11
2019-10-26, 21:44:13, 9.39e-13, 8.74e-11
2019-10-26, 21:44:18, 9.15e-13, 8.76e-11
2019-10-26, 21:44:22, 9.25e-13, 8.77e-11
2019-10-26, 21:44:26, 9.48e-13, 8.75e-11
2019-10-26, 21:44:30, 1.12e-12, 8.77e-11
2019-10-26, 21:44:34, 9.63e-13, 8.71e-11
2019-10-26, 21:44:39, 9.3e-13, 8.75e-11
2019-10-26, 21:44:43, 1e-12, 8.74e-11
2019-10-26, 21:44:47, 9.97e-13, 8.82e-11
2019-10-26, 21:44:51, 9.56e-13, 8.79e-11
2019-10-26, 21:44:56, 9.84e-13, 8.75e-11
2019-10-26, 21:45:00, 9.11e-13, 8.84e-11
2019-10-26, 21:45:04, 9.04e-13, 8.73e-11
2019-10-26, 21:45:08, 1.05e-12, 8.75e-11
2019-10-26, 21:45:12, 9.66e-13, 8.72e-11
2019-10-26, 21:45:17, 9.55e-13, 8.76e-11
2019-10-26, 21:45:21, 9.29e-13, 8.75e-11
2019-10-26, 21:45:25, 9.62e-13, 8.77e-11
2019-10-26, 21:45:29, 9.79e-13, 8.78e-11
2019-10-26, 21:45:34, 1.13e-12, 8.74e-11
2019-10-26, 21:45:38, 9.91e-13, 8.77e-11
2019-10-26, 21:45:42, 1.17e-12, 8.76e-11
2019-10-26, 21:45:46, 1.02e-12, 8.76e-11
2019-10-26, 21:45:50, 9.64e-13, 8.76e-11
2019-10-26, 21:45:55, 9.96e-13, 8.74e-11
2019-10-26, 21:45:59, 9.42e-13, 8.74e-11
2019-10-26, 21:46:03, 9.21e-13, 8.73e-11
2019-10-26, 21:46:07, 9.87e-13, 8.76e-11
2019-10-26, 21:46:12, 9.4e-13, 8.76e-11
2019-10-26, 21:46:16, 9.76e-13, 8.73e-11
2019-10-26, 21:46:20, 9.42e-13, 8.76e-11
2019-10-26, 21:46:24, 9.35e-13, 8.77e-11
2019-10-26, 21:46:28, 9.25e-13, 8.75e-11
2019-10-26, 21:46:33, 9.55e-13, 8.73e-11
2019-10-26, 21:46:37, 9.03e-13, 8.78e-11
2019-10-26, 21:46:41, 9.33e-13, 8.73e-11
2019-10-26, 21:46:45, 1.01e-12, 8.73e-11
2019-10-26, 21:46:50, 1.02e-12, 8.75e-11
2019-10-26, 21:46:54, 9.59e-13, 8.78e-11
2019-10-26, 21:46:58, 9.99e-13, 8.74e-11
2019-10-26, 21:47:02, 9.42e-13, 8.72e-11
2019-10-26, 21:47:06, 9.47e-13, 8.75e-11
2019-10-26, 21:47:11, 8.71e-13, 8.74e-11
2019-10-26, 21:47:15, 1e-12, 8.75e-11
2019-10-26, 21:47:19, 9.86e-13, 8.74e-11
2019-10-26, 21:47:23, 9.66e-13, 8.76e-11
2019-10-26, 21:47:28, 1.02e-12, 8.75e-11
2019-10-26, 21:47:32, 9.86e-13, 8.76e-11
2019-10-26, 21:47:36, 1.03e-12, 8.74e-11
2019-10-26, 21:47:40, 1.08e-12, 8.75e-11
2019-10-26, 21:47:44, 9.77e-13, 8.74e-11
2019-10-26, 21:47:49, 9.16e-13, 8.76e-11
2019-10-26, 21:47:53, 9.61e-13, 8.72e-11
2019-10-26, 21:47:57, 9.8e-13, 8.73e-11
2019-10-26, 21:48:01, 9.52e-13, 8.75e-11
2019-10-26, 21:48:06, 9.4e-13, 8.72e-11
2019-10-26, 21:48:10, 9.32e-13, 8.72e-11
2019-10-26, 21:48:14, 9.98e-13, 8.68e-11
2019-10-26, 21:48:18, 1e-12, 8.76e-11
2019-10-26, 21:48:22, 9.56e-13, 8.76e-11
2019-10-26, 21:48:27, 9.79e-13, 8.71e-11
2019-10-26, 21:48:31, 9.49e-13, 8.73e-11
2019-10-26, 21:48:35, 9.75e-13, 8.73e-11
2019-10-26, 21:48:39, 1e-12, 8.73e-11
2019-10-26, 21:48:44, 9.06e-13, 8.69e-11
2019-10-26, 21:48:48, 1.1e-12, 8.71e-11
2019-10-26, 21:48:52, 9.24e-13, 8.72e-11
2019-10-26, 21:48:56, 9.2e-13, 8.68e-11
2019-10-26, 21:49:00, 9.87e-13, 8.69e-11
2019-10-26, 21:49:05, 9.63e-13, 8.69e-11
2019-10-26, 21:49:09, 9.32e-13, 8.77e-11
2019-10-26, 21:49:13, 1.04e-12, 8.76e-11
2019-10-26, 21:49:17, 9.96e-13, 8.74e-11
2019-10-26, 21:49:21, 1.02e-12, 8.75e-11
2019-10-26, 21:49:26, 8.69e-13, 8.74e-11
2019-10-26, 21:49:30, 9.61e-13, 8.74e-11
2019-10-26, 21:49:34, 9.31e-13, 8.72e-11
2019-10-26, 21:49:38, 1.04e-12, 8.75e-11
2019-10-26, 21:49:43, 9.82e-13, 8.73e-11
2019-10-26, 21:49:47, 9.9e-13, 8.72e-11
2019-10-26, 21:49:51, 9.65e-13, 8.74e-11
2019-10-26, 21:49:55, 1.04e-12, 8.76e-11
2019-10-26, 21:49:59, 9.66e-13, 8.72e-11
2019-10-26, 21:50:04, 9.66e-13, 8.75e-11
2019-10-26, 21:50:08, 9.49e-13, 8.68e-11
2019-10-26, 21:50:12, 9.53e-13, 8.67e-11
2019-10-26, 21:50:16, 9.65e-13, 8.72e-11
2019-10-26, 21:50:21, 1.16e-12, 8.72e-11
2019-10-26, 21:50:25, 9.46e-13, 8.73e-11
2019-10-26, 21:50:29, 9.6e-13, 8.75e-11
2019-10-26, 21:50:33, 9.23e-13, 8.73e-11
2019-10-26, 21:50:37, 9.46e-13, 8.7e-11
2019-10-26, 21:50:42, 9.23e-13, 8.74e-11
2019-10-26, 21:50:46, 8.96e-13, 8.74e-11
2019-10-26, 21:50:50, 9.17e-13, 8.73e-11
2019-10-26, 21:50:54, 9.44e-13, 8.76e-11
2019-10-26, 21:50:59, 1.01e-12, 8.72e-11
2019-10-26, 21:51:03, 9.36e-13, 8.71e-11
2019-10-26, 21:51:07, 9.47e-13, 8.7e-11
2019-10-26, 21:51:11, 9.82e-13, 8.68e-11
2019-10-26, 21:51:15, 8.7e-13, 8.7e-11
2019-10-26, 21:51:20, 9.24e-13, 8.7e-11
2019-10-26, 21:51:24, 1.06e-12, 8.73e-11
2019-10-26, 21:51:28, 1.01e-12, 8.74e-11
2019-10-26, 21:51:32, 9.79e-13, 8.74e-11
2019-10-26, 21:51:37, 9.15e-13, 8.72e-11
2019-10-26, 21:51:41, 9.62e-13, 8.71e-11
2019-10-26, 21:51:45, 9.86e-13, 8.69e-11
2019-10-26, 21:51:49, 1e-12, 8.7e-11
2019-10-26, 21:51:53, 9.87e-13, 8.73e-11
2019-10-26, 21:51:58, 9.99e-13, 8.69e-11
2019-10-26, 21:52:02, 9.2e-13, 8.75e-11
2019-10-26, 21:52:06, 9.67e-13, 8.73e-11
2019-10-26, 21:52:10, 9.6e-13, 8.77e-11
2019-10-26, 21:52:15, 9.49e-13, 8.76e-11
2019-10-26, 21:52:19, 9.97e-13, 8.76e-11
2019-10-26, 21:52:23, 1.1e-12, 8.74e-11
2019-10-26, 21:52:27, 1.03e-12, 8.76e-11
2019-10-26, 21:52:31, 9.42e-13, 8.7e-11
2019-10-26, 21:52:36, 9.37e-13, 8.72e-11
2019-10-26, 21:52:40, 9.57e-13, 8.73e-11
2019-10-26, 21:52:44, 9.67e-13, 8.76e-11
2019-10-26, 21:52:48, 9.61e-13, 8.78e-11
2019-10-26, 21:52:53, 9.67e-13, 8.73e-11
2019-10-26, 21:52:57, 8.94e-13, 8.74e-11
2019-10-26, 21:53:01, 1.09e-12, 8.69e-11
2019-10-26, 21:53:05, 9.72e-13, 8.72e-11
2019-10-26, 21:53:09, 8.73e-13, 8.71e-11
2019-10-26, 21:53:14, 9.77e-13, 8.76e-11
2019-10-26, 21:53:18, 9.79e-13, 8.74e-11
2019-10-26, 21:53:22, 9.46e-13, 8.78e-11
2019-10-26, 21:53:26, 1.01e-12, 8.7e-11
2019-10-26, 21:53:30, 9.98e-13, 8.73e-11
2019-10-26, 21:53:35, 9.52e-13, 8.75e-11
2019-10-26, 21:53:39, 9.89e-13, 8.77e-11
2019-10-26, 21:53:43, 9.84e-13, 8.72e-11
2019-10-26, 21:53:47, 9.74e-13, 8.74e-11
2019-10-26, 21:53:52, 9.74e-13, 8.74e-11
2019-10-26, 21:53:56, 9.56e-13, 8.74e-11
2019-10-26, 21:54:00, 1.02e-12, 8.72e-11
2019-10-26, 21:54:04, 1.01e-12, 8.77e-11
2019-10-26, 21:54:08, 9.43e-13, 8.7e-11
2019-10-26, 21:54:13, 1.01e-12, 8.75e-11
2019-10-26, 21:54:17, 9.47e-13, 8.74e-11
2019-10-26, 21:54:21, 9.46e-13, 8.72e-11
2019-10-26, 21:54:25, 9.71e-13, 8.75e-11
2019-10-26, 21:54:30, 1.02e-12, 8.72e-11
2019-10-26, 21:54:34, 9.63e-13, 8.71e-11
2019-10-26, 21:54:38, 1e-12, 8.65e-11
2019-10-26, 21:54:42, 9.48e-13, 8.65e-11
2019-10-26, 21:54:46, 9.29e-13, 8.74e-11
2019-10-26, 21:54:51, 1.04e-12, 8.73e-11
2019-10-26, 21:54:55, 9.66e-13, 8.74e-11
2019-10-26, 21:54:59, 9.73e-13, 8.73e-11
2019-10-26, 21:55:03, 9.99e-13, 8.72e-11
2019-10-26, 21:55:08, 8.82e-13, 8.72e-11
2019-10-26, 21:55:12, 9.53e-13, 8.67e-11
2019-10-26, 21:55:16, 9.8e-13, 8.73e-11
2019-10-26, 21:55:20, 1.02e-12, 8.78e-11
2019-10-26, 21:55:24, 9.66e-13, 8.76e-11
2019-10-26, 21:55:29, 9.68e-13, 8.69e-11
2019-10-26, 21:55:33, 9.61e-13, 8.75e-11
2019-10-26, 21:55:37, 9.67e-13, 8.71e-11
2019-10-26, 21:55:41, 9.53e-13, 8.72e-11
2019-10-26, 21:55:46, 9.67e-13, 8.76e-11
2019-10-26, 21:55:50, 1e-12, 8.74e-11
2019-10-26, 21:55:54, 9.93e-13, 8.74e-11
2019-10-26, 21:55:58, 9.71e-13, 8.7e-11
2019-10-26, 21:56:02, 9.13e-13, 8.75e-11
2019-10-26, 21:56:07, 9.84e-13, 8.72e-11
2019-10-26, 21:56:11, 1.01e-12, 8.68e-11
2019-10-26, 21:56:15, 9.29e-13, 8.71e-11
2019-10-26, 21:56:19, 9.47e-13, 8.73e-11
2019-10-26, 21:56:24, 9.83e-13, 8.76e-11
2019-10-26, 21:56:28, 9.32e-13, 8.73e-11
2019-10-26, 21:56:32, 1.07e-12, 8.74e-11
2019-10-26, 21:56:36, 9.56e-13, 8.77e-11
2019-10-26, 21:56:40, 9.48e-13, 8.72e-11
2019-10-26, 21:56:45, 9.14e-13, 8.72e-11
2019-10-26, 21:56:49, 9.03e-13, 8.69e-11
2019-10-26, 21:56:53, 9.23e-13, 8.73e-11
2019-10-26, 21:56:57, 9.51e-13, 8.72e-11
2019-10-26, 21:57:02, 1.06e-12, 8.67e-11
2019-10-26, 21:57:06, 9.95e-13, 8.69e-11
2019-10-26, 21:57:10, 9.79e-13, 8.72e-11
2019-10-26, 21:57:14, 9.64e-13, 8.72e-11
2019-10-26, 21:57:18, 9.81e-13, 8.73e-11
2019-10-26, 21:57:23, 9.68e-13, 8.73e-11
2019-10-26, 21:57:27, 1.02e-12, 8.75e-11
2019-10-26, 21:57:31, 1.02e-12, 8.72e-11
2019-10-26, 21:57:35, 9.42e-13, 8.73e-11
2019-10-26, 21:57:40, 9.49e-13, 8.68e-11
2019-10-26, 21:57:44, 1e-12, 8.76e-11
2019-10-26, 21:57:48, 9.43e-13, 8.69e-11
2019-10-26, 21:57:52, 9.86e-13, 8.68e-11
2019-10-26, 21:57:56, 1.01e-12, 8.74e-11
2019-10-26, 21:58:01, 9.56e-13, 8.76e-11
2019-10-26, 21:58:05, 1.02e-12, 8.75e-11
2019-10-26, 21:58:09, 9.47e-13, 8.73e-11
2019-10-26, 21:58:13, 1.09e-12, 8.71e-11
2019-10-26, 21:58:17, 9.86e-13, 8.72e-11
2019-10-26, 21:58:22, 9.75e-13, 8.71e-11
2019-10-26, 21:58:26, 9.65e-13, 8.72e-11
2019-10-26, 21:58:30, 9.62e-13, 8.71e-11
2019-10-26, 21:58:34, 9.03e-13, 8.7e-11
2019-10-26, 21:58:39, 9.22e-13, 8.71e-11
2019-10-26, 21:58:43, 9.51e-13, 8.75e-11
2019-10-26, 21:58:47, 9.12e-13, 8.76e-11
2019-10-26, 21:58:51, 9.73e-13, 8.75e-11
2019-10-26, 21:58:55, 9.46e-13, 8.73e-11
2019-10-26, 21:59:00, 9.55e-13, 8.74e-11
2019-10-26, 21:59:04, 9.67e-13, 8.73e-11
2019-10-26, 21:59:08, 9.88e-13, 8.66e-11
2019-10-26, 21:59:12, 9.82e-13, 8.73e-11
2019-10-26, 21:59:17, 9.67e-13, 8.74e-11
2019-10-26, 21:59:21, 9.34e-13, 8.7e-11
2019-10-26, 21:59:25, 8.14e-13, 8.73e-11
2019-10-26, 21:59:29, 9.74e-13, 8.68e-11
2019-10-26, 21:59:33, 9.57e-13, 8.72e-11
2019-10-26, 21:59:38, 1.03e-12, 8.71e-11
2019-10-26, 21:59:42, 1.02e-12, 8.74e-11
2019-10-26, 21:59:46, 9.62e-13, 8.74e-11
2019-10-26, 21:59:50, 9.14e-13, 8.74e-11
2019-10-26, 21:59:55, 9.67e-13, 8.76e-11
2019-10-26, 21:59:59, 1.04e-12, 8.72e-11
2019-10-26, 22:00:03, 8.73e-13, 8.71e-11
2019-10-26, 22:00:07, 9.04e-13, 8.7e-11
2019-10-26, 22:00:11, 1.09e-12, 8.73e-11
2019-10-26, 22:00:16, 9.56e-13, 8.73e-11
2019-10-26, 22:00:20, 9.69e-13, 8.72e-11
2019-10-26, 22:00:24, 9.57e-13, 8.71e-11
2019-10-26, 22:00:28, 9.87e-13, 8.74e-11
2019-10-26, 22:00:33, 9.54e-13, 8.7e-11
2019-10-26, 22:00:37, 9.36e-13, 8.68e-11
2019-10-26, 22:00:41, 9.73e-13, 8.67e-11
2019-10-26, 22:00:45, 8.16e-13, 8.7e-11
2019-10-26, 22:00:49, 9.69e-13, 8.72e-11
2019-10-26, 22:00:54, 8.17e-13, 8.68e-11
2019-10-26, 22:00:58, 9.95e-13, 8.68e-11
2019-10-26, 22:01:02, 9.82e-13, 8.67e-11
2019-10-26, 22:01:06, 8.88e-13, 8.69e-11
2019-10-26, 22:01:11, 9.86e-13, 8.68e-11
2019-10-26, 22:01:15, 9.98e-13, 8.72e-11
2019-10-26, 22:01:19, 9.34e-13, 8.74e-11
2019-10-26, 22:01:23, 9.67e-13, 8.74e-11
2019-10-26, 22:01:27, 1.02e-12, 8.75e-11
2019-10-26, 22:01:32, 9.44e-13, 8.74e-11
2019-10-26, 22:01:36, 9.99e-13, 8.69e-11
2019-10-26, 22:01:40, 9.48e-13, 8.74e-11
2019-10-26, 22:01:44, 8.97e-13, 8.72e-11
2019-10-26, 22:01:49, 9.51e-13, 8.76e-11
2019-10-26, 22:01:53, 9.47e-13, 8.76e-11
2019-10-26, 22:01:57, 9.56e-13, 8.76e-11
2019-10-26, 22:02:01, 9.68e-13, 8.72e-11
2019-10-26, 22:02:05, 9.72e-13, 8.73e-11
2019-10-26, 22:02:10, 9.24e-13, 8.77e-11
2019-10-26, 22:02:14, 9.88e-13, 8.74e-11
2019-10-26, 22:02:18, 9.98e-13, 8.76e-11
2019-10-26, 22:02:22, 1.02e-12, 8.71e-11
2019-10-26, 22:02:27, 9.86e-13, 8.71e-11
2019-10-26, 22:02:31, 8.92e-13, 8.65e-11
2019-10-26, 22:02:35, 9.19e-13, 8.66e-11
2019-10-26, 22:02:39, 1.09e-12, 8.7e-11
2019-10-26, 22:02:43, 1.01e-12, 8.72e-11
2019-10-26, 22:02:48, 9.35e-13, 8.71e-11
2019-10-26, 22:02:52, 9e-13, 8.69e-11
2019-10-26, 22:02:56, 9.74e-13, 8.7e-11
2019-10-26, 22:03:00, 9.56e-13, 8.73e-11
2019-10-26, 22:03:04, 1e-12, 8.74e-11
2019-10-26, 22:03:09, 1.02e-12, 8.73e-11
2019-10-26, 22:03:13, 9.7e-13, 8.74e-11
2019-10-26, 22:03:17, 9.78e-13, 8.76e-11
2019-10-26, 22:03:21, 9.66e-13, 8.73e-11
2019-10-26, 22:03:26, 9.67e-13, 8.71e-11
2019-10-26, 22:03:30, 9.43e-13, 8.72e-11
2019-10-26, 22:03:34, 8.95e-13, 8.73e-11
2019-10-26, 22:03:38, 9.86e-13, 8.72e-11
2019-10-26, 22:03:43, 9.58e-13, 8.74e-11
2019-10-26, 22:03:47, 9.94e-13, 8.74e-11
2019-10-26, 22:03:51, 1.01e-12, 8.71e-11
2019-10-26, 22:03:55, 9.68e-13, 8.72e-11
2019-10-26, 22:03:59, 9.83e-13, 8.74e-11
2019-10-26, 22:04:04, 9.89e-13, 8.74e-11
2019-10-26, 22:04:08, 9.41e-13, 8.77e-11
2019-10-26, 22:04:12, 9.52e-13, 8.78e-11
2019-10-26, 22:04:16, 9.89e-13, 8.71e-11
2019-10-26, 22:04:20, 8.86e-13, 8.73e-11
2019-10-26, 22:04:25, 1.1e-12, 8.71e-11
2019-10-26, 22:04:29, 1.01e-12, 8.74e-11
2019-10-26, 22:04:33, 9.48e-13, 8.76e-11
2019-10-26, 22:04:37, 9.17e-13, 8.73e-11
2019-10-26, 22:04:42, 9.36e-13, 8.75e-11
2019-10-26, 22:04:46, 9.33e-13, 8.74e-11
2019-10-26, 22:04:50, 9.7e-13, 8.72e-11
2019-10-26, 22:04:54, 9.62e-13, 8.75e-11
2019-10-26, 22:04:58, 9.4e-13, 8.72e-11
2019-10-26, 22:05:03, 9.78e-13, 8.71e-11
2019-10-26, 22:05:07, 9.52e-13, 8.73e-11
2019-10-26, 22:05:11, 1.03e-12, 8.77e-11
2019-10-26, 22:05:15, 9.67e-13, 8.71e-11
2019-10-26, 22:05:20, 1.02e-12, 8.75e-11
2019-10-26, 22:05:24, 9.95e-13, 8.69e-11
2019-10-26, 22:05:28, 9.75e-13, 8.72e-11
2019-10-26, 22:05:32, 9.37e-13, 8.73e-11
2019-10-26, 22:05:36, 9.75e-13, 8.77e-11
2019-10-26, 22:05:41, 1.03e-12, 8.78e-11
2019-10-26, 22:05:45, 9.9e-13, 8.71e-11
2019-10-26, 22:05:49, 9.67e-13, 8.69e-11
2019-10-26, 22:05:53, 9.35e-13, 8.7e-11
2019-10-26, 22:05:58, 9.66e-13, 8.74e-11
2019-10-26, 22:06:02, 9.65e-13, 8.72e-11
2019-10-26, 22:06:06, 1.01e-12, 8.75e-11
2019-10-26, 22:06:10, 9.87e-13, 8.75e-11
2019-10-26, 22:06:14, 9.97e-13, 8.77e-11
2019-10-26, 22:06:19, 9.64e-13, 8.75e-11
2019-10-26, 22:06:23, 9.59e-13, 8.73e-11
2019-10-26, 22:06:27, 1.06e-12, 8.75e-11
2019-10-26, 22:06:31, 9.11e-13, 8.75e-11
2019-10-26, 22:06:36, 9.72e-13, 8.78e-11
2019-10-26, 22:06:40, 9.33e-13, 8.75e-11
2019-10-26, 22:06:44, 1.13e-12, 8.76e-11
2019-10-26, 22:06:48, 1.02e-12, 8.79e-11
2019-10-26, 22:06:52, 1.03e-12, 8.78e-11
2019-10-26, 22:06:57, 9.98e-13, 8.73e-11
2019-10-26, 22:07:01, 9.55e-13, 8.71e-11
2019-10-26, 22:07:05, 1.06e-12, 8.74e-11
2019-10-26, 22:07:09, 9.69e-13, 8.71e-11
2019-10-26, 22:07:14, 8.85e-13, 8.7e-11
2019-10-26, 22:07:18, 1.01e-12, 8.71e-11
2019-10-26, 22:07:22, 9.4e-13, 8.74e-11
2019-10-26, 22:07:26, 8.75e-13, 8.74e-11
2019-10-26, 22:07:30, 9.04e-13, 8.76e-11
2019-10-26, 22:07:35, 9.31e-13, 8.74e-11
2019-10-26, 22:07:39, 9.31e-13, 8.74e-11
2019-10-26, 22:07:43, 9.41e-13, 8.75e-11
2019-10-26, 22:07:47, 9.6e-13, 8.76e-11
2019-10-26, 22:07:52, 9.66e-13, 8.74e-11
2019-10-26, 22:07:56, 9.72e-13, 8.73e-11
2019-10-26, 22:08:00, 9.69e-13, 8.76e-11
2019-10-26, 22:08:04, 9.61e-13, 8.74e-11
2019-10-26, 22:08:08, 9.59e-13, 8.73e-11
2019-10-26, 22:08:13, 9.46e-13, 8.75e-11
2019-10-26, 22:08:17, 9.48e-13, 8.72e-11
2019-10-26, 22:08:21, 1.01e-12, 8.74e-11
2019-10-26, 22:08:25, 9.53e-13, 8.69e-11
2019-10-26, 22:08:29, 9.47e-13, 8.69e-11
2019-10-26, 22:08:34, 9.69e-13, 8.77e-11
2019-10-26, 22:08:38, 9.4e-13, 8.76e-11
2019-10-26, 22:08:42, 9.52e-13, 8.75e-11
2019-10-26, 22:08:46, 9.15e-13, 8.77e-11
2019-10-26, 22:08:51, 9.24e-13, 8.7e-11
2019-10-26, 22:08:55, 9.74e-13, 8.72e-11
2019-10-26, 22:08:59, 9.55e-13, 8.69e-11
2019-10-26, 22:09:03, 1.04e-12, 8.72e-11
2019-10-26, 22:09:07, 9.5e-13, 8.75e-11
2019-10-26, 22:09:12, 9.24e-13, 8.77e-11
2019-10-26, 22:09:16, 1.01e-12, 8.76e-11
2019-10-26, 22:09:20, 9.46e-13, 8.72e-11
2019-10-26, 22:09:24, 9.25e-13, 8.72e-11
2019-10-26, 22:09:29, 9.2e-13, 8.74e-11
2019-10-26, 22:09:33, 8.17e-13, 8.85e-11
2019-10-26, 22:09:37, 9.36e-13, 8.74e-11
2019-10-26, 22:09:41, 9.84e-13, 8.72e-11
2019-10-26, 22:09:45, 9.78e-13, 8.75e-11
2019-10-26, 22:09:50, 9.83e-13, 8.74e-11
2019-10-26, 22:09:54, 9.94e-13, 8.74e-11
2019-10-26, 22:09:58, 9.54e-13, 8.76e-11
2019-10-26, 22:10:02, 9.87e-13, 8.72e-11
2019-10-26, 22:10:07, 9.93e-13, 8.71e-11
2019-10-26, 22:10:11, 9.82e-13, 8.72e-11
2019-10-26, 22:10:15, 9.58e-13, 8.75e-11
2019-10-26, 22:10:19, 9.93e-13, 8.79e-11
2019-10-26, 22:10:23, 1e-12, 8.73e-11
2019-10-26, 22:10:28, 9.44e-13, 8.67e-11
2019-10-26, 22:10:32, 9.57e-13, 8.73e-11
2019-10-26, 22:10:36, 1.02e-12, 8.74e-11
2019-10-26, 22:10:40, 9.86e-13, 8.7e-11
2019-10-26, 22:10:45, 9.73e-13, 8.71e-11
2019-10-26, 22:10:49, 9.52e-13, 8.72e-11
2019-10-26, 22:10:53, 9.58e-13, 8.74e-11
2019-10-26, 22:10:57, 9.08e-13, 8.75e-11
2019-10-26, 22:11:01, 1.02e-12, 8.74e-11
2019-10-26, 22:11:06, 9.56e-13, 8.74e-11
2019-10-26, 22:11:10, 8.91e-13, 8.72e-11
2019-10-26, 22:11:14, 1e-12, 8.7e-11
2019-10-26, 22:11:18, 9.71e-13, 8.77e-11
2019-10-26, 22:11:23, 9.21e-13, 8.74e-11
2019-10-26, 22:11:27, 9.41e-13, 8.7e-11
2019-10-26, 22:11:31, 9.67e-13, 8.74e-11
2019-10-26, 22:11:35, 9.21e-13, 8.71e-11
2019-10-26, 22:11:39, 9.38e-13, 8.74e-11
2019-10-26, 22:11:44, 9.08e-13, 8.69e-11
2019-10-26, 22:11:48, 8.22e-13, 8.75e-11
2019-10-26, 22:11:52, 1.08e-12, 8.74e-11
2019-10-26, 22:11:56, 9.58e-13, 8.74e-11
2019-10-26, 22:12:01, 9.7e-13, 8.77e-11
2019-10-26, 22:12:05, 9.94e-13, 8.74e-11
2019-10-26, 22:12:09, 1.01e-12, 8.75e-11
2019-10-26, 22:12:13, 9.68e-13, 8.74e-11
2019-10-26, 22:12:17, 9.16e-13, 8.76e-11
2019-10-26, 22:12:22, 9.8e-13, 8.74e-11
2019-10-26, 22:12:26, 8.95e-13, 8.75e-11
2019-10-26, 22:12:30, 9.84e-13, 8.76e-11
2019-10-26, 22:12:34, 9.74e-13, 8.7e-11
2019-10-26, 22:12:38, 9.79e-13, 8.74e-11
2019-10-26, 22:12:43, 9.83e-13, 8.7e-11
2019-10-26, 22:12:47, 9.97e-13, 8.66e-11
2019-10-26, 22:12:51, 9.4e-13, 8.72e-11
2019-10-26, 22:12:55, 9.92e-13, 8.73e-11
2019-10-26, 22:13:00, 9.82e-13, 8.71e-11
2019-10-26, 22:13:04, 9.76e-13, 8.75e-11
2019-10-26, 22:13:08, 9.52e-13, 8.74e-11
2019-10-26, 22:13:12, 1e-12, 8.75e-11
2019-10-26, 22:13:16, 8.38e-13, 8.73e-11
2019-10-26, 22:13:21, 9.72e-13, 8.69e-11
2019-10-26, 22:13:25, 9.62e-13, 8.74e-11
2019-10-26, 22:13:29, 9.3e-13, 8.7e-11
2019-10-26, 22:13:33, 9.35e-13, 8.71e-11
2019-10-26, 22:13:38, 1.01e-12, 8.71e-11
2019-10-26, 22:13:42, 9.19e-13, 8.72e-11
2019-10-26, 22:13:46, 1.02e-12, 8.69e-11
2019-10-26, 22:13:50, 8.64e-13, 8.72e-11
2019-10-26, 22:13:54, 9.43e-13, 8.68e-11
2019-10-26, 22:13:59, 9.64e-13, 8.74e-11
2019-10-26, 22:14:03, 9.78e-13, 8.73e-11
2019-10-26, 22:14:07, 9.64e-13, 8.73e-11
2019-10-26, 22:14:11, 9.44e-13, 8.72e-11
2019-10-26, 22:14:16, 9.47e-13, 8.76e-11
2019-10-26, 22:14:20, 9.98e-13, 8.69e-11
2019-10-26, 22:14:24, 9.36e-13, 8.73e-11
2019-10-26, 22:14:28, 9.15e-13, 8.75e-11
2019-10-26, 22:14:32, 9.71e-13, 8.78e-11
2019-10-26, 22:14:37, 9.61e-13, 8.81e-11
2019-10-26, 22:14:41, 9.56e-13, 8.71e-11
2019-10-26, 22:14:45, 9.83e-13, 8.7e-11
2019-10-26, 22:14:49, 9.09e-13, 8.72e-11
2019-10-26, 22:14:54, 1.03e-12, 8.74e-11
2019-10-26, 22:14:58, 9.14e-13, 8.75e-11
2019-10-26, 22:15:02, 1.03e-12, 8.73e-11
2019-10-26, 22:15:06, 1.07e-12, 8.78e-11
2019-10-26, 22:15:10, 9.92e-13, 8.69e-11
2019-10-26, 22:15:15, 9.07e-13, 8.79e-11
2019-10-26, 22:15:19, 9.31e-13, 8.75e-11
2019-10-26, 22:15:23, 1e-12, 8.7e-11
2019-10-26, 22:15:27, 1.09e-12, 8.74e-11
2019-10-26, 22:15:32, 9.12e-13, 8.74e-11
2019-10-26, 22:15:36, 1e-12, 8.76e-11
2019-10-26, 22:15:40, 9.95e-13, 8.7e-11
2019-10-26, 22:15:44, 9.6e-13, 8.7e-11
2019-10-26, 22:15:48, 9.73e-13, 8.73e-11
2019-10-26, 22:15:53, 9.54e-13, 8.71e-11
2019-10-26, 22:15:57, 9.59e-13, 8.7e-11
2019-10-26, 22:16:01, 9.77e-13, 8.69e-11
2019-10-26, 22:16:05, 9.92e-13, 8.69e-11
2019-10-26, 22:16:10, 9.82e-13, 8.72e-11
2019-10-26, 22:16:14, 9.98e-13, 8.74e-11
2019-10-26, 22:16:18, 9.23e-13, 8.71e-11
2019-10-26, 22:16:22, 1.01e-12, 8.71e-11
2019-10-26, 22:16:26, 9.28e-13, 8.7e-11
2019-10-26, 22:16:31, 9.67e-13, 8.74e-11
2019-10-26, 22:16:35, 1.02e-12, 8.69e-11
2019-10-26, 22:16:39, 9.83e-13, 8.66e-11
2019-10-26, 22:16:43, 9.77e-13, 8.67e-11
2019-10-26, 22:16:48, 9.32e-13, 8.67e-11
2019-10-26, 22:16:52, 9.13e-13, 8.69e-11
2019-10-26, 22:16:56, 1.03e-12, 8.71e-11
2019-10-26, 22:17:00, 1.01e-12, 8.74e-11
2019-10-26, 22:17:04, 9.39e-13, 8.73e-11
2019-10-26, 22:17:09, 9.92e-13, 8.72e-11
2019-10-26, 22:17:13, 9.46e-13, 8.73e-11
2019-10-26, 22:17:17, 1e-12, 8.7e-11
2019-10-26, 22:17:21, 9.29e-13, 8.7e-11
2019-10-26, 22:17:26, 9.89e-13, 8.7e-11
2019-10-26, 22:17:30, 9.34e-13, 8.73e-11
2019-10-26, 22:17:34, 9.5e-13, 8.74e-11
2019-10-26, 22:17:38, 9.73e-13, 8.7e-11
2019-10-26, 22:17:42, 7.92e-13, 8.76e-11
2019-10-26, 22:17:47, 9.49e-13, 8.72e-11
2019-10-26, 22:17:51, 9.81e-13, 8.68e-11
2019-10-26, 22:17:55, 9.38e-13, 8.68e-11
2019-10-26, 22:17:59, 1e-12, 8.67e-11
2019-10-26, 22:18:04, 9.38e-13, 8.73e-11
2019-10-26, 22:18:08, 9.44e-13, 8.71e-11
2019-10-26, 22:18:12, 9.49e-13, 8.71e-11
2019-10-26, 22:18:16, 9.53e-13, 8.69e-11
2019-10-26, 22:18:20, 9.78e-13, 8.68e-11
2019-10-26, 22:18:25, 9.09e-13, 8.67e-11
2019-10-26, 22:18:29, 9.34e-13, 8.66e-11
2019-10-26, 22:18:33, 9.98e-13, 8.72e-11
2019-10-26, 22:18:37, 9.75e-13, 8.68e-11
2019-10-26, 22:18:42, 9.46e-13, 8.69e-11
2019-10-26, 22:18:46, 9.34e-13, 8.75e-11
2019-10-26, 22:18:50, 9.64e-13, 8.7e-11
2019-10-26, 22:18:54, 9.83e-13, 8.7e-11
2019-10-26, 22:18:58, 9.2e-13, 8.69e-11
2019-10-26, 22:19:03, 9.29e-13, 8.67e-11
2019-10-26, 22:19:07, 9.55e-13, 8.7e-11
2019-10-26, 22:19:11, 9.3e-13, 8.73e-11
2019-10-26, 22:19:15, 9.7e-13, 8.7e-11
2019-10-26, 22:19:19, 9.34e-13, 8.71e-11
2019-10-26, 22:19:24, 9.69e-13, 8.75e-11
2019-10-26, 22:19:28, 9.85e-13, 8.69e-11
2019-10-26, 22:19:32, 1.01e-12, 8.76e-11
2019-10-26, 22:19:36, 9.83e-13, 8.72e-11
2019-10-26, 22:19:41, 9.72e-13, 8.67e-11
2019-10-26, 22:19:45, 8.63e-13, 8.67e-11
2019-10-26, 22:19:49, 9.82e-13, 8.71e-11
2019-10-26, 22:19:53, 9.37e-13, 8.68e-11
2019-10-26, 22:19:57, 9.21e-13, 8.67e-11
2019-10-26, 22:20:02, 9.28e-13, 8.68e-11
2019-10-26, 22:20:06, 1.03e-12, 8.71e-11
2019-10-26, 22:20:10, 1.01e-12, 8.69e-11
2019-10-26, 22:20:14, 8.18e-13, 8.74e-11
2019-10-26, 22:20:19, 9.4e-13, 8.73e-11
2019-10-26, 22:20:23, 1.07e-12, 8.68e-11
2019-10-26, 22:20:27, 1.07e-12, 8.68e-11
2019-10-26, 22:20:31, 9.61e-13, 8.68e-11
2019-10-26, 22:20:35, 9.07e-13, 8.71e-11
2019-10-26, 22:20:40, 9.53e-13, 8.68e-11
2019-10-26, 22:20:44, 1.1e-12, 8.76e-11
2019-10-26, 22:20:48, 1.14e-12, 8.71e-11
2019-10-26, 22:20:52, 9.66e-13, 8.66e-11
2019-10-26, 22:20:57, 9.84e-13, 8.68e-11
2019-10-26, 22:21:01, 9.31e-13, 8.68e-11
2019-10-26, 22:21:05, 9.37e-13, 8.67e-11
2019-10-26, 22:21:09, 8.86e-13, 8.72e-11
2019-10-26, 22:21:13, 9.78e-13, 8.69e-11
2019-10-26, 22:21:18, 9.81e-13, 8.7e-11
2019-10-26, 22:21:22, 9.52e-13, 8.68e-11
2019-10-26, 22:21:26, 9.46e-13, 8.67e-11
2019-10-26, 22:21:30, 9.55e-13, 8.66e-11
2019-10-26, 22:21:35, 9.75e-13, 8.66e-11
2019-10-26, 22:21:39, 1e-12, 8.68e-11
2019-10-26, 22:21:43, 9.31e-13, 8.66e-11
2019-10-26, 22:21:47, 9.98e-13, 8.64e-11
2019-10-26, 22:21:51, 9.45e-13, 8.66e-11
2019-10-26, 22:21:56, 1.03e-12, 8.66e-11
2019-10-26, 22:22:00, 1.01e-12, 8.7e-11
2019-10-26, 22:22:04, 9.51e-13, 8.78e-11
2019-10-26, 22:22:08, 8.92e-13, 8.73e-11
2019-10-26, 22:22:13, 9.62e-13, 8.72e-11
2019-10-26, 22:22:17, 9.34e-13, 8.71e-11
2019-10-26, 22:22:21, 9.22e-13, 8.71e-11
2019-10-26, 22:22:25, 9.85e-13, 8.71e-11
2019-10-26, 22:22:29, 9.69e-13, 8.67e-11
2019-10-26, 22:22:34, 9.84e-13, 8.68e-11
2019-10-26, 22:22:38, 1.04e-12, 8.67e-11
2019-10-26, 22:22:42, 9.6e-13, 8.67e-11
2019-10-26, 22:22:46, 9.15e-13, 8.7e-11
2019-10-26, 22:22:51, 9.54e-13, 8.68e-11
2019-10-26, 22:22:55, 9.41e-13, 8.7e-11
2019-10-26, 22:22:59, 9.28e-13, 8.69e-11
2019-10-26, 22:23:03, 9.91e-13, 8.7e-11
2019-10-26, 22:23:07, 9.28e-13, 8.7e-11
2019-10-26, 22:23:12, 1.03e-12, 8.75e-11
2019-10-26, 22:23:16, 8.79e-13, 8.73e-11
2019-10-26, 22:23:20, 9.6e-13, 8.7e-11
2019-10-26, 22:23:24, 9.56e-13, 8.73e-11
2019-10-26, 22:23:29, 9.3e-13, 8.69e-11
2019-10-26, 22:23:33, 9.31e-13, 8.7e-11
2019-10-26, 22:23:37, 9.64e-13, 8.72e-11
2019-10-26, 22:23:41, 9.54e-13, 8.68e-11
2019-10-26, 22:23:45, 9.66e-13, 8.73e-11
2019-10-26, 22:23:50, 9.1e-13, 8.71e-11
2019-10-26, 22:23:54, 9.76e-13, 8.75e-11
2019-10-26, 22:23:58, 9.29e-13, 8.74e-11
2019-10-26, 22:24:02, 9.86e-13, 8.77e-11
2019-10-26, 22:24:07, 9.39e-13, 8.71e-11
2019-10-26, 22:24:11, 9.9e-13, 8.7e-11
2019-10-26, 22:24:15, 9.82e-13, 8.67e-11
2019-10-26, 22:24:19, 9.42e-13, 8.65e-11
2019-10-26, 22:24:23, 8.74e-13, 8.65e-11
2019-10-26, 22:24:28, 1e-12, 8.68e-11
2019-10-26, 22:24:32, 9.81e-13, 8.72e-11
2019-10-26, 22:24:36, 9.33e-13, 8.7e-11
2019-10-26, 22:24:40, 8.71e-13, 8.73e-11
2019-10-26, 22:24:44, 1.01e-12, 8.83e-11
2019-10-26, 22:24:49, 8.73e-13, 8.67e-11
2019-10-26, 22:24:53, 9.85e-13, 8.68e-11
2019-10-26, 22:24:57, 9.32e-13, 8.65e-11
2019-10-26, 22:25:01, 9.93e-13, 8.64e-11
2019-10-26, 22:25:06, 9.59e-13, 8.68e-11
2019-10-26, 22:25:10, 9.33e-13, 8.69e-11
2019-10-26, 22:25:14, 9.74e-13, 8.73e-11
2019-10-26, 22:25:18, 1.02e-12, 8.7e-11
2019-10-26, 22:25:22, 1.03e-12, 8.69e-11
2019-10-26, 22:25:27, 9.63e-13, 8.67e-11
2019-10-26, 22:25:31, 9.22e-13, 8.67e-11
2019-10-26, 22:25:35, 8.44e-13, 8.68e-11
2019-10-26, 22:25:39, 8.92e-13, 8.72e-11
2019-10-26, 22:25:44, 8e-13, 8.7e-11
2019-10-26, 22:25:48, 9.24e-13, 8.72e-11
2019-10-26, 22:25:52, 9.1e-13, 8.73e-11
2019-10-26, 22:25:56, 9.19e-13, 8.68e-11
2019-10-26, 22:26:00, 9.04e-13, 8.7e-11
2019-10-26, 22:26:05, 9.36e-13, 8.68e-11
2019-10-26, 22:26:09, 9.65e-13, 8.72e-11
2019-10-26, 22:26:13, 1.01e-12, 8.73e-11
2019-10-26, 22:26:17, 9.46e-13, 8.71e-11
2019-10-26, 22:26:22, 9.75e-13, 8.72e-11
2019-10-26, 22:26:26, 9.43e-13, 8.7e-11
2019-10-26, 22:26:30, 9.8e-13, 8.72e-11
2019-10-26, 22:26:34, 1.04e-12, 8.74e-11
2019-10-26, 22:26:38, 9.74e-13, 8.72e-11
2019-10-26, 22:26:43, 8.91e-13, 8.71e-11
2019-10-26, 22:26:47, 9.88e-13, 8.71e-11
2019-10-26, 22:26:51, 9.27e-13, 8.68e-11
2019-10-26, 22:26:55, 8.96e-13, 8.67e-11
2019-10-26, 22:27:00, 9.52e-13, 8.71e-11
2019-10-26, 22:27:04, 9.95e-13, 8.73e-11
2019-10-26, 22:27:08, 1.06e-12, 8.73e-11
2019-10-26, 22:27:12, 9.07e-13, 8.75e-11
2019-10-26, 22:27:16, 9.52e-13, 8.77e-11
2019-10-26, 22:27:21, 9.45e-13, 8.7e-11
2019-10-26, 22:27:25, 9.41e-13, 8.71e-11
2019-10-26, 22:27:29, 9.18e-13, 8.73e-11
2019-10-26, 22:27:33, 1.01e-12, 8.74e-11
2019-10-26, 22:27:38, 9.33e-13, 8.7e-11
2019-10-26, 22:27:42, 9.25e-13, 8.71e-11
2019-10-26, 22:27:46, 9.73e-13, 8.69e-11
2019-10-26, 22:27:50, 9.85e-13, 8.71e-11
2019-10-26, 22:27:54, 8.57e-13, 8.71e-11
2019-10-26, 22:27:59, 9.7e-13, 8.73e-11
2019-10-26, 22:28:03, 9.67e-13, 8.68e-11
2019-10-26, 22:28:07, 9.86e-13, 8.7e-11
2019-10-26, 22:28:11, 9.99e-13, 8.73e-11
2019-10-26, 22:28:15, 8.66e-13, 8.67e-11
2019-10-26, 22:28:20, 1.01e-12, 8.7e-11
2019-10-26, 22:28:24, 9.96e-13, 8.7e-11
2019-10-26, 22:28:28, 8.82e-13, 8.69e-11
2019-10-26, 22:28:32, 1.04e-12, 8.7e-11
2019-10-26, 22:28:37, 9.78e-13, 8.74e-11
2019-10-26, 22:28:41, 9.62e-13, 8.71e-11
2019-10-26, 22:28:45, 1.08e-12, 8.73e-11
2019-10-26, 22:28:49, 9.85e-13, 8.78e-11
2019-10-26, 22:28:53, 9.34e-13, 8.73e-11
2019-10-26, 22:28:58, 9.87e-13, 8.68e-11
2019-10-26, 22:29:02, 9.65e-13, 8.69e-11
2019-10-26, 22:29:06, 1e-12, 8.68e-11
2019-10-26, 22:29:10, 9.46e-13, 8.7e-11
2019-10-26, 22:29:15, 9.7e-13, 8.68e-11
2019-10-26, 22:29:19, 9.9e-13, 8.68e-11
2019-10-26, 22:29:23, 9.94e-13, 8.71e-11
2019-10-26, 22:29:27, 9.91e-13, 8.72e-11
2019-10-26, 22:29:31, 1.04e-12, 8.67e-11
2019-10-26, 22:29:36, 1.11e-12, 8.72e-11
2019-10-26, 22:29:40, 9.57e-13, 8.71e-11
2019-10-26, 22:29:44, 9.8e-13, 8.69e-11
2019-10-26, 22:29:48, 1.03e-12, 8.71e-11
2019-10-26, 22:29:53, 1.07e-12, 8.68e-11
2019-10-26, 22:29:57, 9.78e-13, 8.74e-11
2019-10-26, 22:30:01, 9.13e-13, 8.71e-11
2019-10-26, 22:30:05, 9.41e-13, 8.7e-11
2019-10-26, 22:30:09, 9.39e-13, 8.76e-11
2019-10-26, 22:30:14, 9.56e-13, 8.73e-11
2019-10-26, 22:30:18, 9.7e-13, 8.78e-11
2019-10-26, 22:30:22, 9.57e-13, 8.8e-11
2019-10-26, 22:30:26, 9.25e-13, 8.75e-11
2019-10-26, 22:30:31, 9.58e-13, 8.73e-11
2019-10-26, 22:30:35, 1.03e-12, 8.73e-11
2019-10-26, 22:30:39, 9.56e-13, 8.72e-11
2019-10-26, 22:30:43, 8.25e-13, 8.74e-11
2019-10-26, 22:30:47, 1.02e-12, 8.73e-11
2019-10-26, 22:30:52, 9.03e-13, 8.72e-11
2019-10-26, 22:30:56, 8.65e-13, 8.82e-11
2019-10-26, 22:31:00, 1e-12, 8.66e-11
2019-10-26, 22:31:04, 9.24e-13, 8.73e-11
2019-10-26, 22:31:09, 9.64e-13, 8.69e-11
2019-10-26, 22:31:13, 9.47e-13, 8.71e-11
2019-10-26, 22:31:17, 9.7e-13, 8.68e-11
2019-10-26, 22:31:21, 9.54e-13, 8.7e-11
2019-10-26, 22:31:25, 9.78e-13, 8.67e-11
2019-10-26, 22:31:30, 9.52e-13, 8.71e-11
2019-10-26, 22:31:34, 9.29e-13, 8.72e-11
2019-10-26, 22:31:38, 1.01e-12, 8.77e-11
2019-10-26, 22:31:42, 1.04e-12, 8.7e-11
2019-10-26, 22:31:47, 9.93e-13, 8.7e-11
2019-10-26, 22:31:51, 9.16e-13, 8.76e-11
2019-10-26, 22:31:55, 9.66e-13, 8.72e-11
2019-10-26, 22:31:59, 9.72e-13, 8.74e-11
2019-10-26, 22:32:03, 9.87e-13, 8.72e-11
2019-10-26, 22:32:08, 9.81e-13, 8.7e-11
2019-10-26, 22:32:12, 9.94e-13, 8.7e-11
2019-10-26, 22:32:16, 8.03e-13, 8.73e-11
2019-10-26, 22:32:20, 9.76e-13, 8.73e-11
2019-10-26, 22:32:24, 9.47e-13, 8.73e-11
2019-10-26, 22:32:29, 9.97e-13, 8.7e-11
2019-10-26, 22:32:33, 1.1e-12, 8.68e-11
2019-10-26, 22:32:37, 9.26e-13, 8.7e-11
2019-10-26, 22:32:41, 9.89e-13, 8.7e-11
2019-10-26, 22:32:46, 9.35e-13, 8.73e-11
2019-10-26, 22:32:50, 1.06e-12, 8.7e-11
2019-10-26, 22:32:54, 1.02e-12, 8.77e-11
2019-10-26, 22:32:58, 9.88e-13, 8.71e-11
2019-10-26, 22:33:02, 8.51e-13, 8.74e-11
2019-10-26, 22:33:07, 9.84e-13, 8.76e-11
2019-10-26, 22:33:11, 9.86e-13, 8.67e-11
2019-10-26, 22:33:15, 1.02e-12, 8.67e-11
2019-10-26, 22:33:19, 9.81e-13, 8.73e-11
2019-10-26, 22:33:24, 9.73e-13, 8.72e-11
2019-10-26, 22:33:28, 9.73e-13, 8.71e-11
2019-10-26, 22:33:32, 9.84e-13, 8.74e-11
2019-10-26, 22:33:36, 8.52e-13, 8.73e-11
2019-10-26, 22:33:40, 9.5e-13, 8.72e-11
2019-10-26, 22:33:45, 9.79e-13, 8.75e-11
2019-10-26, 22:33:49, 8.75e-13, 8.7e-11
2019-10-26, 22:33:53, 1.02e-12, 8.7e-11
2019-10-26, 22:33:57, 9.38e-13, 8.71e-11
2019-10-26, 22:34:02, 9.72e-13, 8.69e-11
2019-10-26, 22:34:06, 9.78e-13, 8.76e-11
2019-10-26, 22:34:10, 9.39e-13, 8.69e-11
2019-10-26, 22:34:14, 9.88e-13, 8.75e-11
2019-10-26, 22:34:18, 9.61e-13, 8.75e-11
2019-10-26, 22:34:23, 1.03e-12, 8.71e-11
2019-10-26, 22:34:27, 9.63e-13, 8.73e-11
2019-10-26, 22:34:31, 9.32e-13, 8.74e-11
2019-10-26, 22:34:35, 9.03e-13, 8.71e-11
2019-10-26, 22:34:40, 1e-12, 8.72e-11
2019-10-26, 22:34:44, 9.8e-13, 8.71e-11
2019-10-26, 22:34:48, 8.92e-13, 8.7e-11
2019-10-26, 22:34:52, 8.79e-13, 8.71e-11
2019-10-26, 22:34:56, 9.93e-13, 8.69e-11
2019-10-26, 22:35:01, 9.29e-13, 8.73e-11
2019-10-26, 22:35:05, 9.25e-13, 8.75e-11
2019-10-26, 22:35:09, 1.04e-12, 8.71e-11
2019-10-26, 22:35:13, 9.35e-13, 8.72e-11
2019-10-26, 22:35:18, 1.05e-12, 8.74e-11
2019-10-26, 22:35:22, 1.06e-12, 8.73e-11
2019-10-26, 22:35:26, 8.89e-13, 8.69e-11
2019-10-26, 22:35:30, 9.55e-13, 8.69e-11
2019-10-26, 22:35:34, 9.44e-13, 8.73e-11
2019-10-26, 22:35:39, 9.61e-13, 8.72e-11
2019-10-26, 22:35:43, 1.01e-12, 8.75e-11
2019-10-26, 22:35:47, 9.9e-13, 8.77e-11
2019-10-26, 22:35:51, 9.71e-13, 8.73e-11
2019-10-26, 22:35:56, 9.95e-13, 8.7e-11
2019-10-26, 22:36:00, 9.59e-13, 8.71e-11
2019-10-26, 22:36:04, 9.66e-13, 8.69e-11
2019-10-26, 22:36:08, 9.43e-13, 8.71e-11
2019-10-26, 22:36:12, 9.05e-13, 8.72e-11
2019-10-26, 22:36:17, 9.52e-13, 8.75e-11
2019-10-26, 22:36:21, 9.24e-13, 8.73e-11
2019-10-26, 22:36:25, 9.87e-13, 8.7e-11
2019-10-26, 22:36:29, 9.4e-13, 8.71e-11
2019-10-26, 22:36:33, 9.54e-13, 8.7e-11
2019-10-26, 22:36:38, 1e-12, 8.71e-11
2019-10-26, 22:36:42, 1.06e-12, 8.71e-11
2019-10-26, 22:36:46, 9.92e-13, 8.71e-11
2019-10-26, 22:36:50, 9.24e-13, 8.74e-11
2019-10-26, 22:36:55, 9.28e-13, 8.77e-11
2019-10-26, 22:36:59, 9.71e-13, 8.72e-11
2019-10-26, 22:37:03, 1.06e-12, 8.72e-11
2019-10-26, 22:37:07, 9.65e-13, 8.74e-11
2019-10-26, 22:37:11, 9.16e-13, 8.69e-11
2019-10-26, 22:37:16, 1.11e-12, 8.7e-11
2019-10-26, 22:37:20, 8.16e-13, 8.71e-11
2019-10-26, 22:37:24, 1.09e-12, 8.75e-11
2019-10-26, 22:37:28, 8.88e-13, 8.66e-11
2019-10-26, 22:37:33, 9.67e-13, 8.74e-11
2019-10-26, 22:37:37, 9.92e-13, 8.75e-11
2019-10-26, 22:37:41, 7.49e-13, 8.72e-11
2019-10-26, 22:37:45, 9.46e-13, 8.68e-11
2019-10-26, 22:37:49, 9.95e-13, 8.7e-11
2019-10-26, 22:37:54, 9.67e-13, 8.69e-11
2019-10-26, 22:37:58, 9.7e-13, 8.7e-11
2019-10-26, 22:38:02, 9.22e-13, 8.68e-11
2019-10-26, 22:38:06, 1.06e-12, 8.74e-11
2019-10-26, 22:38:11, 9.48e-13, 8.75e-11
2019-10-26, 22:38:15, 9.56e-13, 8.77e-11
2019-10-26, 22:38:19, 8.39e-13, 8.76e-11
2019-10-26, 22:38:23, 9.82e-13, 8.74e-11
2019-10-26, 22:38:27, 9.45e-13, 8.7e-11
2019-10-26, 22:38:32, 9.98e-13, 8.7e-11
2019-10-26, 22:38:36, 8.76e-13, 8.66e-11
2019-10-26, 22:38:40, 9.72e-13, 8.67e-11
2019-10-26, 22:38:44, 1.04e-12, 8.71e-11
2019-10-26, 22:38:49, 9.5e-13, 8.71e-11
2019-10-26, 22:38:53, 9.77e-13, 8.73e-11
2019-10-26, 22:38:57, 8.93e-13, 8.74e-11
2019-10-26, 22:39:01, 8.07e-13, 8.71e-11
2019-10-26, 22:39:05, 9.59e-13, 8.71e-11
2019-10-26, 22:39:10, 1.08e-12, 8.7e-11
2019-10-26, 22:39:14, 1.04e-12, 8.72e-11
2019-10-26, 22:39:18, 9.3e-13, 8.72e-11
2019-10-26, 22:39:22, 9.19e-13, 8.72e-11
2019-10-26, 22:39:27, 9.86e-13, 8.7e-11
2019-10-26, 22:39:31, 9.96e-13, 8.74e-11
2019-10-26, 22:39:35, 9.46e-13, 8.74e-11
2019-10-26, 22:39:39, 9.23e-13, 8.73e-11
2019-10-26, 22:39:43, 1e-12, 8.74e-11
2019-10-26, 22:39:48, 9.41e-13, 8.72e-11
2019-10-26, 22:39:52, 9.75e-13, 8.73e-11
2019-10-26, 22:39:56, 1.01e-12, 8.72e-11
2019-10-26, 22:40:00, 9.8e-13, 8.74e-11
2019-10-26, 22:40:05, 9.54e-13, 8.76e-11
2019-10-26, 22:40:09, 9.75e-13, 8.67e-11
2019-10-26, 22:40:13, 9.01e-13, 8.71e-11
2019-10-26, 22:40:17, 9.36e-13, 8.74e-11
2019-10-26, 22:40:21, 9.47e-13, 8.78e-11
2019-10-26, 22:40:26, 9.71e-13, 8.75e-11
2019-10-26, 22:40:30, 9.35e-13, 8.69e-11
2019-10-26, 22:40:34, 9.39e-13, 8.75e-11
2019-10-26, 22:40:38, 9.55e-13, 8.7e-11
2019-10-26, 22:40:43, 9.93e-13, 8.72e-11
2019-10-26, 22:40:47, 1e-12, 8.73e-11
2019-10-26, 22:40:51, 9.25e-13, 8.74e-11
2019-10-26, 22:40:55, 9.75e-13, 8.74e-11
2019-10-26, 22:40:59, 9.37e-13, 8.73e-11
2019-10-26, 22:41:04, 9.92e-13, 8.69e-11
2019-10-26, 22:41:08, 9.5e-13, 8.69e-11
2019-10-26, 22:41:12, 8.77e-13, 8.71e-11
2019-10-26, 22:41:16, 8.53e-13, 8.73e-11
2019-10-26, 22:41:20, 1.01e-12, 8.73e-11
2019-10-26, 22:41:25, 1.09e-12, 8.73e-11
2019-10-26, 22:41:29, 9.51e-13, 8.75e-11
2019-10-26, 22:41:33, 9.1e-13, 8.72e-11
2019-10-26, 22:41:37, 9.41e-13, 8.72e-11
2019-10-26, 22:41:42, 9.5e-13, 8.71e-11
2019-10-26, 22:41:46, 9.18e-13, 8.73e-11
2019-10-26, 22:41:50, 9.26e-13, 8.71e-11
2019-10-26, 22:41:54, 9.05e-13, 8.69e-11
2019-10-26, 22:41:58, 9.33e-13, 8.71e-11
2019-10-26, 22:42:03, 9.05e-13, 8.72e-11
2019-10-26, 22:42:07, 9.1e-13, 8.73e-11
2019-10-26, 22:42:11, 1.03e-12, 8.73e-11
2019-10-26, 22:42:15, 9.73e-13, 8.76e-11
2019-10-26, 22:42:20, 8.79e-13, 8.7e-11
2019-10-26, 22:42:24, 1.03e-12, 8.67e-11
2019-10-26, 22:42:28, 9.67e-13, 8.66e-11
2019-10-26, 22:42:32, 9.93e-13, 8.67e-11
2019-10-26, 22:42:36, 9.19e-13, 8.74e-11
2019-10-26, 22:42:41, 9.11e-13, 8.71e-11
2019-10-26, 22:42:45, 9.21e-13, 8.73e-11
2019-10-26, 22:42:49, 1.03e-12, 8.71e-11
2019-10-26, 22:42:53, 9.12e-13, 8.77e-11
2019-10-26, 22:42:58, 9.62e-13, 8.71e-11
2019-10-26, 22:43:02, 9.77e-13, 8.75e-11
2019-10-26, 22:43:06, 1.04e-12, 8.69e-11
2019-10-26, 22:43:10, 9.69e-13, 8.68e-11
2019-10-26, 22:43:14, 9.71e-13, 8.72e-11
2019-10-26, 22:43:19, 9.62e-13, 8.72e-11
2019-10-26, 22:43:23, 9.25e-13, 8.7e-11
2019-10-26, 22:43:27, 1.07e-12, 8.74e-11
2019-10-26, 22:43:31, 1.03e-12, 8.73e-11
2019-10-26, 22:43:36, 9.49e-13, 8.7e-11
2019-10-26, 22:43:40, 9.5e-13, 8.73e-11
2019-10-26, 22:43:44, 9.08e-13, 8.7e-11
2019-10-26, 22:43:48, 9.91e-13, 8.69e-11
2019-10-26, 22:43:52, 9.2e-13, 8.74e-11
2019-10-26, 22:43:57, 9.86e-13, 8.74e-11
2019-10-26, 22:44:01, 9.98e-13, 8.76e-11
2019-10-26, 22:44:05, 9.22e-13, 8.71e-11
2019-10-26, 22:44:09, 9.97e-13, 8.74e-11
2019-10-26, 22:44:14, 1.08e-12, 8.68e-11
2019-10-26, 22:44:18, 9.76e-13, 8.72e-11
2019-10-26, 22:44:22, 1.13e-12, 8.74e-11
2019-10-26, 22:44:26, 9e-13, 8.72e-11
2019-10-26, 22:44:30, 9.42e-13, 8.73e-11
2019-10-26, 22:44:35, 9.65e-13, 8.7e-11
2019-10-26, 22:44:39, 1.02e-12, 8.76e-11
2019-10-26, 22:44:43, 9.37e-13, 8.73e-11
2019-10-26, 22:44:47, 9.49e-13, 8.75e-11
2019-10-26, 22:44:52, 9.45e-13, 8.72e-11
2019-10-26, 22:44:56, 9.49e-13, 8.75e-11
2019-10-26, 22:45:00, 9.74e-13, 8.73e-11
2019-10-26, 22:45:04, 9.94e-13, 8.65e-11
2019-10-26, 22:45:08, 9.88e-13, 8.68e-11
2019-10-26, 22:45:13, 9.78e-13, 8.71e-11
2019-10-26, 22:45:17, 9.44e-13, 8.72e-11
2019-10-26, 22:45:21, 1.03e-12, 8.73e-11
2019-10-26, 22:45:25, 8.97e-13, 8.72e-11
2019-10-26, 22:45:30, 1e-12, 8.73e-11
2019-10-26, 22:45:34, 9.71e-13, 8.73e-11
2019-10-26, 22:45:38, 9.15e-13, 8.68e-11
2019-10-26, 22:45:42, 9.68e-13, 8.72e-11
2019-10-26, 22:45:46, 9.76e-13, 8.69e-11
2019-10-26, 22:45:51, 9.89e-13, 8.76e-11
2019-10-26, 22:45:55, 9.28e-13, 8.73e-11
2019-10-26, 22:45:59, 1.06e-12, 8.74e-11
2019-10-26, 22:46:03, 9.31e-13, 8.7e-11
2019-10-26, 22:46:08, 9.39e-13, 8.75e-11
2019-10-26, 22:46:12, 9.84e-13, 8.74e-11
2019-10-26, 22:46:16, 9.37e-13, 8.71e-11
2019-10-26, 22:46:20, 9.58e-13, 8.73e-11
2019-10-26, 22:46:24, 9.77e-13, 8.7e-11
2019-10-26, 22:46:29, 9.97e-13, 8.76e-11
2019-10-26, 22:46:33, 9.95e-13, 8.73e-11
2019-10-26, 22:46:37, 9.21e-13, 8.73e-11
2019-10-26, 22:46:41, 9.65e-13, 8.72e-11
2019-10-26, 22:46:45, 9.66e-13, 8.73e-11
2019-10-26, 22:46:50, 9.62e-13, 8.75e-11
2019-10-26, 22:46:54, 9.63e-13, 8.7e-11
2019-10-26, 22:46:58, 9.77e-13, 8.71e-11
2019-10-26, 22:47:02, 9.73e-13, 8.72e-11
2019-10-26, 22:47:07, 8.94e-13, 8.72e-11
2019-10-26, 22:47:11, 1.01e-12, 8.71e-11
2019-10-26, 22:47:15, 9.77e-13, 8.75e-11
2019-10-26, 22:47:19, 9.38e-13, 8.71e-11
2019-10-26, 22:47:23, 9.2e-13, 8.7e-11
2019-10-26, 22:47:28, 9.4e-13, 8.66e-11
2019-10-26, 22:47:32, 9.93e-13, 8.69e-11
2019-10-26, 22:47:36, 9.5e-13, 8.75e-11
2019-10-26, 22:47:40, 9.53e-13, 8.67e-11
2019-10-26, 22:47:45, 9.71e-13, 8.66e-11
2019-10-26, 22:47:49, 9.49e-13, 8.7e-11
2019-10-26, 22:47:53, 9.55e-13, 8.69e-11
2019-10-26, 22:47:57, 9.18e-13, 8.76e-11
2019-10-26, 22:48:01, 1.02e-12, 8.75e-11
2019-10-26, 22:48:06, 9.43e-13, 8.71e-11
2019-10-26, 22:48:10, 9.72e-13, 8.7e-11
2019-10-26, 22:48:14, 9.15e-13, 8.8e-11
2019-10-26, 22:48:18, 8.19e-13, 8.75e-11
2019-10-26, 22:48:23, 8.51e-13, 8.69e-11
2019-10-26, 22:48:27, 9.31e-13, 8.71e-11
2019-10-26, 22:48:31, 9.69e-13, 8.7e-11
2019-10-26, 22:48:35, 9.99e-13, 8.75e-11
2019-10-26, 22:48:39, 9.32e-13, 8.77e-11
2019-10-26, 22:48:44, 1.02e-12, 8.69e-11
2019-10-26, 22:48:48, 9.16e-13, 8.75e-11
2019-10-26, 22:48:52, 9.47e-13, 8.72e-11
2019-10-26, 22:48:56, 9.45e-13, 8.72e-11
2019-10-26, 22:49:01, 9.8e-13, 8.68e-11
2019-10-26, 22:49:05, 9.87e-13, 8.75e-11
2019-10-26, 22:49:09, 1.02e-12, 8.72e-11
2019-10-26, 22:49:13, 8.99e-13, 8.74e-11
2019-10-26, 22:49:17, 9.9e-13, 8.73e-11
2019-10-26, 22:49:22, 8.59e-13, 8.67e-11
2019-10-26, 22:49:26, 9.62e-13, 8.77e-11
2019-10-26, 22:49:30, 9.57e-13, 8.73e-11
2019-10-26, 22:49:34, 9.01e-13, 8.72e-11
2019-10-26, 22:49:39, 9.23e-13, 8.71e-11
2019-10-26, 22:49:43, 9.53e-13, 8.7e-11
2019-10-26, 22:49:47, 9.52e-13, 8.74e-11
2019-10-26, 22:49:51, 9.92e-13, 8.75e-11
2019-10-26, 22:49:55, 1.17e-12, 8.75e-11
2019-10-26, 22:50:00, 9.95e-13, 8.7e-11
2019-10-26, 22:50:04, 9.16e-13, 8.73e-11
2019-10-26, 22:50:08, 9.36e-13, 8.73e-11
2019-10-26, 22:50:12, 9.37e-13, 8.75e-11
2019-10-26, 22:50:17, 9.76e-13, 8.74e-11
2019-10-26, 22:50:21, 1e-12, 8.76e-11
2019-10-26, 22:50:25, 9.44e-13, 8.67e-11
2019-10-26, 22:50:29, 9.62e-13, 8.75e-11
2019-10-26, 22:50:33, 9.68e-13, 8.74e-11
2019-10-26, 22:50:38, 9.59e-13, 8.76e-11
2019-10-26, 22:50:42, 8.81e-13, 8.78e-11
2019-10-26, 22:50:46, 9.66e-13, 8.73e-11
2019-10-26, 22:50:50, 9.8e-13, 8.7e-11
2019-10-26, 22:50:55, 9.71e-13, 8.73e-11
2019-10-26, 22:50:59, 1.05e-12, 8.71e-11
2019-10-26, 22:51:03, 9.78e-13, 8.71e-11
2019-10-26, 22:51:07, 9.13e-13, 8.73e-11
2019-10-26, 22:51:11, 9.48e-13, 8.76e-11
2019-10-26, 22:51:16, 9.94e-13, 8.74e-11
2019-10-26, 22:51:20, 1.04e-12, 8.76e-11
2019-10-26, 22:51:24, 9.11e-13, 8.72e-11
2019-10-26, 22:51:28, 9.31e-13, 8.71e-11
2019-10-26, 22:51:32, 9.79e-13, 8.74e-11
2019-10-26, 22:51:37, 9.41e-13, 8.76e-11
2019-10-26, 22:51:41, 9.52e-13, 8.74e-11
2019-10-26, 22:51:45, 9.7e-13, 8.73e-11
2019-10-26, 22:51:49, 9.36e-13, 8.74e-11
2019-10-26, 22:51:54, 1.01e-12, 8.72e-11
2019-10-26, 22:51:58, 9.41e-13, 8.67e-11
2019-10-26, 22:52:02, 9.62e-13, 8.73e-11
2019-10-26, 22:52:06, 9.39e-13, 8.74e-11
2019-10-26, 22:52:10, 9.8e-13, 8.7e-11
2019-10-26, 22:52:15, 9.44e-13, 8.75e-11
2019-10-26, 22:52:19, 9.88e-13, 8.75e-11
2019-10-26, 22:52:23, 9.57e-13, 8.75e-11
2019-10-26, 22:52:27, 9.61e-13, 8.73e-11
2019-10-26, 22:52:32, 9.86e-13, 8.73e-11
2019-10-26, 22:52:36, 9.7e-13, 8.73e-11
2019-10-26, 22:52:40, 9.96e-13, 8.72e-11
2019-10-26, 22:52:44, 9.86e-13, 8.73e-11
2019-10-26, 22:52:48, 9.73e-13, 8.74e-11
2019-10-26, 22:52:53, 9.52e-13, 8.72e-11
2019-10-26, 22:52:57, 9.17e-13, 8.73e-11
2019-10-26, 22:53:01, 9.45e-13, 8.79e-11
2019-10-26, 22:53:05, 9.45e-13, 8.75e-11
2019-10-26, 22:53:10, 9.74e-13, 8.78e-11
2019-10-26, 22:53:14, 9.84e-13, 8.78e-11
2019-10-26, 22:53:18, 9.53e-13, 8.76e-11
2019-10-26, 22:53:22, 1e-12, 8.76e-11
2019-10-26, 22:53:26, 9.58e-13, 8.75e-11
2019-10-26, 22:53:31, 1.01e-12, 8.77e-11
2019-10-26, 22:53:35, 9.77e-13, 8.71e-11
2019-10-26, 22:53:39, 1.01e-12, 8.75e-11
2019-10-26, 22:53:43, 1.01e-12, 8.74e-11
2019-10-26, 22:53:48, 9.85e-13, 8.73e-11
2019-10-26, 22:53:52, 9.14e-13, 8.77e-11
2019-10-26, 22:53:56, 1e-12, 8.74e-11
2019-10-26, 22:54:00, 8.55e-13, 8.74e-11
2019-10-26, 22:54:04, 9.6e-13, 8.75e-11
2019-10-26, 22:54:09, 9.52e-13, 8.74e-11
2019-10-26, 22:54:13, 9.99e-13, 8.73e-11
2019-10-26, 22:54:17, 9.64e-13, 8.76e-11
2019-10-26, 22:54:21, 9.7e-13, 8.72e-11
2019-10-26, 22:54:26, 1.01e-12, 8.69e-11
2019-10-26, 22:54:30, 9.57e-13, 8.71e-11
2019-10-26, 22:54:34, 9.22e-13, 8.71e-11
2019-10-26, 22:54:38, 9.75e-13, 8.74e-11
2019-10-26, 22:54:42, 1.01e-12, 8.73e-11
2019-10-26, 22:54:47, 9.95e-13, 8.73e-11
2019-10-26, 22:54:51, 9.15e-13, 8.75e-11
2019-10-26, 22:54:55, 9.3e-13, 8.72e-11
2019-10-26, 22:54:59, 1e-12, 8.78e-11
2019-10-26, 22:55:03, 9.94e-13, 8.76e-11
2019-10-26, 22:55:08, 9.79e-13, 8.7e-11
2019-10-26, 22:55:12, 9.69e-13, 8.72e-11
2019-10-26, 22:55:16, 9.44e-13, 8.69e-11
2019-10-26, 22:55:20, 9.81e-13, 8.78e-11
2019-10-26, 22:55:25, 9.48e-13, 8.76e-11
2019-10-26, 22:55:29, 1e-12, 8.77e-11
2019-10-26, 22:55:33, 9.19e-13, 8.74e-11
2019-10-26, 22:55:37, 9.95e-13, 8.69e-11
2019-10-26, 22:55:41, 9.8e-13, 8.74e-11
2019-10-26, 22:55:46, 9.5e-13, 8.73e-11
2019-10-26, 22:55:50, 9.1e-13, 8.74e-11
2019-10-26, 22:55:54, 9.76e-13, 8.76e-11
2019-10-26, 22:55:58, 1e-12, 8.74e-11
2019-10-26, 22:56:03, 9.42e-13, 8.75e-11
2019-10-26, 22:56:07, 9.24e-13, 8.73e-11
2019-10-26, 22:56:11, 9.97e-13, 8.73e-11
2019-10-26, 22:56:15, 9.58e-13, 8.73e-11
2019-10-26, 22:56:19, 1.04e-12, 8.74e-11
2019-10-26, 22:56:24, 1.01e-12, 8.75e-11
2019-10-26, 22:56:28, 9.97e-13, 8.77e-11
2019-10-26, 22:56:32, 9.75e-13, 8.77e-11
2019-10-26, 22:56:36, 1.04e-12, 8.78e-11
2019-10-26, 22:56:41, 9.46e-13, 8.76e-11
2019-10-26, 22:56:45, 9.91e-13, 8.72e-11
2019-10-26, 22:56:49, 9.59e-13, 8.76e-11
2019-10-26, 22:56:53, 9.78e-13, 8.74e-11
2019-10-26, 22:56:57, 9.6e-13, 8.73e-11
2019-10-26, 22:57:02, 9.69e-13, 8.76e-11
2019-10-26, 22:57:06, 9.8e-13, 8.74e-11
2019-10-26, 22:57:10, 9.53e-13, 8.72e-11
2019-10-26, 22:57:14, 8.99e-13, 8.72e-11
2019-10-26, 22:57:19, 9.33e-13, 8.75e-11
2019-10-26, 22:57:23, 9.63e-13, 8.73e-11
2019-10-26, 22:57:27, 9.98e-13, 8.71e-11
2019-10-26, 22:57:31, 9.45e-13, 8.74e-11
2019-10-26, 22:57:35, 1.04e-12, 8.74e-11
2019-10-26, 22:57:40, 9.17e-13, 8.72e-11
2019-10-26, 22:57:44, 9.89e-13, 8.81e-11
2019-10-26, 22:57:48, 1.01e-12, 8.77e-11
2019-10-26, 22:57:52, 9.6e-13, 8.74e-11
2019-10-26, 22:57:57, 1.03e-12, 8.71e-11
2019-10-26, 22:58:01, 9.26e-13, 8.73e-11
2019-10-26, 22:58:05, 1e-12, 8.71e-11
2019-10-26, 22:58:09, 1.08e-12, 8.72e-11
2019-10-26, 22:58:13, 9.66e-13, 8.73e-11
2019-10-26, 22:58:18, 9.62e-13, 8.72e-11
2019-10-26, 22:58:22, 9.4e-13, 8.74e-11
2019-10-26, 22:58:26, 9.66e-13, 8.78e-11
2019-10-26, 22:58:30, 9.89e-13, 8.72e-11
2019-10-26, 22:58:35, 9.4e-13, 8.72e-11
2019-10-26, 22:58:39, 9.26e-13, 8.75e-11
2019-10-26, 22:58:43, 9.41e-13, 8.76e-11
2019-10-26, 22:58:47, 1.04e-12, 8.73e-11
2019-10-26, 22:58:51, 9.27e-13, 8.77e-11
2019-10-26, 22:58:56, 1.02e-12, 8.74e-11
2019-10-26, 22:59:00, 9.92e-13, 8.74e-11
2019-10-26, 22:59:04, 9.31e-13, 8.74e-11
2019-10-26, 22:59:08, 1.05e-12, 8.72e-11
2019-10-26, 22:59:12, 9.77e-13, 8.7e-11
2019-10-26, 22:59:17, 1.09e-12, 8.77e-11
2019-10-26, 22:59:21, 1.03e-12, 8.74e-11
2019-10-26, 22:59:25, 9.91e-13, 8.73e-11
2019-10-26, 22:59:29, 9.35e-13, 8.73e-11
2019-10-26, 22:59:34, 9.21e-13, 8.75e-11
2019-10-26, 22:59:38, 9.54e-13, 8.78e-11
2019-10-26, 22:59:42, 9.93e-13, 8.77e-11
2019-10-26, 22:59:46, 9.93e-13, 8.71e-11
2019-10-26, 22:59:50, 1.03e-12, 8.73e-11
2019-10-26, 22:59:55, 9.56e-13, 8.68e-11
2019-10-26, 22:59:59, 9.58e-13, 8.76e-11
2019-10-26, 23:00:03, 9.96e-13, 8.71e-11
2019-10-26, 23:00:07, 9.41e-13, 8.65e-11
2019-10-26, 23:00:12, 1.1e-12, 8.71e-11
2019-10-26, 23:00:16, 1.05e-12, 8.7e-11
2019-10-26, 23:00:20, 9.69e-13, 8.7e-11
2019-10-26, 23:00:24, 9.27e-13, 8.74e-11
2019-10-26, 23:00:28, 9.45e-13, 8.72e-11
2019-10-26, 23:00:33, 9.28e-13, 8.73e-11
2019-10-26, 23:00:37, 9.91e-13, 8.74e-11
2019-10-26, 23:00:41, 8.46e-13, 8.68e-11
2019-10-26, 23:00:45, 1.01e-12, 8.69e-11
2019-10-26, 23:00:50, 9.41e-13, 8.77e-11
2019-10-26, 23:00:54, 9.64e-13, 8.73e-11
2019-10-26, 23:00:58, 9.77e-13, 8.69e-11
2019-10-26, 23:01:02, 9.17e-13, 8.72e-11
2019-10-26, 23:01:06, 9.84e-13, 8.74e-11
2019-10-26, 23:01:11, 9.35e-13, 8.76e-11
2019-10-26, 23:01:15, 9.14e-13, 8.69e-11
2019-10-26, 23:01:19, 9.75e-13, 8.69e-11
2019-10-26, 23:01:23, 9.64e-13, 8.7e-11
2019-10-26, 23:01:28, 9.67e-13, 8.77e-11
2019-10-26, 23:01:32, 1e-12, 8.82e-11
2019-10-26, 23:01:36, 9.71e-13, 8.73e-11
2019-10-26, 23:01:40, 9.22e-13, 8.77e-11
2019-10-26, 23:01:44, 1.03e-12, 8.79e-11
2019-10-26, 23:01:49, 1.07e-12, 8.76e-11
2019-10-26, 23:01:53, 1.01e-12, 8.75e-11
2019-10-26, 23:01:57, 9.43e-13, 8.73e-11
2019-10-26, 23:02:01, 9.82e-13, 8.74e-11
2019-10-26, 23:02:06, 9.38e-13, 8.7e-11
2019-10-26, 23:02:10, 9.64e-13, 8.73e-11
2019-10-26, 23:02:14, 9.16e-13, 8.77e-11
2019-10-26, 23:02:18, 9.61e-13, 8.74e-11
2019-10-26, 23:02:22, 1.02e-12, 8.75e-11
2019-10-26, 23:02:27, 9.6e-13, 8.71e-11
2019-10-26, 23:02:31, 9.18e-13, 8.7e-11
2019-10-26, 23:02:35, 9.43e-13, 8.73e-11
2019-10-26, 23:02:39, 9.21e-13, 8.75e-11
2019-10-26, 23:02:44, 9.48e-13, 8.78e-11
2019-10-26, 23:02:48, 9.48e-13, 8.77e-11
2019-10-26, 23:02:52, 9.14e-13, 8.72e-11
2019-10-26, 23:02:56, 9.83e-13, 8.76e-11
2019-10-26, 23:03:00, 9.93e-13, 8.74e-11
2019-10-26, 23:03:05, 1.01e-12, 8.75e-11
2019-10-26, 23:03:09, 1.01e-12, 8.77e-11
2019-10-26, 23:03:13, 1.04e-12, 8.77e-11
2019-10-26, 23:03:17, 9.88e-13, 8.73e-11
2019-10-26, 23:03:22, 7.98e-13, 8.73e-11
2019-10-26, 23:03:26, 9.74e-13, 8.74e-11
2019-10-26, 23:03:30, 9.76e-13, 8.69e-11
2019-10-26, 23:03:34, 9.22e-13, 8.73e-11
2019-10-26, 23:03:38, 1.04e-12, 8.73e-11
2019-10-26, 23:03:43, 9.41e-13, 8.76e-11
2019-10-26, 23:03:47, 9.86e-13, 8.73e-11
2019-10-26, 23:03:51, 9.28e-13, 8.73e-11
2019-10-26, 23:03:55, 9.94e-13, 8.71e-11
2019-10-26, 23:03:59, 1.16e-12, 8.75e-11
2019-10-26, 23:04:04, 9.33e-13, 8.77e-11
2019-10-26, 23:04:08, 8.84e-13, 8.73e-11
2019-10-26, 23:04:12, 1.01e-12, 8.72e-11
2019-10-26, 23:04:16, 9.64e-13, 8.71e-11
2019-10-26, 23:04:21, 8.91e-13, 8.73e-11
2019-10-26, 23:04:25, 1.13e-12, 8.76e-11
2019-10-26, 23:04:29, 8.42e-13, 8.71e-11
2019-10-26, 23:04:33, 8.99e-13, 8.74e-11
2019-10-26, 23:04:37, 9.77e-13, 8.78e-11
2019-10-26, 23:04:42, 1.02e-12, 8.73e-11
2019-10-26, 23:04:46, 9.82e-13, 8.73e-11
2019-10-26, 23:04:50, 1.03e-12, 8.77e-11
2019-10-26, 23:04:54, 9.47e-13, 8.71e-11
2019-10-26, 23:04:59, 9.28e-13, 8.77e-11
2019-10-26, 23:05:03, 9.17e-13, 8.75e-11
2019-10-26, 23:05:07, 9.45e-13, 8.71e-11
2019-10-26, 23:05:11, 1e-12, 8.76e-11
2019-10-26, 23:05:15, 1e-12, 8.79e-11
2019-10-26, 23:05:20, 9.82e-13, 8.74e-11
2019-10-26, 23:05:24, 9.4e-13, 8.76e-11
2019-10-26, 23:05:28, 9.82e-13, 8.72e-11
2019-10-26, 23:05:32, 9.55e-13, 8.71e-11
2019-10-26, 23:05:37, 9.87e-13, 8.72e-11
2019-10-26, 23:05:41, 9.13e-13, 8.73e-11
2019-10-26, 23:05:45, 9.76e-13, 8.75e-11
2019-10-26, 23:05:49, 9.36e-13, 8.72e-11
2019-10-26, 23:05:53, 1.01e-12, 8.74e-11
2019-10-26, 23:05:58, 9.32e-13, 8.75e-11
2019-10-26, 23:06:02, 8.9e-13, 8.75e-11
2019-10-26, 23:06:06, 9.09e-13, 8.7e-11
2019-10-26, 23:06:10, 9.21e-13, 8.73e-11
2019-10-26, 23:06:15, 9.74e-13, 8.74e-11
2019-10-26, 23:06:19, 8.88e-13, 8.76e-11
2019-10-26, 23:06:23, 1.01e-12, 8.73e-11
2019-10-26, 23:06:27, 9.43e-13, 8.76e-11
2019-10-26, 23:06:31, 9.9e-13, 8.7e-11
2019-10-26, 23:06:36, 9.21e-13, 8.72e-11
2019-10-26, 23:06:40, 1.01e-12, 8.77e-11
2019-10-26, 23:06:44, 9.75e-13, 8.73e-11
2019-10-26, 23:06:48, 9.56e-13, 8.72e-11
2019-10-26, 23:06:53, 1.02e-12, 8.73e-11
2019-10-26, 23:06:57, 9.58e-13, 8.73e-11
2019-10-26, 23:07:01, 9.52e-13, 8.7e-11
2019-10-26, 23:07:05, 8.99e-13, 8.77e-11
2019-10-26, 23:07:09, 8.67e-13, 8.77e-11
2019-10-26, 23:07:14, 8.9e-13, 8.75e-11
2019-10-26, 23:07:18, 9.4e-13, 8.75e-11
2019-10-26, 23:07:22, 9.83e-13, 8.71e-11
2019-10-26, 23:07:26, 9.52e-13, 8.7e-11
2019-10-26, 23:07:30, 1e-12, 8.7e-11
2019-10-26, 23:07:35, 8.84e-13, 8.76e-11
2019-10-26, 23:07:39, 9.68e-13, 8.78e-11
2019-10-26, 23:07:43, 9.49e-13, 8.73e-11
2019-10-26, 23:07:47, 9.26e-13, 8.78e-11
2019-10-26, 23:07:52, 8.95e-13, 8.76e-11
2019-10-26, 23:07:56, 9.39e-13, 8.72e-11
2019-10-26, 23:08:00, 9.78e-13, 8.67e-11
2019-10-26, 23:08:04, 9.78e-13, 8.71e-11
2019-10-26, 23:08:08, 9.47e-13, 8.71e-11
2019-10-26, 23:08:13, 9.35e-13, 8.69e-11
2019-10-26, 23:08:17, 9.01e-13, 8.75e-11
2019-10-26, 23:08:21, 9.6e-13, 8.72e-11
2019-10-26, 23:08:25, 9.09e-13, 8.74e-11
2019-10-26, 23:08:30, 9.17e-13, 8.7e-11
2019-10-26, 23:08:34, 9.72e-13, 8.74e-11
2019-10-26, 23:08:38, 9.47e-13, 8.73e-11
2019-10-26, 23:08:42, 9.02e-13, 8.75e-11
2019-10-26, 23:08:46, 9.49e-13, 8.77e-11
2019-10-26, 23:08:51, 1.01e-12, 8.73e-11
2019-10-26, 23:08:55, 9.86e-13, 8.77e-11
2019-10-26, 23:08:59, 8.88e-13, 8.72e-11
2019-10-26, 23:09:03, 9.49e-13, 8.74e-11
2019-10-26, 23:09:08, 9.48e-13, 8.72e-11
2019-10-26, 23:09:12, 1.06e-12, 8.74e-11
2019-10-26, 23:09:16, 8.91e-13, 8.75e-11
2019-10-26, 23:09:20, 9.82e-13, 8.8e-11
2019-10-26, 23:09:24, 9.99e-13, 8.74e-11
2019-10-26, 23:09:29, 9.9e-13, 8.74e-11
2019-10-26, 23:09:33, 1e-12, 8.76e-11
2019-10-26, 23:09:37, 8.99e-13, 8.79e-11
2019-10-26, 23:09:41, 1.01e-12, 8.77e-11
2019-10-26, 23:09:46, 9.99e-13, 8.76e-11
2019-10-26, 23:09:50, 8.68e-13, 8.75e-11
2019-10-26, 23:09:54, 9.52e-13, 8.76e-11
2019-10-26, 23:09:58, 1.01e-12, 8.76e-11
2019-10-26, 23:10:02, 9.24e-13, 8.75e-11
2019-10-26, 23:10:07, 8.94e-13, 8.75e-11
2019-10-26, 23:10:11, 1.02e-12, 8.73e-11
2019-10-26, 23:10:15, 9.01e-13, 8.73e-11
2019-10-26, 23:10:19, 9.26e-13, 8.73e-11
2019-10-26, 23:10:24, 9.4e-13, 8.74e-11
2019-10-26, 23:10:28, 1.06e-12, 8.75e-11
2019-10-26, 23:10:32, 9.61e-13, 8.75e-11
2019-10-26, 23:10:36, 9.78e-13, 8.77e-11
2019-10-26, 23:10:40, 9.78e-13, 8.76e-11
2019-10-26, 23:10:45, 9.59e-13, 8.76e-11
2019-10-26, 23:10:49, 9.45e-13, 8.73e-11
2019-10-26, 23:10:53, 9.18e-13, 8.72e-11
2019-10-26, 23:10:57, 9.88e-13, 8.72e-11
2019-10-26, 23:11:02, 1.07e-12, 8.75e-11
2019-10-26, 23:11:06, 9.19e-13, 8.75e-11
2019-10-26, 23:11:10, 9.96e-13, 8.71e-11
2019-10-26, 23:11:14, 9.95e-13, 8.75e-11
2019-10-26, 23:11:18, 9.54e-13, 8.72e-11
2019-10-26, 23:11:23, 9.45e-13, 8.74e-11
2019-10-26, 23:11:27, 8.87e-13, 8.76e-11
2019-10-26, 23:11:31, 9.71e-13, 8.74e-11
2019-10-26, 23:11:35, 9.74e-13, 8.76e-11
2019-10-26, 23:11:39, 8.77e-13, 8.75e-11
2019-10-26, 23:11:44, 9.42e-13, 8.78e-11
2019-10-26, 23:11:48, 9.94e-13, 8.79e-11
2019-10-26, 23:11:52, 8.83e-13, 8.73e-11
2019-10-26, 23:11:56, 1.01e-12, 8.76e-11
2019-10-26, 23:12:01, 1.02e-12, 8.78e-11
2019-10-26, 23:12:05, 9.87e-13, 8.76e-11
2019-10-26, 23:12:09, 9.47e-13, 8.81e-11
2019-10-26, 23:12:13, 9.34e-13, 8.75e-11
2019-10-26, 23:12:17, 9.61e-13, 8.73e-11
2019-10-26, 23:12:22, 9.45e-13, 8.72e-11
2019-10-26, 23:12:26, 9.68e-13, 8.78e-11
2019-10-26, 23:12:30, 9.72e-13, 8.77e-11
2019-10-26, 23:12:34, 9.4e-13, 8.77e-11
2019-10-26, 23:12:39, 1.02e-12, 8.77e-11
2019-10-26, 23:12:43, 9.15e-13, 8.75e-11
2019-10-26, 23:12:47, 9.92e-13, 8.75e-11
2019-10-26, 23:12:51, 9.66e-13, 8.76e-11
2019-10-26, 23:12:55, 8.64e-13, 8.78e-11
2019-10-26, 23:13:00, 9.17e-13, 8.75e-11
2019-10-26, 23:13:04, 9.65e-13, 8.76e-11
2019-10-26, 23:13:08, 9.34e-13, 8.75e-11
2019-10-26, 23:13:12, 9.61e-13, 8.76e-11
2019-10-26, 23:13:17, 9.91e-13, 8.71e-11
2019-10-26, 23:13:21, 9.38e-13, 8.73e-11
2019-10-26, 23:13:25, 9.19e-13, 8.77e-11
2019-10-26, 23:13:29, 9.32e-13, 8.77e-11
2019-10-26, 23:13:33, 1.03e-12, 8.74e-11
2019-10-26, 23:13:38, 1.09e-12, 8.77e-11
2019-10-26, 23:13:42, 9.96e-13, 8.73e-11
2019-10-26, 23:13:46, 9.28e-13, 8.73e-11
2019-10-26, 23:13:50, 9.17e-13, 8.76e-11
2019-10-26, 23:13:55, 9.4e-13, 8.78e-11
2019-10-26, 23:13:59, 9.57e-13, 8.81e-11
2019-10-26, 23:14:03, 9.79e-13, 8.79e-11
2019-10-26, 23:14:07, 9.23e-13, 8.75e-11
2019-10-26, 23:14:11, 9.54e-13, 8.69e-11
2019-10-26, 23:14:16, 1.08e-12, 8.72e-11
2019-10-26, 23:14:20, 9.33e-13, 8.73e-11
2019-10-26, 23:14:24, 9.61e-13, 8.73e-11
2019-10-26, 23:14:28, 9.85e-13, 8.72e-11
2019-10-26, 23:14:33, 1.04e-12, 8.74e-11
2019-10-26, 23:14:37, 9.54e-13, 8.76e-11
2019-10-26, 23:14:41, 9.86e-13, 8.77e-11
2019-10-26, 23:14:45, 9.93e-13, 8.75e-11
2019-10-26, 23:14:49, 9.28e-13, 8.76e-11
2019-10-26, 23:14:54, 9.28e-13, 8.76e-11
2019-10-26, 23:14:58, 9.85e-13, 8.76e-11
2019-10-26, 23:15:02, 9.65e-13, 8.78e-11
2019-10-26, 23:15:06, 9.75e-13, 8.74e-11
2019-10-26, 23:15:11, 9.63e-13, 8.79e-11
2019-10-26, 23:15:15, 9.36e-13, 8.77e-11
2019-10-26, 23:15:19, 9.68e-13, 8.73e-11
2019-10-26, 23:15:23, 9.64e-13, 8.72e-11
2019-10-26, 23:15:27, 9.61e-13, 8.76e-11
2019-10-26, 23:15:32, 9.7e-13, 8.77e-11
2019-10-26, 23:15:36, 9.95e-13, 8.75e-11
2019-10-26, 23:15:40, 9.75e-13, 8.73e-11
2019-10-26, 23:15:44, 9.62e-13, 8.73e-11
2019-10-26, 23:15:49, 9.71e-13, 8.73e-11
2019-10-26, 23:15:53, 8.97e-13, 8.74e-11
2019-10-26, 23:15:57, 9.4e-13, 8.71e-11
2019-10-26, 23:16:01, 9.68e-13, 8.75e-11
2019-10-26, 23:16:05, 9.71e-13, 8.7e-11
2019-10-26, 23:16:10, 9.86e-13, 8.76e-11
2019-10-26, 23:16:14, 9.84e-13, 8.76e-11
2019-10-26, 23:16:18, 1.13e-12, 8.78e-11
2019-10-26, 23:16:22, 9.66e-13, 8.77e-11
2019-10-26, 23:16:27, 1.09e-12, 8.72e-11
2019-10-26, 23:16:31, 9.95e-13, 8.71e-11
2019-10-26, 23:16:35, 9.51e-13, 8.75e-11
2019-10-26, 23:16:39, 9.16e-13, 8.72e-11
2019-10-26, 23:16:43, 9e-13, 8.75e-11
2019-10-26, 23:16:48, 9.83e-13, 8.72e-11
2019-10-26, 23:16:52, 8.98e-13, 8.74e-11
2019-10-26, 23:16:56, 1.01e-12, 8.72e-11
2019-10-26, 23:17:00, 1.05e-12, 8.72e-11
2019-10-26, 23:17:05, 9.7e-13, 8.76e-11
2019-10-26, 23:17:09, 9.72e-13, 8.75e-11
2019-10-26, 23:17:13, 9.67e-13, 8.76e-11
2019-10-26, 23:17:17, 8.98e-13, 8.71e-11
2019-10-26, 23:17:21, 1.02e-12, 8.77e-11
2019-10-26, 23:17:26, 9.19e-13, 8.72e-11
2019-10-26, 23:17:30, 9.76e-13, 8.73e-11
2019-10-26, 23:17:34, 9.92e-13, 8.71e-11
2019-10-26, 23:17:38, 9.49e-13, 8.73e-11
2019-10-26, 23:17:43, 1e-12, 8.73e-11
2019-10-26, 23:17:47, 8.97e-13, 8.74e-11
2019-10-26, 23:17:51, 9.51e-13, 8.75e-11
2019-10-26, 23:17:55, 8.95e-13, 8.76e-11
2019-10-26, 23:17:59, 9.83e-13, 8.77e-11
2019-10-26, 23:18:04, 9.37e-13, 8.78e-11
2019-10-26, 23:18:08, 9.53e-13, 8.74e-11
2019-10-26, 23:18:12, 9.71e-13, 8.77e-11
2019-10-26, 23:18:16, 9.21e-13, 8.71e-11
2019-10-26, 23:18:20, 9.92e-13, 8.72e-11
2019-10-26, 23:18:25, 8.93e-13, 8.74e-11
2019-10-26, 23:18:29, 1e-12, 8.77e-11
2019-10-26, 23:18:33, 9.53e-13, 8.8e-11
2019-10-26, 23:18:37, 9.46e-13, 8.76e-11
2019-10-26, 23:18:42, 9.47e-13, 8.78e-11
2019-10-26, 23:18:46, 9.11e-13, 8.77e-11
2019-10-26, 23:18:50, 9.95e-13, 8.76e-11
2019-10-26, 23:18:54, 9.78e-13, 8.73e-11
2019-10-26, 23:18:58, 1.09e-12, 8.72e-11
2019-10-26, 23:19:03, 9.66e-13, 8.74e-11
2019-10-26, 23:19:07, 9.73e-13, 8.77e-11
2019-10-26, 23:19:11, 9.82e-13, 8.78e-11
2019-10-26, 23:19:15, 9.89e-13, 8.75e-11
2019-10-26, 23:19:20, 9.65e-13, 8.75e-11
2019-10-26, 23:19:24, 1.01e-12, 8.75e-11
2019-10-26, 23:19:28, 9.73e-13, 8.74e-11
2019-10-26, 23:19:32, 9.22e-13, 8.79e-11
2019-10-26, 23:19:36, 9.75e-13, 8.78e-11
2019-10-26, 23:19:41, 9.56e-13, 8.77e-11
2019-10-26, 23:19:45, 1.01e-12, 8.76e-11
2019-10-26, 23:19:49, 8.78e-13, 8.77e-11
2019-10-26, 23:19:53, 9.97e-13, 8.75e-11
2019-10-26, 23:19:58, 9.23e-13, 8.79e-11
2019-10-26, 23:20:02, 9.18e-13, 8.76e-11
2019-10-26, 23:20:06, 9.22e-13, 8.79e-11
2019-10-26, 23:20:10, 1e-12, 8.72e-11
2019-10-26, 23:20:14, 9.84e-13, 8.77e-11
2019-10-26, 23:20:19, 9.79e-13, 8.77e-11
2019-10-26, 23:20:23, 1.2e-12, 8.77e-11
2019-10-26, 23:20:27, 9.38e-13, 8.77e-11
2019-10-26, 23:20:31, 9.75e-13, 8.74e-11
2019-10-26, 23:20:36, 9.08e-13, 8.78e-11
2019-10-26, 23:20:40, 9.69e-13, 8.76e-11
2019-10-26, 23:20:44, 9.41e-13, 8.75e-11
2019-10-26, 23:20:48, 9.22e-13, 8.74e-11
2019-10-26, 23:20:52, 8.52e-13, 8.76e-11
2019-10-26, 23:20:57, 9.59e-13, 8.78e-11
2019-10-26, 23:21:01, 9.55e-13, 8.77e-11
2019-10-26, 23:21:05, 9.82e-13, 8.77e-11
2019-10-26, 23:21:09, 9.5e-13, 8.71e-11
2019-10-26, 23:21:14, 9.83e-13, 8.76e-11
2019-10-26, 23:21:18, 9.01e-13, 8.76e-11
2019-10-26, 23:21:22, 9.41e-13, 8.78e-11
2019-10-26, 23:21:26, 9.37e-13, 8.74e-11
2019-10-26, 23:21:30, 9.21e-13, 8.76e-11
2019-10-26, 23:21:35, 9.32e-13, 8.79e-11
2019-10-26, 23:21:39, 9.37e-13, 8.74e-11
2019-10-26, 23:21:43, 1e-12, 8.75e-11
2019-10-26, 23:21:47, 9.98e-13, 8.75e-11
2019-10-26, 23:21:52, 9.94e-13, 8.74e-11
2019-10-26, 23:21:56, 8.76e-13, 8.78e-11
2019-10-26, 23:22:00, 9.96e-13, 8.78e-11
2019-10-26, 23:22:04, 9.97e-13, 8.73e-11
2019-10-26, 23:22:08, 9.38e-13, 8.74e-11
2019-10-26, 23:22:13, 9.92e-13, 8.78e-11
2019-10-26, 23:22:17, 9.63e-13, 8.76e-11
2019-10-26, 23:22:21, 9.43e-13, 8.74e-11
2019-10-26, 23:22:25, 9.56e-13, 8.72e-11
2019-10-26, 23:22:29, 9.96e-13, 8.73e-11
2019-10-26, 23:22:34, 9.24e-13, 8.72e-11
2019-10-26, 23:22:38, 9.72e-13, 8.75e-11
2019-10-26, 23:22:42, 9.77e-13, 8.76e-11
2019-10-26, 23:22:46, 9.35e-13, 8.76e-11
2019-10-26, 23:22:51, 9.57e-13, 8.72e-11
2019-10-26, 23:22:55, 1.01e-12, 8.76e-11
2019-10-26, 23:22:59, 9.46e-13, 8.71e-11
2019-10-26, 23:23:03, 9.71e-13, 8.74e-11
2019-10-26, 23:23:07, 1.01e-12, 8.74e-11
2019-10-26, 23:23:12, 9.91e-13, 8.72e-11
2019-10-26, 23:23:16, 8.9e-13, 8.72e-11
2019-10-26, 23:23:20, 9.86e-13, 8.74e-11
2019-10-26, 23:23:24, 9.92e-13, 8.71e-11
2019-10-26, 23:23:29, 9.56e-13, 8.73e-11
2019-10-26, 23:23:33, 9.32e-13, 8.74e-11
2019-10-26, 23:23:37, 9.72e-13, 8.76e-11
2019-10-26, 23:23:41, 9.48e-13, 8.76e-11
2019-10-26, 23:23:45, 9.79e-13, 8.74e-11
2019-10-26, 23:23:50, 9.2e-13, 8.74e-11
2019-10-26, 23:23:54, 9.73e-13, 8.77e-11
2019-10-26, 23:23:58, 9.67e-13, 8.74e-11
2019-10-26, 23:24:02, 9.14e-13, 8.72e-11
2019-10-26, 23:24:07, 1.06e-12, 8.76e-11
2019-10-26, 23:24:11, 1.03e-12, 8.76e-11
2019-10-26, 23:24:15, 9.92e-13, 8.75e-11
2019-10-26, 23:24:19, 1.02e-12, 8.74e-11
2019-10-26, 23:24:23, 9.96e-13, 8.71e-11
2019-10-26, 23:24:28, 9.7e-13, 8.75e-11
2019-10-26, 23:24:32, 8.91e-13, 8.79e-11
2019-10-26, 23:24:36, 9.66e-13, 8.74e-11
2019-10-26, 23:24:40, 1.03e-12, 8.75e-11
2019-10-26, 23:24:45, 9.4e-13, 8.76e-11
2019-10-26, 23:24:49, 1.03e-12, 8.74e-11
2019-10-26, 23:24:53, 9.13e-13, 8.7e-11
2019-10-26, 23:24:57, 9.32e-13, 8.76e-11
2019-10-26, 23:25:01, 9.65e-13, 8.73e-11
2019-10-26, 23:25:06, 9.62e-13, 8.76e-11
2019-10-26, 23:25:10, 9.9e-13, 8.72e-11
2019-10-26, 23:25:14, 9.71e-13, 8.77e-11
2019-10-26, 23:25:18, 9.76e-13, 8.77e-11
2019-10-26, 23:25:23, 9.08e-13, 8.77e-11
2019-10-26, 23:25:27, 9.72e-13, 8.8e-11
2019-10-26, 23:25:31, 9.49e-13, 8.75e-11
2019-10-26, 23:25:35, 9.45e-13, 8.77e-11
2019-10-26, 23:25:39, 9.71e-13, 8.77e-11
2019-10-26, 23:25:44, 1.11e-12, 8.76e-11
2019-10-26, 23:25:48, 9.8e-13, 8.74e-11
2019-10-26, 23:25:52, 1.02e-12, 8.79e-11
2019-10-26, 23:25:56, 9.79e-13, 8.81e-11
2019-10-26, 23:26:00, 9.51e-13, 8.82e-11
2019-10-26, 23:26:05, 9.84e-13, 8.73e-11
2019-10-26, 23:26:09, 8.5e-13, 8.71e-11
2019-10-26, 23:26:13, 9.81e-13, 8.71e-11
2019-10-26, 23:26:17, 9.98e-13, 8.74e-11
2019-10-26, 23:26:22, 9.75e-13, 8.73e-11
2019-10-26, 23:26:26, 9.03e-13, 8.75e-11
2019-10-26, 23:26:30, 9.31e-13, 8.75e-11
2019-10-26, 23:26:34, 9.48e-13, 8.78e-11
2019-10-26, 23:26:38, 9.6e-13, 8.75e-11
2019-10-26, 23:26:43, 9.19e-13, 8.71e-11
2019-10-26, 23:26:47, 9.54e-13, 8.77e-11
2019-10-26, 23:26:51, 9.65e-13, 8.78e-11
2019-10-26, 23:26:55, 9.56e-13, 8.73e-11
2019-10-26, 23:27:00, 9.28e-13, 8.79e-11
2019-10-26, 23:27:04, 9.31e-13, 8.8e-11
2019-10-26, 23:27:08, 9.89e-13, 8.75e-11
2019-10-26, 23:27:12, 1.02e-12, 8.73e-11
2019-10-26, 23:27:16, 9.67e-13, 8.75e-11
2019-10-26, 23:27:21, 9.11e-13, 8.73e-11
2019-10-26, 23:27:25, 8.96e-13, 8.79e-11
2019-10-26, 23:27:29, 9.48e-13, 8.77e-11
2019-10-26, 23:27:33, 9.47e-13, 8.76e-11
2019-10-26, 23:27:38, 9.56e-13, 8.75e-11
2019-10-26, 23:27:42, 9.17e-13, 8.74e-11
2019-10-26, 23:27:46, 9.3e-13, 8.76e-11
2019-10-26, 23:27:50, 9.25e-13, 8.78e-11
2019-10-26, 23:27:54, 9.24e-13, 8.72e-11
2019-10-26, 23:27:59, 9.45e-13, 8.74e-11
2019-10-26, 23:28:03, 9.05e-13, 8.75e-11
2019-10-26, 23:28:07, 9.62e-13, 8.7e-11
2019-10-26, 23:28:11, 9.29e-13, 8.71e-11
2019-10-26, 23:28:16, 9.63e-13, 8.77e-11
2019-10-26, 23:28:20, 1.08e-12, 8.7e-11
2019-10-26, 23:28:24, 1.01e-12, 8.67e-11
2019-10-26, 23:28:28, 1.03e-12, 8.74e-11
2019-10-26, 23:28:32, 9.69e-13, 8.69e-11
2019-10-26, 23:28:37, 9.45e-13, 8.73e-11
2019-10-26, 23:28:41, 9.23e-13, 8.7e-11
2019-10-26, 23:28:45, 9.42e-13, 8.74e-11
2019-10-26, 23:28:49, 9.65e-13, 8.74e-11
2019-10-26, 23:28:54, 1.06e-12, 8.76e-11
2019-10-26, 23:28:58, 9.42e-13, 8.77e-11
2019-10-26, 23:29:02, 8.83e-13, 8.73e-11
2019-10-26, 23:29:06, 9.74e-13, 8.73e-11
2019-10-26, 23:29:10, 9.34e-13, 8.74e-11
2019-10-26, 23:29:15, 1.03e-12, 8.75e-11
2019-10-26, 23:29:19, 9.68e-13, 8.77e-11
2019-10-26, 23:29:23, 9.11e-13, 8.73e-11
2019-10-26, 23:29:27, 9.57e-13, 8.75e-11
2019-10-26, 23:29:32, 9.66e-13, 8.75e-11
2019-10-26, 23:29:36, 9.62e-13, 8.71e-11
2019-10-26, 23:29:40, 1.01e-12, 8.74e-11
2019-10-26, 23:29:44, 9.93e-13, 8.72e-11
2019-10-26, 23:29:48, 9.41e-13, 8.72e-11
2019-10-26, 23:29:53, 1.05e-12, 8.74e-11
2019-10-26, 23:29:57, 1.01e-12, 8.73e-11
2019-10-26, 23:30:01, 9.83e-13, 8.79e-11
2019-10-26, 23:30:05, 1.02e-12, 8.74e-11
2019-10-26, 23:30:09, 1.01e-12, 8.76e-11
2019-10-26, 23:30:14, 9.53e-13, 8.75e-11
2019-10-26, 23:30:18, 9.12e-13, 8.74e-11
2019-10-26, 23:30:22, 9.03e-13, 8.72e-11
2019-10-26, 23:30:26, 9.12e-13, 8.74e-11
2019-10-26, 23:30:31, 9.75e-13, 8.7e-11
2019-10-26, 23:30:35, 1.02e-12, 8.81e-11
2019-10-26, 23:30:39, 9.52e-13, 8.76e-11
2019-10-26, 23:30:43, 9.52e-13, 8.76e-11
2019-10-26, 23:30:47, 9.73e-13, 8.71e-11
2019-10-26, 23:30:52, 9.77e-13, 8.75e-11
2019-10-26, 23:30:56, 9.24e-13, 8.73e-11
2019-10-26, 23:31:00, 9.77e-13, 8.75e-11
2019-10-26, 23:31:04, 9.76e-13, 8.76e-11
2019-10-26, 23:31:09, 9.67e-13, 8.77e-11
2019-10-26, 23:31:13, 9.24e-13, 8.75e-11
2019-10-26, 23:31:17, 9.54e-13, 8.79e-11
2019-10-26, 23:31:21, 8.22e-13, 8.78e-11
2019-10-26, 23:31:25, 1.05e-12, 8.69e-11
2019-10-26, 23:31:30, 1.02e-12, 8.73e-11
2019-10-26, 23:31:34, 9.31e-13, 8.74e-11
2019-10-26, 23:31:38, 1.04e-12, 8.77e-11
2019-10-26, 23:31:42, 9.27e-13, 8.78e-11
2019-10-26, 23:31:47, 9.19e-13, 8.8e-11
2019-10-26, 23:31:51, 9.83e-13, 8.69e-11
2019-10-26, 23:31:55, 9.52e-13, 8.74e-11
2019-10-26, 23:31:59, 1.01e-12, 8.76e-11
2019-10-26, 23:32:03, 9.37e-13, 8.76e-11
2019-10-26, 23:32:08, 8.79e-13, 8.77e-11
2019-10-26, 23:32:12, 9.63e-13, 8.79e-11
2019-10-26, 23:32:16, 9.6e-13, 8.75e-11
2019-10-26, 23:32:20, 9.72e-13, 8.74e-11
2019-10-26, 23:32:25, 1.03e-12, 8.72e-11
2019-10-26, 23:32:29, 9.99e-13, 8.76e-11
2019-10-26, 23:32:33, 9.35e-13, 8.74e-11
2019-10-26, 23:32:37, 9.38e-13, 8.77e-11
2019-10-26, 23:32:42, 1.04e-12, 8.78e-11
2019-10-26, 23:32:46, 9.88e-13, 8.74e-11
2019-10-26, 23:32:50, 1.05e-12, 8.75e-11
2019-10-26, 23:32:54, 9.9e-13, 8.76e-11
2019-10-26, 23:32:58, 9.82e-13, 8.77e-11
2019-10-26, 23:33:03, 9.38e-13, 8.71e-11
2019-10-26, 23:33:07, 9.69e-13, 8.75e-11
2019-10-26, 23:33:11, 9.62e-13, 8.74e-11
2019-10-26, 23:33:15, 9.44e-13, 8.73e-11
2019-10-26, 23:33:20, 9.99e-13, 8.77e-11
2019-10-26, 23:33:24, 9.31e-13, 8.76e-11
2019-10-26, 23:33:28, 1e-12, 8.72e-11
2019-10-26, 23:33:32, 8.86e-13, 8.75e-11
2019-10-26, 23:33:36, 9.62e-13, 8.78e-11
2019-10-26, 23:33:41, 9.79e-13, 8.75e-11
2019-10-26, 23:33:45, 9.25e-13, 8.76e-11
2019-10-26, 23:33:49, 9.79e-13, 8.76e-11
2019-10-26, 23:33:53, 9.2e-13, 8.73e-11
2019-10-26, 23:33:58, 9.09e-13, 8.77e-11
2019-10-26, 23:34:02, 9.58e-13, 8.74e-11
2019-10-26, 23:34:06, 9.31e-13, 8.7e-11
2019-10-26, 23:34:10, 1e-12, 8.74e-11
2019-10-26, 23:34:14, 9.86e-13, 8.75e-11
2019-10-26, 23:34:19, 1.03e-12, 8.69e-11
2019-10-26, 23:34:23, 8.39e-13, 8.71e-11
2019-10-26, 23:34:27, 9.64e-13, 8.75e-11
2019-10-26, 23:34:31, 9.49e-13, 8.73e-11
2019-10-26, 23:34:36, 9.26e-13, 8.77e-11
2019-10-26, 23:34:40, 9.61e-13, 8.77e-11
2019-10-26, 23:34:44, 9.42e-13, 8.73e-11
2019-10-26, 23:34:48, 9.99e-13, 8.77e-11
2019-10-26, 23:34:52, 1.01e-12, 8.75e-11
2019-10-26, 23:34:57, 1.14e-12, 8.74e-11
2019-10-26, 23:35:01, 9.93e-13, 8.72e-11
2019-10-26, 23:35:05, 1e-12, 8.74e-11
2019-10-26, 23:35:09, 9.89e-13, 8.79e-11
2019-10-26, 23:35:13, 9.34e-13, 8.77e-11
2019-10-26, 23:35:18, 9.84e-13, 8.72e-11
2019-10-26, 23:35:22, 9.36e-13, 8.78e-11
2019-10-26, 23:35:26, 9.26e-13, 8.76e-11
2019-10-26, 23:35:30, 9.36e-13, 8.79e-11
2019-10-26, 23:35:35, 8.66e-13, 8.72e-11
2019-10-26, 23:35:39, 9.17e-13, 8.78e-11
2019-10-26, 23:35:43, 9.31e-13, 8.79e-11
2019-10-26, 23:35:47, 9.97e-13, 8.72e-11
2019-10-26, 23:35:51, 9.51e-13, 8.75e-11
2019-10-26, 23:35:56, 9.24e-13, 8.74e-11
2019-10-26, 23:36:00, 9.39e-13, 8.72e-11
2019-10-26, 23:36:04, 9.54e-13, 8.75e-11
2019-10-26, 23:36:08, 9.59e-13, 8.73e-11
2019-10-26, 23:36:13, 9.06e-13, 8.76e-11
2019-10-26, 23:36:17, 9.58e-13, 8.73e-11
2019-10-26, 23:36:21, 9.11e-13, 8.75e-11
2019-10-26, 23:36:25, 9.45e-13, 8.77e-11
2019-10-26, 23:36:29, 8.79e-13, 8.72e-11
2019-10-26, 23:36:34, 9.77e-13, 8.8e-11
2019-10-26, 23:36:38, 9.83e-13, 8.72e-11
2019-10-26, 23:36:42, 9.42e-13, 8.77e-11
2019-10-26, 23:36:46, 9.74e-13, 8.74e-11
2019-10-26, 23:36:51, 1.01e-12, 8.75e-11
2019-10-26, 23:36:55, 9.83e-13, 8.77e-11
2019-10-26, 23:36:59, 9.55e-13, 8.75e-11
2019-10-26, 23:37:03, 9.87e-13, 8.77e-11
2019-10-26, 23:37:07, 9.06e-13, 8.75e-11
2019-10-26, 23:37:12, 8.21e-13, 8.73e-11
2019-10-26, 23:37:16, 9.79e-13, 8.78e-11
2019-10-26, 23:37:20, 9.71e-13, 8.74e-11
2019-10-26, 23:37:24, 9.82e-13, 8.78e-11
2019-10-26, 23:37:29, 9.84e-13, 8.77e-11
2019-10-26, 23:37:33, 8.86e-13, 8.71e-11
2019-10-26, 23:37:37, 9.77e-13, 8.73e-11
2019-10-26, 23:37:41, 9.13e-13, 8.72e-11
2019-10-26, 23:37:45, 1.01e-12, 8.74e-11
2019-10-26, 23:37:50, 9.64e-13, 8.78e-11
2019-10-26, 23:37:54, 9.94e-13, 8.75e-11
2019-10-26, 23:37:58, 9.4e-13, 8.79e-11
2019-10-26, 23:38:02, 9.32e-13, 8.78e-11
2019-10-26, 23:38:07, 9.28e-13, 8.75e-11
2019-10-26, 23:38:11, 9.08e-13, 8.75e-11
2019-10-26, 23:38:15, 9.73e-13, 8.73e-11
2019-10-26, 23:38:19, 9.4e-13, 8.75e-11
2019-10-26, 23:38:23, 9.97e-13, 8.73e-11
2019-10-26, 23:38:28, 1.05e-12, 8.79e-11
2019-10-26, 23:38:32, 1e-12, 8.76e-11
2019-10-26, 23:38:36, 8.95e-13, 8.79e-11
2019-10-26, 23:38:40, 9.43e-13, 8.76e-11
2019-10-26, 23:38:45, 9.94e-13, 8.78e-11
2019-10-26, 23:38:49, 1e-12, 8.78e-11
2019-10-26, 23:38:53, 9.69e-13, 8.72e-11
2019-10-26, 23:38:57, 1.15e-12, 8.76e-11
2019-10-26, 23:39:01, 1.04e-12, 8.73e-11
2019-10-26, 23:39:06, 9.7e-13, 8.77e-11
2019-10-26, 23:39:10, 8.86e-13, 8.79e-11
2019-10-26, 23:39:14, 9.54e-13, 8.77e-11
2019-10-26, 23:39:18, 9.68e-13, 8.73e-11
2019-10-26, 23:39:22, 9.75e-13, 8.77e-11
2019-10-26, 23:39:27, 9.89e-13, 8.78e-11
2019-10-26, 23:39:31, 9.65e-13, 8.79e-11
2019-10-26, 23:39:35, 8.99e-13, 8.77e-11
2019-10-26, 23:39:39, 1.01e-12, 8.78e-11
2019-10-26, 23:39:44, 1.01e-12, 8.77e-11
2019-10-26, 23:39:48, 9.51e-13, 8.73e-11
2019-10-26, 23:39:52, 9.73e-13, 8.79e-11
2019-10-26, 23:39:56, 9.91e-13, 8.78e-11
2019-10-26, 23:40:01, 9.5e-13, 8.75e-11
2019-10-26, 23:40:05, 9.51e-13, 8.76e-11
2019-10-26, 23:40:09, 1.12e-12, 8.8e-11
2019-10-26, 23:40:13, 9.9e-13, 8.78e-11
2019-10-26, 23:40:17, 1.02e-12, 8.77e-11
2019-10-26, 23:40:22, 9.62e-13, 8.76e-11
2019-10-26, 23:40:26, 9.42e-13, 8.77e-11
2019-10-26, 23:40:30, 9.7e-13, 8.7e-11
2019-10-26, 23:40:34, 1e-12, 8.73e-11
2019-10-26, 23:40:38, 9.63e-13, 8.77e-11
2019-10-26, 23:40:43, 9.69e-13, 8.74e-11
2019-10-26, 23:40:47, 9.45e-13, 8.73e-11
2019-10-26, 23:40:51, 9.33e-13, 8.74e-11
2019-10-26, 23:40:55, 9.78e-13, 8.71e-11
2019-10-26, 23:41:00, 9.53e-13, 8.77e-11
2019-10-26, 23:41:04, 1.01e-12, 8.76e-11
2019-10-26, 23:41:08, 9.87e-13, 8.74e-11
2019-10-26, 23:41:12, 8.96e-13, 8.77e-11
2019-10-26, 23:41:16, 9.38e-13, 8.81e-11
2019-10-26, 23:41:21, 9.8e-13, 8.77e-11
2019-10-26, 23:41:25, 9.46e-13, 8.77e-11
2019-10-26, 23:41:29, 9.02e-13, 8.73e-11
2019-10-26, 23:41:33, 9.88e-13, 8.75e-11
2019-10-26, 23:41:38, 9.6e-13, 8.76e-11
2019-10-26, 23:41:42, 9.62e-13, 8.78e-11
2019-10-26, 23:41:46, 9.56e-13, 8.75e-11
2019-10-26, 23:41:50, 9e-13, 8.73e-11
2019-10-26, 23:41:54, 9.83e-13, 8.72e-11
2019-10-26, 23:41:59, 1.03e-12, 8.76e-11
2019-10-26, 23:42:03, 9.05e-13, 8.7e-11
2019-10-26, 23:42:07, 9.48e-13, 8.73e-11
2019-10-26, 23:42:11, 9.48e-13, 8.8e-11
2019-10-26, 23:42:16, 8.58e-13, 8.73e-11
2019-10-26, 23:42:20, 9.61e-13, 8.76e-11
2019-10-26, 23:42:24, 9.65e-13, 8.72e-11
2019-10-26, 23:42:28, 8.78e-13, 8.71e-11
2019-10-26, 23:42:32, 1.01e-12, 8.72e-11
2019-10-26, 23:42:37, 9.79e-13, 8.74e-11
2019-10-26, 23:42:41, 1e-12, 8.74e-11
2019-10-26, 23:42:45, 9.18e-13, 8.74e-11
2019-10-26, 23:42:49, 9.47e-13, 8.67e-11
2019-10-26, 23:42:54, 9.8e-13, 8.71e-11
2019-10-26, 23:42:58, 9.44e-13, 8.82e-11
2019-10-26, 23:43:02, 9.88e-13, 8.76e-11
2019-10-26, 23:43:06, 9.13e-13, 8.74e-11
2019-10-26, 23:43:10, 9.72e-13, 8.77e-11
2019-10-26, 23:43:15, 9.91e-13, 8.79e-11
2019-10-26, 23:43:19, 9.57e-13, 8.72e-11
2019-10-26, 23:43:23, 9.7e-13, 8.73e-11
2019-10-26, 23:43:27, 1.13e-12, 8.78e-11
2019-10-26, 23:43:32, 9.16e-13, 8.73e-11
2019-10-26, 23:43:36, 9.75e-13, 8.75e-11
2019-10-26, 23:43:40, 9.55e-13, 8.8e-11
2019-10-26, 23:43:44, 9.74e-13, 8.76e-11
2019-10-26, 23:43:48, 9.88e-13, 8.78e-11
2019-10-26, 23:43:53, 9.89e-13, 8.76e-11
2019-10-26, 23:43:57, 9.85e-13, 8.76e-11
2019-10-26, 23:44:01, 8.53e-13, 8.78e-11
2019-10-26, 23:44:05, 8.94e-13, 8.77e-11
2019-10-26, 23:44:10, 8.71e-13, 8.76e-11
2019-10-26, 23:44:14, 1e-12, 8.76e-11
2019-10-26, 23:44:18, 1.03e-12, 8.77e-11
2019-10-26, 23:44:22, 1.03e-12, 8.77e-11
2019-10-26, 23:44:26, 8.92e-13, 8.79e-11
2019-10-26, 23:44:31, 9.63e-13, 8.76e-11
2019-10-26, 23:44:35, 9.75e-13, 8.74e-11
2019-10-26, 23:44:39, 8.79e-13, 8.77e-11
2019-10-26, 23:44:43, 9.47e-13, 8.76e-11
2019-10-26, 23:44:48, 9.29e-13, 8.78e-11
2019-10-26, 23:44:52, 9.01e-13, 8.75e-11
2019-10-26, 23:44:56, 9.44e-13, 8.77e-11
2019-10-26, 23:45:00, 9.98e-13, 8.77e-11
2019-10-26, 23:45:04, 1e-12, 8.74e-11
2019-10-26, 23:45:09, 9.54e-13, 8.77e-11
2019-10-26, 23:45:13, 8.33e-13, 8.77e-11
2019-10-26, 23:45:17, 9.51e-13, 8.73e-11
2019-10-26, 23:45:21, 9.49e-13, 8.79e-11
2019-10-26, 23:45:26, 1.01e-12, 8.77e-11
2019-10-26, 23:45:30, 8.7e-13, 8.79e-11
2019-10-26, 23:45:34, 9.58e-13, 8.75e-11
2019-10-26, 23:45:38, 1.03e-12, 8.79e-11
2019-10-26, 23:45:42, 9.52e-13, 8.7e-11
2019-10-26, 23:45:47, 9.3e-13, 8.75e-11
2019-10-26, 23:45:51, 9.83e-13, 8.74e-11
2019-10-26, 23:45:55, 9.15e-13, 8.74e-11
2019-10-26, 23:45:59, 9.73e-13, 8.81e-11
2019-10-26, 23:46:03, 1.02e-12, 8.73e-11
2019-10-26, 23:46:08, 9.61e-13, 8.77e-11
2019-10-26, 23:46:12, 9.33e-13, 8.76e-11
2019-10-26, 23:46:16, 1.01e-12, 8.75e-11
2019-10-26, 23:46:20, 8.64e-13, 8.74e-11
2019-10-26, 23:46:25, 9.17e-13, 8.73e-11
2019-10-26, 23:46:29, 1.03e-12, 8.75e-11
2019-10-26, 23:46:33, 1e-12, 8.74e-11
2019-10-26, 23:46:37, 9.8e-13, 8.76e-11
2019-10-26, 23:46:41, 9.58e-13, 8.76e-11
2019-10-26, 23:46:46, 9.52e-13, 8.77e-11
2019-10-26, 23:46:50, 9.76e-13, 8.77e-11
2019-10-26, 23:46:54, 9.26e-13, 8.75e-11
2019-10-26, 23:46:58, 1.02e-12, 8.75e-11
2019-10-26, 23:47:03, 9.79e-13, 8.75e-11
2019-10-26, 23:47:07, 9.05e-13, 8.79e-11
2019-10-26, 23:47:11, 9.91e-13, 8.78e-11
2019-10-26, 23:47:15, 9.91e-13, 8.78e-11
2019-10-26, 23:47:19, 9.69e-13, 8.79e-11
2019-10-26, 23:47:24, 9.39e-13, 8.79e-11
2019-10-26, 23:47:28, 9.57e-13, 8.76e-11
2019-10-26, 23:47:32, 9.9e-13, 8.77e-11
2019-10-26, 23:47:36, 9.84e-13, 8.78e-11
2019-10-26, 23:47:41, 9.36e-13, 8.75e-11
2019-10-26, 23:47:45, 9.36e-13, 8.8e-11
2019-10-26, 23:47:49, 9.94e-13, 8.74e-11
2019-10-26, 23:47:53, 9.99e-13, 8.74e-11
2019-10-26, 23:47:57, 1e-12, 8.76e-11
2019-10-26, 23:48:02, 9.51e-13, 8.74e-11
2019-10-26, 23:48:06, 9.71e-13, 8.78e-11
2019-10-26, 23:48:10, 9.58e-13, 8.77e-11
2019-10-26, 23:48:14, 9.99e-13, 8.75e-11
2019-10-26, 23:48:19, 9.92e-13, 8.79e-11
2019-10-26, 23:48:23, 9.61e-13, 8.75e-11
2019-10-26, 23:48:27, 9.73e-13, 8.75e-11
2019-10-26, 23:48:31, 9.93e-13, 8.78e-11
2019-10-26, 23:48:35, 1.02e-12, 8.71e-11
2019-10-26, 23:48:40, 9.17e-13, 8.75e-11
2019-10-26, 23:48:44, 8.91e-13, 8.8e-11
2019-10-26, 23:48:48, 9.79e-13, 8.75e-11
2019-10-26, 23:48:52, 9.11e-13, 8.75e-11
2019-10-26, 23:48:57, 9.91e-13, 8.77e-11
2019-10-26, 23:49:01, 9.88e-13, 8.76e-11
2019-10-26, 23:49:05, 9.62e-13, 8.74e-11
2019-10-26, 23:49:09, 9.48e-13, 8.8e-11
2019-10-26, 23:49:13, 9.5e-13, 8.74e-11
2019-10-26, 23:49:18, 9.73e-13, 8.77e-11
2019-10-26, 23:49:22, 9.34e-13, 8.76e-11
2019-10-26, 23:49:26, 9.77e-13, 8.76e-11
2019-10-26, 23:49:30, 9.3e-13, 8.75e-11
2019-10-26, 23:49:35, 1.01e-12, 8.79e-11
2019-10-26, 23:49:39, 8.9e-13, 8.72e-11
2019-10-26, 23:49:43, 1e-12, 8.79e-11
2019-10-26, 23:49:47, 9.87e-13, 8.76e-11
2019-10-26, 23:49:51, 1.01e-12, 8.77e-11
2019-10-26, 23:49:56, 9.54e-13, 8.77e-11
2019-10-26, 23:50:00, 9.51e-13, 8.77e-11
2019-10-26, 23:50:04, 1e-12, 8.79e-11
2019-10-26, 23:50:08, 9.84e-13, 8.72e-11
2019-10-26, 23:50:13, 9.84e-13, 8.8e-11
2019-10-26, 23:50:17, 9.91e-13, 8.77e-11
2019-10-26, 23:50:21, 9.31e-13, 8.77e-11
2019-10-26, 23:50:25, 9.92e-13, 8.83e-11
2019-10-26, 23:50:29, 9.56e-13, 8.76e-11
2019-10-26, 23:50:34, 9.49e-13, 8.86e-11
2019-10-26, 23:50:38, 9.95e-13, 8.75e-11
2019-10-26, 23:50:42, 9.72e-13, 8.75e-11
2019-10-26, 23:50:46, 9.52e-13, 8.79e-11
2019-10-26, 23:50:51, 1.04e-12, 8.76e-11
2019-10-26, 23:50:55, 9.26e-13, 8.74e-11
2019-10-26, 23:50:59, 1.02e-12, 8.79e-11
2019-10-26, 23:51:03, 9.84e-13, 8.83e-11
2019-10-26, 23:51:07, 9.79e-13, 8.82e-11
2019-10-26, 23:51:12, 9.13e-13, 8.78e-11
2019-10-26, 23:51:16, 9.83e-13, 8.78e-11
2019-10-26, 23:51:20, 9.28e-13, 8.73e-11
2019-10-26, 23:51:24, 9.43e-13, 8.77e-11
2019-10-26, 23:51:29, 9.8e-13, 8.75e-11
2019-10-26, 23:51:33, 9.38e-13, 8.77e-11
2019-10-26, 23:51:37, 1.01e-12, 8.79e-11
2019-10-26, 23:51:41, 9.72e-13, 8.78e-11
2019-10-26, 23:51:45, 9.74e-13, 8.77e-11
2019-10-26, 23:51:50, 1.01e-12, 8.72e-11
2019-10-26, 23:51:54, 9.88e-13, 8.77e-11
2019-10-26, 23:51:58, 1.01e-12, 8.77e-11
2019-10-26, 23:52:02, 9.48e-13, 8.78e-11
2019-10-26, 23:52:06, 1.03e-12, 8.8e-11
2019-10-26, 23:52:11, 9.29e-13, 8.77e-11
2019-10-26, 23:52:15, 9.65e-13, 8.75e-11
2019-10-26, 23:52:19, 9.25e-13, 8.75e-11
2019-10-26, 23:52:23, 8.69e-13, 8.72e-11
2019-10-26, 23:52:28, 1.12e-12, 8.75e-11
2019-10-26, 23:52:32, 1.01e-12, 8.76e-11
2019-10-26, 23:52:36, 9.72e-13, 8.76e-11
2019-10-26, 23:52:40, 9.87e-13, 8.79e-11
2019-10-26, 23:52:44, 1.01e-12, 8.76e-11
2019-10-26, 23:52:49, 8.82e-13, 8.76e-11
2019-10-26, 23:52:53, 9.71e-13, 8.82e-11
2019-10-26, 23:52:57, 9.73e-13, 8.73e-11
2019-10-26, 23:53:01, 1.13e-12, 8.78e-11
2019-10-26, 23:53:06, 1.1e-12, 8.78e-11
2019-10-26, 23:53:10, 9.46e-13, 8.74e-11
2019-10-26, 23:53:14, 9.53e-13, 8.77e-11
2019-10-26, 23:53:18, 9.43e-13, 8.8e-11
2019-10-26, 23:53:22, 1.07e-12, 8.8e-11
2019-10-26, 23:53:27, 1.07e-12, 8.77e-11
2019-10-26, 23:53:31, 8.38e-13, 8.74e-11
2019-10-26, 23:53:35, 9.35e-13, 8.73e-11
2019-10-26, 23:53:39, 9.37e-13, 8.74e-11
2019-10-26, 23:53:44, 8.96e-13, 8.79e-11
2019-10-26, 23:53:48, 9.39e-13, 8.81e-11
2019-10-26, 23:53:52, 9.82e-13, 8.74e-11
2019-10-26, 23:53:56, 1.01e-12, 8.78e-11
2019-10-26, 23:54:00, 9.43e-13, 8.8e-11
2019-10-26, 23:54:05, 9.22e-13, 8.79e-11
2019-10-26, 23:54:09, 8.78e-13, 8.76e-11
2019-10-26, 23:54:13, 9.47e-13, 8.82e-11
2019-10-26, 23:54:17, 9.99e-13, 8.79e-11
2019-10-26, 23:54:22, 9.46e-13, 8.77e-11
2019-10-26, 23:54:26, 9.19e-13, 8.77e-11
2019-10-26, 23:54:30, 9.88e-13, 8.72e-11
2019-10-26, 23:54:34, 9.19e-13, 8.79e-11
2019-10-26, 23:54:38, 8.75e-13, 8.8e-11
2019-10-26, 23:54:43, 9.88e-13, 8.79e-11
2019-10-26, 23:54:47, 9.54e-13, 8.74e-11
2019-10-26, 23:54:51, 8.67e-13, 8.81e-11
2019-10-26, 23:54:55, 1.03e-12, 8.75e-11
2019-10-26, 23:55:00, 9.34e-13, 8.79e-11
2019-10-26, 23:55:04, 1.06e-12, 8.77e-11
2019-10-26, 23:55:08, 9.41e-13, 8.77e-11
2019-10-26, 23:55:12, 9.33e-13, 8.78e-11
2019-10-26, 23:55:16, 9.38e-13, 8.82e-11
2019-10-26, 23:55:21, 1e-12, 8.78e-11
2019-10-26, 23:55:25, 9.55e-13, 8.82e-11
2019-10-26, 23:55:29, 9.4e-13, 8.77e-11
2019-10-26, 23:55:33, 1.01e-12, 8.77e-11
2019-10-26, 23:55:38, 9.92e-13, 8.75e-11
2019-10-26, 23:55:42, 9.71e-13, 8.75e-11
2019-10-26, 23:55:46, 9.9e-13, 8.77e-11
2019-10-26, 23:55:50, 1e-12, 8.77e-11
2019-10-26, 23:55:54, 1.01e-12, 8.75e-11
2019-10-26, 23:55:59, 9.72e-13, 8.74e-11
2019-10-26, 23:56:03, 9.66e-13, 8.79e-11
2019-10-26, 23:56:07, 8.9e-13, 8.79e-11
2019-10-26, 23:56:11, 9.55e-13, 8.78e-11
2019-10-26, 23:56:16, 1.02e-12, 8.75e-11
2019-10-26, 23:56:20, 1e-12, 8.73e-11
2019-10-26, 23:56:24, 9.33e-13, 8.77e-11
2019-10-26, 23:56:28, 9.47e-13, 8.82e-11
2019-10-26, 23:56:32, 9.39e-13, 8.77e-11
2019-10-26, 23:56:37, 9.17e-13, 8.72e-11
2019-10-26, 23:56:41, 9.44e-13, 8.78e-11
2019-10-26, 23:56:45, 9.65e-13, 8.77e-11
2019-10-26, 23:56:49, 1.11e-12, 8.8e-11
2019-10-26, 23:56:53, 9.63e-13, 8.78e-11
2019-10-26, 23:56:58, 9.14e-13, 8.75e-11
2019-10-26, 23:57:02, 9.89e-13, 8.79e-11
2019-10-26, 23:57:06, 9.57e-13, 8.73e-11
2019-10-26, 23:57:10, 1.02e-12, 8.81e-11
2019-10-26, 23:57:15, 1.02e-12, 8.74e-11
2019-10-26, 23:57:19, 9.28e-13, 8.71e-11
2019-10-26, 23:57:23, 1.07e-12, 8.75e-11
2019-10-26, 23:57:27, 9.86e-13, 8.75e-11
2019-10-26, 23:57:31, 9.77e-13, 8.76e-11
2019-10-26, 23:57:36, 9.3e-13, 8.73e-11
2019-10-26, 23:57:40, 9.78e-13, 8.76e-11
2019-10-26, 23:57:44, 9.69e-13, 8.75e-11
2019-10-26, 23:57:48, 9e-13, 8.76e-11
2019-10-26, 23:57:53, 1.02e-12, 8.72e-11
2019-10-26, 23:57:57, 9.32e-13, 8.78e-11
2019-10-26, 23:58:01, 9.82e-13, 8.71e-11
2019-10-26, 23:58:05, 9.47e-13, 8.73e-11
2019-10-26, 23:58:09, 8.89e-13, 8.75e-11
2019-10-26, 23:58:14, 9.67e-13, 8.75e-11
2019-10-26, 23:58:18, 9.57e-13, 8.7e-11
2019-10-26, 23:58:22, 1e-12, 8.8e-11
2019-10-26, 23:58:26, 7.74e-13, 8.76e-11
2019-10-26, 23:58:31, 8.74e-13, 8.78e-11
2019-10-26, 23:58:35, 8.99e-13, 8.79e-11
2019-10-26, 23:58:39, 9.3e-13, 8.8e-11
2019-10-26, 23:58:43, 9.64e-13, 8.76e-11
2019-10-26, 23:58:47, 1.04e-12, 8.73e-11
2019-10-26, 23:58:52, 9.63e-13, 8.74e-11
2019-10-26, 23:58:56, 1.01e-12, 8.79e-11
2019-10-26, 23:59:00, 9.41e-13, 8.75e-11
2019-10-26, 23:59:04, 9.04e-13, 8.77e-11
2019-10-26, 23:59:09, 9.04e-13, 8.8e-11
2019-10-26, 23:59:13, 9.19e-13, 8.71e-11
2019-10-26, 23:59:17, 1.06e-12, 8.75e-11
2019-10-26, 23:59:21, 9.03e-13, 8.76e-11
2019-10-26, 23:59:25, 9.31e-13, 8.71e-11
2019-10-26, 23:59:30, 9.55e-13, 8.76e-11
2019-10-26, 23:59:34, 9.53e-13, 8.78e-11
2019-10-26, 23:59:38, 1.01e-12, 8.77e-11
2019-10-26, 23:59:42, 9.39e-13, 8.73e-11
2019-10-26, 23:59:47, 9.93e-13, 8.76e-11
2019-10-26, 23:59:51, 8.38e-13, 8.77e-11
2019-10-26, 23:59:55, 9.41e-13, 8.74e-11
2019-10-26, 23:59:59, 1.02e-12, 8.77e-11
