2018-08-05, 00:00:01, 0.0, 7.9e-08
2018-08-05, 00:00:03, 0.0, 7.91e-08
2018-08-05, 00:00:05, 0.0, 7.89e-08
2018-08-05, 00:00:08, 0.0, 7.81e-08
2018-08-05, 00:00:10, 0.0, 7.82e-08
2018-08-05, 00:00:12, 0.0, 7.87e-08
2018-08-05, 00:00:14, 0.0, 7.88e-08
2018-08-05, 00:00:16, 0.0, 7.86e-08
2018-08-05, 00:00:18, 0.0, 7.89e-08
2018-08-05, 00:00:20, 0.0, 7.84e-08
2018-08-05, 00:00:22, 0.0, 7.88e-08
2018-08-05, 00:00:25, 0.0, 7.85e-08
2018-08-05, 00:00:27, 0.0, 7.79e-08
2018-08-05, 00:00:29, 0.0, 7.83e-08
2018-08-05, 00:00:31, 0.0, 7.81e-08
2018-08-05, 00:00:33, 0.0, 7.82e-08
2018-08-05, 00:00:35, 0.0, 7.84e-08
2018-08-05, 00:00:37, 0.0, 7.83e-08
2018-08-05, 00:00:39, 0.0, 7.83e-08
2018-08-05, 00:00:42, 0.0, 7.85e-08
2018-08-05, 00:00:44, 0.0, 7.81e-08
2018-08-05, 00:00:46, 0.0, 7.82e-08
2018-08-05, 00:00:48, 0.0, 7.89e-08
2018-08-05, 00:00:50, 0.0, 7.84e-08
2018-08-05, 00:00:52, 0.0, 7.87e-08
2018-08-05, 00:00:54, 0.0, 7.88e-08
2018-08-05, 00:00:57, 0.0, 7.85e-08
2018-08-05, 00:00:59, 0.0, 7.87e-08
2018-08-05, 00:01:01, 0.0, 7.84e-08
2018-08-05, 00:01:03, 0.0, 7.78e-08
2018-08-05, 00:01:05, 0.0, 7.82e-08
2018-08-05, 00:01:07, 0.0, 7.84e-08
2018-08-05, 00:01:09, 0.0, 7.82e-08
2018-08-05, 00:01:11, 0.0, 7.81e-08
2018-08-05, 00:01:14, 0.0, 7.84e-08
2018-08-05, 00:01:16, 0.0, 7.78e-08
2018-08-05, 00:01:18, 0.0, 7.76e-08
2018-08-05, 00:01:20, 0.0, 7.74e-08
2018-08-05, 00:01:22, 0.0, 7.79e-08
2018-08-05, 00:01:24, 0.0, 7.82e-08
2018-08-05, 00:01:26, 0.0, 7.82e-08
2018-08-05, 00:01:28, 0.0, 7.84e-08
2018-08-05, 00:01:31, 0.0, 7.76e-08
2018-08-05, 00:01:33, 0.0, 7.83e-08
2018-08-05, 00:01:35, 0.0, 7.84e-08
2018-08-05, 00:01:37, 0.0, 7.74e-08
2018-08-05, 00:01:39, 0.0, 7.82e-08
2018-08-05, 00:01:41, 0.0, 7.84e-08
2018-08-05, 00:01:43, 0.0, 7.88e-08
2018-08-05, 00:01:45, 0.0, 7.86e-08
2018-08-05, 00:01:48, 0.0, 7.89e-08
2018-08-05, 00:01:50, 0.0, 7.81e-08
2018-08-05, 00:01:52, 0.0, 7.82e-08
2018-08-05, 00:01:54, 0.0, 7.83e-08
2018-08-05, 00:01:56, 0.0, 7.73e-08
2018-08-05, 00:01:58, 0.0, 7.79e-08
2018-08-05, 00:02:00, 0.0, 7.87e-08
2018-08-05, 00:02:02, 0.0, 7.84e-08
2018-08-05, 00:02:05, 0.0, 7.77e-08
2018-08-05, 00:02:07, 0.0, 7.77e-08
2018-08-05, 00:02:09, 0.0, 7.81e-08
2018-08-05, 00:02:11, 0.0, 7.83e-08
2018-08-05, 00:02:13, 0.0, 7.87e-08
2018-08-05, 00:02:15, 0.0, 7.83e-08
2018-08-05, 00:02:17, 0.0, 7.86e-08
2018-08-05, 00:02:20, 0.0, 7.81e-08
2018-08-05, 00:02:22, 0.0, 7.83e-08
2018-08-05, 00:02:24, 0.0, 7.81e-08
2018-08-05, 00:02:26, 0.0, 7.8e-08
2018-08-05, 00:02:28, 0.0, 7.86e-08
2018-08-05, 00:02:30, 0.0, 7.83e-08
2018-08-05, 00:02:32, 0.0, 7.86e-08
2018-08-05, 00:02:34, 0.0, 7.85e-08
2018-08-05, 00:02:37, 0.0, 7.86e-08
2018-08-05, 00:02:39, 0.0, 7.88e-08
2018-08-05, 00:02:41, 0.0, 7.84e-08
2018-08-05, 00:02:43, 0.0, 7.9e-08
2018-08-05, 00:02:45, 0.0, 7.88e-08
2018-08-05, 00:02:47, 0.0, 7.8e-08
2018-08-05, 00:02:49, 0.0, 7.79e-08
2018-08-05, 00:02:51, 0.0, 7.77e-08
2018-08-05, 00:02:53, 0.0, 7.88e-08
2018-08-05, 00:02:56, 0.0, 7.78e-08
2018-08-05, 00:02:58, 0.0, 7.86e-08
2018-08-05, 00:03:00, 0.0, 7.81e-08
2018-08-05, 00:03:02, 0.0, 7.8e-08
2018-08-05, 00:03:04, 0.0, 7.82e-08
2018-08-05, 00:03:06, 0.0, 7.85e-08
2018-08-05, 00:03:08, 0.0, 7.77e-08
2018-08-05, 00:03:11, 0.0, 7.8e-08
2018-08-05, 00:03:13, 0.0, 7.8e-08
2018-08-05, 00:03:15, 0.0, 7.84e-08
2018-08-05, 00:03:17, 0.0, 7.86e-08
2018-08-05, 00:03:19, 0.0, 7.9e-08
2018-08-05, 00:03:21, 0.0, 7.85e-08
2018-08-05, 00:03:23, 0.0, 7.88e-08
2018-08-05, 00:03:25, 0.0, 7.86e-08
2018-08-05, 00:03:28, 0.0, 7.83e-08
2018-08-05, 00:03:30, 0.0, 7.89e-08
2018-08-05, 00:03:32, 0.0, 7.86e-08
2018-08-05, 00:03:34, 0.0, 7.86e-08
2018-08-05, 00:03:36, 0.0, 7.86e-08
2018-08-05, 00:03:38, 0.0, 7.82e-08
2018-08-05, 00:03:40, 0.0, 7.81e-08
2018-08-05, 00:03:42, 0.0, 7.87e-08
2018-08-05, 00:03:45, 0.0, 7.82e-08
2018-08-05, 00:03:47, 0.0, 7.8e-08
2018-08-05, 00:03:49, 0.0, 7.83e-08
2018-08-05, 00:03:51, 0.0, 7.84e-08
2018-08-05, 00:03:53, 0.0, 7.84e-08
2018-08-05, 00:03:55, 0.0, 7.76e-08
2018-08-05, 00:03:57, 0.0, 7.74e-08
2018-08-05, 00:03:59, 0.0, 7.82e-08
2018-08-05, 00:04:02, 0.0, 7.79e-08
2018-08-05, 00:04:04, 0.0, 7.82e-08
2018-08-05, 00:04:06, 0.0, 7.74e-08
2018-08-05, 00:04:08, 0.0, 7.85e-08
2018-08-05, 00:04:10, 0.0, 7.79e-08
2018-08-05, 00:04:12, 0.0, 7.82e-08
2018-08-05, 00:04:14, 0.0, 7.89e-08
2018-08-05, 00:04:16, 0.0, 7.81e-08
2018-08-05, 00:04:19, 0.0, 7.84e-08
2018-08-05, 00:04:21, 0.0, 7.83e-08
2018-08-05, 00:04:23, 0.0, 7.79e-08
2018-08-05, 00:04:25, 0.0, 7.81e-08
2018-08-05, 00:04:27, 0.0, 7.74e-08
2018-08-05, 00:04:29, 0.0, 7.83e-08
2018-08-05, 00:04:31, 0.0, 7.82e-08
2018-08-05, 00:04:34, 0.0, 7.78e-08
2018-08-05, 00:04:36, 0.0, 7.78e-08
2018-08-05, 00:04:38, 0.0, 7.82e-08
2018-08-05, 00:04:40, 0.0, 7.82e-08
2018-08-05, 00:04:42, 0.0, 7.9e-08
2018-08-05, 00:04:44, 0.0, 7.85e-08
2018-08-05, 00:04:46, 0.0, 7.93e-08
2018-08-05, 00:04:48, 0.0, 7.87e-08
2018-08-05, 00:04:51, 0.0, 7.82e-08
2018-08-05, 00:04:53, 0.0, 7.86e-08
2018-08-05, 00:04:55, 0.0, 7.95e-08
2018-08-05, 00:04:57, 0.0, 7.84e-08
2018-08-05, 00:04:59, 0.0, 7.85e-08
2018-08-05, 00:05:01, 0.0, 7.9e-08
2018-08-05, 00:05:03, 0.0, 7.86e-08
2018-08-05, 00:05:05, 0.0, 7.87e-08
2018-08-05, 00:05:08, 0.0, 7.87e-08
2018-08-05, 00:05:10, 0.0, 7.85e-08
2018-08-05, 00:05:12, 0.0, 7.9e-08
2018-08-05, 00:05:14, 0.0, 7.81e-08
2018-08-05, 00:05:16, 0.0, 7.84e-08
2018-08-05, 00:05:18, 0.0, 7.81e-08
2018-08-05, 00:05:20, 0.0, 7.87e-08
2018-08-05, 00:05:22, 0.0, 7.79e-08
2018-08-05, 00:05:25, 0.0, 7.81e-08
2018-08-05, 00:05:27, 0.0, 7.85e-08
2018-08-05, 00:05:29, 0.0, 7.82e-08
2018-08-05, 00:05:31, 0.0, 7.92e-08
2018-08-05, 00:05:33, 0.0, 7.9e-08
2018-08-05, 00:05:35, 0.0, 7.87e-08
2018-08-05, 00:05:37, 0.0, 7.97e-08
2018-08-05, 00:05:40, 0.0, 7.87e-08
2018-08-05, 00:05:42, 0.0, 7.87e-08
2018-08-05, 00:05:44, 0.0, 7.83e-08
2018-08-05, 00:05:46, 0.0, 7.82e-08
2018-08-05, 00:05:48, 0.0, 7.8e-08
2018-08-05, 00:05:50, 0.0, 7.84e-08
2018-08-05, 00:05:52, 0.0, 7.84e-08
2018-08-05, 00:05:54, 0.0, 7.91e-08
2018-08-05, 00:05:57, 0.0, 7.87e-08
2018-08-05, 00:05:59, 0.0, 7.89e-08
2018-08-05, 00:06:01, 0.0, 7.91e-08
2018-08-05, 00:06:03, 0.0, 7.83e-08
2018-08-05, 00:06:05, 0.0, 7.86e-08
2018-08-05, 00:06:07, 0.0, 7.8e-08
2018-08-05, 00:06:09, 0.0, 7.83e-08
2018-08-05, 00:06:11, 0.0, 7.81e-08
2018-08-05, 00:06:14, 0.0, 7.89e-08
2018-08-05, 00:06:16, 0.0, 7.84e-08
2018-08-05, 00:06:18, 0.0, 7.82e-08
2018-08-05, 00:06:20, 0.0, 7.91e-08
2018-08-05, 00:06:22, 0.0, 7.9e-08
2018-08-05, 00:06:24, 0.0, 7.83e-08
2018-08-05, 00:06:26, 0.0, 7.81e-08
2018-08-05, 00:06:28, 0.0, 7.86e-08
2018-08-05, 00:06:31, 0.0, 7.84e-08
2018-08-05, 00:06:33, 0.0, 7.9e-08
2018-08-05, 00:06:35, 0.0, 7.82e-08
2018-08-05, 00:06:37, 0.0, 7.8e-08
2018-08-05, 00:06:39, 0.0, 7.85e-08
2018-08-05, 00:06:41, 0.0, 7.8e-08
2018-08-05, 00:06:43, 0.0, 7.84e-08
2018-08-05, 00:06:45, 0.0, 7.86e-08
2018-08-05, 00:06:48, 0.0, 7.81e-08
2018-08-05, 00:06:50, 0.0, 7.83e-08
2018-08-05, 00:06:52, 0.0, 7.88e-08
2018-08-05, 00:06:54, 0.0, 7.91e-08
2018-08-05, 00:06:56, 0.0, 7.81e-08
2018-08-05, 00:06:58, 0.0, 7.89e-08
2018-08-05, 00:07:00, 0.0, 7.87e-08
2018-08-05, 00:07:02, 0.0, 7.83e-08
2018-08-05, 00:07:05, 0.0, 7.88e-08
2018-08-05, 00:07:07, 0.0, 7.89e-08
2018-08-05, 00:07:09, 0.0, 7.93e-08
2018-08-05, 00:07:11, 0.0, 7.88e-08
2018-08-05, 00:07:13, 0.0, 7.82e-08
2018-08-05, 00:07:15, 0.0, 7.81e-08
2018-08-05, 00:07:17, 0.0, 7.93e-08
2018-08-05, 00:07:20, 0.0, 7.87e-08
2018-08-05, 00:07:22, 0.0, 7.96e-08
2018-08-05, 00:07:24, 0.0, 7.91e-08
2018-08-05, 00:07:26, 0.0, 7.91e-08
2018-08-05, 00:07:28, 0.0, 7.85e-08
2018-08-05, 00:07:30, 0.0, 7.82e-08
2018-08-05, 00:07:32, 0.0, 7.92e-08
2018-08-05, 00:07:34, 0.0, 7.96e-08
2018-08-05, 00:07:37, 0.0, 7.9e-08
2018-08-05, 00:07:39, 0.0, 7.88e-08
2018-08-05, 00:07:41, 0.0, 7.84e-08
2018-08-05, 00:07:43, 0.0, 7.95e-08
2018-08-05, 00:07:45, 0.0, 7.85e-08
2018-08-05, 00:07:47, 0.0, 7.87e-08
2018-08-05, 00:07:49, 0.0, 7.78e-08
2018-08-05, 00:07:51, 0.0, 7.87e-08
2018-08-05, 00:07:53, 0.0, 7.9e-08
2018-08-05, 00:07:56, 0.0, 7.91e-08
2018-08-05, 00:07:58, 0.0, 7.88e-08
2018-08-05, 00:08:00, 0.0, 7.94e-08
2018-08-05, 00:08:02, 0.0, 7.89e-08
2018-08-05, 00:08:04, 0.0, 7.89e-08
2018-08-05, 00:08:06, 0.0, 7.9e-08
2018-08-05, 00:08:08, 0.0, 7.88e-08
2018-08-05, 00:08:11, 0.0, 7.88e-08
2018-08-05, 00:08:13, 0.0, 7.91e-08
2018-08-05, 00:08:15, 0.0, 7.86e-08
2018-08-05, 00:08:17, 0.0, 7.83e-08
2018-08-05, 00:08:19, 0.0, 7.88e-08
2018-08-05, 00:08:21, 0.0, 7.89e-08
2018-08-05, 00:08:23, 0.0, 7.88e-08
2018-08-05, 00:08:25, 0.0, 7.86e-08
2018-08-05, 00:08:28, 0.0, 7.9e-08
2018-08-05, 00:08:30, 0.0, 7.85e-08
2018-08-05, 00:08:32, 0.0, 7.85e-08
2018-08-05, 00:08:34, 0.0, 7.91e-08
2018-08-05, 00:08:36, 0.0, 7.89e-08
2018-08-05, 00:08:38, 0.0, 7.85e-08
2018-08-05, 00:08:40, 0.0, 7.86e-08
2018-08-05, 00:08:42, 0.0, 7.88e-08
2018-08-05, 00:08:45, 0.0, 7.88e-08
2018-08-05, 00:08:47, 0.0, 7.81e-08
2018-08-05, 00:08:49, 0.0, 7.87e-08
2018-08-05, 00:08:51, 0.0, 7.9e-08
2018-08-05, 00:08:53, 0.0, 7.81e-08
2018-08-05, 00:08:55, 0.0, 7.8e-08
2018-08-05, 00:08:57, 0.0, 7.85e-08
2018-08-05, 00:08:59, 0.0, 7.84e-08
2018-08-05, 00:09:02, 0.0, 7.85e-08
2018-08-05, 00:09:04, 0.0, 7.8e-08
2018-08-05, 00:09:06, 0.0, 7.9e-08
2018-08-05, 00:09:08, 0.0, 7.91e-08
2018-08-05, 00:09:10, 0.0, 7.9e-08
2018-08-05, 00:09:12, 0.0, 7.88e-08
2018-08-05, 00:09:14, 0.0, 7.83e-08
2018-08-05, 00:09:16, 0.0, 7.85e-08
2018-08-05, 00:09:19, 0.0, 7.93e-08
2018-08-05, 00:09:21, 0.0, 7.88e-08
2018-08-05, 00:09:23, 0.0, 7.86e-08
2018-08-05, 00:09:25, 0.0, 7.85e-08
2018-08-05, 00:09:27, 0.0, 7.89e-08
2018-08-05, 00:09:29, 0.0, 7.83e-08
2018-08-05, 00:09:31, 0.0, 7.81e-08
2018-08-05, 00:09:33, 0.0, 7.84e-08
2018-08-05, 00:09:36, 0.0, 7.85e-08
2018-08-05, 00:09:38, 0.0, 7.91e-08
2018-08-05, 00:09:40, 0.0, 7.88e-08
2018-08-05, 00:09:42, 0.0, 7.84e-08
2018-08-05, 00:09:44, 0.0, 7.79e-08
2018-08-05, 00:09:46, 0.0, 7.85e-08
2018-08-05, 00:09:48, 0.0, 7.91e-08
2018-08-05, 00:09:50, 0.0, 7.83e-08
2018-08-05, 00:09:53, 0.0, 7.88e-08
2018-08-05, 00:09:55, 0.0, 7.9e-08
2018-08-05, 00:09:57, 0.0, 7.84e-08
2018-08-05, 00:09:59, 0.0, 7.89e-08
2018-08-05, 00:10:01, 0.0, 7.88e-08
2018-08-05, 00:10:03, 0.0, 7.81e-08
2018-08-05, 00:10:05, 0.0, 7.88e-08
2018-08-05, 00:10:07, 0.0, 7.88e-08
2018-08-05, 00:10:10, 0.0, 7.9e-08
2018-08-05, 00:10:12, 0.0, 7.86e-08
2018-08-05, 00:10:14, 0.0, 7.91e-08
2018-08-05, 00:10:16, 0.0, 7.92e-08
2018-08-05, 00:10:18, 0.0, 7.84e-08
2018-08-05, 00:10:20, 0.0, 7.81e-08
2018-08-05, 00:10:22, 0.0, 7.89e-08
2018-08-05, 00:10:24, 0.0, 7.82e-08
2018-08-05, 00:10:27, 0.0, 7.86e-08
2018-08-05, 00:10:29, 0.0, 7.88e-08
2018-08-05, 00:10:31, 0.0, 7.88e-08
2018-08-05, 00:10:33, 0.0, 7.85e-08
2018-08-05, 00:10:35, 0.0, 7.86e-08
2018-08-05, 00:10:37, 0.0, 7.88e-08
2018-08-05, 00:10:39, 0.0, 7.84e-08
2018-08-05, 00:10:41, 0.0, 7.87e-08
2018-08-05, 00:10:44, 0.0, 7.9e-08
2018-08-05, 00:10:46, 0.0, 7.8e-08
2018-08-05, 00:10:48, 0.0, 7.8e-08
2018-08-05, 00:10:50, 0.0, 7.85e-08
2018-08-05, 00:10:52, 0.0, 7.78e-08
2018-08-05, 00:10:54, 0.0, 7.88e-08
2018-08-05, 00:10:56, 0.0, 7.88e-08
2018-08-05, 00:10:58, 0.0, 7.91e-08
2018-08-05, 00:11:01, 0.0, 7.95e-08
2018-08-05, 00:11:03, 0.0, 7.82e-08
2018-08-05, 00:11:05, 0.0, 7.88e-08
2018-08-05, 00:11:07, 0.0, 7.85e-08
2018-08-05, 00:11:09, 0.0, 7.83e-08
2018-08-05, 00:11:11, 0.0, 7.9e-08
2018-08-05, 00:11:14, 0.0, 7.85e-08
2018-08-05, 00:11:16, 0.0, 7.88e-08
2018-08-05, 00:11:18, 0.0, 7.84e-08
2018-08-05, 00:11:20, 0.0, 7.92e-08
2018-08-05, 00:11:22, 0.0, 7.96e-08
2018-08-05, 00:11:24, 0.0, 7.87e-08
2018-08-05, 00:11:26, 0.0, 7.84e-08
2018-08-05, 00:11:28, 0.0, 7.86e-08
2018-08-05, 00:11:31, 0.0, 7.93e-08
2018-08-05, 00:11:33, 0.0, 7.85e-08
2018-08-05, 00:11:35, 0.0, 7.79e-08
2018-08-05, 00:11:37, 0.0, 7.85e-08
2018-08-05, 00:11:39, 0.0, 7.9e-08
2018-08-05, 00:11:41, 0.0, 7.87e-08
2018-08-05, 00:11:43, 0.0, 7.9e-08
2018-08-05, 00:11:45, 0.0, 7.92e-08
2018-08-05, 00:11:48, 0.0, 7.86e-08
2018-08-05, 00:11:50, 0.0, 7.91e-08
2018-08-05, 00:11:52, 0.0, 7.82e-08
2018-08-05, 00:11:54, 0.0, 7.93e-08
2018-08-05, 00:11:56, 0.0, 7.88e-08
2018-08-05, 00:11:58, 0.0, 7.93e-08
2018-08-05, 00:12:00, 0.0, 7.95e-08
2018-08-05, 00:12:02, 0.0, 7.87e-08
2018-08-05, 00:12:05, 0.0, 7.89e-08
2018-08-05, 00:12:07, 0.0, 7.94e-08
2018-08-05, 00:12:09, 0.0, 7.89e-08
2018-08-05, 00:12:11, 0.0, 7.85e-08
2018-08-05, 00:12:13, 0.0, 7.88e-08
2018-08-05, 00:12:15, 0.0, 7.95e-08
2018-08-05, 00:12:17, 0.0, 7.9e-08
2018-08-05, 00:12:19, 0.0, 7.86e-08
2018-08-05, 00:12:22, 0.0, 7.91e-08
2018-08-05, 00:12:24, 0.0, 7.84e-08
2018-08-05, 00:12:26, 0.0, 7.92e-08
2018-08-05, 00:12:28, 0.0, 7.88e-08
2018-08-05, 00:12:30, 0.0, 7.9e-08
2018-08-05, 00:12:32, 0.0, 7.84e-08
2018-08-05, 00:12:34, 0.0, 7.91e-08
2018-08-05, 00:12:36, 0.0, 7.86e-08
2018-08-05, 00:12:39, 0.0, 7.89e-08
2018-08-05, 00:12:41, 0.0, 7.88e-08
2018-08-05, 00:12:43, 0.0, 7.97e-08
2018-08-05, 00:12:45, 0.0, 7.96e-08
2018-08-05, 00:12:47, 0.0, 8.03e-08
2018-08-05, 00:12:49, 0.0, 7.93e-08
2018-08-05, 00:12:51, 0.0, 7.93e-08
2018-08-05, 00:12:53, 0.0, 7.94e-08
2018-08-05, 00:12:56, 0.0, 7.9e-08
2018-08-05, 00:12:58, 0.0, 7.82e-08
2018-08-05, 00:13:00, 0.0, 7.96e-08
2018-08-05, 00:13:02, 0.0, 7.92e-08
2018-08-05, 00:13:04, 0.0, 7.87e-08
2018-08-05, 00:13:06, 0.0, 7.86e-08
2018-08-05, 00:13:08, 0.0, 7.88e-08
2018-08-05, 00:13:10, 0.0, 7.93e-08
2018-08-05, 00:13:13, 0.0, 7.81e-08
2018-08-05, 00:13:15, 0.0, 7.89e-08
2018-08-05, 00:13:17, 0.0, 7.87e-08
2018-08-05, 00:13:19, 0.0, 7.95e-08
2018-08-05, 00:13:21, 0.0, 7.86e-08
2018-08-05, 00:13:23, 0.0, 7.78e-08
2018-08-05, 00:13:25, 0.0, 7.78e-08
2018-08-05, 00:13:28, 0.0, 7.86e-08
2018-08-05, 00:13:30, 0.0, 7.84e-08
2018-08-05, 00:13:32, 0.0, 7.87e-08
2018-08-05, 00:13:34, 0.0, 7.82e-08
2018-08-05, 00:13:36, 0.0, 7.84e-08
2018-08-05, 00:13:38, 0.0, 7.87e-08
2018-08-05, 00:13:40, 0.0, 7.86e-08
2018-08-05, 00:13:42, 0.0, 7.88e-08
2018-08-05, 00:13:45, 0.0, 7.89e-08
2018-08-05, 00:13:47, 0.0, 7.94e-08
2018-08-05, 00:13:49, 0.0, 7.84e-08
2018-08-05, 00:13:51, 0.0, 7.91e-08
2018-08-05, 00:13:53, 0.0, 7.9e-08
2018-08-05, 00:13:55, 0.0, 7.83e-08
2018-08-05, 00:13:57, 0.0, 7.85e-08
2018-08-05, 00:13:59, 0.0, 7.73e-08
2018-08-05, 00:14:02, 0.0, 7.85e-08
2018-08-05, 00:14:04, 0.0, 7.88e-08
2018-08-05, 00:14:06, 0.0, 7.88e-08
2018-08-05, 00:14:08, 0.0, 7.85e-08
2018-08-05, 00:14:10, 0.0, 7.87e-08
2018-08-05, 00:14:12, 0.0, 7.89e-08
2018-08-05, 00:14:14, 0.0, 7.92e-08
2018-08-05, 00:14:16, 0.0, 7.92e-08
2018-08-05, 00:14:19, 0.0, 7.93e-08
2018-08-05, 00:14:21, 0.0, 7.9e-08
2018-08-05, 00:14:23, 0.0, 7.86e-08
2018-08-05, 00:14:25, 0.0, 7.85e-08
2018-08-05, 00:14:27, 0.0, 7.88e-08
2018-08-05, 00:14:29, 0.0, 7.85e-08
2018-08-05, 00:14:31, 0.0, 7.88e-08
2018-08-05, 00:14:33, 0.0, 7.9e-08
2018-08-05, 00:14:36, 0.0, 7.94e-08
2018-08-05, 00:14:38, 0.0, 7.93e-08
2018-08-05, 00:14:40, 0.0, 7.87e-08
2018-08-05, 00:14:42, 0.0, 7.96e-08
2018-08-05, 00:14:44, 0.0, 7.88e-08
2018-08-05, 00:14:46, 0.0, 7.89e-08
2018-08-05, 00:14:48, 0.0, 7.87e-08
2018-08-05, 00:14:50, 0.0, 7.96e-08
2018-08-05, 00:14:53, 0.0, 7.87e-08
2018-08-05, 00:14:55, 0.0, 7.9e-08
2018-08-05, 00:14:57, 0.0, 7.84e-08
2018-08-05, 00:14:59, 0.0, 7.88e-08
2018-08-05, 00:15:01, 0.0, 7.85e-08
2018-08-05, 00:15:03, 0.0, 7.84e-08
2018-08-05, 00:15:05, 0.0, 7.91e-08
2018-08-05, 00:15:07, 0.0, 7.94e-08
2018-08-05, 00:15:10, 0.0, 7.92e-08
2018-08-05, 00:15:12, 0.0, 7.91e-08
2018-08-05, 00:15:14, 0.0, 7.86e-08
2018-08-05, 00:15:16, 0.0, 7.88e-08
2018-08-05, 00:15:18, 0.0, 7.78e-08
2018-08-05, 00:15:20, 0.0, 7.87e-08
2018-08-05, 00:15:22, 0.0, 7.89e-08
2018-08-05, 00:15:24, 0.0, 7.83e-08
2018-08-05, 00:15:27, 0.0, 7.89e-08
2018-08-05, 00:15:29, 0.0, 7.87e-08
2018-08-05, 00:15:31, 0.0, 7.86e-08
2018-08-05, 00:15:33, 0.0, 7.85e-08
2018-08-05, 00:15:35, 0.0, 7.85e-08
2018-08-05, 00:15:37, 0.0, 7.86e-08
2018-08-05, 00:15:39, 0.0, 7.95e-08
2018-08-05, 00:15:41, 0.0, 7.92e-08
2018-08-05, 00:15:44, 0.0, 7.87e-08
2018-08-05, 00:15:46, 0.0, 7.86e-08
2018-08-05, 00:15:48, 0.0, 7.92e-08
2018-08-05, 00:15:50, 0.0, 7.85e-08
2018-08-05, 00:15:52, 0.0, 7.85e-08
2018-08-05, 00:15:54, 0.0, 7.88e-08
2018-08-05, 00:15:56, 0.0, 7.88e-08
2018-08-05, 00:15:58, 0.0, 7.92e-08
2018-08-05, 00:16:01, 0.0, 7.8e-08
2018-08-05, 00:16:03, 0.0, 7.86e-08
2018-08-05, 00:16:05, 0.0, 7.89e-08
2018-08-05, 00:16:07, 0.0, 7.89e-08
2018-08-05, 00:16:09, 0.0, 7.88e-08
2018-08-05, 00:16:11, 0.0, 7.86e-08
2018-08-05, 00:16:13, 0.0, 7.89e-08
2018-08-05, 00:16:16, 0.0, 7.8e-08
2018-08-05, 00:16:18, 0.0, 7.82e-08
2018-08-05, 00:16:20, 0.0, 7.88e-08
2018-08-05, 00:16:22, 0.0, 7.92e-08
2018-08-05, 00:16:24, 0.0, 7.87e-08
2018-08-05, 00:16:26, 0.0, 7.89e-08
2018-08-05, 00:16:28, 0.0, 7.93e-08
2018-08-05, 00:16:30, 0.0, 7.85e-08
2018-08-05, 00:16:33, 0.0, 7.81e-08
2018-08-05, 00:16:35, 0.0, 7.9e-08
2018-08-05, 00:16:37, 0.0, 7.91e-08
2018-08-05, 00:16:39, 0.0, 7.86e-08
2018-08-05, 00:16:41, 0.0, 7.92e-08
2018-08-05, 00:16:43, 0.0, 7.93e-08
2018-08-05, 00:16:45, 0.0, 7.83e-08
2018-08-05, 00:16:47, 0.0, 7.82e-08
2018-08-05, 00:16:50, 0.0, 7.83e-08
2018-08-05, 00:16:52, 0.0, 7.88e-08
2018-08-05, 00:16:54, 0.0, 7.85e-08
2018-08-05, 00:16:56, 0.0, 7.82e-08
2018-08-05, 00:16:58, 0.0, 7.78e-08
2018-08-05, 00:17:00, 0.0, 7.85e-08
2018-08-05, 00:17:02, 0.0, 7.83e-08
2018-08-05, 00:17:04, 0.0, 7.87e-08
2018-08-05, 00:17:07, 0.0, 7.86e-08
2018-08-05, 00:17:09, 0.0, 7.92e-08
2018-08-05, 00:17:11, 0.0, 7.89e-08
2018-08-05, 00:17:13, 0.0, 7.89e-08
2018-08-05, 00:17:15, 0.0, 7.9e-08
2018-08-05, 00:17:17, 0.0, 7.8e-08
2018-08-05, 00:17:19, 0.0, 7.84e-08
2018-08-05, 00:17:21, 0.0, 7.8e-08
2018-08-05, 00:17:24, 0.0, 7.81e-08
2018-08-05, 00:17:26, 0.0, 7.78e-08
2018-08-05, 00:17:28, 0.0, 7.79e-08
2018-08-05, 00:17:30, 0.0, 7.91e-08
2018-08-05, 00:17:32, 0.0, 7.78e-08
2018-08-05, 00:17:34, 0.0, 7.88e-08
2018-08-05, 00:17:36, 0.0, 7.8e-08
2018-08-05, 00:17:38, 0.0, 7.84e-08
2018-08-05, 00:17:41, 0.0, 7.83e-08
2018-08-05, 00:17:43, 0.0, 7.85e-08
2018-08-05, 00:17:45, 0.0, 7.85e-08
2018-08-05, 00:17:47, 0.0, 7.88e-08
2018-08-05, 00:17:49, 0.0, 7.78e-08
2018-08-05, 00:17:51, 0.0, 7.87e-08
2018-08-05, 00:17:53, 0.0, 7.83e-08
2018-08-05, 00:17:55, 0.0, 7.83e-08
2018-08-05, 00:17:58, 0.0, 7.85e-08
2018-08-05, 00:18:00, 0.0, 7.88e-08
2018-08-05, 00:18:02, 0.0, 7.89e-08
2018-08-05, 00:18:04, 0.0, 7.8e-08
2018-08-05, 00:18:06, 0.0, 7.76e-08
2018-08-05, 00:18:08, 0.0, 7.86e-08
2018-08-05, 00:18:10, 0.0, 7.84e-08
2018-08-05, 00:18:13, 0.0, 7.89e-08
2018-08-05, 00:18:15, 0.0, 7.88e-08
2018-08-05, 00:18:17, 0.0, 7.83e-08
2018-08-05, 00:18:19, 0.0, 7.87e-08
2018-08-05, 00:18:21, 0.0, 7.78e-08
2018-08-05, 00:18:23, 0.0, 7.85e-08
2018-08-05, 00:18:25, 0.0, 7.86e-08
2018-08-05, 00:18:27, 0.0, 7.88e-08
2018-08-05, 00:18:30, 0.0, 7.86e-08
2018-08-05, 00:18:32, 0.0, 7.91e-08
2018-08-05, 00:18:34, 0.0, 7.89e-08
2018-08-05, 00:18:36, 0.0, 7.93e-08
2018-08-05, 00:18:38, 0.0, 7.87e-08
2018-08-05, 00:18:40, 0.0, 7.85e-08
2018-08-05, 00:18:42, 0.0, 7.91e-08
2018-08-05, 00:18:44, 0.0, 7.84e-08
2018-08-05, 00:18:47, 0.0, 7.84e-08
2018-08-05, 00:18:49, 0.0, 7.82e-08
2018-08-05, 00:18:51, 0.0, 7.92e-08
2018-08-05, 00:18:53, 0.0, 7.9e-08
2018-08-05, 00:18:55, 0.0, 7.78e-08
2018-08-05, 00:18:57, 0.0, 7.9e-08
2018-08-05, 00:18:59, 0.0, 7.89e-08
2018-08-05, 00:19:01, 0.0, 7.86e-08
2018-08-05, 00:19:04, 0.0, 7.81e-08
2018-08-05, 00:19:06, 0.0, 7.88e-08
2018-08-05, 00:19:08, 0.0, 7.84e-08
2018-08-05, 00:19:10, 0.0, 7.82e-08
2018-08-05, 00:19:12, 0.0, 7.8e-08
2018-08-05, 00:19:14, 0.0, 7.79e-08
2018-08-05, 00:19:16, 0.0, 7.85e-08
2018-08-05, 00:19:18, 0.0, 7.86e-08
2018-08-05, 00:19:21, 0.0, 7.74e-08
2018-08-05, 00:19:23, 0.0, 7.78e-08
2018-08-05, 00:19:25, 0.0, 7.87e-08
2018-08-05, 00:19:27, 0.0, 7.81e-08
2018-08-05, 00:19:29, 0.0, 7.87e-08
2018-08-05, 00:19:31, 0.0, 7.88e-08
2018-08-05, 00:19:33, 0.0, 7.82e-08
2018-08-05, 00:19:35, 0.0, 7.85e-08
2018-08-05, 00:19:38, 0.0, 7.86e-08
2018-08-05, 00:19:40, 0.0, 7.85e-08
2018-08-05, 00:19:42, 0.0, 7.82e-08
2018-08-05, 00:19:44, 0.0, 7.85e-08
2018-08-05, 00:19:46, 0.0, 7.92e-08
2018-08-05, 00:19:48, 0.0, 7.89e-08
2018-08-05, 00:19:50, 0.0, 7.83e-08
2018-08-05, 00:19:52, 0.0, 7.9e-08
2018-08-05, 00:19:55, 0.0, 7.97e-08
2018-08-05, 00:19:57, 0.0, 7.89e-08
2018-08-05, 00:19:59, 0.0, 7.83e-08
2018-08-05, 00:20:01, 0.0, 7.87e-08
2018-08-05, 00:20:03, 0.0, 7.88e-08
2018-08-05, 00:20:05, 0.0, 7.81e-08
2018-08-05, 00:20:07, 0.0, 7.87e-08
2018-08-05, 00:20:10, 0.0, 7.86e-08
2018-08-05, 00:20:12, 0.0, 7.9e-08
2018-08-05, 00:20:14, 0.0, 7.86e-08
2018-08-05, 00:20:16, 0.0, 7.89e-08
2018-08-05, 00:20:18, 0.0, 7.92e-08
2018-08-05, 00:20:20, 0.0, 7.84e-08
2018-08-05, 00:20:22, 0.0, 7.88e-08
2018-08-05, 00:20:24, 0.0, 7.9e-08
2018-08-05, 00:20:27, 0.0, 7.87e-08
2018-08-05, 00:20:29, 0.0, 7.77e-08
2018-08-05, 00:20:31, 0.0, 7.85e-08
2018-08-05, 00:20:33, 0.0, 7.8e-08
2018-08-05, 00:20:35, 0.0, 7.91e-08
2018-08-05, 00:20:37, 0.0, 7.82e-08
2018-08-05, 00:20:39, 0.0, 7.83e-08
2018-08-05, 00:20:41, 0.0, 7.87e-08
2018-08-05, 00:20:44, 0.0, 7.89e-08
2018-08-05, 00:20:46, 0.0, 7.84e-08
2018-08-05, 00:20:48, 0.0, 7.87e-08
2018-08-05, 00:20:50, 0.0, 7.87e-08
2018-08-05, 00:20:52, 0.0, 7.86e-08
2018-08-05, 00:20:54, 0.0, 7.87e-08
2018-08-05, 00:20:56, 0.0, 7.93e-08
2018-08-05, 00:20:58, 0.0, 7.87e-08
2018-08-05, 00:21:01, 0.0, 7.82e-08
2018-08-05, 00:21:03, 0.0, 7.8e-08
2018-08-05, 00:21:05, 0.0, 7.87e-08
2018-08-05, 00:21:07, 0.0, 7.89e-08
2018-08-05, 00:21:09, 0.0, 7.82e-08
2018-08-05, 00:21:11, 0.0, 7.86e-08
2018-08-05, 00:21:13, 0.0, 7.85e-08
2018-08-05, 00:21:15, 0.0, 7.79e-08
2018-08-05, 00:21:18, 0.0, 7.83e-08
2018-08-05, 00:21:20, 0.0, 7.88e-08
2018-08-05, 00:21:22, 0.0, 7.9e-08
2018-08-05, 00:21:24, 0.0, 7.9e-08
2018-08-05, 00:21:26, 0.0, 7.92e-08
2018-08-05, 00:21:28, 0.0, 7.92e-08
2018-08-05, 00:21:30, 0.0, 7.88e-08
2018-08-05, 00:21:32, 0.0, 7.86e-08
2018-08-05, 00:21:35, 0.0, 7.79e-08
2018-08-05, 00:21:37, 0.0, 7.86e-08
2018-08-05, 00:21:39, 0.0, 7.87e-08
2018-08-05, 00:21:41, 0.0, 7.85e-08
2018-08-05, 00:21:43, 0.0, 7.88e-08
2018-08-05, 00:21:45, 0.0, 7.87e-08
2018-08-05, 00:21:47, 0.0, 7.89e-08
2018-08-05, 00:21:49, 0.0, 7.88e-08
2018-08-05, 00:21:52, 0.0, 7.94e-08
2018-08-05, 00:21:54, 0.0, 7.83e-08
2018-08-05, 00:21:56, 0.0, 7.84e-08
2018-08-05, 00:21:58, 0.0, 7.88e-08
2018-08-05, 00:22:00, 0.0, 7.89e-08
2018-08-05, 00:22:02, 0.0, 7.8e-08
2018-08-05, 00:22:04, 0.0, 7.88e-08
2018-08-05, 00:22:07, 0.0, 7.88e-08
2018-08-05, 00:22:09, 0.0, 7.91e-08
2018-08-05, 00:22:11, 0.0, 7.85e-08
2018-08-05, 00:22:13, 0.0, 7.89e-08
2018-08-05, 00:22:15, 0.0, 7.83e-08
2018-08-05, 00:22:17, 0.0, 7.84e-08
2018-08-05, 00:22:19, 0.0, 7.87e-08
2018-08-05, 00:22:21, 0.0, 7.82e-08
2018-08-05, 00:22:24, 0.0, 7.89e-08
2018-08-05, 00:22:26, 0.0, 7.81e-08
2018-08-05, 00:22:28, 0.0, 7.81e-08
2018-08-05, 00:22:30, 0.0, 7.75e-08
2018-08-05, 00:22:32, 0.0, 7.76e-08
2018-08-05, 00:22:34, 0.0, 7.83e-08
2018-08-05, 00:22:36, 0.0, 7.87e-08
2018-08-05, 00:22:38, 0.0, 7.82e-08
2018-08-05, 00:22:41, 0.0, 7.84e-08
2018-08-05, 00:22:43, 0.0, 7.89e-08
2018-08-05, 00:22:45, 0.0, 7.83e-08
2018-08-05, 00:22:47, 0.0, 7.84e-08
2018-08-05, 00:22:49, 0.0, 7.76e-08
2018-08-05, 00:22:51, 0.0, 7.85e-08
2018-08-05, 00:22:53, 0.0, 7.84e-08
2018-08-05, 00:22:55, 0.0, 7.79e-08
2018-08-05, 00:22:57, 0.0, 7.8e-08
2018-08-05, 00:23:00, 0.0, 7.8e-08
2018-08-05, 00:23:02, 0.0, 7.83e-08
2018-08-05, 00:23:04, 0.0, 7.84e-08
2018-08-05, 00:23:06, 0.0, 7.89e-08
2018-08-05, 00:23:08, 0.0, 7.89e-08
2018-08-05, 00:23:10, 0.0, 7.85e-08
2018-08-05, 00:23:12, 0.0, 7.87e-08
2018-08-05, 00:23:15, 0.0, 7.8e-08
2018-08-05, 00:23:17, 0.0, 7.89e-08
2018-08-05, 00:23:19, 0.0, 7.87e-08
2018-08-05, 00:23:21, 0.0, 7.81e-08
2018-08-05, 00:23:23, 0.0, 7.77e-08
2018-08-05, 00:23:25, 0.0, 7.84e-08
2018-08-05, 00:23:27, 0.0, 7.86e-08
2018-08-05, 00:23:29, 0.0, 7.88e-08
2018-08-05, 00:23:32, 0.0, 7.8e-08
2018-08-05, 00:23:34, 0.0, 7.83e-08
2018-08-05, 00:23:36, 0.0, 7.83e-08
2018-08-05, 00:23:38, 0.0, 7.86e-08
2018-08-05, 00:23:40, 0.0, 7.86e-08
2018-08-05, 00:23:42, 0.0, 7.83e-08
2018-08-05, 00:23:44, 0.0, 7.86e-08
2018-08-05, 00:23:46, 0.0, 7.87e-08
2018-08-05, 00:23:49, 0.0, 7.84e-08
2018-08-05, 00:23:51, 0.0, 7.9e-08
2018-08-05, 00:23:53, 0.0, 7.82e-08
2018-08-05, 00:23:55, 0.0, 7.82e-08
2018-08-05, 00:23:57, 0.0, 7.86e-08
2018-08-05, 00:23:59, 0.0, 7.86e-08
2018-08-05, 00:24:01, 0.0, 7.85e-08
2018-08-05, 00:24:03, 0.0, 7.82e-08
2018-08-05, 00:24:06, 0.0, 7.88e-08
2018-08-05, 00:24:08, 0.0, 7.88e-08
2018-08-05, 00:24:10, 0.0, 7.84e-08
2018-08-05, 00:24:12, 0.0, 7.88e-08
2018-08-05, 00:24:14, 0.0, 7.87e-08
2018-08-05, 00:24:16, 0.0, 7.91e-08
2018-08-05, 00:24:18, 0.0, 7.86e-08
2018-08-05, 00:24:20, 0.0, 7.84e-08
2018-08-05, 00:24:23, 0.0, 7.9e-08
2018-08-05, 00:24:25, 0.0, 7.82e-08
2018-08-05, 00:24:27, 0.0, 7.82e-08
2018-08-05, 00:24:29, 0.0, 7.79e-08
2018-08-05, 00:24:31, 0.0, 7.8e-08
2018-08-05, 00:24:33, 0.0, 7.87e-08
2018-08-05, 00:24:35, 0.0, 7.84e-08
2018-08-05, 00:24:37, 0.0, 7.86e-08
2018-08-05, 00:24:40, 0.0, 7.85e-08
2018-08-05, 00:24:42, 0.0, 7.83e-08
2018-08-05, 00:24:44, 0.0, 7.88e-08
2018-08-05, 00:24:46, 0.0, 7.85e-08
2018-08-05, 00:24:48, 0.0, 7.89e-08
2018-08-05, 00:24:50, 0.0, 7.84e-08
2018-08-05, 00:24:52, 0.0, 7.88e-08
2018-08-05, 00:24:54, 0.0, 7.85e-08
2018-08-05, 00:24:57, 0.0, 7.9e-08
2018-08-05, 00:24:59, 0.0, 7.83e-08
2018-08-05, 00:25:01, 0.0, 7.86e-08
2018-08-05, 00:25:03, 0.0, 7.9e-08
2018-08-05, 00:25:05, 0.0, 7.87e-08
2018-08-05, 00:25:07, 0.0, 7.82e-08
2018-08-05, 00:25:09, 0.0, 7.87e-08
2018-08-05, 00:25:11, 0.0, 7.77e-08
2018-08-05, 00:25:14, 0.0, 7.81e-08
2018-08-05, 00:25:16, 0.0, 7.82e-08
2018-08-05, 00:25:18, 0.0, 7.85e-08
2018-08-05, 00:25:20, 0.0, 7.82e-08
2018-08-05, 00:25:22, 0.0, 7.89e-08
2018-08-05, 00:25:24, 0.0, 7.88e-08
2018-08-05, 00:25:26, 0.0, 7.88e-08
2018-08-05, 00:25:28, 0.0, 7.89e-08
2018-08-05, 00:25:31, 0.0, 7.86e-08
2018-08-05, 00:25:33, 0.0, 7.88e-08
2018-08-05, 00:25:35, 0.0, 7.82e-08
2018-08-05, 00:25:37, 0.0, 7.85e-08
2018-08-05, 00:25:39, 0.0, 7.92e-08
2018-08-05, 00:25:41, 0.0, 7.85e-08
2018-08-05, 00:25:43, 0.0, 7.92e-08
2018-08-05, 00:25:45, 0.0, 7.85e-08
2018-08-05, 00:25:48, 0.0, 7.85e-08
2018-08-05, 00:25:50, 0.0, 7.91e-08
2018-08-05, 00:25:52, 0.0, 7.79e-08
2018-08-05, 00:25:54, 0.0, 7.83e-08
2018-08-05, 00:25:56, 0.0, 7.76e-08
2018-08-05, 00:25:58, 0.0, 7.82e-08
2018-08-05, 00:26:00, 0.0, 7.85e-08
2018-08-05, 00:26:02, 0.0, 7.87e-08
2018-08-05, 00:26:05, 0.0, 7.77e-08
2018-08-05, 00:26:07, 0.0, 7.8e-08
2018-08-05, 00:26:09, 0.0, 7.89e-08
2018-08-05, 00:26:11, 0.0, 7.83e-08
2018-08-05, 00:26:13, 0.0, 7.83e-08
2018-08-05, 00:26:15, 0.0, 7.83e-08
2018-08-05, 00:26:17, 0.0, 7.81e-08
2018-08-05, 00:26:19, 0.0, 7.87e-08
2018-08-05, 00:26:22, 0.0, 7.81e-08
2018-08-05, 00:26:24, 0.0, 7.77e-08
2018-08-05, 00:26:26, 0.0, 7.88e-08
2018-08-05, 00:26:28, 0.0, 7.76e-08
2018-08-05, 00:26:30, 0.0, 7.78e-08
2018-08-05, 00:26:32, 0.0, 7.74e-08
2018-08-05, 00:26:34, 0.0, 7.87e-08
2018-08-05, 00:26:36, 0.0, 7.79e-08
2018-08-05, 00:26:39, 0.0, 7.75e-08
2018-08-05, 00:26:41, 0.0, 7.8e-08
2018-08-05, 00:26:43, 0.0, 7.82e-08
2018-08-05, 00:26:45, 0.0, 7.83e-08
2018-08-05, 00:26:47, 0.0, 7.83e-08
2018-08-05, 00:26:49, 0.0, 7.91e-08
2018-08-05, 00:26:51, 0.0, 7.78e-08
2018-08-05, 00:26:53, 0.0, 7.85e-08
2018-08-05, 00:26:56, 0.0, 7.83e-08
2018-08-05, 00:26:58, 0.0, 7.81e-08
2018-08-05, 00:27:00, 0.0, 7.87e-08
2018-08-05, 00:27:02, 0.0, 7.75e-08
2018-08-05, 00:27:04, 0.0, 7.82e-08
2018-08-05, 00:27:06, 0.0, 7.85e-08
2018-08-05, 00:27:08, 0.0, 7.89e-08
2018-08-05, 00:27:10, 0.0, 7.93e-08
2018-08-05, 00:27:13, 0.0, 7.82e-08
2018-08-05, 00:27:15, 0.0, 7.88e-08
2018-08-05, 00:27:17, 0.0, 7.87e-08
2018-08-05, 00:27:19, 0.0, 7.86e-08
2018-08-05, 00:27:21, 0.0, 7.86e-08
2018-08-05, 00:27:23, 0.0, 7.87e-08
2018-08-05, 00:27:25, 0.0, 7.87e-08
2018-08-05, 00:27:27, 0.0, 7.86e-08
2018-08-05, 00:27:30, 0.0, 7.84e-08
2018-08-05, 00:27:32, 0.0, 7.9e-08
2018-08-05, 00:27:34, 0.0, 7.82e-08
2018-08-05, 00:27:36, 0.0, 7.83e-08
2018-08-05, 00:27:38, 0.0, 7.9e-08
2018-08-05, 00:27:40, 0.0, 7.85e-08
2018-08-05, 00:27:42, 0.0, 7.87e-08
2018-08-05, 00:27:44, 0.0, 7.89e-08
2018-08-05, 00:27:47, 0.0, 7.82e-08
2018-08-05, 00:27:49, 0.0, 7.81e-08
2018-08-05, 00:27:51, 0.0, 7.81e-08
2018-08-05, 00:27:53, 0.0, 7.76e-08
2018-08-05, 00:27:55, 0.0, 7.76e-08
2018-08-05, 00:27:57, 0.0, 7.82e-08
2018-08-05, 00:27:59, 0.0, 7.85e-08
2018-08-05, 00:28:01, 0.0, 7.85e-08
2018-08-05, 00:28:04, 0.0, 7.89e-08
2018-08-05, 00:28:06, 0.0, 7.84e-08
2018-08-05, 00:28:08, 0.0, 7.76e-08
2018-08-05, 00:28:10, 0.0, 7.86e-08
2018-08-05, 00:28:12, 0.0, 7.85e-08
2018-08-05, 00:28:14, 0.0, 7.86e-08
2018-08-05, 00:28:16, 0.0, 7.85e-08
2018-08-05, 00:28:18, 0.0, 7.86e-08
2018-08-05, 00:28:21, 0.0, 7.84e-08
2018-08-05, 00:28:23, 0.0, 7.87e-08
2018-08-05, 00:28:25, 0.0, 7.85e-08
2018-08-05, 00:28:27, 0.0, 7.84e-08
2018-08-05, 00:28:29, 0.0, 7.78e-08
2018-08-05, 00:28:31, 0.0, 7.88e-08
2018-08-05, 00:28:33, 0.0, 7.87e-08
2018-08-05, 00:28:35, 0.0, 7.87e-08
2018-08-05, 00:28:38, 0.0, 7.86e-08
2018-08-05, 00:28:40, 0.0, 7.87e-08
2018-08-05, 00:28:42, 0.0, 7.9e-08
2018-08-05, 00:28:44, 0.0, 7.94e-08
2018-08-05, 00:28:46, 0.0, 7.8e-08
2018-08-05, 00:28:48, 0.0, 7.89e-08
2018-08-05, 00:28:50, 0.0, 7.89e-08
2018-08-05, 00:28:52, 0.0, 7.91e-08
2018-08-05, 00:28:55, 0.0, 7.89e-08
2018-08-05, 00:28:57, 0.0, 7.87e-08
2018-08-05, 00:28:59, 0.0, 7.8e-08
2018-08-05, 00:29:01, 0.0, 7.8e-08
2018-08-05, 00:29:03, 0.0, 7.83e-08
2018-08-05, 00:29:05, 0.0, 7.83e-08
2018-08-05, 00:29:07, 0.0, 7.92e-08
2018-08-05, 00:29:10, 0.0, 7.89e-08
2018-08-05, 00:29:12, 0.0, 7.9e-08
2018-08-05, 00:29:14, 0.0, 7.86e-08
2018-08-05, 00:29:16, 0.0, 7.86e-08
2018-08-05, 00:29:18, 0.0, 7.81e-08
2018-08-05, 00:29:20, 0.0, 7.82e-08
2018-08-05, 00:29:22, 0.0, 7.87e-08
2018-08-05, 00:29:24, 0.0, 7.88e-08
2018-08-05, 00:29:27, 0.0, 7.92e-08
2018-08-05, 00:29:29, 0.0, 7.88e-08
2018-08-05, 00:29:31, 0.0, 7.85e-08
2018-08-05, 00:29:33, 0.0, 7.88e-08
2018-08-05, 00:29:35, 0.0, 7.89e-08
2018-08-05, 00:29:37, 0.0, 7.87e-08
2018-08-05, 00:29:39, 0.0, 7.81e-08
2018-08-05, 00:29:41, 0.0, 7.85e-08
2018-08-05, 00:29:44, 0.0, 7.84e-08
2018-08-05, 00:29:46, 0.0, 7.79e-08
2018-08-05, 00:29:48, 0.0, 7.84e-08
2018-08-05, 00:29:50, 0.0, 7.9e-08
2018-08-05, 00:29:52, 0.0, 7.87e-08
2018-08-05, 00:29:54, 0.0, 7.8e-08
2018-08-05, 00:29:56, 0.0, 7.82e-08
2018-08-05, 00:29:58, 0.0, 7.9e-08
2018-08-05, 00:30:01, 0.0, 7.82e-08
2018-08-05, 00:30:03, 0.0, 7.89e-08
2018-08-05, 00:30:05, 0.0, 7.85e-08
2018-08-05, 00:30:07, 0.0, 7.88e-08
2018-08-05, 00:30:09, 0.0, 7.88e-08
2018-08-05, 00:30:11, 0.0, 7.88e-08
2018-08-05, 00:30:13, 0.0, 7.84e-08
2018-08-05, 00:30:15, 0.0, 7.91e-08
2018-08-05, 00:30:18, 0.0, 7.84e-08
2018-08-05, 00:30:20, 0.0, 7.82e-08
2018-08-05, 00:30:22, 0.0, 7.81e-08
2018-08-05, 00:30:24, 0.0, 7.8e-08
2018-08-05, 00:30:26, 0.0, 7.89e-08
2018-08-05, 00:30:28, 0.0, 7.84e-08
2018-08-05, 00:30:30, 0.0, 7.87e-08
2018-08-05, 00:30:32, 0.0, 7.81e-08
2018-08-05, 00:30:35, 0.0, 7.91e-08
2018-08-05, 00:30:37, 0.0, 7.83e-08
2018-08-05, 00:30:39, 0.0, 7.86e-08
2018-08-05, 00:30:41, 0.0, 7.87e-08
2018-08-05, 00:30:43, 0.0, 7.86e-08
2018-08-05, 00:30:45, 0.0, 7.83e-08
2018-08-05, 00:30:47, 0.0, 7.76e-08
2018-08-05, 00:30:49, 0.0, 7.79e-08
2018-08-05, 00:30:52, 0.0, 7.84e-08
2018-08-05, 00:30:54, 0.0, 7.84e-08
2018-08-05, 00:30:56, 0.0, 7.8e-08
2018-08-05, 00:30:58, 0.0, 7.86e-08
2018-08-05, 00:31:00, 0.0, 7.83e-08
2018-08-05, 00:31:02, 0.0, 7.88e-08
2018-08-05, 00:31:04, 0.0, 7.83e-08
2018-08-05, 00:31:06, 0.0, 7.87e-08
2018-08-05, 00:31:09, 0.0, 7.92e-08
2018-08-05, 00:31:11, 0.0, 7.8e-08
2018-08-05, 00:31:13, 0.0, 7.82e-08
2018-08-05, 00:31:15, 0.0, 7.83e-08
2018-08-05, 00:31:17, 0.0, 7.84e-08
2018-08-05, 00:31:19, 0.0, 7.86e-08
2018-08-05, 00:31:21, 0.0, 7.84e-08
2018-08-05, 00:31:23, 0.0, 7.86e-08
2018-08-05, 00:31:26, 0.0, 7.8e-08
2018-08-05, 00:31:28, 0.0, 7.85e-08
2018-08-05, 00:31:30, 0.0, 7.85e-08
2018-08-05, 00:31:32, 0.0, 7.82e-08
2018-08-05, 00:31:34, 0.0, 7.88e-08
2018-08-05, 00:31:36, 0.0, 7.84e-08
2018-08-05, 00:31:38, 0.0, 7.86e-08
2018-08-05, 00:31:40, 0.0, 7.82e-08
2018-08-05, 00:31:43, 0.0, 7.79e-08
2018-08-05, 00:31:45, 0.0, 7.84e-08
2018-08-05, 00:31:47, 0.0, 7.78e-08
2018-08-05, 00:31:49, 0.0, 7.8e-08
2018-08-05, 00:31:51, 0.0, 7.83e-08
2018-08-05, 00:31:53, 0.0, 7.85e-08
2018-08-05, 00:31:55, 0.0, 7.8e-08
2018-08-05, 00:31:57, 0.0, 7.81e-08
2018-08-05, 00:32:00, 0.0, 7.92e-08
2018-08-05, 00:32:02, 0.0, 7.87e-08
2018-08-05, 00:32:04, 0.0, 7.86e-08
2018-08-05, 00:32:06, 0.0, 7.85e-08
2018-08-05, 00:32:08, 0.0, 7.8e-08
2018-08-05, 00:32:10, 0.0, 7.74e-08
2018-08-05, 00:32:12, 0.0, 7.8e-08
2018-08-05, 00:32:15, 0.0, 7.79e-08
2018-08-05, 00:32:17, 0.0, 7.76e-08
2018-08-05, 00:32:19, 0.0, 7.84e-08
2018-08-05, 00:32:21, 0.0, 7.81e-08
2018-08-05, 00:32:23, 0.0, 7.82e-08
2018-08-05, 00:32:25, 0.0, 7.88e-08
2018-08-05, 00:32:27, 0.0, 7.83e-08
2018-08-05, 00:32:29, 0.0, 7.78e-08
2018-08-05, 00:32:32, 0.0, 7.83e-08
2018-08-05, 00:32:34, 0.0, 7.81e-08
2018-08-05, 00:32:36, 0.0, 7.87e-08
2018-08-05, 00:32:38, 0.0, 7.86e-08
2018-08-05, 00:32:40, 0.0, 7.81e-08
2018-08-05, 00:32:42, 0.0, 7.83e-08
2018-08-05, 00:32:44, 0.0, 7.84e-08
2018-08-05, 00:32:47, 0.0, 7.84e-08
2018-08-05, 00:32:49, 0.0, 7.8e-08
2018-08-05, 00:32:51, 0.0, 7.83e-08
2018-08-05, 00:32:53, 0.0, 7.83e-08
2018-08-05, 00:32:55, 0.0, 7.82e-08
2018-08-05, 00:32:57, 0.0, 7.83e-08
2018-08-05, 00:32:59, 0.0, 7.84e-08
2018-08-05, 00:33:01, 0.0, 7.84e-08
2018-08-05, 00:33:04, 0.0, 7.92e-08
2018-08-05, 00:33:06, 0.0, 7.88e-08
2018-08-05, 00:33:08, 0.0, 7.84e-08
2018-08-05, 00:33:10, 0.0, 7.8e-08
2018-08-05, 00:33:12, 0.0, 7.87e-08
2018-08-05, 00:33:14, 0.0, 7.83e-08
2018-08-05, 00:33:16, 0.0, 7.85e-08
2018-08-05, 00:33:18, 0.0, 7.89e-08
2018-08-05, 00:33:21, 0.0, 7.87e-08
2018-08-05, 00:33:23, 0.0, 7.86e-08
2018-08-05, 00:33:25, 0.0, 7.77e-08
2018-08-05, 00:33:27, 0.0, 7.87e-08
2018-08-05, 00:33:29, 0.0, 7.87e-08
2018-08-05, 00:33:31, 0.0, 7.85e-08
2018-08-05, 00:33:33, 0.0, 7.8e-08
2018-08-05, 00:33:35, 0.0, 7.88e-08
2018-08-05, 00:33:37, 0.0, 7.87e-08
2018-08-05, 00:33:40, 0.0, 7.89e-08
2018-08-05, 00:33:42, 0.0, 7.82e-08
2018-08-05, 00:33:44, 0.0, 7.87e-08
2018-08-05, 00:33:46, 0.0, 7.87e-08
2018-08-05, 00:33:48, 0.0, 7.9e-08
2018-08-05, 00:33:50, 0.0, 7.8e-08
2018-08-05, 00:33:52, 0.0, 7.82e-08
2018-08-05, 00:33:54, 0.0, 7.85e-08
2018-08-05, 00:33:57, 0.0, 7.83e-08
2018-08-05, 00:33:59, 0.0, 7.87e-08
2018-08-05, 00:34:01, 0.0, 7.81e-08
2018-08-05, 00:34:03, 0.0, 7.81e-08
2018-08-05, 00:34:05, 0.0, 7.8e-08
2018-08-05, 00:34:07, 0.0, 7.78e-08
2018-08-05, 00:34:09, 0.0, 7.8e-08
2018-08-05, 00:34:11, 0.0, 7.83e-08
2018-08-05, 00:34:14, 0.0, 7.8e-08
2018-08-05, 00:34:16, 0.0, 7.84e-08
2018-08-05, 00:34:18, 0.0, 7.87e-08
2018-08-05, 00:34:20, 0.0, 7.8e-08
2018-08-05, 00:34:22, 0.0, 7.88e-08
2018-08-05, 00:34:24, 0.0, 7.87e-08
2018-08-05, 00:34:26, 0.0, 7.83e-08
2018-08-05, 00:34:28, 0.0, 7.84e-08
2018-08-05, 00:34:31, 0.0, 7.79e-08
2018-08-05, 00:34:33, 0.0, 7.85e-08
2018-08-05, 00:34:35, 0.0, 7.86e-08
2018-08-05, 00:34:37, 0.0, 7.81e-08
2018-08-05, 00:34:39, 0.0, 7.81e-08
2018-08-05, 00:34:41, 0.0, 7.82e-08
2018-08-05, 00:34:43, 0.0, 7.82e-08
2018-08-05, 00:34:45, 0.0, 7.79e-08
2018-08-05, 00:34:48, 0.0, 7.8e-08
2018-08-05, 00:34:50, 0.0, 7.85e-08
2018-08-05, 00:34:52, 0.0, 7.83e-08
2018-08-05, 00:34:54, 0.0, 7.74e-08
2018-08-05, 00:34:56, 0.0, 7.79e-08
2018-08-05, 00:34:58, 0.0, 7.85e-08
2018-08-05, 00:35:00, 0.0, 7.89e-08
2018-08-05, 00:35:02, 0.0, 7.82e-08
2018-08-05, 00:35:05, 0.0, 7.84e-08
2018-08-05, 00:35:07, 0.0, 7.87e-08
2018-08-05, 00:35:09, 0.0, 7.85e-08
2018-08-05, 00:35:11, 0.0, 7.8e-08
2018-08-05, 00:35:13, 0.0, 7.88e-08
2018-08-05, 00:35:15, 0.0, 7.81e-08
2018-08-05, 00:35:17, 0.0, 7.8e-08
2018-08-05, 00:35:19, 0.0, 7.83e-08
2018-08-05, 00:35:22, 0.0, 7.88e-08
2018-08-05, 00:35:24, 0.0, 7.82e-08
2018-08-05, 00:35:26, 0.0, 7.88e-08
2018-08-05, 00:35:28, 0.0, 7.84e-08
2018-08-05, 00:35:30, 0.0, 7.85e-08
2018-08-05, 00:35:32, 0.0, 7.89e-08
2018-08-05, 00:35:34, 0.0, 7.81e-08
2018-08-05, 00:35:37, 0.0, 7.81e-08
2018-08-05, 00:35:39, 0.0, 7.83e-08
2018-08-05, 00:35:41, 0.0, 7.82e-08
2018-08-05, 00:35:43, 0.0, 7.84e-08
2018-08-05, 00:35:45, 0.0, 7.83e-08
2018-08-05, 00:35:47, 0.0, 7.85e-08
2018-08-05, 00:35:49, 0.0, 7.88e-08
2018-08-05, 00:35:51, 0.0, 7.81e-08
2018-08-05, 00:35:54, 0.0, 7.87e-08
2018-08-05, 00:35:56, 0.0, 7.87e-08
2018-08-05, 00:35:58, 0.0, 7.77e-08
2018-08-05, 00:36:00, 0.0, 7.83e-08
2018-08-05, 00:36:02, 0.0, 7.85e-08
2018-08-05, 00:36:04, 0.0, 7.9e-08
2018-08-05, 00:36:06, 0.0, 7.8e-08
2018-08-05, 00:36:09, 0.0, 7.86e-08
2018-08-05, 00:36:11, 0.0, 7.85e-08
2018-08-05, 00:36:13, 0.0, 7.87e-08
2018-08-05, 00:36:15, 0.0, 7.91e-08
2018-08-05, 00:36:17, 0.0, 7.83e-08
2018-08-05, 00:36:19, 0.0, 7.82e-08
2018-08-05, 00:36:21, 0.0, 7.86e-08
2018-08-05, 00:36:23, 0.0, 7.84e-08
2018-08-05, 00:36:26, 0.0, 7.83e-08
2018-08-05, 00:36:28, 0.0, 7.81e-08
2018-08-05, 00:36:30, 0.0, 7.8e-08
2018-08-05, 00:36:32, 0.0, 7.86e-08
2018-08-05, 00:36:34, 0.0, 7.84e-08
2018-08-05, 00:36:36, 0.0, 7.86e-08
2018-08-05, 00:36:38, 0.0, 7.81e-08
2018-08-05, 00:36:40, 0.0, 7.83e-08
2018-08-05, 00:36:43, 0.0, 7.83e-08
2018-08-05, 00:36:45, 0.0, 7.84e-08
2018-08-05, 00:36:47, 0.0, 7.84e-08
2018-08-05, 00:36:49, 0.0, 7.81e-08
2018-08-05, 00:36:51, 0.0, 7.83e-08
2018-08-05, 00:36:53, 0.0, 7.84e-08
2018-08-05, 00:36:55, 0.0, 7.83e-08
2018-08-05, 00:36:57, 0.0, 7.89e-08
2018-08-05, 00:37:00, 0.0, 7.91e-08
2018-08-05, 00:37:02, 0.0, 7.82e-08
2018-08-05, 00:37:04, 0.0, 7.83e-08
2018-08-05, 00:37:06, 0.0, 7.88e-08
2018-08-05, 00:37:08, 0.0, 7.87e-08
2018-08-05, 00:37:10, 0.0, 7.87e-08
2018-08-05, 00:37:12, 0.0, 7.9e-08
2018-08-05, 00:37:14, 0.0, 7.79e-08
2018-08-05, 00:37:17, 0.0, 7.86e-08
2018-08-05, 00:37:19, 0.0, 7.82e-08
2018-08-05, 00:37:21, 0.0, 7.87e-08
2018-08-05, 00:37:23, 0.0, 7.79e-08
2018-08-05, 00:37:25, 0.0, 7.79e-08
2018-08-05, 00:37:27, 0.0, 7.9e-08
2018-08-05, 00:37:29, 0.0, 7.83e-08
2018-08-05, 00:37:31, 0.0, 7.8e-08
2018-08-05, 00:37:34, 0.0, 7.85e-08
2018-08-05, 00:37:36, 0.0, 7.84e-08
2018-08-05, 00:37:38, 0.0, 7.88e-08
2018-08-05, 00:37:40, 0.0, 7.81e-08
2018-08-05, 00:37:42, 0.0, 7.86e-08
2018-08-05, 00:37:44, 0.0, 7.86e-08
2018-08-05, 00:37:46, 0.0, 7.83e-08
2018-08-05, 00:37:48, 0.0, 7.83e-08
2018-08-05, 00:37:51, 0.0, 7.91e-08
2018-08-05, 00:37:53, 0.0, 7.84e-08
2018-08-05, 00:37:55, 0.0, 7.86e-08
2018-08-05, 00:37:57, 0.0, 7.85e-08
2018-08-05, 00:37:59, 0.0, 7.84e-08
2018-08-05, 00:38:01, 0.0, 7.86e-08
2018-08-05, 00:38:03, 0.0, 7.88e-08
2018-08-05, 00:38:06, 0.0, 7.81e-08
2018-08-05, 00:38:08, 0.0, 7.89e-08
2018-08-05, 00:38:10, 0.0, 7.87e-08
2018-08-05, 00:38:12, 0.0, 7.87e-08
2018-08-05, 00:38:14, 0.0, 7.87e-08
2018-08-05, 00:38:16, 0.0, 7.91e-08
2018-08-05, 00:38:18, 0.0, 7.85e-08
2018-08-05, 00:38:20, 0.0, 7.9e-08
2018-08-05, 00:38:23, 0.0, 7.8e-08
2018-08-05, 00:38:25, 0.0, 7.91e-08
2018-08-05, 00:38:27, 0.0, 7.9e-08
2018-08-05, 00:38:29, 0.0, 7.89e-08
2018-08-05, 00:38:31, 0.0, 7.82e-08
2018-08-05, 00:38:33, 0.0, 7.83e-08
2018-08-05, 00:38:35, 0.0, 7.86e-08
2018-08-05, 00:38:37, 0.0, 7.85e-08
2018-08-05, 00:38:40, 0.0, 7.8e-08
2018-08-05, 00:38:42, 0.0, 7.81e-08
2018-08-05, 00:38:44, 0.0, 7.82e-08
2018-08-05, 00:38:46, 0.0, 7.88e-08
2018-08-05, 00:38:48, 0.0, 7.84e-08
2018-08-05, 00:38:50, 0.0, 7.91e-08
2018-08-05, 00:38:52, 0.0, 7.87e-08
2018-08-05, 00:38:54, 0.0, 7.85e-08
2018-08-05, 00:38:57, 0.0, 7.8e-08
2018-08-05, 00:38:59, 0.0, 7.9e-08
2018-08-05, 00:39:01, 0.0, 7.9e-08
2018-08-05, 00:39:03, 0.0, 7.83e-08
2018-08-05, 00:39:05, 0.0, 7.83e-08
2018-08-05, 00:39:07, 0.0, 7.89e-08
2018-08-05, 00:39:09, 0.0, 7.82e-08
2018-08-05, 00:39:12, 0.0, 7.77e-08
2018-08-05, 00:39:14, 0.0, 7.88e-08
2018-08-05, 00:39:16, 0.0, 7.84e-08
2018-08-05, 00:39:18, 0.0, 7.89e-08
2018-08-05, 00:39:20, 0.0, 7.85e-08
2018-08-05, 00:39:22, 0.0, 7.87e-08
2018-08-05, 00:39:24, 0.0, 7.93e-08
2018-08-05, 00:39:26, 0.0, 7.81e-08
2018-08-05, 00:39:29, 0.0, 7.79e-08
2018-08-05, 00:39:31, 0.0, 7.81e-08
2018-08-05, 00:39:33, 0.0, 7.83e-08
2018-08-05, 00:39:35, 0.0, 7.79e-08
2018-08-05, 00:39:37, 0.0, 7.76e-08
2018-08-05, 00:39:39, 0.0, 7.85e-08
2018-08-05, 00:39:41, 0.0, 7.76e-08
2018-08-05, 00:39:43, 0.0, 7.79e-08
2018-08-05, 00:39:46, 0.0, 7.9e-08
2018-08-05, 00:39:48, 0.0, 7.84e-08
2018-08-05, 00:39:50, 0.0, 7.8e-08
2018-08-05, 00:39:52, 0.0, 7.83e-08
2018-08-05, 00:39:54, 0.0, 7.85e-08
2018-08-05, 00:39:56, 0.0, 7.85e-08
2018-08-05, 00:39:58, 0.0, 7.85e-08
2018-08-05, 00:40:00, 0.0, 7.9e-08
2018-08-05, 00:40:03, 0.0, 7.86e-08
2018-08-05, 00:40:05, 0.0, 7.88e-08
2018-08-05, 00:40:07, 0.0, 7.86e-08
2018-08-05, 00:40:09, 0.0, 7.78e-08
2018-08-05, 00:40:11, 0.0, 7.83e-08
2018-08-05, 00:40:13, 0.0, 7.86e-08
2018-08-05, 00:40:15, 0.0, 7.79e-08
2018-08-05, 00:40:17, 0.0, 7.82e-08
2018-08-05, 00:40:20, 0.0, 7.76e-08
2018-08-05, 00:40:22, 0.0, 7.87e-08
2018-08-05, 00:40:24, 0.0, 7.85e-08
2018-08-05, 00:40:26, 0.0, 7.82e-08
2018-08-05, 00:40:28, 0.0, 7.87e-08
2018-08-05, 00:40:30, 0.0, 7.85e-08
2018-08-05, 00:40:32, 0.0, 7.83e-08
2018-08-05, 00:40:34, 0.0, 7.85e-08
2018-08-05, 00:40:37, 0.0, 7.81e-08
2018-08-05, 00:40:39, 0.0, 7.76e-08
2018-08-05, 00:40:41, 0.0, 7.86e-08
2018-08-05, 00:40:43, 0.0, 7.81e-08
2018-08-05, 00:40:45, 0.0, 7.9e-08
2018-08-05, 00:40:47, 0.0, 7.87e-08
2018-08-05, 00:40:49, 0.0, 7.85e-08
2018-08-05, 00:40:51, 0.0, 7.81e-08
2018-08-05, 00:40:54, 0.0, 7.86e-08
2018-08-05, 00:40:56, 0.0, 7.78e-08
2018-08-05, 00:40:58, 0.0, 7.83e-08
2018-08-05, 00:41:00, 0.0, 7.88e-08
2018-08-05, 00:41:02, 0.0, 7.92e-08
2018-08-05, 00:41:04, 0.0, 7.83e-08
2018-08-05, 00:41:06, 0.0, 7.89e-08
2018-08-05, 00:41:08, 0.0, 7.93e-08
2018-08-05, 00:41:11, 0.0, 7.83e-08
2018-08-05, 00:41:13, 0.0, 7.84e-08
2018-08-05, 00:41:15, 0.0, 7.83e-08
2018-08-05, 00:41:17, 0.0, 7.86e-08
2018-08-05, 00:41:19, 0.0, 7.93e-08
2018-08-05, 00:41:21, 0.0, 7.85e-08
2018-08-05, 00:41:23, 0.0, 7.84e-08
2018-08-05, 00:41:26, 0.0, 7.84e-08
2018-08-05, 00:41:28, 0.0, 7.79e-08
2018-08-05, 00:41:30, 0.0, 7.8e-08
2018-08-05, 00:41:32, 0.0, 7.81e-08
2018-08-05, 00:41:34, 0.0, 7.77e-08
2018-08-05, 00:41:36, 0.0, 7.82e-08
2018-08-05, 00:41:38, 0.0, 7.89e-08
2018-08-05, 00:41:40, 0.0, 7.84e-08
2018-08-05, 00:41:42, 0.0, 7.86e-08
2018-08-05, 00:41:45, 0.0, 7.89e-08
2018-08-05, 00:41:47, 0.0, 7.81e-08
2018-08-05, 00:41:49, 0.0, 7.9e-08
2018-08-05, 00:41:51, 0.0, 7.8e-08
2018-08-05, 00:41:53, 0.0, 7.92e-08
2018-08-05, 00:41:55, 0.0, 7.87e-08
2018-08-05, 00:41:57, 0.0, 7.86e-08
2018-08-05, 00:41:59, 0.0, 7.83e-08
2018-08-05, 00:42:02, 0.0, 7.81e-08
2018-08-05, 00:42:04, 0.0, 7.87e-08
2018-08-05, 00:42:06, 0.0, 7.78e-08
2018-08-05, 00:42:08, 0.0, 7.77e-08
2018-08-05, 00:42:10, 0.0, 7.82e-08
2018-08-05, 00:42:12, 0.0, 7.8e-08
2018-08-05, 00:42:14, 0.0, 7.83e-08
2018-08-05, 00:42:17, 0.0, 7.87e-08
2018-08-05, 00:42:19, 0.0, 7.85e-08
2018-08-05, 00:42:21, 0.0, 7.92e-08
2018-08-05, 00:42:23, 0.0, 7.87e-08
2018-08-05, 00:42:25, 0.0, 7.79e-08
2018-08-05, 00:42:27, 0.0, 7.84e-08
2018-08-05, 00:42:29, 0.0, 7.79e-08
2018-08-05, 00:42:31, 0.0, 7.83e-08
2018-08-05, 00:42:34, 0.0, 7.88e-08
2018-08-05, 00:42:36, 0.0, 7.89e-08
2018-08-05, 00:42:38, 0.0, 7.79e-08
2018-08-05, 00:42:40, 0.0, 7.82e-08
2018-08-05, 00:42:42, 0.0, 7.83e-08
2018-08-05, 00:42:44, 0.0, 7.84e-08
2018-08-05, 00:42:46, 0.0, 7.88e-08
2018-08-05, 00:42:48, 0.0, 7.85e-08
2018-08-05, 00:42:51, 0.0, 7.85e-08
2018-08-05, 00:42:53, 0.0, 7.81e-08
2018-08-05, 00:42:55, 0.0, 7.86e-08
2018-08-05, 00:42:57, 0.0, 7.83e-08
2018-08-05, 00:42:59, 0.0, 7.82e-08
2018-08-05, 00:43:01, 0.0, 7.85e-08
2018-08-05, 00:43:03, 0.0, 7.88e-08
2018-08-05, 00:43:05, 0.0, 7.84e-08
2018-08-05, 00:43:08, 0.0, 7.84e-08
2018-08-05, 00:43:10, 0.0, 7.88e-08
2018-08-05, 00:43:12, 0.0, 7.77e-08
2018-08-05, 00:43:14, 0.0, 7.84e-08
2018-08-05, 00:43:16, 0.0, 7.9e-08
2018-08-05, 00:43:18, 0.0, 7.84e-08
2018-08-05, 00:43:20, 0.0, 7.84e-08
2018-08-05, 00:43:22, 0.0, 7.78e-08
2018-08-05, 00:43:24, 0.0, 7.8e-08
2018-08-05, 00:43:27, 0.0, 7.88e-08
2018-08-05, 00:43:29, 0.0, 7.84e-08
2018-08-05, 00:43:31, 0.0, 7.77e-08
2018-08-05, 00:43:33, 0.0, 7.8e-08
2018-08-05, 00:43:35, 0.0, 7.75e-08
2018-08-05, 00:43:37, 0.0, 7.82e-08
2018-08-05, 00:43:39, 0.0, 7.82e-08
2018-08-05, 00:43:41, 0.0, 7.84e-08
2018-08-05, 00:43:44, 0.0, 7.8e-08
2018-08-05, 00:43:46, 0.0, 7.9e-08
2018-08-05, 00:43:48, 0.0, 7.81e-08
2018-08-05, 00:43:50, 0.0, 7.91e-08
2018-08-05, 00:43:52, 0.0, 7.83e-08
2018-08-05, 00:43:54, 0.0, 7.81e-08
2018-08-05, 00:43:56, 0.0, 7.87e-08
2018-08-05, 00:43:58, 0.0, 7.88e-08
2018-08-05, 00:44:01, 0.0, 7.87e-08
2018-08-05, 00:44:03, 0.0, 7.88e-08
2018-08-05, 00:44:05, 0.0, 7.81e-08
2018-08-05, 00:44:07, 0.0, 7.87e-08
2018-08-05, 00:44:09, 0.0, 7.85e-08
2018-08-05, 00:44:11, 0.0, 7.88e-08
2018-08-05, 00:44:13, 0.0, 7.87e-08
2018-08-05, 00:44:16, 0.0, 7.83e-08
2018-08-05, 00:44:18, 0.0, 7.8e-08
2018-08-05, 00:44:20, 0.0, 7.86e-08
2018-08-05, 00:44:22, 0.0, 7.89e-08
2018-08-05, 00:44:24, 0.0, 7.91e-08
2018-08-05, 00:44:26, 0.0, 7.79e-08
2018-08-05, 00:44:28, 0.0, 7.83e-08
2018-08-05, 00:44:30, 0.0, 7.78e-08
2018-08-05, 00:44:33, 0.0, 7.88e-08
2018-08-05, 00:44:35, 0.0, 7.8e-08
2018-08-05, 00:44:37, 0.0, 7.77e-08
2018-08-05, 00:44:39, 0.0, 7.92e-08
2018-08-05, 00:44:41, 0.0, 7.87e-08
2018-08-05, 00:44:43, 0.0, 7.82e-08
2018-08-05, 00:44:45, 0.0, 7.81e-08
2018-08-05, 00:44:47, 0.0, 7.91e-08
2018-08-05, 00:44:50, 0.0, 7.85e-08
2018-08-05, 00:44:52, 0.0, 7.88e-08
2018-08-05, 00:44:54, 0.0, 7.8e-08
2018-08-05, 00:44:56, 0.0, 7.89e-08
2018-08-05, 00:44:58, 0.0, 7.87e-08
2018-08-05, 00:45:00, 0.0, 7.84e-08
2018-08-05, 00:45:02, 0.0, 7.79e-08
2018-08-05, 00:45:04, 0.0, 7.8e-08
2018-08-05, 00:45:07, 0.0, 7.86e-08
2018-08-05, 00:45:09, 0.0, 7.76e-08
2018-08-05, 00:45:11, 0.0, 7.83e-08
2018-08-05, 00:45:13, 0.0, 7.85e-08
2018-08-05, 00:45:15, 0.0, 7.85e-08
2018-08-05, 00:45:17, 0.0, 7.8e-08
2018-08-05, 00:45:19, 0.0, 7.8e-08
2018-08-05, 00:45:22, 0.0, 7.74e-08
2018-08-05, 00:45:24, 0.0, 7.72e-08
2018-08-05, 00:45:26, 0.0, 7.85e-08
2018-08-05, 00:45:28, 0.0, 7.85e-08
2018-08-05, 00:45:30, 0.0, 7.85e-08
2018-08-05, 00:45:32, 0.0, 7.84e-08
2018-08-05, 00:45:34, 0.0, 7.86e-08
2018-08-05, 00:45:36, 0.0, 7.89e-08
2018-08-05, 00:45:39, 0.0, 7.85e-08
2018-08-05, 00:45:41, 0.0, 7.86e-08
2018-08-05, 00:45:43, 0.0, 7.9e-08
2018-08-05, 00:45:45, 0.0, 7.81e-08
2018-08-05, 00:45:47, 0.0, 7.82e-08
2018-08-05, 00:45:49, 0.0, 7.89e-08
2018-08-05, 00:45:51, 0.0, 7.85e-08
2018-08-05, 00:45:53, 0.0, 7.92e-08
2018-08-05, 00:45:56, 0.0, 7.9e-08
2018-08-05, 00:45:58, 0.0, 7.82e-08
2018-08-05, 00:46:00, 0.0, 7.92e-08
2018-08-05, 00:46:02, 0.0, 7.86e-08
2018-08-05, 00:46:04, 0.0, 7.73e-08
2018-08-05, 00:46:06, 0.0, 7.86e-08
2018-08-05, 00:46:08, 0.0, 7.81e-08
2018-08-05, 00:46:10, 0.0, 7.92e-08
2018-08-05, 00:46:13, 0.0, 7.85e-08
2018-08-05, 00:46:15, 0.0, 7.81e-08
2018-08-05, 00:46:17, 0.0, 7.77e-08
2018-08-05, 00:46:19, 0.0, 7.78e-08
2018-08-05, 00:46:21, 0.0, 7.84e-08
2018-08-05, 00:46:23, 0.0, 7.79e-08
2018-08-05, 00:46:25, 0.0, 7.85e-08
2018-08-05, 00:46:27, 0.0, 7.85e-08
2018-08-05, 00:46:30, 0.0, 7.82e-08
2018-08-05, 00:46:32, 0.0, 7.85e-08
2018-08-05, 00:46:34, 0.0, 7.85e-08
2018-08-05, 00:46:36, 0.0, 7.88e-08
2018-08-05, 00:46:38, 0.0, 7.89e-08
2018-08-05, 00:46:40, 0.0, 7.86e-08
2018-08-05, 00:46:42, 0.0, 7.84e-08
2018-08-05, 00:46:45, 0.0, 7.82e-08
2018-08-05, 00:46:47, 0.0, 7.82e-08
2018-08-05, 00:46:49, 0.0, 7.89e-08
2018-08-05, 00:46:51, 0.0, 7.85e-08
2018-08-05, 00:46:53, 0.0, 7.84e-08
2018-08-05, 00:46:55, 0.0, 7.84e-08
2018-08-05, 00:46:57, 0.0, 7.88e-08
2018-08-05, 00:46:59, 0.0, 7.89e-08
2018-08-05, 00:47:02, 0.0, 7.9e-08
2018-08-05, 00:47:04, 0.0, 7.88e-08
2018-08-05, 00:47:06, 0.0, 7.84e-08
2018-08-05, 00:47:08, 0.0, 7.86e-08
2018-08-05, 00:47:10, 0.0, 7.9e-08
2018-08-05, 00:47:12, 0.0, 7.8e-08
2018-08-05, 00:47:14, 0.0, 7.85e-08
2018-08-05, 00:47:16, 0.0, 7.87e-08
2018-08-05, 00:47:19, 0.0, 7.86e-08
2018-08-05, 00:47:21, 0.0, 7.87e-08
2018-08-05, 00:47:23, 0.0, 7.83e-08
2018-08-05, 00:47:25, 0.0, 7.88e-08
2018-08-05, 00:47:27, 0.0, 7.9e-08
2018-08-05, 00:47:29, 0.0, 7.92e-08
2018-08-05, 00:47:31, 0.0, 7.84e-08
2018-08-05, 00:47:33, 0.0, 7.79e-08
2018-08-05, 00:47:36, 0.0, 7.84e-08
2018-08-05, 00:47:38, 0.0, 7.85e-08
2018-08-05, 00:47:40, 0.0, 7.85e-08
2018-08-05, 00:47:42, 0.0, 7.87e-08
2018-08-05, 00:47:44, 0.0, 7.84e-08
2018-08-05, 00:47:46, 0.0, 7.82e-08
2018-08-05, 00:47:48, 0.0, 7.76e-08
2018-08-05, 00:47:50, 0.0, 7.77e-08
2018-08-05, 00:47:53, 0.0, 7.83e-08
2018-08-05, 00:47:55, 0.0, 7.87e-08
2018-08-05, 00:47:57, 0.0, 7.84e-08
2018-08-05, 00:47:59, 0.0, 7.87e-08
2018-08-05, 00:48:01, 0.0, 7.86e-08
2018-08-05, 00:48:03, 0.0, 7.82e-08
2018-08-05, 00:48:05, 0.0, 7.83e-08
2018-08-05, 00:48:07, 0.0, 7.84e-08
2018-08-05, 00:48:10, 0.0, 7.85e-08
2018-08-05, 00:48:12, 0.0, 7.79e-08
2018-08-05, 00:48:14, 0.0, 7.83e-08
2018-08-05, 00:48:16, 0.0, 7.9e-08
2018-08-05, 00:48:18, 0.0, 7.85e-08
2018-08-05, 00:48:20, 0.0, 7.82e-08
2018-08-05, 00:48:22, 0.0, 7.84e-08
2018-08-05, 00:48:24, 0.0, 7.79e-08
2018-08-05, 00:48:27, 0.0, 7.82e-08
2018-08-05, 00:48:29, 0.0, 7.81e-08
2018-08-05, 00:48:31, 0.0, 7.73e-08
2018-08-05, 00:48:33, 0.0, 7.89e-08
2018-08-05, 00:48:35, 0.0, 7.85e-08
2018-08-05, 00:48:37, 0.0, 7.83e-08
2018-08-05, 00:48:39, 0.0, 7.81e-08
2018-08-05, 00:48:41, 0.0, 7.83e-08
2018-08-05, 00:48:44, 0.0, 7.87e-08
2018-08-05, 00:48:46, 0.0, 7.86e-08
2018-08-05, 00:48:48, 0.0, 7.82e-08
2018-08-05, 00:48:50, 0.0, 7.82e-08
2018-08-05, 00:48:52, 0.0, 7.86e-08
2018-08-05, 00:48:54, 0.0, 7.9e-08
2018-08-05, 00:48:56, 0.0, 7.85e-08
2018-08-05, 00:48:58, 0.0, 7.82e-08
2018-08-05, 00:49:01, 0.0, 7.83e-08
2018-08-05, 00:49:03, 0.0, 7.8e-08
2018-08-05, 00:49:05, 0.0, 7.82e-08
2018-08-05, 00:49:07, 0.0, 7.86e-08
2018-08-05, 00:49:09, 0.0, 7.8e-08
2018-08-05, 00:49:11, 0.0, 7.83e-08
2018-08-05, 00:49:13, 0.0, 7.8e-08
2018-08-05, 00:49:15, 0.0, 7.85e-08
2018-08-05, 00:49:18, 0.0, 7.82e-08
2018-08-05, 00:49:20, 0.0, 7.88e-08
2018-08-05, 00:49:22, 0.0, 7.85e-08
2018-08-05, 00:49:24, 0.0, 7.85e-08
2018-08-05, 00:49:26, 0.0, 7.89e-08
2018-08-05, 00:49:28, 0.0, 7.81e-08
2018-08-05, 00:49:30, 0.0, 7.87e-08
2018-08-05, 00:49:32, 0.0, 7.88e-08
2018-08-05, 00:49:35, 0.0, 7.87e-08
2018-08-05, 00:49:37, 0.0, 7.83e-08
2018-08-05, 00:49:39, 0.0, 7.75e-08
2018-08-05, 00:49:41, 0.0, 7.74e-08
2018-08-05, 00:49:43, 0.0, 7.82e-08
2018-08-05, 00:49:45, 0.0, 7.79e-08
2018-08-05, 00:49:47, 0.0, 7.81e-08
2018-08-05, 00:49:49, 0.0, 7.77e-08
2018-08-05, 00:49:52, 0.0, 7.83e-08
2018-08-05, 00:49:54, 0.0, 7.83e-08
2018-08-05, 00:49:56, 0.0, 7.81e-08
2018-08-05, 00:49:58, 0.0, 7.85e-08
2018-08-05, 00:50:00, 0.0, 7.88e-08
2018-08-05, 00:50:02, 0.0, 7.88e-08
2018-08-05, 00:50:04, 0.0, 7.85e-08
2018-08-05, 00:50:07, 0.0, 7.84e-08
2018-08-05, 00:50:09, 0.0, 7.86e-08
2018-08-05, 00:50:11, 0.0, 7.83e-08
2018-08-05, 00:50:13, 0.0, 7.8e-08
2018-08-05, 00:50:15, 0.0, 7.84e-08
2018-08-05, 00:50:17, 0.0, 7.84e-08
2018-08-05, 00:50:19, 0.0, 7.84e-08
2018-08-05, 00:50:21, 0.0, 7.82e-08
2018-08-05, 00:50:24, 0.0, 7.85e-08
2018-08-05, 00:50:26, 0.0, 7.79e-08
2018-08-05, 00:50:28, 0.0, 7.79e-08
2018-08-05, 00:50:30, 0.0, 7.77e-08
2018-08-05, 00:50:32, 0.0, 7.83e-08
2018-08-05, 00:50:34, 0.0, 7.92e-08
2018-08-05, 00:50:36, 0.0, 7.83e-08
2018-08-05, 00:50:38, 0.0, 7.8e-08
2018-08-05, 00:50:41, 0.0, 7.82e-08
2018-08-05, 00:50:43, 0.0, 7.81e-08
2018-08-05, 00:50:45, 0.0, 7.74e-08
2018-08-05, 00:50:47, 0.0, 7.77e-08
2018-08-05, 00:50:49, 0.0, 7.78e-08
2018-08-05, 00:50:51, 0.0, 7.79e-08
2018-08-05, 00:50:53, 0.0, 7.8e-08
2018-08-05, 00:50:55, 0.0, 7.81e-08
2018-08-05, 00:50:58, 0.0, 7.81e-08
2018-08-05, 00:51:00, 0.0, 7.88e-08
2018-08-05, 00:51:02, 0.0, 7.82e-08
2018-08-05, 00:51:04, 0.0, 7.76e-08
2018-08-05, 00:51:06, 0.0, 7.71e-08
2018-08-05, 00:51:08, 0.0, 7.79e-08
2018-08-05, 00:51:10, 0.0, 7.82e-08
2018-08-05, 00:51:12, 0.0, 7.74e-08
2018-08-05, 00:51:15, 0.0, 7.73e-08
2018-08-05, 00:51:17, 0.0, 7.73e-08
2018-08-05, 00:51:19, 0.0, 7.85e-08
2018-08-05, 00:51:21, 0.0, 7.82e-08
2018-08-05, 00:51:23, 0.0, 7.76e-08
2018-08-05, 00:51:25, 0.0, 7.85e-08
2018-08-05, 00:51:27, 0.0, 7.77e-08
2018-08-05, 00:51:29, 0.0, 7.87e-08
2018-08-05, 00:51:32, 0.0, 7.92e-08
2018-08-05, 00:51:34, 0.0, 7.81e-08
2018-08-05, 00:51:36, 0.0, 7.85e-08
2018-08-05, 00:51:38, 0.0, 7.82e-08
2018-08-05, 00:51:40, 0.0, 7.87e-08
2018-08-05, 00:51:42, 0.0, 7.85e-08
2018-08-05, 00:51:44, 0.0, 7.85e-08
2018-08-05, 00:51:46, 0.0, 7.77e-08
2018-08-05, 00:51:49, 0.0, 7.85e-08
2018-08-05, 00:51:51, 0.0, 7.81e-08
2018-08-05, 00:51:53, 0.0, 7.86e-08
2018-08-05, 00:51:55, 0.0, 7.77e-08
2018-08-05, 00:51:57, 0.0, 7.81e-08
2018-08-05, 00:51:59, 0.0, 7.79e-08
2018-08-05, 00:52:01, 0.0, 7.79e-08
2018-08-05, 00:52:03, 0.0, 7.78e-08
2018-08-05, 00:52:06, 0.0, 7.78e-08
2018-08-05, 00:52:08, 0.0, 7.77e-08
2018-08-05, 00:52:10, 0.0, 7.76e-08
2018-08-05, 00:52:12, 0.0, 7.8e-08
2018-08-05, 00:52:14, 0.0, 7.84e-08
2018-08-05, 00:52:16, 0.0, 7.82e-08
2018-08-05, 00:52:18, 0.0, 7.87e-08
2018-08-05, 00:52:20, 0.0, 7.82e-08
2018-08-05, 00:52:23, 0.0, 7.85e-08
2018-08-05, 00:52:25, 0.0, 7.86e-08
2018-08-05, 00:52:27, 0.0, 7.8e-08
2018-08-05, 00:52:29, 0.0, 7.83e-08
2018-08-05, 00:52:31, 0.0, 7.76e-08
2018-08-05, 00:52:33, 0.0, 7.81e-08
2018-08-05, 00:52:35, 0.0, 7.86e-08
2018-08-05, 00:52:38, 0.0, 7.88e-08
2018-08-05, 00:52:40, 0.0, 7.82e-08
2018-08-05, 00:52:42, 0.0, 7.82e-08
2018-08-05, 00:52:44, 0.0, 7.74e-08
2018-08-05, 00:52:46, 0.0, 7.8e-08
2018-08-05, 00:52:48, 0.0, 7.8e-08
2018-08-05, 00:52:50, 0.0, 7.84e-08
2018-08-05, 00:52:52, 0.0, 7.79e-08
2018-08-05, 00:52:55, 0.0, 7.82e-08
2018-08-05, 00:52:57, 0.0, 7.79e-08
2018-08-05, 00:52:59, 0.0, 7.79e-08
2018-08-05, 00:53:01, 0.0, 7.83e-08
2018-08-05, 00:53:03, 0.0, 7.83e-08
2018-08-05, 00:53:05, 0.0, 7.8e-08
2018-08-05, 00:53:07, 0.0, 7.76e-08
2018-08-05, 00:53:09, 0.0, 7.87e-08
2018-08-05, 00:53:12, 0.0, 7.81e-08
2018-08-05, 00:53:14, 0.0, 7.78e-08
2018-08-05, 00:53:16, 0.0, 7.82e-08
2018-08-05, 00:53:18, 0.0, 7.84e-08
2018-08-05, 00:53:20, 0.0, 7.87e-08
2018-08-05, 00:53:22, 0.0, 7.76e-08
2018-08-05, 00:53:24, 0.0, 7.81e-08
2018-08-05, 00:53:26, 0.0, 7.85e-08
2018-08-05, 00:53:29, 0.0, 7.82e-08
2018-08-05, 00:53:31, 0.0, 7.9e-08
2018-08-05, 00:53:33, 0.0, 7.79e-08
2018-08-05, 00:53:35, 0.0, 7.8e-08
2018-08-05, 00:53:37, 0.0, 7.82e-08
2018-08-05, 00:53:39, 0.0, 7.81e-08
2018-08-05, 00:53:41, 0.0, 7.79e-08
2018-08-05, 00:53:43, 0.0, 7.75e-08
2018-08-05, 00:53:46, 0.0, 7.83e-08
2018-08-05, 00:53:48, 0.0, 7.81e-08
2018-08-05, 00:53:50, 0.0, 7.8e-08
2018-08-05, 00:53:52, 0.0, 7.82e-08
2018-08-05, 00:53:54, 0.0, 7.84e-08
2018-08-05, 00:53:56, 0.0, 7.8e-08
2018-08-05, 00:53:58, 0.0, 7.83e-08
2018-08-05, 00:54:00, 0.0, 7.8e-08
2018-08-05, 00:54:03, 0.0, 7.84e-08
2018-08-05, 00:54:05, 0.0, 7.81e-08
2018-08-05, 00:54:07, 0.0, 7.79e-08
2018-08-05, 00:54:09, 0.0, 7.79e-08
2018-08-05, 00:54:11, 0.0, 7.82e-08
2018-08-05, 00:54:13, 0.0, 7.82e-08
2018-08-05, 00:54:15, 0.0, 7.83e-08
2018-08-05, 00:54:17, 0.0, 7.87e-08
2018-08-05, 00:54:20, 0.0, 7.8e-08
2018-08-05, 00:54:22, 0.0, 7.77e-08
2018-08-05, 00:54:24, 0.0, 7.85e-08
2018-08-05, 00:54:26, 0.0, 7.84e-08
2018-08-05, 00:54:28, 0.0, 7.85e-08
2018-08-05, 00:54:30, 0.0, 7.81e-08
2018-08-05, 00:54:32, 0.0, 7.85e-08
2018-08-05, 00:54:34, 0.0, 7.82e-08
2018-08-05, 00:54:37, 0.0, 7.8e-08
2018-08-05, 00:54:39, 0.0, 7.84e-08
2018-08-05, 00:54:41, 0.0, 7.86e-08
2018-08-05, 00:54:43, 0.0, 7.77e-08
2018-08-05, 00:54:45, 0.0, 7.79e-08
2018-08-05, 00:54:47, 0.0, 7.85e-08
2018-08-05, 00:54:49, 0.0, 7.8e-08
2018-08-05, 00:54:51, 0.0, 7.75e-08
2018-08-05, 00:54:54, 0.0, 7.8e-08
2018-08-05, 00:54:56, 0.0, 7.73e-08
2018-08-05, 00:54:58, 0.0, 7.82e-08
2018-08-05, 00:55:00, 0.0, 7.81e-08
2018-08-05, 00:55:02, 0.0, 7.79e-08
2018-08-05, 00:55:04, 0.0, 7.81e-08
2018-08-05, 00:55:06, 0.0, 7.84e-08
2018-08-05, 00:55:09, 0.0, 7.79e-08
2018-08-05, 00:55:11, 0.0, 7.8e-08
2018-08-05, 00:55:13, 0.0, 7.88e-08
2018-08-05, 00:55:15, 0.0, 7.83e-08
2018-08-05, 00:55:17, 0.0, 7.78e-08
2018-08-05, 00:55:19, 0.0, 7.83e-08
2018-08-05, 00:55:21, 0.0, 7.83e-08
2018-08-05, 00:55:23, 0.0, 7.82e-08
2018-08-05, 00:55:26, 0.0, 7.76e-08
2018-08-05, 00:55:28, 0.0, 7.78e-08
2018-08-05, 00:55:30, 0.0, 7.85e-08
2018-08-05, 00:55:32, 0.0, 7.85e-08
2018-08-05, 00:55:34, 0.0, 7.84e-08
2018-08-05, 00:55:36, 0.0, 7.81e-08
2018-08-05, 00:55:38, 0.0, 7.81e-08
2018-08-05, 00:55:40, 0.0, 7.78e-08
2018-08-05, 00:55:43, 0.0, 7.86e-08
2018-08-05, 00:55:45, 0.0, 7.79e-08
2018-08-05, 00:55:47, 0.0, 7.81e-08
2018-08-05, 00:55:49, 0.0, 7.83e-08
2018-08-05, 00:55:51, 0.0, 7.8e-08
2018-08-05, 00:55:53, 0.0, 7.78e-08
2018-08-05, 00:55:55, 0.0, 7.78e-08
2018-08-05, 00:55:57, 0.0, 7.73e-08
2018-08-05, 00:55:59, 0.0, 7.78e-08
2018-08-05, 00:56:02, 0.0, 7.82e-08
2018-08-05, 00:56:04, 0.0, 7.78e-08
2018-08-05, 00:56:06, 0.0, 7.81e-08
2018-08-05, 00:56:08, 0.0, 7.82e-08
2018-08-05, 00:56:10, 0.0, 7.72e-08
2018-08-05, 00:56:12, 0.0, 7.79e-08
2018-08-05, 00:56:14, 0.0, 7.8e-08
2018-08-05, 00:56:17, 0.0, 7.79e-08
2018-08-05, 00:56:19, 0.0, 7.78e-08
2018-08-05, 00:56:21, 0.0, 7.8e-08
2018-08-05, 00:56:23, 0.0, 7.79e-08
2018-08-05, 00:56:25, 0.0, 7.81e-08
2018-08-05, 00:56:27, 0.0, 7.79e-08
2018-08-05, 00:56:29, 0.0, 7.82e-08
2018-08-05, 00:56:31, 0.0, 7.75e-08
2018-08-05, 00:56:34, 0.0, 7.82e-08
2018-08-05, 00:56:36, 0.0, 7.89e-08
2018-08-05, 00:56:38, 0.0, 7.85e-08
2018-08-05, 00:56:40, 0.0, 7.78e-08
2018-08-05, 00:56:42, 0.0, 7.81e-08
2018-08-05, 00:56:44, 0.0, 7.82e-08
2018-08-05, 00:56:46, 0.0, 7.81e-08
2018-08-05, 00:56:48, 0.0, 7.82e-08
2018-08-05, 00:56:51, 0.0, 7.8e-08
2018-08-05, 00:56:53, 0.0, 7.82e-08
2018-08-05, 00:56:55, 0.0, 7.83e-08
2018-08-05, 00:56:57, 0.0, 7.81e-08
2018-08-05, 00:56:59, 0.0, 7.77e-08
2018-08-05, 00:57:01, 0.0, 7.81e-08
2018-08-05, 00:57:03, 0.0, 7.81e-08
2018-08-05, 00:57:05, 0.0, 7.82e-08
2018-08-05, 00:57:08, 0.0, 7.82e-08
2018-08-05, 00:57:10, 0.0, 7.8e-08
2018-08-05, 00:57:12, 0.0, 7.7e-08
2018-08-05, 00:57:14, 0.0, 7.8e-08
2018-08-05, 00:57:16, 0.0, 7.83e-08
2018-08-05, 00:57:18, 0.0, 7.78e-08
2018-08-05, 00:57:20, 0.0, 7.77e-08
2018-08-05, 00:57:22, 0.0, 7.82e-08
2018-08-05, 00:57:25, 0.0, 7.86e-08
2018-08-05, 00:57:27, 0.0, 7.77e-08
2018-08-05, 00:57:29, 0.0, 7.84e-08
2018-08-05, 00:57:31, 0.0, 7.81e-08
2018-08-05, 00:57:33, 0.0, 7.85e-08
2018-08-05, 00:57:35, 0.0, 7.82e-08
2018-08-05, 00:57:37, 0.0, 7.84e-08
2018-08-05, 00:57:40, 0.0, 7.79e-08
2018-08-05, 00:57:42, 0.0, 7.82e-08
2018-08-05, 00:57:44, 0.0, 7.85e-08
2018-08-05, 00:57:46, 0.0, 7.8e-08
2018-08-05, 00:57:48, 0.0, 7.81e-08
2018-08-05, 00:57:50, 0.0, 7.8e-08
2018-08-05, 00:57:52, 0.0, 7.78e-08
2018-08-05, 00:57:54, 0.0, 7.82e-08
2018-08-05, 00:57:57, 0.0, 7.83e-08
2018-08-05, 00:57:59, 0.0, 7.84e-08
2018-08-05, 00:58:01, 0.0, 7.88e-08
2018-08-05, 00:58:03, 0.0, 7.81e-08
2018-08-05, 00:58:05, 0.0, 7.82e-08
2018-08-05, 00:58:07, 0.0, 7.82e-08
2018-08-05, 00:58:09, 0.0, 7.79e-08
2018-08-05, 00:58:11, 0.0, 7.79e-08
2018-08-05, 00:58:14, 0.0, 7.84e-08
2018-08-05, 00:58:16, 0.0, 7.86e-08
2018-08-05, 00:58:18, 0.0, 7.83e-08
2018-08-05, 00:58:20, 0.0, 7.87e-08
2018-08-05, 00:58:22, 0.0, 7.8e-08
2018-08-05, 00:58:24, 0.0, 7.91e-08
2018-08-05, 00:58:26, 0.0, 7.78e-08
2018-08-05, 00:58:28, 0.0, 7.81e-08
2018-08-05, 00:58:31, 0.0, 7.78e-08
2018-08-05, 00:58:33, 0.0, 7.8e-08
2018-08-05, 00:58:35, 0.0, 7.83e-08
2018-08-05, 00:58:37, 0.0, 7.83e-08
2018-08-05, 00:58:39, 0.0, 7.89e-08
2018-08-05, 00:58:41, 0.0, 7.85e-08
2018-08-05, 00:58:43, 0.0, 7.87e-08
2018-08-05, 00:58:45, 0.0, 7.91e-08
2018-08-05, 00:58:48, 0.0, 7.88e-08
2018-08-05, 00:58:50, 0.0, 7.8e-08
2018-08-05, 00:58:52, 0.0, 7.83e-08
2018-08-05, 00:58:54, 0.0, 7.87e-08
2018-08-05, 00:58:56, 0.0, 7.83e-08
2018-08-05, 00:58:58, 0.0, 7.8e-08
2018-08-05, 00:59:00, 0.0, 7.9e-08
2018-08-05, 00:59:02, 0.0, 7.87e-08
2018-08-05, 00:59:05, 0.0, 7.83e-08
2018-08-05, 00:59:07, 0.0, 7.81e-08
2018-08-05, 00:59:09, 0.0, 7.85e-08
2018-08-05, 00:59:11, 0.0, 7.84e-08
2018-08-05, 00:59:13, 0.0, 7.82e-08
2018-08-05, 00:59:15, 0.0, 7.87e-08
2018-08-05, 00:59:17, 0.0, 7.82e-08
2018-08-05, 00:59:19, 0.0, 7.84e-08
2018-08-05, 00:59:22, 0.0, 7.84e-08
2018-08-05, 00:59:24, 0.0, 7.77e-08
2018-08-05, 00:59:26, 0.0, 7.76e-08
2018-08-05, 00:59:28, 0.0, 7.86e-08
2018-08-05, 00:59:30, 0.0, 7.87e-08
2018-08-05, 00:59:32, 0.0, 7.8e-08
2018-08-05, 00:59:34, 0.0, 7.76e-08
2018-08-05, 00:59:36, 0.0, 7.78e-08
2018-08-05, 00:59:39, 0.0, 7.82e-08
2018-08-05, 00:59:41, 0.0, 7.84e-08
2018-08-05, 00:59:43, 0.0, 7.86e-08
2018-08-05, 00:59:45, 0.0, 7.83e-08
2018-08-05, 00:59:47, 0.0, 7.8e-08
2018-08-05, 00:59:49, 0.0, 7.81e-08
2018-08-05, 00:59:51, 0.0, 7.81e-08
2018-08-05, 00:59:54, 0.0, 7.79e-08
2018-08-05, 00:59:56, 0.0, 7.78e-08
2018-08-05, 00:59:58, 0.0, 7.81e-08
2018-08-05, 01:00:00, 0.0, 7.84e-08
2018-08-05, 01:00:02, 0.0, 7.79e-08
2018-08-05, 01:00:04, 0.0, 7.88e-08
2018-08-05, 01:00:06, 0.0, 7.83e-08
2018-08-05, 01:00:08, 0.0, 7.79e-08
2018-08-05, 01:00:11, 0.0, 7.84e-08
2018-08-05, 01:00:13, 0.0, 7.86e-08
2018-08-05, 01:00:15, 0.0, 7.8e-08
2018-08-05, 01:00:17, 0.0, 7.87e-08
2018-08-05, 01:00:19, 0.0, 7.81e-08
2018-08-05, 01:00:21, 0.0, 7.83e-08
2018-08-05, 01:00:24, 0.0, 7.82e-08
2018-08-05, 01:00:26, 0.0, 7.79e-08
2018-08-05, 01:00:28, 0.0, 7.78e-08
2018-08-05, 01:00:30, 0.0, 7.84e-08
2018-08-05, 01:00:32, 0.0, 7.84e-08
2018-08-05, 01:00:34, 0.0, 7.87e-08
2018-08-05, 01:00:36, 0.0, 7.83e-08
2018-08-05, 01:00:39, 0.0, 7.82e-08
2018-08-05, 01:00:41, 0.0, 7.83e-08
2018-08-05, 01:00:43, 0.0, 7.81e-08
2018-08-05, 01:00:45, 0.0, 7.76e-08
2018-08-05, 01:00:47, 0.0, 7.83e-08
2018-08-05, 01:00:49, 0.0, 7.79e-08
2018-08-05, 01:00:51, 0.0, 7.82e-08
2018-08-05, 01:00:54, 0.0, 7.86e-08
2018-08-05, 01:00:56, 0.0, 7.85e-08
2018-08-05, 01:00:58, 0.0, 7.86e-08
2018-08-05, 01:01:00, 0.0, 7.87e-08
2018-08-05, 01:01:02, 0.0, 7.8e-08
2018-08-05, 01:01:04, 0.0, 7.88e-08
2018-08-05, 01:01:06, 0.0, 7.83e-08
2018-08-05, 01:01:09, 0.0, 7.88e-08
2018-08-05, 01:01:11, 0.0, 7.87e-08
2018-08-05, 01:01:13, 0.0, 7.87e-08
2018-08-05, 01:01:15, 0.0, 7.8e-08
2018-08-05, 01:01:17, 0.0, 7.78e-08
2018-08-05, 01:01:19, 0.0, 7.8e-08
2018-08-05, 01:01:21, 0.0, 7.79e-08
2018-08-05, 01:01:24, 0.0, 7.86e-08
2018-08-05, 01:01:26, 0.0, 7.77e-08
2018-08-05, 01:01:28, 0.0, 7.71e-08
2018-08-05, 01:01:30, 0.0, 7.81e-08
2018-08-05, 01:01:32, 0.0, 7.77e-08
2018-08-05, 01:01:34, 0.0, 7.82e-08
2018-08-05, 01:01:36, 0.0, 7.73e-08
2018-08-05, 01:01:39, 0.0, 7.81e-08
2018-08-05, 01:01:41, 0.0, 7.84e-08
2018-08-05, 01:01:43, 0.0, 7.83e-08
2018-08-05, 01:01:45, 0.0, 7.85e-08
2018-08-05, 01:01:47, 0.0, 7.81e-08
2018-08-05, 01:01:49, 0.0, 7.86e-08
2018-08-05, 01:01:51, 0.0, 7.89e-08
2018-08-05, 01:01:53, 0.0, 7.81e-08
2018-08-05, 01:01:56, 0.0, 7.85e-08
2018-08-05, 01:01:58, 0.0, 7.88e-08
2018-08-05, 01:02:00, 0.0, 7.84e-08
2018-08-05, 01:02:02, 0.0, 7.87e-08
2018-08-05, 01:02:04, 0.0, 7.85e-08
2018-08-05, 01:02:06, 0.0, 7.89e-08
2018-08-05, 01:02:08, 0.0, 7.77e-08
2018-08-05, 01:02:11, 0.0, 7.81e-08
2018-08-05, 01:02:13, 0.0, 7.8e-08
2018-08-05, 01:02:15, 0.0, 7.81e-08
2018-08-05, 01:02:17, 0.0, 7.78e-08
2018-08-05, 01:02:19, 0.0, 7.85e-08
2018-08-05, 01:02:21, 0.0, 7.81e-08
2018-08-05, 01:02:23, 0.0, 7.79e-08
2018-08-05, 01:02:25, 0.0, 7.83e-08
2018-08-05, 01:02:28, 0.0, 7.77e-08
2018-08-05, 01:02:30, 0.0, 7.87e-08
2018-08-05, 01:02:32, 0.0, 7.84e-08
2018-08-05, 01:02:34, 0.0, 7.81e-08
2018-08-05, 01:02:36, 0.0, 7.89e-08
2018-08-05, 01:02:38, 0.0, 7.83e-08
2018-08-05, 01:02:40, 0.0, 7.83e-08
2018-08-05, 01:02:42, 0.0, 7.88e-08
2018-08-05, 01:02:45, 0.0, 7.77e-08
2018-08-05, 01:02:47, 0.0, 7.81e-08
2018-08-05, 01:02:49, 0.0, 7.78e-08
2018-08-05, 01:02:51, 0.0, 7.81e-08
2018-08-05, 01:02:53, 0.0, 7.76e-08
2018-08-05, 01:02:55, 0.0, 7.86e-08
2018-08-05, 01:02:57, 0.0, 7.86e-08
2018-08-05, 01:02:59, 0.0, 7.8e-08
2018-08-05, 01:03:02, 0.0, 7.81e-08
2018-08-05, 01:03:04, 0.0, 7.8e-08
2018-08-05, 01:03:06, 0.0, 7.79e-08
2018-08-05, 01:03:08, 0.0, 7.88e-08
2018-08-05, 01:03:10, 0.0, 7.78e-08
2018-08-05, 01:03:12, 0.0, 7.78e-08
2018-08-05, 01:03:14, 0.0, 7.82e-08
2018-08-05, 01:03:16, 0.0, 7.86e-08
2018-08-05, 01:03:19, 0.0, 7.78e-08
2018-08-05, 01:03:21, 0.0, 7.81e-08
2018-08-05, 01:03:23, 0.0, 7.8e-08
2018-08-05, 01:03:25, 0.0, 7.78e-08
2018-08-05, 01:03:27, 0.0, 7.82e-08
2018-08-05, 01:03:29, 0.0, 7.83e-08
2018-08-05, 01:03:31, 0.0, 7.8e-08
2018-08-05, 01:03:33, 0.0, 7.83e-08
2018-08-05, 01:03:36, 0.0, 7.79e-08
2018-08-05, 01:03:38, 0.0, 7.78e-08
2018-08-05, 01:03:40, 0.0, 7.76e-08
2018-08-05, 01:03:42, 0.0, 7.73e-08
2018-08-05, 01:03:44, 0.0, 7.79e-08
2018-08-05, 01:03:46, 0.0, 7.76e-08
2018-08-05, 01:03:48, 0.0, 7.78e-08
2018-08-05, 01:03:50, 0.0, 7.71e-08
2018-08-05, 01:03:53, 0.0, 7.78e-08
2018-08-05, 01:03:55, 0.0, 7.8e-08
2018-08-05, 01:03:57, 0.0, 7.76e-08
2018-08-05, 01:03:59, 0.0, 7.79e-08
2018-08-05, 01:04:01, 0.0, 7.78e-08
2018-08-05, 01:04:03, 0.0, 7.82e-08
2018-08-05, 01:04:05, 0.0, 7.78e-08
2018-08-05, 01:04:07, 0.0, 7.84e-08
2018-08-05, 01:04:10, 0.0, 7.76e-08
2018-08-05, 01:04:12, 0.0, 7.79e-08
2018-08-05, 01:04:14, 0.0, 7.72e-08
2018-08-05, 01:04:16, 0.0, 7.72e-08
2018-08-05, 01:04:18, 0.0, 7.73e-08
2018-08-05, 01:04:20, 0.0, 7.72e-08
2018-08-05, 01:04:22, 0.0, 7.76e-08
2018-08-05, 01:04:25, 0.0, 7.69e-08
2018-08-05, 01:04:27, 0.0, 7.68e-08
2018-08-05, 01:04:29, 0.0, 7.77e-08
2018-08-05, 01:04:31, 0.0, 7.76e-08
2018-08-05, 01:04:33, 0.0, 7.77e-08
2018-08-05, 01:04:35, 0.0, 7.8e-08
2018-08-05, 01:04:37, 0.0, 7.8e-08
2018-08-05, 01:04:39, 0.0, 7.75e-08
2018-08-05, 01:04:42, 0.0, 7.74e-08
2018-08-05, 01:04:44, 0.0, 7.77e-08
2018-08-05, 01:04:46, 0.0, 7.73e-08
2018-08-05, 01:04:48, 0.0, 7.78e-08
2018-08-05, 01:04:50, 0.0, 7.76e-08
2018-08-05, 01:04:52, 0.0, 7.74e-08
2018-08-05, 01:04:54, 0.0, 7.69e-08
2018-08-05, 01:04:56, 0.0, 7.78e-08
2018-08-05, 01:04:59, 0.0, 7.77e-08
2018-08-05, 01:05:01, 0.0, 7.78e-08
2018-08-05, 01:05:03, 0.0, 7.66e-08
2018-08-05, 01:05:05, 0.0, 7.74e-08
2018-08-05, 01:05:07, 0.0, 7.77e-08
2018-08-05, 01:05:09, 0.0, 7.81e-08
2018-08-05, 01:05:11, 0.0, 7.73e-08
2018-08-05, 01:05:13, 0.0, 7.74e-08
2018-08-05, 01:05:16, 0.0, 7.76e-08
2018-08-05, 01:05:18, 0.0, 7.73e-08
2018-08-05, 01:05:20, 0.0, 7.75e-08
2018-08-05, 01:05:22, 0.0, 7.78e-08
2018-08-05, 01:05:24, 0.0, 7.72e-08
2018-08-05, 01:05:26, 0.0, 7.72e-08
2018-08-05, 01:05:28, 0.0, 7.73e-08
2018-08-05, 01:05:30, 0.0, 7.79e-08
2018-08-05, 01:05:33, 0.0, 7.76e-08
2018-08-05, 01:05:35, 0.0, 7.73e-08
2018-08-05, 01:05:37, 0.0, 7.77e-08
2018-08-05, 01:05:39, 0.0, 7.73e-08
2018-08-05, 01:05:41, 0.0, 7.8e-08
2018-08-05, 01:05:43, 0.0, 7.8e-08
2018-08-05, 01:05:45, 0.0, 7.81e-08
2018-08-05, 01:05:47, 0.0, 7.8e-08
2018-08-05, 01:05:50, 0.0, 7.76e-08
2018-08-05, 01:05:52, 0.0, 7.77e-08
2018-08-05, 01:05:54, 0.0, 7.77e-08
2018-08-05, 01:05:56, 0.0, 7.74e-08
2018-08-05, 01:05:58, 0.0, 7.79e-08
2018-08-05, 01:06:00, 0.0, 7.77e-08
2018-08-05, 01:06:02, 0.0, 7.79e-08
2018-08-05, 01:06:04, 0.0, 7.73e-08
2018-08-05, 01:06:07, 0.0, 7.72e-08
2018-08-05, 01:06:09, 0.0, 7.77e-08
2018-08-05, 01:06:11, 0.0, 7.79e-08
2018-08-05, 01:06:13, 0.0, 7.79e-08
2018-08-05, 01:06:15, 0.0, 7.78e-08
2018-08-05, 01:06:17, 0.0, 7.75e-08
2018-08-05, 01:06:19, 0.0, 7.76e-08
2018-08-05, 01:06:21, 0.0, 7.77e-08
2018-08-05, 01:06:24, 0.0, 7.76e-08
2018-08-05, 01:06:26, 0.0, 7.82e-08
2018-08-05, 01:06:28, 0.0, 7.72e-08
2018-08-05, 01:06:30, 0.0, 7.82e-08
2018-08-05, 01:06:32, 0.0, 7.77e-08
2018-08-05, 01:06:34, 0.0, 7.82e-08
2018-08-05, 01:06:36, 0.0, 7.73e-08
2018-08-05, 01:06:38, 0.0, 7.73e-08
2018-08-05, 01:06:41, 0.0, 7.79e-08
2018-08-05, 01:06:43, 0.0, 7.8e-08
2018-08-05, 01:06:45, 0.0, 7.8e-08
2018-08-05, 01:06:47, 0.0, 7.77e-08
2018-08-05, 01:06:49, 0.0, 7.77e-08
2018-08-05, 01:06:51, 0.0, 7.76e-08
2018-08-05, 01:06:53, 0.0, 7.76e-08
2018-08-05, 01:06:55, 0.0, 7.77e-08
2018-08-05, 01:06:58, 0.0, 7.84e-08
2018-08-05, 01:07:00, 0.0, 7.78e-08
2018-08-05, 01:07:02, 0.0, 7.83e-08
2018-08-05, 01:07:04, 0.0, 7.86e-08
2018-08-05, 01:07:06, 0.0, 7.84e-08
2018-08-05, 01:07:08, 0.0, 7.79e-08
2018-08-05, 01:07:10, 0.0, 7.74e-08
2018-08-05, 01:07:12, 0.0, 7.75e-08
2018-08-05, 01:07:15, 0.0, 7.74e-08
2018-08-05, 01:07:17, 0.0, 7.74e-08
2018-08-05, 01:07:19, 0.0, 7.78e-08
2018-08-05, 01:07:21, 0.0, 7.79e-08
2018-08-05, 01:07:23, 0.0, 7.74e-08
2018-08-05, 01:07:25, 0.0, 7.76e-08
2018-08-05, 01:07:27, 0.0, 7.79e-08
2018-08-05, 01:07:29, 0.0, 7.79e-08
2018-08-05, 01:07:32, 0.0, 7.8e-08
2018-08-05, 01:07:34, 0.0, 7.87e-08
2018-08-05, 01:07:36, 0.0, 7.76e-08
2018-08-05, 01:07:38, 0.0, 7.77e-08
2018-08-05, 01:07:40, 0.0, 7.8e-08
2018-08-05, 01:07:42, 0.0, 7.82e-08
2018-08-05, 01:07:44, 0.0, 7.89e-08
2018-08-05, 01:07:47, 0.0, 7.8e-08
2018-08-05, 01:07:49, 0.0, 7.8e-08
2018-08-05, 01:07:51, 0.0, 7.89e-08
2018-08-05, 01:07:53, 0.0, 7.79e-08
2018-08-05, 01:07:55, 0.0, 7.75e-08
2018-08-05, 01:07:57, 0.0, 7.78e-08
2018-08-05, 01:07:59, 0.0, 7.85e-08
2018-08-05, 01:08:01, 0.0, 7.79e-08
2018-08-05, 01:08:04, 0.0, 7.83e-08
2018-08-05, 01:08:06, 0.0, 7.86e-08
2018-08-05, 01:08:08, 0.0, 7.85e-08
2018-08-05, 01:08:10, 0.0, 7.76e-08
2018-08-05, 01:08:12, 0.0, 7.85e-08
2018-08-05, 01:08:14, 0.0, 7.8e-08
2018-08-05, 01:08:16, 0.0, 7.8e-08
2018-08-05, 01:08:18, 0.0, 7.77e-08
2018-08-05, 01:08:21, 0.0, 7.83e-08
2018-08-05, 01:08:23, 0.0, 7.81e-08
2018-08-05, 01:08:25, 0.0, 7.86e-08
2018-08-05, 01:08:27, 0.0, 7.85e-08
2018-08-05, 01:08:29, 0.0, 7.81e-08
2018-08-05, 01:08:31, 0.0, 7.83e-08
2018-08-05, 01:08:33, 0.0, 7.84e-08
2018-08-05, 01:08:35, 0.0, 7.77e-08
2018-08-05, 01:08:38, 0.0, 7.77e-08
2018-08-05, 01:08:40, 0.0, 7.9e-08
2018-08-05, 01:08:42, 0.0, 7.84e-08
2018-08-05, 01:08:44, 0.0, 7.87e-08
2018-08-05, 01:08:46, 0.0, 7.83e-08
2018-08-05, 01:08:48, 0.0, 7.83e-08
2018-08-05, 01:08:50, 0.0, 7.73e-08
2018-08-05, 01:08:52, 0.0, 7.83e-08
2018-08-05, 01:08:55, 0.0, 7.81e-08
2018-08-05, 01:08:57, 0.0, 7.85e-08
2018-08-05, 01:08:59, 0.0, 7.81e-08
2018-08-05, 01:09:01, 0.0, 7.82e-08
2018-08-05, 01:09:03, 0.0, 7.77e-08
2018-08-05, 01:09:05, 0.0, 7.8e-08
2018-08-05, 01:09:07, 0.0, 7.84e-08
2018-08-05, 01:09:09, 0.0, 7.78e-08
2018-08-05, 01:09:12, 0.0, 7.84e-08
2018-08-05, 01:09:14, 0.0, 7.79e-08
2018-08-05, 01:09:16, 0.0, 7.87e-08
2018-08-05, 01:09:18, 0.0, 7.78e-08
2018-08-05, 01:09:20, 0.0, 7.8e-08
2018-08-05, 01:09:22, 0.0, 7.77e-08
2018-08-05, 01:09:24, 0.0, 7.81e-08
2018-08-05, 01:09:26, 0.0, 7.81e-08
2018-08-05, 01:09:29, 0.0, 7.71e-08
2018-08-05, 01:09:31, 0.0, 7.75e-08
2018-08-05, 01:09:33, 0.0, 7.77e-08
2018-08-05, 01:09:35, 0.0, 7.78e-08
2018-08-05, 01:09:37, 0.0, 7.78e-08
2018-08-05, 01:09:39, 0.0, 7.78e-08
2018-08-05, 01:09:41, 0.0, 7.83e-08
2018-08-05, 01:09:43, 0.0, 7.81e-08
2018-08-05, 01:09:46, 0.0, 7.78e-08
2018-08-05, 01:09:48, 0.0, 7.77e-08
2018-08-05, 01:09:50, 0.0, 7.79e-08
2018-08-05, 01:09:52, 0.0, 7.8e-08
2018-08-05, 01:09:54, 0.0, 7.77e-08
2018-08-05, 01:09:56, 0.0, 7.82e-08
2018-08-05, 01:09:58, 0.0, 7.82e-08
2018-08-05, 01:10:00, 0.0, 7.74e-08
2018-08-05, 01:10:03, 0.0, 7.77e-08
2018-08-05, 01:10:05, 0.0, 7.78e-08
2018-08-05, 01:10:07, 0.0, 7.79e-08
2018-08-05, 01:10:09, 0.0, 7.78e-08
2018-08-05, 01:10:11, 0.0, 7.74e-08
2018-08-05, 01:10:13, 0.0, 7.75e-08
2018-08-05, 01:10:15, 0.0, 7.73e-08
2018-08-05, 01:10:17, 0.0, 7.8e-08
2018-08-05, 01:10:20, 0.0, 7.79e-08
2018-08-05, 01:10:22, 0.0, 7.76e-08
2018-08-05, 01:10:24, 0.0, 7.77e-08
2018-08-05, 01:10:26, 0.0, 7.71e-08
2018-08-05, 01:10:28, 0.0, 7.77e-08
2018-08-05, 01:10:30, 0.0, 7.8e-08
2018-08-05, 01:10:32, 0.0, 7.78e-08
2018-08-05, 01:10:34, 0.0, 7.74e-08
2018-08-05, 01:10:37, 0.0, 7.75e-08
2018-08-05, 01:10:39, 0.0, 7.77e-08
2018-08-05, 01:10:41, 0.0, 7.82e-08
2018-08-05, 01:10:43, 0.0, 7.84e-08
2018-08-05, 01:10:45, 0.0, 7.85e-08
2018-08-05, 01:10:47, 0.0, 7.79e-08
2018-08-05, 01:10:49, 0.0, 7.78e-08
2018-08-05, 01:10:51, 0.0, 7.79e-08
2018-08-05, 01:10:54, 0.0, 7.79e-08
2018-08-05, 01:10:56, 0.0, 7.79e-08
2018-08-05, 01:10:58, 0.0, 7.85e-08
2018-08-05, 01:11:00, 0.0, 7.8e-08
2018-08-05, 01:11:02, 0.0, 7.82e-08
2018-08-05, 01:11:04, 0.0, 7.83e-08
2018-08-05, 01:11:06, 0.0, 7.79e-08
2018-08-05, 01:11:08, 0.0, 7.82e-08
2018-08-05, 01:11:11, 0.0, 7.83e-08
2018-08-05, 01:11:13, 0.0, 7.79e-08
2018-08-05, 01:11:15, 0.0, 7.79e-08
2018-08-05, 01:11:17, 0.0, 7.81e-08
2018-08-05, 01:11:19, 0.0, 7.73e-08
2018-08-05, 01:11:21, 0.0, 7.74e-08
2018-08-05, 01:11:23, 0.0, 7.88e-08
2018-08-05, 01:11:25, 0.0, 7.79e-08
2018-08-05, 01:11:28, 0.0, 7.84e-08
2018-08-05, 01:11:30, 0.0, 7.78e-08
2018-08-05, 01:11:32, 0.0, 7.87e-08
2018-08-05, 01:11:34, 0.0, 7.78e-08
2018-08-05, 01:11:36, 0.0, 7.78e-08
2018-08-05, 01:11:38, 0.0, 7.83e-08
2018-08-05, 01:11:40, 0.0, 7.88e-08
2018-08-05, 01:11:42, 0.0, 7.8e-08
2018-08-05, 01:11:45, 0.0, 7.76e-08
2018-08-05, 01:11:47, 0.0, 7.82e-08
2018-08-05, 01:11:49, 0.0, 7.84e-08
2018-08-05, 01:11:51, 0.0, 7.81e-08
2018-08-05, 01:11:53, 0.0, 7.87e-08
2018-08-05, 01:11:55, 0.0, 7.82e-08
2018-08-05, 01:11:57, 0.0, 7.88e-08
2018-08-05, 01:11:59, 0.0, 7.76e-08
2018-08-05, 01:12:02, 0.0, 7.79e-08
2018-08-05, 01:12:04, 0.0, 7.89e-08
2018-08-05, 01:12:06, 0.0, 7.79e-08
2018-08-05, 01:12:08, 0.0, 7.79e-08
2018-08-05, 01:12:10, 0.0, 7.78e-08
2018-08-05, 01:12:12, 0.0, 7.85e-08
2018-08-05, 01:12:14, 0.0, 7.85e-08
2018-08-05, 01:12:16, 0.0, 7.84e-08
2018-08-05, 01:12:19, 0.0, 7.76e-08
2018-08-05, 01:12:21, 0.0, 7.84e-08
2018-08-05, 01:12:23, 0.0, 7.78e-08
2018-08-05, 01:12:25, 0.0, 7.86e-08
2018-08-05, 01:12:27, 0.0, 7.8e-08
2018-08-05, 01:12:29, 0.0, 7.76e-08
2018-08-05, 01:12:31, 0.0, 7.76e-08
2018-08-05, 01:12:33, 0.0, 7.82e-08
2018-08-05, 01:12:36, 0.0, 7.8e-08
2018-08-05, 01:12:38, 0.0, 7.81e-08
2018-08-05, 01:12:40, 0.0, 7.72e-08
2018-08-05, 01:12:42, 0.0, 7.78e-08
2018-08-05, 01:12:44, 0.0, 7.81e-08
2018-08-05, 01:12:46, 0.0, 7.85e-08
2018-08-05, 01:12:48, 0.0, 7.82e-08
2018-08-05, 01:12:51, 0.0, 7.83e-08
2018-08-05, 01:12:53, 0.0, 7.8e-08
2018-08-05, 01:12:55, 0.0, 7.8e-08
2018-08-05, 01:12:57, 0.0, 7.81e-08
2018-08-05, 01:12:59, 0.0, 7.8e-08
2018-08-05, 01:13:01, 0.0, 7.75e-08
2018-08-05, 01:13:03, 0.0, 7.76e-08
2018-08-05, 01:13:05, 0.0, 7.7e-08
2018-08-05, 01:13:08, 0.0, 7.81e-08
2018-08-05, 01:13:10, 0.0, 7.75e-08
2018-08-05, 01:13:12, 0.0, 7.79e-08
2018-08-05, 01:13:14, 0.0, 7.81e-08
2018-08-05, 01:13:16, 0.0, 7.78e-08
2018-08-05, 01:13:18, 0.0, 7.84e-08
2018-08-05, 01:13:20, 0.0, 7.8e-08
2018-08-05, 01:13:23, 0.0, 7.81e-08
2018-08-05, 01:13:25, 0.0, 7.85e-08
2018-08-05, 01:13:27, 0.0, 7.85e-08
2018-08-05, 01:13:29, 0.0, 7.83e-08
2018-08-05, 01:13:31, 0.0, 7.84e-08
2018-08-05, 01:13:33, 0.0, 7.81e-08
2018-08-05, 01:13:35, 0.0, 7.84e-08
2018-08-05, 01:13:37, 0.0, 7.8e-08
2018-08-05, 01:13:40, 0.0, 7.79e-08
2018-08-05, 01:13:42, 0.0, 7.82e-08
2018-08-05, 01:13:44, 0.0, 7.88e-08
2018-08-05, 01:13:46, 0.0, 7.8e-08
2018-08-05, 01:13:48, 0.0, 7.82e-08
2018-08-05, 01:13:50, 0.0, 7.73e-08
2018-08-05, 01:13:52, 0.0, 7.77e-08
2018-08-05, 01:13:54, 0.0, 7.79e-08
2018-08-05, 01:13:57, 0.0, 7.82e-08
2018-08-05, 01:13:59, 0.0, 7.76e-08
2018-08-05, 01:14:01, 0.0, 7.77e-08
2018-08-05, 01:14:03, 0.0, 7.79e-08
2018-08-05, 01:14:05, 0.0, 7.85e-08
2018-08-05, 01:14:07, 0.0, 7.84e-08
2018-08-05, 01:14:09, 0.0, 7.82e-08
2018-08-05, 01:14:11, 0.0, 7.82e-08
2018-08-05, 01:14:14, 0.0, 7.77e-08
2018-08-05, 01:14:16, 0.0, 7.8e-08
2018-08-05, 01:14:18, 0.0, 7.88e-08
2018-08-05, 01:14:20, 0.0, 7.8e-08
2018-08-05, 01:14:22, 0.0, 7.82e-08
2018-08-05, 01:14:24, 0.0, 7.81e-08
2018-08-05, 01:14:26, 0.0, 7.89e-08
2018-08-05, 01:14:28, 0.0, 7.78e-08
2018-08-05, 01:14:31, 0.0, 7.82e-08
2018-08-05, 01:14:33, 0.0, 7.77e-08
2018-08-05, 01:14:35, 0.0, 7.75e-08
2018-08-05, 01:14:37, 0.0, 7.81e-08
2018-08-05, 01:14:39, 0.0, 7.82e-08
2018-08-05, 01:14:41, 0.0, 7.85e-08
2018-08-05, 01:14:43, 0.0, 7.77e-08
2018-08-05, 01:14:45, 0.0, 7.83e-08
2018-08-05, 01:14:48, 0.0, 7.87e-08
2018-08-05, 01:14:50, 0.0, 7.92e-08
2018-08-05, 01:14:52, 0.0, 7.87e-08
2018-08-05, 01:14:54, 0.0, 7.88e-08
2018-08-05, 01:14:56, 0.0, 7.81e-08
2018-08-05, 01:14:58, 0.0, 7.78e-08
2018-08-05, 01:15:00, 0.0, 7.83e-08
2018-08-05, 01:15:02, 0.0, 7.81e-08
2018-08-05, 01:15:05, 0.0, 7.85e-08
2018-08-05, 01:15:07, 0.0, 7.83e-08
2018-08-05, 01:15:09, 0.0, 7.83e-08
2018-08-05, 01:15:11, 0.0, 7.84e-08
2018-08-05, 01:15:13, 0.0, 7.87e-08
2018-08-05, 01:15:15, 0.0, 7.84e-08
2018-08-05, 01:15:17, 0.0, 7.87e-08
2018-08-05, 01:15:20, 0.0, 7.88e-08
2018-08-05, 01:15:22, 0.0, 7.84e-08
2018-08-05, 01:15:24, 0.0, 7.86e-08
2018-08-05, 01:15:26, 0.0, 7.83e-08
2018-08-05, 01:15:28, 0.0, 7.78e-08
2018-08-05, 01:15:30, 0.0, 7.75e-08
2018-08-05, 01:15:32, 0.0, 7.76e-08
2018-08-05, 01:15:34, 0.0, 7.8e-08
2018-08-05, 01:15:37, 0.0, 7.76e-08
2018-08-05, 01:15:39, 0.0, 7.85e-08
2018-08-05, 01:15:41, 0.0, 7.83e-08
2018-08-05, 01:15:43, 0.0, 7.85e-08
2018-08-05, 01:15:45, 0.0, 7.84e-08
2018-08-05, 01:15:47, 0.0, 7.84e-08
2018-08-05, 01:15:49, 0.0, 7.83e-08
2018-08-05, 01:15:51, 0.0, 7.89e-08
2018-08-05, 01:15:54, 0.0, 7.76e-08
2018-08-05, 01:15:56, 0.0, 7.81e-08
2018-08-05, 01:15:58, 0.0, 7.87e-08
2018-08-05, 01:16:00, 0.0, 7.82e-08
2018-08-05, 01:16:02, 0.0, 7.85e-08
2018-08-05, 01:16:04, 0.0, 7.86e-08
2018-08-05, 01:16:06, 0.0, 7.87e-08
2018-08-05, 01:16:08, 0.0, 7.91e-08
2018-08-05, 01:16:11, 0.0, 7.81e-08
2018-08-05, 01:16:13, 0.0, 7.82e-08
2018-08-05, 01:16:15, 0.0, 7.83e-08
2018-08-05, 01:16:17, 0.0, 7.85e-08
2018-08-05, 01:16:19, 0.0, 7.87e-08
2018-08-05, 01:16:21, 0.0, 7.79e-08
2018-08-05, 01:16:23, 0.0, 7.79e-08
2018-08-05, 01:16:25, 0.0, 7.75e-08
2018-08-05, 01:16:28, 0.0, 7.83e-08
2018-08-05, 01:16:30, 0.0, 7.84e-08
2018-08-05, 01:16:32, 0.0, 7.9e-08
2018-08-05, 01:16:34, 0.0, 7.82e-08
2018-08-05, 01:16:36, 0.0, 7.82e-08
2018-08-05, 01:16:38, 0.0, 7.83e-08
2018-08-05, 01:16:40, 0.0, 7.78e-08
2018-08-05, 01:16:42, 0.0, 7.77e-08
2018-08-05, 01:16:45, 0.0, 7.82e-08
2018-08-05, 01:16:47, 0.0, 7.86e-08
2018-08-05, 01:16:49, 0.0, 7.77e-08
2018-08-05, 01:16:51, 0.0, 7.82e-08
2018-08-05, 01:16:53, 0.0, 7.84e-08
2018-08-05, 01:16:55, 0.0, 7.78e-08
2018-08-05, 01:16:57, 0.0, 7.85e-08
2018-08-05, 01:16:59, 0.0, 7.85e-08
2018-08-05, 01:17:02, 0.0, 7.84e-08
2018-08-05, 01:17:04, 0.0, 7.76e-08
2018-08-05, 01:17:06, 0.0, 7.8e-08
2018-08-05, 01:17:08, 0.0, 7.84e-08
2018-08-05, 01:17:10, 0.0, 7.84e-08
2018-08-05, 01:17:12, 0.0, 7.84e-08
2018-08-05, 01:17:14, 0.0, 7.84e-08
2018-08-05, 01:17:16, 0.0, 7.84e-08
2018-08-05, 01:17:19, 0.0, 7.9e-08
2018-08-05, 01:17:21, 0.0, 7.93e-08
2018-08-05, 01:17:23, 0.0, 7.83e-08
2018-08-05, 01:17:25, 0.0, 7.8e-08
2018-08-05, 01:17:27, 0.0, 7.83e-08
2018-08-05, 01:17:29, 0.0, 7.87e-08
2018-08-05, 01:17:31, 0.0, 7.88e-08
2018-08-05, 01:17:34, 0.0, 7.84e-08
2018-08-05, 01:17:36, 0.0, 7.84e-08
2018-08-05, 01:17:38, 0.0, 7.86e-08
2018-08-05, 01:17:40, 0.0, 7.83e-08
2018-08-05, 01:17:42, 0.0, 7.83e-08
2018-08-05, 01:17:44, 0.0, 7.82e-08
2018-08-05, 01:17:46, 0.0, 7.91e-08
2018-08-05, 01:17:48, 0.0, 7.92e-08
2018-08-05, 01:17:51, 0.0, 7.88e-08
2018-08-05, 01:17:53, 0.0, 7.76e-08
2018-08-05, 01:17:55, 0.0, 7.86e-08
2018-08-05, 01:17:57, 0.0, 7.83e-08
2018-08-05, 01:17:59, 0.0, 7.75e-08
2018-08-05, 01:18:01, 0.0, 7.83e-08
2018-08-05, 01:18:03, 0.0, 7.8e-08
2018-08-05, 01:18:05, 0.0, 7.87e-08
2018-08-05, 01:18:08, 0.0, 7.86e-08
2018-08-05, 01:18:10, 0.0, 7.83e-08
2018-08-05, 01:18:12, 0.0, 7.82e-08
2018-08-05, 01:18:14, 0.0, 7.9e-08
2018-08-05, 01:18:16, 0.0, 7.8e-08
2018-08-05, 01:18:18, 0.0, 7.8e-08
2018-08-05, 01:18:20, 0.0, 7.78e-08
2018-08-05, 01:18:22, 0.0, 7.77e-08
2018-08-05, 01:18:25, 0.0, 7.79e-08
2018-08-05, 01:18:27, 0.0, 7.86e-08
2018-08-05, 01:18:29, 0.0, 7.82e-08
2018-08-05, 01:18:31, 0.0, 7.75e-08
2018-08-05, 01:18:33, 0.0, 7.84e-08
2018-08-05, 01:18:35, 0.0, 7.8e-08
2018-08-05, 01:18:37, 0.0, 7.86e-08
2018-08-05, 01:18:39, 0.0, 7.8e-08
2018-08-05, 01:18:42, 0.0, 7.85e-08
2018-08-05, 01:18:44, 0.0, 7.85e-08
2018-08-05, 01:18:46, 0.0, 7.85e-08
2018-08-05, 01:18:48, 0.0, 7.75e-08
2018-08-05, 01:18:50, 0.0, 7.82e-08
2018-08-05, 01:18:52, 0.0, 7.78e-08
2018-08-05, 01:18:54, 0.0, 7.73e-08
2018-08-05, 01:18:56, 0.0, 7.76e-08
2018-08-05, 01:18:59, 0.0, 7.79e-08
2018-08-05, 01:19:01, 0.0, 7.81e-08
2018-08-05, 01:19:03, 0.0, 7.79e-08
2018-08-05, 01:19:05, 0.0, 7.79e-08
2018-08-05, 01:19:07, 0.0, 7.81e-08
2018-08-05, 01:19:09, 0.0, 7.79e-08
2018-08-05, 01:19:11, 0.0, 7.84e-08
2018-08-05, 01:19:14, 0.0, 7.83e-08
2018-08-05, 01:19:16, 0.0, 7.81e-08
2018-08-05, 01:19:18, 0.0, 7.77e-08
2018-08-05, 01:19:20, 0.0, 7.8e-08
2018-08-05, 01:19:22, 0.0, 7.78e-08
2018-08-05, 01:19:24, 0.0, 7.87e-08
2018-08-05, 01:19:26, 0.0, 7.86e-08
2018-08-05, 01:19:28, 0.0, 7.79e-08
2018-08-05, 01:19:31, 0.0, 7.76e-08
2018-08-05, 01:19:33, 0.0, 7.83e-08
2018-08-05, 01:19:35, 0.0, 7.79e-08
2018-08-05, 01:19:37, 0.0, 7.8e-08
2018-08-05, 01:19:39, 0.0, 7.76e-08
2018-08-05, 01:19:41, 0.0, 7.79e-08
2018-08-05, 01:19:43, 0.0, 7.73e-08
2018-08-05, 01:19:45, 0.0, 7.74e-08
2018-08-05, 01:19:47, 0.0, 7.84e-08
2018-08-05, 01:19:50, 0.0, 7.83e-08
2018-08-05, 01:19:52, 0.0, 7.77e-08
2018-08-05, 01:19:54, 0.0, 7.79e-08
2018-08-05, 01:19:56, 0.0, 7.8e-08
2018-08-05, 01:19:58, 0.0, 7.83e-08
2018-08-05, 01:20:00, 0.0, 7.79e-08
2018-08-05, 01:20:02, 0.0, 7.84e-08
2018-08-05, 01:20:04, 0.0, 7.79e-08
2018-08-05, 01:20:07, 0.0, 7.87e-08
2018-08-05, 01:20:09, 0.0, 7.88e-08
2018-08-05, 01:20:11, 0.0, 7.89e-08
2018-08-05, 01:20:13, 0.0, 7.88e-08
2018-08-05, 01:20:15, 0.0, 7.78e-08
2018-08-05, 01:20:17, 0.0, 7.82e-08
2018-08-05, 01:20:19, 0.0, 7.8e-08
2018-08-05, 01:20:21, 0.0, 7.8e-08
2018-08-05, 01:20:24, 0.0, 7.77e-08
2018-08-05, 01:20:26, 0.0, 7.84e-08
2018-08-05, 01:20:28, 0.0, 7.77e-08
2018-08-05, 01:20:30, 0.0, 7.84e-08
2018-08-05, 01:20:32, 0.0, 7.73e-08
2018-08-05, 01:20:34, 0.0, 7.8e-08
2018-08-05, 01:20:36, 0.0, 7.77e-08
2018-08-05, 01:20:38, 0.0, 7.72e-08
2018-08-05, 01:20:41, 0.0, 7.78e-08
2018-08-05, 01:20:43, 0.0, 7.79e-08
2018-08-05, 01:20:45, 0.0, 7.76e-08
2018-08-05, 01:20:47, 0.0, 7.8e-08
2018-08-05, 01:20:49, 0.0, 7.77e-08
2018-08-05, 01:20:51, 0.0, 7.82e-08
2018-08-05, 01:20:53, 0.0, 7.83e-08
2018-08-05, 01:20:55, 0.0, 7.78e-08
2018-08-05, 01:20:58, 0.0, 7.84e-08
2018-08-05, 01:21:00, 0.0, 7.84e-08
2018-08-05, 01:21:02, 0.0, 7.8e-08
2018-08-05, 01:21:04, 0.0, 7.75e-08
2018-08-05, 01:21:06, 0.0, 7.86e-08
2018-08-05, 01:21:08, 0.0, 7.85e-08
2018-08-05, 01:21:10, 0.0, 7.83e-08
2018-08-05, 01:21:12, 0.0, 7.82e-08
2018-08-05, 01:21:15, 0.0, 7.86e-08
2018-08-05, 01:21:17, 0.0, 7.87e-08
2018-08-05, 01:21:19, 0.0, 7.85e-08
2018-08-05, 01:21:21, 0.0, 7.84e-08
2018-08-05, 01:21:23, 0.0, 7.82e-08
2018-08-05, 01:21:25, 0.0, 7.82e-08
2018-08-05, 01:21:27, 0.0, 7.84e-08
2018-08-05, 01:21:29, 0.0, 7.83e-08
2018-08-05, 01:21:32, 0.0, 7.77e-08
2018-08-05, 01:21:34, 0.0, 7.83e-08
2018-08-05, 01:21:36, 0.0, 7.79e-08
2018-08-05, 01:21:38, 0.0, 7.81e-08
2018-08-05, 01:21:40, 0.0, 7.82e-08
2018-08-05, 01:21:42, 0.0, 7.84e-08
2018-08-05, 01:21:44, 0.0, 7.79e-08
2018-08-05, 01:21:46, 0.0, 7.82e-08
2018-08-05, 01:21:49, 0.0, 7.84e-08
2018-08-05, 01:21:51, 0.0, 7.81e-08
2018-08-05, 01:21:53, 0.0, 7.8e-08
2018-08-05, 01:21:55, 0.0, 7.85e-08
2018-08-05, 01:21:57, 0.0, 7.84e-08
2018-08-05, 01:21:59, 0.0, 7.89e-08
2018-08-05, 01:22:01, 0.0, 7.77e-08
2018-08-05, 01:22:03, 0.0, 7.86e-08
2018-08-05, 01:22:06, 0.0, 7.78e-08
2018-08-05, 01:22:08, 0.0, 7.87e-08
2018-08-05, 01:22:10, 0.0, 7.87e-08
2018-08-05, 01:22:12, 0.0, 7.89e-08
2018-08-05, 01:22:14, 0.0, 7.78e-08
2018-08-05, 01:22:16, 0.0, 7.87e-08
2018-08-05, 01:22:18, 0.0, 7.83e-08
2018-08-05, 01:22:20, 0.0, 7.91e-08
2018-08-05, 01:22:23, 0.0, 7.84e-08
2018-08-05, 01:22:25, 0.0, 7.84e-08
2018-08-05, 01:22:27, 0.0, 7.82e-08
2018-08-05, 01:22:29, 0.0, 7.85e-08
2018-08-05, 01:22:31, 0.0, 7.81e-08
2018-08-05, 01:22:33, 0.0, 7.84e-08
2018-08-05, 01:22:35, 0.0, 7.85e-08
2018-08-05, 01:22:38, 0.0, 7.84e-08
2018-08-05, 01:22:40, 0.0, 7.81e-08
2018-08-05, 01:22:42, 0.0, 7.81e-08
2018-08-05, 01:22:44, 0.0, 7.86e-08
2018-08-05, 01:22:46, 0.0, 7.8e-08
2018-08-05, 01:22:48, 0.0, 7.72e-08
2018-08-05, 01:22:50, 0.0, 7.83e-08
2018-08-05, 01:22:52, 0.0, 7.83e-08
2018-08-05, 01:22:54, 0.0, 7.88e-08
2018-08-05, 01:22:57, 0.0, 7.85e-08
2018-08-05, 01:22:59, 0.0, 7.82e-08
2018-08-05, 01:23:01, 0.0, 7.84e-08
2018-08-05, 01:23:03, 0.0, 7.8e-08
2018-08-05, 01:23:05, 0.0, 7.78e-08
2018-08-05, 01:23:08, 0.0, 7.81e-08
2018-08-05, 01:23:10, 0.0, 7.87e-08
2018-08-05, 01:23:12, 0.0, 7.81e-08
2018-08-05, 01:23:14, 0.0, 7.79e-08
2018-08-05, 01:23:16, 0.0, 7.86e-08
2018-08-05, 01:23:18, 0.0, 7.76e-08
2018-08-05, 01:23:20, 0.0, 7.88e-08
2018-08-05, 01:23:22, 0.0, 7.8e-08
2018-08-05, 01:23:24, 0.0, 7.83e-08
2018-08-05, 01:23:27, 0.0, 7.83e-08
2018-08-05, 01:23:29, 0.0, 7.73e-08
2018-08-05, 01:23:31, 0.0, 7.81e-08
2018-08-05, 01:23:33, 0.0, 7.75e-08
2018-08-05, 01:23:35, 0.0, 7.8e-08
2018-08-05, 01:23:37, 0.0, 7.8e-08
2018-08-05, 01:23:39, 0.0, 7.81e-08
2018-08-05, 01:23:42, 0.0, 7.84e-08
2018-08-05, 01:23:44, 0.0, 7.81e-08
2018-08-05, 01:23:46, 0.0, 7.77e-08
2018-08-05, 01:23:48, 0.0, 7.89e-08
2018-08-05, 01:23:50, 0.0, 7.75e-08
2018-08-05, 01:23:52, 0.0, 7.85e-08
2018-08-05, 01:23:54, 0.0, 7.8e-08
2018-08-05, 01:23:56, 0.0, 7.79e-08
2018-08-05, 01:23:59, 0.0, 7.83e-08
2018-08-05, 01:24:01, 0.0, 7.85e-08
2018-08-05, 01:24:03, 0.0, 7.81e-08
2018-08-05, 01:24:05, 0.0, 7.88e-08
2018-08-05, 01:24:07, 0.0, 7.79e-08
2018-08-05, 01:24:09, 0.0, 7.85e-08
2018-08-05, 01:24:11, 0.0, 7.86e-08
2018-08-05, 01:24:13, 0.0, 7.83e-08
2018-08-05, 01:24:16, 0.0, 7.77e-08
2018-08-05, 01:24:18, 0.0, 7.79e-08
2018-08-05, 01:24:20, 0.0, 7.82e-08
2018-08-05, 01:24:22, 0.0, 7.79e-08
2018-08-05, 01:24:24, 0.0, 7.78e-08
2018-08-05, 01:24:26, 0.0, 7.79e-08
2018-08-05, 01:24:28, 0.0, 7.74e-08
2018-08-05, 01:24:30, 0.0, 7.79e-08
2018-08-05, 01:24:33, 0.0, 7.76e-08
2018-08-05, 01:24:35, 0.0, 7.84e-08
2018-08-05, 01:24:37, 0.0, 7.81e-08
2018-08-05, 01:24:39, 0.0, 7.78e-08
2018-08-05, 01:24:41, 0.0, 7.83e-08
2018-08-05, 01:24:43, 0.0, 7.83e-08
2018-08-05, 01:24:45, 0.0, 7.78e-08
2018-08-05, 01:24:47, 0.0, 7.84e-08
2018-08-05, 01:24:50, 0.0, 7.87e-08
2018-08-05, 01:24:52, 0.0, 7.83e-08
2018-08-05, 01:24:54, 0.0, 7.88e-08
2018-08-05, 01:24:56, 0.0, 7.79e-08
2018-08-05, 01:24:58, 0.0, 7.74e-08
2018-08-05, 01:25:00, 0.0, 7.92e-08
2018-08-05, 01:25:02, 0.0, 7.81e-08
2018-08-05, 01:25:04, 0.0, 7.78e-08
2018-08-05, 01:25:07, 0.0, 7.79e-08
2018-08-05, 01:25:09, 0.0, 7.8e-08
2018-08-05, 01:25:11, 0.0, 7.76e-08
2018-08-05, 01:25:13, 0.0, 7.77e-08
2018-08-05, 01:25:15, 0.0, 7.92e-08
2018-08-05, 01:25:17, 0.0, 7.77e-08
2018-08-05, 01:25:19, 0.0, 7.75e-08
2018-08-05, 01:25:21, 0.0, 7.82e-08
2018-08-05, 01:25:24, 0.0, 7.83e-08
2018-08-05, 01:25:26, 0.0, 7.84e-08
2018-08-05, 01:25:28, 0.0, 7.84e-08
2018-08-05, 01:25:30, 0.0, 7.74e-08
2018-08-05, 01:25:32, 0.0, 7.81e-08
2018-08-05, 01:25:34, 0.0, 7.76e-08
2018-08-05, 01:25:36, 0.0, 7.84e-08
2018-08-05, 01:25:39, 0.0, 7.79e-08
2018-08-05, 01:25:41, 0.0, 7.8e-08
2018-08-05, 01:25:43, 0.0, 7.8e-08
2018-08-05, 01:25:45, 0.0, 7.83e-08
2018-08-05, 01:25:47, 0.0, 7.77e-08
2018-08-05, 01:25:49, 0.0, 7.84e-08
2018-08-05, 01:25:51, 0.0, 7.82e-08
2018-08-05, 01:25:53, 0.0, 7.84e-08
2018-08-05, 01:25:56, 0.0, 7.74e-08
2018-08-05, 01:25:58, 0.0, 7.76e-08
2018-08-05, 01:26:00, 0.0, 7.82e-08
2018-08-05, 01:26:02, 0.0, 7.78e-08
2018-08-05, 01:26:04, 0.0, 7.81e-08
2018-08-05, 01:26:06, 0.0, 7.73e-08
2018-08-05, 01:26:08, 0.0, 7.86e-08
2018-08-05, 01:26:10, 0.0, 7.8e-08
2018-08-05, 01:26:13, 0.0, 7.82e-08
2018-08-05, 01:26:15, 0.0, 7.81e-08
2018-08-05, 01:26:17, 0.0, 7.8e-08
2018-08-05, 01:26:19, 0.0, 7.86e-08
2018-08-05, 01:26:21, 0.0, 7.8e-08
2018-08-05, 01:26:23, 0.0, 7.76e-08
2018-08-05, 01:26:25, 0.0, 7.82e-08
2018-08-05, 01:26:27, 0.0, 7.79e-08
2018-08-05, 01:26:30, 0.0, 7.9e-08
2018-08-05, 01:26:32, 0.0, 7.81e-08
2018-08-05, 01:26:34, 0.0, 7.85e-08
2018-08-05, 01:26:36, 0.0, 7.82e-08
2018-08-05, 01:26:38, 0.0, 7.76e-08
2018-08-05, 01:26:40, 0.0, 7.82e-08
2018-08-05, 01:26:42, 0.0, 7.88e-08
2018-08-05, 01:26:44, 0.0, 7.82e-08
2018-08-05, 01:26:47, 0.0, 7.8e-08
2018-08-05, 01:26:49, 0.0, 7.79e-08
2018-08-05, 01:26:51, 0.0, 7.76e-08
2018-08-05, 01:26:53, 0.0, 7.81e-08
2018-08-05, 01:26:55, 0.0, 7.78e-08
2018-08-05, 01:26:57, 0.0, 7.79e-08
2018-08-05, 01:26:59, 0.0, 7.83e-08
2018-08-05, 01:27:01, 0.0, 7.82e-08
2018-08-05, 01:27:04, 0.0, 7.84e-08
2018-08-05, 01:27:06, 0.0, 7.81e-08
2018-08-05, 01:27:08, 0.0, 7.86e-08
2018-08-05, 01:27:10, 0.0, 7.78e-08
2018-08-05, 01:27:12, 0.0, 7.79e-08
2018-08-05, 01:27:14, 0.0, 7.69e-08
2018-08-05, 01:27:16, 0.0, 7.76e-08
2018-08-05, 01:27:18, 0.0, 7.75e-08
2018-08-05, 01:27:21, 0.0, 7.82e-08
2018-08-05, 01:27:23, 0.0, 7.78e-08
2018-08-05, 01:27:25, 0.0, 7.8e-08
2018-08-05, 01:27:27, 0.0, 7.82e-08
2018-08-05, 01:27:29, 0.0, 7.84e-08
2018-08-05, 01:27:31, 0.0, 7.82e-08
2018-08-05, 01:27:33, 0.0, 7.82e-08
2018-08-05, 01:27:35, 0.0, 7.84e-08
2018-08-05, 01:27:38, 0.0, 7.84e-08
2018-08-05, 01:27:40, 0.0, 7.82e-08
2018-08-05, 01:27:42, 0.0, 7.79e-08
2018-08-05, 01:27:44, 0.0, 7.75e-08
2018-08-05, 01:27:46, 0.0, 7.88e-08
2018-08-05, 01:27:48, 0.0, 7.85e-08
2018-08-05, 01:27:50, 0.0, 7.76e-08
2018-08-05, 01:27:52, 0.0, 7.81e-08
2018-08-05, 01:27:55, 0.0, 7.83e-08
2018-08-05, 01:27:57, 0.0, 7.77e-08
2018-08-05, 01:27:59, 0.0, 7.78e-08
2018-08-05, 01:28:01, 0.0, 7.87e-08
2018-08-05, 01:28:03, 0.0, 7.78e-08
2018-08-05, 01:28:05, 0.0, 7.83e-08
2018-08-05, 01:28:07, 0.0, 7.78e-08
2018-08-05, 01:28:09, 0.0, 7.83e-08
2018-08-05, 01:28:12, 0.0, 7.82e-08
2018-08-05, 01:28:14, 0.0, 7.84e-08
2018-08-05, 01:28:16, 0.0, 7.75e-08
2018-08-05, 01:28:18, 0.0, 7.85e-08
2018-08-05, 01:28:20, 0.0, 7.79e-08
2018-08-05, 01:28:22, 0.0, 7.8e-08
2018-08-05, 01:28:24, 0.0, 7.79e-08
2018-08-05, 01:28:26, 0.0, 7.82e-08
2018-08-05, 01:28:29, 0.0, 7.67e-08
2018-08-05, 01:28:31, 0.0, 7.79e-08
2018-08-05, 01:28:33, 0.0, 7.79e-08
2018-08-05, 01:28:35, 0.0, 7.87e-08
2018-08-05, 01:28:37, 0.0, 7.8e-08
2018-08-05, 01:28:39, 0.0, 7.85e-08
2018-08-05, 01:28:41, 0.0, 7.82e-08
2018-08-05, 01:28:43, 0.0, 7.89e-08
2018-08-05, 01:28:46, 0.0, 7.82e-08
2018-08-05, 01:28:48, 0.0, 7.86e-08
2018-08-05, 01:28:50, 0.0, 7.74e-08
2018-08-05, 01:28:52, 0.0, 7.88e-08
2018-08-05, 01:28:54, 0.0, 7.85e-08
2018-08-05, 01:28:56, 0.0, 7.82e-08
2018-08-05, 01:28:58, 0.0, 7.86e-08
2018-08-05, 01:29:01, 0.0, 7.9e-08
2018-08-05, 01:29:03, 0.0, 7.83e-08
2018-08-05, 01:29:05, 0.0, 7.8e-08
2018-08-05, 01:29:07, 0.0, 7.83e-08
2018-08-05, 01:29:09, 0.0, 7.9e-08
2018-08-05, 01:29:11, 0.0, 7.82e-08
2018-08-05, 01:29:13, 0.0, 7.85e-08
2018-08-05, 01:29:15, 0.0, 7.85e-08
2018-08-05, 01:29:18, 0.0, 7.79e-08
2018-08-05, 01:29:20, 0.0, 7.81e-08
2018-08-05, 01:29:22, 0.0, 7.89e-08
2018-08-05, 01:29:24, 0.0, 7.82e-08
2018-08-05, 01:29:26, 0.0, 7.82e-08
2018-08-05, 01:29:28, 0.0, 7.82e-08
2018-08-05, 01:29:30, 0.0, 7.83e-08
2018-08-05, 01:29:32, 0.0, 7.79e-08
2018-08-05, 01:29:35, 0.0, 7.82e-08
2018-08-05, 01:29:37, 0.0, 7.83e-08
2018-08-05, 01:29:39, 0.0, 7.85e-08
2018-08-05, 01:29:41, 0.0, 7.82e-08
2018-08-05, 01:29:43, 0.0, 7.86e-08
2018-08-05, 01:29:45, 0.0, 7.8e-08
2018-08-05, 01:29:47, 0.0, 7.87e-08
2018-08-05, 01:29:49, 0.0, 7.85e-08
2018-08-05, 01:29:51, 0.0, 7.8e-08
2018-08-05, 01:29:54, 0.0, 7.83e-08
2018-08-05, 01:29:56, 0.0, 7.85e-08
2018-08-05, 01:29:58, 0.0, 7.78e-08
2018-08-05, 01:30:00, 0.0, 7.76e-08
2018-08-05, 01:30:02, 0.0, 7.82e-08
2018-08-05, 01:30:04, 0.0, 7.83e-08
2018-08-05, 01:30:06, 0.0, 7.83e-08
2018-08-05, 01:30:08, 0.0, 7.83e-08
2018-08-05, 01:30:11, 0.0, 7.85e-08
2018-08-05, 01:30:13, 0.0, 7.82e-08
2018-08-05, 01:30:15, 0.0, 7.96e-08
2018-08-05, 01:30:17, 0.0, 7.79e-08
2018-08-05, 01:30:19, 0.0, 7.91e-08
2018-08-05, 01:30:21, 0.0, 7.79e-08
2018-08-05, 01:30:23, 0.0, 7.83e-08
2018-08-05, 01:30:26, 0.0, 7.86e-08
2018-08-05, 01:30:28, 0.0, 7.85e-08
2018-08-05, 01:30:30, 0.0, 7.82e-08
2018-08-05, 01:30:32, 0.0, 7.89e-08
2018-08-05, 01:30:34, 0.0, 7.87e-08
2018-08-05, 01:30:36, 0.0, 7.81e-08
2018-08-05, 01:30:38, 0.0, 7.89e-08
2018-08-05, 01:30:40, 0.0, 7.86e-08
2018-08-05, 01:30:43, 0.0, 7.86e-08
2018-08-05, 01:30:45, 0.0, 7.87e-08
2018-08-05, 01:30:47, 0.0, 7.85e-08
2018-08-05, 01:30:49, 0.0, 7.8e-08
2018-08-05, 01:30:51, 0.0, 7.89e-08
2018-08-05, 01:30:53, 0.0, 7.88e-08
2018-08-05, 01:30:55, 0.0, 7.92e-08
2018-08-05, 01:30:57, 0.0, 7.92e-08
2018-08-05, 01:31:00, 0.0, 7.89e-08
2018-08-05, 01:31:02, 0.0, 7.96e-08
2018-08-05, 01:31:04, 0.0, 7.87e-08
2018-08-05, 01:31:06, 0.0, 7.78e-08
2018-08-05, 01:31:08, 0.0, 7.86e-08
2018-08-05, 01:31:10, 0.0, 7.87e-08
2018-08-05, 01:31:12, 0.0, 7.85e-08
2018-08-05, 01:31:14, 0.0, 7.88e-08
2018-08-05, 01:31:17, 0.0, 7.92e-08
2018-08-05, 01:31:19, 0.0, 7.81e-08
2018-08-05, 01:31:21, 0.0, 7.84e-08
2018-08-05, 01:31:23, 0.0, 7.87e-08
2018-08-05, 01:31:25, 0.0, 7.9e-08
2018-08-05, 01:31:27, 0.0, 7.81e-08
2018-08-05, 01:31:29, 0.0, 7.86e-08
2018-08-05, 01:31:31, 0.0, 7.79e-08
2018-08-05, 01:31:34, 0.0, 7.8e-08
2018-08-05, 01:31:36, 0.0, 7.78e-08
2018-08-05, 01:31:38, 0.0, 7.79e-08
2018-08-05, 01:31:40, 0.0, 7.87e-08
2018-08-05, 01:31:42, 0.0, 7.8e-08
2018-08-05, 01:31:44, 0.0, 7.82e-08
2018-08-05, 01:31:46, 0.0, 7.82e-08
2018-08-05, 01:31:48, 0.0, 7.89e-08
2018-08-05, 01:31:51, 0.0, 7.84e-08
2018-08-05, 01:31:53, 0.0, 7.75e-08
2018-08-05, 01:31:55, 0.0, 7.76e-08
2018-08-05, 01:31:57, 0.0, 7.82e-08
2018-08-05, 01:31:59, 0.0, 7.82e-08
2018-08-05, 01:32:01, 0.0, 7.85e-08
2018-08-05, 01:32:03, 0.0, 7.89e-08
2018-08-05, 01:32:05, 0.0, 7.78e-08
2018-08-05, 01:32:08, 0.0, 7.82e-08
2018-08-05, 01:32:10, 0.0, 7.82e-08
2018-08-05, 01:32:12, 0.0, 7.8e-08
2018-08-05, 01:32:14, 0.0, 7.85e-08
2018-08-05, 01:32:16, 0.0, 7.87e-08
2018-08-05, 01:32:18, 0.0, 7.82e-08
2018-08-05, 01:32:20, 0.0, 7.85e-08
2018-08-05, 01:32:23, 0.0, 7.79e-08
2018-08-05, 01:32:25, 0.0, 7.89e-08
2018-08-05, 01:32:27, 0.0, 7.87e-08
2018-08-05, 01:32:29, 0.0, 7.87e-08
2018-08-05, 01:32:31, 0.0, 7.81e-08
2018-08-05, 01:32:33, 0.0, 7.81e-08
2018-08-05, 01:32:35, 0.0, 7.83e-08
2018-08-05, 01:32:37, 0.0, 7.87e-08
2018-08-05, 01:32:40, 0.0, 7.82e-08
2018-08-05, 01:32:42, 0.0, 7.82e-08
2018-08-05, 01:32:44, 0.0, 7.81e-08
2018-08-05, 01:32:46, 0.0, 7.79e-08
2018-08-05, 01:32:48, 0.0, 7.79e-08
2018-08-05, 01:32:50, 0.0, 7.85e-08
2018-08-05, 01:32:52, 0.0, 7.86e-08
2018-08-05, 01:32:54, 0.0, 7.9e-08
2018-08-05, 01:32:57, 0.0, 7.84e-08
2018-08-05, 01:32:59, 0.0, 7.82e-08
2018-08-05, 01:33:01, 0.0, 7.88e-08
2018-08-05, 01:33:03, 0.0, 7.83e-08
2018-08-05, 01:33:05, 0.0, 7.78e-08
2018-08-05, 01:33:07, 0.0, 7.83e-08
2018-08-05, 01:33:09, 0.0, 7.79e-08
2018-08-05, 01:33:11, 0.0, 7.78e-08
2018-08-05, 01:33:14, 0.0, 7.84e-08
2018-08-05, 01:33:16, 0.0, 7.77e-08
2018-08-05, 01:33:18, 0.0, 7.83e-08
2018-08-05, 01:33:20, 0.0, 7.84e-08
2018-08-05, 01:33:22, 0.0, 7.87e-08
2018-08-05, 01:33:24, 0.0, 7.86e-08
2018-08-05, 01:33:26, 0.0, 7.84e-08
2018-08-05, 01:33:28, 0.0, 7.74e-08
2018-08-05, 01:33:31, 0.0, 7.8e-08
2018-08-05, 01:33:33, 0.0, 7.82e-08
2018-08-05, 01:33:35, 0.0, 7.87e-08
2018-08-05, 01:33:37, 0.0, 7.82e-08
2018-08-05, 01:33:39, 0.0, 7.78e-08
2018-08-05, 01:33:41, 0.0, 7.83e-08
2018-08-05, 01:33:43, 0.0, 7.83e-08
2018-08-05, 01:33:45, 0.0, 7.78e-08
2018-08-05, 01:33:48, 0.0, 7.82e-08
2018-08-05, 01:33:50, 0.0, 7.85e-08
2018-08-05, 01:33:52, 0.0, 7.85e-08
2018-08-05, 01:33:54, 0.0, 7.82e-08
2018-08-05, 01:33:56, 0.0, 7.88e-08
2018-08-05, 01:33:58, 0.0, 7.86e-08
2018-08-05, 01:34:00, 0.0, 7.84e-08
2018-08-05, 01:34:03, 0.0, 7.84e-08
2018-08-05, 01:34:05, 0.0, 7.82e-08
2018-08-05, 01:34:07, 0.0, 7.84e-08
2018-08-05, 01:34:09, 0.0, 7.76e-08
2018-08-05, 01:34:11, 0.0, 7.73e-08
2018-08-05, 01:34:13, 0.0, 7.81e-08
2018-08-05, 01:34:15, 0.0, 7.81e-08
2018-08-05, 01:34:17, 0.0, 7.86e-08
2018-08-05, 01:34:20, 0.0, 7.8e-08
2018-08-05, 01:34:22, 0.0, 7.8e-08
2018-08-05, 01:34:24, 0.0, 7.85e-08
2018-08-05, 01:34:26, 0.0, 7.81e-08
2018-08-05, 01:34:28, 0.0, 7.84e-08
2018-08-05, 01:34:30, 0.0, 7.75e-08
2018-08-05, 01:34:32, 0.0, 7.9e-08
2018-08-05, 01:34:34, 0.0, 7.81e-08
2018-08-05, 01:34:37, 0.0, 7.85e-08
2018-08-05, 01:34:39, 0.0, 7.86e-08
2018-08-05, 01:34:41, 0.0, 7.83e-08
2018-08-05, 01:34:43, 0.0, 7.82e-08
2018-08-05, 01:34:45, 0.0, 7.88e-08
2018-08-05, 01:34:47, 0.0, 7.77e-08
2018-08-05, 01:34:49, 0.0, 7.86e-08
2018-08-05, 01:34:51, 0.0, 7.8e-08
2018-08-05, 01:34:54, 0.0, 7.8e-08
2018-08-05, 01:34:56, 0.0, 7.83e-08
2018-08-05, 01:34:58, 0.0, 7.84e-08
2018-08-05, 01:35:00, 0.0, 7.8e-08
2018-08-05, 01:35:02, 0.0, 7.84e-08
2018-08-05, 01:35:04, 0.0, 7.87e-08
2018-08-05, 01:35:06, 0.0, 7.85e-08
2018-08-05, 01:35:08, 0.0, 7.76e-08
2018-08-05, 01:35:11, 0.0, 7.84e-08
2018-08-05, 01:35:13, 0.0, 7.8e-08
2018-08-05, 01:35:15, 0.0, 7.83e-08
2018-08-05, 01:35:17, 0.0, 7.77e-08
2018-08-05, 01:35:19, 0.0, 7.84e-08
2018-08-05, 01:35:21, 0.0, 7.78e-08
2018-08-05, 01:35:23, 0.0, 7.81e-08
2018-08-05, 01:35:25, 0.0, 7.78e-08
2018-08-05, 01:35:28, 0.0, 7.8e-08
2018-08-05, 01:35:30, 0.0, 7.78e-08
2018-08-05, 01:35:32, 0.0, 7.86e-08
2018-08-05, 01:35:34, 0.0, 7.87e-08
2018-08-05, 01:35:36, 0.0, 7.88e-08
2018-08-05, 01:35:38, 0.0, 7.84e-08
2018-08-05, 01:35:40, 0.0, 7.84e-08
2018-08-05, 01:35:42, 0.0, 7.86e-08
2018-08-05, 01:35:45, 0.0, 7.83e-08
2018-08-05, 01:35:47, 0.0, 7.79e-08
2018-08-05, 01:35:49, 0.0, 7.78e-08
2018-08-05, 01:35:51, 0.0, 7.88e-08
2018-08-05, 01:35:53, 0.0, 7.8e-08
2018-08-05, 01:35:55, 0.0, 7.85e-08
2018-08-05, 01:35:57, 0.0, 7.82e-08
2018-08-05, 01:35:59, 0.0, 7.84e-08
2018-08-05, 01:36:02, 0.0, 7.88e-08
2018-08-05, 01:36:04, 0.0, 7.79e-08
2018-08-05, 01:36:06, 0.0, 7.81e-08
2018-08-05, 01:36:08, 0.0, 7.83e-08
2018-08-05, 01:36:10, 0.0, 7.81e-08
2018-08-05, 01:36:12, 0.0, 7.84e-08
2018-08-05, 01:36:14, 0.0, 7.85e-08
2018-08-05, 01:36:16, 0.0, 7.81e-08
2018-08-05, 01:36:19, 0.0, 7.82e-08
2018-08-05, 01:36:21, 0.0, 7.88e-08
2018-08-05, 01:36:23, 0.0, 7.77e-08
2018-08-05, 01:36:25, 0.0, 7.79e-08
2018-08-05, 01:36:27, 0.0, 7.81e-08
2018-08-05, 01:36:29, 0.0, 7.9e-08
2018-08-05, 01:36:31, 0.0, 7.86e-08
2018-08-05, 01:36:33, 0.0, 7.83e-08
2018-08-05, 01:36:36, 0.0, 7.85e-08
2018-08-05, 01:36:38, 0.0, 7.87e-08
2018-08-05, 01:36:40, 0.0, 7.86e-08
2018-08-05, 01:36:42, 0.0, 7.8e-08
2018-08-05, 01:36:44, 0.0, 7.74e-08
2018-08-05, 01:36:46, 0.0, 7.81e-08
2018-08-05, 01:36:48, 0.0, 7.85e-08
2018-08-05, 01:36:50, 0.0, 7.83e-08
2018-08-05, 01:36:53, 0.0, 7.8e-08
2018-08-05, 01:36:55, 0.0, 7.78e-08
2018-08-05, 01:36:57, 0.0, 7.88e-08
2018-08-05, 01:36:59, 0.0, 7.8e-08
2018-08-05, 01:37:01, 0.0, 7.82e-08
2018-08-05, 01:37:03, 0.0, 7.85e-08
2018-08-05, 01:37:05, 0.0, 7.81e-08
2018-08-05, 01:37:07, 0.0, 7.87e-08
2018-08-05, 01:37:10, 0.0, 7.77e-08
2018-08-05, 01:37:12, 0.0, 7.88e-08
2018-08-05, 01:37:14, 0.0, 7.85e-08
2018-08-05, 01:37:16, 0.0, 7.81e-08
2018-08-05, 01:37:18, 0.0, 7.86e-08
2018-08-05, 01:37:20, 0.0, 7.86e-08
2018-08-05, 01:37:22, 0.0, 7.83e-08
2018-08-05, 01:37:24, 0.0, 7.78e-08
2018-08-05, 01:37:27, 0.0, 7.85e-08
2018-08-05, 01:37:29, 0.0, 7.9e-08
2018-08-05, 01:37:31, 0.0, 7.83e-08
2018-08-05, 01:37:33, 0.0, 7.81e-08
2018-08-05, 01:37:35, 0.0, 7.76e-08
2018-08-05, 01:37:37, 0.0, 7.74e-08
2018-08-05, 01:37:39, 0.0, 7.77e-08
2018-08-05, 01:37:41, 0.0, 7.76e-08
2018-08-05, 01:37:44, 0.0, 7.81e-08
2018-08-05, 01:37:46, 0.0, 7.84e-08
2018-08-05, 01:37:48, 0.0, 7.83e-08
2018-08-05, 01:37:50, 0.0, 7.8e-08
2018-08-05, 01:37:52, 0.0, 7.84e-08
2018-08-05, 01:37:54, 0.0, 7.88e-08
2018-08-05, 01:37:56, 0.0, 7.79e-08
2018-08-05, 01:37:58, 0.0, 7.78e-08
2018-08-05, 01:38:01, 0.0, 7.82e-08
2018-08-05, 01:38:03, 0.0, 7.88e-08
2018-08-05, 01:38:05, 0.0, 7.7e-08
2018-08-05, 01:38:07, 0.0, 7.81e-08
2018-08-05, 01:38:09, 0.0, 7.76e-08
2018-08-05, 01:38:11, 0.0, 7.79e-08
2018-08-05, 01:38:13, 0.0, 7.83e-08
2018-08-05, 01:38:15, 0.0, 7.92e-08
2018-08-05, 01:38:18, 0.0, 7.76e-08
2018-08-05, 01:38:20, 0.0, 7.84e-08
2018-08-05, 01:38:22, 0.0, 7.72e-08
2018-08-05, 01:38:24, 0.0, 7.75e-08
2018-08-05, 01:38:26, 0.0, 7.81e-08
2018-08-05, 01:38:28, 0.0, 7.92e-08
2018-08-05, 01:38:30, 0.0, 7.8e-08
2018-08-05, 01:38:32, 0.0, 7.8e-08
2018-08-05, 01:38:34, 0.0, 7.83e-08
2018-08-05, 01:38:37, 0.0, 7.78e-08
2018-08-05, 01:38:39, 0.0, 7.8e-08
2018-08-05, 01:38:41, 0.0, 7.81e-08
2018-08-05, 01:38:43, 0.0, 7.84e-08
2018-08-05, 01:38:45, 0.0, 7.85e-08
2018-08-05, 01:38:47, 0.0, 7.79e-08
2018-08-05, 01:38:49, 0.0, 7.82e-08
2018-08-05, 01:38:51, 0.0, 7.79e-08
2018-08-05, 01:38:54, 0.0, 7.83e-08
2018-08-05, 01:38:56, 0.0, 7.76e-08
2018-08-05, 01:38:58, 0.0, 7.77e-08
2018-08-05, 01:39:00, 0.0, 7.83e-08
2018-08-05, 01:39:02, 0.0, 7.81e-08
2018-08-05, 01:39:04, 0.0, 7.79e-08
2018-08-05, 01:39:06, 0.0, 7.8e-08
2018-08-05, 01:39:09, 0.0, 7.78e-08
2018-08-05, 01:39:11, 0.0, 7.79e-08
2018-08-05, 01:39:13, 0.0, 7.8e-08
2018-08-05, 01:39:15, 0.0, 7.79e-08
2018-08-05, 01:39:17, 0.0, 7.87e-08
2018-08-05, 01:39:19, 0.0, 7.8e-08
2018-08-05, 01:39:21, 0.0, 7.85e-08
2018-08-05, 01:39:23, 0.0, 7.83e-08
2018-08-05, 01:39:26, 0.0, 7.85e-08
2018-08-05, 01:39:28, 0.0, 7.83e-08
2018-08-05, 01:39:30, 0.0, 7.8e-08
2018-08-05, 01:39:32, 0.0, 7.83e-08
2018-08-05, 01:39:34, 0.0, 7.76e-08
2018-08-05, 01:39:36, 0.0, 7.77e-08
2018-08-05, 01:39:38, 0.0, 7.8e-08
2018-08-05, 01:39:40, 0.0, 7.79e-08
2018-08-05, 01:39:43, 0.0, 7.83e-08
2018-08-05, 01:39:45, 0.0, 7.84e-08
2018-08-05, 01:39:47, 0.0, 7.86e-08
2018-08-05, 01:39:49, 0.0, 7.85e-08
2018-08-05, 01:39:51, 0.0, 7.84e-08
2018-08-05, 01:39:53, 0.0, 7.84e-08
2018-08-05, 01:39:55, 0.0, 7.84e-08
2018-08-05, 01:39:57, 0.0, 7.79e-08
2018-08-05, 01:40:00, 0.0, 7.76e-08
2018-08-05, 01:40:02, 0.0, 7.82e-08
2018-08-05, 01:40:04, 0.0, 7.84e-08
2018-08-05, 01:40:06, 0.0, 7.87e-08
2018-08-05, 01:40:08, 0.0, 7.79e-08
2018-08-05, 01:40:10, 0.0, 7.79e-08
2018-08-05, 01:40:12, 0.0, 7.88e-08
2018-08-05, 01:40:14, 0.0, 7.79e-08
2018-08-05, 01:40:17, 0.0, 7.88e-08
2018-08-05, 01:40:19, 0.0, 7.86e-08
2018-08-05, 01:40:21, 0.0, 7.71e-08
2018-08-05, 01:40:23, 0.0, 7.8e-08
2018-08-05, 01:40:25, 0.0, 7.79e-08
2018-08-05, 01:40:27, 0.0, 7.89e-08
2018-08-05, 01:40:29, 0.0, 7.82e-08
2018-08-05, 01:40:31, 0.0, 7.78e-08
2018-08-05, 01:40:34, 0.0, 7.78e-08
2018-08-05, 01:40:36, 0.0, 7.77e-08
2018-08-05, 01:40:38, 0.0, 7.9e-08
2018-08-05, 01:40:40, 0.0, 7.77e-08
2018-08-05, 01:40:42, 0.0, 7.75e-08
2018-08-05, 01:40:44, 0.0, 7.74e-08
2018-08-05, 01:40:46, 0.0, 7.74e-08
2018-08-05, 01:40:48, 0.0, 7.8e-08
2018-08-05, 01:40:51, 0.0, 7.78e-08
2018-08-05, 01:40:53, 0.0, 7.83e-08
2018-08-05, 01:40:55, 0.0, 7.81e-08
2018-08-05, 01:40:57, 0.0, 7.79e-08
2018-08-05, 01:40:59, 0.0, 7.82e-08
2018-08-05, 01:41:01, 0.0, 7.85e-08
2018-08-05, 01:41:03, 0.0, 7.85e-08
2018-08-05, 01:41:06, 0.0, 7.8e-08
2018-08-05, 01:41:08, 0.0, 7.79e-08
2018-08-05, 01:41:10, 0.0, 7.8e-08
2018-08-05, 01:41:12, 0.0, 7.73e-08
2018-08-05, 01:41:14, 0.0, 7.81e-08
2018-08-05, 01:41:16, 0.0, 7.77e-08
2018-08-05, 01:41:18, 0.0, 7.76e-08
2018-08-05, 01:41:20, 0.0, 7.82e-08
2018-08-05, 01:41:23, 0.0, 7.84e-08
2018-08-05, 01:41:25, 0.0, 7.81e-08
2018-08-05, 01:41:27, 0.0, 7.83e-08
2018-08-05, 01:41:29, 0.0, 7.8e-08
2018-08-05, 01:41:31, 0.0, 7.76e-08
2018-08-05, 01:41:33, 0.0, 7.8e-08
2018-08-05, 01:41:35, 0.0, 7.78e-08
2018-08-05, 01:41:37, 0.0, 7.77e-08
2018-08-05, 01:41:40, 0.0, 7.83e-08
2018-08-05, 01:41:42, 0.0, 7.87e-08
2018-08-05, 01:41:44, 0.0, 7.81e-08
2018-08-05, 01:41:46, 0.0, 7.87e-08
2018-08-05, 01:41:48, 0.0, 7.82e-08
2018-08-05, 01:41:50, 0.0, 7.87e-08
2018-08-05, 01:41:52, 0.0, 7.86e-08
2018-08-05, 01:41:54, 0.0, 7.83e-08
2018-08-05, 01:41:57, 0.0, 7.85e-08
2018-08-05, 01:41:59, 0.0, 7.86e-08
2018-08-05, 01:42:01, 0.0, 7.83e-08
2018-08-05, 01:42:03, 0.0, 7.81e-08
2018-08-05, 01:42:05, 0.0, 7.89e-08
2018-08-05, 01:42:07, 0.0, 7.83e-08
2018-08-05, 01:42:09, 0.0, 7.85e-08
2018-08-05, 01:42:11, 0.0, 7.86e-08
2018-08-05, 01:42:14, 0.0, 7.87e-08
2018-08-05, 01:42:16, 0.0, 7.85e-08
2018-08-05, 01:42:18, 0.0, 7.83e-08
2018-08-05, 01:42:20, 0.0, 7.83e-08
2018-08-05, 01:42:22, 0.0, 7.74e-08
2018-08-05, 01:42:24, 0.0, 7.86e-08
2018-08-05, 01:42:26, 0.0, 7.89e-08
2018-08-05, 01:42:28, 0.0, 7.91e-08
2018-08-05, 01:42:31, 0.0, 7.86e-08
2018-08-05, 01:42:33, 0.0, 7.81e-08
2018-08-05, 01:42:35, 0.0, 7.79e-08
2018-08-05, 01:42:37, 0.0, 7.87e-08
2018-08-05, 01:42:39, 0.0, 7.85e-08
2018-08-05, 01:42:41, 0.0, 7.95e-08
2018-08-05, 01:42:43, 0.0, 7.81e-08
2018-08-05, 01:42:45, 0.0, 7.81e-08
2018-08-05, 01:42:48, 0.0, 7.85e-08
2018-08-05, 01:42:50, 0.0, 7.81e-08
2018-08-05, 01:42:52, 0.0, 7.79e-08
2018-08-05, 01:42:54, 0.0, 7.81e-08
2018-08-05, 01:42:56, 0.0, 7.87e-08
2018-08-05, 01:42:58, 0.0, 7.93e-08
2018-08-05, 01:43:00, 0.0, 7.84e-08
2018-08-05, 01:43:02, 0.0, 7.84e-08
2018-08-05, 01:43:05, 0.0, 7.82e-08
2018-08-05, 01:43:07, 0.0, 7.84e-08
2018-08-05, 01:43:09, 0.0, 7.85e-08
2018-08-05, 01:43:11, 0.0, 7.81e-08
2018-08-05, 01:43:13, 0.0, 7.83e-08
2018-08-05, 01:43:15, 0.0, 7.84e-08
2018-08-05, 01:43:17, 0.0, 7.8e-08
2018-08-05, 01:43:19, 0.0, 7.83e-08
2018-08-05, 01:43:22, 0.0, 7.79e-08
2018-08-05, 01:43:24, 0.0, 7.85e-08
2018-08-05, 01:43:26, 0.0, 7.8e-08
2018-08-05, 01:43:28, 0.0, 7.83e-08
2018-08-05, 01:43:30, 0.0, 7.87e-08
2018-08-05, 01:43:32, 0.0, 7.84e-08
2018-08-05, 01:43:34, 0.0, 7.83e-08
2018-08-05, 01:43:37, 0.0, 7.83e-08
2018-08-05, 01:43:39, 0.0, 7.81e-08
2018-08-05, 01:43:41, 0.0, 7.86e-08
2018-08-05, 01:43:43, 0.0, 7.84e-08
2018-08-05, 01:43:45, 0.0, 7.81e-08
2018-08-05, 01:43:47, 0.0, 7.79e-08
2018-08-05, 01:43:49, 0.0, 7.93e-08
2018-08-05, 01:43:51, 0.0, 7.89e-08
2018-08-05, 01:43:54, 0.0, 7.79e-08
2018-08-05, 01:43:56, 0.0, 7.87e-08
2018-08-05, 01:43:58, 0.0, 7.81e-08
2018-08-05, 01:44:00, 0.0, 7.83e-08
2018-08-05, 01:44:02, 0.0, 7.87e-08
2018-08-05, 01:44:04, 0.0, 7.8e-08
2018-08-05, 01:44:06, 0.0, 7.9e-08
2018-08-05, 01:44:08, 0.0, 7.91e-08
2018-08-05, 01:44:11, 0.0, 7.81e-08
2018-08-05, 01:44:13, 0.0, 7.89e-08
2018-08-05, 01:44:15, 0.0, 7.86e-08
2018-08-05, 01:44:17, 0.0, 7.83e-08
2018-08-05, 01:44:19, 0.0, 7.86e-08
2018-08-05, 01:44:21, 0.0, 7.86e-08
2018-08-05, 01:44:23, 0.0, 7.82e-08
2018-08-05, 01:44:25, 0.0, 7.87e-08
2018-08-05, 01:44:28, 0.0, 7.82e-08
2018-08-05, 01:44:30, 0.0, 7.86e-08
2018-08-05, 01:44:32, 0.0, 7.84e-08
2018-08-05, 01:44:34, 0.0, 7.84e-08
2018-08-05, 01:44:36, 0.0, 7.91e-08
2018-08-05, 01:44:38, 0.0, 7.79e-08
2018-08-05, 01:44:40, 0.0, 7.8e-08
2018-08-05, 01:44:42, 0.0, 7.79e-08
2018-08-05, 01:44:45, 0.0, 7.84e-08
2018-08-05, 01:44:47, 0.0, 7.89e-08
2018-08-05, 01:44:49, 0.0, 7.86e-08
2018-08-05, 01:44:51, 0.0, 7.87e-08
2018-08-05, 01:44:53, 0.0, 7.91e-08
2018-08-05, 01:44:55, 0.0, 7.87e-08
2018-08-05, 01:44:57, 0.0, 7.77e-08
2018-08-05, 01:44:59, 0.0, 7.83e-08
2018-08-05, 01:45:02, 0.0, 7.79e-08
2018-08-05, 01:45:04, 0.0, 7.85e-08
2018-08-05, 01:45:06, 0.0, 7.79e-08
2018-08-05, 01:45:08, 0.0, 7.79e-08
2018-08-05, 01:45:10, 0.0, 7.87e-08
2018-08-05, 01:45:12, 0.0, 7.81e-08
2018-08-05, 01:45:14, 0.0, 7.82e-08
2018-08-05, 01:45:16, 0.0, 7.87e-08
2018-08-05, 01:45:19, 0.0, 7.81e-08
2018-08-05, 01:45:21, 0.0, 7.88e-08
2018-08-05, 01:45:23, 0.0, 7.88e-08
2018-08-05, 01:45:25, 0.0, 7.85e-08
2018-08-05, 01:45:27, 0.0, 7.82e-08
2018-08-05, 01:45:29, 0.0, 7.85e-08
2018-08-05, 01:45:31, 0.0, 7.92e-08
2018-08-05, 01:45:34, 0.0, 7.87e-08
2018-08-05, 01:45:36, 0.0, 7.79e-08
2018-08-05, 01:45:38, 0.0, 7.87e-08
2018-08-05, 01:45:40, 0.0, 7.88e-08
2018-08-05, 01:45:42, 0.0, 7.82e-08
2018-08-05, 01:45:44, 0.0, 7.87e-08
2018-08-05, 01:45:46, 0.0, 7.84e-08
2018-08-05, 01:45:48, 0.0, 7.83e-08
2018-08-05, 01:45:51, 0.0, 7.83e-08
2018-08-05, 01:45:53, 0.0, 7.86e-08
2018-08-05, 01:45:55, 0.0, 7.87e-08
2018-08-05, 01:45:57, 0.0, 7.9e-08
2018-08-05, 01:45:59, 0.0, 7.83e-08
2018-08-05, 01:46:01, 0.0, 7.89e-08
2018-08-05, 01:46:03, 0.0, 7.85e-08
2018-08-05, 01:46:05, 0.0, 7.83e-08
2018-08-05, 01:46:08, 0.0, 7.86e-08
2018-08-05, 01:46:10, 0.0, 7.87e-08
2018-08-05, 01:46:12, 0.0, 7.85e-08
2018-08-05, 01:46:14, 0.0, 7.92e-08
2018-08-05, 01:46:16, 0.0, 7.86e-08
2018-08-05, 01:46:18, 0.0, 7.81e-08
2018-08-05, 01:46:20, 0.0, 7.81e-08
2018-08-05, 01:46:22, 0.0, 7.86e-08
2018-08-05, 01:46:25, 0.0, 7.83e-08
2018-08-05, 01:46:27, 0.0, 7.87e-08
2018-08-05, 01:46:29, 0.0, 7.83e-08
2018-08-05, 01:46:31, 0.0, 7.9e-08
2018-08-05, 01:46:33, 0.0, 7.74e-08
2018-08-05, 01:46:35, 0.0, 7.82e-08
2018-08-05, 01:46:37, 0.0, 7.76e-08
2018-08-05, 01:46:39, 0.0, 7.81e-08
2018-08-05, 01:46:42, 0.0, 7.83e-08
2018-08-05, 01:46:44, 0.0, 7.81e-08
2018-08-05, 01:46:46, 0.0, 7.85e-08
2018-08-05, 01:46:48, 0.0, 7.84e-08
2018-08-05, 01:46:50, 0.0, 7.87e-08
2018-08-05, 01:46:52, 0.0, 7.8e-08
2018-08-05, 01:46:54, 0.0, 7.78e-08
2018-08-05, 01:46:56, 0.0, 7.77e-08
2018-08-05, 01:46:59, 0.0, 7.82e-08
2018-08-05, 01:47:01, 0.0, 7.9e-08
2018-08-05, 01:47:03, 0.0, 7.97e-08
2018-08-05, 01:47:05, 0.0, 7.83e-08
2018-08-05, 01:47:07, 0.0, 7.81e-08
2018-08-05, 01:47:09, 0.0, 7.76e-08
2018-08-05, 01:47:11, 0.0, 7.81e-08
2018-08-05, 01:47:14, 0.0, 7.82e-08
2018-08-05, 01:47:16, 0.0, 7.86e-08
2018-08-05, 01:47:18, 0.0, 7.88e-08
2018-08-05, 01:47:20, 0.0, 7.8e-08
2018-08-05, 01:47:22, 0.0, 7.81e-08
2018-08-05, 01:47:24, 0.0, 7.9e-08
2018-08-05, 01:47:26, 0.0, 7.82e-08
2018-08-05, 01:47:28, 0.0, 7.83e-08
2018-08-05, 01:47:31, 0.0, 7.95e-08
2018-08-05, 01:47:33, 0.0, 7.91e-08
2018-08-05, 01:47:35, 0.0, 7.82e-08
2018-08-05, 01:47:37, 0.0, 7.9e-08
2018-08-05, 01:47:39, 0.0, 7.94e-08
2018-08-05, 01:47:41, 0.0, 7.73e-08
2018-08-05, 01:47:43, 0.0, 7.79e-08
2018-08-05, 01:47:45, 0.0, 7.85e-08
2018-08-05, 01:47:48, 0.0, 7.88e-08
2018-08-05, 01:47:50, 0.0, 7.84e-08
2018-08-05, 01:47:52, 0.0, 7.8e-08
2018-08-05, 01:47:54, 0.0, 7.86e-08
2018-08-05, 01:47:56, 0.0, 7.83e-08
2018-08-05, 01:47:58, 0.0, 7.86e-08
2018-08-05, 01:48:00, 0.0, 7.87e-08
2018-08-05, 01:48:02, 0.0, 7.81e-08
2018-08-05, 01:48:05, 0.0, 7.8e-08
2018-08-05, 01:48:07, 0.0, 7.91e-08
2018-08-05, 01:48:09, 0.0, 7.87e-08
2018-08-05, 01:48:11, 0.0, 7.84e-08
2018-08-05, 01:48:13, 0.0, 7.86e-08
2018-08-05, 01:48:15, 0.0, 7.8e-08
2018-08-05, 01:48:17, 0.0, 7.85e-08
2018-08-05, 01:48:19, 0.0, 7.86e-08
2018-08-05, 01:48:22, 0.0, 7.86e-08
2018-08-05, 01:48:24, 0.0, 7.92e-08
2018-08-05, 01:48:26, 0.0, 7.85e-08
2018-08-05, 01:48:28, 0.0, 7.85e-08
2018-08-05, 01:48:30, 0.0, 7.9e-08
2018-08-05, 01:48:32, 0.0, 7.82e-08
2018-08-05, 01:48:34, 0.0, 7.87e-08
2018-08-05, 01:48:36, 0.0, 7.84e-08
2018-08-05, 01:48:39, 0.0, 7.81e-08
2018-08-05, 01:48:41, 0.0, 7.81e-08
2018-08-05, 01:48:43, 0.0, 7.86e-08
2018-08-05, 01:48:45, 0.0, 7.81e-08
2018-08-05, 01:48:47, 0.0, 7.88e-08
2018-08-05, 01:48:49, 0.0, 7.84e-08
2018-08-05, 01:48:51, 0.0, 7.8e-08
2018-08-05, 01:48:53, 0.0, 7.89e-08
2018-08-05, 01:48:56, 0.0, 7.83e-08
2018-08-05, 01:48:58, 0.0, 7.81e-08
2018-08-05, 01:49:00, 0.0, 7.89e-08
2018-08-05, 01:49:02, 0.0, 7.83e-08
2018-08-05, 01:49:04, 0.0, 7.83e-08
2018-08-05, 01:49:06, 0.0, 7.79e-08
2018-08-05, 01:49:08, 0.0, 7.94e-08
2018-08-05, 01:49:10, 0.0, 7.84e-08
2018-08-05, 01:49:13, 0.0, 7.95e-08
2018-08-05, 01:49:15, 0.0, 7.83e-08
2018-08-05, 01:49:17, 0.0, 7.82e-08
2018-08-05, 01:49:19, 0.0, 7.88e-08
2018-08-05, 01:49:21, 0.0, 7.82e-08
2018-08-05, 01:49:23, 0.0, 7.85e-08
2018-08-05, 01:49:25, 0.0, 7.85e-08
2018-08-05, 01:49:27, 0.0, 7.81e-08
2018-08-05, 01:49:30, 0.0, 7.94e-08
2018-08-05, 01:49:32, 0.0, 7.82e-08
2018-08-05, 01:49:34, 0.0, 7.82e-08
2018-08-05, 01:49:36, 0.0, 7.79e-08
2018-08-05, 01:49:38, 0.0, 7.84e-08
2018-08-05, 01:49:40, 0.0, 7.86e-08
2018-08-05, 01:49:42, 0.0, 7.87e-08
2018-08-05, 01:49:44, 0.0, 7.79e-08
2018-08-05, 01:49:47, 0.0, 7.84e-08
2018-08-05, 01:49:49, 0.0, 7.77e-08
2018-08-05, 01:49:51, 0.0, 7.79e-08
2018-08-05, 01:49:53, 0.0, 7.8e-08
2018-08-05, 01:49:55, 0.0, 7.79e-08
2018-08-05, 01:49:57, 0.0, 7.83e-08
2018-08-05, 01:49:59, 0.0, 7.87e-08
2018-08-05, 01:50:01, 0.0, 7.83e-08
2018-08-05, 01:50:04, 0.0, 7.8e-08
2018-08-05, 01:50:06, 0.0, 7.82e-08
2018-08-05, 01:50:08, 0.0, 7.86e-08
2018-08-05, 01:50:10, 0.0, 7.78e-08
2018-08-05, 01:50:12, 0.0, 7.77e-08
2018-08-05, 01:50:14, 0.0, 7.81e-08
2018-08-05, 01:50:16, 0.0, 7.83e-08
2018-08-05, 01:50:19, 0.0, 7.82e-08
2018-08-05, 01:50:21, 0.0, 7.9e-08
2018-08-05, 01:50:23, 0.0, 7.81e-08
2018-08-05, 01:50:25, 0.0, 7.82e-08
2018-08-05, 01:50:27, 0.0, 7.83e-08
2018-08-05, 01:50:29, 0.0, 7.82e-08
2018-08-05, 01:50:31, 0.0, 7.89e-08
2018-08-05, 01:50:33, 0.0, 7.77e-08
2018-08-05, 01:50:36, 0.0, 7.81e-08
2018-08-05, 01:50:38, 0.0, 7.91e-08
2018-08-05, 01:50:40, 0.0, 7.81e-08
2018-08-05, 01:50:42, 0.0, 7.84e-08
2018-08-05, 01:50:44, 0.0, 7.89e-08
2018-08-05, 01:50:46, 0.0, 7.91e-08
2018-08-05, 01:50:48, 0.0, 7.85e-08
2018-08-05, 01:50:50, 0.0, 7.89e-08
2018-08-05, 01:50:53, 0.0, 7.79e-08
2018-08-05, 01:50:55, 0.0, 7.84e-08
2018-08-05, 01:50:57, 0.0, 7.86e-08
2018-08-05, 01:50:59, 0.0, 7.88e-08
2018-08-05, 01:51:01, 0.0, 7.8e-08
2018-08-05, 01:51:03, 0.0, 7.89e-08
2018-08-05, 01:51:05, 0.0, 7.9e-08
2018-08-05, 01:51:07, 0.0, 7.86e-08
2018-08-05, 01:51:10, 0.0, 7.9e-08
2018-08-05, 01:51:12, 0.0, 7.87e-08
2018-08-05, 01:51:14, 0.0, 7.92e-08
2018-08-05, 01:51:16, 0.0, 7.9e-08
2018-08-05, 01:51:18, 0.0, 7.8e-08
2018-08-05, 01:51:20, 0.0, 7.86e-08
2018-08-05, 01:51:22, 0.0, 7.86e-08
2018-08-05, 01:51:24, 0.0, 7.86e-08
2018-08-05, 01:51:27, 0.0, 7.81e-08
2018-08-05, 01:51:29, 0.0, 7.78e-08
2018-08-05, 01:51:31, 0.0, 7.83e-08
2018-08-05, 01:51:33, 0.0, 7.84e-08
2018-08-05, 01:51:35, 0.0, 7.79e-08
2018-08-05, 01:51:37, 0.0, 7.77e-08
2018-08-05, 01:51:39, 0.0, 7.87e-08
2018-08-05, 01:51:41, 0.0, 7.83e-08
2018-08-05, 01:51:44, 0.0, 7.9e-08
2018-08-05, 01:51:46, 0.0, 7.83e-08
2018-08-05, 01:51:48, 0.0, 7.88e-08
2018-08-05, 01:51:50, 0.0, 7.81e-08
2018-08-05, 01:51:52, 0.0, 7.86e-08
2018-08-05, 01:51:54, 0.0, 7.81e-08
2018-08-05, 01:51:56, 0.0, 7.9e-08
2018-08-05, 01:51:58, 0.0, 7.87e-08
2018-08-05, 01:52:01, 0.0, 7.8e-08
2018-08-05, 01:52:03, 0.0, 7.84e-08
2018-08-05, 01:52:05, 0.0, 7.87e-08
2018-08-05, 01:52:07, 0.0, 7.88e-08
2018-08-05, 01:52:09, 0.0, 7.84e-08
2018-08-05, 01:52:11, 0.0, 7.78e-08
2018-08-05, 01:52:13, 0.0, 7.81e-08
2018-08-05, 01:52:15, 0.0, 7.88e-08
2018-08-05, 01:52:18, 0.0, 7.84e-08
2018-08-05, 01:52:20, 0.0, 7.84e-08
2018-08-05, 01:52:22, 0.0, 7.95e-08
2018-08-05, 01:52:24, 0.0, 7.82e-08
2018-08-05, 01:52:26, 0.0, 7.81e-08
2018-08-05, 01:52:28, 0.0, 7.89e-08
2018-08-05, 01:52:30, 0.0, 7.85e-08
2018-08-05, 01:52:32, 0.0, 7.82e-08
2018-08-05, 01:52:35, 0.0, 7.81e-08
2018-08-05, 01:52:37, 0.0, 7.82e-08
2018-08-05, 01:52:39, 0.0, 7.75e-08
2018-08-05, 01:52:41, 0.0, 7.86e-08
2018-08-05, 01:52:43, 0.0, 7.82e-08
2018-08-05, 01:52:45, 0.0, 7.88e-08
2018-08-05, 01:52:47, 0.0, 7.84e-08
2018-08-05, 01:52:49, 0.0, 7.79e-08
2018-08-05, 01:52:52, 0.0, 7.74e-08
2018-08-05, 01:52:54, 0.0, 7.72e-08
2018-08-05, 01:52:56, 0.0, 7.86e-08
2018-08-05, 01:52:58, 0.0, 7.76e-08
2018-08-05, 01:53:00, 0.0, 7.74e-08
2018-08-05, 01:53:02, 0.0, 7.88e-08
2018-08-05, 01:53:04, 0.0, 7.77e-08
2018-08-05, 01:53:06, 0.0, 7.81e-08
2018-08-05, 01:53:09, 0.0, 7.77e-08
2018-08-05, 01:53:11, 0.0, 7.73e-08
2018-08-05, 01:53:13, 0.0, 7.83e-08
2018-08-05, 01:53:15, 0.0, 7.85e-08
2018-08-05, 01:53:17, 0.0, 7.92e-08
2018-08-05, 01:53:19, 0.0, 7.77e-08
2018-08-05, 01:53:21, 0.0, 7.9e-08
2018-08-05, 01:53:23, 0.0, 7.83e-08
2018-08-05, 01:53:26, 0.0, 7.82e-08
2018-08-05, 01:53:28, 0.0, 7.81e-08
2018-08-05, 01:53:30, 0.0, 7.83e-08
2018-08-05, 01:53:32, 0.0, 7.85e-08
2018-08-05, 01:53:34, 0.0, 7.84e-08
2018-08-05, 01:53:36, 0.0, 7.81e-08
2018-08-05, 01:53:38, 0.0, 7.85e-08
2018-08-05, 01:53:40, 0.0, 7.81e-08
2018-08-05, 01:53:43, 0.0, 7.81e-08
2018-08-05, 01:53:45, 0.0, 7.76e-08
2018-08-05, 01:53:47, 0.0, 7.83e-08
2018-08-05, 01:53:49, 0.0, 7.84e-08
2018-08-05, 01:53:51, 0.0, 7.82e-08
2018-08-05, 01:53:53, 0.0, 7.82e-08
2018-08-05, 01:53:55, 0.0, 7.84e-08
2018-08-05, 01:53:57, 0.0, 7.93e-08
2018-08-05, 01:54:00, 0.0, 7.86e-08
2018-08-05, 01:54:02, 0.0, 7.87e-08
2018-08-05, 01:54:04, 0.0, 7.92e-08
2018-08-05, 01:54:06, 0.0, 7.92e-08
2018-08-05, 01:54:08, 0.0, 7.8e-08
2018-08-05, 01:54:10, 0.0, 7.84e-08
2018-08-05, 01:54:12, 0.0, 7.85e-08
2018-08-05, 01:54:15, 0.0, 7.83e-08
2018-08-05, 01:54:17, 0.0, 7.86e-08
2018-08-05, 01:54:19, 0.0, 7.88e-08
2018-08-05, 01:54:21, 0.0, 7.85e-08
2018-08-05, 01:54:23, 0.0, 7.84e-08
2018-08-05, 01:54:25, 0.0, 7.81e-08
2018-08-05, 01:54:27, 0.0, 7.87e-08
2018-08-05, 01:54:29, 0.0, 7.87e-08
2018-08-05, 01:54:32, 0.0, 7.84e-08
2018-08-05, 01:54:34, 0.0, 7.88e-08
2018-08-05, 01:54:36, 0.0, 7.87e-08
2018-08-05, 01:54:38, 0.0, 7.84e-08
2018-08-05, 01:54:40, 0.0, 7.79e-08
2018-08-05, 01:54:42, 0.0, 7.81e-08
2018-08-05, 01:54:44, 0.0, 7.82e-08
2018-08-05, 01:54:46, 0.0, 7.83e-08
2018-08-05, 01:54:49, 0.0, 7.82e-08
2018-08-05, 01:54:51, 0.0, 7.85e-08
2018-08-05, 01:54:53, 0.0, 7.89e-08
2018-08-05, 01:54:55, 0.0, 7.8e-08
2018-08-05, 01:54:57, 0.0, 7.8e-08
2018-08-05, 01:54:59, 0.0, 7.85e-08
2018-08-05, 01:55:01, 0.0, 7.81e-08
2018-08-05, 01:55:03, 0.0, 7.84e-08
2018-08-05, 01:55:06, 0.0, 7.83e-08
2018-08-05, 01:55:08, 0.0, 7.82e-08
2018-08-05, 01:55:10, 0.0, 7.75e-08
2018-08-05, 01:55:12, 0.0, 7.85e-08
2018-08-05, 01:55:14, 0.0, 7.79e-08
2018-08-05, 01:55:16, 0.0, 7.81e-08
2018-08-05, 01:55:18, 0.0, 7.79e-08
2018-08-05, 01:55:20, 0.0, 7.87e-08
2018-08-05, 01:55:23, 0.0, 7.87e-08
2018-08-05, 01:55:25, 0.0, 7.81e-08
2018-08-05, 01:55:27, 0.0, 7.83e-08
2018-08-05, 01:55:29, 0.0, 7.8e-08
2018-08-05, 01:55:31, 0.0, 7.86e-08
2018-08-05, 01:55:33, 0.0, 7.73e-08
2018-08-05, 01:55:35, 0.0, 7.82e-08
2018-08-05, 01:55:37, 0.0, 7.81e-08
2018-08-05, 01:55:40, 0.0, 7.8e-08
2018-08-05, 01:55:42, 0.0, 7.89e-08
2018-08-05, 01:55:44, 0.0, 7.83e-08
2018-08-05, 01:55:46, 0.0, 7.79e-08
2018-08-05, 01:55:48, 0.0, 7.8e-08
2018-08-05, 01:55:50, 0.0, 7.94e-08
2018-08-05, 01:55:52, 0.0, 7.85e-08
2018-08-05, 01:55:54, 0.0, 7.88e-08
2018-08-05, 01:55:57, 0.0, 7.83e-08
2018-08-05, 01:55:59, 0.0, 7.92e-08
2018-08-05, 01:56:01, 0.0, 7.83e-08
2018-08-05, 01:56:03, 0.0, 7.8e-08
2018-08-05, 01:56:05, 0.0, 7.79e-08
2018-08-05, 01:56:07, 0.0, 7.82e-08
2018-08-05, 01:56:09, 0.0, 7.88e-08
2018-08-05, 01:56:12, 0.0, 7.81e-08
2018-08-05, 01:56:14, 0.0, 7.86e-08
2018-08-05, 01:56:16, 0.0, 7.79e-08
2018-08-05, 01:56:18, 0.0, 7.77e-08
2018-08-05, 01:56:20, 0.0, 7.87e-08
2018-08-05, 01:56:22, 0.0, 7.81e-08
2018-08-05, 01:56:24, 0.0, 7.88e-08
2018-08-05, 01:56:26, 0.0, 7.87e-08
2018-08-05, 01:56:29, 0.0, 7.97e-08
2018-08-05, 01:56:31, 0.0, 7.88e-08
2018-08-05, 01:56:33, 0.0, 7.9e-08
2018-08-05, 01:56:35, 0.0, 7.82e-08
2018-08-05, 01:56:37, 0.0, 7.84e-08
2018-08-05, 01:56:39, 0.0, 7.8e-08
2018-08-05, 01:56:41, 0.0, 7.85e-08
2018-08-05, 01:56:43, 0.0, 7.79e-08
2018-08-05, 01:56:46, 0.0, 7.86e-08
2018-08-05, 01:56:48, 0.0, 7.83e-08
2018-08-05, 01:56:50, 0.0, 7.8e-08
2018-08-05, 01:56:52, 0.0, 7.76e-08
2018-08-05, 01:56:54, 0.0, 7.83e-08
2018-08-05, 01:56:56, 0.0, 7.81e-08
2018-08-05, 01:56:58, 0.0, 7.84e-08
2018-08-05, 01:57:00, 0.0, 7.83e-08
2018-08-05, 01:57:03, 0.0, 7.93e-08
2018-08-05, 01:57:05, 0.0, 7.97e-08
2018-08-05, 01:57:07, 0.0, 7.85e-08
2018-08-05, 01:57:09, 0.0, 7.87e-08
2018-08-05, 01:57:11, 0.0, 7.83e-08
2018-08-05, 01:57:13, 0.0, 7.95e-08
2018-08-05, 01:57:15, 0.0, 7.82e-08
2018-08-05, 01:57:17, 0.0, 7.81e-08
2018-08-05, 01:57:20, 0.0, 7.8e-08
2018-08-05, 01:57:22, 0.0, 7.84e-08
2018-08-05, 01:57:24, 0.0, 7.85e-08
2018-08-05, 01:57:26, 0.0, 7.92e-08
2018-08-05, 01:57:28, 0.0, 7.86e-08
2018-08-05, 01:57:30, 0.0, 7.8e-08
2018-08-05, 01:57:32, 0.0, 7.86e-08
2018-08-05, 01:57:34, 0.0, 7.79e-08
2018-08-05, 01:57:37, 0.0, 7.87e-08
2018-08-05, 01:57:39, 0.0, 7.86e-08
2018-08-05, 01:57:41, 0.0, 7.76e-08
2018-08-05, 01:57:43, 0.0, 7.91e-08
2018-08-05, 01:57:45, 0.0, 7.83e-08
2018-08-05, 01:57:47, 0.0, 7.92e-08
2018-08-05, 01:57:49, 0.0, 7.88e-08
2018-08-05, 01:57:51, 0.0, 7.81e-08
2018-08-05, 01:57:54, 0.0, 7.81e-08
2018-08-05, 01:57:56, 0.0, 7.84e-08
2018-08-05, 01:57:58, 0.0, 7.87e-08
2018-08-05, 01:58:00, 0.0, 7.87e-08
2018-08-05, 01:58:02, 0.0, 7.88e-08
2018-08-05, 01:58:04, 0.0, 7.87e-08
2018-08-05, 01:58:06, 0.0, 7.81e-08
2018-08-05, 01:58:08, 0.0, 7.91e-08
2018-08-05, 01:58:11, 0.0, 7.89e-08
2018-08-05, 01:58:13, 0.0, 7.78e-08
2018-08-05, 01:58:15, 0.0, 7.74e-08
2018-08-05, 01:58:17, 0.0, 7.89e-08
2018-08-05, 01:58:19, 0.0, 7.9e-08
2018-08-05, 01:58:21, 0.0, 7.79e-08
2018-08-05, 01:58:23, 0.0, 7.86e-08
2018-08-05, 01:58:25, 0.0, 7.83e-08
2018-08-05, 01:58:28, 0.0, 7.89e-08
2018-08-05, 01:58:30, 0.0, 7.81e-08
2018-08-05, 01:58:32, 0.0, 7.83e-08
2018-08-05, 01:58:34, 0.0, 7.84e-08
2018-08-05, 01:58:36, 0.0, 7.86e-08
2018-08-05, 01:58:38, 0.0, 7.84e-08
2018-08-05, 01:58:40, 0.0, 7.81e-08
2018-08-05, 01:58:42, 0.0, 7.75e-08
2018-08-05, 01:58:45, 0.0, 7.87e-08
2018-08-05, 01:58:47, 0.0, 7.87e-08
2018-08-05, 01:58:49, 0.0, 7.79e-08
2018-08-05, 01:58:51, 0.0, 7.86e-08
2018-08-05, 01:58:53, 0.0, 7.87e-08
2018-08-05, 01:58:55, 0.0, 7.85e-08
2018-08-05, 01:58:57, 0.0, 7.81e-08
2018-08-05, 01:58:59, 0.0, 7.8e-08
2018-08-05, 01:59:02, 0.0, 7.8e-08
2018-08-05, 01:59:04, 0.0, 7.88e-08
2018-08-05, 01:59:06, 0.0, 7.82e-08
2018-08-05, 01:59:08, 0.0, 7.88e-08
2018-08-05, 01:59:10, 0.0, 7.88e-08
2018-08-05, 01:59:12, 0.0, 7.84e-08
2018-08-05, 01:59:14, 0.0, 7.84e-08
2018-08-05, 01:59:17, 0.0, 7.81e-08
2018-08-05, 01:59:19, 0.0, 7.79e-08
2018-08-05, 01:59:21, 0.0, 7.8e-08
2018-08-05, 01:59:23, 0.0, 7.81e-08
2018-08-05, 01:59:25, 0.0, 7.87e-08
2018-08-05, 01:59:27, 0.0, 7.79e-08
2018-08-05, 01:59:29, 0.0, 7.83e-08
2018-08-05, 01:59:31, 0.0, 7.79e-08
2018-08-05, 01:59:34, 0.0, 7.8e-08
2018-08-05, 01:59:36, 0.0, 7.84e-08
2018-08-05, 01:59:38, 0.0, 7.85e-08
2018-08-05, 01:59:40, 0.0, 7.86e-08
2018-08-05, 01:59:42, 0.0, 7.81e-08
2018-08-05, 01:59:44, 0.0, 7.86e-08
2018-08-05, 01:59:46, 0.0, 7.84e-08
2018-08-05, 01:59:48, 0.0, 7.88e-08
2018-08-05, 01:59:51, 0.0, 7.87e-08
2018-08-05, 01:59:53, 0.0, 7.88e-08
2018-08-05, 01:59:55, 0.0, 7.9e-08
2018-08-05, 01:59:57, 0.0, 7.83e-08
2018-08-05, 01:59:59, 0.0, 7.85e-08
2018-08-05, 02:00:01, 0.0, 7.86e-08
2018-08-05, 02:00:03, 0.0, 7.83e-08
2018-08-05, 02:00:05, 0.0, 7.8e-08
2018-08-05, 02:00:08, 0.0, 7.91e-08
2018-08-05, 02:00:10, 0.0, 7.83e-08
2018-08-05, 02:00:12, 0.0, 7.88e-08
2018-08-05, 02:00:14, 0.0, 7.86e-08
2018-08-05, 02:00:16, 0.0, 7.83e-08
2018-08-05, 02:00:18, 0.0, 7.85e-08
2018-08-05, 02:00:20, 0.0, 7.78e-08
2018-08-05, 02:00:22, 0.0, 7.89e-08
2018-08-05, 02:00:25, 0.0, 7.84e-08
2018-08-05, 02:00:27, 0.0, 7.88e-08
2018-08-05, 02:00:29, 0.0, 7.84e-08
2018-08-05, 02:00:31, 0.0, 7.86e-08
2018-08-05, 02:00:33, 0.0, 7.83e-08
2018-08-05, 02:00:35, 0.0, 7.89e-08
2018-08-05, 02:00:37, 0.0, 7.85e-08
2018-08-05, 02:00:39, 0.0, 7.86e-08
2018-08-05, 02:00:42, 0.0, 7.84e-08
2018-08-05, 02:00:44, 0.0, 7.89e-08
2018-08-05, 02:00:46, 0.0, 7.91e-08
2018-08-05, 02:00:48, 0.0, 7.89e-08
2018-08-05, 02:00:50, 0.0, 7.82e-08
2018-08-05, 02:00:52, 0.0, 7.86e-08
2018-08-05, 02:00:54, 0.0, 7.89e-08
2018-08-05, 02:00:56, 0.0, 7.87e-08
2018-08-05, 02:00:59, 0.0, 7.87e-08
2018-08-05, 02:01:01, 0.0, 7.86e-08
2018-08-05, 02:01:03, 0.0, 7.86e-08
2018-08-05, 02:01:05, 0.0, 7.84e-08
2018-08-05, 02:01:07, 0.0, 7.83e-08
2018-08-05, 02:01:09, 0.0, 7.92e-08
2018-08-05, 02:01:11, 0.0, 7.92e-08
2018-08-05, 02:01:13, 0.0, 7.83e-08
2018-08-05, 02:01:16, 0.0, 7.88e-08
2018-08-05, 02:01:18, 0.0, 7.96e-08
2018-08-05, 02:01:20, 0.0, 7.87e-08
2018-08-05, 02:01:22, 0.0, 7.8e-08
2018-08-05, 02:01:24, 0.0, 7.89e-08
2018-08-05, 02:01:26, 0.0, 7.89e-08
2018-08-05, 02:01:28, 0.0, 7.86e-08
2018-08-05, 02:01:30, 0.0, 7.81e-08
2018-08-05, 02:01:33, 0.0, 7.81e-08
2018-08-05, 02:01:35, 0.0, 7.85e-08
2018-08-05, 02:01:37, 0.0, 7.87e-08
2018-08-05, 02:01:39, 0.0, 7.87e-08
2018-08-05, 02:01:41, 0.0, 7.89e-08
2018-08-05, 02:01:43, 0.0, 7.88e-08
2018-08-05, 02:01:45, 0.0, 7.98e-08
2018-08-05, 02:01:47, 0.0, 7.88e-08
2018-08-05, 02:01:50, 0.0, 7.81e-08
2018-08-05, 02:01:52, 0.0, 7.93e-08
2018-08-05, 02:01:54, 0.0, 7.85e-08
2018-08-05, 02:01:56, 0.0, 7.86e-08
2018-08-05, 02:01:58, 0.0, 7.94e-08
2018-08-05, 02:02:00, 0.0, 7.93e-08
2018-08-05, 02:02:02, 0.0, 7.93e-08
2018-08-05, 02:02:04, 0.0, 7.86e-08
2018-08-05, 02:02:07, 0.0, 7.9e-08
2018-08-05, 02:02:09, 0.0, 7.85e-08
2018-08-05, 02:02:11, 0.0, 7.89e-08
2018-08-05, 02:02:13, 0.0, 7.92e-08
2018-08-05, 02:02:15, 0.0, 7.85e-08
2018-08-05, 02:02:17, 0.0, 7.93e-08
2018-08-05, 02:02:19, 0.0, 7.81e-08
2018-08-05, 02:02:21, 0.0, 7.86e-08
2018-08-05, 02:02:24, 0.0, 7.94e-08
2018-08-05, 02:02:26, 0.0, 7.89e-08
2018-08-05, 02:02:28, 0.0, 7.85e-08
2018-08-05, 02:02:30, 0.0, 7.92e-08
2018-08-05, 02:02:32, 0.0, 7.79e-08
2018-08-05, 02:02:34, 0.0, 7.84e-08
2018-08-05, 02:02:36, 0.0, 7.86e-08
2018-08-05, 02:02:38, 0.0, 7.88e-08
2018-08-05, 02:02:41, 0.0, 7.85e-08
2018-08-05, 02:02:43, 0.0, 7.85e-08
2018-08-05, 02:02:45, 0.0, 7.93e-08
2018-08-05, 02:02:47, 0.0, 7.9e-08
2018-08-05, 02:02:49, 0.0, 7.91e-08
2018-08-05, 02:02:51, 0.0, 7.89e-08
2018-08-05, 02:02:53, 0.0, 7.88e-08
2018-08-05, 02:02:55, 0.0, 7.92e-08
2018-08-05, 02:02:58, 0.0, 7.88e-08
2018-08-05, 02:03:00, 0.0, 7.9e-08
2018-08-05, 02:03:02, 0.0, 7.84e-08
2018-08-05, 02:03:04, 0.0, 7.87e-08
2018-08-05, 02:03:06, 0.0, 7.87e-08
2018-08-05, 02:03:08, 0.0, 7.87e-08
2018-08-05, 02:03:10, 0.0, 7.82e-08
2018-08-05, 02:03:12, 0.0, 7.87e-08
2018-08-05, 02:03:15, 0.0, 7.93e-08
2018-08-05, 02:03:17, 0.0, 7.87e-08
2018-08-05, 02:03:19, 0.0, 7.91e-08
2018-08-05, 02:03:21, 0.0, 7.8e-08
2018-08-05, 02:03:23, 0.0, 7.93e-08
2018-08-05, 02:03:25, 0.0, 7.9e-08
2018-08-05, 02:03:27, 0.0, 7.88e-08
2018-08-05, 02:03:30, 0.0, 7.88e-08
2018-08-05, 02:03:32, 0.0, 7.92e-08
2018-08-05, 02:03:34, 0.0, 7.83e-08
2018-08-05, 02:03:36, 0.0, 7.88e-08
2018-08-05, 02:03:38, 0.0, 7.9e-08
2018-08-05, 02:03:40, 0.0, 7.88e-08
2018-08-05, 02:03:42, 0.0, 7.92e-08
2018-08-05, 02:03:44, 0.0, 7.86e-08
2018-08-05, 02:03:47, 0.0, 7.85e-08
2018-08-05, 02:03:49, 0.0, 7.92e-08
2018-08-05, 02:03:51, 0.0, 7.89e-08
2018-08-05, 02:03:53, 0.0, 7.89e-08
2018-08-05, 02:03:55, 0.0, 7.89e-08
2018-08-05, 02:03:57, 0.0, 7.93e-08
2018-08-05, 02:03:59, 0.0, 7.91e-08
2018-08-05, 02:04:01, 0.0, 7.91e-08
2018-08-05, 02:04:04, 0.0, 7.93e-08
2018-08-05, 02:04:06, 0.0, 7.91e-08
2018-08-05, 02:04:08, 0.0, 7.92e-08
2018-08-05, 02:04:10, 0.0, 7.97e-08
2018-08-05, 02:04:12, 0.0, 7.92e-08
2018-08-05, 02:04:14, 0.0, 7.92e-08
2018-08-05, 02:04:16, 0.0, 7.98e-08
2018-08-05, 02:04:18, 0.0, 7.94e-08
2018-08-05, 02:04:21, 0.0, 7.95e-08
2018-08-05, 02:04:23, 0.0, 7.91e-08
2018-08-05, 02:04:25, 0.0, 7.94e-08
2018-08-05, 02:04:27, 0.0, 7.91e-08
2018-08-05, 02:04:29, 0.0, 7.98e-08
2018-08-05, 02:04:31, 0.0, 7.86e-08
2018-08-05, 02:04:33, 0.0, 7.92e-08
2018-08-05, 02:04:35, 0.0, 7.99e-08
2018-08-05, 02:04:38, 0.0, 7.89e-08
2018-08-05, 02:04:40, 0.0, 8.01e-08
2018-08-05, 02:04:42, 0.0, 7.99e-08
2018-08-05, 02:04:44, 0.0, 7.85e-08
2018-08-05, 02:04:46, 0.0, 7.94e-08
2018-08-05, 02:04:48, 0.0, 7.88e-08
2018-08-05, 02:04:50, 0.0, 7.94e-08
2018-08-05, 02:04:52, 0.0, 7.88e-08
2018-08-05, 02:04:55, 0.0, 7.98e-08
2018-08-05, 02:04:57, 0.0, 7.9e-08
2018-08-05, 02:04:59, 0.0, 7.99e-08
2018-08-05, 02:05:01, 0.0, 7.97e-08
2018-08-05, 02:05:03, 0.0, 7.94e-08
2018-08-05, 02:05:05, 0.0, 7.97e-08
2018-08-05, 02:05:07, 0.0, 7.99e-08
2018-08-05, 02:05:09, 0.0, 7.96e-08
2018-08-05, 02:05:12, 0.0, 7.97e-08
2018-08-05, 02:05:14, 0.0, 7.89e-08
2018-08-05, 02:05:16, 0.0, 7.95e-08
2018-08-05, 02:05:18, 0.0, 7.92e-08
2018-08-05, 02:05:20, 0.0, 7.88e-08
2018-08-05, 02:05:22, 0.0, 7.94e-08
2018-08-05, 02:05:24, 0.0, 7.89e-08
2018-08-05, 02:05:26, 0.0, 7.96e-08
2018-08-05, 02:05:29, 0.0, 7.94e-08
2018-08-05, 02:05:31, 0.0, 7.96e-08
2018-08-05, 02:05:33, 0.0, 8e-08
2018-08-05, 02:05:35, 0.0, 8.02e-08
2018-08-05, 02:05:37, 0.0, 7.95e-08
2018-08-05, 02:05:39, 0.0, 7.99e-08
2018-08-05, 02:05:41, 0.0, 8.03e-08
2018-08-05, 02:05:44, 0.0, 8.02e-08
2018-08-05, 02:05:46, 0.0, 7.97e-08
2018-08-05, 02:05:48, 0.0, 7.98e-08
2018-08-05, 02:05:50, 0.0, 7.93e-08
2018-08-05, 02:05:52, 0.0, 7.9e-08
2018-08-05, 02:05:54, 0.0, 7.91e-08
2018-08-05, 02:05:56, 0.0, 7.9e-08
2018-08-05, 02:05:58, 0.0, 7.89e-08
2018-08-05, 02:06:01, 0.0, 7.9e-08
2018-08-05, 02:06:03, 0.0, 7.95e-08
2018-08-05, 02:06:05, 0.0, 7.96e-08
2018-08-05, 02:06:07, 0.0, 7.94e-08
2018-08-05, 02:06:09, 0.0, 8e-08
2018-08-05, 02:06:11, 0.0, 7.88e-08
2018-08-05, 02:06:13, 0.0, 7.95e-08
2018-08-05, 02:06:15, 0.0, 8e-08
2018-08-05, 02:06:18, 0.0, 7.9e-08
2018-08-05, 02:06:20, 0.0, 7.92e-08
2018-08-05, 02:06:22, 0.0, 7.93e-08
2018-08-05, 02:06:24, 0.0, 7.9e-08
2018-08-05, 02:06:26, 0.0, 7.94e-08
2018-08-05, 02:06:28, 0.0, 7.93e-08
2018-08-05, 02:06:30, 0.0, 7.85e-08
2018-08-05, 02:06:32, 0.0, 7.96e-08
2018-08-05, 02:06:35, 0.0, 7.93e-08
2018-08-05, 02:06:37, 0.0, 7.96e-08
2018-08-05, 02:06:39, 0.0, 7.92e-08
2018-08-05, 02:06:41, 0.0, 7.98e-08
2018-08-05, 02:06:43, 0.0, 7.91e-08
2018-08-05, 02:06:45, 0.0, 7.98e-08
2018-08-05, 02:06:47, 0.0, 7.92e-08
2018-08-05, 02:06:49, 0.0, 7.95e-08
2018-08-05, 02:06:52, 0.0, 7.88e-08
2018-08-05, 02:06:54, 0.0, 7.96e-08
2018-08-05, 02:06:56, 0.0, 7.95e-08
2018-08-05, 02:06:58, 0.0, 7.98e-08
2018-08-05, 02:07:00, 0.0, 7.89e-08
2018-08-05, 02:07:02, 0.0, 7.94e-08
2018-08-05, 02:07:04, 0.0, 7.92e-08
2018-08-05, 02:07:07, 0.0, 8.01e-08
2018-08-05, 02:07:09, 0.0, 7.99e-08
2018-08-05, 02:07:11, 0.0, 7.94e-08
2018-08-05, 02:07:13, 0.0, 7.93e-08
2018-08-05, 02:07:15, 0.0, 7.89e-08
2018-08-05, 02:07:17, 0.0, 7.9e-08
2018-08-05, 02:07:19, 0.0, 7.93e-08
2018-08-05, 02:07:21, 0.0, 7.9e-08
2018-08-05, 02:07:24, 0.0, 7.95e-08
2018-08-05, 02:07:26, 0.0, 7.95e-08
2018-08-05, 02:07:28, 0.0, 7.97e-08
2018-08-05, 02:07:30, 0.0, 7.98e-08
2018-08-05, 02:07:32, 0.0, 7.91e-08
2018-08-05, 02:07:34, 0.0, 7.93e-08
2018-08-05, 02:07:36, 0.0, 7.94e-08
2018-08-05, 02:07:38, 0.0, 7.96e-08
2018-08-05, 02:07:41, 0.0, 8.01e-08
2018-08-05, 02:07:43, 0.0, 7.95e-08
2018-08-05, 02:07:45, 0.0, 7.94e-08
2018-08-05, 02:07:47, 0.0, 7.9e-08
2018-08-05, 02:07:49, 0.0, 7.92e-08
2018-08-05, 02:07:51, 0.0, 7.88e-08
2018-08-05, 02:07:53, 0.0, 7.98e-08
2018-08-05, 02:07:55, 0.0, 7.83e-08
2018-08-05, 02:07:58, 0.0, 7.95e-08
2018-08-05, 02:08:00, 0.0, 7.93e-08
2018-08-05, 02:08:02, 0.0, 7.92e-08
2018-08-05, 02:08:04, 0.0, 7.95e-08
2018-08-05, 02:08:06, 0.0, 8e-08
2018-08-05, 02:08:08, 0.0, 7.97e-08
2018-08-05, 02:08:10, 0.0, 7.92e-08
2018-08-05, 02:08:12, 0.0, 7.97e-08
2018-08-05, 02:08:15, 0.0, 7.92e-08
2018-08-05, 02:08:17, 0.0, 7.99e-08
2018-08-05, 02:08:19, 0.0, 8.03e-08
2018-08-05, 02:08:21, 0.0, 7.92e-08
2018-08-05, 02:08:23, 0.0, 7.96e-08
2018-08-05, 02:08:25, 0.0, 7.96e-08
2018-08-05, 02:08:27, 0.0, 7.99e-08
2018-08-05, 02:08:29, 0.0, 7.97e-08
2018-08-05, 02:08:32, 0.0, 7.9e-08
2018-08-05, 02:08:34, 0.0, 7.97e-08
2018-08-05, 02:08:36, 0.0, 7.99e-08
2018-08-05, 02:08:38, 0.0, 7.95e-08
2018-08-05, 02:08:40, 0.0, 7.95e-08
2018-08-05, 02:08:42, 0.0, 7.94e-08
2018-08-05, 02:08:44, 0.0, 7.92e-08
2018-08-05, 02:08:46, 0.0, 7.95e-08
2018-08-05, 02:08:49, 0.0, 7.94e-08
2018-08-05, 02:08:51, 0.0, 7.88e-08
2018-08-05, 02:08:53, 0.0, 7.94e-08
2018-08-05, 02:08:55, 0.0, 7.93e-08
2018-08-05, 02:08:57, 0.0, 7.98e-08
2018-08-05, 02:08:59, 0.0, 7.94e-08
2018-08-05, 02:09:01, 0.0, 7.95e-08
2018-08-05, 02:09:03, 0.0, 7.92e-08
2018-08-05, 02:09:06, 0.0, 7.94e-08
2018-08-05, 02:09:08, 0.0, 7.95e-08
2018-08-05, 02:09:10, 0.0, 7.93e-08
2018-08-05, 02:09:12, 0.0, 7.94e-08
2018-08-05, 02:09:14, 0.0, 7.98e-08
2018-08-05, 02:09:16, 0.0, 7.94e-08
2018-08-05, 02:09:18, 0.0, 7.96e-08
2018-08-05, 02:09:21, 0.0, 7.91e-08
2018-08-05, 02:09:23, 0.0, 7.88e-08
2018-08-05, 02:09:25, 0.0, 7.89e-08
2018-08-05, 02:09:27, 0.0, 7.88e-08
2018-08-05, 02:09:29, 0.0, 7.91e-08
2018-08-05, 02:09:31, 0.0, 7.84e-08
2018-08-05, 02:09:33, 0.0, 7.91e-08
2018-08-05, 02:09:35, 0.0, 7.95e-08
2018-08-05, 02:09:38, 0.0, 7.92e-08
2018-08-05, 02:09:40, 0.0, 7.99e-08
2018-08-05, 02:09:42, 0.0, 8.04e-08
2018-08-05, 02:09:44, 0.0, 7.97e-08
2018-08-05, 02:09:46, 0.0, 7.99e-08
2018-08-05, 02:09:48, 0.0, 7.92e-08
2018-08-05, 02:09:50, 0.0, 7.94e-08
2018-08-05, 02:09:52, 0.0, 8.01e-08
2018-08-05, 02:09:55, 0.0, 7.96e-08
2018-08-05, 02:09:57, 0.0, 7.9e-08
2018-08-05, 02:09:59, 0.0, 7.98e-08
2018-08-05, 02:10:01, 0.0, 7.99e-08
2018-08-05, 02:10:03, 0.0, 8.01e-08
2018-08-05, 02:10:05, 0.0, 7.93e-08
2018-08-05, 02:10:07, 0.0, 7.99e-08
2018-08-05, 02:10:09, 0.0, 7.92e-08
2018-08-05, 02:10:12, 0.0, 7.88e-08
2018-08-05, 02:10:14, 0.0, 7.92e-08
2018-08-05, 02:10:16, 0.0, 7.81e-08
2018-08-05, 02:10:18, 0.0, 7.86e-08
2018-08-05, 02:10:20, 0.0, 7.94e-08
2018-08-05, 02:10:22, 0.0, 7.88e-08
2018-08-05, 02:10:24, 0.0, 7.85e-08
2018-08-05, 02:10:26, 0.0, 7.9e-08
2018-08-05, 02:10:29, 0.0, 7.87e-08
2018-08-05, 02:10:31, 0.0, 7.93e-08
2018-08-05, 02:10:33, 0.0, 7.86e-08
2018-08-05, 02:10:35, 0.0, 7.88e-08
2018-08-05, 02:10:37, 0.0, 7.88e-08
2018-08-05, 02:10:39, 0.0, 7.88e-08
2018-08-05, 02:10:41, 0.0, 7.91e-08
2018-08-05, 02:10:43, 0.0, 7.93e-08
2018-08-05, 02:10:46, 0.0, 7.93e-08
2018-08-05, 02:10:48, 0.0, 7.95e-08
2018-08-05, 02:10:50, 0.0, 8.02e-08
2018-08-05, 02:10:52, 0.0, 7.9e-08
2018-08-05, 02:10:54, 0.0, 7.93e-08
2018-08-05, 02:10:56, 0.0, 7.99e-08
2018-08-05, 02:10:58, 0.0, 7.95e-08
2018-08-05, 02:11:00, 0.0, 7.98e-08
2018-08-05, 02:11:03, 0.0, 7.94e-08
2018-08-05, 02:11:05, 0.0, 7.99e-08
2018-08-05, 02:11:07, 0.0, 7.94e-08
2018-08-05, 02:11:09, 0.0, 7.97e-08
2018-08-05, 02:11:11, 0.0, 7.83e-08
2018-08-05, 02:11:13, 0.0, 7.93e-08
2018-08-05, 02:11:15, 0.0, 7.9e-08
2018-08-05, 02:11:17, 0.0, 7.92e-08
2018-08-05, 02:11:20, 0.0, 7.97e-08
2018-08-05, 02:11:22, 0.0, 7.92e-08
2018-08-05, 02:11:24, 0.0, 8.04e-08
2018-08-05, 02:11:26, 0.0, 7.97e-08
2018-08-05, 02:11:28, 0.0, 7.96e-08
2018-08-05, 02:11:30, 0.0, 7.97e-08
2018-08-05, 02:11:32, 0.0, 7.92e-08
2018-08-05, 02:11:34, 0.0, 7.97e-08
2018-08-05, 02:11:37, 0.0, 7.97e-08
2018-08-05, 02:11:39, 0.0, 7.94e-08
2018-08-05, 02:11:41, 0.0, 7.87e-08
2018-08-05, 02:11:43, 0.0, 7.86e-08
2018-08-05, 02:11:45, 0.0, 7.91e-08
2018-08-05, 02:11:47, 0.0, 7.89e-08
2018-08-05, 02:11:49, 0.0, 8e-08
2018-08-05, 02:11:51, 0.0, 7.91e-08
2018-08-05, 02:11:54, 0.0, 7.93e-08
2018-08-05, 02:11:56, 0.0, 7.94e-08
2018-08-05, 02:11:58, 0.0, 7.85e-08
2018-08-05, 02:12:00, 0.0, 7.92e-08
2018-08-05, 02:12:02, 0.0, 7.98e-08
2018-08-05, 02:12:04, 0.0, 7.93e-08
2018-08-05, 02:12:06, 0.0, 7.94e-08
2018-08-05, 02:12:09, 0.0, 7.94e-08
2018-08-05, 02:12:11, 0.0, 7.97e-08
2018-08-05, 02:12:13, 0.0, 8.04e-08
2018-08-05, 02:12:15, 0.0, 7.99e-08
2018-08-05, 02:12:17, 0.0, 7.96e-08
2018-08-05, 02:12:19, 0.0, 8.02e-08
2018-08-05, 02:12:21, 0.0, 7.91e-08
2018-08-05, 02:12:23, 0.0, 7.94e-08
2018-08-05, 02:12:26, 0.0, 7.94e-08
2018-08-05, 02:12:28, 0.0, 7.94e-08
2018-08-05, 02:12:30, 0.0, 8.01e-08
2018-08-05, 02:12:32, 0.0, 8e-08
2018-08-05, 02:12:34, 0.0, 7.99e-08
2018-08-05, 02:12:36, 0.0, 7.92e-08
2018-08-05, 02:12:38, 0.0, 7.98e-08
2018-08-05, 02:12:40, 0.0, 7.95e-08
2018-08-05, 02:12:43, 0.0, 8.01e-08
2018-08-05, 02:12:45, 0.0, 7.95e-08
2018-08-05, 02:12:47, 0.0, 7.9e-08
2018-08-05, 02:12:49, 0.0, 7.96e-08
2018-08-05, 02:12:51, 0.0, 8.01e-08
2018-08-05, 02:12:53, 0.0, 7.97e-08
2018-08-05, 02:12:55, 0.0, 7.99e-08
2018-08-05, 02:12:57, 0.0, 7.92e-08
2018-08-05, 02:13:00, 0.0, 7.89e-08
2018-08-05, 02:13:02, 0.0, 7.93e-08
2018-08-05, 02:13:04, 0.0, 7.96e-08
2018-08-05, 02:13:06, 0.0, 7.99e-08
2018-08-05, 02:13:08, 0.0, 7.97e-08
2018-08-05, 02:13:10, 0.0, 7.89e-08
2018-08-05, 02:13:12, 0.0, 7.96e-08
2018-08-05, 02:13:15, 0.0, 7.89e-08
2018-08-05, 02:13:17, 0.0, 7.93e-08
2018-08-05, 02:13:19, 0.0, 7.94e-08
2018-08-05, 02:13:21, 0.0, 7.97e-08
2018-08-05, 02:13:23, 0.0, 7.97e-08
2018-08-05, 02:13:25, 0.0, 7.95e-08
2018-08-05, 02:13:27, 0.0, 7.87e-08
2018-08-05, 02:13:29, 0.0, 7.97e-08
2018-08-05, 02:13:32, 0.0, 7.95e-08
2018-08-05, 02:13:34, 0.0, 7.85e-08
2018-08-05, 02:13:36, 0.0, 7.92e-08
2018-08-05, 02:13:38, 0.0, 7.9e-08
2018-08-05, 02:13:40, 0.0, 7.9e-08
2018-08-05, 02:13:42, 0.0, 7.85e-08
2018-08-05, 02:13:44, 0.0, 7.87e-08
2018-08-05, 02:13:46, 0.0, 7.95e-08
2018-08-05, 02:13:49, 0.0, 7.9e-08
2018-08-05, 02:13:51, 0.0, 7.89e-08
2018-08-05, 02:13:53, 0.0, 7.91e-08
2018-08-05, 02:13:55, 0.0, 7.94e-08
2018-08-05, 02:13:57, 0.0, 7.92e-08
2018-08-05, 02:13:59, 0.0, 7.92e-08
2018-08-05, 02:14:01, 0.0, 7.98e-08
2018-08-05, 02:14:03, 0.0, 7.96e-08
2018-08-05, 02:14:06, 0.0, 7.85e-08
2018-08-05, 02:14:08, 0.0, 7.92e-08
2018-08-05, 02:14:10, 0.0, 7.86e-08
2018-08-05, 02:14:12, 0.0, 7.9e-08
2018-08-05, 02:14:14, 0.0, 7.93e-08
2018-08-05, 02:14:16, 0.0, 7.9e-08
2018-08-05, 02:14:18, 0.0, 7.94e-08
2018-08-05, 02:14:21, 0.0, 7.97e-08
2018-08-05, 02:14:23, 0.0, 7.89e-08
2018-08-05, 02:14:25, 0.0, 7.9e-08
2018-08-05, 02:14:27, 0.0, 7.91e-08
2018-08-05, 02:14:29, 0.0, 7.93e-08
2018-08-05, 02:14:31, 0.0, 7.98e-08
2018-08-05, 02:14:33, 0.0, 7.85e-08
2018-08-05, 02:14:35, 0.0, 7.97e-08
2018-08-05, 02:14:38, 0.0, 7.96e-08
2018-08-05, 02:14:40, 0.0, 7.89e-08
2018-08-05, 02:14:42, 0.0, 7.9e-08
2018-08-05, 02:14:44, 0.0, 7.93e-08
2018-08-05, 02:14:46, 0.0, 7.92e-08
2018-08-05, 02:14:48, 0.0, 7.94e-08
2018-08-05, 02:14:50, 0.0, 7.91e-08
2018-08-05, 02:14:52, 0.0, 8e-08
2018-08-05, 02:14:55, 0.0, 7.94e-08
2018-08-05, 02:14:57, 0.0, 7.89e-08
2018-08-05, 02:14:59, 0.0, 7.95e-08
2018-08-05, 02:15:01, 0.0, 7.86e-08
2018-08-05, 02:15:03, 0.0, 7.93e-08
2018-08-05, 02:15:05, 0.0, 7.88e-08
2018-08-05, 02:15:07, 0.0, 7.94e-08
2018-08-05, 02:15:09, 0.0, 7.95e-08
2018-08-05, 02:15:12, 0.0, 7.91e-08
2018-08-05, 02:15:14, 0.0, 7.91e-08
2018-08-05, 02:15:16, 0.0, 7.91e-08
2018-08-05, 02:15:18, 0.0, 7.95e-08
2018-08-05, 02:15:20, 0.0, 7.93e-08
2018-08-05, 02:15:22, 0.0, 7.91e-08
2018-08-05, 02:15:24, 0.0, 7.96e-08
2018-08-05, 02:15:26, 0.0, 7.94e-08
2018-08-05, 02:15:29, 0.0, 7.93e-08
2018-08-05, 02:15:31, 0.0, 7.93e-08
2018-08-05, 02:15:33, 0.0, 7.91e-08
2018-08-05, 02:15:35, 0.0, 7.91e-08
2018-08-05, 02:15:37, 0.0, 7.94e-08
2018-08-05, 02:15:39, 0.0, 7.94e-08
2018-08-05, 02:15:41, 0.0, 7.97e-08
2018-08-05, 02:15:43, 0.0, 7.9e-08
2018-08-05, 02:15:46, 0.0, 7.94e-08
2018-08-05, 02:15:48, 0.0, 8e-08
2018-08-05, 02:15:50, 0.0, 7.99e-08
2018-08-05, 02:15:52, 0.0, 7.98e-08
2018-08-05, 02:15:54, 0.0, 7.98e-08
2018-08-05, 02:15:56, 0.0, 7.95e-08
2018-08-05, 02:15:58, 0.0, 7.94e-08
2018-08-05, 02:16:00, 0.0, 7.89e-08
2018-08-05, 02:16:03, 0.0, 7.91e-08
2018-08-05, 02:16:05, 0.0, 8.02e-08
2018-08-05, 02:16:07, 0.0, 8.02e-08
2018-08-05, 02:16:09, 0.0, 7.98e-08
2018-08-05, 02:16:11, 0.0, 7.91e-08
2018-08-05, 02:16:13, 0.0, 8.05e-08
2018-08-05, 02:16:15, 0.0, 7.98e-08
2018-08-05, 02:16:17, 0.0, 7.87e-08
2018-08-05, 02:16:20, 0.0, 8.04e-08
2018-08-05, 02:16:22, 0.0, 7.96e-08
2018-08-05, 02:16:24, 0.0, 7.96e-08
2018-08-05, 02:16:26, 0.0, 7.98e-08
2018-08-05, 02:16:28, 0.0, 8.03e-08
2018-08-05, 02:16:30, 0.0, 8.04e-08
2018-08-05, 02:16:32, 0.0, 7.95e-08
2018-08-05, 02:16:34, 0.0, 7.98e-08
2018-08-05, 02:16:37, 0.0, 7.95e-08
2018-08-05, 02:16:39, 0.0, 8.02e-08
2018-08-05, 02:16:41, 0.0, 7.98e-08
2018-08-05, 02:16:43, 0.0, 7.96e-08
2018-08-05, 02:16:45, 0.0, 7.98e-08
2018-08-05, 02:16:47, 0.0, 7.96e-08
2018-08-05, 02:16:49, 0.0, 7.97e-08
2018-08-05, 02:16:52, 0.0, 7.93e-08
2018-08-05, 02:16:54, 0.0, 8e-08
2018-08-05, 02:16:56, 0.0, 7.95e-08
2018-08-05, 02:16:58, 0.0, 7.94e-08
2018-08-05, 02:17:00, 0.0, 7.85e-08
2018-08-05, 02:17:02, 0.0, 8e-08
2018-08-05, 02:17:04, 0.0, 7.96e-08
2018-08-05, 02:17:06, 0.0, 7.95e-08
2018-08-05, 02:17:09, 0.0, 7.98e-08
2018-08-05, 02:17:11, 0.0, 7.96e-08
2018-08-05, 02:17:13, 0.0, 7.98e-08
2018-08-05, 02:17:15, 0.0, 8.01e-08
2018-08-05, 02:17:17, 0.0, 7.97e-08
2018-08-05, 02:17:19, 0.0, 7.93e-08
2018-08-05, 02:17:21, 0.0, 7.95e-08
2018-08-05, 02:17:23, 0.0, 7.97e-08
2018-08-05, 02:17:26, 0.0, 7.98e-08
2018-08-05, 02:17:28, 0.0, 7.98e-08
2018-08-05, 02:17:30, 0.0, 7.98e-08
2018-08-05, 02:17:32, 0.0, 7.95e-08
2018-08-05, 02:17:34, 0.0, 7.96e-08
2018-08-05, 02:17:36, 0.0, 7.95e-08
2018-08-05, 02:17:38, 0.0, 7.9e-08
2018-08-05, 02:17:40, 0.0, 7.98e-08
2018-08-05, 02:17:43, 0.0, 7.93e-08
2018-08-05, 02:17:45, 0.0, 7.95e-08
2018-08-05, 02:17:47, 0.0, 7.94e-08
2018-08-05, 02:17:49, 0.0, 7.94e-08
2018-08-05, 02:17:51, 0.0, 7.95e-08
2018-08-05, 02:17:53, 0.0, 8.03e-08
2018-08-05, 02:17:55, 0.0, 7.94e-08
2018-08-05, 02:17:57, 0.0, 7.96e-08
2018-08-05, 02:18:00, 0.0, 7.89e-08
2018-08-05, 02:18:02, 0.0, 7.95e-08
2018-08-05, 02:18:04, 0.0, 7.95e-08
2018-08-05, 02:18:06, 0.0, 7.89e-08
2018-08-05, 02:18:08, 0.0, 7.96e-08
2018-08-05, 02:18:10, 0.0, 7.93e-08
2018-08-05, 02:18:12, 0.0, 8.01e-08
2018-08-05, 02:18:14, 0.0, 7.97e-08
2018-08-05, 02:18:17, 0.0, 7.9e-08
2018-08-05, 02:18:19, 0.0, 7.93e-08
2018-08-05, 02:18:21, 0.0, 7.97e-08
2018-08-05, 02:18:23, 0.0, 7.89e-08
2018-08-05, 02:18:25, 0.0, 7.96e-08
2018-08-05, 02:18:27, 0.0, 7.91e-08
2018-08-05, 02:18:29, 0.0, 7.96e-08
2018-08-05, 02:18:31, 0.0, 7.91e-08
2018-08-05, 02:18:34, 0.0, 8.02e-08
2018-08-05, 02:18:36, 0.0, 7.94e-08
2018-08-05, 02:18:38, 0.0, 7.9e-08
2018-08-05, 02:18:40, 0.0, 7.88e-08
2018-08-05, 02:18:42, 0.0, 7.89e-08
2018-08-05, 02:18:44, 0.0, 7.91e-08
2018-08-05, 02:18:46, 0.0, 7.86e-08
2018-08-05, 02:18:48, 0.0, 7.84e-08
2018-08-05, 02:18:51, 0.0, 7.88e-08
2018-08-05, 02:18:53, 0.0, 7.91e-08
2018-08-05, 02:18:55, 0.0, 7.86e-08
2018-08-05, 02:18:57, 0.0, 7.93e-08
2018-08-05, 02:18:59, 0.0, 7.88e-08
2018-08-05, 02:19:01, 0.0, 7.88e-08
2018-08-05, 02:19:03, 0.0, 7.97e-08
2018-08-05, 02:19:06, 0.0, 7.88e-08
2018-08-05, 02:19:08, 0.0, 7.86e-08
2018-08-05, 02:19:10, 0.0, 7.93e-08
2018-08-05, 02:19:12, 0.0, 7.92e-08
2018-08-05, 02:19:14, 0.0, 7.95e-08
2018-08-05, 02:19:16, 0.0, 7.92e-08
2018-08-05, 02:19:18, 0.0, 7.93e-08
2018-08-05, 02:19:20, 0.0, 7.89e-08
2018-08-05, 02:19:23, 0.0, 7.92e-08
2018-08-05, 02:19:25, 0.0, 7.89e-08
2018-08-05, 02:19:27, 0.0, 7.95e-08
2018-08-05, 02:19:29, 0.0, 7.8e-08
2018-08-05, 02:19:31, 0.0, 7.83e-08
2018-08-05, 02:19:33, 0.0, 7.93e-08
2018-08-05, 02:19:35, 0.0, 7.93e-08
2018-08-05, 02:19:37, 0.0, 7.96e-08
2018-08-05, 02:19:40, 0.0, 7.9e-08
2018-08-05, 02:19:42, 0.0, 7.93e-08
2018-08-05, 02:19:44, 0.0, 7.89e-08
2018-08-05, 02:19:46, 0.0, 7.92e-08
2018-08-05, 02:19:48, 0.0, 7.89e-08
2018-08-05, 02:19:50, 0.0, 7.94e-08
2018-08-05, 02:19:52, 0.0, 7.87e-08
2018-08-05, 02:19:54, 0.0, 7.84e-08
2018-08-05, 02:19:57, 0.0, 7.85e-08
2018-08-05, 02:19:59, 0.0, 7.93e-08
2018-08-05, 02:20:01, 0.0, 7.89e-08
2018-08-05, 02:20:03, 0.0, 7.88e-08
2018-08-05, 02:20:05, 0.0, 7.85e-08
2018-08-05, 02:20:07, 0.0, 7.85e-08
2018-08-05, 02:20:09, 0.0, 7.92e-08
2018-08-05, 02:20:11, 0.0, 7.9e-08
2018-08-05, 02:20:14, 0.0, 7.92e-08
2018-08-05, 02:20:16, 0.0, 7.9e-08
2018-08-05, 02:20:18, 0.0, 7.94e-08
2018-08-05, 02:20:20, 0.0, 7.95e-08
2018-08-05, 02:20:22, 0.0, 7.81e-08
2018-08-05, 02:20:24, 0.0, 7.84e-08
2018-08-05, 02:20:26, 0.0, 7.93e-08
2018-08-05, 02:20:28, 0.0, 7.92e-08
2018-08-05, 02:20:31, 0.0, 7.87e-08
2018-08-05, 02:20:33, 0.0, 7.9e-08
2018-08-05, 02:20:35, 0.0, 7.91e-08
2018-08-05, 02:20:37, 0.0, 7.88e-08
2018-08-05, 02:20:39, 0.0, 7.88e-08
2018-08-05, 02:20:41, 0.0, 7.89e-08
2018-08-05, 02:20:43, 0.0, 7.88e-08
2018-08-05, 02:20:45, 0.0, 7.9e-08
2018-08-05, 02:20:48, 0.0, 7.87e-08
2018-08-05, 02:20:50, 0.0, 7.92e-08
2018-08-05, 02:20:52, 0.0, 7.9e-08
2018-08-05, 02:20:54, 0.0, 7.82e-08
2018-08-05, 02:20:56, 0.0, 7.94e-08
2018-08-05, 02:20:58, 0.0, 7.89e-08
2018-08-05, 02:21:00, 0.0, 7.95e-08
2018-08-05, 02:21:02, 0.0, 7.94e-08
2018-08-05, 02:21:05, 0.0, 7.87e-08
2018-08-05, 02:21:07, 0.0, 7.91e-08
2018-08-05, 02:21:09, 0.0, 7.94e-08
2018-08-05, 02:21:11, 0.0, 7.9e-08
2018-08-05, 02:21:13, 0.0, 7.93e-08
2018-08-05, 02:21:15, 0.0, 7.84e-08
2018-08-05, 02:21:17, 0.0, 7.87e-08
2018-08-05, 02:21:19, 0.0, 7.88e-08
2018-08-05, 02:21:22, 0.0, 7.82e-08
2018-08-05, 02:21:24, 0.0, 7.87e-08
2018-08-05, 02:21:26, 0.0, 7.87e-08
2018-08-05, 02:21:28, 0.0, 7.86e-08
2018-08-05, 02:21:30, 0.0, 7.88e-08
2018-08-05, 02:21:32, 0.0, 7.84e-08
2018-08-05, 02:21:34, 0.0, 7.85e-08
2018-08-05, 02:21:37, 0.0, 7.89e-08
2018-08-05, 02:21:39, 0.0, 7.93e-08
2018-08-05, 02:21:41, 0.0, 7.89e-08
2018-08-05, 02:21:43, 0.0, 7.81e-08
2018-08-05, 02:21:45, 0.0, 7.93e-08
2018-08-05, 02:21:47, 0.0, 7.85e-08
2018-08-05, 02:21:49, 0.0, 7.95e-08
2018-08-05, 02:21:51, 0.0, 7.83e-08
2018-08-05, 02:21:54, 0.0, 7.95e-08
2018-08-05, 02:21:56, 0.0, 7.87e-08
2018-08-05, 02:21:58, 0.0, 7.88e-08
2018-08-05, 02:22:00, 0.0, 7.84e-08
2018-08-05, 02:22:02, 0.0, 7.87e-08
2018-08-05, 02:22:04, 0.0, 7.86e-08
2018-08-05, 02:22:06, 0.0, 7.91e-08
2018-08-05, 02:22:08, 0.0, 7.93e-08
2018-08-05, 02:22:11, 0.0, 7.79e-08
2018-08-05, 02:22:13, 0.0, 7.83e-08
2018-08-05, 02:22:15, 0.0, 7.86e-08
2018-08-05, 02:22:17, 0.0, 7.9e-08
2018-08-05, 02:22:19, 0.0, 7.81e-08
2018-08-05, 02:22:21, 0.0, 7.8e-08
2018-08-05, 02:22:23, 0.0, 7.88e-08
2018-08-05, 02:22:25, 0.0, 7.88e-08
2018-08-05, 02:22:28, 0.0, 7.9e-08
2018-08-05, 02:22:30, 0.0, 7.92e-08
2018-08-05, 02:22:32, 0.0, 7.89e-08
2018-08-05, 02:22:34, 0.0, 7.86e-08
2018-08-05, 02:22:36, 0.0, 7.94e-08
2018-08-05, 02:22:38, 0.0, 7.81e-08
2018-08-05, 02:22:40, 0.0, 7.8e-08
2018-08-05, 02:22:42, 0.0, 7.87e-08
2018-08-05, 02:22:45, 0.0, 7.87e-08
2018-08-05, 02:22:47, 0.0, 7.86e-08
2018-08-05, 02:22:49, 0.0, 7.91e-08
2018-08-05, 02:22:51, 0.0, 7.91e-08
2018-08-05, 02:22:53, 0.0, 7.9e-08
2018-08-05, 02:22:55, 0.0, 7.93e-08
2018-08-05, 02:22:57, 0.0, 7.86e-08
2018-08-05, 02:22:59, 0.0, 7.89e-08
2018-08-05, 02:23:02, 0.0, 7.91e-08
2018-08-05, 02:23:04, 0.0, 7.88e-08
2018-08-05, 02:23:06, 0.0, 7.89e-08
2018-08-05, 02:23:08, 0.0, 7.84e-08
2018-08-05, 02:23:10, 0.0, 7.85e-08
2018-08-05, 02:23:12, 0.0, 7.88e-08
2018-08-05, 02:23:14, 0.0, 7.83e-08
2018-08-05, 02:23:16, 0.0, 7.89e-08
2018-08-05, 02:23:19, 0.0, 7.89e-08
2018-08-05, 02:23:21, 0.0, 7.86e-08
2018-08-05, 02:23:23, 0.0, 7.9e-08
2018-08-05, 02:23:25, 0.0, 7.9e-08
2018-08-05, 02:23:27, 0.0, 7.95e-08
2018-08-05, 02:23:29, 0.0, 7.97e-08
2018-08-05, 02:23:31, 0.0, 7.93e-08
2018-08-05, 02:23:33, 0.0, 7.85e-08
2018-08-05, 02:23:36, 0.0, 7.91e-08
2018-08-05, 02:23:38, 0.0, 7.85e-08
2018-08-05, 02:23:40, 0.0, 7.9e-08
2018-08-05, 02:23:42, 0.0, 7.76e-08
2018-08-05, 02:23:44, 0.0, 7.85e-08
2018-08-05, 02:23:46, 0.0, 7.86e-08
2018-08-05, 02:23:48, 0.0, 7.85e-08
2018-08-05, 02:23:50, 0.0, 7.9e-08
2018-08-05, 02:23:53, 0.0, 7.81e-08
2018-08-05, 02:23:55, 0.0, 7.9e-08
2018-08-05, 02:23:57, 0.0, 7.91e-08
2018-08-05, 02:23:59, 0.0, 7.86e-08
2018-08-05, 02:24:01, 0.0, 7.81e-08
2018-08-05, 02:24:03, 0.0, 7.87e-08
2018-08-05, 02:24:05, 0.0, 7.9e-08
2018-08-05, 02:24:07, 0.0, 7.82e-08
2018-08-05, 02:24:10, 0.0, 7.9e-08
2018-08-05, 02:24:12, 0.0, 7.91e-08
2018-08-05, 02:24:14, 0.0, 7.87e-08
2018-08-05, 02:24:16, 0.0, 7.85e-08
2018-08-05, 02:24:18, 0.0, 7.89e-08
2018-08-05, 02:24:20, 0.0, 7.82e-08
2018-08-05, 02:24:22, 0.0, 7.87e-08
2018-08-05, 02:24:25, 0.0, 7.86e-08
2018-08-05, 02:24:27, 0.0, 7.86e-08
2018-08-05, 02:24:29, 0.0, 7.86e-08
2018-08-05, 02:24:31, 0.0, 7.88e-08
2018-08-05, 02:24:33, 0.0, 7.88e-08
2018-08-05, 02:24:35, 0.0, 7.84e-08
2018-08-05, 02:24:37, 0.0, 7.85e-08
2018-08-05, 02:24:39, 0.0, 7.88e-08
2018-08-05, 02:24:42, 0.0, 7.82e-08
2018-08-05, 02:24:44, 0.0, 7.83e-08
2018-08-05, 02:24:46, 0.0, 7.88e-08
2018-08-05, 02:24:48, 0.0, 7.85e-08
2018-08-05, 02:24:50, 0.0, 7.92e-08
2018-08-05, 02:24:52, 0.0, 7.89e-08
2018-08-05, 02:24:54, 0.0, 7.82e-08
2018-08-05, 02:24:56, 0.0, 7.92e-08
2018-08-05, 02:24:59, 0.0, 7.86e-08
2018-08-05, 02:25:01, 0.0, 7.83e-08
2018-08-05, 02:25:03, 0.0, 7.81e-08
2018-08-05, 02:25:05, 0.0, 7.85e-08
2018-08-05, 02:25:07, 0.0, 7.96e-08
2018-08-05, 02:25:09, 0.0, 7.9e-08
2018-08-05, 02:25:11, 0.0, 7.87e-08
2018-08-05, 02:25:13, 0.0, 7.9e-08
2018-08-05, 02:25:16, 0.0, 7.95e-08
2018-08-05, 02:25:18, 0.0, 7.93e-08
2018-08-05, 02:25:20, 0.0, 7.84e-08
2018-08-05, 02:25:22, 0.0, 7.81e-08
2018-08-05, 02:25:24, 0.0, 7.88e-08
2018-08-05, 02:25:26, 0.0, 7.92e-08
2018-08-05, 02:25:28, 0.0, 7.88e-08
2018-08-05, 02:25:31, 0.0, 7.77e-08
2018-08-05, 02:25:33, 0.0, 7.86e-08
2018-08-05, 02:25:35, 0.0, 7.89e-08
2018-08-05, 02:25:37, 0.0, 7.9e-08
2018-08-05, 02:25:39, 0.0, 7.95e-08
2018-08-05, 02:25:41, 0.0, 7.9e-08
2018-08-05, 02:25:43, 0.0, 7.95e-08
2018-08-05, 02:25:45, 0.0, 7.85e-08
2018-08-05, 02:25:47, 0.0, 7.87e-08
2018-08-05, 02:25:50, 0.0, 7.87e-08
2018-08-05, 02:25:52, 0.0, 7.88e-08
2018-08-05, 02:25:54, 0.0, 7.86e-08
2018-08-05, 02:25:56, 0.0, 7.85e-08
2018-08-05, 02:25:58, 0.0, 7.93e-08
2018-08-05, 02:26:00, 0.0, 7.84e-08
2018-08-05, 02:26:02, 0.0, 7.86e-08
2018-08-05, 02:26:04, 0.0, 7.82e-08
2018-08-05, 02:26:07, 0.0, 7.85e-08
2018-08-05, 02:26:09, 0.0, 7.88e-08
2018-08-05, 02:26:11, 0.0, 7.8e-08
2018-08-05, 02:26:13, 0.0, 7.91e-08
2018-08-05, 02:26:15, 0.0, 7.83e-08
2018-08-05, 02:26:17, 0.0, 7.94e-08
2018-08-05, 02:26:19, 0.0, 7.89e-08
2018-08-05, 02:26:22, 0.0, 7.88e-08
2018-08-05, 02:26:24, 0.0, 7.91e-08
2018-08-05, 02:26:26, 0.0, 7.8e-08
2018-08-05, 02:26:28, 0.0, 7.85e-08
2018-08-05, 02:26:30, 0.0, 7.89e-08
2018-08-05, 02:26:32, 0.0, 7.93e-08
2018-08-05, 02:26:34, 0.0, 7.84e-08
2018-08-05, 02:26:36, 0.0, 7.83e-08
2018-08-05, 02:26:38, 0.0, 7.8e-08
2018-08-05, 02:26:41, 0.0, 7.98e-08
2018-08-05, 02:26:43, 0.0, 7.92e-08
2018-08-05, 02:26:45, 0.0, 7.97e-08
2018-08-05, 02:26:47, 0.0, 7.92e-08
2018-08-05, 02:26:49, 0.0, 8.01e-08
2018-08-05, 02:26:51, 0.0, 7.91e-08
2018-08-05, 02:26:53, 0.0, 7.92e-08
2018-08-05, 02:26:56, 0.0, 7.94e-08
2018-08-05, 02:26:58, 0.0, 7.94e-08
2018-08-05, 02:27:00, 0.0, 7.94e-08
2018-08-05, 02:27:02, 0.0, 7.97e-08
2018-08-05, 02:27:04, 0.0, 7.93e-08
2018-08-05, 02:27:06, 0.0, 7.98e-08
2018-08-05, 02:27:08, 0.0, 7.9e-08
2018-08-05, 02:27:10, 0.0, 7.99e-08
2018-08-05, 02:27:13, 0.0, 7.91e-08
2018-08-05, 02:27:15, 0.0, 7.91e-08
2018-08-05, 02:27:17, 0.0, 7.84e-08
2018-08-05, 02:27:19, 0.0, 7.91e-08
2018-08-05, 02:27:21, 0.0, 7.93e-08
2018-08-05, 02:27:23, 0.0, 7.93e-08
2018-08-05, 02:27:25, 0.0, 7.88e-08
2018-08-05, 02:27:27, 0.0, 7.97e-08
2018-08-05, 02:27:30, 0.0, 7.84e-08
2018-08-05, 02:27:32, 0.0, 7.95e-08
2018-08-05, 02:27:34, 0.0, 7.94e-08
2018-08-05, 02:27:36, 0.0, 7.92e-08
2018-08-05, 02:27:38, 0.0, 7.89e-08
2018-08-05, 02:27:40, 0.0, 7.87e-08
2018-08-05, 02:27:42, 0.0, 7.92e-08
2018-08-05, 02:27:44, 0.0, 7.92e-08
2018-08-05, 02:27:47, 0.0, 7.86e-08
2018-08-05, 02:27:49, 0.0, 7.88e-08
2018-08-05, 02:27:51, 0.0, 7.93e-08
2018-08-05, 02:27:53, 0.0, 7.92e-08
2018-08-05, 02:27:55, 0.0, 7.89e-08
2018-08-05, 02:27:57, 0.0, 7.87e-08
2018-08-05, 02:27:59, 0.0, 7.95e-08
2018-08-05, 02:28:01, 0.0, 7.96e-08
2018-08-05, 02:28:04, 0.0, 7.87e-08
2018-08-05, 02:28:06, 0.0, 7.84e-08
2018-08-05, 02:28:08, 0.0, 7.86e-08
2018-08-05, 02:28:10, 0.0, 7.88e-08
2018-08-05, 02:28:12, 0.0, 7.89e-08
2018-08-05, 02:28:14, 0.0, 7.9e-08
2018-08-05, 02:28:16, 0.0, 7.86e-08
2018-08-05, 02:28:18, 0.0, 7.89e-08
2018-08-05, 02:28:21, 0.0, 7.91e-08
2018-08-05, 02:28:23, 0.0, 7.88e-08
2018-08-05, 02:28:25, 0.0, 7.92e-08
2018-08-05, 02:28:27, 0.0, 7.96e-08
2018-08-05, 02:28:29, 0.0, 7.85e-08
2018-08-05, 02:28:31, 0.0, 7.86e-08
2018-08-05, 02:28:33, 0.0, 7.89e-08
2018-08-05, 02:28:35, 0.0, 7.85e-08
2018-08-05, 02:28:38, 0.0, 7.89e-08
2018-08-05, 02:28:40, 0.0, 7.86e-08
2018-08-05, 02:28:42, 0.0, 7.93e-08
2018-08-05, 02:28:44, 0.0, 7.87e-08
2018-08-05, 02:28:46, 0.0, 7.94e-08
2018-08-05, 02:28:48, 0.0, 7.91e-08
2018-08-05, 02:28:50, 0.0, 7.84e-08
2018-08-05, 02:28:52, 0.0, 7.91e-08
2018-08-05, 02:28:55, 0.0, 7.89e-08
2018-08-05, 02:28:57, 0.0, 7.9e-08
2018-08-05, 02:28:59, 0.0, 7.9e-08
2018-08-05, 02:29:01, 0.0, 7.85e-08
2018-08-05, 02:29:03, 0.0, 7.87e-08
2018-08-05, 02:29:05, 0.0, 7.92e-08
2018-08-05, 02:29:07, 0.0, 7.9e-08
2018-08-05, 02:29:10, 0.0, 7.94e-08
2018-08-05, 02:29:12, 0.0, 7.94e-08
2018-08-05, 02:29:14, 0.0, 7.82e-08
2018-08-05, 02:29:16, 0.0, 7.85e-08
2018-08-05, 02:29:18, 0.0, 7.87e-08
2018-08-05, 02:29:20, 0.0, 7.87e-08
2018-08-05, 02:29:22, 0.0, 7.91e-08
2018-08-05, 02:29:25, 0.0, 7.92e-08
2018-08-05, 02:29:27, 0.0, 7.84e-08
2018-08-05, 02:29:29, 0.0, 7.88e-08
2018-08-05, 02:29:31, 0.0, 7.9e-08
2018-08-05, 02:29:33, 0.0, 7.85e-08
2018-08-05, 02:29:35, 0.0, 7.91e-08
2018-08-05, 02:29:37, 0.0, 7.86e-08
2018-08-05, 02:29:39, 0.0, 7.92e-08
2018-08-05, 02:29:42, 0.0, 7.9e-08
2018-08-05, 02:29:44, 0.0, 7.86e-08
2018-08-05, 02:29:46, 0.0, 7.89e-08
2018-08-05, 02:29:48, 0.0, 7.87e-08
2018-08-05, 02:29:50, 0.0, 7.91e-08
2018-08-05, 02:29:52, 0.0, 7.89e-08
2018-08-05, 02:29:54, 0.0, 7.92e-08
2018-08-05, 02:29:56, 0.0, 7.83e-08
2018-08-05, 02:29:59, 0.0, 7.81e-08
2018-08-05, 02:30:01, 0.0, 7.85e-08
2018-08-05, 02:30:03, 0.0, 7.89e-08
2018-08-05, 02:30:05, 0.0, 7.84e-08
2018-08-05, 02:30:07, 0.0, 7.84e-08
2018-08-05, 02:30:09, 0.0, 7.86e-08
2018-08-05, 02:30:11, 0.0, 7.9e-08
2018-08-05, 02:30:13, 0.0, 7.88e-08
2018-08-05, 02:30:16, 0.0, 7.88e-08
2018-08-05, 02:30:18, 0.0, 7.9e-08
2018-08-05, 02:30:20, 0.0, 7.85e-08
2018-08-05, 02:30:22, 0.0, 7.87e-08
2018-08-05, 02:30:24, 0.0, 7.95e-08
2018-08-05, 02:30:26, 0.0, 7.89e-08
2018-08-05, 02:30:28, 0.0, 7.87e-08
2018-08-05, 02:30:30, 0.0, 7.91e-08
2018-08-05, 02:30:33, 0.0, 7.74e-08
2018-08-05, 02:30:35, 0.0, 7.83e-08
2018-08-05, 02:30:37, 0.0, 7.84e-08
2018-08-05, 02:30:39, 0.0, 7.85e-08
2018-08-05, 02:30:41, 0.0, 7.84e-08
2018-08-05, 02:30:43, 0.0, 7.94e-08
2018-08-05, 02:30:45, 0.0, 7.9e-08
2018-08-05, 02:30:48, 0.0, 7.89e-08
2018-08-05, 02:30:50, 0.0, 7.87e-08
2018-08-05, 02:30:52, 0.0, 7.94e-08
2018-08-05, 02:30:54, 0.0, 7.91e-08
2018-08-05, 02:30:56, 0.0, 7.87e-08
2018-08-05, 02:30:58, 0.0, 7.91e-08
2018-08-05, 02:31:00, 0.0, 7.93e-08
2018-08-05, 02:31:02, 0.0, 7.88e-08
2018-08-05, 02:31:05, 0.0, 7.89e-08
2018-08-05, 02:31:07, 0.0, 7.94e-08
2018-08-05, 02:31:09, 0.0, 7.95e-08
2018-08-05, 02:31:11, 0.0, 7.87e-08
2018-08-05, 02:31:13, 0.0, 7.89e-08
2018-08-05, 02:31:15, 0.0, 7.9e-08
2018-08-05, 02:31:17, 0.0, 7.9e-08
2018-08-05, 02:31:19, 0.0, 7.91e-08
2018-08-05, 02:31:22, 0.0, 7.9e-08
2018-08-05, 02:31:24, 0.0, 7.9e-08
2018-08-05, 02:31:26, 0.0, 7.87e-08
2018-08-05, 02:31:28, 0.0, 7.89e-08
2018-08-05, 02:31:30, 0.0, 7.91e-08
2018-08-05, 02:31:32, 0.0, 7.86e-08
2018-08-05, 02:31:34, 0.0, 7.73e-08
2018-08-05, 02:31:36, 0.0, 7.78e-08
2018-08-05, 02:31:39, 0.0, 7.84e-08
2018-08-05, 02:31:41, 0.0, 7.88e-08
2018-08-05, 02:31:43, 0.0, 7.9e-08
2018-08-05, 02:31:45, 0.0, 7.93e-08
2018-08-05, 02:31:47, 0.0, 7.85e-08
2018-08-05, 02:31:49, 0.0, 7.88e-08
2018-08-05, 02:31:51, 0.0, 7.93e-08
2018-08-05, 02:31:53, 0.0, 7.96e-08
2018-08-05, 02:31:56, 0.0, 7.89e-08
2018-08-05, 02:31:58, 0.0, 7.88e-08
2018-08-05, 02:32:00, 0.0, 7.79e-08
2018-08-05, 02:32:02, 0.0, 7.83e-08
2018-08-05, 02:32:04, 0.0, 7.82e-08
2018-08-05, 02:32:06, 0.0, 7.83e-08
2018-08-05, 02:32:08, 0.0, 7.87e-08
2018-08-05, 02:32:11, 0.0, 7.88e-08
2018-08-05, 02:32:13, 0.0, 7.81e-08
2018-08-05, 02:32:15, 0.0, 7.87e-08
2018-08-05, 02:32:17, 0.0, 7.82e-08
2018-08-05, 02:32:19, 0.0, 7.86e-08
2018-08-05, 02:32:21, 0.0, 7.91e-08
2018-08-05, 02:32:23, 0.0, 7.81e-08
2018-08-05, 02:32:25, 0.0, 7.87e-08
2018-08-05, 02:32:28, 0.0, 7.81e-08
2018-08-05, 02:32:30, 0.0, 7.86e-08
2018-08-05, 02:32:32, 0.0, 7.9e-08
2018-08-05, 02:32:34, 0.0, 7.8e-08
2018-08-05, 02:32:36, 0.0, 7.78e-08
2018-08-05, 02:32:38, 0.0, 7.85e-08
2018-08-05, 02:32:40, 0.0, 7.82e-08
2018-08-05, 02:32:42, 0.0, 7.84e-08
2018-08-05, 02:32:45, 0.0, 7.79e-08
2018-08-05, 02:32:47, 0.0, 7.75e-08
2018-08-05, 02:32:49, 0.0, 7.83e-08
2018-08-05, 02:32:51, 0.0, 7.87e-08
2018-08-05, 02:32:53, 0.0, 7.89e-08
2018-08-05, 02:32:55, 0.0, 7.84e-08
2018-08-05, 02:32:57, 0.0, 7.83e-08
2018-08-05, 02:32:59, 0.0, 7.83e-08
2018-08-05, 02:33:02, 0.0, 7.83e-08
2018-08-05, 02:33:04, 0.0, 7.81e-08
2018-08-05, 02:33:06, 0.0, 7.85e-08
2018-08-05, 02:33:08, 0.0, 7.89e-08
2018-08-05, 02:33:10, 0.0, 7.88e-08
2018-08-05, 02:33:12, 0.0, 7.88e-08
2018-08-05, 02:33:14, 0.0, 7.82e-08
2018-08-05, 02:33:16, 0.0, 7.86e-08
2018-08-05, 02:33:19, 0.0, 7.86e-08
2018-08-05, 02:33:21, 0.0, 7.88e-08
2018-08-05, 02:33:23, 0.0, 7.84e-08
2018-08-05, 02:33:25, 0.0, 7.8e-08
2018-08-05, 02:33:27, 0.0, 7.78e-08
2018-08-05, 02:33:29, 0.0, 7.81e-08
2018-08-05, 02:33:31, 0.0, 7.84e-08
2018-08-05, 02:33:33, 0.0, 7.86e-08
2018-08-05, 02:33:36, 0.0, 7.82e-08
2018-08-05, 02:33:38, 0.0, 7.78e-08
2018-08-05, 02:33:40, 0.0, 7.85e-08
2018-08-05, 02:33:42, 0.0, 7.87e-08
2018-08-05, 02:33:44, 0.0, 7.9e-08
2018-08-05, 02:33:46, 0.0, 7.87e-08
2018-08-05, 02:33:48, 0.0, 7.86e-08
2018-08-05, 02:33:50, 0.0, 7.91e-08
2018-08-05, 02:33:53, 0.0, 7.9e-08
2018-08-05, 02:33:55, 0.0, 7.83e-08
2018-08-05, 02:33:57, 0.0, 7.85e-08
2018-08-05, 02:33:59, 0.0, 7.86e-08
2018-08-05, 02:34:01, 0.0, 7.86e-08
2018-08-05, 02:34:03, 0.0, 7.85e-08
2018-08-05, 02:34:05, 0.0, 7.82e-08
2018-08-05, 02:34:07, 0.0, 7.87e-08
2018-08-05, 02:34:10, 0.0, 7.86e-08
2018-08-05, 02:34:12, 0.0, 7.86e-08
2018-08-05, 02:34:14, 0.0, 7.85e-08
2018-08-05, 02:34:16, 0.0, 7.81e-08
2018-08-05, 02:34:18, 0.0, 7.81e-08
2018-08-05, 02:34:20, 0.0, 7.88e-08
2018-08-05, 02:34:22, 0.0, 7.84e-08
2018-08-05, 02:34:24, 0.0, 7.83e-08
2018-08-05, 02:34:27, 0.0, 7.82e-08
2018-08-05, 02:34:29, 0.0, 7.85e-08
2018-08-05, 02:34:31, 0.0, 7.85e-08
2018-08-05, 02:34:33, 0.0, 7.82e-08
2018-08-05, 02:34:35, 0.0, 7.87e-08
2018-08-05, 02:34:37, 0.0, 7.86e-08
2018-08-05, 02:34:39, 0.0, 7.78e-08
2018-08-05, 02:34:41, 0.0, 7.83e-08
2018-08-05, 02:34:44, 0.0, 7.83e-08
2018-08-05, 02:34:46, 0.0, 7.9e-08
2018-08-05, 02:34:48, 0.0, 7.91e-08
2018-08-05, 02:34:50, 0.0, 7.86e-08
2018-08-05, 02:34:52, 0.0, 7.89e-08
2018-08-05, 02:34:54, 0.0, 7.87e-08
2018-08-05, 02:34:56, 0.0, 7.9e-08
2018-08-05, 02:34:59, 0.0, 7.86e-08
2018-08-05, 02:35:01, 0.0, 7.9e-08
2018-08-05, 02:35:03, 0.0, 7.88e-08
2018-08-05, 02:35:05, 0.0, 7.85e-08
2018-08-05, 02:35:07, 0.0, 7.8e-08
2018-08-05, 02:35:09, 0.0, 7.85e-08
2018-08-05, 02:35:11, 0.0, 7.86e-08
2018-08-05, 02:35:13, 0.0, 7.91e-08
2018-08-05, 02:35:16, 0.0, 7.91e-08
2018-08-05, 02:35:18, 0.0, 7.86e-08
2018-08-05, 02:35:20, 0.0, 7.87e-08
2018-08-05, 02:35:22, 0.0, 7.79e-08
2018-08-05, 02:35:24, 0.0, 7.79e-08
2018-08-05, 02:35:26, 0.0, 7.81e-08
2018-08-05, 02:35:28, 0.0, 7.88e-08
2018-08-05, 02:35:30, 0.0, 7.88e-08
2018-08-05, 02:35:33, 0.0, 7.88e-08
2018-08-05, 02:35:35, 0.0, 7.81e-08
2018-08-05, 02:35:37, 0.0, 7.79e-08
2018-08-05, 02:35:39, 0.0, 7.79e-08
2018-08-05, 02:35:41, 0.0, 7.84e-08
2018-08-05, 02:35:43, 0.0, 7.88e-08
2018-08-05, 02:35:45, 0.0, 7.87e-08
2018-08-05, 02:35:47, 0.0, 7.82e-08
2018-08-05, 02:35:50, 0.0, 7.91e-08
2018-08-05, 02:35:52, 0.0, 7.92e-08
2018-08-05, 02:35:54, 0.0, 7.84e-08
2018-08-05, 02:35:56, 0.0, 7.89e-08
2018-08-05, 02:35:58, 0.0, 7.87e-08
2018-08-05, 02:36:00, 0.0, 7.89e-08
2018-08-05, 02:36:02, 0.0, 7.91e-08
2018-08-05, 02:36:05, 0.0, 7.9e-08
2018-08-05, 02:36:07, 0.0, 7.87e-08
2018-08-05, 02:36:09, 0.0, 7.86e-08
2018-08-05, 02:36:11, 0.0, 7.86e-08
2018-08-05, 02:36:13, 0.0, 7.88e-08
2018-08-05, 02:36:15, 0.0, 7.83e-08
2018-08-05, 02:36:17, 0.0, 7.87e-08
2018-08-05, 02:36:19, 0.0, 7.83e-08
2018-08-05, 02:36:22, 0.0, 7.9e-08
2018-08-05, 02:36:24, 0.0, 7.88e-08
2018-08-05, 02:36:26, 0.0, 7.84e-08
2018-08-05, 02:36:28, 0.0, 7.81e-08
2018-08-05, 02:36:30, 0.0, 7.89e-08
2018-08-05, 02:36:32, 0.0, 7.87e-08
2018-08-05, 02:36:34, 0.0, 7.88e-08
2018-08-05, 02:36:36, 0.0, 7.84e-08
2018-08-05, 02:36:39, 0.0, 7.9e-08
2018-08-05, 02:36:41, 0.0, 7.94e-08
2018-08-05, 02:36:43, 0.0, 7.93e-08
2018-08-05, 02:36:45, 0.0, 7.95e-08
2018-08-05, 02:36:47, 0.0, 7.91e-08
2018-08-05, 02:36:49, 0.0, 7.9e-08
2018-08-05, 02:36:51, 0.0, 7.94e-08
2018-08-05, 02:36:53, 0.0, 7.84e-08
2018-08-05, 02:36:56, 0.0, 7.91e-08
2018-08-05, 02:36:58, 0.0, 7.9e-08
2018-08-05, 02:37:00, 0.0, 7.87e-08
2018-08-05, 02:37:02, 0.0, 7.86e-08
2018-08-05, 02:37:04, 0.0, 7.87e-08
2018-08-05, 02:37:06, 0.0, 7.86e-08
2018-08-05, 02:37:08, 0.0, 7.88e-08
2018-08-05, 02:37:10, 0.0, 7.89e-08
2018-08-05, 02:37:13, 0.0, 7.9e-08
2018-08-05, 02:37:15, 0.0, 7.95e-08
2018-08-05, 02:37:17, 0.0, 7.92e-08
2018-08-05, 02:37:19, 0.0, 7.87e-08
2018-08-05, 02:37:21, 0.0, 7.85e-08
2018-08-05, 02:37:23, 0.0, 7.86e-08
2018-08-05, 02:37:25, 0.0, 7.88e-08
2018-08-05, 02:37:27, 0.0, 7.88e-08
2018-08-05, 02:37:29, 0.0, 7.81e-08
2018-08-05, 02:37:32, 0.0, 7.88e-08
2018-08-05, 02:37:34, 0.0, 7.87e-08
2018-08-05, 02:37:36, 0.0, 7.95e-08
2018-08-05, 02:37:38, 0.0, 7.87e-08
2018-08-05, 02:37:40, 0.0, 7.82e-08
2018-08-05, 02:37:42, 0.0, 7.87e-08
2018-08-05, 02:37:44, 0.0, 7.89e-08
2018-08-05, 02:37:46, 0.0, 7.93e-08
2018-08-05, 02:37:49, 0.0, 7.89e-08
2018-08-05, 02:37:51, 0.0, 7.92e-08
2018-08-05, 02:37:53, 0.0, 7.9e-08
2018-08-05, 02:37:55, 0.0, 7.89e-08
2018-08-05, 02:37:57, 0.0, 7.97e-08
2018-08-05, 02:37:59, 0.0, 7.94e-08
2018-08-05, 02:38:01, 0.0, 7.96e-08
2018-08-05, 02:38:03, 0.0, 7.93e-08
2018-08-05, 02:38:06, 0.0, 7.87e-08
2018-08-05, 02:38:08, 0.0, 7.84e-08
2018-08-05, 02:38:10, 0.0, 7.9e-08
2018-08-05, 02:38:12, 0.0, 7.9e-08
2018-08-05, 02:38:14, 0.0, 7.9e-08
2018-08-05, 02:38:16, 0.0, 7.9e-08
2018-08-05, 02:38:18, 0.0, 7.92e-08
2018-08-05, 02:38:20, 0.0, 7.86e-08
2018-08-05, 02:38:23, 0.0, 7.88e-08
2018-08-05, 02:38:25, 0.0, 7.87e-08
2018-08-05, 02:38:27, 0.0, 7.94e-08
2018-08-05, 02:38:29, 0.0, 7.9e-08
2018-08-05, 02:38:31, 0.0, 7.95e-08
2018-08-05, 02:38:33, 0.0, 7.97e-08
2018-08-05, 02:38:35, 0.0, 7.92e-08
2018-08-05, 02:38:37, 0.0, 7.87e-08
2018-08-05, 02:38:40, 0.0, 7.93e-08
2018-08-05, 02:38:42, 0.0, 7.89e-08
2018-08-05, 02:38:44, 0.0, 7.9e-08
2018-08-05, 02:38:46, 0.0, 7.88e-08
2018-08-05, 02:38:48, 0.0, 7.89e-08
2018-08-05, 02:38:50, 0.0, 7.98e-08
2018-08-05, 02:38:52, 0.0, 8e-08
2018-08-05, 02:38:54, 0.0, 7.86e-08
2018-08-05, 02:38:57, 0.0, 7.95e-08
2018-08-05, 02:38:59, 0.0, 7.92e-08
2018-08-05, 02:39:01, 0.0, 7.93e-08
2018-08-05, 02:39:03, 0.0, 7.93e-08
2018-08-05, 02:39:05, 0.0, 7.9e-08
2018-08-05, 02:39:07, 0.0, 7.9e-08
2018-08-05, 02:39:09, 0.0, 7.89e-08
2018-08-05, 02:39:12, 0.0, 7.88e-08
2018-08-05, 02:39:14, 0.0, 7.88e-08
2018-08-05, 02:39:16, 0.0, 7.93e-08
2018-08-05, 02:39:18, 0.0, 7.92e-08
2018-08-05, 02:39:20, 0.0, 7.94e-08
2018-08-05, 02:39:22, 0.0, 7.87e-08
2018-08-05, 02:39:24, 0.0, 7.93e-08
2018-08-05, 02:39:26, 0.0, 7.92e-08
2018-08-05, 02:39:29, 0.0, 7.87e-08
2018-08-05, 02:39:31, 0.0, 7.91e-08
2018-08-05, 02:39:33, 0.0, 7.92e-08
2018-08-05, 02:39:35, 0.0, 7.96e-08
2018-08-05, 02:39:37, 0.0, 7.91e-08
2018-08-05, 02:39:39, 0.0, 7.95e-08
2018-08-05, 02:39:41, 0.0, 7.96e-08
2018-08-05, 02:39:43, 0.0, 7.82e-08
2018-08-05, 02:39:46, 0.0, 7.91e-08
2018-08-05, 02:39:48, 0.0, 7.87e-08
2018-08-05, 02:39:50, 0.0, 7.84e-08
2018-08-05, 02:39:52, 0.0, 7.94e-08
2018-08-05, 02:39:54, 0.0, 7.94e-08
2018-08-05, 02:39:56, 0.0, 7.99e-08
2018-08-05, 02:39:58, 0.0, 7.91e-08
2018-08-05, 02:40:00, 0.0, 7.91e-08
2018-08-05, 02:40:03, 0.0, 7.96e-08
2018-08-05, 02:40:05, 0.0, 7.96e-08
2018-08-05, 02:40:07, 0.0, 7.88e-08
2018-08-05, 02:40:09, 0.0, 7.93e-08
2018-08-05, 02:40:11, 0.0, 7.92e-08
2018-08-05, 02:40:13, 0.0, 7.95e-08
2018-08-05, 02:40:15, 0.0, 7.95e-08
2018-08-05, 02:40:17, 0.0, 7.9e-08
2018-08-05, 02:40:20, 0.0, 7.89e-08
2018-08-05, 02:40:22, 0.0, 7.95e-08
2018-08-05, 02:40:24, 0.0, 7.89e-08
2018-08-05, 02:40:26, 0.0, 7.95e-08
2018-08-05, 02:40:28, 0.0, 7.95e-08
2018-08-05, 02:40:30, 0.0, 7.93e-08
2018-08-05, 02:40:32, 0.0, 7.89e-08
2018-08-05, 02:40:34, 0.0, 7.93e-08
2018-08-05, 02:40:37, 0.0, 7.96e-08
2018-08-05, 02:40:39, 0.0, 7.9e-08
2018-08-05, 02:40:41, 0.0, 7.94e-08
2018-08-05, 02:40:43, 0.0, 7.96e-08
2018-08-05, 02:40:45, 0.0, 8.02e-08
2018-08-05, 02:40:47, 0.0, 7.91e-08
2018-08-05, 02:40:49, 0.0, 7.91e-08
2018-08-05, 02:40:51, 0.0, 7.9e-08
2018-08-05, 02:40:54, 0.0, 7.81e-08
2018-08-05, 02:40:56, 0.0, 7.88e-08
2018-08-05, 02:40:58, 0.0, 7.89e-08
2018-08-05, 02:41:00, 0.0, 7.93e-08
2018-08-05, 02:41:02, 0.0, 7.8e-08
2018-08-05, 02:41:04, 0.0, 7.9e-08
2018-08-05, 02:41:06, 0.0, 7.9e-08
2018-08-05, 02:41:09, 0.0, 7.93e-08
2018-08-05, 02:41:11, 0.0, 7.92e-08
2018-08-05, 02:41:13, 0.0, 7.92e-08
2018-08-05, 02:41:15, 0.0, 7.88e-08
2018-08-05, 02:41:17, 0.0, 7.9e-08
2018-08-05, 02:41:19, 0.0, 7.89e-08
2018-08-05, 02:41:21, 0.0, 7.92e-08
2018-08-05, 02:41:23, 0.0, 7.96e-08
2018-08-05, 02:41:25, 0.0, 7.93e-08
2018-08-05, 02:41:28, 0.0, 7.91e-08
2018-08-05, 02:41:30, 0.0, 7.9e-08
2018-08-05, 02:41:32, 0.0, 7.83e-08
2018-08-05, 02:41:34, 0.0, 7.91e-08
2018-08-05, 02:41:36, 0.0, 7.92e-08
2018-08-05, 02:41:38, 0.0, 7.97e-08
2018-08-05, 02:41:40, 0.0, 7.94e-08
2018-08-05, 02:41:42, 0.0, 7.89e-08
2018-08-05, 02:41:45, 0.0, 7.89e-08
2018-08-05, 02:41:47, 0.0, 7.94e-08
2018-08-05, 02:41:49, 0.0, 7.96e-08
2018-08-05, 02:41:51, 0.0, 7.91e-08
2018-08-05, 02:41:53, 0.0, 7.9e-08
2018-08-05, 02:41:55, 0.0, 7.83e-08
2018-08-05, 02:41:57, 0.0, 7.95e-08
2018-08-05, 02:41:59, 0.0, 7.89e-08
2018-08-05, 02:42:02, 0.0, 7.93e-08
2018-08-05, 02:42:04, 0.0, 7.85e-08
2018-08-05, 02:42:06, 0.0, 7.82e-08
2018-08-05, 02:42:08, 0.0, 7.84e-08
2018-08-05, 02:42:10, 0.0, 7.87e-08
2018-08-05, 02:42:12, 0.0, 7.88e-08
2018-08-05, 02:42:14, 0.0, 7.86e-08
2018-08-05, 02:42:17, 0.0, 7.89e-08
2018-08-05, 02:42:19, 0.0, 7.89e-08
2018-08-05, 02:42:21, 0.0, 7.84e-08
2018-08-05, 02:42:23, 0.0, 7.89e-08
2018-08-05, 02:42:25, 0.0, 7.88e-08
2018-08-05, 02:42:27, 0.0, 7.83e-08
2018-08-05, 02:42:29, 0.0, 7.89e-08
2018-08-05, 02:42:31, 0.0, 7.89e-08
2018-08-05, 02:42:34, 0.0, 7.91e-08
2018-08-05, 02:42:36, 0.0, 7.82e-08
2018-08-05, 02:42:38, 0.0, 7.91e-08
2018-08-05, 02:42:40, 0.0, 7.83e-08
2018-08-05, 02:42:42, 0.0, 7.91e-08
2018-08-05, 02:42:44, 0.0, 7.94e-08
2018-08-05, 02:42:46, 0.0, 7.9e-08
2018-08-05, 02:42:48, 0.0, 7.87e-08
2018-08-05, 02:42:51, 0.0, 7.9e-08
2018-08-05, 02:42:53, 0.0, 7.9e-08
2018-08-05, 02:42:55, 0.0, 7.92e-08
2018-08-05, 02:42:57, 0.0, 7.93e-08
2018-08-05, 02:42:59, 0.0, 7.97e-08
2018-08-05, 02:43:01, 0.0, 7.88e-08
2018-08-05, 02:43:03, 0.0, 7.97e-08
2018-08-05, 02:43:05, 0.0, 7.9e-08
2018-08-05, 02:43:08, 0.0, 7.9e-08
2018-08-05, 02:43:10, 0.0, 7.81e-08
2018-08-05, 02:43:12, 0.0, 7.91e-08
2018-08-05, 02:43:14, 0.0, 7.8e-08
2018-08-05, 02:43:16, 0.0, 7.94e-08
2018-08-05, 02:43:18, 0.0, 7.88e-08
2018-08-05, 02:43:20, 0.0, 7.87e-08
2018-08-05, 02:43:22, 0.0, 7.91e-08
2018-08-05, 02:43:25, 0.0, 7.92e-08
2018-08-05, 02:43:27, 0.0, 7.87e-08
2018-08-05, 02:43:29, 0.0, 7.86e-08
2018-08-05, 02:43:31, 0.0, 7.89e-08
2018-08-05, 02:43:33, 0.0, 7.89e-08
2018-08-05, 02:43:35, 0.0, 7.92e-08
2018-08-05, 02:43:37, 0.0, 7.95e-08
2018-08-05, 02:43:39, 0.0, 8e-08
2018-08-05, 02:43:42, 0.0, 7.96e-08
2018-08-05, 02:43:44, 0.0, 7.9e-08
2018-08-05, 02:43:46, 0.0, 7.89e-08
2018-08-05, 02:43:48, 0.0, 7.92e-08
2018-08-05, 02:43:50, 0.0, 7.94e-08
2018-08-05, 02:43:52, 0.0, 7.89e-08
2018-08-05, 02:43:54, 0.0, 7.95e-08
2018-08-05, 02:43:56, 0.0, 7.88e-08
2018-08-05, 02:43:59, 0.0, 7.93e-08
2018-08-05, 02:44:01, 0.0, 7.92e-08
2018-08-05, 02:44:03, 0.0, 7.85e-08
2018-08-05, 02:44:05, 0.0, 7.94e-08
2018-08-05, 02:44:07, 0.0, 7.96e-08
2018-08-05, 02:44:09, 0.0, 7.83e-08
2018-08-05, 02:44:11, 0.0, 7.91e-08
2018-08-05, 02:44:13, 0.0, 7.86e-08
2018-08-05, 02:44:16, 0.0, 7.92e-08
2018-08-05, 02:44:18, 0.0, 7.87e-08
2018-08-05, 02:44:20, 0.0, 7.9e-08
2018-08-05, 02:44:22, 0.0, 7.83e-08
2018-08-05, 02:44:24, 0.0, 7.83e-08
2018-08-05, 02:44:26, 0.0, 7.93e-08
2018-08-05, 02:44:28, 0.0, 7.93e-08
2018-08-05, 02:44:30, 0.0, 7.85e-08
2018-08-05, 02:44:33, 0.0, 7.93e-08
2018-08-05, 02:44:35, 0.0, 7.92e-08
2018-08-05, 02:44:37, 0.0, 7.88e-08
2018-08-05, 02:44:39, 0.0, 7.89e-08
2018-08-05, 02:44:41, 0.0, 7.9e-08
2018-08-05, 02:44:43, 0.0, 7.89e-08
2018-08-05, 02:44:45, 0.0, 7.94e-08
2018-08-05, 02:44:47, 0.0, 7.91e-08
2018-08-05, 02:44:50, 0.0, 7.93e-08
2018-08-05, 02:44:52, 0.0, 7.91e-08
2018-08-05, 02:44:54, 0.0, 7.87e-08
2018-08-05, 02:44:56, 0.0, 7.91e-08
2018-08-05, 02:44:58, 0.0, 7.89e-08
2018-08-05, 02:45:00, 0.0, 7.85e-08
2018-08-05, 02:45:02, 0.0, 7.85e-08
2018-08-05, 02:45:05, 0.0, 7.86e-08
2018-08-05, 02:45:07, 0.0, 7.82e-08
2018-08-05, 02:45:09, 0.0, 7.9e-08
2018-08-05, 02:45:11, 0.0, 7.88e-08
2018-08-05, 02:45:13, 0.0, 7.86e-08
2018-08-05, 02:45:15, 0.0, 7.88e-08
2018-08-05, 02:45:17, 0.0, 7.86e-08
2018-08-05, 02:45:19, 0.0, 7.86e-08
2018-08-05, 02:45:22, 0.0, 7.87e-08
2018-08-05, 02:45:24, 0.0, 7.88e-08
2018-08-05, 02:45:26, 0.0, 7.92e-08
2018-08-05, 02:45:28, 0.0, 7.92e-08
2018-08-05, 02:45:30, 0.0, 7.88e-08
2018-08-05, 02:45:32, 0.0, 7.94e-08
2018-08-05, 02:45:34, 0.0, 7.91e-08
2018-08-05, 02:45:36, 0.0, 7.94e-08
2018-08-05, 02:45:39, 0.0, 7.9e-08
2018-08-05, 02:45:41, 0.0, 7.9e-08
2018-08-05, 02:45:43, 0.0, 7.95e-08
2018-08-05, 02:45:45, 0.0, 7.9e-08
2018-08-05, 02:45:47, 0.0, 7.88e-08
2018-08-05, 02:45:49, 0.0, 7.87e-08
2018-08-05, 02:45:51, 0.0, 7.91e-08
2018-08-05, 02:45:53, 0.0, 7.91e-08
2018-08-05, 02:45:56, 0.0, 7.88e-08
2018-08-05, 02:45:58, 0.0, 7.93e-08
2018-08-05, 02:46:00, 0.0, 7.97e-08
2018-08-05, 02:46:02, 0.0, 7.9e-08
2018-08-05, 02:46:04, 0.0, 7.91e-08
2018-08-05, 02:46:06, 0.0, 7.92e-08
2018-08-05, 02:46:08, 0.0, 7.88e-08
2018-08-05, 02:46:10, 0.0, 7.9e-08
2018-08-05, 02:46:13, 0.0, 7.9e-08
2018-08-05, 02:46:15, 0.0, 7.95e-08
2018-08-05, 02:46:17, 0.0, 7.92e-08
2018-08-05, 02:46:19, 0.0, 8.03e-08
2018-08-05, 02:46:21, 0.0, 7.91e-08
2018-08-05, 02:46:23, 0.0, 7.88e-08
2018-08-05, 02:46:25, 0.0, 7.99e-08
2018-08-05, 02:46:27, 0.0, 7.94e-08
2018-08-05, 02:46:30, 0.0, 7.96e-08
2018-08-05, 02:46:32, 0.0, 7.96e-08
2018-08-05, 02:46:34, 0.0, 7.95e-08
2018-08-05, 02:46:36, 0.0, 8e-08
2018-08-05, 02:46:38, 0.0, 7.96e-08
2018-08-05, 02:46:40, 0.0, 7.95e-08
2018-08-05, 02:46:42, 0.0, 7.96e-08
2018-08-05, 02:46:44, 0.0, 8.02e-08
2018-08-05, 02:46:47, 0.0, 8e-08
2018-08-05, 02:46:49, 0.0, 7.9e-08
2018-08-05, 02:46:51, 0.0, 7.96e-08
2018-08-05, 02:46:53, 0.0, 8.06e-08
2018-08-05, 02:46:55, 0.0, 7.99e-08
2018-08-05, 02:46:57, 0.0, 7.98e-08
2018-08-05, 02:46:59, 0.0, 7.91e-08
2018-08-05, 02:47:01, 0.0, 7.94e-08
2018-08-05, 02:47:04, 0.0, 7.98e-08
2018-08-05, 02:47:06, 0.0, 7.99e-08
2018-08-05, 02:47:08, 0.0, 7.96e-08
2018-08-05, 02:47:10, 0.0, 8.02e-08
2018-08-05, 02:47:12, 0.0, 7.97e-08
2018-08-05, 02:47:14, 0.0, 7.98e-08
2018-08-05, 02:47:16, 0.0, 8.02e-08
2018-08-05, 02:47:18, 0.0, 7.98e-08
2018-08-05, 02:47:21, 0.0, 7.97e-08
2018-08-05, 02:47:23, 0.0, 7.95e-08
2018-08-05, 02:47:25, 0.0, 7.99e-08
2018-08-05, 02:47:27, 0.0, 7.98e-08
2018-08-05, 02:47:29, 0.0, 7.94e-08
2018-08-05, 02:47:31, 0.0, 7.97e-08
2018-08-05, 02:47:33, 0.0, 7.92e-08
2018-08-05, 02:47:36, 0.0, 7.99e-08
2018-08-05, 02:47:38, 0.0, 7.94e-08
2018-08-05, 02:47:40, 0.0, 7.94e-08
2018-08-05, 02:47:42, 0.0, 7.88e-08
2018-08-05, 02:47:44, 0.0, 7.92e-08
2018-08-05, 02:47:46, 0.0, 7.92e-08
2018-08-05, 02:47:48, 0.0, 7.96e-08
2018-08-05, 02:47:50, 0.0, 7.94e-08
2018-08-05, 02:47:53, 0.0, 7.96e-08
2018-08-05, 02:47:55, 0.0, 7.92e-08
2018-08-05, 02:47:57, 0.0, 7.9e-08
2018-08-05, 02:47:59, 0.0, 7.97e-08
2018-08-05, 02:48:01, 0.0, 7.93e-08
2018-08-05, 02:48:03, 0.0, 7.92e-08
2018-08-05, 02:48:05, 0.0, 7.94e-08
2018-08-05, 02:48:07, 0.0, 7.94e-08
2018-08-05, 02:48:10, 0.0, 7.95e-08
2018-08-05, 02:48:12, 0.0, 7.94e-08
2018-08-05, 02:48:14, 0.0, 8.01e-08
2018-08-05, 02:48:16, 0.0, 7.96e-08
2018-08-05, 02:48:18, 0.0, 7.94e-08
2018-08-05, 02:48:20, 0.0, 7.92e-08
2018-08-05, 02:48:22, 0.0, 7.88e-08
2018-08-05, 02:48:24, 0.0, 7.96e-08
2018-08-05, 02:48:27, 0.0, 7.88e-08
2018-08-05, 02:48:29, 0.0, 7.92e-08
2018-08-05, 02:48:31, 0.0, 7.95e-08
2018-08-05, 02:48:33, 0.0, 7.94e-08
2018-08-05, 02:48:35, 0.0, 7.95e-08
2018-08-05, 02:48:37, 0.0, 7.98e-08
2018-08-05, 02:48:39, 0.0, 7.96e-08
2018-08-05, 02:48:41, 0.0, 7.95e-08
2018-08-05, 02:48:44, 0.0, 7.93e-08
2018-08-05, 02:48:46, 0.0, 7.96e-08
2018-08-05, 02:48:48, 0.0, 8.02e-08
2018-08-05, 02:48:50, 0.0, 7.94e-08
2018-08-05, 02:48:52, 0.0, 7.96e-08
2018-08-05, 02:48:54, 0.0, 7.94e-08
2018-08-05, 02:48:56, 0.0, 7.97e-08
2018-08-05, 02:48:59, 0.0, 7.91e-08
2018-08-05, 02:49:01, 0.0, 8.01e-08
2018-08-05, 02:49:03, 0.0, 7.97e-08
2018-08-05, 02:49:05, 0.0, 7.96e-08
2018-08-05, 02:49:07, 0.0, 7.93e-08
2018-08-05, 02:49:09, 0.0, 7.93e-08
2018-08-05, 02:49:11, 0.0, 7.93e-08
2018-08-05, 02:49:13, 0.0, 7.95e-08
2018-08-05, 02:49:16, 0.0, 7.99e-08
2018-08-05, 02:49:18, 0.0, 7.93e-08
2018-08-05, 02:49:20, 0.0, 7.96e-08
2018-08-05, 02:49:22, 0.0, 7.98e-08
2018-08-05, 02:49:24, 0.0, 8e-08
2018-08-05, 02:49:26, 0.0, 7.94e-08
2018-08-05, 02:49:28, 0.0, 7.94e-08
2018-08-05, 02:49:30, 0.0, 7.97e-08
2018-08-05, 02:49:33, 0.0, 8.01e-08
2018-08-05, 02:49:35, 0.0, 8e-08
2018-08-05, 02:49:37, 0.0, 7.91e-08
2018-08-05, 02:49:39, 0.0, 7.89e-08
2018-08-05, 02:49:41, 0.0, 7.98e-08
2018-08-05, 02:49:43, 0.0, 7.95e-08
2018-08-05, 02:49:45, 0.0, 8e-08
2018-08-05, 02:49:47, 0.0, 7.97e-08
2018-08-05, 02:49:49, 0.0, 7.97e-08
2018-08-05, 02:49:52, 0.0, 8.02e-08
2018-08-05, 02:49:54, 0.0, 7.97e-08
2018-08-05, 02:49:56, 0.0, 7.9e-08
2018-08-05, 02:49:58, 0.0, 7.95e-08
2018-08-05, 02:50:00, 0.0, 7.94e-08
2018-08-05, 02:50:02, 0.0, 7.95e-08
2018-08-05, 02:50:04, 0.0, 7.99e-08
2018-08-05, 02:50:07, 0.0, 7.97e-08
2018-08-05, 02:50:09, 0.0, 7.91e-08
2018-08-05, 02:50:11, 0.0, 7.99e-08
2018-08-05, 02:50:13, 0.0, 8e-08
2018-08-05, 02:50:15, 0.0, 8e-08
2018-08-05, 02:50:17, 0.0, 8e-08
2018-08-05, 02:50:19, 0.0, 7.98e-08
2018-08-05, 02:50:21, 0.0, 7.99e-08
2018-08-05, 02:50:24, 0.0, 7.96e-08
2018-08-05, 02:50:26, 0.0, 7.96e-08
2018-08-05, 02:50:28, 0.0, 7.95e-08
2018-08-05, 02:50:30, 0.0, 7.97e-08
2018-08-05, 02:50:32, 0.0, 8e-08
2018-08-05, 02:50:34, 0.0, 7.9e-08
2018-08-05, 02:50:36, 0.0, 8.03e-08
2018-08-05, 02:50:38, 0.0, 8.01e-08
2018-08-05, 02:50:41, 0.0, 7.99e-08
2018-08-05, 02:50:43, 0.0, 8.03e-08
2018-08-05, 02:50:45, 0.0, 8e-08
2018-08-05, 02:50:47, 0.0, 7.95e-08
2018-08-05, 02:50:49, 0.0, 7.97e-08
2018-08-05, 02:50:51, 0.0, 7.91e-08
2018-08-05, 02:50:53, 0.0, 7.94e-08
2018-08-05, 02:50:55, 0.0, 7.89e-08
2018-08-05, 02:50:58, 0.0, 7.98e-08
2018-08-05, 02:51:00, 0.0, 7.99e-08
2018-08-05, 02:51:02, 0.0, 7.98e-08
2018-08-05, 02:51:04, 0.0, 7.94e-08
2018-08-05, 02:51:06, 0.0, 7.96e-08
2018-08-05, 02:51:08, 0.0, 7.91e-08
2018-08-05, 02:51:10, 0.0, 7.93e-08
2018-08-05, 02:51:12, 0.0, 7.93e-08
2018-08-05, 02:51:15, 0.0, 7.97e-08
2018-08-05, 02:51:17, 0.0, 7.94e-08
2018-08-05, 02:51:19, 0.0, 7.95e-08
2018-08-05, 02:51:21, 0.0, 7.97e-08
2018-08-05, 02:51:23, 0.0, 7.96e-08
2018-08-05, 02:51:25, 0.0, 7.95e-08
2018-08-05, 02:51:27, 0.0, 7.93e-08
2018-08-05, 02:51:30, 0.0, 7.97e-08
2018-08-05, 02:51:32, 0.0, 7.94e-08
2018-08-05, 02:51:34, 0.0, 7.93e-08
2018-08-05, 02:51:36, 0.0, 7.93e-08
2018-08-05, 02:51:38, 0.0, 7.9e-08
2018-08-05, 02:51:40, 0.0, 7.95e-08
2018-08-05, 02:51:42, 0.0, 7.96e-08
2018-08-05, 02:51:44, 0.0, 7.9e-08
2018-08-05, 02:51:47, 0.0, 7.93e-08
2018-08-05, 02:51:49, 0.0, 7.91e-08
2018-08-05, 02:51:51, 0.0, 7.88e-08
2018-08-05, 02:51:53, 0.0, 7.93e-08
2018-08-05, 02:51:55, 0.0, 7.94e-08
2018-08-05, 02:51:57, 0.0, 7.95e-08
2018-08-05, 02:51:59, 0.0, 8.01e-08
2018-08-05, 02:52:01, 0.0, 8.02e-08
2018-08-05, 02:52:04, 0.0, 8e-08
2018-08-05, 02:52:06, 0.0, 7.98e-08
2018-08-05, 02:52:08, 0.0, 8.01e-08
2018-08-05, 02:52:10, 0.0, 8.02e-08
2018-08-05, 02:52:12, 0.0, 7.98e-08
2018-08-05, 02:52:14, 0.0, 8.04e-08
2018-08-05, 02:52:16, 0.0, 7.98e-08
2018-08-05, 02:52:18, 0.0, 8.02e-08
2018-08-05, 02:52:21, 0.0, 7.99e-08
2018-08-05, 02:52:23, 0.0, 7.94e-08
2018-08-05, 02:52:25, 0.0, 7.97e-08
2018-08-05, 02:52:27, 0.0, 8e-08
2018-08-05, 02:52:29, 0.0, 7.95e-08
2018-08-05, 02:52:31, 0.0, 8.01e-08
2018-08-05, 02:52:33, 0.0, 7.97e-08
2018-08-05, 02:52:35, 0.0, 7.97e-08
2018-08-05, 02:52:38, 0.0, 7.99e-08
2018-08-05, 02:52:40, 0.0, 7.95e-08
2018-08-05, 02:52:42, 0.0, 7.97e-08
2018-08-05, 02:52:44, 0.0, 7.97e-08
2018-08-05, 02:52:46, 0.0, 7.88e-08
2018-08-05, 02:52:48, 0.0, 7.99e-08
2018-08-05, 02:52:50, 0.0, 7.98e-08
2018-08-05, 02:52:53, 0.0, 7.94e-08
2018-08-05, 02:52:55, 0.0, 7.99e-08
2018-08-05, 02:52:57, 0.0, 8.01e-08
2018-08-05, 02:52:59, 0.0, 8.04e-08
2018-08-05, 02:53:01, 0.0, 8.02e-08
2018-08-05, 02:53:03, 0.0, 7.98e-08
2018-08-05, 02:53:05, 0.0, 8.01e-08
2018-08-05, 02:53:07, 0.0, 8.02e-08
2018-08-05, 02:53:10, 0.0, 7.94e-08
2018-08-05, 02:53:12, 0.0, 7.96e-08
2018-08-05, 02:53:14, 0.0, 7.95e-08
2018-08-05, 02:53:16, 0.0, 7.93e-08
2018-08-05, 02:53:18, 0.0, 7.96e-08
2018-08-05, 02:53:20, 0.0, 7.96e-08
2018-08-05, 02:53:22, 0.0, 7.94e-08
2018-08-05, 02:53:24, 0.0, 7.94e-08
2018-08-05, 02:53:27, 0.0, 7.93e-08
2018-08-05, 02:53:29, 0.0, 7.92e-08
2018-08-05, 02:53:31, 0.0, 7.94e-08
2018-08-05, 02:53:33, 0.0, 7.94e-08
2018-08-05, 02:53:35, 0.0, 7.93e-08
2018-08-05, 02:53:37, 0.0, 7.88e-08
2018-08-05, 02:53:39, 0.0, 7.91e-08
2018-08-05, 02:53:42, 0.0, 7.98e-08
2018-08-05, 02:53:44, 0.0, 7.96e-08
2018-08-05, 02:53:46, 0.0, 7.93e-08
2018-08-05, 02:53:48, 0.0, 7.96e-08
2018-08-05, 02:53:50, 0.0, 7.99e-08
2018-08-05, 02:53:52, 0.0, 8e-08
2018-08-05, 02:53:54, 0.0, 7.94e-08
2018-08-05, 02:53:56, 0.0, 7.96e-08
2018-08-05, 02:53:59, 0.0, 7.98e-08
2018-08-05, 02:54:01, 0.0, 7.95e-08
2018-08-05, 02:54:03, 0.0, 7.92e-08
2018-08-05, 02:54:05, 0.0, 8.01e-08
2018-08-05, 02:54:07, 0.0, 7.94e-08
2018-08-05, 02:54:09, 0.0, 7.95e-08
2018-08-05, 02:54:11, 0.0, 7.98e-08
2018-08-05, 02:54:13, 0.0, 7.92e-08
2018-08-05, 02:54:16, 0.0, 7.96e-08
2018-08-05, 02:54:18, 0.0, 7.94e-08
2018-08-05, 02:54:20, 0.0, 7.99e-08
2018-08-05, 02:54:22, 0.0, 7.97e-08
2018-08-05, 02:54:24, 0.0, 7.91e-08
2018-08-05, 02:54:26, 0.0, 7.94e-08
2018-08-05, 02:54:28, 0.0, 7.95e-08
2018-08-05, 02:54:30, 0.0, 7.94e-08
2018-08-05, 02:54:33, 0.0, 8.01e-08
2018-08-05, 02:54:35, 0.0, 7.98e-08
2018-08-05, 02:54:37, 0.0, 7.94e-08
2018-08-05, 02:54:39, 0.0, 7.96e-08
2018-08-05, 02:54:41, 0.0, 7.97e-08
2018-08-05, 02:54:43, 0.0, 7.9e-08
2018-08-05, 02:54:45, 0.0, 7.94e-08
2018-08-05, 02:54:47, 0.0, 7.97e-08
2018-08-05, 02:54:50, 0.0, 7.94e-08
2018-08-05, 02:54:52, 0.0, 7.98e-08
2018-08-05, 02:54:54, 0.0, 8.04e-08
2018-08-05, 02:54:56, 0.0, 8.02e-08
2018-08-05, 02:54:58, 0.0, 8.04e-08
2018-08-05, 02:55:00, 0.0, 8.03e-08
2018-08-05, 02:55:02, 0.0, 8.01e-08
2018-08-05, 02:55:04, 0.0, 8.06e-08
2018-08-05, 02:55:07, 0.0, 7.97e-08
2018-08-05, 02:55:09, 0.0, 7.96e-08
2018-08-05, 02:55:11, 0.0, 7.96e-08
2018-08-05, 02:55:13, 0.0, 7.99e-08
2018-08-05, 02:55:15, 0.0, 7.95e-08
2018-08-05, 02:55:17, 0.0, 8e-08
2018-08-05, 02:55:19, 0.0, 7.93e-08
2018-08-05, 02:55:21, 0.0, 7.95e-08
2018-08-05, 02:55:24, 0.0, 8e-08
2018-08-05, 02:55:26, 0.0, 8e-08
2018-08-05, 02:55:28, 0.0, 8e-08
2018-08-05, 02:55:30, 0.0, 8.02e-08
2018-08-05, 02:55:32, 0.0, 8.02e-08
2018-08-05, 02:55:34, 0.0, 7.99e-08
2018-08-05, 02:55:36, 0.0, 8.04e-08
2018-08-05, 02:55:39, 0.0, 7.95e-08
2018-08-05, 02:55:41, 0.0, 7.98e-08
2018-08-05, 02:55:43, 0.0, 8.04e-08
2018-08-05, 02:55:45, 0.0, 8.05e-08
2018-08-05, 02:55:47, 0.0, 7.95e-08
2018-08-05, 02:55:49, 0.0, 7.94e-08
2018-08-05, 02:55:51, 0.0, 8e-08
2018-08-05, 02:55:53, 0.0, 7.95e-08
2018-08-05, 02:55:56, 0.0, 7.96e-08
2018-08-05, 02:55:58, 0.0, 7.93e-08
2018-08-05, 02:56:00, 0.0, 7.98e-08
2018-08-05, 02:56:02, 0.0, 7.96e-08
2018-08-05, 02:56:04, 0.0, 7.98e-08
2018-08-05, 02:56:06, 0.0, 8.01e-08
2018-08-05, 02:56:08, 0.0, 7.94e-08
2018-08-05, 02:56:10, 0.0, 7.94e-08
2018-08-05, 02:56:13, 0.0, 7.92e-08
2018-08-05, 02:56:15, 0.0, 7.98e-08
2018-08-05, 02:56:17, 0.0, 7.99e-08
2018-08-05, 02:56:19, 0.0, 7.87e-08
2018-08-05, 02:56:21, 0.0, 7.89e-08
2018-08-05, 02:56:23, 0.0, 7.98e-08
2018-08-05, 02:56:25, 0.0, 7.94e-08
2018-08-05, 02:56:27, 0.0, 7.93e-08
2018-08-05, 02:56:30, 0.0, 7.93e-08
2018-08-05, 02:56:32, 0.0, 8e-08
2018-08-05, 02:56:34, 0.0, 7.98e-08
2018-08-05, 02:56:36, 0.0, 7.99e-08
2018-08-05, 02:56:38, 0.0, 7.99e-08
2018-08-05, 02:56:40, 0.0, 7.91e-08
2018-08-05, 02:56:42, 0.0, 8.02e-08
2018-08-05, 02:56:44, 0.0, 7.94e-08
2018-08-05, 02:56:47, 0.0, 7.97e-08
2018-08-05, 02:56:49, 0.0, 7.99e-08
2018-08-05, 02:56:51, 0.0, 7.97e-08
2018-08-05, 02:56:53, 0.0, 7.95e-08
2018-08-05, 02:56:55, 0.0, 8e-08
2018-08-05, 02:56:57, 0.0, 7.97e-08
2018-08-05, 02:56:59, 0.0, 7.95e-08
2018-08-05, 02:57:01, 0.0, 7.97e-08
2018-08-05, 02:57:04, 0.0, 7.96e-08
2018-08-05, 02:57:06, 0.0, 8.06e-08
2018-08-05, 02:57:08, 0.0, 7.95e-08
2018-08-05, 02:57:10, 0.0, 7.98e-08
2018-08-05, 02:57:12, 0.0, 7.96e-08
2018-08-05, 02:57:14, 0.0, 7.99e-08
2018-08-05, 02:57:16, 0.0, 7.87e-08
2018-08-05, 02:57:18, 0.0, 8e-08
2018-08-05, 02:57:21, 0.0, 7.96e-08
2018-08-05, 02:57:23, 0.0, 7.96e-08
2018-08-05, 02:57:25, 0.0, 8e-08
2018-08-05, 02:57:27, 0.0, 7.96e-08
2018-08-05, 02:57:29, 0.0, 8.04e-08
2018-08-05, 02:57:31, 0.0, 8.02e-08
2018-08-05, 02:57:33, 0.0, 7.99e-08
2018-08-05, 02:57:35, 0.0, 7.94e-08
2018-08-05, 02:57:38, 0.0, 8.01e-08
2018-08-05, 02:57:40, 0.0, 8.04e-08
2018-08-05, 02:57:42, 0.0, 8.03e-08
2018-08-05, 02:57:44, 0.0, 8e-08
2018-08-05, 02:57:46, 0.0, 8.03e-08
2018-08-05, 02:57:48, 0.0, 7.97e-08
2018-08-05, 02:57:50, 0.0, 8.04e-08
2018-08-05, 02:57:52, 0.0, 8e-08
2018-08-05, 02:57:55, 0.0, 7.96e-08
2018-08-05, 02:57:57, 0.0, 8e-08
2018-08-05, 02:57:59, 0.0, 7.96e-08
2018-08-05, 02:58:01, 0.0, 8.01e-08
2018-08-05, 02:58:03, 0.0, 8.01e-08
2018-08-05, 02:58:05, 0.0, 8.04e-08
2018-08-05, 02:58:07, 0.0, 8.08e-08
2018-08-05, 02:58:09, 0.0, 8.09e-08
2018-08-05, 02:58:12, 0.0, 8.05e-08
2018-08-05, 02:58:14, 0.0, 8.07e-08
2018-08-05, 02:58:16, 0.0, 8.04e-08
2018-08-05, 02:58:18, 0.0, 8e-08
2018-08-05, 02:58:20, 0.0, 7.98e-08
2018-08-05, 02:58:22, 0.0, 8.02e-08
2018-08-05, 02:58:24, 0.0, 8.04e-08
2018-08-05, 02:58:26, 0.0, 8.01e-08
2018-08-05, 02:58:29, 0.0, 7.99e-08
2018-08-05, 02:58:31, 0.0, 7.96e-08
2018-08-05, 02:58:33, 0.0, 8.05e-08
2018-08-05, 02:58:35, 0.0, 8.08e-08
2018-08-05, 02:58:37, 0.0, 7.98e-08
2018-08-05, 02:58:39, 0.0, 8.01e-08
2018-08-05, 02:58:41, 0.0, 8.04e-08
2018-08-05, 02:58:43, 0.0, 8e-08
2018-08-05, 02:58:46, 0.0, 8.02e-08
2018-08-05, 02:58:48, 0.0, 8.02e-08
2018-08-05, 02:58:50, 0.0, 7.93e-08
2018-08-05, 02:58:52, 0.0, 8.07e-08
2018-08-05, 02:58:54, 0.0, 8.06e-08
2018-08-05, 02:58:56, 0.0, 7.97e-08
2018-08-05, 02:58:58, 0.0, 7.97e-08
2018-08-05, 02:59:01, 0.0, 7.95e-08
2018-08-05, 02:59:03, 0.0, 7.95e-08
2018-08-05, 02:59:05, 0.0, 8.01e-08
2018-08-05, 02:59:07, 0.0, 8.03e-08
2018-08-05, 02:59:09, 0.0, 7.94e-08
2018-08-05, 02:59:11, 0.0, 8e-08
2018-08-05, 02:59:13, 0.0, 7.97e-08
2018-08-05, 02:59:15, 0.0, 7.96e-08
2018-08-05, 02:59:18, 0.0, 8.01e-08
2018-08-05, 02:59:20, 0.0, 8.02e-08
2018-08-05, 02:59:22, 0.0, 7.97e-08
2018-08-05, 02:59:24, 0.0, 8.01e-08
2018-08-05, 02:59:26, 0.0, 8.02e-08
2018-08-05, 02:59:28, 0.0, 8.02e-08
2018-08-05, 02:59:30, 0.0, 7.96e-08
2018-08-05, 02:59:32, 0.0, 8.02e-08
2018-08-05, 02:59:35, 0.0, 7.97e-08
2018-08-05, 02:59:37, 0.0, 7.96e-08
2018-08-05, 02:59:39, 0.0, 8e-08
2018-08-05, 02:59:41, 0.0, 7.99e-08
2018-08-05, 02:59:43, 0.0, 8.03e-08
2018-08-05, 02:59:45, 0.0, 8e-08
2018-08-05, 02:59:47, 0.0, 7.97e-08
2018-08-05, 02:59:49, 0.0, 7.97e-08
2018-08-05, 02:59:52, 0.0, 8e-08
2018-08-05, 02:59:54, 0.0, 7.97e-08
2018-08-05, 02:59:56, 0.0, 8.01e-08
2018-08-05, 02:59:58, 0.0, 7.97e-08
2018-08-05, 03:00:00, 0.0, 7.97e-08
2018-08-05, 03:00:02, 0.0, 8.02e-08
2018-08-05, 03:00:04, 0.0, 7.98e-08
2018-08-05, 03:00:06, 0.0, 7.95e-08
2018-08-05, 03:00:09, 0.0, 8e-08
2018-08-05, 03:00:11, 0.0, 7.98e-08
2018-08-05, 03:00:13, 0.0, 7.96e-08
2018-08-05, 03:00:15, 0.0, 7.94e-08
2018-08-05, 03:00:17, 0.0, 7.96e-08
2018-08-05, 03:00:19, 0.0, 7.96e-08
2018-08-05, 03:00:21, 0.0, 7.97e-08
2018-08-05, 03:00:24, 0.0, 8e-08
2018-08-05, 03:00:26, 0.0, 7.95e-08
2018-08-05, 03:00:28, 0.0, 8e-08
2018-08-05, 03:00:30, 0.0, 7.98e-08
2018-08-05, 03:00:32, 0.0, 7.94e-08
2018-08-05, 03:00:34, 0.0, 7.98e-08
2018-08-05, 03:00:36, 0.0, 7.99e-08
2018-08-05, 03:00:38, 0.0, 8.03e-08
2018-08-05, 03:00:41, 0.0, 8.02e-08
2018-08-05, 03:00:43, 0.0, 8.04e-08
2018-08-05, 03:00:45, 0.0, 8e-08
2018-08-05, 03:00:47, 0.0, 8.03e-08
2018-08-05, 03:00:49, 0.0, 7.94e-08
2018-08-05, 03:00:51, 0.0, 7.94e-08
2018-08-05, 03:00:53, 0.0, 8e-08
2018-08-05, 03:00:55, 0.0, 7.97e-08
2018-08-05, 03:00:58, 0.0, 7.98e-08
2018-08-05, 03:01:00, 0.0, 8.01e-08
2018-08-05, 03:01:02, 0.0, 8e-08
2018-08-05, 03:01:04, 0.0, 7.99e-08
2018-08-05, 03:01:06, 0.0, 7.99e-08
2018-08-05, 03:01:08, 0.0, 7.99e-08
2018-08-05, 03:01:10, 0.0, 7.97e-08
2018-08-05, 03:01:12, 0.0, 8.02e-08
2018-08-05, 03:01:15, 0.0, 8.03e-08
2018-08-05, 03:01:17, 0.0, 8.07e-08
2018-08-05, 03:01:19, 0.0, 7.99e-08
2018-08-05, 03:01:21, 0.0, 7.98e-08
2018-08-05, 03:01:23, 0.0, 8.07e-08
2018-08-05, 03:01:25, 0.0, 8.09e-08
2018-08-05, 03:01:27, 0.0, 8.07e-08
2018-08-05, 03:01:29, 0.0, 7.98e-08
2018-08-05, 03:01:32, 0.0, 8.01e-08
2018-08-05, 03:01:34, 0.0, 7.95e-08
2018-08-05, 03:01:36, 0.0, 7.98e-08
2018-08-05, 03:01:38, 0.0, 7.93e-08
2018-08-05, 03:01:40, 0.0, 7.95e-08
2018-08-05, 03:01:42, 0.0, 8.02e-08
2018-08-05, 03:01:44, 0.0, 7.99e-08
2018-08-05, 03:01:46, 0.0, 7.99e-08
2018-08-05, 03:01:49, 0.0, 8e-08
2018-08-05, 03:01:51, 0.0, 7.97e-08
2018-08-05, 03:01:53, 0.0, 7.99e-08
2018-08-05, 03:01:55, 0.0, 8.01e-08
2018-08-05, 03:01:57, 0.0, 8.02e-08
2018-08-05, 03:01:59, 0.0, 8e-08
2018-08-05, 03:02:01, 0.0, 7.96e-08
2018-08-05, 03:02:03, 0.0, 7.96e-08
2018-08-05, 03:02:06, 0.0, 7.95e-08
2018-08-05, 03:02:08, 0.0, 7.99e-08
2018-08-05, 03:02:10, 0.0, 8.03e-08
2018-08-05, 03:02:12, 0.0, 8.01e-08
2018-08-05, 03:02:14, 0.0, 8e-08
2018-08-05, 03:02:16, 0.0, 8.01e-08
2018-08-05, 03:02:18, 0.0, 7.95e-08
2018-08-05, 03:02:20, 0.0, 7.95e-08
2018-08-05, 03:02:23, 0.0, 7.97e-08
2018-08-05, 03:02:25, 0.0, 7.92e-08
2018-08-05, 03:02:27, 0.0, 7.99e-08
2018-08-05, 03:02:29, 0.0, 7.95e-08
2018-08-05, 03:02:31, 0.0, 7.98e-08
2018-08-05, 03:02:33, 0.0, 7.96e-08
2018-08-05, 03:02:35, 0.0, 7.99e-08
2018-08-05, 03:02:38, 0.0, 7.98e-08
2018-08-05, 03:02:40, 0.0, 7.96e-08
2018-08-05, 03:02:42, 0.0, 7.98e-08
2018-08-05, 03:02:44, 0.0, 7.94e-08
2018-08-05, 03:02:46, 0.0, 7.99e-08
2018-08-05, 03:02:48, 0.0, 8.01e-08
2018-08-05, 03:02:50, 0.0, 8.03e-08
2018-08-05, 03:02:52, 0.0, 8.02e-08
2018-08-05, 03:02:55, 0.0, 8.02e-08
2018-08-05, 03:02:57, 0.0, 8e-08
2018-08-05, 03:02:59, 0.0, 8e-08
2018-08-05, 03:03:01, 0.0, 8.02e-08
2018-08-05, 03:03:03, 0.0, 8.02e-08
2018-08-05, 03:03:05, 0.0, 7.94e-08
2018-08-05, 03:03:07, 0.0, 7.95e-08
2018-08-05, 03:03:09, 0.0, 8.01e-08
2018-08-05, 03:03:12, 0.0, 8.05e-08
2018-08-05, 03:03:14, 0.0, 8.02e-08
2018-08-05, 03:03:16, 0.0, 8.07e-08
2018-08-05, 03:03:18, 0.0, 8.02e-08
2018-08-05, 03:03:20, 0.0, 8.01e-08
2018-08-05, 03:03:22, 0.0, 8e-08
2018-08-05, 03:03:24, 0.0, 7.98e-08
2018-08-05, 03:03:27, 0.0, 7.99e-08
2018-08-05, 03:03:29, 0.0, 8.03e-08
2018-08-05, 03:03:31, 0.0, 8.03e-08
2018-08-05, 03:03:33, 0.0, 7.99e-08
2018-08-05, 03:03:35, 0.0, 7.99e-08
2018-08-05, 03:03:37, 0.0, 8.01e-08
2018-08-05, 03:03:39, 0.0, 8.04e-08
2018-08-05, 03:03:41, 0.0, 7.97e-08
2018-08-05, 03:03:44, 0.0, 7.95e-08
2018-08-05, 03:03:46, 0.0, 8e-08
2018-08-05, 03:03:48, 0.0, 7.95e-08
2018-08-05, 03:03:50, 0.0, 7.91e-08
2018-08-05, 03:03:52, 0.0, 7.97e-08
2018-08-05, 03:03:54, 0.0, 7.92e-08
2018-08-05, 03:03:56, 0.0, 7.86e-08
2018-08-05, 03:03:58, 0.0, 7.82e-08
2018-08-05, 03:04:01, 0.0, 7.81e-08
2018-08-05, 03:04:03, 0.0, 7.81e-08
2018-08-05, 03:04:05, 0.0, 7.85e-08
2018-08-05, 03:04:07, 0.0, 7.85e-08
2018-08-05, 03:04:09, 0.0, 7.8e-08
2018-08-05, 03:04:11, 0.0, 7.84e-08
2018-08-05, 03:04:13, 0.0, 7.79e-08
2018-08-05, 03:04:16, 0.0, 7.81e-08
2018-08-05, 03:04:18, 0.0, 7.79e-08
2018-08-05, 03:04:20, 0.0, 7.82e-08
2018-08-05, 03:04:22, 0.0, 7.79e-08
2018-08-05, 03:04:24, 0.0, 7.77e-08
2018-08-05, 03:04:26, 0.0, 7.8e-08
2018-08-05, 03:04:28, 0.0, 7.77e-08
2018-08-05, 03:04:30, 0.0, 7.78e-08
2018-08-05, 03:04:33, 0.0, 7.78e-08
2018-08-05, 03:04:35, 0.0, 7.8e-08
2018-08-05, 03:04:37, 0.0, 7.77e-08
2018-08-05, 03:04:39, 0.0, 7.77e-08
2018-08-05, 03:04:41, 0.0, 7.75e-08
2018-08-05, 03:04:43, 0.0, 7.81e-08
2018-08-05, 03:04:45, 0.0, 7.71e-08
2018-08-05, 03:04:47, 0.0, 7.79e-08
2018-08-05, 03:04:50, 0.0, 7.77e-08
2018-08-05, 03:04:52, 0.0, 7.8e-08
2018-08-05, 03:04:54, 0.0, 7.71e-08
2018-08-05, 03:04:56, 0.0, 7.8e-08
2018-08-05, 03:04:58, 0.0, 7.78e-08
2018-08-05, 03:05:00, 0.0, 7.78e-08
2018-08-05, 03:05:02, 0.0, 7.8e-08
2018-08-05, 03:05:05, 0.0, 7.78e-08
2018-08-05, 03:05:07, 0.0, 7.77e-08
2018-08-05, 03:05:09, 0.0, 7.79e-08
2018-08-05, 03:05:11, 0.0, 7.74e-08
2018-08-05, 03:05:13, 0.0, 7.71e-08
2018-08-05, 03:05:15, 0.0, 7.75e-08
2018-08-05, 03:05:17, 0.0, 7.75e-08
2018-08-05, 03:05:19, 0.0, 7.79e-08
2018-08-05, 03:05:22, 0.0, 7.8e-08
2018-08-05, 03:05:24, 0.0, 7.7e-08
2018-08-05, 03:05:26, 0.0, 7.78e-08
2018-08-05, 03:05:28, 0.0, 7.81e-08
2018-08-05, 03:05:30, 0.0, 7.78e-08
2018-08-05, 03:05:32, 0.0, 7.78e-08
2018-08-05, 03:05:34, 0.0, 7.77e-08
2018-08-05, 03:05:36, 0.0, 7.72e-08
2018-08-05, 03:05:39, 0.0, 7.75e-08
2018-08-05, 03:05:41, 0.0, 7.68e-08
2018-08-05, 03:05:43, 0.0, 7.72e-08
2018-08-05, 03:05:45, 0.0, 7.8e-08
2018-08-05, 03:05:47, 0.0, 7.8e-08
2018-08-05, 03:05:49, 0.0, 7.77e-08
2018-08-05, 03:05:51, 0.0, 7.75e-08
2018-08-05, 03:05:53, 0.0, 7.79e-08
2018-08-05, 03:05:56, 0.0, 7.78e-08
2018-08-05, 03:05:58, 0.0, 7.8e-08
2018-08-05, 03:06:00, 0.0, 7.81e-08
2018-08-05, 03:06:02, 0.0, 7.81e-08
2018-08-05, 03:06:04, 0.0, 7.78e-08
2018-08-05, 03:06:06, 0.0, 7.78e-08
2018-08-05, 03:06:08, 0.0, 7.79e-08
2018-08-05, 03:06:10, 0.0, 7.75e-08
2018-08-05, 03:06:13, 0.0, 7.79e-08
2018-08-05, 03:06:15, 0.0, 7.82e-08
2018-08-05, 03:06:17, 0.0, 7.75e-08
2018-08-05, 03:06:19, 0.0, 7.79e-08
2018-08-05, 03:06:21, 0.0, 7.78e-08
2018-08-05, 03:06:23, 0.0, 7.8e-08
2018-08-05, 03:06:25, 0.0, 7.79e-08
2018-08-05, 03:06:28, 0.0, 7.82e-08
2018-08-05, 03:06:30, 0.0, 7.74e-08
2018-08-05, 03:06:32, 0.0, 7.7e-08
2018-08-05, 03:06:34, 0.0, 7.77e-08
2018-08-05, 03:06:36, 0.0, 7.78e-08
2018-08-05, 03:06:38, 0.0, 7.79e-08
2018-08-05, 03:06:40, 0.0, 7.81e-08
2018-08-05, 03:06:42, 0.0, 7.77e-08
2018-08-05, 03:06:45, 0.0, 7.8e-08
2018-08-05, 03:06:47, 0.0, 7.76e-08
2018-08-05, 03:06:49, 0.0, 7.75e-08
2018-08-05, 03:06:51, 0.0, 7.8e-08
2018-08-05, 03:06:53, 0.0, 7.78e-08
2018-08-05, 03:06:55, 0.0, 7.72e-08
2018-08-05, 03:06:57, 0.0, 7.76e-08
2018-08-05, 03:06:59, 0.0, 7.81e-08
2018-08-05, 03:07:02, 0.0, 7.75e-08
2018-08-05, 03:07:04, 0.0, 7.76e-08
2018-08-05, 03:07:06, 0.0, 7.82e-08
2018-08-05, 03:07:08, 0.0, 7.75e-08
2018-08-05, 03:07:10, 0.0, 7.78e-08
2018-08-05, 03:07:12, 0.0, 7.72e-08
2018-08-05, 03:07:14, 0.0, 7.75e-08
2018-08-05, 03:07:16, 0.0, 7.74e-08
2018-08-05, 03:07:19, 0.0, 7.73e-08
2018-08-05, 03:07:21, 0.0, 7.76e-08
2018-08-05, 03:07:23, 0.0, 7.71e-08
2018-08-05, 03:07:25, 0.0, 7.78e-08
2018-08-05, 03:07:27, 0.0, 7.77e-08
2018-08-05, 03:07:29, 0.0, 7.75e-08
2018-08-05, 03:07:31, 0.0, 7.69e-08
2018-08-05, 03:07:33, 0.0, 7.69e-08
2018-08-05, 03:07:36, 0.0, 7.78e-08
2018-08-05, 03:07:38, 0.0, 7.73e-08
2018-08-05, 03:07:40, 0.0, 7.73e-08
2018-08-05, 03:07:42, 0.0, 7.75e-08
2018-08-05, 03:07:44, 0.0, 7.76e-08
2018-08-05, 03:07:46, 0.0, 7.74e-08
2018-08-05, 03:07:48, 0.0, 7.74e-08
2018-08-05, 03:07:50, 0.0, 7.75e-08
2018-08-05, 03:07:53, 0.0, 7.77e-08
2018-08-05, 03:07:55, 0.0, 7.76e-08
2018-08-05, 03:07:57, 0.0, 7.76e-08
2018-08-05, 03:07:59, 0.0, 7.76e-08
2018-08-05, 03:08:01, 0.0, 7.72e-08
2018-08-05, 03:08:03, 0.0, 7.76e-08
2018-08-05, 03:08:05, 0.0, 7.72e-08
2018-08-05, 03:08:07, 0.0, 7.76e-08
2018-08-05, 03:08:10, 0.0, 7.72e-08
2018-08-05, 03:08:12, 0.0, 7.7e-08
2018-08-05, 03:08:14, 0.0, 7.75e-08
2018-08-05, 03:08:16, 0.0, 7.76e-08
2018-08-05, 03:08:18, 0.0, 7.77e-08
2018-08-05, 03:08:20, 0.0, 7.76e-08
2018-08-05, 03:08:22, 0.0, 7.75e-08
2018-08-05, 03:08:24, 0.0, 7.79e-08
2018-08-05, 03:08:27, 0.0, 7.77e-08
2018-08-05, 03:08:29, 0.0, 7.79e-08
2018-08-05, 03:08:31, 0.0, 7.7e-08
2018-08-05, 03:08:33, 0.0, 7.75e-08
2018-08-05, 03:08:35, 0.0, 7.72e-08
2018-08-05, 03:08:37, 0.0, 7.69e-08
2018-08-05, 03:08:39, 0.0, 7.7e-08
2018-08-05, 03:08:41, 0.0, 7.79e-08
2018-08-05, 03:08:44, 0.0, 7.78e-08
2018-08-05, 03:08:46, 0.0, 7.75e-08
2018-08-05, 03:08:48, 0.0, 7.75e-08
2018-08-05, 03:08:50, 0.0, 7.73e-08
2018-08-05, 03:08:52, 0.0, 7.69e-08
2018-08-05, 03:08:54, 0.0, 7.8e-08
2018-08-05, 03:08:56, 0.0, 7.73e-08
2018-08-05, 03:08:58, 0.0, 7.76e-08
2018-08-05, 03:09:01, 0.0, 7.73e-08
2018-08-05, 03:09:03, 0.0, 7.79e-08
2018-08-05, 03:09:05, 0.0, 7.76e-08
2018-08-05, 03:09:07, 0.0, 7.78e-08
2018-08-05, 03:09:09, 0.0, 7.76e-08
2018-08-05, 03:09:11, 0.0, 7.72e-08
2018-08-05, 03:09:13, 0.0, 7.74e-08
2018-08-05, 03:09:16, 0.0, 7.74e-08
2018-08-05, 03:09:18, 0.0, 7.78e-08
2018-08-05, 03:09:20, 0.0, 7.77e-08
2018-08-05, 03:09:22, 0.0, 7.79e-08
2018-08-05, 03:09:24, 0.0, 7.81e-08
2018-08-05, 03:09:26, 0.0, 7.85e-08
2018-08-05, 03:09:28, 0.0, 7.75e-08
2018-08-05, 03:09:30, 0.0, 7.75e-08
2018-08-05, 03:09:33, 0.0, 7.79e-08
2018-08-05, 03:09:35, 0.0, 7.83e-08
2018-08-05, 03:09:37, 0.0, 7.81e-08
2018-08-05, 03:09:39, 0.0, 7.81e-08
2018-08-05, 03:09:41, 0.0, 7.8e-08
2018-08-05, 03:09:43, 0.0, 7.8e-08
2018-08-05, 03:09:45, 0.0, 7.75e-08
2018-08-05, 03:09:47, 0.0, 7.78e-08
2018-08-05, 03:09:50, 0.0, 7.77e-08
2018-08-05, 03:09:52, 0.0, 7.82e-08
2018-08-05, 03:09:54, 0.0, 7.78e-08
2018-08-05, 03:09:56, 0.0, 7.79e-08
2018-08-05, 03:09:58, 0.0, 7.79e-08
2018-08-05, 03:10:00, 0.0, 7.81e-08
2018-08-05, 03:10:02, 0.0, 7.81e-08
2018-08-05, 03:10:04, 0.0, 7.77e-08
2018-08-05, 03:10:07, 0.0, 7.85e-08
2018-08-05, 03:10:09, 0.0, 7.89e-08
2018-08-05, 03:10:11, 0.0, 7.81e-08
2018-08-05, 03:10:13, 0.0, 7.86e-08
2018-08-05, 03:10:15, 0.0, 7.85e-08
2018-08-05, 03:10:17, 0.0, 7.87e-08
2018-08-05, 03:10:19, 0.0, 7.83e-08
2018-08-05, 03:10:21, 0.0, 7.85e-08
2018-08-05, 03:10:24, 0.0, 7.84e-08
2018-08-05, 03:10:26, 0.0, 7.84e-08
2018-08-05, 03:10:28, 0.0, 7.78e-08
2018-08-05, 03:10:30, 0.0, 7.82e-08
2018-08-05, 03:10:32, 0.0, 7.85e-08
2018-08-05, 03:10:34, 0.0, 7.79e-08
2018-08-05, 03:10:36, 0.0, 7.82e-08
2018-08-05, 03:10:38, 0.0, 7.86e-08
2018-08-05, 03:10:41, 0.0, 7.88e-08
2018-08-05, 03:10:43, 0.0, 7.88e-08
2018-08-05, 03:10:45, 0.0, 7.88e-08
2018-08-05, 03:10:47, 0.0, 7.82e-08
2018-08-05, 03:10:49, 0.0, 7.82e-08
2018-08-05, 03:10:51, 0.0, 7.79e-08
2018-08-05, 03:10:53, 0.0, 7.84e-08
2018-08-05, 03:10:55, 0.0, 7.82e-08
2018-08-05, 03:10:58, 0.0, 7.8e-08
2018-08-05, 03:11:00, 0.0, 7.85e-08
2018-08-05, 03:11:02, 0.0, 7.85e-08
2018-08-05, 03:11:04, 0.0, 7.84e-08
2018-08-05, 03:11:06, 0.0, 7.85e-08
2018-08-05, 03:11:08, 0.0, 7.87e-08
2018-08-05, 03:11:10, 0.0, 7.84e-08
2018-08-05, 03:11:12, 0.0, 7.87e-08
2018-08-05, 03:11:15, 0.0, 7.83e-08
2018-08-05, 03:11:17, 0.0, 7.85e-08
2018-08-05, 03:11:19, 0.0, 7.83e-08
2018-08-05, 03:11:21, 0.0, 7.85e-08
2018-08-05, 03:11:23, 0.0, 7.84e-08
2018-08-05, 03:11:25, 0.0, 7.85e-08
2018-08-05, 03:11:27, 0.0, 7.88e-08
2018-08-05, 03:11:30, 0.0, 7.87e-08
2018-08-05, 03:11:32, 0.0, 7.8e-08
2018-08-05, 03:11:34, 0.0, 7.89e-08
2018-08-05, 03:11:36, 0.0, 7.87e-08
2018-08-05, 03:11:38, 0.0, 7.77e-08
2018-08-05, 03:11:40, 0.0, 7.84e-08
2018-08-05, 03:11:42, 0.0, 7.86e-08
2018-08-05, 03:11:44, 0.0, 7.86e-08
2018-08-05, 03:11:46, 0.0, 7.85e-08
2018-08-05, 03:11:49, 0.0, 7.83e-08
2018-08-05, 03:11:51, 0.0, 7.85e-08
2018-08-05, 03:11:53, 0.0, 7.86e-08
2018-08-05, 03:11:55, 0.0, 7.81e-08
2018-08-05, 03:11:57, 0.0, 7.84e-08
2018-08-05, 03:11:59, 0.0, 7.79e-08
2018-08-05, 03:12:01, 0.0, 7.78e-08
2018-08-05, 03:12:04, 0.0, 7.78e-08
2018-08-05, 03:12:06, 0.0, 7.87e-08
2018-08-05, 03:12:08, 0.0, 7.81e-08
2018-08-05, 03:12:10, 0.0, 7.75e-08
2018-08-05, 03:12:12, 0.0, 7.82e-08
2018-08-05, 03:12:14, 0.0, 7.83e-08
2018-08-05, 03:12:16, 0.0, 7.8e-08
2018-08-05, 03:12:18, 0.0, 7.87e-08
2018-08-05, 03:12:21, 0.0, 7.76e-08
2018-08-05, 03:12:23, 0.0, 7.78e-08
2018-08-05, 03:12:25, 0.0, 7.76e-08
2018-08-05, 03:12:27, 0.0, 7.74e-08
2018-08-05, 03:12:29, 0.0, 7.77e-08
2018-08-05, 03:12:31, 0.0, 7.81e-08
2018-08-05, 03:12:33, 0.0, 7.75e-08
2018-08-05, 03:12:35, 0.0, 7.75e-08
2018-08-05, 03:12:38, 0.0, 7.81e-08
2018-08-05, 03:12:40, 0.0, 7.79e-08
2018-08-05, 03:12:42, 0.0, 7.8e-08
2018-08-05, 03:12:44, 0.0, 7.77e-08
2018-08-05, 03:12:46, 0.0, 7.78e-08
2018-08-05, 03:12:48, 0.0, 7.74e-08
2018-08-05, 03:12:50, 0.0, 7.81e-08
2018-08-05, 03:12:52, 0.0, 7.78e-08
2018-08-05, 03:12:55, 0.0, 7.8e-08
2018-08-05, 03:12:57, 0.0, 7.73e-08
2018-08-05, 03:12:59, 0.0, 7.8e-08
2018-08-05, 03:13:01, 0.0, 7.87e-08
2018-08-05, 03:13:03, 0.0, 7.83e-08
2018-08-05, 03:13:05, 0.0, 7.83e-08
2018-08-05, 03:13:07, 0.0, 7.81e-08
2018-08-05, 03:13:09, 0.0, 7.79e-08
2018-08-05, 03:13:12, 0.0, 7.83e-08
2018-08-05, 03:13:14, 0.0, 7.83e-08
2018-08-05, 03:13:16, 0.0, 7.81e-08
2018-08-05, 03:13:18, 0.0, 7.8e-08
2018-08-05, 03:13:20, 0.0, 7.79e-08
2018-08-05, 03:13:22, 0.0, 7.83e-08
2018-08-05, 03:13:24, 0.0, 7.79e-08
2018-08-05, 03:13:26, 0.0, 7.76e-08
2018-08-05, 03:13:29, 0.0, 7.82e-08
2018-08-05, 03:13:31, 0.0, 7.79e-08
2018-08-05, 03:13:33, 0.0, 7.77e-08
2018-08-05, 03:13:35, 0.0, 7.79e-08
2018-08-05, 03:13:37, 0.0, 7.82e-08
2018-08-05, 03:13:39, 0.0, 7.83e-08
2018-08-05, 03:13:41, 0.0, 7.82e-08
2018-08-05, 03:13:44, 0.0, 7.79e-08
2018-08-05, 03:13:46, 0.0, 7.79e-08
2018-08-05, 03:13:48, 0.0, 7.77e-08
2018-08-05, 03:13:50, 0.0, 7.76e-08
2018-08-05, 03:13:52, 0.0, 7.81e-08
2018-08-05, 03:13:54, 0.0, 7.78e-08
2018-08-05, 03:13:56, 0.0, 7.75e-08
2018-08-05, 03:13:58, 0.0, 7.76e-08
2018-08-05, 03:14:01, 0.0, 7.84e-08
2018-08-05, 03:14:03, 0.0, 7.82e-08
2018-08-05, 03:14:05, 0.0, 7.8e-08
2018-08-05, 03:14:07, 0.0, 7.83e-08
2018-08-05, 03:14:09, 0.0, 7.84e-08
2018-08-05, 03:14:11, 0.0, 7.81e-08
2018-08-05, 03:14:13, 0.0, 7.8e-08
2018-08-05, 03:14:15, 0.0, 7.82e-08
2018-08-05, 03:14:18, 0.0, 7.82e-08
2018-08-05, 03:14:20, 0.0, 7.75e-08
2018-08-05, 03:14:22, 0.0, 7.73e-08
2018-08-05, 03:14:24, 0.0, 7.81e-08
2018-08-05, 03:14:26, 0.0, 7.75e-08
2018-08-05, 03:14:28, 0.0, 7.77e-08
2018-08-05, 03:14:30, 0.0, 7.73e-08
2018-08-05, 03:14:32, 0.0, 7.8e-08
2018-08-05, 03:14:35, 0.0, 7.76e-08
2018-08-05, 03:14:37, 0.0, 7.75e-08
2018-08-05, 03:14:39, 0.0, 7.77e-08
2018-08-05, 03:14:41, 0.0, 7.78e-08
2018-08-05, 03:14:43, 0.0, 7.76e-08
2018-08-05, 03:14:45, 0.0, 7.73e-08
2018-08-05, 03:14:47, 0.0, 7.75e-08
2018-08-05, 03:14:50, 0.0, 7.78e-08
2018-08-05, 03:14:52, 0.0, 7.77e-08
2018-08-05, 03:14:54, 0.0, 7.76e-08
2018-08-05, 03:14:56, 0.0, 7.74e-08
2018-08-05, 03:14:58, 0.0, 7.76e-08
2018-08-05, 03:15:00, 0.0, 7.77e-08
2018-08-05, 03:15:02, 0.0, 7.76e-08
2018-08-05, 03:15:04, 0.0, 7.78e-08
2018-08-05, 03:15:07, 0.0, 7.75e-08
2018-08-05, 03:15:09, 0.0, 7.77e-08
2018-08-05, 03:15:11, 0.0, 7.74e-08
2018-08-05, 03:15:13, 0.0, 7.75e-08
2018-08-05, 03:15:15, 0.0, 7.79e-08
2018-08-05, 03:15:17, 0.0, 7.72e-08
2018-08-05, 03:15:19, 0.0, 7.78e-08
2018-08-05, 03:15:21, 0.0, 7.76e-08
2018-08-05, 03:15:24, 0.0, 7.78e-08
2018-08-05, 03:15:26, 0.0, 7.73e-08
2018-08-05, 03:15:28, 0.0, 7.77e-08
2018-08-05, 03:15:30, 0.0, 7.73e-08
2018-08-05, 03:15:32, 0.0, 7.77e-08
2018-08-05, 03:15:34, 0.0, 7.77e-08
2018-08-05, 03:15:36, 0.0, 7.76e-08
2018-08-05, 03:15:38, 0.0, 7.78e-08
2018-08-05, 03:15:41, 0.0, 7.72e-08
2018-08-05, 03:15:43, 0.0, 7.82e-08
2018-08-05, 03:15:45, 0.0, 7.74e-08
2018-08-05, 03:15:47, 0.0, 7.7e-08
2018-08-05, 03:15:49, 0.0, 7.79e-08
2018-08-05, 03:15:51, 0.0, 7.74e-08
2018-08-05, 03:15:53, 0.0, 7.8e-08
2018-08-05, 03:15:55, 0.0, 7.76e-08
2018-08-05, 03:15:58, 0.0, 7.82e-08
2018-08-05, 03:16:00, 0.0, 7.75e-08
2018-08-05, 03:16:02, 0.0, 7.76e-08
2018-08-05, 03:16:04, 0.0, 7.71e-08
2018-08-05, 03:16:06, 0.0, 7.76e-08
2018-08-05, 03:16:08, 0.0, 7.74e-08
2018-08-05, 03:16:10, 0.0, 7.75e-08
2018-08-05, 03:16:12, 0.0, 7.77e-08
2018-08-05, 03:16:15, 0.0, 7.74e-08
2018-08-05, 03:16:17, 0.0, 7.75e-08
2018-08-05, 03:16:19, 0.0, 7.78e-08
2018-08-05, 03:16:21, 0.0, 7.82e-08
2018-08-05, 03:16:23, 0.0, 7.8e-08
2018-08-05, 03:16:25, 0.0, 7.83e-08
2018-08-05, 03:16:27, 0.0, 7.78e-08
2018-08-05, 03:16:29, 0.0, 7.79e-08
2018-08-05, 03:16:32, 0.0, 7.72e-08
2018-08-05, 03:16:34, 0.0, 7.83e-08
2018-08-05, 03:16:36, 0.0, 7.72e-08
2018-08-05, 03:16:38, 0.0, 7.72e-08
2018-08-05, 03:16:40, 0.0, 7.77e-08
2018-08-05, 03:16:42, 0.0, 7.79e-08
2018-08-05, 03:16:44, 0.0, 7.79e-08
2018-08-05, 03:16:46, 0.0, 7.72e-08
2018-08-05, 03:16:49, 0.0, 7.75e-08
2018-08-05, 03:16:51, 0.0, 7.78e-08
2018-08-05, 03:16:53, 0.0, 7.78e-08
2018-08-05, 03:16:55, 0.0, 7.77e-08
2018-08-05, 03:16:57, 0.0, 7.81e-08
2018-08-05, 03:16:59, 0.0, 7.74e-08
2018-08-05, 03:17:01, 0.0, 7.72e-08
2018-08-05, 03:17:04, 0.0, 7.76e-08
2018-08-05, 03:17:06, 0.0, 7.71e-08
2018-08-05, 03:17:08, 0.0, 7.72e-08
2018-08-05, 03:17:10, 0.0, 7.78e-08
2018-08-05, 03:17:12, 0.0, 7.74e-08
2018-08-05, 03:17:14, 0.0, 7.83e-08
2018-08-05, 03:17:16, 0.0, 7.72e-08
2018-08-05, 03:17:18, 0.0, 7.77e-08
2018-08-05, 03:17:21, 0.0, 7.75e-08
2018-08-05, 03:17:23, 0.0, 7.81e-08
2018-08-05, 03:17:25, 0.0, 7.77e-08
2018-08-05, 03:17:27, 0.0, 7.81e-08
2018-08-05, 03:17:29, 0.0, 7.85e-08
2018-08-05, 03:17:31, 0.0, 7.76e-08
2018-08-05, 03:17:33, 0.0, 7.8e-08
2018-08-05, 03:17:35, 0.0, 7.82e-08
2018-08-05, 03:17:38, 0.0, 7.83e-08
2018-08-05, 03:17:40, 0.0, 7.79e-08
2018-08-05, 03:17:42, 0.0, 7.76e-08
2018-08-05, 03:17:44, 0.0, 7.76e-08
2018-08-05, 03:17:46, 0.0, 7.81e-08
2018-08-05, 03:17:48, 0.0, 7.79e-08
2018-08-05, 03:17:50, 0.0, 7.78e-08
2018-08-05, 03:17:52, 0.0, 7.79e-08
2018-08-05, 03:17:55, 0.0, 7.79e-08
2018-08-05, 03:17:57, 0.0, 7.73e-08
2018-08-05, 03:17:59, 0.0, 7.81e-08
2018-08-05, 03:18:01, 0.0, 7.79e-08
2018-08-05, 03:18:03, 0.0, 7.8e-08
2018-08-05, 03:18:05, 0.0, 7.82e-08
2018-08-05, 03:18:07, 0.0, 7.78e-08
2018-08-05, 03:18:09, 0.0, 7.78e-08
2018-08-05, 03:18:12, 0.0, 7.78e-08
2018-08-05, 03:18:14, 0.0, 7.76e-08
2018-08-05, 03:18:16, 0.0, 7.81e-08
2018-08-05, 03:18:18, 0.0, 7.8e-08
2018-08-05, 03:18:20, 0.0, 7.75e-08
2018-08-05, 03:18:22, 0.0, 7.81e-08
2018-08-05, 03:18:24, 0.0, 7.81e-08
2018-08-05, 03:18:26, 0.0, 7.82e-08
2018-08-05, 03:18:29, 0.0, 7.79e-08
2018-08-05, 03:18:31, 0.0, 7.74e-08
2018-08-05, 03:18:33, 0.0, 7.81e-08
2018-08-05, 03:18:35, 0.0, 7.83e-08
2018-08-05, 03:18:37, 0.0, 7.8e-08
2018-08-05, 03:18:39, 0.0, 7.78e-08
2018-08-05, 03:18:41, 0.0, 7.78e-08
2018-08-05, 03:18:43, 0.0, 7.79e-08
2018-08-05, 03:18:46, 0.0, 7.8e-08
2018-08-05, 03:18:48, 0.0, 7.72e-08
2018-08-05, 03:18:50, 0.0, 7.71e-08
2018-08-05, 03:18:52, 0.0, 7.78e-08
2018-08-05, 03:18:54, 0.0, 7.73e-08
2018-08-05, 03:18:56, 0.0, 7.79e-08
2018-08-05, 03:18:58, 0.0, 7.77e-08
2018-08-05, 03:19:01, 0.0, 7.8e-08
2018-08-05, 03:19:03, 0.0, 7.77e-08
2018-08-05, 03:19:05, 0.0, 7.78e-08
2018-08-05, 03:19:07, 0.0, 7.76e-08
2018-08-05, 03:19:09, 0.0, 7.73e-08
2018-08-05, 03:19:11, 0.0, 7.72e-08
2018-08-05, 03:19:13, 0.0, 7.81e-08
2018-08-05, 03:19:15, 0.0, 7.83e-08
2018-08-05, 03:19:18, 0.0, 7.72e-08
2018-08-05, 03:19:20, 0.0, 7.8e-08
2018-08-05, 03:19:22, 0.0, 7.83e-08
2018-08-05, 03:19:24, 0.0, 7.85e-08
2018-08-05, 03:19:26, 0.0, 7.8e-08
2018-08-05, 03:19:28, 0.0, 7.78e-08
2018-08-05, 03:19:30, 0.0, 7.78e-08
2018-08-05, 03:19:32, 0.0, 7.79e-08
2018-08-05, 03:19:35, 0.0, 7.8e-08
2018-08-05, 03:19:37, 0.0, 7.82e-08
2018-08-05, 03:19:39, 0.0, 7.71e-08
2018-08-05, 03:19:41, 0.0, 7.8e-08
2018-08-05, 03:19:43, 0.0, 7.75e-08
2018-08-05, 03:19:45, 0.0, 7.8e-08
2018-08-05, 03:19:47, 0.0, 7.76e-08
2018-08-05, 03:19:49, 0.0, 7.77e-08
2018-08-05, 03:19:52, 0.0, 7.81e-08
2018-08-05, 03:19:54, 0.0, 7.79e-08
2018-08-05, 03:19:56, 0.0, 7.77e-08
2018-08-05, 03:19:58, 0.0, 7.83e-08
2018-08-05, 03:20:00, 0.0, 7.78e-08
2018-08-05, 03:20:02, 0.0, 7.8e-08
2018-08-05, 03:20:04, 0.0, 7.76e-08
2018-08-05, 03:20:06, 0.0, 7.78e-08
2018-08-05, 03:20:09, 0.0, 7.82e-08
2018-08-05, 03:20:11, 0.0, 7.76e-08
2018-08-05, 03:20:13, 0.0, 7.78e-08
2018-08-05, 03:20:15, 0.0, 7.74e-08
2018-08-05, 03:20:17, 0.0, 7.71e-08
2018-08-05, 03:20:19, 0.0, 7.78e-08
2018-08-05, 03:20:21, 0.0, 7.81e-08
2018-08-05, 03:20:24, 0.0, 7.8e-08
2018-08-05, 03:20:26, 0.0, 7.75e-08
2018-08-05, 03:20:28, 0.0, 7.76e-08
2018-08-05, 03:20:30, 0.0, 7.83e-08
2018-08-05, 03:20:32, 0.0, 7.78e-08
2018-08-05, 03:20:34, 0.0, 7.78e-08
2018-08-05, 03:20:36, 0.0, 7.77e-08
2018-08-05, 03:20:38, 0.0, 7.84e-08
2018-08-05, 03:20:40, 0.0, 7.76e-08
2018-08-05, 03:20:43, 0.0, 7.77e-08
2018-08-05, 03:20:45, 0.0, 7.79e-08
2018-08-05, 03:20:47, 0.0, 7.8e-08
2018-08-05, 03:20:49, 0.0, 7.79e-08
2018-08-05, 03:20:51, 0.0, 7.82e-08
2018-08-05, 03:20:53, 0.0, 7.8e-08
2018-08-05, 03:20:55, 0.0, 7.84e-08
2018-08-05, 03:20:57, 0.0, 7.84e-08
2018-08-05, 03:21:00, 0.0, 7.81e-08
2018-08-05, 03:21:02, 0.0, 7.78e-08
2018-08-05, 03:21:04, 0.0, 7.83e-08
2018-08-05, 03:21:06, 0.0, 7.87e-08
2018-08-05, 03:21:08, 0.0, 7.85e-08
2018-08-05, 03:21:10, 0.0, 7.84e-08
2018-08-05, 03:21:12, 0.0, 7.8e-08
2018-08-05, 03:21:15, 0.0, 7.85e-08
2018-08-05, 03:21:17, 0.0, 7.87e-08
2018-08-05, 03:21:19, 0.0, 7.9e-08
2018-08-05, 03:21:21, 0.0, 7.88e-08
2018-08-05, 03:21:23, 0.0, 7.88e-08
2018-08-05, 03:21:25, 0.0, 7.89e-08
2018-08-05, 03:21:27, 0.0, 7.85e-08
2018-08-05, 03:21:29, 0.0, 7.86e-08
2018-08-05, 03:21:32, 0.0, 7.8e-08
2018-08-05, 03:21:34, 0.0, 7.84e-08
2018-08-05, 03:21:36, 0.0, 7.82e-08
2018-08-05, 03:21:38, 0.0, 7.86e-08
2018-08-05, 03:21:40, 0.0, 7.83e-08
2018-08-05, 03:21:42, 0.0, 7.82e-08
2018-08-05, 03:21:44, 0.0, 7.84e-08
2018-08-05, 03:21:46, 0.0, 7.79e-08
2018-08-05, 03:21:49, 0.0, 7.82e-08
2018-08-05, 03:21:51, 0.0, 7.83e-08
2018-08-05, 03:21:53, 0.0, 7.85e-08
2018-08-05, 03:21:55, 0.0, 7.8e-08
2018-08-05, 03:21:57, 0.0, 7.83e-08
2018-08-05, 03:21:59, 0.0, 7.83e-08
2018-08-05, 03:22:01, 0.0, 7.82e-08
2018-08-05, 03:22:03, 0.0, 7.83e-08
2018-08-05, 03:22:06, 0.0, 7.84e-08
2018-08-05, 03:22:08, 0.0, 7.84e-08
2018-08-05, 03:22:10, 0.0, 7.84e-08
2018-08-05, 03:22:12, 0.0, 7.8e-08
2018-08-05, 03:22:14, 0.0, 7.83e-08
2018-08-05, 03:22:16, 0.0, 7.84e-08
2018-08-05, 03:22:18, 0.0, 7.87e-08
2018-08-05, 03:22:20, 0.0, 7.83e-08
2018-08-05, 03:22:23, 0.0, 7.84e-08
2018-08-05, 03:22:25, 0.0, 7.83e-08
2018-08-05, 03:22:27, 0.0, 7.85e-08
2018-08-05, 03:22:29, 0.0, 7.89e-08
2018-08-05, 03:22:31, 0.0, 7.85e-08
2018-08-05, 03:22:33, 0.0, 7.86e-08
2018-08-05, 03:22:35, 0.0, 7.84e-08
2018-08-05, 03:22:37, 0.0, 7.86e-08
2018-08-05, 03:22:40, 0.0, 7.87e-08
2018-08-05, 03:22:42, 0.0, 7.89e-08
2018-08-05, 03:22:44, 0.0, 7.91e-08
2018-08-05, 03:22:46, 0.0, 7.88e-08
2018-08-05, 03:22:48, 0.0, 7.85e-08
2018-08-05, 03:22:50, 0.0, 7.84e-08
2018-08-05, 03:22:52, 0.0, 7.88e-08
2018-08-05, 03:22:54, 0.0, 7.9e-08
2018-08-05, 03:22:57, 0.0, 7.88e-08
2018-08-05, 03:22:59, 0.0, 7.88e-08
2018-08-05, 03:23:01, 0.0, 7.86e-08
2018-08-05, 03:23:03, 0.0, 7.87e-08
2018-08-05, 03:23:05, 0.0, 7.83e-08
2018-08-05, 03:23:07, 0.0, 7.86e-08
2018-08-05, 03:23:09, 0.0, 7.87e-08
2018-08-05, 03:23:12, 0.0, 7.86e-08
2018-08-05, 03:23:14, 0.0, 7.86e-08
2018-08-05, 03:23:16, 0.0, 7.88e-08
2018-08-05, 03:23:18, 0.0, 7.92e-08
2018-08-05, 03:23:20, 0.0, 7.89e-08
2018-08-05, 03:23:22, 0.0, 7.88e-08
2018-08-05, 03:23:24, 0.0, 7.85e-08
2018-08-05, 03:23:26, 0.0, 7.85e-08
2018-08-05, 03:23:29, 0.0, 7.79e-08
2018-08-05, 03:23:31, 0.0, 7.9e-08
2018-08-05, 03:23:33, 0.0, 7.86e-08
2018-08-05, 03:23:35, 0.0, 7.84e-08
2018-08-05, 03:23:37, 0.0, 7.82e-08
2018-08-05, 03:23:39, 0.0, 7.86e-08
2018-08-05, 03:23:41, 0.0, 7.86e-08
2018-08-05, 03:23:43, 0.0, 7.89e-08
2018-08-05, 03:23:46, 0.0, 7.83e-08
2018-08-05, 03:23:48, 0.0, 7.86e-08
2018-08-05, 03:23:50, 0.0, 7.79e-08
2018-08-05, 03:23:52, 0.0, 7.86e-08
2018-08-05, 03:23:54, 0.0, 7.79e-08
2018-08-05, 03:23:56, 0.0, 7.79e-08
2018-08-05, 03:23:58, 0.0, 7.81e-08
2018-08-05, 03:24:00, 0.0, 7.85e-08
2018-08-05, 03:24:03, 0.0, 7.84e-08
2018-08-05, 03:24:05, 0.0, 7.81e-08
2018-08-05, 03:24:07, 0.0, 7.82e-08
2018-08-05, 03:24:09, 0.0, 7.86e-08
2018-08-05, 03:24:11, 0.0, 7.83e-08
2018-08-05, 03:24:13, 0.0, 7.86e-08
2018-08-05, 03:24:15, 0.0, 7.81e-08
2018-08-05, 03:24:17, 0.0, 7.83e-08
2018-08-05, 03:24:20, 0.0, 7.85e-08
2018-08-05, 03:24:22, 0.0, 7.83e-08
2018-08-05, 03:24:24, 0.0, 7.82e-08
2018-08-05, 03:24:26, 0.0, 7.86e-08
2018-08-05, 03:24:28, 0.0, 7.88e-08
2018-08-05, 03:24:30, 0.0, 7.85e-08
2018-08-05, 03:24:32, 0.0, 7.85e-08
2018-08-05, 03:24:34, 0.0, 7.87e-08
2018-08-05, 03:24:37, 0.0, 7.87e-08
2018-08-05, 03:24:39, 0.0, 7.87e-08
2018-08-05, 03:24:41, 0.0, 7.85e-08
2018-08-05, 03:24:43, 0.0, 7.84e-08
2018-08-05, 03:24:45, 0.0, 7.84e-08
2018-08-05, 03:24:47, 0.0, 7.82e-08
2018-08-05, 03:24:49, 0.0, 7.87e-08
2018-08-05, 03:24:51, 0.0, 7.86e-08
2018-08-05, 03:24:54, 0.0, 7.85e-08
2018-08-05, 03:24:56, 0.0, 7.91e-08
2018-08-05, 03:24:58, 0.0, 7.9e-08
2018-08-05, 03:25:00, 0.0, 7.81e-08
2018-08-05, 03:25:02, 0.0, 7.84e-08
2018-08-05, 03:25:04, 0.0, 7.88e-08
2018-08-05, 03:25:06, 0.0, 7.87e-08
2018-08-05, 03:25:08, 0.0, 7.86e-08
2018-08-05, 03:25:11, 0.0, 7.85e-08
2018-08-05, 03:25:13, 0.0, 7.82e-08
2018-08-05, 03:25:15, 0.0, 7.83e-08
2018-08-05, 03:25:17, 0.0, 7.79e-08
2018-08-05, 03:25:19, 0.0, 7.81e-08
2018-08-05, 03:25:21, 0.0, 7.8e-08
2018-08-05, 03:25:23, 0.0, 7.84e-08
2018-08-05, 03:25:25, 0.0, 7.86e-08
2018-08-05, 03:25:28, 0.0, 7.84e-08
2018-08-05, 03:25:30, 0.0, 7.89e-08
2018-08-05, 03:25:32, 0.0, 7.82e-08
2018-08-05, 03:25:34, 0.0, 7.84e-08
2018-08-05, 03:25:36, 0.0, 7.78e-08
2018-08-05, 03:25:38, 0.0, 7.87e-08
2018-08-05, 03:25:40, 0.0, 7.81e-08
2018-08-05, 03:25:43, 0.0, 7.79e-08
2018-08-05, 03:25:45, 0.0, 7.88e-08
2018-08-05, 03:25:47, 0.0, 7.81e-08
2018-08-05, 03:25:49, 0.0, 7.84e-08
2018-08-05, 03:25:51, 0.0, 7.85e-08
2018-08-05, 03:25:53, 0.0, 7.84e-08
2018-08-05, 03:25:55, 0.0, 7.84e-08
2018-08-05, 03:25:57, 0.0, 7.85e-08
2018-08-05, 03:26:00, 0.0, 7.88e-08
2018-08-05, 03:26:02, 0.0, 7.87e-08
2018-08-05, 03:26:04, 0.0, 7.9e-08
2018-08-05, 03:26:06, 0.0, 7.89e-08
2018-08-05, 03:26:08, 0.0, 7.86e-08
2018-08-05, 03:26:10, 0.0, 7.9e-08
2018-08-05, 03:26:12, 0.0, 7.83e-08
2018-08-05, 03:26:14, 0.0, 7.89e-08
2018-08-05, 03:26:17, 0.0, 7.85e-08
2018-08-05, 03:26:19, 0.0, 7.87e-08
2018-08-05, 03:26:21, 0.0, 7.89e-08
2018-08-05, 03:26:23, 0.0, 7.89e-08
2018-08-05, 03:26:25, 0.0, 7.9e-08
2018-08-05, 03:26:27, 0.0, 7.86e-08
2018-08-05, 03:26:29, 0.0, 7.85e-08
2018-08-05, 03:26:31, 0.0, 7.83e-08
2018-08-05, 03:26:34, 0.0, 7.88e-08
2018-08-05, 03:26:36, 0.0, 7.89e-08
2018-08-05, 03:26:38, 0.0, 7.92e-08
2018-08-05, 03:26:40, 0.0, 7.9e-08
2018-08-05, 03:26:42, 0.0, 7.79e-08
2018-08-05, 03:26:44, 0.0, 7.87e-08
2018-08-05, 03:26:46, 0.0, 7.88e-08
2018-08-05, 03:26:48, 0.0, 7.89e-08
2018-08-05, 03:26:51, 0.0, 7.83e-08
2018-08-05, 03:26:53, 0.0, 7.84e-08
2018-08-05, 03:26:55, 0.0, 7.87e-08
2018-08-05, 03:26:57, 0.0, 7.86e-08
2018-08-05, 03:26:59, 0.0, 7.81e-08
2018-08-05, 03:27:01, 0.0, 7.81e-08
2018-08-05, 03:27:03, 0.0, 7.87e-08
2018-08-05, 03:27:05, 0.0, 7.82e-08
2018-08-05, 03:27:08, 0.0, 7.82e-08
2018-08-05, 03:27:10, 0.0, 7.8e-08
2018-08-05, 03:27:12, 0.0, 7.84e-08
2018-08-05, 03:27:14, 0.0, 7.83e-08
2018-08-05, 03:27:16, 0.0, 7.9e-08
2018-08-05, 03:27:18, 0.0, 7.85e-08
2018-08-05, 03:27:20, 0.0, 7.87e-08
2018-08-05, 03:27:22, 0.0, 7.88e-08
2018-08-05, 03:27:25, 0.0, 7.92e-08
2018-08-05, 03:27:27, 0.0, 7.9e-08
2018-08-05, 03:27:29, 0.0, 7.89e-08
2018-08-05, 03:27:31, 0.0, 7.89e-08
2018-08-05, 03:27:33, 0.0, 7.83e-08
2018-08-05, 03:27:35, 0.0, 7.88e-08
2018-08-05, 03:27:37, 0.0, 7.81e-08
2018-08-05, 03:27:39, 0.0, 7.82e-08
2018-08-05, 03:27:42, 0.0, 7.83e-08
2018-08-05, 03:27:44, 0.0, 7.84e-08
2018-08-05, 03:27:46, 0.0, 7.83e-08
2018-08-05, 03:27:48, 0.0, 7.84e-08
2018-08-05, 03:27:50, 0.0, 7.86e-08
2018-08-05, 03:27:52, 0.0, 7.84e-08
2018-08-05, 03:27:54, 0.0, 7.87e-08
2018-08-05, 03:27:56, 0.0, 7.91e-08
2018-08-05, 03:27:59, 0.0, 7.92e-08
2018-08-05, 03:28:01, 0.0, 7.88e-08
2018-08-05, 03:28:03, 0.0, 7.9e-08
2018-08-05, 03:28:05, 0.0, 7.85e-08
2018-08-05, 03:28:07, 0.0, 7.9e-08
2018-08-05, 03:28:09, 0.0, 7.85e-08
2018-08-05, 03:28:11, 0.0, 7.93e-08
2018-08-05, 03:28:13, 0.0, 7.94e-08
2018-08-05, 03:28:16, 0.0, 7.87e-08
2018-08-05, 03:28:18, 0.0, 7.89e-08
2018-08-05, 03:28:20, 0.0, 7.89e-08
2018-08-05, 03:28:22, 0.0, 7.93e-08
2018-08-05, 03:28:24, 0.0, 7.9e-08
2018-08-05, 03:28:26, 0.0, 7.87e-08
2018-08-05, 03:28:28, 0.0, 7.86e-08
2018-08-05, 03:28:30, 0.0, 7.86e-08
2018-08-05, 03:28:33, 0.0, 7.9e-08
2018-08-05, 03:28:35, 0.0, 7.91e-08
2018-08-05, 03:28:37, 0.0, 7.9e-08
2018-08-05, 03:28:39, 0.0, 7.9e-08
2018-08-05, 03:28:41, 0.0, 7.9e-08
2018-08-05, 03:28:43, 0.0, 7.88e-08
2018-08-05, 03:28:45, 0.0, 7.89e-08
2018-08-05, 03:28:47, 0.0, 7.8e-08
2018-08-05, 03:28:50, 0.0, 7.91e-08
2018-08-05, 03:28:52, 0.0, 7.86e-08
2018-08-05, 03:28:54, 0.0, 7.88e-08
2018-08-05, 03:28:56, 0.0, 7.9e-08
2018-08-05, 03:28:58, 0.0, 7.9e-08
2018-08-05, 03:29:00, 0.0, 7.86e-08
2018-08-05, 03:29:02, 0.0, 7.89e-08
2018-08-05, 03:29:04, 0.0, 7.86e-08
2018-08-05, 03:29:07, 0.0, 7.87e-08
2018-08-05, 03:29:09, 0.0, 7.91e-08
2018-08-05, 03:29:11, 0.0, 7.87e-08
2018-08-05, 03:29:13, 0.0, 7.95e-08
2018-08-05, 03:29:15, 0.0, 7.93e-08
2018-08-05, 03:29:17, 0.0, 7.88e-08
2018-08-05, 03:29:19, 0.0, 7.88e-08
2018-08-05, 03:29:21, 0.0, 7.88e-08
2018-08-05, 03:29:24, 0.0, 7.86e-08
2018-08-05, 03:29:26, 0.0, 7.87e-08
2018-08-05, 03:29:28, 0.0, 7.9e-08
2018-08-05, 03:29:30, 0.0, 7.88e-08
2018-08-05, 03:29:32, 0.0, 7.86e-08
2018-08-05, 03:29:34, 0.0, 7.9e-08
2018-08-05, 03:29:36, 0.0, 7.92e-08
2018-08-05, 03:29:38, 0.0, 7.9e-08
2018-08-05, 03:29:41, 0.0, 7.94e-08
2018-08-05, 03:29:43, 0.0, 7.92e-08
2018-08-05, 03:29:45, 0.0, 7.92e-08
2018-08-05, 03:29:47, 0.0, 7.93e-08
2018-08-05, 03:29:49, 0.0, 7.91e-08
2018-08-05, 03:29:51, 0.0, 7.89e-08
2018-08-05, 03:29:53, 0.0, 7.93e-08
2018-08-05, 03:29:55, 0.0, 7.9e-08
2018-08-05, 03:29:58, 0.0, 7.95e-08
2018-08-05, 03:30:00, 0.0, 7.92e-08
2018-08-05, 03:30:02, 0.0, 7.9e-08
2018-08-05, 03:30:04, 0.0, 7.91e-08
2018-08-05, 03:30:06, 0.0, 7.9e-08
2018-08-05, 03:30:08, 0.0, 7.89e-08
2018-08-05, 03:30:10, 0.0, 7.87e-08
2018-08-05, 03:30:13, 0.0, 7.86e-08
2018-08-05, 03:30:15, 0.0, 7.92e-08
2018-08-05, 03:30:17, 0.0, 7.85e-08
2018-08-05, 03:30:19, 0.0, 7.89e-08
2018-08-05, 03:30:21, 0.0, 7.93e-08
2018-08-05, 03:30:23, 0.0, 7.9e-08
2018-08-05, 03:30:25, 0.0, 7.91e-08
2018-08-05, 03:30:27, 0.0, 7.94e-08
2018-08-05, 03:30:30, 0.0, 7.88e-08
2018-08-05, 03:30:32, 0.0, 7.91e-08
2018-08-05, 03:30:34, 0.0, 7.89e-08
2018-08-05, 03:30:36, 0.0, 7.89e-08
2018-08-05, 03:30:38, 0.0, 7.91e-08
2018-08-05, 03:30:40, 0.0, 7.89e-08
2018-08-05, 03:30:42, 0.0, 7.92e-08
2018-08-05, 03:30:44, 0.0, 7.92e-08
2018-08-05, 03:30:47, 0.0, 7.86e-08
2018-08-05, 03:30:49, 0.0, 7.9e-08
2018-08-05, 03:30:51, 0.0, 7.92e-08
2018-08-05, 03:30:53, 0.0, 7.89e-08
2018-08-05, 03:30:55, 0.0, 7.93e-08
2018-08-05, 03:30:57, 0.0, 7.89e-08
2018-08-05, 03:30:59, 0.0, 7.87e-08
2018-08-05, 03:31:01, 0.0, 7.86e-08
2018-08-05, 03:31:04, 0.0, 7.88e-08
2018-08-05, 03:31:06, 0.0, 7.86e-08
2018-08-05, 03:31:08, 0.0, 7.91e-08
2018-08-05, 03:31:10, 0.0, 7.9e-08
2018-08-05, 03:31:12, 0.0, 7.83e-08
2018-08-05, 03:31:14, 0.0, 7.86e-08
2018-08-05, 03:31:16, 0.0, 7.85e-08
2018-08-05, 03:31:19, 0.0, 7.89e-08
2018-08-05, 03:31:21, 0.0, 7.87e-08
2018-08-05, 03:31:23, 0.0, 7.84e-08
2018-08-05, 03:31:25, 0.0, 7.86e-08
2018-08-05, 03:31:27, 0.0, 7.92e-08
2018-08-05, 03:31:29, 0.0, 7.91e-08
2018-08-05, 03:31:31, 0.0, 7.89e-08
2018-08-05, 03:31:33, 0.0, 7.85e-08
2018-08-05, 03:31:36, 0.0, 7.88e-08
2018-08-05, 03:31:38, 0.0, 7.84e-08
2018-08-05, 03:31:40, 0.0, 7.89e-08
2018-08-05, 03:31:42, 0.0, 7.85e-08
2018-08-05, 03:31:44, 0.0, 7.86e-08
2018-08-05, 03:31:46, 0.0, 7.93e-08
2018-08-05, 03:31:48, 0.0, 7.87e-08
2018-08-05, 03:31:50, 0.0, 7.91e-08
2018-08-05, 03:31:53, 0.0, 7.88e-08
2018-08-05, 03:31:55, 0.0, 7.87e-08
2018-08-05, 03:31:57, 0.0, 7.87e-08
2018-08-05, 03:31:59, 0.0, 7.92e-08
2018-08-05, 03:32:01, 0.0, 7.88e-08
2018-08-05, 03:32:03, 0.0, 7.91e-08
2018-08-05, 03:32:05, 0.0, 7.91e-08
2018-08-05, 03:32:07, 0.0, 7.9e-08
2018-08-05, 03:32:10, 0.0, 7.9e-08
2018-08-05, 03:32:12, 0.0, 7.91e-08
2018-08-05, 03:32:14, 0.0, 7.94e-08
2018-08-05, 03:32:16, 0.0, 7.89e-08
2018-08-05, 03:32:18, 0.0, 7.87e-08
2018-08-05, 03:32:20, 0.0, 7.86e-08
2018-08-05, 03:32:22, 0.0, 7.88e-08
2018-08-05, 03:32:24, 0.0, 7.89e-08
2018-08-05, 03:32:27, 0.0, 7.85e-08
2018-08-05, 03:32:29, 0.0, 7.83e-08
2018-08-05, 03:32:31, 0.0, 7.85e-08
2018-08-05, 03:32:33, 0.0, 7.87e-08
2018-08-05, 03:32:35, 0.0, 7.81e-08
2018-08-05, 03:32:37, 0.0, 7.86e-08
2018-08-05, 03:32:39, 0.0, 7.88e-08
2018-08-05, 03:32:41, 0.0, 7.85e-08
2018-08-05, 03:32:44, 0.0, 7.88e-08
2018-08-05, 03:32:46, 0.0, 7.88e-08
2018-08-05, 03:32:48, 0.0, 7.87e-08
2018-08-05, 03:32:50, 0.0, 7.82e-08
2018-08-05, 03:32:52, 0.0, 7.91e-08
2018-08-05, 03:32:54, 0.0, 7.84e-08
2018-08-05, 03:32:56, 0.0, 7.88e-08
2018-08-05, 03:32:58, 0.0, 7.82e-08
2018-08-05, 03:33:01, 0.0, 7.92e-08
2018-08-05, 03:33:03, 0.0, 7.83e-08
2018-08-05, 03:33:05, 0.0, 7.86e-08
2018-08-05, 03:33:07, 0.0, 7.85e-08
2018-08-05, 03:33:09, 0.0, 7.86e-08
2018-08-05, 03:33:11, 0.0, 7.88e-08
2018-08-05, 03:33:13, 0.0, 7.9e-08
2018-08-05, 03:33:16, 0.0, 7.87e-08
2018-08-05, 03:33:18, 0.0, 7.88e-08
2018-08-05, 03:33:20, 0.0, 7.84e-08
2018-08-05, 03:33:22, 0.0, 7.89e-08
2018-08-05, 03:33:24, 0.0, 7.84e-08
2018-08-05, 03:33:26, 0.0, 7.82e-08
2018-08-05, 03:33:28, 0.0, 7.85e-08
2018-08-05, 03:33:30, 0.0, 7.89e-08
2018-08-05, 03:33:33, 0.0, 7.84e-08
2018-08-05, 03:33:35, 0.0, 7.89e-08
2018-08-05, 03:33:37, 0.0, 7.8e-08
2018-08-05, 03:33:39, 0.0, 7.84e-08
2018-08-05, 03:33:41, 0.0, 7.85e-08
2018-08-05, 03:33:43, 0.0, 7.87e-08
2018-08-05, 03:33:45, 0.0, 7.85e-08
2018-08-05, 03:33:48, 0.0, 7.84e-08
2018-08-05, 03:33:50, 0.0, 7.88e-08
2018-08-05, 03:33:52, 0.0, 7.9e-08
2018-08-05, 03:33:54, 0.0, 7.9e-08
2018-08-05, 03:33:56, 0.0, 7.83e-08
2018-08-05, 03:33:58, 0.0, 7.89e-08
2018-08-05, 03:34:00, 0.0, 7.87e-08
2018-08-05, 03:34:02, 0.0, 7.86e-08
2018-08-05, 03:34:05, 0.0, 7.84e-08
2018-08-05, 03:34:07, 0.0, 7.84e-08
2018-08-05, 03:34:09, 0.0, 7.88e-08
2018-08-05, 03:34:11, 0.0, 7.88e-08
2018-08-05, 03:34:13, 0.0, 7.82e-08
2018-08-05, 03:34:15, 0.0, 7.9e-08
2018-08-05, 03:34:17, 0.0, 7.87e-08
2018-08-05, 03:34:19, 0.0, 7.87e-08
2018-08-05, 03:34:22, 0.0, 7.93e-08
2018-08-05, 03:34:24, 0.0, 7.85e-08
2018-08-05, 03:34:26, 0.0, 7.91e-08
2018-08-05, 03:34:28, 0.0, 7.81e-08
2018-08-05, 03:34:30, 0.0, 7.85e-08
2018-08-05, 03:34:32, 0.0, 7.8e-08
2018-08-05, 03:34:34, 0.0, 7.84e-08
2018-08-05, 03:34:36, 0.0, 7.8e-08
2018-08-05, 03:34:39, 0.0, 7.83e-08
2018-08-05, 03:34:41, 0.0, 7.85e-08
2018-08-05, 03:34:43, 0.0, 7.86e-08
2018-08-05, 03:34:45, 0.0, 7.83e-08
2018-08-05, 03:34:47, 0.0, 7.83e-08
2018-08-05, 03:34:49, 0.0, 7.87e-08
2018-08-05, 03:34:51, 0.0, 7.82e-08
2018-08-05, 03:34:53, 0.0, 7.86e-08
2018-08-05, 03:34:56, 0.0, 7.85e-08
2018-08-05, 03:34:58, 0.0, 7.81e-08
2018-08-05, 03:35:00, 0.0, 7.82e-08
2018-08-05, 03:35:02, 0.0, 7.79e-08
2018-08-05, 03:35:04, 0.0, 7.78e-08
2018-08-05, 03:35:06, 0.0, 7.82e-08
2018-08-05, 03:35:08, 0.0, 7.91e-08
2018-08-05, 03:35:10, 0.0, 7.85e-08
2018-08-05, 03:35:13, 0.0, 7.83e-08
2018-08-05, 03:35:15, 0.0, 7.82e-08
2018-08-05, 03:35:17, 0.0, 7.87e-08
2018-08-05, 03:35:19, 0.0, 7.8e-08
2018-08-05, 03:35:21, 0.0, 7.84e-08
2018-08-05, 03:35:23, 0.0, 7.79e-08
2018-08-05, 03:35:25, 0.0, 7.89e-08
2018-08-05, 03:35:27, 0.0, 7.87e-08
2018-08-05, 03:35:30, 0.0, 7.85e-08
2018-08-05, 03:35:32, 0.0, 7.78e-08
2018-08-05, 03:35:34, 0.0, 7.8e-08
2018-08-05, 03:35:36, 0.0, 7.89e-08
2018-08-05, 03:35:38, 0.0, 7.83e-08
2018-08-05, 03:35:40, 0.0, 7.85e-08
2018-08-05, 03:35:42, 0.0, 7.82e-08
2018-08-05, 03:35:44, 0.0, 7.78e-08
2018-08-05, 03:35:47, 0.0, 7.83e-08
2018-08-05, 03:35:49, 0.0, 7.82e-08
2018-08-05, 03:35:51, 0.0, 7.85e-08
2018-08-05, 03:35:53, 0.0, 7.81e-08
2018-08-05, 03:35:55, 0.0, 7.82e-08
2018-08-05, 03:35:57, 0.0, 7.78e-08
2018-08-05, 03:35:59, 0.0, 7.83e-08
2018-08-05, 03:36:01, 0.0, 7.76e-08
2018-08-05, 03:36:04, 0.0, 7.86e-08
2018-08-05, 03:36:06, 0.0, 7.83e-08
2018-08-05, 03:36:08, 0.0, 7.84e-08
2018-08-05, 03:36:10, 0.0, 7.81e-08
2018-08-05, 03:36:12, 0.0, 7.79e-08
2018-08-05, 03:36:14, 0.0, 7.82e-08
2018-08-05, 03:36:16, 0.0, 7.8e-08
2018-08-05, 03:36:19, 0.0, 7.87e-08
2018-08-05, 03:36:21, 0.0, 7.88e-08
2018-08-05, 03:36:23, 0.0, 7.88e-08
2018-08-05, 03:36:25, 0.0, 7.85e-08
2018-08-05, 03:36:27, 0.0, 7.87e-08
2018-08-05, 03:36:29, 0.0, 7.88e-08
2018-08-05, 03:36:31, 0.0, 7.88e-08
2018-08-05, 03:36:33, 0.0, 7.81e-08
2018-08-05, 03:36:35, 0.0, 7.81e-08
2018-08-05, 03:36:38, 0.0, 7.82e-08
2018-08-05, 03:36:40, 0.0, 7.87e-08
2018-08-05, 03:36:42, 0.0, 7.87e-08
2018-08-05, 03:36:44, 0.0, 7.81e-08
2018-08-05, 03:36:46, 0.0, 7.8e-08
2018-08-05, 03:36:48, 0.0, 7.83e-08
2018-08-05, 03:36:50, 0.0, 7.8e-08
2018-08-05, 03:36:52, 0.0, 7.85e-08
2018-08-05, 03:36:55, 0.0, 7.81e-08
2018-08-05, 03:36:57, 0.0, 7.77e-08
2018-08-05, 03:36:59, 0.0, 7.76e-08
2018-08-05, 03:37:01, 0.0, 7.75e-08
2018-08-05, 03:37:03, 0.0, 7.77e-08
2018-08-05, 03:37:05, 0.0, 7.86e-08
2018-08-05, 03:37:07, 0.0, 7.77e-08
2018-08-05, 03:37:10, 0.0, 7.76e-08
2018-08-05, 03:37:12, 0.0, 7.78e-08
2018-08-05, 03:37:14, 0.0, 7.83e-08
2018-08-05, 03:37:16, 0.0, 7.8e-08
2018-08-05, 03:37:18, 0.0, 7.79e-08
2018-08-05, 03:37:20, 0.0, 7.83e-08
2018-08-05, 03:37:22, 0.0, 7.82e-08
2018-08-05, 03:37:24, 0.0, 7.79e-08
2018-08-05, 03:37:27, 0.0, 7.88e-08
2018-08-05, 03:37:29, 0.0, 7.84e-08
2018-08-05, 03:37:31, 0.0, 7.82e-08
2018-08-05, 03:37:33, 0.0, 7.8e-08
2018-08-05, 03:37:35, 0.0, 7.84e-08
2018-08-05, 03:37:37, 0.0, 7.86e-08
2018-08-05, 03:37:39, 0.0, 7.83e-08
2018-08-05, 03:37:41, 0.0, 7.83e-08
2018-08-05, 03:37:44, 0.0, 7.78e-08
2018-08-05, 03:37:46, 0.0, 7.82e-08
2018-08-05, 03:37:48, 0.0, 7.85e-08
2018-08-05, 03:37:50, 0.0, 7.77e-08
2018-08-05, 03:37:52, 0.0, 7.84e-08
2018-08-05, 03:37:54, 0.0, 7.79e-08
2018-08-05, 03:37:56, 0.0, 7.79e-08
2018-08-05, 03:37:58, 0.0, 7.83e-08
2018-08-05, 03:38:01, 0.0, 7.82e-08
2018-08-05, 03:38:03, 0.0, 7.76e-08
2018-08-05, 03:38:05, 0.0, 7.81e-08
2018-08-05, 03:38:07, 0.0, 7.81e-08
2018-08-05, 03:38:09, 0.0, 7.82e-08
2018-08-05, 03:38:11, 0.0, 7.79e-08
2018-08-05, 03:38:13, 0.0, 7.83e-08
2018-08-05, 03:38:15, 0.0, 7.81e-08
2018-08-05, 03:38:18, 0.0, 7.82e-08
2018-08-05, 03:38:20, 0.0, 7.75e-08
2018-08-05, 03:38:22, 0.0, 7.8e-08
2018-08-05, 03:38:24, 0.0, 7.78e-08
2018-08-05, 03:38:26, 0.0, 7.84e-08
2018-08-05, 03:38:28, 0.0, 7.82e-08
2018-08-05, 03:38:30, 0.0, 7.73e-08
2018-08-05, 03:38:32, 0.0, 7.81e-08
2018-08-05, 03:38:35, 0.0, 7.8e-08
2018-08-05, 03:38:37, 0.0, 7.72e-08
2018-08-05, 03:38:39, 0.0, 7.85e-08
2018-08-05, 03:38:41, 0.0, 7.8e-08
2018-08-05, 03:38:43, 0.0, 7.79e-08
2018-08-05, 03:38:45, 0.0, 7.79e-08
2018-08-05, 03:38:47, 0.0, 7.75e-08
2018-08-05, 03:38:49, 0.0, 7.78e-08
2018-08-05, 03:38:52, 0.0, 7.75e-08
2018-08-05, 03:38:54, 0.0, 7.76e-08
2018-08-05, 03:38:56, 0.0, 7.79e-08
2018-08-05, 03:38:58, 0.0, 7.79e-08
2018-08-05, 03:39:00, 0.0, 7.82e-08
2018-08-05, 03:39:02, 0.0, 7.84e-08
2018-08-05, 03:39:04, 0.0, 7.82e-08
2018-08-05, 03:39:07, 0.0, 7.8e-08
2018-08-05, 03:39:09, 0.0, 7.74e-08
2018-08-05, 03:39:11, 0.0, 7.78e-08
2018-08-05, 03:39:13, 0.0, 7.79e-08
2018-08-05, 03:39:15, 0.0, 7.75e-08
2018-08-05, 03:39:17, 0.0, 7.85e-08
2018-08-05, 03:39:19, 0.0, 7.78e-08
2018-08-05, 03:39:21, 0.0, 7.75e-08
2018-08-05, 03:39:24, 0.0, 7.83e-08
2018-08-05, 03:39:26, 0.0, 7.79e-08
2018-08-05, 03:39:28, 0.0, 7.77e-08
2018-08-05, 03:39:30, 0.0, 7.69e-08
2018-08-05, 03:39:32, 0.0, 7.82e-08
2018-08-05, 03:39:34, 0.0, 7.77e-08
2018-08-05, 03:39:36, 0.0, 7.78e-08
2018-08-05, 03:39:38, 0.0, 7.78e-08
2018-08-05, 03:39:41, 0.0, 7.77e-08
2018-08-05, 03:39:43, 0.0, 7.83e-08
2018-08-05, 03:39:45, 0.0, 7.81e-08
2018-08-05, 03:39:47, 0.0, 7.73e-08
2018-08-05, 03:39:49, 0.0, 7.83e-08
2018-08-05, 03:39:51, 0.0, 7.75e-08
2018-08-05, 03:39:53, 0.0, 7.81e-08
2018-08-05, 03:39:55, 0.0, 7.75e-08
2018-08-05, 03:39:58, 0.0, 7.77e-08
2018-08-05, 03:40:00, 0.0, 7.8e-08
2018-08-05, 03:40:02, 0.0, 7.76e-08
2018-08-05, 03:40:04, 0.0, 7.81e-08
2018-08-05, 03:40:06, 0.0, 7.85e-08
2018-08-05, 03:40:08, 0.0, 7.8e-08
2018-08-05, 03:40:10, 0.0, 7.81e-08
2018-08-05, 03:40:12, 0.0, 7.87e-08
2018-08-05, 03:40:15, 0.0, 7.82e-08
2018-08-05, 03:40:17, 0.0, 7.79e-08
2018-08-05, 03:40:19, 0.0, 7.81e-08
2018-08-05, 03:40:21, 0.0, 7.78e-08
2018-08-05, 03:40:23, 0.0, 7.81e-08
2018-08-05, 03:40:25, 0.0, 7.77e-08
2018-08-05, 03:40:27, 0.0, 7.83e-08
2018-08-05, 03:40:29, 0.0, 7.81e-08
2018-08-05, 03:40:32, 0.0, 7.76e-08
2018-08-05, 03:40:34, 0.0, 7.76e-08
2018-08-05, 03:40:36, 0.0, 7.82e-08
2018-08-05, 03:40:38, 0.0, 7.82e-08
2018-08-05, 03:40:40, 0.0, 7.79e-08
2018-08-05, 03:40:42, 0.0, 7.85e-08
2018-08-05, 03:40:44, 0.0, 7.84e-08
2018-08-05, 03:40:47, 0.0, 7.84e-08
2018-08-05, 03:40:49, 0.0, 7.84e-08
2018-08-05, 03:40:51, 0.0, 7.81e-08
2018-08-05, 03:40:53, 0.0, 7.78e-08
2018-08-05, 03:40:55, 0.0, 7.79e-08
2018-08-05, 03:40:57, 0.0, 7.78e-08
2018-08-05, 03:40:59, 0.0, 7.77e-08
2018-08-05, 03:41:01, 0.0, 7.78e-08
2018-08-05, 03:41:04, 0.0, 7.78e-08
2018-08-05, 03:41:06, 0.0, 7.76e-08
2018-08-05, 03:41:08, 0.0, 7.81e-08
2018-08-05, 03:41:10, 0.0, 7.8e-08
2018-08-05, 03:41:12, 0.0, 7.82e-08
2018-08-05, 03:41:14, 0.0, 7.83e-08
2018-08-05, 03:41:16, 0.0, 7.81e-08
2018-08-05, 03:41:18, 0.0, 7.8e-08
2018-08-05, 03:41:21, 0.0, 7.78e-08
2018-08-05, 03:41:23, 0.0, 7.78e-08
2018-08-05, 03:41:25, 0.0, 7.76e-08
2018-08-05, 03:41:27, 0.0, 7.8e-08
2018-08-05, 03:41:29, 0.0, 7.83e-08
2018-08-05, 03:41:31, 0.0, 7.8e-08
2018-08-05, 03:41:33, 0.0, 7.78e-08
2018-08-05, 03:41:35, 0.0, 7.76e-08
2018-08-05, 03:41:38, 0.0, 7.77e-08
2018-08-05, 03:41:40, 0.0, 7.73e-08
2018-08-05, 03:41:42, 0.0, 7.75e-08
2018-08-05, 03:41:44, 0.0, 7.78e-08
2018-08-05, 03:41:46, 0.0, 7.78e-08
2018-08-05, 03:41:48, 0.0, 7.78e-08
2018-08-05, 03:41:50, 0.0, 7.8e-08
2018-08-05, 03:41:52, 0.0, 7.75e-08
2018-08-05, 03:41:55, 0.0, 7.75e-08
2018-08-05, 03:41:57, 0.0, 7.79e-08
2018-08-05, 03:41:59, 0.0, 7.73e-08
2018-08-05, 03:42:01, 0.0, 7.77e-08
2018-08-05, 03:42:03, 0.0, 7.75e-08
2018-08-05, 03:42:05, 0.0, 7.77e-08
2018-08-05, 03:42:07, 0.0, 7.78e-08
2018-08-05, 03:42:09, 0.0, 7.74e-08
2018-08-05, 03:42:12, 0.0, 7.8e-08
2018-08-05, 03:42:14, 0.0, 7.77e-08
2018-08-05, 03:42:16, 0.0, 7.78e-08
2018-08-05, 03:42:18, 0.0, 7.84e-08
2018-08-05, 03:42:20, 0.0, 7.76e-08
2018-08-05, 03:42:22, 0.0, 7.74e-08
2018-08-05, 03:42:24, 0.0, 7.78e-08
2018-08-05, 03:42:27, 0.0, 7.8e-08
2018-08-05, 03:42:29, 0.0, 7.77e-08
2018-08-05, 03:42:31, 0.0, 7.8e-08
2018-08-05, 03:42:33, 0.0, 7.77e-08
2018-08-05, 03:42:35, 0.0, 7.79e-08
2018-08-05, 03:42:37, 0.0, 7.8e-08
2018-08-05, 03:42:39, 0.0, 7.77e-08
2018-08-05, 03:42:41, 0.0, 7.8e-08
2018-08-05, 03:42:44, 0.0, 7.79e-08
2018-08-05, 03:42:46, 0.0, 7.81e-08
2018-08-05, 03:42:48, 0.0, 7.79e-08
2018-08-05, 03:42:50, 0.0, 7.79e-08
2018-08-05, 03:42:52, 0.0, 7.85e-08
2018-08-05, 03:42:54, 0.0, 7.82e-08
2018-08-05, 03:42:56, 0.0, 7.81e-08
2018-08-05, 03:42:58, 0.0, 7.82e-08
2018-08-05, 03:43:01, 0.0, 7.83e-08
2018-08-05, 03:43:03, 0.0, 7.78e-08
2018-08-05, 03:43:05, 0.0, 7.78e-08
2018-08-05, 03:43:07, 0.0, 7.8e-08
2018-08-05, 03:43:09, 0.0, 7.79e-08
2018-08-05, 03:43:11, 0.0, 7.79e-08
2018-08-05, 03:43:13, 0.0, 7.79e-08
2018-08-05, 03:43:15, 0.0, 7.75e-08
2018-08-05, 03:43:18, 0.0, 7.74e-08
2018-08-05, 03:43:20, 0.0, 7.77e-08
2018-08-05, 03:43:22, 0.0, 7.8e-08
2018-08-05, 03:43:24, 0.0, 7.79e-08
2018-08-05, 03:43:26, 0.0, 7.78e-08
2018-08-05, 03:43:28, 0.0, 7.81e-08
2018-08-05, 03:43:30, 0.0, 7.77e-08
2018-08-05, 03:43:32, 0.0, 7.81e-08
2018-08-05, 03:43:35, 0.0, 7.81e-08
2018-08-05, 03:43:37, 0.0, 7.77e-08
2018-08-05, 03:43:39, 0.0, 7.8e-08
2018-08-05, 03:43:41, 0.0, 7.79e-08
2018-08-05, 03:43:43, 0.0, 7.84e-08
2018-08-05, 03:43:45, 0.0, 7.79e-08
2018-08-05, 03:43:47, 0.0, 7.76e-08
2018-08-05, 03:43:50, 0.0, 7.78e-08
2018-08-05, 03:43:52, 0.0, 7.83e-08
2018-08-05, 03:43:54, 0.0, 7.79e-08
2018-08-05, 03:43:56, 0.0, 7.83e-08
2018-08-05, 03:43:58, 0.0, 7.77e-08
2018-08-05, 03:44:00, 0.0, 7.83e-08
2018-08-05, 03:44:02, 0.0, 7.78e-08
2018-08-05, 03:44:04, 0.0, 7.84e-08
2018-08-05, 03:44:07, 0.0, 7.85e-08
2018-08-05, 03:44:09, 0.0, 7.8e-08
2018-08-05, 03:44:11, 0.0, 7.83e-08
2018-08-05, 03:44:13, 0.0, 7.82e-08
2018-08-05, 03:44:15, 0.0, 7.81e-08
2018-08-05, 03:44:17, 0.0, 7.85e-08
2018-08-05, 03:44:19, 0.0, 7.83e-08
2018-08-05, 03:44:21, 0.0, 7.76e-08
2018-08-05, 03:44:23, 0.0, 7.79e-08
2018-08-05, 03:44:26, 0.0, 7.77e-08
2018-08-05, 03:44:28, 0.0, 7.82e-08
2018-08-05, 03:44:30, 0.0, 7.84e-08
2018-08-05, 03:44:32, 0.0, 7.82e-08
2018-08-05, 03:44:34, 0.0, 7.84e-08
2018-08-05, 03:44:36, 0.0, 7.81e-08
2018-08-05, 03:44:38, 0.0, 7.79e-08
2018-08-05, 03:44:40, 0.0, 7.83e-08
2018-08-05, 03:44:43, 0.0, 7.81e-08
2018-08-05, 03:44:45, 0.0, 7.75e-08
2018-08-05, 03:44:47, 0.0, 7.79e-08
2018-08-05, 03:44:49, 0.0, 7.83e-08
2018-08-05, 03:44:51, 0.0, 7.79e-08
2018-08-05, 03:44:53, 0.0, 7.83e-08
2018-08-05, 03:44:55, 0.0, 7.86e-08
2018-08-05, 03:44:57, 0.0, 7.82e-08
2018-08-05, 03:45:00, 0.0, 7.85e-08
2018-08-05, 03:45:02, 0.0, 7.79e-08
2018-08-05, 03:45:04, 0.0, 7.85e-08
2018-08-05, 03:45:06, 0.0, 7.85e-08
2018-08-05, 03:45:08, 0.0, 7.74e-08
2018-08-05, 03:45:10, 0.0, 7.83e-08
2018-08-05, 03:45:12, 0.0, 7.81e-08
2018-08-05, 03:45:14, 0.0, 7.82e-08
2018-08-05, 03:45:17, 0.0, 7.85e-08
2018-08-05, 03:45:19, 0.0, 7.79e-08
2018-08-05, 03:45:21, 0.0, 7.79e-08
2018-08-05, 03:45:23, 0.0, 7.84e-08
2018-08-05, 03:45:25, 0.0, 7.8e-08
2018-08-05, 03:45:27, 0.0, 7.81e-08
2018-08-05, 03:45:29, 0.0, 7.78e-08
2018-08-05, 03:45:31, 0.0, 7.8e-08
2018-08-05, 03:45:34, 0.0, 7.78e-08
2018-08-05, 03:45:36, 0.0, 7.83e-08
2018-08-05, 03:45:38, 0.0, 7.78e-08
2018-08-05, 03:45:40, 0.0, 7.82e-08
2018-08-05, 03:45:42, 0.0, 7.8e-08
2018-08-05, 03:45:44, 0.0, 7.78e-08
2018-08-05, 03:45:46, 0.0, 7.82e-08
2018-08-05, 03:45:48, 0.0, 7.78e-08
2018-08-05, 03:45:51, 0.0, 7.77e-08
2018-08-05, 03:45:53, 0.0, 7.8e-08
2018-08-05, 03:45:55, 0.0, 7.78e-08
2018-08-05, 03:45:57, 0.0, 7.77e-08
2018-08-05, 03:45:59, 0.0, 7.78e-08
2018-08-05, 03:46:01, 0.0, 7.82e-08
2018-08-05, 03:46:03, 0.0, 7.84e-08
2018-08-05, 03:46:06, 0.0, 7.8e-08
2018-08-05, 03:46:08, 0.0, 7.81e-08
2018-08-05, 03:46:10, 0.0, 7.77e-08
2018-08-05, 03:46:12, 0.0, 7.86e-08
2018-08-05, 03:46:14, 0.0, 7.79e-08
2018-08-05, 03:46:16, 0.0, 7.82e-08
2018-08-05, 03:46:18, 0.0, 7.87e-08
2018-08-05, 03:46:20, 0.0, 7.81e-08
2018-08-05, 03:46:23, 0.0, 7.81e-08
2018-08-05, 03:46:25, 0.0, 7.85e-08
2018-08-05, 03:46:27, 0.0, 7.79e-08
2018-08-05, 03:46:29, 0.0, 7.77e-08
2018-08-05, 03:46:31, 0.0, 7.81e-08
2018-08-05, 03:46:33, 0.0, 7.79e-08
2018-08-05, 03:46:35, 0.0, 7.84e-08
2018-08-05, 03:46:37, 0.0, 7.81e-08
2018-08-05, 03:46:40, 0.0, 7.86e-08
2018-08-05, 03:46:42, 0.0, 7.83e-08
2018-08-05, 03:46:44, 0.0, 7.81e-08
2018-08-05, 03:46:46, 0.0, 7.82e-08
2018-08-05, 03:46:48, 0.0, 7.84e-08
2018-08-05, 03:46:50, 0.0, 7.85e-08
2018-08-05, 03:46:52, 0.0, 7.75e-08
2018-08-05, 03:46:54, 0.0, 7.77e-08
2018-08-05, 03:46:57, 0.0, 7.75e-08
2018-08-05, 03:46:59, 0.0, 7.79e-08
2018-08-05, 03:47:01, 0.0, 7.81e-08
2018-08-05, 03:47:03, 0.0, 7.77e-08
2018-08-05, 03:47:05, 0.0, 7.76e-08
2018-08-05, 03:47:07, 0.0, 7.81e-08
2018-08-05, 03:47:09, 0.0, 7.79e-08
2018-08-05, 03:47:12, 0.0, 7.84e-08
2018-08-05, 03:47:14, 0.0, 7.73e-08
2018-08-05, 03:47:16, 0.0, 7.81e-08
2018-08-05, 03:47:18, 0.0, 7.71e-08
2018-08-05, 03:47:20, 0.0, 7.76e-08
2018-08-05, 03:47:22, 0.0, 7.78e-08
2018-08-05, 03:47:24, 0.0, 7.78e-08
2018-08-05, 03:47:26, 0.0, 7.79e-08
2018-08-05, 03:47:29, 0.0, 7.71e-08
2018-08-05, 03:47:31, 0.0, 7.8e-08
2018-08-05, 03:47:33, 0.0, 7.75e-08
2018-08-05, 03:47:35, 0.0, 7.76e-08
2018-08-05, 03:47:37, 0.0, 7.79e-08
2018-08-05, 03:47:39, 0.0, 7.79e-08
2018-08-05, 03:47:41, 0.0, 7.77e-08
2018-08-05, 03:47:43, 0.0, 7.82e-08
2018-08-05, 03:47:46, 0.0, 7.78e-08
2018-08-05, 03:47:48, 0.0, 7.74e-08
2018-08-05, 03:47:50, 0.0, 7.81e-08
2018-08-05, 03:47:52, 0.0, 7.77e-08
2018-08-05, 03:47:54, 0.0, 7.78e-08
2018-08-05, 03:47:56, 0.0, 7.73e-08
2018-08-05, 03:47:58, 0.0, 7.8e-08
2018-08-05, 03:48:00, 0.0, 7.82e-08
2018-08-05, 03:48:03, 0.0, 7.8e-08
2018-08-05, 03:48:05, 0.0, 7.85e-08
2018-08-05, 03:48:07, 0.0, 7.81e-08
2018-08-05, 03:48:09, 0.0, 7.73e-08
2018-08-05, 03:48:11, 0.0, 7.74e-08
2018-08-05, 03:48:13, 0.0, 7.8e-08
2018-08-05, 03:48:15, 0.0, 7.7e-08
2018-08-05, 03:48:17, 0.0, 7.74e-08
2018-08-05, 03:48:20, 0.0, 7.76e-08
2018-08-05, 03:48:22, 0.0, 7.75e-08
2018-08-05, 03:48:24, 0.0, 7.76e-08
2018-08-05, 03:48:26, 0.0, 7.78e-08
2018-08-05, 03:48:28, 0.0, 7.78e-08
2018-08-05, 03:48:30, 0.0, 7.76e-08
2018-08-05, 03:48:32, 0.0, 7.74e-08
2018-08-05, 03:48:34, 0.0, 7.75e-08
2018-08-05, 03:48:37, 0.0, 7.77e-08
2018-08-05, 03:48:39, 0.0, 7.79e-08
2018-08-05, 03:48:41, 0.0, 7.77e-08
2018-08-05, 03:48:43, 0.0, 7.75e-08
2018-08-05, 03:48:45, 0.0, 7.71e-08
2018-08-05, 03:48:47, 0.0, 7.79e-08
2018-08-05, 03:48:49, 0.0, 7.8e-08
2018-08-05, 03:48:51, 0.0, 7.82e-08
2018-08-05, 03:48:54, 0.0, 7.83e-08
2018-08-05, 03:48:56, 0.0, 7.76e-08
2018-08-05, 03:48:58, 0.0, 7.78e-08
2018-08-05, 03:49:00, 0.0, 7.79e-08
2018-08-05, 03:49:02, 0.0, 7.79e-08
2018-08-05, 03:49:04, 0.0, 7.78e-08
2018-08-05, 03:49:06, 0.0, 7.81e-08
2018-08-05, 03:49:08, 0.0, 7.82e-08
2018-08-05, 03:49:11, 0.0, 7.77e-08
2018-08-05, 03:49:13, 0.0, 7.79e-08
2018-08-05, 03:49:15, 0.0, 7.81e-08
2018-08-05, 03:49:17, 0.0, 7.74e-08
2018-08-05, 03:49:19, 0.0, 7.74e-08
2018-08-05, 03:49:21, 0.0, 7.76e-08
2018-08-05, 03:49:23, 0.0, 7.76e-08
2018-08-05, 03:49:25, 0.0, 7.75e-08
2018-08-05, 03:49:28, 0.0, 7.74e-08
2018-08-05, 03:49:30, 0.0, 7.77e-08
2018-08-05, 03:49:32, 0.0, 7.74e-08
2018-08-05, 03:49:34, 0.0, 7.77e-08
2018-08-05, 03:49:36, 0.0, 7.77e-08
2018-08-05, 03:49:38, 0.0, 7.8e-08
2018-08-05, 03:49:40, 0.0, 7.74e-08
2018-08-05, 03:49:42, 0.0, 7.72e-08
2018-08-05, 03:49:45, 0.0, 7.75e-08
2018-08-05, 03:49:47, 0.0, 7.81e-08
2018-08-05, 03:49:49, 0.0, 7.74e-08
2018-08-05, 03:49:51, 0.0, 7.78e-08
2018-08-05, 03:49:53, 0.0, 7.76e-08
2018-08-05, 03:49:55, 0.0, 7.76e-08
2018-08-05, 03:49:57, 0.0, 7.75e-08
2018-08-05, 03:49:59, 0.0, 7.77e-08
2018-08-05, 03:50:02, 0.0, 7.78e-08
2018-08-05, 03:50:04, 0.0, 7.75e-08
2018-08-05, 03:50:06, 0.0, 7.78e-08
2018-08-05, 03:50:08, 0.0, 7.77e-08
2018-08-05, 03:50:10, 0.0, 7.78e-08
2018-08-05, 03:50:12, 0.0, 7.74e-08
2018-08-05, 03:50:14, 0.0, 7.72e-08
2018-08-05, 03:50:16, 0.0, 7.68e-08
2018-08-05, 03:50:19, 0.0, 7.76e-08
2018-08-05, 03:50:21, 0.0, 7.74e-08
2018-08-05, 03:50:23, 0.0, 7.67e-08
2018-08-05, 03:50:25, 0.0, 7.71e-08
2018-08-05, 03:50:27, 0.0, 7.74e-08
2018-08-05, 03:50:29, 0.0, 7.71e-08
2018-08-05, 03:50:31, 0.0, 7.77e-08
2018-08-05, 03:50:33, 0.0, 7.7e-08
2018-08-05, 03:50:36, 0.0, 7.69e-08
2018-08-05, 03:50:38, 0.0, 7.72e-08
2018-08-05, 03:50:40, 0.0, 7.69e-08
2018-08-05, 03:50:42, 0.0, 7.69e-08
2018-08-05, 03:50:44, 0.0, 7.74e-08
2018-08-05, 03:50:46, 0.0, 7.72e-08
2018-08-05, 03:50:48, 0.0, 7.78e-08
2018-08-05, 03:50:50, 0.0, 7.74e-08
2018-08-05, 03:50:53, 0.0, 7.72e-08
2018-08-05, 03:50:55, 0.0, 7.69e-08
2018-08-05, 03:50:57, 0.0, 7.72e-08
2018-08-05, 03:50:59, 0.0, 7.72e-08
2018-08-05, 03:51:01, 0.0, 7.79e-08
2018-08-05, 03:51:03, 0.0, 7.72e-08
2018-08-05, 03:51:05, 0.0, 7.78e-08
2018-08-05, 03:51:07, 0.0, 7.74e-08
2018-08-05, 03:51:10, 0.0, 7.75e-08
2018-08-05, 03:51:12, 0.0, 7.76e-08
2018-08-05, 03:51:14, 0.0, 7.72e-08
2018-08-05, 03:51:16, 0.0, 7.75e-08
2018-08-05, 03:51:18, 0.0, 7.74e-08
2018-08-05, 03:51:20, 0.0, 7.73e-08
2018-08-05, 03:51:22, 0.0, 7.75e-08
2018-08-05, 03:51:25, 0.0, 7.75e-08
2018-08-05, 03:51:27, 0.0, 7.75e-08
2018-08-05, 03:51:29, 0.0, 7.74e-08
2018-08-05, 03:51:31, 0.0, 7.71e-08
2018-08-05, 03:51:33, 0.0, 7.72e-08
2018-08-05, 03:51:35, 0.0, 7.73e-08
2018-08-05, 03:51:37, 0.0, 7.76e-08
2018-08-05, 03:51:39, 0.0, 7.77e-08
2018-08-05, 03:51:42, 0.0, 7.75e-08
2018-08-05, 03:51:44, 0.0, 7.76e-08
2018-08-05, 03:51:46, 0.0, 7.72e-08
2018-08-05, 03:51:48, 0.0, 7.78e-08
2018-08-05, 03:51:50, 0.0, 7.74e-08
2018-08-05, 03:51:52, 0.0, 7.77e-08
2018-08-05, 03:51:54, 0.0, 7.78e-08
2018-08-05, 03:51:56, 0.0, 7.72e-08
2018-08-05, 03:51:59, 0.0, 7.73e-08
2018-08-05, 03:52:01, 0.0, 7.75e-08
2018-08-05, 03:52:03, 0.0, 7.76e-08
2018-08-05, 03:52:05, 0.0, 7.76e-08
2018-08-05, 03:52:07, 0.0, 7.76e-08
2018-08-05, 03:52:09, 0.0, 7.73e-08
2018-08-05, 03:52:11, 0.0, 7.72e-08
2018-08-05, 03:52:13, 0.0, 7.76e-08
2018-08-05, 03:52:16, 0.0, 7.72e-08
2018-08-05, 03:52:18, 0.0, 7.76e-08
2018-08-05, 03:52:20, 0.0, 7.76e-08
2018-08-05, 03:52:22, 0.0, 7.78e-08
2018-08-05, 03:52:24, 0.0, 7.75e-08
2018-08-05, 03:52:26, 0.0, 7.78e-08
2018-08-05, 03:52:28, 0.0, 7.75e-08
2018-08-05, 03:52:30, 0.0, 7.74e-08
2018-08-05, 03:52:33, 0.0, 7.75e-08
2018-08-05, 03:52:35, 0.0, 7.78e-08
2018-08-05, 03:52:37, 0.0, 7.75e-08
2018-08-05, 03:52:39, 0.0, 7.73e-08
2018-08-05, 03:52:41, 0.0, 7.75e-08
2018-08-05, 03:52:43, 0.0, 7.75e-08
2018-08-05, 03:52:45, 0.0, 7.77e-08
2018-08-05, 03:52:48, 0.0, 7.8e-08
2018-08-05, 03:52:50, 0.0, 7.81e-08
2018-08-05, 03:52:52, 0.0, 7.79e-08
2018-08-05, 03:52:54, 0.0, 7.79e-08
2018-08-05, 03:52:56, 0.0, 7.76e-08
2018-08-05, 03:52:58, 0.0, 7.79e-08
2018-08-05, 03:53:00, 0.0, 7.79e-08
2018-08-05, 03:53:02, 0.0, 7.74e-08
2018-08-05, 03:53:05, 0.0, 7.78e-08
2018-08-05, 03:53:07, 0.0, 7.76e-08
2018-08-05, 03:53:09, 0.0, 7.75e-08
2018-08-05, 03:53:11, 0.0, 7.76e-08
2018-08-05, 03:53:13, 0.0, 7.78e-08
2018-08-05, 03:53:15, 0.0, 7.78e-08
2018-08-05, 03:53:17, 0.0, 7.8e-08
2018-08-05, 03:53:19, 0.0, 7.82e-08
2018-08-05, 03:53:21, 0.0, 7.74e-08
2018-08-05, 03:53:24, 0.0, 7.86e-08
2018-08-05, 03:53:26, 0.0, 7.75e-08
2018-08-05, 03:53:28, 0.0, 7.76e-08
2018-08-05, 03:53:30, 0.0, 7.8e-08
2018-08-05, 03:53:32, 0.0, 7.84e-08
2018-08-05, 03:53:34, 0.0, 7.74e-08
2018-08-05, 03:53:36, 0.0, 7.74e-08
2018-08-05, 03:53:38, 0.0, 7.7e-08
2018-08-05, 03:53:41, 0.0, 7.73e-08
2018-08-05, 03:53:43, 0.0, 7.75e-08
2018-08-05, 03:53:45, 0.0, 7.81e-08
2018-08-05, 03:53:47, 0.0, 7.76e-08
2018-08-05, 03:53:49, 0.0, 7.77e-08
2018-08-05, 03:53:51, 0.0, 7.76e-08
2018-08-05, 03:53:53, 0.0, 7.71e-08
2018-08-05, 03:53:55, 0.0, 7.81e-08
2018-08-05, 03:53:58, 0.0, 7.71e-08
2018-08-05, 03:54:00, 0.0, 7.79e-08
2018-08-05, 03:54:02, 0.0, 7.72e-08
2018-08-05, 03:54:04, 0.0, 7.68e-08
2018-08-05, 03:54:06, 0.0, 7.79e-08
2018-08-05, 03:54:08, 0.0, 7.79e-08
2018-08-05, 03:54:10, 0.0, 7.75e-08
2018-08-05, 03:54:13, 0.0, 7.82e-08
2018-08-05, 03:54:15, 0.0, 7.79e-08
2018-08-05, 03:54:17, 0.0, 7.75e-08
2018-08-05, 03:54:19, 0.0, 7.7e-08
2018-08-05, 03:54:21, 0.0, 7.79e-08
2018-08-05, 03:54:23, 0.0, 7.76e-08
2018-08-05, 03:54:25, 0.0, 7.76e-08
2018-08-05, 03:54:27, 0.0, 7.81e-08
2018-08-05, 03:54:30, 0.0, 7.76e-08
2018-08-05, 03:54:32, 0.0, 7.77e-08
2018-08-05, 03:54:34, 0.0, 7.84e-08
2018-08-05, 03:54:36, 0.0, 7.74e-08
2018-08-05, 03:54:38, 0.0, 7.73e-08
2018-08-05, 03:54:40, 0.0, 7.75e-08
2018-08-05, 03:54:42, 0.0, 7.72e-08
2018-08-05, 03:54:44, 0.0, 7.73e-08
2018-08-05, 03:54:47, 0.0, 7.75e-08
2018-08-05, 03:54:49, 0.0, 7.73e-08
2018-08-05, 03:54:51, 0.0, 7.79e-08
2018-08-05, 03:54:53, 0.0, 7.72e-08
2018-08-05, 03:54:55, 0.0, 7.76e-08
2018-08-05, 03:54:57, 0.0, 7.73e-08
2018-08-05, 03:54:59, 0.0, 7.71e-08
2018-08-05, 03:55:01, 0.0, 7.8e-08
2018-08-05, 03:55:04, 0.0, 7.68e-08
2018-08-05, 03:55:06, 0.0, 7.8e-08
2018-08-05, 03:55:08, 0.0, 7.72e-08
2018-08-05, 03:55:10, 0.0, 7.77e-08
2018-08-05, 03:55:12, 0.0, 7.78e-08
2018-08-05, 03:55:14, 0.0, 7.79e-08
2018-08-05, 03:55:16, 0.0, 7.73e-08
2018-08-05, 03:55:18, 0.0, 7.78e-08
2018-08-05, 03:55:21, 0.0, 7.78e-08
2018-08-05, 03:55:23, 0.0, 7.77e-08
2018-08-05, 03:55:25, 0.0, 7.76e-08
2018-08-05, 03:55:27, 0.0, 7.73e-08
2018-08-05, 03:55:29, 0.0, 7.82e-08
2018-08-05, 03:55:31, 0.0, 7.79e-08
2018-08-05, 03:55:33, 0.0, 7.76e-08
2018-08-05, 03:55:35, 0.0, 7.74e-08
2018-08-05, 03:55:38, 0.0, 7.74e-08
2018-08-05, 03:55:40, 0.0, 7.77e-08
2018-08-05, 03:55:42, 0.0, 7.76e-08
2018-08-05, 03:55:44, 0.0, 7.73e-08
2018-08-05, 03:55:46, 0.0, 7.73e-08
2018-08-05, 03:55:48, 0.0, 7.7e-08
2018-08-05, 03:55:50, 0.0, 7.68e-08
2018-08-05, 03:55:53, 0.0, 7.72e-08
2018-08-05, 03:55:55, 0.0, 7.79e-08
2018-08-05, 03:55:57, 0.0, 7.79e-08
2018-08-05, 03:55:59, 0.0, 7.72e-08
2018-08-05, 03:56:01, 0.0, 7.78e-08
2018-08-05, 03:56:03, 0.0, 7.77e-08
2018-08-05, 03:56:05, 0.0, 7.75e-08
2018-08-05, 03:56:07, 0.0, 7.75e-08
2018-08-05, 03:56:10, 0.0, 7.69e-08
2018-08-05, 03:56:12, 0.0, 7.78e-08
2018-08-05, 03:56:14, 0.0, 7.74e-08
2018-08-05, 03:56:16, 0.0, 7.73e-08
2018-08-05, 03:56:18, 0.0, 7.78e-08
2018-08-05, 03:56:20, 0.0, 7.71e-08
2018-08-05, 03:56:22, 0.0, 7.79e-08
2018-08-05, 03:56:24, 0.0, 7.79e-08
2018-08-05, 03:56:27, 0.0, 7.72e-08
2018-08-05, 03:56:29, 0.0, 7.75e-08
2018-08-05, 03:56:31, 0.0, 7.69e-08
2018-08-05, 03:56:33, 0.0, 7.78e-08
2018-08-05, 03:56:35, 0.0, 7.71e-08
2018-08-05, 03:56:37, 0.0, 7.69e-08
2018-08-05, 03:56:39, 0.0, 7.73e-08
2018-08-05, 03:56:41, 0.0, 7.73e-08
2018-08-05, 03:56:44, 0.0, 7.79e-08
2018-08-05, 03:56:46, 0.0, 7.73e-08
2018-08-05, 03:56:48, 0.0, 7.76e-08
2018-08-05, 03:56:50, 0.0, 7.73e-08
2018-08-05, 03:56:52, 0.0, 7.72e-08
2018-08-05, 03:56:54, 0.0, 7.75e-08
2018-08-05, 03:56:56, 0.0, 7.75e-08
2018-08-05, 03:56:58, 0.0, 7.73e-08
2018-08-05, 03:57:01, 0.0, 7.74e-08
2018-08-05, 03:57:03, 0.0, 7.74e-08
2018-08-05, 03:57:05, 0.0, 7.74e-08
2018-08-05, 03:57:07, 0.0, 7.72e-08
2018-08-05, 03:57:09, 0.0, 7.69e-08
2018-08-05, 03:57:11, 0.0, 7.77e-08
2018-08-05, 03:57:13, 0.0, 7.72e-08
2018-08-05, 03:57:15, 0.0, 7.73e-08
2018-08-05, 03:57:18, 0.0, 7.74e-08
2018-08-05, 03:57:20, 0.0, 7.73e-08
2018-08-05, 03:57:22, 0.0, 7.64e-08
2018-08-05, 03:57:24, 0.0, 7.76e-08
2018-08-05, 03:57:26, 0.0, 7.74e-08
2018-08-05, 03:57:28, 0.0, 7.67e-08
2018-08-05, 03:57:30, 0.0, 7.73e-08
2018-08-05, 03:57:32, 0.0, 7.69e-08
2018-08-05, 03:57:35, 0.0, 7.74e-08
2018-08-05, 03:57:37, 0.0, 7.75e-08
2018-08-05, 03:57:39, 0.0, 7.72e-08
2018-08-05, 03:57:41, 0.0, 7.73e-08
2018-08-05, 03:57:43, 0.0, 7.74e-08
2018-08-05, 03:57:45, 0.0, 7.71e-08
2018-08-05, 03:57:47, 0.0, 7.69e-08
2018-08-05, 03:57:50, 0.0, 7.76e-08
2018-08-05, 03:57:52, 0.0, 7.74e-08
2018-08-05, 03:57:54, 0.0, 7.72e-08
2018-08-05, 03:57:56, 0.0, 7.74e-08
2018-08-05, 03:57:58, 0.0, 7.74e-08
2018-08-05, 03:58:00, 0.0, 7.77e-08
2018-08-05, 03:58:02, 0.0, 7.75e-08
2018-08-05, 03:58:04, 0.0, 7.75e-08
2018-08-05, 03:58:07, 0.0, 7.72e-08
2018-08-05, 03:58:09, 0.0, 7.72e-08
2018-08-05, 03:58:11, 0.0, 7.74e-08
2018-08-05, 03:58:13, 0.0, 7.74e-08
2018-08-05, 03:58:15, 0.0, 7.78e-08
2018-08-05, 03:58:17, 0.0, 7.75e-08
2018-08-05, 03:58:19, 0.0, 7.71e-08
2018-08-05, 03:58:21, 0.0, 7.75e-08
2018-08-05, 03:58:24, 0.0, 7.74e-08
2018-08-05, 03:58:26, 0.0, 7.7e-08
2018-08-05, 03:58:28, 0.0, 7.69e-08
2018-08-05, 03:58:30, 0.0, 7.65e-08
2018-08-05, 03:58:32, 0.0, 7.64e-08
2018-08-05, 03:58:34, 0.0, 7.63e-08
2018-08-05, 03:58:36, 0.0, 7.68e-08
2018-08-05, 03:58:38, 0.0, 7.69e-08
2018-08-05, 03:58:41, 0.0, 7.7e-08
2018-08-05, 03:58:43, 0.0, 7.7e-08
2018-08-05, 03:58:45, 0.0, 7.71e-08
2018-08-05, 03:58:47, 0.0, 7.7e-08
2018-08-05, 03:58:49, 0.0, 7.7e-08
2018-08-05, 03:58:51, 0.0, 7.69e-08
2018-08-05, 03:58:53, 0.0, 7.75e-08
2018-08-05, 03:58:56, 0.0, 7.69e-08
2018-08-05, 03:58:58, 0.0, 7.71e-08
2018-08-05, 03:59:00, 0.0, 7.75e-08
2018-08-05, 03:59:02, 0.0, 7.71e-08
2018-08-05, 03:59:04, 0.0, 7.74e-08
2018-08-05, 03:59:06, 0.0, 7.73e-08
2018-08-05, 03:59:08, 0.0, 7.61e-08
2018-08-05, 03:59:10, 0.0, 7.65e-08
2018-08-05, 03:59:13, 0.0, 7.72e-08
2018-08-05, 03:59:15, 0.0, 7.68e-08
2018-08-05, 03:59:17, 0.0, 7.74e-08
2018-08-05, 03:59:19, 0.0, 7.72e-08
2018-08-05, 03:59:21, 0.0, 7.74e-08
2018-08-05, 03:59:23, 0.0, 7.72e-08
2018-08-05, 03:59:25, 0.0, 7.77e-08
2018-08-05, 03:59:27, 0.0, 7.74e-08
2018-08-05, 03:59:30, 0.0, 7.73e-08
2018-08-05, 03:59:32, 0.0, 7.68e-08
2018-08-05, 03:59:34, 0.0, 7.75e-08
2018-08-05, 03:59:36, 0.0, 7.75e-08
2018-08-05, 03:59:38, 0.0, 7.73e-08
2018-08-05, 03:59:40, 0.0, 7.74e-08
2018-08-05, 03:59:42, 0.0, 7.7e-08
2018-08-05, 03:59:44, 0.0, 7.74e-08
2018-08-05, 03:59:47, 0.0, 7.7e-08
2018-08-05, 03:59:49, 0.0, 7.74e-08
2018-08-05, 03:59:51, 0.0, 7.81e-08
2018-08-05, 03:59:53, 0.0, 7.69e-08
2018-08-05, 03:59:55, 0.0, 7.77e-08
2018-08-05, 03:59:57, 0.0, 7.75e-08
2018-08-05, 03:59:59, 0.0, 7.72e-08
2018-08-05, 04:00:01, 0.0, 7.71e-08
2018-08-05, 04:00:04, 0.0, 7.74e-08
2018-08-05, 04:00:06, 0.0, 7.7e-08
2018-08-05, 04:00:08, 0.0, 7.73e-08
2018-08-05, 04:00:10, 0.0, 7.78e-08
2018-08-05, 04:00:12, 0.0, 7.77e-08
2018-08-05, 04:00:14, 0.0, 7.79e-08
2018-08-05, 04:00:16, 0.0, 7.79e-08
2018-08-05, 04:00:18, 0.0, 7.81e-08
2018-08-05, 04:00:21, 0.0, 7.79e-08
2018-08-05, 04:00:23, 0.0, 7.83e-08
2018-08-05, 04:00:25, 0.0, 7.77e-08
2018-08-05, 04:00:27, 0.0, 7.79e-08
2018-08-05, 04:00:29, 0.0, 7.75e-08
2018-08-05, 04:00:31, 0.0, 7.79e-08
2018-08-05, 04:00:33, 0.0, 7.76e-08
2018-08-05, 04:00:36, 0.0, 7.76e-08
2018-08-05, 04:00:38, 0.0, 7.75e-08
2018-08-05, 04:00:40, 0.0, 7.73e-08
2018-08-05, 04:00:42, 0.0, 7.76e-08
2018-08-05, 04:00:44, 0.0, 7.72e-08
2018-08-05, 04:00:46, 0.0, 7.71e-08
2018-08-05, 04:00:48, 0.0, 7.76e-08
2018-08-05, 04:00:50, 0.0, 7.78e-08
2018-08-05, 04:00:53, 0.0, 7.81e-08
2018-08-05, 04:00:55, 0.0, 7.87e-08
2018-08-05, 04:00:57, 0.0, 7.82e-08
2018-08-05, 04:00:59, 0.0, 7.87e-08
2018-08-05, 04:01:01, 0.0, 7.84e-08
2018-08-05, 04:01:03, 0.0, 7.9e-08
2018-08-05, 04:01:05, 0.0, 7.81e-08
2018-08-05, 04:01:07, 0.0, 7.81e-08
2018-08-05, 04:01:10, 0.0, 7.84e-08
2018-08-05, 04:01:12, 0.0, 7.8e-08
2018-08-05, 04:01:14, 0.0, 7.75e-08
2018-08-05, 04:01:16, 0.0, 7.8e-08
2018-08-05, 04:01:18, 0.0, 7.81e-08
2018-08-05, 04:01:20, 0.0, 7.8e-08
2018-08-05, 04:01:22, 0.0, 7.78e-08
2018-08-05, 04:01:24, 0.0, 7.82e-08
2018-08-05, 04:01:27, 0.0, 7.81e-08
2018-08-05, 04:01:29, 0.0, 7.74e-08
2018-08-05, 04:01:31, 0.0, 7.77e-08
2018-08-05, 04:01:33, 0.0, 7.76e-08
2018-08-05, 04:01:35, 0.0, 7.8e-08
2018-08-05, 04:01:37, 0.0, 7.82e-08
2018-08-05, 04:01:39, 0.0, 7.77e-08
2018-08-05, 04:01:41, 0.0, 7.76e-08
2018-08-05, 04:01:44, 0.0, 7.82e-08
2018-08-05, 04:01:46, 0.0, 7.78e-08
2018-08-05, 04:01:48, 0.0, 7.79e-08
2018-08-05, 04:01:50, 0.0, 7.79e-08
2018-08-05, 04:01:52, 0.0, 7.76e-08
2018-08-05, 04:01:54, 0.0, 7.77e-08
2018-08-05, 04:01:56, 0.0, 7.74e-08
2018-08-05, 04:01:58, 0.0, 7.78e-08
2018-08-05, 04:02:01, 0.0, 7.77e-08
2018-08-05, 04:02:03, 0.0, 7.75e-08
2018-08-05, 04:02:05, 0.0, 7.79e-08
2018-08-05, 04:02:07, 0.0, 7.76e-08
2018-08-05, 04:02:09, 0.0, 7.79e-08
2018-08-05, 04:02:11, 0.0, 7.76e-08
2018-08-05, 04:02:13, 0.0, 7.75e-08
2018-08-05, 04:02:15, 0.0, 7.74e-08
2018-08-05, 04:02:18, 0.0, 7.74e-08
2018-08-05, 04:02:20, 0.0, 7.73e-08
2018-08-05, 04:02:22, 0.0, 7.78e-08
2018-08-05, 04:02:24, 0.0, 7.76e-08
2018-08-05, 04:02:26, 0.0, 7.79e-08
2018-08-05, 04:02:28, 0.0, 7.82e-08
2018-08-05, 04:02:30, 0.0, 7.78e-08
2018-08-05, 04:02:32, 0.0, 7.81e-08
2018-08-05, 04:02:35, 0.0, 7.79e-08
2018-08-05, 04:02:37, 0.0, 7.79e-08
2018-08-05, 04:02:39, 0.0, 7.77e-08
2018-08-05, 04:02:41, 0.0, 7.79e-08
2018-08-05, 04:02:43, 0.0, 7.78e-08
2018-08-05, 04:02:45, 0.0, 7.75e-08
2018-08-05, 04:02:47, 0.0, 7.83e-08
2018-08-05, 04:02:49, 0.0, 7.78e-08
2018-08-05, 04:02:52, 0.0, 7.78e-08
2018-08-05, 04:02:54, 0.0, 7.81e-08
2018-08-05, 04:02:56, 0.0, 7.76e-08
2018-08-05, 04:02:58, 0.0, 7.79e-08
2018-08-05, 04:03:00, 0.0, 7.74e-08
2018-08-05, 04:03:02, 0.0, 7.76e-08
2018-08-05, 04:03:04, 0.0, 7.75e-08
2018-08-05, 04:03:06, 0.0, 7.75e-08
2018-08-05, 04:03:09, 0.0, 7.81e-08
2018-08-05, 04:03:11, 0.0, 7.8e-08
2018-08-05, 04:03:13, 0.0, 7.82e-08
2018-08-05, 04:03:15, 0.0, 7.78e-08
2018-08-05, 04:03:17, 0.0, 7.76e-08
2018-08-05, 04:03:19, 0.0, 7.77e-08
2018-08-05, 04:03:21, 0.0, 7.73e-08
2018-08-05, 04:03:23, 0.0, 7.82e-08
2018-08-05, 04:03:26, 0.0, 7.76e-08
2018-08-05, 04:03:28, 0.0, 7.78e-08
2018-08-05, 04:03:30, 0.0, 7.7e-08
2018-08-05, 04:03:32, 0.0, 7.78e-08
2018-08-05, 04:03:34, 0.0, 7.76e-08
2018-08-05, 04:03:36, 0.0, 7.75e-08
2018-08-05, 04:03:38, 0.0, 7.8e-08
2018-08-05, 04:03:40, 0.0, 7.77e-08
2018-08-05, 04:03:43, 0.0, 7.8e-08
2018-08-05, 04:03:45, 0.0, 7.77e-08
2018-08-05, 04:03:47, 0.0, 7.8e-08
2018-08-05, 04:03:49, 0.0, 7.79e-08
2018-08-05, 04:03:51, 0.0, 7.78e-08
2018-08-05, 04:03:53, 0.0, 7.78e-08
2018-08-05, 04:03:55, 0.0, 7.82e-08
2018-08-05, 04:03:57, 0.0, 7.85e-08
2018-08-05, 04:04:00, 0.0, 7.8e-08
2018-08-05, 04:04:02, 0.0, 7.79e-08
2018-08-05, 04:04:04, 0.0, 7.84e-08
2018-08-05, 04:04:06, 0.0, 7.78e-08
2018-08-05, 04:04:08, 0.0, 7.85e-08
2018-08-05, 04:04:10, 0.0, 7.83e-08
2018-08-05, 04:04:12, 0.0, 7.78e-08
2018-08-05, 04:04:14, 0.0, 7.83e-08
2018-08-05, 04:04:17, 0.0, 7.78e-08
2018-08-05, 04:04:19, 0.0, 7.78e-08
2018-08-05, 04:04:21, 0.0, 7.78e-08
2018-08-05, 04:04:23, 0.0, 7.78e-08
2018-08-05, 04:04:25, 0.0, 7.73e-08
2018-08-05, 04:04:27, 0.0, 7.73e-08
2018-08-05, 04:04:29, 0.0, 7.76e-08
2018-08-05, 04:04:31, 0.0, 7.74e-08
2018-08-05, 04:04:34, 0.0, 7.77e-08
2018-08-05, 04:04:36, 0.0, 7.77e-08
2018-08-05, 04:04:38, 0.0, 7.78e-08
2018-08-05, 04:04:40, 0.0, 7.74e-08
2018-08-05, 04:04:42, 0.0, 7.81e-08
2018-08-05, 04:04:44, 0.0, 7.79e-08
2018-08-05, 04:04:46, 0.0, 7.78e-08
2018-08-05, 04:04:49, 0.0, 7.82e-08
2018-08-05, 04:04:51, 0.0, 7.82e-08
2018-08-05, 04:04:53, 0.0, 7.79e-08
2018-08-05, 04:04:55, 0.0, 7.82e-08
2018-08-05, 04:04:57, 0.0, 7.82e-08
2018-08-05, 04:04:59, 0.0, 7.83e-08
2018-08-05, 04:05:01, 0.0, 7.84e-08
2018-08-05, 04:05:03, 0.0, 7.76e-08
2018-08-05, 04:05:06, 0.0, 7.81e-08
2018-08-05, 04:05:08, 0.0, 7.79e-08
2018-08-05, 04:05:10, 0.0, 7.82e-08
2018-08-05, 04:05:12, 0.0, 7.78e-08
2018-08-05, 04:05:14, 0.0, 7.81e-08
2018-08-05, 04:05:16, 0.0, 7.81e-08
2018-08-05, 04:05:18, 0.0, 7.83e-08
2018-08-05, 04:05:20, 0.0, 7.77e-08
2018-08-05, 04:05:23, 0.0, 7.84e-08
2018-08-05, 04:05:25, 0.0, 7.76e-08
2018-08-05, 04:05:27, 0.0, 7.8e-08
2018-08-05, 04:05:29, 0.0, 7.84e-08
2018-08-05, 04:05:31, 0.0, 7.85e-08
2018-08-05, 04:05:33, 0.0, 7.83e-08
2018-08-05, 04:05:35, 0.0, 7.82e-08
2018-08-05, 04:05:37, 0.0, 7.79e-08
2018-08-05, 04:05:40, 0.0, 7.77e-08
2018-08-05, 04:05:42, 0.0, 7.76e-08
2018-08-05, 04:05:44, 0.0, 7.8e-08
2018-08-05, 04:05:46, 0.0, 7.79e-08
2018-08-05, 04:05:48, 0.0, 7.76e-08
2018-08-05, 04:05:50, 0.0, 7.79e-08
2018-08-05, 04:05:52, 0.0, 7.76e-08
2018-08-05, 04:05:54, 0.0, 7.8e-08
2018-08-05, 04:05:57, 0.0, 7.82e-08
2018-08-05, 04:05:59, 0.0, 7.83e-08
2018-08-05, 04:06:01, 0.0, 7.81e-08
2018-08-05, 04:06:03, 0.0, 7.83e-08
2018-08-05, 04:06:05, 0.0, 7.84e-08
2018-08-05, 04:06:07, 0.0, 7.84e-08
2018-08-05, 04:06:09, 0.0, 7.85e-08
2018-08-05, 04:06:11, 0.0, 7.82e-08
2018-08-05, 04:06:14, 0.0, 7.8e-08
2018-08-05, 04:06:16, 0.0, 7.8e-08
2018-08-05, 04:06:18, 0.0, 7.78e-08
2018-08-05, 04:06:20, 0.0, 7.81e-08
2018-08-05, 04:06:22, 0.0, 7.81e-08
2018-08-05, 04:06:24, 0.0, 7.82e-08
2018-08-05, 04:06:26, 0.0, 7.8e-08
2018-08-05, 04:06:28, 0.0, 7.82e-08
2018-08-05, 04:06:31, 0.0, 7.79e-08
2018-08-05, 04:06:33, 0.0, 7.83e-08
2018-08-05, 04:06:35, 0.0, 7.77e-08
2018-08-05, 04:06:37, 0.0, 7.81e-08
2018-08-05, 04:06:39, 0.0, 7.79e-08
2018-08-05, 04:06:41, 0.0, 7.82e-08
2018-08-05, 04:06:43, 0.0, 7.82e-08
2018-08-05, 04:06:45, 0.0, 7.8e-08
2018-08-05, 04:06:48, 0.0, 7.78e-08
2018-08-05, 04:06:50, 0.0, 7.82e-08
2018-08-05, 04:06:52, 0.0, 7.77e-08
2018-08-05, 04:06:54, 0.0, 7.83e-08
2018-08-05, 04:06:56, 0.0, 7.81e-08
2018-08-05, 04:06:58, 0.0, 7.77e-08
2018-08-05, 04:07:00, 0.0, 7.73e-08
2018-08-05, 04:07:02, 0.0, 7.81e-08
2018-08-05, 04:07:05, 0.0, 7.74e-08
2018-08-05, 04:07:07, 0.0, 7.79e-08
2018-08-05, 04:07:09, 0.0, 7.78e-08
2018-08-05, 04:07:11, 0.0, 7.8e-08
2018-08-05, 04:07:13, 0.0, 7.81e-08
2018-08-05, 04:07:15, 0.0, 7.83e-08
2018-08-05, 04:07:17, 0.0, 7.75e-08
2018-08-05, 04:07:19, 0.0, 7.78e-08
2018-08-05, 04:07:22, 0.0, 7.73e-08
2018-08-05, 04:07:24, 0.0, 7.72e-08
2018-08-05, 04:07:26, 0.0, 7.73e-08
2018-08-05, 04:07:28, 0.0, 7.71e-08
2018-08-05, 04:07:30, 0.0, 7.71e-08
2018-08-05, 04:07:32, 0.0, 7.78e-08
2018-08-05, 04:07:34, 0.0, 7.78e-08
2018-08-05, 04:07:36, 0.0, 7.8e-08
2018-08-05, 04:07:39, 0.0, 7.78e-08
2018-08-05, 04:07:41, 0.0, 7.8e-08
2018-08-05, 04:07:43, 0.0, 7.81e-08
2018-08-05, 04:07:45, 0.0, 7.8e-08
2018-08-05, 04:07:47, 0.0, 7.79e-08
2018-08-05, 04:07:49, 0.0, 7.78e-08
2018-08-05, 04:07:51, 0.0, 7.75e-08
2018-08-05, 04:07:53, 0.0, 7.73e-08
2018-08-05, 04:07:56, 0.0, 7.75e-08
2018-08-05, 04:07:58, 0.0, 7.72e-08
2018-08-05, 04:08:00, 0.0, 7.79e-08
2018-08-05, 04:08:02, 0.0, 7.76e-08
2018-08-05, 04:08:04, 0.0, 7.78e-08
2018-08-05, 04:08:06, 0.0, 7.81e-08
2018-08-05, 04:08:08, 0.0, 7.75e-08
2018-08-05, 04:08:10, 0.0, 7.76e-08
2018-08-05, 04:08:13, 0.0, 7.79e-08
2018-08-05, 04:08:15, 0.0, 7.75e-08
2018-08-05, 04:08:17, 0.0, 7.76e-08
2018-08-05, 04:08:19, 0.0, 7.78e-08
2018-08-05, 04:08:21, 0.0, 7.78e-08
2018-08-05, 04:08:23, 0.0, 7.78e-08
2018-08-05, 04:08:25, 0.0, 7.76e-08
2018-08-05, 04:08:27, 0.0, 7.78e-08
2018-08-05, 04:08:30, 0.0, 7.81e-08
2018-08-05, 04:08:32, 0.0, 7.78e-08
2018-08-05, 04:08:34, 0.0, 7.77e-08
2018-08-05, 04:08:36, 0.0, 7.74e-08
2018-08-05, 04:08:38, 0.0, 7.75e-08
2018-08-05, 04:08:40, 0.0, 7.78e-08
2018-08-05, 04:08:42, 0.0, 7.75e-08
2018-08-05, 04:08:44, 0.0, 7.78e-08
2018-08-05, 04:08:47, 0.0, 7.76e-08
2018-08-05, 04:08:49, 0.0, 7.77e-08
2018-08-05, 04:08:51, 0.0, 7.76e-08
2018-08-05, 04:08:53, 0.0, 7.74e-08
2018-08-05, 04:08:55, 0.0, 7.82e-08
2018-08-05, 04:08:57, 0.0, 7.79e-08
2018-08-05, 04:08:59, 0.0, 7.75e-08
2018-08-05, 04:09:01, 0.0, 7.8e-08
2018-08-05, 04:09:04, 0.0, 7.8e-08
2018-08-05, 04:09:06, 0.0, 7.78e-08
2018-08-05, 04:09:08, 0.0, 7.74e-08
2018-08-05, 04:09:10, 0.0, 7.84e-08
2018-08-05, 04:09:12, 0.0, 7.74e-08
2018-08-05, 04:09:14, 0.0, 7.78e-08
2018-08-05, 04:09:16, 0.0, 7.78e-08
2018-08-05, 04:09:18, 0.0, 7.72e-08
2018-08-05, 04:09:21, 0.0, 7.74e-08
2018-08-05, 04:09:23, 0.0, 7.77e-08
2018-08-05, 04:09:25, 0.0, 7.68e-08
2018-08-05, 04:09:27, 0.0, 7.7e-08
2018-08-05, 04:09:29, 0.0, 7.74e-08
2018-08-05, 04:09:31, 0.0, 7.74e-08
2018-08-05, 04:09:33, 0.0, 7.73e-08
2018-08-05, 04:09:36, 0.0, 7.75e-08
2018-08-05, 04:09:38, 0.0, 7.71e-08
2018-08-05, 04:09:40, 0.0, 7.78e-08
2018-08-05, 04:09:42, 0.0, 7.73e-08
2018-08-05, 04:09:44, 0.0, 7.74e-08
2018-08-05, 04:09:46, 0.0, 7.74e-08
2018-08-05, 04:09:48, 0.0, 7.76e-08
2018-08-05, 04:09:50, 0.0, 7.8e-08
2018-08-05, 04:09:52, 0.0, 7.78e-08
2018-08-05, 04:09:55, 0.0, 7.81e-08
2018-08-05, 04:09:57, 0.0, 7.82e-08
2018-08-05, 04:09:59, 0.0, 7.75e-08
2018-08-05, 04:10:01, 0.0, 7.75e-08
2018-08-05, 04:10:03, 0.0, 7.78e-08
2018-08-05, 04:10:05, 0.0, 7.76e-08
2018-08-05, 04:10:07, 0.0, 7.78e-08
2018-08-05, 04:10:10, 0.0, 7.8e-08
2018-08-05, 04:10:12, 0.0, 7.72e-08
2018-08-05, 04:10:14, 0.0, 7.75e-08
2018-08-05, 04:10:16, 0.0, 7.73e-08
2018-08-05, 04:10:18, 0.0, 7.78e-08
2018-08-05, 04:10:20, 0.0, 7.78e-08
2018-08-05, 04:10:22, 0.0, 7.76e-08
2018-08-05, 04:10:24, 0.0, 7.78e-08
2018-08-05, 04:10:27, 0.0, 7.74e-08
2018-08-05, 04:10:29, 0.0, 7.73e-08
2018-08-05, 04:10:31, 0.0, 7.74e-08
2018-08-05, 04:10:33, 0.0, 7.75e-08
2018-08-05, 04:10:35, 0.0, 7.74e-08
2018-08-05, 04:10:37, 0.0, 7.71e-08
2018-08-05, 04:10:39, 0.0, 7.75e-08
2018-08-05, 04:10:42, 0.0, 7.76e-08
2018-08-05, 04:10:44, 0.0, 7.73e-08
2018-08-05, 04:10:46, 0.0, 7.74e-08
2018-08-05, 04:10:48, 0.0, 7.78e-08
2018-08-05, 04:10:50, 0.0, 7.72e-08
2018-08-05, 04:10:52, 0.0, 7.79e-08
2018-08-05, 04:10:54, 0.0, 7.71e-08
2018-08-05, 04:10:56, 0.0, 7.69e-08
2018-08-05, 04:10:59, 0.0, 7.74e-08
2018-08-05, 04:11:01, 0.0, 7.7e-08
2018-08-05, 04:11:03, 0.0, 7.67e-08
2018-08-05, 04:11:05, 0.0, 7.65e-08
2018-08-05, 04:11:07, 0.0, 7.72e-08
2018-08-05, 04:11:09, 0.0, 7.7e-08
2018-08-05, 04:11:11, 0.0, 7.74e-08
2018-08-05, 04:11:13, 0.0, 7.74e-08
2018-08-05, 04:11:16, 0.0, 7.83e-08
2018-08-05, 04:11:18, 0.0, 7.74e-08
2018-08-05, 04:11:20, 0.0, 7.76e-08
2018-08-05, 04:11:22, 0.0, 7.77e-08
2018-08-05, 04:11:24, 0.0, 7.82e-08
2018-08-05, 04:11:26, 0.0, 7.82e-08
2018-08-05, 04:11:28, 0.0, 7.8e-08
2018-08-05, 04:11:30, 0.0, 7.77e-08
2018-08-05, 04:11:33, 0.0, 7.78e-08
2018-08-05, 04:11:35, 0.0, 7.74e-08
2018-08-05, 04:11:37, 0.0, 7.75e-08
2018-08-05, 04:11:39, 0.0, 7.82e-08
2018-08-05, 04:11:41, 0.0, 7.82e-08
2018-08-05, 04:11:43, 0.0, 7.82e-08
2018-08-05, 04:11:45, 0.0, 7.81e-08
2018-08-05, 04:11:47, 0.0, 7.78e-08
2018-08-05, 04:11:50, 0.0, 7.77e-08
2018-08-05, 04:11:52, 0.0, 7.76e-08
2018-08-05, 04:11:54, 0.0, 7.76e-08
2018-08-05, 04:11:56, 0.0, 7.82e-08
2018-08-05, 04:11:58, 0.0, 7.77e-08
2018-08-05, 04:12:00, 0.0, 7.71e-08
2018-08-05, 04:12:02, 0.0, 7.81e-08
2018-08-05, 04:12:04, 0.0, 7.81e-08
2018-08-05, 04:12:07, 0.0, 7.84e-08
2018-08-05, 04:12:09, 0.0, 7.81e-08
2018-08-05, 04:12:11, 0.0, 7.75e-08
2018-08-05, 04:12:13, 0.0, 7.77e-08
2018-08-05, 04:12:15, 0.0, 7.82e-08
2018-08-05, 04:12:17, 0.0, 7.77e-08
2018-08-05, 04:12:19, 0.0, 7.78e-08
2018-08-05, 04:12:21, 0.0, 7.77e-08
2018-08-05, 04:12:24, 0.0, 7.88e-08
2018-08-05, 04:12:26, 0.0, 7.77e-08
2018-08-05, 04:12:28, 0.0, 7.75e-08
2018-08-05, 04:12:30, 0.0, 7.78e-08
2018-08-05, 04:12:32, 0.0, 7.76e-08
2018-08-05, 04:12:34, 0.0, 7.77e-08
2018-08-05, 04:12:36, 0.0, 7.8e-08
2018-08-05, 04:12:38, 0.0, 7.85e-08
2018-08-05, 04:12:41, 0.0, 7.81e-08
2018-08-05, 04:12:43, 0.0, 7.83e-08
2018-08-05, 04:12:45, 0.0, 7.82e-08
2018-08-05, 04:12:47, 0.0, 7.86e-08
2018-08-05, 04:12:49, 0.0, 7.78e-08
2018-08-05, 04:12:51, 0.0, 7.85e-08
2018-08-05, 04:12:53, 0.0, 7.77e-08
2018-08-05, 04:12:55, 0.0, 7.84e-08
2018-08-05, 04:12:58, 0.0, 7.81e-08
2018-08-05, 04:13:00, 0.0, 7.81e-08
2018-08-05, 04:13:02, 0.0, 7.83e-08
2018-08-05, 04:13:04, 0.0, 7.8e-08
2018-08-05, 04:13:06, 0.0, 7.83e-08
2018-08-05, 04:13:08, 0.0, 7.84e-08
2018-08-05, 04:13:10, 0.0, 7.84e-08
2018-08-05, 04:13:13, 0.0, 7.87e-08
2018-08-05, 04:13:15, 0.0, 7.86e-08
2018-08-05, 04:13:17, 0.0, 7.78e-08
2018-08-05, 04:13:19, 0.0, 7.84e-08
2018-08-05, 04:13:21, 0.0, 7.79e-08
2018-08-05, 04:13:23, 0.0, 7.76e-08
2018-08-05, 04:13:25, 0.0, 7.77e-08
2018-08-05, 04:13:27, 0.0, 7.82e-08
2018-08-05, 04:13:29, 0.0, 7.82e-08
2018-08-05, 04:13:32, 0.0, 7.85e-08
2018-08-05, 04:13:34, 0.0, 7.79e-08
2018-08-05, 04:13:36, 0.0, 7.79e-08
2018-08-05, 04:13:38, 0.0, 7.83e-08
2018-08-05, 04:13:40, 0.0, 7.76e-08
2018-08-05, 04:13:42, 0.0, 7.81e-08
2018-08-05, 04:13:44, 0.0, 7.71e-08
2018-08-05, 04:13:47, 0.0, 7.78e-08
2018-08-05, 04:13:49, 0.0, 7.84e-08
2018-08-05, 04:13:51, 0.0, 7.82e-08
2018-08-05, 04:13:53, 0.0, 7.86e-08
2018-08-05, 04:13:55, 0.0, 7.77e-08
2018-08-05, 04:13:57, 0.0, 7.83e-08
2018-08-05, 04:13:59, 0.0, 7.81e-08
2018-08-05, 04:14:01, 0.0, 7.81e-08
2018-08-05, 04:14:04, 0.0, 7.83e-08
2018-08-05, 04:14:06, 0.0, 7.82e-08
2018-08-05, 04:14:08, 0.0, 7.75e-08
2018-08-05, 04:14:10, 0.0, 7.83e-08
2018-08-05, 04:14:12, 0.0, 7.81e-08
2018-08-05, 04:14:14, 0.0, 7.77e-08
2018-08-05, 04:14:16, 0.0, 7.77e-08
2018-08-05, 04:14:18, 0.0, 7.8e-08
2018-08-05, 04:14:21, 0.0, 7.76e-08
2018-08-05, 04:14:23, 0.0, 7.79e-08
2018-08-05, 04:14:25, 0.0, 7.75e-08
2018-08-05, 04:14:27, 0.0, 7.77e-08
2018-08-05, 04:14:29, 0.0, 7.73e-08
2018-08-05, 04:14:31, 0.0, 7.67e-08
2018-08-05, 04:14:33, 0.0, 7.77e-08
2018-08-05, 04:14:35, 0.0, 7.72e-08
2018-08-05, 04:14:38, 0.0, 7.7e-08
2018-08-05, 04:14:40, 0.0, 7.79e-08
2018-08-05, 04:14:42, 0.0, 7.8e-08
2018-08-05, 04:14:44, 0.0, 7.8e-08
2018-08-05, 04:14:46, 0.0, 7.74e-08
2018-08-05, 04:14:48, 0.0, 7.8e-08
2018-08-05, 04:14:50, 0.0, 7.75e-08
2018-08-05, 04:14:52, 0.0, 7.74e-08
2018-08-05, 04:14:55, 0.0, 7.76e-08
2018-08-05, 04:14:57, 0.0, 7.78e-08
2018-08-05, 04:14:59, 0.0, 7.74e-08
2018-08-05, 04:15:01, 0.0, 7.71e-08
2018-08-05, 04:15:03, 0.0, 7.76e-08
2018-08-05, 04:15:05, 0.0, 7.75e-08
2018-08-05, 04:15:07, 0.0, 7.75e-08
2018-08-05, 04:15:09, 0.0, 7.72e-08
2018-08-05, 04:15:12, 0.0, 7.74e-08
2018-08-05, 04:15:14, 0.0, 7.76e-08
2018-08-05, 04:15:16, 0.0, 7.73e-08
2018-08-05, 04:15:18, 0.0, 7.68e-08
2018-08-05, 04:15:20, 0.0, 7.8e-08
2018-08-05, 04:15:22, 0.0, 7.77e-08
2018-08-05, 04:15:24, 0.0, 7.71e-08
2018-08-05, 04:15:26, 0.0, 7.72e-08
2018-08-05, 04:15:29, 0.0, 7.76e-08
2018-08-05, 04:15:31, 0.0, 7.79e-08
2018-08-05, 04:15:33, 0.0, 7.75e-08
2018-08-05, 04:15:35, 0.0, 7.81e-08
2018-08-05, 04:15:37, 0.0, 7.75e-08
2018-08-05, 04:15:39, 0.0, 7.79e-08
2018-08-05, 04:15:41, 0.0, 7.77e-08
2018-08-05, 04:15:43, 0.0, 7.73e-08
2018-08-05, 04:15:46, 0.0, 7.72e-08
2018-08-05, 04:15:48, 0.0, 7.78e-08
2018-08-05, 04:15:50, 0.0, 7.75e-08
2018-08-05, 04:15:52, 0.0, 7.81e-08
2018-08-05, 04:15:54, 0.0, 7.77e-08
2018-08-05, 04:15:56, 0.0, 7.75e-08
2018-08-05, 04:15:58, 0.0, 7.75e-08
2018-08-05, 04:16:00, 0.0, 7.75e-08
2018-08-05, 04:16:03, 0.0, 7.79e-08
2018-08-05, 04:16:05, 0.0, 7.71e-08
2018-08-05, 04:16:07, 0.0, 7.73e-08
2018-08-05, 04:16:09, 0.0, 7.71e-08
2018-08-05, 04:16:11, 0.0, 7.74e-08
2018-08-05, 04:16:13, 0.0, 7.74e-08
2018-08-05, 04:16:15, 0.0, 7.73e-08
2018-08-05, 04:16:17, 0.0, 7.76e-08
2018-08-05, 04:16:20, 0.0, 7.74e-08
2018-08-05, 04:16:22, 0.0, 7.8e-08
2018-08-05, 04:16:24, 0.0, 7.81e-08
2018-08-05, 04:16:26, 0.0, 7.75e-08
2018-08-05, 04:16:28, 0.0, 7.78e-08
2018-08-05, 04:16:30, 0.0, 7.76e-08
2018-08-05, 04:16:32, 0.0, 7.72e-08
2018-08-05, 04:16:34, 0.0, 7.77e-08
2018-08-05, 04:16:37, 0.0, 7.73e-08
2018-08-05, 04:16:39, 0.0, 7.72e-08
2018-08-05, 04:16:41, 0.0, 7.7e-08
2018-08-05, 04:16:43, 0.0, 7.73e-08
2018-08-05, 04:16:45, 0.0, 7.71e-08
2018-08-05, 04:16:47, 0.0, 7.79e-08
2018-08-05, 04:16:49, 0.0, 7.74e-08
2018-08-05, 04:16:51, 0.0, 7.78e-08
2018-08-05, 04:16:54, 0.0, 7.78e-08
2018-08-05, 04:16:56, 0.0, 7.67e-08
2018-08-05, 04:16:58, 0.0, 7.76e-08
2018-08-05, 04:17:00, 0.0, 7.72e-08
2018-08-05, 04:17:02, 0.0, 7.72e-08
2018-08-05, 04:17:04, 0.0, 7.75e-08
2018-08-05, 04:17:06, 0.0, 7.77e-08
2018-08-05, 04:17:08, 0.0, 7.74e-08
2018-08-05, 04:17:11, 0.0, 7.74e-08
2018-08-05, 04:17:13, 0.0, 7.76e-08
2018-08-05, 04:17:15, 0.0, 7.74e-08
2018-08-05, 04:17:17, 0.0, 7.83e-08
2018-08-05, 04:17:19, 0.0, 7.79e-08
2018-08-05, 04:17:21, 0.0, 7.79e-08
2018-08-05, 04:17:23, 0.0, 7.79e-08
2018-08-05, 04:17:25, 0.0, 7.83e-08
2018-08-05, 04:17:28, 0.0, 7.82e-08
2018-08-05, 04:17:30, 0.0, 7.77e-08
2018-08-05, 04:17:32, 0.0, 7.78e-08
2018-08-05, 04:17:34, 0.0, 7.74e-08
2018-08-05, 04:17:36, 0.0, 7.78e-08
2018-08-05, 04:17:38, 0.0, 7.77e-08
2018-08-05, 04:17:40, 0.0, 7.84e-08
2018-08-05, 04:17:42, 0.0, 7.8e-08
2018-08-05, 04:17:45, 0.0, 7.83e-08
2018-08-05, 04:17:47, 0.0, 7.79e-08
2018-08-05, 04:17:49, 0.0, 7.85e-08
2018-08-05, 04:17:51, 0.0, 7.78e-08
2018-08-05, 04:17:53, 0.0, 7.83e-08
2018-08-05, 04:17:55, 0.0, 7.75e-08
2018-08-05, 04:17:57, 0.0, 7.8e-08
2018-08-05, 04:18:00, 0.0, 7.72e-08
2018-08-05, 04:18:02, 0.0, 7.77e-08
2018-08-05, 04:18:04, 0.0, 7.79e-08
2018-08-05, 04:18:06, 0.0, 7.81e-08
2018-08-05, 04:18:08, 0.0, 7.81e-08
2018-08-05, 04:18:10, 0.0, 7.82e-08
2018-08-05, 04:18:12, 0.0, 7.74e-08
2018-08-05, 04:18:14, 0.0, 7.7e-08
2018-08-05, 04:18:17, 0.0, 7.72e-08
2018-08-05, 04:18:19, 0.0, 7.73e-08
2018-08-05, 04:18:21, 0.0, 7.78e-08
2018-08-05, 04:18:23, 0.0, 7.71e-08
2018-08-05, 04:18:25, 0.0, 7.76e-08
2018-08-05, 04:18:27, 0.0, 7.75e-08
2018-08-05, 04:18:29, 0.0, 7.74e-08
2018-08-05, 04:18:31, 0.0, 7.8e-08
2018-08-05, 04:18:34, 0.0, 7.74e-08
2018-08-05, 04:18:36, 0.0, 7.78e-08
2018-08-05, 04:18:38, 0.0, 7.8e-08
2018-08-05, 04:18:40, 0.0, 7.83e-08
2018-08-05, 04:18:42, 0.0, 7.83e-08
2018-08-05, 04:18:44, 0.0, 7.81e-08
2018-08-05, 04:18:46, 0.0, 7.81e-08
2018-08-05, 04:18:48, 0.0, 7.78e-08
2018-08-05, 04:18:51, 0.0, 7.76e-08
2018-08-05, 04:18:53, 0.0, 7.71e-08
2018-08-05, 04:18:55, 0.0, 7.75e-08
2018-08-05, 04:18:57, 0.0, 7.72e-08
2018-08-05, 04:18:59, 0.0, 7.76e-08
2018-08-05, 04:19:01, 0.0, 7.77e-08
2018-08-05, 04:19:03, 0.0, 7.84e-08
2018-08-05, 04:19:05, 0.0, 7.83e-08
2018-08-05, 04:19:08, 0.0, 7.79e-08
2018-08-05, 04:19:10, 0.0, 7.83e-08
2018-08-05, 04:19:12, 0.0, 7.77e-08
2018-08-05, 04:19:14, 0.0, 7.78e-08
2018-08-05, 04:19:16, 0.0, 7.79e-08
2018-08-05, 04:19:18, 0.0, 7.76e-08
2018-08-05, 04:19:20, 0.0, 7.74e-08
2018-08-05, 04:19:22, 0.0, 7.77e-08
2018-08-05, 04:19:25, 0.0, 7.73e-08
2018-08-05, 04:19:27, 0.0, 7.71e-08
2018-08-05, 04:19:29, 0.0, 7.71e-08
2018-08-05, 04:19:31, 0.0, 7.76e-08
2018-08-05, 04:19:33, 0.0, 7.78e-08
2018-08-05, 04:19:35, 0.0, 7.75e-08
2018-08-05, 04:19:37, 0.0, 7.68e-08
2018-08-05, 04:19:39, 0.0, 7.76e-08
2018-08-05, 04:19:42, 0.0, 7.72e-08
2018-08-05, 04:19:44, 0.0, 7.77e-08
2018-08-05, 04:19:46, 0.0, 7.79e-08
2018-08-05, 04:19:48, 0.0, 7.72e-08
2018-08-05, 04:19:50, 0.0, 7.68e-08
2018-08-05, 04:19:52, 0.0, 7.74e-08
2018-08-05, 04:19:54, 0.0, 7.71e-08
2018-08-05, 04:19:56, 0.0, 7.72e-08
2018-08-05, 04:19:59, 0.0, 7.73e-08
2018-08-05, 04:20:01, 0.0, 7.73e-08
2018-08-05, 04:20:03, 0.0, 7.71e-08
2018-08-05, 04:20:05, 0.0, 7.75e-08
2018-08-05, 04:20:07, 0.0, 7.71e-08
2018-08-05, 04:20:09, 0.0, 7.68e-08
2018-08-05, 04:20:11, 0.0, 7.7e-08
2018-08-05, 04:20:13, 0.0, 7.75e-08
2018-08-05, 04:20:16, 0.0, 7.75e-08
2018-08-05, 04:20:18, 0.0, 7.67e-08
2018-08-05, 04:20:20, 0.0, 7.67e-08
2018-08-05, 04:20:22, 0.0, 7.73e-08
2018-08-05, 04:20:24, 0.0, 7.74e-08
2018-08-05, 04:20:26, 0.0, 7.74e-08
2018-08-05, 04:20:28, 0.0, 7.67e-08
2018-08-05, 04:20:30, 0.0, 7.75e-08
2018-08-05, 04:20:33, 0.0, 7.79e-08
2018-08-05, 04:20:35, 0.0, 7.8e-08
2018-08-05, 04:20:37, 0.0, 7.85e-08
2018-08-05, 04:20:39, 0.0, 7.82e-08
2018-08-05, 04:20:41, 0.0, 7.79e-08
2018-08-05, 04:20:43, 0.0, 7.81e-08
2018-08-05, 04:20:45, 0.0, 7.84e-08
2018-08-05, 04:20:48, 0.0, 7.82e-08
2018-08-05, 04:20:50, 0.0, 7.79e-08
2018-08-05, 04:20:52, 0.0, 7.78e-08
2018-08-05, 04:20:54, 0.0, 7.84e-08
2018-08-05, 04:20:56, 0.0, 7.81e-08
2018-08-05, 04:20:58, 0.0, 7.81e-08
2018-08-05, 04:21:00, 0.0, 7.77e-08
2018-08-05, 04:21:02, 0.0, 7.74e-08
2018-08-05, 04:21:04, 0.0, 7.76e-08
2018-08-05, 04:21:07, 0.0, 7.75e-08
2018-08-05, 04:21:09, 0.0, 7.78e-08
2018-08-05, 04:21:11, 0.0, 7.77e-08
2018-08-05, 04:21:13, 0.0, 7.81e-08
2018-08-05, 04:21:15, 0.0, 7.81e-08
2018-08-05, 04:21:17, 0.0, 7.75e-08
2018-08-05, 04:21:19, 0.0, 7.79e-08
2018-08-05, 04:21:22, 0.0, 7.8e-08
2018-08-05, 04:21:24, 0.0, 7.79e-08
2018-08-05, 04:21:26, 0.0, 7.74e-08
2018-08-05, 04:21:28, 0.0, 7.8e-08
2018-08-05, 04:21:30, 0.0, 7.81e-08
2018-08-05, 04:21:32, 0.0, 7.83e-08
2018-08-05, 04:21:34, 0.0, 7.78e-08
2018-08-05, 04:21:36, 0.0, 7.82e-08
2018-08-05, 04:21:39, 0.0, 7.82e-08
2018-08-05, 04:21:41, 0.0, 7.77e-08
2018-08-05, 04:21:43, 0.0, 7.75e-08
2018-08-05, 04:21:45, 0.0, 7.79e-08
2018-08-05, 04:21:47, 0.0, 7.81e-08
2018-08-05, 04:21:49, 0.0, 7.79e-08
2018-08-05, 04:21:51, 0.0, 7.83e-08
2018-08-05, 04:21:53, 0.0, 7.85e-08
2018-08-05, 04:21:56, 0.0, 7.82e-08
2018-08-05, 04:21:58, 0.0, 7.83e-08
2018-08-05, 04:22:00, 0.0, 7.79e-08
2018-08-05, 04:22:02, 0.0, 7.83e-08
2018-08-05, 04:22:04, 0.0, 7.83e-08
2018-08-05, 04:22:06, 0.0, 7.83e-08
2018-08-05, 04:22:08, 0.0, 7.84e-08
2018-08-05, 04:22:10, 0.0, 7.8e-08
2018-08-05, 04:22:13, 0.0, 7.83e-08
2018-08-05, 04:22:15, 0.0, 7.81e-08
2018-08-05, 04:22:17, 0.0, 7.84e-08
2018-08-05, 04:22:19, 0.0, 7.83e-08
2018-08-05, 04:22:21, 0.0, 7.84e-08
2018-08-05, 04:22:23, 0.0, 7.8e-08
2018-08-05, 04:22:25, 0.0, 7.81e-08
2018-08-05, 04:22:27, 0.0, 7.83e-08
2018-08-05, 04:22:30, 0.0, 7.79e-08
2018-08-05, 04:22:32, 0.0, 7.8e-08
2018-08-05, 04:22:34, 0.0, 7.81e-08
2018-08-05, 04:22:36, 0.0, 7.79e-08
2018-08-05, 04:22:38, 0.0, 7.81e-08
2018-08-05, 04:22:40, 0.0, 7.8e-08
2018-08-05, 04:22:42, 0.0, 7.84e-08
2018-08-05, 04:22:45, 0.0, 7.86e-08
2018-08-05, 04:22:47, 0.0, 7.84e-08
2018-08-05, 04:22:49, 0.0, 7.76e-08
2018-08-05, 04:22:51, 0.0, 7.79e-08
2018-08-05, 04:22:53, 0.0, 7.74e-08
2018-08-05, 04:22:55, 0.0, 7.8e-08
2018-08-05, 04:22:57, 0.0, 7.77e-08
2018-08-05, 04:22:59, 0.0, 7.81e-08
2018-08-05, 04:23:02, 0.0, 7.72e-08
2018-08-05, 04:23:04, 0.0, 7.71e-08
2018-08-05, 04:23:06, 0.0, 7.71e-08
2018-08-05, 04:23:08, 0.0, 7.76e-08
2018-08-05, 04:23:10, 0.0, 7.77e-08
2018-08-05, 04:23:12, 0.0, 7.78e-08
2018-08-05, 04:23:14, 0.0, 7.81e-08
2018-08-05, 04:23:16, 0.0, 7.78e-08
2018-08-05, 04:23:19, 0.0, 7.76e-08
2018-08-05, 04:23:21, 0.0, 7.81e-08
2018-08-05, 04:23:23, 0.0, 7.79e-08
2018-08-05, 04:23:25, 0.0, 7.75e-08
2018-08-05, 04:23:27, 0.0, 7.84e-08
2018-08-05, 04:23:29, 0.0, 7.81e-08
2018-08-05, 04:23:31, 0.0, 7.79e-08
2018-08-05, 04:23:33, 0.0, 7.72e-08
2018-08-05, 04:23:36, 0.0, 7.73e-08
2018-08-05, 04:23:38, 0.0, 7.79e-08
2018-08-05, 04:23:40, 0.0, 7.77e-08
2018-08-05, 04:23:42, 0.0, 7.74e-08
2018-08-05, 04:23:44, 0.0, 7.79e-08
2018-08-05, 04:23:46, 0.0, 7.79e-08
2018-08-05, 04:23:48, 0.0, 7.82e-08
2018-08-05, 04:23:50, 0.0, 7.8e-08
2018-08-05, 04:23:53, 0.0, 7.9e-08
2018-08-05, 04:23:55, 0.0, 7.81e-08
2018-08-05, 04:23:57, 0.0, 7.89e-08
2018-08-05, 04:23:59, 0.0, 7.85e-08
2018-08-05, 04:24:01, 0.0, 7.83e-08
2018-08-05, 04:24:03, 0.0, 7.83e-08
2018-08-05, 04:24:05, 0.0, 7.87e-08
2018-08-05, 04:24:07, 0.0, 7.84e-08
2018-08-05, 04:24:10, 0.0, 7.86e-08
2018-08-05, 04:24:12, 0.0, 7.73e-08
2018-08-05, 04:24:14, 0.0, 7.79e-08
2018-08-05, 04:24:16, 0.0, 7.82e-08
2018-08-05, 04:24:18, 0.0, 7.84e-08
2018-08-05, 04:24:20, 0.0, 7.8e-08
2018-08-05, 04:24:22, 0.0, 7.83e-08
2018-08-05, 04:24:24, 0.0, 7.8e-08
2018-08-05, 04:24:27, 0.0, 7.81e-08
2018-08-05, 04:24:29, 0.0, 7.73e-08
2018-08-05, 04:24:31, 0.0, 7.82e-08
2018-08-05, 04:24:33, 0.0, 7.77e-08
2018-08-05, 04:24:35, 0.0, 7.79e-08
2018-08-05, 04:24:37, 0.0, 7.76e-08
2018-08-05, 04:24:39, 0.0, 7.82e-08
2018-08-05, 04:24:41, 0.0, 7.8e-08
2018-08-05, 04:24:44, 0.0, 7.72e-08
2018-08-05, 04:24:46, 0.0, 7.75e-08
2018-08-05, 04:24:48, 0.0, 7.77e-08
2018-08-05, 04:24:50, 0.0, 7.8e-08
2018-08-05, 04:24:52, 0.0, 7.79e-08
2018-08-05, 04:24:54, 0.0, 7.73e-08
2018-08-05, 04:24:56, 0.0, 7.74e-08
2018-08-05, 04:24:58, 0.0, 7.7e-08
2018-08-05, 04:25:01, 0.0, 7.83e-08
2018-08-05, 04:25:03, 0.0, 7.77e-08
2018-08-05, 04:25:05, 0.0, 7.82e-08
2018-08-05, 04:25:07, 0.0, 7.82e-08
2018-08-05, 04:25:09, 0.0, 7.78e-08
2018-08-05, 04:25:11, 0.0, 7.74e-08
2018-08-05, 04:25:13, 0.0, 7.76e-08
2018-08-05, 04:25:15, 0.0, 7.75e-08
2018-08-05, 04:25:18, 0.0, 7.79e-08
2018-08-05, 04:25:20, 0.0, 7.77e-08
2018-08-05, 04:25:22, 0.0, 7.82e-08
2018-08-05, 04:25:24, 0.0, 7.82e-08
2018-08-05, 04:25:26, 0.0, 7.85e-08
2018-08-05, 04:25:28, 0.0, 7.82e-08
2018-08-05, 04:25:30, 0.0, 7.79e-08
2018-08-05, 04:25:32, 0.0, 7.78e-08
2018-08-05, 04:25:35, 0.0, 7.76e-08
2018-08-05, 04:25:37, 0.0, 7.84e-08
2018-08-05, 04:25:39, 0.0, 7.79e-08
2018-08-05, 04:25:41, 0.0, 7.74e-08
2018-08-05, 04:25:43, 0.0, 7.81e-08
2018-08-05, 04:25:45, 0.0, 7.7e-08
2018-08-05, 04:25:47, 0.0, 7.83e-08
2018-08-05, 04:25:49, 0.0, 7.81e-08
2018-08-05, 04:25:52, 0.0, 7.78e-08
2018-08-05, 04:25:54, 0.0, 7.73e-08
2018-08-05, 04:25:56, 0.0, 7.7e-08
2018-08-05, 04:25:58, 0.0, 7.7e-08
2018-08-05, 04:26:00, 0.0, 7.78e-08
2018-08-05, 04:26:02, 0.0, 7.78e-08
2018-08-05, 04:26:04, 0.0, 7.82e-08
2018-08-05, 04:26:06, 0.0, 7.78e-08
2018-08-05, 04:26:09, 0.0, 7.77e-08
2018-08-05, 04:26:11, 0.0, 7.83e-08
2018-08-05, 04:26:13, 0.0, 7.82e-08
2018-08-05, 04:26:15, 0.0, 7.79e-08
2018-08-05, 04:26:17, 0.0, 7.81e-08
2018-08-05, 04:26:19, 0.0, 7.78e-08
2018-08-05, 04:26:21, 0.0, 7.83e-08
2018-08-05, 04:26:23, 0.0, 7.79e-08
2018-08-05, 04:26:26, 0.0, 7.79e-08
2018-08-05, 04:26:28, 0.0, 7.83e-08
2018-08-05, 04:26:30, 0.0, 7.8e-08
2018-08-05, 04:26:32, 0.0, 7.81e-08
2018-08-05, 04:26:34, 0.0, 7.78e-08
2018-08-05, 04:26:36, 0.0, 7.81e-08
2018-08-05, 04:26:38, 0.0, 7.78e-08
2018-08-05, 04:26:40, 0.0, 7.8e-08
2018-08-05, 04:26:43, 0.0, 7.74e-08
2018-08-05, 04:26:45, 0.0, 7.76e-08
2018-08-05, 04:26:47, 0.0, 7.8e-08
2018-08-05, 04:26:49, 0.0, 7.78e-08
2018-08-05, 04:26:51, 0.0, 7.8e-08
2018-08-05, 04:26:53, 0.0, 7.85e-08
2018-08-05, 04:26:55, 0.0, 7.84e-08
2018-08-05, 04:26:57, 0.0, 7.83e-08
2018-08-05, 04:27:00, 0.0, 7.86e-08
2018-08-05, 04:27:02, 0.0, 7.78e-08
2018-08-05, 04:27:04, 0.0, 7.81e-08
2018-08-05, 04:27:06, 0.0, 7.85e-08
2018-08-05, 04:27:08, 0.0, 7.78e-08
2018-08-05, 04:27:10, 0.0, 7.8e-08
2018-08-05, 04:27:12, 0.0, 7.75e-08
2018-08-05, 04:27:15, 0.0, 7.77e-08
2018-08-05, 04:27:17, 0.0, 7.74e-08
2018-08-05, 04:27:19, 0.0, 7.8e-08
2018-08-05, 04:27:21, 0.0, 7.8e-08
2018-08-05, 04:27:23, 0.0, 7.84e-08
2018-08-05, 04:27:25, 0.0, 7.8e-08
2018-08-05, 04:27:27, 0.0, 7.78e-08
2018-08-05, 04:27:29, 0.0, 7.8e-08
2018-08-05, 04:27:32, 0.0, 7.81e-08
2018-08-05, 04:27:34, 0.0, 7.81e-08
2018-08-05, 04:27:36, 0.0, 7.84e-08
2018-08-05, 04:27:38, 0.0, 7.83e-08
2018-08-05, 04:27:40, 0.0, 7.81e-08
2018-08-05, 04:27:42, 0.0, 7.84e-08
2018-08-05, 04:27:44, 0.0, 7.77e-08
2018-08-05, 04:27:46, 0.0, 7.84e-08
2018-08-05, 04:27:49, 0.0, 7.8e-08
2018-08-05, 04:27:51, 0.0, 7.76e-08
2018-08-05, 04:27:53, 0.0, 7.84e-08
2018-08-05, 04:27:55, 0.0, 7.8e-08
2018-08-05, 04:27:57, 0.0, 7.81e-08
2018-08-05, 04:27:59, 0.0, 7.8e-08
2018-08-05, 04:28:01, 0.0, 7.81e-08
2018-08-05, 04:28:03, 0.0, 7.76e-08
2018-08-05, 04:28:06, 0.0, 7.79e-08
2018-08-05, 04:28:08, 0.0, 7.78e-08
2018-08-05, 04:28:10, 0.0, 7.79e-08
2018-08-05, 04:28:12, 0.0, 7.79e-08
2018-08-05, 04:28:14, 0.0, 7.8e-08
2018-08-05, 04:28:16, 0.0, 7.78e-08
2018-08-05, 04:28:18, 0.0, 7.83e-08
2018-08-05, 04:28:20, 0.0, 7.84e-08
2018-08-05, 04:28:23, 0.0, 7.75e-08
2018-08-05, 04:28:25, 0.0, 7.82e-08
2018-08-05, 04:28:27, 0.0, 7.82e-08
2018-08-05, 04:28:29, 0.0, 7.78e-08
2018-08-05, 04:28:31, 0.0, 7.77e-08
2018-08-05, 04:28:33, 0.0, 7.81e-08
2018-08-05, 04:28:35, 0.0, 7.8e-08
2018-08-05, 04:28:38, 0.0, 7.74e-08
2018-08-05, 04:28:40, 0.0, 7.78e-08
2018-08-05, 04:28:42, 0.0, 7.8e-08
2018-08-05, 04:28:44, 0.0, 7.76e-08
2018-08-05, 04:28:46, 0.0, 7.79e-08
2018-08-05, 04:28:48, 0.0, 7.77e-08
2018-08-05, 04:28:50, 0.0, 7.78e-08
2018-08-05, 04:28:52, 0.0, 7.75e-08
2018-08-05, 04:28:55, 0.0, 7.83e-08
2018-08-05, 04:28:57, 0.0, 7.8e-08
2018-08-05, 04:28:59, 0.0, 7.76e-08
2018-08-05, 04:29:01, 0.0, 7.74e-08
2018-08-05, 04:29:03, 0.0, 7.79e-08
2018-08-05, 04:29:05, 0.0, 7.8e-08
2018-08-05, 04:29:07, 0.0, 7.79e-08
2018-08-05, 04:29:09, 0.0, 7.78e-08
2018-08-05, 04:29:12, 0.0, 7.71e-08
2018-08-05, 04:29:14, 0.0, 7.8e-08
2018-08-05, 04:29:16, 0.0, 7.7e-08
2018-08-05, 04:29:18, 0.0, 7.78e-08
2018-08-05, 04:29:20, 0.0, 7.81e-08
2018-08-05, 04:29:22, 0.0, 7.75e-08
2018-08-05, 04:29:24, 0.0, 7.77e-08
2018-08-05, 04:29:26, 0.0, 7.79e-08
2018-08-05, 04:29:29, 0.0, 7.79e-08
2018-08-05, 04:29:31, 0.0, 7.81e-08
2018-08-05, 04:29:33, 0.0, 7.78e-08
2018-08-05, 04:29:35, 0.0, 7.77e-08
2018-08-05, 04:29:37, 0.0, 7.77e-08
2018-08-05, 04:29:39, 0.0, 7.7e-08
2018-08-05, 04:29:41, 0.0, 7.81e-08
2018-08-05, 04:29:43, 0.0, 7.78e-08
2018-08-05, 04:29:46, 0.0, 7.79e-08
2018-08-05, 04:29:48, 0.0, 7.76e-08
2018-08-05, 04:29:50, 0.0, 7.73e-08
2018-08-05, 04:29:52, 0.0, 7.78e-08
2018-08-05, 04:29:54, 0.0, 7.74e-08
2018-08-05, 04:29:56, 0.0, 7.83e-08
2018-08-05, 04:29:58, 0.0, 7.69e-08
2018-08-05, 04:30:00, 0.0, 7.71e-08
2018-08-05, 04:30:03, 0.0, 7.72e-08
2018-08-05, 04:30:05, 0.0, 7.7e-08
2018-08-05, 04:30:07, 0.0, 7.72e-08
2018-08-05, 04:30:09, 0.0, 7.75e-08
2018-08-05, 04:30:11, 0.0, 7.76e-08
2018-08-05, 04:30:13, 0.0, 7.75e-08
2018-08-05, 04:30:15, 0.0, 7.77e-08
2018-08-05, 04:30:17, 0.0, 7.71e-08
2018-08-05, 04:30:20, 0.0, 7.74e-08
2018-08-05, 04:30:22, 0.0, 7.75e-08
2018-08-05, 04:30:24, 0.0, 7.74e-08
2018-08-05, 04:30:26, 0.0, 7.73e-08
2018-08-05, 04:30:28, 0.0, 7.72e-08
2018-08-05, 04:30:30, 0.0, 7.75e-08
2018-08-05, 04:30:32, 0.0, 7.75e-08
2018-08-05, 04:30:34, 0.0, 7.78e-08
2018-08-05, 04:30:37, 0.0, 7.73e-08
2018-08-05, 04:30:39, 0.0, 7.76e-08
2018-08-05, 04:30:41, 0.0, 7.82e-08
2018-08-05, 04:30:43, 0.0, 7.79e-08
2018-08-05, 04:30:45, 0.0, 7.73e-08
2018-08-05, 04:30:47, 0.0, 7.76e-08
2018-08-05, 04:30:49, 0.0, 7.79e-08
2018-08-05, 04:30:51, 0.0, 7.79e-08
2018-08-05, 04:30:54, 0.0, 7.77e-08
2018-08-05, 04:30:56, 0.0, 7.77e-08
2018-08-05, 04:30:58, 0.0, 7.68e-08
2018-08-05, 04:31:00, 0.0, 7.8e-08
2018-08-05, 04:31:02, 0.0, 7.75e-08
2018-08-05, 04:31:04, 0.0, 7.76e-08
2018-08-05, 04:31:06, 0.0, 7.75e-08
2018-08-05, 04:31:08, 0.0, 7.73e-08
2018-08-05, 04:31:11, 0.0, 7.76e-08
2018-08-05, 04:31:13, 0.0, 7.74e-08
2018-08-05, 04:31:15, 0.0, 7.82e-08
2018-08-05, 04:31:17, 0.0, 7.74e-08
2018-08-05, 04:31:19, 0.0, 7.77e-08
2018-08-05, 04:31:21, 0.0, 7.71e-08
2018-08-05, 04:31:23, 0.0, 7.8e-08
2018-08-05, 04:31:25, 0.0, 7.77e-08
2018-08-05, 04:31:28, 0.0, 7.76e-08
2018-08-05, 04:31:30, 0.0, 7.72e-08
2018-08-05, 04:31:32, 0.0, 7.77e-08
2018-08-05, 04:31:34, 0.0, 7.76e-08
2018-08-05, 04:31:36, 0.0, 7.71e-08
2018-08-05, 04:31:38, 0.0, 7.76e-08
2018-08-05, 04:31:40, 0.0, 7.75e-08
2018-08-05, 04:31:42, 0.0, 7.79e-08
2018-08-05, 04:31:45, 0.0, 7.73e-08
2018-08-05, 04:31:47, 0.0, 7.73e-08
2018-08-05, 04:31:49, 0.0, 7.76e-08
2018-08-05, 04:31:51, 0.0, 7.81e-08
2018-08-05, 04:31:53, 0.0, 7.81e-08
2018-08-05, 04:31:55, 0.0, 7.77e-08
2018-08-05, 04:31:57, 0.0, 7.78e-08
2018-08-05, 04:32:00, 0.0, 7.74e-08
2018-08-05, 04:32:02, 0.0, 7.76e-08
2018-08-05, 04:32:04, 0.0, 7.75e-08
2018-08-05, 04:32:06, 0.0, 7.81e-08
2018-08-05, 04:32:08, 0.0, 7.78e-08
2018-08-05, 04:32:10, 0.0, 7.78e-08
2018-08-05, 04:32:12, 0.0, 7.74e-08
2018-08-05, 04:32:14, 0.0, 7.76e-08
2018-08-05, 04:32:17, 0.0, 7.78e-08
2018-08-05, 04:32:19, 0.0, 7.76e-08
2018-08-05, 04:32:21, 0.0, 7.8e-08
2018-08-05, 04:32:23, 0.0, 7.77e-08
2018-08-05, 04:32:25, 0.0, 7.76e-08
2018-08-05, 04:32:27, 0.0, 7.74e-08
2018-08-05, 04:32:29, 0.0, 7.78e-08
2018-08-05, 04:32:31, 0.0, 7.79e-08
2018-08-05, 04:32:34, 0.0, 7.78e-08
2018-08-05, 04:32:36, 0.0, 7.79e-08
2018-08-05, 04:32:38, 0.0, 7.77e-08
2018-08-05, 04:32:40, 0.0, 7.81e-08
2018-08-05, 04:32:42, 0.0, 7.82e-08
2018-08-05, 04:32:44, 0.0, 7.79e-08
2018-08-05, 04:32:46, 0.0, 7.78e-08
2018-08-05, 04:32:48, 0.0, 7.78e-08
2018-08-05, 04:32:51, 0.0, 7.77e-08
2018-08-05, 04:32:53, 0.0, 7.78e-08
2018-08-05, 04:32:55, 0.0, 7.82e-08
2018-08-05, 04:32:57, 0.0, 7.8e-08
2018-08-05, 04:32:59, 0.0, 7.84e-08
2018-08-05, 04:33:01, 0.0, 7.8e-08
2018-08-05, 04:33:03, 0.0, 7.77e-08
2018-08-05, 04:33:05, 0.0, 7.79e-08
2018-08-05, 04:33:08, 0.0, 7.78e-08
2018-08-05, 04:33:10, 0.0, 7.78e-08
2018-08-05, 04:33:12, 0.0, 7.77e-08
2018-08-05, 04:33:14, 0.0, 7.81e-08
2018-08-05, 04:33:16, 0.0, 7.78e-08
2018-08-05, 04:33:18, 0.0, 7.72e-08
2018-08-05, 04:33:20, 0.0, 7.67e-08
2018-08-05, 04:33:22, 0.0, 7.72e-08
2018-08-05, 04:33:25, 0.0, 7.73e-08
2018-08-05, 04:33:27, 0.0, 7.73e-08
2018-08-05, 04:33:29, 0.0, 7.73e-08
2018-08-05, 04:33:31, 0.0, 7.75e-08
2018-08-05, 04:33:33, 0.0, 7.82e-08
2018-08-05, 04:33:35, 0.0, 7.74e-08
2018-08-05, 04:33:37, 0.0, 7.76e-08
2018-08-05, 04:33:39, 0.0, 7.71e-08
2018-08-05, 04:33:42, 0.0, 7.71e-08
2018-08-05, 04:33:44, 0.0, 7.71e-08
2018-08-05, 04:33:46, 0.0, 7.73e-08
2018-08-05, 04:33:48, 0.0, 7.83e-08
2018-08-05, 04:33:50, 0.0, 7.8e-08
2018-08-05, 04:33:52, 0.0, 7.83e-08
2018-08-05, 04:33:54, 0.0, 7.84e-08
2018-08-05, 04:33:56, 0.0, 7.83e-08
2018-08-05, 04:33:59, 0.0, 7.79e-08
2018-08-05, 04:34:01, 0.0, 7.8e-08
2018-08-05, 04:34:03, 0.0, 7.75e-08
2018-08-05, 04:34:05, 0.0, 7.77e-08
2018-08-05, 04:34:07, 0.0, 7.83e-08
2018-08-05, 04:34:09, 0.0, 7.79e-08
2018-08-05, 04:34:11, 0.0, 7.79e-08
2018-08-05, 04:34:14, 0.0, 7.81e-08
2018-08-05, 04:34:16, 0.0, 7.76e-08
2018-08-05, 04:34:18, 0.0, 7.84e-08
2018-08-05, 04:34:20, 0.0, 7.79e-08
2018-08-05, 04:34:22, 0.0, 7.82e-08
2018-08-05, 04:34:24, 0.0, 7.79e-08
2018-08-05, 04:34:26, 0.0, 7.78e-08
2018-08-05, 04:34:28, 0.0, 7.78e-08
2018-08-05, 04:34:31, 0.0, 7.78e-08
2018-08-05, 04:34:33, 0.0, 7.73e-08
2018-08-05, 04:34:35, 0.0, 7.71e-08
2018-08-05, 04:34:37, 0.0, 7.74e-08
2018-08-05, 04:34:39, 0.0, 7.76e-08
2018-08-05, 04:34:41, 0.0, 7.75e-08
2018-08-05, 04:34:43, 0.0, 7.76e-08
2018-08-05, 04:34:45, 0.0, 7.81e-08
2018-08-05, 04:34:48, 0.0, 7.75e-08
2018-08-05, 04:34:50, 0.0, 7.8e-08
2018-08-05, 04:34:52, 0.0, 7.77e-08
2018-08-05, 04:34:54, 0.0, 7.75e-08
2018-08-05, 04:34:56, 0.0, 7.77e-08
2018-08-05, 04:34:58, 0.0, 7.76e-08
2018-08-05, 04:35:00, 0.0, 7.79e-08
2018-08-05, 04:35:02, 0.0, 7.65e-08
2018-08-05, 04:35:05, 0.0, 7.73e-08
2018-08-05, 04:35:07, 0.0, 7.7e-08
2018-08-05, 04:35:09, 0.0, 7.73e-08
2018-08-05, 04:35:11, 0.0, 7.75e-08
2018-08-05, 04:35:13, 0.0, 7.72e-08
2018-08-05, 04:35:15, 0.0, 7.77e-08
2018-08-05, 04:35:17, 0.0, 7.75e-08
2018-08-05, 04:35:20, 0.0, 7.8e-08
2018-08-05, 04:35:22, 0.0, 7.76e-08
2018-08-05, 04:35:24, 0.0, 7.81e-08
2018-08-05, 04:35:26, 0.0, 7.76e-08
2018-08-05, 04:35:28, 0.0, 7.76e-08
2018-08-05, 04:35:30, 0.0, 7.79e-08
2018-08-05, 04:35:32, 0.0, 7.77e-08
2018-08-05, 04:35:34, 0.0, 7.8e-08
2018-08-05, 04:35:37, 0.0, 7.8e-08
2018-08-05, 04:35:39, 0.0, 7.82e-08
2018-08-05, 04:35:41, 0.0, 7.77e-08
2018-08-05, 04:35:43, 0.0, 7.85e-08
2018-08-05, 04:35:45, 0.0, 7.81e-08
2018-08-05, 04:35:47, 0.0, 7.8e-08
2018-08-05, 04:35:49, 0.0, 7.79e-08
2018-08-05, 04:35:51, 0.0, 7.78e-08
2018-08-05, 04:35:54, 0.0, 7.76e-08
2018-08-05, 04:35:56, 0.0, 7.82e-08
2018-08-05, 04:35:58, 0.0, 7.78e-08
2018-08-05, 04:36:00, 0.0, 7.8e-08
2018-08-05, 04:36:02, 0.0, 7.8e-08
2018-08-05, 04:36:04, 0.0, 7.74e-08
2018-08-05, 04:36:06, 0.0, 7.69e-08
2018-08-05, 04:36:08, 0.0, 7.69e-08
2018-08-05, 04:36:11, 0.0, 7.73e-08
2018-08-05, 04:36:13, 0.0, 7.73e-08
2018-08-05, 04:36:15, 0.0, 7.74e-08
2018-08-05, 04:36:17, 0.0, 7.82e-08
2018-08-05, 04:36:19, 0.0, 7.77e-08
2018-08-05, 04:36:21, 0.0, 7.84e-08
2018-08-05, 04:36:23, 0.0, 7.84e-08
2018-08-05, 04:36:25, 0.0, 7.77e-08
2018-08-05, 04:36:28, 0.0, 7.77e-08
2018-08-05, 04:36:30, 0.0, 7.8e-08
2018-08-05, 04:36:32, 0.0, 7.81e-08
2018-08-05, 04:36:34, 0.0, 7.78e-08
2018-08-05, 04:36:36, 0.0, 7.78e-08
2018-08-05, 04:36:38, 0.0, 7.81e-08
2018-08-05, 04:36:40, 0.0, 7.78e-08
2018-08-05, 04:36:42, 0.0, 7.8e-08
2018-08-05, 04:36:45, 0.0, 7.75e-08
2018-08-05, 04:36:47, 0.0, 7.73e-08
2018-08-05, 04:36:49, 0.0, 7.75e-08
2018-08-05, 04:36:51, 0.0, 7.72e-08
2018-08-05, 04:36:53, 0.0, 7.79e-08
2018-08-05, 04:36:55, 0.0, 7.77e-08
2018-08-05, 04:36:57, 0.0, 7.82e-08
2018-08-05, 04:36:59, 0.0, 7.79e-08
2018-08-05, 04:37:02, 0.0, 7.76e-08
2018-08-05, 04:37:04, 0.0, 7.79e-08
2018-08-05, 04:37:06, 0.0, 7.77e-08
2018-08-05, 04:37:08, 0.0, 7.78e-08
2018-08-05, 04:37:10, 0.0, 7.8e-08
2018-08-05, 04:37:12, 0.0, 7.87e-08
2018-08-05, 04:37:14, 0.0, 7.83e-08
2018-08-05, 04:37:16, 0.0, 7.81e-08
2018-08-05, 04:37:19, 0.0, 7.76e-08
2018-08-05, 04:37:21, 0.0, 7.87e-08
2018-08-05, 04:37:23, 0.0, 7.81e-08
2018-08-05, 04:37:25, 0.0, 7.85e-08
2018-08-05, 04:37:27, 0.0, 7.79e-08
2018-08-05, 04:37:29, 0.0, 7.83e-08
2018-08-05, 04:37:31, 0.0, 7.79e-08
2018-08-05, 04:37:33, 0.0, 7.81e-08
2018-08-05, 04:37:36, 0.0, 7.82e-08
2018-08-05, 04:37:38, 0.0, 7.84e-08
2018-08-05, 04:37:40, 0.0, 7.86e-08
2018-08-05, 04:37:42, 0.0, 7.86e-08
2018-08-05, 04:37:44, 0.0, 7.83e-08
2018-08-05, 04:37:46, 0.0, 7.82e-08
2018-08-05, 04:37:48, 0.0, 7.89e-08
2018-08-05, 04:37:51, 0.0, 7.84e-08
2018-08-05, 04:37:53, 0.0, 7.83e-08
2018-08-05, 04:37:55, 0.0, 7.81e-08
2018-08-05, 04:37:57, 0.0, 7.8e-08
2018-08-05, 04:37:59, 0.0, 7.87e-08
2018-08-05, 04:38:01, 0.0, 7.81e-08
2018-08-05, 04:38:03, 0.0, 7.81e-08
2018-08-05, 04:38:05, 0.0, 7.81e-08
2018-08-05, 04:38:08, 0.0, 7.78e-08
2018-08-05, 04:38:10, 0.0, 7.8e-08
2018-08-05, 04:38:12, 0.0, 7.81e-08
2018-08-05, 04:38:14, 0.0, 7.87e-08
2018-08-05, 04:38:16, 0.0, 7.84e-08
2018-08-05, 04:38:18, 0.0, 7.81e-08
2018-08-05, 04:38:20, 0.0, 7.86e-08
2018-08-05, 04:38:22, 0.0, 7.82e-08
2018-08-05, 04:38:25, 0.0, 7.83e-08
2018-08-05, 04:38:27, 0.0, 7.87e-08
2018-08-05, 04:38:29, 0.0, 7.84e-08
2018-08-05, 04:38:31, 0.0, 7.87e-08
2018-08-05, 04:38:33, 0.0, 7.82e-08
2018-08-05, 04:38:35, 0.0, 7.86e-08
2018-08-05, 04:38:37, 0.0, 7.87e-08
2018-08-05, 04:38:39, 0.0, 7.87e-08
2018-08-05, 04:38:42, 0.0, 7.84e-08
2018-08-05, 04:38:44, 0.0, 7.79e-08
2018-08-05, 04:38:46, 0.0, 7.81e-08
2018-08-05, 04:38:48, 0.0, 7.78e-08
2018-08-05, 04:38:50, 0.0, 7.79e-08
2018-08-05, 04:38:52, 0.0, 7.79e-08
2018-08-05, 04:38:54, 0.0, 7.79e-08
2018-08-05, 04:38:56, 0.0, 7.75e-08
2018-08-05, 04:38:59, 0.0, 7.84e-08
2018-08-05, 04:39:01, 0.0, 7.83e-08
2018-08-05, 04:39:03, 0.0, 7.83e-08
2018-08-05, 04:39:05, 0.0, 7.82e-08
2018-08-05, 04:39:07, 0.0, 7.82e-08
2018-08-05, 04:39:09, 0.0, 7.84e-08
2018-08-05, 04:39:11, 0.0, 7.79e-08
2018-08-05, 04:39:14, 0.0, 7.85e-08
2018-08-05, 04:39:16, 0.0, 7.88e-08
2018-08-05, 04:39:18, 0.0, 7.81e-08
2018-08-05, 04:39:20, 0.0, 7.79e-08
2018-08-05, 04:39:22, 0.0, 7.82e-08
2018-08-05, 04:39:24, 0.0, 7.86e-08
2018-08-05, 04:39:26, 0.0, 7.79e-08
2018-08-05, 04:39:28, 0.0, 7.78e-08
2018-08-05, 04:39:31, 0.0, 7.82e-08
2018-08-05, 04:39:33, 0.0, 7.77e-08
2018-08-05, 04:39:35, 0.0, 7.83e-08
2018-08-05, 04:39:37, 0.0, 7.82e-08
2018-08-05, 04:39:39, 0.0, 7.79e-08
2018-08-05, 04:39:41, 0.0, 7.83e-08
2018-08-05, 04:39:43, 0.0, 7.83e-08
2018-08-05, 04:39:45, 0.0, 7.86e-08
2018-08-05, 04:39:48, 0.0, 7.89e-08
2018-08-05, 04:39:50, 0.0, 7.78e-08
2018-08-05, 04:39:52, 0.0, 7.8e-08
2018-08-05, 04:39:54, 0.0, 7.77e-08
2018-08-05, 04:39:56, 0.0, 7.72e-08
2018-08-05, 04:39:58, 0.0, 7.85e-08
2018-08-05, 04:40:00, 0.0, 7.83e-08
2018-08-05, 04:40:02, 0.0, 7.87e-08
2018-08-05, 04:40:05, 0.0, 7.79e-08
2018-08-05, 04:40:07, 0.0, 7.81e-08
2018-08-05, 04:40:09, 0.0, 7.81e-08
2018-08-05, 04:40:11, 0.0, 7.78e-08
2018-08-05, 04:40:13, 0.0, 7.81e-08
2018-08-05, 04:40:15, 0.0, 7.83e-08
2018-08-05, 04:40:17, 0.0, 7.8e-08
2018-08-05, 04:40:19, 0.0, 7.83e-08
2018-08-05, 04:40:22, 0.0, 7.82e-08
2018-08-05, 04:40:24, 0.0, 7.78e-08
2018-08-05, 04:40:26, 0.0, 7.83e-08
2018-08-05, 04:40:28, 0.0, 7.8e-08
2018-08-05, 04:40:30, 0.0, 7.82e-08
2018-08-05, 04:40:32, 0.0, 7.82e-08
2018-08-05, 04:40:34, 0.0, 7.78e-08
2018-08-05, 04:40:36, 0.0, 7.75e-08
2018-08-05, 04:40:39, 0.0, 7.76e-08
2018-08-05, 04:40:41, 0.0, 7.78e-08
2018-08-05, 04:40:43, 0.0, 7.74e-08
2018-08-05, 04:40:45, 0.0, 7.79e-08
2018-08-05, 04:40:47, 0.0, 7.75e-08
2018-08-05, 04:40:49, 0.0, 7.72e-08
2018-08-05, 04:40:51, 0.0, 7.8e-08
2018-08-05, 04:40:53, 0.0, 7.81e-08
2018-08-05, 04:40:56, 0.0, 7.81e-08
2018-08-05, 04:40:58, 0.0, 7.78e-08
2018-08-05, 04:41:00, 0.0, 7.83e-08
2018-08-05, 04:41:02, 0.0, 7.75e-08
2018-08-05, 04:41:04, 0.0, 7.8e-08
2018-08-05, 04:41:06, 0.0, 7.83e-08
2018-08-05, 04:41:08, 0.0, 7.77e-08
2018-08-05, 04:41:11, 0.0, 7.84e-08
2018-08-05, 04:41:13, 0.0, 7.83e-08
2018-08-05, 04:41:15, 0.0, 7.79e-08
2018-08-05, 04:41:17, 0.0, 7.81e-08
2018-08-05, 04:41:19, 0.0, 7.82e-08
2018-08-05, 04:41:21, 0.0, 7.86e-08
2018-08-05, 04:41:23, 0.0, 7.84e-08
2018-08-05, 04:41:25, 0.0, 7.83e-08
2018-08-05, 04:41:28, 0.0, 7.84e-08
2018-08-05, 04:41:30, 0.0, 7.86e-08
2018-08-05, 04:41:32, 0.0, 7.84e-08
2018-08-05, 04:41:34, 0.0, 7.82e-08
2018-08-05, 04:41:36, 0.0, 7.82e-08
2018-08-05, 04:41:38, 0.0, 7.82e-08
2018-08-05, 04:41:40, 0.0, 7.82e-08
2018-08-05, 04:41:43, 0.0, 7.83e-08
2018-08-05, 04:41:45, 0.0, 7.87e-08
2018-08-05, 04:41:47, 0.0, 7.85e-08
2018-08-05, 04:41:49, 0.0, 7.86e-08
2018-08-05, 04:41:51, 0.0, 7.86e-08
2018-08-05, 04:41:53, 0.0, 7.85e-08
2018-08-05, 04:41:55, 0.0, 7.83e-08
2018-08-05, 04:41:57, 0.0, 7.85e-08
2018-08-05, 04:42:00, 0.0, 7.84e-08
2018-08-05, 04:42:02, 0.0, 7.88e-08
2018-08-05, 04:42:04, 0.0, 7.87e-08
2018-08-05, 04:42:06, 0.0, 7.86e-08
2018-08-05, 04:42:08, 0.0, 7.89e-08
2018-08-05, 04:42:10, 0.0, 7.89e-08
2018-08-05, 04:42:12, 0.0, 7.85e-08
2018-08-05, 04:42:14, 0.0, 7.84e-08
2018-08-05, 04:42:17, 0.0, 7.81e-08
2018-08-05, 04:42:19, 0.0, 7.83e-08
2018-08-05, 04:42:21, 0.0, 7.81e-08
2018-08-05, 04:42:23, 0.0, 7.88e-08
2018-08-05, 04:42:25, 0.0, 7.86e-08
2018-08-05, 04:42:27, 0.0, 7.8e-08
2018-08-05, 04:42:29, 0.0, 7.8e-08
2018-08-05, 04:42:31, 0.0, 7.84e-08
2018-08-05, 04:42:34, 0.0, 7.87e-08
2018-08-05, 04:42:36, 0.0, 7.86e-08
2018-08-05, 04:42:38, 0.0, 7.85e-08
2018-08-05, 04:42:40, 0.0, 7.84e-08
2018-08-05, 04:42:42, 0.0, 7.77e-08
2018-08-05, 04:42:44, 0.0, 7.85e-08
2018-08-05, 04:42:46, 0.0, 7.87e-08
2018-08-05, 04:42:48, 0.0, 7.81e-08
2018-08-05, 04:42:51, 0.0, 7.8e-08
2018-08-05, 04:42:53, 0.0, 7.78e-08
2018-08-05, 04:42:55, 0.0, 7.82e-08
2018-08-05, 04:42:57, 0.0, 7.82e-08
2018-08-05, 04:42:59, 0.0, 7.83e-08
2018-08-05, 04:43:01, 0.0, 7.82e-08
2018-08-05, 04:43:03, 0.0, 7.79e-08
2018-08-05, 04:43:05, 0.0, 7.86e-08
2018-08-05, 04:43:08, 0.0, 7.85e-08
2018-08-05, 04:43:10, 0.0, 7.82e-08
2018-08-05, 04:43:12, 0.0, 7.83e-08
2018-08-05, 04:43:14, 0.0, 7.81e-08
2018-08-05, 04:43:16, 0.0, 7.82e-08
2018-08-05, 04:43:18, 0.0, 7.85e-08
2018-08-05, 04:43:20, 0.0, 7.84e-08
2018-08-05, 04:43:23, 0.0, 7.83e-08
2018-08-05, 04:43:25, 0.0, 7.9e-08
2018-08-05, 04:43:27, 0.0, 7.84e-08
2018-08-05, 04:43:29, 0.0, 7.85e-08
2018-08-05, 04:43:31, 0.0, 7.82e-08
2018-08-05, 04:43:33, 0.0, 7.83e-08
2018-08-05, 04:43:35, 0.0, 7.82e-08
2018-08-05, 04:43:37, 0.0, 7.83e-08
2018-08-05, 04:43:40, 0.0, 7.84e-08
2018-08-05, 04:43:42, 0.0, 7.83e-08
2018-08-05, 04:43:44, 0.0, 7.83e-08
2018-08-05, 04:43:46, 0.0, 7.88e-08
2018-08-05, 04:43:48, 0.0, 7.84e-08
2018-08-05, 04:43:50, 0.0, 7.86e-08
2018-08-05, 04:43:52, 0.0, 7.8e-08
2018-08-05, 04:43:54, 0.0, 7.86e-08
2018-08-05, 04:43:57, 0.0, 7.81e-08
2018-08-05, 04:43:59, 0.0, 7.88e-08
2018-08-05, 04:44:01, 0.0, 7.84e-08
2018-08-05, 04:44:03, 0.0, 7.82e-08
2018-08-05, 04:44:05, 0.0, 7.87e-08
2018-08-05, 04:44:07, 0.0, 7.86e-08
2018-08-05, 04:44:09, 0.0, 7.83e-08
2018-08-05, 04:44:11, 0.0, 7.88e-08
2018-08-05, 04:44:14, 0.0, 7.89e-08
2018-08-05, 04:44:16, 0.0, 7.84e-08
2018-08-05, 04:44:18, 0.0, 7.84e-08
2018-08-05, 04:44:20, 0.0, 7.83e-08
2018-08-05, 04:44:22, 0.0, 7.88e-08
2018-08-05, 04:44:24, 0.0, 7.91e-08
2018-08-05, 04:44:26, 0.0, 7.85e-08
2018-08-05, 04:44:28, 0.0, 7.87e-08
2018-08-05, 04:44:31, 0.0, 7.88e-08
2018-08-05, 04:44:33, 0.0, 7.84e-08
2018-08-05, 04:44:35, 0.0, 7.89e-08
2018-08-05, 04:44:37, 0.0, 7.92e-08
2018-08-05, 04:44:39, 0.0, 7.89e-08
2018-08-05, 04:44:41, 0.0, 7.85e-08
2018-08-05, 04:44:43, 0.0, 7.91e-08
2018-08-05, 04:44:45, 0.0, 7.87e-08
2018-08-05, 04:44:48, 0.0, 7.83e-08
2018-08-05, 04:44:50, 0.0, 7.89e-08
2018-08-05, 04:44:52, 0.0, 7.86e-08
2018-08-05, 04:44:54, 0.0, 7.85e-08
2018-08-05, 04:44:56, 0.0, 7.85e-08
2018-08-05, 04:44:58, 0.0, 7.85e-08
2018-08-05, 04:45:00, 0.0, 7.89e-08
2018-08-05, 04:45:02, 0.0, 7.87e-08
2018-08-05, 04:45:05, 0.0, 7.87e-08
2018-08-05, 04:45:07, 0.0, 7.9e-08
2018-08-05, 04:45:09, 0.0, 7.88e-08
2018-08-05, 04:45:11, 0.0, 7.88e-08
2018-08-05, 04:45:13, 0.0, 7.8e-08
2018-08-05, 04:45:15, 0.0, 7.84e-08
2018-08-05, 04:45:17, 0.0, 7.8e-08
2018-08-05, 04:45:19, 0.0, 7.83e-08
2018-08-05, 04:45:22, 0.0, 7.86e-08
2018-08-05, 04:45:24, 0.0, 7.85e-08
2018-08-05, 04:45:26, 0.0, 7.82e-08
2018-08-05, 04:45:28, 0.0, 7.83e-08
2018-08-05, 04:45:30, 0.0, 7.89e-08
2018-08-05, 04:45:32, 0.0, 7.85e-08
2018-08-05, 04:45:34, 0.0, 7.88e-08
2018-08-05, 04:45:36, 0.0, 7.84e-08
2018-08-05, 04:45:39, 0.0, 7.86e-08
2018-08-05, 04:45:41, 0.0, 7.88e-08
2018-08-05, 04:45:43, 0.0, 7.86e-08
2018-08-05, 04:45:45, 0.0, 7.88e-08
2018-08-05, 04:45:47, 0.0, 7.87e-08
2018-08-05, 04:45:49, 0.0, 7.83e-08
2018-08-05, 04:45:51, 0.0, 7.8e-08
2018-08-05, 04:45:53, 0.0, 7.77e-08
2018-08-05, 04:45:56, 0.0, 7.84e-08
2018-08-05, 04:45:58, 0.0, 7.8e-08
2018-08-05, 04:46:00, 0.0, 7.76e-08
2018-08-05, 04:46:02, 0.0, 7.79e-08
2018-08-05, 04:46:04, 0.0, 7.75e-08
2018-08-05, 04:46:06, 0.0, 7.82e-08
2018-08-05, 04:46:08, 0.0, 7.83e-08
2018-08-05, 04:46:11, 0.0, 7.82e-08
2018-08-05, 04:46:13, 0.0, 7.83e-08
2018-08-05, 04:46:15, 0.0, 7.82e-08
2018-08-05, 04:46:17, 0.0, 7.85e-08
2018-08-05, 04:46:19, 0.0, 7.8e-08
2018-08-05, 04:46:21, 0.0, 7.81e-08
2018-08-05, 04:46:23, 0.0, 7.8e-08
2018-08-05, 04:46:25, 0.0, 7.82e-08
2018-08-05, 04:46:28, 0.0, 7.83e-08
2018-08-05, 04:46:30, 0.0, 7.82e-08
2018-08-05, 04:46:32, 0.0, 7.8e-08
2018-08-05, 04:46:34, 0.0, 7.81e-08
2018-08-05, 04:46:36, 0.0, 7.81e-08
2018-08-05, 04:46:38, 0.0, 7.83e-08
2018-08-05, 04:46:40, 0.0, 7.82e-08
2018-08-05, 04:46:42, 0.0, 7.78e-08
2018-08-05, 04:46:45, 0.0, 7.8e-08
2018-08-05, 04:46:47, 0.0, 7.8e-08
2018-08-05, 04:46:49, 0.0, 7.82e-08
2018-08-05, 04:46:51, 0.0, 7.81e-08
2018-08-05, 04:46:53, 0.0, 7.8e-08
2018-08-05, 04:46:55, 0.0, 7.85e-08
2018-08-05, 04:46:57, 0.0, 7.86e-08
2018-08-05, 04:46:59, 0.0, 7.85e-08
2018-08-05, 04:47:02, 0.0, 7.78e-08
2018-08-05, 04:47:04, 0.0, 7.8e-08
2018-08-05, 04:47:06, 0.0, 7.81e-08
2018-08-05, 04:47:08, 0.0, 7.85e-08
2018-08-05, 04:47:10, 0.0, 7.83e-08
2018-08-05, 04:47:12, 0.0, 7.8e-08
2018-08-05, 04:47:14, 0.0, 7.8e-08
2018-08-05, 04:47:16, 0.0, 7.88e-08
2018-08-05, 04:47:19, 0.0, 7.82e-08
2018-08-05, 04:47:21, 0.0, 7.87e-08
2018-08-05, 04:47:23, 0.0, 7.87e-08
2018-08-05, 04:47:25, 0.0, 7.82e-08
2018-08-05, 04:47:27, 0.0, 7.86e-08
2018-08-05, 04:47:29, 0.0, 7.87e-08
2018-08-05, 04:47:31, 0.0, 7.85e-08
2018-08-05, 04:47:33, 0.0, 7.85e-08
2018-08-05, 04:47:36, 0.0, 7.86e-08
2018-08-05, 04:47:38, 0.0, 7.84e-08
2018-08-05, 04:47:40, 0.0, 7.84e-08
2018-08-05, 04:47:42, 0.0, 7.9e-08
2018-08-05, 04:47:44, 0.0, 7.87e-08
2018-08-05, 04:47:46, 0.0, 7.81e-08
2018-08-05, 04:47:48, 0.0, 7.9e-08
2018-08-05, 04:47:51, 0.0, 7.85e-08
2018-08-05, 04:47:53, 0.0, 7.88e-08
2018-08-05, 04:47:55, 0.0, 7.89e-08
2018-08-05, 04:47:57, 0.0, 7.85e-08
2018-08-05, 04:47:59, 0.0, 7.83e-08
2018-08-05, 04:48:01, 0.0, 7.88e-08
2018-08-05, 04:48:03, 0.0, 7.81e-08
2018-08-05, 04:48:05, 0.0, 7.87e-08
2018-08-05, 04:48:08, 0.0, 7.86e-08
2018-08-05, 04:48:10, 0.0, 7.77e-08
2018-08-05, 04:48:12, 0.0, 7.84e-08
2018-08-05, 04:48:14, 0.0, 7.91e-08
2018-08-05, 04:48:16, 0.0, 7.86e-08
2018-08-05, 04:48:18, 0.0, 7.87e-08
2018-08-05, 04:48:20, 0.0, 7.89e-08
2018-08-05, 04:48:22, 0.0, 7.9e-08
2018-08-05, 04:48:25, 0.0, 7.89e-08
2018-08-05, 04:48:27, 0.0, 7.94e-08
2018-08-05, 04:48:29, 0.0, 7.88e-08
2018-08-05, 04:48:31, 0.0, 7.94e-08
2018-08-05, 04:48:33, 0.0, 7.95e-08
2018-08-05, 04:48:35, 0.0, 7.92e-08
2018-08-05, 04:48:37, 0.0, 7.87e-08
2018-08-05, 04:48:39, 0.0, 7.92e-08
2018-08-05, 04:48:42, 0.0, 7.89e-08
2018-08-05, 04:48:44, 0.0, 7.87e-08
2018-08-05, 04:48:46, 0.0, 7.89e-08
2018-08-05, 04:48:48, 0.0, 7.87e-08
2018-08-05, 04:48:50, 0.0, 7.86e-08
2018-08-05, 04:48:52, 0.0, 7.88e-08
2018-08-05, 04:48:54, 0.0, 7.85e-08
2018-08-05, 04:48:56, 0.0, 7.88e-08
2018-08-05, 04:48:59, 0.0, 7.88e-08
2018-08-05, 04:49:01, 0.0, 7.88e-08
2018-08-05, 04:49:03, 0.0, 7.85e-08
2018-08-05, 04:49:05, 0.0, 7.89e-08
2018-08-05, 04:49:07, 0.0, 7.85e-08
2018-08-05, 04:49:09, 0.0, 7.86e-08
2018-08-05, 04:49:11, 0.0, 7.87e-08
2018-08-05, 04:49:13, 0.0, 7.87e-08
2018-08-05, 04:49:16, 0.0, 7.88e-08
2018-08-05, 04:49:18, 0.0, 7.92e-08
2018-08-05, 04:49:20, 0.0, 7.88e-08
2018-08-05, 04:49:22, 0.0, 7.87e-08
2018-08-05, 04:49:24, 0.0, 7.9e-08
2018-08-05, 04:49:26, 0.0, 7.89e-08
2018-08-05, 04:49:28, 0.0, 7.83e-08
2018-08-05, 04:49:30, 0.0, 7.87e-08
2018-08-05, 04:49:33, 0.0, 7.83e-08
2018-08-05, 04:49:35, 0.0, 7.91e-08
2018-08-05, 04:49:37, 0.0, 7.91e-08
2018-08-05, 04:49:39, 0.0, 7.85e-08
2018-08-05, 04:49:41, 0.0, 7.89e-08
2018-08-05, 04:49:43, 0.0, 7.88e-08
2018-08-05, 04:49:45, 0.0, 7.93e-08
2018-08-05, 04:49:47, 0.0, 7.84e-08
2018-08-05, 04:49:50, 0.0, 7.87e-08
2018-08-05, 04:49:52, 0.0, 7.84e-08
2018-08-05, 04:49:54, 0.0, 7.88e-08
2018-08-05, 04:49:56, 0.0, 7.87e-08
2018-08-05, 04:49:58, 0.0, 7.92e-08
2018-08-05, 04:50:00, 0.0, 7.92e-08
2018-08-05, 04:50:02, 0.0, 7.87e-08
2018-08-05, 04:50:04, 0.0, 7.86e-08
2018-08-05, 04:50:07, 0.0, 7.86e-08
2018-08-05, 04:50:09, 0.0, 7.87e-08
2018-08-05, 04:50:11, 0.0, 7.86e-08
2018-08-05, 04:50:13, 0.0, 7.9e-08
2018-08-05, 04:50:15, 0.0, 7.85e-08
2018-08-05, 04:50:17, 0.0, 7.93e-08
2018-08-05, 04:50:19, 0.0, 7.9e-08
2018-08-05, 04:50:21, 0.0, 7.96e-08
2018-08-05, 04:50:24, 0.0, 7.96e-08
2018-08-05, 04:50:26, 0.0, 7.9e-08
2018-08-05, 04:50:28, 0.0, 7.84e-08
2018-08-05, 04:50:30, 0.0, 7.81e-08
2018-08-05, 04:50:32, 0.0, 7.9e-08
2018-08-05, 04:50:34, 0.0, 7.95e-08
2018-08-05, 04:50:36, 0.0, 7.93e-08
2018-08-05, 04:50:38, 0.0, 7.81e-08
2018-08-05, 04:50:41, 0.0, 7.86e-08
2018-08-05, 04:50:43, 0.0, 7.88e-08
2018-08-05, 04:50:45, 0.0, 7.88e-08
2018-08-05, 04:50:47, 0.0, 7.89e-08
2018-08-05, 04:50:49, 0.0, 7.75e-08
2018-08-05, 04:50:51, 0.0, 7.87e-08
2018-08-05, 04:50:53, 0.0, 7.88e-08
2018-08-05, 04:50:55, 0.0, 7.9e-08
2018-08-05, 04:50:57, 0.0, 7.9e-08
2018-08-05, 04:51:00, 0.0, 7.8e-08
2018-08-05, 04:51:02, 0.0, 7.87e-08
2018-08-05, 04:51:04, 0.0, 7.8e-08
2018-08-05, 04:51:06, 0.0, 7.85e-08
2018-08-05, 04:51:08, 0.0, 7.79e-08
2018-08-05, 04:51:10, 0.0, 7.88e-08
2018-08-05, 04:51:12, 0.0, 7.88e-08
2018-08-05, 04:51:14, 0.0, 7.81e-08
2018-08-05, 04:51:17, 0.0, 7.9e-08
2018-08-05, 04:51:19, 0.0, 7.87e-08
2018-08-05, 04:51:21, 0.0, 7.86e-08
2018-08-05, 04:51:23, 0.0, 7.86e-08
2018-08-05, 04:51:25, 0.0, 7.92e-08
2018-08-05, 04:51:27, 0.0, 7.94e-08
2018-08-05, 04:51:29, 0.0, 7.9e-08
2018-08-05, 04:51:31, 0.0, 7.88e-08
2018-08-05, 04:51:34, 0.0, 7.85e-08
2018-08-05, 04:51:36, 0.0, 7.82e-08
2018-08-05, 04:51:38, 0.0, 7.81e-08
2018-08-05, 04:51:40, 0.0, 7.84e-08
2018-08-05, 04:51:42, 0.0, 7.84e-08
2018-08-05, 04:51:44, 0.0, 7.87e-08
2018-08-05, 04:51:46, 0.0, 7.9e-08
2018-08-05, 04:51:49, 0.0, 7.89e-08
2018-08-05, 04:51:51, 0.0, 7.91e-08
2018-08-05, 04:51:53, 0.0, 7.88e-08
2018-08-05, 04:51:55, 0.0, 7.86e-08
2018-08-05, 04:51:57, 0.0, 7.91e-08
2018-08-05, 04:51:59, 0.0, 7.89e-08
2018-08-05, 04:52:01, 0.0, 7.89e-08
2018-08-05, 04:52:03, 0.0, 7.92e-08
2018-08-05, 04:52:06, 0.0, 7.9e-08
2018-08-05, 04:52:08, 0.0, 7.94e-08
2018-08-05, 04:52:10, 0.0, 7.95e-08
2018-08-05, 04:52:12, 0.0, 7.87e-08
2018-08-05, 04:52:14, 0.0, 7.88e-08
2018-08-05, 04:52:16, 0.0, 7.97e-08
2018-08-05, 04:52:18, 0.0, 7.92e-08
2018-08-05, 04:52:20, 0.0, 7.85e-08
2018-08-05, 04:52:23, 0.0, 7.9e-08
2018-08-05, 04:52:25, 0.0, 7.82e-08
2018-08-05, 04:52:27, 0.0, 7.91e-08
2018-08-05, 04:52:29, 0.0, 7.84e-08
2018-08-05, 04:52:31, 0.0, 7.87e-08
2018-08-05, 04:52:33, 0.0, 7.9e-08
2018-08-05, 04:52:35, 0.0, 7.93e-08
2018-08-05, 04:52:37, 0.0, 7.95e-08
2018-08-05, 04:52:39, 0.0, 7.83e-08
2018-08-05, 04:52:42, 0.0, 7.87e-08
2018-08-05, 04:52:44, 0.0, 7.88e-08
2018-08-05, 04:52:46, 0.0, 7.9e-08
2018-08-05, 04:52:48, 0.0, 7.86e-08
2018-08-05, 04:52:50, 0.0, 7.83e-08
2018-08-05, 04:52:52, 0.0, 7.93e-08
2018-08-05, 04:52:54, 0.0, 7.79e-08
2018-08-05, 04:52:57, 0.0, 7.82e-08
2018-08-05, 04:52:59, 0.0, 7.86e-08
2018-08-05, 04:53:01, 0.0, 7.92e-08
2018-08-05, 04:53:03, 0.0, 7.91e-08
2018-08-05, 04:53:05, 0.0, 7.87e-08
2018-08-05, 04:53:07, 0.0, 7.88e-08
2018-08-05, 04:53:09, 0.0, 7.87e-08
2018-08-05, 04:53:11, 0.0, 7.88e-08
2018-08-05, 04:53:14, 0.0, 7.89e-08
2018-08-05, 04:53:16, 0.0, 7.83e-08
2018-08-05, 04:53:18, 0.0, 7.86e-08
2018-08-05, 04:53:20, 0.0, 7.88e-08
2018-08-05, 04:53:22, 0.0, 7.85e-08
2018-08-05, 04:53:24, 0.0, 7.88e-08
2018-08-05, 04:53:26, 0.0, 7.83e-08
2018-08-05, 04:53:28, 0.0, 7.84e-08
2018-08-05, 04:53:31, 0.0, 7.88e-08
2018-08-05, 04:53:33, 0.0, 7.92e-08
2018-08-05, 04:53:35, 0.0, 7.89e-08
2018-08-05, 04:53:37, 0.0, 7.83e-08
2018-08-05, 04:53:39, 0.0, 7.89e-08
2018-08-05, 04:53:41, 0.0, 7.87e-08
2018-08-05, 04:53:43, 0.0, 7.86e-08
2018-08-05, 04:53:45, 0.0, 7.87e-08
2018-08-05, 04:53:48, 0.0, 7.86e-08
2018-08-05, 04:53:50, 0.0, 7.87e-08
2018-08-05, 04:53:52, 0.0, 7.92e-08
2018-08-05, 04:53:54, 0.0, 7.84e-08
2018-08-05, 04:53:56, 0.0, 7.89e-08
2018-08-05, 04:53:58, 0.0, 7.89e-08
2018-08-05, 04:54:00, 0.0, 7.9e-08
2018-08-05, 04:54:02, 0.0, 7.94e-08
2018-08-05, 04:54:05, 0.0, 7.92e-08
2018-08-05, 04:54:07, 0.0, 7.87e-08
2018-08-05, 04:54:09, 0.0, 7.97e-08
2018-08-05, 04:54:11, 0.0, 7.96e-08
2018-08-05, 04:54:13, 0.0, 7.81e-08
2018-08-05, 04:54:15, 0.0, 7.74e-08
2018-08-05, 04:54:17, 0.0, 7.84e-08
2018-08-05, 04:54:19, 0.0, 7.84e-08
2018-08-05, 04:54:22, 0.0, 7.91e-08
2018-08-05, 04:54:24, 0.0, 7.9e-08
2018-08-05, 04:54:26, 0.0, 7.84e-08
2018-08-05, 04:54:28, 0.0, 7.86e-08
2018-08-05, 04:54:30, 0.0, 7.88e-08
2018-08-05, 04:54:32, 0.0, 7.92e-08
2018-08-05, 04:54:34, 0.0, 7.91e-08
2018-08-05, 04:54:36, 0.0, 7.86e-08
2018-08-05, 04:54:39, 0.0, 7.82e-08
2018-08-05, 04:54:41, 0.0, 7.85e-08
2018-08-05, 04:54:43, 0.0, 7.87e-08
2018-08-05, 04:54:45, 0.0, 7.83e-08
2018-08-05, 04:54:47, 0.0, 7.84e-08
2018-08-05, 04:54:49, 0.0, 7.9e-08
2018-08-05, 04:54:51, 0.0, 7.82e-08
2018-08-05, 04:54:53, 0.0, 7.88e-08
2018-08-05, 04:54:56, 0.0, 7.88e-08
2018-08-05, 04:54:58, 0.0, 7.82e-08
2018-08-05, 04:55:00, 0.0, 7.85e-08
2018-08-05, 04:55:02, 0.0, 7.81e-08
2018-08-05, 04:55:04, 0.0, 7.82e-08
2018-08-05, 04:55:06, 0.0, 7.82e-08
2018-08-05, 04:55:08, 0.0, 7.8e-08
2018-08-05, 04:55:10, 0.0, 7.9e-08
2018-08-05, 04:55:13, 0.0, 7.82e-08
2018-08-05, 04:55:15, 0.0, 7.86e-08
2018-08-05, 04:55:17, 0.0, 7.85e-08
2018-08-05, 04:55:19, 0.0, 7.88e-08
2018-08-05, 04:55:21, 0.0, 7.94e-08
2018-08-05, 04:55:23, 0.0, 7.86e-08
2018-08-05, 04:55:25, 0.0, 7.9e-08
2018-08-05, 04:55:27, 0.0, 7.9e-08
2018-08-05, 04:55:30, 0.0, 7.8e-08
2018-08-05, 04:55:32, 0.0, 7.87e-08
2018-08-05, 04:55:34, 0.0, 7.87e-08
2018-08-05, 04:55:36, 0.0, 7.87e-08
2018-08-05, 04:55:38, 0.0, 7.87e-08
2018-08-05, 04:55:40, 0.0, 7.85e-08
2018-08-05, 04:55:42, 0.0, 7.86e-08
2018-08-05, 04:55:44, 0.0, 7.88e-08
2018-08-05, 04:55:47, 0.0, 7.8e-08
2018-08-05, 04:55:49, 0.0, 7.9e-08
2018-08-05, 04:55:51, 0.0, 7.87e-08
2018-08-05, 04:55:53, 0.0, 7.88e-08
2018-08-05, 04:55:55, 0.0, 7.91e-08
2018-08-05, 04:55:57, 0.0, 7.91e-08
2018-08-05, 04:55:59, 0.0, 7.87e-08
2018-08-05, 04:56:01, 0.0, 7.87e-08
2018-08-05, 04:56:04, 0.0, 7.9e-08
2018-08-05, 04:56:06, 0.0, 7.91e-08
2018-08-05, 04:56:08, 0.0, 7.93e-08
2018-08-05, 04:56:10, 0.0, 7.92e-08
2018-08-05, 04:56:12, 0.0, 7.85e-08
2018-08-05, 04:56:14, 0.0, 7.82e-08
2018-08-05, 04:56:16, 0.0, 7.9e-08
2018-08-05, 04:56:18, 0.0, 7.86e-08
2018-08-05, 04:56:21, 0.0, 7.89e-08
2018-08-05, 04:56:23, 0.0, 7.9e-08
2018-08-05, 04:56:25, 0.0, 7.89e-08
2018-08-05, 04:56:27, 0.0, 7.88e-08
2018-08-05, 04:56:29, 0.0, 7.85e-08
2018-08-05, 04:56:31, 0.0, 7.85e-08
2018-08-05, 04:56:33, 0.0, 7.86e-08
2018-08-05, 04:56:35, 0.0, 7.88e-08
2018-08-05, 04:56:38, 0.0, 7.87e-08
2018-08-05, 04:56:40, 0.0, 7.9e-08
2018-08-05, 04:56:42, 0.0, 7.82e-08
2018-08-05, 04:56:44, 0.0, 7.87e-08
2018-08-05, 04:56:46, 0.0, 7.87e-08
2018-08-05, 04:56:48, 0.0, 7.86e-08
2018-08-05, 04:56:50, 0.0, 7.83e-08
2018-08-05, 04:56:52, 0.0, 7.93e-08
2018-08-05, 04:56:55, 0.0, 7.84e-08
2018-08-05, 04:56:57, 0.0, 7.9e-08
2018-08-05, 04:56:59, 0.0, 7.89e-08
2018-08-05, 04:57:01, 0.0, 7.82e-08
2018-08-05, 04:57:03, 0.0, 7.88e-08
2018-08-05, 04:57:05, 0.0, 7.88e-08
2018-08-05, 04:57:07, 0.0, 7.91e-08
2018-08-05, 04:57:10, 0.0, 7.94e-08
2018-08-05, 04:57:12, 0.0, 7.93e-08
2018-08-05, 04:57:14, 0.0, 7.91e-08
2018-08-05, 04:57:16, 0.0, 7.93e-08
2018-08-05, 04:57:18, 0.0, 7.94e-08
2018-08-05, 04:57:20, 0.0, 7.92e-08
2018-08-05, 04:57:22, 0.0, 7.87e-08
2018-08-05, 04:57:24, 0.0, 7.89e-08
2018-08-05, 04:57:27, 0.0, 7.86e-08
2018-08-05, 04:57:29, 0.0, 7.93e-08
2018-08-05, 04:57:31, 0.0, 7.89e-08
2018-08-05, 04:57:33, 0.0, 7.88e-08
2018-08-05, 04:57:35, 0.0, 7.89e-08
2018-08-05, 04:57:37, 0.0, 7.9e-08
2018-08-05, 04:57:39, 0.0, 7.89e-08
2018-08-05, 04:57:41, 0.0, 7.95e-08
2018-08-05, 04:57:44, 0.0, 7.96e-08
2018-08-05, 04:57:46, 0.0, 7.91e-08
2018-08-05, 04:57:48, 0.0, 7.9e-08
2018-08-05, 04:57:50, 0.0, 7.95e-08
2018-08-05, 04:57:52, 0.0, 7.9e-08
2018-08-05, 04:57:54, 0.0, 7.89e-08
2018-08-05, 04:57:56, 0.0, 7.87e-08
2018-08-05, 04:57:58, 0.0, 7.92e-08
2018-08-05, 04:58:01, 0.0, 7.85e-08
2018-08-05, 04:58:03, 0.0, 7.85e-08
2018-08-05, 04:58:05, 0.0, 7.96e-08
2018-08-05, 04:58:07, 0.0, 7.9e-08
2018-08-05, 04:58:09, 0.0, 7.92e-08
2018-08-05, 04:58:11, 0.0, 7.95e-08
2018-08-05, 04:58:13, 0.0, 7.85e-08
2018-08-05, 04:58:15, 0.0, 7.93e-08
2018-08-05, 04:58:18, 0.0, 7.96e-08
2018-08-05, 04:58:20, 0.0, 7.95e-08
2018-08-05, 04:58:22, 0.0, 7.93e-08
2018-08-05, 04:58:24, 0.0, 7.91e-08
2018-08-05, 04:58:26, 0.0, 7.85e-08
2018-08-05, 04:58:28, 0.0, 7.88e-08
2018-08-05, 04:58:30, 0.0, 7.94e-08
2018-08-05, 04:58:32, 0.0, 7.87e-08
2018-08-05, 04:58:35, 0.0, 7.91e-08
2018-08-05, 04:58:37, 0.0, 7.94e-08
2018-08-05, 04:58:39, 0.0, 7.9e-08
2018-08-05, 04:58:41, 0.0, 7.89e-08
2018-08-05, 04:58:43, 0.0, 7.9e-08
2018-08-05, 04:58:45, 0.0, 7.91e-08
2018-08-05, 04:58:47, 0.0, 7.95e-08
2018-08-05, 04:58:49, 0.0, 7.93e-08
2018-08-05, 04:58:52, 0.0, 7.92e-08
2018-08-05, 04:58:54, 0.0, 7.92e-08
2018-08-05, 04:58:56, 0.0, 7.93e-08
2018-08-05, 04:58:58, 0.0, 7.96e-08
2018-08-05, 04:59:00, 0.0, 7.91e-08
2018-08-05, 04:59:02, 0.0, 7.88e-08
2018-08-05, 04:59:04, 0.0, 7.82e-08
2018-08-05, 04:59:06, 0.0, 7.92e-08
2018-08-05, 04:59:09, 0.0, 7.89e-08
2018-08-05, 04:59:11, 0.0, 7.89e-08
2018-08-05, 04:59:13, 0.0, 7.89e-08
2018-08-05, 04:59:15, 0.0, 7.92e-08
2018-08-05, 04:59:17, 0.0, 7.88e-08
2018-08-05, 04:59:19, 0.0, 7.83e-08
2018-08-05, 04:59:21, 0.0, 7.88e-08
2018-08-05, 04:59:23, 0.0, 7.85e-08
2018-08-05, 04:59:26, 0.0, 7.89e-08
2018-08-05, 04:59:28, 0.0, 7.89e-08
2018-08-05, 04:59:30, 0.0, 7.88e-08
2018-08-05, 04:59:32, 0.0, 7.86e-08
2018-08-05, 04:59:34, 0.0, 7.86e-08
2018-08-05, 04:59:36, 0.0, 7.88e-08
2018-08-05, 04:59:38, 0.0, 7.87e-08
2018-08-05, 04:59:40, 0.0, 7.87e-08
2018-08-05, 04:59:43, 0.0, 7.88e-08
2018-08-05, 04:59:45, 0.0, 7.81e-08
2018-08-05, 04:59:47, 0.0, 7.85e-08
2018-08-05, 04:59:49, 0.0, 7.84e-08
2018-08-05, 04:59:51, 0.0, 7.86e-08
2018-08-05, 04:59:53, 0.0, 7.86e-08
2018-08-05, 04:59:55, 0.0, 7.79e-08
2018-08-05, 04:59:57, 0.0, 7.88e-08
2018-08-05, 05:00:00, 0.0, 7.88e-08
2018-08-05, 05:00:02, 0.0, 7.86e-08
2018-08-05, 05:00:04, 0.0, 7.79e-08
2018-08-05, 05:00:06, 0.0, 7.88e-08
2018-08-05, 05:00:08, 0.0, 7.79e-08
2018-08-05, 05:00:10, 0.0, 7.87e-08
2018-08-05, 05:00:12, 0.0, 7.84e-08
2018-08-05, 05:00:15, 0.0, 7.74e-08
2018-08-05, 05:00:17, 0.0, 7.74e-08
2018-08-05, 05:00:19, 0.0, 7.86e-08
2018-08-05, 05:00:21, 0.0, 7.85e-08
2018-08-05, 05:00:23, 0.0, 7.79e-08
2018-08-05, 05:00:25, 0.0, 7.88e-08
2018-08-05, 05:00:27, 0.0, 7.82e-08
2018-08-05, 05:00:29, 0.0, 7.83e-08
2018-08-05, 05:00:32, 0.0, 7.86e-08
2018-08-05, 05:00:34, 0.0, 7.82e-08
2018-08-05, 05:00:36, 0.0, 7.78e-08
2018-08-05, 05:00:38, 0.0, 7.74e-08
2018-08-05, 05:00:40, 0.0, 7.82e-08
2018-08-05, 05:00:42, 0.0, 7.77e-08
2018-08-05, 05:00:44, 0.0, 7.82e-08
2018-08-05, 05:00:46, 0.0, 7.85e-08
2018-08-05, 05:00:49, 0.0, 7.84e-08
2018-08-05, 05:00:51, 0.0, 7.79e-08
2018-08-05, 05:00:53, 0.0, 7.85e-08
2018-08-05, 05:00:55, 0.0, 7.82e-08
2018-08-05, 05:00:57, 0.0, 7.84e-08
2018-08-05, 05:00:59, 0.0, 7.86e-08
2018-08-05, 05:01:01, 0.0, 7.85e-08
2018-08-05, 05:01:03, 0.0, 7.85e-08
2018-08-05, 05:01:06, 0.0, 7.8e-08
2018-08-05, 05:01:08, 0.0, 7.84e-08
2018-08-05, 05:01:10, 0.0, 7.83e-08
2018-08-05, 05:01:12, 0.0, 7.8e-08
2018-08-05, 05:01:14, 0.0, 7.89e-08
2018-08-05, 05:01:16, 0.0, 7.91e-08
2018-08-05, 05:01:18, 0.0, 7.85e-08
2018-08-05, 05:01:20, 0.0, 7.79e-08
2018-08-05, 05:01:23, 0.0, 7.85e-08
2018-08-05, 05:01:25, 0.0, 7.84e-08
2018-08-05, 05:01:27, 0.0, 7.82e-08
2018-08-05, 05:01:29, 0.0, 7.81e-08
2018-08-05, 05:01:31, 0.0, 7.76e-08
2018-08-05, 05:01:33, 0.0, 7.85e-08
2018-08-05, 05:01:35, 0.0, 7.75e-08
2018-08-05, 05:01:37, 0.0, 7.74e-08
2018-08-05, 05:01:40, 0.0, 7.86e-08
2018-08-05, 05:01:42, 0.0, 7.83e-08
2018-08-05, 05:01:44, 0.0, 7.88e-08
2018-08-05, 05:01:46, 0.0, 7.8e-08
2018-08-05, 05:01:48, 0.0, 7.79e-08
2018-08-05, 05:01:50, 0.0, 7.82e-08
2018-08-05, 05:01:52, 0.0, 7.84e-08
2018-08-05, 05:01:55, 0.0, 7.77e-08
2018-08-05, 05:01:57, 0.0, 7.83e-08
2018-08-05, 05:01:59, 0.0, 7.88e-08
2018-08-05, 05:02:01, 0.0, 7.82e-08
2018-08-05, 05:02:03, 0.0, 7.9e-08
2018-08-05, 05:02:05, 0.0, 7.93e-08
2018-08-05, 05:02:07, 0.0, 7.9e-08
2018-08-05, 05:02:09, 0.0, 7.84e-08
2018-08-05, 05:02:12, 0.0, 7.86e-08
2018-08-05, 05:02:14, 0.0, 7.91e-08
2018-08-05, 05:02:16, 0.0, 7.89e-08
2018-08-05, 05:02:18, 0.0, 7.85e-08
2018-08-05, 05:02:20, 0.0, 7.88e-08
2018-08-05, 05:02:22, 0.0, 7.83e-08
2018-08-05, 05:02:24, 0.0, 7.93e-08
2018-08-05, 05:02:26, 0.0, 7.92e-08
2018-08-05, 05:02:29, 0.0, 7.86e-08
2018-08-05, 05:02:31, 0.0, 7.94e-08
2018-08-05, 05:02:33, 0.0, 7.85e-08
2018-08-05, 05:02:35, 0.0, 7.87e-08
2018-08-05, 05:02:37, 0.0, 7.89e-08
2018-08-05, 05:02:39, 0.0, 7.88e-08
2018-08-05, 05:02:41, 0.0, 7.91e-08
2018-08-05, 05:02:43, 0.0, 7.91e-08
2018-08-05, 05:02:46, 0.0, 7.86e-08
2018-08-05, 05:02:48, 0.0, 7.91e-08
2018-08-05, 05:02:50, 0.0, 7.84e-08
2018-08-05, 05:02:52, 0.0, 7.87e-08
2018-08-05, 05:02:54, 0.0, 7.86e-08
2018-08-05, 05:02:56, 0.0, 7.8e-08
2018-08-05, 05:02:58, 0.0, 7.86e-08
2018-08-05, 05:03:00, 0.0, 7.87e-08
2018-08-05, 05:03:02, 0.0, 7.83e-08
2018-08-05, 05:03:05, 0.0, 7.81e-08
2018-08-05, 05:03:07, 0.0, 7.8e-08
2018-08-05, 05:03:09, 0.0, 7.77e-08
2018-08-05, 05:03:11, 0.0, 7.83e-08
2018-08-05, 05:03:13, 0.0, 7.81e-08
2018-08-05, 05:03:15, 0.0, 7.81e-08
2018-08-05, 05:03:17, 0.0, 7.8e-08
2018-08-05, 05:03:20, 0.0, 7.78e-08
2018-08-05, 05:03:22, 0.0, 7.73e-08
2018-08-05, 05:03:24, 0.0, 7.81e-08
2018-08-05, 05:03:26, 0.0, 7.75e-08
2018-08-05, 05:03:28, 0.0, 7.86e-08
2018-08-05, 05:03:30, 0.0, 7.77e-08
2018-08-05, 05:03:32, 0.0, 7.8e-08
2018-08-05, 05:03:34, 0.0, 7.82e-08
2018-08-05, 05:03:37, 0.0, 7.8e-08
2018-08-05, 05:03:39, 0.0, 7.78e-08
2018-08-05, 05:03:41, 0.0, 7.83e-08
2018-08-05, 05:03:43, 0.0, 7.79e-08
2018-08-05, 05:03:45, 0.0, 7.85e-08
2018-08-05, 05:03:47, 0.0, 7.81e-08
2018-08-05, 05:03:49, 0.0, 7.75e-08
2018-08-05, 05:03:51, 0.0, 7.82e-08
2018-08-05, 05:03:54, 0.0, 7.82e-08
2018-08-05, 05:03:56, 0.0, 7.78e-08
2018-08-05, 05:03:58, 0.0, 7.76e-08
2018-08-05, 05:04:00, 0.0, 7.83e-08
2018-08-05, 05:04:02, 0.0, 7.81e-08
2018-08-05, 05:04:04, 0.0, 7.77e-08
2018-08-05, 05:04:06, 0.0, 7.82e-08
2018-08-05, 05:04:08, 0.0, 7.83e-08
2018-08-05, 05:04:11, 0.0, 7.8e-08
2018-08-05, 05:04:13, 0.0, 7.88e-08
2018-08-05, 05:04:15, 0.0, 7.78e-08
2018-08-05, 05:04:17, 0.0, 7.82e-08
2018-08-05, 05:04:19, 0.0, 7.84e-08
2018-08-05, 05:04:21, 0.0, 7.86e-08
2018-08-05, 05:04:23, 0.0, 7.74e-08
2018-08-05, 05:04:26, 0.0, 7.71e-08
2018-08-05, 05:04:28, 0.0, 7.82e-08
2018-08-05, 05:04:30, 0.0, 7.81e-08
2018-08-05, 05:04:32, 0.0, 7.83e-08
2018-08-05, 05:04:34, 0.0, 7.72e-08
2018-08-05, 05:04:36, 0.0, 7.79e-08
2018-08-05, 05:04:38, 0.0, 7.82e-08
2018-08-05, 05:04:40, 0.0, 7.8e-08
2018-08-05, 05:04:43, 0.0, 7.85e-08
2018-08-05, 05:04:45, 0.0, 7.83e-08
2018-08-05, 05:04:47, 0.0, 7.74e-08
2018-08-05, 05:04:49, 0.0, 7.78e-08
2018-08-05, 05:04:51, 0.0, 7.86e-08
2018-08-05, 05:04:53, 0.0, 7.84e-08
2018-08-05, 05:04:55, 0.0, 7.84e-08
2018-08-05, 05:04:57, 0.0, 7.85e-08
2018-08-05, 05:05:00, 0.0, 7.82e-08
2018-08-05, 05:05:02, 0.0, 7.84e-08
2018-08-05, 05:05:04, 0.0, 7.8e-08
2018-08-05, 05:05:06, 0.0, 7.84e-08
2018-08-05, 05:05:08, 0.0, 7.78e-08
2018-08-05, 05:05:10, 0.0, 7.81e-08
2018-08-05, 05:05:12, 0.0, 7.81e-08
2018-08-05, 05:05:14, 0.0, 7.85e-08
2018-08-05, 05:05:17, 0.0, 7.8e-08
2018-08-05, 05:05:19, 0.0, 7.83e-08
2018-08-05, 05:05:21, 0.0, 7.79e-08
2018-08-05, 05:05:23, 0.0, 7.8e-08
2018-08-05, 05:05:25, 0.0, 7.78e-08
2018-08-05, 05:05:27, 0.0, 7.76e-08
2018-08-05, 05:05:29, 0.0, 7.84e-08
2018-08-05, 05:05:31, 0.0, 7.79e-08
2018-08-05, 05:05:34, 0.0, 7.78e-08
2018-08-05, 05:05:36, 0.0, 7.83e-08
2018-08-05, 05:05:38, 0.0, 7.8e-08
2018-08-05, 05:05:40, 0.0, 7.81e-08
2018-08-05, 05:05:42, 0.0, 7.82e-08
2018-08-05, 05:05:44, 0.0, 7.83e-08
2018-08-05, 05:05:46, 0.0, 7.79e-08
2018-08-05, 05:05:49, 0.0, 7.78e-08
2018-08-05, 05:05:51, 0.0, 7.86e-08
2018-08-05, 05:05:53, 0.0, 7.8e-08
2018-08-05, 05:05:55, 0.0, 7.88e-08
2018-08-05, 05:05:57, 0.0, 7.81e-08
2018-08-05, 05:05:59, 0.0, 7.85e-08
2018-08-05, 05:06:01, 0.0, 7.88e-08
2018-08-05, 05:06:03, 0.0, 7.74e-08
2018-08-05, 05:06:06, 0.0, 7.74e-08
2018-08-05, 05:06:08, 0.0, 7.76e-08
2018-08-05, 05:06:10, 0.0, 7.86e-08
2018-08-05, 05:06:12, 0.0, 7.78e-08
2018-08-05, 05:06:14, 0.0, 7.79e-08
2018-08-05, 05:06:16, 0.0, 7.83e-08
2018-08-05, 05:06:18, 0.0, 7.8e-08
2018-08-05, 05:06:20, 0.0, 7.8e-08
2018-08-05, 05:06:23, 0.0, 7.81e-08
2018-08-05, 05:06:25, 0.0, 7.78e-08
2018-08-05, 05:06:27, 0.0, 7.83e-08
2018-08-05, 05:06:29, 0.0, 7.82e-08
2018-08-05, 05:06:31, 0.0, 7.82e-08
2018-08-05, 05:06:33, 0.0, 7.84e-08
2018-08-05, 05:06:35, 0.0, 7.76e-08
2018-08-05, 05:06:37, 0.0, 7.83e-08
2018-08-05, 05:06:40, 0.0, 7.76e-08
2018-08-05, 05:06:42, 0.0, 7.75e-08
2018-08-05, 05:06:44, 0.0, 7.83e-08
2018-08-05, 05:06:46, 0.0, 7.81e-08
2018-08-05, 05:06:48, 0.0, 7.82e-08
2018-08-05, 05:06:50, 0.0, 7.71e-08
2018-08-05, 05:06:52, 0.0, 7.84e-08
2018-08-05, 05:06:54, 0.0, 7.87e-08
2018-08-05, 05:06:57, 0.0, 7.87e-08
2018-08-05, 05:06:59, 0.0, 7.85e-08
2018-08-05, 05:07:01, 0.0, 7.76e-08
2018-08-05, 05:07:03, 0.0, 7.73e-08
2018-08-05, 05:07:05, 0.0, 7.81e-08
2018-08-05, 05:07:07, 0.0, 7.85e-08
2018-08-05, 05:07:09, 0.0, 7.86e-08
2018-08-05, 05:07:11, 0.0, 7.83e-08
2018-08-05, 05:07:14, 0.0, 7.79e-08
2018-08-05, 05:07:16, 0.0, 7.76e-08
2018-08-05, 05:07:18, 0.0, 7.9e-08
2018-08-05, 05:07:20, 0.0, 7.8e-08
2018-08-05, 05:07:22, 0.0, 7.79e-08
2018-08-05, 05:07:24, 0.0, 7.82e-08
2018-08-05, 05:07:26, 0.0, 7.8e-08
2018-08-05, 05:07:28, 0.0, 7.85e-08
2018-08-05, 05:07:31, 0.0, 7.79e-08
2018-08-05, 05:07:33, 0.0, 7.81e-08
2018-08-05, 05:07:35, 0.0, 7.86e-08
2018-08-05, 05:07:37, 0.0, 7.85e-08
2018-08-05, 05:07:39, 0.0, 7.74e-08
2018-08-05, 05:07:41, 0.0, 7.79e-08
2018-08-05, 05:07:43, 0.0, 7.78e-08
2018-08-05, 05:07:45, 0.0, 7.78e-08
2018-08-05, 05:07:48, 0.0, 7.77e-08
2018-08-05, 05:07:50, 0.0, 7.82e-08
2018-08-05, 05:07:52, 0.0, 7.79e-08
2018-08-05, 05:07:54, 0.0, 7.74e-08
2018-08-05, 05:07:56, 0.0, 7.86e-08
2018-08-05, 05:07:58, 0.0, 7.8e-08
2018-08-05, 05:08:00, 0.0, 7.77e-08
2018-08-05, 05:08:02, 0.0, 7.81e-08
2018-08-05, 05:08:05, 0.0, 7.84e-08
2018-08-05, 05:08:07, 0.0, 7.85e-08
2018-08-05, 05:08:09, 0.0, 7.87e-08
2018-08-05, 05:08:11, 0.0, 7.72e-08
2018-08-05, 05:08:13, 0.0, 7.85e-08
2018-08-05, 05:08:15, 0.0, 7.79e-08
2018-08-05, 05:08:17, 0.0, 7.83e-08
2018-08-05, 05:08:19, 0.0, 7.81e-08
2018-08-05, 05:08:22, 0.0, 7.85e-08
2018-08-05, 05:08:24, 0.0, 7.78e-08
2018-08-05, 05:08:26, 0.0, 7.79e-08
2018-08-05, 05:08:28, 0.0, 7.81e-08
2018-08-05, 05:08:30, 0.0, 7.8e-08
2018-08-05, 05:08:32, 0.0, 7.82e-08
2018-08-05, 05:08:34, 0.0, 7.87e-08
2018-08-05, 05:08:36, 0.0, 7.78e-08
2018-08-05, 05:08:39, 0.0, 7.75e-08
2018-08-05, 05:08:41, 0.0, 7.78e-08
2018-08-05, 05:08:43, 0.0, 7.77e-08
2018-08-05, 05:08:45, 0.0, 7.8e-08
2018-08-05, 05:08:47, 0.0, 7.74e-08
2018-08-05, 05:08:49, 0.0, 7.81e-08
2018-08-05, 05:08:51, 0.0, 7.78e-08
2018-08-05, 05:08:53, 0.0, 7.8e-08
2018-08-05, 05:08:56, 0.0, 7.86e-08
2018-08-05, 05:08:58, 0.0, 7.79e-08
2018-08-05, 05:09:00, 0.0, 7.79e-08
2018-08-05, 05:09:02, 0.0, 7.88e-08
2018-08-05, 05:09:04, 0.0, 7.85e-08
2018-08-05, 05:09:06, 0.0, 7.9e-08
2018-08-05, 05:09:08, 0.0, 7.84e-08
2018-08-05, 05:09:10, 0.0, 7.83e-08
2018-08-05, 05:09:13, 0.0, 7.76e-08
2018-08-05, 05:09:15, 0.0, 7.78e-08
2018-08-05, 05:09:17, 0.0, 7.9e-08
2018-08-05, 05:09:19, 0.0, 7.85e-08
2018-08-05, 05:09:21, 0.0, 7.89e-08
2018-08-05, 05:09:23, 0.0, 7.85e-08
2018-08-05, 05:09:25, 0.0, 7.88e-08
2018-08-05, 05:09:27, 0.0, 7.86e-08
2018-08-05, 05:09:30, 0.0, 7.88e-08
2018-08-05, 05:09:32, 0.0, 7.89e-08
2018-08-05, 05:09:34, 0.0, 7.87e-08
2018-08-05, 05:09:36, 0.0, 7.84e-08
2018-08-05, 05:09:38, 0.0, 7.83e-08
2018-08-05, 05:09:40, 0.0, 7.81e-08
2018-08-05, 05:09:42, 0.0, 7.85e-08
2018-08-05, 05:09:45, 0.0, 7.76e-08
2018-08-05, 05:09:47, 0.0, 7.84e-08
2018-08-05, 05:09:49, 0.0, 7.87e-08
2018-08-05, 05:09:51, 0.0, 7.77e-08
2018-08-05, 05:09:53, 0.0, 7.85e-08
2018-08-05, 05:09:55, 0.0, 7.77e-08
2018-08-05, 05:09:57, 0.0, 7.77e-08
2018-08-05, 05:09:59, 0.0, 7.8e-08
2018-08-05, 05:10:02, 0.0, 7.83e-08
2018-08-05, 05:10:04, 0.0, 7.86e-08
2018-08-05, 05:10:06, 0.0, 7.82e-08
2018-08-05, 05:10:08, 0.0, 7.83e-08
2018-08-05, 05:10:10, 0.0, 7.84e-08
2018-08-05, 05:10:12, 0.0, 7.84e-08
2018-08-05, 05:10:14, 0.0, 7.91e-08
2018-08-05, 05:10:16, 0.0, 7.83e-08
2018-08-05, 05:10:19, 0.0, 7.84e-08
2018-08-05, 05:10:21, 0.0, 7.89e-08
2018-08-05, 05:10:23, 0.0, 7.86e-08
2018-08-05, 05:10:25, 0.0, 7.88e-08
2018-08-05, 05:10:27, 0.0, 7.82e-08
2018-08-05, 05:10:29, 0.0, 7.82e-08
2018-08-05, 05:10:31, 0.0, 7.9e-08
2018-08-05, 05:10:33, 0.0, 7.78e-08
2018-08-05, 05:10:36, 0.0, 7.74e-08
2018-08-05, 05:10:38, 0.0, 7.77e-08
2018-08-05, 05:10:40, 0.0, 7.8e-08
2018-08-05, 05:10:42, 0.0, 7.79e-08
2018-08-05, 05:10:44, 0.0, 7.75e-08
2018-08-05, 05:10:46, 0.0, 7.84e-08
2018-08-05, 05:10:48, 0.0, 7.83e-08
2018-08-05, 05:10:50, 0.0, 7.78e-08
2018-08-05, 05:10:53, 0.0, 7.87e-08
2018-08-05, 05:10:55, 0.0, 7.82e-08
2018-08-05, 05:10:57, 0.0, 7.81e-08
2018-08-05, 05:10:59, 0.0, 7.83e-08
2018-08-05, 05:11:01, 0.0, 7.87e-08
2018-08-05, 05:11:03, 0.0, 7.83e-08
2018-08-05, 05:11:05, 0.0, 7.83e-08
2018-08-05, 05:11:07, 0.0, 7.78e-08
2018-08-05, 05:11:10, 0.0, 7.79e-08
2018-08-05, 05:11:12, 0.0, 7.8e-08
2018-08-05, 05:11:14, 0.0, 7.81e-08
2018-08-05, 05:11:16, 0.0, 7.84e-08
2018-08-05, 05:11:18, 0.0, 7.84e-08
2018-08-05, 05:11:20, 0.0, 7.77e-08
2018-08-05, 05:11:22, 0.0, 7.75e-08
2018-08-05, 05:11:25, 0.0, 7.77e-08
2018-08-05, 05:11:27, 0.0, 7.82e-08
2018-08-05, 05:11:29, 0.0, 7.83e-08
2018-08-05, 05:11:31, 0.0, 7.81e-08
2018-08-05, 05:11:33, 0.0, 7.83e-08
2018-08-05, 05:11:35, 0.0, 7.86e-08
2018-08-05, 05:11:37, 0.0, 7.82e-08
2018-08-05, 05:11:39, 0.0, 7.9e-08
2018-08-05, 05:11:42, 0.0, 7.86e-08
2018-08-05, 05:11:44, 0.0, 7.8e-08
2018-08-05, 05:11:46, 0.0, 7.75e-08
2018-08-05, 05:11:48, 0.0, 7.82e-08
2018-08-05, 05:11:50, 0.0, 7.82e-08
2018-08-05, 05:11:52, 0.0, 7.78e-08
2018-08-05, 05:11:54, 0.0, 7.76e-08
2018-08-05, 05:11:56, 0.0, 7.81e-08
2018-08-05, 05:11:59, 0.0, 7.83e-08
2018-08-05, 05:12:01, 0.0, 7.81e-08
2018-08-05, 05:12:03, 0.0, 7.79e-08
2018-08-05, 05:12:05, 0.0, 7.8e-08
2018-08-05, 05:12:07, 0.0, 7.85e-08
2018-08-05, 05:12:09, 0.0, 7.79e-08
2018-08-05, 05:12:11, 0.0, 7.77e-08
2018-08-05, 05:12:13, 0.0, 7.78e-08
2018-08-05, 05:12:16, 0.0, 7.78e-08
2018-08-05, 05:12:18, 0.0, 7.86e-08
2018-08-05, 05:12:20, 0.0, 7.78e-08
2018-08-05, 05:12:22, 0.0, 7.8e-08
2018-08-05, 05:12:24, 0.0, 7.79e-08
2018-08-05, 05:12:26, 0.0, 7.85e-08
2018-08-05, 05:12:28, 0.0, 7.84e-08
2018-08-05, 05:12:30, 0.0, 7.85e-08
2018-08-05, 05:12:33, 0.0, 7.79e-08
2018-08-05, 05:12:35, 0.0, 7.87e-08
2018-08-05, 05:12:37, 0.0, 7.81e-08
2018-08-05, 05:12:39, 0.0, 7.84e-08
2018-08-05, 05:12:41, 0.0, 7.78e-08
2018-08-05, 05:12:43, 0.0, 7.81e-08
2018-08-05, 05:12:45, 0.0, 7.77e-08
2018-08-05, 05:12:47, 0.0, 7.82e-08
2018-08-05, 05:12:50, 0.0, 7.77e-08
2018-08-05, 05:12:52, 0.0, 7.81e-08
2018-08-05, 05:12:54, 0.0, 7.78e-08
2018-08-05, 05:12:56, 0.0, 7.87e-08
2018-08-05, 05:12:58, 0.0, 7.86e-08
2018-08-05, 05:13:00, 0.0, 7.86e-08
2018-08-05, 05:13:02, 0.0, 7.87e-08
2018-08-05, 05:13:04, 0.0, 7.87e-08
2018-08-05, 05:13:07, 0.0, 7.82e-08
2018-08-05, 05:13:09, 0.0, 7.84e-08
2018-08-05, 05:13:11, 0.0, 7.82e-08
2018-08-05, 05:13:13, 0.0, 7.81e-08
2018-08-05, 05:13:15, 0.0, 7.84e-08
2018-08-05, 05:13:17, 0.0, 7.81e-08
2018-08-05, 05:13:19, 0.0, 7.79e-08
2018-08-05, 05:13:21, 0.0, 7.84e-08
2018-08-05, 05:13:24, 0.0, 7.86e-08
2018-08-05, 05:13:26, 0.0, 7.9e-08
2018-08-05, 05:13:28, 0.0, 7.85e-08
2018-08-05, 05:13:30, 0.0, 7.84e-08
2018-08-05, 05:13:32, 0.0, 7.78e-08
2018-08-05, 05:13:34, 0.0, 7.83e-08
2018-08-05, 05:13:36, 0.0, 7.8e-08
2018-08-05, 05:13:38, 0.0, 7.72e-08
2018-08-05, 05:13:41, 0.0, 7.81e-08
2018-08-05, 05:13:43, 0.0, 7.76e-08
2018-08-05, 05:13:45, 0.0, 7.79e-08
2018-08-05, 05:13:47, 0.0, 7.86e-08
2018-08-05, 05:13:49, 0.0, 7.8e-08
2018-08-05, 05:13:51, 0.0, 7.77e-08
2018-08-05, 05:13:53, 0.0, 7.82e-08
2018-08-05, 05:13:55, 0.0, 7.8e-08
2018-08-05, 05:13:58, 0.0, 7.81e-08
2018-08-05, 05:14:00, 0.0, 7.84e-08
2018-08-05, 05:14:02, 0.0, 7.81e-08
2018-08-05, 05:14:04, 0.0, 7.83e-08
2018-08-05, 05:14:06, 0.0, 7.84e-08
2018-08-05, 05:14:08, 0.0, 7.87e-08
2018-08-05, 05:14:10, 0.0, 7.88e-08
2018-08-05, 05:14:12, 0.0, 7.85e-08
2018-08-05, 05:14:15, 0.0, 7.82e-08
2018-08-05, 05:14:17, 0.0, 7.89e-08
2018-08-05, 05:14:19, 0.0, 7.81e-08
2018-08-05, 05:14:21, 0.0, 7.78e-08
2018-08-05, 05:14:23, 0.0, 7.84e-08
2018-08-05, 05:14:25, 0.0, 7.84e-08
2018-08-05, 05:14:27, 0.0, 7.86e-08
2018-08-05, 05:14:29, 0.0, 7.84e-08
2018-08-05, 05:14:32, 0.0, 7.78e-08
2018-08-05, 05:14:34, 0.0, 7.84e-08
2018-08-05, 05:14:36, 0.0, 7.73e-08
2018-08-05, 05:14:38, 0.0, 7.78e-08
2018-08-05, 05:14:40, 0.0, 7.81e-08
2018-08-05, 05:14:42, 0.0, 7.87e-08
2018-08-05, 05:14:44, 0.0, 7.83e-08
2018-08-05, 05:14:46, 0.0, 7.79e-08
2018-08-05, 05:14:49, 0.0, 7.84e-08
2018-08-05, 05:14:51, 0.0, 7.74e-08
2018-08-05, 05:14:53, 0.0, 7.78e-08
2018-08-05, 05:14:55, 0.0, 7.82e-08
2018-08-05, 05:14:57, 0.0, 7.8e-08
2018-08-05, 05:14:59, 0.0, 7.78e-08
2018-08-05, 05:15:01, 0.0, 7.82e-08
2018-08-05, 05:15:04, 0.0, 7.82e-08
2018-08-05, 05:15:06, 0.0, 7.75e-08
2018-08-05, 05:15:08, 0.0, 7.84e-08
2018-08-05, 05:15:10, 0.0, 7.81e-08
2018-08-05, 05:15:12, 0.0, 7.78e-08
2018-08-05, 05:15:14, 0.0, 7.84e-08
2018-08-05, 05:15:16, 0.0, 7.78e-08
2018-08-05, 05:15:18, 0.0, 7.77e-08
2018-08-05, 05:15:21, 0.0, 7.81e-08
2018-08-05, 05:15:23, 0.0, 7.82e-08
2018-08-05, 05:15:25, 0.0, 7.82e-08
2018-08-05, 05:15:27, 0.0, 7.83e-08
2018-08-05, 05:15:29, 0.0, 7.76e-08
2018-08-05, 05:15:31, 0.0, 7.79e-08
2018-08-05, 05:15:33, 0.0, 7.84e-08
2018-08-05, 05:15:35, 0.0, 7.75e-08
2018-08-05, 05:15:38, 0.0, 7.85e-08
2018-08-05, 05:15:40, 0.0, 7.78e-08
2018-08-05, 05:15:42, 0.0, 7.85e-08
2018-08-05, 05:15:44, 0.0, 7.88e-08
2018-08-05, 05:15:46, 0.0, 7.78e-08
2018-08-05, 05:15:48, 0.0, 7.77e-08
2018-08-05, 05:15:50, 0.0, 7.79e-08
2018-08-05, 05:15:52, 0.0, 7.8e-08
2018-08-05, 05:15:55, 0.0, 7.81e-08
2018-08-05, 05:15:57, 0.0, 7.85e-08
2018-08-05, 05:15:59, 0.0, 7.83e-08
2018-08-05, 05:16:01, 0.0, 7.87e-08
2018-08-05, 05:16:03, 0.0, 7.84e-08
2018-08-05, 05:16:05, 0.0, 7.79e-08
2018-08-05, 05:16:07, 0.0, 7.81e-08
2018-08-05, 05:16:10, 0.0, 7.77e-08
2018-08-05, 05:16:12, 0.0, 7.77e-08
2018-08-05, 05:16:14, 0.0, 7.77e-08
2018-08-05, 05:16:16, 0.0, 7.82e-08
2018-08-05, 05:16:18, 0.0, 7.76e-08
2018-08-05, 05:16:20, 0.0, 7.86e-08
2018-08-05, 05:16:22, 0.0, 7.84e-08
2018-08-05, 05:16:24, 0.0, 7.77e-08
2018-08-05, 05:16:27, 0.0, 7.8e-08
2018-08-05, 05:16:29, 0.0, 7.84e-08
2018-08-05, 05:16:31, 0.0, 7.83e-08
2018-08-05, 05:16:33, 0.0, 7.82e-08
2018-08-05, 05:16:35, 0.0, 7.83e-08
2018-08-05, 05:16:37, 0.0, 7.81e-08
2018-08-05, 05:16:39, 0.0, 7.86e-08
2018-08-05, 05:16:41, 0.0, 7.83e-08
2018-08-05, 05:16:44, 0.0, 7.8e-08
2018-08-05, 05:16:46, 0.0, 7.83e-08
2018-08-05, 05:16:48, 0.0, 7.79e-08
2018-08-05, 05:16:50, 0.0, 7.84e-08
2018-08-05, 05:16:52, 0.0, 7.85e-08
2018-08-05, 05:16:54, 0.0, 7.8e-08
2018-08-05, 05:16:56, 0.0, 7.77e-08
2018-08-05, 05:16:58, 0.0, 7.83e-08
2018-08-05, 05:17:01, 0.0, 7.81e-08
2018-08-05, 05:17:03, 0.0, 7.81e-08
2018-08-05, 05:17:05, 0.0, 7.76e-08
2018-08-05, 05:17:07, 0.0, 7.83e-08
2018-08-05, 05:17:09, 0.0, 7.79e-08
2018-08-05, 05:17:11, 0.0, 7.79e-08
2018-08-05, 05:17:13, 0.0, 7.8e-08
2018-08-05, 05:17:15, 0.0, 7.81e-08
2018-08-05, 05:17:18, 0.0, 7.81e-08
2018-08-05, 05:17:20, 0.0, 7.8e-08
2018-08-05, 05:17:22, 0.0, 7.78e-08
2018-08-05, 05:17:24, 0.0, 7.82e-08
2018-08-05, 05:17:26, 0.0, 7.78e-08
2018-08-05, 05:17:28, 0.0, 7.84e-08
2018-08-05, 05:17:30, 0.0, 7.86e-08
2018-08-05, 05:17:32, 0.0, 7.88e-08
2018-08-05, 05:17:35, 0.0, 7.9e-08
2018-08-05, 05:17:37, 0.0, 7.91e-08
2018-08-05, 05:17:39, 0.0, 7.82e-08
2018-08-05, 05:17:41, 0.0, 7.83e-08
2018-08-05, 05:17:43, 0.0, 7.83e-08
2018-08-05, 05:17:45, 0.0, 7.82e-08
2018-08-05, 05:17:47, 0.0, 7.83e-08
2018-08-05, 05:17:49, 0.0, 7.78e-08
2018-08-05, 05:17:52, 0.0, 7.83e-08
2018-08-05, 05:17:54, 0.0, 7.88e-08
2018-08-05, 05:17:56, 0.0, 7.87e-08
2018-08-05, 05:17:58, 0.0, 7.82e-08
2018-08-05, 05:18:00, 0.0, 7.88e-08
2018-08-05, 05:18:02, 0.0, 7.85e-08
2018-08-05, 05:18:04, 0.0, 7.87e-08
2018-08-05, 05:18:06, 0.0, 7.81e-08
2018-08-05, 05:18:09, 0.0, 7.86e-08
2018-08-05, 05:18:11, 0.0, 7.93e-08
2018-08-05, 05:18:13, 0.0, 7.87e-08
2018-08-05, 05:18:15, 0.0, 7.89e-08
2018-08-05, 05:18:17, 0.0, 7.86e-08
2018-08-05, 05:18:19, 0.0, 7.88e-08
2018-08-05, 05:18:21, 0.0, 7.85e-08
2018-08-05, 05:18:23, 0.0, 7.8e-08
2018-08-05, 05:18:26, 0.0, 7.74e-08
2018-08-05, 05:18:28, 0.0, 7.75e-08
2018-08-05, 05:18:30, 0.0, 7.88e-08
2018-08-05, 05:18:32, 0.0, 7.83e-08
2018-08-05, 05:18:34, 0.0, 7.83e-08
2018-08-05, 05:18:36, 0.0, 7.79e-08
2018-08-05, 05:18:38, 0.0, 7.85e-08
2018-08-05, 05:18:40, 0.0, 7.85e-08
2018-08-05, 05:18:43, 0.0, 7.89e-08
2018-08-05, 05:18:45, 0.0, 7.88e-08
2018-08-05, 05:18:47, 0.0, 7.77e-08
2018-08-05, 05:18:49, 0.0, 7.78e-08
2018-08-05, 05:18:51, 0.0, 7.8e-08
2018-08-05, 05:18:53, 0.0, 7.8e-08
2018-08-05, 05:18:55, 0.0, 7.83e-08
2018-08-05, 05:18:57, 0.0, 7.79e-08
2018-08-05, 05:19:00, 0.0, 7.79e-08
2018-08-05, 05:19:02, 0.0, 7.84e-08
2018-08-05, 05:19:04, 0.0, 7.81e-08
2018-08-05, 05:19:06, 0.0, 7.88e-08
2018-08-05, 05:19:08, 0.0, 7.78e-08
2018-08-05, 05:19:10, 0.0, 7.85e-08
2018-08-05, 05:19:12, 0.0, 7.8e-08
2018-08-05, 05:19:15, 0.0, 7.76e-08
2018-08-05, 05:19:17, 0.0, 7.77e-08
2018-08-05, 05:19:19, 0.0, 7.76e-08
2018-08-05, 05:19:21, 0.0, 7.81e-08
2018-08-05, 05:19:23, 0.0, 7.77e-08
2018-08-05, 05:19:25, 0.0, 7.81e-08
2018-08-05, 05:19:27, 0.0, 7.83e-08
2018-08-05, 05:19:29, 0.0, 7.81e-08
2018-08-05, 05:19:32, 0.0, 7.79e-08
2018-08-05, 05:19:34, 0.0, 7.81e-08
2018-08-05, 05:19:36, 0.0, 7.8e-08
2018-08-05, 05:19:38, 0.0, 7.82e-08
2018-08-05, 05:19:40, 0.0, 7.81e-08
2018-08-05, 05:19:42, 0.0, 7.9e-08
2018-08-05, 05:19:44, 0.0, 7.85e-08
2018-08-05, 05:19:46, 0.0, 7.86e-08
2018-08-05, 05:19:49, 0.0, 7.8e-08
2018-08-05, 05:19:51, 0.0, 7.88e-08
2018-08-05, 05:19:53, 0.0, 7.86e-08
2018-08-05, 05:19:55, 0.0, 7.76e-08
2018-08-05, 05:19:57, 0.0, 7.88e-08
2018-08-05, 05:19:59, 0.0, 7.86e-08
2018-08-05, 05:20:01, 0.0, 7.85e-08
2018-08-05, 05:20:03, 0.0, 7.85e-08
2018-08-05, 05:20:06, 0.0, 7.86e-08
2018-08-05, 05:20:08, 0.0, 7.82e-08
2018-08-05, 05:20:10, 0.0, 7.83e-08
2018-08-05, 05:20:12, 0.0, 7.8e-08
2018-08-05, 05:20:14, 0.0, 7.89e-08
2018-08-05, 05:20:16, 0.0, 7.81e-08
2018-08-05, 05:20:18, 0.0, 7.83e-08
2018-08-05, 05:20:20, 0.0, 7.82e-08
2018-08-05, 05:20:23, 0.0, 7.79e-08
2018-08-05, 05:20:25, 0.0, 7.84e-08
2018-08-05, 05:20:27, 0.0, 7.79e-08
2018-08-05, 05:20:29, 0.0, 7.78e-08
2018-08-05, 05:20:31, 0.0, 7.83e-08
2018-08-05, 05:20:33, 0.0, 7.84e-08
2018-08-05, 05:20:35, 0.0, 7.89e-08
2018-08-05, 05:20:37, 0.0, 7.8e-08
2018-08-05, 05:20:40, 0.0, 7.84e-08
2018-08-05, 05:20:42, 0.0, 7.82e-08
2018-08-05, 05:20:44, 0.0, 7.76e-08
2018-08-05, 05:20:46, 0.0, 7.78e-08
2018-08-05, 05:20:48, 0.0, 7.81e-08
2018-08-05, 05:20:50, 0.0, 7.81e-08
2018-08-05, 05:20:52, 0.0, 7.82e-08
2018-08-05, 05:20:55, 0.0, 7.82e-08
2018-08-05, 05:20:57, 0.0, 7.81e-08
2018-08-05, 05:20:59, 0.0, 7.8e-08
2018-08-05, 05:21:01, 0.0, 7.78e-08
2018-08-05, 05:21:03, 0.0, 7.77e-08
2018-08-05, 05:21:05, 0.0, 7.81e-08
2018-08-05, 05:21:07, 0.0, 7.82e-08
2018-08-05, 05:21:09, 0.0, 7.88e-08
2018-08-05, 05:21:12, 0.0, 7.69e-08
2018-08-05, 05:21:14, 0.0, 7.82e-08
2018-08-05, 05:21:16, 0.0, 7.87e-08
2018-08-05, 05:21:18, 0.0, 7.84e-08
2018-08-05, 05:21:20, 0.0, 7.85e-08
2018-08-05, 05:21:22, 0.0, 7.85e-08
2018-08-05, 05:21:24, 0.0, 7.83e-08
2018-08-05, 05:21:26, 0.0, 7.83e-08
2018-08-05, 05:21:29, 0.0, 7.86e-08
2018-08-05, 05:21:31, 0.0, 7.86e-08
2018-08-05, 05:21:33, 0.0, 7.83e-08
2018-08-05, 05:21:35, 0.0, 7.86e-08
2018-08-05, 05:21:37, 0.0, 7.77e-08
2018-08-05, 05:21:39, 0.0, 7.77e-08
2018-08-05, 05:21:41, 0.0, 7.83e-08
2018-08-05, 05:21:43, 0.0, 7.8e-08
2018-08-05, 05:21:46, 0.0, 7.83e-08
2018-08-05, 05:21:48, 0.0, 7.84e-08
2018-08-05, 05:21:50, 0.0, 7.82e-08
2018-08-05, 05:21:52, 0.0, 7.77e-08
2018-08-05, 05:21:54, 0.0, 7.81e-08
2018-08-05, 05:21:56, 0.0, 7.75e-08
2018-08-05, 05:21:58, 0.0, 7.87e-08
2018-08-05, 05:22:00, 0.0, 7.86e-08
2018-08-05, 05:22:03, 0.0, 7.89e-08
2018-08-05, 05:22:05, 0.0, 7.87e-08
2018-08-05, 05:22:07, 0.0, 7.85e-08
2018-08-05, 05:22:09, 0.0, 7.82e-08
2018-08-05, 05:22:11, 0.0, 7.88e-08
2018-08-05, 05:22:13, 0.0, 7.8e-08
2018-08-05, 05:22:15, 0.0, 7.84e-08
2018-08-05, 05:22:17, 0.0, 7.83e-08
2018-08-05, 05:22:20, 0.0, 7.8e-08
2018-08-05, 05:22:22, 0.0, 7.85e-08
2018-08-05, 05:22:24, 0.0, 7.86e-08
2018-08-05, 05:22:26, 0.0, 7.77e-08
2018-08-05, 05:22:28, 0.0, 7.84e-08
2018-08-05, 05:22:30, 0.0, 7.82e-08
2018-08-05, 05:22:32, 0.0, 7.83e-08
2018-08-05, 05:22:34, 0.0, 7.79e-08
2018-08-05, 05:22:37, 0.0, 7.82e-08
2018-08-05, 05:22:39, 0.0, 7.8e-08
2018-08-05, 05:22:41, 0.0, 7.74e-08
2018-08-05, 05:22:43, 0.0, 7.85e-08
2018-08-05, 05:22:45, 0.0, 7.8e-08
2018-08-05, 05:22:47, 0.0, 7.79e-08
2018-08-05, 05:22:49, 0.0, 7.74e-08
2018-08-05, 05:22:52, 0.0, 7.88e-08
2018-08-05, 05:22:54, 0.0, 7.79e-08
2018-08-05, 05:22:56, 0.0, 7.85e-08
2018-08-05, 05:22:58, 0.0, 7.79e-08
2018-08-05, 05:23:00, 0.0, 7.8e-08
2018-08-05, 05:23:02, 0.0, 7.82e-08
2018-08-05, 05:23:04, 0.0, 7.76e-08
2018-08-05, 05:23:06, 0.0, 7.81e-08
2018-08-05, 05:23:09, 0.0, 7.88e-08
2018-08-05, 05:23:11, 0.0, 7.81e-08
2018-08-05, 05:23:13, 0.0, 7.78e-08
2018-08-05, 05:23:15, 0.0, 7.81e-08
2018-08-05, 05:23:17, 0.0, 7.77e-08
2018-08-05, 05:23:19, 0.0, 7.84e-08
2018-08-05, 05:23:21, 0.0, 7.78e-08
2018-08-05, 05:23:23, 0.0, 7.82e-08
2018-08-05, 05:23:26, 0.0, 7.79e-08
2018-08-05, 05:23:28, 0.0, 7.82e-08
2018-08-05, 05:23:30, 0.0, 7.81e-08
2018-08-05, 05:23:32, 0.0, 7.79e-08
2018-08-05, 05:23:34, 0.0, 7.9e-08
2018-08-05, 05:23:36, 0.0, 7.88e-08
2018-08-05, 05:23:38, 0.0, 7.85e-08
2018-08-05, 05:23:40, 0.0, 7.88e-08
2018-08-05, 05:23:43, 0.0, 7.88e-08
2018-08-05, 05:23:45, 0.0, 7.84e-08
2018-08-05, 05:23:47, 0.0, 7.87e-08
2018-08-05, 05:23:49, 0.0, 7.9e-08
2018-08-05, 05:23:51, 0.0, 7.84e-08
2018-08-05, 05:23:53, 0.0, 7.87e-08
2018-08-05, 05:23:55, 0.0, 7.92e-08
2018-08-05, 05:23:57, 0.0, 7.85e-08
2018-08-05, 05:24:00, 0.0, 7.87e-08
2018-08-05, 05:24:02, 0.0, 7.87e-08
2018-08-05, 05:24:04, 0.0, 7.87e-08
2018-08-05, 05:24:06, 0.0, 7.87e-08
2018-08-05, 05:24:08, 0.0, 7.82e-08
2018-08-05, 05:24:10, 0.0, 7.85e-08
2018-08-05, 05:24:12, 0.0, 7.81e-08
2018-08-05, 05:24:14, 0.0, 7.84e-08
2018-08-05, 05:24:17, 0.0, 7.82e-08
2018-08-05, 05:24:19, 0.0, 7.82e-08
2018-08-05, 05:24:21, 0.0, 7.83e-08
2018-08-05, 05:24:23, 0.0, 7.83e-08
2018-08-05, 05:24:25, 0.0, 7.82e-08
2018-08-05, 05:24:27, 0.0, 7.81e-08
2018-08-05, 05:24:29, 0.0, 7.84e-08
2018-08-05, 05:24:31, 0.0, 7.84e-08
2018-08-05, 05:24:34, 0.0, 7.84e-08
2018-08-05, 05:24:36, 0.0, 7.8e-08
2018-08-05, 05:24:38, 0.0, 7.79e-08
2018-08-05, 05:24:40, 0.0, 7.73e-08
2018-08-05, 05:24:42, 0.0, 7.82e-08
2018-08-05, 05:24:44, 0.0, 7.8e-08
2018-08-05, 05:24:46, 0.0, 7.78e-08
2018-08-05, 05:24:48, 0.0, 7.84e-08
2018-08-05, 05:24:51, 0.0, 7.83e-08
2018-08-05, 05:24:53, 0.0, 7.87e-08
2018-08-05, 05:24:55, 0.0, 7.77e-08
2018-08-05, 05:24:57, 0.0, 7.76e-08
2018-08-05, 05:24:59, 0.0, 7.77e-08
2018-08-05, 05:25:01, 0.0, 7.77e-08
2018-08-05, 05:25:03, 0.0, 7.81e-08
2018-08-05, 05:25:06, 0.0, 7.79e-08
2018-08-05, 05:25:08, 0.0, 7.8e-08
2018-08-05, 05:25:10, 0.0, 7.82e-08
2018-08-05, 05:25:12, 0.0, 7.76e-08
2018-08-05, 05:25:14, 0.0, 7.81e-08
2018-08-05, 05:25:16, 0.0, 7.75e-08
2018-08-05, 05:25:18, 0.0, 7.83e-08
2018-08-05, 05:25:20, 0.0, 7.83e-08
2018-08-05, 05:25:23, 0.0, 7.87e-08
2018-08-05, 05:25:25, 0.0, 7.85e-08
2018-08-05, 05:25:27, 0.0, 7.85e-08
2018-08-05, 05:25:29, 0.0, 7.86e-08
2018-08-05, 05:25:31, 0.0, 7.84e-08
2018-08-05, 05:25:33, 0.0, 7.85e-08
2018-08-05, 05:25:35, 0.0, 7.86e-08
2018-08-05, 05:25:37, 0.0, 7.83e-08
2018-08-05, 05:25:40, 0.0, 7.86e-08
2018-08-05, 05:25:42, 0.0, 7.81e-08
2018-08-05, 05:25:44, 0.0, 7.74e-08
2018-08-05, 05:25:46, 0.0, 7.78e-08
2018-08-05, 05:25:48, 0.0, 7.82e-08
2018-08-05, 05:25:50, 0.0, 7.78e-08
2018-08-05, 05:25:52, 0.0, 7.86e-08
2018-08-05, 05:25:54, 0.0, 7.75e-08
2018-08-05, 05:25:57, 0.0, 7.8e-08
2018-08-05, 05:25:59, 0.0, 7.73e-08
2018-08-05, 05:26:01, 0.0, 7.81e-08
2018-08-05, 05:26:03, 0.0, 7.8e-08
2018-08-05, 05:26:05, 0.0, 7.79e-08
2018-08-05, 05:26:07, 0.0, 7.77e-08
2018-08-05, 05:26:09, 0.0, 7.84e-08
2018-08-05, 05:26:11, 0.0, 7.8e-08
2018-08-05, 05:26:14, 0.0, 7.83e-08
2018-08-05, 05:26:16, 0.0, 7.81e-08
2018-08-05, 05:26:18, 0.0, 7.81e-08
2018-08-05, 05:26:20, 0.0, 7.86e-08
2018-08-05, 05:26:22, 0.0, 7.82e-08
2018-08-05, 05:26:24, 0.0, 7.84e-08
2018-08-05, 05:26:26, 0.0, 7.86e-08
2018-08-05, 05:26:29, 0.0, 7.87e-08
2018-08-05, 05:26:31, 0.0, 7.81e-08
2018-08-05, 05:26:33, 0.0, 7.82e-08
2018-08-05, 05:26:35, 0.0, 7.79e-08
2018-08-05, 05:26:37, 0.0, 7.87e-08
2018-08-05, 05:26:39, 0.0, 7.79e-08
2018-08-05, 05:26:41, 0.0, 7.83e-08
2018-08-05, 05:26:43, 0.0, 7.82e-08
2018-08-05, 05:26:45, 0.0, 7.75e-08
2018-08-05, 05:26:48, 0.0, 7.8e-08
2018-08-05, 05:26:50, 0.0, 7.82e-08
2018-08-05, 05:26:52, 0.0, 7.87e-08
2018-08-05, 05:26:54, 0.0, 7.84e-08
2018-08-05, 05:26:56, 0.0, 7.82e-08
2018-08-05, 05:26:58, 0.0, 7.87e-08
2018-08-05, 05:27:00, 0.0, 7.77e-08
2018-08-05, 05:27:03, 0.0, 7.86e-08
2018-08-05, 05:27:05, 0.0, 7.81e-08
2018-08-05, 05:27:07, 0.0, 7.78e-08
2018-08-05, 05:27:09, 0.0, 7.89e-08
2018-08-05, 05:27:11, 0.0, 7.84e-08
2018-08-05, 05:27:13, 0.0, 7.89e-08
2018-08-05, 05:27:15, 0.0, 7.83e-08
2018-08-05, 05:27:17, 0.0, 7.8e-08
2018-08-05, 05:27:20, 0.0, 7.8e-08
2018-08-05, 05:27:22, 0.0, 7.78e-08
2018-08-05, 05:27:24, 0.0, 7.76e-08
2018-08-05, 05:27:26, 0.0, 7.82e-08
2018-08-05, 05:27:28, 0.0, 7.81e-08
2018-08-05, 05:27:30, 0.0, 7.84e-08
2018-08-05, 05:27:32, 0.0, 7.78e-08
2018-08-05, 05:27:34, 0.0, 7.81e-08
2018-08-05, 05:27:37, 0.0, 7.86e-08
2018-08-05, 05:27:39, 0.0, 7.77e-08
2018-08-05, 05:27:41, 0.0, 7.81e-08
2018-08-05, 05:27:43, 0.0, 7.76e-08
2018-08-05, 05:27:45, 0.0, 7.83e-08
2018-08-05, 05:27:47, 0.0, 7.82e-08
2018-08-05, 05:27:49, 0.0, 7.85e-08
2018-08-05, 05:27:51, 0.0, 7.88e-08
2018-08-05, 05:27:54, 0.0, 7.91e-08
2018-08-05, 05:27:56, 0.0, 7.79e-08
2018-08-05, 05:27:58, 0.0, 7.84e-08
2018-08-05, 05:28:00, 0.0, 7.85e-08
2018-08-05, 05:28:02, 0.0, 7.81e-08
2018-08-05, 05:28:04, 0.0, 7.83e-08
2018-08-05, 05:28:06, 0.0, 7.82e-08
2018-08-05, 05:28:08, 0.0, 7.87e-08
2018-08-05, 05:28:11, 0.0, 7.79e-08
2018-08-05, 05:28:13, 0.0, 7.83e-08
2018-08-05, 05:28:15, 0.0, 7.84e-08
2018-08-05, 05:28:17, 0.0, 7.86e-08
2018-08-05, 05:28:19, 0.0, 7.83e-08
2018-08-05, 05:28:21, 0.0, 7.8e-08
2018-08-05, 05:28:23, 0.0, 7.82e-08
2018-08-05, 05:28:26, 0.0, 7.84e-08
2018-08-05, 05:28:28, 0.0, 7.83e-08
2018-08-05, 05:28:30, 0.0, 7.84e-08
2018-08-05, 05:28:32, 0.0, 7.86e-08
2018-08-05, 05:28:34, 0.0, 7.87e-08
2018-08-05, 05:28:36, 0.0, 7.84e-08
2018-08-05, 05:28:38, 0.0, 7.81e-08
2018-08-05, 05:28:40, 0.0, 7.82e-08
2018-08-05, 05:28:43, 0.0, 7.8e-08
2018-08-05, 05:28:45, 0.0, 7.8e-08
2018-08-05, 05:28:47, 0.0, 7.78e-08
2018-08-05, 05:28:49, 0.0, 7.85e-08
2018-08-05, 05:28:51, 0.0, 7.79e-08
2018-08-05, 05:28:53, 0.0, 7.86e-08
2018-08-05, 05:28:55, 0.0, 7.76e-08
2018-08-05, 05:28:57, 0.0, 7.78e-08
2018-08-05, 05:29:00, 0.0, 7.78e-08
2018-08-05, 05:29:02, 0.0, 7.78e-08
2018-08-05, 05:29:04, 0.0, 7.79e-08
2018-08-05, 05:29:06, 0.0, 7.82e-08
2018-08-05, 05:29:08, 0.0, 7.82e-08
2018-08-05, 05:29:10, 0.0, 7.84e-08
2018-08-05, 05:29:12, 0.0, 7.81e-08
2018-08-05, 05:29:14, 0.0, 7.85e-08
2018-08-05, 05:29:17, 0.0, 7.78e-08
2018-08-05, 05:29:19, 0.0, 7.79e-08
2018-08-05, 05:29:21, 0.0, 7.83e-08
2018-08-05, 05:29:23, 0.0, 7.85e-08
2018-08-05, 05:29:25, 0.0, 7.83e-08
2018-08-05, 05:29:27, 0.0, 7.84e-08
2018-08-05, 05:29:29, 0.0, 7.78e-08
2018-08-05, 05:29:31, 0.0, 7.79e-08
2018-08-05, 05:29:34, 0.0, 7.79e-08
2018-08-05, 05:29:36, 0.0, 7.84e-08
2018-08-05, 05:29:38, 0.0, 7.83e-08
2018-08-05, 05:29:40, 0.0, 7.86e-08
2018-08-05, 05:29:42, 0.0, 7.9e-08
2018-08-05, 05:29:44, 0.0, 7.84e-08
2018-08-05, 05:29:46, 0.0, 7.87e-08
2018-08-05, 05:29:48, 0.0, 7.88e-08
2018-08-05, 05:29:51, 0.0, 7.83e-08
2018-08-05, 05:29:53, 0.0, 7.78e-08
2018-08-05, 05:29:55, 0.0, 7.83e-08
2018-08-05, 05:29:57, 0.0, 7.85e-08
2018-08-05, 05:29:59, 0.0, 7.85e-08
2018-08-05, 05:30:01, 0.0, 7.79e-08
2018-08-05, 05:30:03, 0.0, 7.82e-08
2018-08-05, 05:30:05, 0.0, 7.79e-08
2018-08-05, 05:30:08, 0.0, 7.83e-08
2018-08-05, 05:30:10, 0.0, 7.75e-08
2018-08-05, 05:30:12, 0.0, 7.9e-08
2018-08-05, 05:30:14, 0.0, 7.85e-08
2018-08-05, 05:30:16, 0.0, 7.8e-08
2018-08-05, 05:30:18, 0.0, 7.81e-08
2018-08-05, 05:30:20, 0.0, 7.85e-08
2018-08-05, 05:30:22, 0.0, 7.79e-08
2018-08-05, 05:30:25, 0.0, 7.83e-08
2018-08-05, 05:30:27, 0.0, 7.86e-08
2018-08-05, 05:30:29, 0.0, 7.81e-08
2018-08-05, 05:30:31, 0.0, 7.78e-08
2018-08-05, 05:30:33, 0.0, 7.81e-08
2018-08-05, 05:30:35, 0.0, 7.83e-08
2018-08-05, 05:30:37, 0.0, 7.81e-08
2018-08-05, 05:30:39, 0.0, 7.84e-08
2018-08-05, 05:30:42, 0.0, 7.79e-08
2018-08-05, 05:30:44, 0.0, 7.85e-08
2018-08-05, 05:30:46, 0.0, 7.84e-08
2018-08-05, 05:30:48, 0.0, 7.83e-08
2018-08-05, 05:30:50, 0.0, 7.87e-08
2018-08-05, 05:30:52, 0.0, 7.84e-08
2018-08-05, 05:30:54, 0.0, 7.86e-08
2018-08-05, 05:30:57, 0.0, 7.87e-08
2018-08-05, 05:30:59, 0.0, 7.81e-08
2018-08-05, 05:31:01, 0.0, 7.8e-08
2018-08-05, 05:31:03, 0.0, 7.87e-08
2018-08-05, 05:31:05, 0.0, 7.8e-08
2018-08-05, 05:31:07, 0.0, 7.79e-08
2018-08-05, 05:31:09, 0.0, 7.84e-08
2018-08-05, 05:31:11, 0.0, 7.84e-08
2018-08-05, 05:31:14, 0.0, 7.8e-08
2018-08-05, 05:31:16, 0.0, 7.84e-08
2018-08-05, 05:31:18, 0.0, 7.82e-08
2018-08-05, 05:31:20, 0.0, 7.85e-08
2018-08-05, 05:31:22, 0.0, 7.83e-08
2018-08-05, 05:31:24, 0.0, 7.85e-08
2018-08-05, 05:31:26, 0.0, 7.81e-08
2018-08-05, 05:31:28, 0.0, 7.82e-08
2018-08-05, 05:31:31, 0.0, 7.87e-08
2018-08-05, 05:31:33, 0.0, 7.82e-08
2018-08-05, 05:31:35, 0.0, 7.86e-08
2018-08-05, 05:31:37, 0.0, 7.86e-08
2018-08-05, 05:31:39, 0.0, 7.85e-08
2018-08-05, 05:31:41, 0.0, 7.83e-08
2018-08-05, 05:31:43, 0.0, 7.77e-08
2018-08-05, 05:31:45, 0.0, 7.84e-08
2018-08-05, 05:31:48, 0.0, 7.86e-08
2018-08-05, 05:31:50, 0.0, 7.83e-08
2018-08-05, 05:31:52, 0.0, 7.87e-08
2018-08-05, 05:31:54, 0.0, 7.89e-08
2018-08-05, 05:31:56, 0.0, 7.89e-08
2018-08-05, 05:31:58, 0.0, 7.89e-08
2018-08-05, 05:32:00, 0.0, 7.91e-08
2018-08-05, 05:32:03, 0.0, 7.92e-08
2018-08-05, 05:32:05, 0.0, 7.83e-08
2018-08-05, 05:32:07, 0.0, 7.82e-08
2018-08-05, 05:32:09, 0.0, 7.83e-08
2018-08-05, 05:32:11, 0.0, 7.89e-08
2018-08-05, 05:32:13, 0.0, 7.85e-08
2018-08-05, 05:32:15, 0.0, 7.81e-08
2018-08-05, 05:32:17, 0.0, 7.8e-08
2018-08-05, 05:32:20, 0.0, 7.77e-08
2018-08-05, 05:32:22, 0.0, 7.88e-08
2018-08-05, 05:32:24, 0.0, 7.85e-08
2018-08-05, 05:32:26, 0.0, 7.91e-08
2018-08-05, 05:32:28, 0.0, 7.85e-08
2018-08-05, 05:32:30, 0.0, 7.84e-08
2018-08-05, 05:32:32, 0.0, 7.88e-08
2018-08-05, 05:32:34, 0.0, 7.88e-08
2018-08-05, 05:32:37, 0.0, 7.82e-08
2018-08-05, 05:32:39, 0.0, 7.84e-08
2018-08-05, 05:32:41, 0.0, 7.83e-08
2018-08-05, 05:32:43, 0.0, 7.85e-08
2018-08-05, 05:32:45, 0.0, 7.81e-08
2018-08-05, 05:32:47, 0.0, 7.81e-08
2018-08-05, 05:32:49, 0.0, 7.76e-08
2018-08-05, 05:32:51, 0.0, 7.81e-08
2018-08-05, 05:32:54, 0.0, 7.8e-08
2018-08-05, 05:32:56, 0.0, 7.84e-08
2018-08-05, 05:32:58, 0.0, 7.79e-08
2018-08-05, 05:33:00, 0.0, 7.8e-08
2018-08-05, 05:33:02, 0.0, 7.84e-08
2018-08-05, 05:33:04, 0.0, 7.8e-08
2018-08-05, 05:33:06, 0.0, 7.75e-08
2018-08-05, 05:33:08, 0.0, 7.78e-08
2018-08-05, 05:33:11, 0.0, 7.66e-08
2018-08-05, 05:33:13, 0.0, 7.77e-08
2018-08-05, 05:33:15, 0.0, 7.71e-08
2018-08-05, 05:33:17, 0.0, 7.76e-08
2018-08-05, 05:33:19, 0.0, 7.8e-08
2018-08-05, 05:33:21, 0.0, 7.82e-08
2018-08-05, 05:33:23, 0.0, 7.81e-08
2018-08-05, 05:33:26, 0.0, 7.81e-08
2018-08-05, 05:33:28, 0.0, 7.78e-08
2018-08-05, 05:33:30, 0.0, 7.74e-08
2018-08-05, 05:33:32, 0.0, 7.73e-08
2018-08-05, 05:33:34, 0.0, 7.78e-08
2018-08-05, 05:33:36, 0.0, 7.73e-08
2018-08-05, 05:33:38, 0.0, 7.82e-08
2018-08-05, 05:33:40, 0.0, 7.78e-08
2018-08-05, 05:33:42, 0.0, 7.73e-08
2018-08-05, 05:33:45, 0.0, 7.81e-08
2018-08-05, 05:33:47, 0.0, 7.79e-08
2018-08-05, 05:33:49, 0.0, 7.79e-08
2018-08-05, 05:33:51, 0.0, 7.81e-08
2018-08-05, 05:33:53, 0.0, 7.79e-08
2018-08-05, 05:33:55, 0.0, 7.78e-08
2018-08-05, 05:33:57, 0.0, 7.86e-08
2018-08-05, 05:34:00, 0.0, 7.77e-08
2018-08-05, 05:34:02, 0.0, 7.84e-08
2018-08-05, 05:34:04, 0.0, 7.86e-08
2018-08-05, 05:34:06, 0.0, 7.83e-08
2018-08-05, 05:34:08, 0.0, 7.81e-08
2018-08-05, 05:34:10, 0.0, 7.81e-08
2018-08-05, 05:34:12, 0.0, 7.82e-08
2018-08-05, 05:34:14, 0.0, 7.82e-08
2018-08-05, 05:34:17, 0.0, 7.83e-08
2018-08-05, 05:34:19, 0.0, 7.75e-08
2018-08-05, 05:34:21, 0.0, 7.79e-08
2018-08-05, 05:34:23, 0.0, 7.83e-08
2018-08-05, 05:34:25, 0.0, 7.81e-08
2018-08-05, 05:34:27, 0.0, 7.77e-08
2018-08-05, 05:34:29, 0.0, 7.83e-08
2018-08-05, 05:34:31, 0.0, 7.79e-08
2018-08-05, 05:34:34, 0.0, 7.84e-08
2018-08-05, 05:34:36, 0.0, 7.81e-08
2018-08-05, 05:34:38, 0.0, 7.8e-08
2018-08-05, 05:34:40, 0.0, 7.8e-08
2018-08-05, 05:34:42, 0.0, 7.82e-08
2018-08-05, 05:34:44, 0.0, 7.83e-08
2018-08-05, 05:34:46, 0.0, 7.82e-08
2018-08-05, 05:34:48, 0.0, 7.85e-08
2018-08-05, 05:34:51, 0.0, 7.82e-08
2018-08-05, 05:34:53, 0.0, 7.86e-08
2018-08-05, 05:34:55, 0.0, 7.82e-08
2018-08-05, 05:34:57, 0.0, 7.75e-08
2018-08-05, 05:34:59, 0.0, 7.82e-08
2018-08-05, 05:35:01, 0.0, 7.76e-08
2018-08-05, 05:35:03, 0.0, 7.82e-08
2018-08-05, 05:35:05, 0.0, 7.81e-08
2018-08-05, 05:35:08, 0.0, 7.83e-08
2018-08-05, 05:35:10, 0.0, 7.76e-08
2018-08-05, 05:35:12, 0.0, 7.82e-08
2018-08-05, 05:35:14, 0.0, 7.83e-08
2018-08-05, 05:35:16, 0.0, 7.81e-08
2018-08-05, 05:35:18, 0.0, 7.74e-08
2018-08-05, 05:35:20, 0.0, 7.83e-08
2018-08-05, 05:35:22, 0.0, 7.8e-08
2018-08-05, 05:35:25, 0.0, 7.84e-08
2018-08-05, 05:35:27, 0.0, 7.83e-08
2018-08-05, 05:35:29, 0.0, 7.79e-08
2018-08-05, 05:35:31, 0.0, 7.86e-08
2018-08-05, 05:35:33, 0.0, 7.74e-08
2018-08-05, 05:35:35, 0.0, 7.85e-08
2018-08-05, 05:35:37, 0.0, 7.83e-08
2018-08-05, 05:35:39, 0.0, 7.88e-08
2018-08-05, 05:35:42, 0.0, 7.75e-08
2018-08-05, 05:35:44, 0.0, 7.84e-08
2018-08-05, 05:35:46, 0.0, 7.82e-08
2018-08-05, 05:35:48, 0.0, 7.79e-08
2018-08-05, 05:35:50, 0.0, 7.76e-08
2018-08-05, 05:35:52, 0.0, 7.8e-08
2018-08-05, 05:35:54, 0.0, 7.8e-08
2018-08-05, 05:35:56, 0.0, 7.79e-08
2018-08-05, 05:35:59, 0.0, 7.74e-08
2018-08-05, 05:36:01, 0.0, 7.76e-08
2018-08-05, 05:36:03, 0.0, 7.74e-08
2018-08-05, 05:36:05, 0.0, 7.83e-08
2018-08-05, 05:36:07, 0.0, 7.81e-08
2018-08-05, 05:36:09, 0.0, 7.75e-08
2018-08-05, 05:36:11, 0.0, 7.83e-08
2018-08-05, 05:36:13, 0.0, 7.8e-08
2018-08-05, 05:36:16, 0.0, 7.81e-08
2018-08-05, 05:36:18, 0.0, 7.79e-08
2018-08-05, 05:36:20, 0.0, 7.71e-08
2018-08-05, 05:36:22, 0.0, 7.79e-08
2018-08-05, 05:36:24, 0.0, 7.83e-08
2018-08-05, 05:36:26, 0.0, 7.78e-08
2018-08-05, 05:36:28, 0.0, 7.82e-08
2018-08-05, 05:36:30, 0.0, 7.79e-08
2018-08-05, 05:36:33, 0.0, 7.78e-08
2018-08-05, 05:36:35, 0.0, 7.82e-08
2018-08-05, 05:36:37, 0.0, 7.8e-08
2018-08-05, 05:36:39, 0.0, 7.83e-08
2018-08-05, 05:36:41, 0.0, 7.8e-08
2018-08-05, 05:36:43, 0.0, 7.84e-08
2018-08-05, 05:36:45, 0.0, 7.84e-08
2018-08-05, 05:36:47, 0.0, 7.86e-08
2018-08-05, 05:36:50, 0.0, 7.81e-08
2018-08-05, 05:36:52, 0.0, 7.79e-08
2018-08-05, 05:36:54, 0.0, 7.79e-08
2018-08-05, 05:36:56, 0.0, 7.8e-08
2018-08-05, 05:36:58, 0.0, 7.8e-08
2018-08-05, 05:37:00, 0.0, 7.78e-08
2018-08-05, 05:37:02, 0.0, 7.81e-08
2018-08-05, 05:37:05, 0.0, 7.81e-08
2018-08-05, 05:37:07, 0.0, 7.75e-08
2018-08-05, 05:37:09, 0.0, 7.8e-08
2018-08-05, 05:37:11, 0.0, 7.85e-08
2018-08-05, 05:37:13, 0.0, 7.79e-08
2018-08-05, 05:37:15, 0.0, 7.89e-08
2018-08-05, 05:37:17, 0.0, 7.88e-08
2018-08-05, 05:37:19, 0.0, 7.83e-08
2018-08-05, 05:37:22, 0.0, 7.75e-08
2018-08-05, 05:37:24, 0.0, 7.83e-08
2018-08-05, 05:37:26, 0.0, 7.8e-08
2018-08-05, 05:37:28, 0.0, 7.78e-08
2018-08-05, 05:37:30, 0.0, 7.74e-08
2018-08-05, 05:37:32, 0.0, 7.77e-08
2018-08-05, 05:37:34, 0.0, 7.79e-08
2018-08-05, 05:37:36, 0.0, 7.81e-08
2018-08-05, 05:37:39, 0.0, 7.82e-08
2018-08-05, 05:37:41, 0.0, 7.83e-08
2018-08-05, 05:37:43, 0.0, 7.78e-08
2018-08-05, 05:37:45, 0.0, 7.86e-08
2018-08-05, 05:37:47, 0.0, 7.79e-08
2018-08-05, 05:37:49, 0.0, 7.83e-08
2018-08-05, 05:37:51, 0.0, 7.84e-08
2018-08-05, 05:37:53, 0.0, 7.81e-08
2018-08-05, 05:37:56, 0.0, 7.79e-08
2018-08-05, 05:37:58, 0.0, 7.86e-08
2018-08-05, 05:38:00, 0.0, 7.81e-08
2018-08-05, 05:38:02, 0.0, 7.83e-08
2018-08-05, 05:38:04, 0.0, 7.82e-08
2018-08-05, 05:38:06, 0.0, 7.79e-08
2018-08-05, 05:38:08, 0.0, 7.82e-08
2018-08-05, 05:38:10, 0.0, 7.71e-08
2018-08-05, 05:38:13, 0.0, 7.84e-08
2018-08-05, 05:38:15, 0.0, 7.79e-08
2018-08-05, 05:38:17, 0.0, 7.77e-08
2018-08-05, 05:38:19, 0.0, 7.79e-08
2018-08-05, 05:38:21, 0.0, 7.79e-08
2018-08-05, 05:38:23, 0.0, 7.79e-08
2018-08-05, 05:38:25, 0.0, 7.8e-08
2018-08-05, 05:38:27, 0.0, 7.78e-08
2018-08-05, 05:38:30, 0.0, 7.78e-08
2018-08-05, 05:38:32, 0.0, 7.79e-08
2018-08-05, 05:38:34, 0.0, 7.77e-08
2018-08-05, 05:38:36, 0.0, 7.78e-08
2018-08-05, 05:38:38, 0.0, 7.79e-08
2018-08-05, 05:38:40, 0.0, 7.75e-08
2018-08-05, 05:38:42, 0.0, 7.75e-08
2018-08-05, 05:38:44, 0.0, 7.79e-08
2018-08-05, 05:38:47, 0.0, 7.77e-08
2018-08-05, 05:38:49, 0.0, 7.77e-08
2018-08-05, 05:38:51, 0.0, 7.8e-08
2018-08-05, 05:38:53, 0.0, 7.8e-08
2018-08-05, 05:38:55, 0.0, 7.83e-08
2018-08-05, 05:38:57, 0.0, 7.86e-08
2018-08-05, 05:38:59, 0.0, 7.8e-08
2018-08-05, 05:39:01, 0.0, 7.8e-08
2018-08-05, 05:39:04, 0.0, 7.77e-08
2018-08-05, 05:39:06, 0.0, 7.76e-08
2018-08-05, 05:39:08, 0.0, 7.76e-08
2018-08-05, 05:39:10, 0.0, 7.78e-08
2018-08-05, 05:39:12, 0.0, 7.81e-08
2018-08-05, 05:39:14, 0.0, 7.74e-08
2018-08-05, 05:39:16, 0.0, 7.77e-08
2018-08-05, 05:39:18, 0.0, 7.81e-08
2018-08-05, 05:39:21, 0.0, 7.82e-08
2018-08-05, 05:39:23, 0.0, 7.76e-08
2018-08-05, 05:39:25, 0.0, 7.78e-08
2018-08-05, 05:39:27, 0.0, 7.75e-08
2018-08-05, 05:39:29, 0.0, 7.8e-08
2018-08-05, 05:39:31, 0.0, 7.78e-08
2018-08-05, 05:39:33, 0.0, 7.81e-08
2018-08-05, 05:39:36, 0.0, 7.81e-08
2018-08-05, 05:39:38, 0.0, 7.8e-08
2018-08-05, 05:39:40, 0.0, 7.76e-08
2018-08-05, 05:39:42, 0.0, 7.74e-08
2018-08-05, 05:39:44, 0.0, 7.79e-08
2018-08-05, 05:39:46, 0.0, 7.8e-08
2018-08-05, 05:39:48, 0.0, 7.8e-08
2018-08-05, 05:39:50, 0.0, 7.8e-08
2018-08-05, 05:39:53, 0.0, 7.77e-08
2018-08-05, 05:39:55, 0.0, 7.77e-08
2018-08-05, 05:39:57, 0.0, 7.76e-08
2018-08-05, 05:39:59, 0.0, 7.72e-08
2018-08-05, 05:40:01, 0.0, 7.78e-08
2018-08-05, 05:40:03, 0.0, 7.76e-08
2018-08-05, 05:40:05, 0.0, 7.79e-08
2018-08-05, 05:40:07, 0.0, 7.7e-08
2018-08-05, 05:40:10, 0.0, 7.74e-08
2018-08-05, 05:40:12, 0.0, 7.76e-08
2018-08-05, 05:40:14, 0.0, 7.71e-08
2018-08-05, 05:40:16, 0.0, 7.78e-08
2018-08-05, 05:40:18, 0.0, 7.76e-08
2018-08-05, 05:40:20, 0.0, 7.78e-08
2018-08-05, 05:40:22, 0.0, 7.82e-08
2018-08-05, 05:40:24, 0.0, 7.8e-08
2018-08-05, 05:40:27, 0.0, 7.82e-08
2018-08-05, 05:40:29, 0.0, 7.82e-08
2018-08-05, 05:40:31, 0.0, 7.77e-08
2018-08-05, 05:40:33, 0.0, 7.74e-08
2018-08-05, 05:40:35, 0.0, 7.82e-08
2018-08-05, 05:40:37, 0.0, 7.81e-08
2018-08-05, 05:40:39, 0.0, 7.82e-08
2018-08-05, 05:40:41, 0.0, 7.79e-08
2018-08-05, 05:40:44, 0.0, 7.74e-08
2018-08-05, 05:40:46, 0.0, 7.81e-08
2018-08-05, 05:40:48, 0.0, 7.79e-08
2018-08-05, 05:40:50, 0.0, 7.85e-08
2018-08-05, 05:40:52, 0.0, 7.84e-08
2018-08-05, 05:40:54, 0.0, 7.86e-08
2018-08-05, 05:40:56, 0.0, 7.81e-08
2018-08-05, 05:40:58, 0.0, 7.79e-08
2018-08-05, 05:41:01, 0.0, 7.84e-08
2018-08-05, 05:41:03, 0.0, 7.79e-08
2018-08-05, 05:41:05, 0.0, 7.81e-08
2018-08-05, 05:41:07, 0.0, 7.77e-08
2018-08-05, 05:41:09, 0.0, 7.86e-08
2018-08-05, 05:41:11, 0.0, 7.87e-08
2018-08-05, 05:41:13, 0.0, 7.85e-08
2018-08-05, 05:41:15, 0.0, 7.81e-08
2018-08-05, 05:41:18, 0.0, 7.8e-08
2018-08-05, 05:41:20, 0.0, 7.8e-08
2018-08-05, 05:41:22, 0.0, 7.8e-08
2018-08-05, 05:41:24, 0.0, 7.89e-08
2018-08-05, 05:41:26, 0.0, 7.86e-08
2018-08-05, 05:41:28, 0.0, 7.87e-08
2018-08-05, 05:41:30, 0.0, 7.86e-08
2018-08-05, 05:41:32, 0.0, 7.86e-08
2018-08-05, 05:41:35, 0.0, 7.83e-08
2018-08-05, 05:41:37, 0.0, 7.82e-08
2018-08-05, 05:41:39, 0.0, 7.8e-08
2018-08-05, 05:41:41, 0.0, 7.81e-08
2018-08-05, 05:41:43, 0.0, 7.88e-08
2018-08-05, 05:41:45, 0.0, 7.82e-08
2018-08-05, 05:41:47, 0.0, 7.81e-08
2018-08-05, 05:41:49, 0.0, 7.83e-08
2018-08-05, 05:41:52, 0.0, 7.73e-08
2018-08-05, 05:41:54, 0.0, 7.84e-08
2018-08-05, 05:41:56, 0.0, 7.8e-08
2018-08-05, 05:41:58, 0.0, 7.81e-08
2018-08-05, 05:42:00, 0.0, 7.81e-08
2018-08-05, 05:42:02, 0.0, 7.8e-08
2018-08-05, 05:42:04, 0.0, 7.78e-08
2018-08-05, 05:42:06, 0.0, 7.78e-08
2018-08-05, 05:42:09, 0.0, 7.82e-08
2018-08-05, 05:42:11, 0.0, 7.77e-08
2018-08-05, 05:42:13, 0.0, 7.79e-08
2018-08-05, 05:42:15, 0.0, 7.8e-08
2018-08-05, 05:42:17, 0.0, 7.82e-08
2018-08-05, 05:42:19, 0.0, 7.8e-08
2018-08-05, 05:42:21, 0.0, 7.81e-08
2018-08-05, 05:42:24, 0.0, 7.84e-08
2018-08-05, 05:42:26, 0.0, 7.83e-08
2018-08-05, 05:42:28, 0.0, 7.83e-08
2018-08-05, 05:42:30, 0.0, 7.86e-08
2018-08-05, 05:42:32, 0.0, 7.81e-08
2018-08-05, 05:42:34, 0.0, 7.79e-08
2018-08-05, 05:42:36, 0.0, 7.83e-08
2018-08-05, 05:42:38, 0.0, 7.84e-08
2018-08-05, 05:42:41, 0.0, 7.76e-08
2018-08-05, 05:42:43, 0.0, 7.8e-08
2018-08-05, 05:42:45, 0.0, 7.77e-08
2018-08-05, 05:42:47, 0.0, 7.86e-08
2018-08-05, 05:42:49, 0.0, 7.76e-08
2018-08-05, 05:42:51, 0.0, 7.8e-08
2018-08-05, 05:42:53, 0.0, 7.81e-08
2018-08-05, 05:42:55, 0.0, 7.79e-08
2018-08-05, 05:42:58, 0.0, 7.81e-08
2018-08-05, 05:43:00, 0.0, 7.82e-08
2018-08-05, 05:43:02, 0.0, 7.8e-08
2018-08-05, 05:43:04, 0.0, 7.84e-08
2018-08-05, 05:43:06, 0.0, 7.79e-08
2018-08-05, 05:43:08, 0.0, 7.79e-08
2018-08-05, 05:43:10, 0.0, 7.79e-08
2018-08-05, 05:43:12, 0.0, 7.86e-08
2018-08-05, 05:43:15, 0.0, 7.82e-08
2018-08-05, 05:43:17, 0.0, 7.82e-08
2018-08-05, 05:43:19, 0.0, 7.84e-08
2018-08-05, 05:43:21, 0.0, 7.86e-08
2018-08-05, 05:43:23, 0.0, 7.81e-08
2018-08-05, 05:43:25, 0.0, 7.86e-08
2018-08-05, 05:43:27, 0.0, 7.84e-08
2018-08-05, 05:43:29, 0.0, 7.82e-08
2018-08-05, 05:43:32, 0.0, 7.85e-08
2018-08-05, 05:43:34, 0.0, 7.86e-08
2018-08-05, 05:43:36, 0.0, 7.89e-08
2018-08-05, 05:43:38, 0.0, 7.86e-08
2018-08-05, 05:43:40, 0.0, 7.8e-08
2018-08-05, 05:43:42, 0.0, 7.85e-08
2018-08-05, 05:43:44, 0.0, 7.85e-08
2018-08-05, 05:43:46, 0.0, 7.79e-08
2018-08-05, 05:43:49, 0.0, 7.77e-08
2018-08-05, 05:43:51, 0.0, 7.79e-08
2018-08-05, 05:43:53, 0.0, 7.81e-08
2018-08-05, 05:43:55, 0.0, 7.83e-08
2018-08-05, 05:43:57, 0.0, 7.88e-08
2018-08-05, 05:43:59, 0.0, 7.81e-08
2018-08-05, 05:44:01, 0.0, 7.8e-08
2018-08-05, 05:44:03, 0.0, 7.88e-08
2018-08-05, 05:44:06, 0.0, 7.81e-08
2018-08-05, 05:44:08, 0.0, 7.86e-08
2018-08-05, 05:44:10, 0.0, 7.86e-08
2018-08-05, 05:44:12, 0.0, 7.81e-08
2018-08-05, 05:44:14, 0.0, 7.83e-08
2018-08-05, 05:44:16, 0.0, 7.8e-08
2018-08-05, 05:44:18, 0.0, 7.83e-08
2018-08-05, 05:44:20, 0.0, 7.8e-08
2018-08-05, 05:44:23, 0.0, 7.78e-08
2018-08-05, 05:44:25, 0.0, 7.85e-08
2018-08-05, 05:44:27, 0.0, 7.8e-08
2018-08-05, 05:44:29, 0.0, 7.78e-08
2018-08-05, 05:44:31, 0.0, 7.79e-08
2018-08-05, 05:44:33, 0.0, 7.76e-08
2018-08-05, 05:44:35, 0.0, 7.79e-08
2018-08-05, 05:44:37, 0.0, 7.77e-08
2018-08-05, 05:44:40, 0.0, 7.83e-08
2018-08-05, 05:44:42, 0.0, 7.81e-08
2018-08-05, 05:44:44, 0.0, 7.74e-08
2018-08-05, 05:44:46, 0.0, 7.74e-08
2018-08-05, 05:44:48, 0.0, 7.8e-08
2018-08-05, 05:44:50, 0.0, 7.81e-08
2018-08-05, 05:44:52, 0.0, 7.8e-08
2018-08-05, 05:44:54, 0.0, 7.84e-08
2018-08-05, 05:44:57, 0.0, 7.8e-08
2018-08-05, 05:44:59, 0.0, 7.81e-08
2018-08-05, 05:45:01, 0.0, 7.84e-08
2018-08-05, 05:45:03, 0.0, 7.74e-08
2018-08-05, 05:45:05, 0.0, 7.8e-08
2018-08-05, 05:45:07, 0.0, 7.79e-08
2018-08-05, 05:45:09, 0.0, 7.79e-08
2018-08-05, 05:45:11, 0.0, 7.81e-08
2018-08-05, 05:45:14, 0.0, 7.81e-08
2018-08-05, 05:45:16, 0.0, 7.79e-08
2018-08-05, 05:45:18, 0.0, 7.91e-08
2018-08-05, 05:45:20, 0.0, 7.86e-08
2018-08-05, 05:45:22, 0.0, 7.8e-08
2018-08-05, 05:45:24, 0.0, 7.81e-08
2018-08-05, 05:45:26, 0.0, 7.77e-08
2018-08-05, 05:45:29, 0.0, 7.8e-08
2018-08-05, 05:45:31, 0.0, 7.83e-08
2018-08-05, 05:45:33, 0.0, 7.79e-08
2018-08-05, 05:45:35, 0.0, 7.79e-08
2018-08-05, 05:45:37, 0.0, 7.82e-08
2018-08-05, 05:45:39, 0.0, 7.82e-08
2018-08-05, 05:45:41, 0.0, 7.9e-08
2018-08-05, 05:45:43, 0.0, 7.79e-08
2018-08-05, 05:45:46, 0.0, 7.75e-08
2018-08-05, 05:45:48, 0.0, 7.82e-08
2018-08-05, 05:45:50, 0.0, 7.81e-08
2018-08-05, 05:45:52, 0.0, 7.74e-08
2018-08-05, 05:45:54, 0.0, 7.77e-08
2018-08-05, 05:45:56, 0.0, 7.75e-08
2018-08-05, 05:45:58, 0.0, 7.77e-08
2018-08-05, 05:46:00, 0.0, 7.76e-08
2018-08-05, 05:46:03, 0.0, 7.82e-08
2018-08-05, 05:46:05, 0.0, 7.85e-08
2018-08-05, 05:46:07, 0.0, 7.77e-08
2018-08-05, 05:46:09, 0.0, 7.79e-08
2018-08-05, 05:46:11, 0.0, 7.73e-08
2018-08-05, 05:46:13, 0.0, 7.74e-08
2018-08-05, 05:46:15, 0.0, 7.72e-08
2018-08-05, 05:46:17, 0.0, 7.81e-08
2018-08-05, 05:46:20, 0.0, 7.78e-08
2018-08-05, 05:46:22, 0.0, 7.75e-08
2018-08-05, 05:46:24, 0.0, 7.75e-08
2018-08-05, 05:46:26, 0.0, 7.77e-08
2018-08-05, 05:46:28, 0.0, 7.77e-08
2018-08-05, 05:46:30, 0.0, 7.81e-08
2018-08-05, 05:46:32, 0.0, 7.79e-08
2018-08-05, 05:46:34, 0.0, 7.79e-08
2018-08-05, 05:46:37, 0.0, 7.76e-08
2018-08-05, 05:46:39, 0.0, 7.8e-08
2018-08-05, 05:46:41, 0.0, 7.8e-08
2018-08-05, 05:46:43, 0.0, 7.82e-08
2018-08-05, 05:46:45, 0.0, 7.8e-08
2018-08-05, 05:46:47, 0.0, 7.82e-08
2018-08-05, 05:46:49, 0.0, 7.81e-08
2018-08-05, 05:46:51, 0.0, 7.81e-08
2018-08-05, 05:46:54, 0.0, 7.8e-08
2018-08-05, 05:46:56, 0.0, 7.78e-08
2018-08-05, 05:46:58, 0.0, 7.77e-08
2018-08-05, 05:47:00, 0.0, 7.73e-08
2018-08-05, 05:47:02, 0.0, 7.8e-08
2018-08-05, 05:47:04, 0.0, 7.81e-08
2018-08-05, 05:47:06, 0.0, 7.84e-08
2018-08-05, 05:47:09, 0.0, 7.89e-08
2018-08-05, 05:47:11, 0.0, 7.83e-08
2018-08-05, 05:47:13, 0.0, 7.83e-08
2018-08-05, 05:47:15, 0.0, 7.8e-08
2018-08-05, 05:47:17, 0.0, 7.84e-08
2018-08-05, 05:47:19, 0.0, 7.83e-08
2018-08-05, 05:47:21, 0.0, 7.82e-08
2018-08-05, 05:47:23, 0.0, 7.88e-08
2018-08-05, 05:47:26, 0.0, 7.82e-08
2018-08-05, 05:47:28, 0.0, 7.81e-08
2018-08-05, 05:47:30, 0.0, 7.87e-08
2018-08-05, 05:47:32, 0.0, 7.85e-08
2018-08-05, 05:47:34, 0.0, 7.85e-08
2018-08-05, 05:47:36, 0.0, 7.9e-08
2018-08-05, 05:47:38, 0.0, 7.89e-08
2018-08-05, 05:47:40, 0.0, 7.86e-08
2018-08-05, 05:47:43, 0.0, 7.89e-08
2018-08-05, 05:47:45, 0.0, 7.83e-08
2018-08-05, 05:47:47, 0.0, 7.84e-08
2018-08-05, 05:47:49, 0.0, 7.85e-08
2018-08-05, 05:47:51, 0.0, 7.85e-08
2018-08-05, 05:47:53, 0.0, 7.83e-08
2018-08-05, 05:47:55, 0.0, 7.89e-08
2018-08-05, 05:47:57, 0.0, 7.83e-08
2018-08-05, 05:48:00, 0.0, 7.82e-08
2018-08-05, 05:48:02, 0.0, 7.83e-08
2018-08-05, 05:48:04, 0.0, 7.8e-08
2018-08-05, 05:48:06, 0.0, 7.8e-08
2018-08-05, 05:48:08, 0.0, 7.76e-08
2018-08-05, 05:48:10, 0.0, 7.79e-08
2018-08-05, 05:48:12, 0.0, 7.83e-08
2018-08-05, 05:48:14, 0.0, 7.82e-08
2018-08-05, 05:48:17, 0.0, 7.83e-08
2018-08-05, 05:48:19, 0.0, 7.87e-08
2018-08-05, 05:48:21, 0.0, 7.82e-08
2018-08-05, 05:48:23, 0.0, 7.78e-08
2018-08-05, 05:48:25, 0.0, 7.77e-08
2018-08-05, 05:48:27, 0.0, 7.8e-08
2018-08-05, 05:48:29, 0.0, 7.81e-08
2018-08-05, 05:48:31, 0.0, 7.82e-08
2018-08-05, 05:48:34, 0.0, 7.83e-08
2018-08-05, 05:48:36, 0.0, 7.83e-08
2018-08-05, 05:48:38, 0.0, 7.83e-08
2018-08-05, 05:48:40, 0.0, 7.88e-08
2018-08-05, 05:48:42, 0.0, 7.85e-08
2018-08-05, 05:48:44, 0.0, 7.82e-08
2018-08-05, 05:48:46, 0.0, 7.83e-08
2018-08-05, 05:48:48, 0.0, 7.84e-08
2018-08-05, 05:48:51, 0.0, 7.74e-08
2018-08-05, 05:48:53, 0.0, 7.84e-08
2018-08-05, 05:48:55, 0.0, 7.85e-08
2018-08-05, 05:48:57, 0.0, 7.82e-08
2018-08-05, 05:48:59, 0.0, 7.89e-08
2018-08-05, 05:49:01, 0.0, 7.81e-08
2018-08-05, 05:49:03, 0.0, 7.86e-08
2018-08-05, 05:49:05, 0.0, 7.87e-08
2018-08-05, 05:49:08, 0.0, 7.82e-08
2018-08-05, 05:49:10, 0.0, 7.8e-08
2018-08-05, 05:49:12, 0.0, 7.82e-08
2018-08-05, 05:49:14, 0.0, 7.8e-08
2018-08-05, 05:49:16, 0.0, 7.82e-08
2018-08-05, 05:49:18, 0.0, 7.82e-08
2018-08-05, 05:49:20, 0.0, 7.81e-08
2018-08-05, 05:49:22, 0.0, 7.83e-08
2018-08-05, 05:49:25, 0.0, 7.8e-08
2018-08-05, 05:49:27, 0.0, 7.85e-08
2018-08-05, 05:49:29, 0.0, 7.84e-08
2018-08-05, 05:49:31, 0.0, 7.8e-08
2018-08-05, 05:49:33, 0.0, 7.83e-08
2018-08-05, 05:49:35, 0.0, 7.8e-08
2018-08-05, 05:49:37, 0.0, 7.82e-08
2018-08-05, 05:49:40, 0.0, 7.85e-08
2018-08-05, 05:49:42, 0.0, 7.87e-08
2018-08-05, 05:49:44, 0.0, 7.83e-08
2018-08-05, 05:49:46, 0.0, 7.85e-08
2018-08-05, 05:49:48, 0.0, 7.85e-08
2018-08-05, 05:49:50, 0.0, 7.85e-08
2018-08-05, 05:49:52, 0.0, 7.87e-08
2018-08-05, 05:49:54, 0.0, 7.87e-08
2018-08-05, 05:49:57, 0.0, 7.84e-08
2018-08-05, 05:49:59, 0.0, 7.87e-08
2018-08-05, 05:50:01, 0.0, 7.82e-08
2018-08-05, 05:50:03, 0.0, 7.86e-08
2018-08-05, 05:50:05, 0.0, 7.83e-08
2018-08-05, 05:50:07, 0.0, 7.85e-08
2018-08-05, 05:50:09, 0.0, 7.86e-08
2018-08-05, 05:50:11, 0.0, 7.86e-08
2018-08-05, 05:50:14, 0.0, 7.84e-08
2018-08-05, 05:50:16, 0.0, 7.81e-08
2018-08-05, 05:50:18, 0.0, 7.87e-08
2018-08-05, 05:50:20, 0.0, 7.82e-08
2018-08-05, 05:50:22, 0.0, 7.83e-08
2018-08-05, 05:50:24, 0.0, 7.87e-08
2018-08-05, 05:50:26, 0.0, 7.78e-08
2018-08-05, 05:50:28, 0.0, 7.85e-08
2018-08-05, 05:50:31, 0.0, 7.81e-08
2018-08-05, 05:50:33, 0.0, 7.88e-08
2018-08-05, 05:50:35, 0.0, 7.83e-08
2018-08-05, 05:50:37, 0.0, 7.89e-08
2018-08-05, 05:50:39, 0.0, 7.83e-08
2018-08-05, 05:50:41, 0.0, 7.87e-08
2018-08-05, 05:50:43, 0.0, 7.82e-08
2018-08-05, 05:50:45, 0.0, 7.86e-08
2018-08-05, 05:50:48, 0.0, 7.83e-08
2018-08-05, 05:50:50, 0.0, 7.8e-08
2018-08-05, 05:50:52, 0.0, 7.84e-08
2018-08-05, 05:50:54, 0.0, 7.87e-08
2018-08-05, 05:50:56, 0.0, 7.78e-08
2018-08-05, 05:50:58, 0.0, 7.81e-08
2018-08-05, 05:51:00, 0.0, 7.82e-08
2018-08-05, 05:51:02, 0.0, 7.81e-08
2018-08-05, 05:51:05, 0.0, 7.87e-08
2018-08-05, 05:51:07, 0.0, 7.83e-08
2018-08-05, 05:51:09, 0.0, 7.86e-08
2018-08-05, 05:51:11, 0.0, 7.87e-08
2018-08-05, 05:51:13, 0.0, 7.84e-08
2018-08-05, 05:51:15, 0.0, 7.83e-08
2018-08-05, 05:51:17, 0.0, 7.83e-08
2018-08-05, 05:51:19, 0.0, 7.8e-08
2018-08-05, 05:51:22, 0.0, 7.86e-08
2018-08-05, 05:51:24, 0.0, 7.89e-08
2018-08-05, 05:51:26, 0.0, 7.81e-08
2018-08-05, 05:51:28, 0.0, 7.83e-08
2018-08-05, 05:51:30, 0.0, 7.81e-08
2018-08-05, 05:51:32, 0.0, 7.82e-08
2018-08-05, 05:51:34, 0.0, 7.8e-08
2018-08-05, 05:51:36, 0.0, 7.87e-08
2018-08-05, 05:51:39, 0.0, 7.83e-08
2018-08-05, 05:51:41, 0.0, 7.83e-08
2018-08-05, 05:51:43, 0.0, 7.87e-08
2018-08-05, 05:51:45, 0.0, 7.84e-08
2018-08-05, 05:51:47, 0.0, 7.83e-08
2018-08-05, 05:51:49, 0.0, 7.85e-08
2018-08-05, 05:51:51, 0.0, 7.84e-08
2018-08-05, 05:51:53, 0.0, 7.86e-08
2018-08-05, 05:51:56, 0.0, 7.82e-08
2018-08-05, 05:51:58, 0.0, 7.85e-08
2018-08-05, 05:52:00, 0.0, 7.9e-08
2018-08-05, 05:52:02, 0.0, 7.87e-08
2018-08-05, 05:52:04, 0.0, 7.85e-08
2018-08-05, 05:52:06, 0.0, 7.87e-08
2018-08-05, 05:52:08, 0.0, 7.88e-08
2018-08-05, 05:52:10, 0.0, 7.89e-08
2018-08-05, 05:52:13, 0.0, 7.85e-08
2018-08-05, 05:52:15, 0.0, 7.82e-08
2018-08-05, 05:52:17, 0.0, 7.89e-08
2018-08-05, 05:52:19, 0.0, 7.84e-08
2018-08-05, 05:52:21, 0.0, 7.86e-08
2018-08-05, 05:52:23, 0.0, 7.86e-08
2018-08-05, 05:52:25, 0.0, 7.84e-08
2018-08-05, 05:52:27, 0.0, 7.83e-08
2018-08-05, 05:52:30, 0.0, 7.84e-08
2018-08-05, 05:52:32, 0.0, 7.87e-08
2018-08-05, 05:52:34, 0.0, 7.91e-08
2018-08-05, 05:52:36, 0.0, 7.84e-08
2018-08-05, 05:52:38, 0.0, 7.86e-08
2018-08-05, 05:52:40, 0.0, 7.82e-08
2018-08-05, 05:52:42, 0.0, 7.84e-08
2018-08-05, 05:52:44, 0.0, 7.88e-08
2018-08-05, 05:52:47, 0.0, 7.88e-08
2018-08-05, 05:52:49, 0.0, 7.84e-08
2018-08-05, 05:52:51, 0.0, 7.85e-08
2018-08-05, 05:52:53, 0.0, 7.84e-08
2018-08-05, 05:52:55, 0.0, 7.86e-08
2018-08-05, 05:52:57, 0.0, 7.82e-08
2018-08-05, 05:52:59, 0.0, 7.78e-08
2018-08-05, 05:53:01, 0.0, 7.81e-08
2018-08-05, 05:53:04, 0.0, 7.82e-08
2018-08-05, 05:53:06, 0.0, 7.84e-08
2018-08-05, 05:53:08, 0.0, 7.84e-08
2018-08-05, 05:53:10, 0.0, 7.8e-08
2018-08-05, 05:53:12, 0.0, 7.83e-08
2018-08-05, 05:53:14, 0.0, 7.8e-08
2018-08-05, 05:53:16, 0.0, 7.85e-08
2018-08-05, 05:53:18, 0.0, 7.81e-08
2018-08-05, 05:53:21, 0.0, 7.87e-08
2018-08-05, 05:53:23, 0.0, 7.88e-08
2018-08-05, 05:53:25, 0.0, 7.89e-08
2018-08-05, 05:53:27, 0.0, 7.81e-08
2018-08-05, 05:53:29, 0.0, 7.83e-08
2018-08-05, 05:53:31, 0.0, 7.89e-08
2018-08-05, 05:53:33, 0.0, 7.82e-08
2018-08-05, 05:53:35, 0.0, 7.83e-08
2018-08-05, 05:53:38, 0.0, 7.81e-08
2018-08-05, 05:53:40, 0.0, 7.86e-08
2018-08-05, 05:53:42, 0.0, 7.81e-08
2018-08-05, 05:53:44, 0.0, 7.86e-08
2018-08-05, 05:53:46, 0.0, 7.86e-08
2018-08-05, 05:53:48, 0.0, 7.84e-08
2018-08-05, 05:53:50, 0.0, 7.81e-08
2018-08-05, 05:53:53, 0.0, 7.78e-08
2018-08-05, 05:53:55, 0.0, 7.8e-08
2018-08-05, 05:53:57, 0.0, 7.89e-08
2018-08-05, 05:53:59, 0.0, 7.81e-08
2018-08-05, 05:54:01, 0.0, 7.84e-08
2018-08-05, 05:54:03, 0.0, 7.82e-08
2018-08-05, 05:54:05, 0.0, 7.83e-08
2018-08-05, 05:54:07, 0.0, 7.88e-08
2018-08-05, 05:54:10, 0.0, 7.86e-08
2018-08-05, 05:54:12, 0.0, 7.84e-08
2018-08-05, 05:54:14, 0.0, 7.84e-08
2018-08-05, 05:54:16, 0.0, 7.88e-08
2018-08-05, 05:54:18, 0.0, 7.85e-08
2018-08-05, 05:54:20, 0.0, 7.85e-08
2018-08-05, 05:54:22, 0.0, 7.84e-08
2018-08-05, 05:54:24, 0.0, 7.81e-08
2018-08-05, 05:54:27, 0.0, 7.8e-08
2018-08-05, 05:54:29, 0.0, 7.82e-08
2018-08-05, 05:54:31, 0.0, 7.82e-08
2018-08-05, 05:54:33, 0.0, 7.82e-08
2018-08-05, 05:54:35, 0.0, 7.86e-08
2018-08-05, 05:54:37, 0.0, 7.85e-08
2018-08-05, 05:54:39, 0.0, 7.84e-08
2018-08-05, 05:54:41, 0.0, 7.8e-08
2018-08-05, 05:54:44, 0.0, 7.8e-08
2018-08-05, 05:54:46, 0.0, 7.82e-08
2018-08-05, 05:54:48, 0.0, 7.83e-08
2018-08-05, 05:54:50, 0.0, 7.81e-08
2018-08-05, 05:54:52, 0.0, 7.86e-08
2018-08-05, 05:54:54, 0.0, 7.82e-08
2018-08-05, 05:54:56, 0.0, 7.83e-08
2018-08-05, 05:54:58, 0.0, 7.8e-08
2018-08-05, 05:55:01, 0.0, 7.81e-08
2018-08-05, 05:55:03, 0.0, 7.83e-08
2018-08-05, 05:55:05, 0.0, 7.81e-08
2018-08-05, 05:55:07, 0.0, 7.86e-08
2018-08-05, 05:55:09, 0.0, 7.8e-08
2018-08-05, 05:55:11, 0.0, 7.78e-08
2018-08-05, 05:55:13, 0.0, 7.83e-08
2018-08-05, 05:55:16, 0.0, 7.8e-08
2018-08-05, 05:55:18, 0.0, 7.86e-08
2018-08-05, 05:55:20, 0.0, 7.83e-08
2018-08-05, 05:55:22, 0.0, 7.88e-08
2018-08-05, 05:55:24, 0.0, 7.86e-08
2018-08-05, 05:55:26, 0.0, 7.78e-08
2018-08-05, 05:55:28, 0.0, 7.82e-08
2018-08-05, 05:55:30, 0.0, 7.84e-08
2018-08-05, 05:55:33, 0.0, 7.82e-08
2018-08-05, 05:55:35, 0.0, 7.82e-08
2018-08-05, 05:55:37, 0.0, 7.84e-08
2018-08-05, 05:55:39, 0.0, 7.8e-08
2018-08-05, 05:55:41, 0.0, 7.85e-08
2018-08-05, 05:55:43, 0.0, 7.84e-08
2018-08-05, 05:55:45, 0.0, 7.79e-08
2018-08-05, 05:55:47, 0.0, 7.84e-08
2018-08-05, 05:55:50, 0.0, 7.81e-08
2018-08-05, 05:55:52, 0.0, 7.78e-08
2018-08-05, 05:55:54, 0.0, 7.79e-08
2018-08-05, 05:55:56, 0.0, 7.78e-08
2018-08-05, 05:55:58, 0.0, 7.76e-08
2018-08-05, 05:56:00, 0.0, 7.85e-08
2018-08-05, 05:56:02, 0.0, 7.81e-08
2018-08-05, 05:56:04, 0.0, 7.84e-08
2018-08-05, 05:56:07, 0.0, 7.81e-08
2018-08-05, 05:56:09, 0.0, 7.83e-08
2018-08-05, 05:56:11, 0.0, 7.84e-08
2018-08-05, 05:56:13, 0.0, 7.78e-08
2018-08-05, 05:56:15, 0.0, 7.78e-08
2018-08-05, 05:56:17, 0.0, 7.79e-08
2018-08-05, 05:56:19, 0.0, 7.78e-08
2018-08-05, 05:56:21, 0.0, 7.81e-08
2018-08-05, 05:56:24, 0.0, 7.78e-08
2018-08-05, 05:56:26, 0.0, 7.78e-08
2018-08-05, 05:56:28, 0.0, 7.79e-08
2018-08-05, 05:56:30, 0.0, 7.85e-08
2018-08-05, 05:56:32, 0.0, 7.82e-08
2018-08-05, 05:56:34, 0.0, 7.87e-08
2018-08-05, 05:56:36, 0.0, 7.81e-08
2018-08-05, 05:56:38, 0.0, 7.79e-08
2018-08-05, 05:56:41, 0.0, 7.83e-08
2018-08-05, 05:56:43, 0.0, 7.82e-08
2018-08-05, 05:56:45, 0.0, 7.83e-08
2018-08-05, 05:56:47, 0.0, 7.8e-08
2018-08-05, 05:56:49, 0.0, 7.81e-08
2018-08-05, 05:56:51, 0.0, 7.84e-08
2018-08-05, 05:56:53, 0.0, 7.85e-08
2018-08-05, 05:56:55, 0.0, 7.87e-08
2018-08-05, 05:56:58, 0.0, 7.82e-08
2018-08-05, 05:57:00, 0.0, 7.79e-08
2018-08-05, 05:57:02, 0.0, 7.89e-08
2018-08-05, 05:57:04, 0.0, 7.8e-08
2018-08-05, 05:57:06, 0.0, 7.83e-08
2018-08-05, 05:57:08, 0.0, 7.8e-08
2018-08-05, 05:57:10, 0.0, 7.84e-08
2018-08-05, 05:57:12, 0.0, 7.84e-08
2018-08-05, 05:57:15, 0.0, 7.87e-08
2018-08-05, 05:57:17, 0.0, 7.83e-08
2018-08-05, 05:57:19, 0.0, 7.82e-08
2018-08-05, 05:57:21, 0.0, 7.82e-08
2018-08-05, 05:57:23, 0.0, 7.84e-08
2018-08-05, 05:57:25, 0.0, 7.83e-08
2018-08-05, 05:57:27, 0.0, 7.89e-08
2018-08-05, 05:57:29, 0.0, 7.81e-08
2018-08-05, 05:57:32, 0.0, 7.88e-08
2018-08-05, 05:57:34, 0.0, 7.87e-08
2018-08-05, 05:57:36, 0.0, 7.84e-08
2018-08-05, 05:57:38, 0.0, 7.86e-08
2018-08-05, 05:57:40, 0.0, 7.83e-08
2018-08-05, 05:57:42, 0.0, 7.8e-08
2018-08-05, 05:57:44, 0.0, 7.82e-08
2018-08-05, 05:57:46, 0.0, 7.88e-08
2018-08-05, 05:57:49, 0.0, 7.83e-08
2018-08-05, 05:57:51, 0.0, 7.85e-08
2018-08-05, 05:57:53, 0.0, 7.8e-08
2018-08-05, 05:57:55, 0.0, 7.87e-08
2018-08-05, 05:57:57, 0.0, 7.87e-08
2018-08-05, 05:57:59, 0.0, 7.88e-08
2018-08-05, 05:58:01, 0.0, 7.84e-08
2018-08-05, 05:58:03, 0.0, 7.85e-08
2018-08-05, 05:58:06, 0.0, 7.84e-08
2018-08-05, 05:58:08, 0.0, 7.86e-08
2018-08-05, 05:58:10, 0.0, 7.86e-08
2018-08-05, 05:58:12, 0.0, 7.83e-08
2018-08-05, 05:58:14, 0.0, 7.87e-08
2018-08-05, 05:58:16, 0.0, 7.83e-08
2018-08-05, 05:58:18, 0.0, 7.87e-08
2018-08-05, 05:58:20, 0.0, 7.81e-08
2018-08-05, 05:58:23, 0.0, 7.82e-08
2018-08-05, 05:58:25, 0.0, 7.84e-08
2018-08-05, 05:58:27, 0.0, 7.82e-08
2018-08-05, 05:58:29, 0.0, 7.83e-08
2018-08-05, 05:58:31, 0.0, 7.87e-08
2018-08-05, 05:58:33, 0.0, 7.76e-08
2018-08-05, 05:58:35, 0.0, 7.82e-08
2018-08-05, 05:58:37, 0.0, 7.78e-08
2018-08-05, 05:58:40, 0.0, 7.76e-08
2018-08-05, 05:58:42, 0.0, 7.8e-08
2018-08-05, 05:58:44, 0.0, 7.85e-08
2018-08-05, 05:58:46, 0.0, 7.85e-08
2018-08-05, 05:58:48, 0.0, 7.8e-08
2018-08-05, 05:58:50, 0.0, 7.88e-08
2018-08-05, 05:58:52, 0.0, 7.82e-08
2018-08-05, 05:58:55, 0.0, 7.89e-08
2018-08-05, 05:58:57, 0.0, 7.83e-08
2018-08-05, 05:58:59, 0.0, 7.79e-08
2018-08-05, 05:59:01, 0.0, 7.81e-08
2018-08-05, 05:59:03, 0.0, 7.84e-08
2018-08-05, 05:59:05, 0.0, 7.83e-08
2018-08-05, 05:59:07, 0.0, 7.86e-08
2018-08-05, 05:59:09, 0.0, 7.81e-08
2018-08-05, 05:59:12, 0.0, 7.84e-08
2018-08-05, 05:59:14, 0.0, 7.84e-08
2018-08-05, 05:59:16, 0.0, 7.81e-08
2018-08-05, 05:59:18, 0.0, 7.85e-08
2018-08-05, 05:59:20, 0.0, 7.82e-08
2018-08-05, 05:59:22, 0.0, 7.81e-08
2018-08-05, 05:59:24, 0.0, 7.84e-08
2018-08-05, 05:59:26, 0.0, 7.87e-08
2018-08-05, 05:59:29, 0.0, 7.76e-08
2018-08-05, 05:59:31, 0.0, 7.84e-08
2018-08-05, 05:59:33, 0.0, 7.83e-08
2018-08-05, 05:59:35, 0.0, 7.79e-08
2018-08-05, 05:59:37, 0.0, 7.79e-08
2018-08-05, 05:59:39, 0.0, 7.88e-08
2018-08-05, 05:59:41, 0.0, 7.88e-08
2018-08-05, 05:59:43, 0.0, 7.8e-08
2018-08-05, 05:59:46, 0.0, 7.86e-08
2018-08-05, 05:59:48, 0.0, 7.81e-08
2018-08-05, 05:59:50, 0.0, 7.83e-08
2018-08-05, 05:59:52, 0.0, 7.85e-08
2018-08-05, 05:59:54, 0.0, 7.88e-08
2018-08-05, 05:59:56, 0.0, 7.81e-08
2018-08-05, 05:59:58, 0.0, 7.82e-08
2018-08-05, 06:00:00, 0.0, 7.82e-08
2018-08-05, 06:00:03, 0.0, 7.78e-08
2018-08-05, 06:00:05, 0.0, 7.9e-08
2018-08-05, 06:00:07, 0.0, 7.86e-08
2018-08-05, 06:00:09, 0.0, 7.84e-08
2018-08-05, 06:00:11, 0.0, 7.85e-08
2018-08-05, 06:00:13, 0.0, 7.9e-08
2018-08-05, 06:00:15, 0.0, 7.86e-08
2018-08-05, 06:00:18, 0.0, 7.83e-08
2018-08-05, 06:00:20, 0.0, 7.84e-08
2018-08-05, 06:00:22, 0.0, 7.87e-08
2018-08-05, 06:00:24, 0.0, 7.8e-08
2018-08-05, 06:00:26, 0.0, 7.81e-08
2018-08-05, 06:00:28, 0.0, 7.82e-08
2018-08-05, 06:00:30, 0.0, 7.79e-08
2018-08-05, 06:00:32, 0.0, 7.82e-08
2018-08-05, 06:00:35, 0.0, 7.78e-08
2018-08-05, 06:00:37, 0.0, 7.8e-08
2018-08-05, 06:00:39, 0.0, 7.82e-08
2018-08-05, 06:00:41, 0.0, 7.8e-08
2018-08-05, 06:00:43, 0.0, 7.8e-08
2018-08-05, 06:00:45, 0.0, 7.86e-08
2018-08-05, 06:00:47, 0.0, 7.79e-08
2018-08-05, 06:00:49, 0.0, 7.77e-08
2018-08-05, 06:00:52, 0.0, 7.77e-08
2018-08-05, 06:00:54, 0.0, 7.8e-08
2018-08-05, 06:00:56, 0.0, 7.83e-08
2018-08-05, 06:00:58, 0.0, 7.8e-08
2018-08-05, 06:01:00, 0.0, 7.8e-08
2018-08-05, 06:01:02, 0.0, 7.84e-08
2018-08-05, 06:01:04, 0.0, 7.82e-08
2018-08-05, 06:01:06, 0.0, 7.83e-08
2018-08-05, 06:01:09, 0.0, 7.8e-08
2018-08-05, 06:01:11, 0.0, 7.8e-08
2018-08-05, 06:01:13, 0.0, 7.8e-08
2018-08-05, 06:01:15, 0.0, 7.8e-08
2018-08-05, 06:01:17, 0.0, 7.83e-08
2018-08-05, 06:01:19, 0.0, 7.83e-08
2018-08-05, 06:01:21, 0.0, 7.88e-08
2018-08-05, 06:01:23, 0.0, 7.81e-08
2018-08-05, 06:01:26, 0.0, 7.75e-08
2018-08-05, 06:01:28, 0.0, 7.82e-08
2018-08-05, 06:01:30, 0.0, 7.81e-08
2018-08-05, 06:01:32, 0.0, 7.86e-08
2018-08-05, 06:01:34, 0.0, 7.83e-08
2018-08-05, 06:01:36, 0.0, 7.81e-08
2018-08-05, 06:01:38, 0.0, 7.81e-08
2018-08-05, 06:01:41, 0.0, 7.77e-08
2018-08-05, 06:01:43, 0.0, 7.79e-08
2018-08-05, 06:01:45, 0.0, 7.8e-08
2018-08-05, 06:01:47, 0.0, 7.84e-08
2018-08-05, 06:01:49, 0.0, 7.76e-08
2018-08-05, 06:01:51, 0.0, 7.78e-08
2018-08-05, 06:01:53, 0.0, 7.8e-08
2018-08-05, 06:01:55, 0.0, 7.81e-08
2018-08-05, 06:01:58, 0.0, 7.84e-08
2018-08-05, 06:02:00, 0.0, 7.8e-08
2018-08-05, 06:02:02, 0.0, 7.73e-08
2018-08-05, 06:02:04, 0.0, 7.8e-08
2018-08-05, 06:02:06, 0.0, 7.8e-08
2018-08-05, 06:02:08, 0.0, 7.83e-08
2018-08-05, 06:02:10, 0.0, 7.84e-08
2018-08-05, 06:02:12, 0.0, 7.72e-08
2018-08-05, 06:02:15, 0.0, 7.8e-08
2018-08-05, 06:02:17, 0.0, 7.73e-08
2018-08-05, 06:02:19, 0.0, 7.85e-08
2018-08-05, 06:02:21, 0.0, 7.81e-08
2018-08-05, 06:02:23, 0.0, 7.89e-08
2018-08-05, 06:02:25, 0.0, 7.83e-08
2018-08-05, 06:02:27, 0.0, 7.8e-08
2018-08-05, 06:02:29, 0.0, 7.79e-08
2018-08-05, 06:02:32, 0.0, 7.75e-08
2018-08-05, 06:02:34, 0.0, 7.86e-08
2018-08-05, 06:02:36, 0.0, 7.84e-08
2018-08-05, 06:02:38, 0.0, 7.86e-08
2018-08-05, 06:02:40, 0.0, 7.87e-08
2018-08-05, 06:02:42, 0.0, 7.82e-08
2018-08-05, 06:02:44, 0.0, 7.88e-08
2018-08-05, 06:02:46, 0.0, 7.84e-08
2018-08-05, 06:02:49, 0.0, 7.87e-08
2018-08-05, 06:02:51, 0.0, 7.83e-08
2018-08-05, 06:02:53, 0.0, 7.8e-08
2018-08-05, 06:02:55, 0.0, 7.78e-08
2018-08-05, 06:02:57, 0.0, 7.81e-08
2018-08-05, 06:02:59, 0.0, 7.82e-08
2018-08-05, 06:03:01, 0.0, 7.86e-08
2018-08-05, 06:03:03, 0.0, 7.82e-08
2018-08-05, 06:03:06, 0.0, 7.82e-08
2018-08-05, 06:03:08, 0.0, 7.87e-08
2018-08-05, 06:03:10, 0.0, 7.84e-08
2018-08-05, 06:03:12, 0.0, 7.79e-08
2018-08-05, 06:03:14, 0.0, 7.82e-08
2018-08-05, 06:03:16, 0.0, 7.81e-08
2018-08-05, 06:03:18, 0.0, 7.85e-08
2018-08-05, 06:03:21, 0.0, 7.8e-08
2018-08-05, 06:03:23, 0.0, 7.83e-08
2018-08-05, 06:03:25, 0.0, 7.79e-08
2018-08-05, 06:03:27, 0.0, 7.83e-08
2018-08-05, 06:03:29, 0.0, 7.78e-08
2018-08-05, 06:03:31, 0.0, 7.81e-08
2018-08-05, 06:03:33, 0.0, 7.81e-08
2018-08-05, 06:03:35, 0.0, 7.83e-08
2018-08-05, 06:03:37, 0.0, 7.8e-08
2018-08-05, 06:03:40, 0.0, 7.8e-08
2018-08-05, 06:03:42, 0.0, 7.87e-08
2018-08-05, 06:03:44, 0.0, 7.83e-08
2018-08-05, 06:03:46, 0.0, 7.87e-08
2018-08-05, 06:03:48, 0.0, 7.84e-08
2018-08-05, 06:03:50, 0.0, 7.83e-08
2018-08-05, 06:03:52, 0.0, 7.83e-08
2018-08-05, 06:03:54, 0.0, 7.84e-08
2018-08-05, 06:03:57, 0.0, 7.87e-08
2018-08-05, 06:03:59, 0.0, 7.83e-08
2018-08-05, 06:04:01, 0.0, 7.92e-08
2018-08-05, 06:04:03, 0.0, 7.9e-08
2018-08-05, 06:04:05, 0.0, 7.81e-08
2018-08-05, 06:04:07, 0.0, 7.82e-08
2018-08-05, 06:04:09, 0.0, 7.87e-08
2018-08-05, 06:04:11, 0.0, 7.85e-08
2018-08-05, 06:04:14, 0.0, 7.83e-08
2018-08-05, 06:04:16, 0.0, 7.8e-08
2018-08-05, 06:04:18, 0.0, 7.84e-08
2018-08-05, 06:04:20, 0.0, 7.82e-08
2018-08-05, 06:04:22, 0.0, 7.83e-08
2018-08-05, 06:04:24, 0.0, 7.83e-08
2018-08-05, 06:04:26, 0.0, 7.83e-08
2018-08-05, 06:04:28, 0.0, 7.83e-08
2018-08-05, 06:04:31, 0.0, 7.88e-08
2018-08-05, 06:04:33, 0.0, 7.85e-08
2018-08-05, 06:04:35, 0.0, 7.85e-08
2018-08-05, 06:04:37, 0.0, 7.79e-08
2018-08-05, 06:04:39, 0.0, 7.85e-08
2018-08-05, 06:04:41, 0.0, 7.88e-08
2018-08-05, 06:04:43, 0.0, 7.81e-08
2018-08-05, 06:04:45, 0.0, 7.82e-08
2018-08-05, 06:04:48, 0.0, 7.81e-08
2018-08-05, 06:04:50, 0.0, 7.8e-08
2018-08-05, 06:04:52, 0.0, 7.75e-08
2018-08-05, 06:04:54, 0.0, 7.86e-08
2018-08-05, 06:04:56, 0.0, 7.8e-08
2018-08-05, 06:04:58, 0.0, 7.8e-08
2018-08-05, 06:05:00, 0.0, 7.85e-08
2018-08-05, 06:05:02, 0.0, 7.8e-08
2018-08-05, 06:05:05, 0.0, 7.84e-08
2018-08-05, 06:05:07, 0.0, 7.85e-08
2018-08-05, 06:05:09, 0.0, 7.76e-08
2018-08-05, 06:05:11, 0.0, 7.86e-08
2018-08-05, 06:05:13, 0.0, 7.79e-08
2018-08-05, 06:05:15, 0.0, 7.78e-08
2018-08-05, 06:05:17, 0.0, 7.78e-08
2018-08-05, 06:05:20, 0.0, 7.88e-08
2018-08-05, 06:05:22, 0.0, 7.85e-08
2018-08-05, 06:05:24, 0.0, 7.84e-08
2018-08-05, 06:05:26, 0.0, 7.78e-08
2018-08-05, 06:05:28, 0.0, 7.82e-08
2018-08-05, 06:05:30, 0.0, 7.81e-08
2018-08-05, 06:05:32, 0.0, 7.84e-08
2018-08-05, 06:05:34, 0.0, 7.87e-08
2018-08-05, 06:05:37, 0.0, 7.83e-08
2018-08-05, 06:05:39, 0.0, 7.86e-08
2018-08-05, 06:05:41, 0.0, 7.84e-08
2018-08-05, 06:05:43, 0.0, 7.83e-08
2018-08-05, 06:05:45, 0.0, 7.84e-08
2018-08-05, 06:05:47, 0.0, 7.85e-08
2018-08-05, 06:05:49, 0.0, 7.82e-08
2018-08-05, 06:05:51, 0.0, 7.83e-08
2018-08-05, 06:05:54, 0.0, 7.84e-08
2018-08-05, 06:05:56, 0.0, 7.82e-08
2018-08-05, 06:05:58, 0.0, 7.88e-08
2018-08-05, 06:06:00, 0.0, 7.81e-08
2018-08-05, 06:06:02, 0.0, 7.83e-08
2018-08-05, 06:06:04, 0.0, 7.82e-08
2018-08-05, 06:06:06, 0.0, 7.85e-08
2018-08-05, 06:06:08, 0.0, 7.83e-08
2018-08-05, 06:06:11, 0.0, 7.84e-08
2018-08-05, 06:06:13, 0.0, 7.83e-08
2018-08-05, 06:06:15, 0.0, 7.84e-08
2018-08-05, 06:06:17, 0.0, 7.85e-08
2018-08-05, 06:06:19, 0.0, 7.84e-08
2018-08-05, 06:06:21, 0.0, 7.81e-08
2018-08-05, 06:06:23, 0.0, 7.78e-08
2018-08-05, 06:06:25, 0.0, 7.82e-08
2018-08-05, 06:06:28, 0.0, 7.84e-08
2018-08-05, 06:06:30, 0.0, 7.8e-08
2018-08-05, 06:06:32, 0.0, 7.88e-08
2018-08-05, 06:06:34, 0.0, 7.85e-08
2018-08-05, 06:06:36, 0.0, 7.9e-08
2018-08-05, 06:06:38, 0.0, 7.82e-08
2018-08-05, 06:06:40, 0.0, 7.83e-08
2018-08-05, 06:06:42, 0.0, 7.82e-08
2018-08-05, 06:06:45, 0.0, 7.82e-08
2018-08-05, 06:06:47, 0.0, 7.87e-08
2018-08-05, 06:06:49, 0.0, 7.76e-08
2018-08-05, 06:06:51, 0.0, 7.8e-08
2018-08-05, 06:06:53, 0.0, 7.77e-08
2018-08-05, 06:06:55, 0.0, 7.78e-08
2018-08-05, 06:06:57, 0.0, 7.77e-08
2018-08-05, 06:06:59, 0.0, 7.83e-08
2018-08-05, 06:07:02, 0.0, 7.8e-08
2018-08-05, 06:07:04, 0.0, 7.79e-08
2018-08-05, 06:07:06, 0.0, 7.83e-08
2018-08-05, 06:07:08, 0.0, 7.75e-08
2018-08-05, 06:07:10, 0.0, 7.79e-08
2018-08-05, 06:07:12, 0.0, 7.81e-08
2018-08-05, 06:07:14, 0.0, 7.86e-08
2018-08-05, 06:07:17, 0.0, 7.81e-08
2018-08-05, 06:07:19, 0.0, 7.81e-08
2018-08-05, 06:07:21, 0.0, 7.85e-08
2018-08-05, 06:07:23, 0.0, 7.82e-08
2018-08-05, 06:07:25, 0.0, 7.8e-08
2018-08-05, 06:07:27, 0.0, 7.82e-08
2018-08-05, 06:07:29, 0.0, 7.82e-08
2018-08-05, 06:07:31, 0.0, 7.8e-08
2018-08-05, 06:07:34, 0.0, 7.83e-08
2018-08-05, 06:07:36, 0.0, 7.84e-08
2018-08-05, 06:07:38, 0.0, 7.85e-08
2018-08-05, 06:07:40, 0.0, 7.81e-08
2018-08-05, 06:07:42, 0.0, 7.84e-08
2018-08-05, 06:07:44, 0.0, 7.83e-08
2018-08-05, 06:07:46, 0.0, 7.78e-08
2018-08-05, 06:07:48, 0.0, 7.86e-08
2018-08-05, 06:07:51, 0.0, 7.82e-08
2018-08-05, 06:07:53, 0.0, 7.83e-08
2018-08-05, 06:07:55, 0.0, 7.83e-08
2018-08-05, 06:07:57, 0.0, 7.86e-08
2018-08-05, 06:07:59, 0.0, 7.86e-08
2018-08-05, 06:08:01, 0.0, 7.83e-08
2018-08-05, 06:08:03, 0.0, 7.85e-08
2018-08-05, 06:08:05, 0.0, 7.82e-08
2018-08-05, 06:08:08, 0.0, 7.87e-08
2018-08-05, 06:08:10, 0.0, 7.84e-08
2018-08-05, 06:08:12, 0.0, 7.82e-08
2018-08-05, 06:08:14, 0.0, 7.81e-08
2018-08-05, 06:08:16, 0.0, 7.88e-08
2018-08-05, 06:08:18, 0.0, 7.82e-08
2018-08-05, 06:08:20, 0.0, 7.83e-08
2018-08-05, 06:08:22, 0.0, 7.84e-08
2018-08-05, 06:08:25, 0.0, 7.85e-08
2018-08-05, 06:08:27, 0.0, 7.82e-08
2018-08-05, 06:08:29, 0.0, 7.81e-08
2018-08-05, 06:08:31, 0.0, 7.81e-08
2018-08-05, 06:08:33, 0.0, 7.82e-08
2018-08-05, 06:08:35, 0.0, 7.83e-08
2018-08-05, 06:08:37, 0.0, 7.79e-08
2018-08-05, 06:08:39, 0.0, 7.81e-08
2018-08-05, 06:08:42, 0.0, 7.8e-08
2018-08-05, 06:08:44, 0.0, 7.77e-08
2018-08-05, 06:08:46, 0.0, 7.81e-08
2018-08-05, 06:08:48, 0.0, 7.8e-08
2018-08-05, 06:08:50, 0.0, 7.82e-08
2018-08-05, 06:08:52, 0.0, 7.83e-08
2018-08-05, 06:08:54, 0.0, 7.81e-08
2018-08-05, 06:08:56, 0.0, 7.89e-08
2018-08-05, 06:08:59, 0.0, 7.83e-08
2018-08-05, 06:09:01, 0.0, 7.89e-08
2018-08-05, 06:09:03, 0.0, 7.81e-08
2018-08-05, 06:09:05, 0.0, 7.84e-08
2018-08-05, 06:09:07, 0.0, 7.8e-08
2018-08-05, 06:09:09, 0.0, 7.84e-08
2018-08-05, 06:09:11, 0.0, 7.86e-08
2018-08-05, 06:09:14, 0.0, 7.84e-08
2018-08-05, 06:09:16, 0.0, 7.87e-08
2018-08-05, 06:09:18, 0.0, 7.83e-08
2018-08-05, 06:09:20, 0.0, 7.86e-08
2018-08-05, 06:09:22, 0.0, 7.78e-08
2018-08-05, 06:09:24, 0.0, 7.77e-08
2018-08-05, 06:09:26, 0.0, 7.83e-08
2018-08-05, 06:09:28, 0.0, 7.82e-08
2018-08-05, 06:09:31, 0.0, 7.86e-08
2018-08-05, 06:09:33, 0.0, 7.85e-08
2018-08-05, 06:09:35, 0.0, 7.82e-08
2018-08-05, 06:09:37, 0.0, 7.9e-08
2018-08-05, 06:09:39, 0.0, 7.88e-08
2018-08-05, 06:09:41, 0.0, 7.82e-08
2018-08-05, 06:09:43, 0.0, 7.82e-08
2018-08-05, 06:09:45, 0.0, 7.81e-08
2018-08-05, 06:09:48, 0.0, 7.86e-08
2018-08-05, 06:09:50, 0.0, 7.87e-08
2018-08-05, 06:09:52, 0.0, 7.81e-08
2018-08-05, 06:09:54, 0.0, 7.85e-08
2018-08-05, 06:09:56, 0.0, 7.84e-08
2018-08-05, 06:09:58, 0.0, 7.83e-08
2018-08-05, 06:10:00, 0.0, 7.85e-08
2018-08-05, 06:10:02, 0.0, 7.91e-08
2018-08-05, 06:10:05, 0.0, 7.84e-08
2018-08-05, 06:10:07, 0.0, 7.82e-08
2018-08-05, 06:10:09, 0.0, 7.83e-08
2018-08-05, 06:10:11, 0.0, 7.78e-08
2018-08-05, 06:10:13, 0.0, 7.83e-08
2018-08-05, 06:10:15, 0.0, 7.84e-08
2018-08-05, 06:10:17, 0.0, 7.8e-08
2018-08-05, 06:10:19, 0.0, 7.88e-08
2018-08-05, 06:10:22, 0.0, 7.85e-08
2018-08-05, 06:10:24, 0.0, 7.84e-08
2018-08-05, 06:10:26, 0.0, 7.85e-08
2018-08-05, 06:10:28, 0.0, 7.79e-08
2018-08-05, 06:10:30, 0.0, 7.82e-08
2018-08-05, 06:10:32, 0.0, 7.9e-08
2018-08-05, 06:10:34, 0.0, 7.84e-08
2018-08-05, 06:10:36, 0.0, 7.83e-08
2018-08-05, 06:10:39, 0.0, 7.83e-08
2018-08-05, 06:10:41, 0.0, 7.88e-08
2018-08-05, 06:10:43, 0.0, 7.89e-08
2018-08-05, 06:10:45, 0.0, 7.83e-08
2018-08-05, 06:10:47, 0.0, 7.87e-08
2018-08-05, 06:10:49, 0.0, 7.91e-08
2018-08-05, 06:10:51, 0.0, 7.9e-08
2018-08-05, 06:10:53, 0.0, 7.91e-08
2018-08-05, 06:10:56, 0.0, 7.89e-08
2018-08-05, 06:10:58, 0.0, 7.85e-08
2018-08-05, 06:11:00, 0.0, 7.84e-08
2018-08-05, 06:11:02, 0.0, 7.84e-08
2018-08-05, 06:11:04, 0.0, 7.86e-08
2018-08-05, 06:11:06, 0.0, 7.87e-08
2018-08-05, 06:11:08, 0.0, 7.84e-08
2018-08-05, 06:11:10, 0.0, 7.87e-08
2018-08-05, 06:11:13, 0.0, 7.88e-08
2018-08-05, 06:11:15, 0.0, 7.86e-08
2018-08-05, 06:11:17, 0.0, 7.82e-08
2018-08-05, 06:11:19, 0.0, 7.84e-08
2018-08-05, 06:11:21, 0.0, 7.83e-08
2018-08-05, 06:11:23, 0.0, 7.79e-08
2018-08-05, 06:11:25, 0.0, 7.89e-08
2018-08-05, 06:11:27, 0.0, 7.84e-08
2018-08-05, 06:11:30, 0.0, 7.88e-08
2018-08-05, 06:11:32, 0.0, 7.95e-08
2018-08-05, 06:11:34, 0.0, 7.9e-08
2018-08-05, 06:11:36, 0.0, 7.88e-08
2018-08-05, 06:11:38, 0.0, 7.89e-08
2018-08-05, 06:11:40, 0.0, 7.86e-08
2018-08-05, 06:11:42, 0.0, 7.84e-08
2018-08-05, 06:11:45, 0.0, 7.88e-08
2018-08-05, 06:11:47, 0.0, 7.83e-08
2018-08-05, 06:11:49, 0.0, 7.85e-08
2018-08-05, 06:11:51, 0.0, 7.88e-08
2018-08-05, 06:11:53, 0.0, 7.81e-08
2018-08-05, 06:11:55, 0.0, 7.81e-08
2018-08-05, 06:11:57, 0.0, 7.73e-08
2018-08-05, 06:11:59, 0.0, 7.84e-08
2018-08-05, 06:12:02, 0.0, 7.81e-08
2018-08-05, 06:12:04, 0.0, 7.8e-08
2018-08-05, 06:12:06, 0.0, 7.85e-08
2018-08-05, 06:12:08, 0.0, 7.81e-08
2018-08-05, 06:12:10, 0.0, 7.8e-08
2018-08-05, 06:12:12, 0.0, 7.82e-08
2018-08-05, 06:12:14, 0.0, 7.8e-08
2018-08-05, 06:12:16, 0.0, 7.83e-08
2018-08-05, 06:12:19, 0.0, 7.8e-08
2018-08-05, 06:12:21, 0.0, 7.84e-08
2018-08-05, 06:12:23, 0.0, 7.87e-08
2018-08-05, 06:12:25, 0.0, 7.83e-08
2018-08-05, 06:12:27, 0.0, 7.85e-08
2018-08-05, 06:12:29, 0.0, 7.83e-08
2018-08-05, 06:12:31, 0.0, 7.87e-08
2018-08-05, 06:12:33, 0.0, 7.86e-08
2018-08-05, 06:12:36, 0.0, 7.84e-08
2018-08-05, 06:12:38, 0.0, 7.8e-08
2018-08-05, 06:12:40, 0.0, 7.83e-08
2018-08-05, 06:12:42, 0.0, 7.82e-08
2018-08-05, 06:12:44, 0.0, 7.76e-08
2018-08-05, 06:12:46, 0.0, 7.75e-08
2018-08-05, 06:12:48, 0.0, 7.82e-08
2018-08-05, 06:12:50, 0.0, 7.78e-08
2018-08-05, 06:12:53, 0.0, 7.83e-08
2018-08-05, 06:12:55, 0.0, 7.77e-08
2018-08-05, 06:12:57, 0.0, 7.79e-08
2018-08-05, 06:12:59, 0.0, 7.84e-08
2018-08-05, 06:13:01, 0.0, 7.81e-08
2018-08-05, 06:13:03, 0.0, 7.79e-08
2018-08-05, 06:13:05, 0.0, 7.84e-08
2018-08-05, 06:13:08, 0.0, 7.82e-08
2018-08-05, 06:13:10, 0.0, 7.83e-08
2018-08-05, 06:13:12, 0.0, 7.81e-08
2018-08-05, 06:13:14, 0.0, 7.85e-08
2018-08-05, 06:13:16, 0.0, 7.85e-08
2018-08-05, 06:13:18, 0.0, 7.84e-08
2018-08-05, 06:13:20, 0.0, 7.78e-08
2018-08-05, 06:13:22, 0.0, 7.83e-08
2018-08-05, 06:13:25, 0.0, 7.84e-08
2018-08-05, 06:13:27, 0.0, 7.78e-08
2018-08-05, 06:13:29, 0.0, 7.85e-08
2018-08-05, 06:13:31, 0.0, 7.83e-08
2018-08-05, 06:13:33, 0.0, 7.8e-08
2018-08-05, 06:13:35, 0.0, 7.87e-08
2018-08-05, 06:13:37, 0.0, 7.79e-08
2018-08-05, 06:13:39, 0.0, 7.84e-08
2018-08-05, 06:13:42, 0.0, 7.8e-08
2018-08-05, 06:13:44, 0.0, 7.78e-08
2018-08-05, 06:13:46, 0.0, 7.86e-08
2018-08-05, 06:13:48, 0.0, 7.84e-08
2018-08-05, 06:13:50, 0.0, 7.85e-08
2018-08-05, 06:13:52, 0.0, 7.8e-08
2018-08-05, 06:13:54, 0.0, 7.85e-08
2018-08-05, 06:13:56, 0.0, 7.81e-08
2018-08-05, 06:13:59, 0.0, 7.84e-08
2018-08-05, 06:14:01, 0.0, 7.81e-08
2018-08-05, 06:14:03, 0.0, 7.89e-08
2018-08-05, 06:14:05, 0.0, 7.79e-08
2018-08-05, 06:14:07, 0.0, 7.84e-08
2018-08-05, 06:14:09, 0.0, 7.84e-08
2018-08-05, 06:14:11, 0.0, 7.85e-08
2018-08-05, 06:14:13, 0.0, 7.86e-08
2018-08-05, 06:14:16, 0.0, 7.87e-08
2018-08-05, 06:14:18, 0.0, 7.82e-08
2018-08-05, 06:14:20, 0.0, 7.85e-08
2018-08-05, 06:14:22, 0.0, 7.83e-08
2018-08-05, 06:14:24, 0.0, 7.86e-08
2018-08-05, 06:14:26, 0.0, 7.82e-08
2018-08-05, 06:14:28, 0.0, 7.8e-08
2018-08-05, 06:14:30, 0.0, 7.83e-08
2018-08-05, 06:14:33, 0.0, 7.79e-08
2018-08-05, 06:14:35, 0.0, 7.82e-08
2018-08-05, 06:14:37, 0.0, 7.83e-08
2018-08-05, 06:14:39, 0.0, 7.84e-08
2018-08-05, 06:14:41, 0.0, 7.86e-08
2018-08-05, 06:14:43, 0.0, 7.88e-08
2018-08-05, 06:14:45, 0.0, 7.84e-08
2018-08-05, 06:14:47, 0.0, 7.85e-08
2018-08-05, 06:14:50, 0.0, 7.88e-08
2018-08-05, 06:14:52, 0.0, 7.81e-08
2018-08-05, 06:14:54, 0.0, 7.78e-08
2018-08-05, 06:14:56, 0.0, 7.82e-08
2018-08-05, 06:14:58, 0.0, 7.84e-08
2018-08-05, 06:15:00, 0.0, 7.87e-08
2018-08-05, 06:15:02, 0.0, 7.81e-08
2018-08-05, 06:15:04, 0.0, 7.79e-08
2018-08-05, 06:15:07, 0.0, 7.84e-08
2018-08-05, 06:15:09, 0.0, 7.82e-08
2018-08-05, 06:15:11, 0.0, 7.82e-08
2018-08-05, 06:15:13, 0.0, 7.84e-08
2018-08-05, 06:15:15, 0.0, 7.83e-08
2018-08-05, 06:15:17, 0.0, 7.83e-08
2018-08-05, 06:15:19, 0.0, 7.85e-08
2018-08-05, 06:15:21, 0.0, 7.85e-08
2018-08-05, 06:15:24, 0.0, 7.84e-08
2018-08-05, 06:15:26, 0.0, 7.79e-08
2018-08-05, 06:15:28, 0.0, 7.81e-08
2018-08-05, 06:15:30, 0.0, 7.82e-08
2018-08-05, 06:15:32, 0.0, 7.83e-08
2018-08-05, 06:15:34, 0.0, 7.83e-08
2018-08-05, 06:15:36, 0.0, 7.83e-08
2018-08-05, 06:15:38, 0.0, 7.78e-08
2018-08-05, 06:15:41, 0.0, 7.83e-08
2018-08-05, 06:15:43, 0.0, 7.75e-08
2018-08-05, 06:15:45, 0.0, 7.82e-08
2018-08-05, 06:15:47, 0.0, 7.78e-08
2018-08-05, 06:15:49, 0.0, 7.82e-08
2018-08-05, 06:15:51, 0.0, 7.85e-08
2018-08-05, 06:15:53, 0.0, 7.8e-08
2018-08-05, 06:15:55, 0.0, 7.81e-08
2018-08-05, 06:15:58, 0.0, 7.8e-08
2018-08-05, 06:16:00, 0.0, 7.8e-08
2018-08-05, 06:16:02, 0.0, 7.78e-08
2018-08-05, 06:16:04, 0.0, 7.79e-08
2018-08-05, 06:16:06, 0.0, 7.78e-08
2018-08-05, 06:16:08, 0.0, 7.82e-08
2018-08-05, 06:16:10, 0.0, 7.78e-08
2018-08-05, 06:16:12, 0.0, 7.76e-08
2018-08-05, 06:16:15, 0.0, 7.8e-08
2018-08-05, 06:16:17, 0.0, 7.77e-08
2018-08-05, 06:16:19, 0.0, 7.79e-08
2018-08-05, 06:16:21, 0.0, 7.76e-08
2018-08-05, 06:16:23, 0.0, 7.84e-08
2018-08-05, 06:16:25, 0.0, 7.77e-08
2018-08-05, 06:16:27, 0.0, 7.79e-08
2018-08-05, 06:16:30, 0.0, 7.79e-08
2018-08-05, 06:16:32, 0.0, 7.8e-08
2018-08-05, 06:16:34, 0.0, 7.78e-08
2018-08-05, 06:16:36, 0.0, 7.8e-08
2018-08-05, 06:16:38, 0.0, 7.78e-08
2018-08-05, 06:16:40, 0.0, 7.81e-08
2018-08-05, 06:16:42, 0.0, 7.79e-08
2018-08-05, 06:16:44, 0.0, 7.81e-08
2018-08-05, 06:16:46, 0.0, 7.83e-08
2018-08-05, 06:16:49, 0.0, 7.83e-08
2018-08-05, 06:16:51, 0.0, 7.8e-08
2018-08-05, 06:16:53, 0.0, 7.77e-08
2018-08-05, 06:16:55, 0.0, 7.8e-08
2018-08-05, 06:16:57, 0.0, 7.79e-08
2018-08-05, 06:16:59, 0.0, 7.79e-08
2018-08-05, 06:17:01, 0.0, 7.81e-08
2018-08-05, 06:17:03, 0.0, 7.82e-08
2018-08-05, 06:17:06, 0.0, 7.83e-08
2018-08-05, 06:17:08, 0.0, 7.79e-08
2018-08-05, 06:17:10, 0.0, 7.83e-08
2018-08-05, 06:17:12, 0.0, 7.79e-08
2018-08-05, 06:17:14, 0.0, 7.81e-08
2018-08-05, 06:17:16, 0.0, 7.79e-08
2018-08-05, 06:17:18, 0.0, 7.88e-08
2018-08-05, 06:17:21, 0.0, 7.78e-08
2018-08-05, 06:17:23, 0.0, 7.85e-08
2018-08-05, 06:17:25, 0.0, 7.84e-08
2018-08-05, 06:17:27, 0.0, 7.81e-08
2018-08-05, 06:17:29, 0.0, 7.88e-08
2018-08-05, 06:17:31, 0.0, 7.83e-08
2018-08-05, 06:17:33, 0.0, 7.83e-08
2018-08-05, 06:17:35, 0.0, 7.81e-08
2018-08-05, 06:17:38, 0.0, 7.83e-08
2018-08-05, 06:17:40, 0.0, 7.8e-08
2018-08-05, 06:17:42, 0.0, 7.8e-08
2018-08-05, 06:17:44, 0.0, 7.85e-08
2018-08-05, 06:17:46, 0.0, 7.81e-08
2018-08-05, 06:17:48, 0.0, 7.78e-08
2018-08-05, 06:17:50, 0.0, 7.8e-08
2018-08-05, 06:17:52, 0.0, 7.82e-08
2018-08-05, 06:17:55, 0.0, 7.79e-08
2018-08-05, 06:17:57, 0.0, 7.8e-08
2018-08-05, 06:17:59, 0.0, 7.82e-08
2018-08-05, 06:18:01, 0.0, 7.85e-08
2018-08-05, 06:18:03, 0.0, 7.81e-08
2018-08-05, 06:18:05, 0.0, 7.8e-08
2018-08-05, 06:18:07, 0.0, 7.81e-08
2018-08-05, 06:18:09, 0.0, 7.85e-08
2018-08-05, 06:18:12, 0.0, 7.81e-08
2018-08-05, 06:18:14, 0.0, 7.88e-08
2018-08-05, 06:18:16, 0.0, 7.82e-08
2018-08-05, 06:18:18, 0.0, 7.8e-08
2018-08-05, 06:18:20, 0.0, 7.81e-08
2018-08-05, 06:18:22, 0.0, 7.82e-08
2018-08-05, 06:18:24, 0.0, 7.8e-08
2018-08-05, 06:18:26, 0.0, 7.81e-08
2018-08-05, 06:18:29, 0.0, 7.84e-08
2018-08-05, 06:18:31, 0.0, 7.77e-08
2018-08-05, 06:18:33, 0.0, 7.82e-08
2018-08-05, 06:18:35, 0.0, 7.79e-08
2018-08-05, 06:18:37, 0.0, 7.79e-08
2018-08-05, 06:18:39, 0.0, 7.8e-08
2018-08-05, 06:18:41, 0.0, 7.87e-08
2018-08-05, 06:18:43, 0.0, 7.81e-08
2018-08-05, 06:18:46, 0.0, 7.78e-08
2018-08-05, 06:18:48, 0.0, 7.84e-08
2018-08-05, 06:18:50, 0.0, 7.76e-08
2018-08-05, 06:18:52, 0.0, 7.8e-08
2018-08-05, 06:18:54, 0.0, 7.78e-08
2018-08-05, 06:18:56, 0.0, 7.81e-08
2018-08-05, 06:18:58, 0.0, 7.79e-08
2018-08-05, 06:19:00, 0.0, 7.78e-08
2018-08-05, 06:19:03, 0.0, 7.84e-08
2018-08-05, 06:19:05, 0.0, 7.8e-08
2018-08-05, 06:19:07, 0.0, 7.79e-08
2018-08-05, 06:19:09, 0.0, 7.8e-08
2018-08-05, 06:19:11, 0.0, 7.83e-08
2018-08-05, 06:19:13, 0.0, 7.79e-08
2018-08-05, 06:19:15, 0.0, 7.82e-08
2018-08-05, 06:19:17, 0.0, 7.86e-08
2018-08-05, 06:19:20, 0.0, 7.85e-08
2018-08-05, 06:19:22, 0.0, 7.8e-08
2018-08-05, 06:19:24, 0.0, 7.84e-08
2018-08-05, 06:19:26, 0.0, 7.84e-08
2018-08-05, 06:19:28, 0.0, 7.8e-08
2018-08-05, 06:19:30, 0.0, 7.84e-08
2018-08-05, 06:19:32, 0.0, 7.77e-08
2018-08-05, 06:19:34, 0.0, 7.81e-08
2018-08-05, 06:19:37, 0.0, 7.77e-08
2018-08-05, 06:19:39, 0.0, 7.77e-08
2018-08-05, 06:19:41, 0.0, 7.81e-08
2018-08-05, 06:19:43, 0.0, 7.82e-08
2018-08-05, 06:19:45, 0.0, 7.82e-08
2018-08-05, 06:19:47, 0.0, 7.81e-08
2018-08-05, 06:19:49, 0.0, 7.81e-08
2018-08-05, 06:19:51, 0.0, 7.78e-08
2018-08-05, 06:19:54, 0.0, 7.88e-08
2018-08-05, 06:19:56, 0.0, 7.81e-08
2018-08-05, 06:19:58, 0.0, 7.84e-08
2018-08-05, 06:20:00, 0.0, 7.83e-08
2018-08-05, 06:20:02, 0.0, 7.85e-08
2018-08-05, 06:20:04, 0.0, 7.75e-08
2018-08-05, 06:20:06, 0.0, 7.83e-08
2018-08-05, 06:20:09, 0.0, 7.81e-08
2018-08-05, 06:20:11, 0.0, 7.83e-08
2018-08-05, 06:20:13, 0.0, 7.78e-08
2018-08-05, 06:20:15, 0.0, 7.81e-08
2018-08-05, 06:20:17, 0.0, 7.82e-08
2018-08-05, 06:20:19, 0.0, 7.76e-08
2018-08-05, 06:20:21, 0.0, 7.79e-08
2018-08-05, 06:20:23, 0.0, 7.8e-08
2018-08-05, 06:20:26, 0.0, 7.83e-08
2018-08-05, 06:20:28, 0.0, 7.88e-08
2018-08-05, 06:20:30, 0.0, 7.83e-08
2018-08-05, 06:20:32, 0.0, 7.84e-08
2018-08-05, 06:20:34, 0.0, 7.76e-08
2018-08-05, 06:20:36, 0.0, 7.84e-08
2018-08-05, 06:20:38, 0.0, 7.81e-08
2018-08-05, 06:20:40, 0.0, 7.78e-08
2018-08-05, 06:20:43, 0.0, 7.81e-08
2018-08-05, 06:20:45, 0.0, 7.8e-08
2018-08-05, 06:20:47, 0.0, 7.78e-08
2018-08-05, 06:20:49, 0.0, 7.77e-08
2018-08-05, 06:20:51, 0.0, 7.79e-08
2018-08-05, 06:20:53, 0.0, 7.77e-08
2018-08-05, 06:20:55, 0.0, 7.78e-08
2018-08-05, 06:20:57, 0.0, 7.74e-08
2018-08-05, 06:21:00, 0.0, 7.71e-08
2018-08-05, 06:21:02, 0.0, 7.73e-08
2018-08-05, 06:21:04, 0.0, 7.73e-08
2018-08-05, 06:21:06, 0.0, 7.77e-08
2018-08-05, 06:21:08, 0.0, 7.72e-08
2018-08-05, 06:21:10, 0.0, 7.79e-08
2018-08-05, 06:21:12, 0.0, 7.77e-08
2018-08-05, 06:21:14, 0.0, 7.68e-08
2018-08-05, 06:21:17, 0.0, 7.79e-08
2018-08-05, 06:21:19, 0.0, 7.79e-08
2018-08-05, 06:21:21, 0.0, 7.78e-08
2018-08-05, 06:21:23, 0.0, 7.79e-08
2018-08-05, 06:21:25, 0.0, 7.72e-08
2018-08-05, 06:21:27, 0.0, 7.82e-08
2018-08-05, 06:21:29, 0.0, 7.74e-08
2018-08-05, 06:21:32, 0.0, 7.77e-08
2018-08-05, 06:21:34, 0.0, 7.84e-08
2018-08-05, 06:21:36, 0.0, 7.76e-08
2018-08-05, 06:21:38, 0.0, 7.72e-08
2018-08-05, 06:21:40, 0.0, 7.73e-08
2018-08-05, 06:21:42, 0.0, 7.82e-08
2018-08-05, 06:21:44, 0.0, 7.71e-08
2018-08-05, 06:21:46, 0.0, 7.73e-08
2018-08-05, 06:21:49, 0.0, 7.82e-08
2018-08-05, 06:21:51, 0.0, 7.76e-08
2018-08-05, 06:21:53, 0.0, 7.76e-08
2018-08-05, 06:21:55, 0.0, 7.77e-08
2018-08-05, 06:21:57, 0.0, 7.74e-08
2018-08-05, 06:21:59, 0.0, 7.81e-08
2018-08-05, 06:22:01, 0.0, 7.81e-08
2018-08-05, 06:22:03, 0.0, 7.83e-08
2018-08-05, 06:22:06, 0.0, 7.82e-08
2018-08-05, 06:22:08, 0.0, 7.77e-08
2018-08-05, 06:22:10, 0.0, 7.79e-08
2018-08-05, 06:22:12, 0.0, 7.79e-08
2018-08-05, 06:22:14, 0.0, 7.77e-08
2018-08-05, 06:22:16, 0.0, 7.76e-08
2018-08-05, 06:22:18, 0.0, 7.78e-08
2018-08-05, 06:22:20, 0.0, 7.8e-08
2018-08-05, 06:22:23, 0.0, 7.82e-08
2018-08-05, 06:22:25, 0.0, 7.79e-08
2018-08-05, 06:22:27, 0.0, 7.74e-08
2018-08-05, 06:22:29, 0.0, 7.81e-08
2018-08-05, 06:22:31, 0.0, 7.76e-08
2018-08-05, 06:22:33, 0.0, 7.77e-08
2018-08-05, 06:22:35, 0.0, 7.79e-08
2018-08-05, 06:22:37, 0.0, 7.81e-08
2018-08-05, 06:22:40, 0.0, 7.75e-08
2018-08-05, 06:22:42, 0.0, 7.79e-08
2018-08-05, 06:22:44, 0.0, 7.78e-08
2018-08-05, 06:22:46, 0.0, 7.81e-08
2018-08-05, 06:22:48, 0.0, 7.75e-08
2018-08-05, 06:22:50, 0.0, 7.74e-08
2018-08-05, 06:22:52, 0.0, 7.71e-08
2018-08-05, 06:22:54, 0.0, 7.82e-08
2018-08-05, 06:22:57, 0.0, 7.76e-08
2018-08-05, 06:22:59, 0.0, 7.74e-08
2018-08-05, 06:23:01, 0.0, 7.81e-08
2018-08-05, 06:23:03, 0.0, 7.72e-08
2018-08-05, 06:23:05, 0.0, 7.83e-08
2018-08-05, 06:23:07, 0.0, 7.76e-08
2018-08-05, 06:23:09, 0.0, 7.76e-08
2018-08-05, 06:23:11, 0.0, 7.71e-08
2018-08-05, 06:23:14, 0.0, 7.73e-08
2018-08-05, 06:23:16, 0.0, 7.76e-08
2018-08-05, 06:23:18, 0.0, 7.8e-08
2018-08-05, 06:23:20, 0.0, 7.77e-08
2018-08-05, 06:23:22, 0.0, 7.83e-08
2018-08-05, 06:23:24, 0.0, 7.73e-08
2018-08-05, 06:23:26, 0.0, 7.72e-08
2018-08-05, 06:23:28, 0.0, 7.81e-08
2018-08-05, 06:23:31, 0.0, 7.8e-08
2018-08-05, 06:23:33, 0.0, 7.73e-08
2018-08-05, 06:23:35, 0.0, 7.79e-08
2018-08-05, 06:23:37, 0.0, 7.72e-08
2018-08-05, 06:23:39, 0.0, 7.8e-08
2018-08-05, 06:23:41, 0.0, 7.85e-08
2018-08-05, 06:23:43, 0.0, 7.78e-08
2018-08-05, 06:23:45, 0.0, 7.74e-08
2018-08-05, 06:23:48, 0.0, 7.72e-08
2018-08-05, 06:23:50, 0.0, 7.8e-08
2018-08-05, 06:23:52, 0.0, 7.77e-08
2018-08-05, 06:23:54, 0.0, 7.78e-08
2018-08-05, 06:23:56, 0.0, 7.76e-08
2018-08-05, 06:23:58, 0.0, 7.8e-08
2018-08-05, 06:24:00, 0.0, 7.75e-08
2018-08-05, 06:24:02, 0.0, 7.87e-08
2018-08-05, 06:24:05, 0.0, 7.81e-08
2018-08-05, 06:24:07, 0.0, 7.79e-08
2018-08-05, 06:24:09, 0.0, 7.82e-08
2018-08-05, 06:24:11, 0.0, 7.76e-08
2018-08-05, 06:24:13, 0.0, 7.78e-08
2018-08-05, 06:24:15, 0.0, 7.78e-08
2018-08-05, 06:24:17, 0.0, 7.8e-08
2018-08-05, 06:24:19, 0.0, 7.8e-08
2018-08-05, 06:24:22, 0.0, 7.76e-08
2018-08-05, 06:24:24, 0.0, 7.76e-08
2018-08-05, 06:24:26, 0.0, 7.77e-08
2018-08-05, 06:24:28, 0.0, 7.83e-08
2018-08-05, 06:24:30, 0.0, 7.79e-08
2018-08-05, 06:24:32, 0.0, 7.82e-08
2018-08-05, 06:24:34, 0.0, 7.82e-08
2018-08-05, 06:24:37, 0.0, 7.82e-08
2018-08-05, 06:24:39, 0.0, 7.79e-08
2018-08-05, 06:24:41, 0.0, 7.78e-08
2018-08-05, 06:24:43, 0.0, 7.81e-08
2018-08-05, 06:24:45, 0.0, 7.81e-08
2018-08-05, 06:24:47, 0.0, 7.77e-08
2018-08-05, 06:24:49, 0.0, 7.8e-08
2018-08-05, 06:24:51, 0.0, 7.79e-08
2018-08-05, 06:24:54, 0.0, 7.77e-08
2018-08-05, 06:24:56, 0.0, 7.78e-08
2018-08-05, 06:24:58, 0.0, 7.8e-08
2018-08-05, 06:25:00, 0.0, 7.78e-08
2018-08-05, 06:25:02, 0.0, 7.76e-08
2018-08-05, 06:25:04, 0.0, 7.76e-08
2018-08-05, 06:25:06, 0.0, 7.79e-08
2018-08-05, 06:25:08, 0.0, 7.8e-08
2018-08-05, 06:25:11, 0.0, 7.78e-08
2018-08-05, 06:25:13, 0.0, 7.8e-08
2018-08-05, 06:25:15, 0.0, 7.76e-08
2018-08-05, 06:25:17, 0.0, 7.78e-08
2018-08-05, 06:25:19, 0.0, 7.77e-08
2018-08-05, 06:25:21, 0.0, 7.76e-08
2018-08-05, 06:25:23, 0.0, 7.82e-08
2018-08-05, 06:25:25, 0.0, 7.76e-08
2018-08-05, 06:25:28, 0.0, 7.76e-08
2018-08-05, 06:25:30, 0.0, 7.78e-08
2018-08-05, 06:25:32, 0.0, 7.79e-08
2018-08-05, 06:25:34, 0.0, 7.88e-08
2018-08-05, 06:25:36, 0.0, 7.81e-08
2018-08-05, 06:25:38, 0.0, 7.79e-08
2018-08-05, 06:25:40, 0.0, 7.81e-08
2018-08-05, 06:25:42, 0.0, 7.77e-08
2018-08-05, 06:25:45, 0.0, 7.81e-08
2018-08-05, 06:25:47, 0.0, 7.77e-08
2018-08-05, 06:25:49, 0.0, 7.78e-08
2018-08-05, 06:25:51, 0.0, 7.83e-08
2018-08-05, 06:25:53, 0.0, 7.84e-08
2018-08-05, 06:25:55, 0.0, 7.77e-08
2018-08-05, 06:25:57, 0.0, 7.81e-08
2018-08-05, 06:26:00, 0.0, 7.83e-08
2018-08-05, 06:26:02, 0.0, 7.83e-08
2018-08-05, 06:26:04, 0.0, 7.75e-08
2018-08-05, 06:26:06, 0.0, 7.77e-08
2018-08-05, 06:26:08, 0.0, 7.81e-08
2018-08-05, 06:26:10, 0.0, 7.72e-08
2018-08-05, 06:26:12, 0.0, 7.75e-08
2018-08-05, 06:26:14, 0.0, 7.75e-08
2018-08-05, 06:26:17, 0.0, 7.8e-08
2018-08-05, 06:26:19, 0.0, 7.77e-08
2018-08-05, 06:26:21, 0.0, 7.8e-08
2018-08-05, 06:26:23, 0.0, 7.81e-08
2018-08-05, 06:26:25, 0.0, 7.84e-08
2018-08-05, 06:26:27, 0.0, 7.79e-08
2018-08-05, 06:26:29, 0.0, 7.77e-08
2018-08-05, 06:26:31, 0.0, 7.72e-08
2018-08-05, 06:26:34, 0.0, 7.8e-08
2018-08-05, 06:26:36, 0.0, 7.77e-08
2018-08-05, 06:26:38, 0.0, 7.78e-08
2018-08-05, 06:26:40, 0.0, 7.76e-08
2018-08-05, 06:26:42, 0.0, 7.79e-08
2018-08-05, 06:26:44, 0.0, 7.79e-08
2018-08-05, 06:26:46, 0.0, 7.8e-08
2018-08-05, 06:26:48, 0.0, 7.76e-08
2018-08-05, 06:26:51, 0.0, 7.75e-08
2018-08-05, 06:26:53, 0.0, 7.77e-08
2018-08-05, 06:26:55, 0.0, 7.8e-08
2018-08-05, 06:26:57, 0.0, 7.8e-08
2018-08-05, 06:26:59, 0.0, 7.74e-08
2018-08-05, 06:27:01, 0.0, 7.73e-08
2018-08-05, 06:27:03, 0.0, 7.78e-08
2018-08-05, 06:27:05, 0.0, 7.81e-08
2018-08-05, 06:27:08, 0.0, 7.77e-08
2018-08-05, 06:27:10, 0.0, 7.81e-08
2018-08-05, 06:27:12, 0.0, 7.73e-08
2018-08-05, 06:27:14, 0.0, 7.77e-08
2018-08-05, 06:27:16, 0.0, 7.77e-08
2018-08-05, 06:27:18, 0.0, 7.74e-08
2018-08-05, 06:27:20, 0.0, 7.73e-08
2018-08-05, 06:27:22, 0.0, 7.75e-08
2018-08-05, 06:27:25, 0.0, 7.81e-08
2018-08-05, 06:27:27, 0.0, 7.81e-08
2018-08-05, 06:27:29, 0.0, 7.71e-08
2018-08-05, 06:27:31, 0.0, 7.82e-08
2018-08-05, 06:27:33, 0.0, 7.79e-08
2018-08-05, 06:27:35, 0.0, 7.76e-08
2018-08-05, 06:27:37, 0.0, 7.83e-08
2018-08-05, 06:27:39, 0.0, 7.8e-08
2018-08-05, 06:27:42, 0.0, 7.84e-08
2018-08-05, 06:27:44, 0.0, 7.82e-08
2018-08-05, 06:27:46, 0.0, 7.76e-08
2018-08-05, 06:27:48, 0.0, 7.73e-08
2018-08-05, 06:27:50, 0.0, 7.79e-08
2018-08-05, 06:27:52, 0.0, 7.75e-08
2018-08-05, 06:27:54, 0.0, 7.79e-08
2018-08-05, 06:27:56, 0.0, 7.74e-08
2018-08-05, 06:27:59, 0.0, 7.71e-08
2018-08-05, 06:28:01, 0.0, 7.77e-08
2018-08-05, 06:28:03, 0.0, 7.82e-08
2018-08-05, 06:28:05, 0.0, 7.79e-08
2018-08-05, 06:28:07, 0.0, 7.79e-08
2018-08-05, 06:28:09, 0.0, 7.79e-08
2018-08-05, 06:28:11, 0.0, 7.75e-08
2018-08-05, 06:28:13, 0.0, 7.73e-08
2018-08-05, 06:28:16, 0.0, 7.69e-08
2018-08-05, 06:28:18, 0.0, 7.7e-08
2018-08-05, 06:28:20, 0.0, 7.75e-08
2018-08-05, 06:28:22, 0.0, 7.79e-08
2018-08-05, 06:28:24, 0.0, 7.79e-08
2018-08-05, 06:28:26, 0.0, 7.74e-08
2018-08-05, 06:28:28, 0.0, 7.71e-08
2018-08-05, 06:28:30, 0.0, 7.73e-08
2018-08-05, 06:28:33, 0.0, 7.68e-08
2018-08-05, 06:28:35, 0.0, 7.75e-08
2018-08-05, 06:28:37, 0.0, 7.73e-08
2018-08-05, 06:28:39, 0.0, 7.69e-08
2018-08-05, 06:28:41, 0.0, 7.7e-08
2018-08-05, 06:28:43, 0.0, 7.77e-08
2018-08-05, 06:28:45, 0.0, 7.74e-08
2018-08-05, 06:28:47, 0.0, 7.77e-08
2018-08-05, 06:28:50, 0.0, 7.79e-08
2018-08-05, 06:28:52, 0.0, 7.75e-08
2018-08-05, 06:28:54, 0.0, 7.84e-08
2018-08-05, 06:28:56, 0.0, 7.75e-08
2018-08-05, 06:28:58, 0.0, 7.73e-08
2018-08-05, 06:29:00, 0.0, 7.8e-08
2018-08-05, 06:29:02, 0.0, 7.79e-08
2018-08-05, 06:29:04, 0.0, 7.8e-08
2018-08-05, 06:29:07, 0.0, 7.77e-08
2018-08-05, 06:29:09, 0.0, 7.77e-08
2018-08-05, 06:29:11, 0.0, 7.79e-08
2018-08-05, 06:29:13, 0.0, 7.75e-08
2018-08-05, 06:29:15, 0.0, 7.82e-08
2018-08-05, 06:29:17, 0.0, 7.73e-08
2018-08-05, 06:29:19, 0.0, 7.76e-08
2018-08-05, 06:29:22, 0.0, 7.75e-08
2018-08-05, 06:29:24, 0.0, 7.76e-08
2018-08-05, 06:29:26, 0.0, 7.78e-08
2018-08-05, 06:29:28, 0.0, 7.75e-08
2018-08-05, 06:29:30, 0.0, 7.76e-08
2018-08-05, 06:29:32, 0.0, 7.8e-08
2018-08-05, 06:29:34, 0.0, 7.78e-08
2018-08-05, 06:29:36, 0.0, 7.76e-08
2018-08-05, 06:29:39, 0.0, 7.73e-08
2018-08-05, 06:29:41, 0.0, 7.78e-08
2018-08-05, 06:29:43, 0.0, 7.79e-08
2018-08-05, 06:29:45, 0.0, 7.75e-08
2018-08-05, 06:29:47, 0.0, 7.78e-08
2018-08-05, 06:29:49, 0.0, 7.77e-08
2018-08-05, 06:29:51, 0.0, 7.82e-08
2018-08-05, 06:29:53, 0.0, 7.82e-08
2018-08-05, 06:29:56, 0.0, 7.77e-08
2018-08-05, 06:29:58, 0.0, 7.77e-08
2018-08-05, 06:30:00, 0.0, 7.75e-08
2018-08-05, 06:30:02, 0.0, 7.78e-08
2018-08-05, 06:30:04, 0.0, 7.8e-08
2018-08-05, 06:30:06, 0.0, 7.76e-08
2018-08-05, 06:30:08, 0.0, 7.81e-08
2018-08-05, 06:30:11, 0.0, 7.73e-08
2018-08-05, 06:30:13, 0.0, 7.75e-08
2018-08-05, 06:30:15, 0.0, 7.75e-08
2018-08-05, 06:30:17, 0.0, 7.75e-08
2018-08-05, 06:30:19, 0.0, 7.76e-08
2018-08-05, 06:30:21, 0.0, 7.72e-08
2018-08-05, 06:30:23, 0.0, 7.76e-08
2018-08-05, 06:30:25, 0.0, 7.75e-08
2018-08-05, 06:30:28, 0.0, 7.74e-08
2018-08-05, 06:30:30, 0.0, 7.75e-08
2018-08-05, 06:30:32, 0.0, 7.85e-08
2018-08-05, 06:30:34, 0.0, 7.8e-08
2018-08-05, 06:30:36, 0.0, 7.82e-08
2018-08-05, 06:30:38, 0.0, 7.74e-08
2018-08-05, 06:30:40, 0.0, 7.77e-08
2018-08-05, 06:30:42, 0.0, 7.77e-08
2018-08-05, 06:30:45, 0.0, 7.72e-08
2018-08-05, 06:30:47, 0.0, 7.74e-08
2018-08-05, 06:30:49, 0.0, 7.81e-08
2018-08-05, 06:30:51, 0.0, 7.79e-08
2018-08-05, 06:30:53, 0.0, 7.78e-08
2018-08-05, 06:30:55, 0.0, 7.79e-08
2018-08-05, 06:30:57, 0.0, 7.83e-08
2018-08-05, 06:30:59, 0.0, 7.78e-08
2018-08-05, 06:31:02, 0.0, 7.81e-08
2018-08-05, 06:31:04, 0.0, 7.76e-08
2018-08-05, 06:31:06, 0.0, 7.81e-08
2018-08-05, 06:31:08, 0.0, 7.81e-08
2018-08-05, 06:31:10, 0.0, 7.79e-08
2018-08-05, 06:31:12, 0.0, 7.81e-08
2018-08-05, 06:31:14, 0.0, 7.79e-08
2018-08-05, 06:31:16, 0.0, 7.77e-08
2018-08-05, 06:31:19, 0.0, 7.78e-08
2018-08-05, 06:31:21, 0.0, 7.81e-08
2018-08-05, 06:31:23, 0.0, 7.7e-08
2018-08-05, 06:31:25, 0.0, 7.77e-08
2018-08-05, 06:31:27, 0.0, 7.78e-08
2018-08-05, 06:31:29, 0.0, 7.78e-08
2018-08-05, 06:31:31, 0.0, 7.8e-08
2018-08-05, 06:31:33, 0.0, 7.76e-08
2018-08-05, 06:31:36, 0.0, 7.76e-08
2018-08-05, 06:31:38, 0.0, 7.74e-08
2018-08-05, 06:31:40, 0.0, 7.76e-08
2018-08-05, 06:31:42, 0.0, 7.8e-08
2018-08-05, 06:31:44, 0.0, 7.78e-08
2018-08-05, 06:31:46, 0.0, 7.8e-08
2018-08-05, 06:31:48, 0.0, 7.75e-08
2018-08-05, 06:31:51, 0.0, 7.79e-08
2018-08-05, 06:31:53, 0.0, 7.76e-08
2018-08-05, 06:31:55, 0.0, 7.67e-08
2018-08-05, 06:31:57, 0.0, 7.77e-08
2018-08-05, 06:31:59, 0.0, 7.72e-08
2018-08-05, 06:32:01, 0.0, 7.81e-08
2018-08-05, 06:32:03, 0.0, 7.78e-08
2018-08-05, 06:32:05, 0.0, 7.81e-08
2018-08-05, 06:32:08, 0.0, 7.84e-08
2018-08-05, 06:32:10, 0.0, 7.79e-08
2018-08-05, 06:32:12, 0.0, 7.76e-08
2018-08-05, 06:32:14, 0.0, 7.81e-08
2018-08-05, 06:32:16, 0.0, 7.7e-08
2018-08-05, 06:32:18, 0.0, 7.78e-08
2018-08-05, 06:32:20, 0.0, 7.74e-08
2018-08-05, 06:32:22, 0.0, 7.78e-08
2018-08-05, 06:32:25, 0.0, 7.77e-08
2018-08-05, 06:32:27, 0.0, 7.74e-08
2018-08-05, 06:32:29, 0.0, 7.72e-08
2018-08-05, 06:32:31, 0.0, 7.72e-08
2018-08-05, 06:32:33, 0.0, 7.77e-08
2018-08-05, 06:32:35, 0.0, 7.76e-08
2018-08-05, 06:32:37, 0.0, 7.76e-08
2018-08-05, 06:32:39, 0.0, 7.73e-08
2018-08-05, 06:32:42, 0.0, 7.78e-08
2018-08-05, 06:32:44, 0.0, 7.77e-08
2018-08-05, 06:32:46, 0.0, 7.68e-08
2018-08-05, 06:32:48, 0.0, 7.79e-08
2018-08-05, 06:32:50, 0.0, 7.67e-08
2018-08-05, 06:32:52, 0.0, 7.77e-08
2018-08-05, 06:32:54, 0.0, 7.69e-08
2018-08-05, 06:32:56, 0.0, 7.68e-08
2018-08-05, 06:32:59, 0.0, 7.71e-08
2018-08-05, 06:33:01, 0.0, 7.73e-08
2018-08-05, 06:33:03, 0.0, 7.74e-08
2018-08-05, 06:33:05, 0.0, 7.79e-08
2018-08-05, 06:33:07, 0.0, 7.68e-08
2018-08-05, 06:33:09, 0.0, 7.79e-08
2018-08-05, 06:33:11, 0.0, 7.68e-08
2018-08-05, 06:33:13, 0.0, 7.69e-08
2018-08-05, 06:33:16, 0.0, 7.75e-08
2018-08-05, 06:33:18, 0.0, 7.74e-08
2018-08-05, 06:33:20, 0.0, 7.7e-08
2018-08-05, 06:33:22, 0.0, 7.75e-08
2018-08-05, 06:33:24, 0.0, 7.71e-08
2018-08-05, 06:33:26, 0.0, 7.79e-08
2018-08-05, 06:33:28, 0.0, 7.71e-08
2018-08-05, 06:33:30, 0.0, 7.78e-08
2018-08-05, 06:33:33, 0.0, 7.76e-08
2018-08-05, 06:33:35, 0.0, 7.81e-08
2018-08-05, 06:33:37, 0.0, 7.71e-08
2018-08-05, 06:33:39, 0.0, 7.78e-08
2018-08-05, 06:33:41, 0.0, 7.8e-08
2018-08-05, 06:33:43, 0.0, 7.78e-08
2018-08-05, 06:33:45, 0.0, 7.73e-08
2018-08-05, 06:33:47, 0.0, 7.67e-08
2018-08-05, 06:33:50, 0.0, 7.75e-08
2018-08-05, 06:33:52, 0.0, 7.81e-08
2018-08-05, 06:33:54, 0.0, 7.7e-08
2018-08-05, 06:33:56, 0.0, 7.79e-08
2018-08-05, 06:33:58, 0.0, 7.78e-08
2018-08-05, 06:34:00, 0.0, 7.71e-08
2018-08-05, 06:34:02, 0.0, 7.75e-08
2018-08-05, 06:34:04, 0.0, 7.76e-08
2018-08-05, 06:34:07, 0.0, 7.73e-08
2018-08-05, 06:34:09, 0.0, 7.8e-08
2018-08-05, 06:34:11, 0.0, 7.65e-08
2018-08-05, 06:34:13, 0.0, 7.71e-08
2018-08-05, 06:34:15, 0.0, 7.74e-08
2018-08-05, 06:34:17, 0.0, 7.72e-08
2018-08-05, 06:34:19, 0.0, 7.67e-08
2018-08-05, 06:34:22, 0.0, 7.73e-08
2018-08-05, 06:34:24, 0.0, 7.73e-08
2018-08-05, 06:34:26, 0.0, 7.71e-08
2018-08-05, 06:34:28, 0.0, 7.75e-08
2018-08-05, 06:34:30, 0.0, 7.73e-08
2018-08-05, 06:34:32, 0.0, 7.79e-08
2018-08-05, 06:34:34, 0.0, 7.76e-08
2018-08-05, 06:34:36, 0.0, 7.7e-08
2018-08-05, 06:34:39, 0.0, 7.74e-08
2018-08-05, 06:34:41, 0.0, 7.69e-08
2018-08-05, 06:34:43, 0.0, 7.76e-08
2018-08-05, 06:34:45, 0.0, 7.76e-08
2018-08-05, 06:34:47, 0.0, 7.74e-08
2018-08-05, 06:34:49, 0.0, 7.69e-08
2018-08-05, 06:34:51, 0.0, 7.67e-08
2018-08-05, 06:34:53, 0.0, 7.65e-08
2018-08-05, 06:34:56, 0.0, 7.76e-08
2018-08-05, 06:34:58, 0.0, 7.68e-08
2018-08-05, 06:35:00, 0.0, 7.73e-08
2018-08-05, 06:35:02, 0.0, 7.76e-08
2018-08-05, 06:35:04, 0.0, 7.74e-08
2018-08-05, 06:35:06, 0.0, 7.75e-08
2018-08-05, 06:35:08, 0.0, 7.74e-08
2018-08-05, 06:35:10, 0.0, 7.75e-08
2018-08-05, 06:35:13, 0.0, 7.76e-08
2018-08-05, 06:35:15, 0.0, 7.76e-08
2018-08-05, 06:35:17, 0.0, 7.76e-08
2018-08-05, 06:35:19, 0.0, 7.73e-08
2018-08-05, 06:35:21, 0.0, 7.76e-08
2018-08-05, 06:35:23, 0.0, 7.78e-08
2018-08-05, 06:35:25, 0.0, 7.78e-08
2018-08-05, 06:35:27, 0.0, 7.74e-08
2018-08-05, 06:35:30, 0.0, 7.72e-08
2018-08-05, 06:35:32, 0.0, 7.72e-08
2018-08-05, 06:35:34, 0.0, 7.71e-08
2018-08-05, 06:35:36, 0.0, 7.77e-08
2018-08-05, 06:35:38, 0.0, 7.72e-08
2018-08-05, 06:35:40, 0.0, 7.78e-08
2018-08-05, 06:35:43, 0.0, 7.77e-08
2018-08-05, 06:35:45, 0.0, 7.72e-08
2018-08-05, 06:35:47, 0.0, 7.73e-08
2018-08-05, 06:35:49, 0.0, 7.7e-08
2018-08-05, 06:35:51, 0.0, 7.69e-08
2018-08-05, 06:35:53, 0.0, 7.69e-08
2018-08-05, 06:35:55, 0.0, 7.74e-08
2018-08-05, 06:35:57, 0.0, 7.66e-08
2018-08-05, 06:36:00, 0.0, 7.71e-08
2018-08-05, 06:36:02, 0.0, 7.76e-08
2018-08-05, 06:36:04, 0.0, 7.75e-08
2018-08-05, 06:36:06, 0.0, 7.71e-08
2018-08-05, 06:36:08, 0.0, 7.73e-08
2018-08-05, 06:36:10, 0.0, 7.75e-08
2018-08-05, 06:36:12, 0.0, 7.78e-08
2018-08-05, 06:36:15, 0.0, 7.67e-08
2018-08-05, 06:36:17, 0.0, 7.74e-08
2018-08-05, 06:36:19, 0.0, 7.74e-08
2018-08-05, 06:36:21, 0.0, 7.75e-08
2018-08-05, 06:36:23, 0.0, 7.8e-08
2018-08-05, 06:36:25, 0.0, 7.71e-08
2018-08-05, 06:36:27, 0.0, 7.76e-08
2018-08-05, 06:36:29, 0.0, 7.71e-08
2018-08-05, 06:36:31, 0.0, 7.77e-08
2018-08-05, 06:36:34, 0.0, 7.76e-08
2018-08-05, 06:36:36, 0.0, 7.74e-08
2018-08-05, 06:36:38, 0.0, 7.76e-08
2018-08-05, 06:36:40, 0.0, 7.7e-08
2018-08-05, 06:36:42, 0.0, 7.74e-08
2018-08-05, 06:36:44, 0.0, 7.69e-08
2018-08-05, 06:36:46, 0.0, 7.71e-08
2018-08-05, 06:36:49, 0.0, 7.76e-08
2018-08-05, 06:36:51, 0.0, 7.79e-08
2018-08-05, 06:36:53, 0.0, 7.8e-08
2018-08-05, 06:36:55, 0.0, 7.77e-08
2018-08-05, 06:36:57, 0.0, 7.67e-08
2018-08-05, 06:36:59, 0.0, 7.71e-08
2018-08-05, 06:37:01, 0.0, 7.7e-08
2018-08-05, 06:37:03, 0.0, 7.69e-08
2018-08-05, 06:37:06, 0.0, 7.75e-08
2018-08-05, 06:37:08, 0.0, 7.75e-08
2018-08-05, 06:37:10, 0.0, 7.78e-08
2018-08-05, 06:37:12, 0.0, 7.72e-08
2018-08-05, 06:37:14, 0.0, 7.72e-08
2018-08-05, 06:37:16, 0.0, 7.72e-08
2018-08-05, 06:37:18, 0.0, 7.73e-08
2018-08-05, 06:37:20, 0.0, 7.78e-08
2018-08-05, 06:37:23, 0.0, 7.81e-08
2018-08-05, 06:37:25, 0.0, 7.71e-08
2018-08-05, 06:37:27, 0.0, 7.69e-08
2018-08-05, 06:37:29, 0.0, 7.73e-08
2018-08-05, 06:37:31, 0.0, 7.74e-08
2018-08-05, 06:37:33, 0.0, 7.76e-08
2018-08-05, 06:37:35, 0.0, 7.74e-08
2018-08-05, 06:37:37, 0.0, 7.74e-08
2018-08-05, 06:37:40, 0.0, 7.75e-08
2018-08-05, 06:37:42, 0.0, 7.79e-08
2018-08-05, 06:37:44, 0.0, 7.8e-08
2018-08-05, 06:37:46, 0.0, 7.79e-08
2018-08-05, 06:37:48, 0.0, 7.76e-08
2018-08-05, 06:37:50, 0.0, 7.79e-08
2018-08-05, 06:37:52, 0.0, 7.79e-08
2018-08-05, 06:37:54, 0.0, 7.79e-08
2018-08-05, 06:37:57, 0.0, 7.81e-08
2018-08-05, 06:37:59, 0.0, 7.75e-08
2018-08-05, 06:38:01, 0.0, 7.79e-08
2018-08-05, 06:38:03, 0.0, 7.79e-08
2018-08-05, 06:38:05, 0.0, 7.76e-08
2018-08-05, 06:38:07, 0.0, 7.76e-08
2018-08-05, 06:38:09, 0.0, 7.76e-08
2018-08-05, 06:38:12, 0.0, 7.78e-08
2018-08-05, 06:38:14, 0.0, 7.82e-08
2018-08-05, 06:38:16, 0.0, 7.8e-08
2018-08-05, 06:38:18, 0.0, 7.77e-08
2018-08-05, 06:38:20, 0.0, 7.8e-08
2018-08-05, 06:38:22, 0.0, 7.75e-08
2018-08-05, 06:38:24, 0.0, 7.74e-08
2018-08-05, 06:38:26, 0.0, 7.7e-08
2018-08-05, 06:38:29, 0.0, 7.78e-08
2018-08-05, 06:38:31, 0.0, 7.73e-08
2018-08-05, 06:38:33, 0.0, 7.74e-08
2018-08-05, 06:38:35, 0.0, 7.78e-08
2018-08-05, 06:38:37, 0.0, 7.78e-08
2018-08-05, 06:38:39, 0.0, 7.81e-08
2018-08-05, 06:38:41, 0.0, 7.78e-08
2018-08-05, 06:38:43, 0.0, 7.73e-08
2018-08-05, 06:38:46, 0.0, 7.77e-08
2018-08-05, 06:38:48, 0.0, 7.8e-08
2018-08-05, 06:38:50, 0.0, 7.74e-08
2018-08-05, 06:38:52, 0.0, 7.76e-08
2018-08-05, 06:38:54, 0.0, 7.8e-08
2018-08-05, 06:38:56, 0.0, 7.77e-08
2018-08-05, 06:38:58, 0.0, 7.76e-08
2018-08-05, 06:39:00, 0.0, 7.78e-08
2018-08-05, 06:39:03, 0.0, 7.73e-08
2018-08-05, 06:39:05, 0.0, 7.82e-08
2018-08-05, 06:39:07, 0.0, 7.78e-08
2018-08-05, 06:39:09, 0.0, 7.81e-08
2018-08-05, 06:39:11, 0.0, 7.77e-08
2018-08-05, 06:39:13, 0.0, 7.76e-08
2018-08-05, 06:39:15, 0.0, 7.81e-08
2018-08-05, 06:39:17, 0.0, 7.77e-08
2018-08-05, 06:39:20, 0.0, 7.75e-08
2018-08-05, 06:39:22, 0.0, 7.77e-08
2018-08-05, 06:39:24, 0.0, 7.78e-08
2018-08-05, 06:39:26, 0.0, 7.84e-08
2018-08-05, 06:39:28, 0.0, 7.8e-08
2018-08-05, 06:39:30, 0.0, 7.8e-08
2018-08-05, 06:39:32, 0.0, 7.77e-08
2018-08-05, 06:39:34, 0.0, 7.8e-08
2018-08-05, 06:39:37, 0.0, 7.81e-08
2018-08-05, 06:39:39, 0.0, 7.73e-08
2018-08-05, 06:39:41, 0.0, 7.77e-08
2018-08-05, 06:39:43, 0.0, 7.78e-08
2018-08-05, 06:39:45, 0.0, 7.81e-08
2018-08-05, 06:39:47, 0.0, 7.8e-08
2018-08-05, 06:39:49, 0.0, 7.75e-08
2018-08-05, 06:39:51, 0.0, 7.76e-08
2018-08-05, 06:39:54, 0.0, 7.78e-08
2018-08-05, 06:39:56, 0.0, 7.82e-08
2018-08-05, 06:39:58, 0.0, 7.79e-08
2018-08-05, 06:40:00, 0.0, 7.82e-08
2018-08-05, 06:40:02, 0.0, 7.77e-08
2018-08-05, 06:40:04, 0.0, 7.82e-08
2018-08-05, 06:40:06, 0.0, 7.78e-08
2018-08-05, 06:40:08, 0.0, 7.84e-08
2018-08-05, 06:40:11, 0.0, 7.77e-08
2018-08-05, 06:40:13, 0.0, 7.76e-08
2018-08-05, 06:40:15, 0.0, 7.8e-08
2018-08-05, 06:40:17, 0.0, 7.76e-08
2018-08-05, 06:40:19, 0.0, 7.76e-08
2018-08-05, 06:40:21, 0.0, 7.78e-08
2018-08-05, 06:40:23, 0.0, 7.76e-08
2018-08-05, 06:40:26, 0.0, 7.8e-08
2018-08-05, 06:40:28, 0.0, 7.77e-08
2018-08-05, 06:40:30, 0.0, 7.79e-08
2018-08-05, 06:40:32, 0.0, 7.85e-08
2018-08-05, 06:40:34, 0.0, 7.82e-08
2018-08-05, 06:40:36, 0.0, 7.82e-08
2018-08-05, 06:40:38, 0.0, 7.77e-08
2018-08-05, 06:40:40, 0.0, 7.82e-08
2018-08-05, 06:40:43, 0.0, 7.83e-08
2018-08-05, 06:40:45, 0.0, 7.86e-08
2018-08-05, 06:40:47, 0.0, 7.78e-08
2018-08-05, 06:40:49, 0.0, 7.82e-08
2018-08-05, 06:40:51, 0.0, 7.77e-08
2018-08-05, 06:40:53, 0.0, 7.77e-08
2018-08-05, 06:40:55, 0.0, 7.83e-08
2018-08-05, 06:40:57, 0.0, 7.8e-08
2018-08-05, 06:41:00, 0.0, 7.85e-08
2018-08-05, 06:41:02, 0.0, 7.82e-08
2018-08-05, 06:41:04, 0.0, 7.82e-08
2018-08-05, 06:41:06, 0.0, 7.8e-08
2018-08-05, 06:41:08, 0.0, 7.81e-08
2018-08-05, 06:41:10, 0.0, 7.82e-08
2018-08-05, 06:41:12, 0.0, 7.8e-08
2018-08-05, 06:41:14, 0.0, 7.78e-08
2018-08-05, 06:41:17, 0.0, 7.78e-08
2018-08-05, 06:41:19, 0.0, 7.87e-08
2018-08-05, 06:41:21, 0.0, 7.81e-08
2018-08-05, 06:41:23, 0.0, 7.81e-08
2018-08-05, 06:41:25, 0.0, 7.82e-08
2018-08-05, 06:41:27, 0.0, 7.83e-08
2018-08-05, 06:41:29, 0.0, 7.84e-08
2018-08-05, 06:41:31, 0.0, 7.86e-08
2018-08-05, 06:41:34, 0.0, 7.79e-08
2018-08-05, 06:41:36, 0.0, 7.83e-08
2018-08-05, 06:41:38, 0.0, 7.79e-08
2018-08-05, 06:41:40, 0.0, 7.79e-08
2018-08-05, 06:41:42, 0.0, 7.76e-08
2018-08-05, 06:41:44, 0.0, 7.76e-08
2018-08-05, 06:41:46, 0.0, 7.79e-08
2018-08-05, 06:41:48, 0.0, 7.8e-08
2018-08-05, 06:41:51, 0.0, 7.81e-08
2018-08-05, 06:41:53, 0.0, 7.82e-08
2018-08-05, 06:41:55, 0.0, 7.79e-08
2018-08-05, 06:41:57, 0.0, 7.83e-08
2018-08-05, 06:41:59, 0.0, 7.82e-08
2018-08-05, 06:42:01, 0.0, 7.8e-08
2018-08-05, 06:42:03, 0.0, 7.76e-08
2018-08-05, 06:42:06, 0.0, 7.8e-08
2018-08-05, 06:42:08, 0.0, 7.78e-08
2018-08-05, 06:42:10, 0.0, 7.79e-08
2018-08-05, 06:42:12, 0.0, 7.74e-08
2018-08-05, 06:42:14, 0.0, 7.81e-08
2018-08-05, 06:42:16, 0.0, 7.79e-08
2018-08-05, 06:42:18, 0.0, 7.78e-08
2018-08-05, 06:42:20, 0.0, 7.77e-08
2018-08-05, 06:42:22, 0.0, 7.83e-08
2018-08-05, 06:42:25, 0.0, 7.75e-08
2018-08-05, 06:42:27, 0.0, 7.77e-08
2018-08-05, 06:42:29, 0.0, 7.76e-08
2018-08-05, 06:42:31, 0.0, 7.82e-08
2018-08-05, 06:42:33, 0.0, 7.81e-08
2018-08-05, 06:42:35, 0.0, 7.85e-08
2018-08-05, 06:42:37, 0.0, 7.83e-08
2018-08-05, 06:42:39, 0.0, 7.79e-08
2018-08-05, 06:42:42, 0.0, 7.73e-08
2018-08-05, 06:42:44, 0.0, 7.75e-08
2018-08-05, 06:42:46, 0.0, 7.82e-08
2018-08-05, 06:42:48, 0.0, 7.85e-08
2018-08-05, 06:42:50, 0.0, 7.8e-08
2018-08-05, 06:42:52, 0.0, 7.73e-08
2018-08-05, 06:42:54, 0.0, 7.69e-08
2018-08-05, 06:42:56, 0.0, 7.71e-08
2018-08-05, 06:42:59, 0.0, 7.71e-08
2018-08-05, 06:43:01, 0.0, 7.77e-08
2018-08-05, 06:43:03, 0.0, 7.8e-08
2018-08-05, 06:43:05, 0.0, 7.83e-08
2018-08-05, 06:43:07, 0.0, 7.75e-08
2018-08-05, 06:43:09, 0.0, 7.71e-08
2018-08-05, 06:43:11, 0.0, 7.74e-08
2018-08-05, 06:43:13, 0.0, 7.8e-08
2018-08-05, 06:43:16, 0.0, 7.8e-08
2018-08-05, 06:43:18, 0.0, 7.79e-08
2018-08-05, 06:43:20, 0.0, 7.77e-08
2018-08-05, 06:43:22, 0.0, 7.79e-08
2018-08-05, 06:43:24, 0.0, 7.84e-08
2018-08-05, 06:43:26, 0.0, 7.84e-08
2018-08-05, 06:43:28, 0.0, 7.78e-08
2018-08-05, 06:43:30, 0.0, 7.79e-08
2018-08-05, 06:43:33, 0.0, 7.73e-08
2018-08-05, 06:43:35, 0.0, 7.79e-08
2018-08-05, 06:43:37, 0.0, 7.81e-08
2018-08-05, 06:43:39, 0.0, 7.74e-08
2018-08-05, 06:43:41, 0.0, 7.74e-08
2018-08-05, 06:43:43, 0.0, 7.76e-08
2018-08-05, 06:43:45, 0.0, 7.76e-08
2018-08-05, 06:43:47, 0.0, 7.82e-08
2018-08-05, 06:43:50, 0.0, 7.81e-08
2018-08-05, 06:43:52, 0.0, 7.73e-08
2018-08-05, 06:43:54, 0.0, 7.81e-08
2018-08-05, 06:43:56, 0.0, 7.77e-08
2018-08-05, 06:43:58, 0.0, 7.79e-08
2018-08-05, 06:44:00, 0.0, 7.76e-08
2018-08-05, 06:44:02, 0.0, 7.79e-08
2018-08-05, 06:44:05, 0.0, 7.82e-08
2018-08-05, 06:44:07, 0.0, 7.7e-08
2018-08-05, 06:44:09, 0.0, 7.75e-08
2018-08-05, 06:44:11, 0.0, 7.78e-08
2018-08-05, 06:44:13, 0.0, 7.73e-08
2018-08-05, 06:44:15, 0.0, 7.69e-08
2018-08-05, 06:44:17, 0.0, 7.74e-08
2018-08-05, 06:44:19, 0.0, 7.77e-08
2018-08-05, 06:44:22, 0.0, 7.76e-08
2018-08-05, 06:44:24, 0.0, 7.83e-08
2018-08-05, 06:44:26, 0.0, 7.72e-08
2018-08-05, 06:44:28, 0.0, 7.72e-08
2018-08-05, 06:44:30, 0.0, 7.77e-08
2018-08-05, 06:44:32, 0.0, 7.77e-08
2018-08-05, 06:44:34, 0.0, 7.81e-08
2018-08-05, 06:44:36, 0.0, 7.81e-08
2018-08-05, 06:44:39, 0.0, 7.79e-08
2018-08-05, 06:44:41, 0.0, 7.76e-08
2018-08-05, 06:44:43, 0.0, 7.79e-08
2018-08-05, 06:44:45, 0.0, 7.74e-08
2018-08-05, 06:44:47, 0.0, 7.77e-08
2018-08-05, 06:44:49, 0.0, 7.75e-08
2018-08-05, 06:44:51, 0.0, 7.74e-08
2018-08-05, 06:44:53, 0.0, 7.78e-08
2018-08-05, 06:44:56, 0.0, 7.8e-08
2018-08-05, 06:44:58, 0.0, 7.77e-08
2018-08-05, 06:45:00, 0.0, 7.81e-08
2018-08-05, 06:45:02, 0.0, 7.76e-08
2018-08-05, 06:45:04, 0.0, 7.73e-08
2018-08-05, 06:45:06, 0.0, 7.77e-08
2018-08-05, 06:45:08, 0.0, 7.73e-08
2018-08-05, 06:45:11, 0.0, 7.77e-08
2018-08-05, 06:45:13, 0.0, 7.73e-08
2018-08-05, 06:45:15, 0.0, 7.76e-08
2018-08-05, 06:45:17, 0.0, 7.79e-08
2018-08-05, 06:45:19, 0.0, 7.8e-08
2018-08-05, 06:45:21, 0.0, 7.76e-08
2018-08-05, 06:45:23, 0.0, 7.71e-08
2018-08-05, 06:45:25, 0.0, 7.72e-08
2018-08-05, 06:45:28, 0.0, 7.75e-08
2018-08-05, 06:45:30, 0.0, 7.8e-08
2018-08-05, 06:45:32, 0.0, 7.76e-08
2018-08-05, 06:45:34, 0.0, 7.82e-08
2018-08-05, 06:45:36, 0.0, 7.77e-08
2018-08-05, 06:45:38, 0.0, 7.76e-08
2018-08-05, 06:45:40, 0.0, 7.77e-08
2018-08-05, 06:45:42, 0.0, 7.8e-08
2018-08-05, 06:45:45, 0.0, 7.76e-08
2018-08-05, 06:45:47, 0.0, 7.73e-08
2018-08-05, 06:45:49, 0.0, 7.78e-08
2018-08-05, 06:45:51, 0.0, 7.78e-08
2018-08-05, 06:45:53, 0.0, 7.75e-08
2018-08-05, 06:45:55, 0.0, 7.76e-08
2018-08-05, 06:45:57, 0.0, 7.72e-08
2018-08-05, 06:45:59, 0.0, 7.78e-08
2018-08-05, 06:46:02, 0.0, 7.72e-08
2018-08-05, 06:46:04, 0.0, 7.72e-08
2018-08-05, 06:46:06, 0.0, 7.76e-08
2018-08-05, 06:46:08, 0.0, 7.79e-08
2018-08-05, 06:46:10, 0.0, 7.75e-08
2018-08-05, 06:46:12, 0.0, 7.71e-08
2018-08-05, 06:46:14, 0.0, 7.83e-08
2018-08-05, 06:46:16, 0.0, 7.77e-08
2018-08-05, 06:46:19, 0.0, 7.77e-08
2018-08-05, 06:46:21, 0.0, 7.68e-08
2018-08-05, 06:46:23, 0.0, 7.73e-08
2018-08-05, 06:46:25, 0.0, 7.8e-08
2018-08-05, 06:46:27, 0.0, 7.81e-08
2018-08-05, 06:46:29, 0.0, 7.84e-08
2018-08-05, 06:46:31, 0.0, 7.79e-08
2018-08-05, 06:46:34, 0.0, 7.84e-08
2018-08-05, 06:46:36, 0.0, 7.79e-08
2018-08-05, 06:46:38, 0.0, 7.81e-08
2018-08-05, 06:46:40, 0.0, 7.8e-08
2018-08-05, 06:46:42, 0.0, 7.78e-08
2018-08-05, 06:46:44, 0.0, 7.77e-08
2018-08-05, 06:46:46, 0.0, 7.81e-08
2018-08-05, 06:46:48, 0.0, 7.78e-08
2018-08-05, 06:46:51, 0.0, 7.75e-08
2018-08-05, 06:46:53, 0.0, 7.78e-08
2018-08-05, 06:46:55, 0.0, 7.79e-08
2018-08-05, 06:46:57, 0.0, 7.82e-08
2018-08-05, 06:46:59, 0.0, 7.74e-08
2018-08-05, 06:47:01, 0.0, 7.71e-08
2018-08-05, 06:47:03, 0.0, 7.79e-08
2018-08-05, 06:47:05, 0.0, 7.77e-08
2018-08-05, 06:47:08, 0.0, 7.81e-08
2018-08-05, 06:47:10, 0.0, 7.85e-08
2018-08-05, 06:47:12, 0.0, 7.84e-08
2018-08-05, 06:47:14, 0.0, 7.82e-08
2018-08-05, 06:47:16, 0.0, 7.81e-08
2018-08-05, 06:47:18, 0.0, 7.8e-08
2018-08-05, 06:47:20, 0.0, 7.73e-08
2018-08-05, 06:47:22, 0.0, 7.78e-08
2018-08-05, 06:47:25, 0.0, 7.84e-08
2018-08-05, 06:47:27, 0.0, 7.77e-08
2018-08-05, 06:47:29, 0.0, 7.78e-08
2018-08-05, 06:47:31, 0.0, 7.76e-08
2018-08-05, 06:47:33, 0.0, 7.7e-08
2018-08-05, 06:47:35, 0.0, 7.74e-08
2018-08-05, 06:47:37, 0.0, 7.71e-08
2018-08-05, 06:47:39, 0.0, 7.75e-08
2018-08-05, 06:47:42, 0.0, 7.74e-08
2018-08-05, 06:47:44, 0.0, 7.77e-08
2018-08-05, 06:47:46, 0.0, 7.81e-08
2018-08-05, 06:47:48, 0.0, 7.74e-08
2018-08-05, 06:47:50, 0.0, 7.75e-08
2018-08-05, 06:47:52, 0.0, 7.83e-08
2018-08-05, 06:47:54, 0.0, 7.8e-08
2018-08-05, 06:47:56, 0.0, 7.74e-08
2018-08-05, 06:47:59, 0.0, 7.79e-08
2018-08-05, 06:48:01, 0.0, 7.78e-08
2018-08-05, 06:48:03, 0.0, 7.79e-08
2018-08-05, 06:48:05, 0.0, 7.79e-08
2018-08-05, 06:48:07, 0.0, 7.77e-08
2018-08-05, 06:48:09, 0.0, 7.82e-08
2018-08-05, 06:48:11, 0.0, 7.81e-08
2018-08-05, 06:48:13, 0.0, 7.82e-08
2018-08-05, 06:48:16, 0.0, 7.78e-08
2018-08-05, 06:48:18, 0.0, 7.83e-08
2018-08-05, 06:48:20, 0.0, 7.78e-08
2018-08-05, 06:48:22, 0.0, 7.82e-08
2018-08-05, 06:48:24, 0.0, 7.76e-08
2018-08-05, 06:48:26, 0.0, 7.76e-08
2018-08-05, 06:48:28, 0.0, 7.78e-08
2018-08-05, 06:48:31, 0.0, 7.74e-08
2018-08-05, 06:48:33, 0.0, 7.73e-08
2018-08-05, 06:48:35, 0.0, 7.76e-08
2018-08-05, 06:48:37, 0.0, 7.79e-08
2018-08-05, 06:48:39, 0.0, 7.76e-08
2018-08-05, 06:48:41, 0.0, 7.79e-08
2018-08-05, 06:48:43, 0.0, 7.82e-08
2018-08-05, 06:48:45, 0.0, 7.82e-08
2018-08-05, 06:48:48, 0.0, 7.76e-08
2018-08-05, 06:48:50, 0.0, 7.8e-08
2018-08-05, 06:48:52, 0.0, 7.7e-08
2018-08-05, 06:48:54, 0.0, 7.8e-08
2018-08-05, 06:48:56, 0.0, 7.79e-08
2018-08-05, 06:48:58, 0.0, 7.81e-08
2018-08-05, 06:49:00, 0.0, 7.76e-08
2018-08-05, 06:49:02, 0.0, 7.78e-08
2018-08-05, 06:49:05, 0.0, 7.77e-08
2018-08-05, 06:49:07, 0.0, 7.82e-08
2018-08-05, 06:49:09, 0.0, 7.8e-08
2018-08-05, 06:49:11, 0.0, 7.77e-08
2018-08-05, 06:49:13, 0.0, 7.73e-08
2018-08-05, 06:49:15, 0.0, 7.79e-08
2018-08-05, 06:49:17, 0.0, 7.8e-08
2018-08-05, 06:49:19, 0.0, 7.78e-08
2018-08-05, 06:49:22, 0.0, 7.79e-08
2018-08-05, 06:49:24, 0.0, 7.76e-08
2018-08-05, 06:49:26, 0.0, 7.75e-08
2018-08-05, 06:49:28, 0.0, 7.8e-08
2018-08-05, 06:49:30, 0.0, 7.74e-08
2018-08-05, 06:49:32, 0.0, 7.77e-08
2018-08-05, 06:49:34, 0.0, 7.74e-08
2018-08-05, 06:49:36, 0.0, 7.78e-08
2018-08-05, 06:49:39, 0.0, 7.81e-08
2018-08-05, 06:49:41, 0.0, 7.81e-08
2018-08-05, 06:49:43, 0.0, 7.75e-08
2018-08-05, 06:49:45, 0.0, 7.76e-08
2018-08-05, 06:49:47, 0.0, 7.73e-08
2018-08-05, 06:49:49, 0.0, 7.74e-08
2018-08-05, 06:49:51, 0.0, 7.77e-08
2018-08-05, 06:49:53, 0.0, 7.79e-08
2018-08-05, 06:49:56, 0.0, 7.74e-08
2018-08-05, 06:49:58, 0.0, 7.74e-08
2018-08-05, 06:50:00, 0.0, 7.82e-08
2018-08-05, 06:50:02, 0.0, 7.8e-08
2018-08-05, 06:50:04, 0.0, 7.81e-08
2018-08-05, 06:50:06, 0.0, 7.78e-08
2018-08-05, 06:50:08, 0.0, 7.77e-08
2018-08-05, 06:50:10, 0.0, 7.77e-08
2018-08-05, 06:50:13, 0.0, 7.76e-08
2018-08-05, 06:50:15, 0.0, 7.76e-08
2018-08-05, 06:50:17, 0.0, 7.79e-08
2018-08-05, 06:50:19, 0.0, 7.76e-08
2018-08-05, 06:50:21, 0.0, 7.85e-08
2018-08-05, 06:50:23, 0.0, 7.75e-08
2018-08-05, 06:50:25, 0.0, 7.76e-08
2018-08-05, 06:50:27, 0.0, 7.79e-08
2018-08-05, 06:50:30, 0.0, 7.76e-08
2018-08-05, 06:50:32, 0.0, 7.73e-08
2018-08-05, 06:50:34, 0.0, 7.77e-08
2018-08-05, 06:50:36, 0.0, 7.75e-08
2018-08-05, 06:50:38, 0.0, 7.77e-08
2018-08-05, 06:50:40, 0.0, 7.81e-08
2018-08-05, 06:50:42, 0.0, 7.8e-08
2018-08-05, 06:50:44, 0.0, 7.76e-08
2018-08-05, 06:50:47, 0.0, 7.76e-08
2018-08-05, 06:50:49, 0.0, 7.78e-08
2018-08-05, 06:50:51, 0.0, 7.81e-08
2018-08-05, 06:50:53, 0.0, 7.76e-08
2018-08-05, 06:50:55, 0.0, 7.74e-08
2018-08-05, 06:50:57, 0.0, 7.69e-08
2018-08-05, 06:50:59, 0.0, 7.73e-08
2018-08-05, 06:51:01, 0.0, 7.77e-08
2018-08-05, 06:51:04, 0.0, 7.76e-08
2018-08-05, 06:51:06, 0.0, 7.72e-08
2018-08-05, 06:51:08, 0.0, 7.77e-08
2018-08-05, 06:51:10, 0.0, 7.82e-08
2018-08-05, 06:51:12, 0.0, 7.77e-08
2018-08-05, 06:51:14, 0.0, 7.77e-08
2018-08-05, 06:51:16, 0.0, 7.72e-08
2018-08-05, 06:51:19, 0.0, 7.74e-08
2018-08-05, 06:51:21, 0.0, 7.77e-08
2018-08-05, 06:51:23, 0.0, 7.8e-08
2018-08-05, 06:51:25, 0.0, 7.81e-08
2018-08-05, 06:51:27, 0.0, 7.75e-08
2018-08-05, 06:51:29, 0.0, 7.82e-08
2018-08-05, 06:51:31, 0.0, 7.76e-08
2018-08-05, 06:51:33, 0.0, 7.8e-08
2018-08-05, 06:51:36, 0.0, 7.79e-08
2018-08-05, 06:51:38, 0.0, 7.73e-08
2018-08-05, 06:51:40, 0.0, 7.8e-08
2018-08-05, 06:51:42, 0.0, 7.76e-08
2018-08-05, 06:51:44, 0.0, 7.71e-08
2018-08-05, 06:51:46, 0.0, 7.71e-08
2018-08-05, 06:51:48, 0.0, 7.8e-08
2018-08-05, 06:51:50, 0.0, 7.75e-08
2018-08-05, 06:51:53, 0.0, 7.77e-08
2018-08-05, 06:51:55, 0.0, 7.79e-08
2018-08-05, 06:51:57, 0.0, 7.74e-08
2018-08-05, 06:51:59, 0.0, 7.81e-08
2018-08-05, 06:52:01, 0.0, 7.75e-08
2018-08-05, 06:52:03, 0.0, 7.68e-08
2018-08-05, 06:52:05, 0.0, 7.71e-08
2018-08-05, 06:52:07, 0.0, 7.7e-08
2018-08-05, 06:52:10, 0.0, 7.75e-08
2018-08-05, 06:52:12, 0.0, 7.73e-08
2018-08-05, 06:52:14, 0.0, 7.72e-08
2018-08-05, 06:52:16, 0.0, 7.66e-08
2018-08-05, 06:52:18, 0.0, 7.81e-08
2018-08-05, 06:52:20, 0.0, 7.64e-08
2018-08-05, 06:52:22, 0.0, 7.79e-08
2018-08-05, 06:52:24, 0.0, 7.82e-08
2018-08-05, 06:52:27, 0.0, 7.67e-08
2018-08-05, 06:52:29, 0.0, 7.7e-08
2018-08-05, 06:52:31, 0.0, 7.69e-08
2018-08-05, 06:52:33, 0.0, 7.77e-08
2018-08-05, 06:52:35, 0.0, 7.82e-08
2018-08-05, 06:52:37, 0.0, 7.78e-08
2018-08-05, 06:52:39, 0.0, 7.8e-08
2018-08-05, 06:52:41, 0.0, 7.68e-08
2018-08-05, 06:52:44, 0.0, 7.63e-08
2018-08-05, 06:52:46, 0.0, 7.68e-08
2018-08-05, 06:52:48, 0.0, 7.75e-08
2018-08-05, 06:52:50, 0.0, 7.8e-08
2018-08-05, 06:52:52, 0.0, 7.78e-08
2018-08-05, 06:52:54, 0.0, 7.74e-08
2018-08-05, 06:52:56, 0.0, 7.72e-08
2018-08-05, 06:52:58, 0.0, 7.72e-08
2018-08-05, 06:53:01, 0.0, 7.75e-08
2018-08-05, 06:53:03, 0.0, 7.8e-08
2018-08-05, 06:53:05, 0.0, 7.75e-08
2018-08-05, 06:53:07, 0.0, 7.72e-08
2018-08-05, 06:53:09, 0.0, 7.78e-08
2018-08-05, 06:53:11, 0.0, 7.75e-08
2018-08-05, 06:53:13, 0.0, 7.7e-08
2018-08-05, 06:53:15, 0.0, 7.74e-08
2018-08-05, 06:53:18, 0.0, 7.7e-08
2018-08-05, 06:53:20, 0.0, 7.76e-08
2018-08-05, 06:53:22, 0.0, 7.73e-08
2018-08-05, 06:53:24, 0.0, 7.75e-08
2018-08-05, 06:53:26, 0.0, 7.78e-08
2018-08-05, 06:53:28, 0.0, 7.76e-08
2018-08-05, 06:53:30, 0.0, 7.74e-08
2018-08-05, 06:53:33, 0.0, 7.74e-08
2018-08-05, 06:53:35, 0.0, 7.72e-08
2018-08-05, 06:53:37, 0.0, 7.79e-08
2018-08-05, 06:53:39, 0.0, 7.68e-08
2018-08-05, 06:53:41, 0.0, 7.7e-08
2018-08-05, 06:53:43, 0.0, 7.72e-08
2018-08-05, 06:53:45, 0.0, 7.69e-08
2018-08-05, 06:53:47, 0.0, 7.68e-08
2018-08-05, 06:53:50, 0.0, 7.85e-08
2018-08-05, 06:53:52, 0.0, 7.76e-08
2018-08-05, 06:53:54, 0.0, 7.79e-08
2018-08-05, 06:53:56, 0.0, 7.76e-08
2018-08-05, 06:53:58, 0.0, 7.79e-08
2018-08-05, 06:54:00, 0.0, 7.79e-08
2018-08-05, 06:54:02, 0.0, 7.84e-08
2018-08-05, 06:54:04, 0.0, 7.83e-08
2018-08-05, 06:54:07, 0.0, 7.76e-08
2018-08-05, 06:54:09, 0.0, 7.83e-08
2018-08-05, 06:54:11, 0.0, 7.83e-08
2018-08-05, 06:54:13, 0.0, 7.8e-08
2018-08-05, 06:54:15, 0.0, 7.75e-08
2018-08-05, 06:54:17, 0.0, 7.79e-08
2018-08-05, 06:54:19, 0.0, 7.79e-08
2018-08-05, 06:54:21, 0.0, 7.76e-08
2018-08-05, 06:54:24, 0.0, 7.83e-08
2018-08-05, 06:54:26, 0.0, 7.79e-08
2018-08-05, 06:54:28, 0.0, 7.86e-08
2018-08-05, 06:54:30, 0.0, 7.81e-08
2018-08-05, 06:54:32, 0.0, 7.74e-08
2018-08-05, 06:54:34, 0.0, 7.78e-08
2018-08-05, 06:54:36, 0.0, 7.81e-08
2018-08-05, 06:54:38, 0.0, 7.8e-08
2018-08-05, 06:54:41, 0.0, 7.84e-08
2018-08-05, 06:54:43, 0.0, 7.79e-08
2018-08-05, 06:54:45, 0.0, 7.8e-08
2018-08-05, 06:54:47, 0.0, 7.8e-08
2018-08-05, 06:54:49, 0.0, 7.75e-08
2018-08-05, 06:54:51, 0.0, 7.8e-08
2018-08-05, 06:54:53, 0.0, 7.86e-08
2018-08-05, 06:54:56, 0.0, 7.85e-08
2018-08-05, 06:54:58, 0.0, 7.85e-08
2018-08-05, 06:55:00, 0.0, 7.85e-08
2018-08-05, 06:55:02, 0.0, 7.8e-08
2018-08-05, 06:55:04, 0.0, 7.81e-08
2018-08-05, 06:55:06, 0.0, 7.79e-08
2018-08-05, 06:55:08, 0.0, 7.87e-08
2018-08-05, 06:55:10, 0.0, 7.84e-08
2018-08-05, 06:55:13, 0.0, 7.85e-08
2018-08-05, 06:55:15, 0.0, 7.89e-08
2018-08-05, 06:55:17, 0.0, 7.78e-08
2018-08-05, 06:55:19, 0.0, 7.76e-08
2018-08-05, 06:55:21, 0.0, 7.85e-08
2018-08-05, 06:55:23, 0.0, 7.84e-08
2018-08-05, 06:55:25, 0.0, 7.81e-08
2018-08-05, 06:55:28, 0.0, 7.79e-08
2018-08-05, 06:55:30, 0.0, 7.81e-08
2018-08-05, 06:55:32, 0.0, 7.7e-08
2018-08-05, 06:55:34, 0.0, 7.84e-08
2018-08-05, 06:55:36, 0.0, 7.82e-08
2018-08-05, 06:55:38, 0.0, 7.83e-08
2018-08-05, 06:55:40, 0.0, 7.75e-08
2018-08-05, 06:55:42, 0.0, 7.81e-08
2018-08-05, 06:55:44, 0.0, 7.71e-08
2018-08-05, 06:55:47, 0.0, 7.71e-08
2018-08-05, 06:55:49, 0.0, 7.8e-08
2018-08-05, 06:55:51, 0.0, 7.74e-08
2018-08-05, 06:55:53, 0.0, 7.82e-08
2018-08-05, 06:55:55, 0.0, 7.85e-08
2018-08-05, 06:55:57, 0.0, 7.82e-08
2018-08-05, 06:55:59, 0.0, 7.77e-08
2018-08-05, 06:56:01, 0.0, 7.85e-08
2018-08-05, 06:56:04, 0.0, 7.83e-08
2018-08-05, 06:56:06, 0.0, 7.81e-08
2018-08-05, 06:56:08, 0.0, 7.84e-08
2018-08-05, 06:56:10, 0.0, 7.86e-08
2018-08-05, 06:56:12, 0.0, 7.81e-08
2018-08-05, 06:56:14, 0.0, 7.82e-08
2018-08-05, 06:56:16, 0.0, 7.82e-08
2018-08-05, 06:56:18, 0.0, 7.77e-08
2018-08-05, 06:56:21, 0.0, 7.81e-08
2018-08-05, 06:56:23, 0.0, 7.81e-08
2018-08-05, 06:56:25, 0.0, 7.73e-08
2018-08-05, 06:56:27, 0.0, 7.8e-08
2018-08-05, 06:56:29, 0.0, 7.73e-08
2018-08-05, 06:56:31, 0.0, 7.76e-08
2018-08-05, 06:56:33, 0.0, 7.8e-08
2018-08-05, 06:56:35, 0.0, 7.78e-08
2018-08-05, 06:56:38, 0.0, 7.7e-08
2018-08-05, 06:56:40, 0.0, 7.79e-08
2018-08-05, 06:56:42, 0.0, 7.8e-08
2018-08-05, 06:56:44, 0.0, 7.81e-08
2018-08-05, 06:56:46, 0.0, 7.76e-08
2018-08-05, 06:56:48, 0.0, 7.79e-08
2018-08-05, 06:56:50, 0.0, 7.78e-08
2018-08-05, 06:56:52, 0.0, 7.78e-08
2018-08-05, 06:56:55, 0.0, 7.75e-08
2018-08-05, 06:56:57, 0.0, 7.79e-08
2018-08-05, 06:56:59, 0.0, 7.69e-08
2018-08-05, 06:57:01, 0.0, 7.7e-08
2018-08-05, 06:57:03, 0.0, 7.75e-08
2018-08-05, 06:57:05, 0.0, 7.84e-08
2018-08-05, 06:57:07, 0.0, 7.79e-08
2018-08-05, 06:57:10, 0.0, 7.77e-08
2018-08-05, 06:57:12, 0.0, 7.73e-08
2018-08-05, 06:57:14, 0.0, 7.82e-08
2018-08-05, 06:57:16, 0.0, 7.83e-08
2018-08-05, 06:57:18, 0.0, 7.76e-08
2018-08-05, 06:57:20, 0.0, 7.77e-08
2018-08-05, 06:57:22, 0.0, 7.78e-08
2018-08-05, 06:57:24, 0.0, 7.83e-08
2018-08-05, 06:57:27, 0.0, 7.86e-08
2018-08-05, 06:57:29, 0.0, 7.72e-08
2018-08-05, 06:57:31, 0.0, 7.78e-08
2018-08-05, 06:57:33, 0.0, 7.79e-08
2018-08-05, 06:57:35, 0.0, 7.78e-08
2018-08-05, 06:57:37, 0.0, 7.81e-08
2018-08-05, 06:57:39, 0.0, 7.81e-08
2018-08-05, 06:57:41, 0.0, 7.76e-08
2018-08-05, 06:57:44, 0.0, 7.77e-08
2018-08-05, 06:57:46, 0.0, 7.85e-08
2018-08-05, 06:57:48, 0.0, 7.8e-08
2018-08-05, 06:57:50, 0.0, 7.83e-08
2018-08-05, 06:57:52, 0.0, 7.81e-08
2018-08-05, 06:57:54, 0.0, 7.84e-08
2018-08-05, 06:57:56, 0.0, 7.87e-08
2018-08-05, 06:57:59, 0.0, 7.82e-08
2018-08-05, 06:58:01, 0.0, 7.83e-08
2018-08-05, 06:58:03, 0.0, 7.83e-08
2018-08-05, 06:58:05, 0.0, 7.77e-08
2018-08-05, 06:58:07, 0.0, 7.74e-08
2018-08-05, 06:58:09, 0.0, 7.72e-08
2018-08-05, 06:58:11, 0.0, 7.77e-08
2018-08-05, 06:58:13, 0.0, 7.79e-08
2018-08-05, 06:58:16, 0.0, 7.77e-08
2018-08-05, 06:58:18, 0.0, 7.8e-08
2018-08-05, 06:58:20, 0.0, 7.83e-08
2018-08-05, 06:58:22, 0.0, 7.79e-08
2018-08-05, 06:58:24, 0.0, 7.75e-08
2018-08-05, 06:58:26, 0.0, 7.79e-08
2018-08-05, 06:58:28, 0.0, 7.77e-08
2018-08-05, 06:58:30, 0.0, 7.73e-08
2018-08-05, 06:58:33, 0.0, 7.73e-08
2018-08-05, 06:58:35, 0.0, 7.79e-08
2018-08-05, 06:58:37, 0.0, 7.83e-08
2018-08-05, 06:58:39, 0.0, 7.84e-08
2018-08-05, 06:58:41, 0.0, 7.82e-08
2018-08-05, 06:58:43, 0.0, 7.74e-08
2018-08-05, 06:58:45, 0.0, 7.86e-08
2018-08-05, 06:58:47, 0.0, 7.78e-08
2018-08-05, 06:58:50, 0.0, 7.82e-08
2018-08-05, 06:58:52, 0.0, 7.81e-08
2018-08-05, 06:58:54, 0.0, 7.82e-08
2018-08-05, 06:58:56, 0.0, 7.8e-08
2018-08-05, 06:58:58, 0.0, 7.81e-08
2018-08-05, 06:59:00, 0.0, 7.83e-08
2018-08-05, 06:59:02, 0.0, 7.82e-08
2018-08-05, 06:59:04, 0.0, 7.83e-08
2018-08-05, 06:59:07, 0.0, 7.79e-08
2018-08-05, 06:59:09, 0.0, 7.85e-08
2018-08-05, 06:59:11, 0.0, 7.81e-08
2018-08-05, 06:59:13, 0.0, 7.81e-08
2018-08-05, 06:59:15, 0.0, 7.85e-08
2018-08-05, 06:59:17, 0.0, 7.75e-08
2018-08-05, 06:59:19, 0.0, 7.79e-08
2018-08-05, 06:59:21, 0.0, 7.82e-08
2018-08-05, 06:59:24, 0.0, 7.81e-08
2018-08-05, 06:59:26, 0.0, 7.78e-08
2018-08-05, 06:59:28, 0.0, 7.79e-08
2018-08-05, 06:59:30, 0.0, 7.72e-08
2018-08-05, 06:59:32, 0.0, 7.8e-08
2018-08-05, 06:59:34, 0.0, 7.79e-08
2018-08-05, 06:59:36, 0.0, 7.84e-08
2018-08-05, 06:59:38, 0.0, 7.81e-08
2018-08-05, 06:59:41, 0.0, 7.81e-08
2018-08-05, 06:59:43, 0.0, 7.8e-08
2018-08-05, 06:59:45, 0.0, 7.79e-08
2018-08-05, 06:59:47, 0.0, 7.81e-08
2018-08-05, 06:59:49, 0.0, 7.79e-08
2018-08-05, 06:59:51, 0.0, 7.79e-08
2018-08-05, 06:59:53, 0.0, 7.84e-08
2018-08-05, 06:59:55, 0.0, 7.86e-08
2018-08-05, 06:59:58, 0.0, 7.74e-08
2018-08-05, 07:00:00, 0.0, 7.83e-08
2018-08-05, 07:00:02, 0.0, 7.84e-08
2018-08-05, 07:00:04, 0.0, 7.81e-08
2018-08-05, 07:00:06, 0.0, 7.83e-08
2018-08-05, 07:00:08, 0.0, 7.78e-08
2018-08-05, 07:00:10, 0.0, 7.78e-08
2018-08-05, 07:00:13, 0.0, 7.79e-08
2018-08-05, 07:00:15, 0.0, 7.78e-08
2018-08-05, 07:00:17, 0.0, 7.82e-08
2018-08-05, 07:00:19, 0.0, 7.77e-08
2018-08-05, 07:00:21, 0.0, 7.82e-08
2018-08-05, 07:00:23, 0.0, 7.86e-08
2018-08-05, 07:00:25, 0.0, 7.84e-08
2018-08-05, 07:00:28, 0.0, 7.83e-08
2018-08-05, 07:00:30, 0.0, 7.74e-08
2018-08-05, 07:00:32, 0.0, 7.79e-08
2018-08-05, 07:00:34, 0.0, 7.83e-08
2018-08-05, 07:00:36, 0.0, 7.8e-08
2018-08-05, 07:00:38, 0.0, 7.75e-08
2018-08-05, 07:00:40, 0.0, 7.83e-08
2018-08-05, 07:00:42, 0.0, 7.75e-08
2018-08-05, 07:00:45, 0.0, 7.8e-08
2018-08-05, 07:00:47, 0.0, 7.75e-08
2018-08-05, 07:00:49, 0.0, 7.72e-08
2018-08-05, 07:00:51, 0.0, 7.78e-08
2018-08-05, 07:00:53, 0.0, 7.82e-08
2018-08-05, 07:00:55, 0.0, 7.77e-08
2018-08-05, 07:00:57, 0.0, 7.81e-08
2018-08-05, 07:00:59, 0.0, 7.81e-08
2018-08-05, 07:01:02, 0.0, 7.8e-08
2018-08-05, 07:01:04, 0.0, 7.76e-08
2018-08-05, 07:01:06, 0.0, 7.86e-08
2018-08-05, 07:01:08, 0.0, 7.8e-08
2018-08-05, 07:01:10, 0.0, 7.75e-08
2018-08-05, 07:01:12, 0.0, 7.84e-08
2018-08-05, 07:01:14, 0.0, 7.78e-08
2018-08-05, 07:01:16, 0.0, 7.75e-08
2018-08-05, 07:01:19, 0.0, 7.73e-08
2018-08-05, 07:01:21, 0.0, 7.69e-08
2018-08-05, 07:01:23, 0.0, 7.77e-08
2018-08-05, 07:01:25, 0.0, 7.79e-08
2018-08-05, 07:01:27, 0.0, 7.83e-08
2018-08-05, 07:01:29, 0.0, 7.73e-08
2018-08-05, 07:01:31, 0.0, 7.79e-08
2018-08-05, 07:01:33, 0.0, 7.76e-08
2018-08-05, 07:01:36, 0.0, 7.77e-08
2018-08-05, 07:01:38, 0.0, 7.76e-08
2018-08-05, 07:01:40, 0.0, 7.8e-08
2018-08-05, 07:01:42, 0.0, 7.72e-08
2018-08-05, 07:01:44, 0.0, 7.7e-08
2018-08-05, 07:01:46, 0.0, 7.79e-08
2018-08-05, 07:01:48, 0.0, 7.82e-08
2018-08-05, 07:01:50, 0.0, 7.81e-08
2018-08-05, 07:01:53, 0.0, 7.73e-08
2018-08-05, 07:01:55, 0.0, 7.84e-08
2018-08-05, 07:01:57, 0.0, 7.83e-08
2018-08-05, 07:01:59, 0.0, 7.83e-08
2018-08-05, 07:02:01, 0.0, 7.74e-08
2018-08-05, 07:02:03, 0.0, 7.77e-08
2018-08-05, 07:02:05, 0.0, 7.74e-08
2018-08-05, 07:02:07, 0.0, 7.87e-08
2018-08-05, 07:02:10, 0.0, 7.79e-08
2018-08-05, 07:02:12, 0.0, 7.83e-08
2018-08-05, 07:02:14, 0.0, 7.8e-08
2018-08-05, 07:02:16, 0.0, 7.8e-08
2018-08-05, 07:02:18, 0.0, 7.83e-08
2018-08-05, 07:02:20, 0.0, 7.78e-08
2018-08-05, 07:02:22, 0.0, 7.78e-08
2018-08-05, 07:02:24, 0.0, 7.84e-08
2018-08-05, 07:02:27, 0.0, 7.79e-08
2018-08-05, 07:02:29, 0.0, 7.85e-08
2018-08-05, 07:02:31, 0.0, 7.79e-08
2018-08-05, 07:02:33, 0.0, 7.77e-08
2018-08-05, 07:02:35, 0.0, 7.91e-08
2018-08-05, 07:02:37, 0.0, 7.79e-08
2018-08-05, 07:02:39, 0.0, 7.79e-08
2018-08-05, 07:02:41, 0.0, 7.85e-08
2018-08-05, 07:02:44, 0.0, 7.85e-08
2018-08-05, 07:02:46, 0.0, 7.83e-08
2018-08-05, 07:02:48, 0.0, 7.84e-08
2018-08-05, 07:02:50, 0.0, 7.81e-08
2018-08-05, 07:02:52, 0.0, 7.83e-08
2018-08-05, 07:02:54, 0.0, 7.82e-08
2018-08-05, 07:02:56, 0.0, 7.76e-08
2018-08-05, 07:02:58, 0.0, 7.78e-08
2018-08-05, 07:03:01, 0.0, 7.83e-08
2018-08-05, 07:03:03, 0.0, 7.81e-08
2018-08-05, 07:03:05, 0.0, 7.73e-08
2018-08-05, 07:03:07, 0.0, 7.83e-08
2018-08-05, 07:03:09, 0.0, 7.79e-08
2018-08-05, 07:03:11, 0.0, 7.8e-08
2018-08-05, 07:03:13, 0.0, 7.76e-08
2018-08-05, 07:03:15, 0.0, 7.78e-08
2018-08-05, 07:03:18, 0.0, 7.75e-08
2018-08-05, 07:03:20, 0.0, 7.82e-08
2018-08-05, 07:03:22, 0.0, 7.73e-08
2018-08-05, 07:03:24, 0.0, 7.79e-08
2018-08-05, 07:03:26, 0.0, 7.81e-08
2018-08-05, 07:03:28, 0.0, 7.74e-08
2018-08-05, 07:03:30, 0.0, 7.76e-08
2018-08-05, 07:03:32, 0.0, 7.78e-08
2018-08-05, 07:03:35, 0.0, 7.8e-08
2018-08-05, 07:03:37, 0.0, 7.84e-08
2018-08-05, 07:03:39, 0.0, 7.78e-08
2018-08-05, 07:03:41, 0.0, 7.76e-08
2018-08-05, 07:03:43, 0.0, 7.81e-08
2018-08-05, 07:03:45, 0.0, 7.87e-08
2018-08-05, 07:03:47, 0.0, 7.83e-08
2018-08-05, 07:03:49, 0.0, 7.8e-08
2018-08-05, 07:03:52, 0.0, 7.82e-08
2018-08-05, 07:03:54, 0.0, 7.87e-08
2018-08-05, 07:03:56, 0.0, 7.82e-08
2018-08-05, 07:03:58, 0.0, 7.81e-08
2018-08-05, 07:04:00, 0.0, 7.84e-08
2018-08-05, 07:04:02, 0.0, 7.83e-08
2018-08-05, 07:04:04, 0.0, 7.83e-08
2018-08-05, 07:04:06, 0.0, 7.79e-08
2018-08-05, 07:04:09, 0.0, 7.84e-08
2018-08-05, 07:04:11, 0.0, 7.81e-08
2018-08-05, 07:04:13, 0.0, 7.8e-08
2018-08-05, 07:04:15, 0.0, 7.81e-08
2018-08-05, 07:04:17, 0.0, 7.83e-08
2018-08-05, 07:04:19, 0.0, 7.79e-08
2018-08-05, 07:04:21, 0.0, 7.82e-08
2018-08-05, 07:04:23, 0.0, 7.81e-08
2018-08-05, 07:04:26, 0.0, 7.8e-08
2018-08-05, 07:04:28, 0.0, 7.87e-08
2018-08-05, 07:04:30, 0.0, 7.73e-08
2018-08-05, 07:04:32, 0.0, 7.77e-08
2018-08-05, 07:04:34, 0.0, 7.8e-08
2018-08-05, 07:04:36, 0.0, 7.79e-08
2018-08-05, 07:04:38, 0.0, 7.77e-08
2018-08-05, 07:04:40, 0.0, 7.83e-08
2018-08-05, 07:04:43, 0.0, 7.86e-08
2018-08-05, 07:04:45, 0.0, 7.81e-08
2018-08-05, 07:04:47, 0.0, 7.8e-08
2018-08-05, 07:04:49, 0.0, 7.87e-08
2018-08-05, 07:04:51, 0.0, 7.84e-08
2018-08-05, 07:04:53, 0.0, 7.83e-08
2018-08-05, 07:04:55, 0.0, 7.86e-08
2018-08-05, 07:04:57, 0.0, 7.85e-08
2018-08-05, 07:05:00, 0.0, 7.86e-08
2018-08-05, 07:05:02, 0.0, 7.88e-08
2018-08-05, 07:05:04, 0.0, 7.83e-08
2018-08-05, 07:05:06, 0.0, 7.87e-08
2018-08-05, 07:05:08, 0.0, 7.86e-08
2018-08-05, 07:05:10, 0.0, 7.88e-08
2018-08-05, 07:05:12, 0.0, 7.78e-08
2018-08-05, 07:05:15, 0.0, 7.81e-08
2018-08-05, 07:05:17, 0.0, 7.82e-08
2018-08-05, 07:05:19, 0.0, 7.83e-08
2018-08-05, 07:05:21, 0.0, 7.84e-08
2018-08-05, 07:05:23, 0.0, 7.79e-08
2018-08-05, 07:05:25, 0.0, 7.83e-08
2018-08-05, 07:05:27, 0.0, 7.78e-08
2018-08-05, 07:05:30, 0.0, 7.77e-08
2018-08-05, 07:05:32, 0.0, 7.85e-08
2018-08-05, 07:05:34, 0.0, 7.81e-08
2018-08-05, 07:05:36, 0.0, 7.92e-08
2018-08-05, 07:05:38, 0.0, 7.8e-08
2018-08-05, 07:05:40, 0.0, 7.84e-08
2018-08-05, 07:05:42, 0.0, 7.89e-08
2018-08-05, 07:05:44, 0.0, 7.89e-08
2018-08-05, 07:05:47, 0.0, 7.86e-08
2018-08-05, 07:05:49, 0.0, 7.89e-08
2018-08-05, 07:05:51, 0.0, 7.85e-08
2018-08-05, 07:05:53, 0.0, 7.9e-08
2018-08-05, 07:05:55, 0.0, 7.83e-08
2018-08-05, 07:05:57, 0.0, 7.88e-08
2018-08-05, 07:05:59, 0.0, 7.77e-08
2018-08-05, 07:06:01, 0.0, 7.76e-08
2018-08-05, 07:06:04, 0.0, 7.85e-08
2018-08-05, 07:06:06, 0.0, 7.79e-08
2018-08-05, 07:06:08, 0.0, 7.86e-08
2018-08-05, 07:06:10, 0.0, 7.85e-08
2018-08-05, 07:06:12, 0.0, 7.85e-08
2018-08-05, 07:06:14, 0.0, 7.85e-08
2018-08-05, 07:06:16, 0.0, 7.95e-08
2018-08-05, 07:06:19, 0.0, 7.86e-08
2018-08-05, 07:06:21, 0.0, 7.78e-08
2018-08-05, 07:06:23, 0.0, 7.88e-08
2018-08-05, 07:06:25, 0.0, 7.86e-08
2018-08-05, 07:06:27, 0.0, 7.81e-08
2018-08-05, 07:06:29, 0.0, 7.84e-08
2018-08-05, 07:06:31, 0.0, 7.9e-08
2018-08-05, 07:06:33, 0.0, 7.81e-08
2018-08-05, 07:06:36, 0.0, 7.91e-08
2018-08-05, 07:06:38, 0.0, 7.9e-08
2018-08-05, 07:06:40, 0.0, 7.91e-08
2018-08-05, 07:06:42, 0.0, 7.86e-08
2018-08-05, 07:06:44, 0.0, 7.91e-08
2018-08-05, 07:06:46, 0.0, 7.88e-08
2018-08-05, 07:06:48, 0.0, 7.9e-08
2018-08-05, 07:06:50, 0.0, 7.9e-08
2018-08-05, 07:06:53, 0.0, 7.86e-08
2018-08-05, 07:06:55, 0.0, 7.77e-08
2018-08-05, 07:06:57, 0.0, 7.82e-08
2018-08-05, 07:06:59, 0.0, 7.83e-08
2018-08-05, 07:07:01, 0.0, 7.9e-08
2018-08-05, 07:07:03, 0.0, 7.85e-08
2018-08-05, 07:07:05, 0.0, 7.86e-08
2018-08-05, 07:07:07, 0.0, 7.87e-08
2018-08-05, 07:07:10, 0.0, 7.82e-08
2018-08-05, 07:07:12, 0.0, 7.91e-08
2018-08-05, 07:07:14, 0.0, 7.85e-08
2018-08-05, 07:07:16, 0.0, 7.84e-08
2018-08-05, 07:07:18, 0.0, 7.87e-08
2018-08-05, 07:07:20, 0.0, 7.89e-08
2018-08-05, 07:07:22, 0.0, 7.83e-08
2018-08-05, 07:07:24, 0.0, 7.9e-08
2018-08-05, 07:07:27, 0.0, 7.91e-08
2018-08-05, 07:07:29, 0.0, 7.87e-08
2018-08-05, 07:07:31, 0.0, 7.87e-08
2018-08-05, 07:07:33, 0.0, 7.81e-08
2018-08-05, 07:07:35, 0.0, 7.83e-08
2018-08-05, 07:07:37, 0.0, 7.84e-08
2018-08-05, 07:07:39, 0.0, 7.85e-08
2018-08-05, 07:07:41, 0.0, 7.87e-08
2018-08-05, 07:07:44, 0.0, 7.86e-08
2018-08-05, 07:07:46, 0.0, 7.83e-08
2018-08-05, 07:07:48, 0.0, 7.79e-08
2018-08-05, 07:07:50, 0.0, 7.84e-08
2018-08-05, 07:07:52, 0.0, 7.79e-08
2018-08-05, 07:07:54, 0.0, 7.88e-08
2018-08-05, 07:07:56, 0.0, 7.81e-08
2018-08-05, 07:07:58, 0.0, 7.81e-08
2018-08-05, 07:08:01, 0.0, 7.82e-08
2018-08-05, 07:08:03, 0.0, 7.82e-08
2018-08-05, 07:08:05, 0.0, 7.86e-08
2018-08-05, 07:08:07, 0.0, 7.69e-08
2018-08-05, 07:08:09, 0.0, 7.81e-08
2018-08-05, 07:08:11, 0.0, 7.83e-08
2018-08-05, 07:08:13, 0.0, 7.81e-08
2018-08-05, 07:08:16, 0.0, 7.85e-08
2018-08-05, 07:08:18, 0.0, 7.88e-08
2018-08-05, 07:08:20, 0.0, 7.79e-08
2018-08-05, 07:08:22, 0.0, 7.79e-08
2018-08-05, 07:08:24, 0.0, 7.78e-08
2018-08-05, 07:08:26, 0.0, 7.78e-08
2018-08-05, 07:08:28, 0.0, 7.81e-08
2018-08-05, 07:08:30, 0.0, 7.87e-08
2018-08-05, 07:08:33, 0.0, 7.8e-08
2018-08-05, 07:08:35, 0.0, 7.73e-08
2018-08-05, 07:08:37, 0.0, 7.8e-08
2018-08-05, 07:08:39, 0.0, 7.85e-08
2018-08-05, 07:08:41, 0.0, 7.8e-08
2018-08-05, 07:08:43, 0.0, 7.85e-08
2018-08-05, 07:08:45, 0.0, 7.81e-08
2018-08-05, 07:08:47, 0.0, 7.84e-08
2018-08-05, 07:08:50, 0.0, 7.78e-08
2018-08-05, 07:08:52, 0.0, 7.78e-08
2018-08-05, 07:08:54, 0.0, 7.83e-08
2018-08-05, 07:08:56, 0.0, 7.87e-08
2018-08-05, 07:08:58, 0.0, 7.8e-08
2018-08-05, 07:09:00, 0.0, 7.82e-08
2018-08-05, 07:09:02, 0.0, 7.74e-08
2018-08-05, 07:09:04, 0.0, 7.76e-08
2018-08-05, 07:09:07, 0.0, 7.88e-08
2018-08-05, 07:09:09, 0.0, 7.85e-08
2018-08-05, 07:09:11, 0.0, 7.8e-08
2018-08-05, 07:09:13, 0.0, 7.73e-08
2018-08-05, 07:09:15, 0.0, 7.85e-08
2018-08-05, 07:09:17, 0.0, 7.8e-08
2018-08-05, 07:09:19, 0.0, 7.86e-08
2018-08-05, 07:09:21, 0.0, 7.8e-08
2018-08-05, 07:09:24, 0.0, 7.82e-08
2018-08-05, 07:09:26, 0.0, 7.82e-08
2018-08-05, 07:09:28, 0.0, 7.75e-08
2018-08-05, 07:09:30, 0.0, 7.7e-08
2018-08-05, 07:09:32, 0.0, 7.66e-08
2018-08-05, 07:09:34, 0.0, 7.8e-08
2018-08-05, 07:09:36, 0.0, 7.84e-08
2018-08-05, 07:09:38, 0.0, 7.8e-08
2018-08-05, 07:09:41, 0.0, 7.76e-08
2018-08-05, 07:09:43, 0.0, 7.82e-08
2018-08-05, 07:09:45, 0.0, 7.83e-08
2018-08-05, 07:09:47, 0.0, 7.82e-08
2018-08-05, 07:09:49, 0.0, 7.74e-08
2018-08-05, 07:09:51, 0.0, 7.87e-08
2018-08-05, 07:09:53, 0.0, 7.79e-08
2018-08-05, 07:09:56, 0.0, 7.85e-08
2018-08-05, 07:09:58, 0.0, 7.75e-08
2018-08-05, 07:10:00, 0.0, 7.82e-08
2018-08-05, 07:10:02, 0.0, 7.82e-08
2018-08-05, 07:10:04, 0.0, 7.81e-08
2018-08-05, 07:10:06, 0.0, 7.83e-08
2018-08-05, 07:10:08, 0.0, 7.82e-08
2018-08-05, 07:10:10, 0.0, 7.78e-08
2018-08-05, 07:10:13, 0.0, 7.81e-08
2018-08-05, 07:10:15, 0.0, 7.79e-08
2018-08-05, 07:10:17, 0.0, 7.8e-08
2018-08-05, 07:10:19, 0.0, 7.76e-08
2018-08-05, 07:10:21, 0.0, 7.84e-08
2018-08-05, 07:10:23, 0.0, 7.77e-08
2018-08-05, 07:10:25, 0.0, 7.8e-08
2018-08-05, 07:10:27, 0.0, 7.89e-08
2018-08-05, 07:10:30, 0.0, 7.83e-08
2018-08-05, 07:10:32, 0.0, 7.87e-08
2018-08-05, 07:10:34, 0.0, 7.81e-08
2018-08-05, 07:10:36, 0.0, 7.8e-08
2018-08-05, 07:10:38, 0.0, 7.83e-08
2018-08-05, 07:10:40, 0.0, 7.81e-08
2018-08-05, 07:10:42, 0.0, 7.76e-08
2018-08-05, 07:10:44, 0.0, 7.79e-08
2018-08-05, 07:10:47, 0.0, 7.81e-08
2018-08-05, 07:10:49, 0.0, 7.75e-08
2018-08-05, 07:10:51, 0.0, 7.77e-08
2018-08-05, 07:10:53, 0.0, 7.82e-08
2018-08-05, 07:10:55, 0.0, 7.77e-08
2018-08-05, 07:10:57, 0.0, 7.82e-08
2018-08-05, 07:10:59, 0.0, 7.78e-08
2018-08-05, 07:11:01, 0.0, 7.76e-08
2018-08-05, 07:11:04, 0.0, 7.79e-08
2018-08-05, 07:11:06, 0.0, 7.76e-08
2018-08-05, 07:11:08, 0.0, 7.85e-08
2018-08-05, 07:11:10, 0.0, 7.76e-08
2018-08-05, 07:11:12, 0.0, 7.72e-08
2018-08-05, 07:11:14, 0.0, 7.82e-08
2018-08-05, 07:11:16, 0.0, 7.77e-08
2018-08-05, 07:11:18, 0.0, 7.81e-08
2018-08-05, 07:11:21, 0.0, 7.77e-08
2018-08-05, 07:11:23, 0.0, 7.71e-08
2018-08-05, 07:11:25, 0.0, 7.73e-08
2018-08-05, 07:11:27, 0.0, 7.82e-08
2018-08-05, 07:11:29, 0.0, 7.8e-08
2018-08-05, 07:11:31, 0.0, 7.8e-08
2018-08-05, 07:11:33, 0.0, 7.75e-08
2018-08-05, 07:11:35, 0.0, 7.82e-08
2018-08-05, 07:11:38, 0.0, 7.82e-08
2018-08-05, 07:11:40, 0.0, 7.83e-08
2018-08-05, 07:11:42, 0.0, 7.74e-08
2018-08-05, 07:11:44, 0.0, 7.75e-08
2018-08-05, 07:11:46, 0.0, 7.83e-08
2018-08-05, 07:11:48, 0.0, 7.81e-08
2018-08-05, 07:11:50, 0.0, 7.81e-08
2018-08-05, 07:11:52, 0.0, 7.8e-08
2018-08-05, 07:11:55, 0.0, 7.77e-08
2018-08-05, 07:11:57, 0.0, 7.81e-08
2018-08-05, 07:11:59, 0.0, 7.78e-08
2018-08-05, 07:12:01, 0.0, 7.83e-08
2018-08-05, 07:12:03, 0.0, 7.84e-08
2018-08-05, 07:12:05, 0.0, 7.7e-08
2018-08-05, 07:12:07, 0.0, 7.78e-08
2018-08-05, 07:12:09, 0.0, 7.79e-08
2018-08-05, 07:12:12, 0.0, 7.75e-08
2018-08-05, 07:12:14, 0.0, 7.74e-08
2018-08-05, 07:12:16, 0.0, 7.7e-08
2018-08-05, 07:12:18, 0.0, 7.76e-08
2018-08-05, 07:12:20, 0.0, 7.8e-08
2018-08-05, 07:12:22, 0.0, 7.78e-08
2018-08-05, 07:12:24, 0.0, 7.77e-08
2018-08-05, 07:12:27, 0.0, 7.7e-08
2018-08-05, 07:12:29, 0.0, 7.77e-08
2018-08-05, 07:12:31, 0.0, 7.71e-08
2018-08-05, 07:12:33, 0.0, 7.74e-08
2018-08-05, 07:12:35, 0.0, 7.78e-08
2018-08-05, 07:12:37, 0.0, 7.77e-08
2018-08-05, 07:12:39, 0.0, 7.79e-08
2018-08-05, 07:12:41, 0.0, 7.8e-08
2018-08-05, 07:12:44, 0.0, 7.81e-08
2018-08-05, 07:12:46, 0.0, 7.76e-08
2018-08-05, 07:12:48, 0.0, 7.78e-08
2018-08-05, 07:12:50, 0.0, 7.79e-08
2018-08-05, 07:12:52, 0.0, 7.8e-08
2018-08-05, 07:12:54, 0.0, 7.79e-08
2018-08-05, 07:12:56, 0.0, 7.83e-08
2018-08-05, 07:12:58, 0.0, 7.82e-08
2018-08-05, 07:13:01, 0.0, 7.83e-08
2018-08-05, 07:13:03, 0.0, 7.78e-08
2018-08-05, 07:13:05, 0.0, 7.82e-08
2018-08-05, 07:13:07, 0.0, 7.82e-08
2018-08-05, 07:13:09, 0.0, 7.83e-08
2018-08-05, 07:13:11, 0.0, 7.81e-08
2018-08-05, 07:13:13, 0.0, 7.82e-08
2018-08-05, 07:13:16, 0.0, 7.86e-08
2018-08-05, 07:13:18, 0.0, 7.86e-08
2018-08-05, 07:13:20, 0.0, 7.87e-08
2018-08-05, 07:13:22, 0.0, 7.77e-08
2018-08-05, 07:13:24, 0.0, 7.83e-08
2018-08-05, 07:13:26, 0.0, 7.79e-08
2018-08-05, 07:13:28, 0.0, 7.81e-08
2018-08-05, 07:13:30, 0.0, 7.81e-08
2018-08-05, 07:13:33, 0.0, 7.83e-08
2018-08-05, 07:13:35, 0.0, 7.82e-08
2018-08-05, 07:13:37, 0.0, 7.79e-08
2018-08-05, 07:13:39, 0.0, 7.75e-08
2018-08-05, 07:13:41, 0.0, 7.76e-08
2018-08-05, 07:13:43, 0.0, 7.81e-08
2018-08-05, 07:13:45, 0.0, 7.78e-08
2018-08-05, 07:13:47, 0.0, 7.86e-08
2018-08-05, 07:13:50, 0.0, 7.82e-08
2018-08-05, 07:13:52, 0.0, 7.78e-08
2018-08-05, 07:13:54, 0.0, 7.79e-08
2018-08-05, 07:13:56, 0.0, 7.81e-08
2018-08-05, 07:13:58, 0.0, 7.77e-08
2018-08-05, 07:14:00, 0.0, 7.79e-08
2018-08-05, 07:14:02, 0.0, 7.8e-08
2018-08-05, 07:14:05, 0.0, 7.77e-08
2018-08-05, 07:14:07, 0.0, 7.79e-08
2018-08-05, 07:14:09, 0.0, 7.82e-08
2018-08-05, 07:14:11, 0.0, 7.84e-08
2018-08-05, 07:14:13, 0.0, 7.84e-08
2018-08-05, 07:14:15, 0.0, 7.81e-08
2018-08-05, 07:14:17, 0.0, 7.79e-08
2018-08-05, 07:14:19, 0.0, 7.8e-08
2018-08-05, 07:14:22, 0.0, 7.78e-08
2018-08-05, 07:14:24, 0.0, 7.78e-08
2018-08-05, 07:14:26, 0.0, 7.83e-08
2018-08-05, 07:14:28, 0.0, 7.77e-08
2018-08-05, 07:14:30, 0.0, 7.81e-08
2018-08-05, 07:14:32, 0.0, 7.77e-08
2018-08-05, 07:14:34, 0.0, 7.81e-08
2018-08-05, 07:14:36, 0.0, 7.83e-08
2018-08-05, 07:14:39, 0.0, 7.81e-08
2018-08-05, 07:14:41, 0.0, 7.82e-08
2018-08-05, 07:14:43, 0.0, 7.77e-08
2018-08-05, 07:14:45, 0.0, 7.75e-08
2018-08-05, 07:14:47, 0.0, 7.81e-08
2018-08-05, 07:14:49, 0.0, 7.8e-08
2018-08-05, 07:14:51, 0.0, 7.78e-08
2018-08-05, 07:14:53, 0.0, 7.77e-08
2018-08-05, 07:14:56, 0.0, 7.79e-08
2018-08-05, 07:14:58, 0.0, 7.75e-08
2018-08-05, 07:15:00, 0.0, 7.81e-08
2018-08-05, 07:15:02, 0.0, 7.77e-08
2018-08-05, 07:15:04, 0.0, 7.84e-08
2018-08-05, 07:15:06, 0.0, 7.81e-08
2018-08-05, 07:15:08, 0.0, 7.79e-08
2018-08-05, 07:15:10, 0.0, 7.75e-08
2018-08-05, 07:15:13, 0.0, 7.82e-08
2018-08-05, 07:15:15, 0.0, 7.85e-08
2018-08-05, 07:15:17, 0.0, 7.78e-08
2018-08-05, 07:15:19, 0.0, 7.81e-08
2018-08-05, 07:15:21, 0.0, 7.77e-08
2018-08-05, 07:15:23, 0.0, 7.79e-08
2018-08-05, 07:15:25, 0.0, 7.82e-08
2018-08-05, 07:15:27, 0.0, 7.85e-08
2018-08-05, 07:15:30, 0.0, 7.72e-08
2018-08-05, 07:15:32, 0.0, 7.83e-08
2018-08-05, 07:15:34, 0.0, 7.83e-08
2018-08-05, 07:15:36, 0.0, 7.81e-08
2018-08-05, 07:15:38, 0.0, 7.83e-08
2018-08-05, 07:15:40, 0.0, 7.83e-08
2018-08-05, 07:15:42, 0.0, 7.81e-08
2018-08-05, 07:15:44, 0.0, 7.79e-08
2018-08-05, 07:15:47, 0.0, 7.86e-08
2018-08-05, 07:15:49, 0.0, 7.86e-08
2018-08-05, 07:15:51, 0.0, 7.81e-08
2018-08-05, 07:15:53, 0.0, 7.85e-08
2018-08-05, 07:15:55, 0.0, 7.82e-08
2018-08-05, 07:15:57, 0.0, 7.84e-08
2018-08-05, 07:15:59, 0.0, 7.8e-08
2018-08-05, 07:16:01, 0.0, 7.89e-08
2018-08-05, 07:16:04, 0.0, 7.82e-08
2018-08-05, 07:16:06, 0.0, 7.84e-08
2018-08-05, 07:16:08, 0.0, 7.87e-08
2018-08-05, 07:16:10, 0.0, 7.85e-08
2018-08-05, 07:16:12, 0.0, 7.82e-08
2018-08-05, 07:16:14, 0.0, 7.88e-08
2018-08-05, 07:16:16, 0.0, 7.85e-08
2018-08-05, 07:16:19, 0.0, 7.86e-08
2018-08-05, 07:16:21, 0.0, 7.88e-08
2018-08-05, 07:16:23, 0.0, 7.81e-08
2018-08-05, 07:16:25, 0.0, 7.8e-08
2018-08-05, 07:16:27, 0.0, 7.91e-08
2018-08-05, 07:16:29, 0.0, 7.84e-08
2018-08-05, 07:16:31, 0.0, 7.85e-08
2018-08-05, 07:16:33, 0.0, 7.88e-08
2018-08-05, 07:16:36, 0.0, 7.86e-08
2018-08-05, 07:16:38, 0.0, 7.91e-08
2018-08-05, 07:16:40, 0.0, 7.79e-08
2018-08-05, 07:16:42, 0.0, 7.83e-08
2018-08-05, 07:16:44, 0.0, 7.85e-08
2018-08-05, 07:16:46, 0.0, 7.77e-08
2018-08-05, 07:16:48, 0.0, 7.84e-08
2018-08-05, 07:16:50, 0.0, 7.81e-08
2018-08-05, 07:16:53, 0.0, 7.87e-08
2018-08-05, 07:16:55, 0.0, 7.81e-08
2018-08-05, 07:16:57, 0.0, 7.77e-08
2018-08-05, 07:16:59, 0.0, 7.84e-08
2018-08-05, 07:17:01, 0.0, 7.84e-08
2018-08-05, 07:17:03, 0.0, 7.82e-08
2018-08-05, 07:17:05, 0.0, 7.87e-08
2018-08-05, 07:17:07, 0.0, 7.85e-08
2018-08-05, 07:17:10, 0.0, 7.83e-08
2018-08-05, 07:17:12, 0.0, 7.83e-08
2018-08-05, 07:17:14, 0.0, 7.84e-08
2018-08-05, 07:17:16, 0.0, 7.84e-08
2018-08-05, 07:17:18, 0.0, 7.77e-08
2018-08-05, 07:17:20, 0.0, 7.79e-08
2018-08-05, 07:17:22, 0.0, 7.81e-08
2018-08-05, 07:17:25, 0.0, 7.8e-08
2018-08-05, 07:17:27, 0.0, 7.79e-08
2018-08-05, 07:17:29, 0.0, 7.82e-08
2018-08-05, 07:17:31, 0.0, 7.82e-08
2018-08-05, 07:17:33, 0.0, 7.79e-08
2018-08-05, 07:17:35, 0.0, 7.83e-08
2018-08-05, 07:17:37, 0.0, 7.79e-08
2018-08-05, 07:17:39, 0.0, 7.88e-08
2018-08-05, 07:17:42, 0.0, 7.77e-08
2018-08-05, 07:17:44, 0.0, 7.85e-08
2018-08-05, 07:17:46, 0.0, 7.79e-08
2018-08-05, 07:17:48, 0.0, 7.82e-08
2018-08-05, 07:17:50, 0.0, 7.86e-08
2018-08-05, 07:17:52, 0.0, 7.77e-08
2018-08-05, 07:17:54, 0.0, 7.79e-08
2018-08-05, 07:17:56, 0.0, 7.84e-08
2018-08-05, 07:17:59, 0.0, 7.81e-08
2018-08-05, 07:18:01, 0.0, 7.84e-08
2018-08-05, 07:18:03, 0.0, 7.82e-08
2018-08-05, 07:18:05, 0.0, 7.82e-08
2018-08-05, 07:18:07, 0.0, 7.81e-08
2018-08-05, 07:18:09, 0.0, 7.83e-08
2018-08-05, 07:18:11, 0.0, 7.81e-08
2018-08-05, 07:18:13, 0.0, 7.84e-08
2018-08-05, 07:18:16, 0.0, 7.81e-08
2018-08-05, 07:18:18, 0.0, 7.86e-08
2018-08-05, 07:18:20, 0.0, 7.81e-08
2018-08-05, 07:18:22, 0.0, 7.83e-08
2018-08-05, 07:18:24, 0.0, 7.8e-08
2018-08-05, 07:18:26, 0.0, 7.8e-08
2018-08-05, 07:18:28, 0.0, 7.84e-08
2018-08-05, 07:18:30, 0.0, 7.82e-08
2018-08-05, 07:18:33, 0.0, 7.76e-08
2018-08-05, 07:18:35, 0.0, 7.78e-08
2018-08-05, 07:18:37, 0.0, 7.84e-08
2018-08-05, 07:18:39, 0.0, 7.86e-08
2018-08-05, 07:18:41, 0.0, 7.86e-08
2018-08-05, 07:18:43, 0.0, 7.87e-08
2018-08-05, 07:18:45, 0.0, 7.8e-08
2018-08-05, 07:18:47, 0.0, 7.88e-08
2018-08-05, 07:18:50, 0.0, 7.87e-08
2018-08-05, 07:18:52, 0.0, 7.83e-08
2018-08-05, 07:18:54, 0.0, 7.85e-08
2018-08-05, 07:18:56, 0.0, 7.87e-08
2018-08-05, 07:18:58, 0.0, 7.84e-08
2018-08-05, 07:19:00, 0.0, 7.82e-08
2018-08-05, 07:19:02, 0.0, 7.79e-08
2018-08-05, 07:19:04, 0.0, 7.8e-08
2018-08-05, 07:19:07, 0.0, 7.86e-08
2018-08-05, 07:19:09, 0.0, 7.81e-08
2018-08-05, 07:19:11, 0.0, 7.84e-08
2018-08-05, 07:19:13, 0.0, 7.88e-08
2018-08-05, 07:19:15, 0.0, 7.86e-08
2018-08-05, 07:19:17, 0.0, 7.85e-08
2018-08-05, 07:19:19, 0.0, 7.81e-08
2018-08-05, 07:19:21, 0.0, 7.78e-08
2018-08-05, 07:19:24, 0.0, 7.86e-08
2018-08-05, 07:19:26, 0.0, 7.81e-08
2018-08-05, 07:19:28, 0.0, 7.82e-08
2018-08-05, 07:19:30, 0.0, 7.86e-08
2018-08-05, 07:19:32, 0.0, 7.84e-08
2018-08-05, 07:19:34, 0.0, 7.83e-08
2018-08-05, 07:19:36, 0.0, 7.86e-08
2018-08-05, 07:19:39, 0.0, 7.83e-08
2018-08-05, 07:19:41, 0.0, 7.85e-08
2018-08-05, 07:19:43, 0.0, 7.77e-08
2018-08-05, 07:19:45, 0.0, 7.84e-08
2018-08-05, 07:19:47, 0.0, 7.86e-08
2018-08-05, 07:19:49, 0.0, 7.84e-08
2018-08-05, 07:19:51, 0.0, 7.87e-08
2018-08-05, 07:19:53, 0.0, 7.86e-08
2018-08-05, 07:19:56, 0.0, 7.84e-08
2018-08-05, 07:19:58, 0.0, 7.86e-08
2018-08-05, 07:20:00, 0.0, 7.89e-08
2018-08-05, 07:20:02, 0.0, 7.85e-08
2018-08-05, 07:20:04, 0.0, 7.85e-08
2018-08-05, 07:20:06, 0.0, 7.86e-08
2018-08-05, 07:20:08, 0.0, 7.85e-08
2018-08-05, 07:20:10, 0.0, 7.82e-08
2018-08-05, 07:20:13, 0.0, 7.82e-08
2018-08-05, 07:20:15, 0.0, 7.86e-08
2018-08-05, 07:20:17, 0.0, 7.84e-08
2018-08-05, 07:20:19, 0.0, 7.82e-08
2018-08-05, 07:20:21, 0.0, 7.84e-08
2018-08-05, 07:20:23, 0.0, 7.82e-08
2018-08-05, 07:20:25, 0.0, 7.85e-08
2018-08-05, 07:20:27, 0.0, 7.83e-08
2018-08-05, 07:20:30, 0.0, 7.83e-08
2018-08-05, 07:20:32, 0.0, 7.83e-08
2018-08-05, 07:20:34, 0.0, 7.89e-08
2018-08-05, 07:20:36, 0.0, 7.83e-08
2018-08-05, 07:20:38, 0.0, 7.81e-08
2018-08-05, 07:20:40, 0.0, 7.86e-08
2018-08-05, 07:20:42, 0.0, 7.85e-08
2018-08-05, 07:20:44, 0.0, 7.82e-08
2018-08-05, 07:20:47, 0.0, 7.82e-08
2018-08-05, 07:20:49, 0.0, 7.86e-08
2018-08-05, 07:20:51, 0.0, 7.79e-08
2018-08-05, 07:20:53, 0.0, 7.84e-08
2018-08-05, 07:20:55, 0.0, 7.78e-08
2018-08-05, 07:20:57, 0.0, 7.82e-08
2018-08-05, 07:20:59, 0.0, 7.79e-08
2018-08-05, 07:21:01, 0.0, 7.82e-08
2018-08-05, 07:21:04, 0.0, 7.84e-08
2018-08-05, 07:21:06, 0.0, 7.8e-08
2018-08-05, 07:21:08, 0.0, 7.86e-08
2018-08-05, 07:21:10, 0.0, 7.78e-08
2018-08-05, 07:21:12, 0.0, 7.83e-08
2018-08-05, 07:21:14, 0.0, 7.83e-08
2018-08-05, 07:21:16, 0.0, 7.81e-08
2018-08-05, 07:21:18, 0.0, 7.75e-08
2018-08-05, 07:21:21, 0.0, 7.84e-08
2018-08-05, 07:21:23, 0.0, 7.82e-08
2018-08-05, 07:21:25, 0.0, 7.85e-08
2018-08-05, 07:21:27, 0.0, 7.86e-08
2018-08-05, 07:21:29, 0.0, 7.83e-08
2018-08-05, 07:21:31, 0.0, 7.83e-08
2018-08-05, 07:21:33, 0.0, 7.87e-08
2018-08-05, 07:21:35, 0.0, 7.78e-08
2018-08-05, 07:21:38, 0.0, 7.85e-08
2018-08-05, 07:21:40, 0.0, 7.81e-08
2018-08-05, 07:21:42, 0.0, 7.8e-08
2018-08-05, 07:21:44, 0.0, 7.84e-08
2018-08-05, 07:21:46, 0.0, 7.76e-08
2018-08-05, 07:21:48, 0.0, 7.85e-08
2018-08-05, 07:21:50, 0.0, 7.81e-08
2018-08-05, 07:21:53, 0.0, 7.82e-08
2018-08-05, 07:21:55, 0.0, 7.83e-08
2018-08-05, 07:21:57, 0.0, 7.81e-08
2018-08-05, 07:21:59, 0.0, 7.85e-08
2018-08-05, 07:22:01, 0.0, 7.84e-08
2018-08-05, 07:22:03, 0.0, 7.86e-08
2018-08-05, 07:22:05, 0.0, 7.86e-08
2018-08-05, 07:22:07, 0.0, 7.88e-08
2018-08-05, 07:22:10, 0.0, 7.88e-08
2018-08-05, 07:22:12, 0.0, 7.82e-08
2018-08-05, 07:22:14, 0.0, 7.81e-08
2018-08-05, 07:22:16, 0.0, 7.78e-08
2018-08-05, 07:22:18, 0.0, 7.82e-08
2018-08-05, 07:22:20, 0.0, 7.86e-08
2018-08-05, 07:22:22, 0.0, 7.85e-08
2018-08-05, 07:22:24, 0.0, 7.83e-08
2018-08-05, 07:22:27, 0.0, 7.79e-08
2018-08-05, 07:22:29, 0.0, 7.87e-08
2018-08-05, 07:22:31, 0.0, 7.77e-08
2018-08-05, 07:22:33, 0.0, 7.89e-08
2018-08-05, 07:22:35, 0.0, 7.84e-08
2018-08-05, 07:22:37, 0.0, 7.82e-08
2018-08-05, 07:22:39, 0.0, 7.83e-08
2018-08-05, 07:22:41, 0.0, 7.82e-08
2018-08-05, 07:22:44, 0.0, 7.83e-08
2018-08-05, 07:22:46, 0.0, 7.74e-08
2018-08-05, 07:22:48, 0.0, 7.79e-08
2018-08-05, 07:22:50, 0.0, 7.81e-08
2018-08-05, 07:22:52, 0.0, 7.78e-08
2018-08-05, 07:22:54, 0.0, 7.88e-08
2018-08-05, 07:22:56, 0.0, 7.81e-08
2018-08-05, 07:22:58, 0.0, 7.88e-08
2018-08-05, 07:23:01, 0.0, 7.85e-08
2018-08-05, 07:23:03, 0.0, 7.85e-08
2018-08-05, 07:23:05, 0.0, 7.82e-08
2018-08-05, 07:23:07, 0.0, 7.8e-08
2018-08-05, 07:23:09, 0.0, 7.79e-08
2018-08-05, 07:23:11, 0.0, 7.85e-08
2018-08-05, 07:23:13, 0.0, 7.84e-08
2018-08-05, 07:23:15, 0.0, 7.84e-08
2018-08-05, 07:23:18, 0.0, 7.82e-08
2018-08-05, 07:23:20, 0.0, 7.76e-08
2018-08-05, 07:23:22, 0.0, 7.79e-08
2018-08-05, 07:23:24, 0.0, 7.8e-08
2018-08-05, 07:23:26, 0.0, 7.72e-08
2018-08-05, 07:23:28, 0.0, 7.82e-08
2018-08-05, 07:23:30, 0.0, 7.85e-08
2018-08-05, 07:23:32, 0.0, 7.88e-08
2018-08-05, 07:23:35, 0.0, 7.8e-08
2018-08-05, 07:23:37, 0.0, 7.85e-08
2018-08-05, 07:23:39, 0.0, 7.84e-08
2018-08-05, 07:23:41, 0.0, 7.85e-08
2018-08-05, 07:23:43, 0.0, 7.84e-08
2018-08-05, 07:23:45, 0.0, 7.82e-08
2018-08-05, 07:23:47, 0.0, 7.89e-08
2018-08-05, 07:23:49, 0.0, 7.83e-08
2018-08-05, 07:23:52, 0.0, 7.83e-08
2018-08-05, 07:23:54, 0.0, 7.85e-08
2018-08-05, 07:23:56, 0.0, 7.8e-08
2018-08-05, 07:23:58, 0.0, 7.82e-08
2018-08-05, 07:24:00, 0.0, 7.87e-08
2018-08-05, 07:24:02, 0.0, 7.86e-08
2018-08-05, 07:24:05, 0.0, 7.93e-08
2018-08-05, 07:24:07, 0.0, 7.86e-08
2018-08-05, 07:24:09, 0.0, 7.93e-08
2018-08-05, 07:24:11, 0.0, 7.91e-08
2018-08-05, 07:24:13, 0.0, 7.82e-08
2018-08-05, 07:24:15, 0.0, 7.89e-08
2018-08-05, 07:24:17, 0.0, 7.9e-08
2018-08-05, 07:24:19, 0.0, 7.94e-08
2018-08-05, 07:24:22, 0.0, 7.93e-08
2018-08-05, 07:24:24, 0.0, 7.92e-08
2018-08-05, 07:24:26, 0.0, 7.94e-08
2018-08-05, 07:24:28, 0.0, 7.87e-08
2018-08-05, 07:24:30, 0.0, 7.92e-08
2018-08-05, 07:24:32, 0.0, 7.95e-08
2018-08-05, 07:24:34, 0.0, 7.92e-08
2018-08-05, 07:24:36, 0.0, 7.93e-08
2018-08-05, 07:24:39, 0.0, 7.93e-08
2018-08-05, 07:24:41, 0.0, 7.93e-08
2018-08-05, 07:24:43, 0.0, 7.91e-08
2018-08-05, 07:24:45, 0.0, 7.87e-08
2018-08-05, 07:24:47, 0.0, 7.94e-08
2018-08-05, 07:24:49, 0.0, 7.83e-08
2018-08-05, 07:24:51, 0.0, 7.87e-08
2018-08-05, 07:24:53, 0.0, 7.91e-08
2018-08-05, 07:24:56, 0.0, 7.77e-08
2018-08-05, 07:24:58, 0.0, 7.83e-08
2018-08-05, 07:25:00, 0.0, 7.85e-08
2018-08-05, 07:25:02, 0.0, 7.88e-08
2018-08-05, 07:25:04, 0.0, 7.9e-08
2018-08-05, 07:25:06, 0.0, 7.83e-08
2018-08-05, 07:25:08, 0.0, 7.91e-08
2018-08-05, 07:25:10, 0.0, 7.81e-08
2018-08-05, 07:25:13, 0.0, 7.85e-08
2018-08-05, 07:25:15, 0.0, 7.84e-08
2018-08-05, 07:25:17, 0.0, 7.88e-08
2018-08-05, 07:25:19, 0.0, 7.87e-08
2018-08-05, 07:25:21, 0.0, 7.86e-08
2018-08-05, 07:25:23, 0.0, 7.87e-08
2018-08-05, 07:25:25, 0.0, 7.83e-08
2018-08-05, 07:25:27, 0.0, 7.89e-08
2018-08-05, 07:25:30, 0.0, 7.81e-08
2018-08-05, 07:25:32, 0.0, 7.85e-08
2018-08-05, 07:25:34, 0.0, 7.78e-08
2018-08-05, 07:25:36, 0.0, 7.89e-08
2018-08-05, 07:25:38, 0.0, 7.76e-08
2018-08-05, 07:25:40, 0.0, 7.81e-08
2018-08-05, 07:25:42, 0.0, 7.72e-08
2018-08-05, 07:25:45, 0.0, 7.84e-08
2018-08-05, 07:25:47, 0.0, 7.87e-08
2018-08-05, 07:25:49, 0.0, 7.84e-08
2018-08-05, 07:25:51, 0.0, 7.75e-08
2018-08-05, 07:25:53, 0.0, 7.9e-08
2018-08-05, 07:25:55, 0.0, 7.8e-08
2018-08-05, 07:25:57, 0.0, 7.76e-08
2018-08-05, 07:25:59, 0.0, 7.8e-08
2018-08-05, 07:26:02, 0.0, 7.78e-08
2018-08-05, 07:26:04, 0.0, 7.8e-08
2018-08-05, 07:26:06, 0.0, 7.76e-08
2018-08-05, 07:26:08, 0.0, 7.84e-08
2018-08-05, 07:26:10, 0.0, 7.82e-08
2018-08-05, 07:26:12, 0.0, 7.87e-08
2018-08-05, 07:26:14, 0.0, 7.85e-08
2018-08-05, 07:26:16, 0.0, 7.86e-08
2018-08-05, 07:26:19, 0.0, 7.87e-08
2018-08-05, 07:26:21, 0.0, 7.81e-08
2018-08-05, 07:26:23, 0.0, 7.78e-08
2018-08-05, 07:26:25, 0.0, 7.89e-08
2018-08-05, 07:26:27, 0.0, 7.9e-08
2018-08-05, 07:26:29, 0.0, 7.89e-08
2018-08-05, 07:26:31, 0.0, 7.91e-08
2018-08-05, 07:26:34, 0.0, 7.85e-08
2018-08-05, 07:26:36, 0.0, 7.88e-08
2018-08-05, 07:26:38, 0.0, 7.88e-08
2018-08-05, 07:26:40, 0.0, 7.86e-08
2018-08-05, 07:26:42, 0.0, 7.92e-08
2018-08-05, 07:26:44, 0.0, 7.9e-08
2018-08-05, 07:26:46, 0.0, 7.97e-08
2018-08-05, 07:26:49, 0.0, 7.89e-08
2018-08-05, 07:26:51, 0.0, 7.98e-08
2018-08-05, 07:26:53, 0.0, 7.86e-08
2018-08-05, 07:26:55, 0.0, 7.93e-08
2018-08-05, 07:26:57, 0.0, 7.93e-08
2018-08-05, 07:26:59, 0.0, 7.92e-08
2018-08-05, 07:27:01, 0.0, 7.86e-08
2018-08-05, 07:27:03, 0.0, 7.93e-08
2018-08-05, 07:27:06, 0.0, 7.92e-08
2018-08-05, 07:27:08, 0.0, 7.87e-08
2018-08-05, 07:27:10, 0.0, 7.89e-08
2018-08-05, 07:27:12, 0.0, 7.88e-08
2018-08-05, 07:27:14, 0.0, 7.93e-08
2018-08-05, 07:27:16, 0.0, 7.9e-08
2018-08-05, 07:27:18, 0.0, 7.88e-08
2018-08-05, 07:27:20, 0.0, 7.9e-08
2018-08-05, 07:27:23, 0.0, 7.81e-08
2018-08-05, 07:27:25, 0.0, 7.88e-08
2018-08-05, 07:27:27, 0.0, 7.87e-08
2018-08-05, 07:27:29, 0.0, 7.83e-08
2018-08-05, 07:27:31, 0.0, 7.85e-08
2018-08-05, 07:27:33, 0.0, 7.9e-08
2018-08-05, 07:27:35, 0.0, 7.89e-08
2018-08-05, 07:27:37, 0.0, 7.87e-08
2018-08-05, 07:27:40, 0.0, 7.93e-08
2018-08-05, 07:27:42, 0.0, 7.84e-08
2018-08-05, 07:27:44, 0.0, 7.85e-08
2018-08-05, 07:27:46, 0.0, 7.85e-08
2018-08-05, 07:27:48, 0.0, 7.85e-08
2018-08-05, 07:27:50, 0.0, 7.88e-08
2018-08-05, 07:27:52, 0.0, 7.91e-08
2018-08-05, 07:27:54, 0.0, 7.87e-08
2018-08-05, 07:27:57, 0.0, 7.91e-08
2018-08-05, 07:27:59, 0.0, 7.86e-08
2018-08-05, 07:28:01, 0.0, 7.88e-08
2018-08-05, 07:28:03, 0.0, 7.91e-08
2018-08-05, 07:28:05, 0.0, 7.89e-08
2018-08-05, 07:28:07, 0.0, 7.96e-08
2018-08-05, 07:28:09, 0.0, 7.89e-08
2018-08-05, 07:28:11, 0.0, 7.82e-08
2018-08-05, 07:28:14, 0.0, 7.87e-08
2018-08-05, 07:28:16, 0.0, 7.88e-08
2018-08-05, 07:28:18, 0.0, 7.78e-08
2018-08-05, 07:28:20, 0.0, 7.86e-08
2018-08-05, 07:28:22, 0.0, 7.86e-08
2018-08-05, 07:28:24, 0.0, 7.81e-08
2018-08-05, 07:28:26, 0.0, 7.85e-08
2018-08-05, 07:28:28, 0.0, 7.85e-08
2018-08-05, 07:28:31, 0.0, 7.83e-08
2018-08-05, 07:28:33, 0.0, 7.81e-08
2018-08-05, 07:28:35, 0.0, 7.9e-08
2018-08-05, 07:28:37, 0.0, 7.93e-08
2018-08-05, 07:28:39, 0.0, 7.88e-08
2018-08-05, 07:28:41, 0.0, 7.98e-08
2018-08-05, 07:28:43, 0.0, 7.93e-08
2018-08-05, 07:28:45, 0.0, 7.87e-08
2018-08-05, 07:28:48, 0.0, 7.91e-08
2018-08-05, 07:28:50, 0.0, 7.89e-08
2018-08-05, 07:28:52, 0.0, 7.88e-08
2018-08-05, 07:28:54, 0.0, 7.91e-08
2018-08-05, 07:28:56, 0.0, 7.89e-08
2018-08-05, 07:28:58, 0.0, 7.88e-08
2018-08-05, 07:29:00, 0.0, 7.91e-08
2018-08-05, 07:29:02, 0.0, 7.92e-08
2018-08-05, 07:29:05, 0.0, 7.9e-08
2018-08-05, 07:29:07, 0.0, 7.98e-08
2018-08-05, 07:29:09, 0.0, 7.92e-08
2018-08-05, 07:29:11, 0.0, 7.96e-08
2018-08-05, 07:29:13, 0.0, 8.02e-08
2018-08-05, 07:29:15, 0.0, 8.22e-08
2018-08-05, 07:29:17, 0.0, 8.22e-08
2018-08-05, 07:29:19, 0.0, 8.21e-08
2018-08-05, 07:29:22, 0.0, 8.23e-08
2018-08-05, 07:29:24, 0.0, 8.23e-08
2018-08-05, 07:29:26, 0.0, 8.21e-08
2018-08-05, 07:29:28, 0.0, 8.22e-08
2018-08-05, 07:29:30, 0.0, 8.09e-08
2018-08-05, 07:29:32, 0.0, 7.99e-08
2018-08-05, 07:29:34, 0.0, 8.03e-08
2018-08-05, 07:29:37, 0.0, 7.96e-08
2018-08-05, 07:29:39, 0.0, 8.04e-08
2018-08-05, 07:29:41, 0.0, 8.04e-08
2018-08-05, 07:29:43, 0.0, 8.05e-08
2018-08-05, 07:29:45, 0.0, 7.99e-08
2018-08-05, 07:29:47, 0.0, 8.02e-08
2018-08-05, 07:29:49, 0.0, 8.07e-08
2018-08-05, 07:29:51, 0.0, 8e-08
2018-08-05, 07:29:53, 0.0, 7.95e-08
2018-08-05, 07:29:56, 0.0, 8.02e-08
2018-08-05, 07:29:58, 0.0, 8.04e-08
2018-08-05, 07:30:00, 0.0, 8.04e-08
2018-08-05, 07:30:02, 0.0, 8.03e-08
2018-08-05, 07:30:04, 0.0, 8.01e-08
2018-08-05, 07:30:06, 0.0, 7.99e-08
2018-08-05, 07:30:08, 0.0, 8.01e-08
2018-08-05, 07:30:11, 0.0, 7.93e-08
2018-08-05, 07:30:13, 0.0, 8.04e-08
2018-08-05, 07:30:15, 0.0, 7.93e-08
2018-08-05, 07:30:17, 0.0, 7.96e-08
2018-08-05, 07:30:19, 0.0, 8.03e-08
2018-08-05, 07:30:21, 0.0, 7.97e-08
2018-08-05, 07:30:23, 0.0, 7.92e-08
2018-08-05, 07:30:26, 0.0, 7.92e-08
2018-08-05, 07:30:28, 0.0, 7.92e-08
2018-08-05, 07:30:30, 0.0, 7.96e-08
2018-08-05, 07:30:32, 0.0, 7.91e-08
2018-08-05, 07:30:34, 0.0, 7.92e-08
2018-08-05, 07:30:36, 0.0, 7.94e-08
2018-08-05, 07:30:38, 0.0, 7.91e-08
2018-08-05, 07:30:40, 0.0, 7.93e-08
2018-08-05, 07:30:42, 0.0, 7.92e-08
2018-08-05, 07:30:45, 0.0, 7.87e-08
2018-08-05, 07:30:47, 0.0, 7.93e-08
2018-08-05, 07:30:49, 0.0, 7.85e-08
2018-08-05, 07:30:51, 0.0, 7.89e-08
2018-08-05, 07:30:53, 0.0, 7.89e-08
2018-08-05, 07:30:55, 0.0, 7.89e-08
2018-08-05, 07:30:57, 0.0, 7.9e-08
2018-08-05, 07:30:59, 0.0, 7.91e-08
2018-08-05, 07:31:02, 0.0, 7.88e-08
2018-08-05, 07:31:04, 0.0, 7.91e-08
2018-08-05, 07:31:06, 0.0, 7.9e-08
2018-08-05, 07:31:08, 0.0, 8e-08
2018-08-05, 07:31:10, 0.0, 7.85e-08
2018-08-05, 07:31:12, 0.0, 7.93e-08
2018-08-05, 07:31:14, 0.0, 7.9e-08
2018-08-05, 07:31:17, 0.0, 7.87e-08
2018-08-05, 07:31:19, 0.0, 7.88e-08
2018-08-05, 07:31:21, 0.0, 7.85e-08
2018-08-05, 07:31:23, 0.0, 7.92e-08
2018-08-05, 07:31:25, 0.0, 7.81e-08
2018-08-05, 07:31:27, 0.0, 7.86e-08
2018-08-05, 07:31:29, 0.0, 7.85e-08
2018-08-05, 07:31:31, 0.0, 7.89e-08
2018-08-05, 07:31:34, 0.0, 7.93e-08
2018-08-05, 07:31:36, 0.0, 7.89e-08
2018-08-05, 07:31:38, 0.0, 7.9e-08
2018-08-05, 07:31:40, 0.0, 7.97e-08
2018-08-05, 07:31:42, 0.0, 7.93e-08
2018-08-05, 07:31:44, 0.0, 7.87e-08
2018-08-05, 07:31:46, 0.0, 7.92e-08
2018-08-05, 07:31:48, 0.0, 7.92e-08
2018-08-05, 07:31:51, 0.0, 7.91e-08
2018-08-05, 07:31:53, 0.0, 7.85e-08
2018-08-05, 07:31:55, 0.0, 7.88e-08
2018-08-05, 07:31:57, 0.0, 7.94e-08
2018-08-05, 07:31:59, 0.0, 7.93e-08
2018-08-05, 07:32:01, 0.0, 7.81e-08
2018-08-05, 07:32:03, 0.0, 7.93e-08
2018-08-05, 07:32:05, 0.0, 7.89e-08
2018-08-05, 07:32:08, 0.0, 7.95e-08
2018-08-05, 07:32:10, 0.0, 7.9e-08
2018-08-05, 07:32:12, 0.0, 7.83e-08
2018-08-05, 07:32:14, 0.0, 7.89e-08
2018-08-05, 07:32:16, 0.0, 7.79e-08
2018-08-05, 07:32:18, 0.0, 7.93e-08
2018-08-05, 07:32:20, 0.0, 7.92e-08
2018-08-05, 07:32:22, 0.0, 7.93e-08
2018-08-05, 07:32:25, 0.0, 8e-08
2018-08-05, 07:32:27, 0.0, 7.92e-08
2018-08-05, 07:32:29, 0.0, 7.98e-08
2018-08-05, 07:32:31, 0.0, 7.94e-08
2018-08-05, 07:32:33, 0.0, 7.96e-08
2018-08-05, 07:32:35, 0.0, 7.95e-08
2018-08-05, 07:32:37, 0.0, 7.89e-08
2018-08-05, 07:32:39, 0.0, 7.94e-08
2018-08-05, 07:32:42, 0.0, 7.9e-08
2018-08-05, 07:32:44, 0.0, 7.96e-08
2018-08-05, 07:32:46, 0.0, 7.94e-08
2018-08-05, 07:32:48, 0.0, 7.91e-08
2018-08-05, 07:32:50, 0.0, 7.94e-08
2018-08-05, 07:32:52, 0.0, 7.93e-08
2018-08-05, 07:32:54, 0.0, 8.01e-08
2018-08-05, 07:32:56, 0.0, 8.28e-08
2018-08-05, 07:32:59, 0.0, 8.14e-08
2018-08-05, 07:33:01, 0.0, 8.17e-08
2018-08-05, 07:33:03, 0.0, 8.14e-08
2018-08-05, 07:33:05, 0.0, 8.09e-08
2018-08-05, 07:33:07, 0.0, 8.11e-08
2018-08-05, 07:33:09, 0.0, 8.08e-08
2018-08-05, 07:33:11, 0.0, 8.13e-08
2018-08-05, 07:33:13, 0.0, 8.12e-08
2018-08-05, 07:33:16, 0.0, 8.15e-08
2018-08-05, 07:33:18, 0.0, 8.1e-08
2018-08-05, 07:33:20, 0.0, 7.98e-08
2018-08-05, 07:33:22, 0.0, 8.05e-08
2018-08-05, 07:33:24, 0.0, 8.01e-08
2018-08-05, 07:33:26, 0.0, 8.13e-08
2018-08-05, 07:33:28, 0.0, 8.01e-08
2018-08-05, 07:33:31, 0.0, 8.01e-08
2018-08-05, 07:33:33, 0.0, 8.07e-08
2018-08-05, 07:33:35, 0.0, 8.07e-08
2018-08-05, 07:33:37, 0.0, 8.11e-08
2018-08-05, 07:33:39, 0.0, 8.04e-08
2018-08-05, 07:33:41, 0.0, 7.99e-08
2018-08-05, 07:33:43, 0.0, 7.99e-08
2018-08-05, 07:33:45, 0.0, 8.07e-08
2018-08-05, 07:33:48, 0.0, 8.07e-08
2018-08-05, 07:33:50, 0.0, 8.06e-08
2018-08-05, 07:33:52, 0.0, 8.11e-08
2018-08-05, 07:33:54, 0.0, 8.05e-08
2018-08-05, 07:33:56, 0.0, 8.04e-08
2018-08-05, 07:33:58, 0.0, 8.01e-08
2018-08-05, 07:34:00, 0.0, 7.98e-08
2018-08-05, 07:34:02, 0.0, 8.04e-08
2018-08-05, 07:34:05, 0.0, 8.02e-08
2018-08-05, 07:34:07, 0.0, 8.06e-08
2018-08-05, 07:34:09, 0.0, 8.01e-08
2018-08-05, 07:34:11, 0.0, 8.04e-08
2018-08-05, 07:34:13, 0.0, 7.89e-08
2018-08-05, 07:34:15, 0.0, 7.98e-08
2018-08-05, 07:34:17, 0.0, 7.99e-08
2018-08-05, 07:34:20, 0.0, 7.99e-08
2018-08-05, 07:34:22, 0.0, 8e-08
2018-08-05, 07:34:24, 0.0, 7.93e-08
2018-08-05, 07:34:26, 0.0, 8e-08
2018-08-05, 07:34:28, 0.0, 7.89e-08
2018-08-05, 07:34:30, 0.0, 7.91e-08
2018-08-05, 07:34:32, 0.0, 7.93e-08
2018-08-05, 07:34:34, 0.0, 8e-08
2018-08-05, 07:34:37, 0.0, 7.96e-08
2018-08-05, 07:34:39, 0.0, 7.91e-08
2018-08-05, 07:34:41, 0.0, 7.86e-08
2018-08-05, 07:34:43, 0.0, 7.94e-08
2018-08-05, 07:34:45, 0.0, 7.92e-08
2018-08-05, 07:34:47, 0.0, 8e-08
2018-08-05, 07:34:49, 0.0, 7.97e-08
2018-08-05, 07:34:51, 0.0, 7.92e-08
2018-08-05, 07:34:54, 0.0, 7.92e-08
2018-08-05, 07:34:56, 0.0, 7.95e-08
2018-08-05, 07:34:58, 0.0, 7.99e-08
2018-08-05, 07:35:00, 0.0, 7.98e-08
2018-08-05, 07:35:02, 0.0, 7.99e-08
2018-08-05, 07:35:04, 0.0, 7.93e-08
2018-08-05, 07:35:06, 0.0, 7.95e-08
2018-08-05, 07:35:08, 0.0, 7.95e-08
2018-08-05, 07:35:11, 0.0, 7.96e-08
2018-08-05, 07:35:13, 0.0, 8.01e-08
2018-08-05, 07:35:15, 0.0, 7.93e-08
2018-08-05, 07:35:17, 0.0, 7.94e-08
2018-08-05, 07:35:19, 0.0, 7.93e-08
2018-08-05, 07:35:21, 0.0, 7.91e-08
2018-08-05, 07:35:23, 0.0, 7.95e-08
2018-08-05, 07:35:25, 0.0, 8.03e-08
2018-08-05, 07:35:28, 0.0, 7.92e-08
2018-08-05, 07:35:30, 0.0, 7.94e-08
2018-08-05, 07:35:32, 0.0, 7.95e-08
2018-08-05, 07:35:34, 0.0, 7.94e-08
2018-08-05, 07:35:36, 0.0, 7.88e-08
2018-08-05, 07:35:38, 0.0, 7.95e-08
2018-08-05, 07:35:40, 0.0, 7.96e-08
2018-08-05, 07:35:42, 0.0, 7.91e-08
2018-08-05, 07:35:45, 0.0, 7.97e-08
2018-08-05, 07:35:47, 0.0, 7.89e-08
2018-08-05, 07:35:49, 0.0, 7.94e-08
2018-08-05, 07:35:51, 0.0, 7.89e-08
2018-08-05, 07:35:53, 0.0, 7.94e-08
2018-08-05, 07:35:55, 0.0, 7.95e-08
2018-08-05, 07:35:57, 0.0, 7.96e-08
2018-08-05, 07:35:59, 0.0, 7.9e-08
2018-08-05, 07:36:02, 0.0, 7.92e-08
2018-08-05, 07:36:04, 0.0, 7.95e-08
2018-08-05, 07:36:06, 0.0, 7.92e-08
2018-08-05, 07:36:08, 0.0, 7.98e-08
2018-08-05, 07:36:10, 0.0, 7.89e-08
2018-08-05, 07:36:12, 0.0, 7.99e-08
2018-08-05, 07:36:14, 0.0, 7.92e-08
2018-08-05, 07:36:17, 0.0, 7.91e-08
2018-08-05, 07:36:19, 0.0, 7.9e-08
2018-08-05, 07:36:21, 0.0, 7.95e-08
2018-08-05, 07:36:23, 0.0, 7.93e-08
2018-08-05, 07:36:25, 0.0, 7.93e-08
2018-08-05, 07:36:27, 0.0, 7.95e-08
2018-08-05, 07:36:29, 0.0, 7.92e-08
2018-08-05, 07:36:31, 0.0, 7.93e-08
2018-08-05, 07:36:34, 0.0, 7.98e-08
2018-08-05, 07:36:36, 0.0, 7.97e-08
2018-08-05, 07:36:38, 0.0, 7.94e-08
2018-08-05, 07:36:40, 0.0, 7.96e-08
2018-08-05, 07:36:42, 0.0, 7.97e-08
2018-08-05, 07:36:44, 0.0, 7.91e-08
2018-08-05, 07:36:46, 0.0, 7.94e-08
2018-08-05, 07:36:48, 0.0, 7.95e-08
2018-08-05, 07:36:51, 0.0, 7.93e-08
2018-08-05, 07:36:53, 0.0, 7.96e-08
2018-08-05, 07:36:55, 0.0, 8e-08
2018-08-05, 07:36:57, 0.0, 7.96e-08
2018-08-05, 07:36:59, 0.0, 7.95e-08
2018-08-05, 07:37:01, 0.0, 7.94e-08
2018-08-05, 07:37:03, 0.0, 7.97e-08
2018-08-05, 07:37:05, 0.0, 7.95e-08
2018-08-05, 07:37:08, 0.0, 7.94e-08
2018-08-05, 07:37:10, 0.0, 7.95e-08
2018-08-05, 07:37:12, 0.0, 7.91e-08
2018-08-05, 07:37:14, 0.0, 7.93e-08
2018-08-05, 07:37:16, 0.0, 7.94e-08
2018-08-05, 07:37:18, 0.0, 7.93e-08
2018-08-05, 07:37:20, 0.0, 8e-08
2018-08-05, 07:37:23, 0.0, 7.98e-08
2018-08-05, 07:37:25, 0.0, 7.98e-08
2018-08-05, 07:37:27, 0.0, 7.99e-08
2018-08-05, 07:37:29, 0.0, 8.01e-08
2018-08-05, 07:37:31, 0.0, 8.02e-08
2018-08-05, 07:37:33, 0.0, 7.93e-08
2018-08-05, 07:37:35, 0.0, 7.96e-08
2018-08-05, 07:37:37, 0.0, 7.91e-08
2018-08-05, 07:37:40, 0.0, 7.99e-08
2018-08-05, 07:37:42, 0.0, 7.97e-08
2018-08-05, 07:37:44, 0.0, 7.96e-08
2018-08-05, 07:37:46, 0.0, 8.01e-08
2018-08-05, 07:37:48, 0.0, 7.88e-08
2018-08-05, 07:37:50, 0.0, 7.86e-08
2018-08-05, 07:37:52, 0.0, 7.96e-08
2018-08-05, 07:37:55, 0.0, 7.98e-08
2018-08-05, 07:37:57, 0.0, 7.89e-08
2018-08-05, 07:37:59, 0.0, 8e-08
2018-08-05, 07:38:01, 0.0, 7.94e-08
2018-08-05, 07:38:03, 0.0, 7.97e-08
2018-08-05, 07:38:05, 0.0, 7.89e-08
2018-08-05, 07:38:07, 0.0, 7.97e-08
2018-08-05, 07:38:09, 0.0, 7.94e-08
2018-08-05, 07:38:12, 0.0, 7.94e-08
2018-08-05, 07:38:14, 0.0, 7.93e-08
2018-08-05, 07:38:16, 0.0, 8.01e-08
2018-08-05, 07:38:18, 0.0, 7.94e-08
2018-08-05, 07:38:20, 0.0, 7.97e-08
2018-08-05, 07:38:22, 0.0, 8.01e-08
2018-08-05, 07:38:24, 0.0, 7.91e-08
2018-08-05, 07:38:27, 0.0, 7.96e-08
2018-08-05, 07:38:29, 0.0, 7.96e-08
2018-08-05, 07:38:31, 0.0, 7.91e-08
2018-08-05, 07:38:33, 0.0, 7.99e-08
2018-08-05, 07:38:35, 0.0, 7.88e-08
2018-08-05, 07:38:37, 0.0, 7.88e-08
2018-08-05, 07:38:39, 0.0, 7.96e-08
2018-08-05, 07:38:41, 0.0, 7.99e-08
2018-08-05, 07:38:44, 0.0, 8.01e-08
2018-08-05, 07:38:46, 0.0, 7.96e-08
2018-08-05, 07:38:48, 0.0, 7.95e-08
2018-08-05, 07:38:50, 0.0, 7.98e-08
2018-08-05, 07:38:52, 0.0, 7.95e-08
2018-08-05, 07:38:54, 0.0, 8.01e-08
2018-08-05, 07:38:56, 0.0, 7.93e-08
2018-08-05, 07:38:58, 0.0, 8.01e-08
2018-08-05, 07:39:01, 0.0, 7.89e-08
2018-08-05, 07:39:03, 0.0, 8.01e-08
2018-08-05, 07:39:05, 0.0, 8e-08
2018-08-05, 07:39:07, 0.0, 7.94e-08
2018-08-05, 07:39:09, 0.0, 7.95e-08
2018-08-05, 07:39:11, 0.0, 7.93e-08
2018-08-05, 07:39:13, 0.0, 8.01e-08
2018-08-05, 07:39:15, 0.0, 7.97e-08
2018-08-05, 07:39:18, 0.0, 7.96e-08
2018-08-05, 07:39:20, 0.0, 8e-08
2018-08-05, 07:39:22, 0.0, 7.97e-08
2018-08-05, 07:39:24, 0.0, 7.98e-08
2018-08-05, 07:39:26, 0.0, 7.9e-08
2018-08-05, 07:39:28, 0.0, 7.87e-08
2018-08-05, 07:39:30, 0.0, 7.94e-08
2018-08-05, 07:39:32, 0.0, 7.94e-08
2018-08-05, 07:39:35, 0.0, 7.98e-08
2018-08-05, 07:39:37, 0.0, 7.94e-08
2018-08-05, 07:39:39, 0.0, 7.97e-08
2018-08-05, 07:39:41, 0.0, 7.96e-08
2018-08-05, 07:39:43, 0.0, 7.88e-08
2018-08-05, 07:39:45, 0.0, 7.91e-08
2018-08-05, 07:39:47, 0.0, 7.99e-08
2018-08-05, 07:39:50, 0.0, 8.05e-08
2018-08-05, 07:39:52, 0.0, 8.04e-08
2018-08-05, 07:39:54, 0.0, 7.96e-08
2018-08-05, 07:39:56, 0.0, 7.98e-08
2018-08-05, 07:39:58, 0.0, 8.03e-08
2018-08-05, 07:40:00, 0.0, 8.02e-08
2018-08-05, 07:40:02, 0.0, 7.94e-08
2018-08-05, 07:40:04, 0.0, 7.99e-08
2018-08-05, 07:40:07, 0.0, 7.91e-08
2018-08-05, 07:40:09, 0.0, 7.95e-08
2018-08-05, 07:40:11, 0.0, 8.05e-08
2018-08-05, 07:40:13, 0.0, 8e-08
2018-08-05, 07:40:15, 0.0, 8.06e-08
2018-08-05, 07:40:17, 0.0, 8.02e-08
2018-08-05, 07:40:19, 0.0, 8.05e-08
2018-08-05, 07:40:21, 0.0, 8.03e-08
2018-08-05, 07:40:24, 0.0, 7.98e-08
2018-08-05, 07:40:26, 0.0, 7.98e-08
2018-08-05, 07:40:28, 0.0, 7.93e-08
2018-08-05, 07:40:30, 0.0, 8.03e-08
2018-08-05, 07:40:32, 0.0, 7.96e-08
2018-08-05, 07:40:34, 0.0, 8.01e-08
2018-08-05, 07:40:36, 0.0, 7.98e-08
2018-08-05, 07:40:38, 0.0, 7.96e-08
2018-08-05, 07:40:41, 0.0, 7.97e-08
2018-08-05, 07:40:43, 0.0, 7.94e-08
2018-08-05, 07:40:45, 0.0, 8e-08
2018-08-05, 07:40:47, 0.0, 7.99e-08
2018-08-05, 07:40:49, 0.0, 7.96e-08
2018-08-05, 07:40:51, 0.0, 7.99e-08
2018-08-05, 07:40:53, 0.0, 8.03e-08
2018-08-05, 07:40:55, 0.0, 7.94e-08
2018-08-05, 07:40:58, 0.0, 7.91e-08
2018-08-05, 07:41:00, 0.0, 7.97e-08
2018-08-05, 07:41:02, 0.0, 7.98e-08
2018-08-05, 07:41:04, 0.0, 8.03e-08
2018-08-05, 07:41:06, 0.0, 7.96e-08
2018-08-05, 07:41:08, 0.0, 7.98e-08
2018-08-05, 07:41:10, 0.0, 7.99e-08
2018-08-05, 07:41:13, 0.0, 8.04e-08
2018-08-05, 07:41:15, 0.0, 8e-08
2018-08-05, 07:41:17, 0.0, 7.99e-08
2018-08-05, 07:41:19, 0.0, 8.03e-08
2018-08-05, 07:41:21, 0.0, 7.94e-08
2018-08-05, 07:41:23, 0.0, 7.99e-08
2018-08-05, 07:41:25, 0.0, 8.04e-08
2018-08-05, 07:41:27, 0.0, 7.99e-08
2018-08-05, 07:41:30, 0.0, 8.01e-08
2018-08-05, 07:41:32, 0.0, 7.97e-08
2018-08-05, 07:41:34, 0.0, 8.02e-08
2018-08-05, 07:41:36, 0.0, 7.98e-08
2018-08-05, 07:41:38, 0.0, 8.01e-08
2018-08-05, 07:41:40, 0.0, 8.01e-08
2018-08-05, 07:41:42, 0.0, 7.98e-08
2018-08-05, 07:41:44, 0.0, 7.96e-08
2018-08-05, 07:41:47, 0.0, 8.08e-08
2018-08-05, 07:41:49, 0.0, 8.03e-08
2018-08-05, 07:41:51, 0.0, 7.95e-08
2018-08-05, 07:41:53, 0.0, 8.03e-08
2018-08-05, 07:41:55, 0.0, 8e-08
2018-08-05, 07:41:57, 0.0, 8.01e-08
2018-08-05, 07:41:59, 0.0, 8.02e-08
2018-08-05, 07:42:01, 0.0, 7.9e-08
2018-08-05, 07:42:04, 0.0, 7.98e-08
2018-08-05, 07:42:06, 0.0, 7.92e-08
2018-08-05, 07:42:08, 0.0, 7.97e-08
2018-08-05, 07:42:10, 0.0, 7.98e-08
2018-08-05, 07:42:12, 0.0, 7.95e-08
2018-08-05, 07:42:14, 0.0, 8.03e-08
2018-08-05, 07:42:16, 0.0, 8.04e-08
2018-08-05, 07:42:19, 0.0, 8.03e-08
2018-08-05, 07:42:21, 0.0, 8.04e-08
2018-08-05, 07:42:23, 0.0, 8.04e-08
2018-08-05, 07:42:25, 0.0, 7.97e-08
2018-08-05, 07:42:27, 0.0, 7.94e-08
2018-08-05, 07:42:29, 0.0, 7.98e-08
2018-08-05, 07:42:31, 0.0, 8.02e-08
2018-08-05, 07:42:33, 0.0, 7.94e-08
2018-08-05, 07:42:36, 0.0, 7.99e-08
2018-08-05, 07:42:38, 0.0, 8e-08
2018-08-05, 07:42:40, 0.0, 8.02e-08
2018-08-05, 07:42:42, 0.0, 8.03e-08
2018-08-05, 07:42:44, 0.0, 7.99e-08
2018-08-05, 07:42:46, 0.0, 7.98e-08
2018-08-05, 07:42:48, 0.0, 8.04e-08
2018-08-05, 07:42:50, 0.0, 8.06e-08
2018-08-05, 07:42:53, 0.0, 7.89e-08
2018-08-05, 07:42:55, 0.0, 7.98e-08
2018-08-05, 07:42:57, 0.0, 7.99e-08
2018-08-05, 07:42:59, 0.0, 7.99e-08
2018-08-05, 07:43:01, 0.0, 7.98e-08
2018-08-05, 07:43:03, 0.0, 7.97e-08
2018-08-05, 07:43:05, 0.0, 7.98e-08
2018-08-05, 07:43:07, 0.0, 8.01e-08
2018-08-05, 07:43:10, 0.0, 7.99e-08
2018-08-05, 07:43:12, 0.0, 8.01e-08
2018-08-05, 07:43:14, 0.0, 7.96e-08
2018-08-05, 07:43:16, 0.0, 8.08e-08
2018-08-05, 07:43:18, 0.0, 8.01e-08
2018-08-05, 07:43:20, 0.0, 7.99e-08
2018-08-05, 07:43:22, 0.0, 8.02e-08
2018-08-05, 07:43:24, 0.0, 8e-08
2018-08-05, 07:43:27, 0.0, 7.99e-08
2018-08-05, 07:43:29, 0.0, 7.99e-08
2018-08-05, 07:43:31, 0.0, 7.98e-08
2018-08-05, 07:43:33, 0.0, 7.99e-08
2018-08-05, 07:43:35, 0.0, 8.04e-08
2018-08-05, 07:43:37, 0.0, 7.93e-08
2018-08-05, 07:43:39, 0.0, 8.05e-08
2018-08-05, 07:43:41, 0.0, 8.03e-08
2018-08-05, 07:43:44, 0.0, 8.01e-08
2018-08-05, 07:43:46, 0.0, 8e-08
2018-08-05, 07:43:48, 0.0, 7.98e-08
2018-08-05, 07:43:50, 0.0, 7.97e-08
2018-08-05, 07:43:52, 0.0, 7.99e-08
2018-08-05, 07:43:54, 0.0, 7.92e-08
2018-08-05, 07:43:56, 0.0, 7.99e-08
2018-08-05, 07:43:58, 0.0, 8e-08
2018-08-05, 07:44:01, 0.0, 7.94e-08
2018-08-05, 07:44:03, 0.0, 7.95e-08
2018-08-05, 07:44:05, 0.0, 8e-08
2018-08-05, 07:44:07, 0.0, 7.97e-08
2018-08-05, 07:44:09, 0.0, 8.08e-08
2018-08-05, 07:44:11, 0.0, 7.98e-08
2018-08-05, 07:44:13, 0.0, 7.97e-08
2018-08-05, 07:44:16, 0.0, 7.91e-08
2018-08-05, 07:44:18, 0.0, 7.96e-08
2018-08-05, 07:44:20, 0.0, 8.04e-08
2018-08-05, 07:44:22, 0.0, 7.98e-08
2018-08-05, 07:44:24, 0.0, 8.03e-08
2018-08-05, 07:44:26, 0.0, 8.03e-08
2018-08-05, 07:44:28, 0.0, 7.98e-08
2018-08-05, 07:44:30, 0.0, 8.03e-08
2018-08-05, 07:44:33, 0.0, 7.99e-08
2018-08-05, 07:44:35, 0.0, 8.04e-08
2018-08-05, 07:44:37, 0.0, 8.04e-08
2018-08-05, 07:44:39, 0.0, 8e-08
2018-08-05, 07:44:41, 0.0, 8.07e-08
2018-08-05, 07:44:43, 0.0, 7.99e-08
2018-08-05, 07:44:45, 0.0, 8.01e-08
2018-08-05, 07:44:47, 0.0, 8.02e-08
2018-08-05, 07:44:50, 0.0, 7.97e-08
2018-08-05, 07:44:52, 0.0, 7.96e-08
2018-08-05, 07:44:54, 0.0, 7.96e-08
2018-08-05, 07:44:56, 0.0, 7.98e-08
2018-08-05, 07:44:58, 0.0, 8.01e-08
2018-08-05, 07:45:00, 0.0, 8.02e-08
2018-08-05, 07:45:02, 0.0, 8.03e-08
2018-08-05, 07:45:04, 0.0, 8.05e-08
2018-08-05, 07:45:07, 0.0, 7.99e-08
2018-08-05, 07:45:09, 0.0, 7.97e-08
2018-08-05, 07:45:11, 0.0, 7.97e-08
2018-08-05, 07:45:13, 0.0, 7.96e-08
2018-08-05, 07:45:15, 0.0, 8.02e-08
2018-08-05, 07:45:17, 0.0, 8.01e-08
2018-08-05, 07:45:19, 0.0, 8.05e-08
2018-08-05, 07:45:21, 0.0, 8.01e-08
2018-08-05, 07:45:24, 0.0, 7.98e-08
2018-08-05, 07:45:26, 0.0, 8.03e-08
2018-08-05, 07:45:28, 0.0, 8.02e-08
2018-08-05, 07:45:30, 0.0, 8e-08
2018-08-05, 07:45:32, 0.0, 7.98e-08
2018-08-05, 07:45:34, 0.0, 7.98e-08
2018-08-05, 07:45:36, 0.0, 8.01e-08
2018-08-05, 07:45:38, 0.0, 7.95e-08
2018-08-05, 07:45:41, 0.0, 7.9e-08
2018-08-05, 07:45:43, 0.0, 8.01e-08
2018-08-05, 07:45:45, 0.0, 7.97e-08
2018-08-05, 07:45:47, 0.0, 8.02e-08
2018-08-05, 07:45:49, 0.0, 7.93e-08
2018-08-05, 07:45:51, 0.0, 7.99e-08
2018-08-05, 07:45:53, 0.0, 8e-08
2018-08-05, 07:45:56, 0.0, 8.01e-08
2018-08-05, 07:45:58, 0.0, 8.04e-08
2018-08-05, 07:46:00, 0.0, 7.99e-08
2018-08-05, 07:46:02, 0.0, 7.99e-08
2018-08-05, 07:46:04, 0.0, 7.98e-08
2018-08-05, 07:46:06, 0.0, 8.03e-08
2018-08-05, 07:46:08, 0.0, 7.94e-08
2018-08-05, 07:46:10, 0.0, 7.98e-08
2018-08-05, 07:46:13, 0.0, 8e-08
2018-08-05, 07:46:15, 0.0, 8.03e-08
2018-08-05, 07:46:17, 0.0, 8.05e-08
2018-08-05, 07:46:19, 0.0, 7.92e-08
2018-08-05, 07:46:21, 0.0, 7.96e-08
2018-08-05, 07:46:23, 0.0, 7.95e-08
2018-08-05, 07:46:25, 0.0, 7.98e-08
2018-08-05, 07:46:27, 0.0, 7.86e-08
2018-08-05, 07:46:30, 0.0, 7.9e-08
2018-08-05, 07:46:32, 0.0, 7.93e-08
2018-08-05, 07:46:34, 0.0, 8.02e-08
2018-08-05, 07:46:36, 0.0, 7.97e-08
2018-08-05, 07:46:38, 0.0, 8.03e-08
2018-08-05, 07:46:40, 0.0, 8.03e-08
2018-08-05, 07:46:42, 0.0, 8e-08
2018-08-05, 07:46:44, 0.0, 7.99e-08
2018-08-05, 07:46:47, 0.0, 8.03e-08
2018-08-05, 07:46:49, 0.0, 8.05e-08
2018-08-05, 07:46:51, 0.0, 7.98e-08
2018-08-05, 07:46:53, 0.0, 8.03e-08
2018-08-05, 07:46:55, 0.0, 7.97e-08
2018-08-05, 07:46:57, 0.0, 8.08e-08
2018-08-05, 07:46:59, 0.0, 7.97e-08
2018-08-05, 07:47:02, 0.0, 8.05e-08
2018-08-05, 07:47:04, 0.0, 8.05e-08
2018-08-05, 07:47:06, 0.0, 7.98e-08
2018-08-05, 07:47:08, 0.0, 7.96e-08
2018-08-05, 07:47:10, 0.0, 8.03e-08
2018-08-05, 07:47:12, 0.0, 7.99e-08
2018-08-05, 07:47:14, 0.0, 7.97e-08
2018-08-05, 07:47:16, 0.0, 8.02e-08
2018-08-05, 07:47:19, 0.0, 7.94e-08
2018-08-05, 07:47:21, 0.0, 7.99e-08
2018-08-05, 07:47:23, 0.0, 7.95e-08
2018-08-05, 07:47:25, 0.0, 7.91e-08
2018-08-05, 07:47:27, 0.0, 7.99e-08
2018-08-05, 07:47:29, 0.0, 7.99e-08
2018-08-05, 07:47:31, 0.0, 8.02e-08
2018-08-05, 07:47:33, 0.0, 7.95e-08
2018-08-05, 07:47:36, 0.0, 7.93e-08
2018-08-05, 07:47:38, 0.0, 7.92e-08
2018-08-05, 07:47:40, 0.0, 7.95e-08
2018-08-05, 07:47:42, 0.0, 7.95e-08
2018-08-05, 07:47:44, 0.0, 7.91e-08
2018-08-05, 07:47:46, 0.0, 7.94e-08
2018-08-05, 07:47:48, 0.0, 7.98e-08
2018-08-05, 07:47:50, 0.0, 7.95e-08
2018-08-05, 07:47:53, 0.0, 7.93e-08
2018-08-05, 07:47:55, 0.0, 7.96e-08
2018-08-05, 07:47:57, 0.0, 8.01e-08
2018-08-05, 07:47:59, 0.0, 7.96e-08
2018-08-05, 07:48:01, 0.0, 7.9e-08
2018-08-05, 07:48:03, 0.0, 8.02e-08
2018-08-05, 07:48:05, 0.0, 7.9e-08
2018-08-05, 07:48:07, 0.0, 7.9e-08
2018-08-05, 07:48:10, 0.0, 7.94e-08
2018-08-05, 07:48:12, 0.0, 7.98e-08
2018-08-05, 07:48:14, 0.0, 7.99e-08
2018-08-05, 07:48:16, 0.0, 8.05e-08
2018-08-05, 07:48:18, 0.0, 7.99e-08
2018-08-05, 07:48:20, 0.0, 8e-08
2018-08-05, 07:48:22, 0.0, 7.95e-08
2018-08-05, 07:48:24, 0.0, 7.93e-08
2018-08-05, 07:48:27, 0.0, 7.99e-08
2018-08-05, 07:48:29, 0.0, 8.04e-08
2018-08-05, 07:48:31, 0.0, 7.94e-08
2018-08-05, 07:48:33, 0.0, 8.08e-08
2018-08-05, 07:48:35, 0.0, 7.91e-08
2018-08-05, 07:48:37, 0.0, 8.01e-08
2018-08-05, 07:48:39, 0.0, 7.95e-08
2018-08-05, 07:48:41, 0.0, 7.93e-08
2018-08-05, 07:48:44, 0.0, 8.02e-08
2018-08-05, 07:48:46, 0.0, 7.9e-08
2018-08-05, 07:48:48, 0.0, 7.98e-08
2018-08-05, 07:48:50, 0.0, 8.02e-08
2018-08-05, 07:48:52, 0.0, 7.96e-08
2018-08-05, 07:48:54, 0.0, 7.92e-08
2018-08-05, 07:48:56, 0.0, 7.9e-08
2018-08-05, 07:48:58, 0.0, 7.98e-08
2018-08-05, 07:49:01, 0.0, 8.04e-08
2018-08-05, 07:49:03, 0.0, 8.01e-08
2018-08-05, 07:49:05, 0.0, 8.01e-08
2018-08-05, 07:49:07, 0.0, 7.95e-08
2018-08-05, 07:49:09, 0.0, 7.94e-08
2018-08-05, 07:49:11, 0.0, 8.05e-08
2018-08-05, 07:49:13, 0.0, 8e-08
2018-08-05, 07:49:15, 0.0, 7.96e-08
2018-08-05, 07:49:18, 0.0, 7.91e-08
2018-08-05, 07:49:20, 0.0, 7.91e-08
2018-08-05, 07:49:22, 0.0, 8e-08
2018-08-05, 07:49:24, 0.0, 7.97e-08
2018-08-05, 07:49:26, 0.0, 7.88e-08
2018-08-05, 07:49:28, 0.0, 7.94e-08
2018-08-05, 07:49:30, 0.0, 7.86e-08
2018-08-05, 07:49:33, 0.0, 8.02e-08
2018-08-05, 07:49:35, 0.0, 7.9e-08
2018-08-05, 07:49:37, 0.0, 7.95e-08
2018-08-05, 07:49:39, 0.0, 7.97e-08
2018-08-05, 07:49:41, 0.0, 7.96e-08
2018-08-05, 07:49:43, 0.0, 7.96e-08
2018-08-05, 07:49:45, 0.0, 7.98e-08
2018-08-05, 07:49:47, 0.0, 7.99e-08
2018-08-05, 07:49:50, 0.0, 8e-08
2018-08-05, 07:49:52, 0.0, 7.86e-08
2018-08-05, 07:49:54, 0.0, 7.84e-08
2018-08-05, 07:49:56, 0.0, 7.97e-08
2018-08-05, 07:49:58, 0.0, 7.97e-08
2018-08-05, 07:50:00, 0.0, 7.98e-08
2018-08-05, 07:50:02, 0.0, 7.85e-08
2018-08-05, 07:50:04, 0.0, 7.89e-08
2018-08-05, 07:50:07, 0.0, 7.87e-08
2018-08-05, 07:50:09, 0.0, 7.95e-08
2018-08-05, 07:50:11, 0.0, 7.96e-08
2018-08-05, 07:50:13, 0.0, 7.79e-08
2018-08-05, 07:50:15, 0.0, 7.91e-08
2018-08-05, 07:50:17, 0.0, 7.83e-08
2018-08-05, 07:50:19, 0.0, 7.88e-08
2018-08-05, 07:50:21, 0.0, 8e-08
2018-08-05, 07:50:24, 0.0, 8.06e-08
2018-08-05, 07:50:26, 0.0, 7.93e-08
2018-08-05, 07:50:28, 0.0, 8.01e-08
2018-08-05, 07:50:30, 0.0, 7.98e-08
2018-08-05, 07:50:32, 0.0, 7.91e-08
2018-08-05, 07:50:34, 0.0, 7.91e-08
2018-08-05, 07:50:36, 0.0, 7.99e-08
2018-08-05, 07:50:38, 0.0, 7.97e-08
2018-08-05, 07:50:41, 0.0, 8e-08
2018-08-05, 07:50:43, 0.0, 7.96e-08
2018-08-05, 07:50:45, 0.0, 8e-08
2018-08-05, 07:50:47, 0.0, 8.02e-08
2018-08-05, 07:50:49, 0.0, 7.99e-08
2018-08-05, 07:50:51, 0.0, 7.99e-08
2018-08-05, 07:50:53, 0.0, 7.94e-08
2018-08-05, 07:50:56, 0.0, 7.94e-08
2018-08-05, 07:50:58, 0.0, 8.01e-08
2018-08-05, 07:51:00, 0.0, 7.94e-08
2018-08-05, 07:51:02, 0.0, 8.08e-08
2018-08-05, 07:51:04, 0.0, 8.02e-08
2018-08-05, 07:51:06, 0.0, 8e-08
2018-08-05, 07:51:08, 0.0, 8.05e-08
2018-08-05, 07:51:10, 0.0, 8e-08
2018-08-05, 07:51:13, 0.0, 7.95e-08
2018-08-05, 07:51:15, 0.0, 7.98e-08
2018-08-05, 07:51:17, 0.0, 8.07e-08
2018-08-05, 07:51:19, 0.0, 8.05e-08
2018-08-05, 07:51:21, 0.0, 7.98e-08
2018-08-05, 07:51:23, 0.0, 8e-08
2018-08-05, 07:51:25, 0.0, 8.01e-08
2018-08-05, 07:51:27, 0.0, 8.07e-08
2018-08-05, 07:51:30, 0.0, 7.91e-08
2018-08-05, 07:51:32, 0.0, 8.01e-08
2018-08-05, 07:51:34, 0.0, 8e-08
2018-08-05, 07:51:36, 0.0, 8e-08
2018-08-05, 07:51:38, 0.0, 8.02e-08
2018-08-05, 07:51:40, 0.0, 8e-08
2018-08-05, 07:51:42, 0.0, 8.03e-08
2018-08-05, 07:51:44, 0.0, 7.98e-08
2018-08-05, 07:51:47, 0.0, 8.07e-08
2018-08-05, 07:51:49, 0.0, 7.92e-08
2018-08-05, 07:51:51, 0.0, 8.01e-08
2018-08-05, 07:51:53, 0.0, 7.96e-08
2018-08-05, 07:51:55, 0.0, 8.02e-08
2018-08-05, 07:51:57, 0.0, 7.96e-08
2018-08-05, 07:51:59, 0.0, 8e-08
2018-08-05, 07:52:01, 0.0, 7.98e-08
2018-08-05, 07:52:04, 0.0, 7.99e-08
2018-08-05, 07:52:06, 0.0, 8.03e-08
2018-08-05, 07:52:08, 0.0, 7.96e-08
2018-08-05, 07:52:10, 0.0, 7.98e-08
2018-08-05, 07:52:12, 0.0, 7.96e-08
2018-08-05, 07:52:14, 0.0, 8.01e-08
2018-08-05, 07:52:16, 0.0, 7.96e-08
2018-08-05, 07:52:18, 0.0, 7.97e-08
2018-08-05, 07:52:21, 0.0, 7.97e-08
2018-08-05, 07:52:23, 0.0, 7.99e-08
2018-08-05, 07:52:25, 0.0, 7.94e-08
2018-08-05, 07:52:27, 0.0, 7.99e-08
2018-08-05, 07:52:29, 0.0, 7.97e-08
2018-08-05, 07:52:31, 0.0, 8e-08
2018-08-05, 07:52:33, 0.0, 7.99e-08
2018-08-05, 07:52:35, 0.0, 8.02e-08
2018-08-05, 07:52:38, 0.0, 7.95e-08
2018-08-05, 07:52:40, 0.0, 8.04e-08
2018-08-05, 07:52:42, 0.0, 7.92e-08
2018-08-05, 07:52:44, 0.0, 8.03e-08
2018-08-05, 07:52:46, 0.0, 7.96e-08
2018-08-05, 07:52:48, 0.0, 7.95e-08
2018-08-05, 07:52:50, 0.0, 7.86e-08
2018-08-05, 07:52:52, 0.0, 7.94e-08
2018-08-05, 07:52:55, 0.0, 7.96e-08
2018-08-05, 07:52:57, 0.0, 7.89e-08
2018-08-05, 07:52:59, 0.0, 8.02e-08
2018-08-05, 07:53:01, 0.0, 7.97e-08
2018-08-05, 07:53:03, 0.0, 8e-08
2018-08-05, 07:53:05, 0.0, 7.99e-08
2018-08-05, 07:53:07, 0.0, 7.99e-08
2018-08-05, 07:53:10, 0.0, 7.91e-08
2018-08-05, 07:53:12, 0.0, 8.03e-08
2018-08-05, 07:53:14, 0.0, 7.97e-08
2018-08-05, 07:53:16, 0.0, 7.92e-08
2018-08-05, 07:53:18, 0.0, 7.9e-08
2018-08-05, 07:53:20, 0.0, 7.94e-08
2018-08-05, 07:53:22, 0.0, 7.96e-08
2018-08-05, 07:53:24, 0.0, 7.91e-08
2018-08-05, 07:53:27, 0.0, 7.96e-08
2018-08-05, 07:53:29, 0.0, 8e-08
2018-08-05, 07:53:31, 0.0, 7.98e-08
2018-08-05, 07:53:33, 0.0, 7.96e-08
2018-08-05, 07:53:35, 0.0, 8.02e-08
2018-08-05, 07:53:37, 0.0, 7.97e-08
2018-08-05, 07:53:39, 0.0, 8.02e-08
2018-08-05, 07:53:41, 0.0, 7.97e-08
2018-08-05, 07:53:44, 0.0, 7.97e-08
2018-08-05, 07:53:46, 0.0, 8e-08
2018-08-05, 07:53:48, 0.0, 7.99e-08
2018-08-05, 07:53:50, 0.0, 7.9e-08
2018-08-05, 07:53:52, 0.0, 8.05e-08
2018-08-05, 07:53:54, 0.0, 7.96e-08
2018-08-05, 07:53:56, 0.0, 7.96e-08
2018-08-05, 07:53:58, 0.0, 7.97e-08
2018-08-05, 07:54:01, 0.0, 7.97e-08
2018-08-05, 07:54:03, 0.0, 8e-08
2018-08-05, 07:54:05, 0.0, 7.96e-08
2018-08-05, 07:54:07, 0.0, 7.93e-08
2018-08-05, 07:54:09, 0.0, 8e-08
2018-08-05, 07:54:11, 0.0, 8e-08
2018-08-05, 07:54:13, 0.0, 7.98e-08
2018-08-05, 07:54:15, 0.0, 7.98e-08
2018-08-05, 07:54:18, 0.0, 7.93e-08
2018-08-05, 07:54:20, 0.0, 7.99e-08
2018-08-05, 07:54:22, 0.0, 7.99e-08
2018-08-05, 07:54:24, 0.0, 7.96e-08
2018-08-05, 07:54:26, 0.0, 7.76e-08
2018-08-05, 07:54:28, 0.0, 7.85e-08
2018-08-05, 07:54:30, 0.0, 8.01e-08
2018-08-05, 07:54:32, 0.0, 7.99e-08
2018-08-05, 07:54:35, 0.0, 8.01e-08
2018-08-05, 07:54:37, 0.0, 7.96e-08
2018-08-05, 07:54:39, 0.0, 7.89e-08
2018-08-05, 07:54:41, 0.0, 7.91e-08
2018-08-05, 07:54:43, 0.0, 7.92e-08
2018-08-05, 07:54:45, 0.0, 7.97e-08
2018-08-05, 07:54:47, 0.0, 8.04e-08
2018-08-05, 07:54:49, 0.0, 7.98e-08
2018-08-05, 07:54:52, 0.0, 7.98e-08
2018-08-05, 07:54:54, 0.0, 7.96e-08
2018-08-05, 07:54:56, 0.0, 8.01e-08
2018-08-05, 07:54:58, 0.0, 7.97e-08
2018-08-05, 07:55:00, 0.0, 7.98e-08
2018-08-05, 07:55:02, 0.0, 7.97e-08
2018-08-05, 07:55:04, 0.0, 7.99e-08
2018-08-05, 07:55:07, 0.0, 7.96e-08
2018-08-05, 07:55:09, 0.0, 8.01e-08
2018-08-05, 07:55:11, 0.0, 8e-08
2018-08-05, 07:55:13, 0.0, 7.96e-08
2018-08-05, 07:55:15, 0.0, 7.97e-08
2018-08-05, 07:55:17, 0.0, 8.04e-08
2018-08-05, 07:55:19, 0.0, 7.99e-08
2018-08-05, 07:55:21, 0.0, 7.96e-08
2018-08-05, 07:55:24, 0.0, 8.02e-08
2018-08-05, 07:55:26, 0.0, 8.02e-08
2018-08-05, 07:55:28, 0.0, 8.03e-08
2018-08-05, 07:55:30, 0.0, 8.01e-08
2018-08-05, 07:55:32, 0.0, 7.99e-08
2018-08-05, 07:55:34, 0.0, 8e-08
2018-08-05, 07:55:36, 0.0, 7.97e-08
2018-08-05, 07:55:38, 0.0, 8.02e-08
2018-08-05, 07:55:41, 0.0, 7.97e-08
2018-08-05, 07:55:43, 0.0, 8.04e-08
2018-08-05, 07:55:45, 0.0, 7.97e-08
2018-08-05, 07:55:47, 0.0, 8.04e-08
2018-08-05, 07:55:49, 0.0, 7.9e-08
2018-08-05, 07:55:51, 0.0, 7.92e-08
2018-08-05, 07:55:53, 0.0, 7.98e-08
2018-08-05, 07:55:55, 0.0, 8.11e-08
2018-08-05, 07:55:58, 0.0, 8.09e-08
2018-08-05, 07:56:00, 0.0, 8.11e-08
2018-08-05, 07:56:02, 0.0, 8.03e-08
2018-08-05, 07:56:04, 0.0, 8.07e-08
2018-08-05, 07:56:06, 0.0, 8.02e-08
2018-08-05, 07:56:08, 0.0, 8.03e-08
2018-08-05, 07:56:10, 0.0, 8.07e-08
2018-08-05, 07:56:13, 0.0, 8.05e-08
2018-08-05, 07:56:15, 0.0, 8.01e-08
2018-08-05, 07:56:17, 0.0, 7.95e-08
2018-08-05, 07:56:19, 0.0, 8.05e-08
2018-08-05, 07:56:21, 0.0, 7.98e-08
2018-08-05, 07:56:23, 0.0, 7.93e-08
2018-08-05, 07:56:25, 0.0, 8e-08
2018-08-05, 07:56:27, 0.0, 7.89e-08
2018-08-05, 07:56:30, 0.0, 7.92e-08
2018-08-05, 07:56:32, 0.0, 8.01e-08
2018-08-05, 07:56:34, 0.0, 7.99e-08
2018-08-05, 07:56:36, 0.0, 7.92e-08
2018-08-05, 07:56:38, 0.0, 8.03e-08
2018-08-05, 07:56:40, 0.0, 8e-08
2018-08-05, 07:56:42, 0.0, 7.98e-08
2018-08-05, 07:56:44, 0.0, 8e-08
2018-08-05, 07:56:47, 0.0, 8.07e-08
2018-08-05, 07:56:49, 0.0, 8.03e-08
2018-08-05, 07:56:51, 0.0, 7.99e-08
2018-08-05, 07:56:53, 0.0, 7.95e-08
2018-08-05, 07:56:55, 0.0, 8.03e-08
2018-08-05, 07:56:57, 0.0, 8.03e-08
2018-08-05, 07:56:59, 0.0, 8.02e-08
2018-08-05, 07:57:02, 0.0, 8.04e-08
2018-08-05, 07:57:04, 0.0, 8.07e-08
2018-08-05, 07:57:06, 0.0, 8e-08
2018-08-05, 07:57:08, 0.0, 8.03e-08
2018-08-05, 07:57:10, 0.0, 8.04e-08
2018-08-05, 07:57:12, 0.0, 7.99e-08
2018-08-05, 07:57:14, 0.0, 8.06e-08
2018-08-05, 07:57:16, 0.0, 7.99e-08
2018-08-05, 07:57:19, 0.0, 8e-08
2018-08-05, 07:57:21, 0.0, 8.05e-08
2018-08-05, 07:57:23, 0.0, 8.07e-08
2018-08-05, 07:57:25, 0.0, 7.97e-08
2018-08-05, 07:57:27, 0.0, 7.98e-08
2018-08-05, 07:57:29, 0.0, 7.99e-08
2018-08-05, 07:57:31, 0.0, 8.03e-08
2018-08-05, 07:57:33, 0.0, 8.07e-08
2018-08-05, 07:57:36, 0.0, 8.08e-08
2018-08-05, 07:57:38, 0.0, 8.05e-08
2018-08-05, 07:57:40, 0.0, 8e-08
2018-08-05, 07:57:42, 0.0, 7.94e-08
2018-08-05, 07:57:44, 0.0, 8.04e-08
2018-08-05, 07:57:46, 0.0, 8.01e-08
2018-08-05, 07:57:48, 0.0, 7.98e-08
2018-08-05, 07:57:50, 0.0, 8.09e-08
2018-08-05, 07:57:53, 0.0, 8.03e-08
2018-08-05, 07:57:55, 0.0, 7.97e-08
2018-08-05, 07:57:57, 0.0, 8.02e-08
2018-08-05, 07:57:59, 0.0, 7.95e-08
2018-08-05, 07:58:01, 0.0, 7.97e-08
2018-08-05, 07:58:03, 0.0, 7.98e-08
2018-08-05, 07:58:05, 0.0, 7.99e-08
2018-08-05, 07:58:07, 0.0, 8.01e-08
2018-08-05, 07:58:10, 0.0, 7.92e-08
2018-08-05, 07:58:12, 0.0, 7.99e-08
2018-08-05, 07:58:14, 0.0, 8.02e-08
2018-08-05, 07:58:16, 0.0, 7.97e-08
2018-08-05, 07:58:18, 0.0, 8.05e-08
2018-08-05, 07:58:20, 0.0, 7.95e-08
2018-08-05, 07:58:22, 0.0, 8.06e-08
2018-08-05, 07:58:24, 0.0, 8.04e-08
2018-08-05, 07:58:27, 0.0, 8.03e-08
2018-08-05, 07:58:29, 0.0, 8e-08
2018-08-05, 07:58:31, 0.0, 7.94e-08
2018-08-05, 07:58:33, 0.0, 7.97e-08
2018-08-05, 07:58:35, 0.0, 8.03e-08
2018-08-05, 07:58:37, 0.0, 7.99e-08
2018-08-05, 07:58:39, 0.0, 8.01e-08
2018-08-05, 07:58:41, 0.0, 8e-08
2018-08-05, 07:58:44, 0.0, 8.05e-08
2018-08-05, 07:58:46, 0.0, 7.96e-08
2018-08-05, 07:58:48, 0.0, 8.02e-08
2018-08-05, 07:58:50, 0.0, 7.98e-08
2018-08-05, 07:58:52, 0.0, 7.9e-08
2018-08-05, 07:58:54, 0.0, 8.03e-08
2018-08-05, 07:58:56, 0.0, 7.94e-08
2018-08-05, 07:58:58, 0.0, 8.01e-08
2018-08-05, 07:59:01, 0.0, 8e-08
2018-08-05, 07:59:03, 0.0, 8.05e-08
2018-08-05, 07:59:05, 0.0, 7.86e-08
2018-08-05, 07:59:07, 0.0, 7.96e-08
2018-08-05, 07:59:09, 0.0, 8e-08
2018-08-05, 07:59:11, 0.0, 7.94e-08
2018-08-05, 07:59:13, 0.0, 7.97e-08
2018-08-05, 07:59:15, 0.0, 8.03e-08
2018-08-05, 07:59:18, 0.0, 7.97e-08
2018-08-05, 07:59:20, 0.0, 7.99e-08
2018-08-05, 07:59:22, 0.0, 8.07e-08
2018-08-05, 07:59:24, 0.0, 8.04e-08
2018-08-05, 07:59:26, 0.0, 8.03e-08
2018-08-05, 07:59:28, 0.0, 7.96e-08
2018-08-05, 07:59:30, 0.0, 8.02e-08
2018-08-05, 07:59:32, 0.0, 7.93e-08
2018-08-05, 07:59:35, 0.0, 8.02e-08
2018-08-05, 07:59:37, 0.0, 8.05e-08
2018-08-05, 07:59:39, 0.0, 8.02e-08
2018-08-05, 07:59:41, 0.0, 7.93e-08
2018-08-05, 07:59:43, 0.0, 7.96e-08
2018-08-05, 07:59:45, 0.0, 7.98e-08
2018-08-05, 07:59:47, 0.0, 8e-08
2018-08-05, 07:59:50, 0.0, 8.03e-08
2018-08-05, 07:59:52, 0.0, 8e-08
2018-08-05, 07:59:54, 0.0, 7.91e-08
2018-08-05, 07:59:56, 0.0, 7.98e-08
2018-08-05, 07:59:58, 0.0, 8.02e-08
2018-08-05, 08:00:00, 0.0, 7.99e-08
2018-08-05, 08:00:02, 0.0, 7.96e-08
2018-08-05, 08:00:04, 0.0, 7.95e-08
2018-08-05, 08:00:07, 0.0, 7.97e-08
2018-08-05, 08:00:09, 0.0, 7.99e-08
2018-08-05, 08:00:11, 0.0, 7.94e-08
2018-08-05, 08:00:13, 0.0, 8.04e-08
2018-08-05, 08:00:15, 0.0, 8e-08
2018-08-05, 08:00:17, 0.0, 7.99e-08
2018-08-05, 08:00:19, 0.0, 8.05e-08
2018-08-05, 08:00:22, 0.0, 7.95e-08
2018-08-05, 08:00:24, 0.0, 8.06e-08
2018-08-05, 08:00:26, 0.0, 8.05e-08
2018-08-05, 08:00:28, 0.0, 8.04e-08
2018-08-05, 08:00:30, 0.0, 7.99e-08
2018-08-05, 08:00:32, 0.0, 7.97e-08
2018-08-05, 08:00:34, 0.0, 8.04e-08
2018-08-05, 08:00:36, 0.0, 8.03e-08
2018-08-05, 08:00:39, 0.0, 8.05e-08
2018-08-05, 08:00:41, 0.0, 8.01e-08
2018-08-05, 08:00:43, 0.0, 8.05e-08
2018-08-05, 08:00:45, 0.0, 7.93e-08
2018-08-05, 08:00:47, 0.0, 8.01e-08
2018-08-05, 08:00:49, 0.0, 8.07e-08
2018-08-05, 08:00:51, 0.0, 7.99e-08
2018-08-05, 08:00:53, 0.0, 8.02e-08
2018-08-05, 08:00:56, 0.0, 7.98e-08
2018-08-05, 08:00:58, 0.0, 7.99e-08
2018-08-05, 08:01:00, 0.0, 8e-08
2018-08-05, 08:01:02, 0.0, 7.95e-08
2018-08-05, 08:01:04, 0.0, 8e-08
2018-08-05, 08:01:06, 0.0, 8.01e-08
2018-08-05, 08:01:08, 0.0, 8e-08
2018-08-05, 08:01:10, 0.0, 8.03e-08
2018-08-05, 08:01:13, 0.0, 8.05e-08
2018-08-05, 08:01:15, 0.0, 7.99e-08
2018-08-05, 08:01:17, 0.0, 8.01e-08
2018-08-05, 08:01:19, 0.0, 8.04e-08
2018-08-05, 08:01:21, 0.0, 7.96e-08
2018-08-05, 08:01:23, 0.0, 7.99e-08
2018-08-05, 08:01:25, 0.0, 7.87e-08
2018-08-05, 08:01:27, 0.0, 8.03e-08
2018-08-05, 08:01:30, 0.0, 8e-08
2018-08-05, 08:01:32, 0.0, 8.06e-08
2018-08-05, 08:01:34, 0.0, 8.03e-08
2018-08-05, 08:01:36, 0.0, 8e-08
2018-08-05, 08:01:38, 0.0, 7.95e-08
2018-08-05, 08:01:40, 0.0, 8e-08
2018-08-05, 08:01:42, 0.0, 8.04e-08
2018-08-05, 08:01:44, 0.0, 8.06e-08
2018-08-05, 08:01:47, 0.0, 7.97e-08
2018-08-05, 08:01:49, 0.0, 8.02e-08
2018-08-05, 08:01:51, 0.0, 7.93e-08
2018-08-05, 08:01:53, 0.0, 8.05e-08
2018-08-05, 08:01:55, 0.0, 8.06e-08
2018-08-05, 08:01:57, 0.0, 7.94e-08
2018-08-05, 08:01:59, 0.0, 8.02e-08
2018-08-05, 08:02:02, 0.0, 8.01e-08
2018-08-05, 08:02:04, 0.0, 8.01e-08
2018-08-05, 08:02:06, 0.0, 7.96e-08
2018-08-05, 08:02:08, 0.0, 7.91e-08
2018-08-05, 08:02:10, 0.0, 8.06e-08
2018-08-05, 08:02:12, 0.0, 8.07e-08
2018-08-05, 08:02:14, 0.0, 8.02e-08
2018-08-05, 08:02:16, 0.0, 8.04e-08
2018-08-05, 08:02:19, 0.0, 8e-08
2018-08-05, 08:02:21, 0.0, 7.99e-08
2018-08-05, 08:02:23, 0.0, 8e-08
2018-08-05, 08:02:25, 0.0, 8.07e-08
2018-08-05, 08:02:27, 0.0, 8.03e-08
2018-08-05, 08:02:29, 0.0, 7.97e-08
2018-08-05, 08:02:31, 0.0, 7.98e-08
2018-08-05, 08:02:33, 0.0, 8.01e-08
2018-08-05, 08:02:36, 0.0, 8.06e-08
2018-08-05, 08:02:38, 0.0, 8.07e-08
2018-08-05, 08:02:40, 0.0, 7.93e-08
2018-08-05, 08:02:42, 0.0, 7.93e-08
2018-08-05, 08:02:44, 0.0, 7.94e-08
2018-08-05, 08:02:46, 0.0, 7.99e-08
2018-08-05, 08:02:48, 0.0, 8e-08
2018-08-05, 08:02:50, 0.0, 7.93e-08
2018-08-05, 08:02:53, 0.0, 7.98e-08
2018-08-05, 08:02:55, 0.0, 8.05e-08
2018-08-05, 08:02:57, 0.0, 8.05e-08
2018-08-05, 08:02:59, 0.0, 7.98e-08
2018-08-05, 08:03:01, 0.0, 8e-08
2018-08-05, 08:03:03, 0.0, 8.04e-08
2018-08-05, 08:03:05, 0.0, 7.99e-08
2018-08-05, 08:03:07, 0.0, 8.04e-08
2018-08-05, 08:03:10, 0.0, 7.99e-08
2018-08-05, 08:03:12, 0.0, 7.9e-08
2018-08-05, 08:03:14, 0.0, 8.05e-08
2018-08-05, 08:03:16, 0.0, 7.96e-08
2018-08-05, 08:03:18, 0.0, 7.97e-08
2018-08-05, 08:03:20, 0.0, 8.02e-08
2018-08-05, 08:03:22, 0.0, 8.07e-08
2018-08-05, 08:03:24, 0.0, 8e-08
2018-08-05, 08:03:27, 0.0, 8.08e-08
2018-08-05, 08:03:29, 0.0, 7.92e-08
2018-08-05, 08:03:31, 0.0, 8.08e-08
2018-08-05, 08:03:33, 0.0, 7.96e-08
2018-08-05, 08:03:35, 0.0, 7.95e-08
2018-08-05, 08:03:37, 0.0, 7.96e-08
2018-08-05, 08:03:39, 0.0, 8.03e-08
2018-08-05, 08:03:42, 0.0, 8.02e-08
2018-08-05, 08:03:44, 0.0, 7.92e-08
2018-08-05, 08:03:46, 0.0, 8e-08
2018-08-05, 08:03:48, 0.0, 8e-08
2018-08-05, 08:03:50, 0.0, 7.98e-08
2018-08-05, 08:03:52, 0.0, 8e-08
2018-08-05, 08:03:54, 0.0, 7.93e-08
2018-08-05, 08:03:56, 0.0, 8.01e-08
2018-08-05, 08:03:59, 0.0, 8.02e-08
2018-08-05, 08:04:01, 0.0, 8e-08
2018-08-05, 08:04:03, 0.0, 7.92e-08
2018-08-05, 08:04:05, 0.0, 7.89e-08
2018-08-05, 08:04:07, 0.0, 7.96e-08
2018-08-05, 08:04:09, 0.0, 7.96e-08
2018-08-05, 08:04:11, 0.0, 7.95e-08
2018-08-05, 08:04:13, 0.0, 7.95e-08
2018-08-05, 08:04:16, 0.0, 7.97e-08
2018-08-05, 08:04:18, 0.0, 7.97e-08
2018-08-05, 08:04:20, 0.0, 7.9e-08
2018-08-05, 08:04:22, 0.0, 7.92e-08
2018-08-05, 08:04:24, 0.0, 7.96e-08
2018-08-05, 08:04:26, 0.0, 7.98e-08
2018-08-05, 08:04:28, 0.0, 7.97e-08
2018-08-05, 08:04:30, 0.0, 7.98e-08
2018-08-05, 08:04:33, 0.0, 8.01e-08
2018-08-05, 08:04:35, 0.0, 8.01e-08
2018-08-05, 08:04:37, 0.0, 7.98e-08
2018-08-05, 08:04:39, 0.0, 7.97e-08
2018-08-05, 08:04:41, 0.0, 8.03e-08
2018-08-05, 08:04:43, 0.0, 8e-08
2018-08-05, 08:04:45, 0.0, 7.95e-08
2018-08-05, 08:04:47, 0.0, 8.05e-08
2018-08-05, 08:04:50, 0.0, 7.99e-08
2018-08-05, 08:04:52, 0.0, 8.03e-08
2018-08-05, 08:04:54, 0.0, 8.04e-08
2018-08-05, 08:04:56, 0.0, 7.91e-08
2018-08-05, 08:04:58, 0.0, 7.93e-08
2018-08-05, 08:05:00, 0.0, 7.99e-08
2018-08-05, 08:05:02, 0.0, 7.97e-08
2018-08-05, 08:05:04, 0.0, 7.97e-08
2018-08-05, 08:05:07, 0.0, 7.99e-08
2018-08-05, 08:05:09, 0.0, 7.97e-08
2018-08-05, 08:05:11, 0.0, 7.94e-08
2018-08-05, 08:05:13, 0.0, 7.95e-08
2018-08-05, 08:05:15, 0.0, 7.95e-08
2018-08-05, 08:05:17, 0.0, 7.95e-08
2018-08-05, 08:05:19, 0.0, 7.99e-08
2018-08-05, 08:05:21, 0.0, 7.96e-08
2018-08-05, 08:05:24, 0.0, 8e-08
2018-08-05, 08:05:26, 0.0, 8.05e-08
2018-08-05, 08:05:28, 0.0, 7.97e-08
2018-08-05, 08:05:30, 0.0, 8.01e-08
2018-08-05, 08:05:32, 0.0, 7.97e-08
2018-08-05, 08:05:34, 0.0, 8.01e-08
2018-08-05, 08:05:36, 0.0, 7.98e-08
2018-08-05, 08:05:38, 0.0, 7.99e-08
2018-08-05, 08:05:40, 0.0, 8e-08
2018-08-05, 08:05:43, 0.0, 8e-08
2018-08-05, 08:05:45, 0.0, 8.04e-08
2018-08-05, 08:05:47, 0.0, 8.02e-08
2018-08-05, 08:05:49, 0.0, 8.02e-08
2018-08-05, 08:05:51, 0.0, 7.99e-08
2018-08-05, 08:05:53, 0.0, 8.01e-08
2018-08-05, 08:05:55, 0.0, 7.96e-08
2018-08-05, 08:05:57, 0.0, 7.94e-08
2018-08-05, 08:06:00, 0.0, 7.96e-08
2018-08-05, 08:06:02, 0.0, 7.99e-08
2018-08-05, 08:06:04, 0.0, 7.89e-08
2018-08-05, 08:06:06, 0.0, 8.05e-08
2018-08-05, 08:06:08, 0.0, 7.93e-08
2018-08-05, 08:06:10, 0.0, 7.95e-08
2018-08-05, 08:06:12, 0.0, 7.84e-08
2018-08-05, 08:06:14, 0.0, 7.91e-08
2018-08-05, 08:06:17, 0.0, 7.98e-08
2018-08-05, 08:06:19, 0.0, 7.95e-08
2018-08-05, 08:06:21, 0.0, 7.96e-08
2018-08-05, 08:06:23, 0.0, 7.96e-08
2018-08-05, 08:06:25, 0.0, 7.9e-08
2018-08-05, 08:06:27, 0.0, 7.93e-08
2018-08-05, 08:06:29, 0.0, 8.07e-08
2018-08-05, 08:06:32, 0.0, 7.86e-08
2018-08-05, 08:06:34, 0.0, 8.02e-08
2018-08-05, 08:06:36, 0.0, 7.9e-08
2018-08-05, 08:06:38, 0.0, 7.95e-08
2018-08-05, 08:06:40, 0.0, 7.98e-08
2018-08-05, 08:06:42, 0.0, 7.93e-08
2018-08-05, 08:06:44, 0.0, 7.99e-08
2018-08-05, 08:06:46, 0.0, 7.94e-08
2018-08-05, 08:06:49, 0.0, 7.96e-08
2018-08-05, 08:06:51, 0.0, 7.97e-08
2018-08-05, 08:06:53, 0.0, 7.91e-08
2018-08-05, 08:06:55, 0.0, 7.96e-08
2018-08-05, 08:06:57, 0.0, 8.02e-08
2018-08-05, 08:06:59, 0.0, 7.99e-08
2018-08-05, 08:07:01, 0.0, 7.99e-08
2018-08-05, 08:07:03, 0.0, 8.02e-08
2018-08-05, 08:07:06, 0.0, 8e-08
2018-08-05, 08:07:08, 0.0, 7.97e-08
2018-08-05, 08:07:10, 0.0, 7.96e-08
2018-08-05, 08:07:12, 0.0, 7.93e-08
2018-08-05, 08:07:14, 0.0, 7.99e-08
2018-08-05, 08:07:16, 0.0, 8.05e-08
2018-08-05, 08:07:18, 0.0, 7.98e-08
2018-08-05, 08:07:20, 0.0, 8.02e-08
2018-08-05, 08:07:23, 0.0, 7.77e-08
2018-08-05, 08:07:25, 0.0, 7.68e-08
2018-08-05, 08:07:27, 0.0, 7.88e-08
2018-08-05, 08:07:29, 0.0, 7.8e-08
2018-08-05, 08:07:31, 0.0, 7.82e-08
2018-08-05, 08:07:33, 0.0, 7.85e-08
2018-08-05, 08:07:35, 0.0, 7.83e-08
2018-08-05, 08:07:37, 0.0, 7.86e-08
2018-08-05, 08:07:40, 0.0, 7.82e-08
2018-08-05, 08:07:42, 0.0, 7.77e-08
2018-08-05, 08:07:44, 0.0, 7.82e-08
2018-08-05, 08:07:46, 0.0, 7.76e-08
2018-08-05, 08:07:48, 0.0, 7.75e-08
2018-08-05, 08:07:50, 0.0, 7.79e-08
2018-08-05, 08:07:52, 0.0, 7.72e-08
2018-08-05, 08:07:54, 0.0, 7.78e-08
2018-08-05, 08:07:57, 0.0, 7.66e-08
2018-08-05, 08:07:59, 0.0, 7.71e-08
2018-08-05, 08:08:01, 0.0, 7.6e-08
2018-08-05, 08:08:03, 0.0, 7.64e-08
2018-08-05, 08:08:05, 0.0, 7.65e-08
2018-08-05, 08:08:07, 0.0, 7.56e-08
2018-08-05, 08:08:09, 0.0, 7.55e-08
2018-08-05, 08:08:12, 0.0, 7.47e-08
2018-08-05, 08:08:14, 0.0, 7.53e-08
2018-08-05, 08:08:16, 0.0, 7.53e-08
2018-08-05, 08:08:18, 0.0, 7.55e-08
2018-08-05, 08:08:20, 0.0, 7.52e-08
2018-08-05, 08:08:22, 0.0, 7.53e-08
2018-08-05, 08:08:24, 0.0, 7.48e-08
2018-08-05, 08:08:26, 0.0, 7.49e-08
2018-08-05, 08:08:29, 0.0, 7.47e-08
2018-08-05, 08:08:31, 0.0, 7.51e-08
2018-08-05, 08:08:33, 0.0, 7.49e-08
2018-08-05, 08:08:35, 0.0, 7.44e-08
2018-08-05, 08:08:37, 0.0, 7.46e-08
2018-08-05, 08:08:39, 0.0, 7.48e-08
2018-08-05, 08:08:41, 0.0, 7.48e-08
2018-08-05, 08:08:43, 0.0, 7.5e-08
2018-08-05, 08:08:46, 0.0, 7.44e-08
2018-08-05, 08:08:48, 0.0, 7.38e-08
2018-08-05, 08:08:50, 0.0, 7.43e-08
2018-08-05, 08:08:52, 0.0, 7.4e-08
2018-08-05, 08:08:54, 0.0, 7.38e-08
2018-08-05, 08:08:56, 0.0, 7.48e-08
2018-08-05, 08:08:58, 0.0, 7.49e-08
2018-08-05, 08:09:00, 0.0, 7.42e-08
2018-08-05, 08:09:03, 0.0, 7.43e-08
2018-08-05, 08:09:05, 0.0, 7.47e-08
2018-08-05, 08:09:07, 0.0, 7.43e-08
2018-08-05, 08:09:09, 0.0, 7.36e-08
2018-08-05, 08:09:11, 0.0, 7.42e-08
2018-08-05, 08:09:13, 0.0, 7.42e-08
2018-08-05, 08:09:15, 0.0, 7.39e-08
2018-08-05, 08:09:18, 0.0, 7.47e-08
2018-08-05, 08:09:20, 0.0, 7.39e-08
2018-08-05, 08:09:22, 0.0, 7.39e-08
2018-08-05, 08:09:24, 0.0, 7.45e-08
2018-08-05, 08:09:26, 0.0, 7.38e-08
2018-08-05, 08:09:28, 0.0, 7.39e-08
2018-08-05, 08:09:30, 0.0, 7.41e-08
2018-08-05, 08:09:32, 0.0, 7.45e-08
2018-08-05, 08:09:35, 0.0, 7.42e-08
2018-08-05, 08:09:37, 0.0, 7.39e-08
2018-08-05, 08:09:39, 0.0, 7.44e-08
2018-08-05, 08:09:41, 0.0, 7.43e-08
2018-08-05, 08:09:43, 0.0, 7.46e-08
2018-08-05, 08:09:45, 0.0, 7.43e-08
2018-08-05, 08:09:47, 0.0, 7.46e-08
2018-08-05, 08:09:49, 0.0, 7.44e-08
2018-08-05, 08:09:52, 0.0, 7.38e-08
2018-08-05, 08:09:54, 0.0, 7.42e-08
2018-08-05, 08:09:56, 0.0, 7.4e-08
2018-08-05, 08:09:58, 0.0, 7.39e-08
2018-08-05, 08:10:00, 0.0, 7.41e-08
2018-08-05, 08:10:02, 0.0, 7.42e-08
2018-08-05, 08:10:04, 0.0, 7.51e-08
2018-08-05, 08:10:06, 0.0, 7.4e-08
2018-08-05, 08:10:09, 0.0, 7.43e-08
2018-08-05, 08:10:11, 0.0, 7.41e-08
2018-08-05, 08:10:13, 0.0, 7.44e-08
2018-08-05, 08:10:15, 0.0, 7.47e-08
2018-08-05, 08:10:17, 0.0, 7.41e-08
2018-08-05, 08:10:19, 0.0, 7.5e-08
2018-08-05, 08:10:21, 0.0, 7.47e-08
2018-08-05, 08:10:24, 0.0, 7.49e-08
2018-08-05, 08:10:26, 0.0, 7.49e-08
2018-08-05, 08:10:28, 0.0, 7.47e-08
2018-08-05, 08:10:30, 0.0, 7.42e-08
2018-08-05, 08:10:32, 0.0, 7.49e-08
2018-08-05, 08:10:34, 0.0, 7.46e-08
2018-08-05, 08:10:36, 0.0, 7.43e-08
2018-08-05, 08:10:38, 0.0, 7.44e-08
2018-08-05, 08:10:41, 0.0, 7.38e-08
2018-08-05, 08:10:43, 0.0, 7.48e-08
2018-08-05, 08:10:45, 0.0, 7.46e-08
2018-08-05, 08:10:47, 0.0, 7.36e-08
2018-08-05, 08:10:49, 0.0, 7.34e-08
2018-08-05, 08:10:51, 0.0, 7.35e-08
2018-08-05, 08:10:53, 0.0, 7.34e-08
2018-08-05, 08:10:55, 0.0, 7.41e-08
2018-08-05, 08:10:58, 0.0, 7.49e-08
2018-08-05, 08:11:00, 0.0, 7.42e-08
2018-08-05, 08:11:02, 0.0, 7.42e-08
2018-08-05, 08:11:04, 0.0, 7.49e-08
2018-08-05, 08:11:06, 0.0, 7.43e-08
2018-08-05, 08:11:08, 0.0, 7.45e-08
2018-08-05, 08:11:10, 0.0, 7.39e-08
2018-08-05, 08:11:12, 0.0, 7.4e-08
2018-08-05, 08:11:15, 0.0, 7.38e-08
2018-08-05, 08:11:17, 0.0, 7.35e-08
2018-08-05, 08:11:19, 0.0, 7.51e-08
2018-08-05, 08:11:21, 0.0, 7.43e-08
2018-08-05, 08:11:23, 0.0, 7.36e-08
2018-08-05, 08:11:25, 0.0, 7.41e-08
2018-08-05, 08:11:27, 0.0, 7.36e-08
2018-08-05, 08:11:29, 0.0, 7.43e-08
2018-08-05, 08:11:32, 0.0, 7.4e-08
2018-08-05, 08:11:34, 0.0, 7.45e-08
2018-08-05, 08:11:36, 0.0, 7.35e-08
2018-08-05, 08:11:38, 0.0, 7.4e-08
2018-08-05, 08:11:40, 0.0, 7.43e-08
2018-08-05, 08:11:42, 0.0, 7.44e-08
2018-08-05, 08:11:44, 0.0, 7.37e-08
2018-08-05, 08:11:46, 0.0, 7.39e-08
2018-08-05, 08:11:49, 0.0, 7.45e-08
2018-08-05, 08:11:51, 0.0, 7.41e-08
2018-08-05, 08:11:53, 0.0, 7.33e-08
2018-08-05, 08:11:55, 0.0, 7.44e-08
2018-08-05, 08:11:57, 0.0, 7.46e-08
2018-08-05, 08:11:59, 0.0, 7.42e-08
2018-08-05, 08:12:01, 0.0, 7.47e-08
2018-08-05, 08:12:04, 0.0, 7.41e-08
2018-08-05, 08:12:06, 0.0, 7.43e-08
2018-08-05, 08:12:08, 0.0, 7.39e-08
2018-08-05, 08:12:10, 0.0, 7.41e-08
2018-08-05, 08:12:12, 0.0, 7.31e-08
2018-08-05, 08:12:14, 0.0, 7.42e-08
2018-08-05, 08:12:16, 0.0, 7.39e-08
2018-08-05, 08:12:18, 0.0, 7.43e-08
2018-08-05, 08:12:21, 0.0, 7.39e-08
2018-08-05, 08:12:23, 0.0, 7.44e-08
2018-08-05, 08:12:25, 0.0, 7.41e-08
2018-08-05, 08:12:27, 0.0, 7.45e-08
2018-08-05, 08:12:29, 0.0, 7.43e-08
2018-08-05, 08:12:31, 0.0, 7.47e-08
2018-08-05, 08:12:33, 0.0, 7.41e-08
2018-08-05, 08:12:35, 0.0, 7.39e-08
2018-08-05, 08:12:38, 0.0, 7.43e-08
2018-08-05, 08:12:40, 0.0, 7.44e-08
2018-08-05, 08:12:42, 0.0, 7.46e-08
2018-08-05, 08:12:44, 0.0, 7.44e-08
2018-08-05, 08:12:46, 0.0, 7.44e-08
2018-08-05, 08:12:48, 0.0, 7.39e-08
2018-08-05, 08:12:50, 0.0, 7.34e-08
2018-08-05, 08:12:52, 0.0, 7.37e-08
2018-08-05, 08:12:55, 0.0, 7.44e-08
2018-08-05, 08:12:57, 0.0, 7.45e-08
2018-08-05, 08:12:59, 0.0, 7.46e-08
2018-08-05, 08:13:01, 0.0, 7.46e-08
2018-08-05, 08:13:03, 0.0, 7.4e-08
2018-08-05, 08:13:05, 0.0, 7.44e-08
2018-08-05, 08:13:07, 0.0, 7.43e-08
2018-08-05, 08:13:09, 0.0, 7.5e-08
2018-08-05, 08:13:12, 0.0, 7.47e-08
2018-08-05, 08:13:14, 0.0, 7.39e-08
2018-08-05, 08:13:16, 0.0, 7.47e-08
2018-08-05, 08:13:18, 0.0, 7.41e-08
2018-08-05, 08:13:20, 0.0, 7.41e-08
2018-08-05, 08:13:22, 0.0, 7.51e-08
2018-08-05, 08:13:24, 0.0, 7.5e-08
2018-08-05, 08:13:26, 0.0, 7.37e-08
2018-08-05, 08:13:29, 0.0, 7.44e-08
2018-08-05, 08:13:31, 0.0, 7.38e-08
2018-08-05, 08:13:33, 0.0, 7.37e-08
2018-08-05, 08:13:35, 0.0, 7.46e-08
2018-08-05, 08:13:37, 0.0, 7.44e-08
2018-08-05, 08:13:39, 0.0, 7.39e-08
2018-08-05, 08:13:41, 0.0, 7.39e-08
2018-08-05, 08:13:43, 0.0, 7.4e-08
2018-08-05, 08:13:46, 0.0, 7.38e-08
2018-08-05, 08:13:48, 0.0, 7.44e-08
2018-08-05, 08:13:50, 0.0, 7.43e-08
2018-08-05, 08:13:52, 0.0, 7.44e-08
2018-08-05, 08:13:54, 0.0, 7.4e-08
2018-08-05, 08:13:56, 0.0, 7.35e-08
2018-08-05, 08:13:58, 0.0, 7.45e-08
2018-08-05, 08:14:01, 0.0, 7.43e-08
2018-08-05, 08:14:03, 0.0, 7.45e-08
2018-08-05, 08:14:05, 0.0, 7.43e-08
2018-08-05, 08:14:07, 0.0, 7.44e-08
2018-08-05, 08:14:09, 0.0, 7.38e-08
2018-08-05, 08:14:11, 0.0, 7.49e-08
2018-08-05, 08:14:13, 0.0, 7.5e-08
2018-08-05, 08:14:15, 0.0, 7.48e-08
2018-08-05, 08:14:18, 0.0, 7.44e-08
2018-08-05, 08:14:20, 0.0, 7.37e-08
2018-08-05, 08:14:22, 0.0, 7.42e-08
2018-08-05, 08:14:24, 0.0, 7.49e-08
2018-08-05, 08:14:26, 0.0, 7.41e-08
2018-08-05, 08:14:28, 0.0, 7.49e-08
2018-08-05, 08:14:30, 0.0, 7.41e-08
2018-08-05, 08:14:32, 0.0, 7.43e-08
2018-08-05, 08:14:35, 0.0, 7.45e-08
2018-08-05, 08:14:37, 0.0, 7.44e-08
2018-08-05, 08:14:39, 0.0, 7.38e-08
2018-08-05, 08:14:41, 0.0, 7.4e-08
2018-08-05, 08:14:43, 0.0, 7.34e-08
2018-08-05, 08:14:45, 0.0, 7.41e-08
2018-08-05, 08:14:47, 0.0, 7.43e-08
2018-08-05, 08:14:49, 0.0, 7.5e-08
2018-08-05, 08:14:52, 0.0, 7.4e-08
2018-08-05, 08:14:54, 0.0, 7.43e-08
2018-08-05, 08:14:56, 0.0, 7.43e-08
2018-08-05, 08:14:58, 0.0, 7.43e-08
2018-08-05, 08:15:00, 0.0, 7.4e-08
2018-08-05, 08:15:02, 0.0, 7.46e-08
2018-08-05, 08:15:04, 0.0, 7.44e-08
2018-08-05, 08:15:06, 0.0, 7.41e-08
2018-08-05, 08:15:09, 0.0, 7.51e-08
2018-08-05, 08:15:11, 0.0, 7.38e-08
2018-08-05, 08:15:13, 0.0, 7.33e-08
2018-08-05, 08:15:15, 0.0, 7.43e-08
2018-08-05, 08:15:17, 0.0, 7.37e-08
2018-08-05, 08:15:19, 0.0, 7.37e-08
2018-08-05, 08:15:21, 0.0, 7.46e-08
2018-08-05, 08:15:23, 0.0, 7.46e-08
2018-08-05, 08:15:26, 0.0, 7.48e-08
2018-08-05, 08:15:28, 0.0, 7.46e-08
2018-08-05, 08:15:30, 0.0, 7.39e-08
2018-08-05, 08:15:32, 0.0, 7.43e-08
2018-08-05, 08:15:34, 0.0, 7.38e-08
2018-08-05, 08:15:36, 0.0, 7.38e-08
2018-08-05, 08:15:38, 0.0, 7.31e-08
2018-08-05, 08:15:40, 0.0, 7.44e-08
2018-08-05, 08:15:43, 0.0, 7.39e-08
2018-08-05, 08:15:45, 0.0, 7.48e-08
2018-08-05, 08:15:47, 0.0, 7.47e-08
2018-08-05, 08:15:49, 0.0, 7.43e-08
2018-08-05, 08:15:51, 0.0, 7.39e-08
2018-08-05, 08:15:53, 0.0, 7.36e-08
2018-08-05, 08:15:55, 0.0, 7.39e-08
2018-08-05, 08:15:58, 0.0, 7.38e-08
2018-08-05, 08:16:00, 0.0, 7.43e-08
2018-08-05, 08:16:02, 0.0, 7.45e-08
2018-08-05, 08:16:04, 0.0, 7.45e-08
2018-08-05, 08:16:06, 0.0, 7.51e-08
2018-08-05, 08:16:08, 0.0, 7.48e-08
2018-08-05, 08:16:10, 0.0, 7.44e-08
2018-08-05, 08:16:12, 0.0, 7.4e-08
2018-08-05, 08:16:15, 0.0, 7.46e-08
2018-08-05, 08:16:17, 0.0, 7.47e-08
2018-08-05, 08:16:19, 0.0, 7.38e-08
2018-08-05, 08:16:21, 0.0, 7.47e-08
2018-08-05, 08:16:23, 0.0, 7.48e-08
2018-08-05, 08:16:25, 0.0, 7.44e-08
2018-08-05, 08:16:27, 0.0, 7.48e-08
2018-08-05, 08:16:29, 0.0, 7.47e-08
2018-08-05, 08:16:32, 0.0, 7.37e-08
2018-08-05, 08:16:34, 0.0, 7.44e-08
2018-08-05, 08:16:36, 0.0, 7.44e-08
2018-08-05, 08:16:38, 0.0, 7.45e-08
2018-08-05, 08:16:40, 0.0, 7.46e-08
2018-08-05, 08:16:42, 0.0, 7.48e-08
2018-08-05, 08:16:44, 0.0, 7.49e-08
2018-08-05, 08:16:46, 0.0, 7.46e-08
2018-08-05, 08:16:49, 0.0, 7.42e-08
2018-08-05, 08:16:51, 0.0, 7.43e-08
2018-08-05, 08:16:53, 0.0, 7.43e-08
2018-08-05, 08:16:55, 0.0, 7.42e-08
2018-08-05, 08:16:57, 0.0, 7.41e-08
2018-08-05, 08:16:59, 0.0, 7.45e-08
2018-08-05, 08:17:01, 0.0, 7.46e-08
2018-08-05, 08:17:03, 0.0, 7.44e-08
2018-08-05, 08:17:06, 0.0, 7.44e-08
2018-08-05, 08:17:08, 0.0, 7.49e-08
2018-08-05, 08:17:10, 0.0, 7.46e-08
2018-08-05, 08:17:12, 0.0, 7.46e-08
2018-08-05, 08:17:14, 0.0, 7.47e-08
2018-08-05, 08:17:16, 0.0, 7.43e-08
2018-08-05, 08:17:18, 0.0, 7.47e-08
2018-08-05, 08:17:20, 0.0, 7.43e-08
2018-08-05, 08:17:23, 0.0, 7.41e-08
2018-08-05, 08:17:25, 0.0, 7.45e-08
2018-08-05, 08:17:27, 0.0, 7.45e-08
2018-08-05, 08:17:29, 0.0, 7.47e-08
2018-08-05, 08:17:31, 0.0, 7.41e-08
2018-08-05, 08:17:33, 0.0, 7.37e-08
2018-08-05, 08:17:35, 0.0, 7.38e-08
2018-08-05, 08:17:37, 0.0, 7.47e-08
2018-08-05, 08:17:40, 0.0, 7.45e-08
2018-08-05, 08:17:42, 0.0, 7.44e-08
2018-08-05, 08:17:44, 0.0, 7.46e-08
2018-08-05, 08:17:46, 0.0, 7.46e-08
2018-08-05, 08:17:48, 0.0, 7.46e-08
2018-08-05, 08:17:50, 0.0, 7.43e-08
2018-08-05, 08:17:52, 0.0, 7.48e-08
2018-08-05, 08:17:54, 0.0, 7.45e-08
2018-08-05, 08:17:57, 0.0, 7.4e-08
2018-08-05, 08:17:59, 0.0, 7.4e-08
2018-08-05, 08:18:01, 0.0, 7.35e-08
2018-08-05, 08:18:03, 0.0, 7.44e-08
2018-08-05, 08:18:05, 0.0, 7.37e-08
2018-08-05, 08:18:07, 0.0, 7.46e-08
2018-08-05, 08:18:09, 0.0, 7.44e-08
2018-08-05, 08:18:11, 0.0, 7.45e-08
2018-08-05, 08:18:14, 0.0, 7.36e-08
2018-08-05, 08:18:16, 0.0, 7.41e-08
2018-08-05, 08:18:18, 0.0, 7.37e-08
2018-08-05, 08:18:20, 0.0, 7.41e-08
2018-08-05, 08:18:22, 0.0, 7.35e-08
2018-08-05, 08:18:24, 0.0, 7.45e-08
2018-08-05, 08:18:26, 0.0, 7.37e-08
2018-08-05, 08:18:28, 0.0, 7.36e-08
2018-08-05, 08:18:31, 0.0, 7.35e-08
2018-08-05, 08:18:33, 0.0, 7.45e-08
2018-08-05, 08:18:35, 0.0, 7.44e-08
2018-08-05, 08:18:37, 0.0, 7.44e-08
2018-08-05, 08:18:39, 0.0, 7.42e-08
2018-08-05, 08:18:41, 0.0, 7.41e-08
2018-08-05, 08:18:43, 0.0, 7.45e-08
2018-08-05, 08:18:46, 0.0, 7.46e-08
2018-08-05, 08:18:48, 0.0, 7.44e-08
2018-08-05, 08:18:50, 0.0, 7.4e-08
2018-08-05, 08:18:52, 0.0, 7.3e-08
2018-08-05, 08:18:54, 0.0, 7.39e-08
2018-08-05, 08:18:56, 0.0, 7.37e-08
2018-08-05, 08:18:58, 0.0, 7.43e-08
2018-08-05, 08:19:00, 0.0, 7.42e-08
2018-08-05, 08:19:03, 0.0, 7.43e-08
2018-08-05, 08:19:05, 0.0, 7.42e-08
2018-08-05, 08:19:07, 0.0, 7.3e-08
2018-08-05, 08:19:09, 0.0, 7.43e-08
2018-08-05, 08:19:11, 0.0, 7.39e-08
2018-08-05, 08:19:13, 0.0, 7.39e-08
2018-08-05, 08:19:15, 0.0, 7.35e-08
2018-08-05, 08:19:17, 0.0, 7.37e-08
2018-08-05, 08:19:20, 0.0, 7.45e-08
2018-08-05, 08:19:22, 0.0, 7.42e-08
2018-08-05, 08:19:24, 0.0, 7.4e-08
2018-08-05, 08:19:26, 0.0, 7.43e-08
2018-08-05, 08:19:28, 0.0, 7.36e-08
2018-08-05, 08:19:30, 0.0, 7.33e-08
2018-08-05, 08:19:32, 0.0, 7.4e-08
2018-08-05, 08:19:34, 0.0, 7.39e-08
2018-08-05, 08:19:37, 0.0, 7.44e-08
2018-08-05, 08:19:39, 0.0, 7.36e-08
2018-08-05, 08:19:41, 0.0, 7.43e-08
2018-08-05, 08:19:43, 0.0, 7.4e-08
2018-08-05, 08:19:45, 0.0, 7.38e-08
2018-08-05, 08:19:47, 0.0, 7.46e-08
2018-08-05, 08:19:49, 0.0, 7.45e-08
2018-08-05, 08:19:52, 0.0, 7.42e-08
2018-08-05, 08:19:54, 0.0, 7.41e-08
2018-08-05, 08:19:56, 0.0, 7.39e-08
2018-08-05, 08:19:58, 0.0, 7.37e-08
2018-08-05, 08:20:00, 0.0, 7.41e-08
2018-08-05, 08:20:02, 0.0, 7.42e-08
2018-08-05, 08:20:04, 0.0, 7.43e-08
2018-08-05, 08:20:06, 0.0, 7.42e-08
2018-08-05, 08:20:09, 0.0, 7.41e-08
2018-08-05, 08:20:11, 0.0, 7.38e-08
2018-08-05, 08:20:13, 0.0, 7.35e-08
2018-08-05, 08:20:15, 0.0, 7.35e-08
2018-08-05, 08:20:17, 0.0, 7.38e-08
2018-08-05, 08:20:19, 0.0, 7.4e-08
2018-08-05, 08:20:21, 0.0, 7.36e-08
2018-08-05, 08:20:23, 0.0, 7.39e-08
2018-08-05, 08:20:26, 0.0, 7.32e-08
2018-08-05, 08:20:28, 0.0, 7.36e-08
2018-08-05, 08:20:30, 0.0, 7.47e-08
2018-08-05, 08:20:32, 0.0, 7.39e-08
2018-08-05, 08:20:34, 0.0, 7.43e-08
2018-08-05, 08:20:36, 0.0, 7.36e-08
2018-08-05, 08:20:38, 0.0, 7.28e-08
2018-08-05, 08:20:41, 0.0, 7.4e-08
2018-08-05, 08:20:43, 0.0, 7.4e-08
2018-08-05, 08:20:45, 0.0, 7.37e-08
2018-08-05, 08:20:47, 0.0, 7.4e-08
2018-08-05, 08:20:49, 0.0, 7.35e-08
2018-08-05, 08:20:51, 0.0, 7.42e-08
2018-08-05, 08:20:53, 0.0, 7.37e-08
2018-08-05, 08:20:55, 0.0, 7.43e-08
2018-08-05, 08:20:58, 0.0, 7.4e-08
2018-08-05, 08:21:00, 0.0, 7.38e-08
2018-08-05, 08:21:02, 0.0, 7.39e-08
2018-08-05, 08:21:04, 0.0, 7.39e-08
2018-08-05, 08:21:06, 0.0, 7.44e-08
2018-08-05, 08:21:08, 0.0, 7.47e-08
2018-08-05, 08:21:10, 0.0, 7.42e-08
2018-08-05, 08:21:12, 0.0, 7.39e-08
2018-08-05, 08:21:15, 0.0, 7.38e-08
2018-08-05, 08:21:17, 0.0, 7.42e-08
2018-08-05, 08:21:19, 0.0, 7.4e-08
2018-08-05, 08:21:21, 0.0, 7.42e-08
2018-08-05, 08:21:23, 0.0, 7.35e-08
2018-08-05, 08:21:25, 0.0, 7.34e-08
2018-08-05, 08:21:27, 0.0, 7.38e-08
2018-08-05, 08:21:29, 0.0, 7.36e-08
2018-08-05, 08:21:32, 0.0, 7.4e-08
2018-08-05, 08:21:34, 0.0, 7.38e-08
2018-08-05, 08:21:36, 0.0, 7.41e-08
2018-08-05, 08:21:38, 0.0, 7.39e-08
2018-08-05, 08:21:40, 0.0, 7.4e-08
2018-08-05, 08:21:42, 0.0, 7.42e-08
2018-08-05, 08:21:44, 0.0, 7.38e-08
2018-08-05, 08:21:46, 0.0, 7.36e-08
2018-08-05, 08:21:49, 0.0, 7.35e-08
2018-08-05, 08:21:51, 0.0, 7.41e-08
2018-08-05, 08:21:53, 0.0, 7.41e-08
2018-08-05, 08:21:55, 0.0, 7.4e-08
2018-08-05, 08:21:57, 0.0, 7.36e-08
2018-08-05, 08:21:59, 0.0, 7.42e-08
2018-08-05, 08:22:01, 0.0, 7.31e-08
2018-08-05, 08:22:04, 0.0, 7.35e-08
2018-08-05, 08:22:06, 0.0, 7.37e-08
2018-08-05, 08:22:08, 0.0, 7.33e-08
2018-08-05, 08:22:10, 0.0, 7.37e-08
2018-08-05, 08:22:12, 0.0, 7.41e-08
2018-08-05, 08:22:14, 0.0, 7.41e-08
2018-08-05, 08:22:16, 0.0, 7.41e-08
2018-08-05, 08:22:18, 0.0, 7.37e-08
2018-08-05, 08:22:21, 0.0, 7.35e-08
2018-08-05, 08:22:23, 0.0, 7.39e-08
2018-08-05, 08:22:25, 0.0, 7.36e-08
2018-08-05, 08:22:27, 0.0, 7.35e-08
2018-08-05, 08:22:29, 0.0, 7.33e-08
2018-08-05, 08:22:31, 0.0, 7.33e-08
2018-08-05, 08:22:33, 0.0, 7.42e-08
2018-08-05, 08:22:35, 0.0, 7.4e-08
2018-08-05, 08:22:38, 0.0, 7.44e-08
2018-08-05, 08:22:40, 0.0, 7.38e-08
2018-08-05, 08:22:42, 0.0, 7.33e-08
2018-08-05, 08:22:44, 0.0, 7.4e-08
2018-08-05, 08:22:46, 0.0, 7.38e-08
2018-08-05, 08:22:48, 0.0, 7.31e-08
2018-08-05, 08:22:50, 0.0, 7.37e-08
2018-08-05, 08:22:52, 0.0, 7.26e-08
2018-08-05, 08:22:55, 0.0, 7.32e-08
2018-08-05, 08:22:57, 0.0, 7.38e-08
2018-08-05, 08:22:59, 0.0, 7.36e-08
2018-08-05, 08:23:01, 0.0, 7.31e-08
2018-08-05, 08:23:03, 0.0, 7.36e-08
2018-08-05, 08:23:05, 0.0, 7.31e-08
2018-08-05, 08:23:07, 0.0, 7.33e-08
2018-08-05, 08:23:09, 0.0, 7.3e-08
2018-08-05, 08:23:12, 0.0, 7.26e-08
2018-08-05, 08:23:14, 0.0, 7.29e-08
2018-08-05, 08:23:16, 0.0, 7.33e-08
2018-08-05, 08:23:18, 0.0, 7.28e-08
2018-08-05, 08:23:20, 0.0, 7.3e-08
2018-08-05, 08:23:22, 0.0, 7.3e-08
2018-08-05, 08:23:24, 0.0, 7.35e-08
2018-08-05, 08:23:27, 0.0, 7.4e-08
2018-08-05, 08:23:29, 0.0, 7.35e-08
2018-08-05, 08:23:31, 0.0, 7.38e-08
2018-08-05, 08:23:33, 0.0, 7.4e-08
2018-08-05, 08:23:35, 0.0, 7.27e-08
2018-08-05, 08:23:37, 0.0, 7.35e-08
2018-08-05, 08:23:39, 0.0, 7.45e-08
2018-08-05, 08:23:41, 0.0, 7.38e-08
2018-08-05, 08:23:44, 0.0, 7.4e-08
2018-08-05, 08:23:46, 0.0, 7.4e-08
2018-08-05, 08:23:48, 0.0, 7.35e-08
2018-08-05, 08:23:50, 0.0, 7.34e-08
2018-08-05, 08:23:52, 0.0, 7.28e-08
2018-08-05, 08:23:54, 0.0, 7.36e-08
2018-08-05, 08:23:56, 0.0, 7.4e-08
2018-08-05, 08:23:58, 0.0, 7.3e-08
2018-08-05, 08:24:01, 0.0, 7.37e-08
2018-08-05, 08:24:03, 0.0, 7.36e-08
2018-08-05, 08:24:05, 0.0, 7.37e-08
2018-08-05, 08:24:07, 0.0, 7.34e-08
2018-08-05, 08:24:09, 0.0, 7.3e-08
2018-08-05, 08:24:11, 0.0, 7.35e-08
2018-08-05, 08:24:13, 0.0, 7.35e-08
2018-08-05, 08:24:15, 0.0, 7.37e-08
2018-08-05, 08:24:18, 0.0, 7.3e-08
2018-08-05, 08:24:20, 0.0, 7.33e-08
2018-08-05, 08:24:22, 0.0, 7.38e-08
2018-08-05, 08:24:24, 0.0, 7.32e-08
2018-08-05, 08:24:26, 0.0, 7.39e-08
2018-08-05, 08:24:28, 0.0, 7.34e-08
2018-08-05, 08:24:30, 0.0, 7.27e-08
2018-08-05, 08:24:32, 0.0, 7.3e-08
2018-08-05, 08:24:35, 0.0, 7.42e-08
2018-08-05, 08:24:37, 0.0, 7.32e-08
2018-08-05, 08:24:39, 0.0, 7.31e-08
2018-08-05, 08:24:41, 0.0, 7.34e-08
2018-08-05, 08:24:43, 0.0, 7.24e-08
2018-08-05, 08:24:45, 0.0, 7.3e-08
2018-08-05, 08:24:47, 0.0, 7.41e-08
2018-08-05, 08:24:49, 0.0, 7.34e-08
2018-08-05, 08:24:52, 0.0, 7.31e-08
2018-08-05, 08:24:54, 0.0, 7.34e-08
2018-08-05, 08:24:56, 0.0, 7.41e-08
2018-08-05, 08:24:58, 0.0, 7.31e-08
2018-08-05, 08:25:00, 0.0, 7.36e-08
2018-08-05, 08:25:02, 0.0, 7.37e-08
2018-08-05, 08:25:04, 0.0, 7.34e-08
2018-08-05, 08:25:06, 0.0, 7.4e-08
2018-08-05, 08:25:09, 0.0, 7.27e-08
2018-08-05, 08:25:11, 0.0, 7.34e-08
2018-08-05, 08:25:13, 0.0, 7.34e-08
2018-08-05, 08:25:15, 0.0, 7.38e-08
2018-08-05, 08:25:17, 0.0, 7.4e-08
2018-08-05, 08:25:19, 0.0, 7.36e-08
2018-08-05, 08:25:21, 0.0, 7.39e-08
2018-08-05, 08:25:24, 0.0, 7.38e-08
2018-08-05, 08:25:26, 0.0, 7.41e-08
2018-08-05, 08:25:28, 0.0, 7.36e-08
2018-08-05, 08:25:30, 0.0, 7.33e-08
2018-08-05, 08:25:32, 0.0, 7.37e-08
2018-08-05, 08:25:34, 0.0, 7.4e-08
2018-08-05, 08:25:36, 0.0, 7.33e-08
2018-08-05, 08:25:38, 0.0, 7.31e-08
2018-08-05, 08:25:41, 0.0, 7.36e-08
2018-08-05, 08:25:43, 0.0, 7.28e-08
2018-08-05, 08:25:45, 0.0, 7.3e-08
2018-08-05, 08:25:47, 0.0, 7.39e-08
2018-08-05, 08:25:49, 0.0, 7.41e-08
2018-08-05, 08:25:51, 0.0, 7.31e-08
2018-08-05, 08:25:53, 0.0, 7.35e-08
2018-08-05, 08:25:55, 0.0, 7.32e-08
2018-08-05, 08:25:58, 0.0, 7.37e-08
2018-08-05, 08:26:00, 0.0, 7.37e-08
2018-08-05, 08:26:02, 0.0, 7.36e-08
2018-08-05, 08:26:04, 0.0, 7.32e-08
2018-08-05, 08:26:06, 0.0, 7.34e-08
2018-08-05, 08:26:08, 0.0, 7.36e-08
2018-08-05, 08:26:10, 0.0, 7.35e-08
2018-08-05, 08:26:12, 0.0, 7.39e-08
2018-08-05, 08:26:15, 0.0, 7.34e-08
2018-08-05, 08:26:17, 0.0, 7.39e-08
2018-08-05, 08:26:19, 0.0, 7.37e-08
2018-08-05, 08:26:21, 0.0, 7.36e-08
2018-08-05, 08:26:23, 0.0, 7.36e-08
2018-08-05, 08:26:25, 0.0, 7.36e-08
2018-08-05, 08:26:27, 0.0, 7.29e-08
2018-08-05, 08:26:29, 0.0, 7.35e-08
2018-08-05, 08:26:32, 0.0, 7.35e-08
2018-08-05, 08:26:34, 0.0, 7.41e-08
2018-08-05, 08:26:36, 0.0, 7.4e-08
2018-08-05, 08:26:38, 0.0, 7.45e-08
2018-08-05, 08:26:40, 0.0, 7.34e-08
2018-08-05, 08:26:42, 0.0, 7.42e-08
2018-08-05, 08:26:44, 0.0, 7.4e-08
2018-08-05, 08:26:46, 0.0, 7.43e-08
2018-08-05, 08:26:49, 0.0, 7.32e-08
2018-08-05, 08:26:51, 0.0, 7.32e-08
2018-08-05, 08:26:53, 0.0, 7.31e-08
2018-08-05, 08:26:55, 0.0, 7.36e-08
2018-08-05, 08:26:57, 0.0, 7.34e-08
2018-08-05, 08:26:59, 0.0, 7.37e-08
2018-08-05, 08:27:01, 0.0, 7.38e-08
2018-08-05, 08:27:04, 0.0, 7.43e-08
2018-08-05, 08:27:06, 0.0, 7.45e-08
2018-08-05, 08:27:08, 0.0, 7.4e-08
2018-08-05, 08:27:10, 0.0, 7.39e-08
2018-08-05, 08:27:12, 0.0, 7.38e-08
2018-08-05, 08:27:14, 0.0, 7.36e-08
2018-08-05, 08:27:16, 0.0, 7.39e-08
2018-08-05, 08:27:18, 0.0, 7.39e-08
2018-08-05, 08:27:21, 0.0, 7.39e-08
2018-08-05, 08:27:23, 0.0, 7.42e-08
2018-08-05, 08:27:25, 0.0, 7.25e-08
2018-08-05, 08:27:27, 0.0, 7.33e-08
2018-08-05, 08:27:29, 0.0, 7.28e-08
2018-08-05, 08:27:31, 0.0, 7.36e-08
2018-08-05, 08:27:33, 0.0, 7.39e-08
2018-08-05, 08:27:35, 0.0, 7.39e-08
2018-08-05, 08:27:38, 0.0, 7.37e-08
2018-08-05, 08:27:40, 0.0, 7.47e-08
2018-08-05, 08:27:42, 0.0, 7.32e-08
2018-08-05, 08:27:44, 0.0, 7.34e-08
2018-08-05, 08:27:46, 0.0, 7.4e-08
2018-08-05, 08:27:48, 0.0, 7.32e-08
2018-08-05, 08:27:50, 0.0, 7.32e-08
2018-08-05, 08:27:53, 0.0, 7.38e-08
2018-08-05, 08:27:55, 0.0, 7.31e-08
2018-08-05, 08:27:57, 0.0, 7.37e-08
2018-08-05, 08:27:59, 0.0, 7.35e-08
2018-08-05, 08:28:01, 0.0, 7.41e-08
2018-08-05, 08:28:03, 0.0, 7.36e-08
2018-08-05, 08:28:05, 0.0, 7.36e-08
2018-08-05, 08:28:07, 0.0, 7.39e-08
2018-08-05, 08:28:10, 0.0, 7.39e-08
2018-08-05, 08:28:12, 0.0, 7.32e-08
2018-08-05, 08:28:14, 0.0, 7.4e-08
2018-08-05, 08:28:16, 0.0, 7.39e-08
2018-08-05, 08:28:18, 0.0, 7.29e-08
2018-08-05, 08:28:20, 0.0, 7.26e-08
2018-08-05, 08:28:22, 0.0, 7.33e-08
2018-08-05, 08:28:24, 0.0, 7.3e-08
2018-08-05, 08:28:27, 0.0, 7.35e-08
2018-08-05, 08:28:29, 0.0, 7.31e-08
2018-08-05, 08:28:31, 0.0, 7.41e-08
2018-08-05, 08:28:33, 0.0, 7.4e-08
2018-08-05, 08:28:35, 0.0, 7.39e-08
2018-08-05, 08:28:37, 0.0, 7.32e-08
2018-08-05, 08:28:39, 0.0, 7.36e-08
2018-08-05, 08:28:41, 0.0, 7.41e-08
2018-08-05, 08:28:44, 0.0, 7.39e-08
2018-08-05, 08:28:46, 0.0, 7.35e-08
2018-08-05, 08:28:48, 0.0, 7.38e-08
2018-08-05, 08:28:50, 0.0, 7.37e-08
2018-08-05, 08:28:52, 0.0, 7.34e-08
2018-08-05, 08:28:54, 0.0, 7.37e-08
2018-08-05, 08:28:56, 0.0, 7.32e-08
2018-08-05, 08:28:58, 0.0, 7.48e-08
2018-08-05, 08:29:01, 0.0, 7.34e-08
2018-08-05, 08:29:03, 0.0, 7.38e-08
2018-08-05, 08:29:05, 0.0, 7.36e-08
2018-08-05, 08:29:07, 0.0, 7.36e-08
2018-08-05, 08:29:09, 0.0, 7.4e-08
2018-08-05, 08:29:11, 0.0, 7.32e-08
2018-08-05, 08:29:13, 0.0, 7.31e-08
2018-08-05, 08:29:15, 0.0, 7.38e-08
2018-08-05, 08:29:18, 0.0, 7.43e-08
2018-08-05, 08:29:20, 0.0, 7.35e-08
2018-08-05, 08:29:22, 0.0, 7.31e-08
2018-08-05, 08:29:24, 0.0, 7.39e-08
2018-08-05, 08:29:26, 0.0, 7.3e-08
2018-08-05, 08:29:28, 0.0, 7.33e-08
2018-08-05, 08:29:30, 0.0, 7.37e-08
2018-08-05, 08:29:32, 0.0, 7.44e-08
2018-08-05, 08:29:35, 0.0, 7.31e-08
2018-08-05, 08:29:37, 0.0, 7.35e-08
2018-08-05, 08:29:39, 0.0, 7.4e-08
2018-08-05, 08:29:41, 0.0, 7.37e-08
2018-08-05, 08:29:43, 0.0, 7.34e-08
2018-08-05, 08:29:45, 0.0, 7.44e-08
2018-08-05, 08:29:47, 0.0, 7.39e-08
2018-08-05, 08:29:49, 0.0, 7.36e-08
2018-08-05, 08:29:52, 0.0, 7.4e-08
2018-08-05, 08:29:54, 0.0, 7.36e-08
2018-08-05, 08:29:56, 0.0, 7.31e-08
2018-08-05, 08:29:58, 0.0, 7.36e-08
2018-08-05, 08:30:00, 0.0, 7.36e-08
2018-08-05, 08:30:02, 0.0, 7.34e-08
2018-08-05, 08:30:04, 0.0, 7.43e-08
2018-08-05, 08:30:07, 0.0, 7.37e-08
2018-08-05, 08:30:09, 0.0, 7.4e-08
2018-08-05, 08:30:11, 0.0, 7.39e-08
2018-08-05, 08:30:13, 0.0, 7.43e-08
2018-08-05, 08:30:15, 0.0, 7.35e-08
2018-08-05, 08:30:17, 0.0, 7.36e-08
2018-08-05, 08:30:19, 0.0, 7.39e-08
2018-08-05, 08:30:21, 0.0, 7.29e-08
2018-08-05, 08:30:24, 0.0, 7.32e-08
2018-08-05, 08:30:26, 0.0, 7.31e-08
2018-08-05, 08:30:28, 0.0, 7.31e-08
2018-08-05, 08:30:30, 0.0, 7.34e-08
2018-08-05, 08:30:32, 0.0, 7.24e-08
2018-08-05, 08:30:34, 0.0, 7.27e-08
2018-08-05, 08:30:36, 0.0, 7.44e-08
2018-08-05, 08:30:38, 0.0, 7.38e-08
2018-08-05, 08:30:41, 0.0, 7.33e-08
2018-08-05, 08:30:43, 0.0, 7.38e-08
2018-08-05, 08:30:45, 0.0, 7.32e-08
2018-08-05, 08:30:47, 0.0, 7.34e-08
2018-08-05, 08:30:49, 0.0, 7.33e-08
2018-08-05, 08:30:51, 0.0, 7.31e-08
2018-08-05, 08:30:53, 0.0, 7.34e-08
2018-08-05, 08:30:55, 0.0, 7.33e-08
2018-08-05, 08:30:58, 0.0, 7.37e-08
2018-08-05, 08:31:00, 0.0, 7.34e-08
2018-08-05, 08:31:02, 0.0, 7.34e-08
2018-08-05, 08:31:04, 0.0, 7.29e-08
2018-08-05, 08:31:06, 0.0, 7.3e-08
2018-08-05, 08:31:08, 0.0, 7.23e-08
2018-08-05, 08:31:10, 0.0, 7.32e-08
2018-08-05, 08:31:12, 0.0, 7.31e-08
2018-08-05, 08:31:15, 0.0, 7.37e-08
2018-08-05, 08:31:17, 0.0, 7.42e-08
2018-08-05, 08:31:19, 0.0, 7.36e-08
2018-08-05, 08:31:21, 0.0, 7.35e-08
2018-08-05, 08:31:23, 0.0, 7.36e-08
2018-08-05, 08:31:25, 0.0, 7.38e-08
2018-08-05, 08:31:27, 0.0, 7.37e-08
2018-08-05, 08:31:30, 0.0, 7.31e-08
2018-08-05, 08:31:32, 0.0, 7.38e-08
2018-08-05, 08:31:34, 0.0, 7.36e-08
2018-08-05, 08:31:36, 0.0, 7.37e-08
2018-08-05, 08:31:38, 0.0, 7.36e-08
2018-08-05, 08:31:40, 0.0, 7.38e-08
2018-08-05, 08:31:42, 0.0, 7.3e-08
2018-08-05, 08:31:44, 0.0, 7.37e-08
2018-08-05, 08:31:46, 0.0, 7.35e-08
2018-08-05, 08:31:49, 0.0, 7.35e-08
2018-08-05, 08:31:51, 0.0, 7.39e-08
2018-08-05, 08:31:53, 0.0, 7.35e-08
2018-08-05, 08:31:55, 0.0, 7.33e-08
2018-08-05, 08:31:57, 0.0, 7.4e-08
2018-08-05, 08:31:59, 0.0, 7.31e-08
2018-08-05, 08:32:01, 0.0, 7.34e-08
2018-08-05, 08:32:03, 0.0, 7.33e-08
2018-08-05, 08:32:06, 0.0, 7.39e-08
2018-08-05, 08:32:08, 0.0, 7.36e-08
2018-08-05, 08:32:10, 0.0, 7.29e-08
2018-08-05, 08:32:12, 0.0, 7.22e-08
2018-08-05, 08:32:14, 0.0, 7.31e-08
2018-08-05, 08:32:16, 0.0, 7.36e-08
2018-08-05, 08:32:18, 0.0, 7.31e-08
2018-08-05, 08:32:20, 0.0, 7.31e-08
2018-08-05, 08:32:23, 0.0, 7.36e-08
2018-08-05, 08:32:25, 0.0, 7.29e-08
2018-08-05, 08:32:27, 0.0, 7.32e-08
2018-08-05, 08:32:29, 0.0, 7.31e-08
2018-08-05, 08:32:31, 0.0, 7.35e-08
2018-08-05, 08:32:33, 0.0, 7.31e-08
2018-08-05, 08:32:35, 0.0, 7.32e-08
2018-08-05, 08:32:38, 0.0, 7.33e-08
2018-08-05, 08:32:40, 0.0, 7.35e-08
2018-08-05, 08:32:42, 0.0, 7.26e-08
2018-08-05, 08:32:44, 0.0, 7.34e-08
2018-08-05, 08:32:46, 0.0, 7.25e-08
2018-08-05, 08:32:48, 0.0, 7.34e-08
2018-08-05, 08:32:50, 0.0, 7.28e-08
2018-08-05, 08:32:52, 0.0, 7.36e-08
2018-08-05, 08:32:55, 0.0, 7.31e-08
2018-08-05, 08:32:57, 0.0, 7.33e-08
2018-08-05, 08:32:59, 0.0, 7.32e-08
2018-08-05, 08:33:01, 0.0, 7.38e-08
2018-08-05, 08:33:03, 0.0, 7.36e-08
2018-08-05, 08:33:05, 0.0, 7.3e-08
2018-08-05, 08:33:07, 0.0, 7.34e-08
2018-08-05, 08:33:10, 0.0, 7.3e-08
2018-08-05, 08:33:12, 0.0, 7.27e-08
2018-08-05, 08:33:14, 0.0, 7.31e-08
2018-08-05, 08:33:16, 0.0, 7.36e-08
2018-08-05, 08:33:18, 0.0, 7.39e-08
2018-08-05, 08:33:20, 0.0, 7.3e-08
2018-08-05, 08:33:22, 0.0, 7.37e-08
2018-08-05, 08:33:24, 0.0, 7.26e-08
2018-08-05, 08:33:27, 0.0, 7.36e-08
2018-08-05, 08:33:29, 0.0, 7.28e-08
2018-08-05, 08:33:31, 0.0, 7.32e-08
2018-08-05, 08:33:33, 0.0, 7.33e-08
2018-08-05, 08:33:35, 0.0, 7.36e-08
2018-08-05, 08:33:37, 0.0, 7.29e-08
2018-08-05, 08:33:39, 0.0, 7.37e-08
2018-08-05, 08:33:41, 0.0, 7.39e-08
2018-08-05, 08:33:44, 0.0, 7.35e-08
2018-08-05, 08:33:46, 0.0, 7.3e-08
2018-08-05, 08:33:48, 0.0, 7.34e-08
2018-08-05, 08:33:50, 0.0, 7.35e-08
2018-08-05, 08:33:52, 0.0, 7.34e-08
2018-08-05, 08:33:54, 0.0, 7.33e-08
2018-08-05, 08:33:56, 0.0, 7.22e-08
2018-08-05, 08:33:58, 0.0, 7.39e-08
2018-08-05, 08:34:01, 0.0, 7.35e-08
2018-08-05, 08:34:03, 0.0, 7.41e-08
2018-08-05, 08:34:05, 0.0, 7.33e-08
2018-08-05, 08:34:07, 0.0, 7.42e-08
2018-08-05, 08:34:09, 0.0, 7.25e-08
2018-08-05, 08:34:11, 0.0, 7.31e-08
2018-08-05, 08:34:13, 0.0, 7.37e-08
2018-08-05, 08:34:15, 0.0, 7.33e-08
2018-08-05, 08:34:18, 0.0, 7.38e-08
2018-08-05, 08:34:20, 0.0, 7.35e-08
2018-08-05, 08:34:22, 0.0, 7.36e-08
2018-08-05, 08:34:24, 0.0, 7.35e-08
2018-08-05, 08:34:26, 0.0, 7.3e-08
2018-08-05, 08:34:28, 0.0, 7.32e-08
2018-08-05, 08:34:30, 0.0, 7.35e-08
2018-08-05, 08:34:32, 0.0, 7.3e-08
2018-08-05, 08:34:35, 0.0, 7.38e-08
2018-08-05, 08:34:37, 0.0, 7.39e-08
2018-08-05, 08:34:39, 0.0, 7.38e-08
2018-08-05, 08:34:41, 0.0, 7.34e-08
2018-08-05, 08:34:43, 0.0, 7.33e-08
2018-08-05, 08:34:45, 0.0, 7.35e-08
2018-08-05, 08:34:47, 0.0, 7.34e-08
2018-08-05, 08:34:50, 0.0, 7.31e-08
2018-08-05, 08:34:52, 0.0, 7.34e-08
2018-08-05, 08:34:54, 0.0, 7.41e-08
2018-08-05, 08:34:56, 0.0, 7.31e-08
2018-08-05, 08:34:58, 0.0, 7.32e-08
2018-08-05, 08:35:00, 0.0, 7.44e-08
2018-08-05, 08:35:02, 0.0, 7.27e-08
2018-08-05, 08:35:04, 0.0, 7.38e-08
2018-08-05, 08:35:07, 0.0, 7.33e-08
2018-08-05, 08:35:09, 0.0, 7.27e-08
2018-08-05, 08:35:11, 0.0, 7.41e-08
2018-08-05, 08:35:13, 0.0, 7.34e-08
2018-08-05, 08:35:15, 0.0, 7.34e-08
2018-08-05, 08:35:17, 0.0, 7.27e-08
2018-08-05, 08:35:19, 0.0, 7.33e-08
2018-08-05, 08:35:21, 0.0, 7.27e-08
2018-08-05, 08:35:24, 0.0, 7.39e-08
2018-08-05, 08:35:26, 0.0, 7.38e-08
2018-08-05, 08:35:28, 0.0, 7.39e-08
2018-08-05, 08:35:30, 0.0, 7.34e-08
2018-08-05, 08:35:32, 0.0, 7.26e-08
2018-08-05, 08:35:34, 0.0, 7.37e-08
2018-08-05, 08:35:36, 0.0, 7.3e-08
2018-08-05, 08:35:38, 0.0, 7.32e-08
2018-08-05, 08:35:41, 0.0, 7.36e-08
2018-08-05, 08:35:43, 0.0, 7.33e-08
2018-08-05, 08:35:45, 0.0, 7.38e-08
2018-08-05, 08:35:47, 0.0, 7.35e-08
2018-08-05, 08:35:49, 0.0, 7.3e-08
2018-08-05, 08:35:51, 0.0, 7.38e-08
2018-08-05, 08:35:53, 0.0, 7.32e-08
2018-08-05, 08:35:55, 0.0, 7.37e-08
2018-08-05, 08:35:58, 0.0, 7.31e-08
2018-08-05, 08:36:00, 0.0, 7.34e-08
2018-08-05, 08:36:02, 0.0, 7.39e-08
2018-08-05, 08:36:04, 0.0, 7.36e-08
2018-08-05, 08:36:06, 0.0, 7.3e-08
2018-08-05, 08:36:08, 0.0, 7.4e-08
2018-08-05, 08:36:10, 0.0, 7.4e-08
2018-08-05, 08:36:12, 0.0, 7.24e-08
2018-08-05, 08:36:15, 0.0, 7.31e-08
2018-08-05, 08:36:17, 0.0, 7.41e-08
2018-08-05, 08:36:19, 0.0, 7.39e-08
2018-08-05, 08:36:21, 0.0, 7.43e-08
2018-08-05, 08:36:23, 0.0, 7.43e-08
2018-08-05, 08:36:25, 0.0, 7.38e-08
2018-08-05, 08:36:27, 0.0, 7.4e-08
2018-08-05, 08:36:29, 0.0, 7.37e-08
2018-08-05, 08:36:32, 0.0, 7.33e-08
2018-08-05, 08:36:34, 0.0, 7.4e-08
2018-08-05, 08:36:36, 0.0, 7.42e-08
2018-08-05, 08:36:38, 0.0, 7.37e-08
2018-08-05, 08:36:40, 0.0, 7.36e-08
2018-08-05, 08:36:42, 0.0, 7.32e-08
2018-08-05, 08:36:44, 0.0, 7.4e-08
2018-08-05, 08:36:46, 0.0, 7.32e-08
2018-08-05, 08:36:49, 0.0, 7.34e-08
2018-08-05, 08:36:51, 0.0, 7.33e-08
2018-08-05, 08:36:53, 0.0, 7.28e-08
2018-08-05, 08:36:55, 0.0, 7.29e-08
2018-08-05, 08:36:57, 0.0, 7.39e-08
2018-08-05, 08:36:59, 0.0, 7.42e-08
2018-08-05, 08:37:01, 0.0, 7.37e-08
2018-08-05, 08:37:03, 0.0, 7.43e-08
2018-08-05, 08:37:06, 0.0, 7.37e-08
2018-08-05, 08:37:08, 0.0, 7.27e-08
2018-08-05, 08:37:10, 0.0, 7.38e-08
2018-08-05, 08:37:12, 0.0, 7.35e-08
2018-08-05, 08:37:14, 0.0, 7.38e-08
2018-08-05, 08:37:16, 0.0, 7.34e-08
2018-08-05, 08:37:18, 0.0, 7.31e-08
2018-08-05, 08:37:21, 0.0, 7.36e-08
2018-08-05, 08:37:23, 0.0, 7.37e-08
2018-08-05, 08:37:25, 0.0, 7.35e-08
2018-08-05, 08:37:27, 0.0, 7.26e-08
2018-08-05, 08:37:29, 0.0, 7.28e-08
2018-08-05, 08:37:31, 0.0, 7.36e-08
2018-08-05, 08:37:33, 0.0, 7.29e-08
2018-08-05, 08:37:35, 0.0, 7.33e-08
2018-08-05, 08:37:37, 0.0, 7.34e-08
2018-08-05, 08:37:40, 0.0, 7.34e-08
2018-08-05, 08:37:42, 0.0, 7.37e-08
2018-08-05, 08:37:44, 0.0, 7.3e-08
2018-08-05, 08:37:46, 0.0, 7.29e-08
2018-08-05, 08:37:48, 0.0, 7.32e-08
2018-08-05, 08:37:50, 0.0, 7.34e-08
2018-08-05, 08:37:52, 0.0, 7.34e-08
2018-08-05, 08:37:55, 0.0, 7.35e-08
2018-08-05, 08:37:57, 0.0, 7.37e-08
2018-08-05, 08:37:59, 0.0, 7.32e-08
2018-08-05, 08:38:01, 0.0, 7.42e-08
2018-08-05, 08:38:03, 0.0, 7.37e-08
2018-08-05, 08:38:05, 0.0, 7.33e-08
2018-08-05, 08:38:07, 0.0, 7.3e-08
2018-08-05, 08:38:09, 0.0, 7.27e-08
2018-08-05, 08:38:12, 0.0, 7.37e-08
2018-08-05, 08:38:14, 0.0, 7.39e-08
2018-08-05, 08:38:16, 0.0, 7.37e-08
2018-08-05, 08:38:18, 0.0, 7.35e-08
2018-08-05, 08:38:20, 0.0, 7.28e-08
2018-08-05, 08:38:22, 0.0, 7.34e-08
2018-08-05, 08:38:24, 0.0, 7.34e-08
2018-08-05, 08:38:26, 0.0, 7.28e-08
2018-08-05, 08:38:29, 0.0, 7.35e-08
2018-08-05, 08:38:31, 0.0, 7.32e-08
2018-08-05, 08:38:33, 0.0, 7.33e-08
2018-08-05, 08:38:35, 0.0, 7.34e-08
2018-08-05, 08:38:37, 0.0, 7.31e-08
2018-08-05, 08:38:39, 0.0, 7.35e-08
2018-08-05, 08:38:41, 0.0, 7.29e-08
2018-08-05, 08:38:44, 0.0, 7.35e-08
2018-08-05, 08:38:46, 0.0, 7.31e-08
2018-08-05, 08:38:48, 0.0, 7.3e-08
2018-08-05, 08:38:50, 0.0, 7.3e-08
2018-08-05, 08:38:52, 0.0, 7.33e-08
2018-08-05, 08:38:54, 0.0, 7.37e-08
2018-08-05, 08:38:56, 0.0, 7.36e-08
2018-08-05, 08:38:58, 0.0, 7.28e-08
2018-08-05, 08:39:01, 0.0, 7.31e-08
2018-08-05, 08:39:03, 0.0, 7.37e-08
2018-08-05, 08:39:05, 0.0, 7.32e-08
2018-08-05, 08:39:07, 0.0, 7.29e-08
2018-08-05, 08:39:09, 0.0, 7.36e-08
2018-08-05, 08:39:11, 0.0, 7.42e-08
2018-08-05, 08:39:13, 0.0, 7.37e-08
2018-08-05, 08:39:15, 0.0, 7.34e-08
2018-08-05, 08:39:18, 0.0, 7.35e-08
2018-08-05, 08:39:20, 0.0, 7.33e-08
2018-08-05, 08:39:22, 0.0, 7.26e-08
2018-08-05, 08:39:24, 0.0, 7.36e-08
2018-08-05, 08:39:26, 0.0, 7.29e-08
2018-08-05, 08:39:28, 0.0, 7.35e-08
2018-08-05, 08:39:30, 0.0, 7.37e-08
2018-08-05, 08:39:32, 0.0, 7.32e-08
2018-08-05, 08:39:35, 0.0, 7.39e-08
2018-08-05, 08:39:37, 0.0, 7.3e-08
2018-08-05, 08:39:39, 0.0, 7.32e-08
2018-08-05, 08:39:41, 0.0, 7.28e-08
2018-08-05, 08:39:43, 0.0, 7.3e-08
2018-08-05, 08:39:45, 0.0, 7.34e-08
2018-08-05, 08:39:47, 0.0, 7.33e-08
2018-08-05, 08:39:49, 0.0, 7.36e-08
2018-08-05, 08:39:52, 0.0, 7.35e-08
2018-08-05, 08:39:54, 0.0, 7.38e-08
2018-08-05, 08:39:56, 0.0, 7.32e-08
2018-08-05, 08:39:58, 0.0, 7.28e-08
2018-08-05, 08:40:00, 0.0, 7.3e-08
2018-08-05, 08:40:02, 0.0, 7.34e-08
2018-08-05, 08:40:04, 0.0, 7.34e-08
2018-08-05, 08:40:06, 0.0, 7.36e-08
2018-08-05, 08:40:09, 0.0, 7.27e-08
2018-08-05, 08:40:11, 0.0, 7.27e-08
2018-08-05, 08:40:13, 0.0, 7.31e-08
2018-08-05, 08:40:15, 0.0, 7.34e-08
2018-08-05, 08:40:17, 0.0, 7.35e-08
2018-08-05, 08:40:19, 0.0, 7.3e-08
2018-08-05, 08:40:21, 0.0, 7.33e-08
2018-08-05, 08:40:23, 0.0, 7.34e-08
2018-08-05, 08:40:26, 0.0, 7.4e-08
2018-08-05, 08:40:28, 0.0, 7.39e-08
2018-08-05, 08:40:30, 0.0, 7.37e-08
2018-08-05, 08:40:32, 0.0, 7.35e-08
2018-08-05, 08:40:34, 0.0, 7.37e-08
2018-08-05, 08:40:36, 0.0, 7.33e-08
2018-08-05, 08:40:38, 0.0, 7.35e-08
2018-08-05, 08:40:40, 0.0, 7.34e-08
2018-08-05, 08:40:43, 0.0, 7.27e-08
2018-08-05, 08:40:45, 0.0, 7.33e-08
2018-08-05, 08:40:47, 0.0, 7.33e-08
2018-08-05, 08:40:49, 0.0, 7.34e-08
2018-08-05, 08:40:51, 0.0, 7.35e-08
2018-08-05, 08:40:53, 0.0, 7.36e-08
2018-08-05, 08:40:55, 0.0, 7.33e-08
2018-08-05, 08:40:57, 0.0, 7.29e-08
2018-08-05, 08:41:00, 0.0, 7.35e-08
2018-08-05, 08:41:02, 0.0, 7.33e-08
2018-08-05, 08:41:04, 0.0, 7.3e-08
2018-08-05, 08:41:06, 0.0, 7.32e-08
2018-08-05, 08:41:08, 0.0, 7.33e-08
2018-08-05, 08:41:10, 0.0, 7.27e-08
2018-08-05, 08:41:12, 0.0, 7.3e-08
2018-08-05, 08:41:14, 0.0, 7.37e-08
2018-08-05, 08:41:17, 0.0, 7.3e-08
2018-08-05, 08:41:19, 0.0, 7.41e-08
2018-08-05, 08:41:21, 0.0, 7.36e-08
2018-08-05, 08:41:23, 0.0, 7.37e-08
2018-08-05, 08:41:25, 0.0, 7.34e-08
2018-08-05, 08:41:27, 0.0, 7.32e-08
2018-08-05, 08:41:29, 0.0, 7.36e-08
2018-08-05, 08:41:32, 0.0, 7.32e-08
2018-08-05, 08:41:34, 0.0, 7.3e-08
2018-08-05, 08:41:36, 0.0, 7.32e-08
2018-08-05, 08:41:38, 0.0, 7.32e-08
2018-08-05, 08:41:40, 0.0, 7.37e-08
2018-08-05, 08:41:42, 0.0, 7.35e-08
2018-08-05, 08:41:44, 0.0, 7.33e-08
2018-08-05, 08:41:46, 0.0, 7.37e-08
2018-08-05, 08:41:48, 0.0, 7.26e-08
2018-08-05, 08:41:51, 0.0, 7.36e-08
2018-08-05, 08:41:53, 0.0, 7.27e-08
2018-08-05, 08:41:55, 0.0, 7.3e-08
2018-08-05, 08:41:57, 0.0, 7.26e-08
2018-08-05, 08:41:59, 0.0, 7.31e-08
2018-08-05, 08:42:01, 0.0, 7.36e-08
2018-08-05, 08:42:03, 0.0, 7.29e-08
2018-08-05, 08:42:06, 0.0, 7.3e-08
2018-08-05, 08:42:08, 0.0, 7.29e-08
2018-08-05, 08:42:10, 0.0, 7.23e-08
2018-08-05, 08:42:12, 0.0, 7.3e-08
2018-08-05, 08:42:14, 0.0, 7.38e-08
2018-08-05, 08:42:16, 0.0, 7.31e-08
2018-08-05, 08:42:18, 0.0, 7.3e-08
2018-08-05, 08:42:20, 0.0, 7.35e-08
2018-08-05, 08:42:23, 0.0, 7.34e-08
2018-08-05, 08:42:25, 0.0, 7.29e-08
2018-08-05, 08:42:27, 0.0, 7.36e-08
2018-08-05, 08:42:29, 0.0, 7.26e-08
2018-08-05, 08:42:31, 0.0, 7.29e-08
2018-08-05, 08:42:33, 0.0, 7.33e-08
2018-08-05, 08:42:35, 0.0, 7.31e-08
2018-08-05, 08:42:37, 0.0, 7.29e-08
2018-08-05, 08:42:40, 0.0, 7.3e-08
2018-08-05, 08:42:42, 0.0, 7.3e-08
2018-08-05, 08:42:44, 0.0, 7.29e-08
2018-08-05, 08:42:46, 0.0, 7.3e-08
2018-08-05, 08:42:48, 0.0, 7.37e-08
2018-08-05, 08:42:50, 0.0, 7.38e-08
2018-08-05, 08:42:52, 0.0, 7.4e-08
2018-08-05, 08:42:55, 0.0, 7.38e-08
2018-08-05, 08:42:57, 0.0, 7.3e-08
2018-08-05, 08:42:59, 0.0, 7.34e-08
2018-08-05, 08:43:01, 0.0, 7.36e-08
2018-08-05, 08:43:03, 0.0, 7.33e-08
2018-08-05, 08:43:05, 0.0, 7.3e-08
2018-08-05, 08:43:07, 0.0, 7.26e-08
2018-08-05, 08:43:09, 0.0, 7.39e-08
2018-08-05, 08:43:12, 0.0, 7.25e-08
2018-08-05, 08:43:14, 0.0, 7.26e-08
2018-08-05, 08:43:16, 0.0, 7.35e-08
2018-08-05, 08:43:18, 0.0, 7.34e-08
2018-08-05, 08:43:20, 0.0, 7.4e-08
2018-08-05, 08:43:22, 0.0, 7.3e-08
2018-08-05, 08:43:24, 0.0, 7.33e-08
2018-08-05, 08:43:26, 0.0, 7.4e-08
2018-08-05, 08:43:29, 0.0, 7.32e-08
2018-08-05, 08:43:31, 0.0, 7.32e-08
2018-08-05, 08:43:33, 0.0, 7.3e-08
2018-08-05, 08:43:35, 0.0, 7.32e-08
2018-08-05, 08:43:37, 0.0, 7.37e-08
2018-08-05, 08:43:39, 0.0, 7.32e-08
2018-08-05, 08:43:41, 0.0, 7.31e-08
2018-08-05, 08:43:43, 0.0, 7.31e-08
2018-08-05, 08:43:46, 0.0, 7.36e-08
2018-08-05, 08:43:48, 0.0, 7.3e-08
2018-08-05, 08:43:50, 0.0, 7.31e-08
2018-08-05, 08:43:52, 0.0, 7.31e-08
2018-08-05, 08:43:54, 0.0, 7.29e-08
2018-08-05, 08:43:56, 0.0, 7.38e-08
2018-08-05, 08:43:58, 0.0, 7.3e-08
2018-08-05, 08:44:00, 0.0, 7.22e-08
2018-08-05, 08:44:03, 0.0, 7.37e-08
2018-08-05, 08:44:05, 0.0, 7.33e-08
2018-08-05, 08:44:07, 0.0, 7.33e-08
2018-08-05, 08:44:09, 0.0, 7.36e-08
2018-08-05, 08:44:11, 0.0, 7.37e-08
2018-08-05, 08:44:13, 0.0, 7.35e-08
2018-08-05, 08:44:15, 0.0, 7.27e-08
2018-08-05, 08:44:17, 0.0, 7.3e-08
2018-08-05, 08:44:20, 0.0, 7.31e-08
2018-08-05, 08:44:22, 0.0, 7.27e-08
2018-08-05, 08:44:24, 0.0, 7.24e-08
2018-08-05, 08:44:26, 0.0, 7.29e-08
2018-08-05, 08:44:28, 0.0, 7.29e-08
2018-08-05, 08:44:30, 0.0, 7.28e-08
2018-08-05, 08:44:32, 0.0, 7.32e-08
2018-08-05, 08:44:34, 0.0, 7.25e-08
2018-08-05, 08:44:37, 0.0, 7.25e-08
2018-08-05, 08:44:39, 0.0, 7.32e-08
2018-08-05, 08:44:41, 0.0, 7.28e-08
2018-08-05, 08:44:43, 0.0, 7.35e-08
2018-08-05, 08:44:45, 0.0, 7.36e-08
2018-08-05, 08:44:47, 0.0, 7.37e-08
2018-08-05, 08:44:49, 0.0, 7.33e-08
2018-08-05, 08:44:51, 0.0, 7.3e-08
2018-08-05, 08:44:54, 0.0, 7.25e-08
2018-08-05, 08:44:56, 0.0, 7.33e-08
2018-08-05, 08:44:58, 0.0, 7.25e-08
2018-08-05, 08:45:00, 0.0, 7.29e-08
2018-08-05, 08:45:02, 0.0, 7.31e-08
2018-08-05, 08:45:04, 0.0, 7.31e-08
2018-08-05, 08:45:06, 0.0, 7.3e-08
2018-08-05, 08:45:08, 0.0, 7.31e-08
2018-08-05, 08:45:11, 0.0, 7.28e-08
2018-08-05, 08:45:13, 0.0, 7.39e-08
2018-08-05, 08:45:15, 0.0, 7.27e-08
2018-08-05, 08:45:17, 0.0, 7.3e-08
2018-08-05, 08:45:19, 0.0, 7.34e-08
2018-08-05, 08:45:21, 0.0, 7.35e-08
2018-08-05, 08:45:23, 0.0, 7.31e-08
2018-08-05, 08:45:26, 0.0, 7.36e-08
2018-08-05, 08:45:28, 0.0, 7.35e-08
2018-08-05, 08:45:30, 0.0, 7.24e-08
2018-08-05, 08:45:32, 0.0, 7.22e-08
2018-08-05, 08:45:34, 0.0, 7.35e-08
2018-08-05, 08:45:36, 0.0, 7.32e-08
2018-08-05, 08:45:38, 0.0, 7.29e-08
2018-08-05, 08:45:40, 0.0, 7.32e-08
2018-08-05, 08:45:43, 0.0, 7.3e-08
2018-08-05, 08:45:45, 0.0, 7.31e-08
2018-08-05, 08:45:47, 0.0, 7.34e-08
2018-08-05, 08:45:49, 0.0, 7.35e-08
2018-08-05, 08:45:51, 0.0, 7.34e-08
2018-08-05, 08:45:53, 0.0, 7.32e-08
2018-08-05, 08:45:55, 0.0, 7.34e-08
2018-08-05, 08:45:57, 0.0, 7.44e-08
2018-08-05, 08:46:00, 0.0, 7.33e-08
2018-08-05, 08:46:02, 0.0, 7.35e-08
2018-08-05, 08:46:04, 0.0, 7.36e-08
2018-08-05, 08:46:06, 0.0, 7.34e-08
2018-08-05, 08:46:08, 0.0, 7.37e-08
2018-08-05, 08:46:10, 0.0, 7.3e-08
2018-08-05, 08:46:12, 0.0, 7.32e-08
2018-08-05, 08:46:14, 0.0, 7.27e-08
2018-08-05, 08:46:17, 0.0, 7.31e-08
2018-08-05, 08:46:19, 0.0, 7.33e-08
2018-08-05, 08:46:21, 0.0, 7.27e-08
2018-08-05, 08:46:23, 0.0, 7.32e-08
2018-08-05, 08:46:25, 0.0, 7.3e-08
2018-08-05, 08:46:27, 0.0, 7.38e-08
2018-08-05, 08:46:29, 0.0, 7.25e-08
2018-08-05, 08:46:31, 0.0, 7.32e-08
2018-08-05, 08:46:34, 0.0, 7.33e-08
2018-08-05, 08:46:36, 0.0, 7.29e-08
2018-08-05, 08:46:38, 0.0, 7.36e-08
2018-08-05, 08:46:40, 0.0, 7.33e-08
2018-08-05, 08:46:42, 0.0, 7.31e-08
2018-08-05, 08:46:44, 0.0, 7.3e-08
2018-08-05, 08:46:46, 0.0, 7.33e-08
2018-08-05, 08:46:48, 0.0, 7.35e-08
2018-08-05, 08:46:51, 0.0, 7.36e-08
2018-08-05, 08:46:53, 0.0, 7.34e-08
2018-08-05, 08:46:55, 0.0, 7.29e-08
2018-08-05, 08:46:57, 0.0, 7.38e-08
2018-08-05, 08:46:59, 0.0, 7.4e-08
2018-08-05, 08:47:01, 0.0, 7.35e-08
2018-08-05, 08:47:03, 0.0, 7.32e-08
2018-08-05, 08:47:06, 0.0, 7.35e-08
2018-08-05, 08:47:08, 0.0, 7.28e-08
2018-08-05, 08:47:10, 0.0, 7.34e-08
2018-08-05, 08:47:12, 0.0, 7.26e-08
2018-08-05, 08:47:14, 0.0, 7.32e-08
2018-08-05, 08:47:16, 0.0, 7.25e-08
2018-08-05, 08:47:18, 0.0, 7.29e-08
2018-08-05, 08:47:20, 0.0, 7.34e-08
2018-08-05, 08:47:23, 0.0, 7.32e-08
2018-08-05, 08:47:25, 0.0, 7.31e-08
2018-08-05, 08:47:27, 0.0, 7.27e-08
2018-08-05, 08:47:29, 0.0, 7.28e-08
2018-08-05, 08:47:31, 0.0, 7.29e-08
2018-08-05, 08:47:33, 0.0, 7.35e-08
2018-08-05, 08:47:35, 0.0, 7.33e-08
2018-08-05, 08:47:37, 0.0, 7.33e-08
2018-08-05, 08:47:40, 0.0, 7.3e-08
2018-08-05, 08:47:42, 0.0, 7.34e-08
2018-08-05, 08:47:44, 0.0, 7.37e-08
2018-08-05, 08:47:46, 0.0, 7.3e-08
2018-08-05, 08:47:48, 0.0, 7.3e-08
2018-08-05, 08:47:50, 0.0, 7.27e-08
2018-08-05, 08:47:52, 0.0, 7.25e-08
2018-08-05, 08:47:54, 0.0, 7.28e-08
2018-08-05, 08:47:57, 0.0, 7.31e-08
2018-08-05, 08:47:59, 0.0, 7.28e-08
2018-08-05, 08:48:01, 0.0, 7.29e-08
2018-08-05, 08:48:03, 0.0, 7.36e-08
2018-08-05, 08:48:05, 0.0, 7.39e-08
2018-08-05, 08:48:07, 0.0, 7.26e-08
2018-08-05, 08:48:09, 0.0, 7.35e-08
2018-08-05, 08:48:11, 0.0, 7.35e-08
2018-08-05, 08:48:14, 0.0, 7.26e-08
2018-08-05, 08:48:16, 0.0, 7.36e-08
2018-08-05, 08:48:18, 0.0, 7.39e-08
2018-08-05, 08:48:20, 0.0, 7.34e-08
2018-08-05, 08:48:22, 0.0, 7.3e-08
2018-08-05, 08:48:24, 0.0, 7.31e-08
2018-08-05, 08:48:26, 0.0, 7.35e-08
2018-08-05, 08:48:29, 0.0, 7.35e-08
2018-08-05, 08:48:31, 0.0, 7.31e-08
2018-08-05, 08:48:33, 0.0, 7.29e-08
2018-08-05, 08:48:35, 0.0, 7.28e-08
2018-08-05, 08:48:37, 0.0, 7.26e-08
2018-08-05, 08:48:39, 0.0, 7.28e-08
2018-08-05, 08:48:41, 0.0, 7.31e-08
2018-08-05, 08:48:43, 0.0, 7.26e-08
2018-08-05, 08:48:46, 0.0, 7.29e-08
2018-08-05, 08:48:48, 0.0, 7.33e-08
2018-08-05, 08:48:50, 0.0, 7.37e-08
2018-08-05, 08:48:52, 0.0, 7.25e-08
2018-08-05, 08:48:54, 0.0, 7.3e-08
2018-08-05, 08:48:56, 0.0, 7.22e-08
2018-08-05, 08:48:58, 0.0, 7.29e-08
2018-08-05, 08:49:00, 0.0, 7.29e-08
2018-08-05, 08:49:03, 0.0, 7.32e-08
2018-08-05, 08:49:05, 0.0, 7.32e-08
2018-08-05, 08:49:07, 0.0, 7.32e-08
2018-08-05, 08:49:09, 0.0, 7.29e-08
2018-08-05, 08:49:11, 0.0, 7.36e-08
2018-08-05, 08:49:13, 0.0, 7.39e-08
2018-08-05, 08:49:15, 0.0, 7.33e-08
2018-08-05, 08:49:17, 0.0, 7.31e-08
2018-08-05, 08:49:20, 0.0, 7.3e-08
2018-08-05, 08:49:22, 0.0, 7.34e-08
2018-08-05, 08:49:24, 0.0, 7.36e-08
2018-08-05, 08:49:26, 0.0, 7.36e-08
2018-08-05, 08:49:28, 0.0, 7.32e-08
2018-08-05, 08:49:30, 0.0, 7.31e-08
2018-08-05, 08:49:32, 0.0, 7.34e-08
2018-08-05, 08:49:35, 0.0, 7.24e-08
2018-08-05, 08:49:37, 0.0, 7.24e-08
2018-08-05, 08:49:39, 0.0, 7.29e-08
2018-08-05, 08:49:41, 0.0, 7.28e-08
2018-08-05, 08:49:43, 0.0, 7.36e-08
2018-08-05, 08:49:45, 0.0, 7.33e-08
2018-08-05, 08:49:47, 0.0, 7.3e-08
2018-08-05, 08:49:49, 0.0, 7.3e-08
2018-08-05, 08:49:52, 0.0, 7.28e-08
2018-08-05, 08:49:54, 0.0, 7.3e-08
2018-08-05, 08:49:56, 0.0, 7.33e-08
2018-08-05, 08:49:58, 0.0, 7.23e-08
2018-08-05, 08:50:00, 0.0, 7.26e-08
2018-08-05, 08:50:02, 0.0, 7.3e-08
2018-08-05, 08:50:04, 0.0, 7.24e-08
2018-08-05, 08:50:06, 0.0, 7.22e-08
2018-08-05, 08:50:09, 0.0, 7.29e-08
2018-08-05, 08:50:11, 0.0, 7.34e-08
2018-08-05, 08:50:13, 0.0, 7.23e-08
2018-08-05, 08:50:15, 0.0, 7.28e-08
2018-08-05, 08:50:17, 0.0, 7.25e-08
2018-08-05, 08:50:19, 0.0, 7.27e-08
2018-08-05, 08:50:21, 0.0, 7.27e-08
2018-08-05, 08:50:23, 0.0, 7.31e-08
2018-08-05, 08:50:26, 0.0, 7.27e-08
2018-08-05, 08:50:28, 0.0, 7.31e-08
2018-08-05, 08:50:30, 0.0, 7.26e-08
2018-08-05, 08:50:32, 0.0, 7.25e-08
2018-08-05, 08:50:34, 0.0, 7.29e-08
2018-08-05, 08:50:36, 0.0, 7.22e-08
2018-08-05, 08:50:38, 0.0, 7.36e-08
2018-08-05, 08:50:40, 0.0, 7.31e-08
2018-08-05, 08:50:43, 0.0, 7.32e-08
2018-08-05, 08:50:45, 0.0, 7.25e-08
2018-08-05, 08:50:47, 0.0, 7.23e-08
2018-08-05, 08:50:49, 0.0, 7.28e-08
2018-08-05, 08:50:51, 0.0, 7.21e-08
2018-08-05, 08:50:53, 0.0, 7.23e-08
2018-08-05, 08:50:55, 0.0, 7.24e-08
2018-08-05, 08:50:58, 0.0, 7.26e-08
2018-08-05, 08:51:00, 0.0, 7.32e-08
2018-08-05, 08:51:02, 0.0, 7.28e-08
2018-08-05, 08:51:04, 0.0, 7.28e-08
2018-08-05, 08:51:06, 0.0, 7.32e-08
2018-08-05, 08:51:08, 0.0, 7.24e-08
2018-08-05, 08:51:10, 0.0, 7.32e-08
2018-08-05, 08:51:12, 0.0, 7.24e-08
2018-08-05, 08:51:15, 0.0, 7.25e-08
2018-08-05, 08:51:17, 0.0, 7.31e-08
2018-08-05, 08:51:19, 0.0, 7.32e-08
2018-08-05, 08:51:21, 0.0, 7.29e-08
2018-08-05, 08:51:23, 0.0, 7.21e-08
2018-08-05, 08:51:25, 0.0, 7.33e-08
2018-08-05, 08:51:27, 0.0, 7.31e-08
2018-08-05, 08:51:29, 0.0, 7.31e-08
2018-08-05, 08:51:32, 0.0, 7.34e-08
2018-08-05, 08:51:34, 0.0, 7.38e-08
2018-08-05, 08:51:36, 0.0, 7.33e-08
2018-08-05, 08:51:38, 0.0, 7.31e-08
2018-08-05, 08:51:40, 0.0, 7.34e-08
2018-08-05, 08:51:42, 0.0, 7.28e-08
2018-08-05, 08:51:44, 0.0, 7.28e-08
2018-08-05, 08:51:46, 0.0, 7.3e-08
2018-08-05, 08:51:49, 0.0, 7.31e-08
2018-08-05, 08:51:51, 0.0, 7.32e-08
2018-08-05, 08:51:53, 0.0, 7.26e-08
2018-08-05, 08:51:55, 0.0, 7.3e-08
2018-08-05, 08:51:57, 0.0, 7.34e-08
2018-08-05, 08:51:59, 0.0, 7.24e-08
2018-08-05, 08:52:01, 0.0, 7.22e-08
2018-08-05, 08:52:03, 0.0, 7.28e-08
2018-08-05, 08:52:06, 0.0, 7.31e-08
2018-08-05, 08:52:08, 0.0, 7.29e-08
2018-08-05, 08:52:10, 0.0, 7.25e-08
2018-08-05, 08:52:12, 0.0, 7.24e-08
2018-08-05, 08:52:14, 0.0, 7.34e-08
2018-08-05, 08:52:16, 0.0, 7.23e-08
2018-08-05, 08:52:18, 0.0, 7.3e-08
2018-08-05, 08:52:21, 0.0, 7.36e-08
2018-08-05, 08:52:23, 0.0, 7.29e-08
2018-08-05, 08:52:25, 0.0, 7.28e-08
2018-08-05, 08:52:27, 0.0, 7.2e-08
2018-08-05, 08:52:29, 0.0, 7.23e-08
2018-08-05, 08:52:31, 0.0, 7.31e-08
2018-08-05, 08:52:33, 0.0, 7.36e-08
2018-08-05, 08:52:35, 0.0, 7.33e-08
2018-08-05, 08:52:38, 0.0, 7.32e-08
2018-08-05, 08:52:40, 0.0, 7.25e-08
2018-08-05, 08:52:42, 0.0, 7.35e-08
2018-08-05, 08:52:44, 0.0, 7.26e-08
2018-08-05, 08:52:46, 0.0, 7.29e-08
2018-08-05, 08:52:48, 0.0, 7.26e-08
2018-08-05, 08:52:50, 0.0, 7.25e-08
2018-08-05, 08:52:52, 0.0, 7.32e-08
2018-08-05, 08:52:55, 0.0, 7.35e-08
2018-08-05, 08:52:57, 0.0, 7.26e-08
2018-08-05, 08:52:59, 0.0, 7.26e-08
2018-08-05, 08:53:01, 0.0, 7.34e-08
2018-08-05, 08:53:03, 0.0, 7.35e-08
2018-08-05, 08:53:05, 0.0, 7.26e-08
2018-08-05, 08:53:07, 0.0, 7.22e-08
2018-08-05, 08:53:10, 0.0, 7.35e-08
2018-08-05, 08:53:12, 0.0, 7.28e-08
2018-08-05, 08:53:14, 0.0, 7.26e-08
2018-08-05, 08:53:16, 0.0, 7.17e-08
2018-08-05, 08:53:18, 0.0, 7.25e-08
2018-08-05, 08:53:20, 0.0, 7.22e-08
2018-08-05, 08:53:22, 0.0, 7.29e-08
2018-08-05, 08:53:24, 0.0, 7.24e-08
2018-08-05, 08:53:26, 0.0, 7.23e-08
2018-08-05, 08:53:29, 0.0, 7.33e-08
2018-08-05, 08:53:31, 0.0, 7.28e-08
2018-08-05, 08:53:33, 0.0, 7.32e-08
2018-08-05, 08:53:35, 0.0, 7.28e-08
2018-08-05, 08:53:37, 0.0, 7.24e-08
2018-08-05, 08:53:39, 0.0, 7.26e-08
2018-08-05, 08:53:41, 0.0, 7.25e-08
2018-08-05, 08:53:44, 0.0, 7.23e-08
2018-08-05, 08:53:46, 0.0, 7.31e-08
2018-08-05, 08:53:48, 0.0, 7.27e-08
2018-08-05, 08:53:50, 0.0, 7.31e-08
2018-08-05, 08:53:52, 0.0, 7.28e-08
2018-08-05, 08:53:54, 0.0, 7.26e-08
2018-08-05, 08:53:56, 0.0, 7.24e-08
2018-08-05, 08:53:58, 0.0, 7.27e-08
2018-08-05, 08:54:01, 0.0, 7.28e-08
2018-08-05, 08:54:03, 0.0, 7.3e-08
2018-08-05, 08:54:05, 0.0, 7.29e-08
2018-08-05, 08:54:07, 0.0, 7.34e-08
2018-08-05, 08:54:09, 0.0, 7.38e-08
2018-08-05, 08:54:11, 0.0, 7.34e-08
2018-08-05, 08:54:13, 0.0, 7.32e-08
2018-08-05, 08:54:15, 0.0, 7.29e-08
2018-08-05, 08:54:18, 0.0, 7.29e-08
2018-08-05, 08:54:20, 0.0, 7.32e-08
2018-08-05, 08:54:22, 0.0, 7.29e-08
2018-08-05, 08:54:24, 0.0, 7.26e-08
2018-08-05, 08:54:26, 0.0, 7.29e-08
2018-08-05, 08:54:28, 0.0, 7.3e-08
2018-08-05, 08:54:30, 0.0, 7.32e-08
2018-08-05, 08:54:32, 0.0, 7.28e-08
2018-08-05, 08:54:35, 0.0, 7.29e-08
2018-08-05, 08:54:37, 0.0, 7.25e-08
2018-08-05, 08:54:39, 0.0, 7.26e-08
2018-08-05, 08:54:41, 0.0, 7.26e-08
2018-08-05, 08:54:43, 0.0, 7.31e-08
2018-08-05, 08:54:45, 0.0, 7.31e-08
2018-08-05, 08:54:47, 0.0, 7.26e-08
2018-08-05, 08:54:49, 0.0, 7.23e-08
2018-08-05, 08:54:52, 0.0, 7.23e-08
2018-08-05, 08:54:54, 0.0, 7.22e-08
2018-08-05, 08:54:56, 0.0, 7.25e-08
2018-08-05, 08:54:58, 0.0, 7.29e-08
2018-08-05, 08:55:00, 0.0, 7.28e-08
2018-08-05, 08:55:02, 0.0, 7.29e-08
2018-08-05, 08:55:04, 0.0, 7.3e-08
2018-08-05, 08:55:07, 0.0, 7.29e-08
2018-08-05, 08:55:09, 0.0, 7.28e-08
2018-08-05, 08:55:11, 0.0, 7.34e-08
2018-08-05, 08:55:13, 0.0, 7.28e-08
2018-08-05, 08:55:15, 0.0, 7.34e-08
2018-08-05, 08:55:17, 0.0, 7.33e-08
2018-08-05, 08:55:19, 0.0, 7.24e-08
2018-08-05, 08:55:21, 0.0, 7.22e-08
2018-08-05, 08:55:24, 0.0, 7.26e-08
2018-08-05, 08:55:26, 0.0, 7.17e-08
2018-08-05, 08:55:28, 0.0, 7.29e-08
2018-08-05, 08:55:30, 0.0, 7.2e-08
2018-08-05, 08:55:32, 0.0, 7.24e-08
2018-08-05, 08:55:34, 0.0, 7.22e-08
2018-08-05, 08:55:36, 0.0, 7.29e-08
2018-08-05, 08:55:38, 0.0, 7.27e-08
2018-08-05, 08:55:41, 0.0, 7.28e-08
2018-08-05, 08:55:43, 0.0, 7.33e-08
2018-08-05, 08:55:45, 0.0, 7.27e-08
2018-08-05, 08:55:47, 0.0, 7.28e-08
2018-08-05, 08:55:49, 0.0, 7.26e-08
2018-08-05, 08:55:51, 0.0, 7.32e-08
2018-08-05, 08:55:53, 0.0, 7.3e-08
2018-08-05, 08:55:55, 0.0, 7.3e-08
2018-08-05, 08:55:58, 0.0, 7.3e-08
2018-08-05, 08:56:00, 0.0, 7.23e-08
2018-08-05, 08:56:02, 0.0, 7.31e-08
2018-08-05, 08:56:04, 0.0, 7.35e-08
2018-08-05, 08:56:06, 0.0, 7.36e-08
2018-08-05, 08:56:08, 0.0, 7.35e-08
2018-08-05, 08:56:10, 0.0, 7.28e-08
2018-08-05, 08:56:12, 0.0, 7.29e-08
2018-08-05, 08:56:15, 0.0, 7.16e-08
2018-08-05, 08:56:17, 0.0, 7.29e-08
2018-08-05, 08:56:19, 0.0, 7.28e-08
2018-08-05, 08:56:21, 0.0, 7.24e-08
2018-08-05, 08:56:23, 0.0, 7.28e-08
2018-08-05, 08:56:25, 0.0, 7.24e-08
2018-08-05, 08:56:27, 0.0, 7.28e-08
2018-08-05, 08:56:29, 0.0, 7.26e-08
2018-08-05, 08:56:32, 0.0, 7.34e-08
2018-08-05, 08:56:34, 0.0, 7.26e-08
2018-08-05, 08:56:36, 0.0, 7.26e-08
2018-08-05, 08:56:38, 0.0, 7.28e-08
2018-08-05, 08:56:40, 0.0, 7.3e-08
2018-08-05, 08:56:42, 0.0, 7.23e-08
2018-08-05, 08:56:44, 0.0, 7.33e-08
2018-08-05, 08:56:46, 0.0, 7.28e-08
2018-08-05, 08:56:49, 0.0, 7.26e-08
2018-08-05, 08:56:51, 0.0, 7.33e-08
2018-08-05, 08:56:53, 0.0, 7.27e-08
2018-08-05, 08:56:55, 0.0, 7.24e-08
2018-08-05, 08:56:57, 0.0, 7.28e-08
2018-08-05, 08:56:59, 0.0, 7.33e-08
2018-08-05, 08:57:01, 0.0, 7.24e-08
2018-08-05, 08:57:03, 0.0, 7.23e-08
2018-08-05, 08:57:06, 0.0, 7.33e-08
2018-08-05, 08:57:08, 0.0, 7.28e-08
2018-08-05, 08:57:10, 0.0, 7.25e-08
2018-08-05, 08:57:12, 0.0, 7.25e-08
2018-08-05, 08:57:14, 0.0, 7.31e-08
2018-08-05, 08:57:16, 0.0, 7.23e-08
2018-08-05, 08:57:18, 0.0, 7.31e-08
2018-08-05, 08:57:20, 0.0, 7.25e-08
2018-08-05, 08:57:23, 0.0, 7.19e-08
2018-08-05, 08:57:25, 0.0, 7.29e-08
2018-08-05, 08:57:27, 0.0, 7.3e-08
2018-08-05, 08:57:29, 0.0, 7.28e-08
2018-08-05, 08:57:31, 0.0, 7.3e-08
2018-08-05, 08:57:33, 0.0, 7.29e-08
2018-08-05, 08:57:35, 0.0, 7.2e-08
2018-08-05, 08:57:37, 0.0, 7.25e-08
2018-08-05, 08:57:40, 0.0, 7.29e-08
2018-08-05, 08:57:42, 0.0, 7.27e-08
2018-08-05, 08:57:44, 0.0, 7.31e-08
2018-08-05, 08:57:46, 0.0, 7.28e-08
2018-08-05, 08:57:48, 0.0, 7.31e-08
2018-08-05, 08:57:50, 0.0, 7.26e-08
2018-08-05, 08:57:52, 0.0, 7.29e-08
2018-08-05, 08:57:55, 0.0, 7.35e-08
2018-08-05, 08:57:57, 0.0, 7.28e-08
2018-08-05, 08:57:59, 0.0, 7.25e-08
2018-08-05, 08:58:01, 0.0, 7.32e-08
2018-08-05, 08:58:03, 0.0, 7.26e-08
2018-08-05, 08:58:05, 0.0, 7.35e-08
2018-08-05, 08:58:07, 0.0, 7.3e-08
2018-08-05, 08:58:09, 0.0, 7.3e-08
2018-08-05, 08:58:12, 0.0, 7.28e-08
2018-08-05, 08:58:14, 0.0, 7.23e-08
2018-08-05, 08:58:16, 0.0, 7.29e-08
2018-08-05, 08:58:18, 0.0, 7.32e-08
2018-08-05, 08:58:20, 0.0, 7.28e-08
2018-08-05, 08:58:22, 0.0, 7.3e-08
2018-08-05, 08:58:24, 0.0, 7.27e-08
2018-08-05, 08:58:26, 0.0, 7.25e-08
2018-08-05, 08:58:29, 0.0, 7.37e-08
2018-08-05, 08:58:31, 0.0, 7.35e-08
2018-08-05, 08:58:33, 0.0, 7.32e-08
2018-08-05, 08:58:35, 0.0, 7.33e-08
2018-08-05, 08:58:37, 0.0, 7.32e-08
2018-08-05, 08:58:39, 0.0, 7.27e-08
2018-08-05, 08:58:41, 0.0, 7.22e-08
2018-08-05, 08:58:43, 0.0, 7.37e-08
2018-08-05, 08:58:46, 0.0, 7.21e-08
2018-08-05, 08:58:48, 0.0, 7.29e-08
2018-08-05, 08:58:50, 0.0, 7.28e-08
2018-08-05, 08:58:52, 0.0, 7.26e-08
2018-08-05, 08:58:54, 0.0, 7.29e-08
2018-08-05, 08:58:56, 0.0, 7.3e-08
2018-08-05, 08:58:58, 0.0, 7.27e-08
2018-08-05, 08:59:00, 0.0, 7.29e-08
2018-08-05, 08:59:03, 0.0, 7.27e-08
2018-08-05, 08:59:05, 0.0, 7.28e-08
2018-08-05, 08:59:07, 0.0, 7.3e-08
2018-08-05, 08:59:09, 0.0, 7.3e-08
2018-08-05, 08:59:11, 0.0, 7.28e-08
2018-08-05, 08:59:13, 0.0, 7.3e-08
2018-08-05, 08:59:15, 0.0, 7.31e-08
2018-08-05, 08:59:17, 0.0, 7.23e-08
2018-08-05, 08:59:20, 0.0, 7.24e-08
2018-08-05, 08:59:22, 0.0, 7.2e-08
2018-08-05, 08:59:24, 0.0, 7.29e-08
2018-08-05, 08:59:26, 0.0, 7.33e-08
2018-08-05, 08:59:28, 0.0, 7.24e-08
2018-08-05, 08:59:30, 0.0, 7.28e-08
2018-08-05, 08:59:32, 0.0, 7.25e-08
2018-08-05, 08:59:34, 0.0, 7.24e-08
2018-08-05, 08:59:37, 0.0, 7.24e-08
2018-08-05, 08:59:39, 0.0, 7.27e-08
2018-08-05, 08:59:41, 0.0, 7.3e-08
2018-08-05, 08:59:43, 0.0, 7.26e-08
2018-08-05, 08:59:45, 0.0, 7.29e-08
2018-08-05, 08:59:47, 0.0, 7.3e-08
2018-08-05, 08:59:49, 0.0, 7.29e-08
2018-08-05, 08:59:52, 0.0, 7.26e-08
2018-08-05, 08:59:54, 0.0, 7.32e-08
2018-08-05, 08:59:56, 0.0, 7.31e-08
2018-08-05, 08:59:58, 0.0, 7.3e-08
2018-08-05, 09:00:00, 0.0, 7.29e-08
2018-08-05, 09:00:02, 0.0, 7.31e-08
2018-08-05, 09:00:04, 0.0, 7.23e-08
2018-08-05, 09:00:06, 0.0, 7.27e-08
2018-08-05, 09:00:09, 0.0, 7.3e-08
2018-08-05, 09:00:11, 0.0, 7.28e-08
2018-08-05, 09:00:13, 0.0, 7.2e-08
2018-08-05, 09:00:15, 0.0, 7.21e-08
2018-08-05, 09:00:17, 0.0, 7.19e-08
2018-08-05, 09:00:19, 0.0, 7.24e-08
2018-08-05, 09:00:21, 0.0, 7.29e-08
2018-08-05, 09:00:23, 0.0, 7.29e-08
2018-08-05, 09:00:26, 0.0, 7.22e-08
2018-08-05, 09:00:28, 0.0, 7.28e-08
2018-08-05, 09:00:30, 0.0, 7.34e-08
2018-08-05, 09:00:32, 0.0, 7.26e-08
2018-08-05, 09:00:34, 0.0, 7.24e-08
2018-08-05, 09:00:36, 0.0, 7.34e-08
2018-08-05, 09:00:38, 0.0, 7.27e-08
2018-08-05, 09:00:41, 0.0, 7.29e-08
2018-08-05, 09:00:43, 0.0, 7.27e-08
2018-08-05, 09:00:45, 0.0, 7.26e-08
2018-08-05, 09:00:47, 0.0, 7.28e-08
2018-08-05, 09:00:49, 0.0, 7.24e-08
2018-08-05, 09:00:51, 0.0, 7.25e-08
2018-08-05, 09:00:53, 0.0, 7.3e-08
2018-08-05, 09:00:55, 0.0, 7.37e-08
2018-08-05, 09:00:58, 0.0, 7.33e-08
2018-08-05, 09:01:00, 0.0, 7.24e-08
2018-08-05, 09:01:02, 0.0, 7.28e-08
2018-08-05, 09:01:04, 0.0, 7.35e-08
2018-08-05, 09:01:06, 0.0, 7.25e-08
2018-08-05, 09:01:08, 0.0, 7.27e-08
2018-08-05, 09:01:10, 0.0, 7.24e-08
2018-08-05, 09:01:13, 0.0, 7.29e-08
2018-08-05, 09:01:15, 0.0, 7.25e-08
2018-08-05, 09:01:17, 0.0, 7.3e-08
2018-08-05, 09:01:19, 0.0, 7.25e-08
2018-08-05, 09:01:21, 0.0, 7.24e-08
2018-08-05, 09:01:23, 0.0, 7.19e-08
2018-08-05, 09:01:25, 0.0, 7.23e-08
2018-08-05, 09:01:27, 0.0, 7.34e-08
2018-08-05, 09:01:30, 0.0, 7.18e-08
2018-08-05, 09:01:32, 0.0, 7.26e-08
2018-08-05, 09:01:34, 0.0, 7.27e-08
2018-08-05, 09:01:36, 0.0, 7.35e-08
2018-08-05, 09:01:38, 0.0, 7.28e-08
2018-08-05, 09:01:40, 0.0, 7.28e-08
2018-08-05, 09:01:42, 0.0, 7.28e-08
2018-08-05, 09:01:44, 0.0, 7.29e-08
2018-08-05, 09:01:47, 0.0, 7.21e-08
2018-08-05, 09:01:49, 0.0, 7.3e-08
2018-08-05, 09:01:51, 0.0, 7.26e-08
2018-08-05, 09:01:53, 0.0, 7.31e-08
2018-08-05, 09:01:55, 0.0, 7.31e-08
2018-08-05, 09:01:57, 0.0, 7.26e-08
2018-08-05, 09:01:59, 0.0, 7.31e-08
2018-08-05, 09:02:02, 0.0, 7.32e-08
2018-08-05, 09:02:04, 0.0, 7.29e-08
2018-08-05, 09:02:06, 0.0, 7.27e-08
2018-08-05, 09:02:08, 0.0, 7.21e-08
2018-08-05, 09:02:10, 0.0, 7.26e-08
2018-08-05, 09:02:12, 0.0, 7.28e-08
2018-08-05, 09:02:14, 0.0, 7.32e-08
2018-08-05, 09:02:16, 0.0, 7.33e-08
2018-08-05, 09:02:19, 0.0, 7.33e-08
2018-08-05, 09:02:21, 0.0, 7.34e-08
2018-08-05, 09:02:23, 0.0, 7.27e-08
2018-08-05, 09:02:25, 0.0, 7.35e-08
2018-08-05, 09:02:27, 0.0, 7.32e-08
2018-08-05, 09:02:29, 0.0, 7.29e-08
2018-08-05, 09:02:31, 0.0, 7.28e-08
2018-08-05, 09:02:33, 0.0, 7.35e-08
2018-08-05, 09:02:36, 0.0, 7.3e-08
2018-08-05, 09:02:38, 0.0, 7.34e-08
2018-08-05, 09:02:40, 0.0, 7.37e-08
2018-08-05, 09:02:42, 0.0, 7.34e-08
2018-08-05, 09:02:44, 0.0, 7.33e-08
2018-08-05, 09:02:46, 0.0, 7.35e-08
2018-08-05, 09:02:48, 0.0, 7.37e-08
2018-08-05, 09:02:50, 0.0, 7.37e-08
2018-08-05, 09:02:53, 0.0, 7.37e-08
2018-08-05, 09:02:55, 0.0, 7.34e-08
2018-08-05, 09:02:57, 0.0, 7.38e-08
2018-08-05, 09:02:59, 0.0, 7.35e-08
2018-08-05, 09:03:01, 0.0, 7.33e-08
2018-08-05, 09:03:03, 0.0, 7.38e-08
2018-08-05, 09:03:05, 0.0, 7.3e-08
2018-08-05, 09:03:08, 0.0, 7.28e-08
2018-08-05, 09:03:10, 0.0, 7.2e-08
2018-08-05, 09:03:12, 0.0, 7.33e-08
2018-08-05, 09:03:14, 0.0, 7.34e-08
2018-08-05, 09:03:16, 0.0, 7.27e-08
2018-08-05, 09:03:18, 0.0, 7.24e-08
2018-08-05, 09:03:20, 0.0, 7.32e-08
2018-08-05, 09:03:22, 0.0, 7.32e-08
2018-08-05, 09:03:25, 0.0, 7.35e-08
2018-08-05, 09:03:27, 0.0, 7.36e-08
2018-08-05, 09:03:29, 0.0, 7.3e-08
2018-08-05, 09:03:31, 0.0, 7.29e-08
2018-08-05, 09:03:33, 0.0, 7.28e-08
2018-08-05, 09:03:35, 0.0, 7.37e-08
2018-08-05, 09:03:37, 0.0, 7.37e-08
2018-08-05, 09:03:39, 0.0, 7.38e-08
2018-08-05, 09:03:42, 0.0, 7.32e-08
2018-08-05, 09:03:44, 0.0, 7.32e-08
2018-08-05, 09:03:46, 0.0, 7.35e-08
2018-08-05, 09:03:48, 0.0, 7.31e-08
2018-08-05, 09:03:50, 0.0, 7.3e-08
2018-08-05, 09:03:52, 0.0, 7.31e-08
2018-08-05, 09:03:54, 0.0, 7.23e-08
2018-08-05, 09:03:56, 0.0, 7.3e-08
2018-08-05, 09:03:59, 0.0, 7.29e-08
2018-08-05, 09:04:01, 0.0, 7.34e-08
2018-08-05, 09:04:03, 0.0, 7.35e-08
2018-08-05, 09:04:05, 0.0, 7.34e-08
2018-08-05, 09:04:07, 0.0, 7.27e-08
2018-08-05, 09:04:09, 0.0, 7.3e-08
2018-08-05, 09:04:11, 0.0, 7.37e-08
2018-08-05, 09:04:13, 0.0, 7.31e-08
2018-08-05, 09:04:16, 0.0, 7.34e-08
2018-08-05, 09:04:18, 0.0, 7.29e-08
2018-08-05, 09:04:20, 0.0, 7.3e-08
2018-08-05, 09:04:22, 0.0, 7.28e-08
2018-08-05, 09:04:24, 0.0, 7.32e-08
2018-08-05, 09:04:26, 0.0, 7.38e-08
2018-08-05, 09:04:28, 0.0, 7.35e-08
2018-08-05, 09:04:31, 0.0, 7.28e-08
2018-08-05, 09:04:33, 0.0, 7.3e-08
2018-08-05, 09:04:35, 0.0, 7.3e-08
2018-08-05, 09:04:37, 0.0, 7.34e-08
2018-08-05, 09:04:39, 0.0, 7.31e-08
2018-08-05, 09:04:41, 0.0, 7.31e-08
2018-08-05, 09:04:43, 0.0, 7.28e-08
2018-08-05, 09:04:45, 0.0, 7.28e-08
2018-08-05, 09:04:48, 0.0, 7.3e-08
2018-08-05, 09:04:50, 0.0, 7.3e-08
2018-08-05, 09:04:52, 0.0, 7.29e-08
2018-08-05, 09:04:54, 0.0, 7.35e-08
2018-08-05, 09:04:56, 0.0, 7.24e-08
2018-08-05, 09:04:58, 0.0, 7.26e-08
2018-08-05, 09:05:00, 0.0, 7.25e-08
2018-08-05, 09:05:02, 0.0, 7.35e-08
2018-08-05, 09:05:05, 0.0, 7.31e-08
2018-08-05, 09:05:07, 0.0, 7.37e-08
2018-08-05, 09:05:09, 0.0, 7.36e-08
2018-08-05, 09:05:11, 0.0, 7.34e-08
2018-08-05, 09:05:13, 0.0, 7.31e-08
2018-08-05, 09:05:15, 0.0, 7.29e-08
2018-08-05, 09:05:17, 0.0, 7.18e-08
2018-08-05, 09:05:19, 0.0, 7.33e-08
2018-08-05, 09:05:22, 0.0, 7.3e-08
2018-08-05, 09:05:24, 0.0, 7.3e-08
2018-08-05, 09:05:26, 0.0, 7.32e-08
2018-08-05, 09:05:28, 0.0, 7.24e-08
2018-08-05, 09:05:30, 0.0, 7.35e-08
2018-08-05, 09:05:32, 0.0, 7.27e-08
2018-08-05, 09:05:34, 0.0, 7.34e-08
2018-08-05, 09:05:36, 0.0, 7.3e-08
2018-08-05, 09:05:39, 0.0, 7.3e-08
2018-08-05, 09:05:41, 0.0, 7.28e-08
2018-08-05, 09:05:43, 0.0, 7.29e-08
2018-08-05, 09:05:45, 0.0, 7.27e-08
2018-08-05, 09:05:47, 0.0, 7.27e-08
2018-08-05, 09:05:49, 0.0, 7.27e-08
2018-08-05, 09:05:51, 0.0, 7.3e-08
2018-08-05, 09:05:53, 0.0, 7.3e-08
2018-08-05, 09:05:56, 0.0, 7.29e-08
2018-08-05, 09:05:58, 0.0, 7.35e-08
2018-08-05, 09:06:00, 0.0, 7.29e-08
2018-08-05, 09:06:02, 0.0, 7.35e-08
2018-08-05, 09:06:04, 0.0, 7.28e-08
2018-08-05, 09:06:06, 0.0, 7.32e-08
2018-08-05, 09:06:08, 0.0, 7.32e-08
2018-08-05, 09:06:10, 0.0, 7.34e-08
2018-08-05, 09:06:13, 0.0, 7.33e-08
2018-08-05, 09:06:15, 0.0, 7.32e-08
2018-08-05, 09:06:17, 0.0, 7.3e-08
2018-08-05, 09:06:19, 0.0, 7.26e-08
2018-08-05, 09:06:21, 0.0, 7.37e-08
2018-08-05, 09:06:23, 0.0, 7.31e-08
2018-08-05, 09:06:25, 0.0, 7.35e-08
2018-08-05, 09:06:27, 0.0, 7.34e-08
2018-08-05, 09:06:30, 0.0, 7.34e-08
2018-08-05, 09:06:32, 0.0, 7.28e-08
2018-08-05, 09:06:34, 0.0, 7.3e-08
2018-08-05, 09:06:36, 0.0, 7.31e-08
2018-08-05, 09:06:38, 0.0, 7.35e-08
2018-08-05, 09:06:40, 0.0, 7.27e-08
2018-08-05, 09:06:42, 0.0, 7.28e-08
2018-08-05, 09:06:44, 0.0, 7.34e-08
2018-08-05, 09:06:47, 0.0, 7.37e-08
2018-08-05, 09:06:49, 0.0, 7.34e-08
2018-08-05, 09:06:51, 0.0, 7.29e-08
2018-08-05, 09:06:53, 0.0, 7.36e-08
2018-08-05, 09:06:55, 0.0, 7.38e-08
2018-08-05, 09:06:57, 0.0, 7.23e-08
2018-08-05, 09:06:59, 0.0, 7.29e-08
2018-08-05, 09:07:01, 0.0, 7.31e-08
2018-08-05, 09:07:04, 0.0, 7.35e-08
2018-08-05, 09:07:06, 0.0, 7.36e-08
2018-08-05, 09:07:08, 0.0, 7.27e-08
2018-08-05, 09:07:10, 0.0, 7.33e-08
2018-08-05, 09:07:12, 0.0, 7.3e-08
2018-08-05, 09:07:14, 0.0, 7.4e-08
2018-08-05, 09:07:16, 0.0, 7.37e-08
2018-08-05, 09:07:19, 0.0, 7.39e-08
2018-08-05, 09:07:21, 0.0, 7.32e-08
2018-08-05, 09:07:23, 0.0, 7.31e-08
2018-08-05, 09:07:25, 0.0, 7.29e-08
2018-08-05, 09:07:27, 0.0, 7.34e-08
2018-08-05, 09:07:29, 0.0, 7.29e-08
2018-08-05, 09:07:31, 0.0, 7.35e-08
2018-08-05, 09:07:33, 0.0, 7.34e-08
2018-08-05, 09:07:35, 0.0, 7.31e-08
2018-08-05, 09:07:38, 0.0, 7.28e-08
2018-08-05, 09:07:40, 0.0, 7.27e-08
2018-08-05, 09:07:42, 0.0, 7.25e-08
2018-08-05, 09:07:44, 0.0, 7.25e-08
2018-08-05, 09:07:46, 0.0, 7.3e-08
2018-08-05, 09:07:48, 0.0, 7.32e-08
2018-08-05, 09:07:50, 0.0, 7.31e-08
2018-08-05, 09:07:52, 0.0, 7.28e-08
2018-08-05, 09:07:55, 0.0, 7.33e-08
2018-08-05, 09:07:57, 0.0, 7.34e-08
2018-08-05, 09:07:59, 0.0, 7.34e-08
2018-08-05, 09:08:01, 0.0, 7.32e-08
2018-08-05, 09:08:03, 0.0, 7.37e-08
2018-08-05, 09:08:05, 0.0, 7.31e-08
2018-08-05, 09:08:07, 0.0, 7.31e-08
2018-08-05, 09:08:09, 0.0, 7.36e-08
2018-08-05, 09:08:12, 0.0, 7.27e-08
2018-08-05, 09:08:14, 0.0, 7.25e-08
2018-08-05, 09:08:16, 0.0, 7.29e-08
2018-08-05, 09:08:18, 0.0, 7.3e-08
2018-08-05, 09:08:20, 0.0, 7.23e-08
2018-08-05, 09:08:22, 0.0, 7.31e-08
2018-08-05, 09:08:24, 0.0, 7.35e-08
2018-08-05, 09:08:27, 0.0, 7.27e-08
2018-08-05, 09:08:29, 0.0, 7.22e-08
2018-08-05, 09:08:31, 0.0, 7.38e-08
2018-08-05, 09:08:33, 0.0, 7.34e-08
2018-08-05, 09:08:35, 0.0, 7.31e-08
2018-08-05, 09:08:37, 0.0, 7.22e-08
2018-08-05, 09:08:39, 0.0, 7.33e-08
2018-08-05, 09:08:41, 0.0, 7.31e-08
2018-08-05, 09:08:44, 0.0, 7.36e-08
2018-08-05, 09:08:46, 0.0, 7.34e-08
2018-08-05, 09:08:48, 0.0, 7.37e-08
2018-08-05, 09:08:50, 0.0, 7.32e-08
2018-08-05, 09:08:52, 0.0, 7.31e-08
2018-08-05, 09:08:54, 0.0, 7.35e-08
2018-08-05, 09:08:56, 0.0, 7.34e-08
2018-08-05, 09:08:58, 0.0, 7.33e-08
2018-08-05, 09:09:01, 0.0, 7.36e-08
2018-08-05, 09:09:03, 0.0, 7.34e-08
2018-08-05, 09:09:05, 0.0, 7.36e-08
2018-08-05, 09:09:07, 0.0, 7.35e-08
2018-08-05, 09:09:09, 0.0, 7.34e-08
2018-08-05, 09:09:11, 0.0, 7.33e-08
2018-08-05, 09:09:13, 0.0, 7.29e-08
2018-08-05, 09:09:15, 0.0, 7.34e-08
2018-08-05, 09:09:18, 0.0, 7.32e-08
2018-08-05, 09:09:20, 0.0, 7.27e-08
2018-08-05, 09:09:22, 0.0, 7.32e-08
2018-08-05, 09:09:24, 0.0, 7.35e-08
2018-08-05, 09:09:26, 0.0, 7.31e-08
2018-08-05, 09:09:28, 0.0, 7.29e-08
2018-08-05, 09:09:30, 0.0, 7.24e-08
2018-08-05, 09:09:33, 0.0, 7.32e-08
2018-08-05, 09:09:35, 0.0, 7.29e-08
2018-08-05, 09:09:37, 0.0, 7.31e-08
2018-08-05, 09:09:39, 0.0, 7.28e-08
2018-08-05, 09:09:41, 0.0, 7.32e-08
2018-08-05, 09:09:43, 0.0, 7.32e-08
2018-08-05, 09:09:45, 0.0, 7.27e-08
2018-08-05, 09:09:47, 0.0, 7.27e-08
2018-08-05, 09:09:50, 0.0, 7.24e-08
2018-08-05, 09:09:52, 0.0, 7.31e-08
2018-08-05, 09:09:54, 0.0, 7.28e-08
2018-08-05, 09:09:56, 0.0, 7.24e-08
2018-08-05, 09:09:58, 0.0, 7.2e-08
2018-08-05, 09:10:00, 0.0, 7.36e-08
2018-08-05, 09:10:02, 0.0, 7.23e-08
2018-08-05, 09:10:04, 0.0, 7.26e-08
2018-08-05, 09:10:07, 0.0, 7.24e-08
2018-08-05, 09:10:09, 0.0, 7.25e-08
2018-08-05, 09:10:11, 0.0, 7.24e-08
2018-08-05, 09:10:13, 0.0, 7.26e-08
2018-08-05, 09:10:15, 0.0, 7.24e-08
2018-08-05, 09:10:17, 0.0, 7.27e-08
2018-08-05, 09:10:19, 0.0, 7.31e-08
2018-08-05, 09:10:21, 0.0, 7.22e-08
2018-08-05, 09:10:24, 0.0, 7.2e-08
2018-08-05, 09:10:26, 0.0, 7.27e-08
2018-08-05, 09:10:28, 0.0, 7.26e-08
2018-08-05, 09:10:30, 0.0, 7.28e-08
2018-08-05, 09:10:32, 0.0, 7.28e-08
2018-08-05, 09:10:34, 0.0, 7.28e-08
2018-08-05, 09:10:36, 0.0, 7.35e-08
2018-08-05, 09:10:38, 0.0, 7.27e-08
2018-08-05, 09:10:41, 0.0, 7.33e-08
2018-08-05, 09:10:43, 0.0, 7.34e-08
2018-08-05, 09:10:45, 0.0, 7.29e-08
2018-08-05, 09:10:47, 0.0, 7.28e-08
2018-08-05, 09:10:49, 0.0, 7.28e-08
2018-08-05, 09:10:51, 0.0, 7.31e-08
2018-08-05, 09:10:53, 0.0, 7.25e-08
2018-08-05, 09:10:55, 0.0, 7.32e-08
2018-08-05, 09:10:58, 0.0, 7.35e-08
2018-08-05, 09:11:00, 0.0, 7.37e-08
2018-08-05, 09:11:02, 0.0, 7.26e-08
2018-08-05, 09:11:04, 0.0, 7.24e-08
2018-08-05, 09:11:06, 0.0, 7.3e-08
2018-08-05, 09:11:08, 0.0, 7.25e-08
2018-08-05, 09:11:10, 0.0, 7.24e-08
2018-08-05, 09:11:12, 0.0, 7.3e-08
2018-08-05, 09:11:15, 0.0, 7.3e-08
2018-08-05, 09:11:17, 0.0, 7.28e-08
2018-08-05, 09:11:19, 0.0, 7.28e-08
2018-08-05, 09:11:21, 0.0, 7.35e-08
2018-08-05, 09:11:23, 0.0, 7.29e-08
2018-08-05, 09:11:25, 0.0, 7.34e-08
2018-08-05, 09:11:27, 0.0, 7.3e-08
2018-08-05, 09:11:29, 0.0, 7.33e-08
2018-08-05, 09:11:32, 0.0, 7.33e-08
2018-08-05, 09:11:34, 0.0, 7.32e-08
2018-08-05, 09:11:36, 0.0, 7.34e-08
2018-08-05, 09:11:38, 0.0, 7.34e-08
2018-08-05, 09:11:40, 0.0, 7.35e-08
2018-08-05, 09:11:42, 0.0, 7.32e-08
2018-08-05, 09:11:44, 0.0, 7.3e-08
2018-08-05, 09:11:47, 0.0, 7.33e-08
2018-08-05, 09:11:49, 0.0, 7.32e-08
2018-08-05, 09:11:51, 0.0, 7.36e-08
2018-08-05, 09:11:53, 0.0, 7.32e-08
2018-08-05, 09:11:55, 0.0, 7.34e-08
2018-08-05, 09:11:57, 0.0, 7.36e-08
2018-08-05, 09:11:59, 0.0, 7.27e-08
2018-08-05, 09:12:01, 0.0, 7.34e-08
2018-08-05, 09:12:04, 0.0, 7.37e-08
2018-08-05, 09:12:06, 0.0, 7.3e-08
2018-08-05, 09:12:08, 0.0, 7.31e-08
2018-08-05, 09:12:10, 0.0, 7.32e-08
2018-08-05, 09:12:12, 0.0, 7.37e-08
2018-08-05, 09:12:14, 0.0, 7.32e-08
2018-08-05, 09:12:16, 0.0, 7.32e-08
2018-08-05, 09:12:18, 0.0, 7.28e-08
2018-08-05, 09:12:21, 0.0, 7.34e-08
2018-08-05, 09:12:23, 0.0, 7.27e-08
2018-08-05, 09:12:25, 0.0, 7.31e-08
2018-08-05, 09:12:27, 0.0, 7.27e-08
2018-08-05, 09:12:29, 0.0, 7.34e-08
2018-08-05, 09:12:31, 0.0, 7.34e-08
2018-08-05, 09:12:33, 0.0, 7.32e-08
2018-08-05, 09:12:35, 0.0, 7.27e-08
2018-08-05, 09:12:38, 0.0, 7.2e-08
2018-08-05, 09:12:40, 0.0, 7.24e-08
2018-08-05, 09:12:42, 0.0, 7.32e-08
2018-08-05, 09:12:44, 0.0, 7.34e-08
2018-08-05, 09:12:46, 0.0, 7.28e-08
2018-08-05, 09:12:48, 0.0, 7.33e-08
2018-08-05, 09:12:50, 0.0, 7.22e-08
2018-08-05, 09:12:52, 0.0, 7.33e-08
2018-08-05, 09:12:55, 0.0, 7.32e-08
2018-08-05, 09:12:57, 0.0, 7.28e-08
2018-08-05, 09:12:59, 0.0, 7.3e-08
2018-08-05, 09:13:01, 0.0, 7.32e-08
2018-08-05, 09:13:03, 0.0, 7.29e-08
2018-08-05, 09:13:05, 0.0, 7.3e-08
2018-08-05, 09:13:07, 0.0, 7.31e-08
2018-08-05, 09:13:09, 0.0, 7.32e-08
2018-08-05, 09:13:12, 0.0, 7.25e-08
2018-08-05, 09:13:14, 0.0, 7.3e-08
2018-08-05, 09:13:16, 0.0, 7.28e-08
2018-08-05, 09:13:18, 0.0, 7.24e-08
2018-08-05, 09:13:20, 0.0, 7.25e-08
2018-08-05, 09:13:22, 0.0, 7.29e-08
2018-08-05, 09:13:24, 0.0, 7.31e-08
2018-08-05, 09:13:27, 0.0, 7.3e-08
2018-08-05, 09:13:29, 0.0, 7.27e-08
2018-08-05, 09:13:31, 0.0, 7.29e-08
2018-08-05, 09:13:33, 0.0, 7.22e-08
2018-08-05, 09:13:35, 0.0, 7.32e-08
2018-08-05, 09:13:37, 0.0, 7.31e-08
2018-08-05, 09:13:39, 0.0, 7.27e-08
2018-08-05, 09:13:41, 0.0, 7.28e-08
2018-08-05, 09:13:44, 0.0, 7.26e-08
2018-08-05, 09:13:46, 0.0, 7.32e-08
2018-08-05, 09:13:48, 0.0, 7.28e-08
2018-08-05, 09:13:50, 0.0, 7.31e-08
2018-08-05, 09:13:52, 0.0, 7.34e-08
2018-08-05, 09:13:54, 0.0, 7.3e-08
2018-08-05, 09:13:56, 0.0, 7.31e-08
2018-08-05, 09:13:58, 0.0, 7.21e-08
2018-08-05, 09:14:01, 0.0, 7.24e-08
2018-08-05, 09:14:03, 0.0, 7.22e-08
2018-08-05, 09:14:05, 0.0, 7.16e-08
2018-08-05, 09:14:07, 0.0, 7.3e-08
2018-08-05, 09:14:09, 0.0, 7.24e-08
2018-08-05, 09:14:11, 0.0, 7.24e-08
2018-08-05, 09:14:13, 0.0, 7.26e-08
2018-08-05, 09:14:15, 0.0, 7.24e-08
2018-08-05, 09:14:18, 0.0, 7.22e-08
2018-08-05, 09:14:20, 0.0, 7.27e-08
2018-08-05, 09:14:22, 0.0, 7.26e-08
2018-08-05, 09:14:24, 0.0, 7.26e-08
2018-08-05, 09:14:26, 0.0, 7.27e-08
2018-08-05, 09:14:28, 0.0, 7.28e-08
2018-08-05, 09:14:30, 0.0, 7.27e-08
2018-08-05, 09:14:32, 0.0, 7.24e-08
2018-08-05, 09:14:35, 0.0, 7.24e-08
2018-08-05, 09:14:37, 0.0, 7.23e-08
2018-08-05, 09:14:39, 0.0, 7.32e-08
2018-08-05, 09:14:41, 0.0, 7.3e-08
2018-08-05, 09:14:43, 0.0, 7.25e-08
2018-08-05, 09:14:45, 0.0, 7.22e-08
2018-08-05, 09:14:47, 0.0, 7.27e-08
2018-08-05, 09:14:49, 0.0, 7.33e-08
2018-08-05, 09:14:52, 0.0, 7.29e-08
2018-08-05, 09:14:54, 0.0, 7.31e-08
2018-08-05, 09:14:56, 0.0, 7.23e-08
2018-08-05, 09:14:58, 0.0, 7.3e-08
2018-08-05, 09:15:00, 0.0, 7.29e-08
2018-08-05, 09:15:02, 0.0, 7.31e-08
2018-08-05, 09:15:04, 0.0, 7.24e-08
2018-08-05, 09:15:06, 0.0, 7.33e-08
2018-08-05, 09:15:09, 0.0, 7.33e-08
2018-08-05, 09:15:11, 0.0, 7.31e-08
2018-08-05, 09:15:13, 0.0, 7.31e-08
2018-08-05, 09:15:15, 0.0, 7.29e-08
2018-08-05, 09:15:17, 0.0, 7.32e-08
2018-08-05, 09:15:19, 0.0, 7.31e-08
2018-08-05, 09:15:21, 0.0, 7.31e-08
2018-08-05, 09:15:23, 0.0, 7.31e-08
2018-08-05, 09:15:26, 0.0, 7.29e-08
2018-08-05, 09:15:28, 0.0, 7.25e-08
2018-08-05, 09:15:30, 0.0, 7.31e-08
2018-08-05, 09:15:32, 0.0, 7.32e-08
2018-08-05, 09:15:34, 0.0, 7.21e-08
2018-08-05, 09:15:36, 0.0, 7.26e-08
2018-08-05, 09:15:38, 0.0, 7.29e-08
2018-08-05, 09:15:41, 0.0, 7.3e-08
2018-08-05, 09:15:43, 0.0, 7.33e-08
2018-08-05, 09:15:45, 0.0, 7.32e-08
2018-08-05, 09:15:47, 0.0, 7.25e-08
2018-08-05, 09:15:49, 0.0, 7.27e-08
2018-08-05, 09:15:51, 0.0, 7.22e-08
2018-08-05, 09:15:53, 0.0, 7.32e-08
2018-08-05, 09:15:55, 0.0, 7.27e-08
2018-08-05, 09:15:57, 0.0, 7.33e-08
2018-08-05, 09:16:00, 0.0, 7.33e-08
2018-08-05, 09:16:02, 0.0, 7.22e-08
2018-08-05, 09:16:04, 0.0, 7.32e-08
2018-08-05, 09:16:06, 0.0, 7.3e-08
2018-08-05, 09:16:08, 0.0, 7.33e-08
2018-08-05, 09:16:10, 0.0, 7.31e-08
2018-08-05, 09:16:12, 0.0, 7.23e-08
2018-08-05, 09:16:15, 0.0, 7.31e-08
2018-08-05, 09:16:17, 0.0, 7.29e-08
2018-08-05, 09:16:19, 0.0, 7.22e-08
2018-08-05, 09:16:21, 0.0, 7.35e-08
2018-08-05, 09:16:23, 0.0, 7.35e-08
2018-08-05, 09:16:25, 0.0, 7.27e-08
2018-08-05, 09:16:27, 0.0, 7.33e-08
2018-08-05, 09:16:29, 0.0, 7.3e-08
2018-08-05, 09:16:32, 0.0, 7.2e-08
2018-08-05, 09:16:34, 0.0, 7.34e-08
2018-08-05, 09:16:36, 0.0, 7.24e-08
2018-08-05, 09:16:38, 0.0, 7.3e-08
2018-08-05, 09:16:40, 0.0, 7.33e-08
2018-08-05, 09:16:42, 0.0, 7.34e-08
2018-08-05, 09:16:44, 0.0, 7.36e-08
2018-08-05, 09:16:46, 0.0, 7.3e-08
2018-08-05, 09:16:49, 0.0, 7.26e-08
2018-08-05, 09:16:51, 0.0, 7.25e-08
2018-08-05, 09:16:53, 0.0, 7.32e-08
2018-08-05, 09:16:55, 0.0, 7.32e-08
2018-08-05, 09:16:57, 0.0, 7.31e-08
2018-08-05, 09:16:59, 0.0, 7.35e-08
2018-08-05, 09:17:01, 0.0, 7.3e-08
2018-08-05, 09:17:03, 0.0, 7.27e-08
2018-08-05, 09:17:06, 0.0, 7.29e-08
2018-08-05, 09:17:08, 0.0, 7.34e-08
2018-08-05, 09:17:10, 0.0, 7.3e-08
2018-08-05, 09:17:12, 0.0, 7.29e-08
2018-08-05, 09:17:14, 0.0, 7.3e-08
2018-08-05, 09:17:16, 0.0, 7.26e-08
2018-08-05, 09:17:18, 0.0, 7.21e-08
2018-08-05, 09:17:20, 0.0, 7.27e-08
2018-08-05, 09:17:23, 0.0, 7.18e-08
2018-08-05, 09:17:25, 0.0, 7.23e-08
2018-08-05, 09:17:27, 0.0, 7.28e-08
2018-08-05, 09:17:29, 0.0, 7.29e-08
2018-08-05, 09:17:31, 0.0, 7.28e-08
2018-08-05, 09:17:33, 0.0, 7.31e-08
2018-08-05, 09:17:35, 0.0, 7.24e-08
2018-08-05, 09:17:37, 0.0, 7.27e-08
2018-08-05, 09:17:40, 0.0, 7.31e-08
2018-08-05, 09:17:42, 0.0, 7.28e-08
2018-08-05, 09:17:44, 0.0, 7.18e-08
2018-08-05, 09:17:46, 0.0, 7.24e-08
2018-08-05, 09:17:48, 0.0, 7.28e-08
2018-08-05, 09:17:50, 0.0, 7.27e-08
2018-08-05, 09:17:52, 0.0, 7.3e-08
2018-08-05, 09:17:54, 0.0, 7.31e-08
2018-08-05, 09:17:57, 0.0, 7.29e-08
2018-08-05, 09:17:59, 0.0, 7.31e-08
2018-08-05, 09:18:01, 0.0, 7.29e-08
2018-08-05, 09:18:03, 0.0, 7.22e-08
2018-08-05, 09:18:05, 0.0, 7.31e-08
2018-08-05, 09:18:07, 0.0, 7.35e-08
2018-08-05, 09:18:09, 0.0, 7.34e-08
2018-08-05, 09:18:11, 0.0, 7.29e-08
2018-08-05, 09:18:14, 0.0, 7.36e-08
2018-08-05, 09:18:16, 0.0, 7.3e-08
2018-08-05, 09:18:18, 0.0, 7.31e-08
2018-08-05, 09:18:20, 0.0, 7.3e-08
2018-08-05, 09:18:22, 0.0, 7.26e-08
2018-08-05, 09:18:24, 0.0, 7.28e-08
2018-08-05, 09:18:26, 0.0, 7.34e-08
2018-08-05, 09:18:29, 0.0, 7.19e-08
2018-08-05, 09:18:31, 0.0, 7.23e-08
2018-08-05, 09:18:33, 0.0, 7.24e-08
2018-08-05, 09:18:35, 0.0, 7.31e-08
2018-08-05, 09:18:37, 0.0, 7.3e-08
2018-08-05, 09:18:39, 0.0, 7.27e-08
2018-08-05, 09:18:41, 0.0, 7.26e-08
2018-08-05, 09:18:43, 0.0, 7.22e-08
2018-08-05, 09:18:46, 0.0, 7.29e-08
2018-08-05, 09:18:48, 0.0, 7.34e-08
2018-08-05, 09:18:50, 0.0, 7.22e-08
2018-08-05, 09:18:52, 0.0, 7.33e-08
2018-08-05, 09:18:54, 0.0, 7.31e-08
2018-08-05, 09:18:56, 0.0, 7.28e-08
2018-08-05, 09:18:58, 0.0, 7.25e-08
2018-08-05, 09:19:00, 0.0, 7.27e-08
2018-08-05, 09:19:03, 0.0, 7.24e-08
2018-08-05, 09:19:05, 0.0, 7.34e-08
2018-08-05, 09:19:07, 0.0, 7.31e-08
2018-08-05, 09:19:09, 0.0, 7.29e-08
2018-08-05, 09:19:11, 0.0, 7.38e-08
2018-08-05, 09:19:13, 0.0, 7.31e-08
2018-08-05, 09:19:15, 0.0, 7.23e-08
2018-08-05, 09:19:17, 0.0, 7.23e-08
2018-08-05, 09:19:20, 0.0, 7.23e-08
2018-08-05, 09:19:22, 0.0, 7.34e-08
2018-08-05, 09:19:24, 0.0, 7.27e-08
2018-08-05, 09:19:26, 0.0, 7.29e-08
2018-08-05, 09:19:28, 0.0, 7.36e-08
2018-08-05, 09:19:30, 0.0, 7.24e-08
2018-08-05, 09:19:32, 0.0, 7.21e-08
2018-08-05, 09:19:34, 0.0, 7.32e-08
2018-08-05, 09:19:37, 0.0, 7.37e-08
2018-08-05, 09:19:39, 0.0, 7.29e-08
2018-08-05, 09:19:41, 0.0, 7.3e-08
2018-08-05, 09:19:43, 0.0, 7.3e-08
2018-08-05, 09:19:45, 0.0, 7.29e-08
2018-08-05, 09:19:47, 0.0, 7.25e-08
2018-08-05, 09:19:49, 0.0, 7.24e-08
2018-08-05, 09:19:51, 0.0, 7.29e-08
2018-08-05, 09:19:54, 0.0, 7.24e-08
2018-08-05, 09:19:56, 0.0, 7.27e-08
2018-08-05, 09:19:58, 0.0, 7.24e-08
2018-08-05, 09:20:00, 0.0, 7.25e-08
2018-08-05, 09:20:02, 0.0, 7.27e-08
2018-08-05, 09:20:04, 0.0, 7.27e-08
2018-08-05, 09:20:06, 0.0, 7.23e-08
2018-08-05, 09:20:08, 0.0, 7.3e-08
2018-08-05, 09:20:11, 0.0, 7.25e-08
2018-08-05, 09:20:13, 0.0, 7.32e-08
2018-08-05, 09:20:15, 0.0, 7.32e-08
2018-08-05, 09:20:17, 0.0, 7.32e-08
2018-08-05, 09:20:19, 0.0, 7.35e-08
2018-08-05, 09:20:21, 0.0, 7.32e-08
2018-08-05, 09:20:23, 0.0, 7.29e-08
2018-08-05, 09:20:25, 0.0, 7.2e-08
2018-08-05, 09:20:28, 0.0, 7.29e-08
2018-08-05, 09:20:30, 0.0, 7.28e-08
2018-08-05, 09:20:32, 0.0, 7.3e-08
2018-08-05, 09:20:34, 0.0, 7.29e-08
2018-08-05, 09:20:36, 0.0, 7.27e-08
2018-08-05, 09:20:38, 0.0, 7.34e-08
2018-08-05, 09:20:40, 0.0, 7.29e-08
2018-08-05, 09:20:42, 0.0, 7.3e-08
2018-08-05, 09:20:45, 0.0, 7.3e-08
2018-08-05, 09:20:47, 0.0, 7.35e-08
2018-08-05, 09:20:49, 0.0, 7.3e-08
2018-08-05, 09:20:51, 0.0, 7.22e-08
2018-08-05, 09:20:53, 0.0, 7.27e-08
2018-08-05, 09:20:55, 0.0, 7.23e-08
2018-08-05, 09:20:57, 0.0, 7.29e-08
2018-08-05, 09:21:00, 0.0, 7.31e-08
2018-08-05, 09:21:02, 0.0, 7.29e-08
2018-08-05, 09:21:04, 0.0, 7.22e-08
2018-08-05, 09:21:06, 0.0, 7.33e-08
2018-08-05, 09:21:08, 0.0, 7.33e-08
2018-08-05, 09:21:10, 0.0, 7.32e-08
2018-08-05, 09:21:12, 0.0, 7.3e-08
2018-08-05, 09:21:14, 0.0, 7.3e-08
2018-08-05, 09:21:17, 0.0, 7.26e-08
2018-08-05, 09:21:19, 0.0, 7.25e-08
2018-08-05, 09:21:21, 0.0, 7.28e-08
2018-08-05, 09:21:23, 0.0, 7.17e-08
2018-08-05, 09:21:25, 0.0, 7.25e-08
2018-08-05, 09:21:27, 0.0, 7.33e-08
2018-08-05, 09:21:29, 0.0, 7.31e-08
2018-08-05, 09:21:31, 0.0, 7.31e-08
2018-08-05, 09:21:34, 0.0, 7.29e-08
2018-08-05, 09:21:36, 0.0, 7.24e-08
2018-08-05, 09:21:38, 0.0, 7.28e-08
2018-08-05, 09:21:40, 0.0, 7.26e-08
2018-08-05, 09:21:42, 0.0, 7.27e-08
2018-08-05, 09:21:44, 0.0, 7.21e-08
2018-08-05, 09:21:46, 0.0, 7.3e-08
2018-08-05, 09:21:48, 0.0, 7.32e-08
2018-08-05, 09:21:51, 0.0, 7.25e-08
2018-08-05, 09:21:53, 0.0, 7.19e-08
2018-08-05, 09:21:55, 0.0, 7.26e-08
2018-08-05, 09:21:57, 0.0, 7.33e-08
2018-08-05, 09:21:59, 0.0, 7.27e-08
2018-08-05, 09:22:01, 0.0, 7.28e-08
2018-08-05, 09:22:03, 0.0, 7.25e-08
2018-08-05, 09:22:05, 0.0, 7.29e-08
2018-08-05, 09:22:08, 0.0, 7.3e-08
2018-08-05, 09:22:10, 0.0, 7.32e-08
2018-08-05, 09:22:12, 0.0, 7.23e-08
2018-08-05, 09:22:14, 0.0, 7.27e-08
2018-08-05, 09:22:16, 0.0, 7.26e-08
2018-08-05, 09:22:18, 0.0, 7.28e-08
2018-08-05, 09:22:20, 0.0, 7.28e-08
2018-08-05, 09:22:23, 0.0, 7.22e-08
2018-08-05, 09:22:25, 0.0, 7.33e-08
2018-08-05, 09:22:27, 0.0, 7.21e-08
2018-08-05, 09:22:29, 0.0, 7.27e-08
2018-08-05, 09:22:31, 0.0, 7.3e-08
2018-08-05, 09:22:33, 0.0, 7.29e-08
2018-08-05, 09:22:35, 0.0, 7.28e-08
2018-08-05, 09:22:37, 0.0, 7.34e-08
2018-08-05, 09:22:40, 0.0, 7.28e-08
2018-08-05, 09:22:42, 0.0, 7.26e-08
2018-08-05, 09:22:44, 0.0, 7.26e-08
2018-08-05, 09:22:46, 0.0, 7.34e-08
2018-08-05, 09:22:48, 0.0, 7.28e-08
2018-08-05, 09:22:50, 0.0, 7.27e-08
2018-08-05, 09:22:52, 0.0, 7.33e-08
2018-08-05, 09:22:54, 0.0, 7.26e-08
2018-08-05, 09:22:56, 0.0, 7.29e-08
2018-08-05, 09:22:59, 0.0, 7.24e-08
2018-08-05, 09:23:01, 0.0, 7.19e-08
2018-08-05, 09:23:03, 0.0, 7.24e-08
2018-08-05, 09:23:05, 0.0, 7.24e-08
2018-08-05, 09:23:07, 0.0, 7.28e-08
2018-08-05, 09:23:09, 0.0, 7.28e-08
2018-08-05, 09:23:11, 0.0, 7.31e-08
2018-08-05, 09:23:14, 0.0, 7.26e-08
2018-08-05, 09:23:16, 0.0, 7.21e-08
2018-08-05, 09:23:18, 0.0, 7.2e-08
2018-08-05, 09:23:20, 0.0, 7.26e-08
2018-08-05, 09:23:22, 0.0, 7.22e-08
2018-08-05, 09:23:24, 0.0, 7.2e-08
2018-08-05, 09:23:26, 0.0, 7.15e-08
2018-08-05, 09:23:28, 0.0, 7.16e-08
2018-08-05, 09:23:31, 0.0, 7.18e-08
2018-08-05, 09:23:33, 0.0, 7.24e-08
2018-08-05, 09:23:35, 0.0, 7.13e-08
2018-08-05, 09:23:37, 0.0, 7.18e-08
2018-08-05, 09:23:39, 0.0, 7.2e-08
2018-08-05, 09:23:41, 0.0, 7.26e-08
2018-08-05, 09:23:43, 0.0, 7.2e-08
2018-08-05, 09:23:45, 0.0, 7.25e-08
2018-08-05, 09:23:48, 0.0, 7.24e-08
2018-08-05, 09:23:50, 0.0, 7.25e-08
2018-08-05, 09:23:52, 0.0, 7.22e-08
2018-08-05, 09:23:54, 0.0, 7.33e-08
2018-08-05, 09:23:56, 0.0, 7.28e-08
2018-08-05, 09:23:58, 0.0, 7.27e-08
2018-08-05, 09:24:00, 0.0, 7.35e-08
2018-08-05, 09:24:02, 0.0, 7.28e-08
2018-08-05, 09:24:05, 0.0, 7.26e-08
2018-08-05, 09:24:07, 0.0, 7.29e-08
2018-08-05, 09:24:09, 0.0, 7.33e-08
2018-08-05, 09:24:11, 0.0, 7.3e-08
2018-08-05, 09:24:13, 0.0, 7.32e-08
2018-08-05, 09:24:15, 0.0, 7.3e-08
2018-08-05, 09:24:17, 0.0, 7.26e-08
2018-08-05, 09:24:19, 0.0, 7.28e-08
2018-08-05, 09:24:22, 0.0, 7.27e-08
2018-08-05, 09:24:24, 0.0, 7.3e-08
2018-08-05, 09:24:26, 0.0, 7.29e-08
2018-08-05, 09:24:28, 0.0, 7.29e-08
2018-08-05, 09:24:30, 0.0, 7.26e-08
2018-08-05, 09:24:32, 0.0, 7.31e-08
2018-08-05, 09:24:34, 0.0, 7.33e-08
2018-08-05, 09:24:36, 0.0, 7.29e-08
2018-08-05, 09:24:39, 0.0, 7.26e-08
2018-08-05, 09:24:41, 0.0, 7.27e-08
2018-08-05, 09:24:43, 0.0, 7.25e-08
2018-08-05, 09:24:45, 0.0, 7.27e-08
2018-08-05, 09:24:47, 0.0, 7.29e-08
2018-08-05, 09:24:49, 0.0, 7.26e-08
2018-08-05, 09:24:51, 0.0, 7.35e-08
2018-08-05, 09:24:53, 0.0, 7.32e-08
2018-08-05, 09:24:56, 0.0, 7.31e-08
2018-08-05, 09:24:58, 0.0, 7.28e-08
2018-08-05, 09:25:00, 0.0, 7.25e-08
2018-08-05, 09:25:02, 0.0, 7.33e-08
2018-08-05, 09:25:04, 0.0, 7.33e-08
2018-08-05, 09:25:06, 0.0, 7.31e-08
2018-08-05, 09:25:08, 0.0, 7.34e-08
2018-08-05, 09:25:10, 0.0, 7.27e-08
2018-08-05, 09:25:13, 0.0, 7.27e-08
2018-08-05, 09:25:15, 0.0, 7.26e-08
2018-08-05, 09:25:17, 0.0, 7.32e-08
2018-08-05, 09:25:19, 0.0, 7.27e-08
2018-08-05, 09:25:21, 0.0, 7.34e-08
2018-08-05, 09:25:23, 0.0, 7.23e-08
2018-08-05, 09:25:25, 0.0, 7.28e-08
2018-08-05, 09:25:28, 0.0, 7.34e-08
2018-08-05, 09:25:30, 0.0, 7.26e-08
2018-08-05, 09:25:32, 0.0, 7.26e-08
2018-08-05, 09:25:34, 0.0, 7.27e-08
2018-08-05, 09:25:36, 0.0, 7.28e-08
2018-08-05, 09:25:38, 0.0, 7.24e-08
2018-08-05, 09:25:40, 0.0, 7.29e-08
2018-08-05, 09:25:42, 0.0, 7.37e-08
2018-08-05, 09:25:45, 0.0, 7.33e-08
2018-08-05, 09:25:47, 0.0, 7.26e-08
2018-08-05, 09:25:49, 0.0, 7.31e-08
2018-08-05, 09:25:51, 0.0, 7.35e-08
2018-08-05, 09:25:53, 0.0, 7.31e-08
2018-08-05, 09:25:55, 0.0, 7.36e-08
2018-08-05, 09:25:57, 0.0, 7.29e-08
2018-08-05, 09:25:59, 0.0, 7.26e-08
2018-08-05, 09:26:02, 0.0, 7.32e-08
2018-08-05, 09:26:04, 0.0, 7.3e-08
2018-08-05, 09:26:06, 0.0, 7.39e-08
2018-08-05, 09:26:08, 0.0, 7.31e-08
2018-08-05, 09:26:10, 0.0, 7.33e-08
2018-08-05, 09:26:12, 0.0, 7.36e-08
2018-08-05, 09:26:14, 0.0, 7.3e-08
2018-08-05, 09:26:16, 0.0, 7.32e-08
2018-08-05, 09:26:19, 0.0, 7.26e-08
2018-08-05, 09:26:21, 0.0, 7.34e-08
2018-08-05, 09:26:23, 0.0, 7.34e-08
2018-08-05, 09:26:25, 0.0, 7.29e-08
2018-08-05, 09:26:27, 0.0, 7.36e-08
2018-08-05, 09:26:29, 0.0, 7.32e-08
2018-08-05, 09:26:31, 0.0, 7.35e-08
2018-08-05, 09:26:34, 0.0, 7.31e-08
2018-08-05, 09:26:36, 0.0, 7.26e-08
2018-08-05, 09:26:38, 0.0, 7.35e-08
2018-08-05, 09:26:40, 0.0, 7.34e-08
2018-08-05, 09:26:42, 0.0, 7.33e-08
2018-08-05, 09:26:44, 0.0, 7.31e-08
2018-08-05, 09:26:46, 0.0, 7.27e-08
2018-08-05, 09:26:48, 0.0, 7.27e-08
2018-08-05, 09:26:51, 0.0, 7.3e-08
2018-08-05, 09:26:53, 0.0, 7.3e-08
2018-08-05, 09:26:55, 0.0, 7.32e-08
2018-08-05, 09:26:57, 0.0, 7.27e-08
2018-08-05, 09:26:59, 0.0, 7.31e-08
2018-08-05, 09:27:01, 0.0, 7.31e-08
2018-08-05, 09:27:03, 0.0, 7.4e-08
2018-08-05, 09:27:05, 0.0, 7.28e-08
2018-08-05, 09:27:08, 0.0, 7.34e-08
2018-08-05, 09:27:10, 0.0, 7.32e-08
2018-08-05, 09:27:12, 0.0, 7.27e-08
2018-08-05, 09:27:14, 0.0, 7.34e-08
2018-08-05, 09:27:16, 0.0, 7.34e-08
2018-08-05, 09:27:18, 0.0, 7.39e-08
2018-08-05, 09:27:20, 0.0, 7.31e-08
2018-08-05, 09:27:22, 0.0, 7.24e-08
2018-08-05, 09:27:25, 0.0, 7.28e-08
2018-08-05, 09:27:27, 0.0, 7.37e-08
2018-08-05, 09:27:29, 0.0, 7.38e-08
2018-08-05, 09:27:31, 0.0, 7.34e-08
2018-08-05, 09:27:33, 0.0, 7.33e-08
2018-08-05, 09:27:35, 0.0, 7.3e-08
2018-08-05, 09:27:37, 0.0, 7.3e-08
2018-08-05, 09:27:39, 0.0, 7.27e-08
2018-08-05, 09:27:42, 0.0, 7.25e-08
2018-08-05, 09:27:44, 0.0, 7.33e-08
2018-08-05, 09:27:46, 0.0, 7.32e-08
2018-08-05, 09:27:48, 0.0, 7.29e-08
2018-08-05, 09:27:50, 0.0, 7.25e-08
2018-08-05, 09:27:52, 0.0, 7.31e-08
2018-08-05, 09:27:54, 0.0, 7.28e-08
2018-08-05, 09:27:56, 0.0, 7.3e-08
2018-08-05, 09:27:59, 0.0, 7.26e-08
2018-08-05, 09:28:01, 0.0, 7.23e-08
2018-08-05, 09:28:03, 0.0, 7.34e-08
2018-08-05, 09:28:05, 0.0, 7.34e-08
2018-08-05, 09:28:07, 0.0, 7.28e-08
2018-08-05, 09:28:09, 0.0, 7.33e-08
2018-08-05, 09:28:11, 0.0, 7.3e-08
2018-08-05, 09:28:13, 0.0, 7.3e-08
2018-08-05, 09:28:16, 0.0, 7.37e-08
2018-08-05, 09:28:18, 0.0, 7.36e-08
2018-08-05, 09:28:20, 0.0, 7.33e-08
2018-08-05, 09:28:22, 0.0, 7.36e-08
2018-08-05, 09:28:24, 0.0, 7.29e-08
2018-08-05, 09:28:26, 0.0, 7.27e-08
2018-08-05, 09:28:28, 0.0, 7.33e-08
2018-08-05, 09:28:30, 0.0, 7.33e-08
2018-08-05, 09:28:33, 0.0, 7.3e-08
2018-08-05, 09:28:35, 0.0, 7.35e-08
2018-08-05, 09:28:37, 0.0, 7.39e-08
2018-08-05, 09:28:39, 0.0, 7.32e-08
2018-08-05, 09:28:41, 0.0, 7.31e-08
2018-08-05, 09:28:43, 0.0, 7.37e-08
2018-08-05, 09:28:45, 0.0, 7.3e-08
2018-08-05, 09:28:47, 0.0, 7.39e-08
2018-08-05, 09:28:50, 0.0, 7.28e-08
2018-08-05, 09:28:52, 0.0, 7.33e-08
2018-08-05, 09:28:54, 0.0, 7.24e-08
2018-08-05, 09:28:56, 0.0, 7.33e-08
2018-08-05, 09:28:58, 0.0, 7.34e-08
2018-08-05, 09:29:00, 0.0, 7.28e-08
2018-08-05, 09:29:02, 0.0, 7.25e-08
2018-08-05, 09:29:04, 0.0, 7.36e-08
2018-08-05, 09:29:07, 0.0, 7.29e-08
2018-08-05, 09:29:09, 0.0, 7.3e-08
2018-08-05, 09:29:11, 0.0, 7.3e-08
2018-08-05, 09:29:13, 0.0, 7.28e-08
2018-08-05, 09:29:15, 0.0, 7.26e-08
2018-08-05, 09:29:17, 0.0, 7.31e-08
2018-08-05, 09:29:19, 0.0, 7.24e-08
2018-08-05, 09:29:22, 0.0, 7.32e-08
2018-08-05, 09:29:24, 0.0, 7.3e-08
2018-08-05, 09:29:26, 0.0, 7.27e-08
2018-08-05, 09:29:28, 0.0, 7.33e-08
2018-08-05, 09:29:30, 0.0, 7.31e-08
2018-08-05, 09:29:32, 0.0, 7.26e-08
2018-08-05, 09:29:34, 0.0, 7.37e-08
2018-08-05, 09:29:36, 0.0, 7.37e-08
2018-08-05, 09:29:39, 0.0, 7.3e-08
2018-08-05, 09:29:41, 0.0, 7.35e-08
2018-08-05, 09:29:43, 0.0, 7.32e-08
2018-08-05, 09:29:45, 0.0, 7.24e-08
2018-08-05, 09:29:47, 0.0, 7.27e-08
2018-08-05, 09:29:49, 0.0, 7.28e-08
2018-08-05, 09:29:51, 0.0, 7.27e-08
2018-08-05, 09:29:53, 0.0, 7.31e-08
2018-08-05, 09:29:56, 0.0, 7.23e-08
2018-08-05, 09:29:58, 0.0, 7.26e-08
2018-08-05, 09:30:00, 0.0, 7.35e-08
2018-08-05, 09:30:02, 0.0, 7.31e-08
2018-08-05, 09:30:04, 0.0, 7.21e-08
2018-08-05, 09:30:06, 0.0, 7.34e-08
2018-08-05, 09:30:08, 0.0, 7.41e-08
2018-08-05, 09:30:11, 0.0, 7.3e-08
2018-08-05, 09:30:13, 0.0, 7.29e-08
2018-08-05, 09:30:15, 0.0, 7.3e-08
2018-08-05, 09:30:17, 0.0, 7.24e-08
2018-08-05, 09:30:19, 0.0, 7.33e-08
2018-08-05, 09:30:21, 0.0, 7.3e-08
2018-08-05, 09:30:23, 0.0, 7.26e-08
2018-08-05, 09:30:25, 0.0, 7.25e-08
2018-08-05, 09:30:28, 0.0, 7.33e-08
2018-08-05, 09:30:30, 0.0, 7.38e-08
2018-08-05, 09:30:32, 0.0, 7.31e-08
2018-08-05, 09:30:34, 0.0, 7.34e-08
2018-08-05, 09:30:36, 0.0, 7.28e-08
2018-08-05, 09:30:38, 0.0, 7.33e-08
2018-08-05, 09:30:40, 0.0, 7.3e-08
2018-08-05, 09:30:43, 0.0, 7.29e-08
2018-08-05, 09:30:45, 0.0, 7.28e-08
2018-08-05, 09:30:47, 0.0, 7.24e-08
2018-08-05, 09:30:49, 0.0, 7.29e-08
2018-08-05, 09:30:51, 0.0, 7.28e-08
2018-08-05, 09:30:53, 0.0, 7.34e-08
2018-08-05, 09:30:55, 0.0, 7.24e-08
2018-08-05, 09:30:57, 0.0, 7.3e-08
2018-08-05, 09:31:00, 0.0, 7.22e-08
2018-08-05, 09:31:02, 0.0, 7.23e-08
2018-08-05, 09:31:04, 0.0, 7.32e-08
2018-08-05, 09:31:06, 0.0, 7.28e-08
2018-08-05, 09:31:08, 0.0, 7.25e-08
2018-08-05, 09:31:10, 0.0, 7.31e-08
2018-08-05, 09:31:12, 0.0, 7.31e-08
2018-08-05, 09:31:14, 0.0, 7.26e-08
2018-08-05, 09:31:17, 0.0, 7.26e-08
2018-08-05, 09:31:19, 0.0, 7.24e-08
2018-08-05, 09:31:21, 0.0, 7.34e-08
2018-08-05, 09:31:23, 0.0, 7.18e-08
2018-08-05, 09:31:25, 0.0, 7.27e-08
2018-08-05, 09:31:27, 0.0, 7.27e-08
2018-08-05, 09:31:29, 0.0, 7.29e-08
2018-08-05, 09:31:31, 0.0, 7.33e-08
2018-08-05, 09:31:34, 0.0, 7.37e-08
2018-08-05, 09:31:36, 0.0, 7.28e-08
2018-08-05, 09:31:38, 0.0, 7.24e-08
2018-08-05, 09:31:40, 0.0, 7.35e-08
2018-08-05, 09:31:42, 0.0, 7.25e-08
2018-08-05, 09:31:44, 0.0, 7.35e-08
2018-08-05, 09:31:46, 0.0, 7.31e-08
2018-08-05, 09:31:48, 0.0, 7.24e-08
2018-08-05, 09:31:51, 0.0, 7.33e-08
2018-08-05, 09:31:53, 0.0, 7.3e-08
2018-08-05, 09:31:55, 0.0, 7.3e-08
2018-08-05, 09:31:57, 0.0, 7.33e-08
2018-08-05, 09:31:59, 0.0, 7.28e-08
2018-08-05, 09:32:01, 0.0, 7.26e-08
2018-08-05, 09:32:03, 0.0, 7.34e-08
2018-08-05, 09:32:06, 0.0, 7.33e-08
2018-08-05, 09:32:08, 0.0, 7.33e-08
2018-08-05, 09:32:10, 0.0, 7.32e-08
2018-08-05, 09:32:12, 0.0, 7.27e-08
2018-08-05, 09:32:14, 0.0, 7.26e-08
2018-08-05, 09:32:16, 0.0, 7.36e-08
2018-08-05, 09:32:18, 0.0, 7.32e-08
2018-08-05, 09:32:20, 0.0, 7.22e-08
2018-08-05, 09:32:23, 0.0, 7.3e-08
2018-08-05, 09:32:25, 0.0, 7.19e-08
2018-08-05, 09:32:27, 0.0, 7.19e-08
2018-08-05, 09:32:29, 0.0, 7.28e-08
2018-08-05, 09:32:31, 0.0, 7.26e-08
2018-08-05, 09:32:33, 0.0, 7.33e-08
2018-08-05, 09:32:35, 0.0, 7.25e-08
2018-08-05, 09:32:37, 0.0, 7.3e-08
2018-08-05, 09:32:40, 0.0, 7.34e-08
2018-08-05, 09:32:42, 0.0, 7.32e-08
2018-08-05, 09:32:44, 0.0, 7.26e-08
2018-08-05, 09:32:46, 0.0, 7.25e-08
2018-08-05, 09:32:48, 0.0, 7.28e-08
2018-08-05, 09:32:50, 0.0, 7.29e-08
2018-08-05, 09:32:52, 0.0, 7.27e-08
2018-08-05, 09:32:54, 0.0, 7.23e-08
2018-08-05, 09:32:57, 0.0, 7.24e-08
2018-08-05, 09:32:59, 0.0, 7.26e-08
2018-08-05, 09:33:01, 0.0, 7.31e-08
2018-08-05, 09:33:03, 0.0, 7.35e-08
2018-08-05, 09:33:05, 0.0, 7.29e-08
2018-08-05, 09:33:07, 0.0, 7.23e-08
2018-08-05, 09:33:09, 0.0, 7.29e-08
2018-08-05, 09:33:11, 0.0, 7.31e-08
2018-08-05, 09:33:14, 0.0, 7.23e-08
2018-08-05, 09:33:16, 0.0, 7.25e-08
2018-08-05, 09:33:18, 0.0, 7.31e-08
2018-08-05, 09:33:20, 0.0, 7.29e-08
2018-08-05, 09:33:22, 0.0, 7.26e-08
2018-08-05, 09:33:24, 0.0, 7.28e-08
2018-08-05, 09:33:26, 0.0, 7.29e-08
2018-08-05, 09:33:29, 0.0, 7.28e-08
2018-08-05, 09:33:31, 0.0, 7.32e-08
2018-08-05, 09:33:33, 0.0, 7.34e-08
2018-08-05, 09:33:35, 0.0, 7.31e-08
2018-08-05, 09:33:37, 0.0, 7.29e-08
2018-08-05, 09:33:39, 0.0, 7.3e-08
2018-08-05, 09:33:41, 0.0, 7.27e-08
2018-08-05, 09:33:43, 0.0, 7.25e-08
2018-08-05, 09:33:46, 0.0, 7.28e-08
2018-08-05, 09:33:48, 0.0, 7.34e-08
2018-08-05, 09:33:50, 0.0, 7.24e-08
2018-08-05, 09:33:52, 0.0, 7.33e-08
2018-08-05, 09:33:54, 0.0, 7.29e-08
2018-08-05, 09:33:56, 0.0, 7.28e-08
2018-08-05, 09:33:58, 0.0, 7.3e-08
2018-08-05, 09:34:00, 0.0, 7.23e-08
2018-08-05, 09:34:03, 0.0, 7.29e-08
2018-08-05, 09:34:05, 0.0, 7.28e-08
2018-08-05, 09:34:07, 0.0, 7.26e-08
2018-08-05, 09:34:09, 0.0, 7.3e-08
2018-08-05, 09:34:11, 0.0, 7.2e-08
2018-08-05, 09:34:13, 0.0, 7.23e-08
2018-08-05, 09:34:15, 0.0, 7.23e-08
2018-08-05, 09:34:17, 0.0, 7.29e-08
2018-08-05, 09:34:20, 0.0, 7.24e-08
2018-08-05, 09:34:22, 0.0, 7.23e-08
2018-08-05, 09:34:24, 0.0, 7.3e-08
2018-08-05, 09:34:26, 0.0, 7.26e-08
2018-08-05, 09:34:28, 0.0, 7.32e-08
2018-08-05, 09:34:30, 0.0, 7.31e-08
2018-08-05, 09:34:32, 0.0, 7.28e-08
2018-08-05, 09:34:34, 0.0, 7.25e-08
2018-08-05, 09:34:37, 0.0, 7.28e-08
2018-08-05, 09:34:39, 0.0, 7.21e-08
2018-08-05, 09:34:41, 0.0, 7.28e-08
2018-08-05, 09:34:43, 0.0, 7.19e-08
2018-08-05, 09:34:45, 0.0, 7.33e-08
2018-08-05, 09:34:47, 0.0, 7.28e-08
2018-08-05, 09:34:49, 0.0, 7.29e-08
2018-08-05, 09:34:52, 0.0, 7.27e-08
2018-08-05, 09:34:54, 0.0, 7.26e-08
2018-08-05, 09:34:56, 0.0, 7.26e-08
2018-08-05, 09:34:58, 0.0, 7.22e-08
2018-08-05, 09:35:00, 0.0, 7.32e-08
2018-08-05, 09:35:02, 0.0, 7.29e-08
2018-08-05, 09:35:04, 0.0, 7.24e-08
2018-08-05, 09:35:06, 0.0, 7.24e-08
2018-08-05, 09:35:09, 0.0, 7.25e-08
2018-08-05, 09:35:11, 0.0, 7.28e-08
2018-08-05, 09:35:13, 0.0, 7.22e-08
2018-08-05, 09:35:15, 0.0, 7.19e-08
2018-08-05, 09:35:17, 0.0, 7.31e-08
2018-08-05, 09:35:19, 0.0, 7.25e-08
2018-08-05, 09:35:21, 0.0, 7.29e-08
2018-08-05, 09:35:23, 0.0, 7.27e-08
2018-08-05, 09:35:26, 0.0, 7.33e-08
2018-08-05, 09:35:28, 0.0, 7.34e-08
2018-08-05, 09:35:30, 0.0, 7.29e-08
2018-08-05, 09:35:32, 0.0, 7.29e-08
2018-08-05, 09:35:34, 0.0, 7.28e-08
2018-08-05, 09:35:36, 0.0, 7.35e-08
2018-08-05, 09:35:38, 0.0, 7.32e-08
2018-08-05, 09:35:40, 0.0, 7.3e-08
2018-08-05, 09:35:43, 0.0, 7.24e-08
2018-08-05, 09:35:45, 0.0, 7.25e-08
2018-08-05, 09:35:47, 0.0, 7.29e-08
2018-08-05, 09:35:49, 0.0, 7.27e-08
2018-08-05, 09:35:51, 0.0, 7.26e-08
2018-08-05, 09:35:53, 0.0, 7.25e-08
2018-08-05, 09:35:55, 0.0, 7.25e-08
2018-08-05, 09:35:58, 0.0, 7.21e-08
2018-08-05, 09:36:00, 0.0, 7.22e-08
2018-08-05, 09:36:02, 0.0, 7.25e-08
2018-08-05, 09:36:04, 0.0, 7.2e-08
2018-08-05, 09:36:06, 0.0, 7.21e-08
2018-08-05, 09:36:08, 0.0, 7.25e-08
2018-08-05, 09:36:10, 0.0, 7.21e-08
2018-08-05, 09:36:12, 0.0, 7.3e-08
2018-08-05, 09:36:15, 0.0, 7.31e-08
2018-08-05, 09:36:17, 0.0, 7.27e-08
2018-08-05, 09:36:19, 0.0, 7.32e-08
2018-08-05, 09:36:21, 0.0, 7.29e-08
2018-08-05, 09:36:23, 0.0, 7.28e-08
2018-08-05, 09:36:25, 0.0, 7.26e-08
2018-08-05, 09:36:27, 0.0, 7.28e-08
2018-08-05, 09:36:29, 0.0, 7.21e-08
2018-08-05, 09:36:32, 0.0, 7.24e-08
2018-08-05, 09:36:34, 0.0, 7.25e-08
2018-08-05, 09:36:36, 0.0, 7.34e-08
2018-08-05, 09:36:38, 0.0, 7.26e-08
2018-08-05, 09:36:40, 0.0, 7.22e-08
2018-08-05, 09:36:42, 0.0, 7.25e-08
2018-08-05, 09:36:44, 0.0, 7.26e-08
2018-08-05, 09:36:46, 0.0, 7.24e-08
2018-08-05, 09:36:49, 0.0, 7.26e-08
2018-08-05, 09:36:51, 0.0, 7.26e-08
2018-08-05, 09:36:53, 0.0, 7.24e-08
2018-08-05, 09:36:55, 0.0, 7.19e-08
2018-08-05, 09:36:57, 0.0, 7.26e-08
2018-08-05, 09:36:59, 0.0, 7.27e-08
2018-08-05, 09:37:01, 0.0, 7.25e-08
2018-08-05, 09:37:04, 0.0, 7.35e-08
2018-08-05, 09:37:06, 0.0, 7.27e-08
2018-08-05, 09:37:08, 0.0, 7.23e-08
2018-08-05, 09:37:10, 0.0, 7.28e-08
2018-08-05, 09:37:12, 0.0, 7.33e-08
2018-08-05, 09:37:14, 0.0, 7.27e-08
2018-08-05, 09:37:16, 0.0, 7.32e-08
2018-08-05, 09:37:18, 0.0, 7.3e-08
2018-08-05, 09:37:21, 0.0, 7.24e-08
2018-08-05, 09:37:23, 0.0, 7.26e-08
2018-08-05, 09:37:25, 0.0, 7.23e-08
2018-08-05, 09:37:27, 0.0, 7.25e-08
2018-08-05, 09:37:29, 0.0, 7.26e-08
2018-08-05, 09:37:31, 0.0, 7.21e-08
2018-08-05, 09:37:33, 0.0, 7.23e-08
2018-08-05, 09:37:35, 0.0, 7.23e-08
2018-08-05, 09:37:38, 0.0, 7.26e-08
2018-08-05, 09:37:40, 0.0, 7.25e-08
2018-08-05, 09:37:42, 0.0, 7.27e-08
2018-08-05, 09:37:44, 0.0, 7.25e-08
2018-08-05, 09:37:46, 0.0, 7.28e-08
2018-08-05, 09:37:48, 0.0, 7.27e-08
2018-08-05, 09:37:50, 0.0, 7.32e-08
2018-08-05, 09:37:52, 0.0, 7.23e-08
2018-08-05, 09:37:55, 0.0, 7.28e-08
2018-08-05, 09:37:57, 0.0, 7.27e-08
2018-08-05, 09:37:59, 0.0, 7.24e-08
2018-08-05, 09:38:01, 0.0, 7.26e-08
2018-08-05, 09:38:03, 0.0, 7.29e-08
2018-08-05, 09:38:05, 0.0, 7.27e-08
2018-08-05, 09:38:07, 0.0, 7.23e-08
2018-08-05, 09:38:09, 0.0, 7.28e-08
2018-08-05, 09:38:12, 0.0, 7.28e-08
2018-08-05, 09:38:14, 0.0, 7.24e-08
2018-08-05, 09:38:16, 0.0, 7.24e-08
2018-08-05, 09:38:18, 0.0, 7.22e-08
2018-08-05, 09:38:20, 0.0, 7.24e-08
2018-08-05, 09:38:22, 0.0, 7.25e-08
2018-08-05, 09:38:24, 0.0, 7.28e-08
2018-08-05, 09:38:27, 0.0, 7.32e-08
2018-08-05, 09:38:29, 0.0, 7.32e-08
2018-08-05, 09:38:31, 0.0, 7.23e-08
2018-08-05, 09:38:33, 0.0, 7.23e-08
2018-08-05, 09:38:35, 0.0, 7.25e-08
2018-08-05, 09:38:37, 0.0, 7.27e-08
2018-08-05, 09:38:39, 0.0, 7.24e-08
2018-08-05, 09:38:41, 0.0, 7.22e-08
2018-08-05, 09:38:44, 0.0, 7.21e-08
2018-08-05, 09:38:46, 0.0, 7.26e-08
2018-08-05, 09:38:48, 0.0, 7.3e-08
2018-08-05, 09:38:50, 0.0, 7.33e-08
2018-08-05, 09:38:52, 0.0, 7.29e-08
2018-08-05, 09:38:54, 0.0, 7.33e-08
2018-08-05, 09:38:56, 0.0, 7.18e-08
2018-08-05, 09:38:58, 0.0, 7.24e-08
2018-08-05, 09:39:01, 0.0, 7.29e-08
2018-08-05, 09:39:03, 0.0, 7.28e-08
2018-08-05, 09:39:05, 0.0, 7.32e-08
2018-08-05, 09:39:07, 0.0, 7.27e-08
2018-08-05, 09:39:09, 0.0, 7.36e-08
2018-08-05, 09:39:11, 0.0, 7.26e-08
2018-08-05, 09:39:13, 0.0, 7.31e-08
2018-08-05, 09:39:15, 0.0, 7.32e-08
2018-08-05, 09:39:18, 0.0, 7.35e-08
2018-08-05, 09:39:20, 0.0, 7.31e-08
2018-08-05, 09:39:22, 0.0, 7.27e-08
2018-08-05, 09:39:24, 0.0, 7.29e-08
2018-08-05, 09:39:26, 0.0, 7.3e-08
2018-08-05, 09:39:28, 0.0, 7.24e-08
2018-08-05, 09:39:30, 0.0, 7.33e-08
2018-08-05, 09:39:32, 0.0, 7.29e-08
2018-08-05, 09:39:35, 0.0, 7.24e-08
2018-08-05, 09:39:37, 0.0, 7.29e-08
2018-08-05, 09:39:39, 0.0, 7.28e-08
2018-08-05, 09:39:41, 0.0, 7.28e-08
2018-08-05, 09:39:43, 0.0, 7.27e-08
2018-08-05, 09:39:45, 0.0, 7.27e-08
2018-08-05, 09:39:47, 0.0, 7.35e-08
2018-08-05, 09:39:49, 0.0, 7.31e-08
2018-08-05, 09:39:52, 0.0, 7.34e-08
2018-08-05, 09:39:54, 0.0, 7.2e-08
2018-08-05, 09:39:56, 0.0, 7.2e-08
2018-08-05, 09:39:58, 0.0, 7.26e-08
2018-08-05, 09:40:00, 0.0, 7.26e-08
2018-08-05, 09:40:02, 0.0, 7.3e-08
2018-08-05, 09:40:05, 0.0, 7.3e-08
2018-08-05, 09:40:07, 0.0, 7.29e-08
2018-08-05, 09:40:09, 0.0, 7.24e-08
2018-08-05, 09:40:11, 0.0, 7.26e-08
2018-08-05, 09:40:13, 0.0, 7.27e-08
2018-08-05, 09:40:15, 0.0, 7.25e-08
2018-08-05, 09:40:17, 0.0, 7.28e-08
2018-08-05, 09:40:19, 0.0, 7.26e-08
2018-08-05, 09:40:22, 0.0, 7.31e-08
2018-08-05, 09:40:24, 0.0, 7.31e-08
2018-08-05, 09:40:26, 0.0, 7.24e-08
2018-08-05, 09:40:28, 0.0, 7.29e-08
2018-08-05, 09:40:30, 0.0, 7.25e-08
2018-08-05, 09:40:32, 0.0, 7.34e-08
2018-08-05, 09:40:34, 0.0, 7.29e-08
2018-08-05, 09:40:37, 0.0, 7.32e-08
2018-08-05, 09:40:39, 0.0, 7.35e-08
2018-08-05, 09:40:41, 0.0, 7.28e-08
2018-08-05, 09:40:43, 0.0, 7.3e-08
2018-08-05, 09:40:45, 0.0, 7.26e-08
2018-08-05, 09:40:47, 0.0, 7.29e-08
2018-08-05, 09:40:49, 0.0, 7.25e-08
2018-08-05, 09:40:51, 0.0, 7.29e-08
2018-08-05, 09:40:54, 0.0, 7.28e-08
2018-08-05, 09:40:56, 0.0, 7.34e-08
2018-08-05, 09:40:58, 0.0, 7.35e-08
2018-08-05, 09:41:00, 0.0, 7.29e-08
2018-08-05, 09:41:02, 0.0, 7.32e-08
2018-08-05, 09:41:04, 0.0, 7.32e-08
2018-08-05, 09:41:06, 0.0, 7.27e-08
2018-08-05, 09:41:08, 0.0, 7.23e-08
2018-08-05, 09:41:11, 0.0, 7.28e-08
2018-08-05, 09:41:13, 0.0, 7.28e-08
2018-08-05, 09:41:15, 0.0, 7.26e-08
2018-08-05, 09:41:17, 0.0, 7.27e-08
2018-08-05, 09:41:19, 0.0, 7.32e-08
2018-08-05, 09:41:21, 0.0, 7.26e-08
2018-08-05, 09:41:23, 0.0, 7.26e-08
2018-08-05, 09:41:26, 0.0, 7.28e-08
2018-08-05, 09:41:28, 0.0, 7.26e-08
2018-08-05, 09:41:30, 0.0, 7.32e-08
2018-08-05, 09:41:32, 0.0, 7.26e-08
2018-08-05, 09:41:34, 0.0, 7.27e-08
2018-08-05, 09:41:36, 0.0, 7.32e-08
2018-08-05, 09:41:38, 0.0, 7.29e-08
2018-08-05, 09:41:40, 0.0, 7.34e-08
2018-08-05, 09:41:43, 0.0, 7.27e-08
2018-08-05, 09:41:45, 0.0, 7.36e-08
2018-08-05, 09:41:47, 0.0, 7.32e-08
2018-08-05, 09:41:49, 0.0, 7.33e-08
2018-08-05, 09:41:51, 0.0, 7.27e-08
2018-08-05, 09:41:53, 0.0, 7.36e-08
2018-08-05, 09:41:55, 0.0, 7.26e-08
2018-08-05, 09:41:57, 0.0, 7.33e-08
2018-08-05, 09:42:00, 0.0, 7.28e-08
2018-08-05, 09:42:02, 0.0, 7.29e-08
2018-08-05, 09:42:04, 0.0, 7.33e-08
2018-08-05, 09:42:06, 0.0, 7.32e-08
2018-08-05, 09:42:08, 0.0, 7.28e-08
2018-08-05, 09:42:10, 0.0, 7.36e-08
2018-08-05, 09:42:12, 0.0, 7.29e-08
2018-08-05, 09:42:14, 0.0, 7.26e-08
2018-08-05, 09:42:17, 0.0, 7.28e-08
2018-08-05, 09:42:19, 0.0, 7.26e-08
2018-08-05, 09:42:21, 0.0, 7.27e-08
2018-08-05, 09:42:23, 0.0, 7.31e-08
2018-08-05, 09:42:25, 0.0, 7.37e-08
2018-08-05, 09:42:27, 0.0, 7.3e-08
2018-08-05, 09:42:29, 0.0, 7.25e-08
2018-08-05, 09:42:31, 0.0, 7.28e-08
2018-08-05, 09:42:34, 0.0, 7.24e-08
2018-08-05, 09:42:36, 0.0, 7.29e-08
2018-08-05, 09:42:38, 0.0, 7.33e-08
2018-08-05, 09:42:40, 0.0, 7.32e-08
2018-08-05, 09:42:42, 0.0, 7.29e-08
2018-08-05, 09:42:44, 0.0, 7.3e-08
2018-08-05, 09:42:46, 0.0, 7.28e-08
2018-08-05, 09:42:48, 0.0, 7.24e-08
2018-08-05, 09:42:51, 0.0, 7.29e-08
2018-08-05, 09:42:53, 0.0, 7.34e-08
2018-08-05, 09:42:55, 0.0, 7.26e-08
2018-08-05, 09:42:57, 0.0, 7.25e-08
2018-08-05, 09:42:59, 0.0, 7.24e-08
2018-08-05, 09:43:01, 0.0, 7.27e-08
2018-08-05, 09:43:03, 0.0, 7.34e-08
2018-08-05, 09:43:05, 0.0, 7.28e-08
2018-08-05, 09:43:08, 0.0, 7.33e-08
2018-08-05, 09:43:10, 0.0, 7.33e-08
2018-08-05, 09:43:12, 0.0, 7.26e-08
2018-08-05, 09:43:14, 0.0, 7.31e-08
2018-08-05, 09:43:16, 0.0, 7.34e-08
2018-08-05, 09:43:18, 0.0, 7.3e-08
2018-08-05, 09:43:20, 0.0, 7.35e-08
2018-08-05, 09:43:23, 0.0, 7.29e-08
2018-08-05, 09:43:25, 0.0, 7.32e-08
2018-08-05, 09:43:27, 0.0, 7.28e-08
2018-08-05, 09:43:29, 0.0, 7.3e-08
2018-08-05, 09:43:31, 0.0, 7.27e-08
2018-08-05, 09:43:33, 0.0, 7.34e-08
2018-08-05, 09:43:35, 0.0, 7.28e-08
2018-08-05, 09:43:37, 0.0, 7.23e-08
2018-08-05, 09:43:40, 0.0, 7.3e-08
2018-08-05, 09:43:42, 0.0, 7.26e-08
2018-08-05, 09:43:44, 0.0, 7.27e-08
2018-08-05, 09:43:46, 0.0, 7.3e-08
2018-08-05, 09:43:48, 0.0, 7.27e-08
2018-08-05, 09:43:50, 0.0, 7.29e-08
2018-08-05, 09:43:52, 0.0, 7.3e-08
2018-08-05, 09:43:54, 0.0, 7.28e-08
2018-08-05, 09:43:57, 0.0, 7.32e-08
2018-08-05, 09:43:59, 0.0, 7.38e-08
2018-08-05, 09:44:01, 0.0, 7.39e-08
2018-08-05, 09:44:03, 0.0, 7.34e-08
2018-08-05, 09:44:05, 0.0, 7.29e-08
2018-08-05, 09:44:07, 0.0, 7.29e-08
2018-08-05, 09:44:09, 0.0, 7.29e-08
2018-08-05, 09:44:11, 0.0, 7.28e-08
2018-08-05, 09:44:14, 0.0, 7.29e-08
2018-08-05, 09:44:16, 0.0, 7.3e-08
2018-08-05, 09:44:18, 0.0, 7.32e-08
2018-08-05, 09:44:20, 0.0, 7.29e-08
2018-08-05, 09:44:22, 0.0, 7.3e-08
2018-08-05, 09:44:24, 0.0, 7.21e-08
2018-08-05, 09:44:26, 0.0, 7.29e-08
2018-08-05, 09:44:28, 0.0, 7.28e-08
2018-08-05, 09:44:31, 0.0, 7.29e-08
2018-08-05, 09:44:33, 0.0, 7.3e-08
2018-08-05, 09:44:35, 0.0, 7.27e-08
2018-08-05, 09:44:37, 0.0, 7.29e-08
2018-08-05, 09:44:39, 0.0, 7.32e-08
2018-08-05, 09:44:41, 0.0, 7.3e-08
2018-08-05, 09:44:43, 0.0, 7.27e-08
2018-08-05, 09:44:45, 0.0, 7.27e-08
2018-08-05, 09:44:48, 0.0, 7.3e-08
2018-08-05, 09:44:50, 0.0, 7.28e-08
2018-08-05, 09:44:52, 0.0, 7.28e-08
2018-08-05, 09:44:54, 0.0, 7.24e-08
2018-08-05, 09:44:56, 0.0, 7.32e-08
2018-08-05, 09:44:58, 0.0, 7.29e-08
2018-08-05, 09:45:00, 0.0, 7.3e-08
2018-08-05, 09:45:02, 0.0, 7.29e-08
2018-08-05, 09:45:05, 0.0, 7.35e-08
2018-08-05, 09:45:07, 0.0, 7.29e-08
2018-08-05, 09:45:09, 0.0, 7.31e-08
2018-08-05, 09:45:11, 0.0, 7.29e-08
2018-08-05, 09:45:13, 0.0, 7.22e-08
2018-08-05, 09:45:15, 0.0, 7.28e-08
2018-08-05, 09:45:17, 0.0, 7.25e-08
2018-08-05, 09:45:19, 0.0, 7.33e-08
2018-08-05, 09:45:22, 0.0, 7.32e-08
2018-08-05, 09:45:24, 0.0, 7.32e-08
2018-08-05, 09:45:26, 0.0, 7.33e-08
2018-08-05, 09:45:28, 0.0, 7.29e-08
2018-08-05, 09:45:30, 0.0, 7.23e-08
2018-08-05, 09:45:32, 0.0, 7.27e-08
2018-08-05, 09:45:34, 0.0, 7.31e-08
2018-08-05, 09:45:36, 0.0, 7.31e-08
2018-08-05, 09:45:39, 0.0, 7.26e-08
2018-08-05, 09:45:41, 0.0, 7.28e-08
2018-08-05, 09:45:43, 0.0, 7.32e-08
2018-08-05, 09:45:45, 0.0, 7.29e-08
2018-08-05, 09:45:47, 0.0, 7.27e-08
2018-08-05, 09:45:49, 0.0, 7.34e-08
2018-08-05, 09:45:51, 0.0, 7.29e-08
2018-08-05, 09:45:53, 0.0, 7.32e-08
2018-08-05, 09:45:56, 0.0, 7.31e-08
2018-08-05, 09:45:58, 0.0, 7.31e-08
2018-08-05, 09:46:00, 0.0, 7.31e-08
2018-08-05, 09:46:02, 0.0, 7.3e-08
2018-08-05, 09:46:04, 0.0, 7.32e-08
2018-08-05, 09:46:06, 0.0, 7.3e-08
2018-08-05, 09:46:08, 0.0, 7.32e-08
2018-08-05, 09:46:10, 0.0, 7.27e-08
2018-08-05, 09:46:13, 0.0, 7.26e-08
2018-08-05, 09:46:15, 0.0, 7.28e-08
2018-08-05, 09:46:17, 0.0, 7.28e-08
2018-08-05, 09:46:19, 0.0, 7.29e-08
2018-08-05, 09:46:21, 0.0, 7.24e-08
2018-08-05, 09:46:23, 0.0, 7.28e-08
2018-08-05, 09:46:25, 0.0, 7.25e-08
2018-08-05, 09:46:27, 0.0, 7.32e-08
2018-08-05, 09:46:30, 0.0, 7.24e-08
2018-08-05, 09:46:32, 0.0, 7.24e-08
2018-08-05, 09:46:34, 0.0, 7.25e-08
2018-08-05, 09:46:36, 0.0, 7.24e-08
2018-08-05, 09:46:38, 0.0, 7.29e-08
2018-08-05, 09:46:40, 0.0, 7.23e-08
2018-08-05, 09:46:42, 0.0, 7.24e-08
2018-08-05, 09:46:45, 0.0, 7.24e-08
2018-08-05, 09:46:47, 0.0, 7.28e-08
2018-08-05, 09:46:49, 0.0, 7.31e-08
2018-08-05, 09:46:51, 0.0, 7.26e-08
2018-08-05, 09:46:53, 0.0, 7.21e-08
2018-08-05, 09:46:55, 0.0, 7.2e-08
2018-08-05, 09:46:57, 0.0, 7.2e-08
2018-08-05, 09:46:59, 0.0, 7.26e-08
2018-08-05, 09:47:02, 0.0, 7.29e-08
2018-08-05, 09:47:04, 0.0, 7.31e-08
2018-08-05, 09:47:06, 0.0, 7.27e-08
2018-08-05, 09:47:08, 0.0, 7.24e-08
2018-08-05, 09:47:10, 0.0, 7.25e-08
2018-08-05, 09:47:12, 0.0, 7.33e-08
2018-08-05, 09:47:14, 0.0, 7.2e-08
2018-08-05, 09:47:16, 0.0, 7.21e-08
2018-08-05, 09:47:19, 0.0, 7.23e-08
2018-08-05, 09:47:21, 0.0, 7.21e-08
2018-08-05, 09:47:23, 0.0, 7.3e-08
2018-08-05, 09:47:25, 0.0, 7.3e-08
2018-08-05, 09:47:27, 0.0, 7.26e-08
2018-08-05, 09:47:29, 0.0, 7.24e-08
2018-08-05, 09:47:31, 0.0, 7.29e-08
2018-08-05, 09:47:33, 0.0, 7.23e-08
2018-08-05, 09:47:36, 0.0, 7.25e-08
2018-08-05, 09:47:38, 0.0, 7.24e-08
2018-08-05, 09:47:40, 0.0, 7.3e-08
2018-08-05, 09:47:42, 0.0, 7.29e-08
2018-08-05, 09:47:44, 0.0, 7.31e-08
2018-08-05, 09:47:46, 0.0, 7.24e-08
2018-08-05, 09:47:48, 0.0, 7.27e-08
2018-08-05, 09:47:50, 0.0, 7.29e-08
2018-08-05, 09:47:53, 0.0, 7.25e-08
2018-08-05, 09:47:55, 0.0, 7.34e-08
2018-08-05, 09:47:57, 0.0, 7.24e-08
2018-08-05, 09:47:59, 0.0, 7.26e-08
2018-08-05, 09:48:01, 0.0, 7.19e-08
2018-08-05, 09:48:03, 0.0, 7.27e-08
2018-08-05, 09:48:05, 0.0, 7.23e-08
2018-08-05, 09:48:08, 0.0, 7.27e-08
2018-08-05, 09:48:10, 0.0, 7.24e-08
2018-08-05, 09:48:12, 0.0, 7.25e-08
2018-08-05, 09:48:14, 0.0, 7.27e-08
2018-08-05, 09:48:16, 0.0, 7.27e-08
2018-08-05, 09:48:18, 0.0, 7.3e-08
2018-08-05, 09:48:20, 0.0, 7.29e-08
2018-08-05, 09:48:22, 0.0, 7.2e-08
2018-08-05, 09:48:25, 0.0, 7.25e-08
2018-08-05, 09:48:27, 0.0, 7.32e-08
2018-08-05, 09:48:29, 0.0, 7.2e-08
2018-08-05, 09:48:31, 0.0, 7.27e-08
2018-08-05, 09:48:33, 0.0, 7.25e-08
2018-08-05, 09:48:35, 0.0, 7.28e-08
2018-08-05, 09:48:37, 0.0, 7.27e-08
2018-08-05, 09:48:39, 0.0, 7.3e-08
2018-08-05, 09:48:42, 0.0, 7.35e-08
2018-08-05, 09:48:44, 0.0, 7.28e-08
2018-08-05, 09:48:46, 0.0, 7.31e-08
2018-08-05, 09:48:48, 0.0, 7.3e-08
2018-08-05, 09:48:50, 0.0, 7.28e-08
2018-08-05, 09:48:52, 0.0, 7.31e-08
2018-08-05, 09:48:54, 0.0, 7.27e-08
2018-08-05, 09:48:56, 0.0, 7.3e-08
2018-08-05, 09:48:59, 0.0, 7.25e-08
2018-08-05, 09:49:01, 0.0, 7.29e-08
2018-08-05, 09:49:03, 0.0, 7.31e-08
2018-08-05, 09:49:05, 0.0, 7.32e-08
2018-08-05, 09:49:07, 0.0, 7.22e-08
2018-08-05, 09:49:09, 0.0, 7.31e-08
2018-08-05, 09:49:11, 0.0, 7.28e-08
2018-08-05, 09:49:13, 0.0, 7.27e-08
2018-08-05, 09:49:16, 0.0, 7.26e-08
2018-08-05, 09:49:18, 0.0, 7.3e-08
2018-08-05, 09:49:20, 0.0, 7.3e-08
2018-08-05, 09:49:22, 0.0, 7.25e-08
2018-08-05, 09:49:24, 0.0, 7.3e-08
2018-08-05, 09:49:26, 0.0, 7.24e-08
2018-08-05, 09:49:28, 0.0, 7.33e-08
2018-08-05, 09:49:30, 0.0, 7.26e-08
2018-08-05, 09:49:33, 0.0, 7.27e-08
2018-08-05, 09:49:35, 0.0, 7.25e-08
2018-08-05, 09:49:37, 0.0, 7.21e-08
2018-08-05, 09:49:39, 0.0, 7.3e-08
2018-08-05, 09:49:41, 0.0, 7.24e-08
2018-08-05, 09:49:43, 0.0, 7.29e-08
2018-08-05, 09:49:45, 0.0, 7.29e-08
2018-08-05, 09:49:47, 0.0, 7.2e-08
2018-08-05, 09:49:50, 0.0, 7.31e-08
2018-08-05, 09:49:52, 0.0, 7.23e-08
2018-08-05, 09:49:54, 0.0, 7.32e-08
2018-08-05, 09:49:56, 0.0, 7.31e-08
2018-08-05, 09:49:58, 0.0, 7.28e-08
2018-08-05, 09:50:00, 0.0, 7.3e-08
2018-08-05, 09:50:02, 0.0, 7.26e-08
2018-08-05, 09:50:04, 0.0, 7.29e-08
2018-08-05, 09:50:07, 0.0, 7.32e-08
2018-08-05, 09:50:09, 0.0, 7.28e-08
2018-08-05, 09:50:11, 0.0, 7.26e-08
2018-08-05, 09:50:13, 0.0, 7.27e-08
2018-08-05, 09:50:15, 0.0, 7.31e-08
2018-08-05, 09:50:17, 0.0, 7.29e-08
2018-08-05, 09:50:19, 0.0, 7.4e-08
2018-08-05, 09:50:21, 0.0, 7.32e-08
2018-08-05, 09:50:24, 0.0, 7.31e-08
2018-08-05, 09:50:26, 0.0, 7.31e-08
2018-08-05, 09:50:28, 0.0, 7.28e-08
2018-08-05, 09:50:30, 0.0, 7.25e-08
2018-08-05, 09:50:32, 0.0, 7.27e-08
2018-08-05, 09:50:34, 0.0, 7.29e-08
2018-08-05, 09:50:36, 0.0, 7.32e-08
2018-08-05, 09:50:39, 0.0, 7.33e-08
2018-08-05, 09:50:41, 0.0, 7.28e-08
2018-08-05, 09:50:43, 0.0, 7.27e-08
2018-08-05, 09:50:45, 0.0, 7.26e-08
2018-08-05, 09:50:47, 0.0, 7.32e-08
2018-08-05, 09:50:49, 0.0, 7.27e-08
2018-08-05, 09:50:51, 0.0, 7.28e-08
2018-08-05, 09:50:53, 0.0, 7.29e-08
2018-08-05, 09:50:56, 0.0, 7.3e-08
2018-08-05, 09:50:58, 0.0, 7.31e-08
2018-08-05, 09:51:00, 0.0, 7.35e-08
2018-08-05, 09:51:02, 0.0, 7.29e-08
2018-08-05, 09:51:04, 0.0, 7.28e-08
2018-08-05, 09:51:06, 0.0, 7.33e-08
2018-08-05, 09:51:08, 0.0, 7.29e-08
2018-08-05, 09:51:10, 0.0, 7.27e-08
2018-08-05, 09:51:13, 0.0, 7.28e-08
2018-08-05, 09:51:15, 0.0, 7.26e-08
2018-08-05, 09:51:17, 0.0, 7.25e-08
2018-08-05, 09:51:19, 0.0, 7.28e-08
2018-08-05, 09:51:21, 0.0, 7.32e-08
2018-08-05, 09:51:23, 0.0, 7.31e-08
2018-08-05, 09:51:25, 0.0, 7.27e-08
2018-08-05, 09:51:27, 0.0, 7.26e-08
2018-08-05, 09:51:30, 0.0, 7.27e-08
2018-08-05, 09:51:32, 0.0, 7.27e-08
2018-08-05, 09:51:34, 0.0, 7.31e-08
2018-08-05, 09:51:36, 0.0, 7.26e-08
2018-08-05, 09:51:38, 0.0, 7.3e-08
2018-08-05, 09:51:40, 0.0, 7.25e-08
2018-08-05, 09:51:42, 0.0, 7.26e-08
2018-08-05, 09:51:44, 0.0, 7.29e-08
2018-08-05, 09:51:47, 0.0, 7.25e-08
2018-08-05, 09:51:49, 0.0, 7.25e-08
2018-08-05, 09:51:51, 0.0, 7.29e-08
2018-08-05, 09:51:53, 0.0, 7.35e-08
2018-08-05, 09:51:55, 0.0, 7.32e-08
2018-08-05, 09:51:57, 0.0, 7.34e-08
2018-08-05, 09:51:59, 0.0, 7.29e-08
2018-08-05, 09:52:02, 0.0, 7.28e-08
2018-08-05, 09:52:04, 0.0, 7.31e-08
2018-08-05, 09:52:06, 0.0, 7.33e-08
2018-08-05, 09:52:08, 0.0, 7.3e-08
2018-08-05, 09:52:10, 0.0, 7.24e-08
2018-08-05, 09:52:12, 0.0, 7.3e-08
2018-08-05, 09:52:14, 0.0, 7.31e-08
2018-08-05, 09:52:16, 0.0, 7.28e-08
2018-08-05, 09:52:19, 0.0, 7.31e-08
2018-08-05, 09:52:21, 0.0, 7.35e-08
2018-08-05, 09:52:23, 0.0, 7.35e-08
2018-08-05, 09:52:25, 0.0, 7.32e-08
2018-08-05, 09:52:27, 0.0, 7.28e-08
2018-08-05, 09:52:29, 0.0, 7.37e-08
2018-08-05, 09:52:31, 0.0, 7.31e-08
2018-08-05, 09:52:33, 0.0, 7.28e-08
2018-08-05, 09:52:36, 0.0, 7.32e-08
2018-08-05, 09:52:38, 0.0, 7.31e-08
2018-08-05, 09:52:40, 0.0, 7.24e-08
2018-08-05, 09:52:42, 0.0, 7.24e-08
2018-08-05, 09:52:44, 0.0, 7.3e-08
2018-08-05, 09:52:46, 0.0, 7.29e-08
2018-08-05, 09:52:48, 0.0, 7.29e-08
2018-08-05, 09:52:50, 0.0, 7.31e-08
2018-08-05, 09:52:53, 0.0, 7.33e-08
2018-08-05, 09:52:55, 0.0, 7.34e-08
2018-08-05, 09:52:57, 0.0, 7.35e-08
2018-08-05, 09:52:59, 0.0, 7.33e-08
2018-08-05, 09:53:01, 0.0, 7.29e-08
2018-08-05, 09:53:03, 0.0, 7.27e-08
2018-08-05, 09:53:05, 0.0, 7.17e-08
2018-08-05, 09:53:08, 0.0, 7.32e-08
2018-08-05, 09:53:10, 0.0, 7.31e-08
2018-08-05, 09:53:12, 0.0, 7.32e-08
2018-08-05, 09:53:14, 0.0, 7.29e-08
2018-08-05, 09:53:16, 0.0, 7.25e-08
2018-08-05, 09:53:18, 0.0, 7.24e-08
2018-08-05, 09:53:20, 0.0, 7.31e-08
2018-08-05, 09:53:22, 0.0, 7.35e-08
2018-08-05, 09:53:25, 0.0, 7.28e-08
2018-08-05, 09:53:27, 0.0, 7.37e-08
2018-08-05, 09:53:29, 0.0, 7.3e-08
2018-08-05, 09:53:31, 0.0, 7.32e-08
2018-08-05, 09:53:33, 0.0, 7.35e-08
2018-08-05, 09:53:35, 0.0, 7.29e-08
2018-08-05, 09:53:37, 0.0, 7.3e-08
2018-08-05, 09:53:39, 0.0, 7.29e-08
2018-08-05, 09:53:42, 0.0, 7.3e-08
2018-08-05, 09:53:44, 0.0, 7.22e-08
2018-08-05, 09:53:46, 0.0, 7.31e-08
2018-08-05, 09:53:48, 0.0, 7.21e-08
2018-08-05, 09:53:50, 0.0, 7.27e-08
2018-08-05, 09:53:52, 0.0, 7.25e-08
2018-08-05, 09:53:54, 0.0, 7.27e-08
2018-08-05, 09:53:56, 0.0, 7.22e-08
2018-08-05, 09:53:59, 0.0, 7.28e-08
2018-08-05, 09:54:01, 0.0, 7.27e-08
2018-08-05, 09:54:03, 0.0, 7.22e-08
2018-08-05, 09:54:05, 0.0, 7.29e-08
2018-08-05, 09:54:07, 0.0, 7.28e-08
2018-08-05, 09:54:09, 0.0, 7.23e-08
2018-08-05, 09:54:11, 0.0, 7.29e-08
2018-08-05, 09:54:13, 0.0, 7.22e-08
2018-08-05, 09:54:16, 0.0, 7.27e-08
2018-08-05, 09:54:18, 0.0, 7.34e-08
2018-08-05, 09:54:20, 0.0, 7.3e-08
2018-08-05, 09:54:22, 0.0, 7.35e-08
2018-08-05, 09:54:24, 0.0, 7.28e-08
2018-08-05, 09:54:26, 0.0, 7.34e-08
2018-08-05, 09:54:28, 0.0, 7.34e-08
2018-08-05, 09:54:30, 0.0, 7.34e-08
2018-08-05, 09:54:33, 0.0, 7.31e-08
2018-08-05, 09:54:35, 0.0, 7.33e-08
2018-08-05, 09:54:37, 0.0, 7.31e-08
2018-08-05, 09:54:39, 0.0, 7.29e-08
2018-08-05, 09:54:41, 0.0, 7.28e-08
2018-08-05, 09:54:43, 0.0, 7.29e-08
2018-08-05, 09:54:45, 0.0, 7.26e-08
2018-08-05, 09:54:47, 0.0, 7.26e-08
2018-08-05, 09:54:50, 0.0, 7.25e-08
2018-08-05, 09:54:52, 0.0, 7.29e-08
2018-08-05, 09:54:54, 0.0, 7.27e-08
2018-08-05, 09:54:56, 0.0, 7.33e-08
2018-08-05, 09:54:58, 0.0, 7.3e-08
2018-08-05, 09:55:00, 0.0, 7.3e-08
2018-08-05, 09:55:02, 0.0, 7.33e-08
2018-08-05, 09:55:04, 0.0, 7.36e-08
2018-08-05, 09:55:07, 0.0, 7.33e-08
2018-08-05, 09:55:09, 0.0, 7.32e-08
2018-08-05, 09:55:11, 0.0, 7.32e-08
2018-08-05, 09:55:13, 0.0, 7.3e-08
2018-08-05, 09:55:15, 0.0, 7.33e-08
2018-08-05, 09:55:17, 0.0, 7.34e-08
2018-08-05, 09:55:19, 0.0, 7.29e-08
2018-08-05, 09:55:21, 0.0, 7.31e-08
2018-08-05, 09:55:24, 0.0, 7.34e-08
2018-08-05, 09:55:26, 0.0, 7.31e-08
2018-08-05, 09:55:28, 0.0, 7.31e-08
2018-08-05, 09:55:30, 0.0, 7.34e-08
2018-08-05, 09:55:32, 0.0, 7.3e-08
2018-08-05, 09:55:34, 0.0, 7.33e-08
2018-08-05, 09:55:36, 0.0, 7.31e-08
2018-08-05, 09:55:38, 0.0, 7.29e-08
2018-08-05, 09:55:41, 0.0, 7.27e-08
2018-08-05, 09:55:43, 0.0, 7.29e-08
2018-08-05, 09:55:45, 0.0, 7.35e-08
2018-08-05, 09:55:47, 0.0, 7.32e-08
2018-08-05, 09:55:49, 0.0, 7.32e-08
2018-08-05, 09:55:51, 0.0, 7.27e-08
2018-08-05, 09:55:53, 0.0, 7.24e-08
2018-08-05, 09:55:55, 0.0, 7.22e-08
2018-08-05, 09:55:58, 0.0, 7.3e-08
2018-08-05, 09:56:00, 0.0, 7.22e-08
2018-08-05, 09:56:02, 0.0, 7.27e-08
2018-08-05, 09:56:04, 0.0, 7.32e-08
2018-08-05, 09:56:06, 0.0, 7.28e-08
2018-08-05, 09:56:08, 0.0, 7.3e-08
2018-08-05, 09:56:10, 0.0, 7.29e-08
2018-08-05, 09:56:12, 0.0, 7.32e-08
2018-08-05, 09:56:15, 0.0, 7.26e-08
2018-08-05, 09:56:17, 0.0, 7.31e-08
2018-08-05, 09:56:19, 0.0, 7.33e-08
2018-08-05, 09:56:21, 0.0, 7.32e-08
2018-08-05, 09:56:23, 0.0, 7.26e-08
2018-08-05, 09:56:25, 0.0, 7.3e-08
2018-08-05, 09:56:27, 0.0, 7.31e-08
2018-08-05, 09:56:29, 0.0, 7.34e-08
2018-08-05, 09:56:32, 0.0, 7.24e-08
2018-08-05, 09:56:34, 0.0, 7.32e-08
2018-08-05, 09:56:36, 0.0, 7.33e-08
2018-08-05, 09:56:38, 0.0, 7.23e-08
2018-08-05, 09:56:40, 0.0, 7.31e-08
2018-08-05, 09:56:42, 0.0, 7.27e-08
2018-08-05, 09:56:44, 0.0, 7.35e-08
2018-08-05, 09:56:47, 0.0, 7.31e-08
2018-08-05, 09:56:49, 0.0, 7.29e-08
2018-08-05, 09:56:51, 0.0, 7.23e-08
2018-08-05, 09:56:53, 0.0, 7.28e-08
2018-08-05, 09:56:55, 0.0, 7.21e-08
2018-08-05, 09:56:57, 0.0, 7.3e-08
2018-08-05, 09:56:59, 0.0, 7.33e-08
2018-08-05, 09:57:01, 0.0, 7.29e-08
2018-08-05, 09:57:04, 0.0, 7.27e-08
2018-08-05, 09:57:06, 0.0, 7.28e-08
2018-08-05, 09:57:08, 0.0, 7.31e-08
2018-08-05, 09:57:10, 0.0, 7.34e-08
2018-08-05, 09:57:12, 0.0, 7.31e-08
2018-08-05, 09:57:14, 0.0, 7.33e-08
2018-08-05, 09:57:16, 0.0, 7.25e-08
2018-08-05, 09:57:18, 0.0, 7.26e-08
2018-08-05, 09:57:21, 0.0, 7.23e-08
2018-08-05, 09:57:23, 0.0, 7.3e-08
2018-08-05, 09:57:25, 0.0, 7.37e-08
2018-08-05, 09:57:27, 0.0, 7.34e-08
2018-08-05, 09:57:29, 0.0, 7.28e-08
2018-08-05, 09:57:31, 0.0, 7.3e-08
2018-08-05, 09:57:33, 0.0, 7.3e-08
2018-08-05, 09:57:36, 0.0, 7.26e-08
2018-08-05, 09:57:38, 0.0, 7.28e-08
2018-08-05, 09:57:40, 0.0, 7.27e-08
2018-08-05, 09:57:42, 0.0, 7.34e-08
2018-08-05, 09:57:44, 0.0, 7.32e-08
2018-08-05, 09:57:46, 0.0, 7.26e-08
2018-08-05, 09:57:48, 0.0, 7.37e-08
2018-08-05, 09:57:50, 0.0, 7.29e-08
2018-08-05, 09:57:53, 0.0, 7.31e-08
2018-08-05, 09:57:55, 0.0, 7.31e-08
2018-08-05, 09:57:57, 0.0, 7.26e-08
2018-08-05, 09:57:59, 0.0, 7.32e-08
2018-08-05, 09:58:01, 0.0, 7.29e-08
2018-08-05, 09:58:03, 0.0, 7.26e-08
2018-08-05, 09:58:05, 0.0, 7.31e-08
2018-08-05, 09:58:07, 0.0, 7.32e-08
2018-08-05, 09:58:10, 0.0, 7.3e-08
2018-08-05, 09:58:12, 0.0, 7.33e-08
2018-08-05, 09:58:14, 0.0, 7.33e-08
2018-08-05, 09:58:16, 0.0, 7.25e-08
2018-08-05, 09:58:18, 0.0, 7.27e-08
2018-08-05, 09:58:20, 0.0, 7.24e-08
2018-08-05, 09:58:22, 0.0, 7.33e-08
2018-08-05, 09:58:25, 0.0, 7.27e-08
2018-08-05, 09:58:27, 0.0, 7.26e-08
2018-08-05, 09:58:29, 0.0, 7.35e-08
2018-08-05, 09:58:31, 0.0, 7.31e-08
2018-08-05, 09:58:33, 0.0, 7.27e-08
2018-08-05, 09:58:35, 0.0, 7.29e-08
2018-08-05, 09:58:37, 0.0, 7.26e-08
2018-08-05, 09:58:39, 0.0, 7.26e-08
2018-08-05, 09:58:42, 0.0, 7.3e-08
2018-08-05, 09:58:44, 0.0, 7.3e-08
2018-08-05, 09:58:46, 0.0, 7.31e-08
2018-08-05, 09:58:48, 0.0, 7.31e-08
2018-08-05, 09:58:50, 0.0, 7.27e-08
2018-08-05, 09:58:52, 0.0, 7.26e-08
2018-08-05, 09:58:54, 0.0, 7.34e-08
2018-08-05, 09:58:56, 0.0, 7.28e-08
2018-08-05, 09:58:58, 0.0, 7.31e-08
2018-08-05, 09:59:01, 0.0, 7.25e-08
2018-08-05, 09:59:03, 0.0, 7.36e-08
2018-08-05, 09:59:05, 0.0, 7.3e-08
2018-08-05, 09:59:07, 0.0, 7.28e-08
2018-08-05, 09:59:09, 0.0, 7.32e-08
2018-08-05, 09:59:11, 0.0, 7.29e-08
2018-08-05, 09:59:13, 0.0, 7.28e-08
2018-08-05, 09:59:16, 0.0, 7.3e-08
2018-08-05, 09:59:18, 0.0, 7.3e-08
2018-08-05, 09:59:20, 0.0, 7.29e-08
2018-08-05, 09:59:22, 0.0, 7.25e-08
2018-08-05, 09:59:24, 0.0, 7.37e-08
2018-08-05, 09:59:26, 0.0, 7.33e-08
2018-08-05, 09:59:28, 0.0, 7.29e-08
2018-08-05, 09:59:30, 0.0, 7.3e-08
2018-08-05, 09:59:33, 0.0, 7.3e-08
2018-08-05, 09:59:35, 0.0, 7.25e-08
2018-08-05, 09:59:37, 0.0, 7.27e-08
2018-08-05, 09:59:39, 0.0, 7.29e-08
2018-08-05, 09:59:41, 0.0, 7.24e-08
2018-08-05, 09:59:43, 0.0, 7.3e-08
2018-08-05, 09:59:45, 0.0, 7.18e-08
2018-08-05, 09:59:47, 0.0, 7.25e-08
2018-08-05, 09:59:50, 0.0, 7.31e-08
2018-08-05, 09:59:52, 0.0, 7.22e-08
2018-08-05, 09:59:54, 0.0, 7.3e-08
2018-08-05, 09:59:56, 0.0, 7.29e-08
2018-08-05, 09:59:58, 0.0, 7.24e-08
2018-08-05, 10:00:00, 0.0, 7.23e-08
2018-08-05, 10:00:02, 0.0, 7.19e-08
2018-08-05, 10:00:05, 0.0, 7.19e-08
2018-08-05, 10:00:07, 0.0, 7.26e-08
2018-08-05, 10:00:09, 0.0, 7.27e-08
2018-08-05, 10:00:11, 0.0, 7.3e-08
2018-08-05, 10:00:13, 0.0, 7.22e-08
2018-08-05, 10:00:15, 0.0, 7.31e-08
2018-08-05, 10:00:17, 0.0, 7.36e-08
2018-08-05, 10:00:19, 0.0, 7.36e-08
2018-08-05, 10:00:22, 0.0, 7.34e-08
2018-08-05, 10:00:24, 0.0, 7.35e-08
2018-08-05, 10:00:26, 0.0, 7.29e-08
2018-08-05, 10:00:28, 0.0, 7.27e-08
2018-08-05, 10:00:30, 0.0, 7.24e-08
2018-08-05, 10:00:32, 0.0, 7.27e-08
2018-08-05, 10:00:34, 0.0, 7.26e-08
2018-08-05, 10:00:37, 0.0, 7.26e-08
2018-08-05, 10:00:39, 0.0, 7.3e-08
2018-08-05, 10:00:41, 0.0, 7.27e-08
2018-08-05, 10:00:43, 0.0, 7.28e-08
2018-08-05, 10:00:45, 0.0, 7.22e-08
2018-08-05, 10:00:47, 0.0, 7.33e-08
2018-08-05, 10:00:49, 0.0, 7.26e-08
2018-08-05, 10:00:51, 0.0, 7.31e-08
2018-08-05, 10:00:54, 0.0, 7.37e-08
2018-08-05, 10:00:56, 0.0, 7.37e-08
2018-08-05, 10:00:58, 0.0, 7.22e-08
2018-08-05, 10:01:00, 0.0, 7.28e-08
2018-08-05, 10:01:02, 0.0, 7.31e-08
2018-08-05, 10:01:04, 0.0, 7.29e-08
2018-08-05, 10:01:06, 0.0, 7.34e-08
2018-08-05, 10:01:08, 0.0, 7.33e-08
2018-08-05, 10:01:11, 0.0, 7.3e-08
2018-08-05, 10:01:13, 0.0, 7.37e-08
2018-08-05, 10:01:15, 0.0, 7.31e-08
2018-08-05, 10:01:17, 0.0, 7.28e-08
2018-08-05, 10:01:19, 0.0, 7.34e-08
2018-08-05, 10:01:21, 0.0, 7.46e-08
2018-08-05, 10:01:23, 0.0, 7.32e-08
2018-08-05, 10:01:25, 0.0, 7.31e-08
2018-08-05, 10:01:28, 0.0, 7.32e-08
2018-08-05, 10:01:30, 0.0, 7.35e-08
2018-08-05, 10:01:32, 0.0, 7.34e-08
2018-08-05, 10:01:34, 0.0, 7.3e-08
2018-08-05, 10:01:36, 0.0, 7.32e-08
2018-08-05, 10:01:38, 0.0, 7.33e-08
2018-08-05, 10:01:40, 0.0, 7.32e-08
2018-08-05, 10:01:42, 0.0, 7.35e-08
2018-08-05, 10:01:45, 0.0, 7.4e-08
2018-08-05, 10:01:47, 0.0, 7.32e-08
2018-08-05, 10:01:49, 0.0, 7.35e-08
2018-08-05, 10:01:51, 0.0, 7.31e-08
2018-08-05, 10:01:53, 0.0, 7.31e-08
2018-08-05, 10:01:55, 0.0, 7.29e-08
2018-08-05, 10:01:57, 0.0, 7.31e-08
2018-08-05, 10:02:00, 0.0, 7.34e-08
2018-08-05, 10:02:02, 0.0, 7.33e-08
2018-08-05, 10:02:04, 0.0, 7.27e-08
2018-08-05, 10:02:06, 0.0, 7.3e-08
2018-08-05, 10:02:08, 0.0, 7.31e-08
2018-08-05, 10:02:10, 0.0, 7.24e-08
2018-08-05, 10:02:12, 0.0, 7.22e-08
2018-08-05, 10:02:14, 0.0, 7.25e-08
2018-08-05, 10:02:17, 0.0, 7.31e-08
2018-08-05, 10:02:19, 0.0, 7.37e-08
2018-08-05, 10:02:21, 0.0, 7.3e-08
2018-08-05, 10:02:23, 0.0, 7.27e-08
2018-08-05, 10:02:25, 0.0, 7.33e-08
2018-08-05, 10:02:27, 0.0, 7.3e-08
2018-08-05, 10:02:29, 0.0, 7.32e-08
2018-08-05, 10:02:31, 0.0, 7.34e-08
2018-08-05, 10:02:34, 0.0, 7.29e-08
2018-08-05, 10:02:36, 0.0, 7.34e-08
2018-08-05, 10:02:38, 0.0, 7.3e-08
2018-08-05, 10:02:40, 0.0, 7.33e-08
2018-08-05, 10:02:42, 0.0, 7.34e-08
2018-08-05, 10:02:44, 0.0, 7.32e-08
2018-08-05, 10:02:46, 0.0, 7.29e-08
2018-08-05, 10:02:48, 0.0, 7.32e-08
2018-08-05, 10:02:51, 0.0, 7.28e-08
2018-08-05, 10:02:53, 0.0, 7.31e-08
2018-08-05, 10:02:55, 0.0, 7.3e-08
2018-08-05, 10:02:57, 0.0, 7.33e-08
2018-08-05, 10:02:59, 0.0, 7.29e-08
2018-08-05, 10:03:01, 0.0, 7.32e-08
2018-08-05, 10:03:03, 0.0, 7.29e-08
2018-08-05, 10:03:05, 0.0, 7.29e-08
2018-08-05, 10:03:08, 0.0, 7.27e-08
2018-08-05, 10:03:10, 0.0, 7.31e-08
2018-08-05, 10:03:12, 0.0, 7.25e-08
2018-08-05, 10:03:14, 0.0, 7.3e-08
2018-08-05, 10:03:16, 0.0, 7.29e-08
2018-08-05, 10:03:18, 0.0, 7.26e-08
2018-08-05, 10:03:20, 0.0, 7.37e-08
2018-08-05, 10:03:22, 0.0, 7.32e-08
2018-08-05, 10:03:25, 0.0, 7.28e-08
2018-08-05, 10:03:27, 0.0, 7.23e-08
2018-08-05, 10:03:29, 0.0, 7.24e-08
2018-08-05, 10:03:31, 0.0, 7.28e-08
2018-08-05, 10:03:33, 0.0, 7.26e-08
2018-08-05, 10:03:35, 0.0, 7.26e-08
2018-08-05, 10:03:37, 0.0, 7.28e-08
2018-08-05, 10:03:40, 0.0, 7.25e-08
2018-08-05, 10:03:42, 0.0, 7.29e-08
2018-08-05, 10:03:44, 0.0, 7.31e-08
2018-08-05, 10:03:46, 0.0, 7.26e-08
2018-08-05, 10:03:48, 0.0, 7.29e-08
2018-08-05, 10:03:50, 0.0, 7.3e-08
2018-08-05, 10:03:52, 0.0, 7.31e-08
2018-08-05, 10:03:54, 0.0, 7.26e-08
2018-08-05, 10:03:57, 0.0, 7.26e-08
2018-08-05, 10:03:59, 0.0, 7.25e-08
2018-08-05, 10:04:01, 0.0, 7.27e-08
2018-08-05, 10:04:03, 0.0, 7.26e-08
2018-08-05, 10:04:05, 0.0, 7.22e-08
2018-08-05, 10:04:07, 0.0, 7.28e-08
2018-08-05, 10:04:09, 0.0, 7.27e-08
2018-08-05, 10:04:11, 0.0, 7.25e-08
2018-08-05, 10:04:14, 0.0, 7.26e-08
2018-08-05, 10:04:16, 0.0, 7.27e-08
2018-08-05, 10:04:18, 0.0, 7.28e-08
2018-08-05, 10:04:20, 0.0, 7.22e-08
2018-08-05, 10:04:22, 0.0, 7.3e-08
2018-08-05, 10:04:24, 0.0, 7.26e-08
2018-08-05, 10:04:26, 0.0, 7.2e-08
2018-08-05, 10:04:28, 0.0, 7.26e-08
2018-08-05, 10:04:31, 0.0, 7.26e-08
2018-08-05, 10:04:33, 0.0, 7.28e-08
2018-08-05, 10:04:35, 0.0, 7.3e-08
2018-08-05, 10:04:37, 0.0, 7.23e-08
2018-08-05, 10:04:39, 0.0, 7.26e-08
2018-08-05, 10:04:41, 0.0, 7.19e-08
2018-08-05, 10:04:43, 0.0, 7.18e-08
2018-08-05, 10:04:45, 0.0, 7.23e-08
2018-08-05, 10:04:48, 0.0, 7.21e-08
2018-08-05, 10:04:50, 0.0, 7.22e-08
2018-08-05, 10:04:52, 0.0, 7.19e-08
2018-08-05, 10:04:54, 0.0, 7.21e-08
2018-08-05, 10:04:56, 0.0, 7.24e-08
2018-08-05, 10:04:58, 0.0, 7.27e-08
2018-08-05, 10:05:00, 0.0, 7.18e-08
2018-08-05, 10:05:02, 0.0, 7.23e-08
2018-08-05, 10:05:05, 0.0, 7.24e-08
2018-08-05, 10:05:07, 0.0, 7.2e-08
2018-08-05, 10:05:09, 0.0, 7.25e-08
2018-08-05, 10:05:11, 0.0, 7.23e-08
2018-08-05, 10:05:13, 0.0, 7.17e-08
2018-08-05, 10:05:15, 0.0, 7.23e-08
2018-08-05, 10:05:17, 0.0, 7.25e-08
2018-08-05, 10:05:20, 0.0, 7.21e-08
2018-08-05, 10:05:22, 0.0, 7.18e-08
2018-08-05, 10:05:24, 0.0, 7.17e-08
2018-08-05, 10:05:26, 0.0, 7.26e-08
2018-08-05, 10:05:28, 0.0, 7.21e-08
2018-08-05, 10:05:30, 0.0, 7.18e-08
2018-08-05, 10:05:32, 0.0, 7.16e-08
2018-08-05, 10:05:34, 0.0, 7.21e-08
2018-08-05, 10:05:37, 0.0, 7.23e-08
2018-08-05, 10:05:39, 0.0, 7.18e-08
2018-08-05, 10:05:41, 0.0, 7.12e-08
2018-08-05, 10:05:43, 0.0, 7.19e-08
2018-08-05, 10:05:45, 0.0, 7.19e-08
2018-08-05, 10:05:47, 0.0, 7.22e-08
2018-08-05, 10:05:49, 0.0, 7.27e-08
2018-08-05, 10:05:51, 0.0, 7.22e-08
2018-08-05, 10:05:54, 0.0, 7.26e-08
2018-08-05, 10:05:56, 0.0, 7.26e-08
2018-08-05, 10:05:58, 0.0, 7.18e-08
2018-08-05, 10:06:00, 0.0, 7.21e-08
2018-08-05, 10:06:02, 0.0, 7.23e-08
2018-08-05, 10:06:04, 0.0, 7.28e-08
2018-08-05, 10:06:06, 0.0, 7.22e-08
2018-08-05, 10:06:08, 0.0, 7.23e-08
2018-08-05, 10:06:11, 0.0, 7.22e-08
2018-08-05, 10:06:13, 0.0, 7.27e-08
2018-08-05, 10:06:15, 0.0, 7.25e-08
2018-08-05, 10:06:17, 0.0, 7.26e-08
2018-08-05, 10:06:19, 0.0, 7.25e-08
2018-08-05, 10:06:21, 0.0, 7.19e-08
2018-08-05, 10:06:23, 0.0, 7.18e-08
2018-08-05, 10:06:25, 0.0, 7.24e-08
2018-08-05, 10:06:28, 0.0, 7.26e-08
2018-08-05, 10:06:30, 0.0, 7.33e-08
2018-08-05, 10:06:32, 0.0, 7.27e-08
2018-08-05, 10:06:34, 0.0, 7.21e-08
2018-08-05, 10:06:36, 0.0, 7.23e-08
2018-08-05, 10:06:38, 0.0, 7.24e-08
2018-08-05, 10:06:40, 0.0, 7.24e-08
2018-08-05, 10:06:43, 0.0, 7.18e-08
2018-08-05, 10:06:45, 0.0, 7.21e-08
2018-08-05, 10:06:47, 0.0, 7.25e-08
2018-08-05, 10:06:49, 0.0, 7.3e-08
2018-08-05, 10:06:51, 0.0, 7.16e-08
2018-08-05, 10:06:53, 0.0, 7.23e-08
2018-08-05, 10:06:55, 0.0, 7.25e-08
2018-08-05, 10:06:57, 0.0, 7.22e-08
2018-08-05, 10:06:59, 0.0, 7.27e-08
2018-08-05, 10:07:02, 0.0, 7.29e-08
2018-08-05, 10:07:04, 0.0, 7.3e-08
2018-08-05, 10:07:06, 0.0, 7.19e-08
2018-08-05, 10:07:08, 0.0, 7.28e-08
2018-08-05, 10:07:10, 0.0, 7.24e-08
2018-08-05, 10:07:12, 0.0, 7.2e-08
2018-08-05, 10:07:14, 0.0, 7.31e-08
2018-08-05, 10:07:16, 0.0, 7.33e-08
2018-08-05, 10:07:19, 0.0, 7.22e-08
2018-08-05, 10:07:21, 0.0, 7.27e-08
2018-08-05, 10:07:23, 0.0, 7.21e-08
2018-08-05, 10:07:25, 0.0, 7.29e-08
2018-08-05, 10:07:27, 0.0, 7.26e-08
2018-08-05, 10:07:29, 0.0, 7.25e-08
2018-08-05, 10:07:31, 0.0, 7.24e-08
2018-08-05, 10:07:33, 0.0, 7.31e-08
2018-08-05, 10:07:36, 0.0, 7.25e-08
2018-08-05, 10:07:38, 0.0, 7.24e-08
2018-08-05, 10:07:40, 0.0, 7.27e-08
2018-08-05, 10:07:42, 0.0, 7.3e-08
2018-08-05, 10:07:44, 0.0, 7.3e-08
2018-08-05, 10:07:46, 0.0, 7.27e-08
2018-08-05, 10:07:48, 0.0, 7.28e-08
2018-08-05, 10:07:50, 0.0, 7.27e-08
2018-08-05, 10:07:53, 0.0, 7.26e-08
2018-08-05, 10:07:55, 0.0, 7.25e-08
2018-08-05, 10:07:57, 0.0, 7.26e-08
2018-08-05, 10:07:59, 0.0, 7.22e-08
2018-08-05, 10:08:01, 0.0, 7.29e-08
2018-08-05, 10:08:03, 0.0, 7.29e-08
2018-08-05, 10:08:05, 0.0, 7.3e-08
2018-08-05, 10:08:07, 0.0, 7.32e-08
2018-08-05, 10:08:10, 0.0, 7.27e-08
2018-08-05, 10:08:12, 0.0, 7.3e-08
2018-08-05, 10:08:14, 0.0, 7.32e-08
2018-08-05, 10:08:16, 0.0, 7.32e-08
2018-08-05, 10:08:18, 0.0, 7.3e-08
2018-08-05, 10:08:20, 0.0, 7.27e-08
2018-08-05, 10:08:22, 0.0, 7.29e-08
2018-08-05, 10:08:24, 0.0, 7.3e-08
2018-08-05, 10:08:27, 0.0, 7.21e-08
2018-08-05, 10:08:29, 0.0, 7.33e-08
2018-08-05, 10:08:31, 0.0, 7.33e-08
2018-08-05, 10:08:33, 0.0, 7.26e-08
2018-08-05, 10:08:35, 0.0, 7.28e-08
2018-08-05, 10:08:37, 0.0, 7.21e-08
2018-08-05, 10:08:39, 0.0, 7.33e-08
2018-08-05, 10:08:41, 0.0, 7.25e-08
2018-08-05, 10:08:44, 0.0, 7.24e-08
2018-08-05, 10:08:46, 0.0, 7.26e-08
2018-08-05, 10:08:48, 0.0, 7.31e-08
2018-08-05, 10:08:50, 0.0, 7.28e-08
2018-08-05, 10:08:52, 0.0, 7.27e-08
2018-08-05, 10:08:54, 0.0, 7.28e-08
2018-08-05, 10:08:56, 0.0, 7.28e-08
2018-08-05, 10:08:58, 0.0, 7.28e-08
2018-08-05, 10:09:01, 0.0, 7.24e-08
2018-08-05, 10:09:03, 0.0, 7.25e-08
2018-08-05, 10:09:05, 0.0, 7.29e-08
2018-08-05, 10:09:07, 0.0, 7.3e-08
2018-08-05, 10:09:09, 0.0, 7.29e-08
2018-08-05, 10:09:11, 0.0, 7.27e-08
2018-08-05, 10:09:13, 0.0, 7.34e-08
2018-08-05, 10:09:16, 0.0, 7.3e-08
2018-08-05, 10:09:18, 0.0, 7.27e-08
2018-08-05, 10:09:20, 0.0, 7.29e-08
2018-08-05, 10:09:22, 0.0, 7.21e-08
2018-08-05, 10:09:24, 0.0, 7.27e-08
2018-08-05, 10:09:26, 0.0, 7.23e-08
2018-08-05, 10:09:28, 0.0, 7.26e-08
2018-08-05, 10:09:30, 0.0, 7.27e-08
2018-08-05, 10:09:33, 0.0, 7.27e-08
2018-08-05, 10:09:35, 0.0, 7.26e-08
2018-08-05, 10:09:37, 0.0, 7.22e-08
2018-08-05, 10:09:39, 0.0, 7.23e-08
2018-08-05, 10:09:41, 0.0, 7.25e-08
2018-08-05, 10:09:43, 0.0, 7.28e-08
2018-08-05, 10:09:45, 0.0, 7.22e-08
2018-08-05, 10:09:47, 0.0, 7.29e-08
2018-08-05, 10:09:50, 0.0, 7.21e-08
2018-08-05, 10:09:52, 0.0, 7.24e-08
2018-08-05, 10:09:54, 0.0, 7.32e-08
2018-08-05, 10:09:56, 0.0, 7.38e-08
2018-08-05, 10:09:58, 0.0, 7.32e-08
2018-08-05, 10:10:00, 0.0, 7.21e-08
2018-08-05, 10:10:02, 0.0, 7.21e-08
2018-08-05, 10:10:04, 0.0, 7.27e-08
2018-08-05, 10:10:07, 0.0, 7.26e-08
2018-08-05, 10:10:09, 0.0, 7.28e-08
2018-08-05, 10:10:11, 0.0, 7.29e-08
2018-08-05, 10:10:13, 0.0, 7.3e-08
2018-08-05, 10:10:15, 0.0, 7.26e-08
2018-08-05, 10:10:17, 0.0, 7.27e-08
2018-08-05, 10:10:19, 0.0, 7.31e-08
2018-08-05, 10:10:21, 0.0, 7.3e-08
2018-08-05, 10:10:24, 0.0, 7.27e-08
2018-08-05, 10:10:26, 0.0, 7.26e-08
2018-08-05, 10:10:28, 0.0, 7.34e-08
2018-08-05, 10:10:30, 0.0, 7.25e-08
2018-08-05, 10:10:32, 0.0, 7.27e-08
2018-08-05, 10:10:34, 0.0, 7.27e-08
2018-08-05, 10:10:36, 0.0, 7.29e-08
2018-08-05, 10:10:38, 0.0, 7.2e-08
2018-08-05, 10:10:41, 0.0, 7.31e-08
2018-08-05, 10:10:43, 0.0, 7.34e-08
2018-08-05, 10:10:45, 0.0, 7.3e-08
2018-08-05, 10:10:47, 0.0, 7.29e-08
2018-08-05, 10:10:49, 0.0, 7.3e-08
2018-08-05, 10:10:51, 0.0, 7.24e-08
2018-08-05, 10:10:53, 0.0, 7.24e-08
2018-08-05, 10:10:55, 0.0, 7.27e-08
2018-08-05, 10:10:58, 0.0, 7.3e-08
2018-08-05, 10:11:00, 0.0, 7.27e-08
2018-08-05, 10:11:02, 0.0, 7.25e-08
2018-08-05, 10:11:04, 0.0, 7.27e-08
2018-08-05, 10:11:06, 0.0, 7.22e-08
2018-08-05, 10:11:08, 0.0, 7.26e-08
2018-08-05, 10:11:10, 0.0, 7.25e-08
2018-08-05, 10:11:12, 0.0, 7.33e-08
2018-08-05, 10:11:15, 0.0, 7.24e-08
2018-08-05, 10:11:17, 0.0, 7.31e-08
2018-08-05, 10:11:19, 0.0, 7.25e-08
2018-08-05, 10:11:21, 0.0, 7.27e-08
2018-08-05, 10:11:23, 0.0, 7.26e-08
2018-08-05, 10:11:25, 0.0, 7.24e-08
2018-08-05, 10:11:27, 0.0, 7.26e-08
2018-08-05, 10:11:29, 0.0, 7.19e-08
2018-08-05, 10:11:32, 0.0, 7.24e-08
2018-08-05, 10:11:34, 0.0, 7.29e-08
2018-08-05, 10:11:36, 0.0, 7.21e-08
2018-08-05, 10:11:38, 0.0, 7.21e-08
2018-08-05, 10:11:40, 0.0, 7.28e-08
2018-08-05, 10:11:42, 0.0, 7.25e-08
2018-08-05, 10:11:44, 0.0, 7.29e-08
2018-08-05, 10:11:47, 0.0, 7.25e-08
2018-08-05, 10:11:49, 0.0, 7.26e-08
2018-08-05, 10:11:51, 0.0, 7.29e-08
2018-08-05, 10:11:53, 0.0, 7.28e-08
2018-08-05, 10:11:55, 0.0, 7.28e-08
2018-08-05, 10:11:57, 0.0, 7.31e-08
2018-08-05, 10:11:59, 0.0, 7.27e-08
2018-08-05, 10:12:01, 0.0, 7.28e-08
2018-08-05, 10:12:04, 0.0, 7.27e-08
2018-08-05, 10:12:06, 0.0, 7.26e-08
2018-08-05, 10:12:08, 0.0, 7.3e-08
2018-08-05, 10:12:10, 0.0, 7.3e-08
2018-08-05, 10:12:12, 0.0, 7.27e-08
2018-08-05, 10:12:14, 0.0, 7.24e-08
2018-08-05, 10:12:16, 0.0, 7.26e-08
2018-08-05, 10:12:18, 0.0, 7.31e-08
2018-08-05, 10:12:21, 0.0, 7.29e-08
2018-08-05, 10:12:23, 0.0, 7.3e-08
2018-08-05, 10:12:25, 0.0, 7.31e-08
2018-08-05, 10:12:27, 0.0, 7.33e-08
2018-08-05, 10:12:29, 0.0, 7.25e-08
2018-08-05, 10:12:31, 0.0, 7.29e-08
2018-08-05, 10:12:33, 0.0, 7.28e-08
2018-08-05, 10:12:35, 0.0, 7.3e-08
2018-08-05, 10:12:38, 0.0, 7.33e-08
2018-08-05, 10:12:40, 0.0, 7.31e-08
2018-08-05, 10:12:42, 0.0, 7.27e-08
2018-08-05, 10:12:44, 0.0, 7.24e-08
2018-08-05, 10:12:46, 0.0, 7.23e-08
2018-08-05, 10:12:48, 0.0, 7.28e-08
2018-08-05, 10:12:50, 0.0, 7.26e-08
2018-08-05, 10:12:52, 0.0, 7.28e-08
2018-08-05, 10:12:55, 0.0, 7.23e-08
2018-08-05, 10:12:57, 0.0, 7.26e-08
2018-08-05, 10:12:59, 0.0, 7.23e-08
2018-08-05, 10:13:01, 0.0, 7.28e-08
2018-08-05, 10:13:03, 0.0, 7.31e-08
2018-08-05, 10:13:05, 0.0, 7.31e-08
2018-08-05, 10:13:07, 0.0, 7.26e-08
2018-08-05, 10:13:09, 0.0, 7.26e-08
2018-08-05, 10:13:12, 0.0, 7.28e-08
2018-08-05, 10:13:14, 0.0, 7.28e-08
2018-08-05, 10:13:16, 0.0, 7.29e-08
2018-08-05, 10:13:18, 0.0, 7.22e-08
2018-08-05, 10:13:20, 0.0, 7.25e-08
2018-08-05, 10:13:22, 0.0, 7.32e-08
2018-08-05, 10:13:24, 0.0, 7.32e-08
2018-08-05, 10:13:26, 0.0, 7.29e-08
2018-08-05, 10:13:29, 0.0, 7.29e-08
2018-08-05, 10:13:31, 0.0, 7.2e-08
2018-08-05, 10:13:33, 0.0, 7.27e-08
2018-08-05, 10:13:35, 0.0, 7.29e-08
2018-08-05, 10:13:37, 0.0, 7.31e-08
2018-08-05, 10:13:39, 0.0, 7.29e-08
2018-08-05, 10:13:41, 0.0, 7.33e-08
2018-08-05, 10:13:43, 0.0, 7.26e-08
2018-08-05, 10:13:46, 0.0, 7.27e-08
2018-08-05, 10:13:48, 0.0, 7.34e-08
2018-08-05, 10:13:50, 0.0, 7.29e-08
2018-08-05, 10:13:52, 0.0, 7.34e-08
2018-08-05, 10:13:54, 0.0, 7.27e-08
2018-08-05, 10:13:56, 0.0, 7.3e-08
2018-08-05, 10:13:58, 0.0, 7.25e-08
2018-08-05, 10:14:00, 0.0, 7.29e-08
2018-08-05, 10:14:03, 0.0, 7.38e-08
2018-08-05, 10:14:05, 0.0, 7.34e-08
2018-08-05, 10:14:07, 0.0, 7.26e-08
2018-08-05, 10:14:09, 0.0, 7.28e-08
2018-08-05, 10:14:11, 0.0, 7.22e-08
2018-08-05, 10:14:13, 0.0, 7.25e-08
2018-08-05, 10:14:15, 0.0, 7.26e-08
2018-08-05, 10:14:17, 0.0, 7.32e-08
2018-08-05, 10:14:20, 0.0, 7.24e-08
2018-08-05, 10:14:22, 0.0, 7.25e-08
2018-08-05, 10:14:24, 0.0, 7.23e-08
2018-08-05, 10:14:26, 0.0, 7.26e-08
2018-08-05, 10:14:28, 0.0, 7.22e-08
2018-08-05, 10:14:30, 0.0, 7.27e-08
2018-08-05, 10:14:32, 0.0, 7.28e-08
2018-08-05, 10:14:35, 0.0, 7.27e-08
2018-08-05, 10:14:37, 0.0, 7.33e-08
2018-08-05, 10:14:39, 0.0, 7.31e-08
2018-08-05, 10:14:41, 0.0, 7.27e-08
2018-08-05, 10:14:43, 0.0, 7.23e-08
2018-08-05, 10:14:45, 0.0, 7.22e-08
2018-08-05, 10:14:47, 0.0, 7.23e-08
2018-08-05, 10:14:49, 0.0, 7.32e-08
2018-08-05, 10:14:52, 0.0, 7.2e-08
2018-08-05, 10:14:54, 0.0, 7.2e-08
2018-08-05, 10:14:56, 0.0, 7.31e-08
2018-08-05, 10:14:58, 0.0, 7.22e-08
2018-08-05, 10:15:00, 0.0, 7.27e-08
2018-08-05, 10:15:02, 0.0, 7.24e-08
2018-08-05, 10:15:04, 0.0, 7.27e-08
2018-08-05, 10:15:06, 0.0, 7.35e-08
2018-08-05, 10:15:09, 0.0, 7.29e-08
2018-08-05, 10:15:11, 0.0, 7.23e-08
2018-08-05, 10:15:13, 0.0, 7.31e-08
2018-08-05, 10:15:15, 0.0, 7.2e-08
2018-08-05, 10:15:17, 0.0, 7.34e-08
2018-08-05, 10:15:19, 0.0, 7.22e-08
2018-08-05, 10:15:21, 0.0, 7.23e-08
2018-08-05, 10:15:24, 0.0, 7.29e-08
2018-08-05, 10:15:26, 0.0, 7.28e-08
2018-08-05, 10:15:28, 0.0, 7.28e-08
2018-08-05, 10:15:30, 0.0, 7.32e-08
2018-08-05, 10:15:32, 0.0, 7.29e-08
2018-08-05, 10:15:34, 0.0, 7.33e-08
2018-08-05, 10:15:36, 0.0, 7.34e-08
2018-08-05, 10:15:38, 0.0, 7.29e-08
2018-08-05, 10:15:41, 0.0, 7.34e-08
2018-08-05, 10:15:43, 0.0, 7.36e-08
2018-08-05, 10:15:45, 0.0, 7.33e-08
2018-08-05, 10:15:47, 0.0, 7.26e-08
2018-08-05, 10:15:49, 0.0, 7.37e-08
2018-08-05, 10:15:51, 0.0, 7.33e-08
2018-08-05, 10:15:53, 0.0, 7.25e-08
2018-08-05, 10:15:55, 0.0, 7.31e-08
2018-08-05, 10:15:58, 0.0, 7.37e-08
2018-08-05, 10:16:00, 0.0, 7.34e-08
2018-08-05, 10:16:02, 0.0, 7.33e-08
2018-08-05, 10:16:04, 0.0, 7.32e-08
2018-08-05, 10:16:06, 0.0, 7.21e-08
2018-08-05, 10:16:08, 0.0, 7.28e-08
2018-08-05, 10:16:10, 0.0, 7.34e-08
2018-08-05, 10:16:12, 0.0, 7.34e-08
2018-08-05, 10:16:15, 0.0, 7.25e-08
2018-08-05, 10:16:17, 0.0, 7.34e-08
2018-08-05, 10:16:19, 0.0, 7.32e-08
2018-08-05, 10:16:21, 0.0, 7.27e-08
2018-08-05, 10:16:23, 0.0, 7.25e-08
2018-08-05, 10:16:25, 0.0, 7.31e-08
2018-08-05, 10:16:27, 0.0, 7.24e-08
2018-08-05, 10:16:29, 0.0, 7.3e-08
2018-08-05, 10:16:32, 0.0, 7.21e-08
2018-08-05, 10:16:34, 0.0, 7.27e-08
2018-08-05, 10:16:36, 0.0, 7.29e-08
2018-08-05, 10:16:38, 0.0, 7.28e-08
2018-08-05, 10:16:40, 0.0, 7.25e-08
2018-08-05, 10:16:42, 0.0, 7.22e-08
2018-08-05, 10:16:44, 0.0, 7.26e-08
2018-08-05, 10:16:47, 0.0, 7.29e-08
2018-08-05, 10:16:49, 0.0, 7.29e-08
2018-08-05, 10:16:51, 0.0, 7.27e-08
2018-08-05, 10:16:53, 0.0, 7.3e-08
2018-08-05, 10:16:55, 0.0, 7.3e-08
2018-08-05, 10:16:57, 0.0, 7.28e-08
2018-08-05, 10:16:59, 0.0, 7.35e-08
2018-08-05, 10:17:01, 0.0, 7.29e-08
2018-08-05, 10:17:04, 0.0, 7.27e-08
2018-08-05, 10:17:06, 0.0, 7.31e-08
2018-08-05, 10:17:08, 0.0, 7.29e-08
2018-08-05, 10:17:10, 0.0, 7.3e-08
2018-08-05, 10:17:12, 0.0, 7.31e-08
2018-08-05, 10:17:14, 0.0, 7.29e-08
2018-08-05, 10:17:16, 0.0, 7.36e-08
2018-08-05, 10:17:19, 0.0, 7.33e-08
2018-08-05, 10:17:21, 0.0, 7.33e-08
2018-08-05, 10:17:23, 0.0, 7.32e-08
2018-08-05, 10:17:25, 0.0, 7.36e-08
2018-08-05, 10:17:27, 0.0, 7.36e-08
2018-08-05, 10:17:29, 0.0, 7.38e-08
2018-08-05, 10:17:31, 0.0, 7.34e-08
2018-08-05, 10:17:33, 0.0, 7.3e-08
2018-08-05, 10:17:36, 0.0, 7.3e-08
2018-08-05, 10:17:38, 0.0, 7.35e-08
2018-08-05, 10:17:40, 0.0, 7.34e-08
2018-08-05, 10:17:42, 0.0, 7.31e-08
2018-08-05, 10:17:44, 0.0, 7.25e-08
2018-08-05, 10:17:46, 0.0, 7.28e-08
2018-08-05, 10:17:48, 0.0, 7.33e-08
2018-08-05, 10:17:50, 0.0, 7.33e-08
2018-08-05, 10:17:53, 0.0, 7.3e-08
2018-08-05, 10:17:55, 0.0, 7.28e-08
2018-08-05, 10:17:57, 0.0, 7.28e-08
2018-08-05, 10:17:59, 0.0, 7.26e-08
2018-08-05, 10:18:01, 0.0, 7.29e-08
2018-08-05, 10:18:03, 0.0, 7.35e-08
2018-08-05, 10:18:05, 0.0, 7.37e-08
2018-08-05, 10:18:08, 0.0, 7.35e-08
2018-08-05, 10:18:10, 0.0, 7.24e-08
2018-08-05, 10:18:12, 0.0, 7.34e-08
2018-08-05, 10:18:14, 0.0, 7.33e-08
2018-08-05, 10:18:16, 0.0, 7.34e-08
2018-08-05, 10:18:18, 0.0, 7.37e-08
2018-08-05, 10:18:20, 0.0, 7.34e-08
2018-08-05, 10:18:22, 0.0, 7.31e-08
2018-08-05, 10:18:25, 0.0, 7.34e-08
2018-08-05, 10:18:27, 0.0, 7.26e-08
2018-08-05, 10:18:29, 0.0, 7.35e-08
2018-08-05, 10:18:31, 0.0, 7.36e-08
2018-08-05, 10:18:33, 0.0, 7.29e-08
2018-08-05, 10:18:35, 0.0, 7.32e-08
2018-08-05, 10:18:37, 0.0, 7.38e-08
2018-08-05, 10:18:39, 0.0, 7.28e-08
2018-08-05, 10:18:42, 0.0, 7.25e-08
2018-08-05, 10:18:44, 0.0, 7.3e-08
2018-08-05, 10:18:46, 0.0, 7.22e-08
2018-08-05, 10:18:48, 0.0, 7.31e-08
2018-08-05, 10:18:50, 0.0, 7.32e-08
2018-08-05, 10:18:52, 0.0, 7.32e-08
2018-08-05, 10:18:54, 0.0, 7.29e-08
2018-08-05, 10:18:56, 0.0, 7.31e-08
2018-08-05, 10:18:59, 0.0, 7.28e-08
2018-08-05, 10:19:01, 0.0, 7.3e-08
2018-08-05, 10:19:03, 0.0, 7.24e-08
2018-08-05, 10:19:05, 0.0, 7.27e-08
2018-08-05, 10:19:07, 0.0, 7.29e-08
2018-08-05, 10:19:09, 0.0, 7.3e-08
2018-08-05, 10:19:11, 0.0, 7.3e-08
2018-08-05, 10:19:13, 0.0, 7.32e-08
2018-08-05, 10:19:16, 0.0, 7.3e-08
2018-08-05, 10:19:18, 0.0, 7.36e-08
2018-08-05, 10:19:20, 0.0, 7.3e-08
2018-08-05, 10:19:22, 0.0, 7.34e-08
2018-08-05, 10:19:24, 0.0, 7.29e-08
2018-08-05, 10:19:26, 0.0, 7.35e-08
2018-08-05, 10:19:28, 0.0, 7.36e-08
2018-08-05, 10:19:30, 0.0, 7.26e-08
2018-08-05, 10:19:33, 0.0, 7.38e-08
2018-08-05, 10:19:35, 0.0, 7.3e-08
2018-08-05, 10:19:37, 0.0, 7.33e-08
2018-08-05, 10:19:39, 0.0, 7.26e-08
2018-08-05, 10:19:41, 0.0, 7.35e-08
2018-08-05, 10:19:43, 0.0, 7.26e-08
2018-08-05, 10:19:45, 0.0, 7.39e-08
2018-08-05, 10:19:47, 0.0, 7.28e-08
2018-08-05, 10:19:50, 0.0, 7.26e-08
2018-08-05, 10:19:52, 0.0, 7.32e-08
2018-08-05, 10:19:54, 0.0, 7.32e-08
2018-08-05, 10:19:56, 0.0, 7.24e-08
2018-08-05, 10:19:58, 0.0, 7.24e-08
2018-08-05, 10:20:00, 0.0, 7.32e-08
2018-08-05, 10:20:02, 0.0, 7.37e-08
2018-08-05, 10:20:05, 0.0, 7.3e-08
2018-08-05, 10:20:07, 0.0, 7.23e-08
2018-08-05, 10:20:09, 0.0, 7.24e-08
2018-08-05, 10:20:11, 0.0, 7.28e-08
2018-08-05, 10:20:13, 0.0, 7.32e-08
2018-08-05, 10:20:15, 0.0, 7.35e-08
2018-08-05, 10:20:17, 0.0, 7.3e-08
2018-08-05, 10:20:19, 0.0, 7.32e-08
2018-08-05, 10:20:22, 0.0, 7.28e-08
2018-08-05, 10:20:24, 0.0, 7.31e-08
2018-08-05, 10:20:26, 0.0, 7.32e-08
2018-08-05, 10:20:28, 0.0, 7.23e-08
2018-08-05, 10:20:30, 0.0, 7.19e-08
2018-08-05, 10:20:32, 0.0, 7.26e-08
2018-08-05, 10:20:34, 0.0, 7.27e-08
2018-08-05, 10:20:36, 0.0, 7.24e-08
2018-08-05, 10:20:39, 0.0, 7.31e-08
2018-08-05, 10:20:41, 0.0, 7.2e-08
2018-08-05, 10:20:43, 0.0, 7.26e-08
2018-08-05, 10:20:45, 0.0, 7.27e-08
2018-08-05, 10:20:47, 0.0, 7.27e-08
2018-08-05, 10:20:49, 0.0, 7.29e-08
2018-08-05, 10:20:51, 0.0, 7.31e-08
2018-08-05, 10:20:53, 0.0, 7.27e-08
2018-08-05, 10:20:56, 0.0, 7.28e-08
2018-08-05, 10:20:58, 0.0, 7.28e-08
2018-08-05, 10:21:00, 0.0, 7.26e-08
2018-08-05, 10:21:02, 0.0, 7.27e-08
2018-08-05, 10:21:04, 0.0, 7.4e-08
2018-08-05, 10:21:06, 0.0, 7.32e-08
2018-08-05, 10:21:08, 0.0, 7.34e-08
2018-08-05, 10:21:11, 0.0, 7.36e-08
2018-08-05, 10:21:13, 0.0, 7.33e-08
2018-08-05, 10:21:15, 0.0, 7.33e-08
2018-08-05, 10:21:17, 0.0, 7.36e-08
2018-08-05, 10:21:19, 0.0, 7.26e-08
2018-08-05, 10:21:21, 0.0, 7.28e-08
2018-08-05, 10:21:23, 0.0, 7.3e-08
2018-08-05, 10:21:25, 0.0, 7.35e-08
2018-08-05, 10:21:28, 0.0, 7.33e-08
2018-08-05, 10:21:30, 0.0, 7.3e-08
2018-08-05, 10:21:32, 0.0, 7.31e-08
2018-08-05, 10:21:34, 0.0, 7.32e-08
2018-08-05, 10:21:36, 0.0, 7.35e-08
2018-08-05, 10:21:38, 0.0, 7.34e-08
2018-08-05, 10:21:40, 0.0, 7.28e-08
2018-08-05, 10:21:42, 0.0, 7.33e-08
2018-08-05, 10:21:45, 0.0, 7.34e-08
2018-08-05, 10:21:47, 0.0, 7.31e-08
2018-08-05, 10:21:49, 0.0, 7.32e-08
2018-08-05, 10:21:51, 0.0, 7.4e-08
2018-08-05, 10:21:53, 0.0, 7.34e-08
2018-08-05, 10:21:55, 0.0, 7.32e-08
2018-08-05, 10:21:57, 0.0, 7.35e-08
2018-08-05, 10:21:59, 0.0, 7.32e-08
2018-08-05, 10:22:02, 0.0, 7.28e-08
2018-08-05, 10:22:04, 0.0, 7.32e-08
2018-08-05, 10:22:06, 0.0, 7.3e-08
2018-08-05, 10:22:08, 0.0, 7.34e-08
2018-08-05, 10:22:10, 0.0, 7.28e-08
2018-08-05, 10:22:12, 0.0, 7.3e-08
2018-08-05, 10:22:14, 0.0, 7.28e-08
2018-08-05, 10:22:17, 0.0, 7.34e-08
2018-08-05, 10:22:19, 0.0, 7.28e-08
2018-08-05, 10:22:21, 0.0, 7.36e-08
2018-08-05, 10:22:23, 0.0, 7.39e-08
2018-08-05, 10:22:25, 0.0, 7.34e-08
2018-08-05, 10:22:27, 0.0, 7.35e-08
2018-08-05, 10:22:29, 0.0, 7.31e-08
2018-08-05, 10:22:31, 0.0, 7.26e-08
2018-08-05, 10:22:34, 0.0, 7.29e-08
2018-08-05, 10:22:36, 0.0, 7.26e-08
2018-08-05, 10:22:38, 0.0, 7.32e-08
2018-08-05, 10:22:40, 0.0, 7.34e-08
2018-08-05, 10:22:42, 0.0, 7.29e-08
2018-08-05, 10:22:44, 0.0, 7.26e-08
2018-08-05, 10:22:46, 0.0, 7.27e-08
2018-08-05, 10:22:48, 0.0, 7.31e-08
2018-08-05, 10:22:50, 0.0, 7.26e-08
2018-08-05, 10:22:53, 0.0, 7.26e-08
2018-08-05, 10:22:55, 0.0, 7.23e-08
2018-08-05, 10:22:57, 0.0, 7.24e-08
2018-08-05, 10:22:59, 0.0, 7.23e-08
2018-08-05, 10:23:01, 0.0, 7.24e-08
2018-08-05, 10:23:03, 0.0, 7.21e-08
2018-08-05, 10:23:05, 0.0, 7.22e-08
2018-08-05, 10:23:08, 0.0, 7.24e-08
2018-08-05, 10:23:10, 0.0, 7.15e-08
2018-08-05, 10:23:12, 0.0, 7.21e-08
2018-08-05, 10:23:14, 0.0, 7.27e-08
2018-08-05, 10:23:16, 0.0, 7.22e-08
2018-08-05, 10:23:18, 0.0, 7.32e-08
2018-08-05, 10:23:20, 0.0, 7.23e-08
2018-08-05, 10:23:22, 0.0, 7.21e-08
2018-08-05, 10:23:25, 0.0, 7.19e-08
2018-08-05, 10:23:27, 0.0, 7.27e-08
2018-08-05, 10:23:29, 0.0, 7.22e-08
2018-08-05, 10:23:31, 0.0, 7.24e-08
2018-08-05, 10:23:33, 0.0, 7.24e-08
2018-08-05, 10:23:35, 0.0, 7.23e-08
2018-08-05, 10:23:37, 0.0, 7.25e-08
2018-08-05, 10:23:39, 0.0, 7.24e-08
2018-08-05, 10:23:42, 0.0, 7.27e-08
2018-08-05, 10:23:44, 0.0, 7.23e-08
2018-08-05, 10:23:46, 0.0, 7.22e-08
2018-08-05, 10:23:48, 0.0, 7.23e-08
2018-08-05, 10:23:50, 0.0, 7.13e-08
2018-08-05, 10:23:52, 0.0, 7.23e-08
2018-08-05, 10:23:54, 0.0, 7.19e-08
2018-08-05, 10:23:56, 0.0, 7.28e-08
2018-08-05, 10:23:59, 0.0, 7.27e-08
2018-08-05, 10:24:01, 0.0, 7.25e-08
2018-08-05, 10:24:03, 0.0, 7.17e-08
2018-08-05, 10:24:05, 0.0, 7.23e-08
2018-08-05, 10:24:07, 0.0, 7.18e-08
2018-08-05, 10:24:09, 0.0, 7.26e-08
2018-08-05, 10:24:12, 0.0, 7.25e-08
2018-08-05, 10:24:14, 0.0, 7.29e-08
2018-08-05, 10:24:16, 0.0, 7.25e-08
2018-08-05, 10:24:18, 0.0, 7.25e-08
2018-08-05, 10:24:20, 0.0, 7.24e-08
2018-08-05, 10:24:22, 0.0, 7.32e-08
2018-08-05, 10:24:24, 0.0, 7.2e-08
2018-08-05, 10:24:26, 0.0, 7.29e-08
2018-08-05, 10:24:29, 0.0, 7.29e-08
2018-08-05, 10:24:31, 0.0, 7.24e-08
2018-08-05, 10:24:33, 0.0, 7.28e-08
2018-08-05, 10:24:35, 0.0, 7.24e-08
2018-08-05, 10:24:37, 0.0, 7.28e-08
2018-08-05, 10:24:39, 0.0, 7.28e-08
2018-08-05, 10:24:41, 0.0, 7.26e-08
2018-08-05, 10:24:43, 0.0, 7.27e-08
2018-08-05, 10:24:46, 0.0, 7.25e-08
2018-08-05, 10:24:48, 0.0, 7.29e-08
2018-08-05, 10:24:50, 0.0, 7.28e-08
2018-08-05, 10:24:52, 0.0, 7.25e-08
2018-08-05, 10:24:54, 0.0, 7.24e-08
2018-08-05, 10:24:56, 0.0, 7.23e-08
2018-08-05, 10:24:58, 0.0, 7.23e-08
2018-08-05, 10:25:00, 0.0, 7.29e-08
2018-08-05, 10:25:03, 0.0, 7.26e-08
2018-08-05, 10:25:05, 0.0, 7.29e-08
2018-08-05, 10:25:07, 0.0, 7.26e-08
2018-08-05, 10:25:09, 0.0, 7.2e-08
2018-08-05, 10:25:11, 0.0, 7.26e-08
2018-08-05, 10:25:13, 0.0, 7.27e-08
2018-08-05, 10:25:15, 0.0, 7.21e-08
2018-08-05, 10:25:18, 0.0, 7.2e-08
2018-08-05, 10:25:20, 0.0, 7.24e-08
2018-08-05, 10:25:22, 0.0, 7.29e-08
2018-08-05, 10:25:24, 0.0, 7.28e-08
2018-08-05, 10:25:26, 0.0, 7.28e-08
2018-08-05, 10:25:28, 0.0, 7.27e-08
2018-08-05, 10:25:30, 0.0, 7.22e-08
2018-08-05, 10:25:32, 0.0, 7.21e-08
2018-08-05, 10:25:35, 0.0, 7.25e-08
2018-08-05, 10:25:37, 0.0, 7.26e-08
2018-08-05, 10:25:39, 0.0, 7.24e-08
2018-08-05, 10:25:41, 0.0, 7.23e-08
2018-08-05, 10:25:43, 0.0, 7.24e-08
2018-08-05, 10:25:45, 0.0, 7.25e-08
2018-08-05, 10:25:47, 0.0, 7.29e-08
2018-08-05, 10:25:49, 0.0, 7.24e-08
2018-08-05, 10:25:52, 0.0, 7.24e-08
2018-08-05, 10:25:54, 0.0, 7.24e-08
2018-08-05, 10:25:56, 0.0, 7.27e-08
2018-08-05, 10:25:58, 0.0, 7.23e-08
2018-08-05, 10:26:00, 0.0, 7.2e-08
2018-08-05, 10:26:02, 0.0, 7.27e-08
2018-08-05, 10:26:04, 0.0, 7.18e-08
2018-08-05, 10:26:06, 0.0, 7.19e-08
2018-08-05, 10:26:09, 0.0, 7.24e-08
2018-08-05, 10:26:11, 0.0, 7.25e-08
2018-08-05, 10:26:13, 0.0, 7.24e-08
2018-08-05, 10:26:15, 0.0, 7.24e-08
2018-08-05, 10:26:17, 0.0, 7.27e-08
2018-08-05, 10:26:19, 0.0, 7.25e-08
2018-08-05, 10:26:21, 0.0, 7.22e-08
2018-08-05, 10:26:23, 0.0, 7.24e-08
2018-08-05, 10:26:26, 0.0, 7.25e-08
2018-08-05, 10:26:28, 0.0, 7.25e-08
2018-08-05, 10:26:30, 0.0, 7.23e-08
2018-08-05, 10:26:32, 0.0, 7.25e-08
2018-08-05, 10:26:34, 0.0, 7.27e-08
2018-08-05, 10:26:36, 0.0, 7.23e-08
2018-08-05, 10:26:38, 0.0, 7.23e-08
2018-08-05, 10:26:40, 0.0, 7.23e-08
2018-08-05, 10:26:43, 0.0, 7.21e-08
2018-08-05, 10:26:45, 0.0, 7.26e-08
2018-08-05, 10:26:47, 0.0, 7.23e-08
2018-08-05, 10:26:49, 0.0, 7.29e-08
2018-08-05, 10:26:51, 0.0, 7.23e-08
2018-08-05, 10:26:53, 0.0, 7.25e-08
2018-08-05, 10:26:55, 0.0, 7.22e-08
2018-08-05, 10:26:57, 0.0, 7.22e-08
2018-08-05, 10:27:00, 0.0, 7.22e-08
2018-08-05, 10:27:02, 0.0, 7.24e-08
2018-08-05, 10:27:04, 0.0, 7.21e-08
2018-08-05, 10:27:06, 0.0, 7.24e-08
2018-08-05, 10:27:08, 0.0, 7.28e-08
2018-08-05, 10:27:10, 0.0, 7.25e-08
2018-08-05, 10:27:12, 0.0, 7.26e-08
2018-08-05, 10:27:14, 0.0, 7.22e-08
2018-08-05, 10:27:17, 0.0, 7.29e-08
2018-08-05, 10:27:19, 0.0, 7.18e-08
2018-08-05, 10:27:21, 0.0, 7.24e-08
2018-08-05, 10:27:23, 0.0, 7.24e-08
2018-08-05, 10:27:25, 0.0, 7.17e-08
2018-08-05, 10:27:27, 0.0, 7.23e-08
2018-08-05, 10:27:29, 0.0, 7.24e-08
2018-08-05, 10:27:32, 0.0, 7.25e-08
2018-08-05, 10:27:34, 0.0, 7.27e-08
2018-08-05, 10:27:36, 0.0, 7.2e-08
2018-08-05, 10:27:38, 0.0, 7.27e-08
2018-08-05, 10:27:40, 0.0, 7.27e-08
2018-08-05, 10:27:42, 0.0, 7.28e-08
2018-08-05, 10:27:44, 0.0, 7.23e-08
2018-08-05, 10:27:46, 0.0, 7.25e-08
2018-08-05, 10:27:49, 0.0, 7.15e-08
2018-08-05, 10:27:51, 0.0, 7.22e-08
2018-08-05, 10:27:53, 0.0, 7.2e-08
2018-08-05, 10:27:55, 0.0, 7.2e-08
2018-08-05, 10:27:57, 0.0, 7.22e-08
2018-08-05, 10:27:59, 0.0, 7.33e-08
2018-08-05, 10:28:01, 0.0, 7.28e-08
2018-08-05, 10:28:03, 0.0, 7.29e-08
2018-08-05, 10:28:06, 0.0, 7.21e-08
2018-08-05, 10:28:08, 0.0, 7.21e-08
2018-08-05, 10:28:10, 0.0, 7.19e-08
2018-08-05, 10:28:12, 0.0, 7.25e-08
2018-08-05, 10:28:14, 0.0, 7.24e-08
2018-08-05, 10:28:16, 0.0, 7.24e-08
2018-08-05, 10:28:18, 0.0, 7.23e-08
2018-08-05, 10:28:21, 0.0, 7.31e-08
2018-08-05, 10:28:23, 0.0, 7.25e-08
2018-08-05, 10:28:25, 0.0, 7.27e-08
2018-08-05, 10:28:27, 0.0, 7.28e-08
2018-08-05, 10:28:29, 0.0, 7.24e-08
2018-08-05, 10:28:31, 0.0, 7.23e-08
2018-08-05, 10:28:33, 0.0, 7.24e-08
2018-08-05, 10:28:35, 0.0, 7.25e-08
2018-08-05, 10:28:38, 0.0, 7.25e-08
2018-08-05, 10:28:40, 0.0, 7.3e-08
2018-08-05, 10:28:42, 0.0, 7.26e-08
2018-08-05, 10:28:44, 0.0, 7.22e-08
2018-08-05, 10:28:46, 0.0, 7.23e-08
2018-08-05, 10:28:48, 0.0, 7.27e-08
2018-08-05, 10:28:50, 0.0, 7.28e-08
2018-08-05, 10:28:52, 0.0, 7.23e-08
2018-08-05, 10:28:55, 0.0, 7.21e-08
2018-08-05, 10:28:57, 0.0, 7.26e-08
2018-08-05, 10:28:59, 0.0, 7.27e-08
2018-08-05, 10:29:01, 0.0, 7.22e-08
2018-08-05, 10:29:03, 0.0, 7.15e-08
2018-08-05, 10:29:05, 0.0, 7.2e-08
2018-08-05, 10:29:07, 0.0, 7.21e-08
2018-08-05, 10:29:09, 0.0, 7.25e-08
2018-08-05, 10:29:12, 0.0, 7.26e-08
2018-08-05, 10:29:14, 0.0, 7.27e-08
2018-08-05, 10:29:16, 0.0, 7.28e-08
2018-08-05, 10:29:18, 0.0, 7.24e-08
2018-08-05, 10:29:20, 0.0, 7.26e-08
2018-08-05, 10:29:22, 0.0, 7.29e-08
2018-08-05, 10:29:24, 0.0, 7.35e-08
2018-08-05, 10:29:26, 0.0, 7.35e-08
2018-08-05, 10:29:29, 0.0, 7.32e-08
2018-08-05, 10:29:31, 0.0, 7.3e-08
2018-08-05, 10:29:33, 0.0, 7.28e-08
2018-08-05, 10:29:35, 0.0, 7.2e-08
2018-08-05, 10:29:37, 0.0, 7.2e-08
2018-08-05, 10:29:39, 0.0, 7.18e-08
2018-08-05, 10:29:41, 0.0, 7.25e-08
2018-08-05, 10:29:43, 0.0, 7.25e-08
2018-08-05, 10:29:46, 0.0, 7.26e-08
2018-08-05, 10:29:48, 0.0, 7.28e-08
2018-08-05, 10:29:50, 0.0, 7.25e-08
2018-08-05, 10:29:52, 0.0, 7.27e-08
2018-08-05, 10:29:54, 0.0, 7.2e-08
2018-08-05, 10:29:56, 0.0, 7.25e-08
2018-08-05, 10:29:58, 0.0, 7.27e-08
2018-08-05, 10:30:01, 0.0, 7.29e-08
2018-08-05, 10:30:03, 0.0, 7.29e-08
2018-08-05, 10:30:05, 0.0, 7.3e-08
2018-08-05, 10:30:07, 0.0, 7.21e-08
2018-08-05, 10:30:09, 0.0, 7.2e-08
2018-08-05, 10:30:11, 0.0, 7.26e-08
2018-08-05, 10:30:13, 0.0, 7.29e-08
2018-08-05, 10:30:15, 0.0, 7.22e-08
2018-08-05, 10:30:18, 0.0, 7.26e-08
2018-08-05, 10:30:20, 0.0, 7.27e-08
2018-08-05, 10:30:22, 0.0, 7.28e-08
2018-08-05, 10:30:24, 0.0, 7.21e-08
2018-08-05, 10:30:26, 0.0, 7.3e-08
2018-08-05, 10:30:28, 0.0, 7.26e-08
2018-08-05, 10:30:30, 0.0, 7.17e-08
2018-08-05, 10:30:33, 0.0, 7.25e-08
2018-08-05, 10:30:35, 0.0, 7.24e-08
2018-08-05, 10:30:37, 0.0, 7.22e-08
2018-08-05, 10:30:39, 0.0, 7.31e-08
2018-08-05, 10:30:41, 0.0, 7.28e-08
2018-08-05, 10:30:43, 0.0, 7.2e-08
2018-08-05, 10:30:45, 0.0, 7.25e-08
2018-08-05, 10:30:47, 0.0, 7.24e-08
2018-08-05, 10:30:49, 0.0, 7.26e-08
2018-08-05, 10:30:52, 0.0, 7.26e-08
2018-08-05, 10:30:54, 0.0, 7.23e-08
2018-08-05, 10:30:56, 0.0, 7.29e-08
2018-08-05, 10:30:58, 0.0, 7.23e-08
2018-08-05, 10:31:00, 0.0, 7.21e-08
2018-08-05, 10:31:02, 0.0, 7.28e-08
2018-08-05, 10:31:04, 0.0, 7.22e-08
2018-08-05, 10:31:07, 0.0, 7.29e-08
2018-08-05, 10:31:09, 0.0, 7.2e-08
2018-08-05, 10:31:11, 0.0, 7.24e-08
2018-08-05, 10:31:13, 0.0, 7.27e-08
2018-08-05, 10:31:15, 0.0, 7.29e-08
2018-08-05, 10:31:17, 0.0, 7.28e-08
2018-08-05, 10:31:19, 0.0, 7.2e-08
2018-08-05, 10:31:21, 0.0, 7.23e-08
2018-08-05, 10:31:24, 0.0, 7.2e-08
2018-08-05, 10:31:26, 0.0, 7.22e-08
2018-08-05, 10:31:28, 0.0, 7.28e-08
2018-08-05, 10:31:30, 0.0, 7.19e-08
2018-08-05, 10:31:32, 0.0, 7.31e-08
2018-08-05, 10:31:34, 0.0, 7.28e-08
2018-08-05, 10:31:36, 0.0, 7.28e-08
2018-08-05, 10:31:38, 0.0, 7.27e-08
2018-08-05, 10:31:41, 0.0, 7.25e-08
2018-08-05, 10:31:43, 0.0, 7.24e-08
2018-08-05, 10:31:45, 0.0, 7.27e-08
2018-08-05, 10:31:47, 0.0, 7.25e-08
2018-08-05, 10:31:49, 0.0, 7.31e-08
2018-08-05, 10:31:51, 0.0, 7.25e-08
2018-08-05, 10:31:53, 0.0, 7.27e-08
2018-08-05, 10:31:55, 0.0, 7.25e-08
2018-08-05, 10:31:58, 0.0, 7.22e-08
2018-08-05, 10:32:00, 0.0, 7.15e-08
2018-08-05, 10:32:02, 0.0, 7.2e-08
2018-08-05, 10:32:04, 0.0, 7.26e-08
2018-08-05, 10:32:06, 0.0, 7.29e-08
2018-08-05, 10:32:08, 0.0, 7.23e-08
2018-08-05, 10:32:10, 0.0, 7.27e-08
2018-08-05, 10:32:13, 0.0, 7.25e-08
2018-08-05, 10:32:15, 0.0, 7.26e-08
2018-08-05, 10:32:17, 0.0, 7.22e-08
2018-08-05, 10:32:19, 0.0, 7.22e-08
2018-08-05, 10:32:21, 0.0, 7.26e-08
2018-08-05, 10:32:23, 0.0, 7.26e-08
2018-08-05, 10:32:25, 0.0, 7.2e-08
2018-08-05, 10:32:27, 0.0, 7.21e-08
2018-08-05, 10:32:30, 0.0, 7.36e-08
2018-08-05, 10:32:32, 0.0, 7.31e-08
2018-08-05, 10:32:34, 0.0, 7.29e-08
2018-08-05, 10:32:36, 0.0, 7.24e-08
2018-08-05, 10:32:38, 0.0, 7.17e-08
2018-08-05, 10:32:40, 0.0, 7.19e-08
2018-08-05, 10:32:42, 0.0, 7.24e-08
2018-08-05, 10:32:44, 0.0, 7.26e-08
2018-08-05, 10:32:47, 0.0, 7.2e-08
2018-08-05, 10:32:49, 0.0, 7.2e-08
2018-08-05, 10:32:51, 0.0, 7.27e-08
2018-08-05, 10:32:53, 0.0, 7.28e-08
2018-08-05, 10:32:55, 0.0, 7.19e-08
2018-08-05, 10:32:57, 0.0, 7.26e-08
2018-08-05, 10:32:59, 0.0, 7.21e-08
2018-08-05, 10:33:01, 0.0, 7.24e-08
2018-08-05, 10:33:04, 0.0, 7.22e-08
2018-08-05, 10:33:06, 0.0, 7.15e-08
2018-08-05, 10:33:08, 0.0, 7.25e-08
2018-08-05, 10:33:10, 0.0, 7.19e-08
2018-08-05, 10:33:12, 0.0, 7.29e-08
2018-08-05, 10:33:14, 0.0, 7.19e-08
2018-08-05, 10:33:16, 0.0, 7.23e-08
2018-08-05, 10:33:18, 0.0, 7.26e-08
2018-08-05, 10:33:21, 0.0, 7.22e-08
2018-08-05, 10:33:23, 0.0, 7.19e-08
2018-08-05, 10:33:25, 0.0, 7.27e-08
2018-08-05, 10:33:27, 0.0, 7.2e-08
2018-08-05, 10:33:29, 0.0, 7.26e-08
2018-08-05, 10:33:31, 0.0, 7.29e-08
2018-08-05, 10:33:33, 0.0, 7.26e-08
2018-08-05, 10:33:35, 0.0, 7.29e-08
2018-08-05, 10:33:38, 0.0, 7.2e-08
2018-08-05, 10:33:40, 0.0, 7.25e-08
2018-08-05, 10:33:42, 0.0, 7.26e-08
2018-08-05, 10:33:44, 0.0, 7.27e-08
2018-08-05, 10:33:46, 0.0, 7.25e-08
2018-08-05, 10:33:48, 0.0, 7.29e-08
2018-08-05, 10:33:50, 0.0, 7.22e-08
2018-08-05, 10:33:52, 0.0, 7.27e-08
2018-08-05, 10:33:55, 0.0, 7.25e-08
2018-08-05, 10:33:57, 0.0, 7.25e-08
2018-08-05, 10:33:59, 0.0, 7.21e-08
2018-08-05, 10:34:01, 0.0, 7.22e-08
2018-08-05, 10:34:03, 0.0, 7.25e-08
2018-08-05, 10:34:05, 0.0, 7.19e-08
2018-08-05, 10:34:07, 0.0, 7.27e-08
2018-08-05, 10:34:10, 0.0, 7.27e-08
2018-08-05, 10:34:12, 0.0, 7.28e-08
2018-08-05, 10:34:14, 0.0, 7.28e-08
2018-08-05, 10:34:16, 0.0, 7.24e-08
2018-08-05, 10:34:18, 0.0, 7.19e-08
2018-08-05, 10:34:20, 0.0, 7.28e-08
2018-08-05, 10:34:22, 0.0, 7.23e-08
2018-08-05, 10:34:24, 0.0, 7.25e-08
2018-08-05, 10:34:27, 0.0, 7.23e-08
2018-08-05, 10:34:29, 0.0, 7.23e-08
2018-08-05, 10:34:31, 0.0, 7.26e-08
2018-08-05, 10:34:33, 0.0, 7.24e-08
2018-08-05, 10:34:35, 0.0, 7.24e-08
2018-08-05, 10:34:37, 0.0, 7.18e-08
2018-08-05, 10:34:39, 0.0, 7.21e-08
2018-08-05, 10:34:41, 0.0, 7.24e-08
2018-08-05, 10:34:44, 0.0, 7.26e-08
2018-08-05, 10:34:46, 0.0, 7.25e-08
2018-08-05, 10:34:48, 0.0, 7.27e-08
2018-08-05, 10:34:50, 0.0, 7.25e-08
2018-08-05, 10:34:52, 0.0, 7.22e-08
2018-08-05, 10:34:54, 0.0, 7.24e-08
2018-08-05, 10:34:56, 0.0, 7.21e-08
2018-08-05, 10:34:58, 0.0, 7.23e-08
2018-08-05, 10:35:01, 0.0, 7.27e-08
2018-08-05, 10:35:03, 0.0, 7.25e-08
2018-08-05, 10:35:05, 0.0, 7.18e-08
2018-08-05, 10:35:07, 0.0, 7.23e-08
2018-08-05, 10:35:09, 0.0, 7.17e-08
2018-08-05, 10:35:11, 0.0, 7.26e-08
2018-08-05, 10:35:13, 0.0, 7.26e-08
2018-08-05, 10:35:15, 0.0, 7.3e-08
2018-08-05, 10:35:18, 0.0, 7.24e-08
2018-08-05, 10:35:20, 0.0, 7.32e-08
2018-08-05, 10:35:22, 0.0, 7.22e-08
2018-08-05, 10:35:24, 0.0, 7.3e-08
2018-08-05, 10:35:26, 0.0, 7.36e-08
2018-08-05, 10:35:28, 0.0, 7.33e-08
2018-08-05, 10:35:30, 0.0, 7.27e-08
2018-08-05, 10:35:32, 0.0, 7.23e-08
2018-08-05, 10:35:35, 0.0, 7.26e-08
2018-08-05, 10:35:37, 0.0, 7.25e-08
2018-08-05, 10:35:39, 0.0, 7.21e-08
2018-08-05, 10:35:41, 0.0, 7.22e-08
2018-08-05, 10:35:43, 0.0, 7.27e-08
2018-08-05, 10:35:45, 0.0, 7.28e-08
2018-08-05, 10:35:47, 0.0, 7.26e-08
2018-08-05, 10:35:49, 0.0, 7.23e-08
2018-08-05, 10:35:52, 0.0, 7.24e-08
2018-08-05, 10:35:54, 0.0, 7.23e-08
2018-08-05, 10:35:56, 0.0, 7.23e-08
2018-08-05, 10:35:58, 0.0, 7.24e-08
2018-08-05, 10:36:00, 0.0, 7.22e-08
2018-08-05, 10:36:02, 0.0, 7.3e-08
2018-08-05, 10:36:04, 0.0, 7.16e-08
2018-08-05, 10:36:06, 0.0, 7.15e-08
2018-08-05, 10:36:09, 0.0, 7.21e-08
2018-08-05, 10:36:11, 0.0, 7.26e-08
2018-08-05, 10:36:13, 0.0, 7.22e-08
2018-08-05, 10:36:15, 0.0, 7.22e-08
2018-08-05, 10:36:17, 0.0, 7.26e-08
2018-08-05, 10:36:19, 0.0, 7.26e-08
2018-08-05, 10:36:21, 0.0, 7.3e-08
2018-08-05, 10:36:23, 0.0, 7.26e-08
2018-08-05, 10:36:26, 0.0, 7.28e-08
2018-08-05, 10:36:28, 0.0, 7.26e-08
2018-08-05, 10:36:30, 0.0, 7.27e-08
2018-08-05, 10:36:32, 0.0, 7.25e-08
2018-08-05, 10:36:34, 0.0, 7.21e-08
2018-08-05, 10:36:36, 0.0, 7.26e-08
2018-08-05, 10:36:38, 0.0, 7.23e-08
2018-08-05, 10:36:41, 0.0, 7.29e-08
2018-08-05, 10:36:43, 0.0, 7.23e-08
2018-08-05, 10:36:45, 0.0, 7.24e-08
2018-08-05, 10:36:47, 0.0, 7.26e-08
2018-08-05, 10:36:49, 0.0, 7.33e-08
2018-08-05, 10:36:51, 0.0, 7.19e-08
2018-08-05, 10:36:53, 0.0, 7.13e-08
2018-08-05, 10:36:55, 0.0, 7.19e-08
2018-08-05, 10:36:58, 0.0, 7.21e-08
2018-08-05, 10:37:00, 0.0, 7.3e-08
2018-08-05, 10:37:02, 0.0, 7.25e-08
2018-08-05, 10:37:04, 0.0, 7.19e-08
2018-08-05, 10:37:06, 0.0, 7.21e-08
2018-08-05, 10:37:08, 0.0, 7.23e-08
2018-08-05, 10:37:10, 0.0, 7.17e-08
2018-08-05, 10:37:12, 0.0, 7.21e-08
2018-08-05, 10:37:15, 0.0, 7.25e-08
2018-08-05, 10:37:17, 0.0, 7.26e-08
2018-08-05, 10:37:19, 0.0, 7.17e-08
2018-08-05, 10:37:21, 0.0, 7.19e-08
2018-08-05, 10:37:23, 0.0, 7.17e-08
2018-08-05, 10:37:25, 0.0, 7.2e-08
2018-08-05, 10:37:27, 0.0, 7.19e-08
2018-08-05, 10:37:29, 0.0, 7.2e-08
2018-08-05, 10:37:32, 0.0, 7.19e-08
2018-08-05, 10:37:34, 0.0, 7.24e-08
2018-08-05, 10:37:36, 0.0, 7.23e-08
2018-08-05, 10:37:38, 0.0, 7.2e-08
2018-08-05, 10:37:40, 0.0, 7.27e-08
2018-08-05, 10:37:42, 0.0, 7.22e-08
2018-08-05, 10:37:44, 0.0, 7.23e-08
2018-08-05, 10:37:46, 0.0, 7.22e-08
2018-08-05, 10:37:49, 0.0, 7.25e-08
2018-08-05, 10:37:51, 0.0, 7.2e-08
2018-08-05, 10:37:53, 0.0, 7.28e-08
2018-08-05, 10:37:55, 0.0, 7.25e-08
2018-08-05, 10:37:57, 0.0, 7.29e-08
2018-08-05, 10:37:59, 0.0, 7.27e-08
2018-08-05, 10:38:01, 0.0, 7.23e-08
2018-08-05, 10:38:03, 0.0, 7.22e-08
2018-08-05, 10:38:06, 0.0, 7.14e-08
2018-08-05, 10:38:08, 0.0, 7.3e-08
2018-08-05, 10:38:10, 0.0, 7.26e-08
2018-08-05, 10:38:12, 0.0, 7.25e-08
2018-08-05, 10:38:14, 0.0, 7.18e-08
2018-08-05, 10:38:16, 0.0, 7.25e-08
2018-08-05, 10:38:18, 0.0, 7.25e-08
2018-08-05, 10:38:21, 0.0, 7.25e-08
2018-08-05, 10:38:23, 0.0, 7.21e-08
2018-08-05, 10:38:25, 0.0, 7.25e-08
2018-08-05, 10:38:27, 0.0, 7.29e-08
2018-08-05, 10:38:29, 0.0, 7.22e-08
2018-08-05, 10:38:31, 0.0, 7.31e-08
2018-08-05, 10:38:33, 0.0, 7.26e-08
2018-08-05, 10:38:35, 0.0, 7.24e-08
2018-08-05, 10:38:38, 0.0, 7.24e-08
2018-08-05, 10:38:40, 0.0, 7.19e-08
2018-08-05, 10:38:42, 0.0, 7.19e-08
2018-08-05, 10:38:44, 0.0, 7.26e-08
2018-08-05, 10:38:46, 0.0, 7.23e-08
2018-08-05, 10:38:48, 0.0, 7.24e-08
2018-08-05, 10:38:50, 0.0, 7.23e-08
2018-08-05, 10:38:52, 0.0, 7.19e-08
2018-08-05, 10:38:55, 0.0, 7.25e-08
2018-08-05, 10:38:57, 0.0, 7.27e-08
2018-08-05, 10:38:59, 0.0, 7.21e-08
2018-08-05, 10:39:01, 0.0, 7.2e-08
2018-08-05, 10:39:03, 0.0, 7.23e-08
2018-08-05, 10:39:05, 0.0, 7.28e-08
2018-08-05, 10:39:07, 0.0, 7.27e-08
2018-08-05, 10:39:09, 0.0, 7.22e-08
2018-08-05, 10:39:12, 0.0, 7.24e-08
2018-08-05, 10:39:14, 0.0, 7.23e-08
2018-08-05, 10:39:16, 0.0, 7.29e-08
2018-08-05, 10:39:18, 0.0, 7.24e-08
2018-08-05, 10:39:20, 0.0, 7.29e-08
2018-08-05, 10:39:22, 0.0, 7.3e-08
2018-08-05, 10:39:24, 0.0, 7.2e-08
2018-08-05, 10:39:26, 0.0, 7.28e-08
2018-08-05, 10:39:29, 0.0, 7.2e-08
2018-08-05, 10:39:31, 0.0, 7.29e-08
2018-08-05, 10:39:33, 0.0, 7.31e-08
2018-08-05, 10:39:35, 0.0, 7.21e-08
2018-08-05, 10:39:37, 0.0, 7.27e-08
2018-08-05, 10:39:39, 0.0, 7.27e-08
2018-08-05, 10:39:41, 0.0, 7.19e-08
2018-08-05, 10:39:43, 0.0, 7.21e-08
2018-08-05, 10:39:46, 0.0, 7.23e-08
2018-08-05, 10:39:48, 0.0, 7.22e-08
2018-08-05, 10:39:50, 0.0, 7.19e-08
2018-08-05, 10:39:52, 0.0, 7.19e-08
2018-08-05, 10:39:54, 0.0, 7.16e-08
2018-08-05, 10:39:56, 0.0, 7.32e-08
2018-08-05, 10:39:58, 0.0, 7.21e-08
2018-08-05, 10:40:00, 0.0, 7.19e-08
2018-08-05, 10:40:03, 0.0, 7.23e-08
2018-08-05, 10:40:05, 0.0, 7.27e-08
2018-08-05, 10:40:07, 0.0, 7.25e-08
2018-08-05, 10:40:09, 0.0, 7.27e-08
2018-08-05, 10:40:11, 0.0, 7.26e-08
2018-08-05, 10:40:13, 0.0, 7.23e-08
2018-08-05, 10:40:15, 0.0, 7.28e-08
2018-08-05, 10:40:18, 0.0, 7.28e-08
2018-08-05, 10:40:20, 0.0, 7.21e-08
2018-08-05, 10:40:22, 0.0, 7.27e-08
2018-08-05, 10:40:24, 0.0, 7.21e-08
2018-08-05, 10:40:26, 0.0, 7.21e-08
2018-08-05, 10:40:28, 0.0, 7.29e-08
2018-08-05, 10:40:30, 0.0, 7.26e-08
2018-08-05, 10:40:32, 0.0, 7.3e-08
2018-08-05, 10:40:35, 0.0, 7.29e-08
2018-08-05, 10:40:37, 0.0, 7.28e-08
2018-08-05, 10:40:39, 0.0, 7.27e-08
2018-08-05, 10:40:41, 0.0, 7.25e-08
2018-08-05, 10:40:43, 0.0, 7.21e-08
2018-08-05, 10:40:45, 0.0, 7.24e-08
2018-08-05, 10:40:47, 0.0, 7.23e-08
2018-08-05, 10:40:49, 0.0, 7.22e-08
2018-08-05, 10:40:52, 0.0, 7.26e-08
2018-08-05, 10:40:54, 0.0, 7.22e-08
2018-08-05, 10:40:56, 0.0, 7.23e-08
2018-08-05, 10:40:58, 0.0, 7.18e-08
2018-08-05, 10:41:00, 0.0, 7.25e-08
2018-08-05, 10:41:02, 0.0, 7.18e-08
2018-08-05, 10:41:04, 0.0, 7.21e-08
2018-08-05, 10:41:06, 0.0, 7.22e-08
2018-08-05, 10:41:09, 0.0, 7.24e-08
2018-08-05, 10:41:11, 0.0, 7.24e-08
2018-08-05, 10:41:13, 0.0, 7.26e-08
2018-08-05, 10:41:15, 0.0, 7.25e-08
2018-08-05, 10:41:17, 0.0, 7.27e-08
2018-08-05, 10:41:19, 0.0, 7.3e-08
2018-08-05, 10:41:21, 0.0, 7.2e-08
2018-08-05, 10:41:24, 0.0, 7.3e-08
2018-08-05, 10:41:26, 0.0, 7.28e-08
2018-08-05, 10:41:28, 0.0, 7.28e-08
2018-08-05, 10:41:30, 0.0, 7.25e-08
2018-08-05, 10:41:32, 0.0, 7.29e-08
2018-08-05, 10:41:34, 0.0, 7.29e-08
2018-08-05, 10:41:36, 0.0, 7.27e-08
2018-08-05, 10:41:38, 0.0, 7.27e-08
2018-08-05, 10:41:41, 0.0, 7.28e-08
2018-08-05, 10:41:43, 0.0, 7.25e-08
2018-08-05, 10:41:45, 0.0, 7.24e-08
2018-08-05, 10:41:47, 0.0, 7.17e-08
2018-08-05, 10:41:49, 0.0, 7.29e-08
2018-08-05, 10:41:51, 0.0, 7.24e-08
2018-08-05, 10:41:53, 0.0, 7.31e-08
2018-08-05, 10:41:55, 0.0, 7.27e-08
2018-08-05, 10:41:58, 0.0, 7.24e-08
2018-08-05, 10:42:00, 0.0, 7.25e-08
2018-08-05, 10:42:02, 0.0, 7.22e-08
2018-08-05, 10:42:04, 0.0, 7.25e-08
2018-08-05, 10:42:06, 0.0, 7.19e-08
2018-08-05, 10:42:08, 0.0, 7.2e-08
2018-08-05, 10:42:10, 0.0, 7.21e-08
2018-08-05, 10:42:12, 0.0, 7.22e-08
2018-08-05, 10:42:15, 0.0, 7.18e-08
2018-08-05, 10:42:17, 0.0, 7.24e-08
2018-08-05, 10:42:19, 0.0, 7.22e-08
2018-08-05, 10:42:21, 0.0, 7.19e-08
2018-08-05, 10:42:23, 0.0, 7.24e-08
2018-08-05, 10:42:25, 0.0, 7.25e-08
2018-08-05, 10:42:27, 0.0, 7.32e-08
2018-08-05, 10:42:29, 0.0, 7.27e-08
2018-08-05, 10:42:32, 0.0, 7.23e-08
2018-08-05, 10:42:34, 0.0, 7.24e-08
2018-08-05, 10:42:36, 0.0, 7.24e-08
2018-08-05, 10:42:38, 0.0, 7.29e-08
2018-08-05, 10:42:40, 0.0, 7.24e-08
2018-08-05, 10:42:42, 0.0, 7.26e-08
2018-08-05, 10:42:44, 0.0, 7.25e-08
2018-08-05, 10:42:46, 0.0, 7.31e-08
2018-08-05, 10:42:49, 0.0, 7.23e-08
2018-08-05, 10:42:51, 0.0, 7.21e-08
2018-08-05, 10:42:53, 0.0, 7.23e-08
2018-08-05, 10:42:55, 0.0, 7.23e-08
2018-08-05, 10:42:57, 0.0, 7.29e-08
2018-08-05, 10:42:59, 0.0, 7.25e-08
2018-08-05, 10:43:01, 0.0, 7.19e-08
2018-08-05, 10:43:03, 0.0, 7.2e-08
2018-08-05, 10:43:06, 0.0, 7.33e-08
2018-08-05, 10:43:08, 0.0, 7.24e-08
2018-08-05, 10:43:10, 0.0, 7.21e-08
2018-08-05, 10:43:12, 0.0, 7.28e-08
2018-08-05, 10:43:14, 0.0, 7.25e-08
2018-08-05, 10:43:16, 0.0, 7.25e-08
2018-08-05, 10:43:18, 0.0, 7.33e-08
2018-08-05, 10:43:21, 0.0, 7.26e-08
2018-08-05, 10:43:23, 0.0, 7.22e-08
2018-08-05, 10:43:25, 0.0, 7.23e-08
2018-08-05, 10:43:27, 0.0, 7.26e-08
2018-08-05, 10:43:29, 0.0, 7.15e-08
2018-08-05, 10:43:31, 0.0, 7.22e-08
2018-08-05, 10:43:33, 0.0, 7.18e-08
2018-08-05, 10:43:35, 0.0, 7.22e-08
2018-08-05, 10:43:38, 0.0, 7.23e-08
2018-08-05, 10:43:40, 0.0, 7.27e-08
2018-08-05, 10:43:42, 0.0, 7.27e-08
2018-08-05, 10:43:44, 0.0, 7.26e-08
2018-08-05, 10:43:46, 0.0, 7.27e-08
2018-08-05, 10:43:48, 0.0, 7.22e-08
2018-08-05, 10:43:50, 0.0, 7.22e-08
2018-08-05, 10:43:52, 0.0, 7.21e-08
2018-08-05, 10:43:55, 0.0, 7.18e-08
2018-08-05, 10:43:57, 0.0, 7.31e-08
2018-08-05, 10:43:59, 0.0, 7.26e-08
2018-08-05, 10:44:01, 0.0, 7.27e-08
2018-08-05, 10:44:03, 0.0, 7.16e-08
2018-08-05, 10:44:05, 0.0, 7.28e-08
2018-08-05, 10:44:07, 0.0, 7.31e-08
2018-08-05, 10:44:09, 0.0, 7.28e-08
2018-08-05, 10:44:12, 0.0, 7.25e-08
2018-08-05, 10:44:14, 0.0, 7.28e-08
2018-08-05, 10:44:16, 0.0, 7.26e-08
2018-08-05, 10:44:18, 0.0, 7.26e-08
2018-08-05, 10:44:20, 0.0, 7.25e-08
2018-08-05, 10:44:22, 0.0, 7.2e-08
2018-08-05, 10:44:24, 0.0, 7.27e-08
2018-08-05, 10:44:26, 0.0, 7.28e-08
2018-08-05, 10:44:29, 0.0, 7.21e-08
2018-08-05, 10:44:31, 0.0, 7.22e-08
2018-08-05, 10:44:33, 0.0, 7.19e-08
2018-08-05, 10:44:35, 0.0, 7.19e-08
2018-08-05, 10:44:37, 0.0, 7.27e-08
2018-08-05, 10:44:39, 0.0, 7.25e-08
2018-08-05, 10:44:41, 0.0, 7.24e-08
2018-08-05, 10:44:43, 0.0, 7.26e-08
2018-08-05, 10:44:46, 0.0, 7.25e-08
2018-08-05, 10:44:48, 0.0, 7.28e-08
2018-08-05, 10:44:50, 0.0, 7.3e-08
2018-08-05, 10:44:52, 0.0, 7.23e-08
2018-08-05, 10:44:54, 0.0, 7.31e-08
2018-08-05, 10:44:56, 0.0, 7.33e-08
2018-08-05, 10:44:58, 0.0, 7.29e-08
2018-08-05, 10:45:01, 0.0, 7.25e-08
2018-08-05, 10:45:03, 0.0, 7.29e-08
2018-08-05, 10:45:05, 0.0, 7.29e-08
2018-08-05, 10:45:07, 0.0, 7.31e-08
2018-08-05, 10:45:09, 0.0, 7.2e-08
2018-08-05, 10:45:11, 0.0, 7.25e-08
2018-08-05, 10:45:13, 0.0, 7.31e-08
2018-08-05, 10:45:15, 0.0, 7.25e-08
2018-08-05, 10:45:18, 0.0, 7.25e-08
2018-08-05, 10:45:20, 0.0, 7.25e-08
2018-08-05, 10:45:22, 0.0, 7.25e-08
2018-08-05, 10:45:24, 0.0, 7.22e-08
2018-08-05, 10:45:26, 0.0, 7.3e-08
2018-08-05, 10:45:28, 0.0, 7.24e-08
2018-08-05, 10:45:30, 0.0, 7.25e-08
2018-08-05, 10:45:32, 0.0, 7.26e-08
2018-08-05, 10:45:35, 0.0, 7.21e-08
2018-08-05, 10:45:37, 0.0, 7.28e-08
2018-08-05, 10:45:39, 0.0, 7.24e-08
2018-08-05, 10:45:41, 0.0, 7.22e-08
2018-08-05, 10:45:43, 0.0, 7.32e-08
2018-08-05, 10:45:45, 0.0, 7.29e-08
2018-08-05, 10:45:47, 0.0, 7.26e-08
2018-08-05, 10:45:49, 0.0, 7.26e-08
2018-08-05, 10:45:52, 0.0, 7.29e-08
2018-08-05, 10:45:54, 0.0, 7.36e-08
2018-08-05, 10:45:56, 0.0, 7.29e-08
2018-08-05, 10:45:58, 0.0, 7.26e-08
2018-08-05, 10:46:00, 0.0, 7.35e-08
2018-08-05, 10:46:02, 0.0, 7.38e-08
2018-08-05, 10:46:04, 0.0, 7.26e-08
2018-08-05, 10:46:06, 0.0, 7.26e-08
2018-08-05, 10:46:09, 0.0, 7.32e-08
2018-08-05, 10:46:11, 0.0, 7.37e-08
2018-08-05, 10:46:13, 0.0, 7.33e-08
2018-08-05, 10:46:15, 0.0, 7.26e-08
2018-08-05, 10:46:17, 0.0, 7.3e-08
2018-08-05, 10:46:19, 0.0, 7.23e-08
2018-08-05, 10:46:21, 0.0, 7.27e-08
2018-08-05, 10:46:23, 0.0, 7.24e-08
2018-08-05, 10:46:26, 0.0, 7.29e-08
2018-08-05, 10:46:28, 0.0, 7.22e-08
2018-08-05, 10:46:30, 0.0, 7.23e-08
2018-08-05, 10:46:32, 0.0, 7.23e-08
2018-08-05, 10:46:34, 0.0, 7.3e-08
2018-08-05, 10:46:36, 0.0, 7.26e-08
2018-08-05, 10:46:38, 0.0, 7.24e-08
2018-08-05, 10:46:40, 0.0, 7.27e-08
2018-08-05, 10:46:43, 0.0, 7.33e-08
2018-08-05, 10:46:45, 0.0, 7.26e-08
2018-08-05, 10:46:47, 0.0, 7.27e-08
2018-08-05, 10:46:49, 0.0, 7.24e-08
2018-08-05, 10:46:51, 0.0, 7.26e-08
2018-08-05, 10:46:53, 0.0, 7.23e-08
2018-08-05, 10:46:55, 0.0, 7.23e-08
2018-08-05, 10:46:57, 0.0, 7.25e-08
2018-08-05, 10:47:00, 0.0, 7.22e-08
2018-08-05, 10:47:02, 0.0, 7.21e-08
2018-08-05, 10:47:04, 0.0, 7.28e-08
2018-08-05, 10:47:06, 0.0, 7.18e-08
2018-08-05, 10:47:08, 0.0, 7.26e-08
2018-08-05, 10:47:10, 0.0, 7.26e-08
2018-08-05, 10:47:12, 0.0, 7.24e-08
2018-08-05, 10:47:14, 0.0, 7.25e-08
2018-08-05, 10:47:17, 0.0, 7.24e-08
2018-08-05, 10:47:19, 0.0, 7.16e-08
2018-08-05, 10:47:21, 0.0, 7.22e-08
2018-08-05, 10:47:23, 0.0, 7.21e-08
2018-08-05, 10:47:25, 0.0, 7.21e-08
2018-08-05, 10:47:27, 0.0, 7.18e-08
2018-08-05, 10:47:29, 0.0, 7.21e-08
2018-08-05, 10:47:31, 0.0, 7.26e-08
2018-08-05, 10:47:34, 0.0, 7.25e-08
2018-08-05, 10:47:36, 0.0, 7.15e-08
2018-08-05, 10:47:38, 0.0, 7.23e-08
2018-08-05, 10:47:40, 0.0, 7.22e-08
2018-08-05, 10:47:42, 0.0, 7.23e-08
2018-08-05, 10:47:44, 0.0, 7.22e-08
2018-08-05, 10:47:46, 0.0, 7.22e-08
2018-08-05, 10:47:48, 0.0, 7.18e-08
2018-08-05, 10:47:51, 0.0, 7.25e-08
2018-08-05, 10:47:53, 0.0, 7.25e-08
2018-08-05, 10:47:55, 0.0, 7.23e-08
2018-08-05, 10:47:57, 0.0, 7.2e-08
2018-08-05, 10:47:59, 0.0, 7.26e-08
2018-08-05, 10:48:01, 0.0, 7.24e-08
2018-08-05, 10:48:03, 0.0, 7.25e-08
2018-08-05, 10:48:06, 0.0, 7.22e-08
2018-08-05, 10:48:08, 0.0, 7.21e-08
2018-08-05, 10:48:10, 0.0, 7.15e-08
2018-08-05, 10:48:12, 0.0, 7.18e-08
2018-08-05, 10:48:14, 0.0, 7.2e-08
2018-08-05, 10:48:16, 0.0, 7.24e-08
2018-08-05, 10:48:18, 0.0, 7.23e-08
2018-08-05, 10:48:20, 0.0, 7.25e-08
2018-08-05, 10:48:23, 0.0, 7.23e-08
2018-08-05, 10:48:25, 0.0, 7.19e-08
2018-08-05, 10:48:27, 0.0, 7.22e-08
2018-08-05, 10:48:29, 0.0, 7.24e-08
2018-08-05, 10:48:31, 0.0, 7.25e-08
2018-08-05, 10:48:33, 0.0, 7.25e-08
2018-08-05, 10:48:35, 0.0, 7.18e-08
2018-08-05, 10:48:37, 0.0, 7.26e-08
2018-08-05, 10:48:40, 0.0, 7.24e-08
2018-08-05, 10:48:42, 0.0, 7.21e-08
2018-08-05, 10:48:44, 0.0, 7.23e-08
2018-08-05, 10:48:46, 0.0, 7.25e-08
2018-08-05, 10:48:48, 0.0, 7.28e-08
2018-08-05, 10:48:50, 0.0, 7.23e-08
2018-08-05, 10:48:52, 0.0, 7.21e-08
2018-08-05, 10:48:54, 0.0, 7.2e-08
2018-08-05, 10:48:57, 0.0, 7.15e-08
2018-08-05, 10:48:59, 0.0, 7.19e-08
2018-08-05, 10:49:01, 0.0, 7.26e-08
2018-08-05, 10:49:03, 0.0, 7.25e-08
2018-08-05, 10:49:05, 0.0, 7.29e-08
2018-08-05, 10:49:07, 0.0, 7.18e-08
2018-08-05, 10:49:09, 0.0, 7.2e-08
2018-08-05, 10:49:11, 0.0, 7.19e-08
2018-08-05, 10:49:14, 0.0, 7.21e-08
2018-08-05, 10:49:16, 0.0, 7.18e-08
2018-08-05, 10:49:18, 0.0, 7.21e-08
2018-08-05, 10:49:20, 0.0, 7.23e-08
2018-08-05, 10:49:22, 0.0, 7.19e-08
2018-08-05, 10:49:24, 0.0, 7.17e-08
2018-08-05, 10:49:26, 0.0, 7.2e-08
2018-08-05, 10:49:28, 0.0, 7.22e-08
2018-08-05, 10:49:31, 0.0, 7.16e-08
2018-08-05, 10:49:33, 0.0, 7.27e-08
2018-08-05, 10:49:35, 0.0, 7.21e-08
2018-08-05, 10:49:37, 0.0, 7.18e-08
2018-08-05, 10:49:39, 0.0, 7.17e-08
2018-08-05, 10:49:41, 0.0, 7.19e-08
2018-08-05, 10:49:43, 0.0, 7.18e-08
2018-08-05, 10:49:45, 0.0, 7.25e-08
2018-08-05, 10:49:48, 0.0, 7.26e-08
2018-08-05, 10:49:50, 0.0, 7.19e-08
2018-08-05, 10:49:52, 0.0, 7.21e-08
2018-08-05, 10:49:54, 0.0, 7.25e-08
2018-08-05, 10:49:56, 0.0, 7.13e-08
2018-08-05, 10:49:58, 0.0, 7.16e-08
2018-08-05, 10:50:00, 0.0, 7.14e-08
2018-08-05, 10:50:03, 0.0, 7.16e-08
2018-08-05, 10:50:05, 0.0, 7.22e-08
2018-08-05, 10:50:07, 0.0, 7.24e-08
2018-08-05, 10:50:09, 0.0, 7.2e-08
2018-08-05, 10:50:11, 0.0, 7.22e-08
2018-08-05, 10:50:13, 0.0, 7.19e-08
2018-08-05, 10:50:15, 0.0, 7.28e-08
2018-08-05, 10:50:17, 0.0, 7.18e-08
2018-08-05, 10:50:20, 0.0, 7.27e-08
2018-08-05, 10:50:22, 0.0, 7.24e-08
2018-08-05, 10:50:24, 0.0, 7.16e-08
2018-08-05, 10:50:26, 0.0, 7.25e-08
2018-08-05, 10:50:28, 0.0, 7.23e-08
2018-08-05, 10:50:30, 0.0, 7.23e-08
2018-08-05, 10:50:32, 0.0, 7.17e-08
2018-08-05, 10:50:34, 0.0, 7.17e-08
2018-08-05, 10:50:37, 0.0, 7.18e-08
2018-08-05, 10:50:39, 0.0, 7.23e-08
2018-08-05, 10:50:41, 0.0, 7.26e-08
2018-08-05, 10:50:43, 0.0, 7.21e-08
2018-08-05, 10:50:45, 0.0, 7.24e-08
2018-08-05, 10:50:47, 0.0, 7.19e-08
2018-08-05, 10:50:49, 0.0, 7.23e-08
2018-08-05, 10:50:51, 0.0, 7.22e-08
2018-08-05, 10:50:54, 0.0, 7.21e-08
2018-08-05, 10:50:56, 0.0, 7.22e-08
2018-08-05, 10:50:58, 0.0, 7.19e-08
2018-08-05, 10:51:00, 0.0, 7.22e-08
2018-08-05, 10:51:02, 0.0, 7.24e-08
2018-08-05, 10:51:04, 0.0, 7.19e-08
2018-08-05, 10:51:06, 0.0, 7.21e-08
2018-08-05, 10:51:08, 0.0, 7.2e-08
2018-08-05, 10:51:11, 0.0, 7.22e-08
2018-08-05, 10:51:13, 0.0, 7.21e-08
2018-08-05, 10:51:15, 0.0, 7.27e-08
2018-08-05, 10:51:17, 0.0, 7.22e-08
2018-08-05, 10:51:19, 0.0, 7.17e-08
2018-08-05, 10:51:21, 0.0, 7.17e-08
2018-08-05, 10:51:23, 0.0, 7.17e-08
2018-08-05, 10:51:25, 0.0, 7.18e-08
2018-08-05, 10:51:28, 0.0, 7.18e-08
2018-08-05, 10:51:30, 0.0, 7.23e-08
2018-08-05, 10:51:32, 0.0, 7.18e-08
2018-08-05, 10:51:34, 0.0, 7.18e-08
2018-08-05, 10:51:36, 0.0, 7.22e-08
2018-08-05, 10:51:38, 0.0, 7.17e-08
2018-08-05, 10:51:40, 0.0, 7.19e-08
2018-08-05, 10:51:43, 0.0, 7.17e-08
2018-08-05, 10:51:45, 0.0, 7.18e-08
2018-08-05, 10:51:47, 0.0, 7.23e-08
2018-08-05, 10:51:49, 0.0, 7.21e-08
2018-08-05, 10:51:51, 0.0, 7.22e-08
2018-08-05, 10:51:53, 0.0, 7.18e-08
2018-08-05, 10:51:55, 0.0, 7.29e-08
2018-08-05, 10:51:57, 0.0, 7.23e-08
2018-08-05, 10:52:00, 0.0, 7.2e-08
2018-08-05, 10:52:02, 0.0, 7.24e-08
2018-08-05, 10:52:04, 0.0, 7.2e-08
2018-08-05, 10:52:06, 0.0, 7.16e-08
2018-08-05, 10:52:08, 0.0, 7.17e-08
2018-08-05, 10:52:10, 0.0, 7.27e-08
2018-08-05, 10:52:12, 0.0, 7.16e-08
2018-08-05, 10:52:14, 0.0, 7.24e-08
2018-08-05, 10:52:17, 0.0, 7.21e-08
2018-08-05, 10:52:19, 0.0, 7.15e-08
2018-08-05, 10:52:21, 0.0, 7.26e-08
2018-08-05, 10:52:23, 0.0, 7.16e-08
2018-08-05, 10:52:25, 0.0, 7.24e-08
2018-08-05, 10:52:27, 0.0, 7.29e-08
2018-08-05, 10:52:29, 0.0, 7.16e-08
2018-08-05, 10:52:31, 0.0, 7.21e-08
2018-08-05, 10:52:34, 0.0, 7.24e-08
2018-08-05, 10:52:36, 0.0, 7.16e-08
2018-08-05, 10:52:38, 0.0, 7.24e-08
2018-08-05, 10:52:40, 0.0, 7.29e-08
2018-08-05, 10:52:42, 0.0, 7.23e-08
2018-08-05, 10:52:44, 0.0, 7.29e-08
2018-08-05, 10:52:46, 0.0, 7.27e-08
2018-08-05, 10:52:48, 0.0, 7.27e-08
2018-08-05, 10:52:51, 0.0, 7.26e-08
2018-08-05, 10:52:53, 0.0, 7.22e-08
2018-08-05, 10:52:55, 0.0, 7.26e-08
2018-08-05, 10:52:57, 0.0, 7.16e-08
2018-08-05, 10:52:59, 0.0, 7.18e-08
2018-08-05, 10:53:01, 0.0, 7.23e-08
2018-08-05, 10:53:03, 0.0, 7.23e-08
2018-08-05, 10:53:05, 0.0, 7.15e-08
2018-08-05, 10:53:08, 0.0, 7.25e-08
2018-08-05, 10:53:10, 0.0, 7.23e-08
2018-08-05, 10:53:12, 0.0, 7.21e-08
2018-08-05, 10:53:14, 0.0, 7.16e-08
2018-08-05, 10:53:16, 0.0, 7.18e-08
2018-08-05, 10:53:18, 0.0, 7.21e-08
2018-08-05, 10:53:20, 0.0, 7.11e-08
2018-08-05, 10:53:22, 0.0, 7.19e-08
2018-08-05, 10:53:25, 0.0, 7.18e-08
2018-08-05, 10:53:27, 0.0, 7.2e-08
2018-08-05, 10:53:29, 0.0, 7.19e-08
2018-08-05, 10:53:31, 0.0, 7.15e-08
2018-08-05, 10:53:33, 0.0, 7.24e-08
2018-08-05, 10:53:35, 0.0, 7.23e-08
2018-08-05, 10:53:37, 0.0, 7.23e-08
2018-08-05, 10:53:39, 0.0, 7.2e-08
2018-08-05, 10:53:42, 0.0, 7.22e-08
2018-08-05, 10:53:44, 0.0, 7.15e-08
2018-08-05, 10:53:46, 0.0, 7.26e-08
2018-08-05, 10:53:48, 0.0, 7.23e-08
2018-08-05, 10:53:50, 0.0, 7.25e-08
2018-08-05, 10:53:52, 0.0, 7.23e-08
2018-08-05, 10:53:54, 0.0, 7.14e-08
2018-08-05, 10:53:56, 0.0, 7.26e-08
2018-08-05, 10:53:59, 0.0, 7.2e-08
2018-08-05, 10:54:01, 0.0, 7.26e-08
2018-08-05, 10:54:03, 0.0, 7.23e-08
2018-08-05, 10:54:05, 0.0, 7.2e-08
2018-08-05, 10:54:07, 0.0, 7.28e-08
2018-08-05, 10:54:09, 0.0, 7.24e-08
2018-08-05, 10:54:11, 0.0, 7.21e-08
2018-08-05, 10:54:13, 0.0, 7.18e-08
2018-08-05, 10:54:16, 0.0, 7.23e-08
2018-08-05, 10:54:18, 0.0, 7.24e-08
2018-08-05, 10:54:20, 0.0, 7.17e-08
2018-08-05, 10:54:22, 0.0, 7.2e-08
2018-08-05, 10:54:24, 0.0, 7.17e-08
2018-08-05, 10:54:26, 0.0, 7.17e-08
2018-08-05, 10:54:28, 0.0, 7.23e-08
2018-08-05, 10:54:30, 0.0, 7.24e-08
2018-08-05, 10:54:33, 0.0, 7.18e-08
2018-08-05, 10:54:35, 0.0, 7.29e-08
2018-08-05, 10:54:37, 0.0, 7.26e-08
2018-08-05, 10:54:39, 0.0, 7.13e-08
2018-08-05, 10:54:41, 0.0, 7.22e-08
2018-08-05, 10:54:43, 0.0, 7.26e-08
2018-08-05, 10:54:45, 0.0, 7.22e-08
2018-08-05, 10:54:47, 0.0, 7.24e-08
2018-08-05, 10:54:50, 0.0, 7.23e-08
2018-08-05, 10:54:52, 0.0, 7.2e-08
2018-08-05, 10:54:54, 0.0, 7.28e-08
2018-08-05, 10:54:56, 0.0, 7.19e-08
2018-08-05, 10:54:58, 0.0, 7.19e-08
2018-08-05, 10:55:00, 0.0, 7.26e-08
2018-08-05, 10:55:02, 0.0, 7.26e-08
2018-08-05, 10:55:05, 0.0, 7.18e-08
2018-08-05, 10:55:07, 0.0, 7.22e-08
2018-08-05, 10:55:09, 0.0, 7.21e-08
2018-08-05, 10:55:11, 0.0, 7.19e-08
2018-08-05, 10:55:13, 0.0, 7.19e-08
2018-08-05, 10:55:15, 0.0, 7.25e-08
2018-08-05, 10:55:17, 0.0, 7.29e-08
2018-08-05, 10:55:19, 0.0, 7.19e-08
2018-08-05, 10:55:22, 0.0, 7.26e-08
2018-08-05, 10:55:24, 0.0, 7.24e-08
2018-08-05, 10:55:26, 0.0, 7.23e-08
2018-08-05, 10:55:28, 0.0, 7.28e-08
2018-08-05, 10:55:30, 0.0, 7.2e-08
2018-08-05, 10:55:32, 0.0, 7.19e-08
2018-08-05, 10:55:34, 0.0, 7.21e-08
2018-08-05, 10:55:36, 0.0, 7.17e-08
2018-08-05, 10:55:39, 0.0, 7.27e-08
2018-08-05, 10:55:41, 0.0, 7.29e-08
2018-08-05, 10:55:43, 0.0, 7.22e-08
2018-08-05, 10:55:45, 0.0, 7.27e-08
2018-08-05, 10:55:47, 0.0, 7.27e-08
2018-08-05, 10:55:49, 0.0, 7.26e-08
2018-08-05, 10:55:51, 0.0, 7.25e-08
2018-08-05, 10:55:53, 0.0, 7.28e-08
2018-08-05, 10:55:56, 0.0, 7.21e-08
2018-08-05, 10:55:58, 0.0, 7.22e-08
2018-08-05, 10:56:00, 0.0, 7.24e-08
2018-08-05, 10:56:02, 0.0, 7.25e-08
2018-08-05, 10:56:04, 0.0, 7.26e-08
2018-08-05, 10:56:06, 0.0, 7.26e-08
2018-08-05, 10:56:08, 0.0, 7.24e-08
2018-08-05, 10:56:10, 0.0, 7.21e-08
2018-08-05, 10:56:13, 0.0, 7.29e-08
2018-08-05, 10:56:15, 0.0, 7.2e-08
2018-08-05, 10:56:17, 0.0, 7.27e-08
2018-08-05, 10:56:19, 0.0, 7.27e-08
2018-08-05, 10:56:21, 0.0, 7.3e-08
2018-08-05, 10:56:23, 0.0, 7.22e-08
2018-08-05, 10:56:25, 0.0, 7.25e-08
2018-08-05, 10:56:27, 0.0, 7.28e-08
2018-08-05, 10:56:30, 0.0, 7.3e-08
2018-08-05, 10:56:32, 0.0, 7.26e-08
2018-08-05, 10:56:34, 0.0, 7.28e-08
2018-08-05, 10:56:36, 0.0, 7.25e-08
2018-08-05, 10:56:38, 0.0, 7.22e-08
2018-08-05, 10:56:40, 0.0, 7.23e-08
2018-08-05, 10:56:42, 0.0, 7.2e-08
2018-08-05, 10:56:44, 0.0, 7.26e-08
2018-08-05, 10:56:47, 0.0, 7.26e-08
2018-08-05, 10:56:49, 0.0, 7.21e-08
2018-08-05, 10:56:51, 0.0, 7.23e-08
2018-08-05, 10:56:53, 0.0, 7.18e-08
2018-08-05, 10:56:55, 0.0, 7.27e-08
2018-08-05, 10:56:57, 0.0, 7.24e-08
2018-08-05, 10:56:59, 0.0, 7.26e-08
2018-08-05, 10:57:02, 0.0, 7.27e-08
2018-08-05, 10:57:04, 0.0, 7.18e-08
2018-08-05, 10:57:06, 0.0, 7.29e-08
2018-08-05, 10:57:08, 0.0, 7.25e-08
2018-08-05, 10:57:10, 0.0, 7.2e-08
2018-08-05, 10:57:12, 0.0, 7.25e-08
2018-08-05, 10:57:14, 0.0, 7.2e-08
2018-08-05, 10:57:16, 0.0, 7.22e-08
2018-08-05, 10:57:19, 0.0, 7.21e-08
2018-08-05, 10:57:21, 0.0, 7.22e-08
2018-08-05, 10:57:23, 0.0, 7.23e-08
2018-08-05, 10:57:25, 0.0, 7.26e-08
2018-08-05, 10:57:27, 0.0, 7.21e-08
2018-08-05, 10:57:29, 0.0, 7.25e-08
2018-08-05, 10:57:31, 0.0, 7.14e-08
2018-08-05, 10:57:33, 0.0, 7.2e-08
2018-08-05, 10:57:36, 0.0, 7.2e-08
2018-08-05, 10:57:38, 0.0, 7.2e-08
2018-08-05, 10:57:40, 0.0, 7.25e-08
2018-08-05, 10:57:42, 0.0, 7.26e-08
2018-08-05, 10:57:44, 0.0, 7.3e-08
2018-08-05, 10:57:46, 0.0, 7.26e-08
2018-08-05, 10:57:48, 0.0, 7.29e-08
2018-08-05, 10:57:50, 0.0, 7.2e-08
2018-08-05, 10:57:53, 0.0, 7.22e-08
2018-08-05, 10:57:55, 0.0, 7.25e-08
2018-08-05, 10:57:57, 0.0, 7.24e-08
2018-08-05, 10:57:59, 0.0, 7.23e-08
2018-08-05, 10:58:01, 0.0, 7.27e-08
2018-08-05, 10:58:03, 0.0, 7.31e-08
2018-08-05, 10:58:05, 0.0, 7.26e-08
2018-08-05, 10:58:07, 0.0, 7.25e-08
2018-08-05, 10:58:10, 0.0, 7.27e-08
2018-08-05, 10:58:12, 0.0, 7.34e-08
2018-08-05, 10:58:14, 0.0, 7.27e-08
2018-08-05, 10:58:16, 0.0, 7.33e-08
2018-08-05, 10:58:18, 0.0, 7.28e-08
2018-08-05, 10:58:20, 0.0, 7.32e-08
2018-08-05, 10:58:22, 0.0, 7.31e-08
2018-08-05, 10:58:24, 0.0, 7.3e-08
2018-08-05, 10:58:27, 0.0, 7.31e-08
2018-08-05, 10:58:29, 0.0, 7.3e-08
2018-08-05, 10:58:31, 0.0, 7.28e-08
2018-08-05, 10:58:33, 0.0, 7.28e-08
2018-08-05, 10:58:35, 0.0, 7.31e-08
2018-08-05, 10:58:37, 0.0, 7.25e-08
2018-08-05, 10:58:39, 0.0, 7.29e-08
2018-08-05, 10:58:41, 0.0, 7.28e-08
2018-08-05, 10:58:44, 0.0, 7.33e-08
2018-08-05, 10:58:46, 0.0, 7.27e-08
2018-08-05, 10:58:48, 0.0, 7.31e-08
2018-08-05, 10:58:50, 0.0, 7.23e-08
2018-08-05, 10:58:52, 0.0, 7.24e-08
2018-08-05, 10:58:54, 0.0, 7.25e-08
2018-08-05, 10:58:56, 0.0, 7.26e-08
2018-08-05, 10:58:58, 0.0, 7.29e-08
2018-08-05, 10:59:01, 0.0, 7.2e-08
2018-08-05, 10:59:03, 0.0, 7.25e-08
2018-08-05, 10:59:05, 0.0, 7.25e-08
2018-08-05, 10:59:07, 0.0, 7.2e-08
2018-08-05, 10:59:09, 0.0, 7.18e-08
2018-08-05, 10:59:11, 0.0, 7.2e-08
2018-08-05, 10:59:13, 0.0, 7.22e-08
2018-08-05, 10:59:16, 0.0, 7.28e-08
2018-08-05, 10:59:18, 0.0, 7.29e-08
2018-08-05, 10:59:20, 0.0, 7.34e-08
2018-08-05, 10:59:22, 0.0, 7.29e-08
2018-08-05, 10:59:24, 0.0, 7.34e-08
2018-08-05, 10:59:26, 0.0, 7.27e-08
2018-08-05, 10:59:28, 0.0, 7.22e-08
2018-08-05, 10:59:30, 0.0, 7.24e-08
2018-08-05, 10:59:33, 0.0, 7.25e-08
2018-08-05, 10:59:35, 0.0, 7.25e-08
2018-08-05, 10:59:37, 0.0, 7.27e-08
2018-08-05, 10:59:39, 0.0, 7.22e-08
2018-08-05, 10:59:41, 0.0, 7.2e-08
2018-08-05, 10:59:43, 0.0, 7.25e-08
2018-08-05, 10:59:45, 0.0, 7.26e-08
2018-08-05, 10:59:47, 0.0, 7.26e-08
2018-08-05, 10:59:50, 0.0, 7.17e-08
2018-08-05, 10:59:52, 0.0, 7.25e-08
2018-08-05, 10:59:54, 0.0, 7.16e-08
2018-08-05, 10:59:56, 0.0, 7.23e-08
2018-08-05, 10:59:58, 0.0, 7.13e-08
2018-08-05, 11:00:00, 0.0, 7.23e-08
2018-08-05, 11:00:02, 0.0, 7.21e-08
2018-08-05, 11:00:04, 0.0, 7.25e-08
2018-08-05, 11:00:07, 0.0, 7.26e-08
2018-08-05, 11:00:09, 0.0, 7.29e-08
2018-08-05, 11:00:11, 0.0, 7.24e-08
2018-08-05, 11:00:13, 0.0, 7.25e-08
2018-08-05, 11:00:15, 0.0, 7.21e-08
2018-08-05, 11:00:17, 0.0, 7.22e-08
2018-08-05, 11:00:19, 0.0, 7.23e-08
2018-08-05, 11:00:22, 0.0, 7.21e-08
2018-08-05, 11:00:24, 0.0, 7.27e-08
2018-08-05, 11:00:26, 0.0, 7.21e-08
2018-08-05, 11:00:28, 0.0, 7.21e-08
2018-08-05, 11:00:30, 0.0, 7.23e-08
2018-08-05, 11:00:32, 0.0, 7.21e-08
2018-08-05, 11:00:34, 0.0, 7.21e-08
2018-08-05, 11:00:36, 0.0, 7.2e-08
2018-08-05, 11:00:39, 0.0, 7.23e-08
2018-08-05, 11:00:41, 0.0, 7.2e-08
2018-08-05, 11:00:43, 0.0, 7.21e-08
2018-08-05, 11:00:45, 0.0, 7.21e-08
2018-08-05, 11:00:47, 0.0, 7.23e-08
2018-08-05, 11:00:49, 0.0, 7.21e-08
2018-08-05, 11:00:51, 0.0, 7.22e-08
2018-08-05, 11:00:53, 0.0, 7.28e-08
2018-08-05, 11:00:56, 0.0, 7.27e-08
2018-08-05, 11:00:58, 0.0, 7.25e-08
2018-08-05, 11:01:00, 0.0, 7.29e-08
2018-08-05, 11:01:02, 0.0, 7.29e-08
2018-08-05, 11:01:04, 0.0, 7.25e-08
2018-08-05, 11:01:06, 0.0, 7.31e-08
2018-08-05, 11:01:08, 0.0, 7.24e-08
2018-08-05, 11:01:10, 0.0, 7.24e-08
2018-08-05, 11:01:13, 0.0, 7.27e-08
2018-08-05, 11:01:15, 0.0, 7.25e-08
2018-08-05, 11:01:17, 0.0, 7.25e-08
2018-08-05, 11:01:19, 0.0, 7.24e-08
2018-08-05, 11:01:21, 0.0, 7.25e-08
2018-08-05, 11:01:23, 0.0, 7.26e-08
2018-08-05, 11:01:25, 0.0, 7.21e-08
2018-08-05, 11:01:27, 0.0, 7.26e-08
2018-08-05, 11:01:30, 0.0, 7.26e-08
2018-08-05, 11:01:32, 0.0, 7.25e-08
2018-08-05, 11:01:34, 0.0, 7.28e-08
2018-08-05, 11:01:36, 0.0, 7.33e-08
2018-08-05, 11:01:38, 0.0, 7.16e-08
2018-08-05, 11:01:40, 0.0, 7.28e-08
2018-08-05, 11:01:42, 0.0, 7.29e-08
2018-08-05, 11:01:45, 0.0, 7.27e-08
2018-08-05, 11:01:47, 0.0, 7.25e-08
2018-08-05, 11:01:49, 0.0, 7.32e-08
2018-08-05, 11:01:51, 0.0, 7.24e-08
2018-08-05, 11:01:53, 0.0, 7.29e-08
2018-08-05, 11:01:55, 0.0, 7.32e-08
2018-08-05, 11:01:57, 0.0, 7.25e-08
2018-08-05, 11:01:59, 0.0, 7.27e-08
2018-08-05, 11:02:02, 0.0, 7.22e-08
2018-08-05, 11:02:04, 0.0, 7.21e-08
2018-08-05, 11:02:06, 0.0, 7.12e-08
2018-08-05, 11:02:08, 0.0, 7.24e-08
2018-08-05, 11:02:10, 0.0, 7.22e-08
2018-08-05, 11:02:12, 0.0, 7.16e-08
2018-08-05, 11:02:14, 0.0, 7.19e-08
2018-08-05, 11:02:16, 0.0, 7.23e-08
2018-08-05, 11:02:19, 0.0, 7.16e-08
2018-08-05, 11:02:21, 0.0, 7.23e-08
2018-08-05, 11:02:23, 0.0, 7.21e-08
2018-08-05, 11:02:25, 0.0, 7.17e-08
2018-08-05, 11:02:27, 0.0, 7.18e-08
2018-08-05, 11:02:29, 0.0, 7.19e-08
2018-08-05, 11:02:31, 0.0, 7.23e-08
2018-08-05, 11:02:33, 0.0, 7.24e-08
2018-08-05, 11:02:36, 0.0, 7.22e-08
2018-08-05, 11:02:38, 0.0, 7.21e-08
2018-08-05, 11:02:40, 0.0, 7.24e-08
2018-08-05, 11:02:42, 0.0, 7.2e-08
2018-08-05, 11:02:44, 0.0, 7.19e-08
2018-08-05, 11:02:46, 0.0, 7.13e-08
2018-08-05, 11:02:48, 0.0, 7.21e-08
2018-08-05, 11:02:50, 0.0, 7.29e-08
2018-08-05, 11:02:53, 0.0, 7.2e-08
2018-08-05, 11:02:55, 0.0, 7.23e-08
2018-08-05, 11:02:57, 0.0, 7.23e-08
2018-08-05, 11:02:59, 0.0, 7.21e-08
2018-08-05, 11:03:01, 0.0, 7.24e-08
2018-08-05, 11:03:03, 0.0, 7.23e-08
2018-08-05, 11:03:05, 0.0, 7.17e-08
2018-08-05, 11:03:07, 0.0, 7.29e-08
2018-08-05, 11:03:10, 0.0, 7.32e-08
2018-08-05, 11:03:12, 0.0, 7.21e-08
2018-08-05, 11:03:14, 0.0, 7.19e-08
2018-08-05, 11:03:16, 0.0, 7.24e-08
2018-08-05, 11:03:18, 0.0, 7.23e-08
2018-08-05, 11:03:20, 0.0, 7.22e-08
2018-08-05, 11:03:22, 0.0, 7.22e-08
2018-08-05, 11:03:24, 0.0, 7.2e-08
2018-08-05, 11:03:27, 0.0, 7.22e-08
2018-08-05, 11:03:29, 0.0, 7.18e-08
2018-08-05, 11:03:31, 0.0, 7.18e-08
2018-08-05, 11:03:33, 0.0, 7.19e-08
2018-08-05, 11:03:35, 0.0, 7.22e-08
2018-08-05, 11:03:37, 0.0, 7.18e-08
2018-08-05, 11:03:39, 0.0, 7.24e-08
2018-08-05, 11:03:41, 0.0, 7.12e-08
2018-08-05, 11:03:44, 0.0, 7.15e-08
2018-08-05, 11:03:46, 0.0, 7.16e-08
2018-08-05, 11:03:48, 0.0, 7.2e-08
2018-08-05, 11:03:50, 0.0, 7.22e-08
2018-08-05, 11:03:52, 0.0, 7.2e-08
2018-08-05, 11:03:54, 0.0, 7.19e-08
2018-08-05, 11:03:56, 0.0, 7.27e-08
2018-08-05, 11:03:58, 0.0, 7.26e-08
2018-08-05, 11:04:01, 0.0, 7.28e-08
2018-08-05, 11:04:03, 0.0, 7.17e-08
2018-08-05, 11:04:05, 0.0, 7.17e-08
2018-08-05, 11:04:07, 0.0, 7.15e-08
2018-08-05, 11:04:09, 0.0, 7.17e-08
2018-08-05, 11:04:11, 0.0, 7.19e-08
2018-08-05, 11:04:13, 0.0, 7.2e-08
2018-08-05, 11:04:15, 0.0, 7.21e-08
2018-08-05, 11:04:18, 0.0, 7.25e-08
2018-08-05, 11:04:20, 0.0, 7.21e-08
2018-08-05, 11:04:22, 0.0, 7.24e-08
2018-08-05, 11:04:24, 0.0, 7.18e-08
2018-08-05, 11:04:26, 0.0, 7.22e-08
2018-08-05, 11:04:28, 0.0, 7.21e-08
2018-08-05, 11:04:30, 0.0, 7.19e-08
2018-08-05, 11:04:32, 0.0, 7.2e-08
2018-08-05, 11:04:35, 0.0, 7.27e-08
2018-08-05, 11:04:37, 0.0, 7.22e-08
2018-08-05, 11:04:39, 0.0, 7.23e-08
2018-08-05, 11:04:41, 0.0, 7.19e-08
2018-08-05, 11:04:43, 0.0, 7.23e-08
2018-08-05, 11:04:45, 0.0, 7.18e-08
2018-08-05, 11:04:47, 0.0, 7.21e-08
2018-08-05, 11:04:49, 0.0, 7.12e-08
2018-08-05, 11:04:52, 0.0, 7.18e-08
2018-08-05, 11:04:54, 0.0, 7.17e-08
2018-08-05, 11:04:56, 0.0, 7.17e-08
2018-08-05, 11:04:58, 0.0, 7.25e-08
2018-08-05, 11:05:00, 0.0, 7.26e-08
2018-08-05, 11:05:02, 0.0, 7.18e-08
2018-08-05, 11:05:04, 0.0, 7.22e-08
2018-08-05, 11:05:06, 0.0, 7.16e-08
2018-08-05, 11:05:09, 0.0, 7.16e-08
2018-08-05, 11:05:11, 0.0, 7.2e-08
2018-08-05, 11:05:13, 0.0, 7.16e-08
2018-08-05, 11:05:15, 0.0, 7.18e-08
2018-08-05, 11:05:17, 0.0, 7.23e-08
2018-08-05, 11:05:19, 0.0, 7.18e-08
2018-08-05, 11:05:21, 0.0, 7.19e-08
2018-08-05, 11:05:24, 0.0, 7.15e-08
2018-08-05, 11:05:26, 0.0, 7.17e-08
2018-08-05, 11:05:28, 0.0, 7.22e-08
2018-08-05, 11:05:30, 0.0, 7.17e-08
2018-08-05, 11:05:32, 0.0, 7.14e-08
2018-08-05, 11:05:34, 0.0, 7.2e-08
2018-08-05, 11:05:36, 0.0, 7.15e-08
2018-08-05, 11:05:38, 0.0, 7.24e-08
2018-08-05, 11:05:40, 0.0, 7.25e-08
2018-08-05, 11:05:43, 0.0, 7.18e-08
2018-08-05, 11:05:45, 0.0, 7.22e-08
2018-08-05, 11:05:47, 0.0, 7.14e-08
2018-08-05, 11:05:49, 0.0, 7.12e-08
2018-08-05, 11:05:51, 0.0, 7.18e-08
2018-08-05, 11:05:53, 0.0, 7.18e-08
2018-08-05, 11:05:55, 0.0, 7.13e-08
2018-08-05, 11:05:57, 0.0, 7.15e-08
2018-08-05, 11:06:00, 0.0, 7.22e-08
2018-08-05, 11:06:02, 0.0, 7.22e-08
2018-08-05, 11:06:04, 0.0, 7.19e-08
2018-08-05, 11:06:06, 0.0, 7.26e-08
2018-08-05, 11:06:08, 0.0, 7.12e-08
2018-08-05, 11:06:10, 0.0, 7.26e-08
2018-08-05, 11:06:12, 0.0, 7.17e-08
2018-08-05, 11:06:14, 0.0, 7.16e-08
2018-08-05, 11:06:17, 0.0, 7.22e-08
2018-08-05, 11:06:19, 0.0, 7.3e-08
2018-08-05, 11:06:21, 0.0, 7.27e-08
2018-08-05, 11:06:23, 0.0, 7.14e-08
2018-08-05, 11:06:25, 0.0, 7.2e-08
2018-08-05, 11:06:27, 0.0, 7.2e-08
2018-08-05, 11:06:29, 0.0, 7.12e-08
2018-08-05, 11:06:31, 0.0, 7.12e-08
2018-08-05, 11:06:34, 0.0, 7.19e-08
2018-08-05, 11:06:36, 0.0, 7.22e-08
2018-08-05, 11:06:38, 0.0, 7.16e-08
2018-08-05, 11:06:40, 0.0, 7.18e-08
2018-08-05, 11:06:42, 0.0, 7.09e-08
2018-08-05, 11:06:44, 0.0, 7.12e-08
2018-08-05, 11:06:46, 0.0, 7.17e-08
2018-08-05, 11:06:48, 0.0, 7.19e-08
2018-08-05, 11:06:51, 0.0, 7.17e-08
2018-08-05, 11:06:53, 0.0, 7.23e-08
2018-08-05, 11:06:55, 0.0, 7.14e-08
2018-08-05, 11:06:57, 0.0, 7.17e-08
2018-08-05, 11:06:59, 0.0, 7.18e-08
2018-08-05, 11:07:01, 0.0, 7.16e-08
2018-08-05, 11:07:03, 0.0, 7.19e-08
2018-08-05, 11:07:05, 0.0, 7.19e-08
2018-08-05, 11:07:08, 0.0, 7.15e-08
2018-08-05, 11:07:10, 0.0, 7.23e-08
2018-08-05, 11:07:12, 0.0, 7.13e-08
2018-08-05, 11:07:14, 0.0, 7.18e-08
2018-08-05, 11:07:16, 0.0, 7.14e-08
2018-08-05, 11:07:18, 0.0, 7.21e-08
2018-08-05, 11:07:20, 0.0, 7.21e-08
2018-08-05, 11:07:22, 0.0, 7.15e-08
2018-08-05, 11:07:25, 0.0, 7.17e-08
2018-08-05, 11:07:27, 0.0, 7.12e-08
2018-08-05, 11:07:29, 0.0, 7.19e-08
2018-08-05, 11:07:31, 0.0, 7.24e-08
2018-08-05, 11:07:33, 0.0, 7.19e-08
2018-08-05, 11:07:35, 0.0, 7.2e-08
2018-08-05, 11:07:37, 0.0, 7.22e-08
2018-08-05, 11:07:39, 0.0, 7.25e-08
2018-08-05, 11:07:42, 0.0, 7.23e-08
2018-08-05, 11:07:44, 0.0, 7.26e-08
2018-08-05, 11:07:46, 0.0, 7.27e-08
2018-08-05, 11:07:48, 0.0, 7.25e-08
2018-08-05, 11:07:50, 0.0, 7.26e-08
2018-08-05, 11:07:52, 0.0, 7.21e-08
2018-08-05, 11:07:54, 0.0, 7.26e-08
2018-08-05, 11:07:56, 0.0, 7.26e-08
2018-08-05, 11:07:59, 0.0, 7.22e-08
2018-08-05, 11:08:01, 0.0, 7.17e-08
2018-08-05, 11:08:03, 0.0, 7.17e-08
2018-08-05, 11:08:05, 0.0, 7.18e-08
2018-08-05, 11:08:07, 0.0, 7.2e-08
2018-08-05, 11:08:09, 0.0, 7.21e-08
2018-08-05, 11:08:11, 0.0, 7.2e-08
2018-08-05, 11:08:13, 0.0, 7.18e-08
2018-08-05, 11:08:16, 0.0, 7.16e-08
2018-08-05, 11:08:18, 0.0, 7.13e-08
2018-08-05, 11:08:20, 0.0, 7.15e-08
2018-08-05, 11:08:22, 0.0, 7.2e-08
2018-08-05, 11:08:24, 0.0, 7.21e-08
2018-08-05, 11:08:26, 0.0, 7.18e-08
2018-08-05, 11:08:28, 0.0, 7.24e-08
2018-08-05, 11:08:30, 0.0, 7.12e-08
2018-08-05, 11:08:33, 0.0, 7.12e-08
2018-08-05, 11:08:35, 0.0, 7.17e-08
2018-08-05, 11:08:37, 0.0, 7.1e-08
2018-08-05, 11:08:39, 0.0, 7.23e-08
2018-08-05, 11:08:41, 0.0, 7.18e-08
2018-08-05, 11:08:43, 0.0, 7.09e-08
2018-08-05, 11:08:45, 0.0, 7.16e-08
2018-08-05, 11:08:47, 0.0, 7.22e-08
2018-08-05, 11:08:50, 0.0, 7.19e-08
2018-08-05, 11:08:52, 0.0, 7.17e-08
2018-08-05, 11:08:54, 0.0, 7.24e-08
2018-08-05, 11:08:56, 0.0, 7.22e-08
2018-08-05, 11:08:58, 0.0, 7.22e-08
2018-08-05, 11:09:00, 0.0, 7.27e-08
2018-08-05, 11:09:02, 0.0, 7.25e-08
2018-08-05, 11:09:05, 0.0, 7.28e-08
2018-08-05, 11:09:07, 0.0, 7.19e-08
2018-08-05, 11:09:09, 0.0, 7.21e-08
2018-08-05, 11:09:11, 0.0, 7.26e-08
2018-08-05, 11:09:13, 0.0, 7.17e-08
2018-08-05, 11:09:15, 0.0, 7.17e-08
2018-08-05, 11:09:17, 0.0, 7.24e-08
2018-08-05, 11:09:19, 0.0, 7.25e-08
2018-08-05, 11:09:22, 0.0, 7.29e-08
2018-08-05, 11:09:24, 0.0, 7.27e-08
2018-08-05, 11:09:26, 0.0, 7.21e-08
2018-08-05, 11:09:28, 0.0, 7.22e-08
2018-08-05, 11:09:30, 0.0, 7.23e-08
2018-08-05, 11:09:32, 0.0, 7.23e-08
2018-08-05, 11:09:34, 0.0, 7.21e-08
2018-08-05, 11:09:36, 0.0, 7.22e-08
2018-08-05, 11:09:39, 0.0, 7.18e-08
2018-08-05, 11:09:41, 0.0, 7.16e-08
2018-08-05, 11:09:43, 0.0, 7.18e-08
2018-08-05, 11:09:45, 0.0, 7.19e-08
2018-08-05, 11:09:47, 0.0, 7.24e-08
2018-08-05, 11:09:49, 0.0, 7.25e-08
2018-08-05, 11:09:51, 0.0, 7.21e-08
2018-08-05, 11:09:53, 0.0, 7.14e-08
2018-08-05, 11:09:56, 0.0, 7.27e-08
2018-08-05, 11:09:58, 0.0, 7.25e-08
2018-08-05, 11:10:00, 0.0, 7.23e-08
2018-08-05, 11:10:02, 0.0, 7.22e-08
2018-08-05, 11:10:04, 0.0, 7.19e-08
2018-08-05, 11:10:06, 0.0, 7.2e-08
2018-08-05, 11:10:08, 0.0, 7.18e-08
2018-08-05, 11:10:11, 0.0, 7.17e-08
2018-08-05, 11:10:13, 0.0, 7.22e-08
2018-08-05, 11:10:15, 0.0, 7.22e-08
2018-08-05, 11:10:17, 0.0, 7.24e-08
2018-08-05, 11:10:19, 0.0, 7.22e-08
2018-08-05, 11:10:21, 0.0, 7.22e-08
2018-08-05, 11:10:23, 0.0, 7.23e-08
2018-08-05, 11:10:25, 0.0, 7.14e-08
2018-08-05, 11:10:28, 0.0, 7.21e-08
2018-08-05, 11:10:30, 0.0, 7.24e-08
2018-08-05, 11:10:32, 0.0, 7.2e-08
2018-08-05, 11:10:34, 0.0, 7.21e-08
2018-08-05, 11:10:36, 0.0, 7.17e-08
2018-08-05, 11:10:38, 0.0, 7.21e-08
2018-08-05, 11:10:40, 0.0, 7.25e-08
2018-08-05, 11:10:42, 0.0, 7.2e-08
2018-08-05, 11:10:45, 0.0, 7.2e-08
2018-08-05, 11:10:47, 0.0, 7.22e-08
2018-08-05, 11:10:49, 0.0, 7.22e-08
2018-08-05, 11:10:51, 0.0, 7.16e-08
2018-08-05, 11:10:53, 0.0, 7.17e-08
2018-08-05, 11:10:55, 0.0, 7.23e-08
2018-08-05, 11:10:57, 0.0, 7.21e-08
2018-08-05, 11:10:59, 0.0, 7.22e-08
2018-08-05, 11:11:02, 0.0, 7.17e-08
2018-08-05, 11:11:04, 0.0, 7.23e-08
2018-08-05, 11:11:06, 0.0, 7.16e-08
2018-08-05, 11:11:08, 0.0, 7.19e-08
2018-08-05, 11:11:10, 0.0, 7.2e-08
2018-08-05, 11:11:12, 0.0, 7.19e-08
2018-08-05, 11:11:14, 0.0, 7.19e-08
2018-08-05, 11:11:17, 0.0, 7.18e-08
2018-08-05, 11:11:19, 0.0, 7.18e-08
2018-08-05, 11:11:21, 0.0, 7.13e-08
2018-08-05, 11:11:23, 0.0, 7.16e-08
2018-08-05, 11:11:25, 0.0, 7.25e-08
2018-08-05, 11:11:27, 0.0, 7.25e-08
2018-08-05, 11:11:29, 0.0, 7.17e-08
2018-08-05, 11:11:31, 0.0, 7.14e-08
2018-08-05, 11:11:34, 0.0, 7.19e-08
2018-08-05, 11:11:36, 0.0, 7.24e-08
2018-08-05, 11:11:38, 0.0, 7.17e-08
2018-08-05, 11:11:40, 0.0, 7.18e-08
2018-08-05, 11:11:42, 0.0, 7.18e-08
2018-08-05, 11:11:44, 0.0, 7.17e-08
2018-08-05, 11:11:46, 0.0, 7.18e-08
2018-08-05, 11:11:48, 0.0, 7.2e-08
2018-08-05, 11:11:51, 0.0, 7.22e-08
2018-08-05, 11:11:53, 0.0, 7.28e-08
2018-08-05, 11:11:55, 0.0, 7.19e-08
2018-08-05, 11:11:57, 0.0, 7.23e-08
2018-08-05, 11:11:59, 0.0, 7.26e-08
2018-08-05, 11:12:01, 0.0, 7.14e-08
2018-08-05, 11:12:03, 0.0, 7.27e-08
2018-08-05, 11:12:05, 0.0, 7.21e-08
2018-08-05, 11:12:08, 0.0, 7.21e-08
2018-08-05, 11:12:10, 0.0, 7.19e-08
2018-08-05, 11:12:12, 0.0, 7.13e-08
2018-08-05, 11:12:14, 0.0, 7.16e-08
2018-08-05, 11:12:16, 0.0, 7.18e-08
2018-08-05, 11:12:18, 0.0, 7.21e-08
2018-08-05, 11:12:20, 0.0, 7.22e-08
2018-08-05, 11:12:22, 0.0, 7.22e-08
2018-08-05, 11:12:25, 0.0, 7.17e-08
2018-08-05, 11:12:27, 0.0, 7.23e-08
2018-08-05, 11:12:29, 0.0, 7.23e-08
2018-08-05, 11:12:31, 0.0, 7.22e-08
2018-08-05, 11:12:33, 0.0, 7.17e-08
2018-08-05, 11:12:35, 0.0, 7.11e-08
2018-08-05, 11:12:37, 0.0, 7.22e-08
2018-08-05, 11:12:39, 0.0, 7.16e-08
2018-08-05, 11:12:42, 0.0, 7.26e-08
2018-08-05, 11:12:44, 0.0, 7.13e-08
2018-08-05, 11:12:46, 0.0, 7.15e-08
2018-08-05, 11:12:48, 0.0, 7.2e-08
2018-08-05, 11:12:50, 0.0, 7.22e-08
2018-08-05, 11:12:52, 0.0, 7.16e-08
2018-08-05, 11:12:54, 0.0, 7.23e-08
2018-08-05, 11:12:56, 0.0, 7.21e-08
2018-08-05, 11:12:59, 0.0, 7.2e-08
2018-08-05, 11:13:01, 0.0, 7.22e-08
2018-08-05, 11:13:03, 0.0, 7.25e-08
2018-08-05, 11:13:05, 0.0, 7.24e-08
2018-08-05, 11:13:07, 0.0, 7.23e-08
2018-08-05, 11:13:09, 0.0, 7.22e-08
2018-08-05, 11:13:11, 0.0, 7.18e-08
2018-08-05, 11:13:13, 0.0, 7.24e-08
2018-08-05, 11:13:16, 0.0, 7.19e-08
2018-08-05, 11:13:18, 0.0, 7.27e-08
2018-08-05, 11:13:20, 0.0, 7.22e-08
2018-08-05, 11:13:22, 0.0, 7.18e-08
2018-08-05, 11:13:24, 0.0, 7.2e-08
2018-08-05, 11:13:26, 0.0, 7.23e-08
2018-08-05, 11:13:28, 0.0, 7.24e-08
2018-08-05, 11:13:30, 0.0, 7.22e-08
2018-08-05, 11:13:33, 0.0, 7.23e-08
2018-08-05, 11:13:35, 0.0, 7.22e-08
2018-08-05, 11:13:37, 0.0, 7.14e-08
2018-08-05, 11:13:39, 0.0, 7.12e-08
2018-08-05, 11:13:41, 0.0, 7.14e-08
2018-08-05, 11:13:43, 0.0, 7.22e-08
2018-08-05, 11:13:45, 0.0, 7.24e-08
2018-08-05, 11:13:48, 0.0, 7.23e-08
2018-08-05, 11:13:50, 0.0, 7.21e-08
2018-08-05, 11:13:52, 0.0, 7.21e-08
2018-08-05, 11:13:54, 0.0, 7.24e-08
2018-08-05, 11:13:56, 0.0, 7.2e-08
2018-08-05, 11:13:58, 0.0, 7.22e-08
2018-08-05, 11:14:00, 0.0, 7.17e-08
2018-08-05, 11:14:02, 0.0, 7.17e-08
2018-08-05, 11:14:05, 0.0, 7.23e-08
2018-08-05, 11:14:07, 0.0, 7.17e-08
2018-08-05, 11:14:09, 0.0, 7.16e-08
2018-08-05, 11:14:11, 0.0, 7.15e-08
2018-08-05, 11:14:13, 0.0, 7.11e-08
2018-08-05, 11:14:15, 0.0, 7.2e-08
2018-08-05, 11:14:17, 0.0, 7.2e-08
2018-08-05, 11:14:19, 0.0, 7.23e-08
2018-08-05, 11:14:22, 0.0, 7.19e-08
2018-08-05, 11:14:24, 0.0, 7.16e-08
2018-08-05, 11:14:26, 0.0, 7.18e-08
2018-08-05, 11:14:28, 0.0, 7.19e-08
2018-08-05, 11:14:30, 0.0, 7.17e-08
2018-08-05, 11:14:32, 0.0, 7.21e-08
2018-08-05, 11:14:34, 0.0, 7.18e-08
2018-08-05, 11:14:36, 0.0, 7.14e-08
2018-08-05, 11:14:39, 0.0, 7.17e-08
2018-08-05, 11:14:41, 0.0, 7.09e-08
2018-08-05, 11:14:43, 0.0, 7.18e-08
2018-08-05, 11:14:45, 0.0, 7.21e-08
2018-08-05, 11:14:47, 0.0, 7.18e-08
2018-08-05, 11:14:49, 0.0, 7.18e-08
2018-08-05, 11:14:51, 0.0, 7.23e-08
2018-08-05, 11:14:53, 0.0, 7.19e-08
2018-08-05, 11:14:56, 0.0, 7.15e-08
2018-08-05, 11:14:58, 0.0, 7.16e-08
2018-08-05, 11:15:00, 0.0, 7.18e-08
2018-08-05, 11:15:02, 0.0, 7.15e-08
2018-08-05, 11:15:04, 0.0, 7.22e-08
2018-08-05, 11:15:06, 0.0, 7.2e-08
2018-08-05, 11:15:08, 0.0, 7.14e-08
2018-08-05, 11:15:10, 0.0, 7.13e-08
2018-08-05, 11:15:13, 0.0, 7.15e-08
2018-08-05, 11:15:15, 0.0, 7.19e-08
2018-08-05, 11:15:17, 0.0, 7.15e-08
2018-08-05, 11:15:19, 0.0, 7.11e-08
2018-08-05, 11:15:21, 0.0, 7.18e-08
2018-08-05, 11:15:23, 0.0, 7.18e-08
2018-08-05, 11:15:25, 0.0, 7.18e-08
2018-08-05, 11:15:27, 0.0, 7.17e-08
2018-08-05, 11:15:30, 0.0, 7.16e-08
2018-08-05, 11:15:32, 0.0, 7.14e-08
2018-08-05, 11:15:34, 0.0, 7.18e-08
2018-08-05, 11:15:36, 0.0, 7.2e-08
2018-08-05, 11:15:38, 0.0, 7.19e-08
2018-08-05, 11:15:40, 0.0, 7.14e-08
2018-08-05, 11:15:42, 0.0, 7.22e-08
2018-08-05, 11:15:44, 0.0, 7.22e-08
2018-08-05, 11:15:47, 0.0, 7.19e-08
2018-08-05, 11:15:49, 0.0, 7.17e-08
2018-08-05, 11:15:51, 0.0, 7.1e-08
2018-08-05, 11:15:53, 0.0, 7.15e-08
2018-08-05, 11:15:55, 0.0, 7.14e-08
2018-08-05, 11:15:57, 0.0, 7.15e-08
2018-08-05, 11:15:59, 0.0, 7.09e-08
2018-08-05, 11:16:01, 0.0, 7.1e-08
2018-08-05, 11:16:04, 0.0, 7.12e-08
2018-08-05, 11:16:06, 0.0, 7.2e-08
2018-08-05, 11:16:08, 0.0, 7.19e-08
2018-08-05, 11:16:10, 0.0, 7.18e-08
2018-08-05, 11:16:12, 0.0, 7.15e-08
2018-08-05, 11:16:14, 0.0, 7.18e-08
2018-08-05, 11:16:16, 0.0, 7.23e-08
2018-08-05, 11:16:18, 0.0, 7.23e-08
2018-08-05, 11:16:21, 0.0, 7.25e-08
2018-08-05, 11:16:23, 0.0, 7.16e-08
2018-08-05, 11:16:25, 0.0, 7.19e-08
2018-08-05, 11:16:27, 0.0, 7.19e-08
2018-08-05, 11:16:29, 0.0, 7.19e-08
2018-08-05, 11:16:31, 0.0, 7.18e-08
2018-08-05, 11:16:33, 0.0, 7.24e-08
2018-08-05, 11:16:36, 0.0, 7.09e-08
2018-08-05, 11:16:38, 0.0, 7.23e-08
2018-08-05, 11:16:40, 0.0, 7.26e-08
2018-08-05, 11:16:42, 0.0, 7.18e-08
2018-08-05, 11:16:44, 0.0, 7.2e-08
2018-08-05, 11:16:46, 0.0, 7.18e-08
2018-08-05, 11:16:48, 0.0, 7.24e-08
2018-08-05, 11:16:50, 0.0, 7.18e-08
2018-08-05, 11:16:53, 0.0, 7.15e-08
2018-08-05, 11:16:55, 0.0, 7.23e-08
2018-08-05, 11:16:57, 0.0, 7.09e-08
2018-08-05, 11:16:59, 0.0, 7.15e-08
2018-08-05, 11:17:01, 0.0, 7.2e-08
2018-08-05, 11:17:03, 0.0, 7.21e-08
2018-08-05, 11:17:05, 0.0, 7.24e-08
2018-08-05, 11:17:07, 0.0, 7.2e-08
2018-08-05, 11:17:10, 0.0, 7.13e-08
2018-08-05, 11:17:12, 0.0, 7.14e-08
2018-08-05, 11:17:14, 0.0, 7.1e-08
2018-08-05, 11:17:16, 0.0, 7.17e-08
2018-08-05, 11:17:18, 0.0, 7.18e-08
2018-08-05, 11:17:20, 0.0, 7.23e-08
2018-08-05, 11:17:22, 0.0, 7.15e-08
2018-08-05, 11:17:24, 0.0, 7.16e-08
2018-08-05, 11:17:27, 0.0, 7.23e-08
2018-08-05, 11:17:29, 0.0, 7.07e-08
2018-08-05, 11:17:31, 0.0, 7.14e-08
2018-08-05, 11:17:33, 0.0, 7.17e-08
2018-08-05, 11:17:35, 0.0, 7.18e-08
2018-08-05, 11:17:37, 0.0, 7.17e-08
2018-08-05, 11:17:39, 0.0, 7.15e-08
2018-08-05, 11:17:41, 0.0, 7.16e-08
2018-08-05, 11:17:44, 0.0, 7.18e-08
2018-08-05, 11:17:46, 0.0, 7.13e-08
2018-08-05, 11:17:48, 0.0, 7.21e-08
2018-08-05, 11:17:50, 0.0, 7.15e-08
2018-08-05, 11:17:52, 0.0, 7.16e-08
2018-08-05, 11:17:54, 0.0, 7.2e-08
2018-08-05, 11:17:56, 0.0, 7.21e-08
2018-08-05, 11:17:58, 0.0, 7.14e-08
2018-08-05, 11:18:01, 0.0, 7.17e-08
2018-08-05, 11:18:03, 0.0, 7.17e-08
2018-08-05, 11:18:05, 0.0, 7.14e-08
2018-08-05, 11:18:07, 0.0, 7.21e-08
2018-08-05, 11:18:09, 0.0, 7.2e-08
2018-08-05, 11:18:11, 0.0, 7.17e-08
2018-08-05, 11:18:13, 0.0, 7.16e-08
2018-08-05, 11:18:15, 0.0, 7.14e-08
2018-08-05, 11:18:18, 0.0, 7.18e-08
2018-08-05, 11:18:20, 0.0, 7.15e-08
2018-08-05, 11:18:22, 0.0, 7.2e-08
2018-08-05, 11:18:24, 0.0, 7.14e-08
2018-08-05, 11:18:26, 0.0, 7.23e-08
2018-08-05, 11:18:28, 0.0, 7.19e-08
2018-08-05, 11:18:30, 0.0, 7.16e-08
2018-08-05, 11:18:32, 0.0, 7.18e-08
2018-08-05, 11:18:35, 0.0, 7.24e-08
2018-08-05, 11:18:37, 0.0, 7.16e-08
2018-08-05, 11:18:39, 0.0, 7.17e-08
2018-08-05, 11:18:41, 0.0, 7.24e-08
2018-08-05, 11:18:43, 0.0, 7.23e-08
2018-08-05, 11:18:45, 0.0, 7.24e-08
2018-08-05, 11:18:47, 0.0, 7.24e-08
2018-08-05, 11:18:49, 0.0, 7.15e-08
2018-08-05, 11:18:52, 0.0, 7.19e-08
2018-08-05, 11:18:54, 0.0, 7.19e-08
2018-08-05, 11:18:56, 0.0, 7.12e-08
2018-08-05, 11:18:58, 0.0, 7.19e-08
2018-08-05, 11:19:00, 0.0, 7.19e-08
2018-08-05, 11:19:02, 0.0, 7.15e-08
2018-08-05, 11:19:04, 0.0, 7.25e-08
2018-08-05, 11:19:07, 0.0, 7.23e-08
2018-08-05, 11:19:09, 0.0, 7.23e-08
2018-08-05, 11:19:11, 0.0, 7.2e-08
2018-08-05, 11:19:13, 0.0, 7.17e-08
2018-08-05, 11:19:15, 0.0, 7.2e-08
2018-08-05, 11:19:17, 0.0, 7.25e-08
2018-08-05, 11:19:19, 0.0, 7.14e-08
2018-08-05, 11:19:21, 0.0, 7.17e-08
2018-08-05, 11:19:24, 0.0, 7.21e-08
2018-08-05, 11:19:26, 0.0, 7.2e-08
2018-08-05, 11:19:28, 0.0, 7.16e-08
2018-08-05, 11:19:30, 0.0, 7.17e-08
2018-08-05, 11:19:32, 0.0, 7.19e-08
2018-08-05, 11:19:34, 0.0, 7.22e-08
2018-08-05, 11:19:36, 0.0, 7.23e-08
2018-08-05, 11:19:38, 0.0, 7.19e-08
2018-08-05, 11:19:41, 0.0, 7.18e-08
2018-08-05, 11:19:43, 0.0, 7.18e-08
2018-08-05, 11:19:45, 0.0, 7.22e-08
2018-08-05, 11:19:47, 0.0, 7.15e-08
2018-08-05, 11:19:49, 0.0, 7.23e-08
2018-08-05, 11:19:51, 0.0, 7.16e-08
2018-08-05, 11:19:53, 0.0, 7.2e-08
2018-08-05, 11:19:55, 0.0, 7.15e-08
2018-08-05, 11:19:58, 0.0, 7.17e-08
2018-08-05, 11:20:00, 0.0, 7.24e-08
2018-08-05, 11:20:02, 0.0, 7.17e-08
2018-08-05, 11:20:04, 0.0, 7.24e-08
2018-08-05, 11:20:06, 0.0, 7.26e-08
2018-08-05, 11:20:08, 0.0, 7.21e-08
2018-08-05, 11:20:10, 0.0, 7.19e-08
2018-08-05, 11:20:12, 0.0, 7.23e-08
2018-08-05, 11:20:15, 0.0, 7.24e-08
2018-08-05, 11:20:17, 0.0, 7.19e-08
2018-08-05, 11:20:19, 0.0, 7.23e-08
2018-08-05, 11:20:21, 0.0, 7.23e-08
2018-08-05, 11:20:23, 0.0, 7.2e-08
2018-08-05, 11:20:25, 0.0, 7.22e-08
2018-08-05, 11:20:27, 0.0, 7.23e-08
2018-08-05, 11:20:30, 0.0, 7.21e-08
2018-08-05, 11:20:32, 0.0, 7.2e-08
2018-08-05, 11:20:34, 0.0, 7.19e-08
2018-08-05, 11:20:36, 0.0, 7.31e-08
2018-08-05, 11:20:38, 0.0, 7.24e-08
2018-08-05, 11:20:40, 0.0, 7.19e-08
2018-08-05, 11:20:42, 0.0, 7.21e-08
2018-08-05, 11:20:44, 0.0, 7.22e-08
2018-08-05, 11:20:47, 0.0, 7.2e-08
2018-08-05, 11:20:49, 0.0, 7.22e-08
2018-08-05, 11:20:51, 0.0, 7.22e-08
2018-08-05, 11:20:53, 0.0, 7.2e-08
2018-08-05, 11:20:55, 0.0, 7.15e-08
2018-08-05, 11:20:57, 0.0, 7.26e-08
2018-08-05, 11:20:59, 0.0, 7.24e-08
2018-08-05, 11:21:01, 0.0, 7.18e-08
2018-08-05, 11:21:04, 0.0, 7.2e-08
2018-08-05, 11:21:06, 0.0, 7.27e-08
2018-08-05, 11:21:08, 0.0, 7.2e-08
2018-08-05, 11:21:10, 0.0, 7.23e-08
2018-08-05, 11:21:12, 0.0, 7.21e-08
2018-08-05, 11:21:14, 0.0, 7.18e-08
2018-08-05, 11:21:16, 0.0, 7.25e-08
2018-08-05, 11:21:18, 0.0, 7.24e-08
2018-08-05, 11:21:21, 0.0, 7.16e-08
2018-08-05, 11:21:23, 0.0, 7.27e-08
2018-08-05, 11:21:25, 0.0, 7.3e-08
2018-08-05, 11:21:27, 0.0, 7.19e-08
2018-08-05, 11:21:29, 0.0, 7.21e-08
2018-08-05, 11:21:31, 0.0, 7.16e-08
2018-08-05, 11:21:33, 0.0, 7.23e-08
2018-08-05, 11:21:35, 0.0, 7.24e-08
2018-08-05, 11:21:38, 0.0, 7.19e-08
2018-08-05, 11:21:40, 0.0, 7.18e-08
2018-08-05, 11:21:42, 0.0, 7.21e-08
2018-08-05, 11:21:44, 0.0, 7.19e-08
2018-08-05, 11:21:46, 0.0, 7.17e-08
2018-08-05, 11:21:48, 0.0, 7.21e-08
2018-08-05, 11:21:50, 0.0, 7.17e-08
2018-08-05, 11:21:52, 0.0, 7.18e-08
2018-08-05, 11:21:55, 0.0, 7.21e-08
2018-08-05, 11:21:57, 0.0, 7.24e-08
2018-08-05, 11:21:59, 0.0, 7.19e-08
2018-08-05, 11:22:01, 0.0, 7.2e-08
2018-08-05, 11:22:03, 0.0, 7.14e-08
2018-08-05, 11:22:05, 0.0, 7.1e-08
2018-08-05, 11:22:07, 0.0, 7.21e-08
2018-08-05, 11:22:10, 0.0, 7.22e-08
2018-08-05, 11:22:12, 0.0, 7.2e-08
2018-08-05, 11:22:14, 0.0, 7.22e-08
2018-08-05, 11:22:16, 0.0, 7.17e-08
2018-08-05, 11:22:18, 0.0, 7.21e-08
2018-08-05, 11:22:20, 0.0, 7.17e-08
2018-08-05, 11:22:22, 0.0, 7.2e-08
2018-08-05, 11:22:24, 0.0, 7.15e-08
2018-08-05, 11:22:27, 0.0, 7.17e-08
2018-08-05, 11:22:29, 0.0, 7.2e-08
2018-08-05, 11:22:31, 0.0, 7.23e-08
2018-08-05, 11:22:33, 0.0, 7.2e-08
2018-08-05, 11:22:35, 0.0, 7.2e-08
2018-08-05, 11:22:37, 0.0, 7.17e-08
2018-08-05, 11:22:39, 0.0, 7.18e-08
2018-08-05, 11:22:41, 0.0, 7.31e-08
2018-08-05, 11:22:44, 0.0, 7.24e-08
2018-08-05, 11:22:46, 0.0, 7.22e-08
2018-08-05, 11:22:48, 0.0, 7.17e-08
2018-08-05, 11:22:50, 0.0, 7.29e-08
2018-08-05, 11:22:52, 0.0, 7.14e-08
2018-08-05, 11:22:54, 0.0, 7.19e-08
2018-08-05, 11:22:56, 0.0, 7.21e-08
2018-08-05, 11:22:58, 0.0, 7.2e-08
2018-08-05, 11:23:01, 0.0, 7.22e-08
2018-08-05, 11:23:03, 0.0, 7.16e-08
2018-08-05, 11:23:05, 0.0, 7.19e-08
2018-08-05, 11:23:07, 0.0, 7.19e-08
2018-08-05, 11:23:09, 0.0, 7.2e-08
2018-08-05, 11:23:11, 0.0, 7.12e-08
2018-08-05, 11:23:13, 0.0, 7.21e-08
2018-08-05, 11:23:16, 0.0, 7.24e-08
2018-08-05, 11:23:18, 0.0, 7.25e-08
2018-08-05, 11:23:20, 0.0, 7.18e-08
2018-08-05, 11:23:22, 0.0, 7.22e-08
2018-08-05, 11:23:24, 0.0, 7.2e-08
2018-08-05, 11:23:26, 0.0, 7.2e-08
2018-08-05, 11:23:28, 0.0, 7.14e-08
2018-08-05, 11:23:30, 0.0, 7.23e-08
2018-08-05, 11:23:33, 0.0, 7.24e-08
2018-08-05, 11:23:35, 0.0, 7.21e-08
2018-08-05, 11:23:37, 0.0, 7.24e-08
2018-08-05, 11:23:39, 0.0, 7.18e-08
2018-08-05, 11:23:41, 0.0, 7.22e-08
2018-08-05, 11:23:43, 0.0, 7.17e-08
2018-08-05, 11:23:45, 0.0, 7.17e-08
2018-08-05, 11:23:47, 0.0, 7.2e-08
2018-08-05, 11:23:50, 0.0, 7.17e-08
2018-08-05, 11:23:52, 0.0, 7.28e-08
2018-08-05, 11:23:54, 0.0, 7.17e-08
2018-08-05, 11:23:56, 0.0, 7.21e-08
2018-08-05, 11:23:58, 0.0, 7.24e-08
2018-08-05, 11:24:00, 0.0, 7.24e-08
2018-08-05, 11:24:02, 0.0, 7.14e-08
2018-08-05, 11:24:04, 0.0, 7.14e-08
2018-08-05, 11:24:07, 0.0, 7.2e-08
2018-08-05, 11:24:09, 0.0, 7.19e-08
2018-08-05, 11:24:11, 0.0, 7.22e-08
2018-08-05, 11:24:13, 0.0, 7.19e-08
2018-08-05, 11:24:15, 0.0, 7.22e-08
2018-08-05, 11:24:17, 0.0, 7.25e-08
2018-08-05, 11:24:19, 0.0, 7.19e-08
2018-08-05, 11:24:22, 0.0, 7.25e-08
2018-08-05, 11:24:24, 0.0, 7.25e-08
2018-08-05, 11:24:26, 0.0, 7.22e-08
2018-08-05, 11:24:28, 0.0, 7.19e-08
2018-08-05, 11:24:30, 0.0, 7.19e-08
2018-08-05, 11:24:32, 0.0, 7.26e-08
2018-08-05, 11:24:34, 0.0, 7.25e-08
2018-08-05, 11:24:36, 0.0, 7.22e-08
2018-08-05, 11:24:39, 0.0, 7.27e-08
2018-08-05, 11:24:41, 0.0, 7.24e-08
2018-08-05, 11:24:43, 0.0, 7.24e-08
2018-08-05, 11:24:45, 0.0, 7.18e-08
2018-08-05, 11:24:47, 0.0, 7.2e-08
2018-08-05, 11:24:49, 0.0, 7.25e-08
2018-08-05, 11:24:51, 0.0, 7.26e-08
2018-08-05, 11:24:54, 0.0, 7.21e-08
2018-08-05, 11:24:56, 0.0, 7.22e-08
2018-08-05, 11:24:58, 0.0, 7.23e-08
2018-08-05, 11:25:00, 0.0, 7.24e-08
2018-08-05, 11:25:02, 0.0, 7.21e-08
2018-08-05, 11:25:04, 0.0, 7.24e-08
2018-08-05, 11:25:06, 0.0, 7.18e-08
2018-08-05, 11:25:08, 0.0, 7.17e-08
2018-08-05, 11:25:11, 0.0, 7.18e-08
2018-08-05, 11:25:13, 0.0, 7.21e-08
2018-08-05, 11:25:15, 0.0, 7.22e-08
2018-08-05, 11:25:17, 0.0, 7.19e-08
2018-08-05, 11:25:19, 0.0, 7.2e-08
2018-08-05, 11:25:21, 0.0, 7.12e-08
2018-08-05, 11:25:23, 0.0, 7.2e-08
2018-08-05, 11:25:25, 0.0, 7.21e-08
2018-08-05, 11:25:28, 0.0, 7.2e-08
2018-08-05, 11:25:30, 0.0, 7.27e-08
2018-08-05, 11:25:32, 0.0, 7.21e-08
2018-08-05, 11:25:34, 0.0, 7.22e-08
2018-08-05, 11:25:36, 0.0, 7.23e-08
2018-08-05, 11:25:38, 0.0, 7.23e-08
2018-08-05, 11:25:40, 0.0, 7.24e-08
2018-08-05, 11:25:43, 0.0, 7.21e-08
2018-08-05, 11:25:45, 0.0, 7.23e-08
2018-08-05, 11:25:47, 0.0, 7.18e-08
2018-08-05, 11:25:49, 0.0, 7.2e-08
2018-08-05, 11:25:51, 0.0, 7.24e-08
2018-08-05, 11:25:53, 0.0, 7.2e-08
2018-08-05, 11:25:55, 0.0, 7.23e-08
2018-08-05, 11:25:57, 0.0, 7.2e-08
2018-08-05, 11:26:00, 0.0, 7.22e-08
2018-08-05, 11:26:02, 0.0, 7.2e-08
2018-08-05, 11:26:04, 0.0, 7.24e-08
2018-08-05, 11:26:06, 0.0, 7.15e-08
2018-08-05, 11:26:08, 0.0, 7.19e-08
2018-08-05, 11:26:10, 0.0, 7.18e-08
2018-08-05, 11:26:12, 0.0, 7.21e-08
2018-08-05, 11:26:14, 0.0, 7.17e-08
2018-08-05, 11:26:17, 0.0, 7.2e-08
2018-08-05, 11:26:19, 0.0, 7.23e-08
2018-08-05, 11:26:21, 0.0, 7.17e-08
2018-08-05, 11:26:23, 0.0, 7.27e-08
2018-08-05, 11:26:25, 0.0, 7.22e-08
2018-08-05, 11:26:27, 0.0, 7.2e-08
2018-08-05, 11:26:29, 0.0, 7.25e-08
2018-08-05, 11:26:31, 0.0, 7.22e-08
2018-08-05, 11:26:34, 0.0, 7.16e-08
2018-08-05, 11:26:36, 0.0, 7.18e-08
2018-08-05, 11:26:38, 0.0, 7.19e-08
2018-08-05, 11:26:40, 0.0, 7.25e-08
2018-08-05, 11:26:42, 0.0, 7.22e-08
2018-08-05, 11:26:44, 0.0, 7.21e-08
2018-08-05, 11:26:46, 0.0, 7.08e-08
2018-08-05, 11:26:48, 0.0, 7.17e-08
2018-08-05, 11:26:51, 0.0, 7.21e-08
2018-08-05, 11:26:53, 0.0, 7.16e-08
2018-08-05, 11:26:55, 0.0, 7.17e-08
2018-08-05, 11:26:57, 0.0, 7.14e-08
2018-08-05, 11:26:59, 0.0, 7.19e-08
2018-08-05, 11:27:01, 0.0, 7.22e-08
2018-08-05, 11:27:03, 0.0, 7.23e-08
2018-08-05, 11:27:05, 0.0, 7.19e-08
2018-08-05, 11:27:08, 0.0, 7.21e-08
2018-08-05, 11:27:10, 0.0, 7.19e-08
2018-08-05, 11:27:12, 0.0, 7.18e-08
2018-08-05, 11:27:14, 0.0, 7.2e-08
2018-08-05, 11:27:16, 0.0, 7.14e-08
2018-08-05, 11:27:18, 0.0, 7.22e-08
2018-08-05, 11:27:20, 0.0, 7.18e-08
2018-08-05, 11:27:22, 0.0, 7.19e-08
2018-08-05, 11:27:25, 0.0, 7.22e-08
2018-08-05, 11:27:27, 0.0, 7.2e-08
2018-08-05, 11:27:29, 0.0, 7.18e-08
2018-08-05, 11:27:31, 0.0, 7.14e-08
2018-08-05, 11:27:33, 0.0, 7.19e-08
2018-08-05, 11:27:35, 0.0, 7.21e-08
2018-08-05, 11:27:37, 0.0, 7.17e-08
2018-08-05, 11:27:39, 0.0, 7.2e-08
2018-08-05, 11:27:42, 0.0, 7.13e-08
2018-08-05, 11:27:44, 0.0, 7.17e-08
2018-08-05, 11:27:46, 0.0, 7.13e-08
2018-08-05, 11:27:48, 0.0, 7.15e-08
2018-08-05, 11:27:50, 0.0, 7.04e-08
2018-08-05, 11:27:52, 0.0, 7.1e-08
2018-08-05, 11:27:54, 0.0, 7.16e-08
2018-08-05, 11:27:57, 0.0, 7.11e-08
2018-08-05, 11:27:59, 0.0, 7.11e-08
2018-08-05, 11:28:01, 0.0, 7.12e-08
2018-08-05, 11:28:03, 0.0, 7.18e-08
2018-08-05, 11:28:05, 0.0, 7.18e-08
2018-08-05, 11:28:07, 0.0, 7.09e-08
2018-08-05, 11:28:09, 0.0, 7.09e-08
2018-08-05, 11:28:11, 0.0, 7.23e-08
2018-08-05, 11:28:14, 0.0, 7.17e-08
2018-08-05, 11:28:16, 0.0, 7.15e-08
2018-08-05, 11:28:18, 0.0, 7.18e-08
2018-08-05, 11:28:20, 0.0, 7.16e-08
2018-08-05, 11:28:22, 0.0, 7.15e-08
2018-08-05, 11:28:24, 0.0, 7.12e-08
2018-08-05, 11:28:26, 0.0, 7.15e-08
2018-08-05, 11:28:28, 0.0, 7.12e-08
2018-08-05, 11:28:31, 0.0, 7.16e-08
2018-08-05, 11:28:33, 0.0, 7.18e-08
2018-08-05, 11:28:35, 0.0, 7.15e-08
2018-08-05, 11:28:37, 0.0, 7.14e-08
2018-08-05, 11:28:39, 0.0, 7.19e-08
2018-08-05, 11:28:41, 0.0, 7.19e-08
2018-08-05, 11:28:43, 0.0, 7.23e-08
2018-08-05, 11:28:46, 0.0, 7.2e-08
2018-08-05, 11:28:48, 0.0, 7.23e-08
2018-08-05, 11:28:50, 0.0, 7.23e-08
2018-08-05, 11:28:52, 0.0, 7.14e-08
2018-08-05, 11:28:54, 0.0, 7.24e-08
2018-08-05, 11:28:56, 0.0, 7.23e-08
2018-08-05, 11:28:58, 0.0, 7.23e-08
2018-08-05, 11:29:00, 0.0, 7.09e-08
2018-08-05, 11:29:03, 0.0, 7.07e-08
2018-08-05, 11:29:05, 0.0, 7.18e-08
2018-08-05, 11:29:07, 0.0, 7.18e-08
2018-08-05, 11:29:09, 0.0, 7.14e-08
2018-08-05, 11:29:11, 0.0, 7.21e-08
2018-08-05, 11:29:13, 0.0, 7.19e-08
2018-08-05, 11:29:15, 0.0, 7.18e-08
2018-08-05, 11:29:17, 0.0, 7.21e-08
2018-08-05, 11:29:20, 0.0, 7.15e-08
2018-08-05, 11:29:22, 0.0, 7.21e-08
2018-08-05, 11:29:24, 0.0, 7.21e-08
2018-08-05, 11:29:26, 0.0, 7.11e-08
2018-08-05, 11:29:28, 0.0, 7.15e-08
2018-08-05, 11:29:30, 0.0, 7.16e-08
2018-08-05, 11:29:32, 0.0, 7.18e-08
2018-08-05, 11:29:34, 0.0, 7.13e-08
2018-08-05, 11:29:37, 0.0, 7.24e-08
2018-08-05, 11:29:39, 0.0, 7.21e-08
2018-08-05, 11:29:41, 0.0, 7.15e-08
2018-08-05, 11:29:43, 0.0, 7.14e-08
2018-08-05, 11:29:45, 0.0, 7.19e-08
2018-08-05, 11:29:47, 0.0, 7.17e-08
2018-08-05, 11:29:49, 0.0, 7.2e-08
2018-08-05, 11:29:51, 0.0, 7.15e-08
2018-08-05, 11:29:54, 0.0, 7.2e-08
2018-08-05, 11:29:56, 0.0, 7.16e-08
2018-08-05, 11:29:58, 0.0, 7.16e-08
2018-08-05, 11:30:00, 0.0, 7.15e-08
2018-08-05, 11:30:02, 0.0, 7.14e-08
2018-08-05, 11:30:04, 0.0, 7.15e-08
2018-08-05, 11:30:06, 0.0, 7.17e-08
2018-08-05, 11:30:09, 0.0, 7.2e-08
2018-08-05, 11:30:11, 0.0, 7.23e-08
2018-08-05, 11:30:13, 0.0, 7.19e-08
2018-08-05, 11:30:15, 0.0, 7.19e-08
2018-08-05, 11:30:17, 0.0, 7.23e-08
2018-08-05, 11:30:19, 0.0, 7.23e-08
2018-08-05, 11:30:21, 0.0, 7.17e-08
2018-08-05, 11:30:23, 0.0, 7.19e-08
2018-08-05, 11:30:26, 0.0, 7.2e-08
2018-08-05, 11:30:28, 0.0, 7.16e-08
2018-08-05, 11:30:30, 0.0, 7.16e-08
2018-08-05, 11:30:32, 0.0, 7.13e-08
2018-08-05, 11:30:34, 0.0, 7.17e-08
2018-08-05, 11:30:36, 0.0, 7.11e-08
2018-08-05, 11:30:38, 0.0, 7.16e-08
2018-08-05, 11:30:40, 0.0, 7.12e-08
2018-08-05, 11:30:43, 0.0, 7.13e-08
2018-08-05, 11:30:45, 0.0, 7.17e-08
2018-08-05, 11:30:47, 0.0, 7.14e-08
2018-08-05, 11:30:49, 0.0, 7.15e-08
2018-08-05, 11:30:51, 0.0, 7.12e-08
2018-08-05, 11:30:53, 0.0, 7.18e-08
2018-08-05, 11:30:55, 0.0, 7.19e-08
2018-08-05, 11:30:57, 0.0, 7.21e-08
2018-08-05, 11:31:00, 0.0, 7.18e-08
2018-08-05, 11:31:02, 0.0, 7.22e-08
2018-08-05, 11:31:04, 0.0, 7.21e-08
2018-08-05, 11:31:06, 0.0, 7.19e-08
2018-08-05, 11:31:08, 0.0, 7.19e-08
2018-08-05, 11:31:10, 0.0, 7.15e-08
2018-08-05, 11:31:12, 0.0, 7.16e-08
2018-08-05, 11:31:15, 0.0, 7.18e-08
2018-08-05, 11:31:17, 0.0, 7.12e-08
2018-08-05, 11:31:19, 0.0, 7.17e-08
2018-08-05, 11:31:21, 0.0, 7.21e-08
2018-08-05, 11:31:23, 0.0, 7.24e-08
2018-08-05, 11:31:25, 0.0, 7.18e-08
2018-08-05, 11:31:27, 0.0, 7.17e-08
2018-08-05, 11:31:29, 0.0, 7.25e-08
2018-08-05, 11:31:32, 0.0, 7.16e-08
2018-08-05, 11:31:34, 0.0, 7.2e-08
2018-08-05, 11:31:36, 0.0, 7.2e-08
2018-08-05, 11:31:38, 0.0, 7.17e-08
2018-08-05, 11:31:40, 0.0, 7.11e-08
2018-08-05, 11:31:42, 0.0, 7.22e-08
2018-08-05, 11:31:44, 0.0, 7.18e-08
2018-08-05, 11:31:46, 0.0, 7.19e-08
2018-08-05, 11:31:49, 0.0, 7.21e-08
2018-08-05, 11:31:51, 0.0, 7.2e-08
2018-08-05, 11:31:53, 0.0, 7.15e-08
2018-08-05, 11:31:55, 0.0, 7.26e-08
2018-08-05, 11:31:57, 0.0, 7.16e-08
2018-08-05, 11:31:59, 0.0, 7.21e-08
2018-08-05, 11:32:01, 0.0, 7.18e-08
2018-08-05, 11:32:03, 0.0, 7.21e-08
2018-08-05, 11:32:06, 0.0, 7.22e-08
2018-08-05, 11:32:08, 0.0, 7.21e-08
2018-08-05, 11:32:10, 0.0, 7.23e-08
2018-08-05, 11:32:12, 0.0, 7.21e-08
2018-08-05, 11:32:14, 0.0, 7.23e-08
2018-08-05, 11:32:16, 0.0, 7.23e-08
2018-08-05, 11:32:18, 0.0, 7.16e-08
2018-08-05, 11:32:20, 0.0, 7.17e-08
2018-08-05, 11:32:23, 0.0, 7.13e-08
2018-08-05, 11:32:25, 0.0, 7.19e-08
2018-08-05, 11:32:27, 0.0, 7.13e-08
2018-08-05, 11:32:29, 0.0, 7.18e-08
2018-08-05, 11:32:31, 0.0, 7.21e-08
2018-08-05, 11:32:33, 0.0, 7.23e-08
2018-08-05, 11:32:35, 0.0, 7.17e-08
2018-08-05, 11:32:37, 0.0, 7.19e-08
2018-08-05, 11:32:40, 0.0, 7.2e-08
2018-08-05, 11:32:42, 0.0, 7.2e-08
2018-08-05, 11:32:44, 0.0, 7.21e-08
2018-08-05, 11:32:46, 0.0, 7.21e-08
2018-08-05, 11:32:48, 0.0, 7.12e-08
2018-08-05, 11:32:50, 0.0, 7.19e-08
2018-08-05, 11:32:52, 0.0, 7.17e-08
2018-08-05, 11:32:54, 0.0, 7.18e-08
2018-08-05, 11:32:57, 0.0, 7.2e-08
2018-08-05, 11:32:59, 0.0, 7.26e-08
2018-08-05, 11:33:01, 0.0, 7.23e-08
2018-08-05, 11:33:03, 0.0, 7.13e-08
2018-08-05, 11:33:05, 0.0, 7.16e-08
2018-08-05, 11:33:07, 0.0, 7.15e-08
2018-08-05, 11:33:09, 0.0, 7.25e-08
2018-08-05, 11:33:11, 0.0, 7.19e-08
2018-08-05, 11:33:14, 0.0, 7.17e-08
2018-08-05, 11:33:16, 0.0, 7.22e-08
2018-08-05, 11:33:18, 0.0, 7.22e-08
2018-08-05, 11:33:20, 0.0, 7.17e-08
2018-08-05, 11:33:22, 0.0, 7.24e-08
2018-08-05, 11:33:24, 0.0, 7.14e-08
2018-08-05, 11:33:26, 0.0, 7.2e-08
2018-08-05, 11:33:28, 0.0, 7.12e-08
2018-08-05, 11:33:31, 0.0, 7.23e-08
2018-08-05, 11:33:33, 0.0, 7.11e-08
2018-08-05, 11:33:35, 0.0, 7.12e-08
2018-08-05, 11:33:37, 0.0, 7.15e-08
2018-08-05, 11:33:39, 0.0, 7.13e-08
2018-08-05, 11:33:41, 0.0, 7.18e-08
2018-08-05, 11:33:43, 0.0, 7.23e-08
2018-08-05, 11:33:45, 0.0, 7.23e-08
2018-08-05, 11:33:48, 0.0, 7.19e-08
2018-08-05, 11:33:50, 0.0, 7.15e-08
2018-08-05, 11:33:52, 0.0, 7.17e-08
2018-08-05, 11:33:54, 0.0, 7.14e-08
2018-08-05, 11:33:56, 0.0, 7.1e-08
2018-08-05, 11:33:58, 0.0, 7.14e-08
2018-08-05, 11:34:00, 0.0, 7.19e-08
2018-08-05, 11:34:03, 0.0, 7.17e-08
2018-08-05, 11:34:05, 0.0, 7.06e-08
2018-08-05, 11:34:07, 0.0, 7.15e-08
2018-08-05, 11:34:09, 0.0, 7.14e-08
2018-08-05, 11:34:11, 0.0, 7.2e-08
2018-08-05, 11:34:13, 0.0, 7.15e-08
2018-08-05, 11:34:15, 0.0, 7.19e-08
2018-08-05, 11:34:17, 0.0, 7.18e-08
2018-08-05, 11:34:20, 0.0, 7.15e-08
2018-08-05, 11:34:22, 0.0, 7.18e-08
2018-08-05, 11:34:24, 0.0, 7.22e-08
2018-08-05, 11:34:26, 0.0, 7.1e-08
2018-08-05, 11:34:28, 0.0, 7.16e-08
2018-08-05, 11:34:30, 0.0, 7.17e-08
2018-08-05, 11:34:32, 0.0, 7.2e-08
2018-08-05, 11:34:34, 0.0, 7.22e-08
2018-08-05, 11:34:37, 0.0, 7.15e-08
2018-08-05, 11:34:39, 0.0, 7.15e-08
2018-08-05, 11:34:41, 0.0, 7.18e-08
2018-08-05, 11:34:43, 0.0, 7.13e-08
2018-08-05, 11:34:45, 0.0, 7.13e-08
2018-08-05, 11:34:47, 0.0, 7.17e-08
2018-08-05, 11:34:49, 0.0, 7.16e-08
2018-08-05, 11:34:51, 0.0, 7.21e-08
2018-08-05, 11:34:54, 0.0, 7.21e-08
2018-08-05, 11:34:56, 0.0, 7.22e-08
2018-08-05, 11:34:58, 0.0, 7.21e-08
2018-08-05, 11:35:00, 0.0, 7.2e-08
2018-08-05, 11:35:02, 0.0, 7.16e-08
2018-08-05, 11:35:04, 0.0, 7.24e-08
2018-08-05, 11:35:06, 0.0, 7.2e-08
2018-08-05, 11:35:08, 0.0, 7.16e-08
2018-08-05, 11:35:11, 0.0, 7.19e-08
2018-08-05, 11:35:13, 0.0, 7.2e-08
2018-08-05, 11:35:15, 0.0, 7.3e-08
2018-08-05, 11:35:17, 0.0, 7.26e-08
2018-08-05, 11:35:19, 0.0, 7.16e-08
2018-08-05, 11:35:21, 0.0, 7.16e-08
2018-08-05, 11:35:23, 0.0, 7.14e-08
2018-08-05, 11:35:25, 0.0, 7.22e-08
2018-08-05, 11:35:28, 0.0, 7.18e-08
2018-08-05, 11:35:30, 0.0, 7.14e-08
2018-08-05, 11:35:32, 0.0, 7.15e-08
2018-08-05, 11:35:34, 0.0, 7.13e-08
2018-08-05, 11:35:36, 0.0, 7.2e-08
2018-08-05, 11:35:38, 0.0, 7.21e-08
2018-08-05, 11:35:40, 0.0, 7.18e-08
2018-08-05, 11:35:42, 0.0, 7.21e-08
2018-08-05, 11:35:45, 0.0, 7.16e-08
2018-08-05, 11:35:47, 0.0, 7.16e-08
2018-08-05, 11:35:49, 0.0, 7.15e-08
2018-08-05, 11:35:51, 0.0, 7.16e-08
2018-08-05, 11:35:53, 0.0, 7.2e-08
2018-08-05, 11:35:55, 0.0, 7.25e-08
2018-08-05, 11:35:57, 0.0, 7.2e-08
2018-08-05, 11:36:00, 0.0, 7.18e-08
2018-08-05, 11:36:02, 0.0, 7.14e-08
2018-08-05, 11:36:04, 0.0, 7.16e-08
2018-08-05, 11:36:06, 0.0, 7.17e-08
2018-08-05, 11:36:08, 0.0, 7.15e-08
2018-08-05, 11:36:10, 0.0, 7.16e-08
2018-08-05, 11:36:12, 0.0, 7.17e-08
2018-08-05, 11:36:14, 0.0, 7.24e-08
2018-08-05, 11:36:17, 0.0, 7.18e-08
2018-08-05, 11:36:19, 0.0, 7.12e-08
2018-08-05, 11:36:21, 0.0, 7.14e-08
2018-08-05, 11:36:23, 0.0, 7.08e-08
2018-08-05, 11:36:25, 0.0, 7.19e-08
2018-08-05, 11:36:27, 0.0, 7.14e-08
2018-08-05, 11:36:29, 0.0, 7.14e-08
2018-08-05, 11:36:31, 0.0, 7.21e-08
2018-08-05, 11:36:34, 0.0, 7.16e-08
2018-08-05, 11:36:36, 0.0, 7.17e-08
2018-08-05, 11:36:38, 0.0, 7.15e-08
2018-08-05, 11:36:40, 0.0, 7.16e-08
2018-08-05, 11:36:42, 0.0, 7.17e-08
2018-08-05, 11:36:44, 0.0, 7.12e-08
2018-08-05, 11:36:46, 0.0, 7.18e-08
2018-08-05, 11:36:48, 0.0, 7.19e-08
2018-08-05, 11:36:51, 0.0, 7.18e-08
2018-08-05, 11:36:53, 0.0, 7.1e-08
2018-08-05, 11:36:55, 0.0, 7.15e-08
2018-08-05, 11:36:57, 0.0, 7.19e-08
2018-08-05, 11:36:59, 0.0, 7.21e-08
2018-08-05, 11:37:01, 0.0, 7.29e-08
2018-08-05, 11:37:03, 0.0, 7.22e-08
2018-08-05, 11:37:05, 0.0, 7.18e-08
2018-08-05, 11:37:08, 0.0, 7.22e-08
2018-08-05, 11:37:10, 0.0, 7.23e-08
2018-08-05, 11:37:12, 0.0, 7.17e-08
2018-08-05, 11:37:14, 0.0, 7.23e-08
2018-08-05, 11:37:16, 0.0, 7.13e-08
2018-08-05, 11:37:18, 0.0, 7.18e-08
2018-08-05, 11:37:20, 0.0, 7.22e-08
2018-08-05, 11:37:22, 0.0, 7.2e-08
2018-08-05, 11:37:25, 0.0, 7.17e-08
2018-08-05, 11:37:27, 0.0, 7.2e-08
2018-08-05, 11:37:29, 0.0, 7.19e-08
2018-08-05, 11:37:31, 0.0, 7.21e-08
2018-08-05, 11:37:33, 0.0, 7.22e-08
2018-08-05, 11:37:35, 0.0, 7.25e-08
2018-08-05, 11:37:37, 0.0, 7.26e-08
2018-08-05, 11:37:40, 0.0, 7.2e-08
2018-08-05, 11:37:42, 0.0, 7.28e-08
2018-08-05, 11:37:44, 0.0, 7.18e-08
2018-08-05, 11:37:46, 0.0, 7.19e-08
2018-08-05, 11:37:48, 0.0, 7.21e-08
2018-08-05, 11:37:50, 0.0, 7.2e-08
2018-08-05, 11:37:52, 0.0, 7.2e-08
2018-08-05, 11:37:54, 0.0, 7.19e-08
2018-08-05, 11:37:57, 0.0, 7.23e-08
2018-08-05, 11:37:59, 0.0, 7.23e-08
2018-08-05, 11:38:01, 0.0, 7.13e-08
2018-08-05, 11:38:03, 0.0, 7.17e-08
2018-08-05, 11:38:05, 0.0, 7.16e-08
2018-08-05, 11:38:07, 0.0, 7.2e-08
2018-08-05, 11:38:09, 0.0, 7.21e-08
2018-08-05, 11:38:11, 0.0, 7.22e-08
2018-08-05, 11:38:14, 0.0, 7.19e-08
2018-08-05, 11:38:16, 0.0, 7.21e-08
2018-08-05, 11:38:18, 0.0, 7.2e-08
2018-08-05, 11:38:20, 0.0, 7.19e-08
2018-08-05, 11:38:22, 0.0, 7.2e-08
2018-08-05, 11:38:24, 0.0, 7.14e-08
2018-08-05, 11:38:26, 0.0, 7.15e-08
2018-08-05, 11:38:28, 0.0, 7.18e-08
2018-08-05, 11:38:31, 0.0, 7.18e-08
2018-08-05, 11:38:33, 0.0, 7.22e-08
2018-08-05, 11:38:35, 0.0, 7.23e-08
2018-08-05, 11:38:37, 0.0, 7.16e-08
2018-08-05, 11:38:39, 0.0, 7.21e-08
2018-08-05, 11:38:41, 0.0, 7.16e-08
2018-08-05, 11:38:43, 0.0, 7.18e-08
2018-08-05, 11:38:45, 0.0, 7.27e-08
2018-08-05, 11:38:48, 0.0, 7.21e-08
2018-08-05, 11:38:50, 0.0, 7.24e-08
2018-08-05, 11:38:52, 0.0, 7.18e-08
2018-08-05, 11:38:54, 0.0, 7.22e-08
2018-08-05, 11:38:56, 0.0, 7.23e-08
2018-08-05, 11:38:58, 0.0, 7.25e-08
2018-08-05, 11:39:00, 0.0, 7.22e-08
2018-08-05, 11:39:02, 0.0, 7.24e-08
2018-08-05, 11:39:05, 0.0, 7.15e-08
2018-08-05, 11:39:07, 0.0, 7.2e-08
2018-08-05, 11:39:09, 0.0, 7.18e-08
2018-08-05, 11:39:11, 0.0, 7.23e-08
2018-08-05, 11:39:13, 0.0, 7.18e-08
2018-08-05, 11:39:15, 0.0, 7.27e-08
2018-08-05, 11:39:17, 0.0, 7.13e-08
2018-08-05, 11:39:19, 0.0, 7.19e-08
2018-08-05, 11:39:22, 0.0, 7.2e-08
2018-08-05, 11:39:24, 0.0, 7.16e-08
2018-08-05, 11:39:26, 0.0, 7.22e-08
2018-08-05, 11:39:28, 0.0, 7.18e-08
2018-08-05, 11:39:30, 0.0, 7.18e-08
2018-08-05, 11:39:32, 0.0, 7.19e-08
2018-08-05, 11:39:34, 0.0, 7.19e-08
2018-08-05, 11:39:37, 0.0, 7.25e-08
2018-08-05, 11:39:39, 0.0, 7.2e-08
2018-08-05, 11:39:41, 0.0, 7.22e-08
2018-08-05, 11:39:43, 0.0, 7.19e-08
2018-08-05, 11:39:45, 0.0, 7.23e-08
2018-08-05, 11:39:47, 0.0, 7.16e-08
2018-08-05, 11:39:49, 0.0, 7.2e-08
2018-08-05, 11:39:51, 0.0, 7.17e-08
2018-08-05, 11:39:53, 0.0, 7.19e-08
2018-08-05, 11:39:56, 0.0, 7.15e-08
2018-08-05, 11:39:58, 0.0, 7.13e-08
2018-08-05, 11:40:00, 0.0, 7.14e-08
2018-08-05, 11:40:02, 0.0, 7.21e-08
2018-08-05, 11:40:04, 0.0, 7.19e-08
2018-08-05, 11:40:06, 0.0, 7.23e-08
2018-08-05, 11:40:08, 0.0, 7.2e-08
2018-08-05, 11:40:10, 0.0, 7.19e-08
2018-08-05, 11:40:13, 0.0, 7.21e-08
2018-08-05, 11:40:15, 0.0, 7.18e-08
2018-08-05, 11:40:17, 0.0, 7.21e-08
2018-08-05, 11:40:19, 0.0, 7.14e-08
2018-08-05, 11:40:21, 0.0, 7.17e-08
2018-08-05, 11:40:23, 0.0, 7.22e-08
2018-08-05, 11:40:25, 0.0, 7.12e-08
2018-08-05, 11:40:28, 0.0, 7.12e-08
2018-08-05, 11:40:30, 0.0, 7.1e-08
2018-08-05, 11:40:32, 0.0, 7.25e-08
2018-08-05, 11:40:34, 0.0, 7.19e-08
2018-08-05, 11:40:36, 0.0, 7.17e-08
2018-08-05, 11:40:38, 0.0, 7.12e-08
2018-08-05, 11:40:40, 0.0, 7.15e-08
2018-08-05, 11:40:42, 0.0, 7.23e-08
2018-08-05, 11:40:45, 0.0, 7.26e-08
2018-08-05, 11:40:47, 0.0, 7.19e-08
2018-08-05, 11:40:49, 0.0, 7.26e-08
2018-08-05, 11:40:51, 0.0, 7.18e-08
2018-08-05, 11:40:53, 0.0, 7.19e-08
2018-08-05, 11:40:55, 0.0, 7.15e-08
2018-08-05, 11:40:57, 0.0, 7.14e-08
2018-08-05, 11:40:59, 0.0, 7.18e-08
2018-08-05, 11:41:02, 0.0, 7.16e-08
2018-08-05, 11:41:04, 0.0, 7.2e-08
2018-08-05, 11:41:06, 0.0, 7.21e-08
2018-08-05, 11:41:08, 0.0, 7.16e-08
2018-08-05, 11:41:10, 0.0, 7.12e-08
2018-08-05, 11:41:12, 0.0, 7.14e-08
2018-08-05, 11:41:14, 0.0, 7.18e-08
2018-08-05, 11:41:16, 0.0, 7.19e-08
2018-08-05, 11:41:19, 0.0, 7.16e-08
2018-08-05, 11:41:21, 0.0, 7.2e-08
2018-08-05, 11:41:23, 0.0, 7.24e-08
2018-08-05, 11:41:25, 0.0, 7.23e-08
2018-08-05, 11:41:27, 0.0, 7.21e-08
2018-08-05, 11:41:29, 0.0, 7.19e-08
2018-08-05, 11:41:31, 0.0, 7.18e-08
2018-08-05, 11:41:33, 0.0, 7.18e-08
2018-08-05, 11:41:36, 0.0, 7.21e-08
2018-08-05, 11:41:38, 0.0, 7.19e-08
2018-08-05, 11:41:40, 0.0, 7.17e-08
2018-08-05, 11:41:42, 0.0, 7.13e-08
2018-08-05, 11:41:44, 0.0, 7.24e-08
2018-08-05, 11:41:46, 0.0, 7.2e-08
2018-08-05, 11:41:48, 0.0, 7.21e-08
2018-08-05, 11:41:50, 0.0, 7.15e-08
2018-08-05, 11:41:53, 0.0, 7.19e-08
2018-08-05, 11:41:55, 0.0, 7.17e-08
2018-08-05, 11:41:57, 0.0, 7.2e-08
2018-08-05, 11:41:59, 0.0, 7.18e-08
2018-08-05, 11:42:01, 0.0, 7.17e-08
2018-08-05, 11:42:03, 0.0, 7.2e-08
2018-08-05, 11:42:05, 0.0, 7.16e-08
2018-08-05, 11:42:08, 0.0, 7.19e-08
2018-08-05, 11:42:10, 0.0, 7.17e-08
2018-08-05, 11:42:12, 0.0, 7.23e-08
2018-08-05, 11:42:14, 0.0, 7.15e-08
2018-08-05, 11:42:16, 0.0, 7.18e-08
2018-08-05, 11:42:18, 0.0, 7.17e-08
2018-08-05, 11:42:20, 0.0, 7.16e-08
2018-08-05, 11:42:22, 0.0, 7.16e-08
2018-08-05, 11:42:25, 0.0, 7.21e-08
2018-08-05, 11:42:27, 0.0, 7.19e-08
2018-08-05, 11:42:29, 0.0, 7.19e-08
2018-08-05, 11:42:31, 0.0, 7.11e-08
2018-08-05, 11:42:33, 0.0, 7.15e-08
2018-08-05, 11:42:35, 0.0, 7.24e-08
2018-08-05, 11:42:37, 0.0, 7.2e-08
2018-08-05, 11:42:39, 0.0, 7.14e-08
2018-08-05, 11:42:42, 0.0, 7.17e-08
2018-08-05, 11:42:44, 0.0, 7.15e-08
2018-08-05, 11:42:46, 0.0, 7.17e-08
2018-08-05, 11:42:48, 0.0, 7.16e-08
2018-08-05, 11:42:50, 0.0, 7.15e-08
2018-08-05, 11:42:52, 0.0, 7.16e-08
2018-08-05, 11:42:54, 0.0, 7.14e-08
2018-08-05, 11:42:56, 0.0, 7.26e-08
2018-08-05, 11:42:59, 0.0, 7.18e-08
2018-08-05, 11:43:01, 0.0, 7.23e-08
2018-08-05, 11:43:03, 0.0, 7.16e-08
2018-08-05, 11:43:05, 0.0, 7.11e-08
2018-08-05, 11:43:07, 0.0, 7.18e-08
2018-08-05, 11:43:09, 0.0, 7.16e-08
2018-08-05, 11:43:11, 0.0, 7.2e-08
2018-08-05, 11:43:13, 0.0, 7.21e-08
2018-08-05, 11:43:16, 0.0, 7.15e-08
2018-08-05, 11:43:18, 0.0, 7.21e-08
2018-08-05, 11:43:20, 0.0, 7.17e-08
2018-08-05, 11:43:22, 0.0, 7.19e-08
2018-08-05, 11:43:24, 0.0, 7.25e-08
2018-08-05, 11:43:26, 0.0, 7.17e-08
2018-08-05, 11:43:28, 0.0, 7.23e-08
2018-08-05, 11:43:30, 0.0, 7.18e-08
2018-08-05, 11:43:33, 0.0, 7.2e-08
2018-08-05, 11:43:35, 0.0, 7.17e-08
2018-08-05, 11:43:37, 0.0, 7.23e-08
2018-08-05, 11:43:39, 0.0, 7.22e-08
2018-08-05, 11:43:41, 0.0, 7.24e-08
2018-08-05, 11:43:43, 0.0, 7.22e-08
2018-08-05, 11:43:45, 0.0, 7.26e-08
2018-08-05, 11:43:47, 0.0, 7.18e-08
2018-08-05, 11:43:50, 0.0, 7.22e-08
2018-08-05, 11:43:52, 0.0, 7.27e-08
2018-08-05, 11:43:54, 0.0, 7.21e-08
2018-08-05, 11:43:56, 0.0, 7.15e-08
2018-08-05, 11:43:58, 0.0, 7.22e-08
2018-08-05, 11:44:00, 0.0, 7.24e-08
2018-08-05, 11:44:02, 0.0, 7.18e-08
2018-08-05, 11:44:05, 0.0, 7.19e-08
2018-08-05, 11:44:07, 0.0, 7.21e-08
2018-08-05, 11:44:09, 0.0, 7.19e-08
2018-08-05, 11:44:11, 0.0, 7.17e-08
2018-08-05, 11:44:13, 0.0, 7.24e-08
2018-08-05, 11:44:15, 0.0, 7.24e-08
2018-08-05, 11:44:17, 0.0, 7.21e-08
2018-08-05, 11:44:19, 0.0, 7.22e-08
2018-08-05, 11:44:22, 0.0, 7.17e-08
2018-08-05, 11:44:24, 0.0, 7.17e-08
2018-08-05, 11:44:26, 0.0, 7.16e-08
2018-08-05, 11:44:28, 0.0, 7.26e-08
2018-08-05, 11:44:30, 0.0, 7.25e-08
2018-08-05, 11:44:32, 0.0, 7.21e-08
2018-08-05, 11:44:34, 0.0, 7.18e-08
2018-08-05, 11:44:36, 0.0, 7.2e-08
2018-08-05, 11:44:39, 0.0, 7.2e-08
2018-08-05, 11:44:41, 0.0, 7.19e-08
2018-08-05, 11:44:43, 0.0, 7.15e-08
2018-08-05, 11:44:45, 0.0, 7.14e-08
2018-08-05, 11:44:47, 0.0, 7.21e-08
2018-08-05, 11:44:49, 0.0, 7.17e-08
2018-08-05, 11:44:51, 0.0, 7.2e-08
2018-08-05, 11:44:53, 0.0, 7.27e-08
2018-08-05, 11:44:56, 0.0, 7.29e-08
2018-08-05, 11:44:58, 0.0, 7.21e-08
2018-08-05, 11:45:00, 0.0, 7.19e-08
2018-08-05, 11:45:02, 0.0, 7.19e-08
2018-08-05, 11:45:04, 0.0, 7.12e-08
2018-08-05, 11:45:06, 0.0, 7.19e-08
2018-08-05, 11:45:08, 0.0, 7.24e-08
2018-08-05, 11:45:10, 0.0, 7.18e-08
2018-08-05, 11:45:13, 0.0, 7.13e-08
2018-08-05, 11:45:15, 0.0, 7.18e-08
2018-08-05, 11:45:17, 0.0, 7.18e-08
2018-08-05, 11:45:19, 0.0, 7.17e-08
2018-08-05, 11:45:21, 0.0, 7.21e-08
2018-08-05, 11:45:23, 0.0, 7.13e-08
2018-08-05, 11:45:25, 0.0, 7.18e-08
2018-08-05, 11:45:27, 0.0, 7.21e-08
2018-08-05, 11:45:30, 0.0, 7.23e-08
2018-08-05, 11:45:32, 0.0, 7.2e-08
2018-08-05, 11:45:34, 0.0, 7.24e-08
2018-08-05, 11:45:36, 0.0, 7.18e-08
2018-08-05, 11:45:38, 0.0, 7.23e-08
2018-08-05, 11:45:40, 0.0, 7.15e-08
2018-08-05, 11:45:42, 0.0, 7.18e-08
2018-08-05, 11:45:44, 0.0, 7.15e-08
2018-08-05, 11:45:47, 0.0, 7.18e-08
2018-08-05, 11:45:49, 0.0, 7.18e-08
2018-08-05, 11:45:51, 0.0, 7.24e-08
2018-08-05, 11:45:53, 0.0, 7.23e-08
2018-08-05, 11:45:55, 0.0, 7.13e-08
2018-08-05, 11:45:57, 0.0, 7.14e-08
2018-08-05, 11:45:59, 0.0, 7.2e-08
2018-08-05, 11:46:01, 0.0, 7.11e-08
2018-08-05, 11:46:04, 0.0, 7.14e-08
2018-08-05, 11:46:06, 0.0, 7.15e-08
2018-08-05, 11:46:08, 0.0, 7.2e-08
2018-08-05, 11:46:10, 0.0, 7.18e-08
2018-08-05, 11:46:12, 0.0, 7.18e-08
2018-08-05, 11:46:14, 0.0, 7.2e-08
2018-08-05, 11:46:16, 0.0, 7.17e-08
2018-08-05, 11:46:18, 0.0, 7.13e-08
2018-08-05, 11:46:21, 0.0, 7.16e-08
2018-08-05, 11:46:23, 0.0, 7.21e-08
2018-08-05, 11:46:25, 0.0, 7.2e-08
2018-08-05, 11:46:27, 0.0, 7.22e-08
2018-08-05, 11:46:29, 0.0, 7.18e-08
2018-08-05, 11:46:31, 0.0, 7.2e-08
2018-08-05, 11:46:33, 0.0, 7.2e-08
2018-08-05, 11:46:35, 0.0, 7.26e-08
2018-08-05, 11:46:38, 0.0, 7.16e-08
2018-08-05, 11:46:40, 0.0, 7.26e-08
2018-08-05, 11:46:42, 0.0, 7.19e-08
2018-08-05, 11:46:44, 0.0, 7.18e-08
2018-08-05, 11:46:46, 0.0, 7.2e-08
2018-08-05, 11:46:48, 0.0, 7.15e-08
2018-08-05, 11:46:50, 0.0, 7.22e-08
2018-08-05, 11:46:53, 0.0, 7.22e-08
2018-08-05, 11:46:55, 0.0, 7.19e-08
2018-08-05, 11:46:57, 0.0, 7.19e-08
2018-08-05, 11:46:59, 0.0, 7.17e-08
2018-08-05, 11:47:01, 0.0, 7.16e-08
2018-08-05, 11:47:03, 0.0, 7.21e-08
2018-08-05, 11:47:05, 0.0, 7.11e-08
2018-08-05, 11:47:07, 0.0, 7.13e-08
2018-08-05, 11:47:10, 0.0, 7.13e-08
2018-08-05, 11:47:12, 0.0, 7.16e-08
2018-08-05, 11:47:14, 0.0, 7.16e-08
2018-08-05, 11:47:16, 0.0, 7.2e-08
2018-08-05, 11:47:18, 0.0, 7.16e-08
2018-08-05, 11:47:20, 0.0, 7.21e-08
2018-08-05, 11:47:22, 0.0, 7.17e-08
2018-08-05, 11:47:24, 0.0, 7.27e-08
2018-08-05, 11:47:27, 0.0, 7.18e-08
2018-08-05, 11:47:29, 0.0, 7.23e-08
2018-08-05, 11:47:31, 0.0, 7.19e-08
2018-08-05, 11:47:33, 0.0, 7.19e-08
2018-08-05, 11:47:35, 0.0, 7.21e-08
2018-08-05, 11:47:37, 0.0, 7.21e-08
2018-08-05, 11:47:39, 0.0, 7.17e-08
2018-08-05, 11:47:41, 0.0, 7.16e-08
2018-08-05, 11:47:44, 0.0, 7.17e-08
2018-08-05, 11:47:46, 0.0, 7.16e-08
2018-08-05, 11:47:48, 0.0, 7.19e-08
2018-08-05, 11:47:50, 0.0, 7.19e-08
2018-08-05, 11:47:52, 0.0, 7.17e-08
2018-08-05, 11:47:54, 0.0, 7.14e-08
2018-08-05, 11:47:56, 0.0, 7.11e-08
2018-08-05, 11:47:58, 0.0, 7.18e-08
2018-08-05, 11:48:01, 0.0, 7.15e-08
2018-08-05, 11:48:03, 0.0, 7.16e-08
2018-08-05, 11:48:05, 0.0, 7.2e-08
2018-08-05, 11:48:07, 0.0, 7.17e-08
2018-08-05, 11:48:09, 0.0, 7.25e-08
2018-08-05, 11:48:11, 0.0, 7.12e-08
2018-08-05, 11:48:13, 0.0, 7.2e-08
2018-08-05, 11:48:15, 0.0, 7.2e-08
2018-08-05, 11:48:18, 0.0, 7.19e-08
2018-08-05, 11:48:20, 0.0, 7.18e-08
2018-08-05, 11:48:22, 0.0, 7.2e-08
2018-08-05, 11:48:24, 0.0, 7.11e-08
2018-08-05, 11:48:26, 0.0, 7.13e-08
2018-08-05, 11:48:28, 0.0, 7.2e-08
2018-08-05, 11:48:30, 0.0, 7.13e-08
2018-08-05, 11:48:32, 0.0, 7.16e-08
2018-08-05, 11:48:35, 0.0, 7.1e-08
2018-08-05, 11:48:37, 0.0, 7.17e-08
2018-08-05, 11:48:39, 0.0, 7.18e-08
2018-08-05, 11:48:41, 0.0, 7.2e-08
2018-08-05, 11:48:43, 0.0, 7.22e-08
2018-08-05, 11:48:45, 0.0, 7.13e-08
2018-08-05, 11:48:47, 0.0, 7.14e-08
2018-08-05, 11:48:50, 0.0, 7.1e-08
2018-08-05, 11:48:52, 0.0, 7.19e-08
2018-08-05, 11:48:54, 0.0, 7.13e-08
2018-08-05, 11:48:56, 0.0, 7.13e-08
2018-08-05, 11:48:58, 0.0, 7.15e-08
2018-08-05, 11:49:00, 0.0, 7.09e-08
2018-08-05, 11:49:02, 0.0, 7.15e-08
2018-08-05, 11:49:04, 0.0, 7.13e-08
2018-08-05, 11:49:07, 0.0, 7.12e-08
2018-08-05, 11:49:09, 0.0, 7.19e-08
2018-08-05, 11:49:11, 0.0, 7.15e-08
2018-08-05, 11:49:13, 0.0, 7.2e-08
2018-08-05, 11:49:15, 0.0, 7.11e-08
2018-08-05, 11:49:17, 0.0, 7.16e-08
2018-08-05, 11:49:19, 0.0, 7.17e-08
2018-08-05, 11:49:21, 0.0, 7.11e-08
2018-08-05, 11:49:24, 0.0, 7.08e-08
2018-08-05, 11:49:26, 0.0, 7.16e-08
2018-08-05, 11:49:28, 0.0, 7.15e-08
2018-08-05, 11:49:30, 0.0, 7.21e-08
2018-08-05, 11:49:32, 0.0, 7.23e-08
2018-08-05, 11:49:34, 0.0, 7.27e-08
2018-08-05, 11:49:36, 0.0, 7.17e-08
2018-08-05, 11:49:39, 0.0, 7.23e-08
2018-08-05, 11:49:41, 0.0, 7.19e-08
2018-08-05, 11:49:43, 0.0, 7.18e-08
2018-08-05, 11:49:45, 0.0, 7.18e-08
2018-08-05, 11:49:47, 0.0, 7.14e-08
2018-08-05, 11:49:49, 0.0, 7.19e-08
2018-08-05, 11:49:51, 0.0, 7.16e-08
2018-08-05, 11:49:53, 0.0, 7.14e-08
2018-08-05, 11:49:56, 0.0, 7.16e-08
2018-08-05, 11:49:58, 0.0, 7.15e-08
2018-08-05, 11:50:00, 0.0, 7.16e-08
2018-08-05, 11:50:02, 0.0, 7.21e-08
2018-08-05, 11:50:04, 0.0, 7.18e-08
2018-08-05, 11:50:06, 0.0, 7.15e-08
2018-08-05, 11:50:08, 0.0, 7.16e-08
2018-08-05, 11:50:10, 0.0, 7.19e-08
2018-08-05, 11:50:13, 0.0, 7.21e-08
2018-08-05, 11:50:15, 0.0, 7.18e-08
2018-08-05, 11:50:17, 0.0, 7.19e-08
2018-08-05, 11:50:19, 0.0, 7.19e-08
2018-08-05, 11:50:21, 0.0, 7.17e-08
2018-08-05, 11:50:23, 0.0, 7.2e-08
2018-08-05, 11:50:25, 0.0, 7.24e-08
2018-08-05, 11:50:27, 0.0, 7.24e-08
2018-08-05, 11:50:30, 0.0, 7.13e-08
2018-08-05, 11:50:32, 0.0, 7.22e-08
2018-08-05, 11:50:34, 0.0, 7.15e-08
2018-08-05, 11:50:36, 0.0, 7.14e-08
2018-08-05, 11:50:38, 0.0, 7.21e-08
2018-08-05, 11:50:40, 0.0, 7.15e-08
2018-08-05, 11:50:42, 0.0, 7.14e-08
2018-08-05, 11:50:45, 0.0, 7.17e-08
2018-08-05, 11:50:47, 0.0, 7.12e-08
2018-08-05, 11:50:49, 0.0, 7.2e-08
2018-08-05, 11:50:51, 0.0, 7.22e-08
2018-08-05, 11:50:53, 0.0, 7.16e-08
2018-08-05, 11:50:55, 0.0, 7.21e-08
2018-08-05, 11:50:57, 0.0, 7.26e-08
2018-08-05, 11:50:59, 0.0, 7.1e-08
2018-08-05, 11:51:02, 0.0, 7.14e-08
2018-08-05, 11:51:04, 0.0, 7.24e-08
2018-08-05, 11:51:06, 0.0, 7.22e-08
2018-08-05, 11:51:08, 0.0, 7.21e-08
2018-08-05, 11:51:10, 0.0, 7.19e-08
2018-08-05, 11:51:12, 0.0, 7.15e-08
2018-08-05, 11:51:14, 0.0, 7.18e-08
2018-08-05, 11:51:16, 0.0, 7.22e-08
2018-08-05, 11:51:19, 0.0, 7.22e-08
2018-08-05, 11:51:21, 0.0, 7.21e-08
2018-08-05, 11:51:23, 0.0, 7.21e-08
2018-08-05, 11:51:25, 0.0, 7.18e-08
2018-08-05, 11:51:27, 0.0, 7.24e-08
2018-08-05, 11:51:29, 0.0, 7.19e-08
2018-08-05, 11:51:31, 0.0, 7.23e-08
2018-08-05, 11:51:33, 0.0, 7.18e-08
2018-08-05, 11:51:36, 0.0, 7.18e-08
2018-08-05, 11:51:38, 0.0, 7.19e-08
2018-08-05, 11:51:40, 0.0, 7.15e-08
2018-08-05, 11:51:42, 0.0, 7.17e-08
2018-08-05, 11:51:44, 0.0, 7.18e-08
2018-08-05, 11:51:46, 0.0, 7.12e-08
2018-08-05, 11:51:48, 0.0, 7.13e-08
2018-08-05, 11:51:51, 0.0, 7.18e-08
2018-08-05, 11:51:53, 0.0, 7.24e-08
2018-08-05, 11:51:55, 0.0, 7.16e-08
2018-08-05, 11:51:57, 0.0, 7.13e-08
2018-08-05, 11:51:59, 0.0, 7.18e-08
2018-08-05, 11:52:01, 0.0, 7.22e-08
2018-08-05, 11:52:03, 0.0, 7.16e-08
2018-08-05, 11:52:05, 0.0, 7.12e-08
2018-08-05, 11:52:08, 0.0, 7.17e-08
2018-08-05, 11:52:10, 0.0, 7.15e-08
2018-08-05, 11:52:12, 0.0, 7.14e-08
2018-08-05, 11:52:14, 0.0, 7.18e-08
2018-08-05, 11:52:16, 0.0, 7.18e-08
2018-08-05, 11:52:18, 0.0, 7.19e-08
2018-08-05, 11:52:20, 0.0, 7.18e-08
2018-08-05, 11:52:22, 0.0, 7.16e-08
2018-08-05, 11:52:25, 0.0, 7.16e-08
2018-08-05, 11:52:27, 0.0, 7.14e-08
2018-08-05, 11:52:29, 0.0, 7.16e-08
2018-08-05, 11:52:31, 0.0, 7.14e-08
2018-08-05, 11:52:33, 0.0, 7.14e-08
2018-08-05, 11:52:35, 0.0, 7.12e-08
2018-08-05, 11:52:37, 0.0, 7.2e-08
2018-08-05, 11:52:39, 0.0, 7.21e-08
2018-08-05, 11:52:42, 0.0, 7.14e-08
2018-08-05, 11:52:44, 0.0, 7.19e-08
2018-08-05, 11:52:46, 0.0, 7.22e-08
2018-08-05, 11:52:48, 0.0, 7.25e-08
2018-08-05, 11:52:50, 0.0, 7.22e-08
2018-08-05, 11:52:52, 0.0, 7.17e-08
2018-08-05, 11:52:54, 0.0, 7.2e-08
2018-08-05, 11:52:56, 0.0, 7.21e-08
2018-08-05, 11:52:59, 0.0, 7.15e-08
2018-08-05, 11:53:01, 0.0, 7.2e-08
2018-08-05, 11:53:03, 0.0, 7.2e-08
2018-08-05, 11:53:05, 0.0, 7.27e-08
2018-08-05, 11:53:07, 0.0, 7.19e-08
2018-08-05, 11:53:09, 0.0, 7.24e-08
2018-08-05, 11:53:11, 0.0, 7.16e-08
2018-08-05, 11:53:14, 0.0, 7.21e-08
2018-08-05, 11:53:16, 0.0, 7.19e-08
2018-08-05, 11:53:18, 0.0, 7.24e-08
2018-08-05, 11:53:20, 0.0, 7.25e-08
2018-08-05, 11:53:22, 0.0, 7.2e-08
2018-08-05, 11:53:24, 0.0, 7.19e-08
2018-08-05, 11:53:26, 0.0, 7.15e-08
2018-08-05, 11:53:28, 0.0, 7.14e-08
2018-08-05, 11:53:31, 0.0, 7.21e-08
2018-08-05, 11:53:33, 0.0, 7.16e-08
2018-08-05, 11:53:35, 0.0, 7.18e-08
2018-08-05, 11:53:37, 0.0, 7.21e-08
2018-08-05, 11:53:39, 0.0, 7.18e-08
2018-08-05, 11:53:41, 0.0, 7.22e-08
2018-08-05, 11:53:43, 0.0, 7.17e-08
2018-08-05, 11:53:45, 0.0, 7.17e-08
2018-08-05, 11:53:48, 0.0, 7.17e-08
2018-08-05, 11:53:50, 0.0, 7.21e-08
2018-08-05, 11:53:52, 0.0, 7.16e-08
2018-08-05, 11:53:54, 0.0, 7.26e-08
2018-08-05, 11:53:56, 0.0, 7.2e-08
2018-08-05, 11:53:58, 0.0, 7.2e-08
2018-08-05, 11:54:00, 0.0, 7.17e-08
2018-08-05, 11:54:02, 0.0, 7.23e-08
2018-08-05, 11:54:05, 0.0, 7.15e-08
2018-08-05, 11:54:07, 0.0, 7.21e-08
2018-08-05, 11:54:09, 0.0, 7.15e-08
2018-08-05, 11:54:11, 0.0, 7.17e-08
2018-08-05, 11:54:13, 0.0, 7.23e-08
2018-08-05, 11:54:15, 0.0, 7.15e-08
2018-08-05, 11:54:17, 0.0, 7.2e-08
2018-08-05, 11:54:19, 0.0, 7.13e-08
2018-08-05, 11:54:22, 0.0, 7.21e-08
2018-08-05, 11:54:24, 0.0, 7.24e-08
2018-08-05, 11:54:26, 0.0, 7.19e-08
2018-08-05, 11:54:28, 0.0, 7.22e-08
2018-08-05, 11:54:30, 0.0, 7.15e-08
2018-08-05, 11:54:32, 0.0, 7.18e-08
2018-08-05, 11:54:34, 0.0, 7.2e-08
2018-08-05, 11:54:36, 0.0, 7.25e-08
2018-08-05, 11:54:39, 0.0, 7.23e-08
2018-08-05, 11:54:41, 0.0, 7.21e-08
2018-08-05, 11:54:43, 0.0, 7.19e-08
2018-08-05, 11:54:45, 0.0, 7.22e-08
2018-08-05, 11:54:47, 0.0, 7.17e-08
2018-08-05, 11:54:49, 0.0, 7.17e-08
2018-08-05, 11:54:51, 0.0, 7.2e-08
2018-08-05, 11:54:54, 0.0, 7.23e-08
2018-08-05, 11:54:56, 0.0, 7.21e-08
2018-08-05, 11:54:58, 0.0, 7.13e-08
2018-08-05, 11:55:00, 0.0, 7.14e-08
2018-08-05, 11:55:02, 0.0, 7.23e-08
2018-08-05, 11:55:04, 0.0, 7.18e-08
2018-08-05, 11:55:06, 0.0, 7.18e-08
2018-08-05, 11:55:08, 0.0, 7.25e-08
2018-08-05, 11:55:11, 0.0, 7.22e-08
2018-08-05, 11:55:13, 0.0, 7.19e-08
2018-08-05, 11:55:15, 0.0, 7.21e-08
2018-08-05, 11:55:17, 0.0, 7.21e-08
2018-08-05, 11:55:19, 0.0, 7.17e-08
2018-08-05, 11:55:21, 0.0, 7.14e-08
2018-08-05, 11:55:23, 0.0, 7.23e-08
2018-08-05, 11:55:25, 0.0, 7.27e-08
2018-08-05, 11:55:28, 0.0, 7.26e-08
2018-08-05, 11:55:30, 0.0, 7.18e-08
2018-08-05, 11:55:32, 0.0, 7.2e-08
2018-08-05, 11:55:34, 0.0, 7.15e-08
2018-08-05, 11:55:36, 0.0, 7.17e-08
2018-08-05, 11:55:38, 0.0, 7.17e-08
2018-08-05, 11:55:40, 0.0, 7.2e-08
2018-08-05, 11:55:42, 0.0, 7.14e-08
2018-08-05, 11:55:45, 0.0, 7.13e-08
2018-08-05, 11:55:47, 0.0, 7.12e-08
2018-08-05, 11:55:49, 0.0, 7.14e-08
2018-08-05, 11:55:51, 0.0, 7.11e-08
2018-08-05, 11:55:53, 0.0, 7.22e-08
2018-08-05, 11:55:55, 0.0, 7.2e-08
2018-08-05, 11:55:57, 0.0, 7.18e-08
2018-08-05, 11:55:59, 0.0, 7.24e-08
2018-08-05, 11:56:02, 0.0, 7.21e-08
2018-08-05, 11:56:04, 0.0, 7.2e-08
2018-08-05, 11:56:06, 0.0, 7.15e-08
2018-08-05, 11:56:08, 0.0, 7.16e-08
2018-08-05, 11:56:10, 0.0, 7.11e-08
2018-08-05, 11:56:12, 0.0, 7.16e-08
2018-08-05, 11:56:14, 0.0, 7.12e-08
2018-08-05, 11:56:17, 0.0, 7.18e-08
2018-08-05, 11:56:19, 0.0, 7.15e-08
2018-08-05, 11:56:21, 0.0, 7.19e-08
2018-08-05, 11:56:23, 0.0, 7.16e-08
2018-08-05, 11:56:25, 0.0, 7.08e-08
2018-08-05, 11:56:27, 0.0, 7.16e-08
2018-08-05, 11:56:29, 0.0, 7.06e-08
2018-08-05, 11:56:31, 0.0, 7.16e-08
2018-08-05, 11:56:34, 0.0, 7.16e-08
2018-08-05, 11:56:36, 0.0, 7.17e-08
2018-08-05, 11:56:38, 0.0, 7.22e-08
2018-08-05, 11:56:40, 0.0, 7.15e-08
2018-08-05, 11:56:42, 0.0, 7.14e-08
2018-08-05, 11:56:44, 0.0, 7.18e-08
2018-08-05, 11:56:46, 0.0, 7.15e-08
2018-08-05, 11:56:48, 0.0, 7.09e-08
2018-08-05, 11:56:51, 0.0, 7.24e-08
2018-08-05, 11:56:53, 0.0, 7.13e-08
2018-08-05, 11:56:55, 0.0, 7.18e-08
2018-08-05, 11:56:57, 0.0, 7.16e-08
2018-08-05, 11:56:59, 0.0, 7.14e-08
2018-08-05, 11:57:01, 0.0, 7.17e-08
2018-08-05, 11:57:03, 0.0, 7.19e-08
2018-08-05, 11:57:05, 0.0, 7.16e-08
2018-08-05, 11:57:08, 0.0, 7.16e-08
2018-08-05, 11:57:10, 0.0, 7.15e-08
2018-08-05, 11:57:12, 0.0, 7.2e-08
2018-08-05, 11:57:14, 0.0, 7.13e-08
2018-08-05, 11:57:16, 0.0, 7.09e-08
2018-08-05, 11:57:18, 0.0, 7.13e-08
2018-08-05, 11:57:20, 0.0, 7.12e-08
2018-08-05, 11:57:23, 0.0, 7.17e-08
2018-08-05, 11:57:25, 0.0, 7.25e-08
2018-08-05, 11:57:27, 0.0, 7.16e-08
2018-08-05, 11:57:29, 0.0, 7.19e-08
2018-08-05, 11:57:31, 0.0, 7.13e-08
2018-08-05, 11:57:33, 0.0, 7.21e-08
2018-08-05, 11:57:35, 0.0, 7.19e-08
2018-08-05, 11:57:37, 0.0, 7.21e-08
2018-08-05, 11:57:40, 0.0, 7.15e-08
2018-08-05, 11:57:42, 0.0, 7.21e-08
2018-08-05, 11:57:44, 0.0, 7.14e-08
2018-08-05, 11:57:46, 0.0, 7.13e-08
2018-08-05, 11:57:48, 0.0, 7.26e-08
2018-08-05, 11:57:50, 0.0, 7.13e-08
2018-08-05, 11:57:52, 0.0, 7.19e-08
2018-08-05, 11:57:54, 0.0, 7.21e-08
2018-08-05, 11:57:57, 0.0, 7.13e-08
2018-08-05, 11:57:59, 0.0, 7.22e-08
2018-08-05, 11:58:01, 0.0, 7.18e-08
2018-08-05, 11:58:03, 0.0, 7.24e-08
2018-08-05, 11:58:05, 0.0, 7.24e-08
2018-08-05, 11:58:07, 0.0, 7.15e-08
2018-08-05, 11:58:09, 0.0, 7.17e-08
2018-08-05, 11:58:11, 0.0, 7.16e-08
2018-08-05, 11:58:14, 0.0, 7.17e-08
2018-08-05, 11:58:16, 0.0, 7.18e-08
2018-08-05, 11:58:18, 0.0, 7.18e-08
2018-08-05, 11:58:20, 0.0, 7.21e-08
2018-08-05, 11:58:22, 0.0, 7.2e-08
2018-08-05, 11:58:24, 0.0, 7.18e-08
2018-08-05, 11:58:26, 0.0, 7.23e-08
2018-08-05, 11:58:28, 0.0, 7.2e-08
2018-08-05, 11:58:31, 0.0, 7.17e-08
2018-08-05, 11:58:33, 0.0, 7.21e-08
2018-08-05, 11:58:35, 0.0, 7.22e-08
2018-08-05, 11:58:37, 0.0, 7.17e-08
2018-08-05, 11:58:39, 0.0, 7.17e-08
2018-08-05, 11:58:41, 0.0, 7.14e-08
2018-08-05, 11:58:43, 0.0, 7.18e-08
2018-08-05, 11:58:45, 0.0, 7.16e-08
2018-08-05, 11:58:48, 0.0, 7.17e-08
2018-08-05, 11:58:50, 0.0, 7.21e-08
2018-08-05, 11:58:52, 0.0, 7.17e-08
2018-08-05, 11:58:54, 0.0, 7.15e-08
2018-08-05, 11:58:56, 0.0, 7.16e-08
2018-08-05, 11:58:58, 0.0, 7.14e-08
2018-08-05, 11:59:00, 0.0, 7.15e-08
2018-08-05, 11:59:02, 0.0, 7.15e-08
2018-08-05, 11:59:05, 0.0, 7.17e-08
2018-08-05, 11:59:07, 0.0, 7.19e-08
2018-08-05, 11:59:09, 0.0, 7.17e-08
2018-08-05, 11:59:11, 0.0, 7.13e-08
2018-08-05, 11:59:13, 0.0, 7.14e-08
2018-08-05, 11:59:15, 0.0, 7.14e-08
2018-08-05, 11:59:17, 0.0, 7.2e-08
2018-08-05, 11:59:19, 0.0, 7.15e-08
2018-08-05, 11:59:22, 0.0, 7.14e-08
2018-08-05, 11:59:24, 0.0, 7.18e-08
2018-08-05, 11:59:26, 0.0, 7.16e-08
2018-08-05, 11:59:28, 0.0, 7.17e-08
2018-08-05, 11:59:30, 0.0, 7.22e-08
2018-08-05, 11:59:32, 0.0, 7.2e-08
2018-08-05, 11:59:34, 0.0, 7.18e-08
2018-08-05, 11:59:37, 0.0, 7.16e-08
2018-08-05, 11:59:39, 0.0, 7.15e-08
2018-08-05, 11:59:41, 0.0, 7.22e-08
2018-08-05, 11:59:43, 0.0, 7.16e-08
2018-08-05, 11:59:45, 0.0, 7.17e-08
2018-08-05, 11:59:47, 0.0, 7.17e-08
2018-08-05, 11:59:49, 0.0, 7.2e-08
2018-08-05, 11:59:51, 0.0, 7.19e-08
2018-08-05, 11:59:54, 0.0, 7.16e-08
2018-08-05, 11:59:56, 0.0, 7.17e-08
2018-08-05, 11:59:58, 0.0, 7.19e-08
2018-08-05, 12:00:00, 0.0, 7.17e-08
2018-08-05, 12:00:02, 0.0, 7.14e-08
2018-08-05, 12:00:04, 0.0, 7.12e-08
2018-08-05, 12:00:06, 0.0, 7.13e-08
2018-08-05, 12:00:08, 0.0, 7.14e-08
2018-08-05, 12:00:11, 0.0, 7.21e-08
2018-08-05, 12:00:13, 0.0, 7.17e-08
2018-08-05, 12:00:15, 0.0, 7.15e-08
2018-08-05, 12:00:17, 0.0, 7.17e-08
2018-08-05, 12:00:19, 0.0, 7.16e-08
2018-08-05, 12:00:21, 0.0, 7.15e-08
2018-08-05, 12:00:23, 0.0, 7.17e-08
2018-08-05, 12:00:26, 0.0, 7.18e-08
2018-08-05, 12:00:28, 0.0, 7.2e-08
2018-08-05, 12:00:30, 0.0, 7.17e-08
2018-08-05, 12:00:32, 0.0, 7.12e-08
2018-08-05, 12:00:34, 0.0, 7.1e-08
2018-08-05, 12:00:36, 0.0, 7.18e-08
2018-08-05, 12:00:38, 0.0, 7.15e-08
2018-08-05, 12:00:40, 0.0, 7.13e-08
2018-08-05, 12:00:43, 0.0, 7.14e-08
2018-08-05, 12:00:45, 0.0, 7.14e-08
2018-08-05, 12:00:47, 0.0, 7.16e-08
2018-08-05, 12:00:49, 0.0, 7.14e-08
2018-08-05, 12:00:51, 0.0, 7.22e-08
2018-08-05, 12:00:53, 0.0, 7.14e-08
2018-08-05, 12:00:55, 0.0, 7.19e-08
2018-08-05, 12:00:57, 0.0, 7.15e-08
2018-08-05, 12:01:00, 0.0, 7.15e-08
2018-08-05, 12:01:02, 0.0, 7.17e-08
2018-08-05, 12:01:04, 0.0, 7.18e-08
2018-08-05, 12:01:06, 0.0, 7.19e-08
2018-08-05, 12:01:08, 0.0, 7.18e-08
2018-08-05, 12:01:10, 0.0, 7.19e-08
2018-08-05, 12:01:12, 0.0, 7.13e-08
2018-08-05, 12:01:14, 0.0, 7.18e-08
2018-08-05, 12:01:17, 0.0, 7.11e-08
2018-08-05, 12:01:19, 0.0, 7.11e-08
2018-08-05, 12:01:21, 0.0, 7.11e-08
2018-08-05, 12:01:23, 0.0, 7.24e-08
2018-08-05, 12:01:25, 0.0, 7.19e-08
2018-08-05, 12:01:27, 0.0, 7.17e-08
2018-08-05, 12:01:29, 0.0, 7.12e-08
2018-08-05, 12:01:31, 0.0, 7.2e-08
2018-08-05, 12:01:34, 0.0, 7.11e-08
2018-08-05, 12:01:36, 0.0, 7.17e-08
2018-08-05, 12:01:38, 0.0, 7.1e-08
2018-08-05, 12:01:40, 0.0, 7.12e-08
2018-08-05, 12:01:42, 0.0, 7.17e-08
2018-08-05, 12:01:44, 0.0, 7.18e-08
2018-08-05, 12:01:46, 0.0, 7.2e-08
2018-08-05, 12:01:48, 0.0, 7.1e-08
2018-08-05, 12:01:51, 0.0, 7.1e-08
2018-08-05, 12:01:53, 0.0, 7.14e-08
2018-08-05, 12:01:55, 0.0, 7.16e-08
2018-08-05, 12:01:57, 0.0, 7.11e-08
2018-08-05, 12:01:59, 0.0, 7.22e-08
2018-08-05, 12:02:01, 0.0, 7.17e-08
2018-08-05, 12:02:03, 0.0, 7.15e-08
2018-08-05, 12:02:06, 0.0, 7.12e-08
2018-08-05, 12:02:08, 0.0, 7.13e-08
2018-08-05, 12:02:10, 0.0, 7.14e-08
2018-08-05, 12:02:12, 0.0, 7.16e-08
2018-08-05, 12:02:14, 0.0, 7.13e-08
2018-08-05, 12:02:16, 0.0, 7.2e-08
2018-08-05, 12:02:18, 0.0, 7.17e-08
2018-08-05, 12:02:20, 0.0, 7.19e-08
2018-08-05, 12:02:23, 0.0, 7.17e-08
2018-08-05, 12:02:25, 0.0, 7.14e-08
2018-08-05, 12:02:27, 0.0, 7.16e-08
2018-08-05, 12:02:29, 0.0, 7.22e-08
2018-08-05, 12:02:31, 0.0, 7.13e-08
2018-08-05, 12:02:33, 0.0, 7.14e-08
2018-08-05, 12:02:35, 0.0, 7.17e-08
2018-08-05, 12:02:37, 0.0, 7.13e-08
2018-08-05, 12:02:39, 0.0, 7.09e-08
2018-08-05, 12:02:42, 0.0, 7.15e-08
2018-08-05, 12:02:44, 0.0, 7.15e-08
2018-08-05, 12:02:46, 0.0, 7.09e-08
2018-08-05, 12:02:48, 0.0, 7.15e-08
2018-08-05, 12:02:50, 0.0, 7.19e-08
2018-08-05, 12:02:52, 0.0, 7.15e-08
2018-08-05, 12:02:54, 0.0, 7.12e-08
2018-08-05, 12:02:56, 0.0, 7.11e-08
2018-08-05, 12:02:59, 0.0, 7.09e-08
2018-08-05, 12:03:01, 0.0, 7.13e-08
2018-08-05, 12:03:03, 0.0, 7.03e-08
2018-08-05, 12:03:05, 0.0, 7.09e-08
2018-08-05, 12:03:07, 0.0, 7.13e-08
2018-08-05, 12:03:09, 0.0, 7.12e-08
2018-08-05, 12:03:11, 0.0, 7.19e-08
2018-08-05, 12:03:13, 0.0, 7.15e-08
2018-08-05, 12:03:16, 0.0, 7.2e-08
2018-08-05, 12:03:18, 0.0, 7.11e-08
2018-08-05, 12:03:20, 0.0, 7.04e-08
2018-08-05, 12:03:22, 0.0, 7.1e-08
2018-08-05, 12:03:24, 0.0, 7.1e-08
2018-08-05, 12:03:26, 0.0, 7.17e-08
2018-08-05, 12:03:28, 0.0, 7.18e-08
2018-08-05, 12:03:31, 0.0, 7.11e-08
2018-08-05, 12:03:33, 0.0, 7.08e-08
2018-08-05, 12:03:35, 0.0, 7.16e-08
2018-08-05, 12:03:37, 0.0, 7.11e-08
2018-08-05, 12:03:39, 0.0, 7.14e-08
2018-08-05, 12:03:41, 0.0, 7.11e-08
2018-08-05, 12:03:43, 0.0, 7.17e-08
2018-08-05, 12:03:45, 0.0, 7.1e-08
2018-08-05, 12:03:48, 0.0, 7.11e-08
2018-08-05, 12:03:50, 0.0, 7.13e-08
2018-08-05, 12:03:52, 0.0, 7.11e-08
2018-08-05, 12:03:54, 0.0, 7.11e-08
2018-08-05, 12:03:56, 0.0, 7.09e-08
2018-08-05, 12:03:58, 0.0, 7.13e-08
2018-08-05, 12:04:00, 0.0, 7.15e-08
2018-08-05, 12:04:02, 0.0, 7.11e-08
2018-08-05, 12:04:05, 0.0, 7.1e-08
2018-08-05, 12:04:07, 0.0, 7.16e-08
2018-08-05, 12:04:09, 0.0, 7.17e-08
2018-08-05, 12:04:11, 0.0, 7.13e-08
2018-08-05, 12:04:13, 0.0, 7.18e-08
2018-08-05, 12:04:15, 0.0, 7.16e-08
2018-08-05, 12:04:17, 0.0, 7.15e-08
2018-08-05, 12:04:19, 0.0, 7.17e-08
2018-08-05, 12:04:22, 0.0, 7.14e-08
2018-08-05, 12:04:24, 0.0, 7.14e-08
2018-08-05, 12:04:26, 0.0, 7.15e-08
2018-08-05, 12:04:28, 0.0, 7.14e-08
2018-08-05, 12:04:30, 0.0, 7.09e-08
2018-08-05, 12:04:32, 0.0, 7.15e-08
2018-08-05, 12:04:34, 0.0, 7.2e-08
2018-08-05, 12:04:36, 0.0, 7.1e-08
2018-08-05, 12:04:39, 0.0, 7.12e-08
2018-08-05, 12:04:41, 0.0, 7.14e-08
2018-08-05, 12:04:43, 0.0, 7.18e-08
2018-08-05, 12:04:45, 0.0, 7.12e-08
2018-08-05, 12:04:47, 0.0, 7.14e-08
2018-08-05, 12:04:49, 0.0, 7.19e-08
2018-08-05, 12:04:51, 0.0, 7.11e-08
2018-08-05, 12:04:53, 0.0, 7.17e-08
2018-08-05, 12:04:56, 0.0, 7.13e-08
2018-08-05, 12:04:58, 0.0, 7.17e-08
2018-08-05, 12:05:00, 0.0, 7.11e-08
2018-08-05, 12:05:02, 0.0, 7.12e-08
2018-08-05, 12:05:04, 0.0, 7.2e-08
2018-08-05, 12:05:06, 0.0, 7.13e-08
2018-08-05, 12:05:08, 0.0, 7.22e-08
2018-08-05, 12:05:11, 0.0, 7.16e-08
2018-08-05, 12:05:13, 0.0, 7.14e-08
2018-08-05, 12:05:15, 0.0, 7.09e-08
2018-08-05, 12:05:17, 0.0, 7.15e-08
2018-08-05, 12:05:19, 0.0, 7.15e-08
2018-08-05, 12:05:21, 0.0, 7.23e-08
2018-08-05, 12:05:23, 0.0, 7.15e-08
2018-08-05, 12:05:26, 0.0, 7.18e-08
2018-08-05, 12:05:28, 0.0, 7.06e-08
2018-08-05, 12:05:30, 0.0, 7.17e-08
2018-08-05, 12:05:32, 0.0, 7.17e-08
2018-08-05, 12:05:34, 0.0, 7.13e-08
2018-08-05, 12:05:36, 0.0, 7.18e-08
2018-08-05, 12:05:38, 0.0, 7.16e-08
2018-08-05, 12:05:40, 0.0, 7.1e-08
2018-08-05, 12:05:43, 0.0, 7.12e-08
2018-08-05, 12:05:45, 0.0, 7.17e-08
2018-08-05, 12:05:47, 0.0, 7.1e-08
2018-08-05, 12:05:49, 0.0, 7.12e-08
2018-08-05, 12:05:51, 0.0, 7.13e-08
2018-08-05, 12:05:53, 0.0, 7.13e-08
2018-08-05, 12:05:55, 0.0, 7.16e-08
2018-08-05, 12:05:57, 0.0, 7.09e-08
2018-08-05, 12:06:00, 0.0, 7.1e-08
2018-08-05, 12:06:02, 0.0, 7.14e-08
2018-08-05, 12:06:04, 0.0, 7.08e-08
2018-08-05, 12:06:06, 0.0, 7.2e-08
2018-08-05, 12:06:08, 0.0, 7.14e-08
2018-08-05, 12:06:10, 0.0, 7.15e-08
2018-08-05, 12:06:12, 0.0, 7.2e-08
2018-08-05, 12:06:14, 0.0, 7.12e-08
2018-08-05, 12:06:17, 0.0, 7.21e-08
2018-08-05, 12:06:19, 0.0, 7.2e-08
2018-08-05, 12:06:21, 0.0, 7.17e-08
2018-08-05, 12:06:23, 0.0, 7.15e-08
2018-08-05, 12:06:25, 0.0, 7.2e-08
2018-08-05, 12:06:27, 0.0, 7.13e-08
2018-08-05, 12:06:29, 0.0, 7.14e-08
2018-08-05, 12:06:31, 0.0, 7.12e-08
2018-08-05, 12:06:34, 0.0, 7.13e-08
2018-08-05, 12:06:36, 0.0, 7.18e-08
2018-08-05, 12:06:38, 0.0, 7.11e-08
2018-08-05, 12:06:40, 0.0, 7.05e-08
2018-08-05, 12:06:42, 0.0, 7.13e-08
2018-08-05, 12:06:44, 0.0, 7.14e-08
2018-08-05, 12:06:46, 0.0, 7.14e-08
2018-08-05, 12:06:48, 0.0, 7.14e-08
2018-08-05, 12:06:51, 0.0, 7.15e-08
2018-08-05, 12:06:53, 0.0, 7.15e-08
2018-08-05, 12:06:55, 0.0, 7.17e-08
2018-08-05, 12:06:57, 0.0, 7.1e-08
2018-08-05, 12:06:59, 0.0, 7.13e-08
2018-08-05, 12:07:01, 0.0, 7.14e-08
2018-08-05, 12:07:03, 0.0, 7.17e-08
2018-08-05, 12:07:05, 0.0, 7.14e-08
2018-08-05, 12:07:08, 0.0, 7.15e-08
2018-08-05, 12:07:10, 0.0, 7.19e-08
2018-08-05, 12:07:12, 0.0, 7.13e-08
2018-08-05, 12:07:14, 0.0, 7.17e-08
2018-08-05, 12:07:16, 0.0, 7.22e-08
2018-08-05, 12:07:18, 0.0, 7.19e-08
2018-08-05, 12:07:20, 0.0, 7.14e-08
2018-08-05, 12:07:22, 0.0, 7.19e-08
2018-08-05, 12:07:25, 0.0, 7.16e-08
2018-08-05, 12:07:27, 0.0, 7.19e-08
2018-08-05, 12:07:29, 0.0, 7.19e-08
2018-08-05, 12:07:31, 0.0, 7.15e-08
2018-08-05, 12:07:33, 0.0, 7.14e-08
2018-08-05, 12:07:35, 0.0, 7.17e-08
2018-08-05, 12:07:37, 0.0, 7.21e-08
2018-08-05, 12:07:39, 0.0, 7.13e-08
2018-08-05, 12:07:42, 0.0, 7.16e-08
2018-08-05, 12:07:44, 0.0, 7.18e-08
2018-08-05, 12:07:46, 0.0, 7.14e-08
2018-08-05, 12:07:48, 0.0, 7.23e-08
2018-08-05, 12:07:50, 0.0, 7.17e-08
2018-08-05, 12:07:52, 0.0, 7.13e-08
2018-08-05, 12:07:54, 0.0, 7.14e-08
2018-08-05, 12:07:57, 0.0, 7.16e-08
2018-08-05, 12:07:59, 0.0, 7.12e-08
2018-08-05, 12:08:01, 0.0, 7.22e-08
2018-08-05, 12:08:03, 0.0, 7.13e-08
2018-08-05, 12:08:05, 0.0, 7.12e-08
2018-08-05, 12:08:07, 0.0, 7.17e-08
2018-08-05, 12:08:09, 0.0, 7.14e-08
2018-08-05, 12:08:11, 0.0, 7.15e-08
2018-08-05, 12:08:14, 0.0, 7.12e-08
2018-08-05, 12:08:16, 0.0, 7.17e-08
2018-08-05, 12:08:18, 0.0, 7.1e-08
2018-08-05, 12:08:20, 0.0, 7.14e-08
2018-08-05, 12:08:22, 0.0, 7.17e-08
2018-08-05, 12:08:24, 0.0, 7.1e-08
2018-08-05, 12:08:26, 0.0, 7.14e-08
2018-08-05, 12:08:28, 0.0, 7.18e-08
2018-08-05, 12:08:31, 0.0, 7.17e-08
2018-08-05, 12:08:33, 0.0, 7.21e-08
2018-08-05, 12:08:35, 0.0, 7.1e-08
2018-08-05, 12:08:37, 0.0, 7.14e-08
2018-08-05, 12:08:39, 0.0, 7.08e-08
2018-08-05, 12:08:41, 0.0, 7.14e-08
2018-08-05, 12:08:43, 0.0, 7.11e-08
2018-08-05, 12:08:45, 0.0, 7.1e-08
2018-08-05, 12:08:48, 0.0, 7.14e-08
2018-08-05, 12:08:50, 0.0, 7.17e-08
2018-08-05, 12:08:52, 0.0, 7.12e-08
2018-08-05, 12:08:54, 0.0, 7.11e-08
2018-08-05, 12:08:56, 0.0, 7.11e-08
2018-08-05, 12:08:58, 0.0, 7.12e-08
2018-08-05, 12:09:00, 0.0, 7.13e-08
2018-08-05, 12:09:02, 0.0, 7.11e-08
2018-08-05, 12:09:05, 0.0, 7.07e-08
2018-08-05, 12:09:07, 0.0, 7.11e-08
2018-08-05, 12:09:09, 0.0, 7.14e-08
2018-08-05, 12:09:11, 0.0, 7.18e-08
2018-08-05, 12:09:13, 0.0, 7.13e-08
2018-08-05, 12:09:15, 0.0, 7.12e-08
2018-08-05, 12:09:17, 0.0, 7.14e-08
2018-08-05, 12:09:19, 0.0, 7.16e-08
2018-08-05, 12:09:22, 0.0, 7.09e-08
2018-08-05, 12:09:24, 0.0, 7.12e-08
2018-08-05, 12:09:26, 0.0, 7.18e-08
2018-08-05, 12:09:28, 0.0, 7.08e-08
2018-08-05, 12:09:30, 0.0, 7.15e-08
2018-08-05, 12:09:32, 0.0, 7.11e-08
2018-08-05, 12:09:34, 0.0, 7.15e-08
2018-08-05, 12:09:36, 0.0, 7.1e-08
2018-08-05, 12:09:39, 0.0, 7.07e-08
2018-08-05, 12:09:41, 0.0, 7.12e-08
2018-08-05, 12:09:43, 0.0, 7.1e-08
2018-08-05, 12:09:45, 0.0, 7.11e-08
2018-08-05, 12:09:47, 0.0, 7.15e-08
2018-08-05, 12:09:49, 0.0, 7.11e-08
2018-08-05, 12:09:51, 0.0, 7.13e-08
2018-08-05, 12:09:53, 0.0, 7.14e-08
2018-08-05, 12:09:56, 0.0, 7.13e-08
2018-08-05, 12:09:58, 0.0, 7.08e-08
2018-08-05, 12:10:00, 0.0, 7.12e-08
2018-08-05, 12:10:02, 0.0, 7.18e-08
2018-08-05, 12:10:04, 0.0, 7.17e-08
2018-08-05, 12:10:06, 0.0, 7.13e-08
2018-08-05, 12:10:08, 0.0, 7.11e-08
2018-08-05, 12:10:11, 0.0, 7.13e-08
2018-08-05, 12:10:13, 0.0, 7.13e-08
2018-08-05, 12:10:15, 0.0, 7.13e-08
2018-08-05, 12:10:17, 0.0, 7.11e-08
2018-08-05, 12:10:19, 0.0, 7.13e-08
2018-08-05, 12:10:21, 0.0, 7.12e-08
2018-08-05, 12:10:23, 0.0, 7.14e-08
2018-08-05, 12:10:25, 0.0, 7.16e-08
2018-08-05, 12:10:28, 0.0, 7.12e-08
2018-08-05, 12:10:30, 0.0, 7.15e-08
2018-08-05, 12:10:32, 0.0, 7.13e-08
2018-08-05, 12:10:34, 0.0, 7.17e-08
2018-08-05, 12:10:36, 0.0, 7.08e-08
2018-08-05, 12:10:38, 0.0, 7.09e-08
2018-08-05, 12:10:40, 0.0, 7.11e-08
2018-08-05, 12:10:42, 0.0, 7.14e-08
2018-08-05, 12:10:45, 0.0, 7.2e-08
2018-08-05, 12:10:47, 0.0, 7.17e-08
2018-08-05, 12:10:49, 0.0, 7.15e-08
2018-08-05, 12:10:51, 0.0, 7.16e-08
2018-08-05, 12:10:53, 0.0, 7.18e-08
2018-08-05, 12:10:55, 0.0, 7.16e-08
2018-08-05, 12:10:57, 0.0, 7.13e-08
2018-08-05, 12:10:59, 0.0, 7.15e-08
2018-08-05, 12:11:02, 0.0, 7.12e-08
2018-08-05, 12:11:04, 0.0, 7.17e-08
2018-08-05, 12:11:06, 0.0, 7.16e-08
2018-08-05, 12:11:08, 0.0, 7.17e-08
2018-08-05, 12:11:10, 0.0, 7.15e-08
2018-08-05, 12:11:12, 0.0, 7.14e-08
2018-08-05, 12:11:14, 0.0, 7.15e-08
2018-08-05, 12:11:16, 0.0, 7.12e-08
2018-08-05, 12:11:19, 0.0, 7.09e-08
2018-08-05, 12:11:21, 0.0, 7.09e-08
2018-08-05, 12:11:23, 0.0, 7.12e-08
2018-08-05, 12:11:25, 0.0, 7.11e-08
2018-08-05, 12:11:27, 0.0, 7.11e-08
2018-08-05, 12:11:29, 0.0, 7.08e-08
2018-08-05, 12:11:31, 0.0, 7.08e-08
2018-08-05, 12:11:33, 0.0, 7.13e-08
2018-08-05, 12:11:36, 0.0, 7.09e-08
2018-08-05, 12:11:38, 0.0, 7.19e-08
2018-08-05, 12:11:40, 0.0, 7.13e-08
2018-08-05, 12:11:42, 0.0, 7.19e-08
2018-08-05, 12:11:44, 0.0, 7.18e-08
2018-08-05, 12:11:46, 0.0, 7.18e-08
2018-08-05, 12:11:48, 0.0, 7.12e-08
2018-08-05, 12:11:50, 0.0, 7.15e-08
2018-08-05, 12:11:53, 0.0, 7.15e-08
2018-08-05, 12:11:55, 0.0, 7.12e-08
2018-08-05, 12:11:57, 0.0, 7.16e-08
2018-08-05, 12:11:59, 0.0, 7.07e-08
2018-08-05, 12:12:01, 0.0, 7.16e-08
2018-08-05, 12:12:03, 0.0, 7.14e-08
2018-08-05, 12:12:05, 0.0, 7.2e-08
2018-08-05, 12:12:08, 0.0, 7.07e-08
2018-08-05, 12:12:10, 0.0, 7.13e-08
2018-08-05, 12:12:12, 0.0, 7.11e-08
2018-08-05, 12:12:14, 0.0, 7.1e-08
2018-08-05, 12:12:16, 0.0, 7.13e-08
2018-08-05, 12:12:18, 0.0, 7.19e-08
2018-08-05, 12:12:20, 0.0, 7.12e-08
2018-08-05, 12:12:22, 0.0, 7.14e-08
2018-08-05, 12:12:25, 0.0, 7.13e-08
2018-08-05, 12:12:27, 0.0, 7.12e-08
2018-08-05, 12:12:29, 0.0, 7.07e-08
2018-08-05, 12:12:31, 0.0, 7.07e-08
2018-08-05, 12:12:33, 0.0, 7.14e-08
2018-08-05, 12:12:35, 0.0, 7.15e-08
2018-08-05, 12:12:37, 0.0, 7.2e-08
2018-08-05, 12:12:39, 0.0, 7.11e-08
2018-08-05, 12:12:42, 0.0, 7.11e-08
2018-08-05, 12:12:44, 0.0, 7.14e-08
2018-08-05, 12:12:46, 0.0, 7.11e-08
2018-08-05, 12:12:48, 0.0, 7.13e-08
2018-08-05, 12:12:50, 0.0, 7.14e-08
2018-08-05, 12:12:52, 0.0, 7.12e-08
2018-08-05, 12:12:54, 0.0, 7.14e-08
2018-08-05, 12:12:56, 0.0, 7.1e-08
2018-08-05, 12:12:59, 0.0, 7.17e-08
2018-08-05, 12:13:01, 0.0, 7.14e-08
2018-08-05, 12:13:03, 0.0, 7.19e-08
2018-08-05, 12:13:05, 0.0, 7.09e-08
2018-08-05, 12:13:07, 0.0, 7.11e-08
2018-08-05, 12:13:09, 0.0, 7.1e-08
2018-08-05, 12:13:11, 0.0, 7.14e-08
2018-08-05, 12:13:14, 0.0, 7.16e-08
2018-08-05, 12:13:16, 0.0, 7.14e-08
2018-08-05, 12:13:18, 0.0, 7.13e-08
2018-08-05, 12:13:20, 0.0, 7.18e-08
2018-08-05, 12:13:22, 0.0, 7.07e-08
2018-08-05, 12:13:24, 0.0, 7.2e-08
2018-08-05, 12:13:26, 0.0, 7.15e-08
2018-08-05, 12:13:28, 0.0, 7.24e-08
2018-08-05, 12:13:31, 0.0, 7.17e-08
2018-08-05, 12:13:33, 0.0, 7.16e-08
2018-08-05, 12:13:35, 0.0, 7.12e-08
2018-08-05, 12:13:37, 0.0, 7.1e-08
2018-08-05, 12:13:39, 0.0, 7.12e-08
2018-08-05, 12:13:41, 0.0, 7.11e-08
2018-08-05, 12:13:43, 0.0, 7.08e-08
2018-08-05, 12:13:45, 0.0, 7.16e-08
2018-08-05, 12:13:48, 0.0, 7.12e-08
2018-08-05, 12:13:50, 0.0, 7.17e-08
2018-08-05, 12:13:52, 0.0, 7.16e-08
2018-08-05, 12:13:54, 0.0, 7.17e-08
2018-08-05, 12:13:56, 0.0, 7.11e-08
2018-08-05, 12:13:58, 0.0, 7.14e-08
2018-08-05, 12:14:00, 0.0, 7.12e-08
2018-08-05, 12:14:02, 0.0, 7.11e-08
2018-08-05, 12:14:05, 0.0, 7.12e-08
2018-08-05, 12:14:07, 0.0, 7.12e-08
2018-08-05, 12:14:09, 0.0, 7.08e-08
2018-08-05, 12:14:11, 0.0, 7.15e-08
2018-08-05, 12:14:13, 0.0, 7.15e-08
2018-08-05, 12:14:15, 0.0, 7.11e-08
2018-08-05, 12:14:17, 0.0, 7.18e-08
2018-08-05, 12:14:19, 0.0, 7.16e-08
2018-08-05, 12:14:22, 0.0, 7.13e-08
2018-08-05, 12:14:24, 0.0, 7.18e-08
2018-08-05, 12:14:26, 0.0, 7.15e-08
2018-08-05, 12:14:28, 0.0, 7.12e-08
2018-08-05, 12:14:30, 0.0, 7.09e-08
2018-08-05, 12:14:32, 0.0, 7.14e-08
2018-08-05, 12:14:34, 0.0, 7.09e-08
2018-08-05, 12:14:36, 0.0, 7.16e-08
2018-08-05, 12:14:39, 0.0, 7.16e-08
2018-08-05, 12:14:41, 0.0, 7.15e-08
2018-08-05, 12:14:43, 0.0, 7.13e-08
2018-08-05, 12:14:45, 0.0, 7.08e-08
2018-08-05, 12:14:47, 0.0, 7.07e-08
2018-08-05, 12:14:49, 0.0, 7.07e-08
2018-08-05, 12:14:51, 0.0, 7.07e-08
2018-08-05, 12:14:53, 0.0, 7.09e-08
2018-08-05, 12:14:56, 0.0, 7.1e-08
2018-08-05, 12:14:58, 0.0, 7.08e-08
2018-08-05, 12:15:00, 0.0, 7.07e-08
2018-08-05, 12:15:02, 0.0, 7.09e-08
2018-08-05, 12:15:04, 0.0, 7.11e-08
2018-08-05, 12:15:06, 0.0, 7.15e-08
2018-08-05, 12:15:08, 0.0, 7.1e-08
2018-08-05, 12:15:10, 0.0, 7.18e-08
2018-08-05, 12:15:13, 0.0, 7.17e-08
2018-08-05, 12:15:15, 0.0, 7.17e-08
2018-08-05, 12:15:17, 0.0, 7.17e-08
2018-08-05, 12:15:19, 0.0, 7.19e-08
2018-08-05, 12:15:21, 0.0, 7.16e-08
2018-08-05, 12:15:23, 0.0, 7.11e-08
2018-08-05, 12:15:25, 0.0, 7.15e-08
2018-08-05, 12:15:27, 0.0, 7.15e-08
2018-08-05, 12:15:30, 0.0, 7.19e-08
2018-08-05, 12:15:32, 0.0, 7.19e-08
2018-08-05, 12:15:34, 0.0, 7.17e-08
2018-08-05, 12:15:36, 0.0, 7.15e-08
2018-08-05, 12:15:38, 0.0, 7.21e-08
2018-08-05, 12:15:40, 0.0, 7.19e-08
2018-08-05, 12:15:42, 0.0, 7.2e-08
2018-08-05, 12:15:44, 0.0, 7.16e-08
2018-08-05, 12:15:47, 0.0, 7.15e-08
2018-08-05, 12:15:49, 0.0, 7.16e-08
2018-08-05, 12:15:51, 0.0, 7.17e-08
2018-08-05, 12:15:53, 0.0, 7.2e-08
2018-08-05, 12:15:55, 0.0, 7.17e-08
2018-08-05, 12:15:57, 0.0, 7.13e-08
2018-08-05, 12:15:59, 0.0, 7.09e-08
2018-08-05, 12:16:01, 0.0, 7.16e-08
2018-08-05, 12:16:04, 0.0, 7.14e-08
2018-08-05, 12:16:06, 0.0, 7.09e-08
2018-08-05, 12:16:08, 0.0, 7.16e-08
2018-08-05, 12:16:10, 0.0, 7.1e-08
2018-08-05, 12:16:12, 0.0, 7.11e-08
2018-08-05, 12:16:14, 0.0, 7.16e-08
2018-08-05, 12:16:16, 0.0, 7.1e-08
2018-08-05, 12:16:19, 0.0, 7.15e-08
2018-08-05, 12:16:21, 0.0, 7.11e-08
2018-08-05, 12:16:23, 0.0, 7.1e-08
2018-08-05, 12:16:25, 0.0, 7.12e-08
2018-08-05, 12:16:27, 0.0, 7.14e-08
2018-08-05, 12:16:29, 0.0, 7.17e-08
2018-08-05, 12:16:31, 0.0, 7.17e-08
2018-08-05, 12:16:33, 0.0, 7.19e-08
2018-08-05, 12:16:36, 0.0, 7.16e-08
2018-08-05, 12:16:38, 0.0, 7.17e-08
2018-08-05, 12:16:40, 0.0, 7.16e-08
2018-08-05, 12:16:42, 0.0, 7.2e-08
2018-08-05, 12:16:44, 0.0, 7.11e-08
2018-08-05, 12:16:46, 0.0, 7.14e-08
2018-08-05, 12:16:48, 0.0, 7.13e-08
2018-08-05, 12:16:50, 0.0, 7.13e-08
2018-08-05, 12:16:53, 0.0, 7.2e-08
2018-08-05, 12:16:55, 0.0, 7.16e-08
2018-08-05, 12:16:57, 0.0, 7.16e-08
2018-08-05, 12:16:59, 0.0, 7.16e-08
2018-08-05, 12:17:01, 0.0, 7.22e-08
2018-08-05, 12:17:03, 0.0, 7.23e-08
2018-08-05, 12:17:05, 0.0, 7.2e-08
2018-08-05, 12:17:07, 0.0, 7.16e-08
2018-08-05, 12:17:10, 0.0, 7.16e-08
2018-08-05, 12:17:12, 0.0, 7.18e-08
2018-08-05, 12:17:14, 0.0, 7.14e-08
2018-08-05, 12:17:16, 0.0, 7.14e-08
2018-08-05, 12:17:18, 0.0, 7.17e-08
2018-08-05, 12:17:20, 0.0, 7.13e-08
2018-08-05, 12:17:22, 0.0, 7.22e-08
2018-08-05, 12:17:24, 0.0, 7.19e-08
2018-08-05, 12:17:27, 0.0, 7.17e-08
2018-08-05, 12:17:29, 0.0, 7.14e-08
2018-08-05, 12:17:31, 0.0, 7.2e-08
2018-08-05, 12:17:33, 0.0, 7.15e-08
2018-08-05, 12:17:35, 0.0, 7.15e-08
2018-08-05, 12:17:37, 0.0, 7.19e-08
2018-08-05, 12:17:39, 0.0, 7.18e-08
2018-08-05, 12:17:41, 0.0, 7.21e-08
2018-08-05, 12:17:44, 0.0, 7.17e-08
2018-08-05, 12:17:46, 0.0, 7.15e-08
2018-08-05, 12:17:48, 0.0, 7.27e-08
2018-08-05, 12:17:50, 0.0, 7.22e-08
2018-08-05, 12:17:52, 0.0, 7.17e-08
2018-08-05, 12:17:54, 0.0, 7.21e-08
2018-08-05, 12:17:56, 0.0, 7.18e-08
2018-08-05, 12:17:58, 0.0, 7.16e-08
2018-08-05, 12:18:01, 0.0, 7.22e-08
2018-08-05, 12:18:03, 0.0, 7.18e-08
2018-08-05, 12:18:05, 0.0, 7.21e-08
2018-08-05, 12:18:07, 0.0, 7.2e-08
2018-08-05, 12:18:09, 0.0, 7.25e-08
2018-08-05, 12:18:11, 0.0, 7.17e-08
2018-08-05, 12:18:13, 0.0, 7.21e-08
2018-08-05, 12:18:16, 0.0, 7.24e-08
2018-08-05, 12:18:18, 0.0, 7.18e-08
2018-08-05, 12:18:20, 0.0, 7.17e-08
2018-08-05, 12:18:22, 0.0, 7.25e-08
2018-08-05, 12:18:24, 0.0, 7.29e-08
2018-08-05, 12:18:26, 0.0, 7.2e-08
2018-08-05, 12:18:28, 0.0, 7.23e-08
2018-08-05, 12:18:30, 0.0, 7.23e-08
2018-08-05, 12:18:33, 0.0, 7.21e-08
2018-08-05, 12:18:35, 0.0, 7.21e-08
2018-08-05, 12:18:37, 0.0, 7.22e-08
2018-08-05, 12:18:39, 0.0, 7.2e-08
2018-08-05, 12:18:41, 0.0, 7.18e-08
2018-08-05, 12:18:43, 0.0, 7.24e-08
2018-08-05, 12:18:45, 0.0, 7.24e-08
2018-08-05, 12:18:47, 0.0, 7.26e-08
2018-08-05, 12:18:50, 0.0, 7.25e-08
2018-08-05, 12:18:52, 0.0, 7.23e-08
2018-08-05, 12:18:54, 0.0, 7.22e-08
2018-08-05, 12:18:56, 0.0, 7.21e-08
2018-08-05, 12:18:58, 0.0, 7.17e-08
2018-08-05, 12:19:00, 0.0, 7.2e-08
2018-08-05, 12:19:02, 0.0, 7.23e-08
2018-08-05, 12:19:04, 0.0, 7.15e-08
2018-08-05, 12:19:07, 0.0, 7.22e-08
2018-08-05, 12:19:09, 0.0, 7.2e-08
2018-08-05, 12:19:11, 0.0, 7.2e-08
2018-08-05, 12:19:13, 0.0, 7.22e-08
2018-08-05, 12:19:15, 0.0, 7.2e-08
2018-08-05, 12:19:17, 0.0, 7.23e-08
2018-08-05, 12:19:19, 0.0, 7.19e-08
2018-08-05, 12:19:21, 0.0, 7.23e-08
2018-08-05, 12:19:24, 0.0, 7.22e-08
2018-08-05, 12:19:26, 0.0, 7.22e-08
2018-08-05, 12:19:28, 0.0, 7.2e-08
2018-08-05, 12:19:30, 0.0, 7.22e-08
2018-08-05, 12:19:32, 0.0, 7.18e-08
2018-08-05, 12:19:34, 0.0, 7.2e-08
2018-08-05, 12:19:36, 0.0, 7.21e-08
2018-08-05, 12:19:38, 0.0, 7.22e-08
2018-08-05, 12:19:41, 0.0, 7.23e-08
2018-08-05, 12:19:43, 0.0, 7.22e-08
2018-08-05, 12:19:45, 0.0, 7.18e-08
2018-08-05, 12:19:47, 0.0, 7.26e-08
2018-08-05, 12:19:49, 0.0, 7.17e-08
2018-08-05, 12:19:51, 0.0, 7.16e-08
2018-08-05, 12:19:53, 0.0, 7.17e-08
2018-08-05, 12:19:55, 0.0, 7.17e-08
2018-08-05, 12:19:58, 0.0, 7.2e-08
2018-08-05, 12:20:00, 0.0, 7.2e-08
2018-08-05, 12:20:02, 0.0, 7.24e-08
2018-08-05, 12:20:04, 0.0, 7.15e-08
2018-08-05, 12:20:06, 0.0, 7.2e-08
2018-08-05, 12:20:08, 0.0, 7.17e-08
2018-08-05, 12:20:10, 0.0, 7.14e-08
2018-08-05, 12:20:12, 0.0, 7.09e-08
2018-08-05, 12:20:15, 0.0, 7.14e-08
2018-08-05, 12:20:17, 0.0, 7.16e-08
2018-08-05, 12:20:19, 0.0, 7.19e-08
2018-08-05, 12:20:21, 0.0, 7.22e-08
2018-08-05, 12:20:23, 0.0, 7.19e-08
2018-08-05, 12:20:25, 0.0, 7.15e-08
2018-08-05, 12:20:27, 0.0, 7.17e-08
2018-08-05, 12:20:29, 0.0, 7.17e-08
2018-08-05, 12:20:32, 0.0, 7.22e-08
2018-08-05, 12:20:34, 0.0, 7.17e-08
2018-08-05, 12:20:36, 0.0, 7.19e-08
2018-08-05, 12:20:38, 0.0, 7.23e-08
2018-08-05, 12:20:40, 0.0, 7.13e-08
2018-08-05, 12:20:42, 0.0, 7.17e-08
2018-08-05, 12:20:44, 0.0, 7.14e-08
2018-08-05, 12:20:46, 0.0, 7.17e-08
2018-08-05, 12:20:49, 0.0, 7.24e-08
2018-08-05, 12:20:51, 0.0, 7.24e-08
2018-08-05, 12:20:53, 0.0, 7.24e-08
2018-08-05, 12:20:55, 0.0, 7.26e-08
2018-08-05, 12:20:57, 0.0, 7.23e-08
2018-08-05, 12:20:59, 0.0, 7.23e-08
2018-08-05, 12:21:01, 0.0, 7.24e-08
2018-08-05, 12:21:04, 0.0, 7.2e-08
2018-08-05, 12:21:06, 0.0, 7.19e-08
2018-08-05, 12:21:08, 0.0, 7.22e-08
2018-08-05, 12:21:10, 0.0, 7.18e-08
2018-08-05, 12:21:12, 0.0, 7.19e-08
2018-08-05, 12:21:14, 0.0, 7.17e-08
2018-08-05, 12:21:16, 0.0, 7.21e-08
2018-08-05, 12:21:18, 0.0, 7.2e-08
2018-08-05, 12:21:21, 0.0, 7.09e-08
2018-08-05, 12:21:23, 0.0, 7.21e-08
2018-08-05, 12:21:25, 0.0, 7.22e-08
2018-08-05, 12:21:27, 0.0, 7.13e-08
2018-08-05, 12:21:29, 0.0, 7.19e-08
2018-08-05, 12:21:31, 0.0, 7.14e-08
2018-08-05, 12:21:33, 0.0, 7.12e-08
2018-08-05, 12:21:35, 0.0, 7.16e-08
2018-08-05, 12:21:38, 0.0, 7.14e-08
2018-08-05, 12:21:40, 0.0, 7.17e-08
2018-08-05, 12:21:42, 0.0, 7.16e-08
2018-08-05, 12:21:44, 0.0, 7.2e-08
2018-08-05, 12:21:46, 0.0, 7.21e-08
2018-08-05, 12:21:48, 0.0, 7.17e-08
2018-08-05, 12:21:50, 0.0, 7.2e-08
2018-08-05, 12:21:52, 0.0, 7.19e-08
2018-08-05, 12:21:55, 0.0, 7.1e-08
2018-08-05, 12:21:57, 0.0, 7.24e-08
2018-08-05, 12:21:59, 0.0, 7.19e-08
2018-08-05, 12:22:01, 0.0, 7.17e-08
2018-08-05, 12:22:03, 0.0, 7.19e-08
2018-08-05, 12:22:05, 0.0, 7.18e-08
2018-08-05, 12:22:07, 0.0, 7.16e-08
2018-08-05, 12:22:09, 0.0, 7.27e-08
2018-08-05, 12:22:12, 0.0, 7.22e-08
2018-08-05, 12:22:14, 0.0, 7.24e-08
2018-08-05, 12:22:16, 0.0, 7.13e-08
2018-08-05, 12:22:18, 0.0, 7.19e-08
2018-08-05, 12:22:20, 0.0, 7.12e-08
2018-08-05, 12:22:22, 0.0, 7.14e-08
2018-08-05, 12:22:24, 0.0, 7.18e-08
2018-08-05, 12:22:26, 0.0, 7.23e-08
2018-08-05, 12:22:29, 0.0, 7.11e-08
2018-08-05, 12:22:31, 0.0, 7.26e-08
2018-08-05, 12:22:33, 0.0, 7.26e-08
2018-08-05, 12:22:35, 0.0, 7.18e-08
2018-08-05, 12:22:37, 0.0, 7.23e-08
2018-08-05, 12:22:39, 0.0, 7.24e-08
2018-08-05, 12:22:41, 0.0, 7.17e-08
2018-08-05, 12:22:43, 0.0, 7.28e-08
2018-08-05, 12:22:46, 0.0, 7.2e-08
2018-08-05, 12:22:48, 0.0, 7.21e-08
2018-08-05, 12:22:50, 0.0, 7.19e-08
2018-08-05, 12:22:52, 0.0, 7.19e-08
2018-08-05, 12:22:54, 0.0, 7.19e-08
2018-08-05, 12:22:56, 0.0, 7.26e-08
2018-08-05, 12:22:58, 0.0, 7.23e-08
2018-08-05, 12:23:00, 0.0, 7.21e-08
2018-08-05, 12:23:03, 0.0, 7.21e-08
2018-08-05, 12:23:05, 0.0, 7.13e-08
2018-08-05, 12:23:07, 0.0, 7.15e-08
2018-08-05, 12:23:09, 0.0, 7.16e-08
2018-08-05, 12:23:11, 0.0, 7.1e-08
2018-08-05, 12:23:13, 0.0, 7.13e-08
2018-08-05, 12:23:15, 0.0, 7.16e-08
2018-08-05, 12:23:17, 0.0, 7.18e-08
2018-08-05, 12:23:20, 0.0, 7.13e-08
2018-08-05, 12:23:22, 0.0, 7.14e-08
2018-08-05, 12:23:24, 0.0, 7.15e-08
2018-08-05, 12:23:26, 0.0, 7.14e-08
2018-08-05, 12:23:28, 0.0, 7.13e-08
2018-08-05, 12:23:30, 0.0, 7.12e-08
2018-08-05, 12:23:32, 0.0, 7.22e-08
2018-08-05, 12:23:34, 0.0, 7.18e-08
2018-08-05, 12:23:37, 0.0, 7.19e-08
2018-08-05, 12:23:39, 0.0, 7.2e-08
2018-08-05, 12:23:41, 0.0, 7.13e-08
2018-08-05, 12:23:43, 0.0, 7.18e-08
2018-08-05, 12:23:45, 0.0, 7.17e-08
2018-08-05, 12:23:47, 0.0, 7.17e-08
2018-08-05, 12:23:49, 0.0, 7.23e-08
2018-08-05, 12:23:51, 0.0, 7.15e-08
2018-08-05, 12:23:54, 0.0, 7.17e-08
2018-08-05, 12:23:56, 0.0, 7.17e-08
2018-08-05, 12:23:58, 0.0, 7.22e-08
2018-08-05, 12:24:00, 0.0, 7.21e-08
2018-08-05, 12:24:02, 0.0, 7.18e-08
2018-08-05, 12:24:04, 0.0, 7.22e-08
2018-08-05, 12:24:06, 0.0, 7.25e-08
2018-08-05, 12:24:09, 0.0, 7.24e-08
2018-08-05, 12:24:11, 0.0, 7.21e-08
2018-08-05, 12:24:13, 0.0, 7.2e-08
2018-08-05, 12:24:15, 0.0, 7.21e-08
2018-08-05, 12:24:17, 0.0, 7.22e-08
2018-08-05, 12:24:19, 0.0, 7.18e-08
2018-08-05, 12:24:21, 0.0, 7.22e-08
2018-08-05, 12:24:23, 0.0, 7.21e-08
2018-08-05, 12:24:26, 0.0, 7.14e-08
2018-08-05, 12:24:28, 0.0, 7.18e-08
2018-08-05, 12:24:30, 0.0, 7.21e-08
2018-08-05, 12:24:32, 0.0, 7.23e-08
2018-08-05, 12:24:34, 0.0, 7.18e-08
2018-08-05, 12:24:36, 0.0, 7.11e-08
2018-08-05, 12:24:38, 0.0, 7.18e-08
2018-08-05, 12:24:40, 0.0, 7.16e-08
2018-08-05, 12:24:43, 0.0, 7.24e-08
2018-08-05, 12:24:45, 0.0, 7.18e-08
2018-08-05, 12:24:47, 0.0, 7.23e-08
2018-08-05, 12:24:49, 0.0, 7.18e-08
2018-08-05, 12:24:51, 0.0, 7.26e-08
2018-08-05, 12:24:53, 0.0, 7.25e-08
2018-08-05, 12:24:55, 0.0, 7.21e-08
2018-08-05, 12:24:57, 0.0, 7.21e-08
2018-08-05, 12:25:00, 0.0, 7.2e-08
2018-08-05, 12:25:02, 0.0, 7.19e-08
2018-08-05, 12:25:04, 0.0, 7.19e-08
2018-08-05, 12:25:06, 0.0, 7.18e-08
2018-08-05, 12:25:08, 0.0, 7.16e-08
2018-08-05, 12:25:10, 0.0, 7.19e-08
2018-08-05, 12:25:12, 0.0, 7.23e-08
2018-08-05, 12:25:14, 0.0, 7.2e-08
2018-08-05, 12:25:17, 0.0, 7.27e-08
2018-08-05, 12:25:19, 0.0, 7.26e-08
2018-08-05, 12:25:21, 0.0, 7.18e-08
2018-08-05, 12:25:23, 0.0, 7.18e-08
2018-08-05, 12:25:25, 0.0, 7.28e-08
2018-08-05, 12:25:27, 0.0, 7.22e-08
2018-08-05, 12:25:29, 0.0, 7.19e-08
2018-08-05, 12:25:31, 0.0, 7.23e-08
2018-08-05, 12:25:34, 0.0, 7.26e-08
2018-08-05, 12:25:36, 0.0, 7.17e-08
2018-08-05, 12:25:38, 0.0, 7.22e-08
2018-08-05, 12:25:40, 0.0, 7.19e-08
2018-08-05, 12:25:42, 0.0, 7.22e-08
2018-08-05, 12:25:44, 0.0, 7.29e-08
2018-08-05, 12:25:46, 0.0, 7.26e-08
2018-08-05, 12:25:49, 0.0, 7.25e-08
2018-08-05, 12:25:51, 0.0, 7.23e-08
2018-08-05, 12:25:53, 0.0, 7.22e-08
2018-08-05, 12:25:55, 0.0, 7.27e-08
2018-08-05, 12:25:57, 0.0, 7.19e-08
2018-08-05, 12:25:59, 0.0, 7.24e-08
2018-08-05, 12:26:01, 0.0, 7.18e-08
2018-08-05, 12:26:03, 0.0, 7.18e-08
2018-08-05, 12:26:06, 0.0, 7.2e-08
2018-08-05, 12:26:08, 0.0, 7.2e-08
2018-08-05, 12:26:10, 0.0, 7.19e-08
2018-08-05, 12:26:12, 0.0, 7.19e-08
2018-08-05, 12:26:14, 0.0, 7.23e-08
2018-08-05, 12:26:16, 0.0, 7.19e-08
2018-08-05, 12:26:18, 0.0, 7.21e-08
2018-08-05, 12:26:20, 0.0, 7.29e-08
2018-08-05, 12:26:23, 0.0, 7.23e-08
2018-08-05, 12:26:25, 0.0, 7.17e-08
2018-08-05, 12:26:27, 0.0, 7.17e-08
2018-08-05, 12:26:29, 0.0, 7.2e-08
2018-08-05, 12:26:31, 0.0, 7.25e-08
2018-08-05, 12:26:33, 0.0, 7.21e-08
2018-08-05, 12:26:35, 0.0, 7.19e-08
2018-08-05, 12:26:37, 0.0, 7.25e-08
2018-08-05, 12:26:40, 0.0, 7.25e-08
2018-08-05, 12:26:42, 0.0, 7.14e-08
2018-08-05, 12:26:44, 0.0, 7.19e-08
2018-08-05, 12:26:46, 0.0, 7.16e-08
2018-08-05, 12:26:48, 0.0, 7.22e-08
2018-08-05, 12:26:50, 0.0, 7.22e-08
2018-08-05, 12:26:52, 0.0, 7.24e-08
2018-08-05, 12:26:54, 0.0, 7.26e-08
2018-08-05, 12:26:57, 0.0, 7.19e-08
2018-08-05, 12:26:59, 0.0, 7.22e-08
2018-08-05, 12:27:01, 0.0, 7.18e-08
2018-08-05, 12:27:03, 0.0, 7.17e-08
2018-08-05, 12:27:05, 0.0, 7.29e-08
2018-08-05, 12:27:07, 0.0, 7.22e-08
2018-08-05, 12:27:09, 0.0, 7.23e-08
2018-08-05, 12:27:11, 0.0, 7.17e-08
2018-08-05, 12:27:14, 0.0, 7.22e-08
2018-08-05, 12:27:16, 0.0, 7.24e-08
2018-08-05, 12:27:18, 0.0, 7.27e-08
2018-08-05, 12:27:20, 0.0, 7.21e-08
2018-08-05, 12:27:22, 0.0, 7.21e-08
2018-08-05, 12:27:24, 0.0, 7.24e-08
2018-08-05, 12:27:26, 0.0, 7.23e-08
2018-08-05, 12:27:28, 0.0, 7.25e-08
2018-08-05, 12:27:31, 0.0, 7.22e-08
2018-08-05, 12:27:33, 0.0, 7.24e-08
2018-08-05, 12:27:35, 0.0, 7.21e-08
2018-08-05, 12:27:37, 0.0, 7.2e-08
2018-08-05, 12:27:39, 0.0, 7.26e-08
2018-08-05, 12:27:41, 0.0, 7.26e-08
2018-08-05, 12:27:43, 0.0, 7.28e-08
2018-08-05, 12:27:45, 0.0, 7.24e-08
2018-08-05, 12:27:48, 0.0, 7.22e-08
2018-08-05, 12:27:50, 0.0, 7.23e-08
2018-08-05, 12:27:52, 0.0, 7.18e-08
2018-08-05, 12:27:54, 0.0, 7.13e-08
2018-08-05, 12:27:56, 0.0, 7.14e-08
2018-08-05, 12:27:58, 0.0, 7.23e-08
2018-08-05, 12:28:00, 0.0, 7.21e-08
2018-08-05, 12:28:02, 0.0, 7.21e-08
2018-08-05, 12:28:05, 0.0, 7.23e-08
2018-08-05, 12:28:07, 0.0, 7.19e-08
2018-08-05, 12:28:09, 0.0, 7.23e-08
2018-08-05, 12:28:11, 0.0, 7.21e-08
2018-08-05, 12:28:13, 0.0, 7.22e-08
2018-08-05, 12:28:15, 0.0, 7.21e-08
2018-08-05, 12:28:17, 0.0, 7.25e-08
2018-08-05, 12:28:19, 0.0, 7.16e-08
2018-08-05, 12:28:22, 0.0, 7.22e-08
2018-08-05, 12:28:24, 0.0, 7.17e-08
2018-08-05, 12:28:26, 0.0, 7.25e-08
2018-08-05, 12:28:28, 0.0, 7.18e-08
2018-08-05, 12:28:30, 0.0, 7.2e-08
2018-08-05, 12:28:32, 0.0, 7.21e-08
2018-08-05, 12:28:34, 0.0, 7.2e-08
2018-08-05, 12:28:36, 0.0, 7.2e-08
2018-08-05, 12:28:39, 0.0, 7.2e-08
2018-08-05, 12:28:41, 0.0, 7.27e-08
2018-08-05, 12:28:43, 0.0, 7.22e-08
2018-08-05, 12:28:45, 0.0, 7.2e-08
2018-08-05, 12:28:47, 0.0, 7.16e-08
2018-08-05, 12:28:49, 0.0, 7.19e-08
2018-08-05, 12:28:51, 0.0, 7.22e-08
2018-08-05, 12:28:53, 0.0, 7.21e-08
2018-08-05, 12:28:56, 0.0, 7.23e-08
2018-08-05, 12:28:58, 0.0, 7.22e-08
2018-08-05, 12:29:00, 0.0, 7.24e-08
2018-08-05, 12:29:02, 0.0, 7.2e-08
2018-08-05, 12:29:04, 0.0, 7.22e-08
2018-08-05, 12:29:06, 0.0, 7.19e-08
2018-08-05, 12:29:08, 0.0, 7.25e-08
2018-08-05, 12:29:11, 0.0, 7.27e-08
2018-08-05, 12:29:13, 0.0, 7.3e-08
2018-08-05, 12:29:15, 0.0, 7.19e-08
2018-08-05, 12:29:17, 0.0, 7.26e-08
2018-08-05, 12:29:19, 0.0, 7.24e-08
2018-08-05, 12:29:21, 0.0, 7.21e-08
2018-08-05, 12:29:23, 0.0, 7.19e-08
2018-08-05, 12:29:25, 0.0, 7.28e-08
2018-08-05, 12:29:28, 0.0, 7.24e-08
2018-08-05, 12:29:30, 0.0, 7.26e-08
2018-08-05, 12:29:32, 0.0, 7.32e-08
2018-08-05, 12:29:34, 0.0, 7.24e-08
2018-08-05, 12:29:36, 0.0, 7.25e-08
2018-08-05, 12:29:38, 0.0, 7.22e-08
2018-08-05, 12:29:40, 0.0, 7.18e-08
2018-08-05, 12:29:42, 0.0, 7.25e-08
2018-08-05, 12:29:45, 0.0, 7.18e-08
2018-08-05, 12:29:47, 0.0, 7.23e-08
2018-08-05, 12:29:49, 0.0, 7.18e-08
2018-08-05, 12:29:51, 0.0, 7.26e-08
2018-08-05, 12:29:53, 0.0, 7.26e-08
2018-08-05, 12:29:55, 0.0, 7.27e-08
2018-08-05, 12:29:57, 0.0, 7.25e-08
2018-08-05, 12:29:59, 0.0, 7.2e-08
2018-08-05, 12:30:02, 0.0, 7.17e-08
2018-08-05, 12:30:04, 0.0, 7.17e-08
2018-08-05, 12:30:06, 0.0, 7.18e-08
2018-08-05, 12:30:08, 0.0, 7.22e-08
2018-08-05, 12:30:10, 0.0, 7.22e-08
2018-08-05, 12:30:12, 0.0, 7.16e-08
2018-08-05, 12:30:14, 0.0, 7.18e-08
2018-08-05, 12:30:17, 0.0, 7.18e-08
2018-08-05, 12:30:19, 0.0, 7.19e-08
2018-08-05, 12:30:21, 0.0, 7.22e-08
2018-08-05, 12:30:23, 0.0, 7.2e-08
2018-08-05, 12:30:25, 0.0, 7.15e-08
2018-08-05, 12:30:27, 0.0, 7.2e-08
2018-08-05, 12:30:29, 0.0, 7.22e-08
2018-08-05, 12:30:31, 0.0, 7.15e-08
2018-08-05, 12:30:34, 0.0, 7.19e-08
2018-08-05, 12:30:36, 0.0, 7.25e-08
2018-08-05, 12:30:38, 0.0, 7.15e-08
2018-08-05, 12:30:40, 0.0, 7.28e-08
2018-08-05, 12:30:42, 0.0, 7.24e-08
2018-08-05, 12:30:44, 0.0, 7.2e-08
2018-08-05, 12:30:46, 0.0, 7.2e-08
2018-08-05, 12:30:48, 0.0, 7.21e-08
2018-08-05, 12:30:51, 0.0, 7.26e-08
2018-08-05, 12:30:53, 0.0, 7.25e-08
2018-08-05, 12:30:55, 0.0, 7.26e-08
2018-08-05, 12:30:57, 0.0, 7.22e-08
2018-08-05, 12:30:59, 0.0, 7.25e-08
2018-08-05, 12:31:01, 0.0, 7.18e-08
2018-08-05, 12:31:03, 0.0, 7.17e-08
2018-08-05, 12:31:05, 0.0, 7.17e-08
2018-08-05, 12:31:08, 0.0, 7.24e-08
2018-08-05, 12:31:10, 0.0, 7.2e-08
2018-08-05, 12:31:12, 0.0, 7.25e-08
2018-08-05, 12:31:14, 0.0, 7.27e-08
2018-08-05, 12:31:16, 0.0, 7.18e-08
2018-08-05, 12:31:18, 0.0, 7.16e-08
2018-08-05, 12:31:20, 0.0, 7.25e-08
2018-08-05, 12:31:22, 0.0, 7.16e-08
2018-08-05, 12:31:25, 0.0, 7.19e-08
2018-08-05, 12:31:27, 0.0, 7.2e-08
2018-08-05, 12:31:29, 0.0, 7.17e-08
2018-08-05, 12:31:31, 0.0, 7.24e-08
2018-08-05, 12:31:33, 0.0, 7.17e-08
2018-08-05, 12:31:35, 0.0, 7.17e-08
2018-08-05, 12:31:37, 0.0, 7.16e-08
2018-08-05, 12:31:39, 0.0, 7.23e-08
2018-08-05, 12:31:42, 0.0, 7.18e-08
2018-08-05, 12:31:44, 0.0, 7.14e-08
2018-08-05, 12:31:46, 0.0, 7.15e-08
2018-08-05, 12:31:48, 0.0, 7.2e-08
2018-08-05, 12:31:50, 0.0, 7.24e-08
2018-08-05, 12:31:52, 0.0, 7.21e-08
2018-08-05, 12:31:54, 0.0, 7.19e-08
2018-08-05, 12:31:56, 0.0, 7.2e-08
2018-08-05, 12:31:59, 0.0, 7.21e-08
2018-08-05, 12:32:01, 0.0, 7.21e-08
2018-08-05, 12:32:03, 0.0, 7.27e-08
2018-08-05, 12:32:05, 0.0, 7.22e-08
2018-08-05, 12:32:07, 0.0, 7.19e-08
2018-08-05, 12:32:09, 0.0, 7.17e-08
2018-08-05, 12:32:11, 0.0, 7.25e-08
2018-08-05, 12:32:13, 0.0, 7.2e-08
2018-08-05, 12:32:16, 0.0, 7.15e-08
2018-08-05, 12:32:18, 0.0, 7.21e-08
2018-08-05, 12:32:20, 0.0, 7.11e-08
2018-08-05, 12:32:22, 0.0, 7.23e-08
2018-08-05, 12:32:24, 0.0, 7.22e-08
2018-08-05, 12:32:26, 0.0, 7.26e-08
2018-08-05, 12:32:28, 0.0, 7.19e-08
2018-08-05, 12:32:30, 0.0, 7.22e-08
2018-08-05, 12:32:33, 0.0, 7.23e-08
2018-08-05, 12:32:35, 0.0, 7.24e-08
2018-08-05, 12:32:37, 0.0, 7.19e-08
2018-08-05, 12:32:39, 0.0, 7.15e-08
2018-08-05, 12:32:41, 0.0, 7.27e-08
2018-08-05, 12:32:43, 0.0, 7.22e-08
2018-08-05, 12:32:45, 0.0, 7.21e-08
2018-08-05, 12:32:47, 0.0, 7.23e-08
2018-08-05, 12:32:50, 0.0, 7.23e-08
2018-08-05, 12:32:52, 0.0, 7.27e-08
2018-08-05, 12:32:54, 0.0, 7.25e-08
2018-08-05, 12:32:56, 0.0, 7.23e-08
2018-08-05, 12:32:58, 0.0, 7.23e-08
2018-08-05, 12:33:00, 0.0, 7.13e-08
2018-08-05, 12:33:02, 0.0, 7.16e-08
2018-08-05, 12:33:04, 0.0, 7.19e-08
2018-08-05, 12:33:07, 0.0, 7.2e-08
2018-08-05, 12:33:09, 0.0, 7.18e-08
2018-08-05, 12:33:11, 0.0, 7.21e-08
2018-08-05, 12:33:13, 0.0, 7.26e-08
2018-08-05, 12:33:15, 0.0, 7.15e-08
2018-08-05, 12:33:17, 0.0, 7.15e-08
2018-08-05, 12:33:19, 0.0, 7.18e-08
2018-08-05, 12:33:21, 0.0, 7.17e-08
2018-08-05, 12:33:24, 0.0, 7.16e-08
2018-08-05, 12:33:26, 0.0, 7.22e-08
2018-08-05, 12:33:28, 0.0, 7.22e-08
2018-08-05, 12:33:30, 0.0, 7.16e-08
2018-08-05, 12:33:32, 0.0, 7.11e-08
2018-08-05, 12:33:34, 0.0, 7.22e-08
2018-08-05, 12:33:36, 0.0, 7.16e-08
2018-08-05, 12:33:38, 0.0, 7.2e-08
2018-08-05, 12:33:41, 0.0, 7.13e-08
2018-08-05, 12:33:43, 0.0, 7.11e-08
2018-08-05, 12:33:45, 0.0, 7.14e-08
2018-08-05, 12:33:47, 0.0, 7.18e-08
2018-08-05, 12:33:49, 0.0, 7.22e-08
2018-08-05, 12:33:51, 0.0, 7.16e-08
2018-08-05, 12:33:53, 0.0, 7.22e-08
2018-08-05, 12:33:55, 0.0, 7.2e-08
2018-08-05, 12:33:58, 0.0, 7.11e-08
2018-08-05, 12:34:00, 0.0, 7.2e-08
2018-08-05, 12:34:02, 0.0, 7.2e-08
2018-08-05, 12:34:04, 0.0, 7.21e-08
2018-08-05, 12:34:06, 0.0, 7.21e-08
2018-08-05, 12:34:08, 0.0, 7.24e-08
2018-08-05, 12:34:10, 0.0, 7.18e-08
2018-08-05, 12:34:12, 0.0, 7.21e-08
2018-08-05, 12:34:15, 0.0, 7.23e-08
2018-08-05, 12:34:17, 0.0, 7.17e-08
2018-08-05, 12:34:19, 0.0, 7.15e-08
2018-08-05, 12:34:21, 0.0, 7.15e-08
2018-08-05, 12:34:23, 0.0, 7.13e-08
2018-08-05, 12:34:25, 0.0, 7.11e-08
2018-08-05, 12:34:27, 0.0, 7.13e-08
2018-08-05, 12:34:29, 0.0, 7.15e-08
2018-08-05, 12:34:32, 0.0, 7.14e-08
2018-08-05, 12:34:34, 0.0, 7.17e-08
2018-08-05, 12:34:36, 0.0, 7.18e-08
2018-08-05, 12:34:38, 0.0, 7.15e-08
2018-08-05, 12:34:40, 0.0, 7.12e-08
2018-08-05, 12:34:42, 0.0, 7.11e-08
2018-08-05, 12:34:44, 0.0, 7.1e-08
2018-08-05, 12:34:46, 0.0, 7.21e-08
2018-08-05, 12:34:49, 0.0, 7.18e-08
2018-08-05, 12:34:51, 0.0, 7.21e-08
2018-08-05, 12:34:53, 0.0, 7.15e-08
2018-08-05, 12:34:55, 0.0, 7.17e-08
2018-08-05, 12:34:57, 0.0, 7.2e-08
2018-08-05, 12:34:59, 0.0, 7.2e-08
2018-08-05, 12:35:01, 0.0, 7.19e-08
2018-08-05, 12:35:03, 0.0, 7.16e-08
2018-08-05, 12:35:06, 0.0, 7.16e-08
2018-08-05, 12:35:08, 0.0, 7.16e-08
2018-08-05, 12:35:10, 0.0, 7.2e-08
2018-08-05, 12:35:12, 0.0, 7.19e-08
2018-08-05, 12:35:14, 0.0, 7.25e-08
2018-08-05, 12:35:16, 0.0, 7.17e-08
2018-08-05, 12:35:18, 0.0, 7.2e-08
2018-08-05, 12:35:21, 0.0, 7.16e-08
2018-08-05, 12:35:23, 0.0, 7.15e-08
2018-08-05, 12:35:25, 0.0, 7.23e-08
2018-08-05, 12:35:27, 0.0, 7.21e-08
2018-08-05, 12:35:29, 0.0, 7.2e-08
2018-08-05, 12:35:31, 0.0, 7.16e-08
2018-08-05, 12:35:33, 0.0, 7.15e-08
2018-08-05, 12:35:35, 0.0, 7.18e-08
2018-08-05, 12:35:38, 0.0, 7.22e-08
2018-08-05, 12:35:40, 0.0, 7.18e-08
2018-08-05, 12:35:42, 0.0, 7.15e-08
2018-08-05, 12:35:44, 0.0, 7.14e-08
2018-08-05, 12:35:46, 0.0, 7.11e-08
2018-08-05, 12:35:48, 0.0, 7.13e-08
2018-08-05, 12:35:50, 0.0, 7.15e-08
2018-08-05, 12:35:52, 0.0, 7.2e-08
2018-08-05, 12:35:55, 0.0, 7.16e-08
2018-08-05, 12:35:57, 0.0, 7.15e-08
2018-08-05, 12:35:59, 0.0, 7.15e-08
2018-08-05, 12:36:01, 0.0, 7.24e-08
2018-08-05, 12:36:03, 0.0, 7.16e-08
2018-08-05, 12:36:05, 0.0, 7.2e-08
2018-08-05, 12:36:07, 0.0, 7.14e-08
2018-08-05, 12:36:09, 0.0, 7.17e-08
2018-08-05, 12:36:12, 0.0, 7.23e-08
2018-08-05, 12:36:14, 0.0, 7.18e-08
2018-08-05, 12:36:16, 0.0, 7.17e-08
2018-08-05, 12:36:18, 0.0, 7.15e-08
2018-08-05, 12:36:20, 0.0, 7.15e-08
2018-08-05, 12:36:22, 0.0, 7.16e-08
2018-08-05, 12:36:24, 0.0, 7.14e-08
2018-08-05, 12:36:26, 0.0, 7.15e-08
2018-08-05, 12:36:29, 0.0, 7.14e-08
2018-08-05, 12:36:31, 0.0, 7.19e-08
2018-08-05, 12:36:33, 0.0, 7.15e-08
2018-08-05, 12:36:35, 0.0, 7.19e-08
2018-08-05, 12:36:37, 0.0, 7.2e-08
2018-08-05, 12:36:39, 0.0, 7.14e-08
2018-08-05, 12:36:41, 0.0, 7.16e-08
2018-08-05, 12:36:43, 0.0, 7.22e-08
2018-08-05, 12:36:46, 0.0, 7.21e-08
2018-08-05, 12:36:48, 0.0, 7.16e-08
2018-08-05, 12:36:50, 0.0, 7.18e-08
2018-08-05, 12:36:52, 0.0, 7.15e-08
2018-08-05, 12:36:54, 0.0, 7.19e-08
2018-08-05, 12:36:56, 0.0, 7.18e-08
2018-08-05, 12:36:58, 0.0, 7.16e-08
2018-08-05, 12:37:00, 0.0, 7.18e-08
2018-08-05, 12:37:03, 0.0, 7.24e-08
2018-08-05, 12:37:05, 0.0, 7.16e-08
2018-08-05, 12:37:07, 0.0, 7.18e-08
2018-08-05, 12:37:09, 0.0, 7.2e-08
2018-08-05, 12:37:11, 0.0, 7.17e-08
2018-08-05, 12:37:13, 0.0, 7.24e-08
2018-08-05, 12:37:15, 0.0, 7.21e-08
2018-08-05, 12:37:17, 0.0, 7.19e-08
2018-08-05, 12:37:20, 0.0, 7.17e-08
2018-08-05, 12:37:22, 0.0, 7.16e-08
2018-08-05, 12:37:24, 0.0, 7.19e-08
2018-08-05, 12:37:26, 0.0, 7.13e-08
2018-08-05, 12:37:28, 0.0, 7.05e-08
2018-08-05, 12:37:30, 0.0, 7.15e-08
2018-08-05, 12:37:32, 0.0, 7.18e-08
2018-08-05, 12:37:34, 0.0, 7.24e-08
2018-08-05, 12:37:37, 0.0, 7.17e-08
2018-08-05, 12:37:39, 0.0, 7.15e-08
2018-08-05, 12:37:41, 0.0, 7.18e-08
2018-08-05, 12:37:43, 0.0, 7.16e-08
2018-08-05, 12:37:45, 0.0, 7.26e-08
2018-08-05, 12:37:47, 0.0, 7.19e-08
2018-08-05, 12:37:49, 0.0, 7.15e-08
2018-08-05, 12:37:51, 0.0, 7.17e-08
2018-08-05, 12:37:54, 0.0, 7.18e-08
2018-08-05, 12:37:56, 0.0, 7.13e-08
2018-08-05, 12:37:58, 0.0, 7.21e-08
2018-08-05, 12:38:00, 0.0, 7.17e-08
2018-08-05, 12:38:02, 0.0, 7.23e-08
2018-08-05, 12:38:04, 0.0, 7.23e-08
2018-08-05, 12:38:06, 0.0, 7.22e-08
2018-08-05, 12:38:09, 0.0, 7.21e-08
2018-08-05, 12:38:11, 0.0, 7.14e-08
2018-08-05, 12:38:13, 0.0, 7.24e-08
2018-08-05, 12:38:15, 0.0, 7.2e-08
2018-08-05, 12:38:17, 0.0, 7.16e-08
2018-08-05, 12:38:19, 0.0, 7.25e-08
2018-08-05, 12:38:21, 0.0, 7.21e-08
2018-08-05, 12:38:23, 0.0, 7.24e-08
2018-08-05, 12:38:26, 0.0, 7.23e-08
2018-08-05, 12:38:28, 0.0, 7.16e-08
2018-08-05, 12:38:30, 0.0, 7.24e-08
2018-08-05, 12:38:32, 0.0, 7.22e-08
2018-08-05, 12:38:34, 0.0, 7.18e-08
2018-08-05, 12:38:36, 0.0, 7.21e-08
2018-08-05, 12:38:38, 0.0, 7.16e-08
2018-08-05, 12:38:40, 0.0, 7.23e-08
2018-08-05, 12:38:43, 0.0, 7.21e-08
2018-08-05, 12:38:45, 0.0, 7.19e-08
2018-08-05, 12:38:47, 0.0, 7.25e-08
2018-08-05, 12:38:49, 0.0, 7.23e-08
2018-08-05, 12:38:51, 0.0, 7.24e-08
2018-08-05, 12:38:53, 0.0, 7.27e-08
2018-08-05, 12:38:55, 0.0, 7.26e-08
2018-08-05, 12:38:57, 0.0, 7.17e-08
2018-08-05, 12:39:00, 0.0, 7.29e-08
2018-08-05, 12:39:02, 0.0, 7.29e-08
2018-08-05, 12:39:04, 0.0, 7.21e-08
2018-08-05, 12:39:06, 0.0, 7.2e-08
2018-08-05, 12:39:08, 0.0, 7.14e-08
2018-08-05, 12:39:10, 0.0, 7.12e-08
2018-08-05, 12:39:12, 0.0, 7.16e-08
2018-08-05, 12:39:15, 0.0, 7.18e-08
2018-08-05, 12:39:17, 0.0, 7.11e-08
2018-08-05, 12:39:19, 0.0, 7.18e-08
2018-08-05, 12:39:21, 0.0, 7.18e-08
2018-08-05, 12:39:23, 0.0, 7.17e-08
2018-08-05, 12:39:25, 0.0, 7.12e-08
2018-08-05, 12:39:27, 0.0, 7.13e-08
2018-08-05, 12:39:29, 0.0, 7.12e-08
2018-08-05, 12:39:31, 0.0, 7.2e-08
2018-08-05, 12:39:34, 0.0, 7.22e-08
2018-08-05, 12:39:36, 0.0, 7.21e-08
2018-08-05, 12:39:38, 0.0, 7.23e-08
2018-08-05, 12:39:40, 0.0, 7.18e-08
2018-08-05, 12:39:42, 0.0, 7.18e-08
2018-08-05, 12:39:44, 0.0, 7.23e-08
2018-08-05, 12:39:46, 0.0, 7.2e-08
2018-08-05, 12:39:48, 0.0, 7.24e-08
2018-08-05, 12:39:51, 0.0, 7.19e-08
2018-08-05, 12:39:53, 0.0, 7.2e-08
2018-08-05, 12:39:55, 0.0, 7.15e-08
2018-08-05, 12:39:57, 0.0, 7.26e-08
2018-08-05, 12:39:59, 0.0, 7.24e-08
2018-08-05, 12:40:01, 0.0, 7.25e-08
2018-08-05, 12:40:03, 0.0, 7.23e-08
2018-08-05, 12:40:06, 0.0, 7.24e-08
2018-08-05, 12:40:08, 0.0, 7.31e-08
2018-08-05, 12:40:10, 0.0, 7.22e-08
2018-08-05, 12:40:12, 0.0, 7.26e-08
2018-08-05, 12:40:14, 0.0, 7.22e-08
2018-08-05, 12:40:16, 0.0, 7.28e-08
2018-08-05, 12:40:18, 0.0, 7.25e-08
2018-08-05, 12:40:20, 0.0, 7.25e-08
2018-08-05, 12:40:23, 0.0, 7.21e-08
2018-08-05, 12:40:25, 0.0, 7.29e-08
2018-08-05, 12:40:27, 0.0, 7.17e-08
2018-08-05, 12:40:29, 0.0, 7.29e-08
2018-08-05, 12:40:31, 0.0, 7.19e-08
2018-08-05, 12:40:33, 0.0, 7.26e-08
2018-08-05, 12:40:35, 0.0, 7.25e-08
2018-08-05, 12:40:37, 0.0, 7.15e-08
2018-08-05, 12:40:40, 0.0, 7.18e-08
2018-08-05, 12:40:42, 0.0, 7.24e-08
2018-08-05, 12:40:44, 0.0, 7.15e-08
2018-08-05, 12:40:46, 0.0, 7.08e-08
2018-08-05, 12:40:48, 0.0, 7.17e-08
2018-08-05, 12:40:50, 0.0, 7.23e-08
2018-08-05, 12:40:52, 0.0, 7.23e-08
2018-08-05, 12:40:54, 0.0, 7.23e-08
2018-08-05, 12:40:57, 0.0, 7.25e-08
2018-08-05, 12:40:59, 0.0, 7.19e-08
2018-08-05, 12:41:01, 0.0, 7.22e-08
2018-08-05, 12:41:03, 0.0, 7.2e-08
2018-08-05, 12:41:05, 0.0, 7.16e-08
2018-08-05, 12:41:07, 0.0, 7.25e-08
2018-08-05, 12:41:09, 0.0, 7.19e-08
2018-08-05, 12:41:11, 0.0, 7.18e-08
2018-08-05, 12:41:14, 0.0, 7.22e-08
2018-08-05, 12:41:16, 0.0, 7.23e-08
2018-08-05, 12:41:18, 0.0, 7.25e-08
2018-08-05, 12:41:20, 0.0, 7.18e-08
2018-08-05, 12:41:22, 0.0, 7.13e-08
2018-08-05, 12:41:24, 0.0, 7.22e-08
2018-08-05, 12:41:26, 0.0, 7.24e-08
2018-08-05, 12:41:28, 0.0, 7.24e-08
2018-08-05, 12:41:31, 0.0, 7.15e-08
2018-08-05, 12:41:33, 0.0, 7.23e-08
2018-08-05, 12:41:35, 0.0, 7.2e-08
2018-08-05, 12:41:37, 0.0, 7.2e-08
2018-08-05, 12:41:39, 0.0, 7.21e-08
2018-08-05, 12:41:41, 0.0, 7.19e-08
2018-08-05, 12:41:43, 0.0, 7.18e-08
2018-08-05, 12:41:45, 0.0, 7.23e-08
2018-08-05, 12:41:48, 0.0, 7.2e-08
2018-08-05, 12:41:50, 0.0, 7.15e-08
2018-08-05, 12:41:52, 0.0, 7.14e-08
2018-08-05, 12:41:54, 0.0, 7.19e-08
2018-08-05, 12:41:56, 0.0, 7.16e-08
2018-08-05, 12:41:58, 0.0, 7.18e-08
2018-08-05, 12:42:00, 0.0, 7.21e-08
2018-08-05, 12:42:02, 0.0, 7.19e-08
2018-08-05, 12:42:05, 0.0, 7.21e-08
2018-08-05, 12:42:07, 0.0, 7.16e-08
2018-08-05, 12:42:09, 0.0, 7.24e-08
2018-08-05, 12:42:11, 0.0, 7.19e-08
2018-08-05, 12:42:13, 0.0, 7.21e-08
2018-08-05, 12:42:15, 0.0, 7.18e-08
2018-08-05, 12:42:17, 0.0, 7.21e-08
2018-08-05, 12:42:19, 0.0, 7.15e-08
2018-08-05, 12:42:22, 0.0, 7.19e-08
2018-08-05, 12:42:24, 0.0, 7.24e-08
2018-08-05, 12:42:26, 0.0, 7.21e-08
2018-08-05, 12:42:28, 0.0, 7.2e-08
2018-08-05, 12:42:30, 0.0, 7.28e-08
2018-08-05, 12:42:32, 0.0, 7.27e-08
2018-08-05, 12:42:34, 0.0, 7.26e-08
2018-08-05, 12:42:36, 0.0, 7.25e-08
2018-08-05, 12:42:39, 0.0, 7.18e-08
2018-08-05, 12:42:41, 0.0, 7.17e-08
2018-08-05, 12:42:43, 0.0, 7.19e-08
2018-08-05, 12:42:45, 0.0, 7.17e-08
2018-08-05, 12:42:47, 0.0, 7.21e-08
2018-08-05, 12:42:49, 0.0, 7.21e-08
2018-08-05, 12:42:51, 0.0, 7.17e-08
2018-08-05, 12:42:53, 0.0, 7.1e-08
2018-08-05, 12:42:56, 0.0, 7.18e-08
2018-08-05, 12:42:58, 0.0, 7.13e-08
2018-08-05, 12:43:00, 0.0, 7.1e-08
2018-08-05, 12:43:02, 0.0, 7.19e-08
2018-08-05, 12:43:04, 0.0, 7.11e-08
2018-08-05, 12:43:06, 0.0, 7.16e-08
2018-08-05, 12:43:08, 0.0, 7.19e-08
2018-08-05, 12:43:10, 0.0, 7.18e-08
2018-08-05, 12:43:13, 0.0, 7.21e-08
2018-08-05, 12:43:15, 0.0, 7.13e-08
2018-08-05, 12:43:17, 0.0, 7.23e-08
2018-08-05, 12:43:19, 0.0, 7.15e-08
2018-08-05, 12:43:21, 0.0, 7.14e-08
2018-08-05, 12:43:23, 0.0, 7.17e-08
2018-08-05, 12:43:25, 0.0, 7.16e-08
2018-08-05, 12:43:27, 0.0, 7.25e-08
2018-08-05, 12:43:30, 0.0, 7.22e-08
2018-08-05, 12:43:32, 0.0, 7.24e-08
2018-08-05, 12:43:34, 0.0, 7.25e-08
2018-08-05, 12:43:36, 0.0, 7.25e-08
2018-08-05, 12:43:38, 0.0, 7.16e-08
2018-08-05, 12:43:40, 0.0, 7.19e-08
2018-08-05, 12:43:42, 0.0, 7.17e-08
2018-08-05, 12:43:44, 0.0, 7.22e-08
2018-08-05, 12:43:47, 0.0, 7.14e-08
2018-08-05, 12:43:49, 0.0, 7.19e-08
2018-08-05, 12:43:51, 0.0, 7.21e-08
2018-08-05, 12:43:53, 0.0, 7.22e-08
2018-08-05, 12:43:55, 0.0, 7.22e-08
2018-08-05, 12:43:57, 0.0, 7.15e-08
2018-08-05, 12:43:59, 0.0, 7.17e-08
2018-08-05, 12:44:01, 0.0, 7.21e-08
2018-08-05, 12:44:04, 0.0, 7.23e-08
2018-08-05, 12:44:06, 0.0, 7.25e-08
2018-08-05, 12:44:08, 0.0, 7.18e-08
2018-08-05, 12:44:10, 0.0, 7.18e-08
2018-08-05, 12:44:12, 0.0, 7.2e-08
2018-08-05, 12:44:14, 0.0, 7.21e-08
2018-08-05, 12:44:16, 0.0, 7.17e-08
2018-08-05, 12:44:18, 0.0, 7.17e-08
2018-08-05, 12:44:21, 0.0, 7.19e-08
2018-08-05, 12:44:23, 0.0, 7.22e-08
2018-08-05, 12:44:25, 0.0, 7.2e-08
2018-08-05, 12:44:27, 0.0, 7.18e-08
2018-08-05, 12:44:29, 0.0, 7.2e-08
2018-08-05, 12:44:31, 0.0, 7.18e-08
2018-08-05, 12:44:33, 0.0, 7.19e-08
2018-08-05, 12:44:35, 0.0, 7.26e-08
2018-08-05, 12:44:38, 0.0, 7.19e-08
2018-08-05, 12:44:40, 0.0, 7.19e-08
2018-08-05, 12:44:42, 0.0, 7.22e-08
2018-08-05, 12:44:44, 0.0, 7.23e-08
2018-08-05, 12:44:46, 0.0, 7.25e-08
2018-08-05, 12:44:48, 0.0, 7.18e-08
2018-08-05, 12:44:50, 0.0, 7.2e-08
2018-08-05, 12:44:53, 0.0, 7.17e-08
2018-08-05, 12:44:55, 0.0, 7.21e-08
2018-08-05, 12:44:57, 0.0, 7.22e-08
2018-08-05, 12:44:59, 0.0, 7.22e-08
2018-08-05, 12:45:01, 0.0, 7.22e-08
2018-08-05, 12:45:03, 0.0, 7.23e-08
2018-08-05, 12:45:05, 0.0, 7.18e-08
2018-08-05, 12:45:07, 0.0, 7.17e-08
2018-08-05, 12:45:10, 0.0, 7.24e-08
2018-08-05, 12:45:12, 0.0, 7.23e-08
2018-08-05, 12:45:14, 0.0, 7.23e-08
2018-08-05, 12:45:16, 0.0, 7.17e-08
2018-08-05, 12:45:18, 0.0, 7.16e-08
2018-08-05, 12:45:20, 0.0, 7.23e-08
2018-08-05, 12:45:22, 0.0, 7.19e-08
2018-08-05, 12:45:24, 0.0, 7.16e-08
2018-08-05, 12:45:27, 0.0, 7.24e-08
2018-08-05, 12:45:29, 0.0, 7.18e-08
2018-08-05, 12:45:31, 0.0, 7.19e-08
2018-08-05, 12:45:33, 0.0, 7.19e-08
2018-08-05, 12:45:35, 0.0, 7.18e-08
2018-08-05, 12:45:37, 0.0, 7.15e-08
2018-08-05, 12:45:39, 0.0, 7.14e-08
2018-08-05, 12:45:41, 0.0, 7.14e-08
2018-08-05, 12:45:44, 0.0, 7.19e-08
2018-08-05, 12:45:46, 0.0, 7.17e-08
2018-08-05, 12:45:48, 0.0, 7.17e-08
2018-08-05, 12:45:50, 0.0, 7.18e-08
2018-08-05, 12:45:52, 0.0, 7.26e-08
2018-08-05, 12:45:54, 0.0, 7.26e-08
2018-08-05, 12:45:56, 0.0, 7.24e-08
2018-08-05, 12:45:58, 0.0, 7.19e-08
2018-08-05, 12:46:01, 0.0, 7.27e-08
2018-08-05, 12:46:03, 0.0, 7.21e-08
2018-08-05, 12:46:05, 0.0, 7.25e-08
2018-08-05, 12:46:07, 0.0, 7.27e-08
2018-08-05, 12:46:09, 0.0, 7.19e-08
2018-08-05, 12:46:11, 0.0, 7.21e-08
2018-08-05, 12:46:13, 0.0, 7.21e-08
2018-08-05, 12:46:15, 0.0, 7.16e-08
2018-08-05, 12:46:18, 0.0, 7.24e-08
2018-08-05, 12:46:20, 0.0, 7.18e-08
2018-08-05, 12:46:22, 0.0, 7.18e-08
2018-08-05, 12:46:24, 0.0, 7.27e-08
2018-08-05, 12:46:26, 0.0, 7.16e-08
2018-08-05, 12:46:28, 0.0, 7.19e-08
2018-08-05, 12:46:30, 0.0, 7.18e-08
2018-08-05, 12:46:32, 0.0, 7.21e-08
2018-08-05, 12:46:35, 0.0, 7.16e-08
2018-08-05, 12:46:37, 0.0, 7.21e-08
2018-08-05, 12:46:39, 0.0, 7.21e-08
2018-08-05, 12:46:41, 0.0, 7.2e-08
2018-08-05, 12:46:43, 0.0, 7.2e-08
2018-08-05, 12:46:45, 0.0, 7.22e-08
2018-08-05, 12:46:47, 0.0, 7.24e-08
2018-08-05, 12:46:49, 0.0, 7.18e-08
2018-08-05, 12:46:52, 0.0, 7.25e-08
2018-08-05, 12:46:54, 0.0, 7.25e-08
2018-08-05, 12:46:56, 0.0, 7.26e-08
2018-08-05, 12:46:58, 0.0, 7.21e-08
2018-08-05, 12:47:00, 0.0, 7.24e-08
2018-08-05, 12:47:02, 0.0, 7.19e-08
2018-08-05, 12:47:04, 0.0, 7.18e-08
2018-08-05, 12:47:06, 0.0, 7.18e-08
2018-08-05, 12:47:09, 0.0, 7.24e-08
2018-08-05, 12:47:11, 0.0, 7.18e-08
2018-08-05, 12:47:13, 0.0, 7.18e-08
2018-08-05, 12:47:15, 0.0, 7.19e-08
2018-08-05, 12:47:17, 0.0, 7.21e-08
2018-08-05, 12:47:19, 0.0, 7.19e-08
2018-08-05, 12:47:21, 0.0, 7.21e-08
2018-08-05, 12:47:23, 0.0, 7.17e-08
2018-08-05, 12:47:26, 0.0, 7.21e-08
2018-08-05, 12:47:28, 0.0, 7.2e-08
2018-08-05, 12:47:30, 0.0, 7.2e-08
2018-08-05, 12:47:32, 0.0, 7.18e-08
2018-08-05, 12:47:34, 0.0, 7.21e-08
2018-08-05, 12:47:36, 0.0, 7.26e-08
2018-08-05, 12:47:38, 0.0, 7.24e-08
2018-08-05, 12:47:40, 0.0, 7.18e-08
2018-08-05, 12:47:43, 0.0, 7.22e-08
2018-08-05, 12:47:45, 0.0, 7.25e-08
2018-08-05, 12:47:47, 0.0, 7.22e-08
2018-08-05, 12:47:49, 0.0, 7.28e-08
2018-08-05, 12:47:51, 0.0, 7.22e-08
2018-08-05, 12:47:53, 0.0, 7.23e-08
2018-08-05, 12:47:55, 0.0, 7.2e-08
2018-08-05, 12:47:57, 0.0, 7.21e-08
2018-08-05, 12:48:00, 0.0, 7.18e-08
2018-08-05, 12:48:02, 0.0, 7.16e-08
2018-08-05, 12:48:04, 0.0, 7.2e-08
2018-08-05, 12:48:06, 0.0, 7.18e-08
2018-08-05, 12:48:08, 0.0, 7.15e-08
2018-08-05, 12:48:10, 0.0, 7.19e-08
2018-08-05, 12:48:12, 0.0, 7.11e-08
2018-08-05, 12:48:14, 0.0, 7.21e-08
2018-08-05, 12:48:17, 0.0, 7.21e-08
2018-08-05, 12:48:19, 0.0, 7.21e-08
2018-08-05, 12:48:21, 0.0, 7.24e-08
2018-08-05, 12:48:23, 0.0, 7.27e-08
2018-08-05, 12:48:25, 0.0, 7.23e-08
2018-08-05, 12:48:27, 0.0, 7.21e-08
2018-08-05, 12:48:29, 0.0, 7.23e-08
2018-08-05, 12:48:31, 0.0, 7.26e-08
2018-08-05, 12:48:34, 0.0, 7.2e-08
2018-08-05, 12:48:36, 0.0, 7.26e-08
2018-08-05, 12:48:38, 0.0, 7.22e-08
2018-08-05, 12:48:40, 0.0, 7.23e-08
2018-08-05, 12:48:42, 0.0, 7.18e-08
2018-08-05, 12:48:44, 0.0, 7.22e-08
2018-08-05, 12:48:46, 0.0, 7.26e-08
2018-08-05, 12:48:48, 0.0, 7.2e-08
2018-08-05, 12:48:51, 0.0, 7.21e-08
2018-08-05, 12:48:53, 0.0, 7.15e-08
2018-08-05, 12:48:55, 0.0, 7.21e-08
2018-08-05, 12:48:57, 0.0, 7.22e-08
2018-08-05, 12:48:59, 0.0, 7.21e-08
2018-08-05, 12:49:01, 0.0, 7.2e-08
2018-08-05, 12:49:03, 0.0, 7.2e-08
2018-08-05, 12:49:06, 0.0, 7.28e-08
2018-08-05, 12:49:08, 0.0, 7.22e-08
2018-08-05, 12:49:10, 0.0, 7.22e-08
2018-08-05, 12:49:12, 0.0, 7.19e-08
2018-08-05, 12:49:14, 0.0, 7.2e-08
2018-08-05, 12:49:16, 0.0, 7.23e-08
2018-08-05, 12:49:18, 0.0, 7.16e-08
2018-08-05, 12:49:20, 0.0, 7.18e-08
2018-08-05, 12:49:23, 0.0, 7.2e-08
2018-08-05, 12:49:25, 0.0, 7.2e-08
2018-08-05, 12:49:27, 0.0, 7.2e-08
2018-08-05, 12:49:29, 0.0, 7.12e-08
2018-08-05, 12:49:31, 0.0, 7.21e-08
2018-08-05, 12:49:33, 0.0, 7.23e-08
2018-08-05, 12:49:35, 0.0, 7.18e-08
2018-08-05, 12:49:37, 0.0, 7.23e-08
2018-08-05, 12:49:40, 0.0, 7.28e-08
2018-08-05, 12:49:42, 0.0, 7.2e-08
2018-08-05, 12:49:44, 0.0, 7.25e-08
2018-08-05, 12:49:46, 0.0, 7.25e-08
2018-08-05, 12:49:48, 0.0, 7.25e-08
2018-08-05, 12:49:50, 0.0, 7.2e-08
2018-08-05, 12:49:52, 0.0, 7.26e-08
2018-08-05, 12:49:54, 0.0, 7.22e-08
2018-08-05, 12:49:57, 0.0, 7.26e-08
2018-08-05, 12:49:59, 0.0, 7.17e-08
2018-08-05, 12:50:01, 0.0, 7.28e-08
2018-08-05, 12:50:03, 0.0, 7.24e-08
2018-08-05, 12:50:05, 0.0, 7.24e-08
2018-08-05, 12:50:07, 0.0, 7.17e-08
2018-08-05, 12:50:09, 0.0, 7.17e-08
2018-08-05, 12:50:11, 0.0, 7.13e-08
2018-08-05, 12:50:14, 0.0, 7.21e-08
2018-08-05, 12:50:16, 0.0, 7.13e-08
2018-08-05, 12:50:18, 0.0, 7.22e-08
2018-08-05, 12:50:20, 0.0, 7.23e-08
2018-08-05, 12:50:22, 0.0, 7.22e-08
2018-08-05, 12:50:24, 0.0, 7.26e-08
2018-08-05, 12:50:26, 0.0, 7.18e-08
2018-08-05, 12:50:28, 0.0, 7.21e-08
2018-08-05, 12:50:31, 0.0, 7.23e-08
2018-08-05, 12:50:33, 0.0, 7.24e-08
2018-08-05, 12:50:35, 0.0, 7.24e-08
2018-08-05, 12:50:37, 0.0, 7.22e-08
2018-08-05, 12:50:39, 0.0, 7.27e-08
2018-08-05, 12:50:41, 0.0, 7.25e-08
2018-08-05, 12:50:43, 0.0, 7.27e-08
2018-08-05, 12:50:45, 0.0, 7.25e-08
2018-08-05, 12:50:48, 0.0, 7.25e-08
2018-08-05, 12:50:50, 0.0, 7.18e-08
2018-08-05, 12:50:52, 0.0, 7.25e-08
2018-08-05, 12:50:54, 0.0, 7.24e-08
2018-08-05, 12:50:56, 0.0, 7.27e-08
2018-08-05, 12:50:58, 0.0, 7.23e-08
2018-08-05, 12:51:00, 0.0, 7.25e-08
2018-08-05, 12:51:02, 0.0, 7.21e-08
2018-08-05, 12:51:05, 0.0, 7.18e-08
2018-08-05, 12:51:07, 0.0, 7.21e-08
2018-08-05, 12:51:09, 0.0, 7.22e-08
2018-08-05, 12:51:11, 0.0, 7.23e-08
2018-08-05, 12:51:13, 0.0, 7.2e-08
2018-08-05, 12:51:15, 0.0, 7.22e-08
2018-08-05, 12:51:17, 0.0, 7.24e-08
2018-08-05, 12:51:19, 0.0, 7.21e-08
2018-08-05, 12:51:22, 0.0, 7.17e-08
2018-08-05, 12:51:24, 0.0, 7.16e-08
2018-08-05, 12:51:26, 0.0, 7.22e-08
2018-08-05, 12:51:28, 0.0, 7.18e-08
2018-08-05, 12:51:30, 0.0, 7.2e-08
2018-08-05, 12:51:32, 0.0, 7.2e-08
2018-08-05, 12:51:34, 0.0, 7.28e-08
2018-08-05, 12:51:36, 0.0, 7.18e-08
2018-08-05, 12:51:39, 0.0, 7.29e-08
2018-08-05, 12:51:41, 0.0, 7.22e-08
2018-08-05, 12:51:43, 0.0, 7.19e-08
2018-08-05, 12:51:45, 0.0, 7.21e-08
2018-08-05, 12:51:47, 0.0, 7.22e-08
2018-08-05, 12:51:49, 0.0, 7.24e-08
2018-08-05, 12:51:51, 0.0, 7.25e-08
2018-08-05, 12:51:53, 0.0, 7.21e-08
2018-08-05, 12:51:56, 0.0, 7.2e-08
2018-08-05, 12:51:58, 0.0, 7.22e-08
2018-08-05, 12:52:00, 0.0, 7.2e-08
2018-08-05, 12:52:02, 0.0, 7.23e-08
2018-08-05, 12:52:04, 0.0, 7.26e-08
2018-08-05, 12:52:06, 0.0, 7.19e-08
2018-08-05, 12:52:08, 0.0, 7.22e-08
2018-08-05, 12:52:11, 0.0, 7.16e-08
2018-08-05, 12:52:13, 0.0, 7.22e-08
2018-08-05, 12:52:15, 0.0, 7.24e-08
2018-08-05, 12:52:17, 0.0, 7.2e-08
2018-08-05, 12:52:19, 0.0, 7.19e-08
2018-08-05, 12:52:21, 0.0, 7.22e-08
2018-08-05, 12:52:23, 0.0, 7.19e-08
2018-08-05, 12:52:25, 0.0, 7.23e-08
2018-08-05, 12:52:27, 0.0, 7.19e-08
2018-08-05, 12:52:30, 0.0, 7.2e-08
2018-08-05, 12:52:32, 0.0, 7.24e-08
2018-08-05, 12:52:34, 0.0, 7.22e-08
2018-08-05, 12:52:36, 0.0, 7.2e-08
2018-08-05, 12:52:38, 0.0, 7.23e-08
2018-08-05, 12:52:40, 0.0, 7.2e-08
2018-08-05, 12:52:43, 0.0, 7.23e-08
2018-08-05, 12:52:45, 0.0, 7.2e-08
2018-08-05, 12:52:47, 0.0, 7.32e-08
2018-08-05, 12:52:49, 0.0, 7.2e-08
2018-08-05, 12:52:51, 0.0, 7.21e-08
2018-08-05, 12:52:53, 0.0, 7.24e-08
2018-08-05, 12:52:55, 0.0, 7.31e-08
2018-08-05, 12:52:57, 0.0, 7.25e-08
2018-08-05, 12:53:00, 0.0, 7.21e-08
2018-08-05, 12:53:02, 0.0, 7.27e-08
2018-08-05, 12:53:04, 0.0, 7.14e-08
2018-08-05, 12:53:06, 0.0, 7.19e-08
2018-08-05, 12:53:08, 0.0, 7.16e-08
2018-08-05, 12:53:10, 0.0, 7.2e-08
2018-08-05, 12:53:12, 0.0, 7.22e-08
2018-08-05, 12:53:14, 0.0, 7.2e-08
2018-08-05, 12:53:17, 0.0, 7.21e-08
2018-08-05, 12:53:19, 0.0, 7.26e-08
2018-08-05, 12:53:21, 0.0, 7.18e-08
2018-08-05, 12:53:23, 0.0, 7.22e-08
2018-08-05, 12:53:25, 0.0, 7.17e-08
2018-08-05, 12:53:27, 0.0, 7.24e-08
2018-08-05, 12:53:29, 0.0, 7.25e-08
2018-08-05, 12:53:31, 0.0, 7.23e-08
2018-08-05, 12:53:34, 0.0, 7.23e-08
2018-08-05, 12:53:36, 0.0, 7.25e-08
2018-08-05, 12:53:38, 0.0, 7.24e-08
2018-08-05, 12:53:40, 0.0, 7.23e-08
2018-08-05, 12:53:42, 0.0, 7.2e-08
2018-08-05, 12:53:44, 0.0, 7.21e-08
2018-08-05, 12:53:46, 0.0, 7.26e-08
2018-08-05, 12:53:48, 0.0, 7.24e-08
2018-08-05, 12:53:51, 0.0, 7.22e-08
2018-08-05, 12:53:53, 0.0, 7.25e-08
2018-08-05, 12:53:55, 0.0, 7.19e-08
2018-08-05, 12:53:57, 0.0, 7.18e-08
2018-08-05, 12:53:59, 0.0, 7.23e-08
2018-08-05, 12:54:01, 0.0, 7.26e-08
2018-08-05, 12:54:03, 0.0, 7.21e-08
2018-08-05, 12:54:06, 0.0, 7.27e-08
2018-08-05, 12:54:08, 0.0, 7.22e-08
2018-08-05, 12:54:10, 0.0, 7.23e-08
2018-08-05, 12:54:12, 0.0, 7.24e-08
2018-08-05, 12:54:14, 0.0, 7.19e-08
2018-08-05, 12:54:16, 0.0, 7.2e-08
2018-08-05, 12:54:18, 0.0, 7.23e-08
2018-08-05, 12:54:20, 0.0, 7.18e-08
2018-08-05, 12:54:23, 0.0, 7.24e-08
2018-08-05, 12:54:25, 0.0, 7.17e-08
2018-08-05, 12:54:27, 0.0, 7.17e-08
2018-08-05, 12:54:29, 0.0, 7.19e-08
2018-08-05, 12:54:31, 0.0, 7.26e-08
2018-08-05, 12:54:33, 0.0, 7.23e-08
2018-08-05, 12:54:35, 0.0, 7.25e-08
2018-08-05, 12:54:37, 0.0, 7.21e-08
2018-08-05, 12:54:40, 0.0, 7.28e-08
2018-08-05, 12:54:42, 0.0, 7.21e-08
2018-08-05, 12:54:44, 0.0, 7.26e-08
2018-08-05, 12:54:46, 0.0, 7.21e-08
2018-08-05, 12:54:48, 0.0, 7.19e-08
2018-08-05, 12:54:50, 0.0, 7.26e-08
2018-08-05, 12:54:52, 0.0, 7.22e-08
2018-08-05, 12:54:54, 0.0, 7.21e-08
2018-08-05, 12:54:57, 0.0, 7.2e-08
2018-08-05, 12:54:59, 0.0, 7.15e-08
2018-08-05, 12:55:01, 0.0, 7.16e-08
2018-08-05, 12:55:03, 0.0, 7.2e-08
2018-08-05, 12:55:05, 0.0, 7.23e-08
2018-08-05, 12:55:07, 0.0, 7.21e-08
2018-08-05, 12:55:09, 0.0, 7.23e-08
2018-08-05, 12:55:11, 0.0, 7.24e-08
2018-08-05, 12:55:14, 0.0, 7.21e-08
2018-08-05, 12:55:16, 0.0, 7.24e-08
2018-08-05, 12:55:18, 0.0, 7.19e-08
2018-08-05, 12:55:20, 0.0, 7.18e-08
2018-08-05, 12:55:22, 0.0, 7.23e-08
2018-08-05, 12:55:24, 0.0, 7.21e-08
2018-08-05, 12:55:26, 0.0, 7.2e-08
2018-08-05, 12:55:28, 0.0, 7.22e-08
2018-08-05, 12:55:31, 0.0, 7.21e-08
2018-08-05, 12:55:33, 0.0, 7.18e-08
2018-08-05, 12:55:35, 0.0, 7.13e-08
2018-08-05, 12:55:37, 0.0, 7.24e-08
2018-08-05, 12:55:39, 0.0, 7.18e-08
2018-08-05, 12:55:41, 0.0, 7.23e-08
2018-08-05, 12:55:43, 0.0, 7.17e-08
2018-08-05, 12:55:45, 0.0, 7.15e-08
2018-08-05, 12:55:48, 0.0, 7.23e-08
2018-08-05, 12:55:50, 0.0, 7.23e-08
2018-08-05, 12:55:52, 0.0, 7.2e-08
2018-08-05, 12:55:54, 0.0, 7.17e-08
2018-08-05, 12:55:56, 0.0, 7.2e-08
2018-08-05, 12:55:58, 0.0, 7.17e-08
2018-08-05, 12:56:00, 0.0, 7.22e-08
2018-08-05, 12:56:02, 0.0, 7.24e-08
2018-08-05, 12:56:05, 0.0, 7.21e-08
2018-08-05, 12:56:07, 0.0, 7.19e-08
2018-08-05, 12:56:09, 0.0, 7.23e-08
2018-08-05, 12:56:11, 0.0, 7.21e-08
2018-08-05, 12:56:13, 0.0, 7.21e-08
2018-08-05, 12:56:15, 0.0, 7.19e-08
2018-08-05, 12:56:17, 0.0, 7.18e-08
2018-08-05, 12:56:19, 0.0, 7.25e-08
2018-08-05, 12:56:22, 0.0, 7.23e-08
2018-08-05, 12:56:24, 0.0, 7.21e-08
2018-08-05, 12:56:26, 0.0, 7.24e-08
2018-08-05, 12:56:28, 0.0, 7.28e-08
2018-08-05, 12:56:30, 0.0, 7.18e-08
2018-08-05, 12:56:32, 0.0, 7.26e-08
2018-08-05, 12:56:34, 0.0, 7.22e-08
2018-08-05, 12:56:36, 0.0, 7.27e-08
2018-08-05, 12:56:39, 0.0, 7.23e-08
2018-08-05, 12:56:41, 0.0, 7.25e-08
2018-08-05, 12:56:43, 0.0, 7.22e-08
2018-08-05, 12:56:45, 0.0, 7.2e-08
2018-08-05, 12:56:47, 0.0, 7.16e-08
2018-08-05, 12:56:49, 0.0, 7.23e-08
2018-08-05, 12:56:51, 0.0, 7.21e-08
2018-08-05, 12:56:54, 0.0, 7.27e-08
2018-08-05, 12:56:56, 0.0, 7.23e-08
2018-08-05, 12:56:58, 0.0, 7.31e-08
2018-08-05, 12:57:00, 0.0, 7.23e-08
2018-08-05, 12:57:02, 0.0, 7.22e-08
2018-08-05, 12:57:04, 0.0, 7.25e-08
2018-08-05, 12:57:06, 0.0, 7.25e-08
2018-08-05, 12:57:08, 0.0, 7.24e-08
2018-08-05, 12:57:11, 0.0, 7.25e-08
2018-08-05, 12:57:13, 0.0, 7.27e-08
2018-08-05, 12:57:15, 0.0, 7.25e-08
2018-08-05, 12:57:17, 0.0, 7.27e-08
2018-08-05, 12:57:19, 0.0, 7.26e-08
2018-08-05, 12:57:21, 0.0, 7.28e-08
2018-08-05, 12:57:23, 0.0, 7.31e-08
2018-08-05, 12:57:25, 0.0, 7.33e-08
2018-08-05, 12:57:28, 0.0, 7.21e-08
2018-08-05, 12:57:30, 0.0, 7.28e-08
2018-08-05, 12:57:32, 0.0, 7.27e-08
2018-08-05, 12:57:34, 0.0, 7.21e-08
2018-08-05, 12:57:36, 0.0, 7.25e-08
2018-08-05, 12:57:38, 0.0, 7.28e-08
2018-08-05, 12:57:40, 0.0, 7.24e-08
2018-08-05, 12:57:43, 0.0, 7.23e-08
2018-08-05, 12:57:45, 0.0, 7.21e-08
2018-08-05, 12:57:47, 0.0, 7.23e-08
2018-08-05, 12:57:49, 0.0, 7.25e-08
2018-08-05, 12:57:51, 0.0, 7.2e-08
2018-08-05, 12:57:53, 0.0, 7.2e-08
2018-08-05, 12:57:55, 0.0, 7.15e-08
2018-08-05, 12:57:57, 0.0, 7.29e-08
2018-08-05, 12:58:00, 0.0, 7.2e-08
2018-08-05, 12:58:02, 0.0, 7.22e-08
2018-08-05, 12:58:04, 0.0, 7.2e-08
2018-08-05, 12:58:06, 0.0, 7.19e-08
2018-08-05, 12:58:08, 0.0, 7.32e-08
2018-08-05, 12:58:10, 0.0, 7.28e-08
2018-08-05, 12:58:12, 0.0, 7.26e-08
2018-08-05, 12:58:14, 0.0, 7.27e-08
2018-08-05, 12:58:17, 0.0, 7.29e-08
2018-08-05, 12:58:19, 0.0, 7.27e-08
2018-08-05, 12:58:21, 0.0, 7.29e-08
2018-08-05, 12:58:23, 0.0, 7.19e-08
2018-08-05, 12:58:25, 0.0, 7.25e-08
2018-08-05, 12:58:27, 0.0, 7.25e-08
2018-08-05, 12:58:29, 0.0, 7.3e-08
2018-08-05, 12:58:31, 0.0, 7.26e-08
2018-08-05, 12:58:34, 0.0, 7.22e-08
2018-08-05, 12:58:36, 0.0, 7.27e-08
2018-08-05, 12:58:38, 0.0, 7.27e-08
2018-08-05, 12:58:40, 0.0, 7.25e-08
2018-08-05, 12:58:42, 0.0, 7.25e-08
2018-08-05, 12:58:44, 0.0, 7.23e-08
2018-08-05, 12:58:46, 0.0, 7.26e-08
2018-08-05, 12:58:48, 0.0, 7.3e-08
2018-08-05, 12:58:51, 0.0, 7.24e-08
2018-08-05, 12:58:53, 0.0, 7.27e-08
2018-08-05, 12:58:55, 0.0, 7.27e-08
2018-08-05, 12:58:57, 0.0, 7.19e-08
2018-08-05, 12:58:59, 0.0, 7.24e-08
2018-08-05, 12:59:01, 0.0, 7.2e-08
2018-08-05, 12:59:03, 0.0, 7.26e-08
2018-08-05, 12:59:05, 0.0, 7.22e-08
2018-08-05, 12:59:08, 0.0, 7.24e-08
2018-08-05, 12:59:10, 0.0, 7.22e-08
2018-08-05, 12:59:12, 0.0, 7.22e-08
2018-08-05, 12:59:14, 0.0, 7.28e-08
2018-08-05, 12:59:16, 0.0, 7.27e-08
2018-08-05, 12:59:18, 0.0, 7.28e-08
2018-08-05, 12:59:20, 0.0, 7.28e-08
2018-08-05, 12:59:22, 0.0, 7.26e-08
2018-08-05, 12:59:25, 0.0, 7.27e-08
2018-08-05, 12:59:27, 0.0, 7.3e-08
2018-08-05, 12:59:29, 0.0, 7.27e-08
2018-08-05, 12:59:31, 0.0, 7.28e-08
2018-08-05, 12:59:33, 0.0, 7.3e-08
2018-08-05, 12:59:35, 0.0, 7.24e-08
2018-08-05, 12:59:37, 0.0, 7.3e-08
2018-08-05, 12:59:39, 0.0, 7.29e-08
2018-08-05, 12:59:42, 0.0, 7.28e-08
2018-08-05, 12:59:44, 0.0, 7.28e-08
2018-08-05, 12:59:46, 0.0, 7.26e-08
2018-08-05, 12:59:48, 0.0, 7.28e-08
2018-08-05, 12:59:50, 0.0, 7.26e-08
2018-08-05, 12:59:52, 0.0, 7.26e-08
2018-08-05, 12:59:54, 0.0, 7.26e-08
2018-08-05, 12:59:56, 0.0, 7.24e-08
2018-08-05, 12:59:59, 0.0, 7.3e-08
2018-08-05, 13:00:01, 0.0, 7.25e-08
2018-08-05, 13:00:03, 0.0, 7.29e-08
2018-08-05, 13:00:05, 0.0, 7.28e-08
2018-08-05, 13:00:07, 0.0, 7.24e-08
2018-08-05, 13:00:09, 0.0, 7.19e-08
2018-08-05, 13:00:11, 0.0, 7.23e-08
2018-08-05, 13:00:14, 0.0, 7.24e-08
2018-08-05, 13:00:16, 0.0, 7.21e-08
2018-08-05, 13:00:18, 0.0, 7.22e-08
2018-08-05, 13:00:20, 0.0, 7.23e-08
2018-08-05, 13:00:22, 0.0, 7.23e-08
2018-08-05, 13:00:24, 0.0, 7.18e-08
2018-08-05, 13:00:26, 0.0, 7.25e-08
2018-08-05, 13:00:28, 0.0, 7.23e-08
2018-08-05, 13:00:31, 0.0, 7.26e-08
2018-08-05, 13:00:33, 0.0, 7.28e-08
2018-08-05, 13:00:35, 0.0, 7.23e-08
2018-08-05, 13:00:37, 0.0, 7.26e-08
2018-08-05, 13:00:39, 0.0, 7.28e-08
2018-08-05, 13:00:41, 0.0, 7.28e-08
2018-08-05, 13:00:43, 0.0, 7.25e-08
2018-08-05, 13:00:45, 0.0, 7.28e-08
2018-08-05, 13:00:48, 0.0, 7.26e-08
2018-08-05, 13:00:50, 0.0, 7.28e-08
2018-08-05, 13:00:52, 0.0, 7.25e-08
2018-08-05, 13:00:54, 0.0, 7.2e-08
2018-08-05, 13:00:56, 0.0, 7.23e-08
2018-08-05, 13:00:58, 0.0, 7.26e-08
2018-08-05, 13:01:00, 0.0, 7.24e-08
2018-08-05, 13:01:02, 0.0, 7.22e-08
2018-08-05, 13:01:05, 0.0, 7.23e-08
2018-08-05, 13:01:07, 0.0, 7.3e-08
2018-08-05, 13:01:09, 0.0, 7.25e-08
2018-08-05, 13:01:11, 0.0, 7.35e-08
2018-08-05, 13:01:13, 0.0, 7.32e-08
2018-08-05, 13:01:15, 0.0, 7.31e-08
2018-08-05, 13:01:17, 0.0, 7.24e-08
2018-08-05, 13:01:19, 0.0, 7.28e-08
2018-08-05, 13:01:22, 0.0, 7.25e-08
2018-08-05, 13:01:24, 0.0, 7.26e-08
2018-08-05, 13:01:26, 0.0, 7.25e-08
2018-08-05, 13:01:28, 0.0, 7.27e-08
2018-08-05, 13:01:30, 0.0, 7.24e-08
2018-08-05, 13:01:32, 0.0, 7.29e-08
2018-08-05, 13:01:34, 0.0, 7.32e-08
2018-08-05, 13:01:36, 0.0, 7.22e-08
2018-08-05, 13:01:39, 0.0, 7.27e-08
2018-08-05, 13:01:41, 0.0, 7.3e-08
2018-08-05, 13:01:43, 0.0, 7.26e-08
2018-08-05, 13:01:45, 0.0, 7.35e-08
2018-08-05, 13:01:47, 0.0, 7.29e-08
2018-08-05, 13:01:49, 0.0, 7.21e-08
2018-08-05, 13:01:51, 0.0, 7.27e-08
2018-08-05, 13:01:53, 0.0, 7.37e-08
2018-08-05, 13:01:55, 0.0, 7.27e-08
2018-08-05, 13:01:58, 0.0, 7.25e-08
2018-08-05, 13:02:00, 0.0, 7.26e-08
2018-08-05, 13:02:02, 0.0, 7.32e-08
2018-08-05, 13:02:04, 0.0, 7.28e-08
2018-08-05, 13:02:06, 0.0, 7.28e-08
2018-08-05, 13:02:08, 0.0, 7.31e-08
2018-08-05, 13:02:10, 0.0, 7.28e-08
2018-08-05, 13:02:12, 0.0, 7.24e-08
2018-08-05, 13:02:15, 0.0, 7.26e-08
2018-08-05, 13:02:17, 0.0, 7.26e-08
2018-08-05, 13:02:19, 0.0, 7.24e-08
2018-08-05, 13:02:21, 0.0, 7.33e-08
2018-08-05, 13:02:23, 0.0, 7.28e-08
2018-08-05, 13:02:25, 0.0, 7.31e-08
2018-08-05, 13:02:27, 0.0, 7.27e-08
2018-08-05, 13:02:29, 0.0, 7.26e-08
2018-08-05, 13:02:32, 0.0, 7.29e-08
2018-08-05, 13:02:34, 0.0, 7.27e-08
2018-08-05, 13:02:36, 0.0, 7.2e-08
2018-08-05, 13:02:38, 0.0, 7.23e-08
2018-08-05, 13:02:40, 0.0, 7.23e-08
2018-08-05, 13:02:42, 0.0, 7.2e-08
2018-08-05, 13:02:44, 0.0, 7.21e-08
2018-08-05, 13:02:46, 0.0, 7.26e-08
2018-08-05, 13:02:49, 0.0, 7.29e-08
2018-08-05, 13:02:51, 0.0, 7.27e-08
2018-08-05, 13:02:53, 0.0, 7.26e-08
2018-08-05, 13:02:55, 0.0, 7.23e-08
2018-08-05, 13:02:57, 0.0, 7.25e-08
2018-08-05, 13:02:59, 0.0, 7.23e-08
2018-08-05, 13:03:01, 0.0, 7.29e-08
2018-08-05, 13:03:03, 0.0, 7.27e-08
2018-08-05, 13:03:06, 0.0, 7.23e-08
2018-08-05, 13:03:08, 0.0, 7.25e-08
2018-08-05, 13:03:10, 0.0, 7.25e-08
2018-08-05, 13:03:12, 0.0, 7.27e-08
2018-08-05, 13:03:14, 0.0, 7.21e-08
2018-08-05, 13:03:16, 0.0, 7.22e-08
2018-08-05, 13:03:18, 0.0, 7.24e-08
2018-08-05, 13:03:21, 0.0, 7.3e-08
2018-08-05, 13:03:23, 0.0, 7.21e-08
2018-08-05, 13:03:25, 0.0, 7.22e-08
2018-08-05, 13:03:27, 0.0, 7.21e-08
2018-08-05, 13:03:29, 0.0, 7.19e-08
2018-08-05, 13:03:31, 0.0, 7.23e-08
2018-08-05, 13:03:33, 0.0, 7.25e-08
2018-08-05, 13:03:35, 0.0, 7.24e-08
2018-08-05, 13:03:38, 0.0, 7.24e-08
2018-08-05, 13:03:40, 0.0, 7.21e-08
2018-08-05, 13:03:42, 0.0, 7.22e-08
2018-08-05, 13:03:44, 0.0, 7.26e-08
2018-08-05, 13:03:46, 0.0, 7.22e-08
2018-08-05, 13:03:48, 0.0, 7.25e-08
2018-08-05, 13:03:50, 0.0, 7.21e-08
2018-08-05, 13:03:52, 0.0, 7.28e-08
2018-08-05, 13:03:55, 0.0, 7.18e-08
2018-08-05, 13:03:57, 0.0, 7.21e-08
2018-08-05, 13:03:59, 0.0, 7.31e-08
2018-08-05, 13:04:01, 0.0, 7.27e-08
2018-08-05, 13:04:03, 0.0, 7.3e-08
2018-08-05, 13:04:05, 0.0, 7.26e-08
2018-08-05, 13:04:07, 0.0, 7.24e-08
2018-08-05, 13:04:09, 0.0, 7.27e-08
2018-08-05, 13:04:12, 0.0, 7.22e-08
2018-08-05, 13:04:14, 0.0, 7.18e-08
2018-08-05, 13:04:16, 0.0, 7.23e-08
2018-08-05, 13:04:18, 0.0, 7.22e-08
2018-08-05, 13:04:20, 0.0, 7.19e-08
2018-08-05, 13:04:22, 0.0, 7.26e-08
2018-08-05, 13:04:24, 0.0, 7.18e-08
2018-08-05, 13:04:26, 0.0, 7.29e-08
2018-08-05, 13:04:29, 0.0, 7.24e-08
2018-08-05, 13:04:31, 0.0, 7.22e-08
2018-08-05, 13:04:33, 0.0, 7.23e-08
2018-08-05, 13:04:35, 0.0, 7.28e-08
2018-08-05, 13:04:37, 0.0, 7.35e-08
2018-08-05, 13:04:39, 0.0, 7.23e-08
2018-08-05, 13:04:41, 0.0, 7.24e-08
2018-08-05, 13:04:44, 0.0, 7.22e-08
2018-08-05, 13:04:46, 0.0, 7.2e-08
2018-08-05, 13:04:48, 0.0, 7.23e-08
2018-08-05, 13:04:50, 0.0, 7.27e-08
2018-08-05, 13:04:52, 0.0, 7.26e-08
2018-08-05, 13:04:54, 0.0, 7.18e-08
2018-08-05, 13:04:56, 0.0, 7.24e-08
2018-08-05, 13:04:58, 0.0, 7.26e-08
2018-08-05, 13:05:01, 0.0, 7.14e-08
2018-08-05, 13:05:03, 0.0, 7.2e-08
2018-08-05, 13:05:05, 0.0, 7.2e-08
2018-08-05, 13:05:07, 0.0, 7.2e-08
2018-08-05, 13:05:09, 0.0, 7.24e-08
2018-08-05, 13:05:11, 0.0, 7.2e-08
2018-08-05, 13:05:13, 0.0, 7.16e-08
2018-08-05, 13:05:15, 0.0, 7.24e-08
2018-08-05, 13:05:18, 0.0, 7.24e-08
2018-08-05, 13:05:20, 0.0, 7.25e-08
2018-08-05, 13:05:22, 0.0, 7.22e-08
2018-08-05, 13:05:24, 0.0, 7.26e-08
2018-08-05, 13:05:26, 0.0, 7.17e-08
2018-08-05, 13:05:28, 0.0, 7.2e-08
2018-08-05, 13:05:30, 0.0, 7.25e-08
2018-08-05, 13:05:32, 0.0, 7.29e-08
2018-08-05, 13:05:35, 0.0, 7.2e-08
2018-08-05, 13:05:37, 0.0, 7.21e-08
2018-08-05, 13:05:39, 0.0, 7.25e-08
2018-08-05, 13:05:41, 0.0, 7.25e-08
2018-08-05, 13:05:43, 0.0, 7.22e-08
2018-08-05, 13:05:45, 0.0, 7.24e-08
2018-08-05, 13:05:47, 0.0, 7.22e-08
2018-08-05, 13:05:49, 0.0, 7.27e-08
2018-08-05, 13:05:52, 0.0, 7.21e-08
2018-08-05, 13:05:54, 0.0, 7.24e-08
2018-08-05, 13:05:56, 0.0, 7.22e-08
2018-08-05, 13:05:58, 0.0, 7.23e-08
2018-08-05, 13:06:00, 0.0, 7.17e-08
2018-08-05, 13:06:02, 0.0, 7.15e-08
2018-08-05, 13:06:04, 0.0, 7.21e-08
2018-08-05, 13:06:06, 0.0, 7.19e-08
2018-08-05, 13:06:09, 0.0, 7.22e-08
2018-08-05, 13:06:11, 0.0, 7.26e-08
2018-08-05, 13:06:13, 0.0, 7.22e-08
2018-08-05, 13:06:15, 0.0, 7.26e-08
2018-08-05, 13:06:17, 0.0, 7.23e-08
2018-08-05, 13:06:19, 0.0, 7.19e-08
2018-08-05, 13:06:21, 0.0, 7.27e-08
2018-08-05, 13:06:23, 0.0, 7.29e-08
2018-08-05, 13:06:26, 0.0, 7.19e-08
2018-08-05, 13:06:28, 0.0, 7.23e-08
2018-08-05, 13:06:30, 0.0, 7.2e-08
2018-08-05, 13:06:32, 0.0, 7.18e-08
2018-08-05, 13:06:34, 0.0, 7.21e-08
2018-08-05, 13:06:36, 0.0, 7.23e-08
2018-08-05, 13:06:38, 0.0, 7.23e-08
2018-08-05, 13:06:40, 0.0, 7.17e-08
2018-08-05, 13:06:43, 0.0, 7.27e-08
2018-08-05, 13:06:45, 0.0, 7.26e-08
2018-08-05, 13:06:47, 0.0, 7.28e-08
2018-08-05, 13:06:49, 0.0, 7.21e-08
2018-08-05, 13:06:51, 0.0, 7.26e-08
2018-08-05, 13:06:53, 0.0, 7.26e-08
2018-08-05, 13:06:55, 0.0, 7.23e-08
2018-08-05, 13:06:57, 0.0, 7.18e-08
2018-08-05, 13:07:00, 0.0, 7.23e-08
2018-08-05, 13:07:02, 0.0, 7.15e-08
2018-08-05, 13:07:04, 0.0, 7.21e-08
2018-08-05, 13:07:06, 0.0, 7.24e-08
2018-08-05, 13:07:08, 0.0, 7.27e-08
2018-08-05, 13:07:10, 0.0, 7.23e-08
2018-08-05, 13:07:12, 0.0, 7.22e-08
2018-08-05, 13:07:14, 0.0, 7.27e-08
2018-08-05, 13:07:17, 0.0, 7.24e-08
2018-08-05, 13:07:19, 0.0, 7.25e-08
2018-08-05, 13:07:21, 0.0, 7.28e-08
2018-08-05, 13:07:23, 0.0, 7.3e-08
2018-08-05, 13:07:25, 0.0, 7.25e-08
2018-08-05, 13:07:27, 0.0, 7.26e-08
2018-08-05, 13:07:29, 0.0, 7.19e-08
2018-08-05, 13:07:32, 0.0, 7.18e-08
2018-08-05, 13:07:34, 0.0, 7.14e-08
2018-08-05, 13:07:36, 0.0, 7.12e-08
2018-08-05, 13:07:38, 0.0, 7.18e-08
2018-08-05, 13:07:40, 0.0, 7.14e-08
2018-08-05, 13:07:42, 0.0, 7.17e-08
2018-08-05, 13:07:44, 0.0, 7.2e-08
2018-08-05, 13:07:46, 0.0, 7.26e-08
2018-08-05, 13:07:48, 0.0, 7.2e-08
2018-08-05, 13:07:51, 0.0, 7.21e-08
2018-08-05, 13:07:53, 0.0, 7.26e-08
2018-08-05, 13:07:55, 0.0, 7.24e-08
2018-08-05, 13:07:57, 0.0, 7.28e-08
2018-08-05, 13:07:59, 0.0, 7.25e-08
2018-08-05, 13:08:01, 0.0, 7.17e-08
2018-08-05, 13:08:03, 0.0, 7.23e-08
2018-08-05, 13:08:06, 0.0, 7.15e-08
2018-08-05, 13:08:08, 0.0, 7.24e-08
2018-08-05, 13:08:10, 0.0, 7.22e-08
2018-08-05, 13:08:12, 0.0, 7.24e-08
2018-08-05, 13:08:14, 0.0, 7.28e-08
2018-08-05, 13:08:16, 0.0, 7.23e-08
2018-08-05, 13:08:18, 0.0, 7.21e-08
2018-08-05, 13:08:20, 0.0, 7.22e-08
2018-08-05, 13:08:23, 0.0, 7.31e-08
2018-08-05, 13:08:25, 0.0, 7.18e-08
2018-08-05, 13:08:27, 0.0, 7.19e-08
2018-08-05, 13:08:29, 0.0, 7.24e-08
2018-08-05, 13:08:31, 0.0, 7.24e-08
2018-08-05, 13:08:33, 0.0, 7.24e-08
2018-08-05, 13:08:35, 0.0, 7.26e-08
2018-08-05, 13:08:37, 0.0, 7.29e-08
2018-08-05, 13:08:40, 0.0, 7.29e-08
2018-08-05, 13:08:42, 0.0, 7.31e-08
2018-08-05, 13:08:44, 0.0, 7.31e-08
2018-08-05, 13:08:46, 0.0, 7.3e-08
2018-08-05, 13:08:48, 0.0, 7.25e-08
2018-08-05, 13:08:50, 0.0, 7.24e-08
2018-08-05, 13:08:52, 0.0, 7.31e-08
2018-08-05, 13:08:54, 0.0, 7.26e-08
2018-08-05, 13:08:57, 0.0, 7.35e-08
2018-08-05, 13:08:59, 0.0, 7.29e-08
2018-08-05, 13:09:01, 0.0, 7.33e-08
2018-08-05, 13:09:03, 0.0, 7.25e-08
2018-08-05, 13:09:05, 0.0, 7.25e-08
2018-08-05, 13:09:07, 0.0, 7.24e-08
2018-08-05, 13:09:09, 0.0, 7.23e-08
2018-08-05, 13:09:12, 0.0, 7.21e-08
2018-08-05, 13:09:14, 0.0, 7.24e-08
2018-08-05, 13:09:16, 0.0, 7.23e-08
2018-08-05, 13:09:18, 0.0, 7.26e-08
2018-08-05, 13:09:20, 0.0, 7.23e-08
2018-08-05, 13:09:22, 0.0, 7.26e-08
2018-08-05, 13:09:24, 0.0, 7.26e-08
2018-08-05, 13:09:26, 0.0, 7.28e-08
2018-08-05, 13:09:29, 0.0, 7.29e-08
2018-08-05, 13:09:31, 0.0, 7.24e-08
2018-08-05, 13:09:33, 0.0, 7.29e-08
2018-08-05, 13:09:35, 0.0, 7.36e-08
2018-08-05, 13:09:37, 0.0, 7.27e-08
2018-08-05, 13:09:39, 0.0, 7.31e-08
2018-08-05, 13:09:41, 0.0, 7.25e-08
2018-08-05, 13:09:43, 0.0, 7.27e-08
2018-08-05, 13:09:46, 0.0, 7.31e-08
2018-08-05, 13:09:48, 0.0, 7.29e-08
2018-08-05, 13:09:50, 0.0, 7.28e-08
2018-08-05, 13:09:52, 0.0, 7.36e-08
2018-08-05, 13:09:54, 0.0, 7.32e-08
2018-08-05, 13:09:56, 0.0, 7.22e-08
2018-08-05, 13:09:58, 0.0, 7.31e-08
2018-08-05, 13:10:00, 0.0, 7.26e-08
2018-08-05, 13:10:03, 0.0, 7.26e-08
2018-08-05, 13:10:05, 0.0, 7.29e-08
2018-08-05, 13:10:07, 0.0, 7.29e-08
2018-08-05, 13:10:09, 0.0, 7.28e-08
2018-08-05, 13:10:11, 0.0, 7.26e-08
2018-08-05, 13:10:13, 0.0, 7.23e-08
2018-08-05, 13:10:15, 0.0, 7.2e-08
2018-08-05, 13:10:18, 0.0, 7.3e-08
2018-08-05, 13:10:20, 0.0, 7.32e-08
2018-08-05, 13:10:22, 0.0, 7.31e-08
2018-08-05, 13:10:24, 0.0, 7.28e-08
2018-08-05, 13:10:26, 0.0, 7.32e-08
2018-08-05, 13:10:28, 0.0, 7.27e-08
2018-08-05, 13:10:30, 0.0, 7.27e-08
2018-08-05, 13:10:32, 0.0, 7.23e-08
2018-08-05, 13:10:35, 0.0, 7.3e-08
2018-08-05, 13:10:37, 0.0, 7.2e-08
2018-08-05, 13:10:39, 0.0, 7.24e-08
2018-08-05, 13:10:41, 0.0, 7.25e-08
2018-08-05, 13:10:43, 0.0, 7.23e-08
2018-08-05, 13:10:45, 0.0, 7.24e-08
2018-08-05, 13:10:47, 0.0, 7.19e-08
2018-08-05, 13:10:49, 0.0, 7.24e-08
2018-08-05, 13:10:52, 0.0, 7.25e-08
2018-08-05, 13:10:54, 0.0, 7.25e-08
2018-08-05, 13:10:56, 0.0, 7.22e-08
2018-08-05, 13:10:58, 0.0, 7.25e-08
2018-08-05, 13:11:00, 0.0, 7.22e-08
2018-08-05, 13:11:02, 0.0, 7.23e-08
2018-08-05, 13:11:04, 0.0, 7.21e-08
2018-08-05, 13:11:06, 0.0, 7.21e-08
2018-08-05, 13:11:09, 0.0, 7.21e-08
2018-08-05, 13:11:11, 0.0, 7.27e-08
2018-08-05, 13:11:13, 0.0, 7.26e-08
2018-08-05, 13:11:15, 0.0, 7.25e-08
2018-08-05, 13:11:17, 0.0, 7.29e-08
2018-08-05, 13:11:19, 0.0, 7.23e-08
2018-08-05, 13:11:21, 0.0, 7.19e-08
2018-08-05, 13:11:23, 0.0, 7.21e-08
2018-08-05, 13:11:26, 0.0, 7.2e-08
2018-08-05, 13:11:28, 0.0, 7.2e-08
2018-08-05, 13:11:30, 0.0, 7.15e-08
2018-08-05, 13:11:32, 0.0, 7.25e-08
2018-08-05, 13:11:34, 0.0, 7.26e-08
2018-08-05, 13:11:36, 0.0, 7.27e-08
2018-08-05, 13:11:38, 0.0, 7.23e-08
2018-08-05, 13:11:40, 0.0, 7.26e-08
2018-08-05, 13:11:43, 0.0, 7.2e-08
2018-08-05, 13:11:45, 0.0, 7.17e-08
2018-08-05, 13:11:47, 0.0, 7.21e-08
2018-08-05, 13:11:49, 0.0, 7.2e-08
2018-08-05, 13:11:51, 0.0, 7.22e-08
2018-08-05, 13:11:53, 0.0, 7.2e-08
2018-08-05, 13:11:55, 0.0, 7.22e-08
2018-08-05, 13:11:57, 0.0, 7.2e-08
2018-08-05, 13:12:00, 0.0, 7.22e-08
2018-08-05, 13:12:02, 0.0, 7.23e-08
2018-08-05, 13:12:04, 0.0, 7.18e-08
2018-08-05, 13:12:06, 0.0, 7.27e-08
2018-08-05, 13:12:08, 0.0, 7.18e-08
2018-08-05, 13:12:10, 0.0, 7.29e-08
2018-08-05, 13:12:12, 0.0, 7.25e-08
2018-08-05, 13:12:14, 0.0, 7.25e-08
2018-08-05, 13:12:17, 0.0, 7.2e-08
2018-08-05, 13:12:19, 0.0, 7.24e-08
2018-08-05, 13:12:21, 0.0, 7.19e-08
2018-08-05, 13:12:23, 0.0, 7.25e-08
2018-08-05, 13:12:25, 0.0, 7.31e-08
2018-08-05, 13:12:27, 0.0, 7.27e-08
2018-08-05, 13:12:29, 0.0, 7.24e-08
2018-08-05, 13:12:31, 0.0, 7.27e-08
2018-08-05, 13:12:34, 0.0, 7.28e-08
2018-08-05, 13:12:36, 0.0, 7.29e-08
2018-08-05, 13:12:38, 0.0, 7.23e-08
2018-08-05, 13:12:40, 0.0, 7.24e-08
2018-08-05, 13:12:42, 0.0, 7.29e-08
2018-08-05, 13:12:44, 0.0, 7.24e-08
2018-08-05, 13:12:46, 0.0, 7.25e-08
2018-08-05, 13:12:48, 0.0, 7.25e-08
2018-08-05, 13:12:51, 0.0, 7.28e-08
2018-08-05, 13:12:53, 0.0, 7.22e-08
2018-08-05, 13:12:55, 0.0, 7.28e-08
2018-08-05, 13:12:57, 0.0, 7.27e-08
2018-08-05, 13:12:59, 0.0, 7.32e-08
2018-08-05, 13:13:01, 0.0, 7.26e-08
2018-08-05, 13:13:03, 0.0, 7.32e-08
2018-08-05, 13:13:06, 0.0, 7.29e-08
2018-08-05, 13:13:08, 0.0, 7.32e-08
2018-08-05, 13:13:10, 0.0, 7.35e-08
2018-08-05, 13:13:12, 0.0, 7.3e-08
2018-08-05, 13:13:14, 0.0, 7.26e-08
2018-08-05, 13:13:16, 0.0, 7.24e-08
2018-08-05, 13:13:18, 0.0, 7.26e-08
2018-08-05, 13:13:20, 0.0, 7.31e-08
2018-08-05, 13:13:23, 0.0, 7.22e-08
2018-08-05, 13:13:25, 0.0, 7.25e-08
2018-08-05, 13:13:27, 0.0, 7.24e-08
2018-08-05, 13:13:29, 0.0, 7.23e-08
2018-08-05, 13:13:31, 0.0, 7.29e-08
2018-08-05, 13:13:33, 0.0, 7.25e-08
2018-08-05, 13:13:35, 0.0, 7.21e-08
2018-08-05, 13:13:37, 0.0, 7.25e-08
2018-08-05, 13:13:40, 0.0, 7.25e-08
2018-08-05, 13:13:42, 0.0, 7.29e-08
2018-08-05, 13:13:44, 0.0, 7.25e-08
2018-08-05, 13:13:46, 0.0, 7.23e-08
2018-08-05, 13:13:48, 0.0, 7.29e-08
2018-08-05, 13:13:50, 0.0, 7.25e-08
2018-08-05, 13:13:52, 0.0, 7.3e-08
2018-08-05, 13:13:54, 0.0, 7.29e-08
2018-08-05, 13:13:57, 0.0, 7.3e-08
2018-08-05, 13:13:59, 0.0, 7.24e-08
2018-08-05, 13:14:01, 0.0, 7.29e-08
2018-08-05, 13:14:03, 0.0, 7.24e-08
2018-08-05, 13:14:05, 0.0, 7.28e-08
2018-08-05, 13:14:07, 0.0, 7.28e-08
2018-08-05, 13:14:09, 0.0, 7.21e-08
2018-08-05, 13:14:11, 0.0, 7.23e-08
2018-08-05, 13:14:14, 0.0, 7.25e-08
2018-08-05, 13:14:16, 0.0, 7.2e-08
2018-08-05, 13:14:18, 0.0, 7.2e-08
2018-08-05, 13:14:20, 0.0, 7.3e-08
2018-08-05, 13:14:22, 0.0, 7.2e-08
2018-08-05, 13:14:24, 0.0, 7.25e-08
2018-08-05, 13:14:26, 0.0, 7.22e-08
2018-08-05, 13:14:28, 0.0, 7.3e-08
2018-08-05, 13:14:31, 0.0, 7.15e-08
2018-08-05, 13:14:33, 0.0, 7.26e-08
2018-08-05, 13:14:35, 0.0, 7.24e-08
2018-08-05, 13:14:37, 0.0, 7.23e-08
2018-08-05, 13:14:39, 0.0, 7.29e-08
2018-08-05, 13:14:41, 0.0, 7.21e-08
2018-08-05, 13:14:43, 0.0, 7.19e-08
2018-08-05, 13:14:45, 0.0, 7.25e-08
2018-08-05, 13:14:48, 0.0, 7.26e-08
2018-08-05, 13:14:50, 0.0, 7.27e-08
2018-08-05, 13:14:52, 0.0, 7.22e-08
2018-08-05, 13:14:54, 0.0, 7.24e-08
2018-08-05, 13:14:56, 0.0, 7.25e-08
2018-08-05, 13:14:58, 0.0, 7.23e-08
2018-08-05, 13:15:00, 0.0, 7.16e-08
2018-08-05, 13:15:02, 0.0, 7.19e-08
2018-08-05, 13:15:05, 0.0, 7.2e-08
2018-08-05, 13:15:07, 0.0, 7.19e-08
2018-08-05, 13:15:09, 0.0, 7.23e-08
2018-08-05, 13:15:11, 0.0, 7.24e-08
2018-08-05, 13:15:13, 0.0, 7.25e-08
2018-08-05, 13:15:15, 0.0, 7.13e-08
2018-08-05, 13:15:17, 0.0, 7.17e-08
2018-08-05, 13:15:19, 0.0, 7.27e-08
2018-08-05, 13:15:22, 0.0, 7.19e-08
2018-08-05, 13:15:24, 0.0, 7.19e-08
2018-08-05, 13:15:26, 0.0, 7.16e-08
2018-08-05, 13:15:28, 0.0, 7.16e-08
2018-08-05, 13:15:30, 0.0, 7.16e-08
2018-08-05, 13:15:32, 0.0, 7.22e-08
2018-08-05, 13:15:34, 0.0, 7.25e-08
2018-08-05, 13:15:36, 0.0, 7.24e-08
2018-08-05, 13:15:39, 0.0, 7.28e-08
2018-08-05, 13:15:41, 0.0, 7.25e-08
2018-08-05, 13:15:43, 0.0, 7.29e-08
2018-08-05, 13:15:45, 0.0, 7.16e-08
2018-08-05, 13:15:47, 0.0, 7.18e-08
2018-08-05, 13:15:49, 0.0, 7.22e-08
2018-08-05, 13:15:51, 0.0, 7.26e-08
2018-08-05, 13:15:53, 0.0, 7.24e-08
2018-08-05, 13:15:56, 0.0, 7.2e-08
2018-08-05, 13:15:58, 0.0, 7.26e-08
2018-08-05, 13:16:00, 0.0, 7.27e-08
2018-08-05, 13:16:02, 0.0, 7.25e-08
2018-08-05, 13:16:04, 0.0, 7.21e-08
2018-08-05, 13:16:06, 0.0, 7.25e-08
2018-08-05, 13:16:08, 0.0, 7.23e-08
2018-08-05, 13:16:10, 0.0, 7.24e-08
2018-08-05, 13:16:13, 0.0, 7.22e-08
2018-08-05, 13:16:15, 0.0, 7.25e-08
2018-08-05, 13:16:17, 0.0, 7.26e-08
2018-08-05, 13:16:19, 0.0, 7.2e-08
2018-08-05, 13:16:21, 0.0, 7.24e-08
2018-08-05, 13:16:23, 0.0, 7.24e-08
2018-08-05, 13:16:25, 0.0, 7.27e-08
2018-08-05, 13:16:27, 0.0, 7.21e-08
2018-08-05, 13:16:30, 0.0, 7.21e-08
2018-08-05, 13:16:32, 0.0, 7.2e-08
2018-08-05, 13:16:34, 0.0, 7.26e-08
2018-08-05, 13:16:36, 0.0, 7.18e-08
2018-08-05, 13:16:38, 0.0, 7.27e-08
2018-08-05, 13:16:40, 0.0, 7.18e-08
2018-08-05, 13:16:42, 0.0, 7.21e-08
2018-08-05, 13:16:44, 0.0, 7.23e-08
2018-08-05, 13:16:47, 0.0, 7.24e-08
2018-08-05, 13:16:49, 0.0, 7.22e-08
2018-08-05, 13:16:51, 0.0, 7.26e-08
2018-08-05, 13:16:53, 0.0, 7.25e-08
2018-08-05, 13:16:55, 0.0, 7.22e-08
2018-08-05, 13:16:57, 0.0, 7.26e-08
2018-08-05, 13:16:59, 0.0, 7.27e-08
2018-08-05, 13:17:01, 0.0, 7.27e-08
2018-08-05, 13:17:04, 0.0, 7.12e-08
2018-08-05, 13:17:06, 0.0, 7.23e-08
2018-08-05, 13:17:08, 0.0, 7.3e-08
2018-08-05, 13:17:10, 0.0, 7.21e-08
2018-08-05, 13:17:12, 0.0, 7.24e-08
2018-08-05, 13:17:14, 0.0, 7.25e-08
2018-08-05, 13:17:16, 0.0, 7.2e-08
2018-08-05, 13:17:19, 0.0, 7.23e-08
2018-08-05, 13:17:21, 0.0, 7.21e-08
2018-08-05, 13:17:23, 0.0, 7.26e-08
2018-08-05, 13:17:25, 0.0, 7.24e-08
2018-08-05, 13:17:27, 0.0, 7.24e-08
2018-08-05, 13:17:29, 0.0, 7.22e-08
2018-08-05, 13:17:31, 0.0, 7.19e-08
2018-08-05, 13:17:33, 0.0, 7.19e-08
2018-08-05, 13:17:36, 0.0, 7.25e-08
2018-08-05, 13:17:38, 0.0, 7.19e-08
2018-08-05, 13:17:40, 0.0, 7.21e-08
2018-08-05, 13:17:42, 0.0, 7.24e-08
2018-08-05, 13:17:44, 0.0, 7.22e-08
2018-08-05, 13:17:46, 0.0, 7.26e-08
2018-08-05, 13:17:48, 0.0, 7.22e-08
2018-08-05, 13:17:50, 0.0, 7.2e-08
2018-08-05, 13:17:53, 0.0, 7.23e-08
2018-08-05, 13:17:55, 0.0, 7.17e-08
2018-08-05, 13:17:57, 0.0, 7.17e-08
2018-08-05, 13:17:59, 0.0, 7.2e-08
2018-08-05, 13:18:01, 0.0, 7.27e-08
2018-08-05, 13:18:03, 0.0, 7.26e-08
2018-08-05, 13:18:05, 0.0, 7.22e-08
2018-08-05, 13:18:08, 0.0, 7.24e-08
2018-08-05, 13:18:10, 0.0, 7.25e-08
2018-08-05, 13:18:12, 0.0, 7.2e-08
2018-08-05, 13:18:14, 0.0, 7.14e-08
2018-08-05, 13:18:16, 0.0, 7.26e-08
2018-08-05, 13:18:18, 0.0, 7.18e-08
2018-08-05, 13:18:20, 0.0, 7.23e-08
2018-08-05, 13:18:22, 0.0, 7.25e-08
2018-08-05, 13:18:25, 0.0, 7.16e-08
2018-08-05, 13:18:27, 0.0, 7.2e-08
2018-08-05, 13:18:29, 0.0, 7.21e-08
2018-08-05, 13:18:31, 0.0, 7.25e-08
2018-08-05, 13:18:33, 0.0, 7.25e-08
2018-08-05, 13:18:35, 0.0, 7.26e-08
2018-08-05, 13:18:37, 0.0, 7.23e-08
2018-08-05, 13:18:39, 0.0, 7.21e-08
2018-08-05, 13:18:42, 0.0, 7.24e-08
2018-08-05, 13:18:44, 0.0, 7.21e-08
2018-08-05, 13:18:46, 0.0, 7.22e-08
2018-08-05, 13:18:48, 0.0, 7.25e-08
2018-08-05, 13:18:50, 0.0, 7.29e-08
2018-08-05, 13:18:52, 0.0, 7.19e-08
2018-08-05, 13:18:54, 0.0, 7.2e-08
2018-08-05, 13:18:56, 0.0, 7.27e-08
2018-08-05, 13:18:59, 0.0, 7.2e-08
2018-08-05, 13:19:01, 0.0, 7.23e-08
2018-08-05, 13:19:03, 0.0, 7.27e-08
2018-08-05, 13:19:05, 0.0, 7.21e-08
2018-08-05, 13:19:07, 0.0, 7.27e-08
2018-08-05, 13:19:09, 0.0, 7.21e-08
2018-08-05, 13:19:11, 0.0, 7.15e-08
2018-08-05, 13:19:13, 0.0, 7.23e-08
2018-08-05, 13:19:16, 0.0, 7.26e-08
2018-08-05, 13:19:18, 0.0, 7.29e-08
2018-08-05, 13:19:20, 0.0, 7.22e-08
2018-08-05, 13:19:22, 0.0, 7.25e-08
2018-08-05, 13:19:24, 0.0, 7.28e-08
2018-08-05, 13:19:26, 0.0, 7.28e-08
2018-08-05, 13:19:28, 0.0, 7.26e-08
2018-08-05, 13:19:30, 0.0, 7.24e-08
2018-08-05, 13:19:33, 0.0, 7.25e-08
2018-08-05, 13:19:35, 0.0, 7.24e-08
2018-08-05, 13:19:37, 0.0, 7.24e-08
2018-08-05, 13:19:39, 0.0, 7.2e-08
2018-08-05, 13:19:41, 0.0, 7.26e-08
2018-08-05, 13:19:43, 0.0, 7.27e-08
2018-08-05, 13:19:45, 0.0, 7.31e-08
2018-08-05, 13:19:47, 0.0, 7.19e-08
2018-08-05, 13:19:50, 0.0, 7.22e-08
2018-08-05, 13:19:52, 0.0, 7.26e-08
2018-08-05, 13:19:54, 0.0, 7.21e-08
2018-08-05, 13:19:56, 0.0, 7.27e-08
2018-08-05, 13:19:58, 0.0, 7.29e-08
2018-08-05, 13:20:00, 0.0, 7.27e-08
2018-08-05, 13:20:02, 0.0, 7.22e-08
2018-08-05, 13:20:04, 0.0, 7.21e-08
2018-08-05, 13:20:07, 0.0, 7.32e-08
2018-08-05, 13:20:09, 0.0, 7.21e-08
2018-08-05, 13:20:11, 0.0, 7.17e-08
2018-08-05, 13:20:13, 0.0, 7.25e-08
2018-08-05, 13:20:15, 0.0, 7.25e-08
2018-08-05, 13:20:17, 0.0, 7.28e-08
2018-08-05, 13:20:19, 0.0, 7.31e-08
2018-08-05, 13:20:21, 0.0, 7.26e-08
2018-08-05, 13:20:24, 0.0, 7.28e-08
2018-08-05, 13:20:26, 0.0, 7.22e-08
2018-08-05, 13:20:28, 0.0, 7.25e-08
2018-08-05, 13:20:30, 0.0, 7.27e-08
2018-08-05, 13:20:32, 0.0, 7.24e-08
2018-08-05, 13:20:34, 0.0, 7.24e-08
2018-08-05, 13:20:36, 0.0, 7.27e-08
2018-08-05, 13:20:38, 0.0, 7.28e-08
2018-08-05, 13:20:41, 0.0, 7.32e-08
2018-08-05, 13:20:43, 0.0, 7.28e-08
2018-08-05, 13:20:45, 0.0, 7.25e-08
2018-08-05, 13:20:47, 0.0, 7.21e-08
2018-08-05, 13:20:49, 0.0, 7.29e-08
2018-08-05, 13:20:51, 0.0, 7.26e-08
2018-08-05, 13:20:53, 0.0, 7.29e-08
2018-08-05, 13:20:55, 0.0, 7.26e-08
2018-08-05, 13:20:58, 0.0, 7.22e-08
2018-08-05, 13:21:00, 0.0, 7.28e-08
2018-08-05, 13:21:02, 0.0, 7.26e-08
2018-08-05, 13:21:04, 0.0, 7.27e-08
2018-08-05, 13:21:06, 0.0, 7.22e-08
2018-08-05, 13:21:08, 0.0, 7.28e-08
2018-08-05, 13:21:10, 0.0, 7.27e-08
2018-08-05, 13:21:13, 0.0, 7.25e-08
2018-08-05, 13:21:15, 0.0, 7.24e-08
2018-08-05, 13:21:17, 0.0, 7.27e-08
2018-08-05, 13:21:19, 0.0, 7.3e-08
2018-08-05, 13:21:21, 0.0, 7.2e-08
2018-08-05, 13:21:23, 0.0, 7.19e-08
2018-08-05, 13:21:25, 0.0, 7.26e-08
2018-08-05, 13:21:27, 0.0, 7.24e-08
2018-08-05, 13:21:30, 0.0, 7.28e-08
2018-08-05, 13:21:32, 0.0, 7.22e-08
2018-08-05, 13:21:34, 0.0, 7.24e-08
2018-08-05, 13:21:36, 0.0, 7.25e-08
2018-08-05, 13:21:38, 0.0, 7.27e-08
2018-08-05, 13:21:40, 0.0, 7.26e-08
2018-08-05, 13:21:42, 0.0, 7.27e-08
2018-08-05, 13:21:44, 0.0, 7.28e-08
2018-08-05, 13:21:47, 0.0, 7.21e-08
2018-08-05, 13:21:49, 0.0, 7.23e-08
2018-08-05, 13:21:51, 0.0, 7.27e-08
2018-08-05, 13:21:53, 0.0, 7.28e-08
2018-08-05, 13:21:55, 0.0, 7.24e-08
2018-08-05, 13:21:57, 0.0, 7.23e-08
2018-08-05, 13:21:59, 0.0, 7.24e-08
2018-08-05, 13:22:01, 0.0, 7.21e-08
2018-08-05, 13:22:04, 0.0, 7.23e-08
2018-08-05, 13:22:06, 0.0, 7.28e-08
2018-08-05, 13:22:08, 0.0, 7.22e-08
2018-08-05, 13:22:10, 0.0, 7.25e-08
2018-08-05, 13:22:12, 0.0, 7.23e-08
2018-08-05, 13:22:14, 0.0, 7.17e-08
2018-08-05, 13:22:16, 0.0, 7.24e-08
2018-08-05, 13:22:18, 0.0, 7.29e-08
2018-08-05, 13:22:21, 0.0, 7.18e-08
2018-08-05, 13:22:23, 0.0, 7.22e-08
2018-08-05, 13:22:25, 0.0, 7.26e-08
2018-08-05, 13:22:27, 0.0, 7.23e-08
2018-08-05, 13:22:29, 0.0, 7.27e-08
2018-08-05, 13:22:31, 0.0, 7.24e-08
2018-08-05, 13:22:33, 0.0, 7.24e-08
2018-08-05, 13:22:35, 0.0, 7.21e-08
2018-08-05, 13:22:38, 0.0, 7.27e-08
2018-08-05, 13:22:40, 0.0, 7.19e-08
2018-08-05, 13:22:42, 0.0, 7.26e-08
2018-08-05, 13:22:44, 0.0, 7.22e-08
2018-08-05, 13:22:46, 0.0, 7.3e-08
2018-08-05, 13:22:48, 0.0, 7.22e-08
2018-08-05, 13:22:50, 0.0, 7.26e-08
2018-08-05, 13:22:52, 0.0, 7.24e-08
2018-08-05, 13:22:55, 0.0, 7.22e-08
2018-08-05, 13:22:57, 0.0, 7.29e-08
2018-08-05, 13:22:59, 0.0, 7.24e-08
2018-08-05, 13:23:01, 0.0, 7.24e-08
2018-08-05, 13:23:03, 0.0, 7.28e-08
2018-08-05, 13:23:05, 0.0, 7.22e-08
2018-08-05, 13:23:07, 0.0, 7.23e-08
2018-08-05, 13:23:10, 0.0, 7.19e-08
2018-08-05, 13:23:12, 0.0, 7.24e-08
2018-08-05, 13:23:14, 0.0, 7.25e-08
2018-08-05, 13:23:16, 0.0, 7.21e-08
2018-08-05, 13:23:18, 0.0, 7.13e-08
2018-08-05, 13:23:20, 0.0, 7.27e-08
2018-08-05, 13:23:22, 0.0, 7.22e-08
2018-08-05, 13:23:24, 0.0, 7.26e-08
2018-08-05, 13:23:27, 0.0, 7.24e-08
2018-08-05, 13:23:29, 0.0, 7.19e-08
2018-08-05, 13:23:31, 0.0, 7.25e-08
2018-08-05, 13:23:33, 0.0, 7.21e-08
2018-08-05, 13:23:35, 0.0, 7.29e-08
2018-08-05, 13:23:37, 0.0, 7.25e-08
2018-08-05, 13:23:39, 0.0, 7.25e-08
2018-08-05, 13:23:42, 0.0, 7.25e-08
2018-08-05, 13:23:44, 0.0, 7.25e-08
2018-08-05, 13:23:46, 0.0, 7.29e-08
2018-08-05, 13:23:48, 0.0, 7.26e-08
2018-08-05, 13:23:50, 0.0, 7.21e-08
2018-08-05, 13:23:52, 0.0, 7.2e-08
2018-08-05, 13:23:54, 0.0, 7.18e-08
2018-08-05, 13:23:56, 0.0, 7.22e-08
2018-08-05, 13:23:59, 0.0, 7.23e-08
2018-08-05, 13:24:01, 0.0, 7.26e-08
2018-08-05, 13:24:03, 0.0, 7.23e-08
2018-08-05, 13:24:05, 0.0, 7.29e-08
2018-08-05, 13:24:07, 0.0, 7.22e-08
2018-08-05, 13:24:09, 0.0, 7.22e-08
2018-08-05, 13:24:11, 0.0, 7.31e-08
2018-08-05, 13:24:13, 0.0, 7.24e-08
2018-08-05, 13:24:16, 0.0, 7.25e-08
2018-08-05, 13:24:18, 0.0, 7.22e-08
2018-08-05, 13:24:20, 0.0, 7.27e-08
2018-08-05, 13:24:22, 0.0, 7.24e-08
2018-08-05, 13:24:24, 0.0, 7.27e-08
2018-08-05, 13:24:26, 0.0, 7.21e-08
2018-08-05, 13:24:28, 0.0, 7.25e-08
2018-08-05, 13:24:30, 0.0, 7.17e-08
2018-08-05, 13:24:33, 0.0, 7.18e-08
2018-08-05, 13:24:35, 0.0, 7.24e-08
2018-08-05, 13:24:37, 0.0, 7.19e-08
2018-08-05, 13:24:39, 0.0, 7.21e-08
2018-08-05, 13:24:41, 0.0, 7.23e-08
2018-08-05, 13:24:43, 0.0, 7.27e-08
2018-08-05, 13:24:45, 0.0, 7.25e-08
2018-08-05, 13:24:47, 0.0, 7.24e-08
2018-08-05, 13:24:50, 0.0, 7.21e-08
2018-08-05, 13:24:52, 0.0, 7.26e-08
2018-08-05, 13:24:54, 0.0, 7.23e-08
2018-08-05, 13:24:56, 0.0, 7.22e-08
2018-08-05, 13:24:58, 0.0, 7.24e-08
2018-08-05, 13:25:00, 0.0, 7.23e-08
2018-08-05, 13:25:02, 0.0, 7.21e-08
2018-08-05, 13:25:04, 0.0, 7.22e-08
2018-08-05, 13:25:07, 0.0, 7.22e-08
2018-08-05, 13:25:09, 0.0, 7.26e-08
2018-08-05, 13:25:11, 0.0, 7.26e-08
2018-08-05, 13:25:13, 0.0, 7.24e-08
2018-08-05, 13:25:15, 0.0, 7.27e-08
2018-08-05, 13:25:17, 0.0, 7.23e-08
2018-08-05, 13:25:19, 0.0, 7.19e-08
2018-08-05, 13:25:21, 0.0, 7.25e-08
2018-08-05, 13:25:24, 0.0, 7.28e-08
2018-08-05, 13:25:26, 0.0, 7.3e-08
2018-08-05, 13:25:28, 0.0, 7.28e-08
2018-08-05, 13:25:30, 0.0, 7.22e-08
2018-08-05, 13:25:32, 0.0, 7.25e-08
2018-08-05, 13:25:34, 0.0, 7.29e-08
2018-08-05, 13:25:36, 0.0, 7.19e-08
2018-08-05, 13:25:38, 0.0, 7.24e-08
2018-08-05, 13:25:41, 0.0, 7.28e-08
2018-08-05, 13:25:43, 0.0, 7.3e-08
2018-08-05, 13:25:45, 0.0, 7.22e-08
2018-08-05, 13:25:47, 0.0, 7.27e-08
2018-08-05, 13:25:49, 0.0, 7.27e-08
2018-08-05, 13:25:51, 0.0, 7.25e-08
2018-08-05, 13:25:53, 0.0, 7.27e-08
2018-08-05, 13:25:56, 0.0, 7.27e-08
2018-08-05, 13:25:58, 0.0, 7.27e-08
2018-08-05, 13:26:00, 0.0, 7.24e-08
2018-08-05, 13:26:02, 0.0, 7.26e-08
2018-08-05, 13:26:04, 0.0, 7.27e-08
2018-08-05, 13:26:06, 0.0, 7.31e-08
2018-08-05, 13:26:08, 0.0, 7.22e-08
2018-08-05, 13:26:10, 0.0, 7.24e-08
2018-08-05, 13:26:13, 0.0, 7.22e-08
2018-08-05, 13:26:15, 0.0, 7.26e-08
2018-08-05, 13:26:17, 0.0, 7.23e-08
2018-08-05, 13:26:19, 0.0, 7.26e-08
2018-08-05, 13:26:21, 0.0, 7.19e-08
2018-08-05, 13:26:23, 0.0, 7.27e-08
2018-08-05, 13:26:25, 0.0, 7.26e-08
2018-08-05, 13:26:27, 0.0, 7.26e-08
2018-08-05, 13:26:30, 0.0, 7.22e-08
2018-08-05, 13:26:32, 0.0, 7.3e-08
2018-08-05, 13:26:34, 0.0, 7.27e-08
2018-08-05, 13:26:36, 0.0, 7.21e-08
2018-08-05, 13:26:38, 0.0, 7.31e-08
2018-08-05, 13:26:40, 0.0, 7.26e-08
2018-08-05, 13:26:42, 0.0, 7.27e-08
2018-08-05, 13:26:44, 0.0, 7.28e-08
2018-08-05, 13:26:47, 0.0, 7.29e-08
2018-08-05, 13:26:49, 0.0, 7.2e-08
2018-08-05, 13:26:51, 0.0, 7.24e-08
2018-08-05, 13:26:53, 0.0, 7.29e-08
2018-08-05, 13:26:55, 0.0, 7.28e-08
2018-08-05, 13:26:57, 0.0, 7.21e-08
2018-08-05, 13:26:59, 0.0, 7.25e-08
2018-08-05, 13:27:01, 0.0, 7.26e-08
2018-08-05, 13:27:04, 0.0, 7.32e-08
2018-08-05, 13:27:06, 0.0, 7.29e-08
2018-08-05, 13:27:08, 0.0, 7.32e-08
2018-08-05, 13:27:10, 0.0, 7.28e-08
2018-08-05, 13:27:12, 0.0, 7.25e-08
2018-08-05, 13:27:14, 0.0, 7.24e-08
2018-08-05, 13:27:16, 0.0, 7.3e-08
2018-08-05, 13:27:18, 0.0, 7.27e-08
2018-08-05, 13:27:21, 0.0, 7.23e-08
2018-08-05, 13:27:23, 0.0, 7.24e-08
2018-08-05, 13:27:25, 0.0, 7.28e-08
2018-08-05, 13:27:27, 0.0, 7.27e-08
2018-08-05, 13:27:29, 0.0, 7.25e-08
2018-08-05, 13:27:31, 0.0, 7.26e-08
2018-08-05, 13:27:33, 0.0, 7.25e-08
2018-08-05, 13:27:36, 0.0, 7.3e-08
2018-08-05, 13:27:38, 0.0, 7.32e-08
2018-08-05, 13:27:40, 0.0, 7.3e-08
2018-08-05, 13:27:42, 0.0, 7.23e-08
2018-08-05, 13:27:44, 0.0, 7.21e-08
2018-08-05, 13:27:46, 0.0, 7.2e-08
2018-08-05, 13:27:48, 0.0, 7.29e-08
2018-08-05, 13:27:50, 0.0, 7.28e-08
2018-08-05, 13:27:53, 0.0, 7.19e-08
2018-08-05, 13:27:55, 0.0, 7.29e-08
2018-08-05, 13:27:57, 0.0, 7.27e-08
2018-08-05, 13:27:59, 0.0, 7.27e-08
2018-08-05, 13:28:01, 0.0, 7.28e-08
2018-08-05, 13:28:03, 0.0, 7.3e-08
2018-08-05, 13:28:05, 0.0, 7.32e-08
2018-08-05, 13:28:07, 0.0, 7.31e-08
2018-08-05, 13:28:10, 0.0, 7.25e-08
2018-08-05, 13:28:12, 0.0, 7.33e-08
2018-08-05, 13:28:14, 0.0, 7.23e-08
2018-08-05, 13:28:16, 0.0, 7.3e-08
2018-08-05, 13:28:18, 0.0, 7.26e-08
2018-08-05, 13:28:20, 0.0, 7.22e-08
2018-08-05, 13:28:22, 0.0, 7.2e-08
2018-08-05, 13:28:24, 0.0, 7.26e-08
2018-08-05, 13:28:27, 0.0, 7.28e-08
2018-08-05, 13:28:29, 0.0, 7.32e-08
2018-08-05, 13:28:31, 0.0, 7.27e-08
2018-08-05, 13:28:33, 0.0, 7.24e-08
2018-08-05, 13:28:35, 0.0, 7.27e-08
2018-08-05, 13:28:37, 0.0, 7.24e-08
2018-08-05, 13:28:39, 0.0, 7.25e-08
2018-08-05, 13:28:41, 0.0, 7.23e-08
2018-08-05, 13:28:44, 0.0, 7.27e-08
2018-08-05, 13:28:46, 0.0, 7.21e-08
2018-08-05, 13:28:48, 0.0, 7.26e-08
2018-08-05, 13:28:50, 0.0, 7.29e-08
2018-08-05, 13:28:52, 0.0, 7.26e-08
2018-08-05, 13:28:54, 0.0, 7.28e-08
2018-08-05, 13:28:56, 0.0, 7.3e-08
2018-08-05, 13:28:58, 0.0, 7.29e-08
2018-08-05, 13:29:01, 0.0, 7.27e-08
2018-08-05, 13:29:03, 0.0, 7.24e-08
2018-08-05, 13:29:05, 0.0, 7.3e-08
2018-08-05, 13:29:07, 0.0, 7.25e-08
2018-08-05, 13:29:09, 0.0, 7.25e-08
2018-08-05, 13:29:11, 0.0, 7.29e-08
2018-08-05, 13:29:13, 0.0, 7.24e-08
2018-08-05, 13:29:16, 0.0, 7.32e-08
2018-08-05, 13:29:18, 0.0, 7.21e-08
2018-08-05, 13:29:20, 0.0, 7.26e-08
2018-08-05, 13:29:22, 0.0, 7.25e-08
2018-08-05, 13:29:24, 0.0, 7.31e-08
2018-08-05, 13:29:26, 0.0, 7.3e-08
2018-08-05, 13:29:28, 0.0, 7.28e-08
2018-08-05, 13:29:30, 0.0, 7.29e-08
2018-08-05, 13:29:33, 0.0, 7.28e-08
2018-08-05, 13:29:35, 0.0, 7.25e-08
2018-08-05, 13:29:37, 0.0, 7.24e-08
2018-08-05, 13:29:39, 0.0, 7.27e-08
2018-08-05, 13:29:41, 0.0, 7.31e-08
2018-08-05, 13:29:43, 0.0, 7.23e-08
2018-08-05, 13:29:45, 0.0, 7.3e-08
2018-08-05, 13:29:47, 0.0, 7.26e-08
2018-08-05, 13:29:50, 0.0, 7.31e-08
2018-08-05, 13:29:52, 0.0, 7.27e-08
2018-08-05, 13:29:54, 0.0, 7.3e-08
2018-08-05, 13:29:56, 0.0, 7.25e-08
2018-08-05, 13:29:58, 0.0, 7.27e-08
2018-08-05, 13:30:00, 0.0, 7.28e-08
2018-08-05, 13:30:02, 0.0, 7.28e-08
2018-08-05, 13:30:04, 0.0, 7.31e-08
2018-08-05, 13:30:07, 0.0, 7.26e-08
2018-08-05, 13:30:09, 0.0, 7.24e-08
2018-08-05, 13:30:11, 0.0, 7.26e-08
2018-08-05, 13:30:13, 0.0, 7.28e-08
2018-08-05, 13:30:15, 0.0, 7.24e-08
2018-08-05, 13:30:17, 0.0, 7.29e-08
2018-08-05, 13:30:19, 0.0, 7.27e-08
2018-08-05, 13:30:22, 0.0, 7.3e-08
2018-08-05, 13:30:24, 0.0, 7.28e-08
2018-08-05, 13:30:26, 0.0, 7.29e-08
2018-08-05, 13:30:28, 0.0, 7.32e-08
2018-08-05, 13:30:30, 0.0, 7.32e-08
2018-08-05, 13:30:32, 0.0, 7.33e-08
2018-08-05, 13:30:34, 0.0, 7.35e-08
2018-08-05, 13:30:36, 0.0, 7.31e-08
2018-08-05, 13:30:39, 0.0, 7.28e-08
2018-08-05, 13:30:41, 0.0, 7.29e-08
2018-08-05, 13:30:43, 0.0, 7.29e-08
2018-08-05, 13:30:45, 0.0, 7.31e-08
2018-08-05, 13:30:47, 0.0, 7.31e-08
2018-08-05, 13:30:49, 0.0, 7.29e-08
2018-08-05, 13:30:51, 0.0, 7.31e-08
2018-08-05, 13:30:53, 0.0, 7.27e-08
2018-08-05, 13:30:56, 0.0, 7.32e-08
2018-08-05, 13:30:58, 0.0, 7.28e-08
2018-08-05, 13:31:00, 0.0, 7.24e-08
2018-08-05, 13:31:02, 0.0, 7.3e-08
2018-08-05, 13:31:04, 0.0, 7.28e-08
2018-08-05, 13:31:06, 0.0, 7.25e-08
2018-08-05, 13:31:08, 0.0, 7.25e-08
2018-08-05, 13:31:10, 0.0, 7.27e-08
2018-08-05, 13:31:13, 0.0, 7.27e-08
2018-08-05, 13:31:15, 0.0, 7.27e-08
2018-08-05, 13:31:17, 0.0, 7.32e-08
2018-08-05, 13:31:19, 0.0, 7.27e-08
2018-08-05, 13:31:21, 0.0, 7.32e-08
2018-08-05, 13:31:23, 0.0, 7.32e-08
2018-08-05, 13:31:25, 0.0, 7.31e-08
2018-08-05, 13:31:27, 0.0, 7.27e-08
2018-08-05, 13:31:30, 0.0, 7.31e-08
2018-08-05, 13:31:32, 0.0, 7.26e-08
2018-08-05, 13:31:34, 0.0, 7.29e-08
2018-08-05, 13:31:36, 0.0, 7.29e-08
2018-08-05, 13:31:38, 0.0, 7.3e-08
2018-08-05, 13:31:40, 0.0, 7.2e-08
2018-08-05, 13:31:42, 0.0, 7.32e-08
2018-08-05, 13:31:44, 0.0, 7.27e-08
2018-08-05, 13:31:47, 0.0, 7.38e-08
2018-08-05, 13:31:49, 0.0, 7.29e-08
2018-08-05, 13:31:51, 0.0, 7.35e-08
2018-08-05, 13:31:53, 0.0, 7.31e-08
2018-08-05, 13:31:55, 0.0, 7.32e-08
2018-08-05, 13:31:57, 0.0, 7.27e-08
2018-08-05, 13:31:59, 0.0, 7.3e-08
2018-08-05, 13:32:01, 0.0, 7.25e-08
2018-08-05, 13:32:04, 0.0, 7.27e-08
2018-08-05, 13:32:06, 0.0, 7.29e-08
2018-08-05, 13:32:08, 0.0, 7.29e-08
2018-08-05, 13:32:10, 0.0, 7.31e-08
2018-08-05, 13:32:12, 0.0, 7.29e-08
2018-08-05, 13:32:14, 0.0, 7.33e-08
2018-08-05, 13:32:16, 0.0, 7.32e-08
2018-08-05, 13:32:19, 0.0, 7.23e-08
2018-08-05, 13:32:21, 0.0, 7.29e-08
2018-08-05, 13:32:23, 0.0, 7.29e-08
2018-08-05, 13:32:25, 0.0, 7.26e-08
2018-08-05, 13:32:27, 0.0, 7.26e-08
2018-08-05, 13:32:29, 0.0, 7.27e-08
2018-08-05, 13:32:31, 0.0, 7.28e-08
2018-08-05, 13:32:33, 0.0, 7.22e-08
2018-08-05, 13:32:36, 0.0, 7.32e-08
2018-08-05, 13:32:38, 0.0, 7.23e-08
2018-08-05, 13:32:40, 0.0, 7.26e-08
2018-08-05, 13:32:42, 0.0, 7.33e-08
2018-08-05, 13:32:44, 0.0, 7.3e-08
2018-08-05, 13:32:46, 0.0, 7.29e-08
2018-08-05, 13:32:48, 0.0, 7.28e-08
2018-08-05, 13:32:50, 0.0, 7.23e-08
2018-08-05, 13:32:53, 0.0, 7.24e-08
2018-08-05, 13:32:55, 0.0, 7.24e-08
2018-08-05, 13:32:57, 0.0, 7.22e-08
2018-08-05, 13:32:59, 0.0, 7.26e-08
2018-08-05, 13:33:01, 0.0, 7.25e-08
2018-08-05, 13:33:03, 0.0, 7.25e-08
2018-08-05, 13:33:05, 0.0, 7.27e-08
2018-08-05, 13:33:07, 0.0, 7.25e-08
2018-08-05, 13:33:10, 0.0, 7.28e-08
2018-08-05, 13:33:12, 0.0, 7.23e-08
2018-08-05, 13:33:14, 0.0, 7.23e-08
2018-08-05, 13:33:16, 0.0, 7.25e-08
2018-08-05, 13:33:18, 0.0, 7.24e-08
2018-08-05, 13:33:20, 0.0, 7.28e-08
2018-08-05, 13:33:22, 0.0, 7.26e-08
2018-08-05, 13:33:24, 0.0, 7.22e-08
2018-08-05, 13:33:27, 0.0, 7.27e-08
2018-08-05, 13:33:29, 0.0, 7.22e-08
2018-08-05, 13:33:31, 0.0, 7.26e-08
2018-08-05, 13:33:33, 0.0, 7.27e-08
2018-08-05, 13:33:35, 0.0, 7.23e-08
2018-08-05, 13:33:37, 0.0, 7.29e-08
2018-08-05, 13:33:39, 0.0, 7.27e-08
2018-08-05, 13:33:41, 0.0, 7.28e-08
2018-08-05, 13:33:44, 0.0, 7.23e-08
2018-08-05, 13:33:46, 0.0, 7.29e-08
2018-08-05, 13:33:48, 0.0, 7.23e-08
2018-08-05, 13:33:50, 0.0, 7.27e-08
2018-08-05, 13:33:52, 0.0, 7.22e-08
2018-08-05, 13:33:54, 0.0, 7.29e-08
2018-08-05, 13:33:56, 0.0, 7.26e-08
2018-08-05, 13:33:58, 0.0, 7.24e-08
2018-08-05, 13:34:01, 0.0, 7.29e-08
2018-08-05, 13:34:03, 0.0, 7.28e-08
2018-08-05, 13:34:05, 0.0, 7.25e-08
2018-08-05, 13:34:07, 0.0, 7.29e-08
2018-08-05, 13:34:09, 0.0, 7.34e-08
2018-08-05, 13:34:11, 0.0, 7.31e-08
2018-08-05, 13:34:13, 0.0, 7.3e-08
2018-08-05, 13:34:16, 0.0, 7.28e-08
2018-08-05, 13:34:18, 0.0, 7.27e-08
2018-08-05, 13:34:20, 0.0, 7.28e-08
2018-08-05, 13:34:22, 0.0, 7.24e-08
2018-08-05, 13:34:24, 0.0, 7.26e-08
2018-08-05, 13:34:26, 0.0, 7.28e-08
2018-08-05, 13:34:28, 0.0, 7.32e-08
2018-08-05, 13:34:30, 0.0, 7.26e-08
2018-08-05, 13:34:33, 0.0, 7.22e-08
2018-08-05, 13:34:35, 0.0, 7.28e-08
2018-08-05, 13:34:37, 0.0, 7.33e-08
2018-08-05, 13:34:39, 0.0, 7.25e-08
2018-08-05, 13:34:41, 0.0, 7.31e-08
2018-08-05, 13:34:43, 0.0, 7.32e-08
2018-08-05, 13:34:45, 0.0, 7.32e-08
2018-08-05, 13:34:47, 0.0, 7.31e-08
2018-08-05, 13:34:50, 0.0, 7.26e-08
2018-08-05, 13:34:52, 0.0, 7.31e-08
2018-08-05, 13:34:54, 0.0, 7.23e-08
2018-08-05, 13:34:56, 0.0, 7.29e-08
2018-08-05, 13:34:58, 0.0, 7.27e-08
2018-08-05, 13:35:00, 0.0, 7.3e-08
2018-08-05, 13:35:02, 0.0, 7.33e-08
2018-08-05, 13:35:04, 0.0, 7.28e-08
2018-08-05, 13:35:07, 0.0, 7.31e-08
2018-08-05, 13:35:09, 0.0, 7.3e-08
2018-08-05, 13:35:11, 0.0, 7.27e-08
2018-08-05, 13:35:13, 0.0, 7.25e-08
2018-08-05, 13:35:15, 0.0, 7.27e-08
2018-08-05, 13:35:17, 0.0, 7.22e-08
2018-08-05, 13:35:19, 0.0, 7.25e-08
2018-08-05, 13:35:21, 0.0, 7.25e-08
2018-08-05, 13:35:24, 0.0, 7.26e-08
2018-08-05, 13:35:26, 0.0, 7.25e-08
2018-08-05, 13:35:28, 0.0, 7.28e-08
2018-08-05, 13:35:30, 0.0, 7.22e-08
2018-08-05, 13:35:32, 0.0, 7.27e-08
2018-08-05, 13:35:34, 0.0, 7.27e-08
2018-08-05, 13:35:36, 0.0, 7.24e-08
2018-08-05, 13:35:38, 0.0, 7.27e-08
2018-08-05, 13:35:41, 0.0, 7.26e-08
2018-08-05, 13:35:43, 0.0, 7.29e-08
2018-08-05, 13:35:45, 0.0, 7.27e-08
2018-08-05, 13:35:47, 0.0, 7.29e-08
2018-08-05, 13:35:49, 0.0, 7.29e-08
2018-08-05, 13:35:51, 0.0, 7.25e-08
2018-08-05, 13:35:53, 0.0, 7.35e-08
2018-08-05, 13:35:55, 0.0, 7.29e-08
2018-08-05, 13:35:58, 0.0, 7.27e-08
2018-08-05, 13:36:00, 0.0, 7.28e-08
2018-08-05, 13:36:02, 0.0, 7.29e-08
2018-08-05, 13:36:04, 0.0, 7.2e-08
2018-08-05, 13:36:06, 0.0, 7.21e-08
2018-08-05, 13:36:08, 0.0, 7.21e-08
2018-08-05, 13:36:10, 0.0, 7.21e-08
2018-08-05, 13:36:12, 0.0, 7.29e-08
2018-08-05, 13:36:15, 0.0, 7.24e-08
2018-08-05, 13:36:17, 0.0, 7.31e-08
2018-08-05, 13:36:19, 0.0, 7.29e-08
2018-08-05, 13:36:21, 0.0, 7.19e-08
2018-08-05, 13:36:23, 0.0, 7.22e-08
2018-08-05, 13:36:25, 0.0, 7.27e-08
2018-08-05, 13:36:27, 0.0, 7.26e-08
2018-08-05, 13:36:29, 0.0, 7.23e-08
2018-08-05, 13:36:32, 0.0, 7.23e-08
2018-08-05, 13:36:34, 0.0, 7.29e-08
2018-08-05, 13:36:36, 0.0, 7.25e-08
2018-08-05, 13:36:38, 0.0, 7.26e-08
2018-08-05, 13:36:40, 0.0, 7.23e-08
2018-08-05, 13:36:42, 0.0, 7.29e-08
2018-08-05, 13:36:44, 0.0, 7.26e-08
2018-08-05, 13:36:46, 0.0, 7.25e-08
2018-08-05, 13:36:49, 0.0, 7.27e-08
2018-08-05, 13:36:51, 0.0, 7.34e-08
2018-08-05, 13:36:53, 0.0, 7.32e-08
2018-08-05, 13:36:55, 0.0, 7.29e-08
2018-08-05, 13:36:57, 0.0, 7.28e-08
2018-08-05, 13:36:59, 0.0, 7.3e-08
2018-08-05, 13:37:01, 0.0, 7.27e-08
2018-08-05, 13:37:03, 0.0, 7.3e-08
2018-08-05, 13:37:06, 0.0, 7.27e-08
2018-08-05, 13:37:08, 0.0, 7.23e-08
2018-08-05, 13:37:10, 0.0, 7.25e-08
2018-08-05, 13:37:12, 0.0, 7.2e-08
2018-08-05, 13:37:14, 0.0, 7.26e-08
2018-08-05, 13:37:16, 0.0, 7.26e-08
2018-08-05, 13:37:18, 0.0, 7.29e-08
2018-08-05, 13:37:20, 0.0, 7.26e-08
2018-08-05, 13:37:23, 0.0, 7.23e-08
2018-08-05, 13:37:25, 0.0, 7.26e-08
2018-08-05, 13:37:27, 0.0, 7.24e-08
2018-08-05, 13:37:29, 0.0, 7.25e-08
2018-08-05, 13:37:31, 0.0, 7.23e-08
2018-08-05, 13:37:33, 0.0, 7.3e-08
2018-08-05, 13:37:35, 0.0, 7.24e-08
2018-08-05, 13:37:37, 0.0, 7.25e-08
2018-08-05, 13:37:40, 0.0, 7.24e-08
2018-08-05, 13:37:42, 0.0, 7.24e-08
2018-08-05, 13:37:44, 0.0, 7.23e-08
2018-08-05, 13:37:46, 0.0, 7.3e-08
2018-08-05, 13:37:48, 0.0, 7.3e-08
2018-08-05, 13:37:50, 0.0, 7.21e-08
2018-08-05, 13:37:52, 0.0, 7.19e-08
2018-08-05, 13:37:55, 0.0, 7.25e-08
2018-08-05, 13:37:57, 0.0, 7.16e-08
2018-08-05, 13:37:59, 0.0, 7.18e-08
2018-08-05, 13:38:01, 0.0, 7.27e-08
2018-08-05, 13:38:03, 0.0, 7.27e-08
2018-08-05, 13:38:05, 0.0, 7.29e-08
2018-08-05, 13:38:07, 0.0, 7.3e-08
2018-08-05, 13:38:09, 0.0, 7.3e-08
2018-08-05, 13:38:12, 0.0, 7.26e-08
2018-08-05, 13:38:14, 0.0, 7.24e-08
2018-08-05, 13:38:16, 0.0, 7.25e-08
2018-08-05, 13:38:18, 0.0, 7.3e-08
2018-08-05, 13:38:20, 0.0, 7.29e-08
2018-08-05, 13:38:22, 0.0, 7.21e-08
2018-08-05, 13:38:24, 0.0, 7.21e-08
2018-08-05, 13:38:26, 0.0, 7.27e-08
2018-08-05, 13:38:29, 0.0, 7.26e-08
2018-08-05, 13:38:31, 0.0, 7.3e-08
2018-08-05, 13:38:33, 0.0, 7.3e-08
2018-08-05, 13:38:35, 0.0, 7.25e-08
2018-08-05, 13:38:37, 0.0, 7.24e-08
2018-08-05, 13:38:39, 0.0, 7.32e-08
2018-08-05, 13:38:41, 0.0, 7.29e-08
2018-08-05, 13:38:43, 0.0, 7.26e-08
2018-08-05, 13:38:46, 0.0, 7.27e-08
2018-08-05, 13:38:48, 0.0, 7.22e-08
2018-08-05, 13:38:50, 0.0, 7.22e-08
2018-08-05, 13:38:52, 0.0, 7.23e-08
2018-08-05, 13:38:54, 0.0, 7.26e-08
2018-08-05, 13:38:56, 0.0, 7.22e-08
2018-08-05, 13:38:58, 0.0, 7.23e-08
2018-08-05, 13:39:00, 0.0, 7.23e-08
2018-08-05, 13:39:03, 0.0, 7.3e-08
2018-08-05, 13:39:05, 0.0, 7.29e-08
2018-08-05, 13:39:07, 0.0, 7.27e-08
2018-08-05, 13:39:09, 0.0, 7.25e-08
2018-08-05, 13:39:11, 0.0, 7.34e-08
2018-08-05, 13:39:13, 0.0, 7.29e-08
2018-08-05, 13:39:15, 0.0, 7.26e-08
2018-08-05, 13:39:17, 0.0, 7.29e-08
2018-08-05, 13:39:20, 0.0, 7.26e-08
2018-08-05, 13:39:22, 0.0, 7.27e-08
2018-08-05, 13:39:24, 0.0, 7.31e-08
2018-08-05, 13:39:26, 0.0, 7.26e-08
2018-08-05, 13:39:28, 0.0, 7.29e-08
2018-08-05, 13:39:30, 0.0, 7.25e-08
2018-08-05, 13:39:32, 0.0, 7.32e-08
2018-08-05, 13:39:34, 0.0, 7.31e-08
2018-08-05, 13:39:37, 0.0, 7.29e-08
2018-08-05, 13:39:39, 0.0, 7.26e-08
2018-08-05, 13:39:41, 0.0, 7.26e-08
2018-08-05, 13:39:43, 0.0, 7.32e-08
2018-08-05, 13:39:45, 0.0, 7.3e-08
2018-08-05, 13:39:47, 0.0, 7.29e-08
2018-08-05, 13:39:49, 0.0, 7.28e-08
2018-08-05, 13:39:51, 0.0, 7.29e-08
2018-08-05, 13:39:54, 0.0, 7.31e-08
2018-08-05, 13:39:56, 0.0, 7.34e-08
2018-08-05, 13:39:58, 0.0, 7.3e-08
2018-08-05, 13:40:00, 0.0, 7.28e-08
2018-08-05, 13:40:02, 0.0, 7.29e-08
2018-08-05, 13:40:04, 0.0, 7.31e-08
2018-08-05, 13:40:06, 0.0, 7.38e-08
2018-08-05, 13:40:08, 0.0, 7.35e-08
2018-08-05, 13:40:11, 0.0, 7.36e-08
2018-08-05, 13:40:13, 0.0, 7.34e-08
2018-08-05, 13:40:15, 0.0, 7.32e-08
2018-08-05, 13:40:17, 0.0, 7.34e-08
2018-08-05, 13:40:19, 0.0, 7.32e-08
2018-08-05, 13:40:21, 0.0, 7.3e-08
2018-08-05, 13:40:23, 0.0, 7.26e-08
2018-08-05, 13:40:25, 0.0, 7.28e-08
2018-08-05, 13:40:28, 0.0, 7.32e-08
2018-08-05, 13:40:30, 0.0, 7.33e-08
2018-08-05, 13:40:32, 0.0, 7.37e-08
2018-08-05, 13:40:34, 0.0, 7.29e-08
2018-08-05, 13:40:36, 0.0, 7.37e-08
2018-08-05, 13:40:38, 0.0, 7.32e-08
2018-08-05, 13:40:40, 0.0, 7.36e-08
2018-08-05, 13:40:43, 0.0, 7.4e-08
2018-08-05, 13:40:45, 0.0, 7.35e-08
2018-08-05, 13:40:47, 0.0, 7.36e-08
2018-08-05, 13:40:49, 0.0, 7.35e-08
2018-08-05, 13:40:51, 0.0, 7.35e-08
2018-08-05, 13:40:53, 0.0, 7.33e-08
2018-08-05, 13:40:55, 0.0, 7.33e-08
2018-08-05, 13:40:57, 0.0, 7.31e-08
2018-08-05, 13:40:59, 0.0, 7.4e-08
2018-08-05, 13:41:02, 0.0, 7.31e-08
2018-08-05, 13:41:04, 0.0, 7.3e-08
2018-08-05, 13:41:06, 0.0, 7.3e-08
2018-08-05, 13:41:08, 0.0, 7.27e-08
2018-08-05, 13:41:10, 0.0, 7.31e-08
2018-08-05, 13:41:12, 0.0, 7.32e-08
2018-08-05, 13:41:14, 0.0, 7.29e-08
2018-08-05, 13:41:17, 0.0, 7.31e-08
2018-08-05, 13:41:19, 0.0, 7.34e-08
2018-08-05, 13:41:21, 0.0, 7.33e-08
2018-08-05, 13:41:23, 0.0, 7.32e-08
2018-08-05, 13:41:25, 0.0, 7.31e-08
2018-08-05, 13:41:27, 0.0, 7.38e-08
2018-08-05, 13:41:29, 0.0, 7.3e-08
2018-08-05, 13:41:31, 0.0, 7.33e-08
2018-08-05, 13:41:34, 0.0, 7.31e-08
2018-08-05, 13:41:36, 0.0, 7.31e-08
2018-08-05, 13:41:38, 0.0, 7.32e-08
2018-08-05, 13:41:40, 0.0, 7.36e-08
2018-08-05, 13:41:42, 0.0, 7.33e-08
2018-08-05, 13:41:44, 0.0, 7.33e-08
2018-08-05, 13:41:46, 0.0, 7.31e-08
2018-08-05, 13:41:48, 0.0, 7.32e-08
2018-08-05, 13:41:51, 0.0, 7.31e-08
2018-08-05, 13:41:53, 0.0, 7.33e-08
2018-08-05, 13:41:55, 0.0, 7.32e-08
2018-08-05, 13:41:57, 0.0, 7.3e-08
2018-08-05, 13:41:59, 0.0, 7.35e-08
2018-08-05, 13:42:01, 0.0, 7.31e-08
2018-08-05, 13:42:03, 0.0, 7.27e-08
2018-08-05, 13:42:05, 0.0, 7.28e-08
2018-08-05, 13:42:08, 0.0, 7.33e-08
2018-08-05, 13:42:10, 0.0, 7.33e-08
2018-08-05, 13:42:12, 0.0, 7.28e-08
2018-08-05, 13:42:14, 0.0, 7.32e-08
2018-08-05, 13:42:16, 0.0, 7.33e-08
2018-08-05, 13:42:18, 0.0, 7.3e-08
2018-08-05, 13:42:20, 0.0, 7.31e-08
2018-08-05, 13:42:22, 0.0, 7.31e-08
2018-08-05, 13:42:25, 0.0, 7.32e-08
2018-08-05, 13:42:27, 0.0, 7.32e-08
2018-08-05, 13:42:29, 0.0, 7.31e-08
2018-08-05, 13:42:31, 0.0, 7.25e-08
2018-08-05, 13:42:33, 0.0, 7.29e-08
2018-08-05, 13:42:35, 0.0, 7.29e-08
2018-08-05, 13:42:37, 0.0, 7.33e-08
2018-08-05, 13:42:40, 0.0, 7.31e-08
2018-08-05, 13:42:42, 0.0, 7.27e-08
2018-08-05, 13:42:44, 0.0, 7.28e-08
2018-08-05, 13:42:46, 0.0, 7.3e-08
2018-08-05, 13:42:48, 0.0, 7.28e-08
2018-08-05, 13:42:50, 0.0, 7.29e-08
2018-08-05, 13:42:52, 0.0, 7.27e-08
2018-08-05, 13:42:54, 0.0, 7.32e-08
2018-08-05, 13:42:56, 0.0, 7.35e-08
2018-08-05, 13:42:59, 0.0, 7.31e-08
2018-08-05, 13:43:01, 0.0, 7.3e-08
2018-08-05, 13:43:03, 0.0, 7.33e-08
2018-08-05, 13:43:05, 0.0, 7.28e-08
2018-08-05, 13:43:07, 0.0, 7.3e-08
2018-08-05, 13:43:09, 0.0, 7.27e-08
2018-08-05, 13:43:11, 0.0, 7.25e-08
2018-08-05, 13:43:14, 0.0, 7.29e-08
2018-08-05, 13:43:16, 0.0, 7.32e-08
2018-08-05, 13:43:18, 0.0, 7.27e-08
2018-08-05, 13:43:20, 0.0, 7.26e-08
2018-08-05, 13:43:22, 0.0, 7.31e-08
2018-08-05, 13:43:24, 0.0, 7.33e-08
2018-08-05, 13:43:26, 0.0, 7.25e-08
2018-08-05, 13:43:28, 0.0, 7.24e-08
2018-08-05, 13:43:31, 0.0, 7.33e-08
2018-08-05, 13:43:33, 0.0, 7.32e-08
2018-08-05, 13:43:35, 0.0, 7.27e-08
2018-08-05, 13:43:37, 0.0, 7.3e-08
2018-08-05, 13:43:39, 0.0, 7.28e-08
2018-08-05, 13:43:41, 0.0, 7.28e-08
2018-08-05, 13:43:43, 0.0, 7.27e-08
2018-08-05, 13:43:46, 0.0, 7.3e-08
2018-08-05, 13:43:48, 0.0, 7.31e-08
2018-08-05, 13:43:50, 0.0, 7.27e-08
2018-08-05, 13:43:52, 0.0, 7.26e-08
2018-08-05, 13:43:54, 0.0, 7.32e-08
2018-08-05, 13:43:56, 0.0, 7.33e-08
2018-08-05, 13:43:58, 0.0, 7.25e-08
2018-08-05, 13:44:00, 0.0, 7.29e-08
2018-08-05, 13:44:03, 0.0, 7.31e-08
2018-08-05, 13:44:05, 0.0, 7.25e-08
2018-08-05, 13:44:07, 0.0, 7.31e-08
2018-08-05, 13:44:09, 0.0, 7.26e-08
2018-08-05, 13:44:11, 0.0, 7.25e-08
2018-08-05, 13:44:13, 0.0, 7.28e-08
2018-08-05, 13:44:15, 0.0, 7.25e-08
2018-08-05, 13:44:17, 0.0, 7.26e-08
2018-08-05, 13:44:20, 0.0, 7.27e-08
2018-08-05, 13:44:22, 0.0, 7.28e-08
2018-08-05, 13:44:24, 0.0, 7.28e-08
2018-08-05, 13:44:26, 0.0, 7.34e-08
2018-08-05, 13:44:28, 0.0, 7.37e-08
2018-08-05, 13:44:30, 0.0, 7.35e-08
2018-08-05, 13:44:32, 0.0, 7.37e-08
2018-08-05, 13:44:34, 0.0, 7.36e-08
2018-08-05, 13:44:37, 0.0, 7.34e-08
2018-08-05, 13:44:39, 0.0, 7.28e-08
2018-08-05, 13:44:41, 0.0, 7.37e-08
2018-08-05, 13:44:43, 0.0, 7.37e-08
2018-08-05, 13:44:45, 0.0, 7.29e-08
2018-08-05, 13:44:47, 0.0, 7.31e-08
2018-08-05, 13:44:49, 0.0, 7.31e-08
2018-08-05, 13:44:51, 0.0, 7.35e-08
2018-08-05, 13:44:54, 0.0, 7.35e-08
2018-08-05, 13:44:56, 0.0, 7.31e-08
2018-08-05, 13:44:58, 0.0, 7.31e-08
2018-08-05, 13:45:00, 0.0, 7.3e-08
2018-08-05, 13:45:02, 0.0, 7.36e-08
2018-08-05, 13:45:04, 0.0, 7.31e-08
2018-08-05, 13:45:06, 0.0, 7.37e-08
2018-08-05, 13:45:09, 0.0, 7.35e-08
2018-08-05, 13:45:11, 0.0, 7.35e-08
2018-08-05, 13:45:13, 0.0, 7.36e-08
2018-08-05, 13:45:15, 0.0, 7.32e-08
2018-08-05, 13:45:17, 0.0, 7.34e-08
2018-08-05, 13:45:19, 0.0, 7.31e-08
2018-08-05, 13:45:21, 0.0, 7.36e-08
2018-08-05, 13:45:23, 0.0, 7.34e-08
2018-08-05, 13:45:26, 0.0, 7.32e-08
2018-08-05, 13:45:28, 0.0, 7.29e-08
2018-08-05, 13:45:30, 0.0, 7.32e-08
2018-08-05, 13:45:32, 0.0, 7.37e-08
2018-08-05, 13:45:34, 0.0, 7.29e-08
2018-08-05, 13:45:36, 0.0, 7.27e-08
2018-08-05, 13:45:38, 0.0, 7.31e-08
2018-08-05, 13:45:40, 0.0, 7.29e-08
2018-08-05, 13:45:43, 0.0, 7.33e-08
2018-08-05, 13:45:45, 0.0, 7.32e-08
2018-08-05, 13:45:47, 0.0, 7.39e-08
2018-08-05, 13:45:49, 0.0, 7.38e-08
2018-08-05, 13:45:51, 0.0, 7.36e-08
2018-08-05, 13:45:53, 0.0, 7.32e-08
2018-08-05, 13:45:55, 0.0, 7.3e-08
2018-08-05, 13:45:57, 0.0, 7.32e-08
2018-08-05, 13:46:00, 0.0, 7.29e-08
2018-08-05, 13:46:02, 0.0, 7.32e-08
2018-08-05, 13:46:04, 0.0, 7.33e-08
2018-08-05, 13:46:06, 0.0, 7.31e-08
2018-08-05, 13:46:08, 0.0, 7.23e-08
2018-08-05, 13:46:10, 0.0, 7.26e-08
2018-08-05, 13:46:12, 0.0, 7.33e-08
2018-08-05, 13:46:14, 0.0, 7.35e-08
2018-08-05, 13:46:17, 0.0, 7.35e-08
2018-08-05, 13:46:19, 0.0, 7.32e-08
2018-08-05, 13:46:21, 0.0, 7.34e-08
2018-08-05, 13:46:23, 0.0, 7.36e-08
2018-08-05, 13:46:25, 0.0, 7.3e-08
2018-08-05, 13:46:27, 0.0, 7.36e-08
2018-08-05, 13:46:29, 0.0, 7.28e-08
2018-08-05, 13:46:31, 0.0, 7.36e-08
2018-08-05, 13:46:34, 0.0, 7.33e-08
2018-08-05, 13:46:36, 0.0, 7.31e-08
2018-08-05, 13:46:38, 0.0, 7.25e-08
2018-08-05, 13:46:40, 0.0, 7.3e-08
2018-08-05, 13:46:42, 0.0, 7.31e-08
2018-08-05, 13:46:44, 0.0, 7.28e-08
2018-08-05, 13:46:46, 0.0, 7.34e-08
2018-08-05, 13:46:48, 0.0, 7.36e-08
2018-08-05, 13:46:51, 0.0, 7.31e-08
2018-08-05, 13:46:53, 0.0, 7.26e-08
2018-08-05, 13:46:55, 0.0, 7.37e-08
2018-08-05, 13:46:57, 0.0, 7.28e-08
2018-08-05, 13:46:59, 0.0, 7.26e-08
2018-08-05, 13:47:01, 0.0, 7.3e-08
2018-08-05, 13:47:03, 0.0, 7.4e-08
2018-08-05, 13:47:05, 0.0, 7.4e-08
2018-08-05, 13:47:08, 0.0, 7.3e-08
2018-08-05, 13:47:10, 0.0, 7.29e-08
2018-08-05, 13:47:12, 0.0, 7.37e-08
2018-08-05, 13:47:14, 0.0, 7.37e-08
2018-08-05, 13:47:16, 0.0, 7.35e-08
2018-08-05, 13:47:18, 0.0, 7.33e-08
2018-08-05, 13:47:20, 0.0, 7.31e-08
2018-08-05, 13:47:22, 0.0, 7.27e-08
2018-08-05, 13:47:25, 0.0, 7.35e-08
2018-08-05, 13:47:27, 0.0, 7.3e-08
2018-08-05, 13:47:29, 0.0, 7.29e-08
2018-08-05, 13:47:31, 0.0, 7.35e-08
2018-08-05, 13:47:33, 0.0, 7.3e-08
2018-08-05, 13:47:35, 0.0, 7.31e-08
2018-08-05, 13:47:37, 0.0, 7.31e-08
2018-08-05, 13:47:40, 0.0, 7.31e-08
2018-08-05, 13:47:42, 0.0, 7.26e-08
2018-08-05, 13:47:44, 0.0, 7.33e-08
2018-08-05, 13:47:46, 0.0, 7.3e-08
2018-08-05, 13:47:48, 0.0, 7.3e-08
2018-08-05, 13:47:50, 0.0, 7.33e-08
2018-08-05, 13:47:52, 0.0, 7.36e-08
2018-08-05, 13:47:54, 0.0, 7.36e-08
2018-08-05, 13:47:57, 0.0, 7.31e-08
2018-08-05, 13:47:59, 0.0, 7.24e-08
2018-08-05, 13:48:01, 0.0, 7.32e-08
2018-08-05, 13:48:03, 0.0, 7.33e-08
2018-08-05, 13:48:05, 0.0, 7.3e-08
2018-08-05, 13:48:07, 0.0, 7.32e-08
2018-08-05, 13:48:09, 0.0, 7.36e-08
2018-08-05, 13:48:11, 0.0, 7.35e-08
2018-08-05, 13:48:14, 0.0, 7.31e-08
2018-08-05, 13:48:16, 0.0, 7.34e-08
2018-08-05, 13:48:18, 0.0, 7.35e-08
2018-08-05, 13:48:20, 0.0, 7.34e-08
2018-08-05, 13:48:22, 0.0, 7.32e-08
2018-08-05, 13:48:24, 0.0, 7.29e-08
2018-08-05, 13:48:26, 0.0, 7.31e-08
2018-08-05, 13:48:29, 0.0, 7.35e-08
2018-08-05, 13:48:31, 0.0, 7.32e-08
2018-08-05, 13:48:33, 0.0, 7.33e-08
2018-08-05, 13:48:35, 0.0, 7.32e-08
2018-08-05, 13:48:37, 0.0, 7.27e-08
2018-08-05, 13:48:39, 0.0, 7.27e-08
2018-08-05, 13:48:41, 0.0, 7.26e-08
2018-08-05, 13:48:43, 0.0, 7.35e-08
2018-08-05, 13:48:46, 0.0, 7.31e-08
2018-08-05, 13:48:48, 0.0, 7.31e-08
2018-08-05, 13:48:50, 0.0, 7.32e-08
2018-08-05, 13:48:52, 0.0, 7.31e-08
2018-08-05, 13:48:54, 0.0, 7.32e-08
2018-08-05, 13:48:56, 0.0, 7.34e-08
2018-08-05, 13:48:58, 0.0, 7.36e-08
2018-08-05, 13:49:00, 0.0, 7.34e-08
2018-08-05, 13:49:03, 0.0, 7.38e-08
2018-08-05, 13:49:05, 0.0, 7.31e-08
2018-08-05, 13:49:07, 0.0, 7.35e-08
2018-08-05, 13:49:09, 0.0, 7.31e-08
2018-08-05, 13:49:11, 0.0, 7.33e-08
2018-08-05, 13:49:13, 0.0, 7.34e-08
2018-08-05, 13:49:15, 0.0, 7.31e-08
2018-08-05, 13:49:17, 0.0, 7.3e-08
2018-08-05, 13:49:20, 0.0, 7.38e-08
2018-08-05, 13:49:22, 0.0, 7.29e-08
2018-08-05, 13:49:24, 0.0, 7.3e-08
2018-08-05, 13:49:26, 0.0, 7.36e-08
2018-08-05, 13:49:28, 0.0, 7.33e-08
2018-08-05, 13:49:30, 0.0, 7.34e-08
2018-08-05, 13:49:32, 0.0, 7.31e-08
2018-08-05, 13:49:34, 0.0, 7.3e-08
2018-08-05, 13:49:37, 0.0, 7.38e-08
2018-08-05, 13:49:39, 0.0, 7.36e-08
2018-08-05, 13:49:41, 0.0, 7.32e-08
2018-08-05, 13:49:43, 0.0, 7.27e-08
2018-08-05, 13:49:45, 0.0, 7.29e-08
2018-08-05, 13:49:47, 0.0, 7.31e-08
2018-08-05, 13:49:49, 0.0, 7.33e-08
2018-08-05, 13:49:52, 0.0, 7.36e-08
2018-08-05, 13:49:54, 0.0, 7.29e-08
2018-08-05, 13:49:56, 0.0, 7.28e-08
2018-08-05, 13:49:58, 0.0, 7.27e-08
2018-08-05, 13:50:00, 0.0, 7.35e-08
2018-08-05, 13:50:02, 0.0, 7.32e-08
2018-08-05, 13:50:04, 0.0, 7.34e-08
2018-08-05, 13:50:06, 0.0, 7.39e-08
2018-08-05, 13:50:09, 0.0, 7.35e-08
2018-08-05, 13:50:11, 0.0, 7.33e-08
2018-08-05, 13:50:13, 0.0, 7.31e-08
2018-08-05, 13:50:15, 0.0, 7.32e-08
2018-08-05, 13:50:17, 0.0, 7.36e-08
2018-08-05, 13:50:19, 0.0, 7.35e-08
2018-08-05, 13:50:21, 0.0, 7.33e-08
2018-08-05, 13:50:23, 0.0, 7.32e-08
2018-08-05, 13:50:26, 0.0, 7.34e-08
2018-08-05, 13:50:28, 0.0, 7.32e-08
2018-08-05, 13:50:30, 0.0, 7.29e-08
2018-08-05, 13:50:32, 0.0, 7.33e-08
2018-08-05, 13:50:34, 0.0, 7.28e-08
2018-08-05, 13:50:36, 0.0, 7.35e-08
2018-08-05, 13:50:38, 0.0, 7.33e-08
2018-08-05, 13:50:40, 0.0, 7.34e-08
2018-08-05, 13:50:43, 0.0, 7.23e-08
2018-08-05, 13:50:45, 0.0, 7.33e-08
2018-08-05, 13:50:47, 0.0, 7.32e-08
2018-08-05, 13:50:49, 0.0, 7.24e-08
2018-08-05, 13:50:51, 0.0, 7.29e-08
2018-08-05, 13:50:53, 0.0, 7.32e-08
2018-08-05, 13:50:55, 0.0, 7.25e-08
2018-08-05, 13:50:57, 0.0, 7.31e-08
2018-08-05, 13:51:00, 0.0, 7.27e-08
2018-08-05, 13:51:02, 0.0, 7.27e-08
2018-08-05, 13:51:04, 0.0, 7.31e-08
2018-08-05, 13:51:06, 0.0, 7.34e-08
2018-08-05, 13:51:08, 0.0, 7.33e-08
2018-08-05, 13:51:10, 0.0, 7.25e-08
2018-08-05, 13:51:12, 0.0, 7.25e-08
2018-08-05, 13:51:14, 0.0, 7.23e-08
2018-08-05, 13:51:17, 0.0, 7.36e-08
2018-08-05, 13:51:19, 0.0, 7.27e-08
2018-08-05, 13:51:21, 0.0, 7.29e-08
2018-08-05, 13:51:23, 0.0, 7.29e-08
2018-08-05, 13:51:25, 0.0, 7.28e-08
2018-08-05, 13:51:27, 0.0, 7.3e-08
2018-08-05, 13:51:29, 0.0, 7.33e-08
2018-08-05, 13:51:31, 0.0, 7.23e-08
2018-08-05, 13:51:34, 0.0, 7.31e-08
2018-08-05, 13:51:36, 0.0, 7.3e-08
2018-08-05, 13:51:38, 0.0, 7.22e-08
2018-08-05, 13:51:40, 0.0, 7.28e-08
2018-08-05, 13:51:42, 0.0, 7.28e-08
2018-08-05, 13:51:44, 0.0, 7.32e-08
2018-08-05, 13:51:46, 0.0, 7.26e-08
2018-08-05, 13:51:48, 0.0, 7.27e-08
2018-08-05, 13:51:51, 0.0, 7.3e-08
2018-08-05, 13:51:53, 0.0, 7.23e-08
2018-08-05, 13:51:55, 0.0, 7.15e-08
2018-08-05, 13:51:57, 0.0, 7.24e-08
2018-08-05, 13:51:59, 0.0, 7.14e-08
2018-08-05, 13:52:01, 0.0, 7.28e-08
2018-08-05, 13:52:03, 0.0, 7.21e-08
2018-08-05, 13:52:06, 0.0, 7.17e-08
2018-08-05, 13:52:08, 0.0, 7.18e-08
2018-08-05, 13:52:10, 0.0, 7.21e-08
2018-08-05, 13:52:12, 0.0, 7.16e-08
2018-08-05, 13:52:14, 0.0, 7.17e-08
2018-08-05, 13:52:16, 0.0, 7.31e-08
2018-08-05, 13:52:18, 0.0, 7.35e-08
2018-08-05, 13:52:20, 0.0, 7.3e-08
2018-08-05, 13:52:22, 0.0, 7.36e-08
2018-08-05, 13:52:25, 0.0, 7.29e-08
2018-08-05, 13:52:27, 0.0, 7.33e-08
2018-08-05, 13:52:29, 0.0, 7.28e-08
2018-08-05, 13:52:31, 0.0, 7.27e-08
2018-08-05, 13:52:33, 0.0, 7.33e-08
2018-08-05, 13:52:35, 0.0, 7.28e-08
2018-08-05, 13:52:37, 0.0, 7.35e-08
2018-08-05, 13:52:40, 0.0, 7.28e-08
2018-08-05, 13:52:42, 0.0, 7.31e-08
2018-08-05, 13:52:44, 0.0, 7.27e-08
2018-08-05, 13:52:46, 0.0, 7.39e-08
2018-08-05, 13:52:48, 0.0, 7.32e-08
2018-08-05, 13:52:50, 0.0, 7.32e-08
2018-08-05, 13:52:52, 0.0, 7.26e-08
2018-08-05, 13:52:54, 0.0, 7.37e-08
2018-08-05, 13:52:56, 0.0, 7.29e-08
2018-08-05, 13:52:59, 0.0, 7.28e-08
2018-08-05, 13:53:01, 0.0, 7.33e-08
2018-08-05, 13:53:03, 0.0, 7.24e-08
2018-08-05, 13:53:05, 0.0, 7.31e-08
2018-08-05, 13:53:07, 0.0, 7.28e-08
2018-08-05, 13:53:09, 0.0, 7.29e-08
2018-08-05, 13:53:11, 0.0, 7.26e-08
2018-08-05, 13:53:14, 0.0, 7.29e-08
2018-08-05, 13:53:16, 0.0, 7.27e-08
2018-08-05, 13:53:18, 0.0, 7.24e-08
2018-08-05, 13:53:20, 0.0, 7.26e-08
2018-08-05, 13:53:22, 0.0, 7.27e-08
2018-08-05, 13:53:24, 0.0, 7.3e-08
2018-08-05, 13:53:26, 0.0, 7.3e-08
2018-08-05, 13:53:28, 0.0, 7.31e-08
2018-08-05, 13:53:31, 0.0, 7.31e-08
2018-08-05, 13:53:33, 0.0, 7.35e-08
2018-08-05, 13:53:35, 0.0, 7.3e-08
2018-08-05, 13:53:37, 0.0, 7.25e-08
2018-08-05, 13:53:39, 0.0, 7.28e-08
2018-08-05, 13:53:41, 0.0, 7.29e-08
2018-08-05, 13:53:43, 0.0, 7.29e-08
2018-08-05, 13:53:45, 0.0, 7.22e-08
2018-08-05, 13:53:48, 0.0, 7.24e-08
2018-08-05, 13:53:50, 0.0, 7.34e-08
2018-08-05, 13:53:52, 0.0, 7.23e-08
2018-08-05, 13:53:54, 0.0, 7.21e-08
2018-08-05, 13:53:56, 0.0, 7.24e-08
2018-08-05, 13:53:58, 0.0, 7.19e-08
2018-08-05, 13:54:00, 0.0, 7.26e-08
2018-08-05, 13:54:02, 0.0, 7.29e-08
2018-08-05, 13:54:05, 0.0, 7.21e-08
2018-08-05, 13:54:07, 0.0, 7.2e-08
2018-08-05, 13:54:09, 0.0, 7.29e-08
2018-08-05, 13:54:11, 0.0, 7.23e-08
2018-08-05, 13:54:13, 0.0, 7.32e-08
2018-08-05, 13:54:15, 0.0, 7.28e-08
2018-08-05, 13:54:17, 0.0, 7.27e-08
2018-08-05, 13:54:19, 0.0, 7.28e-08
2018-08-05, 13:54:22, 0.0, 7.25e-08
2018-08-05, 13:54:24, 0.0, 7.29e-08
2018-08-05, 13:54:26, 0.0, 7.28e-08
2018-08-05, 13:54:28, 0.0, 7.27e-08
2018-08-05, 13:54:30, 0.0, 7.3e-08
2018-08-05, 13:54:32, 0.0, 7.29e-08
2018-08-05, 13:54:34, 0.0, 7.31e-08
2018-08-05, 13:54:36, 0.0, 7.18e-08
2018-08-05, 13:54:39, 0.0, 7.28e-08
2018-08-05, 13:54:41, 0.0, 7.29e-08
2018-08-05, 13:54:43, 0.0, 7.33e-08
2018-08-05, 13:54:45, 0.0, 7.25e-08
2018-08-05, 13:54:47, 0.0, 7.32e-08
2018-08-05, 13:54:49, 0.0, 7.23e-08
2018-08-05, 13:54:51, 0.0, 7.26e-08
2018-08-05, 13:54:53, 0.0, 7.27e-08
2018-08-05, 13:54:56, 0.0, 7.26e-08
2018-08-05, 13:54:58, 0.0, 7.31e-08
2018-08-05, 13:55:00, 0.0, 7.25e-08
2018-08-05, 13:55:02, 0.0, 7.32e-08
2018-08-05, 13:55:04, 0.0, 7.3e-08
2018-08-05, 13:55:06, 0.0, 7.28e-08
2018-08-05, 13:55:08, 0.0, 7.3e-08
2018-08-05, 13:55:10, 0.0, 7.31e-08
2018-08-05, 13:55:13, 0.0, 7.31e-08
2018-08-05, 13:55:15, 0.0, 7.29e-08
2018-08-05, 13:55:17, 0.0, 7.31e-08
2018-08-05, 13:55:19, 0.0, 7.26e-08
2018-08-05, 13:55:21, 0.0, 7.31e-08
2018-08-05, 13:55:23, 0.0, 7.33e-08
2018-08-05, 13:55:25, 0.0, 7.32e-08
2018-08-05, 13:55:27, 0.0, 7.36e-08
2018-08-05, 13:55:30, 0.0, 7.28e-08
2018-08-05, 13:55:32, 0.0, 7.31e-08
2018-08-05, 13:55:34, 0.0, 7.26e-08
2018-08-05, 13:55:36, 0.0, 7.29e-08
2018-08-05, 13:55:38, 0.0, 7.26e-08
2018-08-05, 13:55:40, 0.0, 7.22e-08
2018-08-05, 13:55:42, 0.0, 7.2e-08
2018-08-05, 13:55:44, 0.0, 7.34e-08
2018-08-05, 13:55:47, 0.0, 7.29e-08
2018-08-05, 13:55:49, 0.0, 7.26e-08
2018-08-05, 13:55:51, 0.0, 7.27e-08
2018-08-05, 13:55:53, 0.0, 7.23e-08
2018-08-05, 13:55:55, 0.0, 7.18e-08
2018-08-05, 13:55:57, 0.0, 7.29e-08
2018-08-05, 13:55:59, 0.0, 7.32e-08
2018-08-05, 13:56:02, 0.0, 7.25e-08
2018-08-05, 13:56:04, 0.0, 7.27e-08
2018-08-05, 13:56:06, 0.0, 7.33e-08
2018-08-05, 13:56:08, 0.0, 7.28e-08
2018-08-05, 13:56:10, 0.0, 7.3e-08
2018-08-05, 13:56:12, 0.0, 7.26e-08
2018-08-05, 13:56:14, 0.0, 7.27e-08
2018-08-05, 13:56:16, 0.0, 7.27e-08
2018-08-05, 13:56:19, 0.0, 7.25e-08
2018-08-05, 13:56:21, 0.0, 7.28e-08
2018-08-05, 13:56:23, 0.0, 7.26e-08
2018-08-05, 13:56:25, 0.0, 7.31e-08
2018-08-05, 13:56:27, 0.0, 7.34e-08
2018-08-05, 13:56:29, 0.0, 7.23e-08
2018-08-05, 13:56:31, 0.0, 7.3e-08
2018-08-05, 13:56:33, 0.0, 7.28e-08
2018-08-05, 13:56:36, 0.0, 7.3e-08
2018-08-05, 13:56:38, 0.0, 7.27e-08
2018-08-05, 13:56:40, 0.0, 7.31e-08
2018-08-05, 13:56:42, 0.0, 7.31e-08
2018-08-05, 13:56:44, 0.0, 7.32e-08
2018-08-05, 13:56:46, 0.0, 7.3e-08
2018-08-05, 13:56:48, 0.0, 7.32e-08
2018-08-05, 13:56:50, 0.0, 7.3e-08
2018-08-05, 13:56:53, 0.0, 7.25e-08
2018-08-05, 13:56:55, 0.0, 7.33e-08
2018-08-05, 13:56:57, 0.0, 7.3e-08
2018-08-05, 13:56:59, 0.0, 7.32e-08
2018-08-05, 13:57:01, 0.0, 7.24e-08
2018-08-05, 13:57:03, 0.0, 7.28e-08
2018-08-05, 13:57:05, 0.0, 7.25e-08
2018-08-05, 13:57:07, 0.0, 7.33e-08
2018-08-05, 13:57:10, 0.0, 7.31e-08
2018-08-05, 13:57:12, 0.0, 7.26e-08
2018-08-05, 13:57:14, 0.0, 7.27e-08
2018-08-05, 13:57:16, 0.0, 7.33e-08
2018-08-05, 13:57:18, 0.0, 7.23e-08
2018-08-05, 13:57:20, 0.0, 7.27e-08
2018-08-05, 13:57:22, 0.0, 7.25e-08
2018-08-05, 13:57:25, 0.0, 7.33e-08
2018-08-05, 13:57:27, 0.0, 7.22e-08
2018-08-05, 13:57:29, 0.0, 7.26e-08
2018-08-05, 13:57:31, 0.0, 7.28e-08
2018-08-05, 13:57:33, 0.0, 7.22e-08
2018-08-05, 13:57:35, 0.0, 7.24e-08
2018-08-05, 13:57:37, 0.0, 7.24e-08
2018-08-05, 13:57:39, 0.0, 7.31e-08
2018-08-05, 13:57:42, 0.0, 7.23e-08
2018-08-05, 13:57:44, 0.0, 7.22e-08
2018-08-05, 13:57:46, 0.0, 7.26e-08
2018-08-05, 13:57:48, 0.0, 7.27e-08
2018-08-05, 13:57:50, 0.0, 7.26e-08
2018-08-05, 13:57:52, 0.0, 7.28e-08
2018-08-05, 13:57:55, 0.0, 7.3e-08
2018-08-05, 13:57:57, 0.0, 7.3e-08
2018-08-05, 13:57:59, 0.0, 7.26e-08
2018-08-05, 13:58:01, 0.0, 7.32e-08
2018-08-05, 13:58:03, 0.0, 7.22e-08
2018-08-05, 13:58:05, 0.0, 7.25e-08
2018-08-05, 13:58:07, 0.0, 7.29e-08
2018-08-05, 13:58:09, 0.0, 7.31e-08
2018-08-05, 13:58:12, 0.0, 7.27e-08
2018-08-05, 13:58:14, 0.0, 7.26e-08
2018-08-05, 13:58:16, 0.0, 7.23e-08
2018-08-05, 13:58:18, 0.0, 7.26e-08
2018-08-05, 13:58:20, 0.0, 7.27e-08
2018-08-05, 13:58:22, 0.0, 7.36e-08
2018-08-05, 13:58:24, 0.0, 7.25e-08
2018-08-05, 13:58:26, 0.0, 7.25e-08
2018-08-05, 13:58:29, 0.0, 7.27e-08
2018-08-05, 13:58:31, 0.0, 7.31e-08
2018-08-05, 13:58:33, 0.0, 7.26e-08
2018-08-05, 13:58:35, 0.0, 7.29e-08
2018-08-05, 13:58:37, 0.0, 7.25e-08
2018-08-05, 13:58:39, 0.0, 7.33e-08
2018-08-05, 13:58:41, 0.0, 7.35e-08
2018-08-05, 13:58:43, 0.0, 7.29e-08
2018-08-05, 13:58:46, 0.0, 7.24e-08
2018-08-05, 13:58:48, 0.0, 7.23e-08
2018-08-05, 13:58:50, 0.0, 7.23e-08
2018-08-05, 13:58:52, 0.0, 7.31e-08
2018-08-05, 13:58:54, 0.0, 7.29e-08
2018-08-05, 13:58:56, 0.0, 7.25e-08
2018-08-05, 13:58:58, 0.0, 7.31e-08
2018-08-05, 13:59:00, 0.0, 7.31e-08
2018-08-05, 13:59:03, 0.0, 7.34e-08
2018-08-05, 13:59:05, 0.0, 7.31e-08
2018-08-05, 13:59:07, 0.0, 7.31e-08
2018-08-05, 13:59:09, 0.0, 7.3e-08
2018-08-05, 13:59:11, 0.0, 7.35e-08
2018-08-05, 13:59:13, 0.0, 7.33e-08
2018-08-05, 13:59:15, 0.0, 7.32e-08
2018-08-05, 13:59:17, 0.0, 7.31e-08
2018-08-05, 13:59:20, 0.0, 7.29e-08
2018-08-05, 13:59:22, 0.0, 7.3e-08
2018-08-05, 13:59:24, 0.0, 7.31e-08
2018-08-05, 13:59:26, 0.0, 7.27e-08
2018-08-05, 13:59:28, 0.0, 7.27e-08
2018-08-05, 13:59:30, 0.0, 7.29e-08
2018-08-05, 13:59:32, 0.0, 7.28e-08
2018-08-05, 13:59:34, 0.0, 7.27e-08
2018-08-05, 13:59:37, 0.0, 7.27e-08
2018-08-05, 13:59:39, 0.0, 7.26e-08
2018-08-05, 13:59:41, 0.0, 7.28e-08
2018-08-05, 13:59:43, 0.0, 7.26e-08
2018-08-05, 13:59:45, 0.0, 7.32e-08
2018-08-05, 13:59:47, 0.0, 7.32e-08
2018-08-05, 13:59:49, 0.0, 7.34e-08
2018-08-05, 13:59:51, 0.0, 7.35e-08
2018-08-05, 13:59:54, 0.0, 7.35e-08
2018-08-05, 13:59:56, 0.0, 7.31e-08
2018-08-05, 13:59:58, 0.0, 7.27e-08
2018-08-05, 14:00:00, 0.0, 7.26e-08
2018-08-05, 14:00:02, 0.0, 7.29e-08
2018-08-05, 14:00:04, 0.0, 7.36e-08
2018-08-05, 14:00:06, 0.0, 7.3e-08
2018-08-05, 14:00:09, 0.0, 7.31e-08
2018-08-05, 14:00:11, 0.0, 7.31e-08
2018-08-05, 14:00:13, 0.0, 7.33e-08
2018-08-05, 14:00:15, 0.0, 7.27e-08
2018-08-05, 14:00:17, 0.0, 7.33e-08
2018-08-05, 14:00:19, 0.0, 7.25e-08
2018-08-05, 14:00:21, 0.0, 7.27e-08
2018-08-05, 14:00:23, 0.0, 7.25e-08
2018-08-05, 14:00:26, 0.0, 7.31e-08
2018-08-05, 14:00:28, 0.0, 7.3e-08
2018-08-05, 14:00:30, 0.0, 7.25e-08
2018-08-05, 14:00:32, 0.0, 7.24e-08
2018-08-05, 14:00:34, 0.0, 7.33e-08
2018-08-05, 14:00:36, 0.0, 7.27e-08
2018-08-05, 14:00:38, 0.0, 7.27e-08
2018-08-05, 14:00:40, 0.0, 7.29e-08
2018-08-05, 14:00:43, 0.0, 7.25e-08
2018-08-05, 14:00:45, 0.0, 7.27e-08
2018-08-05, 14:00:47, 0.0, 7.25e-08
2018-08-05, 14:00:49, 0.0, 7.29e-08
2018-08-05, 14:00:51, 0.0, 7.28e-08
2018-08-05, 14:00:53, 0.0, 7.25e-08
2018-08-05, 14:00:55, 0.0, 7.31e-08
2018-08-05, 14:00:57, 0.0, 7.31e-08
2018-08-05, 14:01:00, 0.0, 7.31e-08
2018-08-05, 14:01:02, 0.0, 7.28e-08
2018-08-05, 14:01:04, 0.0, 7.36e-08
2018-08-05, 14:01:06, 0.0, 7.37e-08
2018-08-05, 14:01:08, 0.0, 7.27e-08
2018-08-05, 14:01:10, 0.0, 7.32e-08
2018-08-05, 14:01:12, 0.0, 7.27e-08
2018-08-05, 14:01:14, 0.0, 7.29e-08
2018-08-05, 14:01:17, 0.0, 7.33e-08
2018-08-05, 14:01:19, 0.0, 7.23e-08
2018-08-05, 14:01:21, 0.0, 7.34e-08
2018-08-05, 14:01:23, 0.0, 7.3e-08
2018-08-05, 14:01:25, 0.0, 7.32e-08
2018-08-05, 14:01:27, 0.0, 7.26e-08
2018-08-05, 14:01:29, 0.0, 7.3e-08
2018-08-05, 14:01:31, 0.0, 7.3e-08
2018-08-05, 14:01:34, 0.0, 7.26e-08
2018-08-05, 14:01:36, 0.0, 7.28e-08
2018-08-05, 14:01:38, 0.0, 7.31e-08
2018-08-05, 14:01:40, 0.0, 7.27e-08
2018-08-05, 14:01:42, 0.0, 7.28e-08
2018-08-05, 14:01:44, 0.0, 7.35e-08
2018-08-05, 14:01:46, 0.0, 7.29e-08
2018-08-05, 14:01:48, 0.0, 7.31e-08
2018-08-05, 14:01:51, 0.0, 7.28e-08
2018-08-05, 14:01:53, 0.0, 7.3e-08
2018-08-05, 14:01:55, 0.0, 7.29e-08
2018-08-05, 14:01:57, 0.0, 7.3e-08
2018-08-05, 14:01:59, 0.0, 7.31e-08
2018-08-05, 14:02:01, 0.0, 7.31e-08
2018-08-05, 14:02:03, 0.0, 7.29e-08
2018-08-05, 14:02:06, 0.0, 7.37e-08
2018-08-05, 14:02:08, 0.0, 7.32e-08
2018-08-05, 14:02:10, 0.0, 7.31e-08
2018-08-05, 14:02:12, 0.0, 7.29e-08
2018-08-05, 14:02:14, 0.0, 7.3e-08
2018-08-05, 14:02:16, 0.0, 7.32e-08
2018-08-05, 14:02:18, 0.0, 7.3e-08
2018-08-05, 14:02:20, 0.0, 7.3e-08
2018-08-05, 14:02:23, 0.0, 7.21e-08
2018-08-05, 14:02:25, 0.0, 7.28e-08
2018-08-05, 14:02:27, 0.0, 7.33e-08
2018-08-05, 14:02:29, 0.0, 7.32e-08
2018-08-05, 14:02:31, 0.0, 7.31e-08
2018-08-05, 14:02:33, 0.0, 7.3e-08
2018-08-05, 14:02:35, 0.0, 7.31e-08
2018-08-05, 14:02:37, 0.0, 7.32e-08
2018-08-05, 14:02:40, 0.0, 7.31e-08
2018-08-05, 14:02:42, 0.0, 7.31e-08
2018-08-05, 14:02:44, 0.0, 7.31e-08
2018-08-05, 14:02:46, 0.0, 7.36e-08
2018-08-05, 14:02:48, 0.0, 7.24e-08
2018-08-05, 14:02:50, 0.0, 7.37e-08
2018-08-05, 14:02:52, 0.0, 7.37e-08
2018-08-05, 14:02:54, 0.0, 7.31e-08
2018-08-05, 14:02:57, 0.0, 7.35e-08
2018-08-05, 14:02:59, 0.0, 7.31e-08
2018-08-05, 14:03:01, 0.0, 7.28e-08
2018-08-05, 14:03:03, 0.0, 7.28e-08
2018-08-05, 14:03:05, 0.0, 7.24e-08
2018-08-05, 14:03:07, 0.0, 7.23e-08
2018-08-05, 14:03:09, 0.0, 7.21e-08
2018-08-05, 14:03:11, 0.0, 7.24e-08
2018-08-05, 14:03:14, 0.0, 7.28e-08
2018-08-05, 14:03:16, 0.0, 7.24e-08
2018-08-05, 14:03:18, 0.0, 7.25e-08
2018-08-05, 14:03:20, 0.0, 7.25e-08
2018-08-05, 14:03:22, 0.0, 7.21e-08
2018-08-05, 14:03:24, 0.0, 7.27e-08
2018-08-05, 14:03:26, 0.0, 7.23e-08
2018-08-05, 14:03:28, 0.0, 7.27e-08
2018-08-05, 14:03:31, 0.0, 7.22e-08
2018-08-05, 14:03:33, 0.0, 7.26e-08
2018-08-05, 14:03:35, 0.0, 7.37e-08
2018-08-05, 14:03:37, 0.0, 7.23e-08
2018-08-05, 14:03:39, 0.0, 7.24e-08
2018-08-05, 14:03:41, 0.0, 7.2e-08
2018-08-05, 14:03:43, 0.0, 7.28e-08
2018-08-05, 14:03:45, 0.0, 7.31e-08
2018-08-05, 14:03:48, 0.0, 7.3e-08
2018-08-05, 14:03:50, 0.0, 7.33e-08
2018-08-05, 14:03:52, 0.0, 7.25e-08
2018-08-05, 14:03:54, 0.0, 7.31e-08
2018-08-05, 14:03:56, 0.0, 7.28e-08
2018-08-05, 14:03:58, 0.0, 7.23e-08
2018-08-05, 14:04:00, 0.0, 7.26e-08
2018-08-05, 14:04:02, 0.0, 7.27e-08
2018-08-05, 14:04:05, 0.0, 7.3e-08
2018-08-05, 14:04:07, 0.0, 7.27e-08
2018-08-05, 14:04:09, 0.0, 7.26e-08
2018-08-05, 14:04:11, 0.0, 7.24e-08
2018-08-05, 14:04:13, 0.0, 7.27e-08
2018-08-05, 14:04:15, 0.0, 7.29e-08
2018-08-05, 14:04:17, 0.0, 7.29e-08
2018-08-05, 14:04:19, 0.0, 7.26e-08
2018-08-05, 14:04:22, 0.0, 7.24e-08
2018-08-05, 14:04:24, 0.0, 7.31e-08
2018-08-05, 14:04:26, 0.0, 7.31e-08
2018-08-05, 14:04:28, 0.0, 7.23e-08
2018-08-05, 14:04:30, 0.0, 7.26e-08
2018-08-05, 14:04:32, 0.0, 7.3e-08
2018-08-05, 14:04:34, 0.0, 7.25e-08
2018-08-05, 14:04:36, 0.0, 7.31e-08
2018-08-05, 14:04:39, 0.0, 7.28e-08
2018-08-05, 14:04:41, 0.0, 7.3e-08
2018-08-05, 14:04:43, 0.0, 7.3e-08
2018-08-05, 14:04:45, 0.0, 7.32e-08
2018-08-05, 14:04:47, 0.0, 7.32e-08
2018-08-05, 14:04:49, 0.0, 7.34e-08
2018-08-05, 14:04:51, 0.0, 7.26e-08
2018-08-05, 14:04:54, 0.0, 7.34e-08
2018-08-05, 14:04:56, 0.0, 7.3e-08
2018-08-05, 14:04:58, 0.0, 7.26e-08
2018-08-05, 14:05:00, 0.0, 7.31e-08
2018-08-05, 14:05:02, 0.0, 7.31e-08
2018-08-05, 14:05:04, 0.0, 7.29e-08
2018-08-05, 14:05:06, 0.0, 7.3e-08
2018-08-05, 14:05:08, 0.0, 7.28e-08
2018-08-05, 14:05:11, 0.0, 7.33e-08
2018-08-05, 14:05:13, 0.0, 7.27e-08
2018-08-05, 14:05:15, 0.0, 7.34e-08
2018-08-05, 14:05:17, 0.0, 7.33e-08
2018-08-05, 14:05:19, 0.0, 7.29e-08
2018-08-05, 14:05:21, 0.0, 7.31e-08
2018-08-05, 14:05:23, 0.0, 7.35e-08
2018-08-05, 14:05:25, 0.0, 7.38e-08
2018-08-05, 14:05:28, 0.0, 7.29e-08
2018-08-05, 14:05:30, 0.0, 7.28e-08
2018-08-05, 14:05:32, 0.0, 7.3e-08
2018-08-05, 14:05:34, 0.0, 7.37e-08
2018-08-05, 14:05:36, 0.0, 7.34e-08
2018-08-05, 14:05:38, 0.0, 7.27e-08
2018-08-05, 14:05:40, 0.0, 7.33e-08
2018-08-05, 14:05:42, 0.0, 7.36e-08
2018-08-05, 14:05:45, 0.0, 7.31e-08
2018-08-05, 14:05:47, 0.0, 7.34e-08
2018-08-05, 14:05:49, 0.0, 7.33e-08
2018-08-05, 14:05:51, 0.0, 7.39e-08
2018-08-05, 14:05:53, 0.0, 7.34e-08
2018-08-05, 14:05:55, 0.0, 7.29e-08
2018-08-05, 14:05:57, 0.0, 7.33e-08
2018-08-05, 14:05:59, 0.0, 7.38e-08
2018-08-05, 14:06:02, 0.0, 7.39e-08
2018-08-05, 14:06:04, 0.0, 7.36e-08
2018-08-05, 14:06:06, 0.0, 7.32e-08
2018-08-05, 14:06:08, 0.0, 7.33e-08
2018-08-05, 14:06:10, 0.0, 7.32e-08
2018-08-05, 14:06:12, 0.0, 7.3e-08
2018-08-05, 14:06:14, 0.0, 7.31e-08
2018-08-05, 14:06:16, 0.0, 7.28e-08
2018-08-05, 14:06:19, 0.0, 7.35e-08
2018-08-05, 14:06:21, 0.0, 7.32e-08
2018-08-05, 14:06:23, 0.0, 7.29e-08
2018-08-05, 14:06:25, 0.0, 7.36e-08
2018-08-05, 14:06:27, 0.0, 7.28e-08
2018-08-05, 14:06:29, 0.0, 7.37e-08
2018-08-05, 14:06:31, 0.0, 7.38e-08
2018-08-05, 14:06:33, 0.0, 7.3e-08
2018-08-05, 14:06:36, 0.0, 7.37e-08
2018-08-05, 14:06:38, 0.0, 7.29e-08
2018-08-05, 14:06:40, 0.0, 7.29e-08
2018-08-05, 14:06:42, 0.0, 7.34e-08
2018-08-05, 14:06:44, 0.0, 7.32e-08
2018-08-05, 14:06:46, 0.0, 7.31e-08
2018-08-05, 14:06:48, 0.0, 7.31e-08
2018-08-05, 14:06:50, 0.0, 7.34e-08
2018-08-05, 14:06:53, 0.0, 7.27e-08
2018-08-05, 14:06:55, 0.0, 7.37e-08
2018-08-05, 14:06:57, 0.0, 7.39e-08
2018-08-05, 14:06:59, 0.0, 7.37e-08
2018-08-05, 14:07:01, 0.0, 7.41e-08
2018-08-05, 14:07:03, 0.0, 7.23e-08
2018-08-05, 14:07:05, 0.0, 7.26e-08
2018-08-05, 14:07:07, 0.0, 7.3e-08
2018-08-05, 14:07:10, 0.0, 7.23e-08
2018-08-05, 14:07:12, 0.0, 7.33e-08
2018-08-05, 14:07:14, 0.0, 7.27e-08
2018-08-05, 14:07:16, 0.0, 7.28e-08
2018-08-05, 14:07:18, 0.0, 7.3e-08
2018-08-05, 14:07:20, 0.0, 7.36e-08
2018-08-05, 14:07:22, 0.0, 7.34e-08
2018-08-05, 14:07:24, 0.0, 7.36e-08
2018-08-05, 14:07:27, 0.0, 7.32e-08
2018-08-05, 14:07:29, 0.0, 7.39e-08
2018-08-05, 14:07:31, 0.0, 7.42e-08
2018-08-05, 14:07:33, 0.0, 7.37e-08
2018-08-05, 14:07:35, 0.0, 7.37e-08
2018-08-05, 14:07:37, 0.0, 7.39e-08
2018-08-05, 14:07:39, 0.0, 7.33e-08
2018-08-05, 14:07:41, 0.0, 7.39e-08
2018-08-05, 14:07:44, 0.0, 7.35e-08
2018-08-05, 14:07:46, 0.0, 7.29e-08
2018-08-05, 14:07:48, 0.0, 7.39e-08
2018-08-05, 14:07:50, 0.0, 7.34e-08
2018-08-05, 14:07:52, 0.0, 7.35e-08
2018-08-05, 14:07:54, 0.0, 7.32e-08
2018-08-05, 14:07:56, 0.0, 7.34e-08
2018-08-05, 14:07:58, 0.0, 7.36e-08
2018-08-05, 14:08:01, 0.0, 7.33e-08
2018-08-05, 14:08:03, 0.0, 7.32e-08
2018-08-05, 14:08:05, 0.0, 7.35e-08
2018-08-05, 14:08:07, 0.0, 7.39e-08
2018-08-05, 14:08:09, 0.0, 7.33e-08
2018-08-05, 14:08:11, 0.0, 7.34e-08
2018-08-05, 14:08:13, 0.0, 7.31e-08
2018-08-05, 14:08:15, 0.0, 7.36e-08
2018-08-05, 14:08:18, 0.0, 7.28e-08
2018-08-05, 14:08:20, 0.0, 7.36e-08
2018-08-05, 14:08:22, 0.0, 7.32e-08
2018-08-05, 14:08:24, 0.0, 7.34e-08
2018-08-05, 14:08:26, 0.0, 7.33e-08
2018-08-05, 14:08:28, 0.0, 7.37e-08
2018-08-05, 14:08:30, 0.0, 7.36e-08
2018-08-05, 14:08:33, 0.0, 7.39e-08
2018-08-05, 14:08:35, 0.0, 7.39e-08
2018-08-05, 14:08:37, 0.0, 7.38e-08
2018-08-05, 14:08:39, 0.0, 7.33e-08
2018-08-05, 14:08:41, 0.0, 7.37e-08
2018-08-05, 14:08:43, 0.0, 7.34e-08
2018-08-05, 14:08:45, 0.0, 7.34e-08
2018-08-05, 14:08:47, 0.0, 7.39e-08
2018-08-05, 14:08:50, 0.0, 7.35e-08
2018-08-05, 14:08:52, 0.0, 7.33e-08
2018-08-05, 14:08:54, 0.0, 7.32e-08
2018-08-05, 14:08:56, 0.0, 7.3e-08
2018-08-05, 14:08:58, 0.0, 7.35e-08
2018-08-05, 14:09:00, 0.0, 7.33e-08
2018-08-05, 14:09:02, 0.0, 7.33e-08
2018-08-05, 14:09:04, 0.0, 7.28e-08
2018-08-05, 14:09:07, 0.0, 7.34e-08
2018-08-05, 14:09:09, 0.0, 7.33e-08
2018-08-05, 14:09:11, 0.0, 7.33e-08
2018-08-05, 14:09:13, 0.0, 7.37e-08
2018-08-05, 14:09:15, 0.0, 7.34e-08
2018-08-05, 14:09:17, 0.0, 7.36e-08
2018-08-05, 14:09:19, 0.0, 7.38e-08
2018-08-05, 14:09:21, 0.0, 7.32e-08
2018-08-05, 14:09:24, 0.0, 7.33e-08
2018-08-05, 14:09:26, 0.0, 7.3e-08
2018-08-05, 14:09:28, 0.0, 7.34e-08
2018-08-05, 14:09:30, 0.0, 7.36e-08
2018-08-05, 14:09:32, 0.0, 7.29e-08
2018-08-05, 14:09:34, 0.0, 7.32e-08
2018-08-05, 14:09:36, 0.0, 7.3e-08
2018-08-05, 14:09:38, 0.0, 7.36e-08
2018-08-05, 14:09:41, 0.0, 7.33e-08
2018-08-05, 14:09:43, 0.0, 7.35e-08
2018-08-05, 14:09:45, 0.0, 7.38e-08
2018-08-05, 14:09:47, 0.0, 7.38e-08
2018-08-05, 14:09:49, 0.0, 7.28e-08
2018-08-05, 14:09:51, 0.0, 7.35e-08
2018-08-05, 14:09:53, 0.0, 7.38e-08
2018-08-05, 14:09:55, 0.0, 7.33e-08
2018-08-05, 14:09:58, 0.0, 7.33e-08
2018-08-05, 14:10:00, 0.0, 7.38e-08
2018-08-05, 14:10:02, 0.0, 7.35e-08
2018-08-05, 14:10:04, 0.0, 7.32e-08
2018-08-05, 14:10:06, 0.0, 7.38e-08
2018-08-05, 14:10:08, 0.0, 7.38e-08
2018-08-05, 14:10:10, 0.0, 7.34e-08
2018-08-05, 14:10:13, 0.0, 7.32e-08
2018-08-05, 14:10:15, 0.0, 7.31e-08
2018-08-05, 14:10:17, 0.0, 7.32e-08
2018-08-05, 14:10:19, 0.0, 7.29e-08
2018-08-05, 14:10:21, 0.0, 7.38e-08
2018-08-05, 14:10:23, 0.0, 7.32e-08
2018-08-05, 14:10:25, 0.0, 7.34e-08
2018-08-05, 14:10:27, 0.0, 7.38e-08
2018-08-05, 14:10:30, 0.0, 7.37e-08
2018-08-05, 14:10:32, 0.0, 7.31e-08
2018-08-05, 14:10:34, 0.0, 7.31e-08
2018-08-05, 14:10:36, 0.0, 7.34e-08
2018-08-05, 14:10:38, 0.0, 7.35e-08
2018-08-05, 14:10:40, 0.0, 7.33e-08
2018-08-05, 14:10:42, 0.0, 7.33e-08
2018-08-05, 14:10:44, 0.0, 7.34e-08
2018-08-05, 14:10:47, 0.0, 7.29e-08
2018-08-05, 14:10:49, 0.0, 7.31e-08
2018-08-05, 14:10:51, 0.0, 7.28e-08
2018-08-05, 14:10:53, 0.0, 7.31e-08
2018-08-05, 14:10:55, 0.0, 7.34e-08
2018-08-05, 14:10:57, 0.0, 7.33e-08
2018-08-05, 14:10:59, 0.0, 7.32e-08
2018-08-05, 14:11:02, 0.0, 7.29e-08
2018-08-05, 14:11:04, 0.0, 7.34e-08
2018-08-05, 14:11:06, 0.0, 7.31e-08
2018-08-05, 14:11:08, 0.0, 7.34e-08
2018-08-05, 14:11:10, 0.0, 7.37e-08
2018-08-05, 14:11:12, 0.0, 7.35e-08
2018-08-05, 14:11:14, 0.0, 7.36e-08
2018-08-05, 14:11:16, 0.0, 7.36e-08
2018-08-05, 14:11:19, 0.0, 7.3e-08
2018-08-05, 14:11:21, 0.0, 7.3e-08
2018-08-05, 14:11:23, 0.0, 7.34e-08
2018-08-05, 14:11:25, 0.0, 7.36e-08
2018-08-05, 14:11:27, 0.0, 7.37e-08
2018-08-05, 14:11:29, 0.0, 7.35e-08
2018-08-05, 14:11:31, 0.0, 7.36e-08
2018-08-05, 14:11:33, 0.0, 7.29e-08
2018-08-05, 14:11:36, 0.0, 7.32e-08
2018-08-05, 14:11:38, 0.0, 7.3e-08
2018-08-05, 14:11:40, 0.0, 7.32e-08
2018-08-05, 14:11:42, 0.0, 7.29e-08
2018-08-05, 14:11:44, 0.0, 7.35e-08
2018-08-05, 14:11:46, 0.0, 7.33e-08
2018-08-05, 14:11:48, 0.0, 7.32e-08
2018-08-05, 14:11:50, 0.0, 7.35e-08
2018-08-05, 14:11:53, 0.0, 7.31e-08
2018-08-05, 14:11:55, 0.0, 7.3e-08
2018-08-05, 14:11:57, 0.0, 7.34e-08
2018-08-05, 14:11:59, 0.0, 7.29e-08
2018-08-05, 14:12:01, 0.0, 7.34e-08
2018-08-05, 14:12:03, 0.0, 7.33e-08
2018-08-05, 14:12:05, 0.0, 7.33e-08
2018-08-05, 14:12:08, 0.0, 7.37e-08
2018-08-05, 14:12:10, 0.0, 7.29e-08
2018-08-05, 14:12:12, 0.0, 7.35e-08
2018-08-05, 14:12:14, 0.0, 7.27e-08
2018-08-05, 14:12:16, 0.0, 7.33e-08
2018-08-05, 14:12:18, 0.0, 7.34e-08
2018-08-05, 14:12:20, 0.0, 7.32e-08
2018-08-05, 14:12:22, 0.0, 7.37e-08
2018-08-05, 14:12:25, 0.0, 7.29e-08
2018-08-05, 14:12:27, 0.0, 7.32e-08
2018-08-05, 14:12:29, 0.0, 7.37e-08
2018-08-05, 14:12:31, 0.0, 7.37e-08
2018-08-05, 14:12:33, 0.0, 7.35e-08
2018-08-05, 14:12:35, 0.0, 7.38e-08
2018-08-05, 14:12:37, 0.0, 7.4e-08
2018-08-05, 14:12:39, 0.0, 7.34e-08
2018-08-05, 14:12:41, 0.0, 7.38e-08
2018-08-05, 14:12:44, 0.0, 7.34e-08
2018-08-05, 14:12:46, 0.0, 7.38e-08
2018-08-05, 14:12:48, 0.0, 7.3e-08
2018-08-05, 14:12:50, 0.0, 7.37e-08
2018-08-05, 14:12:52, 0.0, 7.39e-08
2018-08-05, 14:12:54, 0.0, 7.37e-08
2018-08-05, 14:12:56, 0.0, 7.36e-08
2018-08-05, 14:12:59, 0.0, 7.37e-08
2018-08-05, 14:13:01, 0.0, 7.35e-08
2018-08-05, 14:13:03, 0.0, 7.33e-08
2018-08-05, 14:13:05, 0.0, 7.35e-08
2018-08-05, 14:13:07, 0.0, 7.35e-08
2018-08-05, 14:13:09, 0.0, 7.34e-08
2018-08-05, 14:13:11, 0.0, 7.35e-08
2018-08-05, 14:13:13, 0.0, 7.32e-08
2018-08-05, 14:13:16, 0.0, 7.38e-08
2018-08-05, 14:13:18, 0.0, 7.37e-08
2018-08-05, 14:13:20, 0.0, 7.32e-08
2018-08-05, 14:13:22, 0.0, 7.38e-08
2018-08-05, 14:13:24, 0.0, 7.31e-08
2018-08-05, 14:13:26, 0.0, 7.32e-08
2018-08-05, 14:13:28, 0.0, 7.32e-08
2018-08-05, 14:13:30, 0.0, 7.35e-08
2018-08-05, 14:13:33, 0.0, 7.33e-08
2018-08-05, 14:13:35, 0.0, 7.37e-08
2018-08-05, 14:13:37, 0.0, 7.35e-08
2018-08-05, 14:13:39, 0.0, 7.34e-08
2018-08-05, 14:13:41, 0.0, 7.36e-08
2018-08-05, 14:13:43, 0.0, 7.36e-08
2018-08-05, 14:13:45, 0.0, 7.32e-08
2018-08-05, 14:13:47, 0.0, 7.39e-08
2018-08-05, 14:13:50, 0.0, 7.36e-08
2018-08-05, 14:13:52, 0.0, 7.34e-08
2018-08-05, 14:13:54, 0.0, 7.31e-08
2018-08-05, 14:13:56, 0.0, 7.34e-08
2018-08-05, 14:13:58, 0.0, 7.33e-08
2018-08-05, 14:14:00, 0.0, 7.38e-08
2018-08-05, 14:14:02, 0.0, 7.31e-08
2018-08-05, 14:14:04, 0.0, 7.29e-08
2018-08-05, 14:14:07, 0.0, 7.34e-08
2018-08-05, 14:14:09, 0.0, 7.34e-08
2018-08-05, 14:14:11, 0.0, 7.36e-08
2018-08-05, 14:14:13, 0.0, 7.3e-08
2018-08-05, 14:14:15, 0.0, 7.32e-08
2018-08-05, 14:14:17, 0.0, 7.31e-08
2018-08-05, 14:14:19, 0.0, 7.32e-08
2018-08-05, 14:14:21, 0.0, 7.35e-08
2018-08-05, 14:14:24, 0.0, 7.29e-08
2018-08-05, 14:14:26, 0.0, 7.28e-08
2018-08-05, 14:14:28, 0.0, 7.32e-08
2018-08-05, 14:14:30, 0.0, 7.27e-08
2018-08-05, 14:14:32, 0.0, 7.34e-08
2018-08-05, 14:14:34, 0.0, 7.34e-08
2018-08-05, 14:14:36, 0.0, 7.29e-08
2018-08-05, 14:14:38, 0.0, 7.27e-08
2018-08-05, 14:14:41, 0.0, 7.3e-08
2018-08-05, 14:14:43, 0.0, 7.31e-08
2018-08-05, 14:14:45, 0.0, 7.31e-08
2018-08-05, 14:14:47, 0.0, 7.28e-08
2018-08-05, 14:14:49, 0.0, 7.28e-08
2018-08-05, 14:14:51, 0.0, 7.26e-08
2018-08-05, 14:14:53, 0.0, 7.3e-08
2018-08-05, 14:14:55, 0.0, 7.32e-08
2018-08-05, 14:14:58, 0.0, 7.33e-08
2018-08-05, 14:15:00, 0.0, 7.31e-08
2018-08-05, 14:15:02, 0.0, 7.3e-08
2018-08-05, 14:15:04, 0.0, 7.29e-08
2018-08-05, 14:15:06, 0.0, 7.35e-08
2018-08-05, 14:15:08, 0.0, 7.31e-08
2018-08-05, 14:15:10, 0.0, 7.26e-08
2018-08-05, 14:15:12, 0.0, 7.35e-08
2018-08-05, 14:15:15, 0.0, 7.36e-08
2018-08-05, 14:15:17, 0.0, 7.29e-08
2018-08-05, 14:15:19, 0.0, 7.24e-08
2018-08-05, 14:15:21, 0.0, 7.25e-08
2018-08-05, 14:15:23, 0.0, 7.3e-08
2018-08-05, 14:15:25, 0.0, 7.32e-08
2018-08-05, 14:15:27, 0.0, 7.28e-08
2018-08-05, 14:15:29, 0.0, 7.29e-08
2018-08-05, 14:15:32, 0.0, 7.32e-08
2018-08-05, 14:15:34, 0.0, 7.3e-08
2018-08-05, 14:15:36, 0.0, 7.27e-08
2018-08-05, 14:15:38, 0.0, 7.31e-08
2018-08-05, 14:15:40, 0.0, 7.28e-08
2018-08-05, 14:15:42, 0.0, 7.27e-08
2018-08-05, 14:15:44, 0.0, 7.25e-08
2018-08-05, 14:15:46, 0.0, 7.29e-08
2018-08-05, 14:15:49, 0.0, 7.27e-08
2018-08-05, 14:15:51, 0.0, 7.27e-08
2018-08-05, 14:15:53, 0.0, 7.26e-08
2018-08-05, 14:15:55, 0.0, 7.25e-08
2018-08-05, 14:15:57, 0.0, 7.24e-08
2018-08-05, 14:15:59, 0.0, 7.31e-08
2018-08-05, 14:16:01, 0.0, 7.31e-08
2018-08-05, 14:16:04, 0.0, 7.29e-08
2018-08-05, 14:16:06, 0.0, 7.3e-08
2018-08-05, 14:16:08, 0.0, 7.3e-08
2018-08-05, 14:16:10, 0.0, 7.34e-08
2018-08-05, 14:16:12, 0.0, 7.31e-08
2018-08-05, 14:16:14, 0.0, 7.33e-08
2018-08-05, 14:16:16, 0.0, 7.31e-08
2018-08-05, 14:16:18, 0.0, 7.32e-08
2018-08-05, 14:16:21, 0.0, 7.25e-08
2018-08-05, 14:16:23, 0.0, 7.34e-08
2018-08-05, 14:16:25, 0.0, 7.32e-08
2018-08-05, 14:16:27, 0.0, 7.31e-08
2018-08-05, 14:16:29, 0.0, 7.33e-08
2018-08-05, 14:16:31, 0.0, 7.34e-08
2018-08-05, 14:16:33, 0.0, 7.32e-08
2018-08-05, 14:16:35, 0.0, 7.28e-08
2018-08-05, 14:16:38, 0.0, 7.35e-08
2018-08-05, 14:16:40, 0.0, 7.34e-08
2018-08-05, 14:16:42, 0.0, 7.31e-08
2018-08-05, 14:16:44, 0.0, 7.34e-08
2018-08-05, 14:16:46, 0.0, 7.33e-08
2018-08-05, 14:16:48, 0.0, 7.26e-08
2018-08-05, 14:16:50, 0.0, 7.34e-08
2018-08-05, 14:16:52, 0.0, 7.3e-08
2018-08-05, 14:16:55, 0.0, 7.3e-08
2018-08-05, 14:16:57, 0.0, 7.34e-08
2018-08-05, 14:16:59, 0.0, 7.37e-08
2018-08-05, 14:17:01, 0.0, 7.34e-08
2018-08-05, 14:17:03, 0.0, 7.27e-08
2018-08-05, 14:17:05, 0.0, 7.36e-08
2018-08-05, 14:17:07, 0.0, 7.29e-08
2018-08-05, 14:17:09, 0.0, 7.38e-08
2018-08-05, 14:17:12, 0.0, 7.35e-08
2018-08-05, 14:17:14, 0.0, 7.3e-08
2018-08-05, 14:17:16, 0.0, 7.27e-08
2018-08-05, 14:17:18, 0.0, 7.37e-08
2018-08-05, 14:17:20, 0.0, 7.38e-08
2018-08-05, 14:17:22, 0.0, 7.34e-08
2018-08-05, 14:17:24, 0.0, 7.37e-08
2018-08-05, 14:17:27, 0.0, 7.33e-08
2018-08-05, 14:17:29, 0.0, 7.29e-08
2018-08-05, 14:17:31, 0.0, 7.28e-08
2018-08-05, 14:17:33, 0.0, 7.28e-08
2018-08-05, 14:17:35, 0.0, 7.33e-08
2018-08-05, 14:17:37, 0.0, 7.31e-08
2018-08-05, 14:17:39, 0.0, 7.35e-08
2018-08-05, 14:17:41, 0.0, 7.31e-08
2018-08-05, 14:17:44, 0.0, 7.36e-08
2018-08-05, 14:17:46, 0.0, 7.37e-08
2018-08-05, 14:17:48, 0.0, 7.35e-08
2018-08-05, 14:17:50, 0.0, 7.33e-08
2018-08-05, 14:17:52, 0.0, 7.38e-08
2018-08-05, 14:17:54, 0.0, 7.33e-08
2018-08-05, 14:17:56, 0.0, 7.33e-08
2018-08-05, 14:17:58, 0.0, 7.35e-08
2018-08-05, 14:18:01, 0.0, 7.33e-08
2018-08-05, 14:18:03, 0.0, 7.33e-08
2018-08-05, 14:18:05, 0.0, 7.36e-08
2018-08-05, 14:18:07, 0.0, 7.33e-08
2018-08-05, 14:18:09, 0.0, 7.32e-08
2018-08-05, 14:18:11, 0.0, 7.4e-08
2018-08-05, 14:18:13, 0.0, 7.34e-08
2018-08-05, 14:18:15, 0.0, 7.29e-08
2018-08-05, 14:18:18, 0.0, 7.28e-08
2018-08-05, 14:18:20, 0.0, 7.36e-08
2018-08-05, 14:18:22, 0.0, 7.3e-08
2018-08-05, 14:18:24, 0.0, 7.36e-08
2018-08-05, 14:18:26, 0.0, 7.39e-08
2018-08-05, 14:18:28, 0.0, 7.38e-08
2018-08-05, 14:18:30, 0.0, 7.32e-08
2018-08-05, 14:18:32, 0.0, 7.35e-08
2018-08-05, 14:18:35, 0.0, 7.31e-08
2018-08-05, 14:18:37, 0.0, 7.37e-08
2018-08-05, 14:18:39, 0.0, 7.32e-08
2018-08-05, 14:18:41, 0.0, 7.31e-08
2018-08-05, 14:18:43, 0.0, 7.33e-08
2018-08-05, 14:18:45, 0.0, 7.4e-08
2018-08-05, 14:18:47, 0.0, 7.35e-08
2018-08-05, 14:18:49, 0.0, 7.39e-08
2018-08-05, 14:18:52, 0.0, 7.36e-08
2018-08-05, 14:18:54, 0.0, 7.24e-08
2018-08-05, 14:18:56, 0.0, 7.33e-08
2018-08-05, 14:18:58, 0.0, 7.29e-08
2018-08-05, 14:19:00, 0.0, 7.3e-08
2018-08-05, 14:19:02, 0.0, 7.35e-08
2018-08-05, 14:19:04, 0.0, 7.35e-08
2018-08-05, 14:19:06, 0.0, 7.28e-08
2018-08-05, 14:19:09, 0.0, 7.35e-08
2018-08-05, 14:19:11, 0.0, 7.32e-08
2018-08-05, 14:19:13, 0.0, 7.35e-08
2018-08-05, 14:19:15, 0.0, 7.31e-08
2018-08-05, 14:19:17, 0.0, 7.31e-08
2018-08-05, 14:19:19, 0.0, 7.3e-08
2018-08-05, 14:19:21, 0.0, 7.24e-08
2018-08-05, 14:19:23, 0.0, 7.3e-08
2018-08-05, 14:19:26, 0.0, 7.33e-08
2018-08-05, 14:19:28, 0.0, 7.38e-08
2018-08-05, 14:19:30, 0.0, 7.36e-08
2018-08-05, 14:19:32, 0.0, 7.29e-08
2018-08-05, 14:19:34, 0.0, 7.35e-08
2018-08-05, 14:19:36, 0.0, 7.36e-08
2018-08-05, 14:19:38, 0.0, 7.36e-08
2018-08-05, 14:19:40, 0.0, 7.36e-08
2018-08-05, 14:19:43, 0.0, 7.38e-08
2018-08-05, 14:19:45, 0.0, 7.25e-08
2018-08-05, 14:19:47, 0.0, 7.29e-08
2018-08-05, 14:19:49, 0.0, 7.37e-08
2018-08-05, 14:19:51, 0.0, 7.32e-08
2018-08-05, 14:19:53, 0.0, 7.27e-08
2018-08-05, 14:19:55, 0.0, 7.33e-08
2018-08-05, 14:19:57, 0.0, 7.32e-08
2018-08-05, 14:20:00, 0.0, 7.3e-08
2018-08-05, 14:20:02, 0.0, 7.29e-08
2018-08-05, 14:20:04, 0.0, 7.28e-08
2018-08-05, 14:20:06, 0.0, 7.31e-08
2018-08-05, 14:20:08, 0.0, 7.35e-08
2018-08-05, 14:20:10, 0.0, 7.32e-08
2018-08-05, 14:20:12, 0.0, 7.26e-08
2018-08-05, 14:20:14, 0.0, 7.31e-08
2018-08-05, 14:20:17, 0.0, 7.3e-08
2018-08-05, 14:20:19, 0.0, 7.38e-08
2018-08-05, 14:20:21, 0.0, 7.36e-08
2018-08-05, 14:20:23, 0.0, 7.37e-08
2018-08-05, 14:20:25, 0.0, 7.34e-08
2018-08-05, 14:20:27, 0.0, 7.33e-08
2018-08-05, 14:20:29, 0.0, 7.32e-08
2018-08-05, 14:20:32, 0.0, 7.34e-08
2018-08-05, 14:20:34, 0.0, 7.4e-08
2018-08-05, 14:20:36, 0.0, 7.36e-08
2018-08-05, 14:20:38, 0.0, 7.26e-08
2018-08-05, 14:20:40, 0.0, 7.26e-08
2018-08-05, 14:20:42, 0.0, 7.35e-08
2018-08-05, 14:20:44, 0.0, 7.3e-08
2018-08-05, 14:20:46, 0.0, 7.32e-08
2018-08-05, 14:20:49, 0.0, 7.32e-08
2018-08-05, 14:20:51, 0.0, 7.33e-08
2018-08-05, 14:20:53, 0.0, 7.35e-08
2018-08-05, 14:20:55, 0.0, 7.33e-08
2018-08-05, 14:20:57, 0.0, 7.32e-08
2018-08-05, 14:20:59, 0.0, 7.31e-08
2018-08-05, 14:21:01, 0.0, 7.38e-08
2018-08-05, 14:21:03, 0.0, 7.35e-08
2018-08-05, 14:21:06, 0.0, 7.36e-08
2018-08-05, 14:21:08, 0.0, 7.36e-08
2018-08-05, 14:21:10, 0.0, 7.32e-08
2018-08-05, 14:21:12, 0.0, 7.34e-08
2018-08-05, 14:21:14, 0.0, 7.38e-08
2018-08-05, 14:21:16, 0.0, 7.31e-08
2018-08-05, 14:21:18, 0.0, 7.3e-08
2018-08-05, 14:21:20, 0.0, 7.36e-08
2018-08-05, 14:21:23, 0.0, 7.25e-08
2018-08-05, 14:21:25, 0.0, 7.36e-08
2018-08-05, 14:21:27, 0.0, 7.36e-08
2018-08-05, 14:21:29, 0.0, 7.27e-08
2018-08-05, 14:21:31, 0.0, 7.3e-08
2018-08-05, 14:21:33, 0.0, 7.27e-08
2018-08-05, 14:21:36, 0.0, 7.29e-08
2018-08-05, 14:21:38, 0.0, 7.32e-08
2018-08-05, 14:21:40, 0.0, 7.35e-08
2018-08-05, 14:21:42, 0.0, 7.34e-08
2018-08-05, 14:21:44, 0.0, 7.34e-08
2018-08-05, 14:21:46, 0.0, 7.31e-08
2018-08-05, 14:21:48, 0.0, 7.31e-08
2018-08-05, 14:21:50, 0.0, 7.31e-08
2018-08-05, 14:21:53, 0.0, 7.32e-08
2018-08-05, 14:21:55, 0.0, 7.32e-08
2018-08-05, 14:21:57, 0.0, 7.34e-08
2018-08-05, 14:21:59, 0.0, 7.33e-08
2018-08-05, 14:22:01, 0.0, 7.36e-08
2018-08-05, 14:22:03, 0.0, 7.32e-08
2018-08-05, 14:22:05, 0.0, 7.33e-08
2018-08-05, 14:22:07, 0.0, 7.35e-08
2018-08-05, 14:22:10, 0.0, 7.35e-08
2018-08-05, 14:22:12, 0.0, 7.27e-08
2018-08-05, 14:22:14, 0.0, 7.3e-08
2018-08-05, 14:22:16, 0.0, 7.33e-08
2018-08-05, 14:22:18, 0.0, 7.3e-08
2018-08-05, 14:22:20, 0.0, 7.35e-08
2018-08-05, 14:22:22, 0.0, 7.34e-08
2018-08-05, 14:22:24, 0.0, 7.36e-08
2018-08-05, 14:22:27, 0.0, 7.38e-08
2018-08-05, 14:22:29, 0.0, 7.32e-08
2018-08-05, 14:22:31, 0.0, 7.34e-08
2018-08-05, 14:22:33, 0.0, 7.39e-08
2018-08-05, 14:22:35, 0.0, 7.42e-08
2018-08-05, 14:22:37, 0.0, 7.36e-08
2018-08-05, 14:22:39, 0.0, 7.3e-08
2018-08-05, 14:22:41, 0.0, 7.43e-08
2018-08-05, 14:22:44, 0.0, 7.37e-08
2018-08-05, 14:22:46, 0.0, 7.3e-08
2018-08-05, 14:22:48, 0.0, 7.29e-08
2018-08-05, 14:22:50, 0.0, 7.37e-08
2018-08-05, 14:22:52, 0.0, 7.37e-08
2018-08-05, 14:22:54, 0.0, 7.34e-08
2018-08-05, 14:22:56, 0.0, 7.31e-08
2018-08-05, 14:22:59, 0.0, 7.32e-08
2018-08-05, 14:23:01, 0.0, 7.31e-08
2018-08-05, 14:23:03, 0.0, 7.37e-08
2018-08-05, 14:23:05, 0.0, 7.31e-08
2018-08-05, 14:23:07, 0.0, 7.33e-08
2018-08-05, 14:23:09, 0.0, 7.28e-08
2018-08-05, 14:23:11, 0.0, 7.35e-08
2018-08-05, 14:23:13, 0.0, 7.39e-08
2018-08-05, 14:23:16, 0.0, 7.25e-08
2018-08-05, 14:23:18, 0.0, 7.27e-08
2018-08-05, 14:23:20, 0.0, 7.22e-08
2018-08-05, 14:23:22, 0.0, 7.26e-08
2018-08-05, 14:23:24, 0.0, 7.2e-08
2018-08-05, 14:23:26, 0.0, 7.32e-08
2018-08-05, 14:23:28, 0.0, 7.34e-08
2018-08-05, 14:23:30, 0.0, 7.38e-08
2018-08-05, 14:23:33, 0.0, 7.3e-08
2018-08-05, 14:23:35, 0.0, 7.31e-08
2018-08-05, 14:23:37, 0.0, 7.21e-08
2018-08-05, 14:23:39, 0.0, 7.17e-08
2018-08-05, 14:23:41, 0.0, 7.21e-08
2018-08-05, 14:23:43, 0.0, 7.31e-08
2018-08-05, 14:23:45, 0.0, 7.23e-08
2018-08-05, 14:23:48, 0.0, 7.29e-08
2018-08-05, 14:23:50, 0.0, 7.29e-08
2018-08-05, 14:23:52, 0.0, 7.28e-08
2018-08-05, 14:23:54, 0.0, 7.28e-08
2018-08-05, 14:23:56, 0.0, 7.37e-08
2018-08-05, 14:23:58, 0.0, 7.27e-08
2018-08-05, 14:24:00, 0.0, 7.25e-08
2018-08-05, 14:24:02, 0.0, 7.3e-08
2018-08-05, 14:24:04, 0.0, 7.33e-08
2018-08-05, 14:24:07, 0.0, 7.24e-08
2018-08-05, 14:24:09, 0.0, 7.32e-08
2018-08-05, 14:24:11, 0.0, 7.27e-08
2018-08-05, 14:24:13, 0.0, 7.27e-08
2018-08-05, 14:24:15, 0.0, 7.28e-08
2018-08-05, 14:24:17, 0.0, 7.34e-08
2018-08-05, 14:24:19, 0.0, 7.31e-08
2018-08-05, 14:24:21, 0.0, 7.3e-08
2018-08-05, 14:24:24, 0.0, 7.28e-08
2018-08-05, 14:24:26, 0.0, 7.29e-08
2018-08-05, 14:24:28, 0.0, 7.28e-08
2018-08-05, 14:24:30, 0.0, 7.33e-08
2018-08-05, 14:24:32, 0.0, 7.25e-08
2018-08-05, 14:24:34, 0.0, 7.34e-08
2018-08-05, 14:24:36, 0.0, 7.27e-08
2018-08-05, 14:24:38, 0.0, 7.24e-08
2018-08-05, 14:24:41, 0.0, 7.25e-08
2018-08-05, 14:24:43, 0.0, 7.28e-08
2018-08-05, 14:24:45, 0.0, 7.26e-08
2018-08-05, 14:24:47, 0.0, 7.26e-08
2018-08-05, 14:24:49, 0.0, 7.32e-08
2018-08-05, 14:24:51, 0.0, 7.21e-08
2018-08-05, 14:24:53, 0.0, 7.2e-08
2018-08-05, 14:24:56, 0.0, 7.29e-08
2018-08-05, 14:24:58, 0.0, 7.21e-08
2018-08-05, 14:25:00, 0.0, 7.29e-08
2018-08-05, 14:25:02, 0.0, 7.27e-08
2018-08-05, 14:25:04, 0.0, 7.34e-08
2018-08-05, 14:25:06, 0.0, 7.26e-08
2018-08-05, 14:25:08, 0.0, 7.3e-08
2018-08-05, 14:25:10, 0.0, 7.26e-08
2018-08-05, 14:25:13, 0.0, 7.32e-08
2018-08-05, 14:25:15, 0.0, 7.3e-08
2018-08-05, 14:25:17, 0.0, 7.23e-08
2018-08-05, 14:25:19, 0.0, 7.3e-08
2018-08-05, 14:25:21, 0.0, 7.25e-08
2018-08-05, 14:25:23, 0.0, 7.34e-08
2018-08-05, 14:25:25, 0.0, 7.2e-08
2018-08-05, 14:25:27, 0.0, 7.28e-08
2018-08-05, 14:25:30, 0.0, 7.25e-08
2018-08-05, 14:25:32, 0.0, 7.28e-08
2018-08-05, 14:25:34, 0.0, 7.22e-08
2018-08-05, 14:25:36, 0.0, 7.23e-08
2018-08-05, 14:25:38, 0.0, 7.31e-08
2018-08-05, 14:25:40, 0.0, 7.26e-08
2018-08-05, 14:25:42, 0.0, 7.26e-08
2018-08-05, 14:25:44, 0.0, 7.27e-08
2018-08-05, 14:25:47, 0.0, 7.24e-08
2018-08-05, 14:25:49, 0.0, 7.29e-08
2018-08-05, 14:25:51, 0.0, 7.29e-08
2018-08-05, 14:25:53, 0.0, 7.28e-08
2018-08-05, 14:25:55, 0.0, 7.25e-08
2018-08-05, 14:25:57, 0.0, 7.27e-08
2018-08-05, 14:25:59, 0.0, 7.25e-08
2018-08-05, 14:26:01, 0.0, 7.23e-08
2018-08-05, 14:26:04, 0.0, 7.27e-08
2018-08-05, 14:26:06, 0.0, 7.22e-08
2018-08-05, 14:26:08, 0.0, 7.34e-08
2018-08-05, 14:26:10, 0.0, 7.37e-08
2018-08-05, 14:26:12, 0.0, 7.28e-08
2018-08-05, 14:26:14, 0.0, 7.26e-08
2018-08-05, 14:26:16, 0.0, 7.27e-08
2018-08-05, 14:26:19, 0.0, 7.22e-08
2018-08-05, 14:26:21, 0.0, 7.26e-08
2018-08-05, 14:26:23, 0.0, 7.26e-08
2018-08-05, 14:26:25, 0.0, 7.33e-08
2018-08-05, 14:26:27, 0.0, 7.27e-08
2018-08-05, 14:26:29, 0.0, 7.25e-08
2018-08-05, 14:26:31, 0.0, 7.25e-08
2018-08-05, 14:26:33, 0.0, 7.19e-08
2018-08-05, 14:26:36, 0.0, 7.27e-08
2018-08-05, 14:26:38, 0.0, 7.24e-08
2018-08-05, 14:26:40, 0.0, 7.24e-08
2018-08-05, 14:26:42, 0.0, 7.27e-08
2018-08-05, 14:26:44, 0.0, 7.24e-08
2018-08-05, 14:26:46, 0.0, 7.27e-08
2018-08-05, 14:26:48, 0.0, 7.37e-08
2018-08-05, 14:26:50, 0.0, 7.39e-08
2018-08-05, 14:26:53, 0.0, 7.4e-08
2018-08-05, 14:26:55, 0.0, 7.41e-08
2018-08-05, 14:26:57, 0.0, 7.26e-08
2018-08-05, 14:26:59, 0.0, 7.25e-08
2018-08-05, 14:27:01, 0.0, 7.27e-08
2018-08-05, 14:27:03, 0.0, 7.3e-08
2018-08-05, 14:27:05, 0.0, 7.37e-08
2018-08-05, 14:27:07, 0.0, 7.35e-08
2018-08-05, 14:27:10, 0.0, 7.32e-08
2018-08-05, 14:27:12, 0.0, 7.35e-08
2018-08-05, 14:27:14, 0.0, 7.32e-08
2018-08-05, 14:27:16, 0.0, 7.34e-08
2018-08-05, 14:27:18, 0.0, 7.4e-08
2018-08-05, 14:27:20, 0.0, 7.37e-08
2018-08-05, 14:27:22, 0.0, 7.37e-08
2018-08-05, 14:27:24, 0.0, 7.38e-08
2018-08-05, 14:27:27, 0.0, 7.4e-08
2018-08-05, 14:27:29, 0.0, 7.39e-08
2018-08-05, 14:27:31, 0.0, 7.33e-08
2018-08-05, 14:27:33, 0.0, 7.3e-08
2018-08-05, 14:27:35, 0.0, 7.33e-08
2018-08-05, 14:27:37, 0.0, 7.42e-08
2018-08-05, 14:27:39, 0.0, 7.35e-08
2018-08-05, 14:27:41, 0.0, 7.33e-08
2018-08-05, 14:27:44, 0.0, 7.31e-08
2018-08-05, 14:27:46, 0.0, 7.38e-08
2018-08-05, 14:27:48, 0.0, 7.42e-08
2018-08-05, 14:27:50, 0.0, 7.35e-08
2018-08-05, 14:27:52, 0.0, 7.35e-08
2018-08-05, 14:27:54, 0.0, 7.32e-08
2018-08-05, 14:27:56, 0.0, 7.32e-08
2018-08-05, 14:27:58, 0.0, 7.4e-08
2018-08-05, 14:28:01, 0.0, 7.33e-08
2018-08-05, 14:28:03, 0.0, 7.39e-08
2018-08-05, 14:28:05, 0.0, 7.33e-08
2018-08-05, 14:28:07, 0.0, 7.35e-08
2018-08-05, 14:28:09, 0.0, 7.36e-08
2018-08-05, 14:28:11, 0.0, 7.31e-08
2018-08-05, 14:28:13, 0.0, 7.37e-08
2018-08-05, 14:28:15, 0.0, 7.32e-08
2018-08-05, 14:28:18, 0.0, 7.33e-08
2018-08-05, 14:28:20, 0.0, 7.36e-08
2018-08-05, 14:28:22, 0.0, 7.38e-08
2018-08-05, 14:28:24, 0.0, 7.37e-08
2018-08-05, 14:28:26, 0.0, 7.36e-08
2018-08-05, 14:28:28, 0.0, 7.39e-08
2018-08-05, 14:28:30, 0.0, 7.39e-08
2018-08-05, 14:28:32, 0.0, 7.4e-08
2018-08-05, 14:28:35, 0.0, 7.34e-08
2018-08-05, 14:28:37, 0.0, 7.37e-08
2018-08-05, 14:28:39, 0.0, 7.32e-08
2018-08-05, 14:28:41, 0.0, 7.41e-08
2018-08-05, 14:28:43, 0.0, 7.36e-08
2018-08-05, 14:28:45, 0.0, 7.34e-08
2018-08-05, 14:28:47, 0.0, 7.34e-08
2018-08-05, 14:28:49, 0.0, 7.37e-08
2018-08-05, 14:28:52, 0.0, 7.38e-08
2018-08-05, 14:28:54, 0.0, 7.4e-08
2018-08-05, 14:28:56, 0.0, 7.37e-08
2018-08-05, 14:28:58, 0.0, 7.34e-08
2018-08-05, 14:29:00, 0.0, 7.35e-08
2018-08-05, 14:29:02, 0.0, 7.38e-08
2018-08-05, 14:29:04, 0.0, 7.35e-08
2018-08-05, 14:29:06, 0.0, 7.37e-08
2018-08-05, 14:29:09, 0.0, 7.31e-08
2018-08-05, 14:29:11, 0.0, 7.43e-08
2018-08-05, 14:29:13, 0.0, 7.37e-08
2018-08-05, 14:29:15, 0.0, 7.38e-08
2018-08-05, 14:29:17, 0.0, 7.38e-08
2018-08-05, 14:29:19, 0.0, 7.37e-08
2018-08-05, 14:29:21, 0.0, 7.36e-08
2018-08-05, 14:29:23, 0.0, 7.32e-08
2018-08-05, 14:29:26, 0.0, 7.37e-08
2018-08-05, 14:29:28, 0.0, 7.39e-08
2018-08-05, 14:29:30, 0.0, 7.34e-08
2018-08-05, 14:29:32, 0.0, 7.34e-08
2018-08-05, 14:29:34, 0.0, 7.32e-08
2018-08-05, 14:29:36, 0.0, 7.36e-08
2018-08-05, 14:29:38, 0.0, 7.36e-08
2018-08-05, 14:29:40, 0.0, 7.36e-08
2018-08-05, 14:29:43, 0.0, 7.34e-08
2018-08-05, 14:29:45, 0.0, 7.39e-08
2018-08-05, 14:29:47, 0.0, 7.37e-08
2018-08-05, 14:29:49, 0.0, 7.35e-08
2018-08-05, 14:29:51, 0.0, 7.32e-08
2018-08-05, 14:29:53, 0.0, 7.33e-08
2018-08-05, 14:29:55, 0.0, 7.29e-08
2018-08-05, 14:29:57, 0.0, 7.37e-08
2018-08-05, 14:30:00, 0.0, 7.36e-08
2018-08-05, 14:30:02, 0.0, 7.42e-08
2018-08-05, 14:30:04, 0.0, 7.4e-08
2018-08-05, 14:30:06, 0.0, 7.33e-08
2018-08-05, 14:30:08, 0.0, 7.32e-08
2018-08-05, 14:30:10, 0.0, 7.42e-08
2018-08-05, 14:30:12, 0.0, 7.4e-08
2018-08-05, 14:30:15, 0.0, 7.38e-08
2018-08-05, 14:30:17, 0.0, 7.37e-08
2018-08-05, 14:30:19, 0.0, 7.32e-08
2018-08-05, 14:30:21, 0.0, 7.38e-08
2018-08-05, 14:30:23, 0.0, 7.37e-08
2018-08-05, 14:30:25, 0.0, 7.35e-08
2018-08-05, 14:30:27, 0.0, 7.29e-08
2018-08-05, 14:30:30, 0.0, 7.34e-08
2018-08-05, 14:30:32, 0.0, 7.38e-08
2018-08-05, 14:30:34, 0.0, 7.32e-08
2018-08-05, 14:30:36, 0.0, 7.28e-08
2018-08-05, 14:30:38, 0.0, 7.3e-08
2018-08-05, 14:30:40, 0.0, 7.38e-08
2018-08-05, 14:30:42, 0.0, 7.33e-08
2018-08-05, 14:30:44, 0.0, 7.35e-08
2018-08-05, 14:30:47, 0.0, 7.3e-08
2018-08-05, 14:30:49, 0.0, 7.35e-08
2018-08-05, 14:30:51, 0.0, 7.34e-08
2018-08-05, 14:30:53, 0.0, 7.42e-08
2018-08-05, 14:30:55, 0.0, 7.37e-08
2018-08-05, 14:30:57, 0.0, 7.37e-08
2018-08-05, 14:30:59, 0.0, 7.35e-08
2018-08-05, 14:31:01, 0.0, 7.38e-08
2018-08-05, 14:31:04, 0.0, 7.39e-08
2018-08-05, 14:31:06, 0.0, 7.31e-08
2018-08-05, 14:31:08, 0.0, 7.38e-08
2018-08-05, 14:31:10, 0.0, 7.33e-08
2018-08-05, 14:31:12, 0.0, 7.31e-08
2018-08-05, 14:31:14, 0.0, 7.36e-08
2018-08-05, 14:31:16, 0.0, 7.32e-08
2018-08-05, 14:31:18, 0.0, 7.36e-08
2018-08-05, 14:31:21, 0.0, 7.36e-08
2018-08-05, 14:31:23, 0.0, 7.36e-08
2018-08-05, 14:31:25, 0.0, 7.34e-08
2018-08-05, 14:31:27, 0.0, 7.33e-08
2018-08-05, 14:31:29, 0.0, 7.37e-08
2018-08-05, 14:31:31, 0.0, 7.32e-08
2018-08-05, 14:31:33, 0.0, 7.37e-08
2018-08-05, 14:31:35, 0.0, 7.34e-08
2018-08-05, 14:31:38, 0.0, 7.37e-08
2018-08-05, 14:31:40, 0.0, 7.38e-08
2018-08-05, 14:31:42, 0.0, 7.34e-08
2018-08-05, 14:31:44, 0.0, 7.33e-08
2018-08-05, 14:31:46, 0.0, 7.38e-08
2018-08-05, 14:31:48, 0.0, 7.32e-08
2018-08-05, 14:31:50, 0.0, 7.35e-08
2018-08-05, 14:31:52, 0.0, 7.34e-08
2018-08-05, 14:31:55, 0.0, 7.29e-08
2018-08-05, 14:31:57, 0.0, 7.36e-08
2018-08-05, 14:31:59, 0.0, 7.3e-08
2018-08-05, 14:32:01, 0.0, 7.35e-08
2018-08-05, 14:32:03, 0.0, 7.39e-08
2018-08-05, 14:32:05, 0.0, 7.32e-08
2018-08-05, 14:32:07, 0.0, 7.27e-08
2018-08-05, 14:32:09, 0.0, 7.34e-08
2018-08-05, 14:32:12, 0.0, 7.35e-08
2018-08-05, 14:32:14, 0.0, 7.36e-08
2018-08-05, 14:32:16, 0.0, 7.34e-08
2018-08-05, 14:32:18, 0.0, 7.3e-08
2018-08-05, 14:32:20, 0.0, 7.34e-08
2018-08-05, 14:32:22, 0.0, 7.3e-08
2018-08-05, 14:32:24, 0.0, 7.3e-08
2018-08-05, 14:32:26, 0.0, 7.38e-08
2018-08-05, 14:32:29, 0.0, 7.3e-08
2018-08-05, 14:32:31, 0.0, 7.34e-08
2018-08-05, 14:32:33, 0.0, 7.34e-08
2018-08-05, 14:32:35, 0.0, 7.29e-08
2018-08-05, 14:32:37, 0.0, 7.3e-08
2018-08-05, 14:32:39, 0.0, 7.31e-08
2018-08-05, 14:32:41, 0.0, 7.29e-08
2018-08-05, 14:32:43, 0.0, 7.33e-08
2018-08-05, 14:32:46, 0.0, 7.35e-08
2018-08-05, 14:32:48, 0.0, 7.32e-08
2018-08-05, 14:32:50, 0.0, 7.33e-08
2018-08-05, 14:32:52, 0.0, 7.29e-08
2018-08-05, 14:32:54, 0.0, 7.36e-08
2018-08-05, 14:32:56, 0.0, 7.31e-08
2018-08-05, 14:32:58, 0.0, 7.32e-08
2018-08-05, 14:33:00, 0.0, 7.26e-08
2018-08-05, 14:33:03, 0.0, 7.31e-08
2018-08-05, 14:33:05, 0.0, 7.31e-08
2018-08-05, 14:33:07, 0.0, 7.31e-08
2018-08-05, 14:33:09, 0.0, 7.32e-08
2018-08-05, 14:33:11, 0.0, 7.32e-08
2018-08-05, 14:33:13, 0.0, 7.32e-08
2018-08-05, 14:33:15, 0.0, 7.28e-08
2018-08-05, 14:33:18, 0.0, 7.33e-08
2018-08-05, 14:33:20, 0.0, 7.39e-08
2018-08-05, 14:33:22, 0.0, 7.32e-08
2018-08-05, 14:33:24, 0.0, 7.33e-08
2018-08-05, 14:33:26, 0.0, 7.37e-08
2018-08-05, 14:33:28, 0.0, 7.3e-08
2018-08-05, 14:33:30, 0.0, 7.29e-08
2018-08-05, 14:33:32, 0.0, 7.31e-08
2018-08-05, 14:33:35, 0.0, 7.32e-08
2018-08-05, 14:33:37, 0.0, 7.36e-08
2018-08-05, 14:33:39, 0.0, 7.35e-08
2018-08-05, 14:33:41, 0.0, 7.26e-08
2018-08-05, 14:33:43, 0.0, 7.33e-08
2018-08-05, 14:33:45, 0.0, 7.42e-08
2018-08-05, 14:33:47, 0.0, 7.34e-08
2018-08-05, 14:33:49, 0.0, 7.39e-08
2018-08-05, 14:33:52, 0.0, 7.4e-08
2018-08-05, 14:33:54, 0.0, 7.39e-08
2018-08-05, 14:33:56, 0.0, 7.35e-08
2018-08-05, 14:33:58, 0.0, 7.44e-08
2018-08-05, 14:34:00, 0.0, 7.39e-08
2018-08-05, 14:34:02, 0.0, 7.36e-08
2018-08-05, 14:34:04, 0.0, 7.4e-08
2018-08-05, 14:34:07, 0.0, 7.33e-08
2018-08-05, 14:34:09, 0.0, 7.32e-08
2018-08-05, 14:34:11, 0.0, 7.32e-08
2018-08-05, 14:34:13, 0.0, 7.32e-08
2018-08-05, 14:34:15, 0.0, 7.36e-08
2018-08-05, 14:34:17, 0.0, 7.34e-08
2018-08-05, 14:34:19, 0.0, 7.37e-08
2018-08-05, 14:34:21, 0.0, 7.33e-08
2018-08-05, 14:34:24, 0.0, 7.34e-08
2018-08-05, 14:34:26, 0.0, 7.34e-08
2018-08-05, 14:34:28, 0.0, 7.36e-08
2018-08-05, 14:34:30, 0.0, 7.4e-08
2018-08-05, 14:34:32, 0.0, 7.38e-08
2018-08-05, 14:34:34, 0.0, 7.34e-08
2018-08-05, 14:34:36, 0.0, 7.41e-08
2018-08-05, 14:34:38, 0.0, 7.37e-08
2018-08-05, 14:34:41, 0.0, 7.33e-08
2018-08-05, 14:34:43, 0.0, 7.3e-08
2018-08-05, 14:34:45, 0.0, 7.34e-08
2018-08-05, 14:34:47, 0.0, 7.43e-08
2018-08-05, 14:34:49, 0.0, 7.36e-08
2018-08-05, 14:34:51, 0.0, 7.37e-08
2018-08-05, 14:34:53, 0.0, 7.41e-08
2018-08-05, 14:34:55, 0.0, 7.34e-08
2018-08-05, 14:34:58, 0.0, 7.33e-08
2018-08-05, 14:35:00, 0.0, 7.34e-08
2018-08-05, 14:35:02, 0.0, 7.32e-08
2018-08-05, 14:35:04, 0.0, 7.36e-08
2018-08-05, 14:35:06, 0.0, 7.37e-08
2018-08-05, 14:35:08, 0.0, 7.34e-08
2018-08-05, 14:35:10, 0.0, 7.36e-08
2018-08-05, 14:35:12, 0.0, 7.35e-08
2018-08-05, 14:35:15, 0.0, 7.36e-08
2018-08-05, 14:35:17, 0.0, 7.35e-08
2018-08-05, 14:35:19, 0.0, 7.3e-08
2018-08-05, 14:35:21, 0.0, 7.35e-08
2018-08-05, 14:35:23, 0.0, 7.37e-08
2018-08-05, 14:35:25, 0.0, 7.39e-08
2018-08-05, 14:35:27, 0.0, 7.32e-08
2018-08-05, 14:35:29, 0.0, 7.3e-08
2018-08-05, 14:35:32, 0.0, 7.32e-08
2018-08-05, 14:35:34, 0.0, 7.41e-08
2018-08-05, 14:35:36, 0.0, 7.41e-08
2018-08-05, 14:35:38, 0.0, 7.37e-08
2018-08-05, 14:35:40, 0.0, 7.36e-08
2018-08-05, 14:35:42, 0.0, 7.39e-08
2018-08-05, 14:35:44, 0.0, 7.36e-08
2018-08-05, 14:35:46, 0.0, 7.36e-08
2018-08-05, 14:35:49, 0.0, 7.32e-08
2018-08-05, 14:35:51, 0.0, 7.38e-08
2018-08-05, 14:35:53, 0.0, 7.36e-08
2018-08-05, 14:35:55, 0.0, 7.37e-08
2018-08-05, 14:35:57, 0.0, 7.4e-08
2018-08-05, 14:35:59, 0.0, 7.35e-08
2018-08-05, 14:36:01, 0.0, 7.35e-08
2018-08-05, 14:36:03, 0.0, 7.35e-08
2018-08-05, 14:36:06, 0.0, 7.38e-08
2018-08-05, 14:36:08, 0.0, 7.36e-08
2018-08-05, 14:36:10, 0.0, 7.33e-08
2018-08-05, 14:36:12, 0.0, 7.28e-08
2018-08-05, 14:36:14, 0.0, 7.32e-08
2018-08-05, 14:36:16, 0.0, 7.36e-08
2018-08-05, 14:36:18, 0.0, 7.35e-08
2018-08-05, 14:36:20, 0.0, 7.3e-08
2018-08-05, 14:36:23, 0.0, 7.27e-08
2018-08-05, 14:36:25, 0.0, 7.29e-08
2018-08-05, 14:36:27, 0.0, 7.29e-08
2018-08-05, 14:36:29, 0.0, 7.27e-08
2018-08-05, 14:36:31, 0.0, 7.27e-08
2018-08-05, 14:36:33, 0.0, 7.28e-08
2018-08-05, 14:36:35, 0.0, 7.31e-08
2018-08-05, 14:36:37, 0.0, 7.33e-08
2018-08-05, 14:36:40, 0.0, 7.36e-08
2018-08-05, 14:36:42, 0.0, 7.31e-08
2018-08-05, 14:36:44, 0.0, 7.34e-08
2018-08-05, 14:36:46, 0.0, 7.34e-08
2018-08-05, 14:36:48, 0.0, 7.33e-08
2018-08-05, 14:36:50, 0.0, 7.37e-08
2018-08-05, 14:36:52, 0.0, 7.34e-08
2018-08-05, 14:36:54, 0.0, 7.3e-08
2018-08-05, 14:36:57, 0.0, 7.31e-08
2018-08-05, 14:36:59, 0.0, 7.28e-08
2018-08-05, 14:37:01, 0.0, 7.31e-08
2018-08-05, 14:37:03, 0.0, 7.32e-08
2018-08-05, 14:37:05, 0.0, 7.3e-08
2018-08-05, 14:37:07, 0.0, 7.3e-08
2018-08-05, 14:37:09, 0.0, 7.3e-08
2018-08-05, 14:37:11, 0.0, 7.27e-08
2018-08-05, 14:37:14, 0.0, 7.27e-08
2018-08-05, 14:37:16, 0.0, 7.31e-08
2018-08-05, 14:37:18, 0.0, 7.26e-08
2018-08-05, 14:37:20, 0.0, 7.28e-08
2018-08-05, 14:37:22, 0.0, 7.28e-08
2018-08-05, 14:37:24, 0.0, 7.28e-08
2018-08-05, 14:37:26, 0.0, 7.29e-08
2018-08-05, 14:37:28, 0.0, 7.31e-08
2018-08-05, 14:37:31, 0.0, 7.3e-08
2018-08-05, 14:37:33, 0.0, 7.32e-08
2018-08-05, 14:37:35, 0.0, 7.32e-08
2018-08-05, 14:37:37, 0.0, 7.34e-08
2018-08-05, 14:37:39, 0.0, 7.31e-08
2018-08-05, 14:37:41, 0.0, 7.33e-08
2018-08-05, 14:37:43, 0.0, 7.31e-08
2018-08-05, 14:37:45, 0.0, 7.31e-08
2018-08-05, 14:37:48, 0.0, 7.34e-08
2018-08-05, 14:37:50, 0.0, 7.35e-08
2018-08-05, 14:37:52, 0.0, 7.3e-08
2018-08-05, 14:37:54, 0.0, 7.28e-08
2018-08-05, 14:37:56, 0.0, 7.33e-08
2018-08-05, 14:37:58, 0.0, 7.33e-08
2018-08-05, 14:38:00, 0.0, 7.34e-08
2018-08-05, 14:38:02, 0.0, 7.3e-08
2018-08-05, 14:38:05, 0.0, 7.32e-08
2018-08-05, 14:38:07, 0.0, 7.38e-08
2018-08-05, 14:38:09, 0.0, 7.32e-08
2018-08-05, 14:38:11, 0.0, 7.26e-08
2018-08-05, 14:38:13, 0.0, 7.33e-08
2018-08-05, 14:38:15, 0.0, 7.35e-08
2018-08-05, 14:38:17, 0.0, 7.3e-08
2018-08-05, 14:38:20, 0.0, 7.32e-08
2018-08-05, 14:38:22, 0.0, 7.32e-08
2018-08-05, 14:38:24, 0.0, 7.32e-08
2018-08-05, 14:38:26, 0.0, 7.28e-08
2018-08-05, 14:38:28, 0.0, 7.32e-08
2018-08-05, 14:38:30, 0.0, 7.29e-08
2018-08-05, 14:38:32, 0.0, 7.27e-08
2018-08-05, 14:38:34, 0.0, 7.29e-08
2018-08-05, 14:38:37, 0.0, 7.32e-08
2018-08-05, 14:38:39, 0.0, 7.33e-08
2018-08-05, 14:38:41, 0.0, 7.34e-08
2018-08-05, 14:38:43, 0.0, 7.41e-08
2018-08-05, 14:38:45, 0.0, 7.37e-08
2018-08-05, 14:38:47, 0.0, 7.31e-08
2018-08-05, 14:38:49, 0.0, 7.32e-08
2018-08-05, 14:38:51, 0.0, 7.35e-08
2018-08-05, 14:38:54, 0.0, 7.29e-08
2018-08-05, 14:38:56, 0.0, 7.35e-08
2018-08-05, 14:38:58, 0.0, 7.32e-08
2018-08-05, 14:39:00, 0.0, 7.33e-08
2018-08-05, 14:39:02, 0.0, 7.3e-08
2018-08-05, 14:39:04, 0.0, 7.35e-08
2018-08-05, 14:39:06, 0.0, 7.35e-08
2018-08-05, 14:39:08, 0.0, 7.37e-08
2018-08-05, 14:39:11, 0.0, 7.34e-08
2018-08-05, 14:39:13, 0.0, 7.35e-08
2018-08-05, 14:39:15, 0.0, 7.35e-08
2018-08-05, 14:39:17, 0.0, 7.35e-08
2018-08-05, 14:39:19, 0.0, 7.34e-08
2018-08-05, 14:39:21, 0.0, 7.37e-08
2018-08-05, 14:39:23, 0.0, 7.41e-08
2018-08-05, 14:39:25, 0.0, 7.38e-08
2018-08-05, 14:39:28, 0.0, 7.36e-08
2018-08-05, 14:39:30, 0.0, 7.38e-08
2018-08-05, 14:39:32, 0.0, 7.37e-08
2018-08-05, 14:39:34, 0.0, 7.33e-08
2018-08-05, 14:39:36, 0.0, 7.37e-08
2018-08-05, 14:39:38, 0.0, 7.27e-08
2018-08-05, 14:39:40, 0.0, 7.38e-08
2018-08-05, 14:39:42, 0.0, 7.37e-08
2018-08-05, 14:39:45, 0.0, 7.39e-08
2018-08-05, 14:39:47, 0.0, 7.36e-08
2018-08-05, 14:39:49, 0.0, 7.34e-08
2018-08-05, 14:39:51, 0.0, 7.31e-08
2018-08-05, 14:39:53, 0.0, 7.31e-08
2018-08-05, 14:39:55, 0.0, 7.4e-08
2018-08-05, 14:39:57, 0.0, 7.29e-08
2018-08-05, 14:39:59, 0.0, 7.31e-08
2018-08-05, 14:40:02, 0.0, 7.33e-08
2018-08-05, 14:40:04, 0.0, 7.35e-08
2018-08-05, 14:40:06, 0.0, 7.4e-08
2018-08-05, 14:40:08, 0.0, 7.3e-08
2018-08-05, 14:40:10, 0.0, 7.34e-08
2018-08-05, 14:40:12, 0.0, 7.33e-08
2018-08-05, 14:40:14, 0.0, 7.36e-08
2018-08-05, 14:40:16, 0.0, 7.34e-08
2018-08-05, 14:40:19, 0.0, 7.34e-08
2018-08-05, 14:40:21, 0.0, 7.35e-08
2018-08-05, 14:40:23, 0.0, 7.31e-08
2018-08-05, 14:40:25, 0.0, 7.37e-08
2018-08-05, 14:40:27, 0.0, 7.37e-08
2018-08-05, 14:40:29, 0.0, 7.3e-08
2018-08-05, 14:40:31, 0.0, 7.35e-08
2018-08-05, 14:40:34, 0.0, 7.29e-08
2018-08-05, 14:40:36, 0.0, 7.3e-08
2018-08-05, 14:40:38, 0.0, 7.3e-08
2018-08-05, 14:40:40, 0.0, 7.27e-08
2018-08-05, 14:40:42, 0.0, 7.3e-08
2018-08-05, 14:40:44, 0.0, 7.33e-08
2018-08-05, 14:40:46, 0.0, 7.32e-08
2018-08-05, 14:40:48, 0.0, 7.28e-08
2018-08-05, 14:40:51, 0.0, 7.33e-08
2018-08-05, 14:40:53, 0.0, 7.33e-08
2018-08-05, 14:40:55, 0.0, 7.37e-08
2018-08-05, 14:40:57, 0.0, 7.33e-08
2018-08-05, 14:40:59, 0.0, 7.34e-08
2018-08-05, 14:41:01, 0.0, 7.28e-08
2018-08-05, 14:41:03, 0.0, 7.35e-08
2018-08-05, 14:41:05, 0.0, 7.38e-08
2018-08-05, 14:41:08, 0.0, 7.35e-08
2018-08-05, 14:41:10, 0.0, 7.37e-08
2018-08-05, 14:41:12, 0.0, 7.27e-08
2018-08-05, 14:41:14, 0.0, 7.38e-08
2018-08-05, 14:41:16, 0.0, 7.38e-08
2018-08-05, 14:41:18, 0.0, 7.41e-08
2018-08-05, 14:41:20, 0.0, 7.41e-08
2018-08-05, 14:41:22, 0.0, 7.39e-08
2018-08-05, 14:41:25, 0.0, 7.41e-08
2018-08-05, 14:41:27, 0.0, 7.4e-08
2018-08-05, 14:41:29, 0.0, 7.39e-08
2018-08-05, 14:41:31, 0.0, 7.37e-08
2018-08-05, 14:41:33, 0.0, 7.31e-08
2018-08-05, 14:41:35, 0.0, 7.4e-08
2018-08-05, 14:41:37, 0.0, 7.37e-08
2018-08-05, 14:41:39, 0.0, 7.39e-08
2018-08-05, 14:41:42, 0.0, 7.43e-08
2018-08-05, 14:41:44, 0.0, 7.39e-08
2018-08-05, 14:41:46, 0.0, 7.39e-08
2018-08-05, 14:41:48, 0.0, 7.39e-08
2018-08-05, 14:41:50, 0.0, 7.41e-08
2018-08-05, 14:41:52, 0.0, 7.41e-08
2018-08-05, 14:41:54, 0.0, 7.37e-08
2018-08-05, 14:41:56, 0.0, 7.39e-08
2018-08-05, 14:41:59, 0.0, 7.4e-08
2018-08-05, 14:42:01, 0.0, 7.46e-08
2018-08-05, 14:42:03, 0.0, 7.36e-08
2018-08-05, 14:42:05, 0.0, 7.34e-08
2018-08-05, 14:42:07, 0.0, 7.33e-08
2018-08-05, 14:42:09, 0.0, 7.4e-08
2018-08-05, 14:42:11, 0.0, 7.41e-08
2018-08-05, 14:42:13, 0.0, 7.38e-08
2018-08-05, 14:42:16, 0.0, 7.35e-08
2018-08-05, 14:42:18, 0.0, 7.38e-08
2018-08-05, 14:42:20, 0.0, 7.41e-08
2018-08-05, 14:42:22, 0.0, 7.37e-08
2018-08-05, 14:42:24, 0.0, 7.32e-08
2018-08-05, 14:42:26, 0.0, 7.35e-08
2018-08-05, 14:42:28, 0.0, 7.38e-08
2018-08-05, 14:42:30, 0.0, 7.36e-08
2018-08-05, 14:42:33, 0.0, 7.39e-08
2018-08-05, 14:42:35, 0.0, 7.39e-08
2018-08-05, 14:42:37, 0.0, 7.37e-08
2018-08-05, 14:42:39, 0.0, 7.29e-08
2018-08-05, 14:42:41, 0.0, 7.36e-08
2018-08-05, 14:42:43, 0.0, 7.41e-08
2018-08-05, 14:42:45, 0.0, 7.34e-08
2018-08-05, 14:42:48, 0.0, 7.35e-08
2018-08-05, 14:42:50, 0.0, 7.39e-08
2018-08-05, 14:42:52, 0.0, 7.4e-08
2018-08-05, 14:42:54, 0.0, 7.41e-08
2018-08-05, 14:42:56, 0.0, 7.48e-08
2018-08-05, 14:42:58, 0.0, 7.39e-08
2018-08-05, 14:43:00, 0.0, 7.43e-08
2018-08-05, 14:43:02, 0.0, 7.32e-08
2018-08-05, 14:43:05, 0.0, 7.35e-08
2018-08-05, 14:43:07, 0.0, 7.32e-08
2018-08-05, 14:43:09, 0.0, 7.36e-08
2018-08-05, 14:43:11, 0.0, 7.38e-08
2018-08-05, 14:43:13, 0.0, 7.41e-08
2018-08-05, 14:43:15, 0.0, 7.37e-08
2018-08-05, 14:43:17, 0.0, 7.29e-08
2018-08-05, 14:43:19, 0.0, 7.39e-08
2018-08-05, 14:43:22, 0.0, 7.39e-08
2018-08-05, 14:43:24, 0.0, 7.39e-08
2018-08-05, 14:43:26, 0.0, 7.36e-08
2018-08-05, 14:43:28, 0.0, 7.38e-08
2018-08-05, 14:43:30, 0.0, 7.37e-08
2018-08-05, 14:43:32, 0.0, 7.42e-08
2018-08-05, 14:43:34, 0.0, 7.4e-08
2018-08-05, 14:43:36, 0.0, 7.35e-08
2018-08-05, 14:43:39, 0.0, 7.31e-08
2018-08-05, 14:43:41, 0.0, 7.36e-08
2018-08-05, 14:43:43, 0.0, 7.42e-08
2018-08-05, 14:43:45, 0.0, 7.42e-08
2018-08-05, 14:43:47, 0.0, 7.38e-08
2018-08-05, 14:43:49, 0.0, 7.39e-08
2018-08-05, 14:43:51, 0.0, 7.36e-08
2018-08-05, 14:43:53, 0.0, 7.37e-08
2018-08-05, 14:43:56, 0.0, 7.34e-08
2018-08-05, 14:43:58, 0.0, 7.37e-08
2018-08-05, 14:44:00, 0.0, 7.4e-08
2018-08-05, 14:44:02, 0.0, 7.36e-08
2018-08-05, 14:44:04, 0.0, 7.39e-08
2018-08-05, 14:44:06, 0.0, 7.47e-08
2018-08-05, 14:44:08, 0.0, 7.33e-08
2018-08-05, 14:44:10, 0.0, 7.44e-08
2018-08-05, 14:44:13, 0.0, 7.44e-08
2018-08-05, 14:44:15, 0.0, 7.39e-08
2018-08-05, 14:44:17, 0.0, 7.41e-08
2018-08-05, 14:44:19, 0.0, 7.36e-08
2018-08-05, 14:44:21, 0.0, 7.36e-08
2018-08-05, 14:44:23, 0.0, 7.4e-08
2018-08-05, 14:44:25, 0.0, 7.36e-08
2018-08-05, 14:44:28, 0.0, 7.34e-08
2018-08-05, 14:44:30, 0.0, 7.39e-08
2018-08-05, 14:44:32, 0.0, 7.44e-08
2018-08-05, 14:44:34, 0.0, 7.34e-08
2018-08-05, 14:44:36, 0.0, 7.39e-08
2018-08-05, 14:44:38, 0.0, 7.43e-08
2018-08-05, 14:44:40, 0.0, 7.39e-08
2018-08-05, 14:44:42, 0.0, 7.41e-08
2018-08-05, 14:44:44, 0.0, 7.39e-08
2018-08-05, 14:44:47, 0.0, 7.43e-08
2018-08-05, 14:44:49, 0.0, 7.42e-08
2018-08-05, 14:44:51, 0.0, 7.44e-08
2018-08-05, 14:44:53, 0.0, 7.44e-08
2018-08-05, 14:44:55, 0.0, 7.37e-08
2018-08-05, 14:44:57, 0.0, 7.41e-08
2018-08-05, 14:44:59, 0.0, 7.41e-08
2018-08-05, 14:45:02, 0.0, 7.36e-08
2018-08-05, 14:45:04, 0.0, 7.37e-08
2018-08-05, 14:45:06, 0.0, 7.38e-08
2018-08-05, 14:45:08, 0.0, 7.33e-08
2018-08-05, 14:45:10, 0.0, 7.39e-08
2018-08-05, 14:45:12, 0.0, 7.43e-08
2018-08-05, 14:45:14, 0.0, 7.4e-08
2018-08-05, 14:45:16, 0.0, 7.39e-08
2018-08-05, 14:45:19, 0.0, 7.38e-08
2018-08-05, 14:45:21, 0.0, 7.37e-08
2018-08-05, 14:45:23, 0.0, 7.33e-08
2018-08-05, 14:45:25, 0.0, 7.34e-08
2018-08-05, 14:45:27, 0.0, 7.43e-08
2018-08-05, 14:45:29, 0.0, 7.36e-08
2018-08-05, 14:45:31, 0.0, 7.35e-08
2018-08-05, 14:45:33, 0.0, 7.37e-08
2018-08-05, 14:45:36, 0.0, 7.42e-08
2018-08-05, 14:45:38, 0.0, 7.42e-08
2018-08-05, 14:45:40, 0.0, 7.44e-08
2018-08-05, 14:45:42, 0.0, 7.37e-08
2018-08-05, 14:45:44, 0.0, 7.37e-08
2018-08-05, 14:45:46, 0.0, 7.37e-08
2018-08-05, 14:45:48, 0.0, 7.34e-08
2018-08-05, 14:45:50, 0.0, 7.37e-08
2018-08-05, 14:45:53, 0.0, 7.43e-08
2018-08-05, 14:45:55, 0.0, 7.4e-08
2018-08-05, 14:45:57, 0.0, 7.29e-08
2018-08-05, 14:45:59, 0.0, 7.41e-08
2018-08-05, 14:46:01, 0.0, 7.42e-08
2018-08-05, 14:46:03, 0.0, 7.32e-08
2018-08-05, 14:46:05, 0.0, 7.35e-08
2018-08-05, 14:46:07, 0.0, 7.4e-08
2018-08-05, 14:46:10, 0.0, 7.4e-08
2018-08-05, 14:46:12, 0.0, 7.4e-08
2018-08-05, 14:46:14, 0.0, 7.35e-08
2018-08-05, 14:46:16, 0.0, 7.37e-08
2018-08-05, 14:46:18, 0.0, 7.38e-08
2018-08-05, 14:46:20, 0.0, 7.31e-08
2018-08-05, 14:46:22, 0.0, 7.32e-08
2018-08-05, 14:46:24, 0.0, 7.38e-08
2018-08-05, 14:46:27, 0.0, 7.37e-08
2018-08-05, 14:46:29, 0.0, 7.38e-08
2018-08-05, 14:46:31, 0.0, 7.38e-08
2018-08-05, 14:46:33, 0.0, 7.36e-08
2018-08-05, 14:46:35, 0.0, 7.32e-08
2018-08-05, 14:46:37, 0.0, 7.34e-08
2018-08-05, 14:46:39, 0.0, 7.31e-08
2018-08-05, 14:46:41, 0.0, 7.35e-08
2018-08-05, 14:46:44, 0.0, 7.34e-08
2018-08-05, 14:46:46, 0.0, 7.35e-08
2018-08-05, 14:46:48, 0.0, 7.29e-08
2018-08-05, 14:46:50, 0.0, 7.33e-08
2018-08-05, 14:46:52, 0.0, 7.38e-08
2018-08-05, 14:46:54, 0.0, 7.41e-08
2018-08-05, 14:46:56, 0.0, 7.37e-08
2018-08-05, 14:46:58, 0.0, 7.36e-08
2018-08-05, 14:47:01, 0.0, 7.4e-08
2018-08-05, 14:47:03, 0.0, 7.36e-08
2018-08-05, 14:47:05, 0.0, 7.35e-08
2018-08-05, 14:47:07, 0.0, 7.35e-08
2018-08-05, 14:47:09, 0.0, 7.42e-08
2018-08-05, 14:47:11, 0.0, 7.34e-08
2018-08-05, 14:47:13, 0.0, 7.41e-08
2018-08-05, 14:47:15, 0.0, 7.37e-08
2018-08-05, 14:47:18, 0.0, 7.38e-08
2018-08-05, 14:47:20, 0.0, 7.38e-08
2018-08-05, 14:47:22, 0.0, 7.4e-08
2018-08-05, 14:47:24, 0.0, 7.35e-08
2018-08-05, 14:47:26, 0.0, 7.38e-08
2018-08-05, 14:47:28, 0.0, 7.39e-08
2018-08-05, 14:47:30, 0.0, 7.3e-08
2018-08-05, 14:47:32, 0.0, 7.35e-08
2018-08-05, 14:47:35, 0.0, 7.34e-08
2018-08-05, 14:47:37, 0.0, 7.36e-08
2018-08-05, 14:47:39, 0.0, 7.37e-08
2018-08-05, 14:47:41, 0.0, 7.37e-08
2018-08-05, 14:47:43, 0.0, 7.43e-08
2018-08-05, 14:47:45, 0.0, 7.4e-08
2018-08-05, 14:47:47, 0.0, 7.41e-08
2018-08-05, 14:47:50, 0.0, 7.35e-08
2018-08-05, 14:47:52, 0.0, 7.34e-08
2018-08-05, 14:47:54, 0.0, 7.4e-08
2018-08-05, 14:47:56, 0.0, 7.39e-08
2018-08-05, 14:47:58, 0.0, 7.37e-08
2018-08-05, 14:48:00, 0.0, 7.36e-08
2018-08-05, 14:48:02, 0.0, 7.33e-08
2018-08-05, 14:48:04, 0.0, 7.35e-08
2018-08-05, 14:48:07, 0.0, 7.4e-08
2018-08-05, 14:48:09, 0.0, 7.36e-08
2018-08-05, 14:48:11, 0.0, 7.43e-08
2018-08-05, 14:48:13, 0.0, 7.36e-08
2018-08-05, 14:48:15, 0.0, 7.36e-08
2018-08-05, 14:48:17, 0.0, 7.43e-08
2018-08-05, 14:48:19, 0.0, 7.39e-08
2018-08-05, 14:48:21, 0.0, 7.37e-08
2018-08-05, 14:48:24, 0.0, 7.32e-08
2018-08-05, 14:48:26, 0.0, 7.36e-08
2018-08-05, 14:48:28, 0.0, 7.43e-08
2018-08-05, 14:48:30, 0.0, 7.39e-08
2018-08-05, 14:48:32, 0.0, 7.39e-08
2018-08-05, 14:48:34, 0.0, 7.39e-08
2018-08-05, 14:48:36, 0.0, 7.36e-08
2018-08-05, 14:48:38, 0.0, 7.38e-08
2018-08-05, 14:48:41, 0.0, 7.39e-08
2018-08-05, 14:48:43, 0.0, 7.39e-08
2018-08-05, 14:48:45, 0.0, 7.36e-08
2018-08-05, 14:48:47, 0.0, 7.38e-08
2018-08-05, 14:48:49, 0.0, 7.36e-08
2018-08-05, 14:48:51, 0.0, 7.38e-08
2018-08-05, 14:48:53, 0.0, 7.34e-08
2018-08-05, 14:48:55, 0.0, 7.46e-08
2018-08-05, 14:48:58, 0.0, 7.37e-08
2018-08-05, 14:49:00, 0.0, 7.37e-08
2018-08-05, 14:49:02, 0.0, 7.48e-08
2018-08-05, 14:49:04, 0.0, 7.36e-08
2018-08-05, 14:49:06, 0.0, 7.42e-08
2018-08-05, 14:49:08, 0.0, 7.48e-08
2018-08-05, 14:49:11, 0.0, 7.4e-08
2018-08-05, 14:49:13, 0.0, 7.39e-08
2018-08-05, 14:49:15, 0.0, 7.37e-08
2018-08-05, 14:49:17, 0.0, 7.35e-08
2018-08-05, 14:49:19, 0.0, 7.38e-08
2018-08-05, 14:49:21, 0.0, 7.38e-08
2018-08-05, 14:49:23, 0.0, 7.39e-08
2018-08-05, 14:49:25, 0.0, 7.36e-08
2018-08-05, 14:49:28, 0.0, 7.38e-08
2018-08-05, 14:49:30, 0.0, 7.36e-08
2018-08-05, 14:49:32, 0.0, 7.41e-08
2018-08-05, 14:49:34, 0.0, 7.41e-08
2018-08-05, 14:49:36, 0.0, 7.4e-08
2018-08-05, 14:49:38, 0.0, 7.42e-08
2018-08-05, 14:49:40, 0.0, 7.42e-08
2018-08-05, 14:49:42, 0.0, 7.38e-08
2018-08-05, 14:49:45, 0.0, 7.37e-08
2018-08-05, 14:49:47, 0.0, 7.36e-08
2018-08-05, 14:49:49, 0.0, 7.41e-08
2018-08-05, 14:49:51, 0.0, 7.39e-08
2018-08-05, 14:49:53, 0.0, 7.4e-08
2018-08-05, 14:49:55, 0.0, 7.39e-08
2018-08-05, 14:49:57, 0.0, 7.4e-08
2018-08-05, 14:49:59, 0.0, 7.4e-08
2018-08-05, 14:50:02, 0.0, 7.33e-08
2018-08-05, 14:50:04, 0.0, 7.37e-08
2018-08-05, 14:50:06, 0.0, 7.29e-08
2018-08-05, 14:50:08, 0.0, 7.37e-08
2018-08-05, 14:50:10, 0.0, 7.34e-08
2018-08-05, 14:50:12, 0.0, 7.45e-08
2018-08-05, 14:50:14, 0.0, 7.38e-08
2018-08-05, 14:50:16, 0.0, 7.38e-08
2018-08-05, 14:50:19, 0.0, 7.4e-08
2018-08-05, 14:50:21, 0.0, 7.39e-08
2018-08-05, 14:50:23, 0.0, 7.38e-08
2018-08-05, 14:50:25, 0.0, 7.39e-08
2018-08-05, 14:50:27, 0.0, 7.44e-08
2018-08-05, 14:50:29, 0.0, 7.41e-08
2018-08-05, 14:50:31, 0.0, 7.34e-08
2018-08-05, 14:50:34, 0.0, 7.36e-08
2018-08-05, 14:50:36, 0.0, 7.43e-08
2018-08-05, 14:50:38, 0.0, 7.33e-08
2018-08-05, 14:50:40, 0.0, 7.38e-08
2018-08-05, 14:50:42, 0.0, 7.39e-08
2018-08-05, 14:50:44, 0.0, 7.35e-08
2018-08-05, 14:50:46, 0.0, 7.35e-08
2018-08-05, 14:50:48, 0.0, 7.32e-08
2018-08-05, 14:50:51, 0.0, 7.4e-08
2018-08-05, 14:50:53, 0.0, 7.35e-08
2018-08-05, 14:50:55, 0.0, 7.37e-08
2018-08-05, 14:50:57, 0.0, 7.31e-08
2018-08-05, 14:50:59, 0.0, 7.36e-08
2018-08-05, 14:51:01, 0.0, 7.34e-08
2018-08-05, 14:51:03, 0.0, 7.39e-08
2018-08-05, 14:51:05, 0.0, 7.34e-08
2018-08-05, 14:51:08, 0.0, 7.32e-08
2018-08-05, 14:51:10, 0.0, 7.36e-08
2018-08-05, 14:51:12, 0.0, 7.36e-08
2018-08-05, 14:51:14, 0.0, 7.37e-08
2018-08-05, 14:51:16, 0.0, 7.4e-08
2018-08-05, 14:51:18, 0.0, 7.35e-08
2018-08-05, 14:51:20, 0.0, 7.36e-08
2018-08-05, 14:51:22, 0.0, 7.37e-08
2018-08-05, 14:51:25, 0.0, 7.31e-08
2018-08-05, 14:51:27, 0.0, 7.34e-08
2018-08-05, 14:51:29, 0.0, 7.36e-08
2018-08-05, 14:51:31, 0.0, 7.39e-08
2018-08-05, 14:51:33, 0.0, 7.41e-08
2018-08-05, 14:51:35, 0.0, 7.36e-08
2018-08-05, 14:51:37, 0.0, 7.36e-08
2018-08-05, 14:51:39, 0.0, 7.39e-08
2018-08-05, 14:51:42, 0.0, 7.38e-08
2018-08-05, 14:51:44, 0.0, 7.38e-08
2018-08-05, 14:51:46, 0.0, 7.36e-08
2018-08-05, 14:51:48, 0.0, 7.34e-08
2018-08-05, 14:51:50, 0.0, 7.36e-08
2018-08-05, 14:51:52, 0.0, 7.36e-08
2018-08-05, 14:51:54, 0.0, 7.37e-08
2018-08-05, 14:51:56, 0.0, 7.33e-08
2018-08-05, 14:51:59, 0.0, 7.35e-08
2018-08-05, 14:52:01, 0.0, 7.45e-08
2018-08-05, 14:52:03, 0.0, 7.38e-08
2018-08-05, 14:52:05, 0.0, 7.35e-08
2018-08-05, 14:52:07, 0.0, 7.38e-08
2018-08-05, 14:52:09, 0.0, 7.34e-08
2018-08-05, 14:52:11, 0.0, 7.3e-08
2018-08-05, 14:52:13, 0.0, 7.31e-08
2018-08-05, 14:52:16, 0.0, 7.37e-08
2018-08-05, 14:52:18, 0.0, 7.32e-08
2018-08-05, 14:52:20, 0.0, 7.43e-08
2018-08-05, 14:52:22, 0.0, 7.34e-08
2018-08-05, 14:52:24, 0.0, 7.38e-08
2018-08-05, 14:52:26, 0.0, 7.33e-08
2018-08-05, 14:52:28, 0.0, 7.44e-08
2018-08-05, 14:52:30, 0.0, 7.37e-08
2018-08-05, 14:52:33, 0.0, 7.32e-08
2018-08-05, 14:52:35, 0.0, 7.32e-08
2018-08-05, 14:52:37, 0.0, 7.32e-08
2018-08-05, 14:52:39, 0.0, 7.35e-08
2018-08-05, 14:52:41, 0.0, 7.37e-08
2018-08-05, 14:52:43, 0.0, 7.34e-08
2018-08-05, 14:52:45, 0.0, 7.3e-08
2018-08-05, 14:52:47, 0.0, 7.34e-08
2018-08-05, 14:52:50, 0.0, 7.34e-08
2018-08-05, 14:52:52, 0.0, 7.32e-08
2018-08-05, 14:52:54, 0.0, 7.36e-08
2018-08-05, 14:52:56, 0.0, 7.34e-08
2018-08-05, 14:52:58, 0.0, 7.35e-08
2018-08-05, 14:53:00, 0.0, 7.32e-08
2018-08-05, 14:53:02, 0.0, 7.29e-08
2018-08-05, 14:53:04, 0.0, 7.4e-08
2018-08-05, 14:53:07, 0.0, 7.38e-08
2018-08-05, 14:53:09, 0.0, 7.32e-08
2018-08-05, 14:53:11, 0.0, 7.38e-08
2018-08-05, 14:53:13, 0.0, 7.37e-08
2018-08-05, 14:53:15, 0.0, 7.43e-08
2018-08-05, 14:53:17, 0.0, 7.38e-08
2018-08-05, 14:53:19, 0.0, 7.37e-08
2018-08-05, 14:53:21, 0.0, 7.35e-08
2018-08-05, 14:53:24, 0.0, 7.35e-08
2018-08-05, 14:53:26, 0.0, 7.37e-08
2018-08-05, 14:53:28, 0.0, 7.37e-08
2018-08-05, 14:53:30, 0.0, 7.35e-08
2018-08-05, 14:53:32, 0.0, 7.41e-08
2018-08-05, 14:53:34, 0.0, 7.33e-08
2018-08-05, 14:53:36, 0.0, 7.35e-08
2018-08-05, 14:53:39, 0.0, 7.36e-08
2018-08-05, 14:53:41, 0.0, 7.31e-08
2018-08-05, 14:53:43, 0.0, 7.36e-08
2018-08-05, 14:53:45, 0.0, 7.33e-08
2018-08-05, 14:53:47, 0.0, 7.35e-08
2018-08-05, 14:53:49, 0.0, 7.31e-08
2018-08-05, 14:53:51, 0.0, 7.34e-08
2018-08-05, 14:53:53, 0.0, 7.38e-08
2018-08-05, 14:53:56, 0.0, 7.32e-08
2018-08-05, 14:53:58, 0.0, 7.33e-08
2018-08-05, 14:54:00, 0.0, 7.33e-08
2018-08-05, 14:54:02, 0.0, 7.36e-08
2018-08-05, 14:54:04, 0.0, 7.38e-08
2018-08-05, 14:54:06, 0.0, 7.32e-08
2018-08-05, 14:54:08, 0.0, 7.31e-08
2018-08-05, 14:54:10, 0.0, 7.39e-08
2018-08-05, 14:54:13, 0.0, 7.38e-08
2018-08-05, 14:54:15, 0.0, 7.36e-08
2018-08-05, 14:54:17, 0.0, 7.39e-08
2018-08-05, 14:54:19, 0.0, 7.33e-08
2018-08-05, 14:54:21, 0.0, 7.36e-08
2018-08-05, 14:54:23, 0.0, 7.35e-08
2018-08-05, 14:54:25, 0.0, 7.35e-08
2018-08-05, 14:54:27, 0.0, 7.38e-08
2018-08-05, 14:54:30, 0.0, 7.37e-08
2018-08-05, 14:54:32, 0.0, 7.34e-08
2018-08-05, 14:54:34, 0.0, 7.36e-08
2018-08-05, 14:54:36, 0.0, 7.41e-08
2018-08-05, 14:54:38, 0.0, 7.38e-08
2018-08-05, 14:54:40, 0.0, 7.33e-08
2018-08-05, 14:54:42, 0.0, 7.35e-08
2018-08-05, 14:54:44, 0.0, 7.37e-08
2018-08-05, 14:54:47, 0.0, 7.36e-08
2018-08-05, 14:54:49, 0.0, 7.38e-08
2018-08-05, 14:54:51, 0.0, 7.32e-08
2018-08-05, 14:54:53, 0.0, 7.34e-08
2018-08-05, 14:54:55, 0.0, 7.34e-08
2018-08-05, 14:54:57, 0.0, 7.33e-08
2018-08-05, 14:54:59, 0.0, 7.35e-08
2018-08-05, 14:55:02, 0.0, 7.37e-08
2018-08-05, 14:55:04, 0.0, 7.36e-08
2018-08-05, 14:55:06, 0.0, 7.44e-08
2018-08-05, 14:55:08, 0.0, 7.42e-08
2018-08-05, 14:55:10, 0.0, 7.35e-08
2018-08-05, 14:55:12, 0.0, 7.36e-08
2018-08-05, 14:55:14, 0.0, 7.39e-08
2018-08-05, 14:55:16, 0.0, 7.36e-08
2018-08-05, 14:55:19, 0.0, 7.39e-08
2018-08-05, 14:55:21, 0.0, 7.37e-08
2018-08-05, 14:55:23, 0.0, 7.34e-08
2018-08-05, 14:55:25, 0.0, 7.34e-08
2018-08-05, 14:55:27, 0.0, 7.34e-08
2018-08-05, 14:55:29, 0.0, 7.37e-08
2018-08-05, 14:55:31, 0.0, 7.35e-08
2018-08-05, 14:55:33, 0.0, 7.35e-08
2018-08-05, 14:55:36, 0.0, 7.37e-08
2018-08-05, 14:55:38, 0.0, 7.36e-08
2018-08-05, 14:55:40, 0.0, 7.33e-08
2018-08-05, 14:55:42, 0.0, 7.35e-08
2018-08-05, 14:55:44, 0.0, 7.29e-08
2018-08-05, 14:55:46, 0.0, 7.3e-08
2018-08-05, 14:55:48, 0.0, 7.33e-08
2018-08-05, 14:55:50, 0.0, 7.34e-08
2018-08-05, 14:55:53, 0.0, 7.24e-08
2018-08-05, 14:55:55, 0.0, 7.32e-08
2018-08-05, 14:55:57, 0.0, 7.32e-08
2018-08-05, 14:55:59, 0.0, 7.36e-08
2018-08-05, 14:56:01, 0.0, 7.35e-08
2018-08-05, 14:56:03, 0.0, 7.33e-08
2018-08-05, 14:56:05, 0.0, 7.28e-08
2018-08-05, 14:56:08, 0.0, 7.29e-08
2018-08-05, 14:56:10, 0.0, 7.34e-08
2018-08-05, 14:56:12, 0.0, 7.39e-08
2018-08-05, 14:56:14, 0.0, 7.26e-08
2018-08-05, 14:56:16, 0.0, 7.29e-08
2018-08-05, 14:56:18, 0.0, 7.35e-08
2018-08-05, 14:56:20, 0.0, 7.33e-08
2018-08-05, 14:56:22, 0.0, 7.37e-08
2018-08-05, 14:56:25, 0.0, 7.32e-08
2018-08-05, 14:56:27, 0.0, 7.37e-08
2018-08-05, 14:56:29, 0.0, 7.37e-08
2018-08-05, 14:56:31, 0.0, 7.3e-08
2018-08-05, 14:56:33, 0.0, 7.34e-08
2018-08-05, 14:56:35, 0.0, 7.34e-08
2018-08-05, 14:56:37, 0.0, 7.44e-08
2018-08-05, 14:56:39, 0.0, 7.37e-08
2018-08-05, 14:56:42, 0.0, 7.36e-08
2018-08-05, 14:56:44, 0.0, 7.4e-08
2018-08-05, 14:56:46, 0.0, 7.36e-08
2018-08-05, 14:56:48, 0.0, 7.34e-08
2018-08-05, 14:56:50, 0.0, 7.4e-08
2018-08-05, 14:56:52, 0.0, 7.38e-08
2018-08-05, 14:56:54, 0.0, 7.39e-08
2018-08-05, 14:56:56, 0.0, 7.35e-08
2018-08-05, 14:56:59, 0.0, 7.38e-08
2018-08-05, 14:57:01, 0.0, 7.37e-08
2018-08-05, 14:57:03, 0.0, 7.39e-08
2018-08-05, 14:57:05, 0.0, 7.37e-08
2018-08-05, 14:57:07, 0.0, 7.4e-08
2018-08-05, 14:57:09, 0.0, 7.39e-08
2018-08-05, 14:57:11, 0.0, 7.4e-08
2018-08-05, 14:57:13, 0.0, 7.36e-08
2018-08-05, 14:57:16, 0.0, 7.37e-08
2018-08-05, 14:57:18, 0.0, 7.36e-08
2018-08-05, 14:57:20, 0.0, 7.37e-08
2018-08-05, 14:57:22, 0.0, 7.34e-08
2018-08-05, 14:57:24, 0.0, 7.36e-08
2018-08-05, 14:57:26, 0.0, 7.4e-08
2018-08-05, 14:57:28, 0.0, 7.36e-08
2018-08-05, 14:57:30, 0.0, 7.33e-08
2018-08-05, 14:57:32, 0.0, 7.27e-08
2018-08-05, 14:57:35, 0.0, 7.37e-08
2018-08-05, 14:57:37, 0.0, 7.31e-08
2018-08-05, 14:57:39, 0.0, 7.33e-08
2018-08-05, 14:57:41, 0.0, 7.32e-08
2018-08-05, 14:57:43, 0.0, 7.3e-08
2018-08-05, 14:57:45, 0.0, 7.34e-08
2018-08-05, 14:57:47, 0.0, 7.41e-08
2018-08-05, 14:57:50, 0.0, 7.37e-08
2018-08-05, 14:57:52, 0.0, 7.38e-08
2018-08-05, 14:57:54, 0.0, 7.4e-08
2018-08-05, 14:57:56, 0.0, 7.37e-08
2018-08-05, 14:57:58, 0.0, 7.35e-08
2018-08-05, 14:58:00, 0.0, 7.29e-08
2018-08-05, 14:58:02, 0.0, 7.3e-08
2018-08-05, 14:58:04, 0.0, 7.3e-08
2018-08-05, 14:58:07, 0.0, 7.33e-08
2018-08-05, 14:58:09, 0.0, 7.37e-08
2018-08-05, 14:58:11, 0.0, 7.32e-08
2018-08-05, 14:58:13, 0.0, 7.34e-08
2018-08-05, 14:58:15, 0.0, 7.36e-08
2018-08-05, 14:58:17, 0.0, 7.38e-08
2018-08-05, 14:58:19, 0.0, 7.31e-08
2018-08-05, 14:58:21, 0.0, 7.37e-08
2018-08-05, 14:58:24, 0.0, 7.4e-08
2018-08-05, 14:58:26, 0.0, 7.38e-08
2018-08-05, 14:58:28, 0.0, 7.44e-08
2018-08-05, 14:58:30, 0.0, 7.39e-08
2018-08-05, 14:58:32, 0.0, 7.39e-08
2018-08-05, 14:58:34, 0.0, 7.36e-08
2018-08-05, 14:58:36, 0.0, 7.4e-08
2018-08-05, 14:58:38, 0.0, 7.39e-08
2018-08-05, 14:58:40, 0.0, 7.37e-08
2018-08-05, 14:58:43, 0.0, 7.33e-08
2018-08-05, 14:58:45, 0.0, 7.34e-08
2018-08-05, 14:58:47, 0.0, 7.36e-08
2018-08-05, 14:58:49, 0.0, 7.4e-08
2018-08-05, 14:58:51, 0.0, 7.37e-08
2018-08-05, 14:58:53, 0.0, 7.36e-08
2018-08-05, 14:58:55, 0.0, 7.39e-08
2018-08-05, 14:58:58, 0.0, 7.39e-08
2018-08-05, 14:59:00, 0.0, 7.39e-08
2018-08-05, 14:59:02, 0.0, 7.39e-08
2018-08-05, 14:59:04, 0.0, 7.42e-08
2018-08-05, 14:59:06, 0.0, 7.41e-08
2018-08-05, 14:59:08, 0.0, 7.4e-08
2018-08-05, 14:59:10, 0.0, 7.36e-08
2018-08-05, 14:59:12, 0.0, 7.36e-08
2018-08-05, 14:59:15, 0.0, 7.35e-08
2018-08-05, 14:59:17, 0.0, 7.39e-08
2018-08-05, 14:59:19, 0.0, 7.4e-08
2018-08-05, 14:59:21, 0.0, 7.38e-08
2018-08-05, 14:59:23, 0.0, 7.36e-08
2018-08-05, 14:59:25, 0.0, 7.43e-08
2018-08-05, 14:59:27, 0.0, 7.35e-08
2018-08-05, 14:59:29, 0.0, 7.41e-08
2018-08-05, 14:59:32, 0.0, 7.36e-08
2018-08-05, 14:59:34, 0.0, 7.38e-08
2018-08-05, 14:59:36, 0.0, 7.39e-08
2018-08-05, 14:59:38, 0.0, 7.41e-08
2018-08-05, 14:59:40, 0.0, 7.35e-08
2018-08-05, 14:59:42, 0.0, 7.34e-08
2018-08-05, 14:59:44, 0.0, 7.31e-08
2018-08-05, 14:59:46, 0.0, 7.31e-08
2018-08-05, 14:59:49, 0.0, 7.29e-08
2018-08-05, 14:59:51, 0.0, 7.35e-08
2018-08-05, 14:59:53, 0.0, 7.36e-08
2018-08-05, 14:59:55, 0.0, 7.38e-08
2018-08-05, 14:59:57, 0.0, 7.39e-08
2018-08-05, 14:59:59, 0.0, 7.39e-08
2018-08-05, 15:00:01, 0.0, 7.33e-08
2018-08-05, 15:00:03, 0.0, 7.38e-08
2018-08-05, 15:00:06, 0.0, 7.35e-08
2018-08-05, 15:00:08, 0.0, 7.38e-08
2018-08-05, 15:00:10, 0.0, 7.32e-08
2018-08-05, 15:00:12, 0.0, 7.32e-08
2018-08-05, 15:00:14, 0.0, 7.32e-08
2018-08-05, 15:00:16, 0.0, 7.35e-08
2018-08-05, 15:00:18, 0.0, 7.43e-08
2018-08-05, 15:00:21, 0.0, 7.36e-08
2018-08-05, 15:00:23, 0.0, 7.39e-08
2018-08-05, 15:00:25, 0.0, 7.39e-08
2018-08-05, 15:00:27, 0.0, 7.34e-08
2018-08-05, 15:00:29, 0.0, 7.4e-08
2018-08-05, 15:00:31, 0.0, 7.38e-08
2018-08-05, 15:00:33, 0.0, 7.36e-08
2018-08-05, 15:00:35, 0.0, 7.38e-08
2018-08-05, 15:00:38, 0.0, 7.39e-08
2018-08-05, 15:00:40, 0.0, 7.39e-08
2018-08-05, 15:00:42, 0.0, 7.36e-08
2018-08-05, 15:00:44, 0.0, 7.41e-08
2018-08-05, 15:00:46, 0.0, 7.37e-08
2018-08-05, 15:00:48, 0.0, 7.41e-08
2018-08-05, 15:00:50, 0.0, 7.44e-08
2018-08-05, 15:00:52, 0.0, 7.35e-08
2018-08-05, 15:00:55, 0.0, 7.39e-08
2018-08-05, 15:00:57, 0.0, 7.35e-08
2018-08-05, 15:00:59, 0.0, 7.38e-08
2018-08-05, 15:01:01, 0.0, 7.35e-08
2018-08-05, 15:01:03, 0.0, 7.36e-08
2018-08-05, 15:01:05, 0.0, 7.42e-08
2018-08-05, 15:01:07, 0.0, 7.4e-08
2018-08-05, 15:01:09, 0.0, 7.41e-08
2018-08-05, 15:01:12, 0.0, 7.43e-08
2018-08-05, 15:01:14, 0.0, 7.32e-08
2018-08-05, 15:01:16, 0.0, 7.38e-08
2018-08-05, 15:01:18, 0.0, 7.38e-08
2018-08-05, 15:01:20, 0.0, 7.34e-08
2018-08-05, 15:01:22, 0.0, 7.32e-08
2018-08-05, 15:01:24, 0.0, 7.38e-08
2018-08-05, 15:01:26, 0.0, 7.36e-08
2018-08-05, 15:01:29, 0.0, 7.36e-08
2018-08-05, 15:01:31, 0.0, 7.34e-08
2018-08-05, 15:01:33, 0.0, 7.34e-08
2018-08-05, 15:01:35, 0.0, 7.34e-08
2018-08-05, 15:01:37, 0.0, 7.36e-08
2018-08-05, 15:01:39, 0.0, 7.35e-08
2018-08-05, 15:01:41, 0.0, 7.37e-08
2018-08-05, 15:01:44, 0.0, 7.37e-08
2018-08-05, 15:01:46, 0.0, 7.3e-08
2018-08-05, 15:01:48, 0.0, 7.32e-08
2018-08-05, 15:01:50, 0.0, 7.36e-08
2018-08-05, 15:01:52, 0.0, 7.37e-08
2018-08-05, 15:01:54, 0.0, 7.4e-08
2018-08-05, 15:01:56, 0.0, 7.36e-08
2018-08-05, 15:01:58, 0.0, 7.39e-08
2018-08-05, 15:02:01, 0.0, 7.33e-08
2018-08-05, 15:02:03, 0.0, 7.36e-08
2018-08-05, 15:02:05, 0.0, 7.32e-08
2018-08-05, 15:02:07, 0.0, 7.34e-08
2018-08-05, 15:02:09, 0.0, 7.32e-08
2018-08-05, 15:02:11, 0.0, 7.4e-08
2018-08-05, 15:02:13, 0.0, 7.34e-08
2018-08-05, 15:02:15, 0.0, 7.32e-08
2018-08-05, 15:02:18, 0.0, 7.35e-08
2018-08-05, 15:02:20, 0.0, 7.34e-08
2018-08-05, 15:02:22, 0.0, 7.33e-08
2018-08-05, 15:02:24, 0.0, 7.28e-08
2018-08-05, 15:02:26, 0.0, 7.35e-08
2018-08-05, 15:02:28, 0.0, 7.3e-08
2018-08-05, 15:02:30, 0.0, 7.28e-08
2018-08-05, 15:02:32, 0.0, 7.34e-08
2018-08-05, 15:02:35, 0.0, 7.29e-08
2018-08-05, 15:02:37, 0.0, 7.28e-08
2018-08-05, 15:02:39, 0.0, 7.33e-08
2018-08-05, 15:02:41, 0.0, 7.32e-08
2018-08-05, 15:02:43, 0.0, 7.26e-08
2018-08-05, 15:02:45, 0.0, 7.33e-08
2018-08-05, 15:02:47, 0.0, 7.33e-08
2018-08-05, 15:02:49, 0.0, 7.37e-08
2018-08-05, 15:02:52, 0.0, 7.35e-08
2018-08-05, 15:02:54, 0.0, 7.35e-08
2018-08-05, 15:02:56, 0.0, 7.3e-08
2018-08-05, 15:02:58, 0.0, 7.36e-08
2018-08-05, 15:03:00, 0.0, 7.31e-08
2018-08-05, 15:03:02, 0.0, 7.37e-08
2018-08-05, 15:03:04, 0.0, 7.33e-08
2018-08-05, 15:03:06, 0.0, 7.31e-08
2018-08-05, 15:03:09, 0.0, 7.35e-08
2018-08-05, 15:03:11, 0.0, 7.32e-08
2018-08-05, 15:03:13, 0.0, 7.35e-08
2018-08-05, 15:03:15, 0.0, 7.34e-08
2018-08-05, 15:03:17, 0.0, 7.32e-08
2018-08-05, 15:03:19, 0.0, 7.38e-08
2018-08-05, 15:03:21, 0.0, 7.35e-08
2018-08-05, 15:03:24, 0.0, 7.38e-08
2018-08-05, 15:03:26, 0.0, 7.33e-08
2018-08-05, 15:03:28, 0.0, 7.33e-08
2018-08-05, 15:03:30, 0.0, 7.33e-08
2018-08-05, 15:03:32, 0.0, 7.34e-08
2018-08-05, 15:03:34, 0.0, 7.37e-08
2018-08-05, 15:03:36, 0.0, 7.34e-08
2018-08-05, 15:03:38, 0.0, 7.32e-08
2018-08-05, 15:03:41, 0.0, 7.3e-08
2018-08-05, 15:03:43, 0.0, 7.33e-08
2018-08-05, 15:03:45, 0.0, 7.35e-08
2018-08-05, 15:03:47, 0.0, 7.33e-08
2018-08-05, 15:03:49, 0.0, 7.33e-08
2018-08-05, 15:03:51, 0.0, 7.31e-08
2018-08-05, 15:03:53, 0.0, 7.33e-08
2018-08-05, 15:03:55, 0.0, 7.36e-08
2018-08-05, 15:03:58, 0.0, 7.35e-08
2018-08-05, 15:04:00, 0.0, 7.36e-08
2018-08-05, 15:04:02, 0.0, 7.36e-08
2018-08-05, 15:04:04, 0.0, 7.36e-08
2018-08-05, 15:04:06, 0.0, 7.36e-08
2018-08-05, 15:04:08, 0.0, 7.36e-08
2018-08-05, 15:04:10, 0.0, 7.39e-08
2018-08-05, 15:04:12, 0.0, 7.32e-08
2018-08-05, 15:04:15, 0.0, 7.3e-08
2018-08-05, 15:04:17, 0.0, 7.33e-08
2018-08-05, 15:04:19, 0.0, 7.36e-08
2018-08-05, 15:04:21, 0.0, 7.37e-08
2018-08-05, 15:04:23, 0.0, 7.37e-08
2018-08-05, 15:04:25, 0.0, 7.36e-08
2018-08-05, 15:04:27, 0.0, 7.37e-08
2018-08-05, 15:04:29, 0.0, 7.34e-08
2018-08-05, 15:04:32, 0.0, 7.34e-08
2018-08-05, 15:04:34, 0.0, 7.35e-08
2018-08-05, 15:04:36, 0.0, 7.39e-08
2018-08-05, 15:04:38, 0.0, 7.4e-08
2018-08-05, 15:04:40, 0.0, 7.35e-08
2018-08-05, 15:04:42, 0.0, 7.34e-08
2018-08-05, 15:04:44, 0.0, 7.33e-08
2018-08-05, 15:04:46, 0.0, 7.36e-08
2018-08-05, 15:04:49, 0.0, 7.32e-08
2018-08-05, 15:04:51, 0.0, 7.34e-08
2018-08-05, 15:04:53, 0.0, 7.34e-08
2018-08-05, 15:04:55, 0.0, 7.34e-08
2018-08-05, 15:04:57, 0.0, 7.36e-08
2018-08-05, 15:04:59, 0.0, 7.37e-08
2018-08-05, 15:05:01, 0.0, 7.39e-08
2018-08-05, 15:05:04, 0.0, 7.4e-08
2018-08-05, 15:05:06, 0.0, 7.31e-08
2018-08-05, 15:05:08, 0.0, 7.4e-08
2018-08-05, 15:05:10, 0.0, 7.35e-08
2018-08-05, 15:05:12, 0.0, 7.34e-08
2018-08-05, 15:05:14, 0.0, 7.36e-08
2018-08-05, 15:05:16, 0.0, 7.3e-08
2018-08-05, 15:05:18, 0.0, 7.39e-08
2018-08-05, 15:05:21, 0.0, 7.42e-08
2018-08-05, 15:05:23, 0.0, 7.41e-08
2018-08-05, 15:05:25, 0.0, 7.37e-08
2018-08-05, 15:05:27, 0.0, 7.36e-08
2018-08-05, 15:05:29, 0.0, 7.4e-08
2018-08-05, 15:05:31, 0.0, 7.43e-08
2018-08-05, 15:05:33, 0.0, 7.35e-08
2018-08-05, 15:05:35, 0.0, 7.34e-08
2018-08-05, 15:05:38, 0.0, 7.35e-08
2018-08-05, 15:05:40, 0.0, 7.36e-08
2018-08-05, 15:05:42, 0.0, 7.39e-08
2018-08-05, 15:05:44, 0.0, 7.32e-08
2018-08-05, 15:05:46, 0.0, 7.32e-08
2018-08-05, 15:05:48, 0.0, 7.29e-08
2018-08-05, 15:05:50, 0.0, 7.3e-08
2018-08-05, 15:05:52, 0.0, 7.29e-08
2018-08-05, 15:05:55, 0.0, 7.35e-08
2018-08-05, 15:05:57, 0.0, 7.36e-08
2018-08-05, 15:05:59, 0.0, 7.35e-08
2018-08-05, 15:06:01, 0.0, 7.38e-08
2018-08-05, 15:06:03, 0.0, 7.32e-08
2018-08-05, 15:06:05, 0.0, 7.29e-08
2018-08-05, 15:06:07, 0.0, 7.3e-08
2018-08-05, 15:06:09, 0.0, 7.33e-08
2018-08-05, 15:06:12, 0.0, 7.27e-08
2018-08-05, 15:06:14, 0.0, 7.29e-08
2018-08-05, 15:06:16, 0.0, 7.25e-08
2018-08-05, 15:06:18, 0.0, 7.24e-08
2018-08-05, 15:06:20, 0.0, 7.27e-08
2018-08-05, 15:06:22, 0.0, 7.3e-08
2018-08-05, 15:06:24, 0.0, 7.33e-08
2018-08-05, 15:06:26, 0.0, 7.34e-08
2018-08-05, 15:06:29, 0.0, 7.37e-08
2018-08-05, 15:06:31, 0.0, 7.33e-08
2018-08-05, 15:06:33, 0.0, 7.37e-08
2018-08-05, 15:06:35, 0.0, 7.39e-08
2018-08-05, 15:06:37, 0.0, 7.35e-08
2018-08-05, 15:06:39, 0.0, 7.35e-08
2018-08-05, 15:06:41, 0.0, 7.35e-08
2018-08-05, 15:06:43, 0.0, 7.33e-08
2018-08-05, 15:06:46, 0.0, 7.33e-08
2018-08-05, 15:06:48, 0.0, 7.38e-08
2018-08-05, 15:06:50, 0.0, 7.3e-08
2018-08-05, 15:06:52, 0.0, 7.3e-08
2018-08-05, 15:06:54, 0.0, 7.31e-08
2018-08-05, 15:06:56, 0.0, 7.27e-08
2018-08-05, 15:06:58, 0.0, 7.3e-08
2018-08-05, 15:07:01, 0.0, 7.29e-08
2018-08-05, 15:07:03, 0.0, 7.28e-08
2018-08-05, 15:07:05, 0.0, 7.31e-08
2018-08-05, 15:07:07, 0.0, 7.32e-08
2018-08-05, 15:07:09, 0.0, 7.32e-08
2018-08-05, 15:07:11, 0.0, 7.3e-08
2018-08-05, 15:07:13, 0.0, 7.33e-08
2018-08-05, 15:07:15, 0.0, 7.39e-08
2018-08-05, 15:07:17, 0.0, 7.29e-08
2018-08-05, 15:07:20, 0.0, 7.33e-08
2018-08-05, 15:07:22, 0.0, 7.3e-08
2018-08-05, 15:07:24, 0.0, 7.34e-08
2018-08-05, 15:07:26, 0.0, 7.26e-08
2018-08-05, 15:07:28, 0.0, 7.31e-08
2018-08-05, 15:07:30, 0.0, 7.31e-08
2018-08-05, 15:07:32, 0.0, 7.35e-08
2018-08-05, 15:07:34, 0.0, 7.32e-08
2018-08-05, 15:07:37, 0.0, 7.35e-08
2018-08-05, 15:07:39, 0.0, 7.3e-08
2018-08-05, 15:07:41, 0.0, 7.31e-08
2018-08-05, 15:07:43, 0.0, 7.35e-08
2018-08-05, 15:07:45, 0.0, 7.25e-08
2018-08-05, 15:07:47, 0.0, 7.32e-08
2018-08-05, 15:07:49, 0.0, 7.3e-08
2018-08-05, 15:07:52, 0.0, 7.27e-08
2018-08-05, 15:07:54, 0.0, 7.36e-08
2018-08-05, 15:07:56, 0.0, 7.29e-08
2018-08-05, 15:07:58, 0.0, 7.27e-08
2018-08-05, 15:08:00, 0.0, 7.32e-08
2018-08-05, 15:08:02, 0.0, 7.32e-08
2018-08-05, 15:08:04, 0.0, 7.31e-08
2018-08-05, 15:08:06, 0.0, 7.34e-08
2018-08-05, 15:08:09, 0.0, 7.36e-08
2018-08-05, 15:08:11, 0.0, 7.34e-08
2018-08-05, 15:08:13, 0.0, 7.33e-08
2018-08-05, 15:08:15, 0.0, 7.29e-08
2018-08-05, 15:08:17, 0.0, 7.3e-08
2018-08-05, 15:08:19, 0.0, 7.26e-08
2018-08-05, 15:08:21, 0.0, 7.26e-08
2018-08-05, 15:08:23, 0.0, 7.28e-08
2018-08-05, 15:08:26, 0.0, 7.23e-08
2018-08-05, 15:08:28, 0.0, 7.28e-08
2018-08-05, 15:08:30, 0.0, 7.3e-08
2018-08-05, 15:08:32, 0.0, 7.23e-08
2018-08-05, 15:08:34, 0.0, 7.21e-08
2018-08-05, 15:08:36, 0.0, 7.21e-08
2018-08-05, 15:08:38, 0.0, 7.23e-08
2018-08-05, 15:08:40, 0.0, 7.26e-08
2018-08-05, 15:08:43, 0.0, 7.29e-08
2018-08-05, 15:08:45, 0.0, 7.19e-08
2018-08-05, 15:08:47, 0.0, 7.23e-08
2018-08-05, 15:08:49, 0.0, 7.22e-08
2018-08-05, 15:08:51, 0.0, 7.28e-08
2018-08-05, 15:08:53, 0.0, 7.27e-08
2018-08-05, 15:08:55, 0.0, 7.26e-08
2018-08-05, 15:08:57, 0.0, 7.26e-08
2018-08-05, 15:09:00, 0.0, 7.26e-08
2018-08-05, 15:09:02, 0.0, 7.28e-08
2018-08-05, 15:09:04, 0.0, 7.28e-08
2018-08-05, 15:09:06, 0.0, 7.28e-08
2018-08-05, 15:09:08, 0.0, 7.25e-08
2018-08-05, 15:09:10, 0.0, 7.2e-08
2018-08-05, 15:09:12, 0.0, 7.22e-08
2018-08-05, 15:09:14, 0.0, 7.22e-08
2018-08-05, 15:09:17, 0.0, 7.27e-08
2018-08-05, 15:09:19, 0.0, 7.28e-08
2018-08-05, 15:09:21, 0.0, 7.26e-08
2018-08-05, 15:09:23, 0.0, 7.3e-08
2018-08-05, 15:09:25, 0.0, 7.29e-08
2018-08-05, 15:09:27, 0.0, 7.29e-08
2018-08-05, 15:09:29, 0.0, 7.25e-08
2018-08-05, 15:09:31, 0.0, 7.29e-08
2018-08-05, 15:09:34, 0.0, 7.32e-08
2018-08-05, 15:09:36, 0.0, 7.31e-08
2018-08-05, 15:09:38, 0.0, 7.28e-08
2018-08-05, 15:09:40, 0.0, 7.27e-08
2018-08-05, 15:09:42, 0.0, 7.16e-08
2018-08-05, 15:09:44, 0.0, 7.24e-08
2018-08-05, 15:09:46, 0.0, 7.25e-08
2018-08-05, 15:09:49, 0.0, 7.29e-08
2018-08-05, 15:09:51, 0.0, 7.37e-08
2018-08-05, 15:09:53, 0.0, 7.31e-08
2018-08-05, 15:09:55, 0.0, 7.27e-08
2018-08-05, 15:09:57, 0.0, 7.26e-08
2018-08-05, 15:09:59, 0.0, 7.34e-08
2018-08-05, 15:10:01, 0.0, 7.33e-08
2018-08-05, 15:10:03, 0.0, 7.29e-08
2018-08-05, 15:10:06, 0.0, 7.26e-08
2018-08-05, 15:10:08, 0.0, 7.32e-08
2018-08-05, 15:10:10, 0.0, 7.3e-08
2018-08-05, 15:10:12, 0.0, 7.3e-08
2018-08-05, 15:10:14, 0.0, 7.28e-08
2018-08-05, 15:10:16, 0.0, 7.36e-08
2018-08-05, 15:10:18, 0.0, 7.3e-08
2018-08-05, 15:10:20, 0.0, 7.29e-08
2018-08-05, 15:10:23, 0.0, 7.31e-08
2018-08-05, 15:10:25, 0.0, 7.34e-08
2018-08-05, 15:10:27, 0.0, 7.3e-08
2018-08-05, 15:10:29, 0.0, 7.33e-08
2018-08-05, 15:10:31, 0.0, 7.31e-08
2018-08-05, 15:10:33, 0.0, 7.35e-08
2018-08-05, 15:10:35, 0.0, 7.37e-08
2018-08-05, 15:10:37, 0.0, 7.3e-08
2018-08-05, 15:10:40, 0.0, 7.33e-08
2018-08-05, 15:10:42, 0.0, 7.34e-08
2018-08-05, 15:10:44, 0.0, 7.26e-08
2018-08-05, 15:10:46, 0.0, 7.33e-08
2018-08-05, 15:10:48, 0.0, 7.34e-08
2018-08-05, 15:10:50, 0.0, 7.31e-08
2018-08-05, 15:10:52, 0.0, 7.31e-08
2018-08-05, 15:10:54, 0.0, 7.29e-08
2018-08-05, 15:10:57, 0.0, 7.32e-08
2018-08-05, 15:10:59, 0.0, 7.29e-08
2018-08-05, 15:11:01, 0.0, 7.3e-08
2018-08-05, 15:11:03, 0.0, 7.24e-08
2018-08-05, 15:11:05, 0.0, 7.25e-08
2018-08-05, 15:11:07, 0.0, 7.31e-08
2018-08-05, 15:11:09, 0.0, 7.29e-08
2018-08-05, 15:11:11, 0.0, 7.33e-08
2018-08-05, 15:11:14, 0.0, 7.25e-08
2018-08-05, 15:11:16, 0.0, 7.31e-08
2018-08-05, 15:11:18, 0.0, 7.29e-08
2018-08-05, 15:11:20, 0.0, 7.29e-08
2018-08-05, 15:11:22, 0.0, 7.26e-08
2018-08-05, 15:11:24, 0.0, 7.27e-08
2018-08-05, 15:11:26, 0.0, 7.28e-08
2018-08-05, 15:11:28, 0.0, 7.27e-08
2018-08-05, 15:11:31, 0.0, 7.29e-08
2018-08-05, 15:11:33, 0.0, 7.36e-08
2018-08-05, 15:11:35, 0.0, 7.29e-08
2018-08-05, 15:11:37, 0.0, 7.31e-08
2018-08-05, 15:11:39, 0.0, 7.31e-08
2018-08-05, 15:11:41, 0.0, 7.31e-08
2018-08-05, 15:11:43, 0.0, 7.27e-08
2018-08-05, 15:11:45, 0.0, 7.34e-08
2018-08-05, 15:11:48, 0.0, 7.27e-08
2018-08-05, 15:11:50, 0.0, 7.29e-08
2018-08-05, 15:11:52, 0.0, 7.34e-08
2018-08-05, 15:11:54, 0.0, 7.29e-08
2018-08-05, 15:11:56, 0.0, 7.29e-08
2018-08-05, 15:11:58, 0.0, 7.32e-08
2018-08-05, 15:12:00, 0.0, 7.31e-08
2018-08-05, 15:12:02, 0.0, 7.31e-08
2018-08-05, 15:12:05, 0.0, 7.27e-08
2018-08-05, 15:12:07, 0.0, 7.35e-08
2018-08-05, 15:12:09, 0.0, 7.33e-08
2018-08-05, 15:12:11, 0.0, 7.3e-08
2018-08-05, 15:12:13, 0.0, 7.32e-08
2018-08-05, 15:12:15, 0.0, 7.31e-08
2018-08-05, 15:12:17, 0.0, 7.31e-08
2018-08-05, 15:12:19, 0.0, 7.3e-08
2018-08-05, 15:12:22, 0.0, 7.33e-08
2018-08-05, 15:12:24, 0.0, 7.32e-08
2018-08-05, 15:12:26, 0.0, 7.3e-08
2018-08-05, 15:12:28, 0.0, 7.26e-08
2018-08-05, 15:12:30, 0.0, 7.29e-08
2018-08-05, 15:12:32, 0.0, 7.3e-08
2018-08-05, 15:12:34, 0.0, 7.28e-08
2018-08-05, 15:12:36, 0.0, 7.31e-08
2018-08-05, 15:12:39, 0.0, 7.28e-08
2018-08-05, 15:12:41, 0.0, 7.29e-08
2018-08-05, 15:12:43, 0.0, 7.32e-08
2018-08-05, 15:12:45, 0.0, 7.36e-08
2018-08-05, 15:12:47, 0.0, 7.3e-08
2018-08-05, 15:12:49, 0.0, 7.32e-08
2018-08-05, 15:12:51, 0.0, 7.34e-08
2018-08-05, 15:12:53, 0.0, 7.32e-08
2018-08-05, 15:12:56, 0.0, 7.28e-08
2018-08-05, 15:12:58, 0.0, 7.31e-08
2018-08-05, 15:13:00, 0.0, 7.33e-08
2018-08-05, 15:13:02, 0.0, 7.3e-08
2018-08-05, 15:13:04, 0.0, 7.29e-08
2018-08-05, 15:13:06, 0.0, 7.34e-08
2018-08-05, 15:13:08, 0.0, 7.34e-08
2018-08-05, 15:13:10, 0.0, 7.31e-08
2018-08-05, 15:13:13, 0.0, 7.33e-08
2018-08-05, 15:13:15, 0.0, 7.38e-08
2018-08-05, 15:13:17, 0.0, 7.31e-08
2018-08-05, 15:13:19, 0.0, 7.3e-08
2018-08-05, 15:13:21, 0.0, 7.34e-08
2018-08-05, 15:13:23, 0.0, 7.3e-08
2018-08-05, 15:13:25, 0.0, 7.4e-08
2018-08-05, 15:13:28, 0.0, 7.32e-08
2018-08-05, 15:13:30, 0.0, 7.39e-08
2018-08-05, 15:13:32, 0.0, 7.33e-08
2018-08-05, 15:13:34, 0.0, 7.31e-08
2018-08-05, 15:13:36, 0.0, 7.32e-08
2018-08-05, 15:13:38, 0.0, 7.38e-08
2018-08-05, 15:13:40, 0.0, 7.43e-08
2018-08-05, 15:13:42, 0.0, 7.35e-08
2018-08-05, 15:13:45, 0.0, 7.45e-08
2018-08-05, 15:13:47, 0.0, 7.38e-08
2018-08-05, 15:13:49, 0.0, 7.38e-08
2018-08-05, 15:13:51, 0.0, 7.34e-08
2018-08-05, 15:13:53, 0.0, 7.3e-08
2018-08-05, 15:13:55, 0.0, 7.34e-08
2018-08-05, 15:13:57, 0.0, 7.34e-08
2018-08-05, 15:13:59, 0.0, 7.31e-08
2018-08-05, 15:14:02, 0.0, 7.3e-08
2018-08-05, 15:14:04, 0.0, 7.32e-08
2018-08-05, 15:14:06, 0.0, 7.35e-08
2018-08-05, 15:14:08, 0.0, 7.28e-08
2018-08-05, 15:14:10, 0.0, 7.3e-08
2018-08-05, 15:14:12, 0.0, 7.34e-08
2018-08-05, 15:14:14, 0.0, 7.3e-08
2018-08-05, 15:14:16, 0.0, 7.37e-08
2018-08-05, 15:14:19, 0.0, 7.33e-08
2018-08-05, 15:14:21, 0.0, 7.34e-08
2018-08-05, 15:14:23, 0.0, 7.33e-08
2018-08-05, 15:14:25, 0.0, 7.35e-08
2018-08-05, 15:14:27, 0.0, 7.35e-08
2018-08-05, 15:14:29, 0.0, 7.35e-08
2018-08-05, 15:14:31, 0.0, 7.33e-08
2018-08-05, 15:14:33, 0.0, 7.38e-08
2018-08-05, 15:14:36, 0.0, 7.32e-08
2018-08-05, 15:14:38, 0.0, 7.35e-08
2018-08-05, 15:14:40, 0.0, 7.39e-08
2018-08-05, 15:14:42, 0.0, 7.34e-08
2018-08-05, 15:14:44, 0.0, 7.32e-08
2018-08-05, 15:14:46, 0.0, 7.34e-08
2018-08-05, 15:14:48, 0.0, 7.42e-08
2018-08-05, 15:14:50, 0.0, 7.37e-08
2018-08-05, 15:14:53, 0.0, 7.35e-08
2018-08-05, 15:14:55, 0.0, 7.28e-08
2018-08-05, 15:14:57, 0.0, 7.3e-08
2018-08-05, 15:14:59, 0.0, 7.29e-08
2018-08-05, 15:15:01, 0.0, 7.25e-08
2018-08-05, 15:15:03, 0.0, 7.34e-08
2018-08-05, 15:15:05, 0.0, 7.35e-08
2018-08-05, 15:15:07, 0.0, 7.36e-08
2018-08-05, 15:15:10, 0.0, 7.38e-08
2018-08-05, 15:15:12, 0.0, 7.34e-08
2018-08-05, 15:15:14, 0.0, 7.34e-08
2018-08-05, 15:15:16, 0.0, 7.33e-08
2018-08-05, 15:15:18, 0.0, 7.34e-08
2018-08-05, 15:15:20, 0.0, 7.31e-08
2018-08-05, 15:15:22, 0.0, 7.33e-08
2018-08-05, 15:15:25, 0.0, 7.33e-08
2018-08-05, 15:15:27, 0.0, 7.29e-08
2018-08-05, 15:15:29, 0.0, 7.34e-08
2018-08-05, 15:15:31, 0.0, 7.31e-08
2018-08-05, 15:15:33, 0.0, 7.31e-08
2018-08-05, 15:15:35, 0.0, 7.34e-08
2018-08-05, 15:15:37, 0.0, 7.4e-08
2018-08-05, 15:15:39, 0.0, 7.31e-08
2018-08-05, 15:15:42, 0.0, 7.4e-08
2018-08-05, 15:15:44, 0.0, 7.4e-08
2018-08-05, 15:15:46, 0.0, 7.39e-08
2018-08-05, 15:15:48, 0.0, 7.3e-08
2018-08-05, 15:15:50, 0.0, 7.37e-08
2018-08-05, 15:15:52, 0.0, 7.38e-08
2018-08-05, 15:15:54, 0.0, 7.34e-08
2018-08-05, 15:15:56, 0.0, 7.37e-08
2018-08-05, 15:15:59, 0.0, 7.34e-08
2018-08-05, 15:16:01, 0.0, 7.38e-08
2018-08-05, 15:16:03, 0.0, 7.3e-08
2018-08-05, 15:16:05, 0.0, 7.33e-08
2018-08-05, 15:16:07, 0.0, 7.33e-08
2018-08-05, 15:16:09, 0.0, 7.32e-08
2018-08-05, 15:16:11, 0.0, 7.34e-08
2018-08-05, 15:16:13, 0.0, 7.38e-08
2018-08-05, 15:16:16, 0.0, 7.38e-08
2018-08-05, 15:16:18, 0.0, 7.37e-08
2018-08-05, 15:16:20, 0.0, 7.36e-08
2018-08-05, 15:16:22, 0.0, 7.38e-08
2018-08-05, 15:16:24, 0.0, 7.36e-08
2018-08-05, 15:16:26, 0.0, 7.37e-08
2018-08-05, 15:16:28, 0.0, 7.31e-08
2018-08-05, 15:16:30, 0.0, 7.29e-08
2018-08-05, 15:16:33, 0.0, 7.36e-08
2018-08-05, 15:16:35, 0.0, 7.4e-08
2018-08-05, 15:16:37, 0.0, 7.37e-08
2018-08-05, 15:16:39, 0.0, 7.37e-08
2018-08-05, 15:16:41, 0.0, 7.39e-08
2018-08-05, 15:16:43, 0.0, 7.37e-08
2018-08-05, 15:16:45, 0.0, 7.32e-08
2018-08-05, 15:16:47, 0.0, 7.39e-08
2018-08-05, 15:16:50, 0.0, 7.38e-08
2018-08-05, 15:16:52, 0.0, 7.37e-08
2018-08-05, 15:16:54, 0.0, 7.35e-08
2018-08-05, 15:16:56, 0.0, 7.3e-08
2018-08-05, 15:16:58, 0.0, 7.34e-08
2018-08-05, 15:17:00, 0.0, 7.38e-08
2018-08-05, 15:17:02, 0.0, 7.39e-08
2018-08-05, 15:17:04, 0.0, 7.36e-08
2018-08-05, 15:17:07, 0.0, 7.32e-08
2018-08-05, 15:17:09, 0.0, 7.34e-08
2018-08-05, 15:17:11, 0.0, 7.27e-08
2018-08-05, 15:17:13, 0.0, 7.3e-08
2018-08-05, 15:17:15, 0.0, 7.32e-08
2018-08-05, 15:17:17, 0.0, 7.42e-08
2018-08-05, 15:17:19, 0.0, 7.35e-08
2018-08-05, 15:17:21, 0.0, 7.36e-08
2018-08-05, 15:17:24, 0.0, 7.31e-08
2018-08-05, 15:17:26, 0.0, 7.33e-08
2018-08-05, 15:17:28, 0.0, 7.3e-08
2018-08-05, 15:17:30, 0.0, 7.33e-08
2018-08-05, 15:17:32, 0.0, 7.33e-08
2018-08-05, 15:17:34, 0.0, 7.3e-08
2018-08-05, 15:17:36, 0.0, 7.33e-08
2018-08-05, 15:17:39, 0.0, 7.32e-08
2018-08-05, 15:17:41, 0.0, 7.29e-08
2018-08-05, 15:17:43, 0.0, 7.29e-08
2018-08-05, 15:17:45, 0.0, 7.35e-08
2018-08-05, 15:17:47, 0.0, 7.3e-08
2018-08-05, 15:17:49, 0.0, 7.36e-08
2018-08-05, 15:17:51, 0.0, 7.36e-08
2018-08-05, 15:17:53, 0.0, 7.4e-08
2018-08-05, 15:17:56, 0.0, 7.4e-08
2018-08-05, 15:17:58, 0.0, 7.33e-08
2018-08-05, 15:18:00, 0.0, 7.29e-08
2018-08-05, 15:18:02, 0.0, 7.28e-08
2018-08-05, 15:18:04, 0.0, 7.43e-08
2018-08-05, 15:18:06, 0.0, 7.38e-08
2018-08-05, 15:18:08, 0.0, 7.37e-08
2018-08-05, 15:18:10, 0.0, 7.38e-08
2018-08-05, 15:18:13, 0.0, 7.36e-08
2018-08-05, 15:18:15, 0.0, 7.41e-08
2018-08-05, 15:18:17, 0.0, 7.39e-08
2018-08-05, 15:18:19, 0.0, 7.4e-08
2018-08-05, 15:18:21, 0.0, 7.33e-08
2018-08-05, 15:18:23, 0.0, 7.3e-08
2018-08-05, 15:18:25, 0.0, 7.42e-08
2018-08-05, 15:18:27, 0.0, 7.4e-08
2018-08-05, 15:18:30, 0.0, 7.34e-08
2018-08-05, 15:18:32, 0.0, 7.36e-08
2018-08-05, 15:18:34, 0.0, 7.35e-08
2018-08-05, 15:18:36, 0.0, 7.31e-08
2018-08-05, 15:18:38, 0.0, 7.31e-08
2018-08-05, 15:18:40, 0.0, 7.32e-08
2018-08-05, 15:18:42, 0.0, 7.33e-08
2018-08-05, 15:18:44, 0.0, 7.31e-08
2018-08-05, 15:18:47, 0.0, 7.31e-08
2018-08-05, 15:18:49, 0.0, 7.36e-08
2018-08-05, 15:18:51, 0.0, 7.36e-08
2018-08-05, 15:18:53, 0.0, 7.31e-08
2018-08-05, 15:18:55, 0.0, 7.35e-08
2018-08-05, 15:18:57, 0.0, 7.33e-08
2018-08-05, 15:18:59, 0.0, 7.39e-08
2018-08-05, 15:19:01, 0.0, 7.34e-08
2018-08-05, 15:19:04, 0.0, 7.38e-08
2018-08-05, 15:19:06, 0.0, 7.37e-08
2018-08-05, 15:19:08, 0.0, 7.37e-08
2018-08-05, 15:19:10, 0.0, 7.37e-08
2018-08-05, 15:19:12, 0.0, 7.34e-08
2018-08-05, 15:19:14, 0.0, 7.37e-08
2018-08-05, 15:19:16, 0.0, 7.37e-08
2018-08-05, 15:19:18, 0.0, 7.33e-08
2018-08-05, 15:19:21, 0.0, 7.31e-08
2018-08-05, 15:19:23, 0.0, 7.39e-08
2018-08-05, 15:19:25, 0.0, 7.31e-08
2018-08-05, 15:19:27, 0.0, 7.36e-08
2018-08-05, 15:19:29, 0.0, 7.32e-08
2018-08-05, 15:19:31, 0.0, 7.34e-08
2018-08-05, 15:19:33, 0.0, 7.36e-08
2018-08-05, 15:19:35, 0.0, 7.42e-08
2018-08-05, 15:19:38, 0.0, 7.41e-08
2018-08-05, 15:19:40, 0.0, 7.34e-08
2018-08-05, 15:19:42, 0.0, 7.34e-08
2018-08-05, 15:19:44, 0.0, 7.33e-08
2018-08-05, 15:19:46, 0.0, 7.35e-08
2018-08-05, 15:19:48, 0.0, 7.31e-08
2018-08-05, 15:19:50, 0.0, 7.38e-08
2018-08-05, 15:19:52, 0.0, 7.33e-08
2018-08-05, 15:19:55, 0.0, 7.32e-08
2018-08-05, 15:19:57, 0.0, 7.32e-08
2018-08-05, 15:19:59, 0.0, 7.34e-08
2018-08-05, 15:20:01, 0.0, 7.33e-08
2018-08-05, 15:20:03, 0.0, 7.35e-08
2018-08-05, 15:20:05, 0.0, 7.3e-08
2018-08-05, 15:20:07, 0.0, 7.33e-08
2018-08-05, 15:20:10, 0.0, 7.32e-08
2018-08-05, 15:20:12, 0.0, 7.37e-08
2018-08-05, 15:20:14, 0.0, 7.35e-08
2018-08-05, 15:20:16, 0.0, 7.3e-08
2018-08-05, 15:20:18, 0.0, 7.4e-08
2018-08-05, 15:20:20, 0.0, 7.32e-08
2018-08-05, 15:20:22, 0.0, 7.3e-08
2018-08-05, 15:20:24, 0.0, 7.31e-08
2018-08-05, 15:20:27, 0.0, 7.36e-08
2018-08-05, 15:20:29, 0.0, 7.37e-08
2018-08-05, 15:20:31, 0.0, 7.39e-08
2018-08-05, 15:20:33, 0.0, 7.35e-08
2018-08-05, 15:20:35, 0.0, 7.38e-08
2018-08-05, 15:20:37, 0.0, 7.33e-08
2018-08-05, 15:20:39, 0.0, 7.34e-08
2018-08-05, 15:20:41, 0.0, 7.32e-08
2018-08-05, 15:20:44, 0.0, 7.42e-08
2018-08-05, 15:20:46, 0.0, 7.34e-08
2018-08-05, 15:20:48, 0.0, 7.37e-08
2018-08-05, 15:20:50, 0.0, 7.3e-08
2018-08-05, 15:20:52, 0.0, 7.32e-08
2018-08-05, 15:20:54, 0.0, 7.32e-08
2018-08-05, 15:20:56, 0.0, 7.36e-08
2018-08-05, 15:20:58, 0.0, 7.44e-08
2018-08-05, 15:21:01, 0.0, 7.34e-08
2018-08-05, 15:21:03, 0.0, 7.36e-08
2018-08-05, 15:21:05, 0.0, 7.34e-08
2018-08-05, 15:21:07, 0.0, 7.26e-08
2018-08-05, 15:21:09, 0.0, 7.27e-08
2018-08-05, 15:21:11, 0.0, 7.35e-08
2018-08-05, 15:21:13, 0.0, 7.31e-08
2018-08-05, 15:21:15, 0.0, 7.34e-08
2018-08-05, 15:21:18, 0.0, 7.38e-08
2018-08-05, 15:21:20, 0.0, 7.35e-08
2018-08-05, 15:21:22, 0.0, 7.33e-08
2018-08-05, 15:21:24, 0.0, 7.38e-08
2018-08-05, 15:21:26, 0.0, 7.33e-08
2018-08-05, 15:21:28, 0.0, 7.32e-08
2018-08-05, 15:21:30, 0.0, 7.32e-08
2018-08-05, 15:21:32, 0.0, 7.3e-08
2018-08-05, 15:21:35, 0.0, 7.34e-08
2018-08-05, 15:21:37, 0.0, 7.38e-08
2018-08-05, 15:21:39, 0.0, 7.35e-08
2018-08-05, 15:21:41, 0.0, 7.35e-08
2018-08-05, 15:21:43, 0.0, 7.28e-08
2018-08-05, 15:21:45, 0.0, 7.4e-08
2018-08-05, 15:21:47, 0.0, 7.32e-08
2018-08-05, 15:21:49, 0.0, 7.31e-08
2018-08-05, 15:21:52, 0.0, 7.35e-08
2018-08-05, 15:21:54, 0.0, 7.35e-08
2018-08-05, 15:21:56, 0.0, 7.34e-08
2018-08-05, 15:21:58, 0.0, 7.4e-08
2018-08-05, 15:22:00, 0.0, 7.33e-08
2018-08-05, 15:22:02, 0.0, 7.37e-08
2018-08-05, 15:22:04, 0.0, 7.31e-08
2018-08-05, 15:22:06, 0.0, 7.35e-08
2018-08-05, 15:22:09, 0.0, 7.35e-08
2018-08-05, 15:22:11, 0.0, 7.35e-08
2018-08-05, 15:22:13, 0.0, 7.37e-08
2018-08-05, 15:22:15, 0.0, 7.3e-08
2018-08-05, 15:22:17, 0.0, 7.35e-08
2018-08-05, 15:22:19, 0.0, 7.34e-08
2018-08-05, 15:22:21, 0.0, 7.36e-08
2018-08-05, 15:22:23, 0.0, 7.36e-08
2018-08-05, 15:22:26, 0.0, 7.4e-08
2018-08-05, 15:22:28, 0.0, 7.4e-08
2018-08-05, 15:22:30, 0.0, 7.36e-08
2018-08-05, 15:22:32, 0.0, 7.35e-08
2018-08-05, 15:22:34, 0.0, 7.4e-08
2018-08-05, 15:22:36, 0.0, 7.35e-08
2018-08-05, 15:22:38, 0.0, 7.36e-08
2018-08-05, 15:22:40, 0.0, 7.35e-08
2018-08-05, 15:22:43, 0.0, 7.4e-08
2018-08-05, 15:22:45, 0.0, 7.4e-08
2018-08-05, 15:22:47, 0.0, 7.39e-08
2018-08-05, 15:22:49, 0.0, 7.4e-08
2018-08-05, 15:22:51, 0.0, 7.39e-08
2018-08-05, 15:22:53, 0.0, 7.39e-08
2018-08-05, 15:22:55, 0.0, 7.36e-08
2018-08-05, 15:22:57, 0.0, 7.39e-08
2018-08-05, 15:23:00, 0.0, 7.35e-08
2018-08-05, 15:23:02, 0.0, 7.37e-08
2018-08-05, 15:23:04, 0.0, 7.47e-08
2018-08-05, 15:23:06, 0.0, 7.4e-08
2018-08-05, 15:23:08, 0.0, 7.39e-08
2018-08-05, 15:23:10, 0.0, 7.41e-08
2018-08-05, 15:23:12, 0.0, 7.42e-08
2018-08-05, 15:23:14, 0.0, 7.38e-08
2018-08-05, 15:23:17, 0.0, 7.4e-08
2018-08-05, 15:23:19, 0.0, 7.31e-08
2018-08-05, 15:23:21, 0.0, 7.33e-08
2018-08-05, 15:23:23, 0.0, 7.36e-08
2018-08-05, 15:23:25, 0.0, 7.32e-08
2018-08-05, 15:23:27, 0.0, 7.39e-08
2018-08-05, 15:23:29, 0.0, 7.4e-08
2018-08-05, 15:23:32, 0.0, 7.43e-08
2018-08-05, 15:23:34, 0.0, 7.38e-08
2018-08-05, 15:23:36, 0.0, 7.32e-08
2018-08-05, 15:23:38, 0.0, 7.36e-08
2018-08-05, 15:23:40, 0.0, 7.38e-08
2018-08-05, 15:23:42, 0.0, 7.41e-08
2018-08-05, 15:23:44, 0.0, 7.36e-08
2018-08-05, 15:23:46, 0.0, 7.38e-08
2018-08-05, 15:23:49, 0.0, 7.43e-08
2018-08-05, 15:23:51, 0.0, 7.36e-08
2018-08-05, 15:23:53, 0.0, 7.37e-08
2018-08-05, 15:23:55, 0.0, 7.31e-08
2018-08-05, 15:23:57, 0.0, 7.32e-08
2018-08-05, 15:23:59, 0.0, 7.35e-08
2018-08-05, 15:24:01, 0.0, 7.39e-08
2018-08-05, 15:24:03, 0.0, 7.33e-08
2018-08-05, 15:24:06, 0.0, 7.28e-08
2018-08-05, 15:24:08, 0.0, 7.38e-08
2018-08-05, 15:24:10, 0.0, 7.35e-08
2018-08-05, 15:24:12, 0.0, 7.39e-08
2018-08-05, 15:24:14, 0.0, 7.35e-08
2018-08-05, 15:24:16, 0.0, 7.35e-08
2018-08-05, 15:24:18, 0.0, 7.41e-08
2018-08-05, 15:24:20, 0.0, 7.34e-08
2018-08-05, 15:24:23, 0.0, 7.43e-08
2018-08-05, 15:24:25, 0.0, 7.37e-08
2018-08-05, 15:24:27, 0.0, 7.29e-08
2018-08-05, 15:24:29, 0.0, 7.33e-08
2018-08-05, 15:24:31, 0.0, 7.34e-08
2018-08-05, 15:24:33, 0.0, 7.32e-08
2018-08-05, 15:24:35, 0.0, 7.35e-08
2018-08-05, 15:24:37, 0.0, 7.37e-08
2018-08-05, 15:24:40, 0.0, 7.39e-08
2018-08-05, 15:24:42, 0.0, 7.36e-08
2018-08-05, 15:24:44, 0.0, 7.35e-08
2018-08-05, 15:24:46, 0.0, 7.36e-08
2018-08-05, 15:24:48, 0.0, 7.36e-08
2018-08-05, 15:24:50, 0.0, 7.41e-08
2018-08-05, 15:24:52, 0.0, 7.35e-08
2018-08-05, 15:24:54, 0.0, 7.32e-08
2018-08-05, 15:24:57, 0.0, 7.36e-08
2018-08-05, 15:24:59, 0.0, 7.33e-08
2018-08-05, 15:25:01, 0.0, 7.4e-08
2018-08-05, 15:25:03, 0.0, 7.36e-08
2018-08-05, 15:25:05, 0.0, 7.39e-08
2018-08-05, 15:25:07, 0.0, 7.35e-08
2018-08-05, 15:25:09, 0.0, 7.39e-08
2018-08-05, 15:25:11, 0.0, 7.38e-08
2018-08-05, 15:25:14, 0.0, 7.38e-08
2018-08-05, 15:25:16, 0.0, 7.43e-08
2018-08-05, 15:25:18, 0.0, 7.28e-08
2018-08-05, 15:25:20, 0.0, 7.34e-08
2018-08-05, 15:25:22, 0.0, 7.37e-08
2018-08-05, 15:25:24, 0.0, 7.39e-08
2018-08-05, 15:25:26, 0.0, 7.35e-08
2018-08-05, 15:25:28, 0.0, 7.39e-08
2018-08-05, 15:25:31, 0.0, 7.35e-08
2018-08-05, 15:25:33, 0.0, 7.42e-08
2018-08-05, 15:25:35, 0.0, 7.36e-08
2018-08-05, 15:25:37, 0.0, 7.45e-08
2018-08-05, 15:25:39, 0.0, 7.37e-08
2018-08-05, 15:25:41, 0.0, 7.34e-08
2018-08-05, 15:25:43, 0.0, 7.35e-08
2018-08-05, 15:25:45, 0.0, 7.35e-08
2018-08-05, 15:25:48, 0.0, 7.34e-08
2018-08-05, 15:25:50, 0.0, 7.33e-08
2018-08-05, 15:25:52, 0.0, 7.32e-08
2018-08-05, 15:25:54, 0.0, 7.36e-08
2018-08-05, 15:25:56, 0.0, 7.33e-08
2018-08-05, 15:25:58, 0.0, 7.33e-08
2018-08-05, 15:26:00, 0.0, 7.39e-08
2018-08-05, 15:26:02, 0.0, 7.38e-08
2018-08-05, 15:26:05, 0.0, 7.36e-08
2018-08-05, 15:26:07, 0.0, 7.33e-08
2018-08-05, 15:26:09, 0.0, 7.42e-08
2018-08-05, 15:26:11, 0.0, 7.35e-08
2018-08-05, 15:26:13, 0.0, 7.38e-08
2018-08-05, 15:26:15, 0.0, 7.37e-08
2018-08-05, 15:26:17, 0.0, 7.39e-08
2018-08-05, 15:26:20, 0.0, 7.34e-08
2018-08-05, 15:26:22, 0.0, 7.35e-08
2018-08-05, 15:26:24, 0.0, 7.39e-08
2018-08-05, 15:26:26, 0.0, 7.39e-08
2018-08-05, 15:26:28, 0.0, 7.42e-08
2018-08-05, 15:26:30, 0.0, 7.28e-08
2018-08-05, 15:26:32, 0.0, 7.37e-08
2018-08-05, 15:26:34, 0.0, 7.37e-08
2018-08-05, 15:26:37, 0.0, 7.32e-08
2018-08-05, 15:26:39, 0.0, 7.33e-08
2018-08-05, 15:26:41, 0.0, 7.38e-08
2018-08-05, 15:26:43, 0.0, 7.36e-08
2018-08-05, 15:26:45, 0.0, 7.4e-08
2018-08-05, 15:26:47, 0.0, 7.36e-08
2018-08-05, 15:26:49, 0.0, 7.43e-08
2018-08-05, 15:26:51, 0.0, 7.33e-08
2018-08-05, 15:26:53, 0.0, 7.41e-08
2018-08-05, 15:26:56, 0.0, 7.38e-08
2018-08-05, 15:26:58, 0.0, 7.39e-08
2018-08-05, 15:27:00, 0.0, 7.32e-08
2018-08-05, 15:27:02, 0.0, 7.38e-08
2018-08-05, 15:27:04, 0.0, 7.34e-08
2018-08-05, 15:27:06, 0.0, 7.38e-08
2018-08-05, 15:27:08, 0.0, 7.33e-08
2018-08-05, 15:27:11, 0.0, 7.4e-08
2018-08-05, 15:27:13, 0.0, 7.41e-08
2018-08-05, 15:27:15, 0.0, 7.33e-08
2018-08-05, 15:27:17, 0.0, 7.42e-08
2018-08-05, 15:27:19, 0.0, 7.36e-08
2018-08-05, 15:27:21, 0.0, 7.4e-08
2018-08-05, 15:27:23, 0.0, 7.31e-08
2018-08-05, 15:27:25, 0.0, 7.34e-08
2018-08-05, 15:27:28, 0.0, 7.36e-08
2018-08-05, 15:27:30, 0.0, 7.38e-08
2018-08-05, 15:27:32, 0.0, 7.41e-08
2018-08-05, 15:27:34, 0.0, 7.32e-08
2018-08-05, 15:27:36, 0.0, 7.37e-08
2018-08-05, 15:27:38, 0.0, 7.39e-08
2018-08-05, 15:27:40, 0.0, 7.37e-08
2018-08-05, 15:27:42, 0.0, 7.35e-08
2018-08-05, 15:27:45, 0.0, 7.39e-08
2018-08-05, 15:27:47, 0.0, 7.37e-08
2018-08-05, 15:27:49, 0.0, 7.38e-08
2018-08-05, 15:27:51, 0.0, 7.38e-08
2018-08-05, 15:27:53, 0.0, 7.33e-08
2018-08-05, 15:27:55, 0.0, 7.29e-08
2018-08-05, 15:27:57, 0.0, 7.37e-08
2018-08-05, 15:27:59, 0.0, 7.29e-08
2018-08-05, 15:28:02, 0.0, 7.32e-08
2018-08-05, 15:28:04, 0.0, 7.33e-08
2018-08-05, 15:28:06, 0.0, 7.37e-08
2018-08-05, 15:28:08, 0.0, 7.37e-08
2018-08-05, 15:28:10, 0.0, 7.4e-08
2018-08-05, 15:28:12, 0.0, 7.34e-08
2018-08-05, 15:28:14, 0.0, 7.37e-08
2018-08-05, 15:28:16, 0.0, 7.34e-08
2018-08-05, 15:28:19, 0.0, 7.35e-08
2018-08-05, 15:28:21, 0.0, 7.37e-08
2018-08-05, 15:28:23, 0.0, 7.35e-08
2018-08-05, 15:28:25, 0.0, 7.33e-08
2018-08-05, 15:28:27, 0.0, 7.33e-08
2018-08-05, 15:28:29, 0.0, 7.35e-08
2018-08-05, 15:28:31, 0.0, 7.31e-08
2018-08-05, 15:28:33, 0.0, 7.4e-08
2018-08-05, 15:28:36, 0.0, 7.33e-08
2018-08-05, 15:28:38, 0.0, 7.32e-08
2018-08-05, 15:28:40, 0.0, 7.33e-08
2018-08-05, 15:28:42, 0.0, 7.33e-08
2018-08-05, 15:28:44, 0.0, 7.32e-08
2018-08-05, 15:28:46, 0.0, 7.28e-08
2018-08-05, 15:28:48, 0.0, 7.34e-08
2018-08-05, 15:28:50, 0.0, 7.36e-08
2018-08-05, 15:28:53, 0.0, 7.38e-08
2018-08-05, 15:28:55, 0.0, 7.29e-08
2018-08-05, 15:28:57, 0.0, 7.35e-08
2018-08-05, 15:28:59, 0.0, 7.38e-08
2018-08-05, 15:29:01, 0.0, 7.34e-08
2018-08-05, 15:29:03, 0.0, 7.36e-08
2018-08-05, 15:29:05, 0.0, 7.32e-08
2018-08-05, 15:29:07, 0.0, 7.28e-08
2018-08-05, 15:29:10, 0.0, 7.33e-08
2018-08-05, 15:29:12, 0.0, 7.26e-08
2018-08-05, 15:29:14, 0.0, 7.38e-08
2018-08-05, 15:29:16, 0.0, 7.38e-08
2018-08-05, 15:29:18, 0.0, 7.34e-08
2018-08-05, 15:29:20, 0.0, 7.34e-08
2018-08-05, 15:29:22, 0.0, 7.33e-08
2018-08-05, 15:29:24, 0.0, 7.36e-08
2018-08-05, 15:29:27, 0.0, 7.28e-08
2018-08-05, 15:29:29, 0.0, 7.39e-08
2018-08-05, 15:29:31, 0.0, 7.33e-08
2018-08-05, 15:29:33, 0.0, 7.33e-08
2018-08-05, 15:29:35, 0.0, 7.34e-08
2018-08-05, 15:29:37, 0.0, 7.35e-08
2018-08-05, 15:29:39, 0.0, 7.38e-08
2018-08-05, 15:29:41, 0.0, 7.41e-08
2018-08-05, 15:29:44, 0.0, 7.39e-08
2018-08-05, 15:29:46, 0.0, 7.37e-08
2018-08-05, 15:29:48, 0.0, 7.37e-08
2018-08-05, 15:29:50, 0.0, 7.36e-08
2018-08-05, 15:29:52, 0.0, 7.36e-08
2018-08-05, 15:29:54, 0.0, 7.38e-08
2018-08-05, 15:29:56, 0.0, 7.33e-08
2018-08-05, 15:29:58, 0.0, 7.34e-08
2018-08-05, 15:30:01, 0.0, 7.43e-08
2018-08-05, 15:30:03, 0.0, 7.36e-08
2018-08-05, 15:30:05, 0.0, 7.4e-08
2018-08-05, 15:30:07, 0.0, 7.35e-08
2018-08-05, 15:30:09, 0.0, 7.3e-08
2018-08-05, 15:30:11, 0.0, 7.36e-08
2018-08-05, 15:30:13, 0.0, 7.35e-08
2018-08-05, 15:30:16, 0.0, 7.42e-08
2018-08-05, 15:30:18, 0.0, 7.33e-08
2018-08-05, 15:30:20, 0.0, 7.38e-08
2018-08-05, 15:30:22, 0.0, 7.35e-08
2018-08-05, 15:30:24, 0.0, 7.36e-08
2018-08-05, 15:30:26, 0.0, 7.3e-08
2018-08-05, 15:30:28, 0.0, 7.29e-08
2018-08-05, 15:30:30, 0.0, 7.37e-08
2018-08-05, 15:30:33, 0.0, 7.37e-08
2018-08-05, 15:30:35, 0.0, 7.29e-08
2018-08-05, 15:30:37, 0.0, 7.38e-08
2018-08-05, 15:30:39, 0.0, 7.37e-08
2018-08-05, 15:30:41, 0.0, 7.34e-08
2018-08-05, 15:30:43, 0.0, 7.3e-08
2018-08-05, 15:30:45, 0.0, 7.41e-08
2018-08-05, 15:30:47, 0.0, 7.32e-08
2018-08-05, 15:30:50, 0.0, 7.39e-08
2018-08-05, 15:30:52, 0.0, 7.27e-08
2018-08-05, 15:30:54, 0.0, 7.31e-08
2018-08-05, 15:30:56, 0.0, 7.35e-08
2018-08-05, 15:30:58, 0.0, 7.35e-08
2018-08-05, 15:31:00, 0.0, 7.38e-08
2018-08-05, 15:31:02, 0.0, 7.34e-08
2018-08-05, 15:31:05, 0.0, 7.36e-08
2018-08-05, 15:31:07, 0.0, 7.37e-08
2018-08-05, 15:31:09, 0.0, 7.36e-08
2018-08-05, 15:31:11, 0.0, 7.37e-08
2018-08-05, 15:31:13, 0.0, 7.34e-08
2018-08-05, 15:31:15, 0.0, 7.29e-08
2018-08-05, 15:31:17, 0.0, 7.35e-08
2018-08-05, 15:31:19, 0.0, 7.34e-08
2018-08-05, 15:31:22, 0.0, 7.33e-08
2018-08-05, 15:31:24, 0.0, 7.32e-08
2018-08-05, 15:31:26, 0.0, 7.36e-08
2018-08-05, 15:31:28, 0.0, 7.33e-08
2018-08-05, 15:31:30, 0.0, 7.34e-08
2018-08-05, 15:31:32, 0.0, 7.33e-08
2018-08-05, 15:31:34, 0.0, 7.36e-08
2018-08-05, 15:31:36, 0.0, 7.4e-08
2018-08-05, 15:31:39, 0.0, 7.41e-08
2018-08-05, 15:31:41, 0.0, 7.38e-08
2018-08-05, 15:31:43, 0.0, 7.33e-08
2018-08-05, 15:31:45, 0.0, 7.35e-08
2018-08-05, 15:31:47, 0.0, 7.32e-08
2018-08-05, 15:31:49, 0.0, 7.35e-08
2018-08-05, 15:31:51, 0.0, 7.33e-08
2018-08-05, 15:31:53, 0.0, 7.4e-08
2018-08-05, 15:31:56, 0.0, 7.36e-08
2018-08-05, 15:31:58, 0.0, 7.34e-08
2018-08-05, 15:32:00, 0.0, 7.38e-08
2018-08-05, 15:32:02, 0.0, 7.35e-08
2018-08-05, 15:32:04, 0.0, 7.34e-08
2018-08-05, 15:32:06, 0.0, 7.33e-08
2018-08-05, 15:32:08, 0.0, 7.28e-08
2018-08-05, 15:32:10, 0.0, 7.24e-08
2018-08-05, 15:32:13, 0.0, 7.29e-08
2018-08-05, 15:32:15, 0.0, 7.39e-08
2018-08-05, 15:32:17, 0.0, 7.34e-08
2018-08-05, 15:32:19, 0.0, 7.3e-08
2018-08-05, 15:32:21, 0.0, 7.33e-08
2018-08-05, 15:32:23, 0.0, 7.37e-08
2018-08-05, 15:32:25, 0.0, 7.32e-08
2018-08-05, 15:32:27, 0.0, 7.37e-08
2018-08-05, 15:32:30, 0.0, 7.35e-08
2018-08-05, 15:32:32, 0.0, 7.35e-08
2018-08-05, 15:32:34, 0.0, 7.35e-08
2018-08-05, 15:32:36, 0.0, 7.41e-08
2018-08-05, 15:32:38, 0.0, 7.34e-08
2018-08-05, 15:32:40, 0.0, 7.29e-08
2018-08-05, 15:32:42, 0.0, 7.31e-08
2018-08-05, 15:32:44, 0.0, 7.36e-08
2018-08-05, 15:32:47, 0.0, 7.35e-08
2018-08-05, 15:32:49, 0.0, 7.3e-08
2018-08-05, 15:32:51, 0.0, 7.31e-08
2018-08-05, 15:32:53, 0.0, 7.35e-08
2018-08-05, 15:32:55, 0.0, 7.33e-08
2018-08-05, 15:32:57, 0.0, 7.28e-08
2018-08-05, 15:32:59, 0.0, 7.27e-08
2018-08-05, 15:33:01, 0.0, 7.31e-08
2018-08-05, 15:33:04, 0.0, 7.34e-08
2018-08-05, 15:33:06, 0.0, 7.35e-08
2018-08-05, 15:33:08, 0.0, 7.3e-08
2018-08-05, 15:33:10, 0.0, 7.34e-08
2018-08-05, 15:33:12, 0.0, 7.29e-08
2018-08-05, 15:33:14, 0.0, 7.33e-08
2018-08-05, 15:33:16, 0.0, 7.33e-08
2018-08-05, 15:33:19, 0.0, 7.3e-08
2018-08-05, 15:33:21, 0.0, 7.31e-08
2018-08-05, 15:33:23, 0.0, 7.33e-08
2018-08-05, 15:33:25, 0.0, 7.28e-08
2018-08-05, 15:33:27, 0.0, 7.34e-08
2018-08-05, 15:33:29, 0.0, 7.35e-08
2018-08-05, 15:33:31, 0.0, 7.35e-08
2018-08-05, 15:33:33, 0.0, 7.36e-08
2018-08-05, 15:33:36, 0.0, 7.29e-08
2018-08-05, 15:33:38, 0.0, 7.32e-08
2018-08-05, 15:33:40, 0.0, 7.37e-08
2018-08-05, 15:33:42, 0.0, 7.31e-08
2018-08-05, 15:33:44, 0.0, 7.34e-08
2018-08-05, 15:33:46, 0.0, 7.37e-08
2018-08-05, 15:33:48, 0.0, 7.36e-08
2018-08-05, 15:33:50, 0.0, 7.29e-08
2018-08-05, 15:33:52, 0.0, 7.32e-08
2018-08-05, 15:33:55, 0.0, 7.33e-08
2018-08-05, 15:33:57, 0.0, 7.28e-08
2018-08-05, 15:33:59, 0.0, 7.32e-08
2018-08-05, 15:34:01, 0.0, 7.32e-08
2018-08-05, 15:34:03, 0.0, 7.36e-08
2018-08-05, 15:34:05, 0.0, 7.27e-08
2018-08-05, 15:34:07, 0.0, 7.3e-08
2018-08-05, 15:34:10, 0.0, 7.4e-08
2018-08-05, 15:34:12, 0.0, 7.28e-08
2018-08-05, 15:34:14, 0.0, 7.38e-08
2018-08-05, 15:34:16, 0.0, 7.36e-08
2018-08-05, 15:34:18, 0.0, 7.3e-08
2018-08-05, 15:34:20, 0.0, 7.28e-08
2018-08-05, 15:34:22, 0.0, 7.33e-08
2018-08-05, 15:34:24, 0.0, 7.32e-08
2018-08-05, 15:34:26, 0.0, 7.35e-08
2018-08-05, 15:34:29, 0.0, 7.28e-08
2018-08-05, 15:34:31, 0.0, 7.34e-08
2018-08-05, 15:34:33, 0.0, 7.35e-08
2018-08-05, 15:34:35, 0.0, 7.3e-08
2018-08-05, 15:34:37, 0.0, 7.29e-08
2018-08-05, 15:34:39, 0.0, 7.27e-08
2018-08-05, 15:34:41, 0.0, 7.28e-08
2018-08-05, 15:34:44, 0.0, 7.33e-08
2018-08-05, 15:34:46, 0.0, 7.26e-08
2018-08-05, 15:34:48, 0.0, 7.29e-08
2018-08-05, 15:34:50, 0.0, 7.36e-08
2018-08-05, 15:34:52, 0.0, 7.32e-08
2018-08-05, 15:34:54, 0.0, 7.28e-08
2018-08-05, 15:34:56, 0.0, 7.3e-08
2018-08-05, 15:34:58, 0.0, 7.35e-08
2018-08-05, 15:35:01, 0.0, 7.34e-08
2018-08-05, 15:35:03, 0.0, 7.28e-08
2018-08-05, 15:35:05, 0.0, 7.26e-08
2018-08-05, 15:35:07, 0.0, 7.3e-08
2018-08-05, 15:35:09, 0.0, 7.34e-08
2018-08-05, 15:35:11, 0.0, 7.22e-08
2018-08-05, 15:35:13, 0.0, 7.3e-08
2018-08-05, 15:35:15, 0.0, 7.3e-08
2018-08-05, 15:35:18, 0.0, 7.27e-08
2018-08-05, 15:35:20, 0.0, 7.38e-08
2018-08-05, 15:35:22, 0.0, 7.32e-08
2018-08-05, 15:35:24, 0.0, 7.24e-08
2018-08-05, 15:35:26, 0.0, 7.31e-08
2018-08-05, 15:35:28, 0.0, 7.28e-08
2018-08-05, 15:35:30, 0.0, 7.33e-08
2018-08-05, 15:35:32, 0.0, 7.32e-08
2018-08-05, 15:35:34, 0.0, 7.38e-08
2018-08-05, 15:35:37, 0.0, 7.36e-08
2018-08-05, 15:35:39, 0.0, 7.31e-08
2018-08-05, 15:35:41, 0.0, 7.4e-08
2018-08-05, 15:35:43, 0.0, 7.37e-08
2018-08-05, 15:35:45, 0.0, 7.35e-08
2018-08-05, 15:35:47, 0.0, 7.32e-08
2018-08-05, 15:35:49, 0.0, 7.33e-08
2018-08-05, 15:35:51, 0.0, 7.32e-08
2018-08-05, 15:35:54, 0.0, 7.33e-08
2018-08-05, 15:35:56, 0.0, 7.37e-08
2018-08-05, 15:35:58, 0.0, 7.35e-08
2018-08-05, 15:36:00, 0.0, 7.32e-08
2018-08-05, 15:36:02, 0.0, 7.4e-08
2018-08-05, 15:36:04, 0.0, 7.36e-08
2018-08-05, 15:36:06, 0.0, 7.39e-08
2018-08-05, 15:36:08, 0.0, 7.33e-08
2018-08-05, 15:36:11, 0.0, 7.27e-08
2018-08-05, 15:36:13, 0.0, 7.28e-08
2018-08-05, 15:36:15, 0.0, 7.34e-08
2018-08-05, 15:36:17, 0.0, 7.3e-08
2018-08-05, 15:36:19, 0.0, 7.26e-08
2018-08-05, 15:36:21, 0.0, 7.35e-08
2018-08-05, 15:36:23, 0.0, 7.31e-08
2018-08-05, 15:36:26, 0.0, 7.37e-08
2018-08-05, 15:36:28, 0.0, 7.35e-08
2018-08-05, 15:36:30, 0.0, 7.37e-08
2018-08-05, 15:36:32, 0.0, 7.29e-08
2018-08-05, 15:36:34, 0.0, 7.31e-08
2018-08-05, 15:36:36, 0.0, 7.34e-08
2018-08-05, 15:36:38, 0.0, 7.29e-08
2018-08-05, 15:36:40, 0.0, 7.31e-08
2018-08-05, 15:36:43, 0.0, 7.28e-08
2018-08-05, 15:36:45, 0.0, 7.34e-08
2018-08-05, 15:36:47, 0.0, 7.37e-08
2018-08-05, 15:36:49, 0.0, 7.3e-08
2018-08-05, 15:36:51, 0.0, 7.38e-08
2018-08-05, 15:36:53, 0.0, 7.33e-08
2018-08-05, 15:36:55, 0.0, 7.32e-08
2018-08-05, 15:36:57, 0.0, 7.28e-08
2018-08-05, 15:37:00, 0.0, 7.39e-08
2018-08-05, 15:37:02, 0.0, 7.29e-08
2018-08-05, 15:37:04, 0.0, 7.3e-08
2018-08-05, 15:37:06, 0.0, 7.31e-08
2018-08-05, 15:37:08, 0.0, 7.36e-08
2018-08-05, 15:37:10, 0.0, 7.32e-08
2018-08-05, 15:37:12, 0.0, 7.29e-08
2018-08-05, 15:37:14, 0.0, 7.29e-08
2018-08-05, 15:37:17, 0.0, 7.33e-08
2018-08-05, 15:37:19, 0.0, 7.31e-08
2018-08-05, 15:37:21, 0.0, 7.36e-08
2018-08-05, 15:37:23, 0.0, 7.35e-08
2018-08-05, 15:37:25, 0.0, 7.31e-08
2018-08-05, 15:37:27, 0.0, 7.3e-08
2018-08-05, 15:37:29, 0.0, 7.36e-08
2018-08-05, 15:37:31, 0.0, 7.3e-08
2018-08-05, 15:37:34, 0.0, 7.33e-08
2018-08-05, 15:37:36, 0.0, 7.34e-08
2018-08-05, 15:37:38, 0.0, 7.37e-08
2018-08-05, 15:37:40, 0.0, 7.31e-08
2018-08-05, 15:37:42, 0.0, 7.33e-08
2018-08-05, 15:37:44, 0.0, 7.29e-08
2018-08-05, 15:37:46, 0.0, 7.3e-08
2018-08-05, 15:37:48, 0.0, 7.37e-08
2018-08-05, 15:37:51, 0.0, 7.3e-08
2018-08-05, 15:37:53, 0.0, 7.37e-08
2018-08-05, 15:37:55, 0.0, 7.35e-08
2018-08-05, 15:37:57, 0.0, 7.34e-08
2018-08-05, 15:37:59, 0.0, 7.23e-08
2018-08-05, 15:38:01, 0.0, 7.29e-08
2018-08-05, 15:38:03, 0.0, 7.33e-08
2018-08-05, 15:38:06, 0.0, 7.27e-08
2018-08-05, 15:38:08, 0.0, 7.3e-08
2018-08-05, 15:38:10, 0.0, 7.29e-08
2018-08-05, 15:38:12, 0.0, 7.34e-08
2018-08-05, 15:38:14, 0.0, 7.35e-08
2018-08-05, 15:38:16, 0.0, 7.35e-08
2018-08-05, 15:38:18, 0.0, 7.35e-08
2018-08-05, 15:38:20, 0.0, 7.27e-08
2018-08-05, 15:38:23, 0.0, 7.3e-08
2018-08-05, 15:38:25, 0.0, 7.31e-08
2018-08-05, 15:38:27, 0.0, 7.31e-08
2018-08-05, 15:38:29, 0.0, 7.29e-08
2018-08-05, 15:38:31, 0.0, 7.33e-08
2018-08-05, 15:38:33, 0.0, 7.32e-08
2018-08-05, 15:38:35, 0.0, 7.3e-08
2018-08-05, 15:38:37, 0.0, 7.32e-08
2018-08-05, 15:38:40, 0.0, 7.34e-08
2018-08-05, 15:38:42, 0.0, 7.35e-08
2018-08-05, 15:38:44, 0.0, 7.36e-08
2018-08-05, 15:38:46, 0.0, 7.33e-08
2018-08-05, 15:38:48, 0.0, 7.32e-08
2018-08-05, 15:38:50, 0.0, 7.29e-08
2018-08-05, 15:38:52, 0.0, 7.25e-08
2018-08-05, 15:38:54, 0.0, 7.31e-08
2018-08-05, 15:38:57, 0.0, 7.36e-08
2018-08-05, 15:38:59, 0.0, 7.31e-08
2018-08-05, 15:39:01, 0.0, 7.28e-08
2018-08-05, 15:39:03, 0.0, 7.25e-08
2018-08-05, 15:39:05, 0.0, 7.25e-08
2018-08-05, 15:39:07, 0.0, 7.3e-08
2018-08-05, 15:39:09, 0.0, 7.33e-08
2018-08-05, 15:39:11, 0.0, 7.33e-08
2018-08-05, 15:39:14, 0.0, 7.33e-08
2018-08-05, 15:39:16, 0.0, 7.34e-08
2018-08-05, 15:39:18, 0.0, 7.35e-08
2018-08-05, 15:39:20, 0.0, 7.33e-08
2018-08-05, 15:39:22, 0.0, 7.36e-08
2018-08-05, 15:39:24, 0.0, 7.34e-08
2018-08-05, 15:39:26, 0.0, 7.38e-08
2018-08-05, 15:39:28, 0.0, 7.37e-08
2018-08-05, 15:39:31, 0.0, 7.29e-08
2018-08-05, 15:39:33, 0.0, 7.3e-08
2018-08-05, 15:39:35, 0.0, 7.27e-08
2018-08-05, 15:39:37, 0.0, 7.28e-08
2018-08-05, 15:39:39, 0.0, 7.35e-08
2018-08-05, 15:39:41, 0.0, 7.29e-08
2018-08-05, 15:39:43, 0.0, 7.33e-08
2018-08-05, 15:39:45, 0.0, 7.28e-08
2018-08-05, 15:39:48, 0.0, 7.3e-08
2018-08-05, 15:39:50, 0.0, 7.23e-08
2018-08-05, 15:39:52, 0.0, 7.33e-08
2018-08-05, 15:39:54, 0.0, 7.35e-08
2018-08-05, 15:39:56, 0.0, 7.32e-08
2018-08-05, 15:39:58, 0.0, 7.28e-08
2018-08-05, 15:40:00, 0.0, 7.35e-08
2018-08-05, 15:40:03, 0.0, 7.34e-08
2018-08-05, 15:40:05, 0.0, 7.32e-08
2018-08-05, 15:40:07, 0.0, 7.35e-08
2018-08-05, 15:40:09, 0.0, 7.42e-08
2018-08-05, 15:40:11, 0.0, 7.41e-08
2018-08-05, 15:40:13, 0.0, 7.38e-08
2018-08-05, 15:40:15, 0.0, 7.34e-08
2018-08-05, 15:40:17, 0.0, 7.33e-08
2018-08-05, 15:40:20, 0.0, 7.38e-08
2018-08-05, 15:40:22, 0.0, 7.35e-08
2018-08-05, 15:40:24, 0.0, 7.37e-08
2018-08-05, 15:40:26, 0.0, 7.37e-08
2018-08-05, 15:40:28, 0.0, 7.31e-08
2018-08-05, 15:40:30, 0.0, 7.31e-08
2018-08-05, 15:40:32, 0.0, 7.34e-08
2018-08-05, 15:40:34, 0.0, 7.38e-08
2018-08-05, 15:40:37, 0.0, 7.32e-08
2018-08-05, 15:40:39, 0.0, 7.29e-08
2018-08-05, 15:40:41, 0.0, 7.32e-08
2018-08-05, 15:40:43, 0.0, 7.42e-08
2018-08-05, 15:40:45, 0.0, 7.32e-08
2018-08-05, 15:40:47, 0.0, 7.35e-08
2018-08-05, 15:40:49, 0.0, 7.41e-08
2018-08-05, 15:40:51, 0.0, 7.42e-08
2018-08-05, 15:40:54, 0.0, 7.37e-08
2018-08-05, 15:40:56, 0.0, 7.35e-08
2018-08-05, 15:40:58, 0.0, 7.4e-08
2018-08-05, 15:41:00, 0.0, 7.29e-08
2018-08-05, 15:41:02, 0.0, 7.34e-08
2018-08-05, 15:41:04, 0.0, 7.36e-08
2018-08-05, 15:41:06, 0.0, 7.41e-08
2018-08-05, 15:41:08, 0.0, 7.33e-08
2018-08-05, 15:41:11, 0.0, 7.39e-08
2018-08-05, 15:41:13, 0.0, 7.31e-08
2018-08-05, 15:41:15, 0.0, 7.29e-08
2018-08-05, 15:41:17, 0.0, 7.34e-08
2018-08-05, 15:41:19, 0.0, 7.34e-08
2018-08-05, 15:41:21, 0.0, 7.36e-08
2018-08-05, 15:41:23, 0.0, 7.31e-08
2018-08-05, 15:41:25, 0.0, 7.33e-08
2018-08-05, 15:41:28, 0.0, 7.33e-08
2018-08-05, 15:41:30, 0.0, 7.34e-08
2018-08-05, 15:41:32, 0.0, 7.29e-08
2018-08-05, 15:41:34, 0.0, 7.35e-08
2018-08-05, 15:41:36, 0.0, 7.37e-08
2018-08-05, 15:41:38, 0.0, 7.36e-08
2018-08-05, 15:41:40, 0.0, 7.37e-08
2018-08-05, 15:41:42, 0.0, 7.39e-08
2018-08-05, 15:41:45, 0.0, 7.31e-08
2018-08-05, 15:41:47, 0.0, 7.24e-08
2018-08-05, 15:41:49, 0.0, 7.36e-08
2018-08-05, 15:41:51, 0.0, 7.36e-08
2018-08-05, 15:41:53, 0.0, 7.31e-08
2018-08-05, 15:41:55, 0.0, 7.36e-08
2018-08-05, 15:41:57, 0.0, 7.37e-08
2018-08-05, 15:41:59, 0.0, 7.37e-08
2018-08-05, 15:42:02, 0.0, 7.39e-08
2018-08-05, 15:42:04, 0.0, 7.36e-08
2018-08-05, 15:42:06, 0.0, 7.3e-08
2018-08-05, 15:42:08, 0.0, 7.33e-08
2018-08-05, 15:42:10, 0.0, 7.31e-08
2018-08-05, 15:42:12, 0.0, 7.34e-08
2018-08-05, 15:42:14, 0.0, 7.33e-08
2018-08-05, 15:42:16, 0.0, 7.37e-08
2018-08-05, 15:42:19, 0.0, 7.36e-08
2018-08-05, 15:42:21, 0.0, 7.3e-08
2018-08-05, 15:42:23, 0.0, 7.29e-08
2018-08-05, 15:42:25, 0.0, 7.34e-08
2018-08-05, 15:42:27, 0.0, 7.33e-08
2018-08-05, 15:42:29, 0.0, 7.31e-08
2018-08-05, 15:42:31, 0.0, 7.37e-08
2018-08-05, 15:42:33, 0.0, 7.38e-08
2018-08-05, 15:42:36, 0.0, 7.36e-08
2018-08-05, 15:42:38, 0.0, 7.43e-08
2018-08-05, 15:42:40, 0.0, 7.38e-08
2018-08-05, 15:42:42, 0.0, 7.3e-08
2018-08-05, 15:42:44, 0.0, 7.37e-08
2018-08-05, 15:42:46, 0.0, 7.32e-08
2018-08-05, 15:42:48, 0.0, 7.35e-08
2018-08-05, 15:42:50, 0.0, 7.37e-08
2018-08-05, 15:42:53, 0.0, 7.35e-08
2018-08-05, 15:42:55, 0.0, 7.37e-08
2018-08-05, 15:42:57, 0.0, 7.38e-08
2018-08-05, 15:42:59, 0.0, 7.36e-08
2018-08-05, 15:43:01, 0.0, 7.28e-08
2018-08-05, 15:43:03, 0.0, 7.32e-08
2018-08-05, 15:43:05, 0.0, 7.35e-08
2018-08-05, 15:43:07, 0.0, 7.41e-08
2018-08-05, 15:43:10, 0.0, 7.3e-08
2018-08-05, 15:43:12, 0.0, 7.35e-08
2018-08-05, 15:43:14, 0.0, 7.35e-08
2018-08-05, 15:43:16, 0.0, 7.32e-08
2018-08-05, 15:43:18, 0.0, 7.46e-08
2018-08-05, 15:43:20, 0.0, 7.35e-08
2018-08-05, 15:43:22, 0.0, 7.34e-08
2018-08-05, 15:43:24, 0.0, 7.36e-08
2018-08-05, 15:43:27, 0.0, 7.4e-08
2018-08-05, 15:43:29, 0.0, 7.37e-08
2018-08-05, 15:43:31, 0.0, 7.38e-08
2018-08-05, 15:43:33, 0.0, 7.34e-08
2018-08-05, 15:43:35, 0.0, 7.36e-08
2018-08-05, 15:43:37, 0.0, 7.38e-08
2018-08-05, 15:43:39, 0.0, 7.35e-08
2018-08-05, 15:43:42, 0.0, 7.3e-08
2018-08-05, 15:43:44, 0.0, 7.39e-08
2018-08-05, 15:43:46, 0.0, 7.34e-08
2018-08-05, 15:43:48, 0.0, 7.33e-08
2018-08-05, 15:43:50, 0.0, 7.34e-08
2018-08-05, 15:43:52, 0.0, 7.42e-08
2018-08-05, 15:43:54, 0.0, 7.33e-08
2018-08-05, 15:43:56, 0.0, 7.4e-08
2018-08-05, 15:43:59, 0.0, 7.36e-08
2018-08-05, 15:44:01, 0.0, 7.4e-08
2018-08-05, 15:44:03, 0.0, 7.33e-08
2018-08-05, 15:44:05, 0.0, 7.31e-08
2018-08-05, 15:44:07, 0.0, 7.35e-08
2018-08-05, 15:44:09, 0.0, 7.38e-08
2018-08-05, 15:44:11, 0.0, 7.39e-08
2018-08-05, 15:44:13, 0.0, 7.43e-08
2018-08-05, 15:44:16, 0.0, 7.35e-08
2018-08-05, 15:44:18, 0.0, 7.37e-08
2018-08-05, 15:44:20, 0.0, 7.33e-08
2018-08-05, 15:44:22, 0.0, 7.39e-08
2018-08-05, 15:44:24, 0.0, 7.33e-08
2018-08-05, 15:44:26, 0.0, 7.34e-08
2018-08-05, 15:44:28, 0.0, 7.34e-08
2018-08-05, 15:44:30, 0.0, 7.36e-08
2018-08-05, 15:44:33, 0.0, 7.42e-08
2018-08-05, 15:44:35, 0.0, 7.37e-08
2018-08-05, 15:44:37, 0.0, 7.35e-08
2018-08-05, 15:44:39, 0.0, 7.35e-08
2018-08-05, 15:44:41, 0.0, 7.4e-08
2018-08-05, 15:44:43, 0.0, 7.33e-08
2018-08-05, 15:44:45, 0.0, 7.35e-08
2018-08-05, 15:44:47, 0.0, 7.32e-08
2018-08-05, 15:44:50, 0.0, 7.37e-08
2018-08-05, 15:44:52, 0.0, 7.35e-08
2018-08-05, 15:44:54, 0.0, 7.36e-08
2018-08-05, 15:44:56, 0.0, 7.35e-08
2018-08-05, 15:44:58, 0.0, 7.3e-08
2018-08-05, 15:45:00, 0.0, 7.33e-08
2018-08-05, 15:45:02, 0.0, 7.42e-08
2018-08-05, 15:45:05, 0.0, 7.35e-08
2018-08-05, 15:45:07, 0.0, 7.4e-08
2018-08-05, 15:45:09, 0.0, 7.31e-08
2018-08-05, 15:45:11, 0.0, 7.41e-08
2018-08-05, 15:45:13, 0.0, 7.35e-08
2018-08-05, 15:45:15, 0.0, 7.33e-08
2018-08-05, 15:45:17, 0.0, 7.4e-08
2018-08-05, 15:45:19, 0.0, 7.36e-08
2018-08-05, 15:45:22, 0.0, 7.39e-08
2018-08-05, 15:45:24, 0.0, 7.41e-08
2018-08-05, 15:45:26, 0.0, 7.34e-08
2018-08-05, 15:45:28, 0.0, 7.4e-08
2018-08-05, 15:45:30, 0.0, 7.43e-08
2018-08-05, 15:45:32, 0.0, 7.35e-08
2018-08-05, 15:45:34, 0.0, 7.3e-08
2018-08-05, 15:45:36, 0.0, 7.28e-08
2018-08-05, 15:45:39, 0.0, 7.32e-08
2018-08-05, 15:45:41, 0.0, 7.32e-08
2018-08-05, 15:45:43, 0.0, 7.3e-08
2018-08-05, 15:45:45, 0.0, 7.37e-08
2018-08-05, 15:45:47, 0.0, 7.34e-08
2018-08-05, 15:45:49, 0.0, 7.38e-08
2018-08-05, 15:45:51, 0.0, 7.38e-08
2018-08-05, 15:45:53, 0.0, 7.39e-08
2018-08-05, 15:45:56, 0.0, 7.3e-08
2018-08-05, 15:45:58, 0.0, 7.29e-08
2018-08-05, 15:46:00, 0.0, 7.3e-08
2018-08-05, 15:46:02, 0.0, 7.28e-08
2018-08-05, 15:46:04, 0.0, 7.29e-08
2018-08-05, 15:46:06, 0.0, 7.39e-08
2018-08-05, 15:46:08, 0.0, 7.32e-08
2018-08-05, 15:46:10, 0.0, 7.35e-08
2018-08-05, 15:46:13, 0.0, 7.39e-08
2018-08-05, 15:46:15, 0.0, 7.36e-08
2018-08-05, 15:46:17, 0.0, 7.34e-08
2018-08-05, 15:46:19, 0.0, 7.39e-08
2018-08-05, 15:46:21, 0.0, 7.38e-08
2018-08-05, 15:46:23, 0.0, 7.36e-08
2018-08-05, 15:46:25, 0.0, 7.37e-08
2018-08-05, 15:46:27, 0.0, 7.39e-08
2018-08-05, 15:46:30, 0.0, 7.39e-08
2018-08-05, 15:46:32, 0.0, 7.38e-08
2018-08-05, 15:46:34, 0.0, 7.35e-08
2018-08-05, 15:46:36, 0.0, 7.38e-08
2018-08-05, 15:46:38, 0.0, 7.38e-08
2018-08-05, 15:46:40, 0.0, 7.36e-08
2018-08-05, 15:46:42, 0.0, 7.37e-08
2018-08-05, 15:46:44, 0.0, 7.36e-08
2018-08-05, 15:46:47, 0.0, 7.38e-08
2018-08-05, 15:46:49, 0.0, 7.36e-08
2018-08-05, 15:46:51, 0.0, 7.36e-08
2018-08-05, 15:46:53, 0.0, 7.33e-08
2018-08-05, 15:46:55, 0.0, 7.38e-08
2018-08-05, 15:46:57, 0.0, 7.37e-08
2018-08-05, 15:46:59, 0.0, 7.38e-08
2018-08-05, 15:47:01, 0.0, 7.34e-08
2018-08-05, 15:47:04, 0.0, 7.33e-08
2018-08-05, 15:47:06, 0.0, 7.41e-08
2018-08-05, 15:47:08, 0.0, 7.3e-08
2018-08-05, 15:47:10, 0.0, 7.37e-08
2018-08-05, 15:47:12, 0.0, 7.34e-08
2018-08-05, 15:47:14, 0.0, 7.38e-08
2018-08-05, 15:47:16, 0.0, 7.36e-08
2018-08-05, 15:47:18, 0.0, 7.34e-08
2018-08-05, 15:47:21, 0.0, 7.33e-08
2018-08-05, 15:47:23, 0.0, 7.42e-08
2018-08-05, 15:47:25, 0.0, 7.36e-08
2018-08-05, 15:47:27, 0.0, 7.35e-08
2018-08-05, 15:47:29, 0.0, 7.31e-08
2018-08-05, 15:47:31, 0.0, 7.37e-08
2018-08-05, 15:47:33, 0.0, 7.43e-08
2018-08-05, 15:47:35, 0.0, 7.42e-08
2018-08-05, 15:47:38, 0.0, 7.37e-08
2018-08-05, 15:47:40, 0.0, 7.35e-08
2018-08-05, 15:47:42, 0.0, 7.36e-08
2018-08-05, 15:47:44, 0.0, 7.38e-08
2018-08-05, 15:47:46, 0.0, 7.43e-08
2018-08-05, 15:47:48, 0.0, 7.39e-08
2018-08-05, 15:47:50, 0.0, 7.39e-08
2018-08-05, 15:47:52, 0.0, 7.34e-08
2018-08-05, 15:47:55, 0.0, 7.33e-08
2018-08-05, 15:47:57, 0.0, 7.37e-08
2018-08-05, 15:47:59, 0.0, 7.4e-08
2018-08-05, 15:48:01, 0.0, 7.35e-08
2018-08-05, 15:48:03, 0.0, 7.4e-08
2018-08-05, 15:48:05, 0.0, 7.41e-08
2018-08-05, 15:48:07, 0.0, 7.42e-08
2018-08-05, 15:48:09, 0.0, 7.43e-08
2018-08-05, 15:48:12, 0.0, 7.36e-08
2018-08-05, 15:48:14, 0.0, 7.43e-08
2018-08-05, 15:48:16, 0.0, 7.41e-08
2018-08-05, 15:48:18, 0.0, 7.41e-08
2018-08-05, 15:48:20, 0.0, 7.44e-08
2018-08-05, 15:48:22, 0.0, 7.4e-08
2018-08-05, 15:48:24, 0.0, 7.35e-08
2018-08-05, 15:48:26, 0.0, 7.4e-08
2018-08-05, 15:48:29, 0.0, 7.38e-08
2018-08-05, 15:48:31, 0.0, 7.33e-08
2018-08-05, 15:48:33, 0.0, 7.42e-08
2018-08-05, 15:48:35, 0.0, 7.43e-08
2018-08-05, 15:48:37, 0.0, 7.43e-08
2018-08-05, 15:48:39, 0.0, 7.36e-08
2018-08-05, 15:48:41, 0.0, 7.4e-08
2018-08-05, 15:48:44, 0.0, 7.45e-08
2018-08-05, 15:48:46, 0.0, 7.38e-08
2018-08-05, 15:48:48, 0.0, 7.42e-08
2018-08-05, 15:48:50, 0.0, 7.39e-08
2018-08-05, 15:48:52, 0.0, 7.42e-08
2018-08-05, 15:48:54, 0.0, 7.32e-08
2018-08-05, 15:48:56, 0.0, 7.35e-08
2018-08-05, 15:48:58, 0.0, 7.37e-08
2018-08-05, 15:49:01, 0.0, 7.42e-08
2018-08-05, 15:49:03, 0.0, 7.39e-08
2018-08-05, 15:49:05, 0.0, 7.44e-08
2018-08-05, 15:49:07, 0.0, 7.43e-08
2018-08-05, 15:49:09, 0.0, 7.41e-08
2018-08-05, 15:49:11, 0.0, 7.4e-08
2018-08-05, 15:49:13, 0.0, 7.4e-08
2018-08-05, 15:49:15, 0.0, 7.39e-08
2018-08-05, 15:49:18, 0.0, 7.37e-08
2018-08-05, 15:49:20, 0.0, 7.42e-08
2018-08-05, 15:49:22, 0.0, 7.4e-08
2018-08-05, 15:49:24, 0.0, 7.33e-08
2018-08-05, 15:49:26, 0.0, 7.37e-08
2018-08-05, 15:49:28, 0.0, 7.4e-08
2018-08-05, 15:49:30, 0.0, 7.37e-08
2018-08-05, 15:49:32, 0.0, 7.41e-08
2018-08-05, 15:49:35, 0.0, 7.38e-08
2018-08-05, 15:49:37, 0.0, 7.43e-08
2018-08-05, 15:49:39, 0.0, 7.35e-08
2018-08-05, 15:49:41, 0.0, 7.37e-08
2018-08-05, 15:49:43, 0.0, 7.37e-08
2018-08-05, 15:49:45, 0.0, 7.41e-08
2018-08-05, 15:49:47, 0.0, 7.37e-08
2018-08-05, 15:49:49, 0.0, 7.39e-08
2018-08-05, 15:49:52, 0.0, 7.39e-08
2018-08-05, 15:49:54, 0.0, 7.39e-08
2018-08-05, 15:49:56, 0.0, 7.39e-08
2018-08-05, 15:49:58, 0.0, 7.33e-08
2018-08-05, 15:50:00, 0.0, 7.36e-08
2018-08-05, 15:50:02, 0.0, 7.35e-08
2018-08-05, 15:50:04, 0.0, 7.42e-08
2018-08-05, 15:50:07, 0.0, 7.41e-08
2018-08-05, 15:50:09, 0.0, 7.4e-08
2018-08-05, 15:50:11, 0.0, 7.36e-08
2018-08-05, 15:50:13, 0.0, 7.42e-08
2018-08-05, 15:50:15, 0.0, 7.39e-08
2018-08-05, 15:50:17, 0.0, 7.38e-08
2018-08-05, 15:50:19, 0.0, 7.37e-08
2018-08-05, 15:50:21, 0.0, 7.44e-08
2018-08-05, 15:50:24, 0.0, 7.42e-08
2018-08-05, 15:50:26, 0.0, 7.45e-08
2018-08-05, 15:50:28, 0.0, 7.44e-08
2018-08-05, 15:50:30, 0.0, 7.34e-08
2018-08-05, 15:50:32, 0.0, 7.45e-08
2018-08-05, 15:50:34, 0.0, 7.42e-08
2018-08-05, 15:50:36, 0.0, 7.4e-08
2018-08-05, 15:50:38, 0.0, 7.35e-08
2018-08-05, 15:50:41, 0.0, 7.4e-08
2018-08-05, 15:50:43, 0.0, 7.38e-08
2018-08-05, 15:50:45, 0.0, 7.4e-08
2018-08-05, 15:50:47, 0.0, 7.37e-08
2018-08-05, 15:50:49, 0.0, 7.35e-08
2018-08-05, 15:50:51, 0.0, 7.37e-08
2018-08-05, 15:50:53, 0.0, 7.39e-08
2018-08-05, 15:50:55, 0.0, 7.32e-08
2018-08-05, 15:50:58, 0.0, 7.33e-08
2018-08-05, 15:51:00, 0.0, 7.37e-08
2018-08-05, 15:51:02, 0.0, 7.35e-08
2018-08-05, 15:51:04, 0.0, 7.32e-08
2018-08-05, 15:51:06, 0.0, 7.36e-08
2018-08-05, 15:51:08, 0.0, 7.33e-08
2018-08-05, 15:51:10, 0.0, 7.39e-08
2018-08-05, 15:51:12, 0.0, 7.37e-08
2018-08-05, 15:51:15, 0.0, 7.44e-08
2018-08-05, 15:51:17, 0.0, 7.35e-08
2018-08-05, 15:51:19, 0.0, 7.36e-08
2018-08-05, 15:51:21, 0.0, 7.37e-08
2018-08-05, 15:51:23, 0.0, 7.36e-08
2018-08-05, 15:51:25, 0.0, 7.36e-08
2018-08-05, 15:51:27, 0.0, 7.34e-08
2018-08-05, 15:51:30, 0.0, 7.34e-08
2018-08-05, 15:51:32, 0.0, 7.39e-08
2018-08-05, 15:51:34, 0.0, 7.33e-08
2018-08-05, 15:51:36, 0.0, 7.34e-08
2018-08-05, 15:51:38, 0.0, 7.37e-08
2018-08-05, 15:51:40, 0.0, 7.42e-08
2018-08-05, 15:51:42, 0.0, 7.38e-08
2018-08-05, 15:51:44, 0.0, 7.36e-08
2018-08-05, 15:51:47, 0.0, 7.4e-08
2018-08-05, 15:51:49, 0.0, 7.33e-08
2018-08-05, 15:51:51, 0.0, 7.37e-08
2018-08-05, 15:51:53, 0.0, 7.37e-08
2018-08-05, 15:51:55, 0.0, 7.34e-08
2018-08-05, 15:51:57, 0.0, 7.34e-08
2018-08-05, 15:51:59, 0.0, 7.41e-08
2018-08-05, 15:52:01, 0.0, 7.37e-08
2018-08-05, 15:52:04, 0.0, 7.38e-08
2018-08-05, 15:52:06, 0.0, 7.4e-08
2018-08-05, 15:52:08, 0.0, 7.34e-08
2018-08-05, 15:52:10, 0.0, 7.36e-08
2018-08-05, 15:52:12, 0.0, 7.34e-08
2018-08-05, 15:52:14, 0.0, 7.38e-08
2018-08-05, 15:52:16, 0.0, 7.4e-08
2018-08-05, 15:52:18, 0.0, 7.33e-08
2018-08-05, 15:52:21, 0.0, 7.28e-08
2018-08-05, 15:52:23, 0.0, 7.3e-08
2018-08-05, 15:52:25, 0.0, 7.36e-08
2018-08-05, 15:52:27, 0.0, 7.35e-08
2018-08-05, 15:52:29, 0.0, 7.38e-08
2018-08-05, 15:52:31, 0.0, 7.32e-08
2018-08-05, 15:52:33, 0.0, 7.34e-08
2018-08-05, 15:52:35, 0.0, 7.35e-08
2018-08-05, 15:52:38, 0.0, 7.35e-08
2018-08-05, 15:52:40, 0.0, 7.38e-08
2018-08-05, 15:52:42, 0.0, 7.39e-08
2018-08-05, 15:52:44, 0.0, 7.35e-08
2018-08-05, 15:52:46, 0.0, 7.39e-08
2018-08-05, 15:52:48, 0.0, 7.36e-08
2018-08-05, 15:52:50, 0.0, 7.37e-08
2018-08-05, 15:52:52, 0.0, 7.31e-08
2018-08-05, 15:52:55, 0.0, 7.32e-08
2018-08-05, 15:52:57, 0.0, 7.31e-08
2018-08-05, 15:52:59, 0.0, 7.31e-08
2018-08-05, 15:53:01, 0.0, 7.35e-08
2018-08-05, 15:53:03, 0.0, 7.38e-08
2018-08-05, 15:53:05, 0.0, 7.37e-08
2018-08-05, 15:53:07, 0.0, 7.29e-08
2018-08-05, 15:53:10, 0.0, 7.31e-08
2018-08-05, 15:53:12, 0.0, 7.28e-08
2018-08-05, 15:53:14, 0.0, 7.38e-08
2018-08-05, 15:53:16, 0.0, 7.39e-08
2018-08-05, 15:53:18, 0.0, 7.35e-08
2018-08-05, 15:53:20, 0.0, 7.3e-08
2018-08-05, 15:53:22, 0.0, 7.29e-08
2018-08-05, 15:53:24, 0.0, 7.35e-08
2018-08-05, 15:53:27, 0.0, 7.35e-08
2018-08-05, 15:53:29, 0.0, 7.35e-08
2018-08-05, 15:53:31, 0.0, 7.36e-08
2018-08-05, 15:53:33, 0.0, 7.39e-08
2018-08-05, 15:53:35, 0.0, 7.41e-08
2018-08-05, 15:53:37, 0.0, 7.27e-08
2018-08-05, 15:53:39, 0.0, 7.39e-08
2018-08-05, 15:53:41, 0.0, 7.35e-08
2018-08-05, 15:53:44, 0.0, 7.39e-08
2018-08-05, 15:53:46, 0.0, 7.31e-08
2018-08-05, 15:53:48, 0.0, 7.35e-08
2018-08-05, 15:53:50, 0.0, 7.36e-08
2018-08-05, 15:53:52, 0.0, 7.33e-08
2018-08-05, 15:53:54, 0.0, 7.41e-08
2018-08-05, 15:53:56, 0.0, 7.37e-08
2018-08-05, 15:53:59, 0.0, 7.3e-08
2018-08-05, 15:54:01, 0.0, 7.39e-08
2018-08-05, 15:54:03, 0.0, 7.34e-08
2018-08-05, 15:54:05, 0.0, 7.32e-08
2018-08-05, 15:54:07, 0.0, 7.35e-08
2018-08-05, 15:54:09, 0.0, 7.37e-08
2018-08-05, 15:54:11, 0.0, 7.38e-08
2018-08-05, 15:54:13, 0.0, 7.36e-08
2018-08-05, 15:54:16, 0.0, 7.38e-08
2018-08-05, 15:54:18, 0.0, 7.37e-08
2018-08-05, 15:54:20, 0.0, 7.39e-08
2018-08-05, 15:54:22, 0.0, 7.34e-08
2018-08-05, 15:54:24, 0.0, 7.28e-08
2018-08-05, 15:54:26, 0.0, 7.34e-08
2018-08-05, 15:54:28, 0.0, 7.34e-08
2018-08-05, 15:54:30, 0.0, 7.36e-08
2018-08-05, 15:54:33, 0.0, 7.35e-08
2018-08-05, 15:54:35, 0.0, 7.31e-08
2018-08-05, 15:54:37, 0.0, 7.33e-08
2018-08-05, 15:54:39, 0.0, 7.31e-08
2018-08-05, 15:54:41, 0.0, 7.42e-08
2018-08-05, 15:54:43, 0.0, 7.41e-08
2018-08-05, 15:54:45, 0.0, 7.4e-08
2018-08-05, 15:54:47, 0.0, 7.3e-08
2018-08-05, 15:54:50, 0.0, 7.36e-08
2018-08-05, 15:54:52, 0.0, 7.36e-08
2018-08-05, 15:54:54, 0.0, 7.39e-08
2018-08-05, 15:54:56, 0.0, 7.36e-08
2018-08-05, 15:54:58, 0.0, 7.36e-08
2018-08-05, 15:55:00, 0.0, 7.47e-08
2018-08-05, 15:55:02, 0.0, 7.39e-08
2018-08-05, 15:55:04, 0.0, 7.31e-08
2018-08-05, 15:55:07, 0.0, 7.42e-08
2018-08-05, 15:55:09, 0.0, 7.4e-08
2018-08-05, 15:55:11, 0.0, 7.35e-08
2018-08-05, 15:55:13, 0.0, 7.37e-08
2018-08-05, 15:55:15, 0.0, 7.36e-08
2018-08-05, 15:55:17, 0.0, 7.36e-08
2018-08-05, 15:55:19, 0.0, 7.34e-08
2018-08-05, 15:55:21, 0.0, 7.39e-08
2018-08-05, 15:55:24, 0.0, 7.39e-08
2018-08-05, 15:55:26, 0.0, 7.34e-08
2018-08-05, 15:55:28, 0.0, 7.44e-08
2018-08-05, 15:55:30, 0.0, 7.36e-08
2018-08-05, 15:55:32, 0.0, 7.36e-08
2018-08-05, 15:55:34, 0.0, 7.33e-08
2018-08-05, 15:55:36, 0.0, 7.37e-08
2018-08-05, 15:55:38, 0.0, 7.38e-08
2018-08-05, 15:55:41, 0.0, 7.38e-08
2018-08-05, 15:55:43, 0.0, 7.38e-08
2018-08-05, 15:55:45, 0.0, 7.4e-08
2018-08-05, 15:55:47, 0.0, 7.34e-08
2018-08-05, 15:55:49, 0.0, 7.36e-08
2018-08-05, 15:55:51, 0.0, 7.35e-08
2018-08-05, 15:55:53, 0.0, 7.37e-08
2018-08-05, 15:55:55, 0.0, 7.36e-08
2018-08-05, 15:55:58, 0.0, 7.37e-08
2018-08-05, 15:56:00, 0.0, 7.4e-08
2018-08-05, 15:56:02, 0.0, 7.34e-08
2018-08-05, 15:56:04, 0.0, 7.42e-08
2018-08-05, 15:56:06, 0.0, 7.38e-08
2018-08-05, 15:56:08, 0.0, 7.33e-08
2018-08-05, 15:56:10, 0.0, 7.37e-08
2018-08-05, 15:56:12, 0.0, 7.31e-08
2018-08-05, 15:56:15, 0.0, 7.36e-08
2018-08-05, 15:56:17, 0.0, 7.45e-08
2018-08-05, 15:56:19, 0.0, 7.32e-08
2018-08-05, 15:56:21, 0.0, 7.36e-08
2018-08-05, 15:56:23, 0.0, 7.32e-08
2018-08-05, 15:56:25, 0.0, 7.34e-08
2018-08-05, 15:56:27, 0.0, 7.34e-08
2018-08-05, 15:56:29, 0.0, 7.37e-08
2018-08-05, 15:56:32, 0.0, 7.4e-08
2018-08-05, 15:56:34, 0.0, 7.37e-08
2018-08-05, 15:56:36, 0.0, 7.38e-08
2018-08-05, 15:56:38, 0.0, 7.4e-08
2018-08-05, 15:56:40, 0.0, 7.36e-08
2018-08-05, 15:56:42, 0.0, 7.34e-08
2018-08-05, 15:56:44, 0.0, 7.29e-08
2018-08-05, 15:56:46, 0.0, 7.37e-08
2018-08-05, 15:56:49, 0.0, 7.32e-08
2018-08-05, 15:56:51, 0.0, 7.33e-08
2018-08-05, 15:56:53, 0.0, 7.29e-08
2018-08-05, 15:56:55, 0.0, 7.34e-08
2018-08-05, 15:56:57, 0.0, 7.31e-08
2018-08-05, 15:56:59, 0.0, 7.37e-08
2018-08-05, 15:57:01, 0.0, 7.32e-08
2018-08-05, 15:57:03, 0.0, 7.37e-08
2018-08-05, 15:57:06, 0.0, 7.3e-08
2018-08-05, 15:57:08, 0.0, 7.29e-08
2018-08-05, 15:57:10, 0.0, 7.32e-08
2018-08-05, 15:57:12, 0.0, 7.37e-08
2018-08-05, 15:57:14, 0.0, 7.36e-08
2018-08-05, 15:57:16, 0.0, 7.38e-08
2018-08-05, 15:57:18, 0.0, 7.36e-08
2018-08-05, 15:57:20, 0.0, 7.32e-08
2018-08-05, 15:57:23, 0.0, 7.38e-08
2018-08-05, 15:57:25, 0.0, 7.34e-08
2018-08-05, 15:57:27, 0.0, 7.32e-08
2018-08-05, 15:57:29, 0.0, 7.37e-08
2018-08-05, 15:57:31, 0.0, 7.31e-08
2018-08-05, 15:57:33, 0.0, 7.33e-08
2018-08-05, 15:57:35, 0.0, 7.37e-08
2018-08-05, 15:57:37, 0.0, 7.42e-08
2018-08-05, 15:57:40, 0.0, 7.4e-08
2018-08-05, 15:57:42, 0.0, 7.36e-08
2018-08-05, 15:57:44, 0.0, 7.36e-08
2018-08-05, 15:57:46, 0.0, 7.39e-08
2018-08-05, 15:57:48, 0.0, 7.35e-08
2018-08-05, 15:57:50, 0.0, 7.3e-08
2018-08-05, 15:57:52, 0.0, 7.36e-08
2018-08-05, 15:57:54, 0.0, 7.33e-08
2018-08-05, 15:57:57, 0.0, 7.38e-08
2018-08-05, 15:57:59, 0.0, 7.34e-08
2018-08-05, 15:58:01, 0.0, 7.41e-08
2018-08-05, 15:58:03, 0.0, 7.41e-08
2018-08-05, 15:58:05, 0.0, 7.36e-08
2018-08-05, 15:58:07, 0.0, 7.34e-08
2018-08-05, 15:58:09, 0.0, 7.37e-08
2018-08-05, 15:58:12, 0.0, 7.3e-08
2018-08-05, 15:58:14, 0.0, 7.29e-08
2018-08-05, 15:58:16, 0.0, 7.41e-08
2018-08-05, 15:58:18, 0.0, 7.36e-08
2018-08-05, 15:58:20, 0.0, 7.37e-08
2018-08-05, 15:58:22, 0.0, 7.4e-08
2018-08-05, 15:58:24, 0.0, 7.32e-08
2018-08-05, 15:58:26, 0.0, 7.35e-08
2018-08-05, 15:58:29, 0.0, 7.32e-08
2018-08-05, 15:58:31, 0.0, 7.42e-08
2018-08-05, 15:58:33, 0.0, 7.41e-08
2018-08-05, 15:58:35, 0.0, 7.3e-08
2018-08-05, 15:58:37, 0.0, 7.33e-08
2018-08-05, 15:58:39, 0.0, 7.38e-08
2018-08-05, 15:58:41, 0.0, 7.36e-08
2018-08-05, 15:58:43, 0.0, 7.34e-08
2018-08-05, 15:58:46, 0.0, 7.3e-08
2018-08-05, 15:58:48, 0.0, 7.26e-08
2018-08-05, 15:58:50, 0.0, 7.38e-08
2018-08-05, 15:58:52, 0.0, 7.39e-08
2018-08-05, 15:58:54, 0.0, 7.35e-08
2018-08-05, 15:58:56, 0.0, 7.39e-08
2018-08-05, 15:58:58, 0.0, 7.32e-08
2018-08-05, 15:59:00, 0.0, 7.34e-08
2018-08-05, 15:59:02, 0.0, 7.4e-08
2018-08-05, 15:59:05, 0.0, 7.32e-08
2018-08-05, 15:59:07, 0.0, 7.33e-08
2018-08-05, 15:59:09, 0.0, 7.35e-08
2018-08-05, 15:59:11, 0.0, 7.38e-08
2018-08-05, 15:59:13, 0.0, 7.36e-08
2018-08-05, 15:59:15, 0.0, 7.39e-08
2018-08-05, 15:59:17, 0.0, 7.37e-08
2018-08-05, 15:59:20, 0.0, 7.37e-08
2018-08-05, 15:59:22, 0.0, 7.34e-08
2018-08-05, 15:59:24, 0.0, 7.32e-08
2018-08-05, 15:59:26, 0.0, 7.32e-08
2018-08-05, 15:59:28, 0.0, 7.31e-08
2018-08-05, 15:59:30, 0.0, 7.34e-08
2018-08-05, 15:59:32, 0.0, 7.3e-08
2018-08-05, 15:59:34, 0.0, 7.38e-08
2018-08-05, 15:59:37, 0.0, 7.33e-08
2018-08-05, 15:59:39, 0.0, 7.32e-08
2018-08-05, 15:59:41, 0.0, 7.38e-08
2018-08-05, 15:59:43, 0.0, 7.36e-08
2018-08-05, 15:59:45, 0.0, 7.36e-08
2018-08-05, 15:59:47, 0.0, 7.41e-08
2018-08-05, 15:59:49, 0.0, 7.38e-08
2018-08-05, 15:59:51, 0.0, 7.35e-08
2018-08-05, 15:59:54, 0.0, 7.32e-08
2018-08-05, 15:59:56, 0.0, 7.32e-08
2018-08-05, 15:59:58, 0.0, 7.37e-08
2018-08-05, 16:00:00, 0.0, 7.36e-08
2018-08-05, 16:00:02, 0.0, 7.34e-08
2018-08-05, 16:00:04, 0.0, 7.37e-08
2018-08-05, 16:00:06, 0.0, 7.43e-08
2018-08-05, 16:00:09, 0.0, 7.35e-08
2018-08-05, 16:00:11, 0.0, 7.29e-08
2018-08-05, 16:00:13, 0.0, 7.4e-08
2018-08-05, 16:00:15, 0.0, 7.32e-08
2018-08-05, 16:00:17, 0.0, 7.37e-08
2018-08-05, 16:00:19, 0.0, 7.33e-08
2018-08-05, 16:00:21, 0.0, 7.33e-08
2018-08-05, 16:00:23, 0.0, 7.33e-08
2018-08-05, 16:00:26, 0.0, 7.37e-08
2018-08-05, 16:00:28, 0.0, 7.29e-08
2018-08-05, 16:00:30, 0.0, 7.37e-08
2018-08-05, 16:00:32, 0.0, 7.34e-08
2018-08-05, 16:00:34, 0.0, 7.35e-08
2018-08-05, 16:00:36, 0.0, 7.36e-08
2018-08-05, 16:00:38, 0.0, 7.43e-08
2018-08-05, 16:00:40, 0.0, 7.41e-08
2018-08-05, 16:00:43, 0.0, 7.37e-08
2018-08-05, 16:00:45, 0.0, 7.38e-08
2018-08-05, 16:00:47, 0.0, 7.37e-08
2018-08-05, 16:00:49, 0.0, 7.4e-08
2018-08-05, 16:00:51, 0.0, 7.39e-08
2018-08-05, 16:00:53, 0.0, 7.41e-08
2018-08-05, 16:00:55, 0.0, 7.4e-08
2018-08-05, 16:00:57, 0.0, 7.33e-08
2018-08-05, 16:01:00, 0.0, 7.35e-08
2018-08-05, 16:01:02, 0.0, 7.44e-08
2018-08-05, 16:01:04, 0.0, 7.39e-08
2018-08-05, 16:01:06, 0.0, 7.39e-08
2018-08-05, 16:01:08, 0.0, 7.38e-08
2018-08-05, 16:01:10, 0.0, 7.32e-08
2018-08-05, 16:01:12, 0.0, 7.37e-08
2018-08-05, 16:01:14, 0.0, 7.4e-08
2018-08-05, 16:01:17, 0.0, 7.39e-08
2018-08-05, 16:01:19, 0.0, 7.36e-08
2018-08-05, 16:01:21, 0.0, 7.33e-08
2018-08-05, 16:01:23, 0.0, 7.36e-08
2018-08-05, 16:01:25, 0.0, 7.38e-08
2018-08-05, 16:01:27, 0.0, 7.35e-08
2018-08-05, 16:01:29, 0.0, 7.36e-08
2018-08-05, 16:01:31, 0.0, 7.4e-08
2018-08-05, 16:01:34, 0.0, 7.37e-08
2018-08-05, 16:01:36, 0.0, 7.41e-08
2018-08-05, 16:01:38, 0.0, 7.34e-08
2018-08-05, 16:01:40, 0.0, 7.33e-08
2018-08-05, 16:01:42, 0.0, 7.32e-08
2018-08-05, 16:01:44, 0.0, 7.39e-08
2018-08-05, 16:01:47, 0.0, 7.36e-08
2018-08-05, 16:01:49, 0.0, 7.39e-08
2018-08-05, 16:01:51, 0.0, 7.38e-08
2018-08-05, 16:01:53, 0.0, 7.4e-08
2018-08-05, 16:01:55, 0.0, 7.35e-08
2018-08-05, 16:01:57, 0.0, 7.33e-08
2018-08-05, 16:01:59, 0.0, 7.32e-08
2018-08-05, 16:02:01, 0.0, 7.36e-08
2018-08-05, 16:02:04, 0.0, 7.3e-08
2018-08-05, 16:02:06, 0.0, 7.34e-08
2018-08-05, 16:02:08, 0.0, 7.38e-08
2018-08-05, 16:02:10, 0.0, 7.36e-08
2018-08-05, 16:02:12, 0.0, 7.3e-08
2018-08-05, 16:02:14, 0.0, 7.29e-08
2018-08-05, 16:02:16, 0.0, 7.38e-08
2018-08-05, 16:02:18, 0.0, 7.28e-08
2018-08-05, 16:02:21, 0.0, 7.25e-08
2018-08-05, 16:02:23, 0.0, 7.31e-08
2018-08-05, 16:02:25, 0.0, 7.37e-08
2018-08-05, 16:02:27, 0.0, 7.29e-08
2018-08-05, 16:02:29, 0.0, 7.34e-08
2018-08-05, 16:02:31, 0.0, 7.3e-08
2018-08-05, 16:02:33, 0.0, 7.37e-08
2018-08-05, 16:02:35, 0.0, 7.37e-08
2018-08-05, 16:02:38, 0.0, 7.36e-08
2018-08-05, 16:02:40, 0.0, 7.29e-08
2018-08-05, 16:02:42, 0.0, 7.29e-08
2018-08-05, 16:02:44, 0.0, 7.27e-08
2018-08-05, 16:02:46, 0.0, 7.27e-08
2018-08-05, 16:02:48, 0.0, 7.28e-08
2018-08-05, 16:02:50, 0.0, 7.35e-08
2018-08-05, 16:02:52, 0.0, 7.32e-08
2018-08-05, 16:02:55, 0.0, 7.29e-08
2018-08-05, 16:02:57, 0.0, 7.3e-08
2018-08-05, 16:02:59, 0.0, 7.32e-08
2018-08-05, 16:03:01, 0.0, 7.28e-08
2018-08-05, 16:03:03, 0.0, 7.31e-08
2018-08-05, 16:03:05, 0.0, 7.32e-08
2018-08-05, 16:03:07, 0.0, 7.32e-08
2018-08-05, 16:03:09, 0.0, 7.35e-08
2018-08-05, 16:03:12, 0.0, 7.27e-08
2018-08-05, 16:03:14, 0.0, 7.35e-08
2018-08-05, 16:03:16, 0.0, 7.36e-08
2018-08-05, 16:03:18, 0.0, 7.26e-08
2018-08-05, 16:03:20, 0.0, 7.33e-08
2018-08-05, 16:03:22, 0.0, 7.25e-08
2018-08-05, 16:03:24, 0.0, 7.27e-08
2018-08-05, 16:03:26, 0.0, 7.21e-08
2018-08-05, 16:03:29, 0.0, 7.21e-08
2018-08-05, 16:03:31, 0.0, 7.29e-08
2018-08-05, 16:03:33, 0.0, 7.27e-08
2018-08-05, 16:03:35, 0.0, 7.28e-08
2018-08-05, 16:03:37, 0.0, 7.21e-08
2018-08-05, 16:03:39, 0.0, 7.32e-08
2018-08-05, 16:03:41, 0.0, 7.28e-08
2018-08-05, 16:03:43, 0.0, 7.27e-08
2018-08-05, 16:03:46, 0.0, 7.28e-08
2018-08-05, 16:03:48, 0.0, 7.27e-08
2018-08-05, 16:03:50, 0.0, 7.25e-08
2018-08-05, 16:03:52, 0.0, 7.33e-08
2018-08-05, 16:03:54, 0.0, 7.26e-08
2018-08-05, 16:03:56, 0.0, 7.32e-08
2018-08-05, 16:03:58, 0.0, 7.27e-08
2018-08-05, 16:04:00, 0.0, 7.33e-08
2018-08-05, 16:04:03, 0.0, 7.28e-08
2018-08-05, 16:04:05, 0.0, 7.21e-08
2018-08-05, 16:04:07, 0.0, 7.34e-08
2018-08-05, 16:04:09, 0.0, 7.32e-08
2018-08-05, 16:04:11, 0.0, 7.26e-08
2018-08-05, 16:04:13, 0.0, 7.22e-08
2018-08-05, 16:04:15, 0.0, 7.24e-08
2018-08-05, 16:04:18, 0.0, 7.21e-08
2018-08-05, 16:04:20, 0.0, 7.27e-08
2018-08-05, 16:04:22, 0.0, 7.23e-08
2018-08-05, 16:04:24, 0.0, 7.29e-08
2018-08-05, 16:04:26, 0.0, 7.29e-08
2018-08-05, 16:04:28, 0.0, 7.21e-08
2018-08-05, 16:04:30, 0.0, 7.19e-08
2018-08-05, 16:04:32, 0.0, 7.24e-08
2018-08-05, 16:04:35, 0.0, 7.23e-08
2018-08-05, 16:04:37, 0.0, 7.32e-08
2018-08-05, 16:04:39, 0.0, 7.28e-08
2018-08-05, 16:04:41, 0.0, 7.3e-08
2018-08-05, 16:04:43, 0.0, 7.27e-08
2018-08-05, 16:04:45, 0.0, 7.34e-08
2018-08-05, 16:04:47, 0.0, 7.3e-08
2018-08-05, 16:04:49, 0.0, 7.3e-08
2018-08-05, 16:04:52, 0.0, 7.33e-08
2018-08-05, 16:04:54, 0.0, 7.25e-08
2018-08-05, 16:04:56, 0.0, 7.29e-08
2018-08-05, 16:04:58, 0.0, 7.3e-08
2018-08-05, 16:05:00, 0.0, 7.26e-08
2018-08-05, 16:05:02, 0.0, 7.28e-08
2018-08-05, 16:05:04, 0.0, 7.29e-08
2018-08-05, 16:05:06, 0.0, 7.34e-08
2018-08-05, 16:05:09, 0.0, 7.33e-08
2018-08-05, 16:05:11, 0.0, 7.23e-08
2018-08-05, 16:05:13, 0.0, 7.33e-08
2018-08-05, 16:05:15, 0.0, 7.33e-08
2018-08-05, 16:05:17, 0.0, 7.34e-08
2018-08-05, 16:05:19, 0.0, 7.35e-08
2018-08-05, 16:05:21, 0.0, 7.34e-08
2018-08-05, 16:05:23, 0.0, 7.35e-08
2018-08-05, 16:05:26, 0.0, 7.35e-08
2018-08-05, 16:05:28, 0.0, 7.32e-08
2018-08-05, 16:05:30, 0.0, 7.37e-08
2018-08-05, 16:05:32, 0.0, 7.38e-08
2018-08-05, 16:05:34, 0.0, 7.29e-08
2018-08-05, 16:05:36, 0.0, 7.35e-08
2018-08-05, 16:05:38, 0.0, 7.32e-08
2018-08-05, 16:05:40, 0.0, 7.23e-08
2018-08-05, 16:05:43, 0.0, 7.29e-08
2018-08-05, 16:05:45, 0.0, 7.28e-08
2018-08-05, 16:05:47, 0.0, 7.34e-08
2018-08-05, 16:05:49, 0.0, 7.35e-08
2018-08-05, 16:05:51, 0.0, 7.33e-08
2018-08-05, 16:05:53, 0.0, 7.34e-08
2018-08-05, 16:05:55, 0.0, 7.38e-08
2018-08-05, 16:05:57, 0.0, 7.31e-08
2018-08-05, 16:06:00, 0.0, 7.34e-08
2018-08-05, 16:06:02, 0.0, 7.34e-08
2018-08-05, 16:06:04, 0.0, 7.36e-08
2018-08-05, 16:06:06, 0.0, 7.34e-08
2018-08-05, 16:06:08, 0.0, 7.35e-08
2018-08-05, 16:06:10, 0.0, 7.39e-08
2018-08-05, 16:06:12, 0.0, 7.37e-08
2018-08-05, 16:06:14, 0.0, 7.34e-08
2018-08-05, 16:06:17, 0.0, 7.34e-08
2018-08-05, 16:06:19, 0.0, 7.26e-08
2018-08-05, 16:06:21, 0.0, 7.27e-08
2018-08-05, 16:06:23, 0.0, 7.26e-08
2018-08-05, 16:06:25, 0.0, 7.32e-08
2018-08-05, 16:06:27, 0.0, 7.2e-08
2018-08-05, 16:06:29, 0.0, 7.23e-08
2018-08-05, 16:06:31, 0.0, 7.2e-08
2018-08-05, 16:06:34, 0.0, 7.3e-08
2018-08-05, 16:06:36, 0.0, 7.27e-08
2018-08-05, 16:06:38, 0.0, 7.28e-08
2018-08-05, 16:06:40, 0.0, 7.25e-08
2018-08-05, 16:06:42, 0.0, 7.23e-08
2018-08-05, 16:06:44, 0.0, 7.25e-08
2018-08-05, 16:06:46, 0.0, 7.24e-08
2018-08-05, 16:06:49, 0.0, 7.2e-08
2018-08-05, 16:06:51, 0.0, 7.28e-08
2018-08-05, 16:06:53, 0.0, 7.21e-08
2018-08-05, 16:06:55, 0.0, 7.34e-08
2018-08-05, 16:06:57, 0.0, 7.32e-08
2018-08-05, 16:06:59, 0.0, 7.33e-08
2018-08-05, 16:07:01, 0.0, 7.24e-08
2018-08-05, 16:07:03, 0.0, 7.27e-08
2018-08-05, 16:07:06, 0.0, 7.33e-08
2018-08-05, 16:07:08, 0.0, 7.22e-08
2018-08-05, 16:07:10, 0.0, 7.27e-08
2018-08-05, 16:07:12, 0.0, 7.31e-08
2018-08-05, 16:07:14, 0.0, 7.35e-08
2018-08-05, 16:07:16, 0.0, 7.27e-08
2018-08-05, 16:07:18, 0.0, 7.22e-08
2018-08-05, 16:07:20, 0.0, 7.29e-08
2018-08-05, 16:07:23, 0.0, 7.29e-08
2018-08-05, 16:07:25, 0.0, 7.27e-08
2018-08-05, 16:07:27, 0.0, 7.31e-08
2018-08-05, 16:07:29, 0.0, 7.24e-08
2018-08-05, 16:07:31, 0.0, 7.26e-08
2018-08-05, 16:07:33, 0.0, 7.24e-08
2018-08-05, 16:07:35, 0.0, 7.26e-08
2018-08-05, 16:07:37, 0.0, 7.22e-08
2018-08-05, 16:07:40, 0.0, 7.31e-08
2018-08-05, 16:07:42, 0.0, 7.22e-08
2018-08-05, 16:07:44, 0.0, 7.29e-08
2018-08-05, 16:07:46, 0.0, 7.23e-08
2018-08-05, 16:07:48, 0.0, 7.26e-08
2018-08-05, 16:07:50, 0.0, 7.29e-08
2018-08-05, 16:07:52, 0.0, 7.3e-08
2018-08-05, 16:07:54, 0.0, 7.29e-08
2018-08-05, 16:07:57, 0.0, 7.28e-08
2018-08-05, 16:07:59, 0.0, 7.3e-08
2018-08-05, 16:08:01, 0.0, 7.31e-08
2018-08-05, 16:08:03, 0.0, 7.35e-08
2018-08-05, 16:08:05, 0.0, 7.25e-08
2018-08-05, 16:08:07, 0.0, 7.25e-08
2018-08-05, 16:08:09, 0.0, 7.25e-08
2018-08-05, 16:08:11, 0.0, 7.2e-08
2018-08-05, 16:08:14, 0.0, 7.29e-08
2018-08-05, 16:08:16, 0.0, 7.32e-08
2018-08-05, 16:08:18, 0.0, 7.29e-08
2018-08-05, 16:08:20, 0.0, 7.28e-08
2018-08-05, 16:08:22, 0.0, 7.2e-08
2018-08-05, 16:08:24, 0.0, 7.26e-08
2018-08-05, 16:08:26, 0.0, 7.31e-08
2018-08-05, 16:08:29, 0.0, 7.3e-08
2018-08-05, 16:08:31, 0.0, 7.27e-08
2018-08-05, 16:08:33, 0.0, 7.2e-08
2018-08-05, 16:08:35, 0.0, 7.24e-08
2018-08-05, 16:08:37, 0.0, 7.28e-08
2018-08-05, 16:08:39, 0.0, 7.25e-08
2018-08-05, 16:08:41, 0.0, 7.28e-08
2018-08-05, 16:08:43, 0.0, 7.23e-08
2018-08-05, 16:08:46, 0.0, 7.19e-08
2018-08-05, 16:08:48, 0.0, 7.2e-08
2018-08-05, 16:08:50, 0.0, 7.25e-08
2018-08-05, 16:08:52, 0.0, 7.3e-08
2018-08-05, 16:08:54, 0.0, 7.31e-08
2018-08-05, 16:08:56, 0.0, 7.29e-08
2018-08-05, 16:08:58, 0.0, 7.36e-08
2018-08-05, 16:09:00, 0.0, 7.34e-08
2018-08-05, 16:09:03, 0.0, 7.33e-08
2018-08-05, 16:09:05, 0.0, 7.28e-08
2018-08-05, 16:09:07, 0.0, 7.25e-08
2018-08-05, 16:09:09, 0.0, 7.33e-08
2018-08-05, 16:09:11, 0.0, 7.34e-08
2018-08-05, 16:09:13, 0.0, 7.29e-08
2018-08-05, 16:09:15, 0.0, 7.28e-08
2018-08-05, 16:09:17, 0.0, 7.24e-08
2018-08-05, 16:09:20, 0.0, 7.26e-08
2018-08-05, 16:09:22, 0.0, 7.27e-08
2018-08-05, 16:09:24, 0.0, 7.26e-08
2018-08-05, 16:09:26, 0.0, 7.27e-08
2018-08-05, 16:09:28, 0.0, 7.23e-08
2018-08-05, 16:09:30, 0.0, 7.29e-08
2018-08-05, 16:09:32, 0.0, 7.23e-08
2018-08-05, 16:09:34, 0.0, 7.3e-08
2018-08-05, 16:09:37, 0.0, 7.27e-08
2018-08-05, 16:09:39, 0.0, 7.27e-08
2018-08-05, 16:09:41, 0.0, 7.26e-08
2018-08-05, 16:09:43, 0.0, 7.23e-08
2018-08-05, 16:09:45, 0.0, 7.29e-08
2018-08-05, 16:09:47, 0.0, 7.27e-08
2018-08-05, 16:09:49, 0.0, 7.28e-08
2018-08-05, 16:09:51, 0.0, 7.3e-08
2018-08-05, 16:09:54, 0.0, 7.32e-08
2018-08-05, 16:09:56, 0.0, 7.33e-08
2018-08-05, 16:09:58, 0.0, 7.21e-08
2018-08-05, 16:10:00, 0.0, 7.3e-08
2018-08-05, 16:10:02, 0.0, 7.31e-08
2018-08-05, 16:10:04, 0.0, 7.22e-08
2018-08-05, 16:10:06, 0.0, 7.29e-08
2018-08-05, 16:10:08, 0.0, 7.27e-08
2018-08-05, 16:10:11, 0.0, 7.25e-08
2018-08-05, 16:10:13, 0.0, 7.26e-08
2018-08-05, 16:10:15, 0.0, 7.25e-08
2018-08-05, 16:10:17, 0.0, 7.21e-08
2018-08-05, 16:10:19, 0.0, 7.26e-08
2018-08-05, 16:10:21, 0.0, 7.26e-08
2018-08-05, 16:10:23, 0.0, 7.23e-08
2018-08-05, 16:10:25, 0.0, 7.35e-08
2018-08-05, 16:10:28, 0.0, 7.32e-08
2018-08-05, 16:10:30, 0.0, 7.33e-08
2018-08-05, 16:10:32, 0.0, 7.21e-08
2018-08-05, 16:10:34, 0.0, 7.3e-08
2018-08-05, 16:10:36, 0.0, 7.31e-08
2018-08-05, 16:10:38, 0.0, 7.27e-08
2018-08-05, 16:10:40, 0.0, 7.4e-08
2018-08-05, 16:10:42, 0.0, 7.24e-08
2018-08-05, 16:10:45, 0.0, 7.27e-08
2018-08-05, 16:10:47, 0.0, 7.28e-08
2018-08-05, 16:10:49, 0.0, 7.26e-08
2018-08-05, 16:10:51, 0.0, 7.23e-08
2018-08-05, 16:10:53, 0.0, 7.31e-08
2018-08-05, 16:10:55, 0.0, 7.21e-08
2018-08-05, 16:10:57, 0.0, 7.26e-08
2018-08-05, 16:10:59, 0.0, 7.28e-08
2018-08-05, 16:11:02, 0.0, 7.38e-08
2018-08-05, 16:11:04, 0.0, 7.33e-08
2018-08-05, 16:11:06, 0.0, 7.3e-08
2018-08-05, 16:11:08, 0.0, 7.28e-08
2018-08-05, 16:11:10, 0.0, 7.4e-08
2018-08-05, 16:11:12, 0.0, 7.36e-08
2018-08-05, 16:11:14, 0.0, 7.26e-08
2018-08-05, 16:11:16, 0.0, 7.32e-08
2018-08-05, 16:11:19, 0.0, 7.31e-08
2018-08-05, 16:11:21, 0.0, 7.31e-08
2018-08-05, 16:11:23, 0.0, 7.35e-08
2018-08-05, 16:11:25, 0.0, 7.25e-08
2018-08-05, 16:11:27, 0.0, 7.25e-08
2018-08-05, 16:11:29, 0.0, 7.3e-08
2018-08-05, 16:11:31, 0.0, 7.36e-08
2018-08-05, 16:11:33, 0.0, 7.37e-08
2018-08-05, 16:11:36, 0.0, 7.38e-08
2018-08-05, 16:11:38, 0.0, 7.34e-08
2018-08-05, 16:11:40, 0.0, 7.24e-08
2018-08-05, 16:11:42, 0.0, 7.28e-08
2018-08-05, 16:11:44, 0.0, 7.29e-08
2018-08-05, 16:11:46, 0.0, 7.28e-08
2018-08-05, 16:11:48, 0.0, 7.35e-08
2018-08-05, 16:11:50, 0.0, 7.29e-08
2018-08-05, 16:11:53, 0.0, 7.29e-08
2018-08-05, 16:11:55, 0.0, 7.23e-08
2018-08-05, 16:11:57, 0.0, 7.28e-08
2018-08-05, 16:11:59, 0.0, 7.27e-08
2018-08-05, 16:12:01, 0.0, 7.25e-08
2018-08-05, 16:12:03, 0.0, 7.28e-08
2018-08-05, 16:12:05, 0.0, 7.25e-08
2018-08-05, 16:12:08, 0.0, 7.25e-08
2018-08-05, 16:12:10, 0.0, 7.27e-08
2018-08-05, 16:12:12, 0.0, 7.27e-08
2018-08-05, 16:12:14, 0.0, 7.33e-08
2018-08-05, 16:12:16, 0.0, 7.29e-08
2018-08-05, 16:12:18, 0.0, 7.25e-08
2018-08-05, 16:12:20, 0.0, 7.29e-08
2018-08-05, 16:12:22, 0.0, 7.31e-08
2018-08-05, 16:12:25, 0.0, 7.33e-08
2018-08-05, 16:12:27, 0.0, 7.33e-08
2018-08-05, 16:12:29, 0.0, 7.31e-08
2018-08-05, 16:12:31, 0.0, 7.21e-08
2018-08-05, 16:12:33, 0.0, 7.29e-08
2018-08-05, 16:12:35, 0.0, 7.29e-08
2018-08-05, 16:12:37, 0.0, 7.37e-08
2018-08-05, 16:12:39, 0.0, 7.33e-08
2018-08-05, 16:12:42, 0.0, 7.26e-08
2018-08-05, 16:12:44, 0.0, 7.28e-08
2018-08-05, 16:12:46, 0.0, 7.29e-08
2018-08-05, 16:12:48, 0.0, 7.29e-08
2018-08-05, 16:12:50, 0.0, 7.32e-08
2018-08-05, 16:12:52, 0.0, 7.34e-08
2018-08-05, 16:12:54, 0.0, 7.33e-08
2018-08-05, 16:12:56, 0.0, 7.35e-08
2018-08-05, 16:12:59, 0.0, 7.37e-08
2018-08-05, 16:13:01, 0.0, 7.39e-08
2018-08-05, 16:13:03, 0.0, 7.32e-08
2018-08-05, 16:13:05, 0.0, 7.39e-08
2018-08-05, 16:13:07, 0.0, 7.39e-08
2018-08-05, 16:13:09, 0.0, 7.35e-08
2018-08-05, 16:13:11, 0.0, 7.3e-08
2018-08-05, 16:13:13, 0.0, 7.38e-08
2018-08-05, 16:13:16, 0.0, 7.28e-08
2018-08-05, 16:13:18, 0.0, 7.35e-08
2018-08-05, 16:13:20, 0.0, 7.42e-08
2018-08-05, 16:13:22, 0.0, 7.41e-08
2018-08-05, 16:13:24, 0.0, 7.41e-08
2018-08-05, 16:13:26, 0.0, 7.33e-08
2018-08-05, 16:13:28, 0.0, 7.42e-08
2018-08-05, 16:13:30, 0.0, 7.38e-08
2018-08-05, 16:13:33, 0.0, 7.41e-08
2018-08-05, 16:13:35, 0.0, 7.39e-08
2018-08-05, 16:13:37, 0.0, 7.31e-08
2018-08-05, 16:13:39, 0.0, 7.36e-08
2018-08-05, 16:13:41, 0.0, 7.41e-08
2018-08-05, 16:13:43, 0.0, 7.33e-08
2018-08-05, 16:13:45, 0.0, 7.33e-08
2018-08-05, 16:13:47, 0.0, 7.3e-08
2018-08-05, 16:13:50, 0.0, 7.43e-08
2018-08-05, 16:13:52, 0.0, 7.35e-08
2018-08-05, 16:13:54, 0.0, 7.35e-08
2018-08-05, 16:13:56, 0.0, 7.32e-08
2018-08-05, 16:13:58, 0.0, 7.36e-08
2018-08-05, 16:14:00, 0.0, 7.35e-08
2018-08-05, 16:14:02, 0.0, 7.38e-08
2018-08-05, 16:14:04, 0.0, 7.36e-08
2018-08-05, 16:14:07, 0.0, 7.36e-08
2018-08-05, 16:14:09, 0.0, 7.34e-08
2018-08-05, 16:14:11, 0.0, 7.38e-08
2018-08-05, 16:14:13, 0.0, 7.38e-08
2018-08-05, 16:14:15, 0.0, 7.37e-08
2018-08-05, 16:14:17, 0.0, 7.33e-08
2018-08-05, 16:14:19, 0.0, 7.37e-08
2018-08-05, 16:14:21, 0.0, 7.35e-08
2018-08-05, 16:14:24, 0.0, 7.35e-08
2018-08-05, 16:14:26, 0.0, 7.39e-08
2018-08-05, 16:14:28, 0.0, 7.41e-08
2018-08-05, 16:14:30, 0.0, 7.36e-08
2018-08-05, 16:14:32, 0.0, 7.4e-08
2018-08-05, 16:14:34, 0.0, 7.29e-08
2018-08-05, 16:14:36, 0.0, 7.34e-08
2018-08-05, 16:14:38, 0.0, 7.29e-08
2018-08-05, 16:14:41, 0.0, 7.31e-08
2018-08-05, 16:14:43, 0.0, 7.39e-08
2018-08-05, 16:14:45, 0.0, 7.4e-08
2018-08-05, 16:14:47, 0.0, 7.37e-08
2018-08-05, 16:14:49, 0.0, 7.34e-08
2018-08-05, 16:14:51, 0.0, 7.34e-08
2018-08-05, 16:14:53, 0.0, 7.31e-08
2018-08-05, 16:14:55, 0.0, 7.27e-08
2018-08-05, 16:14:58, 0.0, 7.36e-08
2018-08-05, 16:15:00, 0.0, 7.34e-08
2018-08-05, 16:15:02, 0.0, 7.26e-08
2018-08-05, 16:15:04, 0.0, 7.32e-08
2018-08-05, 16:15:06, 0.0, 7.39e-08
2018-08-05, 16:15:08, 0.0, 7.33e-08
2018-08-05, 16:15:10, 0.0, 7.35e-08
2018-08-05, 16:15:13, 0.0, 7.38e-08
2018-08-05, 16:15:15, 0.0, 7.34e-08
2018-08-05, 16:15:17, 0.0, 7.39e-08
2018-08-05, 16:15:19, 0.0, 7.38e-08
2018-08-05, 16:15:21, 0.0, 7.39e-08
2018-08-05, 16:15:23, 0.0, 7.29e-08
2018-08-05, 16:15:25, 0.0, 7.37e-08
2018-08-05, 16:15:27, 0.0, 7.34e-08
2018-08-05, 16:15:30, 0.0, 7.36e-08
2018-08-05, 16:15:32, 0.0, 7.34e-08
2018-08-05, 16:15:34, 0.0, 7.37e-08
2018-08-05, 16:15:36, 0.0, 7.39e-08
2018-08-05, 16:15:38, 0.0, 7.29e-08
2018-08-05, 16:15:40, 0.0, 7.41e-08
2018-08-05, 16:15:42, 0.0, 7.33e-08
2018-08-05, 16:15:44, 0.0, 7.42e-08
2018-08-05, 16:15:47, 0.0, 7.3e-08
2018-08-05, 16:15:49, 0.0, 7.35e-08
2018-08-05, 16:15:51, 0.0, 7.36e-08
2018-08-05, 16:15:53, 0.0, 7.42e-08
2018-08-05, 16:15:55, 0.0, 7.39e-08
2018-08-05, 16:15:57, 0.0, 7.37e-08
2018-08-05, 16:15:59, 0.0, 7.38e-08
2018-08-05, 16:16:01, 0.0, 7.37e-08
2018-08-05, 16:16:04, 0.0, 7.38e-08
2018-08-05, 16:16:06, 0.0, 7.34e-08
2018-08-05, 16:16:08, 0.0, 7.28e-08
2018-08-05, 16:16:10, 0.0, 7.34e-08
2018-08-05, 16:16:12, 0.0, 7.39e-08
2018-08-05, 16:16:14, 0.0, 7.43e-08
2018-08-05, 16:16:16, 0.0, 7.39e-08
2018-08-05, 16:16:19, 0.0, 7.37e-08
2018-08-05, 16:16:21, 0.0, 7.41e-08
2018-08-05, 16:16:23, 0.0, 7.41e-08
2018-08-05, 16:16:25, 0.0, 7.38e-08
2018-08-05, 16:16:27, 0.0, 7.33e-08
2018-08-05, 16:16:29, 0.0, 7.35e-08
2018-08-05, 16:16:31, 0.0, 7.42e-08
2018-08-05, 16:16:33, 0.0, 7.43e-08
2018-08-05, 16:16:36, 0.0, 7.35e-08
2018-08-05, 16:16:38, 0.0, 7.38e-08
2018-08-05, 16:16:40, 0.0, 7.43e-08
2018-08-05, 16:16:42, 0.0, 7.41e-08
2018-08-05, 16:16:44, 0.0, 7.46e-08
2018-08-05, 16:16:46, 0.0, 7.39e-08
2018-08-05, 16:16:48, 0.0, 7.39e-08
2018-08-05, 16:16:50, 0.0, 7.48e-08
2018-08-05, 16:16:53, 0.0, 7.39e-08
2018-08-05, 16:16:55, 0.0, 7.41e-08
2018-08-05, 16:16:57, 0.0, 7.44e-08
2018-08-05, 16:16:59, 0.0, 7.4e-08
2018-08-05, 16:17:01, 0.0, 7.38e-08
2018-08-05, 16:17:03, 0.0, 7.41e-08
2018-08-05, 16:17:05, 0.0, 7.44e-08
2018-08-05, 16:17:07, 0.0, 7.45e-08
2018-08-05, 16:17:10, 0.0, 7.35e-08
2018-08-05, 16:17:12, 0.0, 7.34e-08
2018-08-05, 16:17:14, 0.0, 7.4e-08
2018-08-05, 16:17:16, 0.0, 7.4e-08
2018-08-05, 16:17:18, 0.0, 7.44e-08
2018-08-05, 16:17:20, 0.0, 7.34e-08
2018-08-05, 16:17:22, 0.0, 7.33e-08
2018-08-05, 16:17:25, 0.0, 7.38e-08
2018-08-05, 16:17:27, 0.0, 7.38e-08
2018-08-05, 16:17:29, 0.0, 7.47e-08
2018-08-05, 16:17:31, 0.0, 7.47e-08
2018-08-05, 16:17:33, 0.0, 7.38e-08
2018-08-05, 16:17:35, 0.0, 7.35e-08
2018-08-05, 16:17:37, 0.0, 7.35e-08
2018-08-05, 16:17:39, 0.0, 7.34e-08
2018-08-05, 16:17:42, 0.0, 7.38e-08
2018-08-05, 16:17:44, 0.0, 7.35e-08
2018-08-05, 16:17:46, 0.0, 7.42e-08
2018-08-05, 16:17:48, 0.0, 7.37e-08
2018-08-05, 16:17:50, 0.0, 7.26e-08
2018-08-05, 16:17:52, 0.0, 7.33e-08
2018-08-05, 16:17:54, 0.0, 7.39e-08
2018-08-05, 16:17:56, 0.0, 7.38e-08
2018-08-05, 16:17:59, 0.0, 7.36e-08
2018-08-05, 16:18:01, 0.0, 7.39e-08
2018-08-05, 16:18:03, 0.0, 7.36e-08
2018-08-05, 16:18:05, 0.0, 7.43e-08
2018-08-05, 16:18:07, 0.0, 7.28e-08
2018-08-05, 16:18:09, 0.0, 7.41e-08
2018-08-05, 16:18:11, 0.0, 7.35e-08
2018-08-05, 16:18:13, 0.0, 7.34e-08
2018-08-05, 16:18:16, 0.0, 7.39e-08
2018-08-05, 16:18:18, 0.0, 7.34e-08
2018-08-05, 16:18:20, 0.0, 7.39e-08
2018-08-05, 16:18:22, 0.0, 7.4e-08
2018-08-05, 16:18:24, 0.0, 7.4e-08
2018-08-05, 16:18:26, 0.0, 7.4e-08
2018-08-05, 16:18:28, 0.0, 7.38e-08
2018-08-05, 16:18:30, 0.0, 7.35e-08
2018-08-05, 16:18:33, 0.0, 7.32e-08
2018-08-05, 16:18:35, 0.0, 7.36e-08
2018-08-05, 16:18:37, 0.0, 7.29e-08
2018-08-05, 16:18:39, 0.0, 7.33e-08
2018-08-05, 16:18:41, 0.0, 7.4e-08
2018-08-05, 16:18:43, 0.0, 7.41e-08
2018-08-05, 16:18:45, 0.0, 7.38e-08
2018-08-05, 16:18:47, 0.0, 7.32e-08
2018-08-05, 16:18:50, 0.0, 7.41e-08
2018-08-05, 16:18:52, 0.0, 7.44e-08
2018-08-05, 16:18:54, 0.0, 7.39e-08
2018-08-05, 16:18:56, 0.0, 7.44e-08
2018-08-05, 16:18:58, 0.0, 7.39e-08
2018-08-05, 16:19:00, 0.0, 7.37e-08
2018-08-05, 16:19:02, 0.0, 7.37e-08
2018-08-05, 16:19:04, 0.0, 7.41e-08
2018-08-05, 16:19:07, 0.0, 7.42e-08
2018-08-05, 16:19:09, 0.0, 7.38e-08
2018-08-05, 16:19:11, 0.0, 7.32e-08
2018-08-05, 16:19:13, 0.0, 7.4e-08
2018-08-05, 16:19:15, 0.0, 7.34e-08
2018-08-05, 16:19:17, 0.0, 7.4e-08
2018-08-05, 16:19:19, 0.0, 7.42e-08
2018-08-05, 16:19:21, 0.0, 7.42e-08
2018-08-05, 16:19:23, 0.0, 7.43e-08
2018-08-05, 16:19:26, 0.0, 7.41e-08
2018-08-05, 16:19:28, 0.0, 7.37e-08
2018-08-05, 16:19:30, 0.0, 7.4e-08
2018-08-05, 16:19:32, 0.0, 7.47e-08
2018-08-05, 16:19:34, 0.0, 7.4e-08
2018-08-05, 16:19:37, 0.0, 7.42e-08
2018-08-05, 16:19:39, 0.0, 7.39e-08
2018-08-05, 16:19:41, 0.0, 7.44e-08
2018-08-05, 16:19:43, 0.0, 7.43e-08
2018-08-05, 16:19:45, 0.0, 7.42e-08
2018-08-05, 16:19:47, 0.0, 7.39e-08
2018-08-05, 16:19:49, 0.0, 7.39e-08
2018-08-05, 16:19:51, 0.0, 7.42e-08
2018-08-05, 16:19:54, 0.0, 7.4e-08
2018-08-05, 16:19:56, 0.0, 7.37e-08
2018-08-05, 16:19:58, 0.0, 7.4e-08
2018-08-05, 16:20:00, 0.0, 7.45e-08
2018-08-05, 16:20:02, 0.0, 7.43e-08
2018-08-05, 16:20:04, 0.0, 7.36e-08
2018-08-05, 16:20:06, 0.0, 7.46e-08
2018-08-05, 16:20:08, 0.0, 7.4e-08
2018-08-05, 16:20:11, 0.0, 7.41e-08
2018-08-05, 16:20:13, 0.0, 7.36e-08
2018-08-05, 16:20:15, 0.0, 7.38e-08
2018-08-05, 16:20:17, 0.0, 7.39e-08
2018-08-05, 16:20:19, 0.0, 7.43e-08
2018-08-05, 16:20:21, 0.0, 7.41e-08
2018-08-05, 16:20:23, 0.0, 7.4e-08
2018-08-05, 16:20:25, 0.0, 7.39e-08
2018-08-05, 16:20:28, 0.0, 7.44e-08
2018-08-05, 16:20:30, 0.0, 7.37e-08
2018-08-05, 16:20:32, 0.0, 7.3e-08
2018-08-05, 16:20:34, 0.0, 7.42e-08
2018-08-05, 16:20:36, 0.0, 7.43e-08
2018-08-05, 16:20:38, 0.0, 7.48e-08
2018-08-05, 16:20:40, 0.0, 7.44e-08
2018-08-05, 16:20:42, 0.0, 7.37e-08
2018-08-05, 16:20:45, 0.0, 7.44e-08
2018-08-05, 16:20:47, 0.0, 7.39e-08
2018-08-05, 16:20:49, 0.0, 7.42e-08
2018-08-05, 16:20:51, 0.0, 7.36e-08
2018-08-05, 16:20:53, 0.0, 7.33e-08
2018-08-05, 16:20:55, 0.0, 7.35e-08
2018-08-05, 16:20:57, 0.0, 7.38e-08
2018-08-05, 16:20:59, 0.0, 7.41e-08
2018-08-05, 16:21:02, 0.0, 7.42e-08
2018-08-05, 16:21:04, 0.0, 7.38e-08
2018-08-05, 16:21:06, 0.0, 7.45e-08
2018-08-05, 16:21:08, 0.0, 7.43e-08
2018-08-05, 16:21:10, 0.0, 7.45e-08
2018-08-05, 16:21:12, 0.0, 7.42e-08
2018-08-05, 16:21:14, 0.0, 7.48e-08
2018-08-05, 16:21:16, 0.0, 7.45e-08
2018-08-05, 16:21:19, 0.0, 7.42e-08
2018-08-05, 16:21:21, 0.0, 7.45e-08
2018-08-05, 16:21:23, 0.0, 7.47e-08
2018-08-05, 16:21:25, 0.0, 7.44e-08
2018-08-05, 16:21:27, 0.0, 7.41e-08
2018-08-05, 16:21:29, 0.0, 7.46e-08
2018-08-05, 16:21:31, 0.0, 7.44e-08
2018-08-05, 16:21:33, 0.0, 7.46e-08
2018-08-05, 16:21:36, 0.0, 7.45e-08
2018-08-05, 16:21:38, 0.0, 7.39e-08
2018-08-05, 16:21:40, 0.0, 7.41e-08
2018-08-05, 16:21:42, 0.0, 7.47e-08
2018-08-05, 16:21:44, 0.0, 7.48e-08
2018-08-05, 16:21:46, 0.0, 7.39e-08
2018-08-05, 16:21:48, 0.0, 7.45e-08
2018-08-05, 16:21:51, 0.0, 7.4e-08
2018-08-05, 16:21:53, 0.0, 7.43e-08
2018-08-05, 16:21:55, 0.0, 7.45e-08
2018-08-05, 16:21:57, 0.0, 7.45e-08
2018-08-05, 16:21:59, 0.0, 7.49e-08
2018-08-05, 16:22:01, 0.0, 7.38e-08
2018-08-05, 16:22:03, 0.0, 7.41e-08
2018-08-05, 16:22:05, 0.0, 7.41e-08
2018-08-05, 16:22:08, 0.0, 7.44e-08
2018-08-05, 16:22:10, 0.0, 7.44e-08
2018-08-05, 16:22:12, 0.0, 7.41e-08
2018-08-05, 16:22:14, 0.0, 7.38e-08
2018-08-05, 16:22:16, 0.0, 7.36e-08
2018-08-05, 16:22:18, 0.0, 7.41e-08
2018-08-05, 16:22:20, 0.0, 7.48e-08
2018-08-05, 16:22:22, 0.0, 7.41e-08
2018-08-05, 16:22:25, 0.0, 7.43e-08
2018-08-05, 16:22:27, 0.0, 7.42e-08
2018-08-05, 16:22:29, 0.0, 7.39e-08
2018-08-05, 16:22:31, 0.0, 7.35e-08
2018-08-05, 16:22:33, 0.0, 7.41e-08
2018-08-05, 16:22:35, 0.0, 7.43e-08
2018-08-05, 16:22:37, 0.0, 7.41e-08
2018-08-05, 16:22:39, 0.0, 7.42e-08
2018-08-05, 16:22:42, 0.0, 7.4e-08
2018-08-05, 16:22:44, 0.0, 7.51e-08
2018-08-05, 16:22:46, 0.0, 7.41e-08
2018-08-05, 16:22:48, 0.0, 7.4e-08
2018-08-05, 16:22:50, 0.0, 7.44e-08
2018-08-05, 16:22:52, 0.0, 7.42e-08
2018-08-05, 16:22:54, 0.0, 7.44e-08
2018-08-05, 16:22:56, 0.0, 7.46e-08
2018-08-05, 16:22:59, 0.0, 7.41e-08
2018-08-05, 16:23:01, 0.0, 7.37e-08
2018-08-05, 16:23:03, 0.0, 7.41e-08
2018-08-05, 16:23:05, 0.0, 7.39e-08
2018-08-05, 16:23:07, 0.0, 7.4e-08
2018-08-05, 16:23:09, 0.0, 7.35e-08
2018-08-05, 16:23:11, 0.0, 7.32e-08
2018-08-05, 16:23:13, 0.0, 7.41e-08
2018-08-05, 16:23:16, 0.0, 7.38e-08
2018-08-05, 16:23:18, 0.0, 7.38e-08
2018-08-05, 16:23:20, 0.0, 7.4e-08
2018-08-05, 16:23:22, 0.0, 7.38e-08
2018-08-05, 16:23:24, 0.0, 7.41e-08
2018-08-05, 16:23:26, 0.0, 7.36e-08
2018-08-05, 16:23:28, 0.0, 7.43e-08
2018-08-05, 16:23:30, 0.0, 7.4e-08
2018-08-05, 16:23:33, 0.0, 7.42e-08
2018-08-05, 16:23:35, 0.0, 7.4e-08
2018-08-05, 16:23:37, 0.0, 7.4e-08
2018-08-05, 16:23:39, 0.0, 7.37e-08
2018-08-05, 16:23:41, 0.0, 7.38e-08
2018-08-05, 16:23:43, 0.0, 7.37e-08
2018-08-05, 16:23:45, 0.0, 7.38e-08
2018-08-05, 16:23:47, 0.0, 7.28e-08
2018-08-05, 16:23:50, 0.0, 7.31e-08
2018-08-05, 16:23:52, 0.0, 7.38e-08
2018-08-05, 16:23:54, 0.0, 7.39e-08
2018-08-05, 16:23:56, 0.0, 7.34e-08
2018-08-05, 16:23:58, 0.0, 7.41e-08
2018-08-05, 16:24:00, 0.0, 7.41e-08
2018-08-05, 16:24:02, 0.0, 7.38e-08
2018-08-05, 16:24:04, 0.0, 7.38e-08
2018-08-05, 16:24:07, 0.0, 7.35e-08
2018-08-05, 16:24:09, 0.0, 7.4e-08
2018-08-05, 16:24:11, 0.0, 7.4e-08
2018-08-05, 16:24:13, 0.0, 7.39e-08
2018-08-05, 16:24:15, 0.0, 7.4e-08
2018-08-05, 16:24:17, 0.0, 7.34e-08
2018-08-05, 16:24:19, 0.0, 7.39e-08
2018-08-05, 16:24:21, 0.0, 7.37e-08
2018-08-05, 16:24:24, 0.0, 7.38e-08
2018-08-05, 16:24:26, 0.0, 7.4e-08
2018-08-05, 16:24:28, 0.0, 7.39e-08
2018-08-05, 16:24:30, 0.0, 7.42e-08
2018-08-05, 16:24:32, 0.0, 7.41e-08
2018-08-05, 16:24:34, 0.0, 7.42e-08
2018-08-05, 16:24:36, 0.0, 7.41e-08
2018-08-05, 16:24:38, 0.0, 7.38e-08
2018-08-05, 16:24:41, 0.0, 7.38e-08
2018-08-05, 16:24:43, 0.0, 7.38e-08
2018-08-05, 16:24:45, 0.0, 7.42e-08
2018-08-05, 16:24:47, 0.0, 7.36e-08
2018-08-05, 16:24:49, 0.0, 7.43e-08
2018-08-05, 16:24:51, 0.0, 7.42e-08
2018-08-05, 16:24:53, 0.0, 7.38e-08
2018-08-05, 16:24:55, 0.0, 7.42e-08
2018-08-05, 16:24:58, 0.0, 7.34e-08
2018-08-05, 16:25:00, 0.0, 7.44e-08
2018-08-05, 16:25:02, 0.0, 7.47e-08
2018-08-05, 16:25:04, 0.0, 7.4e-08
2018-08-05, 16:25:06, 0.0, 7.35e-08
2018-08-05, 16:25:08, 0.0, 7.41e-08
2018-08-05, 16:25:10, 0.0, 7.37e-08
2018-08-05, 16:25:13, 0.0, 7.39e-08
2018-08-05, 16:25:15, 0.0, 7.37e-08
2018-08-05, 16:25:17, 0.0, 7.37e-08
2018-08-05, 16:25:19, 0.0, 7.41e-08
2018-08-05, 16:25:21, 0.0, 7.4e-08
2018-08-05, 16:25:23, 0.0, 7.41e-08
2018-08-05, 16:25:25, 0.0, 7.42e-08
2018-08-05, 16:25:27, 0.0, 7.42e-08
2018-08-05, 16:25:29, 0.0, 7.44e-08
2018-08-05, 16:25:32, 0.0, 7.36e-08
2018-08-05, 16:25:34, 0.0, 7.38e-08
2018-08-05, 16:25:36, 0.0, 7.39e-08
2018-08-05, 16:25:38, 0.0, 7.44e-08
2018-08-05, 16:25:40, 0.0, 7.42e-08
2018-08-05, 16:25:42, 0.0, 7.41e-08
2018-08-05, 16:25:44, 0.0, 7.4e-08
2018-08-05, 16:25:46, 0.0, 7.36e-08
2018-08-05, 16:25:49, 0.0, 7.42e-08
2018-08-05, 16:25:51, 0.0, 7.39e-08
2018-08-05, 16:25:53, 0.0, 7.46e-08
2018-08-05, 16:25:55, 0.0, 7.43e-08
2018-08-05, 16:25:57, 0.0, 7.46e-08
2018-08-05, 16:25:59, 0.0, 7.45e-08
2018-08-05, 16:26:01, 0.0, 7.4e-08
2018-08-05, 16:26:03, 0.0, 7.39e-08
2018-08-05, 16:26:06, 0.0, 7.45e-08
2018-08-05, 16:26:08, 0.0, 7.43e-08
2018-08-05, 16:26:10, 0.0, 7.39e-08
2018-08-05, 16:26:12, 0.0, 7.35e-08
2018-08-05, 16:26:14, 0.0, 7.43e-08
2018-08-05, 16:26:16, 0.0, 7.41e-08
2018-08-05, 16:26:18, 0.0, 7.34e-08
2018-08-05, 16:26:20, 0.0, 7.41e-08
2018-08-05, 16:26:23, 0.0, 7.37e-08
2018-08-05, 16:26:25, 0.0, 7.44e-08
2018-08-05, 16:26:27, 0.0, 7.44e-08
2018-08-05, 16:26:29, 0.0, 7.4e-08
2018-08-05, 16:26:31, 0.0, 7.42e-08
2018-08-05, 16:26:33, 0.0, 7.38e-08
2018-08-05, 16:26:35, 0.0, 7.42e-08
2018-08-05, 16:26:38, 0.0, 7.43e-08
2018-08-05, 16:26:40, 0.0, 7.44e-08
2018-08-05, 16:26:42, 0.0, 7.38e-08
2018-08-05, 16:26:44, 0.0, 7.39e-08
2018-08-05, 16:26:46, 0.0, 7.4e-08
2018-08-05, 16:26:48, 0.0, 7.39e-08
2018-08-05, 16:26:50, 0.0, 7.41e-08
2018-08-05, 16:26:52, 0.0, 7.36e-08
2018-08-05, 16:26:55, 0.0, 7.39e-08
2018-08-05, 16:26:57, 0.0, 7.45e-08
2018-08-05, 16:26:59, 0.0, 7.41e-08
2018-08-05, 16:27:01, 0.0, 7.39e-08
2018-08-05, 16:27:03, 0.0, 7.4e-08
2018-08-05, 16:27:05, 0.0, 7.37e-08
2018-08-05, 16:27:07, 0.0, 7.39e-08
2018-08-05, 16:27:09, 0.0, 7.43e-08
2018-08-05, 16:27:12, 0.0, 7.43e-08
2018-08-05, 16:27:14, 0.0, 7.38e-08
2018-08-05, 16:27:16, 0.0, 7.43e-08
2018-08-05, 16:27:18, 0.0, 7.42e-08
2018-08-05, 16:27:20, 0.0, 7.41e-08
2018-08-05, 16:27:22, 0.0, 7.38e-08
2018-08-05, 16:27:24, 0.0, 7.42e-08
2018-08-05, 16:27:26, 0.0, 7.42e-08
2018-08-05, 16:27:29, 0.0, 7.47e-08
2018-08-05, 16:27:31, 0.0, 7.38e-08
2018-08-05, 16:27:33, 0.0, 7.41e-08
2018-08-05, 16:27:35, 0.0, 7.43e-08
2018-08-05, 16:27:37, 0.0, 7.47e-08
2018-08-05, 16:27:39, 0.0, 7.42e-08
2018-08-05, 16:27:41, 0.0, 7.41e-08
2018-08-05, 16:27:43, 0.0, 7.45e-08
2018-08-05, 16:27:46, 0.0, 7.42e-08
2018-08-05, 16:27:48, 0.0, 7.4e-08
2018-08-05, 16:27:50, 0.0, 7.48e-08
2018-08-05, 16:27:52, 0.0, 7.41e-08
2018-08-05, 16:27:54, 0.0, 7.43e-08
2018-08-05, 16:27:56, 0.0, 7.45e-08
2018-08-05, 16:27:58, 0.0, 7.39e-08
2018-08-05, 16:28:00, 0.0, 7.46e-08
2018-08-05, 16:28:03, 0.0, 7.47e-08
2018-08-05, 16:28:05, 0.0, 7.48e-08
2018-08-05, 16:28:07, 0.0, 7.39e-08
2018-08-05, 16:28:09, 0.0, 7.43e-08
2018-08-05, 16:28:11, 0.0, 7.4e-08
2018-08-05, 16:28:13, 0.0, 7.47e-08
2018-08-05, 16:28:15, 0.0, 7.39e-08
2018-08-05, 16:28:17, 0.0, 7.41e-08
2018-08-05, 16:28:20, 0.0, 7.4e-08
2018-08-05, 16:28:22, 0.0, 7.45e-08
2018-08-05, 16:28:24, 0.0, 7.46e-08
2018-08-05, 16:28:26, 0.0, 7.4e-08
2018-08-05, 16:28:28, 0.0, 7.41e-08
2018-08-05, 16:28:30, 0.0, 7.42e-08
2018-08-05, 16:28:32, 0.0, 7.44e-08
2018-08-05, 16:28:34, 0.0, 7.42e-08
2018-08-05, 16:28:37, 0.0, 7.44e-08
2018-08-05, 16:28:39, 0.0, 7.44e-08
2018-08-05, 16:28:41, 0.0, 7.39e-08
2018-08-05, 16:28:43, 0.0, 7.38e-08
2018-08-05, 16:28:45, 0.0, 7.43e-08
2018-08-05, 16:28:47, 0.0, 7.45e-08
2018-08-05, 16:28:49, 0.0, 7.4e-08
2018-08-05, 16:28:51, 0.0, 7.44e-08
2018-08-05, 16:28:54, 0.0, 7.44e-08
2018-08-05, 16:28:56, 0.0, 7.44e-08
2018-08-05, 16:28:58, 0.0, 7.44e-08
2018-08-05, 16:29:00, 0.0, 7.38e-08
2018-08-05, 16:29:02, 0.0, 7.38e-08
2018-08-05, 16:29:04, 0.0, 7.43e-08
2018-08-05, 16:29:06, 0.0, 7.42e-08
2018-08-05, 16:29:08, 0.0, 7.42e-08
2018-08-05, 16:29:11, 0.0, 7.4e-08
2018-08-05, 16:29:13, 0.0, 7.41e-08
2018-08-05, 16:29:15, 0.0, 7.41e-08
2018-08-05, 16:29:17, 0.0, 7.47e-08
2018-08-05, 16:29:19, 0.0, 7.45e-08
2018-08-05, 16:29:21, 0.0, 7.43e-08
2018-08-05, 16:29:23, 0.0, 7.43e-08
2018-08-05, 16:29:25, 0.0, 7.46e-08
2018-08-05, 16:29:28, 0.0, 7.47e-08
2018-08-05, 16:29:30, 0.0, 7.41e-08
2018-08-05, 16:29:32, 0.0, 7.48e-08
2018-08-05, 16:29:34, 0.0, 7.5e-08
2018-08-05, 16:29:36, 0.0, 7.43e-08
2018-08-05, 16:29:38, 0.0, 7.43e-08
2018-08-05, 16:29:40, 0.0, 7.47e-08
2018-08-05, 16:29:42, 0.0, 7.42e-08
2018-08-05, 16:29:45, 0.0, 7.47e-08
2018-08-05, 16:29:47, 0.0, 7.38e-08
2018-08-05, 16:29:49, 0.0, 7.42e-08
2018-08-05, 16:29:51, 0.0, 7.38e-08
2018-08-05, 16:29:53, 0.0, 7.44e-08
2018-08-05, 16:29:55, 0.0, 7.45e-08
2018-08-05, 16:29:57, 0.0, 7.43e-08
2018-08-05, 16:29:59, 0.0, 7.42e-08
2018-08-05, 16:30:02, 0.0, 7.41e-08
2018-08-05, 16:30:04, 0.0, 7.41e-08
2018-08-05, 16:30:06, 0.0, 7.42e-08
2018-08-05, 16:30:08, 0.0, 7.39e-08
2018-08-05, 16:30:10, 0.0, 7.46e-08
2018-08-05, 16:30:12, 0.0, 7.47e-08
2018-08-05, 16:30:14, 0.0, 7.41e-08
2018-08-05, 16:30:17, 0.0, 7.41e-08
2018-08-05, 16:30:19, 0.0, 7.47e-08
2018-08-05, 16:30:21, 0.0, 7.42e-08
2018-08-05, 16:30:23, 0.0, 7.39e-08
2018-08-05, 16:30:25, 0.0, 7.36e-08
2018-08-05, 16:30:27, 0.0, 7.39e-08
2018-08-05, 16:30:29, 0.0, 7.4e-08
2018-08-05, 16:30:31, 0.0, 7.46e-08
2018-08-05, 16:30:34, 0.0, 7.44e-08
2018-08-05, 16:30:36, 0.0, 7.34e-08
2018-08-05, 16:30:38, 0.0, 7.36e-08
2018-08-05, 16:30:40, 0.0, 7.41e-08
2018-08-05, 16:30:42, 0.0, 7.44e-08
2018-08-05, 16:30:44, 0.0, 7.4e-08
2018-08-05, 16:30:46, 0.0, 7.39e-08
2018-08-05, 16:30:48, 0.0, 7.35e-08
2018-08-05, 16:30:51, 0.0, 7.45e-08
2018-08-05, 16:30:53, 0.0, 7.45e-08
2018-08-05, 16:30:55, 0.0, 7.46e-08
2018-08-05, 16:30:57, 0.0, 7.36e-08
2018-08-05, 16:30:59, 0.0, 7.39e-08
2018-08-05, 16:31:01, 0.0, 7.4e-08
2018-08-05, 16:31:03, 0.0, 7.47e-08
2018-08-05, 16:31:05, 0.0, 7.4e-08
2018-08-05, 16:31:08, 0.0, 7.36e-08
2018-08-05, 16:31:10, 0.0, 7.4e-08
2018-08-05, 16:31:12, 0.0, 7.45e-08
2018-08-05, 16:31:14, 0.0, 7.4e-08
2018-08-05, 16:31:16, 0.0, 7.42e-08
2018-08-05, 16:31:18, 0.0, 7.35e-08
2018-08-05, 16:31:20, 0.0, 7.45e-08
2018-08-05, 16:31:23, 0.0, 7.49e-08
2018-08-05, 16:31:25, 0.0, 7.38e-08
2018-08-05, 16:31:27, 0.0, 7.44e-08
2018-08-05, 16:31:29, 0.0, 7.4e-08
2018-08-05, 16:31:31, 0.0, 7.38e-08
2018-08-05, 16:31:33, 0.0, 7.39e-08
2018-08-05, 16:31:35, 0.0, 7.34e-08
2018-08-05, 16:31:37, 0.0, 7.41e-08
2018-08-05, 16:31:40, 0.0, 7.37e-08
2018-08-05, 16:31:42, 0.0, 7.37e-08
2018-08-05, 16:31:44, 0.0, 7.35e-08
2018-08-05, 16:31:46, 0.0, 7.35e-08
2018-08-05, 16:31:48, 0.0, 7.4e-08
2018-08-05, 16:31:50, 0.0, 7.41e-08
2018-08-05, 16:31:52, 0.0, 7.42e-08
2018-08-05, 16:31:54, 0.0, 7.39e-08
2018-08-05, 16:31:57, 0.0, 7.45e-08
2018-08-05, 16:31:59, 0.0, 7.42e-08
2018-08-05, 16:32:01, 0.0, 7.43e-08
2018-08-05, 16:32:03, 0.0, 7.41e-08
2018-08-05, 16:32:05, 0.0, 7.45e-08
2018-08-05, 16:32:07, 0.0, 7.43e-08
2018-08-05, 16:32:09, 0.0, 7.43e-08
2018-08-05, 16:32:11, 0.0, 7.45e-08
2018-08-05, 16:32:14, 0.0, 7.45e-08
2018-08-05, 16:32:16, 0.0, 7.37e-08
2018-08-05, 16:32:18, 0.0, 7.42e-08
2018-08-05, 16:32:20, 0.0, 7.42e-08
2018-08-05, 16:32:22, 0.0, 7.45e-08
2018-08-05, 16:32:24, 0.0, 7.42e-08
2018-08-05, 16:32:26, 0.0, 7.48e-08
2018-08-05, 16:32:28, 0.0, 7.48e-08
2018-08-05, 16:32:31, 0.0, 7.45e-08
2018-08-05, 16:32:33, 0.0, 7.39e-08
2018-08-05, 16:32:35, 0.0, 7.38e-08
2018-08-05, 16:32:37, 0.0, 7.47e-08
2018-08-05, 16:32:39, 0.0, 7.46e-08
2018-08-05, 16:32:41, 0.0, 7.44e-08
2018-08-05, 16:32:43, 0.0, 7.46e-08
2018-08-05, 16:32:45, 0.0, 7.46e-08
2018-08-05, 16:32:48, 0.0, 7.42e-08
2018-08-05, 16:32:50, 0.0, 7.41e-08
2018-08-05, 16:32:52, 0.0, 7.49e-08
2018-08-05, 16:32:54, 0.0, 7.4e-08
2018-08-05, 16:32:56, 0.0, 7.38e-08
2018-08-05, 16:32:58, 0.0, 7.38e-08
2018-08-05, 16:33:00, 0.0, 7.49e-08
2018-08-05, 16:33:02, 0.0, 7.48e-08
2018-08-05, 16:33:05, 0.0, 7.41e-08
2018-08-05, 16:33:07, 0.0, 7.37e-08
2018-08-05, 16:33:09, 0.0, 7.41e-08
2018-08-05, 16:33:11, 0.0, 7.38e-08
2018-08-05, 16:33:13, 0.0, 7.44e-08
2018-08-05, 16:33:15, 0.0, 7.45e-08
2018-08-05, 16:33:17, 0.0, 7.42e-08
2018-08-05, 16:33:19, 0.0, 7.41e-08
2018-08-05, 16:33:22, 0.0, 7.44e-08
2018-08-05, 16:33:24, 0.0, 7.45e-08
2018-08-05, 16:33:26, 0.0, 7.42e-08
2018-08-05, 16:33:28, 0.0, 7.38e-08
2018-08-05, 16:33:30, 0.0, 7.39e-08
2018-08-05, 16:33:32, 0.0, 7.43e-08
2018-08-05, 16:33:34, 0.0, 7.46e-08
2018-08-05, 16:33:36, 0.0, 7.45e-08
2018-08-05, 16:33:39, 0.0, 7.44e-08
2018-08-05, 16:33:41, 0.0, 7.46e-08
2018-08-05, 16:33:43, 0.0, 7.44e-08
2018-08-05, 16:33:45, 0.0, 7.49e-08
2018-08-05, 16:33:47, 0.0, 7.45e-08
2018-08-05, 16:33:49, 0.0, 7.43e-08
2018-08-05, 16:33:51, 0.0, 7.45e-08
2018-08-05, 16:33:53, 0.0, 7.39e-08
2018-08-05, 16:33:56, 0.0, 7.45e-08
2018-08-05, 16:33:58, 0.0, 7.38e-08
2018-08-05, 16:34:00, 0.0, 7.45e-08
2018-08-05, 16:34:02, 0.0, 7.39e-08
2018-08-05, 16:34:04, 0.0, 7.44e-08
2018-08-05, 16:34:06, 0.0, 7.41e-08
2018-08-05, 16:34:08, 0.0, 7.4e-08
2018-08-05, 16:34:10, 0.0, 7.37e-08
2018-08-05, 16:34:13, 0.0, 7.42e-08
2018-08-05, 16:34:15, 0.0, 7.41e-08
2018-08-05, 16:34:17, 0.0, 7.43e-08
2018-08-05, 16:34:19, 0.0, 7.4e-08
2018-08-05, 16:34:21, 0.0, 7.43e-08
2018-08-05, 16:34:23, 0.0, 7.43e-08
2018-08-05, 16:34:25, 0.0, 7.31e-08
2018-08-05, 16:34:27, 0.0, 7.43e-08
2018-08-05, 16:34:30, 0.0, 7.36e-08
2018-08-05, 16:34:32, 0.0, 7.41e-08
2018-08-05, 16:34:34, 0.0, 7.36e-08
2018-08-05, 16:34:36, 0.0, 7.38e-08
2018-08-05, 16:34:38, 0.0, 7.45e-08
2018-08-05, 16:34:40, 0.0, 7.35e-08
2018-08-05, 16:34:42, 0.0, 7.47e-08
2018-08-05, 16:34:44, 0.0, 7.36e-08
2018-08-05, 16:34:47, 0.0, 7.38e-08
2018-08-05, 16:34:49, 0.0, 7.41e-08
2018-08-05, 16:34:51, 0.0, 7.36e-08
2018-08-05, 16:34:53, 0.0, 7.39e-08
2018-08-05, 16:34:55, 0.0, 7.37e-08
2018-08-05, 16:34:57, 0.0, 7.35e-08
2018-08-05, 16:34:59, 0.0, 7.42e-08
2018-08-05, 16:35:01, 0.0, 7.35e-08
2018-08-05, 16:35:04, 0.0, 7.4e-08
2018-08-05, 16:35:06, 0.0, 7.42e-08
2018-08-05, 16:35:08, 0.0, 7.38e-08
2018-08-05, 16:35:10, 0.0, 7.39e-08
2018-08-05, 16:35:12, 0.0, 7.38e-08
2018-08-05, 16:35:14, 0.0, 7.43e-08
2018-08-05, 16:35:16, 0.0, 7.39e-08
2018-08-05, 16:35:18, 0.0, 7.44e-08
2018-08-05, 16:35:21, 0.0, 7.41e-08
2018-08-05, 16:35:23, 0.0, 7.41e-08
2018-08-05, 16:35:25, 0.0, 7.42e-08
2018-08-05, 16:35:27, 0.0, 7.42e-08
2018-08-05, 16:35:29, 0.0, 7.43e-08
2018-08-05, 16:35:31, 0.0, 7.47e-08
2018-08-05, 16:35:33, 0.0, 7.45e-08
2018-08-05, 16:35:35, 0.0, 7.45e-08
2018-08-05, 16:35:38, 0.0, 7.45e-08
2018-08-05, 16:35:40, 0.0, 7.41e-08
2018-08-05, 16:35:42, 0.0, 7.43e-08
2018-08-05, 16:35:44, 0.0, 7.49e-08
2018-08-05, 16:35:46, 0.0, 7.42e-08
2018-08-05, 16:35:48, 0.0, 7.42e-08
2018-08-05, 16:35:50, 0.0, 7.36e-08
2018-08-05, 16:35:53, 0.0, 7.44e-08
2018-08-05, 16:35:55, 0.0, 7.43e-08
2018-08-05, 16:35:57, 0.0, 7.44e-08
2018-08-05, 16:35:59, 0.0, 7.47e-08
2018-08-05, 16:36:01, 0.0, 7.38e-08
2018-08-05, 16:36:03, 0.0, 7.41e-08
2018-08-05, 16:36:05, 0.0, 7.39e-08
2018-08-05, 16:36:07, 0.0, 7.45e-08
2018-08-05, 16:36:10, 0.0, 7.43e-08
2018-08-05, 16:36:12, 0.0, 7.4e-08
2018-08-05, 16:36:14, 0.0, 7.42e-08
2018-08-05, 16:36:16, 0.0, 7.4e-08
2018-08-05, 16:36:18, 0.0, 7.42e-08
2018-08-05, 16:36:20, 0.0, 7.45e-08
2018-08-05, 16:36:22, 0.0, 7.47e-08
2018-08-05, 16:36:24, 0.0, 7.46e-08
2018-08-05, 16:36:27, 0.0, 7.43e-08
2018-08-05, 16:36:29, 0.0, 7.38e-08
2018-08-05, 16:36:31, 0.0, 7.34e-08
2018-08-05, 16:36:33, 0.0, 7.41e-08
2018-08-05, 16:36:35, 0.0, 7.4e-08
2018-08-05, 16:36:37, 0.0, 7.46e-08
2018-08-05, 16:36:39, 0.0, 7.44e-08
2018-08-05, 16:36:41, 0.0, 7.43e-08
2018-08-05, 16:36:44, 0.0, 7.37e-08
2018-08-05, 16:36:46, 0.0, 7.36e-08
2018-08-05, 16:36:48, 0.0, 7.39e-08
2018-08-05, 16:36:50, 0.0, 7.4e-08
2018-08-05, 16:36:52, 0.0, 7.4e-08
2018-08-05, 16:36:54, 0.0, 7.47e-08
2018-08-05, 16:36:56, 0.0, 7.41e-08
2018-08-05, 16:36:58, 0.0, 7.45e-08
2018-08-05, 16:37:01, 0.0, 7.46e-08
2018-08-05, 16:37:03, 0.0, 7.44e-08
2018-08-05, 16:37:05, 0.0, 7.42e-08
2018-08-05, 16:37:07, 0.0, 7.4e-08
2018-08-05, 16:37:09, 0.0, 7.41e-08
2018-08-05, 16:37:11, 0.0, 7.43e-08
2018-08-05, 16:37:13, 0.0, 7.42e-08
2018-08-05, 16:37:16, 0.0, 7.42e-08
2018-08-05, 16:37:18, 0.0, 7.44e-08
2018-08-05, 16:37:20, 0.0, 7.47e-08
2018-08-05, 16:37:22, 0.0, 7.43e-08
2018-08-05, 16:37:24, 0.0, 7.4e-08
2018-08-05, 16:37:26, 0.0, 7.44e-08
2018-08-05, 16:37:28, 0.0, 7.34e-08
2018-08-05, 16:37:30, 0.0, 7.42e-08
2018-08-05, 16:37:33, 0.0, 7.39e-08
2018-08-05, 16:37:35, 0.0, 7.41e-08
2018-08-05, 16:37:37, 0.0, 7.39e-08
2018-08-05, 16:37:39, 0.0, 7.41e-08
2018-08-05, 16:37:41, 0.0, 7.38e-08
2018-08-05, 16:37:43, 0.0, 7.42e-08
2018-08-05, 16:37:45, 0.0, 7.41e-08
2018-08-05, 16:37:47, 0.0, 7.39e-08
2018-08-05, 16:37:50, 0.0, 7.41e-08
2018-08-05, 16:37:52, 0.0, 7.42e-08
2018-08-05, 16:37:54, 0.0, 7.42e-08
2018-08-05, 16:37:56, 0.0, 7.4e-08
2018-08-05, 16:37:58, 0.0, 7.39e-08
2018-08-05, 16:38:00, 0.0, 7.39e-08
2018-08-05, 16:38:02, 0.0, 7.39e-08
2018-08-05, 16:38:04, 0.0, 7.46e-08
2018-08-05, 16:38:07, 0.0, 7.41e-08
2018-08-05, 16:38:09, 0.0, 7.5e-08
2018-08-05, 16:38:11, 0.0, 7.44e-08
2018-08-05, 16:38:13, 0.0, 7.48e-08
2018-08-05, 16:38:15, 0.0, 7.47e-08
2018-08-05, 16:38:17, 0.0, 7.39e-08
2018-08-05, 16:38:19, 0.0, 7.49e-08
2018-08-05, 16:38:21, 0.0, 7.43e-08
2018-08-05, 16:38:24, 0.0, 7.39e-08
2018-08-05, 16:38:26, 0.0, 7.41e-08
2018-08-05, 16:38:28, 0.0, 7.47e-08
2018-08-05, 16:38:30, 0.0, 7.46e-08
2018-08-05, 16:38:32, 0.0, 7.39e-08
2018-08-05, 16:38:34, 0.0, 7.4e-08
2018-08-05, 16:38:36, 0.0, 7.36e-08
2018-08-05, 16:38:38, 0.0, 7.4e-08
2018-08-05, 16:38:41, 0.0, 7.39e-08
2018-08-05, 16:38:43, 0.0, 7.38e-08
2018-08-05, 16:38:45, 0.0, 7.33e-08
2018-08-05, 16:38:47, 0.0, 7.36e-08
2018-08-05, 16:38:49, 0.0, 7.41e-08
2018-08-05, 16:38:51, 0.0, 7.42e-08
2018-08-05, 16:38:53, 0.0, 7.45e-08
2018-08-05, 16:38:55, 0.0, 7.35e-08
2018-08-05, 16:38:58, 0.0, 7.38e-08
2018-08-05, 16:39:00, 0.0, 7.37e-08
2018-08-05, 16:39:02, 0.0, 7.38e-08
2018-08-05, 16:39:04, 0.0, 7.35e-08
2018-08-05, 16:39:06, 0.0, 7.39e-08
2018-08-05, 16:39:08, 0.0, 7.4e-08
2018-08-05, 16:39:10, 0.0, 7.42e-08
2018-08-05, 16:39:12, 0.0, 7.46e-08
2018-08-05, 16:39:15, 0.0, 7.4e-08
2018-08-05, 16:39:17, 0.0, 7.4e-08
2018-08-05, 16:39:19, 0.0, 7.38e-08
2018-08-05, 16:39:21, 0.0, 7.43e-08
2018-08-05, 16:39:23, 0.0, 7.48e-08
2018-08-05, 16:39:25, 0.0, 7.41e-08
2018-08-05, 16:39:27, 0.0, 7.42e-08
2018-08-05, 16:39:29, 0.0, 7.43e-08
2018-08-05, 16:39:32, 0.0, 7.48e-08
2018-08-05, 16:39:34, 0.0, 7.41e-08
2018-08-05, 16:39:36, 0.0, 7.41e-08
2018-08-05, 16:39:38, 0.0, 7.37e-08
2018-08-05, 16:39:40, 0.0, 7.42e-08
2018-08-05, 16:39:42, 0.0, 7.42e-08
2018-08-05, 16:39:44, 0.0, 7.37e-08
2018-08-05, 16:39:46, 0.0, 7.43e-08
2018-08-05, 16:39:49, 0.0, 7.33e-08
2018-08-05, 16:39:51, 0.0, 7.3e-08
2018-08-05, 16:39:53, 0.0, 7.39e-08
2018-08-05, 16:39:55, 0.0, 7.43e-08
2018-08-05, 16:39:57, 0.0, 7.38e-08
2018-08-05, 16:39:59, 0.0, 7.35e-08
2018-08-05, 16:40:01, 0.0, 7.43e-08
2018-08-05, 16:40:03, 0.0, 7.39e-08
2018-08-05, 16:40:06, 0.0, 7.45e-08
2018-08-05, 16:40:08, 0.0, 7.49e-08
2018-08-05, 16:40:10, 0.0, 7.38e-08
2018-08-05, 16:40:12, 0.0, 7.41e-08
2018-08-05, 16:40:14, 0.0, 7.42e-08
2018-08-05, 16:40:16, 0.0, 7.39e-08
2018-08-05, 16:40:18, 0.0, 7.42e-08
2018-08-05, 16:40:20, 0.0, 7.42e-08
2018-08-05, 16:40:23, 0.0, 7.46e-08
2018-08-05, 16:40:25, 0.0, 7.45e-08
2018-08-05, 16:40:27, 0.0, 7.38e-08
2018-08-05, 16:40:29, 0.0, 7.4e-08
2018-08-05, 16:40:31, 0.0, 7.36e-08
2018-08-05, 16:40:33, 0.0, 7.39e-08
2018-08-05, 16:40:35, 0.0, 7.43e-08
2018-08-05, 16:40:37, 0.0, 7.45e-08
2018-08-05, 16:40:40, 0.0, 7.46e-08
2018-08-05, 16:40:42, 0.0, 7.41e-08
2018-08-05, 16:40:44, 0.0, 7.43e-08
2018-08-05, 16:40:46, 0.0, 7.46e-08
2018-08-05, 16:40:48, 0.0, 7.39e-08
2018-08-05, 16:40:50, 0.0, 7.35e-08
2018-08-05, 16:40:52, 0.0, 7.36e-08
2018-08-05, 16:40:54, 0.0, 7.38e-08
2018-08-05, 16:40:57, 0.0, 7.4e-08
2018-08-05, 16:40:59, 0.0, 7.36e-08
2018-08-05, 16:41:01, 0.0, 7.39e-08
2018-08-05, 16:41:03, 0.0, 7.34e-08
2018-08-05, 16:41:05, 0.0, 7.34e-08
2018-08-05, 16:41:07, 0.0, 7.39e-08
2018-08-05, 16:41:09, 0.0, 7.37e-08
2018-08-05, 16:41:11, 0.0, 7.38e-08
2018-08-05, 16:41:14, 0.0, 7.36e-08
2018-08-05, 16:41:16, 0.0, 7.36e-08
2018-08-05, 16:41:18, 0.0, 7.38e-08
2018-08-05, 16:41:20, 0.0, 7.4e-08
2018-08-05, 16:41:22, 0.0, 7.41e-08
2018-08-05, 16:41:24, 0.0, 7.37e-08
2018-08-05, 16:41:26, 0.0, 7.4e-08
2018-08-05, 16:41:29, 0.0, 7.3e-08
2018-08-05, 16:41:31, 0.0, 7.39e-08
2018-08-05, 16:41:33, 0.0, 7.39e-08
2018-08-05, 16:41:35, 0.0, 7.45e-08
2018-08-05, 16:41:37, 0.0, 7.41e-08
2018-08-05, 16:41:39, 0.0, 7.44e-08
2018-08-05, 16:41:41, 0.0, 7.37e-08
2018-08-05, 16:41:43, 0.0, 7.35e-08
2018-08-05, 16:41:46, 0.0, 7.38e-08
2018-08-05, 16:41:48, 0.0, 7.41e-08
2018-08-05, 16:41:50, 0.0, 7.43e-08
2018-08-05, 16:41:52, 0.0, 7.37e-08
2018-08-05, 16:41:54, 0.0, 7.38e-08
2018-08-05, 16:41:56, 0.0, 7.4e-08
2018-08-05, 16:41:58, 0.0, 7.38e-08
2018-08-05, 16:42:00, 0.0, 7.43e-08
2018-08-05, 16:42:03, 0.0, 7.42e-08
2018-08-05, 16:42:05, 0.0, 7.4e-08
2018-08-05, 16:42:07, 0.0, 7.33e-08
2018-08-05, 16:42:09, 0.0, 7.38e-08
2018-08-05, 16:42:11, 0.0, 7.42e-08
2018-08-05, 16:42:13, 0.0, 7.46e-08
2018-08-05, 16:42:15, 0.0, 7.37e-08
2018-08-05, 16:42:17, 0.0, 7.4e-08
2018-08-05, 16:42:20, 0.0, 7.42e-08
2018-08-05, 16:42:22, 0.0, 7.34e-08
2018-08-05, 16:42:24, 0.0, 7.39e-08
2018-08-05, 16:42:26, 0.0, 7.46e-08
2018-08-05, 16:42:28, 0.0, 7.37e-08
2018-08-05, 16:42:30, 0.0, 7.46e-08
2018-08-05, 16:42:32, 0.0, 7.44e-08
2018-08-05, 16:42:34, 0.0, 7.42e-08
2018-08-05, 16:42:37, 0.0, 7.44e-08
2018-08-05, 16:42:39, 0.0, 7.43e-08
2018-08-05, 16:42:41, 0.0, 7.42e-08
2018-08-05, 16:42:43, 0.0, 7.36e-08
2018-08-05, 16:42:45, 0.0, 7.39e-08
2018-08-05, 16:42:47, 0.0, 7.42e-08
2018-08-05, 16:42:49, 0.0, 7.39e-08
2018-08-05, 16:42:52, 0.0, 7.35e-08
2018-08-05, 16:42:54, 0.0, 7.37e-08
2018-08-05, 16:42:56, 0.0, 7.43e-08
2018-08-05, 16:42:58, 0.0, 7.46e-08
2018-08-05, 16:43:00, 0.0, 7.34e-08
2018-08-05, 16:43:02, 0.0, 7.38e-08
2018-08-05, 16:43:04, 0.0, 7.36e-08
2018-08-05, 16:43:06, 0.0, 7.39e-08
2018-08-05, 16:43:09, 0.0, 7.36e-08
2018-08-05, 16:43:11, 0.0, 7.38e-08
2018-08-05, 16:43:13, 0.0, 7.39e-08
2018-08-05, 16:43:15, 0.0, 7.46e-08
2018-08-05, 16:43:17, 0.0, 7.34e-08
2018-08-05, 16:43:19, 0.0, 7.36e-08
2018-08-05, 16:43:21, 0.0, 7.35e-08
2018-08-05, 16:43:23, 0.0, 7.31e-08
2018-08-05, 16:43:26, 0.0, 7.44e-08
2018-08-05, 16:43:28, 0.0, 7.41e-08
2018-08-05, 16:43:30, 0.0, 7.36e-08
2018-08-05, 16:43:32, 0.0, 7.28e-08
2018-08-05, 16:43:34, 0.0, 7.4e-08
2018-08-05, 16:43:36, 0.0, 7.38e-08
2018-08-05, 16:43:38, 0.0, 7.34e-08
2018-08-05, 16:43:40, 0.0, 7.34e-08
2018-08-05, 16:43:43, 0.0, 7.31e-08
2018-08-05, 16:43:45, 0.0, 7.37e-08
2018-08-05, 16:43:47, 0.0, 7.35e-08
2018-08-05, 16:43:49, 0.0, 7.3e-08
2018-08-05, 16:43:51, 0.0, 7.3e-08
2018-08-05, 16:43:53, 0.0, 7.41e-08
2018-08-05, 16:43:55, 0.0, 7.36e-08
2018-08-05, 16:43:57, 0.0, 7.34e-08
2018-08-05, 16:44:00, 0.0, 7.34e-08
2018-08-05, 16:44:02, 0.0, 7.35e-08
2018-08-05, 16:44:04, 0.0, 7.38e-08
2018-08-05, 16:44:06, 0.0, 7.45e-08
2018-08-05, 16:44:08, 0.0, 7.38e-08
2018-08-05, 16:44:10, 0.0, 7.33e-08
2018-08-05, 16:44:12, 0.0, 7.34e-08
2018-08-05, 16:44:14, 0.0, 7.38e-08
2018-08-05, 16:44:17, 0.0, 7.4e-08
2018-08-05, 16:44:19, 0.0, 7.37e-08
2018-08-05, 16:44:21, 0.0, 7.41e-08
2018-08-05, 16:44:23, 0.0, 7.3e-08
2018-08-05, 16:44:25, 0.0, 7.29e-08
2018-08-05, 16:44:27, 0.0, 7.3e-08
2018-08-05, 16:44:29, 0.0, 7.38e-08
2018-08-05, 16:44:31, 0.0, 7.42e-08
2018-08-05, 16:44:34, 0.0, 7.32e-08
2018-08-05, 16:44:36, 0.0, 7.3e-08
2018-08-05, 16:44:38, 0.0, 7.41e-08
2018-08-05, 16:44:40, 0.0, 7.35e-08
2018-08-05, 16:44:42, 0.0, 7.44e-08
2018-08-05, 16:44:44, 0.0, 7.37e-08
2018-08-05, 16:44:46, 0.0, 7.35e-08
2018-08-05, 16:44:48, 0.0, 7.37e-08
2018-08-05, 16:44:51, 0.0, 7.41e-08
2018-08-05, 16:44:53, 0.0, 7.41e-08
2018-08-05, 16:44:55, 0.0, 7.37e-08
2018-08-05, 16:44:57, 0.0, 7.39e-08
2018-08-05, 16:44:59, 0.0, 7.36e-08
2018-08-05, 16:45:01, 0.0, 7.41e-08
2018-08-05, 16:45:03, 0.0, 7.38e-08
2018-08-05, 16:45:05, 0.0, 7.41e-08
2018-08-05, 16:45:08, 0.0, 7.39e-08
2018-08-05, 16:45:10, 0.0, 7.41e-08
2018-08-05, 16:45:12, 0.0, 7.36e-08
2018-08-05, 16:45:14, 0.0, 7.46e-08
2018-08-05, 16:45:16, 0.0, 7.39e-08
2018-08-05, 16:45:18, 0.0, 7.39e-08
2018-08-05, 16:45:20, 0.0, 7.36e-08
2018-08-05, 16:45:22, 0.0, 7.3e-08
2018-08-05, 16:45:25, 0.0, 7.32e-08
2018-08-05, 16:45:27, 0.0, 7.37e-08
2018-08-05, 16:45:29, 0.0, 7.39e-08
2018-08-05, 16:45:31, 0.0, 7.38e-08
2018-08-05, 16:45:33, 0.0, 7.38e-08
2018-08-05, 16:45:35, 0.0, 7.36e-08
2018-08-05, 16:45:37, 0.0, 7.43e-08
2018-08-05, 16:45:40, 0.0, 7.35e-08
2018-08-05, 16:45:42, 0.0, 7.3e-08
2018-08-05, 16:45:44, 0.0, 7.38e-08
2018-08-05, 16:45:46, 0.0, 7.36e-08
2018-08-05, 16:45:48, 0.0, 7.34e-08
2018-08-05, 16:45:50, 0.0, 7.35e-08
2018-08-05, 16:45:52, 0.0, 7.32e-08
2018-08-05, 16:45:54, 0.0, 7.32e-08
2018-08-05, 16:45:57, 0.0, 7.39e-08
2018-08-05, 16:45:59, 0.0, 7.35e-08
2018-08-05, 16:46:01, 0.0, 7.36e-08
2018-08-05, 16:46:03, 0.0, 7.33e-08
2018-08-05, 16:46:05, 0.0, 7.39e-08
2018-08-05, 16:46:07, 0.0, 7.34e-08
2018-08-05, 16:46:09, 0.0, 7.37e-08
2018-08-05, 16:46:11, 0.0, 7.31e-08
2018-08-05, 16:46:14, 0.0, 7.37e-08
2018-08-05, 16:46:16, 0.0, 7.35e-08
2018-08-05, 16:46:18, 0.0, 7.34e-08
2018-08-05, 16:46:20, 0.0, 7.37e-08
2018-08-05, 16:46:22, 0.0, 7.37e-08
2018-08-05, 16:46:24, 0.0, 7.36e-08
2018-08-05, 16:46:26, 0.0, 7.35e-08
2018-08-05, 16:46:28, 0.0, 7.37e-08
2018-08-05, 16:46:31, 0.0, 7.39e-08
2018-08-05, 16:46:33, 0.0, 7.37e-08
2018-08-05, 16:46:35, 0.0, 7.43e-08
2018-08-05, 16:46:37, 0.0, 7.37e-08
2018-08-05, 16:46:39, 0.0, 7.32e-08
2018-08-05, 16:46:41, 0.0, 7.35e-08
2018-08-05, 16:46:43, 0.0, 7.4e-08
2018-08-05, 16:46:45, 0.0, 7.37e-08
2018-08-05, 16:46:48, 0.0, 7.33e-08
2018-08-05, 16:46:50, 0.0, 7.36e-08
2018-08-05, 16:46:52, 0.0, 7.39e-08
2018-08-05, 16:46:54, 0.0, 7.38e-08
2018-08-05, 16:46:56, 0.0, 7.36e-08
2018-08-05, 16:46:58, 0.0, 7.34e-08
2018-08-05, 16:47:00, 0.0, 7.34e-08
2018-08-05, 16:47:02, 0.0, 7.46e-08
2018-08-05, 16:47:05, 0.0, 7.32e-08
2018-08-05, 16:47:07, 0.0, 7.39e-08
2018-08-05, 16:47:09, 0.0, 7.36e-08
2018-08-05, 16:47:11, 0.0, 7.28e-08
2018-08-05, 16:47:13, 0.0, 7.31e-08
2018-08-05, 16:47:15, 0.0, 7.36e-08
2018-08-05, 16:47:17, 0.0, 7.36e-08
2018-08-05, 16:47:19, 0.0, 7.38e-08
2018-08-05, 16:47:22, 0.0, 7.34e-08
2018-08-05, 16:47:24, 0.0, 7.4e-08
2018-08-05, 16:47:26, 0.0, 7.36e-08
2018-08-05, 16:47:28, 0.0, 7.43e-08
2018-08-05, 16:47:30, 0.0, 7.46e-08
2018-08-05, 16:47:32, 0.0, 7.4e-08
2018-08-05, 16:47:34, 0.0, 7.39e-08
2018-08-05, 16:47:36, 0.0, 7.38e-08
2018-08-05, 16:47:39, 0.0, 7.34e-08
2018-08-05, 16:47:41, 0.0, 7.42e-08
2018-08-05, 16:47:43, 0.0, 7.4e-08
2018-08-05, 16:47:45, 0.0, 7.36e-08
2018-08-05, 16:47:47, 0.0, 7.37e-08
2018-08-05, 16:47:49, 0.0, 7.38e-08
2018-08-05, 16:47:51, 0.0, 7.36e-08
2018-08-05, 16:47:53, 0.0, 7.36e-08
2018-08-05, 16:47:56, 0.0, 7.44e-08
2018-08-05, 16:47:58, 0.0, 7.44e-08
2018-08-05, 16:48:00, 0.0, 7.31e-08
2018-08-05, 16:48:02, 0.0, 7.36e-08
2018-08-05, 16:48:04, 0.0, 7.42e-08
2018-08-05, 16:48:06, 0.0, 7.37e-08
2018-08-05, 16:48:08, 0.0, 7.31e-08
2018-08-05, 16:48:10, 0.0, 7.39e-08
2018-08-05, 16:48:13, 0.0, 7.41e-08
2018-08-05, 16:48:15, 0.0, 7.39e-08
2018-08-05, 16:48:17, 0.0, 7.35e-08
2018-08-05, 16:48:19, 0.0, 7.38e-08
2018-08-05, 16:48:21, 0.0, 7.3e-08
2018-08-05, 16:48:23, 0.0, 7.32e-08
2018-08-05, 16:48:25, 0.0, 7.29e-08
2018-08-05, 16:48:27, 0.0, 7.38e-08
2018-08-05, 16:48:30, 0.0, 7.39e-08
2018-08-05, 16:48:32, 0.0, 7.42e-08
2018-08-05, 16:48:34, 0.0, 7.35e-08
2018-08-05, 16:48:36, 0.0, 7.35e-08
2018-08-05, 16:48:38, 0.0, 7.36e-08
2018-08-05, 16:48:40, 0.0, 7.41e-08
2018-08-05, 16:48:42, 0.0, 7.42e-08
2018-08-05, 16:48:44, 0.0, 7.45e-08
2018-08-05, 16:48:47, 0.0, 7.4e-08
2018-08-05, 16:48:49, 0.0, 7.45e-08
2018-08-05, 16:48:51, 0.0, 7.43e-08
2018-08-05, 16:48:53, 0.0, 7.33e-08
2018-08-05, 16:48:55, 0.0, 7.32e-08
2018-08-05, 16:48:57, 0.0, 7.41e-08
2018-08-05, 16:48:59, 0.0, 7.41e-08
2018-08-05, 16:49:01, 0.0, 7.4e-08
2018-08-05, 16:49:04, 0.0, 7.4e-08
2018-08-05, 16:49:06, 0.0, 7.4e-08
2018-08-05, 16:49:08, 0.0, 7.4e-08
2018-08-05, 16:49:10, 0.0, 7.36e-08
2018-08-05, 16:49:12, 0.0, 7.4e-08
2018-08-05, 16:49:14, 0.0, 7.43e-08
2018-08-05, 16:49:16, 0.0, 7.38e-08
2018-08-05, 16:49:19, 0.0, 7.37e-08
2018-08-05, 16:49:21, 0.0, 7.34e-08
2018-08-05, 16:49:23, 0.0, 7.38e-08
2018-08-05, 16:49:25, 0.0, 7.3e-08
2018-08-05, 16:49:27, 0.0, 7.42e-08
2018-08-05, 16:49:29, 0.0, 7.35e-08
2018-08-05, 16:49:31, 0.0, 7.37e-08
2018-08-05, 16:49:34, 0.0, 7.4e-08
2018-08-05, 16:49:36, 0.0, 7.3e-08
2018-08-05, 16:49:38, 0.0, 7.41e-08
2018-08-05, 16:49:40, 0.0, 7.37e-08
2018-08-05, 16:49:42, 0.0, 7.48e-08
2018-08-05, 16:49:44, 0.0, 7.36e-08
2018-08-05, 16:49:46, 0.0, 7.38e-08
2018-08-05, 16:49:48, 0.0, 7.4e-08
2018-08-05, 16:49:51, 0.0, 7.38e-08
2018-08-05, 16:49:53, 0.0, 7.38e-08
2018-08-05, 16:49:55, 0.0, 7.35e-08
2018-08-05, 16:49:57, 0.0, 7.42e-08
2018-08-05, 16:49:59, 0.0, 7.37e-08
2018-08-05, 16:50:01, 0.0, 7.34e-08
2018-08-05, 16:50:03, 0.0, 7.35e-08
2018-08-05, 16:50:05, 0.0, 7.43e-08
2018-08-05, 16:50:08, 0.0, 7.45e-08
2018-08-05, 16:50:10, 0.0, 7.41e-08
2018-08-05, 16:50:12, 0.0, 7.36e-08
2018-08-05, 16:50:14, 0.0, 7.43e-08
2018-08-05, 16:50:16, 0.0, 7.42e-08
2018-08-05, 16:50:18, 0.0, 7.37e-08
2018-08-05, 16:50:20, 0.0, 7.39e-08
2018-08-05, 16:50:22, 0.0, 7.4e-08
2018-08-05, 16:50:25, 0.0, 7.4e-08
2018-08-05, 16:50:27, 0.0, 7.38e-08
2018-08-05, 16:50:29, 0.0, 7.36e-08
2018-08-05, 16:50:31, 0.0, 7.39e-08
2018-08-05, 16:50:33, 0.0, 7.39e-08
2018-08-05, 16:50:35, 0.0, 7.41e-08
2018-08-05, 16:50:37, 0.0, 7.37e-08
2018-08-05, 16:50:40, 0.0, 7.41e-08
2018-08-05, 16:50:42, 0.0, 7.35e-08
2018-08-05, 16:50:44, 0.0, 7.39e-08
2018-08-05, 16:50:46, 0.0, 7.42e-08
2018-08-05, 16:50:48, 0.0, 7.41e-08
2018-08-05, 16:50:50, 0.0, 7.38e-08
2018-08-05, 16:50:52, 0.0, 7.4e-08
2018-08-05, 16:50:54, 0.0, 7.38e-08
2018-08-05, 16:50:57, 0.0, 7.4e-08
2018-08-05, 16:50:59, 0.0, 7.37e-08
2018-08-05, 16:51:01, 0.0, 7.44e-08
2018-08-05, 16:51:03, 0.0, 7.45e-08
2018-08-05, 16:51:05, 0.0, 7.38e-08
2018-08-05, 16:51:07, 0.0, 7.37e-08
2018-08-05, 16:51:09, 0.0, 7.37e-08
2018-08-05, 16:51:11, 0.0, 7.35e-08
2018-08-05, 16:51:14, 0.0, 7.38e-08
2018-08-05, 16:51:16, 0.0, 7.35e-08
2018-08-05, 16:51:18, 0.0, 7.42e-08
2018-08-05, 16:51:20, 0.0, 7.44e-08
2018-08-05, 16:51:22, 0.0, 7.38e-08
2018-08-05, 16:51:24, 0.0, 7.44e-08
2018-08-05, 16:51:26, 0.0, 7.48e-08
2018-08-05, 16:51:28, 0.0, 7.39e-08
2018-08-05, 16:51:31, 0.0, 7.42e-08
2018-08-05, 16:51:33, 0.0, 7.38e-08
2018-08-05, 16:51:35, 0.0, 7.34e-08
2018-08-05, 16:51:37, 0.0, 7.39e-08
2018-08-05, 16:51:39, 0.0, 7.35e-08
2018-08-05, 16:51:41, 0.0, 7.36e-08
2018-08-05, 16:51:43, 0.0, 7.35e-08
2018-08-05, 16:51:45, 0.0, 7.38e-08
2018-08-05, 16:51:48, 0.0, 7.36e-08
2018-08-05, 16:51:50, 0.0, 7.37e-08
2018-08-05, 16:51:52, 0.0, 7.45e-08
2018-08-05, 16:51:54, 0.0, 7.41e-08
2018-08-05, 16:51:56, 0.0, 7.39e-08
2018-08-05, 16:51:58, 0.0, 7.35e-08
2018-08-05, 16:52:00, 0.0, 7.38e-08
2018-08-05, 16:52:02, 0.0, 7.35e-08
2018-08-05, 16:52:05, 0.0, 7.35e-08
2018-08-05, 16:52:07, 0.0, 7.33e-08
2018-08-05, 16:52:09, 0.0, 7.41e-08
2018-08-05, 16:52:11, 0.0, 7.36e-08
2018-08-05, 16:52:13, 0.0, 7.38e-08
2018-08-05, 16:52:15, 0.0, 7.44e-08
2018-08-05, 16:52:17, 0.0, 7.35e-08
2018-08-05, 16:52:19, 0.0, 7.38e-08
2018-08-05, 16:52:22, 0.0, 7.43e-08
2018-08-05, 16:52:24, 0.0, 7.42e-08
2018-08-05, 16:52:26, 0.0, 7.38e-08
2018-08-05, 16:52:28, 0.0, 7.36e-08
2018-08-05, 16:52:30, 0.0, 7.38e-08
2018-08-05, 16:52:32, 0.0, 7.38e-08
2018-08-05, 16:52:34, 0.0, 7.34e-08
2018-08-05, 16:52:36, 0.0, 7.35e-08
2018-08-05, 16:52:39, 0.0, 7.38e-08
2018-08-05, 16:52:41, 0.0, 7.32e-08
2018-08-05, 16:52:43, 0.0, 7.32e-08
2018-08-05, 16:52:45, 0.0, 7.38e-08
2018-08-05, 16:52:47, 0.0, 7.35e-08
2018-08-05, 16:52:49, 0.0, 7.36e-08
2018-08-05, 16:52:51, 0.0, 7.43e-08
2018-08-05, 16:52:54, 0.0, 7.45e-08
2018-08-05, 16:52:56, 0.0, 7.41e-08
2018-08-05, 16:52:58, 0.0, 7.35e-08
2018-08-05, 16:53:00, 0.0, 7.4e-08
2018-08-05, 16:53:02, 0.0, 7.4e-08
2018-08-05, 16:53:04, 0.0, 7.43e-08
2018-08-05, 16:53:06, 0.0, 7.38e-08
2018-08-05, 16:53:08, 0.0, 7.41e-08
2018-08-05, 16:53:11, 0.0, 7.41e-08
2018-08-05, 16:53:13, 0.0, 7.4e-08
2018-08-05, 16:53:15, 0.0, 7.38e-08
2018-08-05, 16:53:17, 0.0, 7.47e-08
2018-08-05, 16:53:19, 0.0, 7.47e-08
2018-08-05, 16:53:21, 0.0, 7.41e-08
2018-08-05, 16:53:23, 0.0, 7.36e-08
2018-08-05, 16:53:25, 0.0, 7.36e-08
2018-08-05, 16:53:28, 0.0, 7.37e-08
2018-08-05, 16:53:30, 0.0, 7.37e-08
2018-08-05, 16:53:32, 0.0, 7.34e-08
2018-08-05, 16:53:34, 0.0, 7.43e-08
2018-08-05, 16:53:36, 0.0, 7.37e-08
2018-08-05, 16:53:38, 0.0, 7.35e-08
2018-08-05, 16:53:40, 0.0, 7.38e-08
2018-08-05, 16:53:42, 0.0, 7.42e-08
2018-08-05, 16:53:45, 0.0, 7.44e-08
2018-08-05, 16:53:47, 0.0, 7.35e-08
2018-08-05, 16:53:49, 0.0, 7.4e-08
2018-08-05, 16:53:51, 0.0, 7.38e-08
2018-08-05, 16:53:53, 0.0, 7.38e-08
2018-08-05, 16:53:55, 0.0, 7.38e-08
2018-08-05, 16:53:57, 0.0, 7.38e-08
2018-08-05, 16:53:59, 0.0, 7.35e-08
2018-08-05, 16:54:02, 0.0, 7.42e-08
2018-08-05, 16:54:04, 0.0, 7.36e-08
2018-08-05, 16:54:06, 0.0, 7.37e-08
2018-08-05, 16:54:08, 0.0, 7.39e-08
2018-08-05, 16:54:10, 0.0, 7.38e-08
2018-08-05, 16:54:12, 0.0, 7.39e-08
2018-08-05, 16:54:14, 0.0, 7.37e-08
2018-08-05, 16:54:16, 0.0, 7.44e-08
2018-08-05, 16:54:19, 0.0, 7.46e-08
2018-08-05, 16:54:21, 0.0, 7.45e-08
2018-08-05, 16:54:23, 0.0, 7.37e-08
2018-08-05, 16:54:25, 0.0, 7.41e-08
2018-08-05, 16:54:27, 0.0, 7.43e-08
2018-08-05, 16:54:29, 0.0, 7.33e-08
2018-08-05, 16:54:31, 0.0, 7.42e-08
2018-08-05, 16:54:33, 0.0, 7.43e-08
2018-08-05, 16:54:36, 0.0, 7.38e-08
2018-08-05, 16:54:38, 0.0, 7.35e-08
2018-08-05, 16:54:40, 0.0, 7.45e-08
2018-08-05, 16:54:42, 0.0, 7.41e-08
2018-08-05, 16:54:44, 0.0, 7.45e-08
2018-08-05, 16:54:46, 0.0, 7.42e-08
2018-08-05, 16:54:48, 0.0, 7.4e-08
2018-08-05, 16:54:50, 0.0, 7.41e-08
2018-08-05, 16:54:53, 0.0, 7.45e-08
2018-08-05, 16:54:55, 0.0, 7.41e-08
2018-08-05, 16:54:57, 0.0, 7.37e-08
2018-08-05, 16:54:59, 0.0, 7.4e-08
2018-08-05, 16:55:01, 0.0, 7.42e-08
2018-08-05, 16:55:03, 0.0, 7.44e-08
2018-08-05, 16:55:05, 0.0, 7.41e-08
2018-08-05, 16:55:08, 0.0, 7.39e-08
2018-08-05, 16:55:10, 0.0, 7.43e-08
2018-08-05, 16:55:12, 0.0, 7.44e-08
2018-08-05, 16:55:14, 0.0, 7.4e-08
2018-08-05, 16:55:16, 0.0, 7.35e-08
2018-08-05, 16:55:18, 0.0, 7.33e-08
2018-08-05, 16:55:20, 0.0, 7.31e-08
2018-08-05, 16:55:22, 0.0, 7.48e-08
2018-08-05, 16:55:25, 0.0, 7.45e-08
2018-08-05, 16:55:27, 0.0, 7.38e-08
2018-08-05, 16:55:29, 0.0, 7.4e-08
2018-08-05, 16:55:31, 0.0, 7.44e-08
2018-08-05, 16:55:33, 0.0, 7.48e-08
2018-08-05, 16:55:35, 0.0, 7.44e-08
2018-08-05, 16:55:37, 0.0, 7.45e-08
2018-08-05, 16:55:39, 0.0, 7.36e-08
2018-08-05, 16:55:42, 0.0, 7.36e-08
2018-08-05, 16:55:44, 0.0, 7.33e-08
2018-08-05, 16:55:46, 0.0, 7.42e-08
2018-08-05, 16:55:48, 0.0, 7.44e-08
2018-08-05, 16:55:50, 0.0, 7.49e-08
2018-08-05, 16:55:52, 0.0, 7.39e-08
2018-08-05, 16:55:54, 0.0, 7.46e-08
2018-08-05, 16:55:56, 0.0, 7.44e-08
2018-08-05, 16:55:59, 0.0, 7.42e-08
2018-08-05, 16:56:01, 0.0, 7.42e-08
2018-08-05, 16:56:03, 0.0, 7.41e-08
2018-08-05, 16:56:05, 0.0, 7.36e-08
2018-08-05, 16:56:07, 0.0, 7.41e-08
2018-08-05, 16:56:09, 0.0, 7.35e-08
2018-08-05, 16:56:11, 0.0, 7.38e-08
2018-08-05, 16:56:13, 0.0, 7.41e-08
2018-08-05, 16:56:16, 0.0, 7.36e-08
2018-08-05, 16:56:18, 0.0, 7.37e-08
2018-08-05, 16:56:20, 0.0, 7.39e-08
2018-08-05, 16:56:22, 0.0, 7.36e-08
2018-08-05, 16:56:24, 0.0, 7.37e-08
2018-08-05, 16:56:26, 0.0, 7.36e-08
2018-08-05, 16:56:28, 0.0, 7.43e-08
2018-08-05, 16:56:30, 0.0, 7.38e-08
2018-08-05, 16:56:33, 0.0, 7.35e-08
2018-08-05, 16:56:35, 0.0, 7.41e-08
2018-08-05, 16:56:37, 0.0, 7.33e-08
2018-08-05, 16:56:39, 0.0, 7.43e-08
2018-08-05, 16:56:41, 0.0, 7.4e-08
2018-08-05, 16:56:43, 0.0, 7.43e-08
2018-08-05, 16:56:45, 0.0, 7.38e-08
2018-08-05, 16:56:47, 0.0, 7.38e-08
2018-08-05, 16:56:50, 0.0, 7.33e-08
2018-08-05, 16:56:52, 0.0, 7.31e-08
2018-08-05, 16:56:54, 0.0, 7.39e-08
2018-08-05, 16:56:56, 0.0, 7.44e-08
2018-08-05, 16:56:58, 0.0, 7.44e-08
2018-08-05, 16:57:00, 0.0, 7.33e-08
2018-08-05, 16:57:02, 0.0, 7.32e-08
2018-08-05, 16:57:04, 0.0, 7.36e-08
2018-08-05, 16:57:07, 0.0, 7.44e-08
2018-08-05, 16:57:09, 0.0, 7.48e-08
2018-08-05, 16:57:11, 0.0, 7.44e-08
2018-08-05, 16:57:13, 0.0, 7.42e-08
2018-08-05, 16:57:15, 0.0, 7.31e-08
2018-08-05, 16:57:17, 0.0, 7.36e-08
2018-08-05, 16:57:19, 0.0, 7.44e-08
2018-08-05, 16:57:21, 0.0, 7.43e-08
2018-08-05, 16:57:24, 0.0, 7.42e-08
2018-08-05, 16:57:26, 0.0, 7.39e-08
2018-08-05, 16:57:28, 0.0, 7.38e-08
2018-08-05, 16:57:30, 0.0, 7.37e-08
2018-08-05, 16:57:32, 0.0, 7.42e-08
2018-08-05, 16:57:34, 0.0, 7.4e-08
2018-08-05, 16:57:36, 0.0, 7.38e-08
2018-08-05, 16:57:38, 0.0, 7.37e-08
2018-08-05, 16:57:41, 0.0, 7.41e-08
2018-08-05, 16:57:43, 0.0, 7.39e-08
2018-08-05, 16:57:45, 0.0, 7.39e-08
2018-08-05, 16:57:47, 0.0, 7.4e-08
2018-08-05, 16:57:49, 0.0, 7.37e-08
2018-08-05, 16:57:51, 0.0, 7.41e-08
2018-08-05, 16:57:53, 0.0, 7.42e-08
2018-08-05, 16:57:56, 0.0, 7.4e-08
2018-08-05, 16:57:58, 0.0, 7.4e-08
2018-08-05, 16:58:00, 0.0, 7.36e-08
2018-08-05, 16:58:02, 0.0, 7.41e-08
2018-08-05, 16:58:04, 0.0, 7.41e-08
2018-08-05, 16:58:06, 0.0, 7.41e-08
2018-08-05, 16:58:08, 0.0, 7.39e-08
2018-08-05, 16:58:10, 0.0, 7.45e-08
2018-08-05, 16:58:12, 0.0, 7.38e-08
2018-08-05, 16:58:15, 0.0, 7.39e-08
2018-08-05, 16:58:17, 0.0, 7.38e-08
2018-08-05, 16:58:19, 0.0, 7.33e-08
2018-08-05, 16:58:21, 0.0, 7.38e-08
2018-08-05, 16:58:23, 0.0, 7.38e-08
2018-08-05, 16:58:25, 0.0, 7.37e-08
2018-08-05, 16:58:27, 0.0, 7.47e-08
2018-08-05, 16:58:30, 0.0, 7.41e-08
2018-08-05, 16:58:32, 0.0, 7.39e-08
2018-08-05, 16:58:34, 0.0, 7.42e-08
2018-08-05, 16:58:36, 0.0, 7.38e-08
2018-08-05, 16:58:38, 0.0, 7.45e-08
2018-08-05, 16:58:40, 0.0, 7.39e-08
2018-08-05, 16:58:42, 0.0, 7.41e-08
2018-08-05, 16:58:44, 0.0, 7.42e-08
2018-08-05, 16:58:46, 0.0, 7.39e-08
2018-08-05, 16:58:49, 0.0, 7.39e-08
2018-08-05, 16:58:51, 0.0, 7.4e-08
2018-08-05, 16:58:53, 0.0, 7.38e-08
2018-08-05, 16:58:55, 0.0, 7.41e-08
2018-08-05, 16:58:57, 0.0, 7.41e-08
2018-08-05, 16:58:59, 0.0, 7.39e-08
2018-08-05, 16:59:01, 0.0, 7.38e-08
2018-08-05, 16:59:04, 0.0, 7.48e-08
2018-08-05, 16:59:06, 0.0, 7.41e-08
2018-08-05, 16:59:08, 0.0, 7.41e-08
2018-08-05, 16:59:10, 0.0, 7.45e-08
2018-08-05, 16:59:12, 0.0, 7.41e-08
2018-08-05, 16:59:14, 0.0, 7.44e-08
2018-08-05, 16:59:16, 0.0, 7.44e-08
2018-08-05, 16:59:18, 0.0, 7.48e-08
2018-08-05, 16:59:21, 0.0, 7.39e-08
2018-08-05, 16:59:23, 0.0, 7.41e-08
2018-08-05, 16:59:25, 0.0, 7.38e-08
2018-08-05, 16:59:27, 0.0, 7.41e-08
2018-08-05, 16:59:29, 0.0, 7.34e-08
2018-08-05, 16:59:31, 0.0, 7.43e-08
2018-08-05, 16:59:33, 0.0, 7.36e-08
2018-08-05, 16:59:35, 0.0, 7.44e-08
2018-08-05, 16:59:38, 0.0, 7.42e-08
2018-08-05, 16:59:40, 0.0, 7.33e-08
2018-08-05, 16:59:42, 0.0, 7.38e-08
2018-08-05, 16:59:44, 0.0, 7.38e-08
2018-08-05, 16:59:46, 0.0, 7.36e-08
2018-08-05, 16:59:48, 0.0, 7.38e-08
2018-08-05, 16:59:50, 0.0, 7.4e-08
2018-08-05, 16:59:52, 0.0, 7.35e-08
2018-08-05, 16:59:55, 0.0, 7.31e-08
2018-08-05, 16:59:57, 0.0, 7.29e-08
2018-08-05, 16:59:59, 0.0, 7.4e-08
2018-08-05, 17:00:01, 0.0, 7.38e-08
2018-08-05, 17:00:03, 0.0, 7.43e-08
2018-08-05, 17:00:05, 0.0, 7.41e-08
2018-08-05, 17:00:07, 0.0, 7.38e-08
2018-08-05, 17:00:10, 0.0, 7.38e-08
2018-08-05, 17:00:12, 0.0, 7.41e-08
2018-08-05, 17:00:14, 0.0, 7.42e-08
2018-08-05, 17:00:16, 0.0, 7.45e-08
2018-08-05, 17:00:18, 0.0, 7.48e-08
2018-08-05, 17:00:20, 0.0, 7.38e-08
2018-08-05, 17:00:22, 0.0, 7.38e-08
2018-08-05, 17:00:24, 0.0, 7.41e-08
2018-08-05, 17:00:27, 0.0, 7.44e-08
2018-08-05, 17:00:29, 0.0, 7.47e-08
2018-08-05, 17:00:31, 0.0, 7.39e-08
2018-08-05, 17:00:33, 0.0, 7.42e-08
2018-08-05, 17:00:35, 0.0, 7.43e-08
2018-08-05, 17:00:37, 0.0, 7.38e-08
2018-08-05, 17:00:39, 0.0, 7.48e-08
2018-08-05, 17:00:41, 0.0, 7.46e-08
2018-08-05, 17:00:44, 0.0, 7.42e-08
2018-08-05, 17:00:46, 0.0, 7.42e-08
2018-08-05, 17:00:48, 0.0, 7.46e-08
2018-08-05, 17:00:50, 0.0, 7.36e-08
2018-08-05, 17:00:52, 0.0, 7.33e-08
2018-08-05, 17:00:54, 0.0, 7.35e-08
2018-08-05, 17:00:56, 0.0, 7.41e-08
2018-08-05, 17:00:58, 0.0, 7.37e-08
2018-08-05, 17:01:01, 0.0, 7.37e-08
2018-08-05, 17:01:03, 0.0, 7.46e-08
2018-08-05, 17:01:05, 0.0, 7.4e-08
2018-08-05, 17:01:07, 0.0, 7.45e-08
2018-08-05, 17:01:09, 0.0, 7.39e-08
2018-08-05, 17:01:11, 0.0, 7.44e-08
2018-08-05, 17:01:13, 0.0, 7.37e-08
2018-08-05, 17:01:15, 0.0, 7.39e-08
2018-08-05, 17:01:18, 0.0, 7.39e-08
2018-08-05, 17:01:20, 0.0, 7.42e-08
2018-08-05, 17:01:22, 0.0, 7.39e-08
2018-08-05, 17:01:24, 0.0, 7.41e-08
2018-08-05, 17:01:26, 0.0, 7.45e-08
2018-08-05, 17:01:28, 0.0, 7.43e-08
2018-08-05, 17:01:30, 0.0, 7.36e-08
2018-08-05, 17:01:32, 0.0, 7.4e-08
2018-08-05, 17:01:35, 0.0, 7.45e-08
2018-08-05, 17:01:37, 0.0, 7.46e-08
2018-08-05, 17:01:39, 0.0, 7.39e-08
2018-08-05, 17:01:41, 0.0, 7.36e-08
2018-08-05, 17:01:43, 0.0, 7.33e-08
2018-08-05, 17:01:45, 0.0, 7.35e-08
2018-08-05, 17:01:47, 0.0, 7.31e-08
2018-08-05, 17:01:49, 0.0, 7.36e-08
2018-08-05, 17:01:52, 0.0, 7.41e-08
2018-08-05, 17:01:54, 0.0, 7.29e-08
2018-08-05, 17:01:56, 0.0, 7.34e-08
2018-08-05, 17:01:58, 0.0, 7.31e-08
2018-08-05, 17:02:00, 0.0, 7.35e-08
2018-08-05, 17:02:02, 0.0, 7.41e-08
2018-08-05, 17:02:04, 0.0, 7.44e-08
2018-08-05, 17:02:06, 0.0, 7.36e-08
2018-08-05, 17:02:09, 0.0, 7.42e-08
2018-08-05, 17:02:11, 0.0, 7.47e-08
2018-08-05, 17:02:13, 0.0, 7.42e-08
2018-08-05, 17:02:15, 0.0, 7.42e-08
2018-08-05, 17:02:17, 0.0, 7.39e-08
2018-08-05, 17:02:19, 0.0, 7.43e-08
2018-08-05, 17:02:21, 0.0, 7.39e-08
2018-08-05, 17:02:23, 0.0, 7.44e-08
2018-08-05, 17:02:26, 0.0, 7.41e-08
2018-08-05, 17:02:28, 0.0, 7.39e-08
2018-08-05, 17:02:30, 0.0, 7.35e-08
2018-08-05, 17:02:32, 0.0, 7.33e-08
2018-08-05, 17:02:34, 0.0, 7.36e-08
2018-08-05, 17:02:36, 0.0, 7.43e-08
2018-08-05, 17:02:38, 0.0, 7.33e-08
2018-08-05, 17:02:41, 0.0, 7.36e-08
2018-08-05, 17:02:43, 0.0, 7.39e-08
2018-08-05, 17:02:45, 0.0, 7.46e-08
2018-08-05, 17:02:47, 0.0, 7.44e-08
2018-08-05, 17:02:49, 0.0, 7.45e-08
2018-08-05, 17:02:51, 0.0, 7.47e-08
2018-08-05, 17:02:53, 0.0, 7.4e-08
2018-08-05, 17:02:55, 0.0, 7.38e-08
2018-08-05, 17:02:58, 0.0, 7.37e-08
2018-08-05, 17:03:00, 0.0, 7.54e-08
2018-08-05, 17:03:02, 0.0, 7.47e-08
2018-08-05, 17:03:04, 0.0, 7.4e-08
2018-08-05, 17:03:06, 0.0, 7.41e-08
2018-08-05, 17:03:08, 0.0, 7.39e-08
2018-08-05, 17:03:10, 0.0, 7.43e-08
2018-08-05, 17:03:12, 0.0, 7.45e-08
2018-08-05, 17:03:15, 0.0, 7.47e-08
2018-08-05, 17:03:17, 0.0, 7.49e-08
2018-08-05, 17:03:19, 0.0, 7.51e-08
2018-08-05, 17:03:21, 0.0, 7.48e-08
2018-08-05, 17:03:23, 0.0, 7.44e-08
2018-08-05, 17:03:25, 0.0, 7.41e-08
2018-08-05, 17:03:27, 0.0, 7.46e-08
2018-08-05, 17:03:30, 0.0, 7.46e-08
2018-08-05, 17:03:32, 0.0, 7.49e-08
2018-08-05, 17:03:34, 0.0, 7.44e-08
2018-08-05, 17:03:36, 0.0, 7.48e-08
2018-08-05, 17:03:38, 0.0, 7.45e-08
2018-08-05, 17:03:40, 0.0, 7.51e-08
2018-08-05, 17:03:42, 0.0, 7.48e-08
2018-08-05, 17:03:44, 0.0, 7.45e-08
2018-08-05, 17:03:47, 0.0, 7.41e-08
2018-08-05, 17:03:49, 0.0, 7.41e-08
2018-08-05, 17:03:51, 0.0, 7.42e-08
2018-08-05, 17:03:53, 0.0, 7.54e-08
2018-08-05, 17:03:55, 0.0, 7.49e-08
2018-08-05, 17:03:57, 0.0, 7.46e-08
2018-08-05, 17:03:59, 0.0, 7.48e-08
2018-08-05, 17:04:01, 0.0, 7.49e-08
2018-08-05, 17:04:04, 0.0, 7.48e-08
2018-08-05, 17:04:06, 0.0, 7.45e-08
2018-08-05, 17:04:08, 0.0, 7.51e-08
2018-08-05, 17:04:10, 0.0, 7.56e-08
2018-08-05, 17:04:12, 0.0, 7.48e-08
2018-08-05, 17:04:14, 0.0, 7.5e-08
2018-08-05, 17:04:16, 0.0, 7.44e-08
2018-08-05, 17:04:18, 0.0, 7.43e-08
2018-08-05, 17:04:21, 0.0, 7.39e-08
2018-08-05, 17:04:23, 0.0, 7.43e-08
2018-08-05, 17:04:25, 0.0, 7.4e-08
2018-08-05, 17:04:27, 0.0, 7.39e-08
2018-08-05, 17:04:29, 0.0, 7.45e-08
2018-08-05, 17:04:31, 0.0, 7.44e-08
2018-08-05, 17:04:33, 0.0, 7.36e-08
2018-08-05, 17:04:35, 0.0, 7.47e-08
2018-08-05, 17:04:38, 0.0, 7.35e-08
2018-08-05, 17:04:40, 0.0, 7.39e-08
2018-08-05, 17:04:42, 0.0, 7.44e-08
2018-08-05, 17:04:44, 0.0, 7.47e-08
2018-08-05, 17:04:46, 0.0, 7.48e-08
2018-08-05, 17:04:48, 0.0, 7.39e-08
2018-08-05, 17:04:50, 0.0, 7.45e-08
2018-08-05, 17:04:52, 0.0, 7.44e-08
2018-08-05, 17:04:55, 0.0, 7.46e-08
2018-08-05, 17:04:57, 0.0, 7.49e-08
2018-08-05, 17:04:59, 0.0, 7.5e-08
2018-08-05, 17:05:01, 0.0, 7.47e-08
2018-08-05, 17:05:03, 0.0, 7.42e-08
2018-08-05, 17:05:05, 0.0, 7.46e-08
2018-08-05, 17:05:07, 0.0, 7.5e-08
2018-08-05, 17:05:09, 0.0, 7.44e-08
2018-08-05, 17:05:12, 0.0, 7.5e-08
2018-08-05, 17:05:14, 0.0, 7.47e-08
2018-08-05, 17:05:16, 0.0, 7.5e-08
2018-08-05, 17:05:18, 0.0, 7.47e-08
2018-08-05, 17:05:20, 0.0, 7.42e-08
2018-08-05, 17:05:22, 0.0, 7.54e-08
2018-08-05, 17:05:24, 0.0, 7.41e-08
2018-08-05, 17:05:26, 0.0, 7.43e-08
2018-08-05, 17:05:29, 0.0, 7.45e-08
2018-08-05, 17:05:31, 0.0, 7.42e-08
2018-08-05, 17:05:33, 0.0, 7.51e-08
2018-08-05, 17:05:35, 0.0, 7.52e-08
2018-08-05, 17:05:37, 0.0, 7.48e-08
2018-08-05, 17:05:39, 0.0, 7.45e-08
2018-08-05, 17:05:41, 0.0, 7.38e-08
2018-08-05, 17:05:43, 0.0, 7.47e-08
2018-08-05, 17:05:46, 0.0, 7.47e-08
2018-08-05, 17:05:48, 0.0, 7.5e-08
2018-08-05, 17:05:50, 0.0, 7.45e-08
2018-08-05, 17:05:52, 0.0, 7.48e-08
2018-08-05, 17:05:54, 0.0, 7.41e-08
2018-08-05, 17:05:56, 0.0, 7.51e-08
2018-08-05, 17:05:58, 0.0, 7.5e-08
2018-08-05, 17:06:00, 0.0, 7.48e-08
2018-08-05, 17:06:03, 0.0, 7.52e-08
2018-08-05, 17:06:05, 0.0, 7.49e-08
2018-08-05, 17:06:07, 0.0, 7.43e-08
2018-08-05, 17:06:09, 0.0, 7.49e-08
2018-08-05, 17:06:11, 0.0, 7.51e-08
2018-08-05, 17:06:13, 0.0, 7.47e-08
2018-08-05, 17:06:15, 0.0, 7.52e-08
2018-08-05, 17:06:18, 0.0, 7.49e-08
2018-08-05, 17:06:20, 0.0, 7.47e-08
2018-08-05, 17:06:22, 0.0, 7.49e-08
2018-08-05, 17:06:24, 0.0, 7.5e-08
2018-08-05, 17:06:26, 0.0, 7.43e-08
2018-08-05, 17:06:28, 0.0, 7.43e-08
2018-08-05, 17:06:30, 0.0, 7.48e-08
2018-08-05, 17:06:32, 0.0, 7.47e-08
2018-08-05, 17:06:34, 0.0, 7.49e-08
2018-08-05, 17:06:37, 0.0, 7.43e-08
2018-08-05, 17:06:39, 0.0, 7.51e-08
2018-08-05, 17:06:41, 0.0, 7.45e-08
2018-08-05, 17:06:43, 0.0, 7.52e-08
2018-08-05, 17:06:45, 0.0, 7.5e-08
2018-08-05, 17:06:47, 0.0, 7.44e-08
2018-08-05, 17:06:49, 0.0, 7.51e-08
2018-08-05, 17:06:51, 0.0, 7.45e-08
2018-08-05, 17:06:54, 0.0, 7.49e-08
2018-08-05, 17:06:56, 0.0, 7.48e-08
2018-08-05, 17:06:58, 0.0, 7.5e-08
2018-08-05, 17:07:00, 0.0, 7.47e-08
2018-08-05, 17:07:02, 0.0, 7.51e-08
2018-08-05, 17:07:04, 0.0, 7.55e-08
2018-08-05, 17:07:06, 0.0, 7.46e-08
2018-08-05, 17:07:09, 0.0, 7.5e-08
2018-08-05, 17:07:11, 0.0, 7.52e-08
2018-08-05, 17:07:13, 0.0, 7.49e-08
2018-08-05, 17:07:15, 0.0, 7.47e-08
2018-08-05, 17:07:17, 0.0, 7.45e-08
2018-08-05, 17:07:19, 0.0, 7.47e-08
2018-08-05, 17:07:21, 0.0, 7.44e-08
2018-08-05, 17:07:23, 0.0, 7.5e-08
2018-08-05, 17:07:26, 0.0, 7.48e-08
2018-08-05, 17:07:28, 0.0, 7.47e-08
2018-08-05, 17:07:30, 0.0, 7.5e-08
2018-08-05, 17:07:32, 0.0, 7.49e-08
2018-08-05, 17:07:34, 0.0, 7.51e-08
2018-08-05, 17:07:36, 0.0, 7.48e-08
2018-08-05, 17:07:38, 0.0, 7.44e-08
2018-08-05, 17:07:40, 0.0, 7.47e-08
2018-08-05, 17:07:43, 0.0, 7.49e-08
2018-08-05, 17:07:45, 0.0, 7.45e-08
2018-08-05, 17:07:47, 0.0, 7.41e-08
2018-08-05, 17:07:49, 0.0, 7.42e-08
2018-08-05, 17:07:51, 0.0, 7.48e-08
2018-08-05, 17:07:53, 0.0, 7.43e-08
2018-08-05, 17:07:55, 0.0, 7.47e-08
2018-08-05, 17:07:57, 0.0, 7.45e-08
2018-08-05, 17:08:00, 0.0, 7.47e-08
2018-08-05, 17:08:02, 0.0, 7.48e-08
2018-08-05, 17:08:04, 0.0, 7.48e-08
2018-08-05, 17:08:06, 0.0, 7.44e-08
2018-08-05, 17:08:08, 0.0, 7.5e-08
2018-08-05, 17:08:10, 0.0, 7.51e-08
2018-08-05, 17:08:12, 0.0, 7.48e-08
2018-08-05, 17:08:14, 0.0, 7.44e-08
2018-08-05, 17:08:17, 0.0, 7.52e-08
2018-08-05, 17:08:19, 0.0, 7.53e-08
2018-08-05, 17:08:21, 0.0, 7.43e-08
2018-08-05, 17:08:23, 0.0, 7.45e-08
2018-08-05, 17:08:25, 0.0, 7.47e-08
2018-08-05, 17:08:27, 0.0, 7.5e-08
2018-08-05, 17:08:29, 0.0, 7.53e-08
2018-08-05, 17:08:31, 0.0, 7.52e-08
2018-08-05, 17:08:34, 0.0, 7.44e-08
2018-08-05, 17:08:36, 0.0, 7.48e-08
2018-08-05, 17:08:38, 0.0, 7.51e-08
2018-08-05, 17:08:40, 0.0, 7.43e-08
2018-08-05, 17:08:42, 0.0, 7.48e-08
2018-08-05, 17:08:44, 0.0, 7.46e-08
2018-08-05, 17:08:46, 0.0, 7.47e-08
2018-08-05, 17:08:48, 0.0, 7.52e-08
2018-08-05, 17:08:51, 0.0, 7.49e-08
2018-08-05, 17:08:53, 0.0, 7.5e-08
2018-08-05, 17:08:55, 0.0, 7.51e-08
2018-08-05, 17:08:57, 0.0, 7.44e-08
2018-08-05, 17:08:59, 0.0, 7.48e-08
2018-08-05, 17:09:01, 0.0, 7.49e-08
2018-08-05, 17:09:03, 0.0, 7.48e-08
2018-08-05, 17:09:05, 0.0, 7.54e-08
2018-08-05, 17:09:08, 0.0, 7.47e-08
2018-08-05, 17:09:10, 0.0, 7.5e-08
2018-08-05, 17:09:12, 0.0, 7.49e-08
2018-08-05, 17:09:14, 0.0, 7.49e-08
2018-08-05, 17:09:16, 0.0, 7.48e-08
2018-08-05, 17:09:18, 0.0, 7.46e-08
2018-08-05, 17:09:20, 0.0, 7.38e-08
2018-08-05, 17:09:22, 0.0, 7.43e-08
2018-08-05, 17:09:25, 0.0, 7.49e-08
2018-08-05, 17:09:27, 0.0, 7.51e-08
2018-08-05, 17:09:29, 0.0, 7.49e-08
2018-08-05, 17:09:31, 0.0, 7.43e-08
2018-08-05, 17:09:33, 0.0, 7.42e-08
2018-08-05, 17:09:35, 0.0, 7.44e-08
2018-08-05, 17:09:37, 0.0, 7.4e-08
2018-08-05, 17:09:39, 0.0, 7.47e-08
2018-08-05, 17:09:42, 0.0, 7.44e-08
2018-08-05, 17:09:44, 0.0, 7.47e-08
2018-08-05, 17:09:46, 0.0, 7.47e-08
2018-08-05, 17:09:48, 0.0, 7.51e-08
2018-08-05, 17:09:50, 0.0, 7.52e-08
2018-08-05, 17:09:52, 0.0, 7.43e-08
2018-08-05, 17:09:54, 0.0, 7.44e-08
2018-08-05, 17:09:56, 0.0, 7.45e-08
2018-08-05, 17:09:59, 0.0, 7.49e-08
2018-08-05, 17:10:01, 0.0, 7.48e-08
2018-08-05, 17:10:03, 0.0, 7.52e-08
2018-08-05, 17:10:05, 0.0, 7.45e-08
2018-08-05, 17:10:07, 0.0, 7.45e-08
2018-08-05, 17:10:09, 0.0, 7.5e-08
2018-08-05, 17:10:11, 0.0, 7.52e-08
2018-08-05, 17:10:14, 0.0, 7.46e-08
2018-08-05, 17:10:16, 0.0, 7.49e-08
2018-08-05, 17:10:18, 0.0, 7.46e-08
2018-08-05, 17:10:20, 0.0, 7.52e-08
2018-08-05, 17:10:22, 0.0, 7.42e-08
2018-08-05, 17:10:24, 0.0, 7.47e-08
2018-08-05, 17:10:26, 0.0, 7.48e-08
2018-08-05, 17:10:28, 0.0, 7.52e-08
2018-08-05, 17:10:31, 0.0, 7.47e-08
2018-08-05, 17:10:33, 0.0, 7.46e-08
2018-08-05, 17:10:35, 0.0, 7.46e-08
2018-08-05, 17:10:37, 0.0, 7.44e-08
2018-08-05, 17:10:39, 0.0, 7.46e-08
2018-08-05, 17:10:41, 0.0, 7.44e-08
2018-08-05, 17:10:43, 0.0, 7.44e-08
2018-08-05, 17:10:45, 0.0, 7.49e-08
2018-08-05, 17:10:48, 0.0, 7.45e-08
2018-08-05, 17:10:50, 0.0, 7.45e-08
2018-08-05, 17:10:52, 0.0, 7.49e-08
2018-08-05, 17:10:54, 0.0, 7.44e-08
2018-08-05, 17:10:56, 0.0, 7.47e-08
2018-08-05, 17:10:58, 0.0, 7.47e-08
2018-08-05, 17:11:00, 0.0, 7.43e-08
2018-08-05, 17:11:02, 0.0, 7.39e-08
2018-08-05, 17:11:05, 0.0, 7.49e-08
2018-08-05, 17:11:07, 0.0, 7.5e-08
2018-08-05, 17:11:09, 0.0, 7.48e-08
2018-08-05, 17:11:11, 0.0, 7.45e-08
2018-08-05, 17:11:13, 0.0, 7.47e-08
2018-08-05, 17:11:15, 0.0, 7.45e-08
2018-08-05, 17:11:17, 0.0, 7.44e-08
2018-08-05, 17:11:19, 0.0, 7.45e-08
2018-08-05, 17:11:22, 0.0, 7.39e-08
2018-08-05, 17:11:24, 0.0, 7.47e-08
2018-08-05, 17:11:26, 0.0, 7.47e-08
2018-08-05, 17:11:28, 0.0, 7.46e-08
2018-08-05, 17:11:30, 0.0, 7.49e-08
2018-08-05, 17:11:32, 0.0, 7.53e-08
2018-08-05, 17:11:34, 0.0, 7.54e-08
2018-08-05, 17:11:37, 0.0, 7.53e-08
2018-08-05, 17:11:39, 0.0, 7.46e-08
2018-08-05, 17:11:41, 0.0, 7.49e-08
2018-08-05, 17:11:43, 0.0, 7.52e-08
2018-08-05, 17:11:45, 0.0, 7.54e-08
2018-08-05, 17:11:47, 0.0, 7.53e-08
2018-08-05, 17:11:49, 0.0, 7.47e-08
2018-08-05, 17:11:51, 0.0, 7.49e-08
2018-08-05, 17:11:54, 0.0, 7.46e-08
2018-08-05, 17:11:56, 0.0, 7.51e-08
2018-08-05, 17:11:58, 0.0, 7.55e-08
2018-08-05, 17:12:00, 0.0, 7.5e-08
2018-08-05, 17:12:02, 0.0, 7.51e-08
2018-08-05, 17:12:04, 0.0, 7.46e-08
2018-08-05, 17:12:06, 0.0, 7.41e-08
2018-08-05, 17:12:08, 0.0, 7.42e-08
2018-08-05, 17:12:11, 0.0, 7.42e-08
2018-08-05, 17:12:13, 0.0, 7.42e-08
2018-08-05, 17:12:15, 0.0, 7.35e-08
2018-08-05, 17:12:17, 0.0, 7.39e-08
2018-08-05, 17:12:19, 0.0, 7.42e-08
2018-08-05, 17:12:21, 0.0, 7.43e-08
2018-08-05, 17:12:23, 0.0, 7.38e-08
2018-08-05, 17:12:25, 0.0, 7.44e-08
2018-08-05, 17:12:28, 0.0, 7.49e-08
2018-08-05, 17:12:30, 0.0, 7.48e-08
2018-08-05, 17:12:32, 0.0, 7.44e-08
2018-08-05, 17:12:34, 0.0, 7.39e-08
2018-08-05, 17:12:36, 0.0, 7.37e-08
2018-08-05, 17:12:38, 0.0, 7.46e-08
2018-08-05, 17:12:40, 0.0, 7.51e-08
2018-08-05, 17:12:42, 0.0, 7.44e-08
2018-08-05, 17:12:45, 0.0, 7.48e-08
2018-08-05, 17:12:47, 0.0, 7.46e-08
2018-08-05, 17:12:49, 0.0, 7.46e-08
2018-08-05, 17:12:51, 0.0, 7.44e-08
2018-08-05, 17:12:53, 0.0, 7.48e-08
2018-08-05, 17:12:55, 0.0, 7.49e-08
2018-08-05, 17:12:57, 0.0, 7.45e-08
2018-08-05, 17:12:59, 0.0, 7.47e-08
2018-08-05, 17:13:02, 0.0, 7.45e-08
2018-08-05, 17:13:04, 0.0, 7.44e-08
2018-08-05, 17:13:06, 0.0, 7.49e-08
2018-08-05, 17:13:08, 0.0, 7.51e-08
2018-08-05, 17:13:10, 0.0, 7.49e-08
2018-08-05, 17:13:12, 0.0, 7.54e-08
2018-08-05, 17:13:14, 0.0, 7.38e-08
2018-08-05, 17:13:16, 0.0, 7.47e-08
2018-08-05, 17:13:19, 0.0, 7.45e-08
2018-08-05, 17:13:21, 0.0, 7.48e-08
2018-08-05, 17:13:23, 0.0, 7.46e-08
2018-08-05, 17:13:25, 0.0, 7.48e-08
2018-08-05, 17:13:27, 0.0, 7.47e-08
2018-08-05, 17:13:29, 0.0, 7.42e-08
2018-08-05, 17:13:31, 0.0, 7.46e-08
2018-08-05, 17:13:34, 0.0, 7.52e-08
2018-08-05, 17:13:36, 0.0, 7.51e-08
2018-08-05, 17:13:38, 0.0, 7.46e-08
2018-08-05, 17:13:40, 0.0, 7.49e-08
2018-08-05, 17:13:42, 0.0, 7.47e-08
2018-08-05, 17:13:44, 0.0, 7.42e-08
2018-08-05, 17:13:46, 0.0, 7.45e-08
2018-08-05, 17:13:48, 0.0, 7.45e-08
2018-08-05, 17:13:51, 0.0, 7.48e-08
2018-08-05, 17:13:53, 0.0, 7.43e-08
2018-08-05, 17:13:55, 0.0, 7.37e-08
2018-08-05, 17:13:57, 0.0, 7.43e-08
2018-08-05, 17:13:59, 0.0, 7.44e-08
2018-08-05, 17:14:01, 0.0, 7.48e-08
2018-08-05, 17:14:03, 0.0, 7.44e-08
2018-08-05, 17:14:05, 0.0, 7.44e-08
2018-08-05, 17:14:08, 0.0, 7.42e-08
2018-08-05, 17:14:10, 0.0, 7.5e-08
2018-08-05, 17:14:12, 0.0, 7.49e-08
2018-08-05, 17:14:14, 0.0, 7.38e-08
2018-08-05, 17:14:16, 0.0, 7.45e-08
2018-08-05, 17:14:18, 0.0, 7.47e-08
2018-08-05, 17:14:20, 0.0, 7.46e-08
2018-08-05, 17:14:22, 0.0, 7.48e-08
2018-08-05, 17:14:25, 0.0, 7.48e-08
2018-08-05, 17:14:27, 0.0, 7.45e-08
2018-08-05, 17:14:29, 0.0, 7.51e-08
2018-08-05, 17:14:31, 0.0, 7.53e-08
2018-08-05, 17:14:33, 0.0, 7.51e-08
2018-08-05, 17:14:35, 0.0, 7.52e-08
2018-08-05, 17:14:37, 0.0, 7.54e-08
2018-08-05, 17:14:39, 0.0, 7.52e-08
2018-08-05, 17:14:42, 0.0, 7.47e-08
2018-08-05, 17:14:44, 0.0, 7.51e-08
2018-08-05, 17:14:46, 0.0, 7.41e-08
2018-08-05, 17:14:48, 0.0, 7.47e-08
2018-08-05, 17:14:50, 0.0, 7.53e-08
2018-08-05, 17:14:52, 0.0, 7.5e-08
2018-08-05, 17:14:54, 0.0, 7.53e-08
2018-08-05, 17:14:56, 0.0, 7.52e-08
2018-08-05, 17:14:59, 0.0, 7.51e-08
2018-08-05, 17:15:01, 0.0, 7.51e-08
2018-08-05, 17:15:03, 0.0, 7.53e-08
2018-08-05, 17:15:05, 0.0, 7.49e-08
2018-08-05, 17:15:07, 0.0, 7.51e-08
2018-08-05, 17:15:09, 0.0, 7.43e-08
2018-08-05, 17:15:11, 0.0, 7.46e-08
2018-08-05, 17:15:13, 0.0, 7.48e-08
2018-08-05, 17:15:16, 0.0, 7.41e-08
2018-08-05, 17:15:18, 0.0, 7.43e-08
2018-08-05, 17:15:20, 0.0, 7.48e-08
2018-08-05, 17:15:22, 0.0, 7.5e-08
2018-08-05, 17:15:24, 0.0, 7.56e-08
2018-08-05, 17:15:26, 0.0, 7.55e-08
2018-08-05, 17:15:28, 0.0, 7.53e-08
2018-08-05, 17:15:31, 0.0, 7.56e-08
2018-08-05, 17:15:33, 0.0, 7.47e-08
2018-08-05, 17:15:35, 0.0, 7.52e-08
2018-08-05, 17:15:37, 0.0, 7.53e-08
2018-08-05, 17:15:39, 0.0, 7.49e-08
2018-08-05, 17:15:41, 0.0, 7.54e-08
2018-08-05, 17:15:43, 0.0, 7.54e-08
2018-08-05, 17:15:45, 0.0, 7.57e-08
2018-08-05, 17:15:48, 0.0, 7.51e-08
2018-08-05, 17:15:50, 0.0, 7.48e-08
2018-08-05, 17:15:52, 0.0, 7.52e-08
2018-08-05, 17:15:54, 0.0, 7.55e-08
2018-08-05, 17:15:56, 0.0, 7.59e-08
2018-08-05, 17:15:58, 0.0, 7.52e-08
2018-08-05, 17:16:00, 0.0, 7.47e-08
2018-08-05, 17:16:02, 0.0, 7.5e-08
2018-08-05, 17:16:05, 0.0, 7.49e-08
2018-08-05, 17:16:07, 0.0, 7.47e-08
2018-08-05, 17:16:09, 0.0, 7.48e-08
2018-08-05, 17:16:11, 0.0, 7.49e-08
2018-08-05, 17:16:13, 0.0, 7.49e-08
2018-08-05, 17:16:15, 0.0, 7.44e-08
2018-08-05, 17:16:17, 0.0, 7.46e-08
2018-08-05, 17:16:20, 0.0, 7.5e-08
2018-08-05, 17:16:22, 0.0, 7.51e-08
2018-08-05, 17:16:24, 0.0, 7.46e-08
2018-08-05, 17:16:26, 0.0, 7.51e-08
2018-08-05, 17:16:28, 0.0, 7.43e-08
2018-08-05, 17:16:30, 0.0, 7.48e-08
2018-08-05, 17:16:32, 0.0, 7.48e-08
2018-08-05, 17:16:34, 0.0, 7.48e-08
2018-08-05, 17:16:37, 0.0, 7.45e-08
2018-08-05, 17:16:39, 0.0, 7.51e-08
2018-08-05, 17:16:41, 0.0, 7.45e-08
2018-08-05, 17:16:43, 0.0, 7.49e-08
2018-08-05, 17:16:45, 0.0, 7.43e-08
2018-08-05, 17:16:47, 0.0, 7.43e-08
2018-08-05, 17:16:49, 0.0, 7.43e-08
2018-08-05, 17:16:51, 0.0, 7.46e-08
2018-08-05, 17:16:53, 0.0, 7.47e-08
2018-08-05, 17:16:56, 0.0, 7.5e-08
2018-08-05, 17:16:58, 0.0, 7.41e-08
2018-08-05, 17:17:00, 0.0, 7.48e-08
2018-08-05, 17:17:02, 0.0, 7.52e-08
2018-08-05, 17:17:04, 0.0, 7.37e-08
2018-08-05, 17:17:06, 0.0, 7.45e-08
2018-08-05, 17:17:08, 0.0, 7.52e-08
2018-08-05, 17:17:11, 0.0, 7.51e-08
2018-08-05, 17:17:13, 0.0, 7.45e-08
2018-08-05, 17:17:15, 0.0, 7.48e-08
2018-08-05, 17:17:17, 0.0, 7.41e-08
2018-08-05, 17:17:19, 0.0, 7.42e-08
2018-08-05, 17:17:21, 0.0, 7.44e-08
2018-08-05, 17:17:23, 0.0, 7.51e-08
2018-08-05, 17:17:25, 0.0, 7.45e-08
2018-08-05, 17:17:28, 0.0, 7.47e-08
2018-08-05, 17:17:30, 0.0, 7.49e-08
2018-08-05, 17:17:32, 0.0, 7.49e-08
2018-08-05, 17:17:34, 0.0, 7.43e-08
2018-08-05, 17:17:36, 0.0, 7.55e-08
2018-08-05, 17:17:38, 0.0, 7.47e-08
2018-08-05, 17:17:40, 0.0, 7.45e-08
2018-08-05, 17:17:42, 0.0, 7.47e-08
2018-08-05, 17:17:45, 0.0, 7.48e-08
2018-08-05, 17:17:47, 0.0, 7.51e-08
2018-08-05, 17:17:49, 0.0, 7.4e-08
2018-08-05, 17:17:51, 0.0, 7.51e-08
2018-08-05, 17:17:53, 0.0, 7.46e-08
2018-08-05, 17:17:55, 0.0, 7.42e-08
2018-08-05, 17:17:57, 0.0, 7.48e-08
2018-08-05, 17:17:59, 0.0, 7.51e-08
2018-08-05, 17:18:02, 0.0, 7.51e-08
2018-08-05, 17:18:04, 0.0, 7.52e-08
2018-08-05, 17:18:06, 0.0, 7.43e-08
2018-08-05, 17:18:08, 0.0, 7.45e-08
2018-08-05, 17:18:10, 0.0, 7.47e-08
2018-08-05, 17:18:12, 0.0, 7.4e-08
2018-08-05, 17:18:14, 0.0, 7.45e-08
2018-08-05, 17:18:16, 0.0, 7.44e-08
2018-08-05, 17:18:19, 0.0, 7.42e-08
2018-08-05, 17:18:21, 0.0, 7.46e-08
2018-08-05, 17:18:23, 0.0, 7.46e-08
2018-08-05, 17:18:25, 0.0, 7.51e-08
2018-08-05, 17:18:27, 0.0, 7.5e-08
2018-08-05, 17:18:29, 0.0, 7.45e-08
2018-08-05, 17:18:31, 0.0, 7.44e-08
2018-08-05, 17:18:33, 0.0, 7.47e-08
2018-08-05, 17:18:36, 0.0, 7.47e-08
2018-08-05, 17:18:38, 0.0, 7.5e-08
2018-08-05, 17:18:40, 0.0, 7.51e-08
2018-08-05, 17:18:42, 0.0, 7.47e-08
2018-08-05, 17:18:44, 0.0, 7.45e-08
2018-08-05, 17:18:46, 0.0, 7.49e-08
2018-08-05, 17:18:48, 0.0, 7.46e-08
2018-08-05, 17:18:50, 0.0, 7.47e-08
2018-08-05, 17:18:53, 0.0, 7.48e-08
2018-08-05, 17:18:55, 0.0, 7.49e-08
2018-08-05, 17:18:57, 0.0, 7.5e-08
2018-08-05, 17:18:59, 0.0, 7.52e-08
2018-08-05, 17:19:01, 0.0, 7.51e-08
2018-08-05, 17:19:03, 0.0, 7.42e-08
2018-08-05, 17:19:05, 0.0, 7.46e-08
2018-08-05, 17:19:08, 0.0, 7.44e-08
2018-08-05, 17:19:10, 0.0, 7.52e-08
2018-08-05, 17:19:12, 0.0, 7.49e-08
2018-08-05, 17:19:14, 0.0, 7.51e-08
2018-08-05, 17:19:16, 0.0, 7.51e-08
2018-08-05, 17:19:18, 0.0, 7.48e-08
2018-08-05, 17:19:20, 0.0, 7.42e-08
2018-08-05, 17:19:22, 0.0, 7.43e-08
2018-08-05, 17:19:25, 0.0, 7.49e-08
2018-08-05, 17:19:27, 0.0, 7.47e-08
2018-08-05, 17:19:29, 0.0, 7.47e-08
2018-08-05, 17:19:31, 0.0, 7.46e-08
2018-08-05, 17:19:33, 0.0, 7.42e-08
2018-08-05, 17:19:35, 0.0, 7.51e-08
2018-08-05, 17:19:37, 0.0, 7.45e-08
2018-08-05, 17:19:39, 0.0, 7.45e-08
2018-08-05, 17:19:42, 0.0, 7.47e-08
2018-08-05, 17:19:44, 0.0, 7.44e-08
2018-08-05, 17:19:46, 0.0, 7.5e-08
2018-08-05, 17:19:48, 0.0, 7.46e-08
2018-08-05, 17:19:50, 0.0, 7.47e-08
2018-08-05, 17:19:52, 0.0, 7.47e-08
2018-08-05, 17:19:54, 0.0, 7.41e-08
2018-08-05, 17:19:56, 0.0, 7.5e-08
2018-08-05, 17:19:59, 0.0, 7.53e-08
2018-08-05, 17:20:01, 0.0, 7.43e-08
2018-08-05, 17:20:03, 0.0, 7.49e-08
2018-08-05, 17:20:05, 0.0, 7.47e-08
2018-08-05, 17:20:07, 0.0, 7.46e-08
2018-08-05, 17:20:09, 0.0, 7.48e-08
2018-08-05, 17:20:11, 0.0, 7.44e-08
2018-08-05, 17:20:13, 0.0, 7.45e-08
2018-08-05, 17:20:16, 0.0, 7.48e-08
2018-08-05, 17:20:18, 0.0, 7.48e-08
2018-08-05, 17:20:20, 0.0, 7.46e-08
2018-08-05, 17:20:22, 0.0, 7.46e-08
2018-08-05, 17:20:24, 0.0, 7.5e-08
2018-08-05, 17:20:26, 0.0, 7.53e-08
2018-08-05, 17:20:28, 0.0, 7.55e-08
2018-08-05, 17:20:30, 0.0, 7.53e-08
2018-08-05, 17:20:33, 0.0, 7.48e-08
2018-08-05, 17:20:35, 0.0, 7.54e-08
2018-08-05, 17:20:37, 0.0, 7.51e-08
2018-08-05, 17:20:39, 0.0, 7.51e-08
2018-08-05, 17:20:41, 0.0, 7.52e-08
2018-08-05, 17:20:43, 0.0, 7.47e-08
2018-08-05, 17:20:45, 0.0, 7.44e-08
2018-08-05, 17:20:47, 0.0, 7.46e-08
2018-08-05, 17:20:50, 0.0, 7.48e-08
2018-08-05, 17:20:52, 0.0, 7.52e-08
2018-08-05, 17:20:54, 0.0, 7.49e-08
2018-08-05, 17:20:56, 0.0, 7.51e-08
2018-08-05, 17:20:58, 0.0, 7.51e-08
2018-08-05, 17:21:00, 0.0, 7.49e-08
2018-08-05, 17:21:02, 0.0, 7.52e-08
2018-08-05, 17:21:04, 0.0, 7.51e-08
2018-08-05, 17:21:07, 0.0, 7.5e-08
2018-08-05, 17:21:09, 0.0, 7.47e-08
2018-08-05, 17:21:11, 0.0, 7.47e-08
2018-08-05, 17:21:13, 0.0, 7.49e-08
2018-08-05, 17:21:15, 0.0, 7.4e-08
2018-08-05, 17:21:17, 0.0, 7.46e-08
2018-08-05, 17:21:19, 0.0, 7.5e-08
2018-08-05, 17:21:22, 0.0, 7.5e-08
2018-08-05, 17:21:24, 0.0, 7.47e-08
2018-08-05, 17:21:26, 0.0, 7.54e-08
2018-08-05, 17:21:28, 0.0, 7.57e-08
2018-08-05, 17:21:30, 0.0, 7.5e-08
2018-08-05, 17:21:32, 0.0, 7.53e-08
2018-08-05, 17:21:34, 0.0, 7.52e-08
2018-08-05, 17:21:36, 0.0, 7.52e-08
2018-08-05, 17:21:39, 0.0, 7.5e-08
2018-08-05, 17:21:41, 0.0, 7.52e-08
2018-08-05, 17:21:43, 0.0, 7.51e-08
2018-08-05, 17:21:45, 0.0, 7.48e-08
2018-08-05, 17:21:47, 0.0, 7.5e-08
2018-08-05, 17:21:49, 0.0, 7.5e-08
2018-08-05, 17:21:51, 0.0, 7.5e-08
2018-08-05, 17:21:53, 0.0, 7.49e-08
2018-08-05, 17:21:56, 0.0, 7.47e-08
2018-08-05, 17:21:58, 0.0, 7.48e-08
2018-08-05, 17:22:00, 0.0, 7.48e-08
2018-08-05, 17:22:02, 0.0, 7.47e-08
2018-08-05, 17:22:04, 0.0, 7.5e-08
2018-08-05, 17:22:06, 0.0, 7.45e-08
2018-08-05, 17:22:08, 0.0, 7.44e-08
2018-08-05, 17:22:11, 0.0, 7.44e-08
2018-08-05, 17:22:13, 0.0, 7.48e-08
2018-08-05, 17:22:15, 0.0, 7.47e-08
2018-08-05, 17:22:17, 0.0, 7.44e-08
2018-08-05, 17:22:19, 0.0, 7.52e-08
2018-08-05, 17:22:21, 0.0, 7.46e-08
2018-08-05, 17:22:23, 0.0, 7.55e-08
2018-08-05, 17:22:25, 0.0, 7.4e-08
2018-08-05, 17:22:28, 0.0, 7.44e-08
2018-08-05, 17:22:30, 0.0, 7.46e-08
2018-08-05, 17:22:32, 0.0, 7.49e-08
2018-08-05, 17:22:34, 0.0, 7.47e-08
2018-08-05, 17:22:36, 0.0, 7.44e-08
2018-08-05, 17:22:38, 0.0, 7.5e-08
2018-08-05, 17:22:40, 0.0, 7.51e-08
2018-08-05, 17:22:42, 0.0, 7.47e-08
2018-08-05, 17:22:45, 0.0, 7.51e-08
2018-08-05, 17:22:47, 0.0, 7.51e-08
2018-08-05, 17:22:49, 0.0, 7.51e-08
2018-08-05, 17:22:51, 0.0, 7.47e-08
2018-08-05, 17:22:53, 0.0, 7.48e-08
2018-08-05, 17:22:55, 0.0, 7.53e-08
2018-08-05, 17:22:57, 0.0, 7.46e-08
2018-08-05, 17:22:59, 0.0, 7.48e-08
2018-08-05, 17:23:02, 0.0, 7.5e-08
2018-08-05, 17:23:04, 0.0, 7.48e-08
2018-08-05, 17:23:06, 0.0, 7.46e-08
2018-08-05, 17:23:08, 0.0, 7.44e-08
2018-08-05, 17:23:10, 0.0, 7.52e-08
2018-08-05, 17:23:12, 0.0, 7.52e-08
2018-08-05, 17:23:14, 0.0, 7.46e-08
2018-08-05, 17:23:16, 0.0, 7.51e-08
2018-08-05, 17:23:19, 0.0, 7.51e-08
2018-08-05, 17:23:21, 0.0, 7.47e-08
2018-08-05, 17:23:23, 0.0, 7.48e-08
2018-08-05, 17:23:25, 0.0, 7.51e-08
2018-08-05, 17:23:27, 0.0, 7.49e-08
2018-08-05, 17:23:29, 0.0, 7.49e-08
2018-08-05, 17:23:31, 0.0, 7.53e-08
2018-08-05, 17:23:33, 0.0, 7.49e-08
2018-08-05, 17:23:36, 0.0, 7.52e-08
2018-08-05, 17:23:38, 0.0, 7.53e-08
2018-08-05, 17:23:40, 0.0, 7.47e-08
2018-08-05, 17:23:42, 0.0, 7.49e-08
2018-08-05, 17:23:44, 0.0, 7.46e-08
2018-08-05, 17:23:46, 0.0, 7.53e-08
2018-08-05, 17:23:48, 0.0, 7.54e-08
2018-08-05, 17:23:50, 0.0, 7.51e-08
2018-08-05, 17:23:53, 0.0, 7.46e-08
2018-08-05, 17:23:55, 0.0, 7.46e-08
2018-08-05, 17:23:57, 0.0, 7.45e-08
2018-08-05, 17:23:59, 0.0, 7.43e-08
2018-08-05, 17:24:01, 0.0, 7.49e-08
2018-08-05, 17:24:03, 0.0, 7.45e-08
2018-08-05, 17:24:05, 0.0, 7.53e-08
2018-08-05, 17:24:07, 0.0, 7.5e-08
2018-08-05, 17:24:10, 0.0, 7.5e-08
2018-08-05, 17:24:12, 0.0, 7.46e-08
2018-08-05, 17:24:14, 0.0, 7.42e-08
2018-08-05, 17:24:16, 0.0, 7.42e-08
2018-08-05, 17:24:18, 0.0, 7.43e-08
2018-08-05, 17:24:20, 0.0, 7.44e-08
2018-08-05, 17:24:22, 0.0, 7.47e-08
2018-08-05, 17:24:24, 0.0, 7.51e-08
2018-08-05, 17:24:27, 0.0, 7.39e-08
2018-08-05, 17:24:29, 0.0, 7.45e-08
2018-08-05, 17:24:31, 0.0, 7.48e-08
2018-08-05, 17:24:33, 0.0, 7.45e-08
2018-08-05, 17:24:35, 0.0, 7.45e-08
2018-08-05, 17:24:37, 0.0, 7.47e-08
2018-08-05, 17:24:39, 0.0, 7.5e-08
2018-08-05, 17:24:41, 0.0, 7.49e-08
2018-08-05, 17:24:43, 0.0, 7.51e-08
2018-08-05, 17:24:46, 0.0, 7.43e-08
2018-08-05, 17:24:48, 0.0, 7.47e-08
2018-08-05, 17:24:50, 0.0, 7.42e-08
2018-08-05, 17:24:52, 0.0, 7.53e-08
2018-08-05, 17:24:54, 0.0, 7.42e-08
2018-08-05, 17:24:56, 0.0, 7.47e-08
2018-08-05, 17:24:58, 0.0, 7.48e-08
2018-08-05, 17:25:01, 0.0, 7.47e-08
2018-08-05, 17:25:03, 0.0, 7.48e-08
2018-08-05, 17:25:05, 0.0, 7.42e-08
2018-08-05, 17:25:07, 0.0, 7.53e-08
2018-08-05, 17:25:09, 0.0, 7.48e-08
2018-08-05, 17:25:11, 0.0, 7.48e-08
2018-08-05, 17:25:13, 0.0, 7.47e-08
2018-08-05, 17:25:15, 0.0, 7.46e-08
2018-08-05, 17:25:18, 0.0, 7.48e-08
2018-08-05, 17:25:20, 0.0, 7.49e-08
2018-08-05, 17:25:22, 0.0, 7.43e-08
2018-08-05, 17:25:24, 0.0, 7.45e-08
2018-08-05, 17:25:26, 0.0, 7.48e-08
2018-08-05, 17:25:28, 0.0, 7.37e-08
2018-08-05, 17:25:30, 0.0, 7.49e-08
2018-08-05, 17:25:32, 0.0, 7.44e-08
2018-08-05, 17:25:35, 0.0, 7.47e-08
2018-08-05, 17:25:37, 0.0, 7.42e-08
2018-08-05, 17:25:39, 0.0, 7.41e-08
2018-08-05, 17:25:41, 0.0, 7.45e-08
2018-08-05, 17:25:43, 0.0, 7.53e-08
2018-08-05, 17:25:45, 0.0, 7.5e-08
2018-08-05, 17:25:47, 0.0, 7.49e-08
2018-08-05, 17:25:49, 0.0, 7.47e-08
2018-08-05, 17:25:52, 0.0, 7.45e-08
2018-08-05, 17:25:54, 0.0, 7.46e-08
2018-08-05, 17:25:56, 0.0, 7.46e-08
2018-08-05, 17:25:58, 0.0, 7.47e-08
2018-08-05, 17:26:00, 0.0, 7.55e-08
2018-08-05, 17:26:02, 0.0, 7.58e-08
2018-08-05, 17:26:04, 0.0, 7.48e-08
2018-08-05, 17:26:06, 0.0, 7.53e-08
2018-08-05, 17:26:09, 0.0, 7.48e-08
2018-08-05, 17:26:11, 0.0, 7.44e-08
2018-08-05, 17:26:13, 0.0, 7.42e-08
2018-08-05, 17:26:15, 0.0, 7.5e-08
2018-08-05, 17:26:17, 0.0, 7.45e-08
2018-08-05, 17:26:19, 0.0, 7.53e-08
2018-08-05, 17:26:21, 0.0, 7.48e-08
2018-08-05, 17:26:23, 0.0, 7.44e-08
2018-08-05, 17:26:26, 0.0, 7.45e-08
2018-08-05, 17:26:28, 0.0, 7.43e-08
2018-08-05, 17:26:30, 0.0, 7.46e-08
2018-08-05, 17:26:32, 0.0, 7.5e-08
2018-08-05, 17:26:34, 0.0, 7.52e-08
2018-08-05, 17:26:36, 0.0, 7.49e-08
2018-08-05, 17:26:38, 0.0, 7.51e-08
2018-08-05, 17:26:40, 0.0, 7.49e-08
2018-08-05, 17:26:43, 0.0, 7.46e-08
2018-08-05, 17:26:45, 0.0, 7.48e-08
2018-08-05, 17:26:47, 0.0, 7.46e-08
2018-08-05, 17:26:49, 0.0, 7.44e-08
2018-08-05, 17:26:51, 0.0, 7.49e-08
2018-08-05, 17:26:53, 0.0, 7.43e-08
2018-08-05, 17:26:55, 0.0, 7.51e-08
2018-08-05, 17:26:57, 0.0, 7.52e-08
2018-08-05, 17:27:00, 0.0, 7.49e-08
2018-08-05, 17:27:02, 0.0, 7.44e-08
2018-08-05, 17:27:04, 0.0, 7.5e-08
2018-08-05, 17:27:06, 0.0, 7.44e-08
2018-08-05, 17:27:08, 0.0, 7.52e-08
2018-08-05, 17:27:10, 0.0, 7.41e-08
2018-08-05, 17:27:12, 0.0, 7.44e-08
2018-08-05, 17:27:15, 0.0, 7.48e-08
2018-08-05, 17:27:17, 0.0, 7.42e-08
2018-08-05, 17:27:19, 0.0, 7.39e-08
2018-08-05, 17:27:21, 0.0, 7.44e-08
2018-08-05, 17:27:23, 0.0, 7.43e-08
2018-08-05, 17:27:25, 0.0, 7.53e-08
2018-08-05, 17:27:27, 0.0, 7.43e-08
2018-08-05, 17:27:29, 0.0, 7.49e-08
2018-08-05, 17:27:31, 0.0, 7.52e-08
2018-08-05, 17:27:34, 0.0, 7.49e-08
2018-08-05, 17:27:36, 0.0, 7.54e-08
2018-08-05, 17:27:38, 0.0, 7.5e-08
2018-08-05, 17:27:40, 0.0, 7.48e-08
2018-08-05, 17:27:42, 0.0, 7.41e-08
2018-08-05, 17:27:44, 0.0, 7.51e-08
2018-08-05, 17:27:46, 0.0, 7.48e-08
2018-08-05, 17:27:49, 0.0, 7.44e-08
2018-08-05, 17:27:51, 0.0, 7.52e-08
2018-08-05, 17:27:53, 0.0, 7.44e-08
2018-08-05, 17:27:55, 0.0, 7.42e-08
2018-08-05, 17:27:57, 0.0, 7.44e-08
2018-08-05, 17:27:59, 0.0, 7.48e-08
2018-08-05, 17:28:01, 0.0, 7.48e-08
2018-08-05, 17:28:03, 0.0, 7.47e-08
2018-08-05, 17:28:06, 0.0, 7.46e-08
2018-08-05, 17:28:08, 0.0, 7.39e-08
2018-08-05, 17:28:10, 0.0, 7.46e-08
2018-08-05, 17:28:12, 0.0, 7.46e-08
2018-08-05, 17:28:14, 0.0, 7.48e-08
2018-08-05, 17:28:16, 0.0, 7.43e-08
2018-08-05, 17:28:18, 0.0, 7.48e-08
2018-08-05, 17:28:20, 0.0, 7.43e-08
2018-08-05, 17:28:23, 0.0, 7.43e-08
2018-08-05, 17:28:25, 0.0, 7.45e-08
2018-08-05, 17:28:27, 0.0, 7.43e-08
2018-08-05, 17:28:29, 0.0, 7.44e-08
2018-08-05, 17:28:31, 0.0, 7.47e-08
2018-08-05, 17:28:33, 0.0, 7.41e-08
2018-08-05, 17:28:35, 0.0, 7.48e-08
2018-08-05, 17:28:37, 0.0, 7.45e-08
2018-08-05, 17:28:40, 0.0, 7.4e-08
2018-08-05, 17:28:42, 0.0, 7.43e-08
2018-08-05, 17:28:44, 0.0, 7.49e-08
2018-08-05, 17:28:46, 0.0, 7.5e-08
2018-08-05, 17:28:48, 0.0, 7.51e-08
2018-08-05, 17:28:50, 0.0, 7.48e-08
2018-08-05, 17:28:52, 0.0, 7.48e-08
2018-08-05, 17:28:55, 0.0, 7.48e-08
2018-08-05, 17:28:57, 0.0, 7.47e-08
2018-08-05, 17:28:59, 0.0, 7.48e-08
2018-08-05, 17:29:01, 0.0, 7.51e-08
2018-08-05, 17:29:03, 0.0, 7.42e-08
2018-08-05, 17:29:05, 0.0, 7.46e-08
2018-08-05, 17:29:07, 0.0, 7.54e-08
2018-08-05, 17:29:09, 0.0, 7.46e-08
2018-08-05, 17:29:12, 0.0, 7.48e-08
2018-08-05, 17:29:14, 0.0, 7.5e-08
2018-08-05, 17:29:16, 0.0, 7.37e-08
2018-08-05, 17:29:18, 0.0, 7.44e-08
2018-08-05, 17:29:20, 0.0, 7.5e-08
2018-08-05, 17:29:22, 0.0, 7.48e-08
2018-08-05, 17:29:24, 0.0, 7.51e-08
2018-08-05, 17:29:27, 0.0, 7.49e-08
2018-08-05, 17:29:29, 0.0, 7.53e-08
2018-08-05, 17:29:31, 0.0, 7.49e-08
2018-08-05, 17:29:33, 0.0, 7.44e-08
2018-08-05, 17:29:35, 0.0, 7.45e-08
2018-08-05, 17:29:37, 0.0, 7.43e-08
2018-08-05, 17:29:39, 0.0, 7.39e-08
2018-08-05, 17:29:41, 0.0, 7.43e-08
2018-08-05, 17:29:44, 0.0, 7.47e-08
2018-08-05, 17:29:46, 0.0, 7.42e-08
2018-08-05, 17:29:48, 0.0, 7.47e-08
2018-08-05, 17:29:50, 0.0, 7.46e-08
2018-08-05, 17:29:52, 0.0, 7.39e-08
2018-08-05, 17:29:54, 0.0, 7.42e-08
2018-08-05, 17:29:56, 0.0, 7.44e-08
2018-08-05, 17:29:58, 0.0, 7.46e-08
2018-08-05, 17:30:01, 0.0, 7.46e-08
2018-08-05, 17:30:03, 0.0, 7.48e-08
2018-08-05, 17:30:05, 0.0, 7.47e-08
2018-08-05, 17:30:07, 0.0, 7.46e-08
2018-08-05, 17:30:09, 0.0, 7.47e-08
2018-08-05, 17:30:11, 0.0, 7.47e-08
2018-08-05, 17:30:13, 0.0, 7.49e-08
2018-08-05, 17:30:15, 0.0, 7.47e-08
2018-08-05, 17:30:18, 0.0, 7.41e-08
2018-08-05, 17:30:20, 0.0, 7.42e-08
2018-08-05, 17:30:22, 0.0, 7.5e-08
2018-08-05, 17:30:24, 0.0, 7.46e-08
2018-08-05, 17:30:26, 0.0, 7.51e-08
2018-08-05, 17:30:28, 0.0, 7.51e-08
2018-08-05, 17:30:30, 0.0, 7.37e-08
2018-08-05, 17:30:33, 0.0, 7.51e-08
2018-08-05, 17:30:35, 0.0, 7.52e-08
2018-08-05, 17:30:37, 0.0, 7.49e-08
2018-08-05, 17:30:39, 0.0, 7.55e-08
2018-08-05, 17:30:41, 0.0, 7.46e-08
2018-08-05, 17:30:43, 0.0, 7.48e-08
2018-08-05, 17:30:45, 0.0, 7.47e-08
2018-08-05, 17:30:47, 0.0, 7.49e-08
2018-08-05, 17:30:50, 0.0, 7.49e-08
2018-08-05, 17:30:52, 0.0, 7.47e-08
2018-08-05, 17:30:54, 0.0, 7.43e-08
2018-08-05, 17:30:56, 0.0, 7.44e-08
2018-08-05, 17:30:58, 0.0, 7.48e-08
2018-08-05, 17:31:00, 0.0, 7.46e-08
2018-08-05, 17:31:02, 0.0, 7.45e-08
2018-08-05, 17:31:04, 0.0, 7.49e-08
2018-08-05, 17:31:07, 0.0, 7.51e-08
2018-08-05, 17:31:09, 0.0, 7.43e-08
2018-08-05, 17:31:11, 0.0, 7.44e-08
2018-08-05, 17:31:13, 0.0, 7.48e-08
2018-08-05, 17:31:15, 0.0, 7.5e-08
2018-08-05, 17:31:17, 0.0, 7.48e-08
2018-08-05, 17:31:19, 0.0, 7.5e-08
2018-08-05, 17:31:21, 0.0, 7.49e-08
2018-08-05, 17:31:24, 0.0, 7.45e-08
2018-08-05, 17:31:26, 0.0, 7.42e-08
2018-08-05, 17:31:28, 0.0, 7.5e-08
2018-08-05, 17:31:30, 0.0, 7.47e-08
2018-08-05, 17:31:32, 0.0, 7.49e-08
2018-08-05, 17:31:34, 0.0, 7.4e-08
2018-08-05, 17:31:36, 0.0, 7.43e-08
2018-08-05, 17:31:38, 0.0, 7.52e-08
2018-08-05, 17:31:41, 0.0, 7.46e-08
2018-08-05, 17:31:43, 0.0, 7.52e-08
2018-08-05, 17:31:45, 0.0, 7.47e-08
2018-08-05, 17:31:47, 0.0, 7.43e-08
2018-08-05, 17:31:49, 0.0, 7.51e-08
2018-08-05, 17:31:51, 0.0, 7.43e-08
2018-08-05, 17:31:53, 0.0, 7.46e-08
2018-08-05, 17:31:55, 0.0, 7.46e-08
2018-08-05, 17:31:58, 0.0, 7.47e-08
2018-08-05, 17:32:00, 0.0, 7.42e-08
2018-08-05, 17:32:02, 0.0, 7.45e-08
2018-08-05, 17:32:04, 0.0, 7.39e-08
2018-08-05, 17:32:06, 0.0, 7.5e-08
2018-08-05, 17:32:08, 0.0, 7.41e-08
2018-08-05, 17:32:10, 0.0, 7.46e-08
2018-08-05, 17:32:13, 0.0, 7.47e-08
2018-08-05, 17:32:15, 0.0, 7.42e-08
2018-08-05, 17:32:17, 0.0, 7.45e-08
2018-08-05, 17:32:19, 0.0, 7.45e-08
2018-08-05, 17:32:21, 0.0, 7.41e-08
2018-08-05, 17:32:23, 0.0, 7.41e-08
2018-08-05, 17:32:25, 0.0, 7.47e-08
2018-08-05, 17:32:27, 0.0, 7.51e-08
2018-08-05, 17:32:30, 0.0, 7.49e-08
2018-08-05, 17:32:32, 0.0, 7.49e-08
2018-08-05, 17:32:34, 0.0, 7.47e-08
2018-08-05, 17:32:36, 0.0, 7.51e-08
2018-08-05, 17:32:38, 0.0, 7.45e-08
2018-08-05, 17:32:40, 0.0, 7.43e-08
2018-08-05, 17:32:42, 0.0, 7.4e-08
2018-08-05, 17:32:44, 0.0, 7.46e-08
2018-08-05, 17:32:47, 0.0, 7.41e-08
2018-08-05, 17:32:49, 0.0, 7.41e-08
2018-08-05, 17:32:51, 0.0, 7.4e-08
2018-08-05, 17:32:53, 0.0, 7.39e-08
2018-08-05, 17:32:55, 0.0, 7.34e-08
2018-08-05, 17:32:57, 0.0, 7.42e-08
2018-08-05, 17:32:59, 0.0, 7.46e-08
2018-08-05, 17:33:01, 0.0, 7.45e-08
2018-08-05, 17:33:04, 0.0, 7.44e-08
2018-08-05, 17:33:06, 0.0, 7.48e-08
2018-08-05, 17:33:08, 0.0, 7.45e-08
2018-08-05, 17:33:10, 0.0, 7.4e-08
2018-08-05, 17:33:12, 0.0, 7.44e-08
2018-08-05, 17:33:14, 0.0, 7.47e-08
2018-08-05, 17:33:16, 0.0, 7.49e-08
2018-08-05, 17:33:18, 0.0, 7.47e-08
2018-08-05, 17:33:21, 0.0, 7.44e-08
2018-08-05, 17:33:23, 0.0, 7.48e-08
2018-08-05, 17:33:25, 0.0, 7.46e-08
2018-08-05, 17:33:27, 0.0, 7.5e-08
2018-08-05, 17:33:29, 0.0, 7.49e-08
2018-08-05, 17:33:31, 0.0, 7.42e-08
2018-08-05, 17:33:33, 0.0, 7.47e-08
2018-08-05, 17:33:35, 0.0, 7.39e-08
2018-08-05, 17:33:38, 0.0, 7.5e-08
2018-08-05, 17:33:40, 0.0, 7.44e-08
2018-08-05, 17:33:42, 0.0, 7.5e-08
2018-08-05, 17:33:44, 0.0, 7.45e-08
2018-08-05, 17:33:46, 0.0, 7.39e-08
2018-08-05, 17:33:48, 0.0, 7.51e-08
2018-08-05, 17:33:50, 0.0, 7.47e-08
2018-08-05, 17:33:52, 0.0, 7.42e-08
2018-08-05, 17:33:55, 0.0, 7.51e-08
2018-08-05, 17:33:57, 0.0, 7.52e-08
2018-08-05, 17:33:59, 0.0, 7.43e-08
2018-08-05, 17:34:01, 0.0, 7.43e-08
2018-08-05, 17:34:03, 0.0, 7.48e-08
2018-08-05, 17:34:05, 0.0, 7.46e-08
2018-08-05, 17:34:07, 0.0, 7.47e-08
2018-08-05, 17:34:09, 0.0, 7.47e-08
2018-08-05, 17:34:12, 0.0, 7.51e-08
2018-08-05, 17:34:14, 0.0, 7.53e-08
2018-08-05, 17:34:16, 0.0, 7.5e-08
2018-08-05, 17:34:18, 0.0, 7.53e-08
2018-08-05, 17:34:20, 0.0, 7.5e-08
2018-08-05, 17:34:22, 0.0, 7.46e-08
2018-08-05, 17:34:24, 0.0, 7.45e-08
2018-08-05, 17:34:26, 0.0, 7.51e-08
2018-08-05, 17:34:29, 0.0, 7.53e-08
2018-08-05, 17:34:31, 0.0, 7.44e-08
2018-08-05, 17:34:33, 0.0, 7.48e-08
2018-08-05, 17:34:35, 0.0, 7.44e-08
2018-08-05, 17:34:37, 0.0, 7.51e-08
2018-08-05, 17:34:39, 0.0, 7.51e-08
2018-08-05, 17:34:41, 0.0, 7.45e-08
2018-08-05, 17:34:43, 0.0, 7.45e-08
2018-08-05, 17:34:46, 0.0, 7.48e-08
2018-08-05, 17:34:48, 0.0, 7.49e-08
2018-08-05, 17:34:50, 0.0, 7.45e-08
2018-08-05, 17:34:52, 0.0, 7.48e-08
2018-08-05, 17:34:54, 0.0, 7.49e-08
2018-08-05, 17:34:56, 0.0, 7.49e-08
2018-08-05, 17:34:58, 0.0, 7.47e-08
2018-08-05, 17:35:00, 0.0, 7.49e-08
2018-08-05, 17:35:03, 0.0, 7.49e-08
2018-08-05, 17:35:05, 0.0, 7.42e-08
2018-08-05, 17:35:07, 0.0, 7.45e-08
2018-08-05, 17:35:09, 0.0, 7.39e-08
2018-08-05, 17:35:11, 0.0, 7.49e-08
2018-08-05, 17:35:13, 0.0, 7.41e-08
2018-08-05, 17:35:15, 0.0, 7.44e-08
2018-08-05, 17:35:18, 0.0, 7.43e-08
2018-08-05, 17:35:20, 0.0, 7.45e-08
2018-08-05, 17:35:22, 0.0, 7.43e-08
2018-08-05, 17:35:24, 0.0, 7.44e-08
2018-08-05, 17:35:26, 0.0, 7.45e-08
2018-08-05, 17:35:28, 0.0, 7.43e-08
2018-08-05, 17:35:30, 0.0, 7.48e-08
2018-08-05, 17:35:32, 0.0, 7.48e-08
2018-08-05, 17:35:35, 0.0, 7.41e-08
2018-08-05, 17:35:37, 0.0, 7.45e-08
2018-08-05, 17:35:39, 0.0, 7.43e-08
2018-08-05, 17:35:41, 0.0, 7.46e-08
2018-08-05, 17:35:43, 0.0, 7.5e-08
2018-08-05, 17:35:45, 0.0, 7.48e-08
2018-08-05, 17:35:47, 0.0, 7.46e-08
2018-08-05, 17:35:49, 0.0, 7.53e-08
2018-08-05, 17:35:52, 0.0, 7.49e-08
2018-08-05, 17:35:54, 0.0, 7.48e-08
2018-08-05, 17:35:56, 0.0, 7.44e-08
2018-08-05, 17:35:58, 0.0, 7.49e-08
2018-08-05, 17:36:00, 0.0, 7.5e-08
2018-08-05, 17:36:02, 0.0, 7.48e-08
2018-08-05, 17:36:04, 0.0, 7.5e-08
2018-08-05, 17:36:06, 0.0, 7.41e-08
2018-08-05, 17:36:09, 0.0, 7.5e-08
2018-08-05, 17:36:11, 0.0, 7.46e-08
2018-08-05, 17:36:13, 0.0, 7.46e-08
2018-08-05, 17:36:15, 0.0, 7.46e-08
2018-08-05, 17:36:17, 0.0, 7.47e-08
2018-08-05, 17:36:19, 0.0, 7.47e-08
2018-08-05, 17:36:21, 0.0, 7.48e-08
2018-08-05, 17:36:23, 0.0, 7.47e-08
2018-08-05, 17:36:26, 0.0, 7.42e-08
2018-08-05, 17:36:28, 0.0, 7.47e-08
2018-08-05, 17:36:30, 0.0, 7.45e-08
2018-08-05, 17:36:32, 0.0, 7.41e-08
2018-08-05, 17:36:34, 0.0, 7.45e-08
2018-08-05, 17:36:36, 0.0, 7.47e-08
2018-08-05, 17:36:38, 0.0, 7.44e-08
2018-08-05, 17:36:40, 0.0, 7.43e-08
2018-08-05, 17:36:43, 0.0, 7.46e-08
2018-08-05, 17:36:45, 0.0, 7.45e-08
2018-08-05, 17:36:47, 0.0, 7.45e-08
2018-08-05, 17:36:49, 0.0, 7.51e-08
2018-08-05, 17:36:51, 0.0, 7.36e-08
2018-08-05, 17:36:53, 0.0, 7.41e-08
2018-08-05, 17:36:55, 0.0, 7.49e-08
2018-08-05, 17:36:58, 0.0, 7.43e-08
2018-08-05, 17:37:00, 0.0, 7.4e-08
2018-08-05, 17:37:02, 0.0, 7.42e-08
2018-08-05, 17:37:04, 0.0, 7.46e-08
2018-08-05, 17:37:06, 0.0, 7.48e-08
2018-08-05, 17:37:08, 0.0, 7.45e-08
2018-08-05, 17:37:10, 0.0, 7.44e-08
2018-08-05, 17:37:12, 0.0, 7.47e-08
2018-08-05, 17:37:15, 0.0, 7.51e-08
2018-08-05, 17:37:17, 0.0, 7.47e-08
2018-08-05, 17:37:19, 0.0, 7.45e-08
2018-08-05, 17:37:21, 0.0, 7.43e-08
2018-08-05, 17:37:23, 0.0, 7.46e-08
2018-08-05, 17:37:25, 0.0, 7.41e-08
2018-08-05, 17:37:27, 0.0, 7.46e-08
2018-08-05, 17:37:29, 0.0, 7.4e-08
2018-08-05, 17:37:32, 0.0, 7.48e-08
2018-08-05, 17:37:34, 0.0, 7.41e-08
2018-08-05, 17:37:36, 0.0, 7.48e-08
2018-08-05, 17:37:38, 0.0, 7.44e-08
2018-08-05, 17:37:40, 0.0, 7.47e-08
2018-08-05, 17:37:42, 0.0, 7.39e-08
2018-08-05, 17:37:44, 0.0, 7.47e-08
2018-08-05, 17:37:46, 0.0, 7.39e-08
2018-08-05, 17:37:49, 0.0, 7.44e-08
2018-08-05, 17:37:51, 0.0, 7.45e-08
2018-08-05, 17:37:53, 0.0, 7.47e-08
2018-08-05, 17:37:55, 0.0, 7.46e-08
2018-08-05, 17:37:57, 0.0, 7.46e-08
2018-08-05, 17:37:59, 0.0, 7.46e-08
2018-08-05, 17:38:01, 0.0, 7.39e-08
2018-08-05, 17:38:03, 0.0, 7.46e-08
2018-08-05, 17:38:06, 0.0, 7.38e-08
2018-08-05, 17:38:08, 0.0, 7.47e-08
2018-08-05, 17:38:10, 0.0, 7.38e-08
2018-08-05, 17:38:12, 0.0, 7.46e-08
2018-08-05, 17:38:14, 0.0, 7.43e-08
2018-08-05, 17:38:16, 0.0, 7.49e-08
2018-08-05, 17:38:18, 0.0, 7.44e-08
2018-08-05, 17:38:21, 0.0, 7.44e-08
2018-08-05, 17:38:23, 0.0, 7.47e-08
2018-08-05, 17:38:25, 0.0, 7.41e-08
2018-08-05, 17:38:27, 0.0, 7.49e-08
2018-08-05, 17:38:29, 0.0, 7.51e-08
2018-08-05, 17:38:31, 0.0, 7.39e-08
2018-08-05, 17:38:33, 0.0, 7.38e-08
2018-08-05, 17:38:35, 0.0, 7.47e-08
2018-08-05, 17:38:38, 0.0, 7.48e-08
2018-08-05, 17:38:40, 0.0, 7.42e-08
2018-08-05, 17:38:42, 0.0, 7.44e-08
2018-08-05, 17:38:44, 0.0, 7.43e-08
2018-08-05, 17:38:46, 0.0, 7.46e-08
2018-08-05, 17:38:48, 0.0, 7.46e-08
2018-08-05, 17:38:50, 0.0, 7.42e-08
2018-08-05, 17:38:52, 0.0, 7.42e-08
2018-08-05, 17:38:55, 0.0, 7.46e-08
2018-08-05, 17:38:57, 0.0, 7.43e-08
2018-08-05, 17:38:59, 0.0, 7.45e-08
2018-08-05, 17:39:01, 0.0, 7.43e-08
2018-08-05, 17:39:03, 0.0, 7.46e-08
2018-08-05, 17:39:05, 0.0, 7.47e-08
2018-08-05, 17:39:07, 0.0, 7.47e-08
2018-08-05, 17:39:09, 0.0, 7.49e-08
2018-08-05, 17:39:12, 0.0, 7.47e-08
2018-08-05, 17:39:14, 0.0, 7.41e-08
2018-08-05, 17:39:16, 0.0, 7.43e-08
2018-08-05, 17:39:18, 0.0, 7.49e-08
2018-08-05, 17:39:20, 0.0, 7.53e-08
2018-08-05, 17:39:22, 0.0, 7.52e-08
2018-08-05, 17:39:24, 0.0, 7.54e-08
2018-08-05, 17:39:26, 0.0, 7.53e-08
2018-08-05, 17:39:29, 0.0, 7.46e-08
2018-08-05, 17:39:31, 0.0, 7.48e-08
2018-08-05, 17:39:33, 0.0, 7.47e-08
2018-08-05, 17:39:35, 0.0, 7.44e-08
2018-08-05, 17:39:37, 0.0, 7.48e-08
2018-08-05, 17:39:39, 0.0, 7.51e-08
2018-08-05, 17:39:41, 0.0, 7.47e-08
2018-08-05, 17:39:44, 0.0, 7.44e-08
2018-08-05, 17:39:46, 0.0, 7.5e-08
2018-08-05, 17:39:48, 0.0, 7.52e-08
2018-08-05, 17:39:50, 0.0, 7.49e-08
2018-08-05, 17:39:52, 0.0, 7.46e-08
2018-08-05, 17:39:54, 0.0, 7.41e-08
2018-08-05, 17:39:56, 0.0, 7.42e-08
2018-08-05, 17:39:58, 0.0, 7.45e-08
2018-08-05, 17:40:01, 0.0, 7.41e-08
2018-08-05, 17:40:03, 0.0, 7.43e-08
2018-08-05, 17:40:05, 0.0, 7.44e-08
2018-08-05, 17:40:07, 0.0, 7.44e-08
2018-08-05, 17:40:09, 0.0, 7.43e-08
2018-08-05, 17:40:11, 0.0, 7.5e-08
2018-08-05, 17:40:13, 0.0, 7.49e-08
2018-08-05, 17:40:15, 0.0, 7.45e-08
2018-08-05, 17:40:18, 0.0, 7.39e-08
2018-08-05, 17:40:20, 0.0, 7.42e-08
2018-08-05, 17:40:22, 0.0, 7.45e-08
2018-08-05, 17:40:24, 0.0, 7.48e-08
2018-08-05, 17:40:26, 0.0, 7.44e-08
2018-08-05, 17:40:28, 0.0, 7.45e-08
2018-08-05, 17:40:30, 0.0, 7.49e-08
2018-08-05, 17:40:32, 0.0, 7.42e-08
2018-08-05, 17:40:35, 0.0, 7.48e-08
2018-08-05, 17:40:37, 0.0, 7.45e-08
2018-08-05, 17:40:39, 0.0, 7.44e-08
2018-08-05, 17:40:41, 0.0, 7.45e-08
2018-08-05, 17:40:43, 0.0, 7.48e-08
2018-08-05, 17:40:45, 0.0, 7.43e-08
2018-08-05, 17:40:47, 0.0, 7.43e-08
2018-08-05, 17:40:49, 0.0, 7.46e-08
2018-08-05, 17:40:52, 0.0, 7.54e-08
2018-08-05, 17:40:54, 0.0, 7.49e-08
2018-08-05, 17:40:56, 0.0, 7.43e-08
2018-08-05, 17:40:58, 0.0, 7.46e-08
2018-08-05, 17:41:00, 0.0, 7.39e-08
2018-08-05, 17:41:02, 0.0, 7.36e-08
2018-08-05, 17:41:04, 0.0, 7.47e-08
2018-08-05, 17:41:06, 0.0, 7.48e-08
2018-08-05, 17:41:09, 0.0, 7.5e-08
2018-08-05, 17:41:11, 0.0, 7.52e-08
2018-08-05, 17:41:13, 0.0, 7.44e-08
2018-08-05, 17:41:15, 0.0, 7.52e-08
2018-08-05, 17:41:17, 0.0, 7.39e-08
2018-08-05, 17:41:19, 0.0, 7.43e-08
2018-08-05, 17:41:21, 0.0, 7.45e-08
2018-08-05, 17:41:23, 0.0, 7.39e-08
2018-08-05, 17:41:26, 0.0, 7.48e-08
2018-08-05, 17:41:28, 0.0, 7.49e-08
2018-08-05, 17:41:30, 0.0, 7.54e-08
2018-08-05, 17:41:32, 0.0, 7.43e-08
2018-08-05, 17:41:34, 0.0, 7.42e-08
2018-08-05, 17:41:36, 0.0, 7.43e-08
2018-08-05, 17:41:38, 0.0, 7.49e-08
2018-08-05, 17:41:40, 0.0, 7.52e-08
2018-08-05, 17:41:43, 0.0, 7.5e-08
2018-08-05, 17:41:45, 0.0, 7.5e-08
2018-08-05, 17:41:47, 0.0, 7.43e-08
2018-08-05, 17:41:49, 0.0, 7.38e-08
2018-08-05, 17:41:51, 0.0, 7.47e-08
2018-08-05, 17:41:53, 0.0, 7.45e-08
2018-08-05, 17:41:55, 0.0, 7.45e-08
2018-08-05, 17:41:57, 0.0, 7.47e-08
2018-08-05, 17:42:00, 0.0, 7.41e-08
2018-08-05, 17:42:02, 0.0, 7.48e-08
2018-08-05, 17:42:04, 0.0, 7.43e-08
2018-08-05, 17:42:06, 0.0, 7.38e-08
2018-08-05, 17:42:08, 0.0, 7.41e-08
2018-08-05, 17:42:10, 0.0, 7.45e-08
2018-08-05, 17:42:12, 0.0, 7.49e-08
2018-08-05, 17:42:14, 0.0, 7.41e-08
2018-08-05, 17:42:17, 0.0, 7.44e-08
2018-08-05, 17:42:19, 0.0, 7.44e-08
2018-08-05, 17:42:21, 0.0, 7.35e-08
2018-08-05, 17:42:23, 0.0, 7.39e-08
2018-08-05, 17:42:25, 0.0, 7.44e-08
2018-08-05, 17:42:27, 0.0, 7.5e-08
2018-08-05, 17:42:29, 0.0, 7.56e-08
2018-08-05, 17:42:31, 0.0, 7.49e-08
2018-08-05, 17:42:34, 0.0, 7.49e-08
2018-08-05, 17:42:36, 0.0, 7.43e-08
2018-08-05, 17:42:38, 0.0, 7.49e-08
2018-08-05, 17:42:40, 0.0, 7.47e-08
2018-08-05, 17:42:42, 0.0, 7.47e-08
2018-08-05, 17:42:44, 0.0, 7.41e-08
2018-08-05, 17:42:46, 0.0, 7.46e-08
2018-08-05, 17:42:48, 0.0, 7.42e-08
2018-08-05, 17:42:51, 0.0, 7.43e-08
2018-08-05, 17:42:53, 0.0, 7.43e-08
2018-08-05, 17:42:55, 0.0, 7.52e-08
2018-08-05, 17:42:57, 0.0, 7.45e-08
2018-08-05, 17:42:59, 0.0, 7.5e-08
2018-08-05, 17:43:01, 0.0, 7.42e-08
2018-08-05, 17:43:03, 0.0, 7.45e-08
2018-08-05, 17:43:05, 0.0, 7.45e-08
2018-08-05, 17:43:08, 0.0, 7.5e-08
2018-08-05, 17:43:10, 0.0, 7.43e-08
2018-08-05, 17:43:12, 0.0, 7.46e-08
2018-08-05, 17:43:14, 0.0, 7.43e-08
2018-08-05, 17:43:16, 0.0, 7.44e-08
2018-08-05, 17:43:18, 0.0, 7.45e-08
2018-08-05, 17:43:20, 0.0, 7.5e-08
2018-08-05, 17:43:22, 0.0, 7.51e-08
2018-08-05, 17:43:25, 0.0, 7.43e-08
2018-08-05, 17:43:27, 0.0, 7.53e-08
2018-08-05, 17:43:29, 0.0, 7.48e-08
2018-08-05, 17:43:31, 0.0, 7.55e-08
2018-08-05, 17:43:33, 0.0, 7.48e-08
2018-08-05, 17:43:35, 0.0, 7.49e-08
2018-08-05, 17:43:37, 0.0, 7.47e-08
2018-08-05, 17:43:39, 0.0, 7.47e-08
2018-08-05, 17:43:42, 0.0, 7.51e-08
2018-08-05, 17:43:44, 0.0, 7.48e-08
2018-08-05, 17:43:46, 0.0, 7.5e-08
2018-08-05, 17:43:48, 0.0, 7.43e-08
2018-08-05, 17:43:50, 0.0, 7.49e-08
2018-08-05, 17:43:52, 0.0, 7.48e-08
2018-08-05, 17:43:54, 0.0, 7.52e-08
2018-08-05, 17:43:57, 0.0, 7.47e-08
2018-08-05, 17:43:59, 0.0, 7.47e-08
2018-08-05, 17:44:01, 0.0, 7.48e-08
2018-08-05, 17:44:03, 0.0, 7.51e-08
2018-08-05, 17:44:05, 0.0, 7.51e-08
2018-08-05, 17:44:07, 0.0, 7.49e-08
2018-08-05, 17:44:09, 0.0, 7.48e-08
2018-08-05, 17:44:11, 0.0, 7.46e-08
2018-08-05, 17:44:14, 0.0, 7.46e-08
2018-08-05, 17:44:16, 0.0, 7.44e-08
2018-08-05, 17:44:18, 0.0, 7.43e-08
2018-08-05, 17:44:20, 0.0, 7.49e-08
2018-08-05, 17:44:22, 0.0, 7.47e-08
2018-08-05, 17:44:24, 0.0, 7.52e-08
2018-08-05, 17:44:26, 0.0, 7.51e-08
2018-08-05, 17:44:28, 0.0, 7.46e-08
2018-08-05, 17:44:31, 0.0, 7.52e-08
2018-08-05, 17:44:33, 0.0, 7.45e-08
2018-08-05, 17:44:35, 0.0, 7.47e-08
2018-08-05, 17:44:37, 0.0, 7.55e-08
2018-08-05, 17:44:39, 0.0, 7.5e-08
2018-08-05, 17:44:41, 0.0, 7.54e-08
2018-08-05, 17:44:43, 0.0, 7.46e-08
2018-08-05, 17:44:45, 0.0, 7.52e-08
2018-08-05, 17:44:48, 0.0, 7.54e-08
2018-08-05, 17:44:50, 0.0, 7.49e-08
2018-08-05, 17:44:52, 0.0, 7.5e-08
2018-08-05, 17:44:54, 0.0, 7.5e-08
2018-08-05, 17:44:56, 0.0, 7.54e-08
2018-08-05, 17:44:58, 0.0, 7.47e-08
2018-08-05, 17:45:00, 0.0, 7.51e-08
2018-08-05, 17:45:02, 0.0, 7.5e-08
2018-08-05, 17:45:05, 0.0, 7.45e-08
2018-08-05, 17:45:07, 0.0, 7.52e-08
2018-08-05, 17:45:09, 0.0, 7.45e-08
2018-08-05, 17:45:11, 0.0, 7.46e-08
2018-08-05, 17:45:13, 0.0, 7.46e-08
2018-08-05, 17:45:15, 0.0, 7.48e-08
2018-08-05, 17:45:17, 0.0, 7.52e-08
2018-08-05, 17:45:19, 0.0, 7.49e-08
2018-08-05, 17:45:22, 0.0, 7.53e-08
2018-08-05, 17:45:24, 0.0, 7.47e-08
2018-08-05, 17:45:26, 0.0, 7.5e-08
2018-08-05, 17:45:28, 0.0, 7.52e-08
2018-08-05, 17:45:30, 0.0, 7.47e-08
2018-08-05, 17:45:32, 0.0, 7.55e-08
2018-08-05, 17:45:34, 0.0, 7.48e-08
2018-08-05, 17:45:36, 0.0, 7.48e-08
2018-08-05, 17:45:39, 0.0, 7.51e-08
2018-08-05, 17:45:41, 0.0, 7.46e-08
2018-08-05, 17:45:43, 0.0, 7.53e-08
2018-08-05, 17:45:45, 0.0, 7.52e-08
2018-08-05, 17:45:47, 0.0, 7.45e-08
2018-08-05, 17:45:49, 0.0, 7.49e-08
2018-08-05, 17:45:51, 0.0, 7.48e-08
2018-08-05, 17:45:53, 0.0, 7.39e-08
2018-08-05, 17:45:56, 0.0, 7.45e-08
2018-08-05, 17:45:58, 0.0, 7.4e-08
2018-08-05, 17:46:00, 0.0, 7.51e-08
2018-08-05, 17:46:02, 0.0, 7.49e-08
2018-08-05, 17:46:04, 0.0, 7.45e-08
2018-08-05, 17:46:06, 0.0, 7.49e-08
2018-08-05, 17:46:08, 0.0, 7.42e-08
2018-08-05, 17:46:11, 0.0, 7.41e-08
2018-08-05, 17:46:13, 0.0, 7.42e-08
2018-08-05, 17:46:15, 0.0, 7.52e-08
2018-08-05, 17:46:17, 0.0, 7.49e-08
2018-08-05, 17:46:19, 0.0, 7.46e-08
2018-08-05, 17:46:21, 0.0, 7.44e-08
2018-08-05, 17:46:23, 0.0, 7.54e-08
2018-08-05, 17:46:25, 0.0, 7.48e-08
2018-08-05, 17:46:28, 0.0, 7.51e-08
2018-08-05, 17:46:30, 0.0, 7.44e-08
2018-08-05, 17:46:32, 0.0, 7.54e-08
2018-08-05, 17:46:34, 0.0, 7.49e-08
2018-08-05, 17:46:36, 0.0, 7.49e-08
2018-08-05, 17:46:38, 0.0, 7.49e-08
2018-08-05, 17:46:40, 0.0, 7.57e-08
2018-08-05, 17:46:42, 0.0, 7.55e-08
2018-08-05, 17:46:45, 0.0, 7.48e-08
2018-08-05, 17:46:47, 0.0, 7.44e-08
2018-08-05, 17:46:49, 0.0, 7.44e-08
2018-08-05, 17:46:51, 0.0, 7.51e-08
2018-08-05, 17:46:53, 0.0, 7.44e-08
2018-08-05, 17:46:55, 0.0, 7.53e-08
2018-08-05, 17:46:57, 0.0, 7.57e-08
2018-08-05, 17:46:59, 0.0, 7.53e-08
2018-08-05, 17:47:02, 0.0, 7.51e-08
2018-08-05, 17:47:04, 0.0, 7.41e-08
2018-08-05, 17:47:06, 0.0, 7.48e-08
2018-08-05, 17:47:08, 0.0, 7.47e-08
2018-08-05, 17:47:10, 0.0, 7.51e-08
2018-08-05, 17:47:12, 0.0, 7.53e-08
2018-08-05, 17:47:14, 0.0, 7.55e-08
2018-08-05, 17:47:16, 0.0, 7.48e-08
2018-08-05, 17:47:19, 0.0, 7.43e-08
2018-08-05, 17:47:21, 0.0, 7.44e-08
2018-08-05, 17:47:23, 0.0, 7.45e-08
2018-08-05, 17:47:25, 0.0, 7.46e-08
2018-08-05, 17:47:27, 0.0, 7.53e-08
2018-08-05, 17:47:29, 0.0, 7.49e-08
2018-08-05, 17:47:31, 0.0, 7.48e-08
2018-08-05, 17:47:33, 0.0, 7.52e-08
2018-08-05, 17:47:36, 0.0, 7.44e-08
2018-08-05, 17:47:38, 0.0, 7.52e-08
2018-08-05, 17:47:40, 0.0, 7.51e-08
2018-08-05, 17:47:42, 0.0, 7.53e-08
2018-08-05, 17:47:44, 0.0, 7.52e-08
2018-08-05, 17:47:46, 0.0, 7.47e-08
2018-08-05, 17:47:48, 0.0, 7.48e-08
2018-08-05, 17:47:51, 0.0, 7.38e-08
2018-08-05, 17:47:53, 0.0, 7.48e-08
2018-08-05, 17:47:55, 0.0, 7.5e-08
2018-08-05, 17:47:57, 0.0, 7.48e-08
2018-08-05, 17:47:59, 0.0, 7.5e-08
2018-08-05, 17:48:01, 0.0, 7.52e-08
2018-08-05, 17:48:03, 0.0, 7.49e-08
2018-08-05, 17:48:05, 0.0, 7.49e-08
2018-08-05, 17:48:08, 0.0, 7.41e-08
2018-08-05, 17:48:10, 0.0, 7.45e-08
2018-08-05, 17:48:12, 0.0, 7.51e-08
2018-08-05, 17:48:14, 0.0, 7.46e-08
2018-08-05, 17:48:16, 0.0, 7.49e-08
2018-08-05, 17:48:18, 0.0, 7.46e-08
2018-08-05, 17:48:20, 0.0, 7.41e-08
2018-08-05, 17:48:22, 0.0, 7.44e-08
2018-08-05, 17:48:25, 0.0, 7.47e-08
2018-08-05, 17:48:27, 0.0, 7.43e-08
2018-08-05, 17:48:29, 0.0, 7.44e-08
2018-08-05, 17:48:31, 0.0, 7.45e-08
2018-08-05, 17:48:33, 0.0, 7.46e-08
2018-08-05, 17:48:35, 0.0, 7.42e-08
2018-08-05, 17:48:37, 0.0, 7.38e-08
2018-08-05, 17:48:39, 0.0, 7.46e-08
2018-08-05, 17:48:42, 0.0, 7.43e-08
2018-08-05, 17:48:44, 0.0, 7.41e-08
2018-08-05, 17:48:46, 0.0, 7.39e-08
2018-08-05, 17:48:48, 0.0, 7.42e-08
2018-08-05, 17:48:50, 0.0, 7.42e-08
2018-08-05, 17:48:52, 0.0, 7.48e-08
2018-08-05, 17:48:54, 0.0, 7.38e-08
2018-08-05, 17:48:56, 0.0, 7.44e-08
2018-08-05, 17:48:59, 0.0, 7.48e-08
2018-08-05, 17:49:01, 0.0, 7.45e-08
2018-08-05, 17:49:03, 0.0, 7.43e-08
2018-08-05, 17:49:05, 0.0, 7.53e-08
2018-08-05, 17:49:07, 0.0, 7.5e-08
2018-08-05, 17:49:09, 0.0, 7.47e-08
2018-08-05, 17:49:11, 0.0, 7.43e-08
2018-08-05, 17:49:14, 0.0, 7.45e-08
2018-08-05, 17:49:16, 0.0, 7.44e-08
2018-08-05, 17:49:18, 0.0, 7.47e-08
2018-08-05, 17:49:20, 0.0, 7.44e-08
2018-08-05, 17:49:22, 0.0, 7.47e-08
2018-08-05, 17:49:24, 0.0, 7.43e-08
2018-08-05, 17:49:26, 0.0, 7.45e-08
2018-08-05, 17:49:28, 0.0, 7.48e-08
2018-08-05, 17:49:31, 0.0, 7.37e-08
2018-08-05, 17:49:33, 0.0, 7.44e-08
2018-08-05, 17:49:35, 0.0, 7.46e-08
2018-08-05, 17:49:37, 0.0, 7.46e-08
2018-08-05, 17:49:39, 0.0, 7.47e-08
2018-08-05, 17:49:41, 0.0, 7.51e-08
2018-08-05, 17:49:43, 0.0, 7.48e-08
2018-08-05, 17:49:45, 0.0, 7.46e-08
2018-08-05, 17:49:48, 0.0, 7.52e-08
2018-08-05, 17:49:50, 0.0, 7.47e-08
2018-08-05, 17:49:52, 0.0, 7.5e-08
2018-08-05, 17:49:54, 0.0, 7.44e-08
2018-08-05, 17:49:56, 0.0, 7.51e-08
2018-08-05, 17:49:58, 0.0, 7.45e-08
2018-08-05, 17:50:00, 0.0, 7.51e-08
2018-08-05, 17:50:02, 0.0, 7.37e-08
2018-08-05, 17:50:05, 0.0, 7.44e-08
2018-08-05, 17:50:07, 0.0, 7.5e-08
2018-08-05, 17:50:09, 0.0, 7.49e-08
2018-08-05, 17:50:11, 0.0, 7.46e-08
2018-08-05, 17:50:13, 0.0, 7.48e-08
2018-08-05, 17:50:15, 0.0, 7.5e-08
2018-08-05, 17:50:17, 0.0, 7.37e-08
2018-08-05, 17:50:19, 0.0, 7.47e-08
2018-08-05, 17:50:22, 0.0, 7.44e-08
2018-08-05, 17:50:24, 0.0, 7.5e-08
2018-08-05, 17:50:26, 0.0, 7.44e-08
2018-08-05, 17:50:28, 0.0, 7.48e-08
2018-08-05, 17:50:30, 0.0, 7.46e-08
2018-08-05, 17:50:32, 0.0, 7.45e-08
2018-08-05, 17:50:34, 0.0, 7.42e-08
2018-08-05, 17:50:36, 0.0, 7.46e-08
2018-08-05, 17:50:39, 0.0, 7.39e-08
2018-08-05, 17:50:41, 0.0, 7.4e-08
2018-08-05, 17:50:43, 0.0, 7.42e-08
2018-08-05, 17:50:45, 0.0, 7.44e-08
2018-08-05, 17:50:47, 0.0, 7.42e-08
2018-08-05, 17:50:49, 0.0, 7.4e-08
2018-08-05, 17:50:51, 0.0, 7.49e-08
2018-08-05, 17:50:54, 0.0, 7.44e-08
2018-08-05, 17:50:56, 0.0, 7.49e-08
2018-08-05, 17:50:58, 0.0, 7.44e-08
2018-08-05, 17:51:00, 0.0, 7.53e-08
2018-08-05, 17:51:02, 0.0, 7.48e-08
2018-08-05, 17:51:04, 0.0, 7.56e-08
2018-08-05, 17:51:06, 0.0, 7.54e-08
2018-08-05, 17:51:08, 0.0, 7.5e-08
2018-08-05, 17:51:11, 0.0, 7.47e-08
2018-08-05, 17:51:13, 0.0, 7.52e-08
2018-08-05, 17:51:15, 0.0, 7.5e-08
2018-08-05, 17:51:17, 0.0, 7.46e-08
2018-08-05, 17:51:19, 0.0, 7.51e-08
2018-08-05, 17:51:21, 0.0, 7.46e-08
2018-08-05, 17:51:23, 0.0, 7.49e-08
2018-08-05, 17:51:25, 0.0, 7.51e-08
2018-08-05, 17:51:28, 0.0, 7.54e-08
2018-08-05, 17:51:30, 0.0, 7.52e-08
2018-08-05, 17:51:32, 0.0, 7.44e-08
2018-08-05, 17:51:34, 0.0, 7.5e-08
2018-08-05, 17:51:36, 0.0, 7.48e-08
2018-08-05, 17:51:38, 0.0, 7.43e-08
2018-08-05, 17:51:40, 0.0, 7.4e-08
2018-08-05, 17:51:42, 0.0, 7.44e-08
2018-08-05, 17:51:45, 0.0, 7.39e-08
2018-08-05, 17:51:47, 0.0, 7.5e-08
2018-08-05, 17:51:49, 0.0, 7.47e-08
2018-08-05, 17:51:51, 0.0, 7.5e-08
2018-08-05, 17:51:53, 0.0, 7.48e-08
2018-08-05, 17:51:55, 0.0, 7.45e-08
2018-08-05, 17:51:57, 0.0, 7.52e-08
2018-08-05, 17:51:59, 0.0, 7.5e-08
2018-08-05, 17:52:02, 0.0, 7.46e-08
2018-08-05, 17:52:04, 0.0, 7.51e-08
2018-08-05, 17:52:06, 0.0, 7.47e-08
2018-08-05, 17:52:08, 0.0, 7.44e-08
2018-08-05, 17:52:10, 0.0, 7.42e-08
2018-08-05, 17:52:12, 0.0, 7.42e-08
2018-08-05, 17:52:14, 0.0, 7.47e-08
2018-08-05, 17:52:16, 0.0, 7.47e-08
2018-08-05, 17:52:19, 0.0, 7.46e-08
2018-08-05, 17:52:21, 0.0, 7.44e-08
2018-08-05, 17:52:23, 0.0, 7.44e-08
2018-08-05, 17:52:25, 0.0, 7.45e-08
2018-08-05, 17:52:27, 0.0, 7.51e-08
2018-08-05, 17:52:29, 0.0, 7.47e-08
2018-08-05, 17:52:31, 0.0, 7.43e-08
2018-08-05, 17:52:33, 0.0, 7.49e-08
2018-08-05, 17:52:36, 0.0, 7.45e-08
2018-08-05, 17:52:38, 0.0, 7.5e-08
2018-08-05, 17:52:40, 0.0, 7.46e-08
2018-08-05, 17:52:42, 0.0, 7.48e-08
2018-08-05, 17:52:44, 0.0, 7.45e-08
2018-08-05, 17:52:46, 0.0, 7.47e-08
2018-08-05, 17:52:48, 0.0, 7.44e-08
2018-08-05, 17:52:50, 0.0, 7.51e-08
2018-08-05, 17:52:53, 0.0, 7.46e-08
2018-08-05, 17:52:55, 0.0, 7.45e-08
2018-08-05, 17:52:57, 0.0, 7.51e-08
2018-08-05, 17:52:59, 0.0, 7.49e-08
2018-08-05, 17:53:01, 0.0, 7.48e-08
2018-08-05, 17:53:03, 0.0, 7.51e-08
2018-08-05, 17:53:05, 0.0, 7.52e-08
2018-08-05, 17:53:07, 0.0, 7.52e-08
2018-08-05, 17:53:10, 0.0, 7.5e-08
2018-08-05, 17:53:12, 0.0, 7.52e-08
2018-08-05, 17:53:14, 0.0, 7.49e-08
2018-08-05, 17:53:16, 0.0, 7.51e-08
2018-08-05, 17:53:18, 0.0, 7.49e-08
2018-08-05, 17:53:20, 0.0, 7.47e-08
2018-08-05, 17:53:22, 0.0, 7.5e-08
2018-08-05, 17:53:24, 0.0, 7.5e-08
2018-08-05, 17:53:27, 0.0, 7.47e-08
2018-08-05, 17:53:29, 0.0, 7.55e-08
2018-08-05, 17:53:31, 0.0, 7.47e-08
2018-08-05, 17:53:33, 0.0, 7.55e-08
2018-08-05, 17:53:35, 0.0, 7.54e-08
2018-08-05, 17:53:37, 0.0, 7.52e-08
2018-08-05, 17:53:39, 0.0, 7.58e-08
2018-08-05, 17:53:41, 0.0, 7.54e-08
2018-08-05, 17:53:44, 0.0, 7.52e-08
2018-08-05, 17:53:46, 0.0, 7.51e-08
2018-08-05, 17:53:48, 0.0, 7.55e-08
2018-08-05, 17:53:50, 0.0, 7.52e-08
2018-08-05, 17:53:52, 0.0, 7.56e-08
2018-08-05, 17:53:54, 0.0, 7.58e-08
2018-08-05, 17:53:56, 0.0, 7.47e-08
2018-08-05, 17:53:58, 0.0, 7.5e-08
2018-08-05, 17:54:01, 0.0, 7.48e-08
2018-08-05, 17:54:03, 0.0, 7.48e-08
2018-08-05, 17:54:05, 0.0, 7.53e-08
2018-08-05, 17:54:07, 0.0, 7.55e-08
2018-08-05, 17:54:09, 0.0, 7.5e-08
2018-08-05, 17:54:11, 0.0, 7.47e-08
2018-08-05, 17:54:13, 0.0, 7.44e-08
2018-08-05, 17:54:16, 0.0, 7.54e-08
2018-08-05, 17:54:18, 0.0, 7.5e-08
2018-08-05, 17:54:20, 0.0, 7.49e-08
2018-08-05, 17:54:22, 0.0, 7.49e-08
2018-08-05, 17:54:24, 0.0, 7.5e-08
2018-08-05, 17:54:26, 0.0, 7.49e-08
2018-08-05, 17:54:28, 0.0, 7.46e-08
2018-08-05, 17:54:30, 0.0, 7.52e-08
2018-08-05, 17:54:33, 0.0, 7.51e-08
2018-08-05, 17:54:35, 0.0, 7.47e-08
2018-08-05, 17:54:37, 0.0, 7.48e-08
2018-08-05, 17:54:39, 0.0, 7.53e-08
2018-08-05, 17:54:41, 0.0, 7.44e-08
2018-08-05, 17:54:43, 0.0, 7.45e-08
2018-08-05, 17:54:45, 0.0, 7.51e-08
2018-08-05, 17:54:47, 0.0, 7.5e-08
2018-08-05, 17:54:50, 0.0, 7.42e-08
2018-08-05, 17:54:52, 0.0, 7.53e-08
2018-08-05, 17:54:54, 0.0, 7.55e-08
2018-08-05, 17:54:56, 0.0, 7.55e-08
2018-08-05, 17:54:58, 0.0, 7.52e-08
2018-08-05, 17:55:00, 0.0, 7.45e-08
2018-08-05, 17:55:02, 0.0, 7.56e-08
2018-08-05, 17:55:04, 0.0, 7.55e-08
2018-08-05, 17:55:07, 0.0, 7.49e-08
2018-08-05, 17:55:09, 0.0, 7.54e-08
2018-08-05, 17:55:11, 0.0, 7.53e-08
2018-08-05, 17:55:13, 0.0, 7.51e-08
2018-08-05, 17:55:15, 0.0, 7.54e-08
2018-08-05, 17:55:17, 0.0, 7.55e-08
2018-08-05, 17:55:19, 0.0, 7.6e-08
2018-08-05, 17:55:21, 0.0, 7.57e-08
2018-08-05, 17:55:24, 0.0, 7.54e-08
2018-08-05, 17:55:26, 0.0, 7.86e-08
2018-08-05, 17:55:28, 0.0, 7.88e-08
2018-08-05, 17:55:30, 0.0, 7.88e-08
2018-08-05, 17:55:32, 0.0, 7.88e-08
2018-08-05, 17:55:34, 0.0, 7.85e-08
2018-08-05, 17:55:36, 0.0, 7.84e-08
2018-08-05, 17:55:38, 0.0, 7.88e-08
2018-08-05, 17:55:41, 0.0, 7.82e-08
2018-08-05, 17:55:43, 0.0, 7.8e-08
2018-08-05, 17:55:45, 0.0, 7.83e-08
2018-08-05, 17:55:47, 0.0, 7.78e-08
2018-08-05, 17:55:49, 0.0, 7.73e-08
2018-08-05, 17:55:51, 0.0, 7.71e-08
2018-08-05, 17:55:53, 0.0, 7.72e-08
2018-08-05, 17:55:55, 0.0, 7.79e-08
2018-08-05, 17:55:58, 0.0, 7.88e-08
2018-08-05, 17:56:00, 0.0, 7.86e-08
2018-08-05, 17:56:02, 0.0, 7.8e-08
2018-08-05, 17:56:04, 0.0, 7.77e-08
2018-08-05, 17:56:06, 0.0, 7.87e-08
2018-08-05, 17:56:08, 0.0, 7.85e-08
2018-08-05, 17:56:10, 0.0, 7.86e-08
2018-08-05, 17:56:12, 0.0, 7.82e-08
2018-08-05, 17:56:15, 0.0, 7.82e-08
2018-08-05, 17:56:17, 0.0, 7.8e-08
2018-08-05, 17:56:19, 0.0, 7.84e-08
2018-08-05, 17:56:21, 0.0, 7.83e-08
2018-08-05, 17:56:23, 0.0, 7.79e-08
2018-08-05, 17:56:25, 0.0, 7.91e-08
2018-08-05, 17:56:27, 0.0, 7.86e-08
2018-08-05, 17:56:29, 0.0, 7.86e-08
2018-08-05, 17:56:32, 0.0, 7.86e-08
2018-08-05, 17:56:34, 0.0, 7.87e-08
2018-08-05, 17:56:36, 0.0, 7.85e-08
2018-08-05, 17:56:38, 0.0, 7.89e-08
2018-08-05, 17:56:40, 0.0, 7.92e-08
2018-08-05, 17:56:42, 0.0, 7.87e-08
2018-08-05, 17:56:44, 0.0, 7.83e-08
2018-08-05, 17:56:46, 0.0, 7.84e-08
2018-08-05, 17:56:49, 0.0, 7.84e-08
2018-08-05, 17:56:51, 0.0, 7.84e-08
2018-08-05, 17:56:53, 0.0, 7.88e-08
2018-08-05, 17:56:55, 0.0, 7.85e-08
2018-08-05, 17:56:57, 0.0, 7.84e-08
2018-08-05, 17:56:59, 0.0, 7.84e-08
2018-08-05, 17:57:01, 0.0, 7.84e-08
2018-08-05, 17:57:04, 0.0, 7.9e-08
2018-08-05, 17:57:06, 0.0, 7.9e-08
2018-08-05, 17:57:08, 0.0, 7.87e-08
2018-08-05, 17:57:10, 0.0, 7.81e-08
2018-08-05, 17:57:12, 0.0, 7.82e-08
2018-08-05, 17:57:14, 0.0, 7.81e-08
2018-08-05, 17:57:16, 0.0, 7.84e-08
2018-08-05, 17:57:18, 0.0, 7.84e-08
2018-08-05, 17:57:21, 0.0, 7.81e-08
2018-08-05, 17:57:23, 0.0, 7.79e-08
2018-08-05, 17:57:25, 0.0, 7.78e-08
2018-08-05, 17:57:27, 0.0, 7.84e-08
2018-08-05, 17:57:29, 0.0, 7.87e-08
2018-08-05, 17:57:31, 0.0, 7.88e-08
2018-08-05, 17:57:33, 0.0, 7.91e-08
2018-08-05, 17:57:35, 0.0, 7.88e-08
2018-08-05, 17:57:38, 0.0, 7.83e-08
2018-08-05, 17:57:40, 0.0, 7.86e-08
2018-08-05, 17:57:42, 0.0, 7.83e-08
2018-08-05, 17:57:44, 0.0, 7.8e-08
2018-08-05, 17:57:46, 0.0, 7.83e-08
2018-08-05, 17:57:48, 0.0, 7.84e-08
2018-08-05, 17:57:50, 0.0, 7.88e-08
2018-08-05, 17:57:52, 0.0, 7.92e-08
2018-08-05, 17:57:55, 0.0, 7.88e-08
2018-08-05, 17:57:57, 0.0, 7.87e-08
2018-08-05, 17:57:59, 0.0, 7.87e-08
2018-08-05, 17:58:01, 0.0, 7.84e-08
2018-08-05, 17:58:03, 0.0, 7.87e-08
2018-08-05, 17:58:05, 0.0, 7.88e-08
2018-08-05, 17:58:07, 0.0, 7.83e-08
2018-08-05, 17:58:09, 0.0, 7.77e-08
2018-08-05, 17:58:12, 0.0, 7.8e-08
2018-08-05, 17:58:14, 0.0, 7.85e-08
2018-08-05, 17:58:16, 0.0, 7.83e-08
2018-08-05, 17:58:18, 0.0, 7.81e-08
2018-08-05, 17:58:20, 0.0, 7.79e-08
2018-08-05, 17:58:22, 0.0, 7.83e-08
2018-08-05, 17:58:24, 0.0, 7.92e-08
2018-08-05, 17:58:26, 0.0, 7.74e-08
2018-08-05, 17:58:29, 0.0, 7.86e-08
2018-08-05, 17:58:31, 0.0, 7.9e-08
2018-08-05, 17:58:33, 0.0, 7.89e-08
2018-08-05, 17:58:35, 0.0, 7.85e-08
2018-08-05, 17:58:37, 0.0, 7.86e-08
2018-08-05, 17:58:39, 0.0, 7.9e-08
2018-08-05, 17:58:41, 0.0, 7.88e-08
2018-08-05, 17:58:43, 0.0, 7.91e-08
2018-08-05, 17:58:46, 0.0, 7.86e-08
2018-08-05, 17:58:48, 0.0, 7.88e-08
2018-08-05, 17:58:50, 0.0, 7.88e-08
2018-08-05, 17:58:52, 0.0, 7.9e-08
2018-08-05, 17:58:54, 0.0, 7.9e-08
2018-08-05, 17:58:56, 0.0, 7.87e-08
2018-08-05, 17:58:58, 0.0, 7.8e-08
2018-08-05, 17:59:00, 0.0, 7.85e-08
2018-08-05, 17:59:03, 0.0, 7.79e-08
2018-08-05, 17:59:05, 0.0, 7.76e-08
2018-08-05, 17:59:07, 0.0, 7.82e-08
2018-08-05, 17:59:09, 0.0, 7.93e-08
2018-08-05, 17:59:11, 0.0, 7.82e-08
2018-08-05, 17:59:13, 0.0, 7.83e-08
2018-08-05, 17:59:15, 0.0, 7.8e-08
2018-08-05, 17:59:17, 0.0, 7.79e-08
2018-08-05, 17:59:20, 0.0, 7.77e-08
2018-08-05, 17:59:22, 0.0, 7.84e-08
2018-08-05, 17:59:24, 0.0, 7.85e-08
2018-08-05, 17:59:26, 0.0, 7.86e-08
2018-08-05, 17:59:28, 0.0, 7.86e-08
2018-08-05, 17:59:30, 0.0, 7.87e-08
2018-08-05, 17:59:32, 0.0, 7.78e-08
2018-08-05, 17:59:34, 0.0, 7.81e-08
2018-08-05, 17:59:37, 0.0, 7.78e-08
2018-08-05, 17:59:39, 0.0, 7.84e-08
2018-08-05, 17:59:41, 0.0, 7.86e-08
2018-08-05, 17:59:43, 0.0, 7.82e-08
2018-08-05, 17:59:45, 0.0, 7.78e-08
2018-08-05, 17:59:47, 0.0, 7.79e-08
2018-08-05, 17:59:49, 0.0, 7.81e-08
2018-08-05, 17:59:51, 0.0, 7.78e-08
2018-08-05, 17:59:54, 0.0, 7.85e-08
2018-08-05, 17:59:56, 0.0, 7.82e-08
2018-08-05, 17:59:58, 0.0, 7.92e-08
2018-08-05, 18:00:00, 0.0, 7.86e-08
2018-08-05, 18:00:02, 0.0, 7.82e-08
2018-08-05, 18:00:04, 0.0, 7.79e-08
2018-08-05, 18:00:06, 0.0, 7.78e-08
2018-08-05, 18:00:09, 0.0, 7.8e-08
2018-08-05, 18:00:11, 0.0, 7.78e-08
2018-08-05, 18:00:13, 0.0, 7.82e-08
2018-08-05, 18:00:15, 0.0, 7.81e-08
2018-08-05, 18:00:17, 0.0, 7.79e-08
2018-08-05, 18:00:19, 0.0, 7.84e-08
2018-08-05, 18:00:21, 0.0, 7.83e-08
2018-08-05, 18:00:23, 0.0, 7.86e-08
2018-08-05, 18:00:26, 0.0, 7.8e-08
2018-08-05, 18:00:28, 0.0, 7.79e-08
2018-08-05, 18:00:30, 0.0, 7.8e-08
2018-08-05, 18:00:32, 0.0, 7.83e-08
2018-08-05, 18:00:34, 0.0, 7.77e-08
2018-08-05, 18:00:36, 0.0, 7.72e-08
2018-08-05, 18:00:38, 0.0, 7.8e-08
2018-08-05, 18:00:40, 0.0, 7.78e-08
2018-08-05, 18:00:43, 0.0, 7.78e-08
2018-08-05, 18:00:45, 0.0, 7.81e-08
2018-08-05, 18:00:47, 0.0, 7.79e-08
2018-08-05, 18:00:49, 0.0, 7.78e-08
2018-08-05, 18:00:51, 0.0, 7.82e-08
2018-08-05, 18:00:53, 0.0, 7.78e-08
2018-08-05, 18:00:55, 0.0, 7.84e-08
2018-08-05, 18:00:57, 0.0, 7.81e-08
2018-08-05, 18:01:00, 0.0, 7.81e-08
2018-08-05, 18:01:02, 0.0, 7.73e-08
2018-08-05, 18:01:04, 0.0, 7.72e-08
2018-08-05, 18:01:06, 0.0, 7.79e-08
2018-08-05, 18:01:08, 0.0, 7.73e-08
2018-08-05, 18:01:10, 0.0, 7.8e-08
2018-08-05, 18:01:12, 0.0, 7.76e-08
2018-08-05, 18:01:15, 0.0, 7.75e-08
2018-08-05, 18:01:17, 0.0, 7.81e-08
2018-08-05, 18:01:19, 0.0, 7.77e-08
2018-08-05, 18:01:21, 0.0, 7.71e-08
2018-08-05, 18:01:23, 0.0, 7.7e-08
2018-08-05, 18:01:25, 0.0, 7.74e-08
2018-08-05, 18:01:27, 0.0, 7.74e-08
2018-08-05, 18:01:29, 0.0, 7.82e-08
2018-08-05, 18:01:32, 0.0, 7.7e-08
2018-08-05, 18:01:34, 0.0, 7.73e-08
2018-08-05, 18:01:36, 0.0, 7.79e-08
2018-08-05, 18:01:38, 0.0, 7.75e-08
2018-08-05, 18:01:40, 0.0, 7.69e-08
2018-08-05, 18:01:42, 0.0, 7.67e-08
2018-08-05, 18:01:44, 0.0, 7.71e-08
2018-08-05, 18:01:46, 0.0, 7.77e-08
2018-08-05, 18:01:49, 0.0, 7.81e-08
2018-08-05, 18:01:51, 0.0, 7.77e-08
2018-08-05, 18:01:53, 0.0, 7.75e-08
2018-08-05, 18:01:55, 0.0, 7.82e-08
2018-08-05, 18:01:57, 0.0, 7.78e-08
2018-08-05, 18:01:59, 0.0, 7.76e-08
2018-08-05, 18:02:01, 0.0, 7.79e-08
2018-08-05, 18:02:03, 0.0, 7.77e-08
2018-08-05, 18:02:06, 0.0, 7.77e-08
2018-08-05, 18:02:08, 0.0, 7.77e-08
2018-08-05, 18:02:10, 0.0, 7.72e-08
2018-08-05, 18:02:12, 0.0, 7.83e-08
2018-08-05, 18:02:14, 0.0, 7.85e-08
2018-08-05, 18:02:16, 0.0, 7.79e-08
2018-08-05, 18:02:18, 0.0, 7.7e-08
2018-08-05, 18:02:20, 0.0, 7.77e-08
2018-08-05, 18:02:23, 0.0, 7.8e-08
2018-08-05, 18:02:25, 0.0, 7.84e-08
2018-08-05, 18:02:27, 0.0, 7.79e-08
2018-08-05, 18:02:29, 0.0, 7.84e-08
2018-08-05, 18:02:31, 0.0, 7.81e-08
2018-08-05, 18:02:33, 0.0, 7.78e-08
2018-08-05, 18:02:35, 0.0, 7.79e-08
2018-08-05, 18:02:38, 0.0, 7.82e-08
2018-08-05, 18:02:40, 0.0, 7.82e-08
2018-08-05, 18:02:42, 0.0, 7.78e-08
2018-08-05, 18:02:44, 0.0, 7.81e-08
2018-08-05, 18:02:46, 0.0, 7.78e-08
2018-08-05, 18:02:48, 0.0, 7.78e-08
2018-08-05, 18:02:50, 0.0, 7.79e-08
2018-08-05, 18:02:52, 0.0, 7.8e-08
2018-08-05, 18:02:55, 0.0, 7.82e-08
2018-08-05, 18:02:57, 0.0, 7.84e-08
2018-08-05, 18:02:59, 0.0, 7.8e-08
2018-08-05, 18:03:01, 0.0, 7.81e-08
2018-08-05, 18:03:03, 0.0, 7.8e-08
2018-08-05, 18:03:05, 0.0, 7.83e-08
2018-08-05, 18:03:07, 0.0, 7.74e-08
2018-08-05, 18:03:09, 0.0, 7.77e-08
2018-08-05, 18:03:12, 0.0, 7.8e-08
2018-08-05, 18:03:14, 0.0, 7.83e-08
2018-08-05, 18:03:16, 0.0, 7.89e-08
2018-08-05, 18:03:18, 0.0, 7.81e-08
2018-08-05, 18:03:20, 0.0, 7.88e-08
2018-08-05, 18:03:22, 0.0, 7.82e-08
2018-08-05, 18:03:24, 0.0, 7.85e-08
2018-08-05, 18:03:26, 0.0, 7.77e-08
2018-08-05, 18:03:29, 0.0, 7.82e-08
2018-08-05, 18:03:31, 0.0, 7.84e-08
2018-08-05, 18:03:33, 0.0, 7.82e-08
2018-08-05, 18:03:35, 0.0, 7.79e-08
2018-08-05, 18:03:37, 0.0, 7.77e-08
2018-08-05, 18:03:39, 0.0, 7.77e-08
2018-08-05, 18:03:41, 0.0, 7.89e-08
2018-08-05, 18:03:43, 0.0, 7.84e-08
2018-08-05, 18:03:46, 0.0, 7.83e-08
2018-08-05, 18:03:48, 0.0, 7.84e-08
2018-08-05, 18:03:50, 0.0, 7.82e-08
2018-08-05, 18:03:52, 0.0, 7.82e-08
2018-08-05, 18:03:54, 0.0, 7.82e-08
2018-08-05, 18:03:56, 0.0, 7.82e-08
2018-08-05, 18:03:58, 0.0, 7.83e-08
2018-08-05, 18:04:00, 0.0, 7.79e-08
2018-08-05, 18:04:03, 0.0, 7.81e-08
2018-08-05, 18:04:05, 0.0, 7.83e-08
2018-08-05, 18:04:07, 0.0, 7.82e-08
2018-08-05, 18:04:09, 0.0, 7.85e-08
2018-08-05, 18:04:11, 0.0, 7.86e-08
2018-08-05, 18:04:13, 0.0, 7.78e-08
2018-08-05, 18:04:15, 0.0, 7.8e-08
2018-08-05, 18:04:18, 0.0, 7.84e-08
2018-08-05, 18:04:20, 0.0, 7.85e-08
2018-08-05, 18:04:22, 0.0, 7.75e-08
2018-08-05, 18:04:24, 0.0, 7.79e-08
2018-08-05, 18:04:26, 0.0, 7.84e-08
2018-08-05, 18:04:28, 0.0, 7.86e-08
2018-08-05, 18:04:30, 0.0, 7.82e-08
2018-08-05, 18:04:32, 0.0, 7.79e-08
2018-08-05, 18:04:35, 0.0, 7.78e-08
2018-08-05, 18:04:37, 0.0, 7.87e-08
2018-08-05, 18:04:39, 0.0, 7.83e-08
2018-08-05, 18:04:41, 0.0, 7.82e-08
2018-08-05, 18:04:43, 0.0, 7.87e-08
2018-08-05, 18:04:45, 0.0, 7.82e-08
2018-08-05, 18:04:47, 0.0, 7.88e-08
2018-08-05, 18:04:49, 0.0, 7.84e-08
2018-08-05, 18:04:52, 0.0, 7.78e-08
2018-08-05, 18:04:54, 0.0, 7.85e-08
2018-08-05, 18:04:56, 0.0, 7.89e-08
2018-08-05, 18:04:58, 0.0, 7.85e-08
2018-08-05, 18:05:00, 0.0, 7.81e-08
2018-08-05, 18:05:02, 0.0, 7.78e-08
2018-08-05, 18:05:04, 0.0, 7.85e-08
2018-08-05, 18:05:06, 0.0, 7.84e-08
2018-08-05, 18:05:09, 0.0, 7.83e-08
2018-08-05, 18:05:11, 0.0, 7.85e-08
2018-08-05, 18:05:13, 0.0, 7.76e-08
2018-08-05, 18:05:15, 0.0, 7.76e-08
2018-08-05, 18:05:17, 0.0, 7.79e-08
2018-08-05, 18:05:19, 0.0, 7.81e-08
2018-08-05, 18:05:21, 0.0, 7.71e-08
2018-08-05, 18:05:23, 0.0, 7.77e-08
2018-08-05, 18:05:26, 0.0, 7.83e-08
2018-08-05, 18:05:28, 0.0, 7.84e-08
2018-08-05, 18:05:30, 0.0, 7.83e-08
2018-08-05, 18:05:32, 0.0, 7.84e-08
2018-08-05, 18:05:34, 0.0, 7.85e-08
2018-08-05, 18:05:36, 0.0, 7.85e-08
2018-08-05, 18:05:38, 0.0, 7.89e-08
2018-08-05, 18:05:40, 0.0, 7.8e-08
2018-08-05, 18:05:43, 0.0, 7.8e-08
2018-08-05, 18:05:45, 0.0, 7.83e-08
2018-08-05, 18:05:47, 0.0, 7.84e-08
2018-08-05, 18:05:49, 0.0, 7.74e-08
2018-08-05, 18:05:51, 0.0, 7.83e-08
2018-08-05, 18:05:53, 0.0, 7.86e-08
2018-08-05, 18:05:55, 0.0, 7.84e-08
2018-08-05, 18:05:57, 0.0, 7.8e-08
2018-08-05, 18:06:00, 0.0, 7.76e-08
2018-08-05, 18:06:02, 0.0, 7.85e-08
2018-08-05, 18:06:04, 0.0, 7.76e-08
2018-08-05, 18:06:06, 0.0, 7.9e-08
2018-08-05, 18:06:08, 0.0, 7.8e-08
2018-08-05, 18:06:10, 0.0, 7.8e-08
2018-08-05, 18:06:12, 0.0, 7.79e-08
2018-08-05, 18:06:14, 0.0, 7.88e-08
2018-08-05, 18:06:17, 0.0, 7.86e-08
2018-08-05, 18:06:19, 0.0, 7.82e-08
2018-08-05, 18:06:21, 0.0, 7.89e-08
2018-08-05, 18:06:23, 0.0, 7.83e-08
2018-08-05, 18:06:25, 0.0, 7.83e-08
2018-08-05, 18:06:27, 0.0, 7.88e-08
2018-08-05, 18:06:29, 0.0, 7.88e-08
2018-08-05, 18:06:32, 0.0, 7.86e-08
2018-08-05, 18:06:34, 0.0, 7.89e-08
2018-08-05, 18:06:36, 0.0, 7.82e-08
2018-08-05, 18:06:38, 0.0, 7.83e-08
2018-08-05, 18:06:40, 0.0, 7.78e-08
2018-08-05, 18:06:42, 0.0, 7.8e-08
2018-08-05, 18:06:44, 0.0, 7.86e-08
2018-08-05, 18:06:46, 0.0, 7.92e-08
2018-08-05, 18:06:49, 0.0, 7.81e-08
2018-08-05, 18:06:51, 0.0, 7.89e-08
2018-08-05, 18:06:53, 0.0, 7.83e-08
2018-08-05, 18:06:55, 0.0, 7.88e-08
2018-08-05, 18:06:57, 0.0, 7.87e-08
2018-08-05, 18:06:59, 0.0, 7.81e-08
2018-08-05, 18:07:01, 0.0, 7.84e-08
2018-08-05, 18:07:03, 0.0, 7.87e-08
2018-08-05, 18:07:06, 0.0, 7.85e-08
2018-08-05, 18:07:08, 0.0, 7.82e-08
2018-08-05, 18:07:10, 0.0, 7.87e-08
2018-08-05, 18:07:12, 0.0, 7.84e-08
2018-08-05, 18:07:14, 0.0, 7.83e-08
2018-08-05, 18:07:16, 0.0, 7.78e-08
2018-08-05, 18:07:18, 0.0, 7.82e-08
2018-08-05, 18:07:20, 0.0, 7.82e-08
2018-08-05, 18:07:23, 0.0, 7.82e-08
2018-08-05, 18:07:25, 0.0, 7.84e-08
2018-08-05, 18:07:27, 0.0, 7.89e-08
2018-08-05, 18:07:29, 0.0, 7.89e-08
2018-08-05, 18:07:31, 0.0, 7.82e-08
2018-08-05, 18:07:33, 0.0, 7.81e-08
2018-08-05, 18:07:35, 0.0, 7.81e-08
2018-08-05, 18:07:38, 0.0, 7.85e-08
2018-08-05, 18:07:40, 0.0, 7.84e-08
2018-08-05, 18:07:42, 0.0, 7.73e-08
2018-08-05, 18:07:44, 0.0, 7.8e-08
2018-08-05, 18:07:46, 0.0, 7.81e-08
2018-08-05, 18:07:48, 0.0, 7.86e-08
2018-08-05, 18:07:50, 0.0, 7.73e-08
2018-08-05, 18:07:52, 0.0, 7.85e-08
2018-08-05, 18:07:55, 0.0, 7.81e-08
2018-08-05, 18:07:57, 0.0, 7.87e-08
2018-08-05, 18:07:59, 0.0, 7.79e-08
2018-08-05, 18:08:01, 0.0, 7.8e-08
2018-08-05, 18:08:03, 0.0, 7.85e-08
2018-08-05, 18:08:05, 0.0, 7.74e-08
2018-08-05, 18:08:07, 0.0, 7.75e-08
2018-08-05, 18:08:09, 0.0, 7.81e-08
2018-08-05, 18:08:12, 0.0, 7.77e-08
2018-08-05, 18:08:14, 0.0, 7.8e-08
2018-08-05, 18:08:16, 0.0, 7.81e-08
2018-08-05, 18:08:18, 0.0, 7.82e-08
2018-08-05, 18:08:20, 0.0, 7.79e-08
2018-08-05, 18:08:22, 0.0, 7.72e-08
2018-08-05, 18:08:24, 0.0, 7.76e-08
2018-08-05, 18:08:26, 0.0, 7.8e-08
2018-08-05, 18:08:29, 0.0, 7.71e-08
2018-08-05, 18:08:31, 0.0, 7.82e-08
2018-08-05, 18:08:33, 0.0, 7.74e-08
2018-08-05, 18:08:35, 0.0, 7.82e-08
2018-08-05, 18:08:37, 0.0, 7.8e-08
2018-08-05, 18:08:39, 0.0, 7.81e-08
2018-08-05, 18:08:41, 0.0, 7.8e-08
2018-08-05, 18:08:43, 0.0, 7.72e-08
2018-08-05, 18:08:46, 0.0, 7.79e-08
2018-08-05, 18:08:48, 0.0, 7.79e-08
2018-08-05, 18:08:50, 0.0, 7.82e-08
2018-08-05, 18:08:52, 0.0, 7.71e-08
2018-08-05, 18:08:54, 0.0, 7.76e-08
2018-08-05, 18:08:56, 0.0, 7.82e-08
2018-08-05, 18:08:58, 0.0, 7.71e-08
2018-08-05, 18:09:01, 0.0, 7.8e-08
2018-08-05, 18:09:03, 0.0, 7.85e-08
2018-08-05, 18:09:05, 0.0, 7.72e-08
2018-08-05, 18:09:07, 0.0, 7.7e-08
2018-08-05, 18:09:09, 0.0, 7.74e-08
2018-08-05, 18:09:11, 0.0, 7.74e-08
2018-08-05, 18:09:13, 0.0, 7.84e-08
2018-08-05, 18:09:15, 0.0, 7.8e-08
2018-08-05, 18:09:18, 0.0, 7.78e-08
2018-08-05, 18:09:20, 0.0, 7.78e-08
2018-08-05, 18:09:22, 0.0, 7.78e-08
2018-08-05, 18:09:24, 0.0, 7.85e-08
2018-08-05, 18:09:26, 0.0, 7.79e-08
2018-08-05, 18:09:28, 0.0, 7.8e-08
2018-08-05, 18:09:30, 0.0, 7.77e-08
2018-08-05, 18:09:32, 0.0, 7.78e-08
2018-08-05, 18:09:35, 0.0, 7.85e-08
2018-08-05, 18:09:37, 0.0, 7.81e-08
2018-08-05, 18:09:39, 0.0, 7.86e-08
2018-08-05, 18:09:41, 0.0, 7.81e-08
2018-08-05, 18:09:43, 0.0, 7.81e-08
2018-08-05, 18:09:45, 0.0, 7.77e-08
2018-08-05, 18:09:47, 0.0, 7.8e-08
2018-08-05, 18:09:49, 0.0, 7.78e-08
2018-08-05, 18:09:52, 0.0, 7.85e-08
2018-08-05, 18:09:54, 0.0, 7.71e-08
2018-08-05, 18:09:56, 0.0, 7.83e-08
2018-08-05, 18:09:58, 0.0, 7.77e-08
2018-08-05, 18:10:00, 0.0, 7.88e-08
2018-08-05, 18:10:02, 0.0, 7.8e-08
2018-08-05, 18:10:04, 0.0, 7.78e-08
2018-08-05, 18:10:06, 0.0, 7.78e-08
2018-08-05, 18:10:09, 0.0, 7.85e-08
2018-08-05, 18:10:11, 0.0, 7.82e-08
2018-08-05, 18:10:13, 0.0, 7.79e-08
2018-08-05, 18:10:15, 0.0, 7.79e-08
2018-08-05, 18:10:17, 0.0, 7.84e-08
2018-08-05, 18:10:19, 0.0, 7.82e-08
2018-08-05, 18:10:21, 0.0, 7.76e-08
2018-08-05, 18:10:23, 0.0, 7.84e-08
2018-08-05, 18:10:26, 0.0, 7.84e-08
2018-08-05, 18:10:28, 0.0, 7.69e-08
2018-08-05, 18:10:30, 0.0, 7.8e-08
2018-08-05, 18:10:32, 0.0, 7.87e-08
2018-08-05, 18:10:34, 0.0, 7.86e-08
2018-08-05, 18:10:36, 0.0, 7.77e-08
2018-08-05, 18:10:38, 0.0, 7.87e-08
2018-08-05, 18:10:41, 0.0, 7.83e-08
2018-08-05, 18:10:43, 0.0, 7.81e-08
2018-08-05, 18:10:45, 0.0, 7.84e-08
2018-08-05, 18:10:47, 0.0, 7.76e-08
2018-08-05, 18:10:49, 0.0, 7.81e-08
2018-08-05, 18:10:51, 0.0, 7.81e-08
2018-08-05, 18:10:53, 0.0, 7.82e-08
2018-08-05, 18:10:55, 0.0, 7.87e-08
2018-08-05, 18:10:57, 0.0, 7.83e-08
2018-08-05, 18:11:00, 0.0, 7.86e-08
2018-08-05, 18:11:02, 0.0, 7.83e-08
2018-08-05, 18:11:04, 0.0, 7.84e-08
2018-08-05, 18:11:06, 0.0, 7.78e-08
2018-08-05, 18:11:08, 0.0, 7.82e-08
2018-08-05, 18:11:10, 0.0, 7.84e-08
2018-08-05, 18:11:12, 0.0, 7.83e-08
2018-08-05, 18:11:15, 0.0, 7.79e-08
2018-08-05, 18:11:17, 0.0, 7.8e-08
2018-08-05, 18:11:19, 0.0, 7.84e-08
2018-08-05, 18:11:21, 0.0, 7.78e-08
2018-08-05, 18:11:23, 0.0, 7.81e-08
2018-08-05, 18:11:25, 0.0, 7.82e-08
2018-08-05, 18:11:27, 0.0, 7.73e-08
2018-08-05, 18:11:29, 0.0, 7.7e-08
2018-08-05, 18:11:31, 0.0, 7.85e-08
2018-08-05, 18:11:34, 0.0, 7.86e-08
2018-08-05, 18:11:36, 0.0, 7.74e-08
2018-08-05, 18:11:38, 0.0, 7.77e-08
2018-08-05, 18:11:40, 0.0, 7.79e-08
2018-08-05, 18:11:42, 0.0, 7.81e-08
2018-08-05, 18:11:44, 0.0, 7.78e-08
2018-08-05, 18:11:46, 0.0, 7.72e-08
2018-08-05, 18:11:49, 0.0, 7.8e-08
2018-08-05, 18:11:51, 0.0, 7.75e-08
2018-08-05, 18:11:53, 0.0, 7.82e-08
2018-08-05, 18:11:55, 0.0, 7.77e-08
2018-08-05, 18:11:57, 0.0, 7.78e-08
2018-08-05, 18:11:59, 0.0, 7.74e-08
2018-08-05, 18:12:01, 0.0, 7.81e-08
2018-08-05, 18:12:03, 0.0, 7.78e-08
2018-08-05, 18:12:06, 0.0, 7.78e-08
2018-08-05, 18:12:08, 0.0, 7.83e-08
2018-08-05, 18:12:10, 0.0, 7.79e-08
2018-08-05, 18:12:12, 0.0, 7.87e-08
2018-08-05, 18:12:14, 0.0, 7.77e-08
2018-08-05, 18:12:16, 0.0, 7.81e-08
2018-08-05, 18:12:18, 0.0, 7.75e-08
2018-08-05, 18:12:20, 0.0, 7.78e-08
2018-08-05, 18:12:23, 0.0, 7.86e-08
2018-08-05, 18:12:25, 0.0, 7.81e-08
2018-08-05, 18:12:27, 0.0, 7.81e-08
2018-08-05, 18:12:29, 0.0, 7.76e-08
2018-08-05, 18:12:31, 0.0, 7.78e-08
2018-08-05, 18:12:33, 0.0, 7.82e-08
2018-08-05, 18:12:35, 0.0, 7.81e-08
2018-08-05, 18:12:37, 0.0, 7.75e-08
2018-08-05, 18:12:40, 0.0, 7.74e-08
2018-08-05, 18:12:42, 0.0, 7.77e-08
2018-08-05, 18:12:44, 0.0, 7.79e-08
2018-08-05, 18:12:46, 0.0, 7.77e-08
2018-08-05, 18:12:48, 0.0, 7.78e-08
2018-08-05, 18:12:50, 0.0, 7.73e-08
2018-08-05, 18:12:52, 0.0, 7.82e-08
2018-08-05, 18:12:54, 0.0, 7.87e-08
2018-08-05, 18:12:57, 0.0, 7.79e-08
2018-08-05, 18:12:59, 0.0, 7.83e-08
2018-08-05, 18:13:01, 0.0, 7.8e-08
2018-08-05, 18:13:03, 0.0, 7.84e-08
2018-08-05, 18:13:05, 0.0, 7.75e-08
2018-08-05, 18:13:07, 0.0, 7.87e-08
2018-08-05, 18:13:09, 0.0, 7.79e-08
2018-08-05, 18:13:11, 0.0, 7.8e-08
2018-08-05, 18:13:14, 0.0, 7.8e-08
2018-08-05, 18:13:16, 0.0, 7.85e-08
2018-08-05, 18:13:18, 0.0, 7.77e-08
2018-08-05, 18:13:20, 0.0, 7.8e-08
2018-08-05, 18:13:22, 0.0, 7.84e-08
2018-08-05, 18:13:24, 0.0, 7.76e-08
2018-08-05, 18:13:26, 0.0, 7.88e-08
2018-08-05, 18:13:28, 0.0, 7.84e-08
2018-08-05, 18:13:31, 0.0, 7.79e-08
2018-08-05, 18:13:33, 0.0, 7.83e-08
2018-08-05, 18:13:35, 0.0, 7.83e-08
2018-08-05, 18:13:37, 0.0, 7.85e-08
2018-08-05, 18:13:39, 0.0, 7.83e-08
2018-08-05, 18:13:41, 0.0, 7.86e-08
2018-08-05, 18:13:43, 0.0, 7.82e-08
2018-08-05, 18:13:45, 0.0, 7.84e-08
2018-08-05, 18:13:48, 0.0, 7.88e-08
2018-08-05, 18:13:50, 0.0, 7.88e-08
2018-08-05, 18:13:52, 0.0, 7.8e-08
2018-08-05, 18:13:54, 0.0, 7.86e-08
2018-08-05, 18:13:56, 0.0, 7.86e-08
2018-08-05, 18:13:58, 0.0, 7.8e-08
2018-08-05, 18:14:00, 0.0, 7.79e-08
2018-08-05, 18:14:02, 0.0, 7.81e-08
2018-08-05, 18:14:05, 0.0, 7.84e-08
2018-08-05, 18:14:07, 0.0, 7.84e-08
2018-08-05, 18:14:09, 0.0, 7.82e-08
2018-08-05, 18:14:11, 0.0, 7.83e-08
2018-08-05, 18:14:13, 0.0, 7.78e-08
2018-08-05, 18:14:15, 0.0, 7.74e-08
2018-08-05, 18:14:17, 0.0, 7.88e-08
2018-08-05, 18:14:19, 0.0, 7.84e-08
2018-08-05, 18:14:22, 0.0, 7.77e-08
2018-08-05, 18:14:24, 0.0, 7.78e-08
2018-08-05, 18:14:26, 0.0, 7.82e-08
2018-08-05, 18:14:28, 0.0, 7.83e-08
2018-08-05, 18:14:30, 0.0, 7.82e-08
2018-08-05, 18:14:32, 0.0, 7.84e-08
2018-08-05, 18:14:34, 0.0, 7.8e-08
2018-08-05, 18:14:36, 0.0, 7.82e-08
2018-08-05, 18:14:39, 0.0, 7.79e-08
2018-08-05, 18:14:41, 0.0, 7.73e-08
2018-08-05, 18:14:43, 0.0, 7.77e-08
2018-08-05, 18:14:45, 0.0, 7.81e-08
2018-08-05, 18:14:47, 0.0, 7.86e-08
2018-08-05, 18:14:49, 0.0, 7.9e-08
2018-08-05, 18:14:51, 0.0, 7.78e-08
2018-08-05, 18:14:54, 0.0, 7.88e-08
2018-08-05, 18:14:56, 0.0, 7.84e-08
2018-08-05, 18:14:58, 0.0, 7.79e-08
2018-08-05, 18:15:00, 0.0, 7.87e-08
2018-08-05, 18:15:02, 0.0, 7.88e-08
2018-08-05, 18:15:04, 0.0, 7.85e-08
2018-08-05, 18:15:06, 0.0, 7.88e-08
2018-08-05, 18:15:08, 0.0, 7.78e-08
2018-08-05, 18:15:11, 0.0, 7.84e-08
2018-08-05, 18:15:13, 0.0, 7.86e-08
2018-08-05, 18:15:15, 0.0, 7.86e-08
2018-08-05, 18:15:17, 0.0, 7.82e-08
2018-08-05, 18:15:19, 0.0, 7.88e-08
2018-08-05, 18:15:21, 0.0, 7.86e-08
2018-08-05, 18:15:23, 0.0, 7.83e-08
2018-08-05, 18:15:25, 0.0, 7.84e-08
2018-08-05, 18:15:28, 0.0, 7.81e-08
2018-08-05, 18:15:30, 0.0, 7.83e-08
2018-08-05, 18:15:32, 0.0, 7.83e-08
2018-08-05, 18:15:34, 0.0, 7.85e-08
2018-08-05, 18:15:36, 0.0, 7.85e-08
2018-08-05, 18:15:38, 0.0, 7.89e-08
2018-08-05, 18:15:40, 0.0, 7.83e-08
2018-08-05, 18:15:42, 0.0, 7.85e-08
2018-08-05, 18:15:45, 0.0, 7.77e-08
2018-08-05, 18:15:47, 0.0, 7.89e-08
2018-08-05, 18:15:49, 0.0, 7.84e-08
2018-08-05, 18:15:51, 0.0, 7.84e-08
2018-08-05, 18:15:53, 0.0, 7.8e-08
2018-08-05, 18:15:55, 0.0, 7.83e-08
2018-08-05, 18:15:57, 0.0, 7.8e-08
2018-08-05, 18:15:59, 0.0, 7.82e-08
2018-08-05, 18:16:02, 0.0, 7.78e-08
2018-08-05, 18:16:04, 0.0, 7.83e-08
2018-08-05, 18:16:06, 0.0, 7.82e-08
2018-08-05, 18:16:08, 0.0, 7.75e-08
2018-08-05, 18:16:10, 0.0, 7.8e-08
2018-08-05, 18:16:12, 0.0, 7.82e-08
2018-08-05, 18:16:14, 0.0, 7.82e-08
2018-08-05, 18:16:16, 0.0, 7.83e-08
2018-08-05, 18:16:19, 0.0, 7.82e-08
2018-08-05, 18:16:21, 0.0, 7.85e-08
2018-08-05, 18:16:23, 0.0, 7.86e-08
2018-08-05, 18:16:25, 0.0, 7.85e-08
2018-08-05, 18:16:27, 0.0, 7.84e-08
2018-08-05, 18:16:29, 0.0, 7.8e-08
2018-08-05, 18:16:31, 0.0, 7.81e-08
2018-08-05, 18:16:33, 0.0, 7.8e-08
2018-08-05, 18:16:36, 0.0, 7.87e-08
2018-08-05, 18:16:38, 0.0, 7.84e-08
2018-08-05, 18:16:40, 0.0, 7.82e-08
2018-08-05, 18:16:42, 0.0, 7.83e-08
2018-08-05, 18:16:44, 0.0, 7.77e-08
2018-08-05, 18:16:46, 0.0, 7.86e-08
2018-08-05, 18:16:48, 0.0, 7.78e-08
2018-08-05, 18:16:50, 0.0, 7.79e-08
2018-08-05, 18:16:53, 0.0, 7.82e-08
2018-08-05, 18:16:55, 0.0, 7.85e-08
2018-08-05, 18:16:57, 0.0, 7.86e-08
2018-08-05, 18:16:59, 0.0, 7.78e-08
2018-08-05, 18:17:01, 0.0, 7.8e-08
2018-08-05, 18:17:03, 0.0, 7.78e-08
2018-08-05, 18:17:05, 0.0, 7.71e-08
2018-08-05, 18:17:08, 0.0, 7.8e-08
2018-08-05, 18:17:10, 0.0, 7.85e-08
2018-08-05, 18:17:12, 0.0, 7.84e-08
2018-08-05, 18:17:14, 0.0, 7.75e-08
2018-08-05, 18:17:16, 0.0, 7.8e-08
2018-08-05, 18:17:18, 0.0, 7.75e-08
2018-08-05, 18:17:20, 0.0, 7.84e-08
2018-08-05, 18:17:22, 0.0, 7.82e-08
2018-08-05, 18:17:25, 0.0, 7.76e-08
2018-08-05, 18:17:27, 0.0, 7.85e-08
2018-08-05, 18:17:29, 0.0, 7.81e-08
2018-08-05, 18:17:31, 0.0, 7.83e-08
2018-08-05, 18:17:33, 0.0, 7.86e-08
2018-08-05, 18:17:35, 0.0, 7.81e-08
2018-08-05, 18:17:37, 0.0, 7.82e-08
2018-08-05, 18:17:39, 0.0, 7.85e-08
2018-08-05, 18:17:42, 0.0, 7.85e-08
2018-08-05, 18:17:44, 0.0, 7.81e-08
2018-08-05, 18:17:46, 0.0, 7.74e-08
2018-08-05, 18:17:48, 0.0, 7.83e-08
2018-08-05, 18:17:50, 0.0, 7.79e-08
2018-08-05, 18:17:52, 0.0, 7.86e-08
2018-08-05, 18:17:54, 0.0, 7.84e-08
2018-08-05, 18:17:56, 0.0, 7.79e-08
2018-08-05, 18:17:59, 0.0, 7.87e-08
2018-08-05, 18:18:01, 0.0, 7.88e-08
2018-08-05, 18:18:03, 0.0, 7.82e-08
2018-08-05, 18:18:05, 0.0, 7.79e-08
2018-08-05, 18:18:07, 0.0, 7.85e-08
2018-08-05, 18:18:09, 0.0, 7.82e-08
2018-08-05, 18:18:11, 0.0, 7.79e-08
2018-08-05, 18:18:13, 0.0, 7.89e-08
2018-08-05, 18:18:16, 0.0, 7.85e-08
2018-08-05, 18:18:18, 0.0, 7.81e-08
2018-08-05, 18:18:20, 0.0, 7.83e-08
2018-08-05, 18:18:22, 0.0, 7.8e-08
2018-08-05, 18:18:24, 0.0, 7.81e-08
2018-08-05, 18:18:26, 0.0, 7.82e-08
2018-08-05, 18:18:28, 0.0, 7.75e-08
2018-08-05, 18:18:30, 0.0, 7.77e-08
2018-08-05, 18:18:33, 0.0, 7.82e-08
2018-08-05, 18:18:35, 0.0, 7.83e-08
2018-08-05, 18:18:37, 0.0, 7.89e-08
2018-08-05, 18:18:39, 0.0, 7.82e-08
2018-08-05, 18:18:41, 0.0, 7.83e-08
2018-08-05, 18:18:43, 0.0, 7.88e-08
2018-08-05, 18:18:45, 0.0, 7.85e-08
2018-08-05, 18:18:48, 0.0, 7.85e-08
2018-08-05, 18:18:50, 0.0, 7.78e-08
2018-08-05, 18:18:52, 0.0, 7.78e-08
2018-08-05, 18:18:54, 0.0, 7.8e-08
2018-08-05, 18:18:56, 0.0, 7.83e-08
2018-08-05, 18:18:58, 0.0, 7.83e-08
2018-08-05, 18:19:00, 0.0, 7.8e-08
2018-08-05, 18:19:02, 0.0, 7.82e-08
2018-08-05, 18:19:05, 0.0, 7.82e-08
2018-08-05, 18:19:07, 0.0, 7.8e-08
2018-08-05, 18:19:09, 0.0, 7.85e-08
2018-08-05, 18:19:11, 0.0, 7.81e-08
2018-08-05, 18:19:13, 0.0, 7.86e-08
2018-08-05, 18:19:15, 0.0, 7.79e-08
2018-08-05, 18:19:17, 0.0, 7.81e-08
2018-08-05, 18:19:19, 0.0, 7.79e-08
2018-08-05, 18:19:22, 0.0, 7.79e-08
2018-08-05, 18:19:24, 0.0, 7.84e-08
2018-08-05, 18:19:26, 0.0, 7.8e-08
2018-08-05, 18:19:28, 0.0, 7.73e-08
2018-08-05, 18:19:30, 0.0, 7.85e-08
2018-08-05, 18:19:32, 0.0, 7.86e-08
2018-08-05, 18:19:34, 0.0, 7.82e-08
2018-08-05, 18:19:36, 0.0, 7.81e-08
2018-08-05, 18:19:39, 0.0, 7.84e-08
2018-08-05, 18:19:41, 0.0, 7.86e-08
2018-08-05, 18:19:43, 0.0, 7.9e-08
2018-08-05, 18:19:45, 0.0, 7.85e-08
2018-08-05, 18:19:47, 0.0, 7.85e-08
2018-08-05, 18:19:49, 0.0, 7.85e-08
2018-08-05, 18:19:51, 0.0, 7.84e-08
2018-08-05, 18:19:53, 0.0, 7.84e-08
2018-08-05, 18:19:56, 0.0, 7.89e-08
2018-08-05, 18:19:58, 0.0, 7.83e-08
2018-08-05, 18:20:00, 0.0, 7.84e-08
2018-08-05, 18:20:02, 0.0, 7.86e-08
2018-08-05, 18:20:04, 0.0, 7.87e-08
2018-08-05, 18:20:06, 0.0, 7.76e-08
2018-08-05, 18:20:08, 0.0, 7.85e-08
2018-08-05, 18:20:11, 0.0, 7.84e-08
2018-08-05, 18:20:13, 0.0, 7.89e-08
2018-08-05, 18:20:15, 0.0, 7.79e-08
2018-08-05, 18:20:17, 0.0, 7.82e-08
2018-08-05, 18:20:19, 0.0, 7.83e-08
2018-08-05, 18:20:21, 0.0, 7.76e-08
2018-08-05, 18:20:23, 0.0, 7.87e-08
2018-08-05, 18:20:25, 0.0, 7.81e-08
2018-08-05, 18:20:28, 0.0, 7.87e-08
2018-08-05, 18:20:30, 0.0, 7.75e-08
2018-08-05, 18:20:32, 0.0, 7.8e-08
2018-08-05, 18:20:34, 0.0, 7.8e-08
2018-08-05, 18:20:36, 0.0, 7.79e-08
2018-08-05, 18:20:38, 0.0, 7.88e-08
2018-08-05, 18:20:40, 0.0, 7.81e-08
2018-08-05, 18:20:42, 0.0, 7.78e-08
2018-08-05, 18:20:45, 0.0, 7.87e-08
2018-08-05, 18:20:47, 0.0, 7.8e-08
2018-08-05, 18:20:49, 0.0, 7.86e-08
2018-08-05, 18:20:51, 0.0, 7.84e-08
2018-08-05, 18:20:53, 0.0, 7.87e-08
2018-08-05, 18:20:55, 0.0, 7.8e-08
2018-08-05, 18:20:57, 0.0, 7.77e-08
2018-08-05, 18:20:59, 0.0, 7.79e-08
2018-08-05, 18:21:02, 0.0, 7.84e-08
2018-08-05, 18:21:04, 0.0, 7.87e-08
2018-08-05, 18:21:06, 0.0, 7.84e-08
2018-08-05, 18:21:08, 0.0, 7.71e-08
2018-08-05, 18:21:10, 0.0, 7.73e-08
2018-08-05, 18:21:12, 0.0, 7.9e-08
2018-08-05, 18:21:14, 0.0, 7.81e-08
2018-08-05, 18:21:16, 0.0, 7.72e-08
2018-08-05, 18:21:19, 0.0, 7.78e-08
2018-08-05, 18:21:21, 0.0, 7.81e-08
2018-08-05, 18:21:23, 0.0, 7.87e-08
2018-08-05, 18:21:25, 0.0, 7.82e-08
2018-08-05, 18:21:27, 0.0, 7.82e-08
2018-08-05, 18:21:29, 0.0, 7.85e-08
2018-08-05, 18:21:31, 0.0, 7.78e-08
2018-08-05, 18:21:33, 0.0, 7.79e-08
2018-08-05, 18:21:36, 0.0, 7.82e-08
2018-08-05, 18:21:38, 0.0, 7.82e-08
2018-08-05, 18:21:40, 0.0, 7.8e-08
2018-08-05, 18:21:42, 0.0, 7.79e-08
2018-08-05, 18:21:44, 0.0, 7.85e-08
2018-08-05, 18:21:46, 0.0, 7.8e-08
2018-08-05, 18:21:48, 0.0, 7.8e-08
2018-08-05, 18:21:50, 0.0, 7.9e-08
2018-08-05, 18:21:53, 0.0, 7.83e-08
2018-08-05, 18:21:55, 0.0, 7.84e-08
2018-08-05, 18:21:57, 0.0, 7.78e-08
2018-08-05, 18:21:59, 0.0, 7.88e-08
2018-08-05, 18:22:01, 0.0, 7.81e-08
2018-08-05, 18:22:03, 0.0, 7.78e-08
2018-08-05, 18:22:05, 0.0, 7.81e-08
2018-08-05, 18:22:07, 0.0, 7.83e-08
2018-08-05, 18:22:10, 0.0, 7.8e-08
2018-08-05, 18:22:12, 0.0, 7.77e-08
2018-08-05, 18:22:14, 0.0, 7.77e-08
2018-08-05, 18:22:16, 0.0, 7.8e-08
2018-08-05, 18:22:18, 0.0, 7.84e-08
2018-08-05, 18:22:20, 0.0, 7.77e-08
2018-08-05, 18:22:22, 0.0, 7.81e-08
2018-08-05, 18:22:24, 0.0, 7.79e-08
2018-08-05, 18:22:27, 0.0, 7.83e-08
2018-08-05, 18:22:29, 0.0, 7.8e-08
2018-08-05, 18:22:31, 0.0, 7.82e-08
2018-08-05, 18:22:33, 0.0, 7.78e-08
2018-08-05, 18:22:35, 0.0, 7.84e-08
2018-08-05, 18:22:37, 0.0, 7.83e-08
2018-08-05, 18:22:39, 0.0, 7.79e-08
2018-08-05, 18:22:41, 0.0, 7.79e-08
2018-08-05, 18:22:44, 0.0, 7.79e-08
2018-08-05, 18:22:46, 0.0, 7.8e-08
2018-08-05, 18:22:48, 0.0, 7.79e-08
2018-08-05, 18:22:50, 0.0, 7.9e-08
2018-08-05, 18:22:52, 0.0, 7.85e-08
2018-08-05, 18:22:54, 0.0, 7.82e-08
2018-08-05, 18:22:56, 0.0, 7.78e-08
2018-08-05, 18:22:59, 0.0, 7.84e-08
2018-08-05, 18:23:01, 0.0, 7.85e-08
2018-08-05, 18:23:03, 0.0, 7.81e-08
2018-08-05, 18:23:05, 0.0, 7.72e-08
2018-08-05, 18:23:07, 0.0, 7.79e-08
2018-08-05, 18:23:09, 0.0, 7.84e-08
2018-08-05, 18:23:11, 0.0, 7.78e-08
2018-08-05, 18:23:13, 0.0, 7.78e-08
2018-08-05, 18:23:16, 0.0, 7.82e-08
2018-08-05, 18:23:18, 0.0, 7.88e-08
2018-08-05, 18:23:20, 0.0, 7.86e-08
2018-08-05, 18:23:22, 0.0, 7.83e-08
2018-08-05, 18:23:24, 0.0, 7.82e-08
2018-08-05, 18:23:26, 0.0, 7.85e-08
2018-08-05, 18:23:28, 0.0, 7.82e-08
2018-08-05, 18:23:30, 0.0, 7.83e-08
2018-08-05, 18:23:33, 0.0, 7.8e-08
2018-08-05, 18:23:35, 0.0, 7.77e-08
2018-08-05, 18:23:37, 0.0, 7.83e-08
2018-08-05, 18:23:39, 0.0, 7.8e-08
2018-08-05, 18:23:41, 0.0, 7.79e-08
2018-08-05, 18:23:43, 0.0, 7.83e-08
2018-08-05, 18:23:45, 0.0, 7.72e-08
2018-08-05, 18:23:47, 0.0, 7.84e-08
2018-08-05, 18:23:50, 0.0, 7.82e-08
2018-08-05, 18:23:52, 0.0, 7.86e-08
2018-08-05, 18:23:54, 0.0, 7.81e-08
2018-08-05, 18:23:56, 0.0, 7.83e-08
2018-08-05, 18:23:58, 0.0, 7.79e-08
2018-08-05, 18:24:00, 0.0, 7.82e-08
2018-08-05, 18:24:02, 0.0, 7.72e-08
2018-08-05, 18:24:04, 0.0, 7.78e-08
2018-08-05, 18:24:07, 0.0, 7.79e-08
2018-08-05, 18:24:09, 0.0, 7.81e-08
2018-08-05, 18:24:11, 0.0, 7.84e-08
2018-08-05, 18:24:13, 0.0, 7.82e-08
2018-08-05, 18:24:15, 0.0, 7.82e-08
2018-08-05, 18:24:17, 0.0, 7.85e-08
2018-08-05, 18:24:19, 0.0, 7.83e-08
2018-08-05, 18:24:22, 0.0, 7.79e-08
2018-08-05, 18:24:24, 0.0, 7.84e-08
2018-08-05, 18:24:26, 0.0, 7.82e-08
2018-08-05, 18:24:28, 0.0, 7.8e-08
2018-08-05, 18:24:30, 0.0, 7.84e-08
2018-08-05, 18:24:32, 0.0, 7.77e-08
2018-08-05, 18:24:34, 0.0, 7.8e-08
2018-08-05, 18:24:36, 0.0, 7.79e-08
2018-08-05, 18:24:39, 0.0, 7.85e-08
2018-08-05, 18:24:41, 0.0, 7.82e-08
2018-08-05, 18:24:43, 0.0, 7.85e-08
2018-08-05, 18:24:45, 0.0, 7.83e-08
2018-08-05, 18:24:47, 0.0, 7.84e-08
2018-08-05, 18:24:49, 0.0, 7.81e-08
2018-08-05, 18:24:51, 0.0, 7.82e-08
2018-08-05, 18:24:53, 0.0, 7.82e-08
2018-08-05, 18:24:56, 0.0, 7.83e-08
2018-08-05, 18:24:58, 0.0, 7.84e-08
2018-08-05, 18:25:00, 0.0, 7.79e-08
2018-08-05, 18:25:02, 0.0, 7.81e-08
2018-08-05, 18:25:04, 0.0, 7.81e-08
2018-08-05, 18:25:06, 0.0, 7.76e-08
2018-08-05, 18:25:08, 0.0, 7.82e-08
2018-08-05, 18:25:10, 0.0, 7.86e-08
2018-08-05, 18:25:13, 0.0, 7.81e-08
2018-08-05, 18:25:15, 0.0, 7.79e-08
2018-08-05, 18:25:17, 0.0, 7.75e-08
2018-08-05, 18:25:19, 0.0, 7.78e-08
2018-08-05, 18:25:21, 0.0, 7.85e-08
2018-08-05, 18:25:23, 0.0, 7.86e-08
2018-08-05, 18:25:25, 0.0, 7.78e-08
2018-08-05, 18:25:27, 0.0, 7.81e-08
2018-08-05, 18:25:30, 0.0, 7.84e-08
2018-08-05, 18:25:32, 0.0, 7.81e-08
2018-08-05, 18:25:34, 0.0, 7.81e-08
2018-08-05, 18:25:36, 0.0, 7.82e-08
2018-08-05, 18:25:38, 0.0, 7.91e-08
2018-08-05, 18:25:40, 0.0, 7.84e-08
2018-08-05, 18:25:42, 0.0, 7.88e-08
2018-08-05, 18:25:44, 0.0, 7.87e-08
2018-08-05, 18:25:47, 0.0, 7.87e-08
2018-08-05, 18:25:49, 0.0, 7.85e-08
2018-08-05, 18:25:51, 0.0, 7.85e-08
2018-08-05, 18:25:53, 0.0, 7.81e-08
2018-08-05, 18:25:55, 0.0, 7.86e-08
2018-08-05, 18:25:57, 0.0, 7.9e-08
2018-08-05, 18:25:59, 0.0, 7.84e-08
2018-08-05, 18:26:01, 0.0, 7.8e-08
2018-08-05, 18:26:04, 0.0, 7.78e-08
2018-08-05, 18:26:06, 0.0, 7.84e-08
2018-08-05, 18:26:08, 0.0, 7.88e-08
2018-08-05, 18:26:10, 0.0, 7.87e-08
2018-08-05, 18:26:12, 0.0, 7.84e-08
2018-08-05, 18:26:14, 0.0, 7.8e-08
2018-08-05, 18:26:16, 0.0, 7.8e-08
2018-08-05, 18:26:18, 0.0, 7.81e-08
2018-08-05, 18:26:21, 0.0, 7.78e-08
2018-08-05, 18:26:23, 0.0, 7.84e-08
2018-08-05, 18:26:25, 0.0, 7.88e-08
2018-08-05, 18:26:27, 0.0, 7.84e-08
2018-08-05, 18:26:29, 0.0, 7.8e-08
2018-08-05, 18:26:31, 0.0, 7.82e-08
2018-08-05, 18:26:33, 0.0, 7.83e-08
2018-08-05, 18:26:35, 0.0, 7.81e-08
2018-08-05, 18:26:38, 0.0, 7.8e-08
2018-08-05, 18:26:40, 0.0, 7.85e-08
2018-08-05, 18:26:42, 0.0, 7.79e-08
2018-08-05, 18:26:44, 0.0, 7.83e-08
2018-08-05, 18:26:46, 0.0, 7.78e-08
2018-08-05, 18:26:48, 0.0, 7.83e-08
2018-08-05, 18:26:50, 0.0, 7.88e-08
2018-08-05, 18:26:52, 0.0, 7.88e-08
2018-08-05, 18:26:55, 0.0, 7.87e-08
2018-08-05, 18:26:57, 0.0, 7.86e-08
2018-08-05, 18:26:59, 0.0, 7.83e-08
2018-08-05, 18:27:01, 0.0, 7.82e-08
2018-08-05, 18:27:03, 0.0, 7.85e-08
2018-08-05, 18:27:05, 0.0, 7.83e-08
2018-08-05, 18:27:07, 0.0, 7.81e-08
2018-08-05, 18:27:09, 0.0, 7.87e-08
2018-08-05, 18:27:12, 0.0, 7.85e-08
2018-08-05, 18:27:14, 0.0, 7.83e-08
2018-08-05, 18:27:16, 0.0, 7.85e-08
2018-08-05, 18:27:18, 0.0, 7.85e-08
2018-08-05, 18:27:20, 0.0, 7.81e-08
2018-08-05, 18:27:22, 0.0, 7.9e-08
2018-08-05, 18:27:24, 0.0, 7.81e-08
2018-08-05, 18:27:26, 0.0, 7.84e-08
2018-08-05, 18:27:29, 0.0, 7.81e-08
2018-08-05, 18:27:31, 0.0, 7.85e-08
2018-08-05, 18:27:33, 0.0, 7.8e-08
2018-08-05, 18:27:35, 0.0, 7.81e-08
2018-08-05, 18:27:37, 0.0, 7.88e-08
2018-08-05, 18:27:39, 0.0, 7.82e-08
2018-08-05, 18:27:41, 0.0, 7.77e-08
2018-08-05, 18:27:44, 0.0, 7.87e-08
2018-08-05, 18:27:46, 0.0, 7.88e-08
2018-08-05, 18:27:48, 0.0, 7.89e-08
2018-08-05, 18:27:50, 0.0, 7.9e-08
2018-08-05, 18:27:52, 0.0, 7.87e-08
2018-08-05, 18:27:54, 0.0, 7.87e-08
2018-08-05, 18:27:56, 0.0, 7.85e-08
2018-08-05, 18:27:58, 0.0, 7.85e-08
2018-08-05, 18:28:01, 0.0, 7.88e-08
2018-08-05, 18:28:03, 0.0, 7.83e-08
2018-08-05, 18:28:05, 0.0, 7.86e-08
2018-08-05, 18:28:07, 0.0, 7.84e-08
2018-08-05, 18:28:09, 0.0, 7.86e-08
2018-08-05, 18:28:11, 0.0, 7.82e-08
2018-08-05, 18:28:13, 0.0, 7.83e-08
2018-08-05, 18:28:15, 0.0, 7.89e-08
2018-08-05, 18:28:18, 0.0, 7.84e-08
2018-08-05, 18:28:20, 0.0, 7.79e-08
2018-08-05, 18:28:22, 0.0, 7.83e-08
2018-08-05, 18:28:24, 0.0, 7.82e-08
2018-08-05, 18:28:26, 0.0, 7.75e-08
2018-08-05, 18:28:28, 0.0, 7.83e-08
2018-08-05, 18:28:30, 0.0, 7.82e-08
2018-08-05, 18:28:32, 0.0, 7.83e-08
2018-08-05, 18:28:35, 0.0, 7.82e-08
2018-08-05, 18:28:37, 0.0, 7.87e-08
2018-08-05, 18:28:39, 0.0, 7.84e-08
2018-08-05, 18:28:41, 0.0, 7.81e-08
2018-08-05, 18:28:43, 0.0, 7.81e-08
2018-08-05, 18:28:45, 0.0, 7.88e-08
2018-08-05, 18:28:47, 0.0, 7.75e-08
2018-08-05, 18:28:49, 0.0, 7.86e-08
2018-08-05, 18:28:52, 0.0, 7.82e-08
2018-08-05, 18:28:54, 0.0, 7.82e-08
2018-08-05, 18:28:56, 0.0, 7.85e-08
2018-08-05, 18:28:58, 0.0, 7.84e-08
2018-08-05, 18:29:00, 0.0, 7.83e-08
2018-08-05, 18:29:02, 0.0, 7.8e-08
2018-08-05, 18:29:04, 0.0, 7.82e-08
2018-08-05, 18:29:06, 0.0, 7.86e-08
2018-08-05, 18:29:09, 0.0, 7.83e-08
2018-08-05, 18:29:11, 0.0, 7.89e-08
2018-08-05, 18:29:13, 0.0, 7.86e-08
2018-08-05, 18:29:15, 0.0, 7.79e-08
2018-08-05, 18:29:17, 0.0, 7.74e-08
2018-08-05, 18:29:19, 0.0, 7.85e-08
2018-08-05, 18:29:21, 0.0, 7.82e-08
2018-08-05, 18:29:23, 0.0, 7.77e-08
2018-08-05, 18:29:26, 0.0, 7.84e-08
2018-08-05, 18:29:28, 0.0, 7.75e-08
2018-08-05, 18:29:30, 0.0, 7.81e-08
2018-08-05, 18:29:32, 0.0, 7.82e-08
2018-08-05, 18:29:34, 0.0, 7.81e-08
2018-08-05, 18:29:36, 0.0, 7.82e-08
2018-08-05, 18:29:38, 0.0, 7.86e-08
2018-08-05, 18:29:40, 0.0, 7.86e-08
2018-08-05, 18:29:43, 0.0, 7.81e-08
2018-08-05, 18:29:45, 0.0, 7.88e-08
2018-08-05, 18:29:47, 0.0, 7.86e-08
2018-08-05, 18:29:49, 0.0, 7.89e-08
2018-08-05, 18:29:51, 0.0, 7.86e-08
2018-08-05, 18:29:53, 0.0, 7.85e-08
2018-08-05, 18:29:55, 0.0, 7.8e-08
2018-08-05, 18:29:57, 0.0, 7.89e-08
2018-08-05, 18:30:00, 0.0, 7.86e-08
2018-08-05, 18:30:02, 0.0, 7.83e-08
2018-08-05, 18:30:04, 0.0, 7.83e-08
2018-08-05, 18:30:06, 0.0, 7.84e-08
2018-08-05, 18:30:08, 0.0, 7.87e-08
2018-08-05, 18:30:10, 0.0, 7.79e-08
2018-08-05, 18:30:12, 0.0, 7.88e-08
2018-08-05, 18:30:14, 0.0, 7.83e-08
2018-08-05, 18:30:17, 0.0, 7.75e-08
2018-08-05, 18:30:19, 0.0, 7.88e-08
2018-08-05, 18:30:21, 0.0, 7.85e-08
2018-08-05, 18:30:23, 0.0, 7.85e-08
2018-08-05, 18:30:25, 0.0, 7.87e-08
2018-08-05, 18:30:27, 0.0, 7.81e-08
2018-08-05, 18:30:29, 0.0, 7.76e-08
2018-08-05, 18:30:32, 0.0, 7.84e-08
2018-08-05, 18:30:34, 0.0, 7.85e-08
2018-08-05, 18:30:36, 0.0, 7.86e-08
2018-08-05, 18:30:38, 0.0, 7.87e-08
2018-08-05, 18:30:40, 0.0, 7.87e-08
2018-08-05, 18:30:42, 0.0, 7.88e-08
2018-08-05, 18:30:44, 0.0, 7.83e-08
2018-08-05, 18:30:46, 0.0, 7.86e-08
2018-08-05, 18:30:48, 0.0, 7.85e-08
2018-08-05, 18:30:51, 0.0, 7.86e-08
2018-08-05, 18:30:53, 0.0, 7.87e-08
2018-08-05, 18:30:55, 0.0, 7.79e-08
2018-08-05, 18:30:57, 0.0, 7.87e-08
2018-08-05, 18:30:59, 0.0, 7.85e-08
2018-08-05, 18:31:01, 0.0, 7.81e-08
2018-08-05, 18:31:03, 0.0, 7.85e-08
2018-08-05, 18:31:06, 0.0, 7.79e-08
2018-08-05, 18:31:08, 0.0, 7.86e-08
2018-08-05, 18:31:10, 0.0, 7.92e-08
2018-08-05, 18:31:12, 0.0, 7.88e-08
2018-08-05, 18:31:14, 0.0, 7.84e-08
2018-08-05, 18:31:16, 0.0, 7.81e-08
2018-08-05, 18:31:18, 0.0, 7.86e-08
2018-08-05, 18:31:20, 0.0, 7.87e-08
2018-08-05, 18:31:22, 0.0, 7.84e-08
2018-08-05, 18:31:25, 0.0, 7.81e-08
2018-08-05, 18:31:27, 0.0, 7.84e-08
2018-08-05, 18:31:29, 0.0, 7.8e-08
2018-08-05, 18:31:31, 0.0, 7.79e-08
2018-08-05, 18:31:33, 0.0, 7.81e-08
2018-08-05, 18:31:35, 0.0, 7.73e-08
2018-08-05, 18:31:37, 0.0, 7.85e-08
2018-08-05, 18:31:39, 0.0, 7.87e-08
2018-08-05, 18:31:42, 0.0, 7.87e-08
2018-08-05, 18:31:44, 0.0, 7.9e-08
2018-08-05, 18:31:46, 0.0, 7.82e-08
2018-08-05, 18:31:48, 0.0, 7.91e-08
2018-08-05, 18:31:50, 0.0, 7.75e-08
2018-08-05, 18:31:52, 0.0, 7.8e-08
2018-08-05, 18:31:54, 0.0, 7.79e-08
2018-08-05, 18:31:56, 0.0, 7.82e-08
2018-08-05, 18:31:59, 0.0, 7.87e-08
2018-08-05, 18:32:01, 0.0, 7.91e-08
2018-08-05, 18:32:03, 0.0, 7.8e-08
2018-08-05, 18:32:05, 0.0, 7.85e-08
2018-08-05, 18:32:07, 0.0, 7.82e-08
2018-08-05, 18:32:09, 0.0, 7.78e-08
2018-08-05, 18:32:11, 0.0, 7.85e-08
2018-08-05, 18:32:14, 0.0, 7.81e-08
2018-08-05, 18:32:16, 0.0, 7.82e-08
2018-08-05, 18:32:18, 0.0, 7.85e-08
2018-08-05, 18:32:20, 0.0, 7.81e-08
2018-08-05, 18:32:22, 0.0, 7.82e-08
2018-08-05, 18:32:24, 0.0, 7.79e-08
2018-08-05, 18:32:26, 0.0, 7.75e-08
2018-08-05, 18:32:28, 0.0, 7.79e-08
2018-08-05, 18:32:31, 0.0, 7.79e-08
2018-08-05, 18:32:33, 0.0, 7.8e-08
2018-08-05, 18:32:35, 0.0, 7.85e-08
2018-08-05, 18:32:37, 0.0, 7.85e-08
2018-08-05, 18:32:39, 0.0, 7.8e-08
2018-08-05, 18:32:41, 0.0, 7.84e-08
2018-08-05, 18:32:43, 0.0, 7.84e-08
2018-08-05, 18:32:45, 0.0, 7.85e-08
2018-08-05, 18:32:47, 0.0, 7.89e-08
2018-08-05, 18:32:50, 0.0, 7.89e-08
2018-08-05, 18:32:52, 0.0, 7.76e-08
2018-08-05, 18:32:54, 0.0, 7.74e-08
2018-08-05, 18:32:56, 0.0, 7.82e-08
2018-08-05, 18:32:58, 0.0, 7.85e-08
2018-08-05, 18:33:00, 0.0, 7.82e-08
2018-08-05, 18:33:02, 0.0, 7.85e-08
2018-08-05, 18:33:05, 0.0, 7.77e-08
2018-08-05, 18:33:07, 0.0, 7.83e-08
2018-08-05, 18:33:09, 0.0, 7.92e-08
2018-08-05, 18:33:11, 0.0, 7.88e-08
2018-08-05, 18:33:13, 0.0, 7.86e-08
2018-08-05, 18:33:15, 0.0, 7.8e-08
2018-08-05, 18:33:17, 0.0, 7.84e-08
2018-08-05, 18:33:19, 0.0, 7.83e-08
2018-08-05, 18:33:22, 0.0, 7.83e-08
2018-08-05, 18:33:24, 0.0, 7.79e-08
2018-08-05, 18:33:26, 0.0, 7.79e-08
2018-08-05, 18:33:28, 0.0, 7.8e-08
2018-08-05, 18:33:30, 0.0, 7.8e-08
2018-08-05, 18:33:32, 0.0, 7.88e-08
2018-08-05, 18:33:34, 0.0, 7.8e-08
2018-08-05, 18:33:36, 0.0, 7.85e-08
2018-08-05, 18:33:39, 0.0, 7.77e-08
2018-08-05, 18:33:41, 0.0, 7.73e-08
2018-08-05, 18:33:43, 0.0, 7.86e-08
2018-08-05, 18:33:45, 0.0, 7.79e-08
2018-08-05, 18:33:47, 0.0, 7.87e-08
2018-08-05, 18:33:49, 0.0, 7.88e-08
2018-08-05, 18:33:51, 0.0, 7.87e-08
2018-08-05, 18:33:53, 0.0, 7.83e-08
2018-08-05, 18:33:56, 0.0, 7.85e-08
2018-08-05, 18:33:58, 0.0, 7.81e-08
2018-08-05, 18:34:00, 0.0, 7.88e-08
2018-08-05, 18:34:02, 0.0, 7.78e-08
2018-08-05, 18:34:04, 0.0, 7.82e-08
2018-08-05, 18:34:06, 0.0, 7.77e-08
2018-08-05, 18:34:08, 0.0, 7.92e-08
2018-08-05, 18:34:10, 0.0, 7.87e-08
2018-08-05, 18:34:13, 0.0, 7.84e-08
2018-08-05, 18:34:15, 0.0, 7.81e-08
2018-08-05, 18:34:17, 0.0, 7.83e-08
2018-08-05, 18:34:19, 0.0, 7.84e-08
2018-08-05, 18:34:21, 0.0, 7.85e-08
2018-08-05, 18:34:23, 0.0, 7.84e-08
2018-08-05, 18:34:25, 0.0, 7.83e-08
2018-08-05, 18:34:27, 0.0, 7.84e-08
2018-08-05, 18:34:30, 0.0, 7.81e-08
2018-08-05, 18:34:32, 0.0, 7.8e-08
2018-08-05, 18:34:34, 0.0, 7.84e-08
2018-08-05, 18:34:36, 0.0, 7.86e-08
2018-08-05, 18:34:38, 0.0, 7.85e-08
2018-08-05, 18:34:40, 0.0, 7.83e-08
2018-08-05, 18:34:42, 0.0, 7.84e-08
2018-08-05, 18:34:44, 0.0, 7.84e-08
2018-08-05, 18:34:47, 0.0, 7.88e-08
2018-08-05, 18:34:49, 0.0, 7.89e-08
2018-08-05, 18:34:51, 0.0, 7.82e-08
2018-08-05, 18:34:53, 0.0, 7.85e-08
2018-08-05, 18:34:55, 0.0, 7.86e-08
2018-08-05, 18:34:57, 0.0, 7.91e-08
2018-08-05, 18:34:59, 0.0, 7.9e-08
2018-08-05, 18:35:01, 0.0, 7.9e-08
2018-08-05, 18:35:04, 0.0, 7.86e-08
2018-08-05, 18:35:06, 0.0, 7.81e-08
2018-08-05, 18:35:08, 0.0, 7.83e-08
2018-08-05, 18:35:10, 0.0, 7.79e-08
2018-08-05, 18:35:12, 0.0, 7.88e-08
2018-08-05, 18:35:14, 0.0, 7.85e-08
2018-08-05, 18:35:16, 0.0, 7.88e-08
2018-08-05, 18:35:19, 0.0, 7.77e-08
2018-08-05, 18:35:21, 0.0, 7.88e-08
2018-08-05, 18:35:23, 0.0, 7.82e-08
2018-08-05, 18:35:25, 0.0, 7.76e-08
2018-08-05, 18:35:27, 0.0, 7.85e-08
2018-08-05, 18:35:29, 0.0, 7.79e-08
2018-08-05, 18:35:31, 0.0, 7.79e-08
2018-08-05, 18:35:33, 0.0, 7.9e-08
2018-08-05, 18:35:36, 0.0, 7.88e-08
2018-08-05, 18:35:38, 0.0, 7.87e-08
2018-08-05, 18:35:40, 0.0, 7.87e-08
2018-08-05, 18:35:42, 0.0, 7.87e-08
2018-08-05, 18:35:44, 0.0, 7.88e-08
2018-08-05, 18:35:46, 0.0, 7.85e-08
2018-08-05, 18:35:48, 0.0, 7.85e-08
2018-08-05, 18:35:50, 0.0, 7.88e-08
2018-08-05, 18:35:53, 0.0, 7.89e-08
2018-08-05, 18:35:55, 0.0, 7.86e-08
2018-08-05, 18:35:57, 0.0, 7.92e-08
2018-08-05, 18:35:59, 0.0, 7.93e-08
2018-08-05, 18:36:01, 0.0, 7.91e-08
2018-08-05, 18:36:03, 0.0, 7.85e-08
2018-08-05, 18:36:05, 0.0, 7.91e-08
2018-08-05, 18:36:07, 0.0, 7.82e-08
2018-08-05, 18:36:10, 0.0, 7.88e-08
2018-08-05, 18:36:12, 0.0, 7.84e-08
2018-08-05, 18:36:14, 0.0, 7.85e-08
2018-08-05, 18:36:16, 0.0, 7.91e-08
2018-08-05, 18:36:18, 0.0, 7.83e-08
2018-08-05, 18:36:20, 0.0, 7.88e-08
2018-08-05, 18:36:22, 0.0, 7.84e-08
2018-08-05, 18:36:24, 0.0, 7.9e-08
2018-08-05, 18:36:27, 0.0, 7.88e-08
2018-08-05, 18:36:29, 0.0, 7.82e-08
2018-08-05, 18:36:31, 0.0, 7.79e-08
2018-08-05, 18:36:33, 0.0, 7.84e-08
2018-08-05, 18:36:35, 0.0, 7.84e-08
2018-08-05, 18:36:37, 0.0, 7.94e-08
2018-08-05, 18:36:39, 0.0, 7.89e-08
2018-08-05, 18:36:41, 0.0, 7.83e-08
2018-08-05, 18:36:44, 0.0, 7.89e-08
2018-08-05, 18:36:46, 0.0, 7.85e-08
2018-08-05, 18:36:48, 0.0, 7.88e-08
2018-08-05, 18:36:50, 0.0, 7.77e-08
2018-08-05, 18:36:52, 0.0, 7.85e-08
2018-08-05, 18:36:54, 0.0, 7.85e-08
2018-08-05, 18:36:56, 0.0, 7.84e-08
2018-08-05, 18:36:58, 0.0, 7.95e-08
2018-08-05, 18:37:01, 0.0, 7.87e-08
2018-08-05, 18:37:03, 0.0, 7.86e-08
2018-08-05, 18:37:05, 0.0, 7.84e-08
2018-08-05, 18:37:07, 0.0, 7.88e-08
2018-08-05, 18:37:09, 0.0, 7.9e-08
2018-08-05, 18:37:11, 0.0, 7.88e-08
2018-08-05, 18:37:13, 0.0, 7.93e-08
2018-08-05, 18:37:16, 0.0, 7.9e-08
2018-08-05, 18:37:18, 0.0, 7.92e-08
2018-08-05, 18:37:20, 0.0, 7.97e-08
2018-08-05, 18:37:22, 0.0, 7.9e-08
2018-08-05, 18:37:24, 0.0, 7.93e-08
2018-08-05, 18:37:26, 0.0, 7.93e-08
2018-08-05, 18:37:28, 0.0, 7.84e-08
2018-08-05, 18:37:30, 0.0, 7.9e-08
2018-08-05, 18:37:33, 0.0, 7.93e-08
2018-08-05, 18:37:35, 0.0, 7.94e-08
2018-08-05, 18:37:37, 0.0, 7.92e-08
2018-08-05, 18:37:39, 0.0, 7.9e-08
2018-08-05, 18:37:41, 0.0, 7.95e-08
2018-08-05, 18:37:43, 0.0, 7.93e-08
2018-08-05, 18:37:45, 0.0, 7.96e-08
2018-08-05, 18:37:47, 0.0, 7.87e-08
2018-08-05, 18:37:50, 0.0, 7.9e-08
2018-08-05, 18:37:52, 0.0, 7.91e-08
2018-08-05, 18:37:54, 0.0, 7.95e-08
2018-08-05, 18:37:56, 0.0, 7.92e-08
2018-08-05, 18:37:58, 0.0, 7.92e-08
2018-08-05, 18:38:00, 0.0, 7.87e-08
2018-08-05, 18:38:02, 0.0, 7.92e-08
2018-08-05, 18:38:04, 0.0, 7.92e-08
2018-08-05, 18:38:07, 0.0, 7.94e-08
2018-08-05, 18:38:09, 0.0, 7.87e-08
2018-08-05, 18:38:11, 0.0, 7.91e-08
2018-08-05, 18:38:13, 0.0, 7.92e-08
2018-08-05, 18:38:15, 0.0, 7.89e-08
2018-08-05, 18:38:17, 0.0, 7.95e-08
2018-08-05, 18:38:19, 0.0, 7.91e-08
2018-08-05, 18:38:21, 0.0, 7.89e-08
2018-08-05, 18:38:24, 0.0, 7.93e-08
2018-08-05, 18:38:26, 0.0, 7.89e-08
2018-08-05, 18:38:28, 0.0, 7.87e-08
2018-08-05, 18:38:30, 0.0, 7.9e-08
2018-08-05, 18:38:32, 0.0, 7.85e-08
2018-08-05, 18:38:34, 0.0, 7.91e-08
2018-08-05, 18:38:36, 0.0, 7.97e-08
2018-08-05, 18:38:38, 0.0, 7.95e-08
2018-08-05, 18:38:41, 0.0, 7.89e-08
2018-08-05, 18:38:43, 0.0, 7.95e-08
2018-08-05, 18:38:45, 0.0, 7.95e-08
2018-08-05, 18:38:47, 0.0, 7.91e-08
2018-08-05, 18:38:49, 0.0, 7.9e-08
2018-08-05, 18:38:51, 0.0, 7.94e-08
2018-08-05, 18:38:53, 0.0, 7.86e-08
2018-08-05, 18:38:55, 0.0, 7.9e-08
2018-08-05, 18:38:58, 0.0, 7.93e-08
2018-08-05, 18:39:00, 0.0, 7.89e-08
2018-08-05, 18:39:02, 0.0, 7.93e-08
2018-08-05, 18:39:04, 0.0, 7.98e-08
2018-08-05, 18:39:06, 0.0, 7.87e-08
2018-08-05, 18:39:08, 0.0, 7.88e-08
2018-08-05, 18:39:10, 0.0, 7.93e-08
2018-08-05, 18:39:12, 0.0, 7.96e-08
2018-08-05, 18:39:15, 0.0, 7.96e-08
2018-08-05, 18:39:17, 0.0, 7.91e-08
2018-08-05, 18:39:19, 0.0, 7.88e-08
2018-08-05, 18:39:21, 0.0, 7.93e-08
2018-08-05, 18:39:23, 0.0, 7.88e-08
2018-08-05, 18:39:25, 0.0, 7.93e-08
2018-08-05, 18:39:27, 0.0, 7.92e-08
2018-08-05, 18:39:29, 0.0, 7.91e-08
2018-08-05, 18:39:32, 0.0, 7.99e-08
2018-08-05, 18:39:34, 0.0, 8.01e-08
2018-08-05, 18:39:36, 0.0, 7.96e-08
2018-08-05, 18:39:38, 0.0, 7.95e-08
2018-08-05, 18:39:40, 0.0, 7.96e-08
2018-08-05, 18:39:42, 0.0, 7.99e-08
2018-08-05, 18:39:44, 0.0, 7.98e-08
2018-08-05, 18:39:47, 0.0, 7.89e-08
2018-08-05, 18:39:49, 0.0, 8.03e-08
2018-08-05, 18:39:51, 0.0, 7.94e-08
2018-08-05, 18:39:53, 0.0, 7.9e-08
2018-08-05, 18:39:55, 0.0, 7.96e-08
2018-08-05, 18:39:57, 0.0, 7.98e-08
2018-08-05, 18:39:59, 0.0, 7.95e-08
2018-08-05, 18:40:01, 0.0, 7.94e-08
2018-08-05, 18:40:04, 0.0, 7.88e-08
2018-08-05, 18:40:06, 0.0, 8e-08
2018-08-05, 18:40:08, 0.0, 7.97e-08
2018-08-05, 18:40:10, 0.0, 7.95e-08
2018-08-05, 18:40:12, 0.0, 7.91e-08
2018-08-05, 18:40:14, 0.0, 7.95e-08
2018-08-05, 18:40:16, 0.0, 7.93e-08
2018-08-05, 18:40:18, 0.0, 8e-08
2018-08-05, 18:40:21, 0.0, 7.97e-08
2018-08-05, 18:40:23, 0.0, 7.92e-08
2018-08-05, 18:40:25, 0.0, 7.94e-08
2018-08-05, 18:40:27, 0.0, 7.9e-08
2018-08-05, 18:40:29, 0.0, 7.96e-08
2018-08-05, 18:40:31, 0.0, 7.95e-08
2018-08-05, 18:40:33, 0.0, 7.97e-08
2018-08-05, 18:40:35, 0.0, 7.95e-08
2018-08-05, 18:40:38, 0.0, 7.87e-08
2018-08-05, 18:40:40, 0.0, 7.94e-08
2018-08-05, 18:40:42, 0.0, 7.85e-08
2018-08-05, 18:40:44, 0.0, 7.88e-08
2018-08-05, 18:40:46, 0.0, 7.91e-08
2018-08-05, 18:40:48, 0.0, 7.94e-08
2018-08-05, 18:40:50, 0.0, 7.92e-08
2018-08-05, 18:40:53, 0.0, 7.99e-08
2018-08-05, 18:40:55, 0.0, 7.88e-08
2018-08-05, 18:40:57, 0.0, 7.95e-08
2018-08-05, 18:40:59, 0.0, 7.91e-08
2018-08-05, 18:41:01, 0.0, 7.93e-08
2018-08-05, 18:41:03, 0.0, 7.9e-08
2018-08-05, 18:41:05, 0.0, 7.92e-08
2018-08-05, 18:41:07, 0.0, 7.85e-08
2018-08-05, 18:41:10, 0.0, 7.89e-08
2018-08-05, 18:41:12, 0.0, 7.85e-08
2018-08-05, 18:41:14, 0.0, 7.91e-08
2018-08-05, 18:41:16, 0.0, 7.91e-08
2018-08-05, 18:41:18, 0.0, 7.98e-08
2018-08-05, 18:41:20, 0.0, 7.91e-08
2018-08-05, 18:41:22, 0.0, 7.96e-08
2018-08-05, 18:41:24, 0.0, 7.91e-08
2018-08-05, 18:41:27, 0.0, 7.98e-08
2018-08-05, 18:41:29, 0.0, 8e-08
2018-08-05, 18:41:31, 0.0, 7.94e-08
2018-08-05, 18:41:33, 0.0, 7.99e-08
2018-08-05, 18:41:35, 0.0, 7.99e-08
2018-08-05, 18:41:37, 0.0, 7.92e-08
2018-08-05, 18:41:39, 0.0, 7.95e-08
2018-08-05, 18:41:41, 0.0, 7.94e-08
2018-08-05, 18:41:44, 0.0, 7.99e-08
2018-08-05, 18:41:46, 0.0, 7.93e-08
2018-08-05, 18:41:48, 0.0, 7.98e-08
2018-08-05, 18:41:50, 0.0, 7.99e-08
2018-08-05, 18:41:52, 0.0, 7.96e-08
2018-08-05, 18:41:54, 0.0, 7.98e-08
2018-08-05, 18:41:56, 0.0, 7.87e-08
2018-08-05, 18:41:58, 0.0, 7.99e-08
2018-08-05, 18:42:01, 0.0, 7.92e-08
2018-08-05, 18:42:03, 0.0, 7.95e-08
2018-08-05, 18:42:05, 0.0, 7.91e-08
2018-08-05, 18:42:07, 0.0, 7.91e-08
2018-08-05, 18:42:09, 0.0, 7.91e-08
2018-08-05, 18:42:11, 0.0, 7.93e-08
2018-08-05, 18:42:13, 0.0, 7.96e-08
2018-08-05, 18:42:15, 0.0, 8e-08
2018-08-05, 18:42:18, 0.0, 7.97e-08
2018-08-05, 18:42:20, 0.0, 7.94e-08
2018-08-05, 18:42:22, 0.0, 7.91e-08
2018-08-05, 18:42:24, 0.0, 7.94e-08
2018-08-05, 18:42:26, 0.0, 7.92e-08
2018-08-05, 18:42:28, 0.0, 7.89e-08
2018-08-05, 18:42:30, 0.0, 7.92e-08
2018-08-05, 18:42:32, 0.0, 7.91e-08
2018-08-05, 18:42:35, 0.0, 7.94e-08
2018-08-05, 18:42:37, 0.0, 7.91e-08
2018-08-05, 18:42:39, 0.0, 7.87e-08
2018-08-05, 18:42:41, 0.0, 7.91e-08
2018-08-05, 18:42:43, 0.0, 7.91e-08
2018-08-05, 18:42:45, 0.0, 7.89e-08
2018-08-05, 18:42:47, 0.0, 7.9e-08
2018-08-05, 18:42:49, 0.0, 7.85e-08
2018-08-05, 18:42:52, 0.0, 7.91e-08
2018-08-05, 18:42:54, 0.0, 7.91e-08
2018-08-05, 18:42:56, 0.0, 7.95e-08
2018-08-05, 18:42:58, 0.0, 7.92e-08
2018-08-05, 18:43:00, 0.0, 7.93e-08
2018-08-05, 18:43:02, 0.0, 7.94e-08
2018-08-05, 18:43:04, 0.0, 7.9e-08
2018-08-05, 18:43:06, 0.0, 7.93e-08
2018-08-05, 18:43:09, 0.0, 7.89e-08
2018-08-05, 18:43:11, 0.0, 7.88e-08
2018-08-05, 18:43:13, 0.0, 7.84e-08
2018-08-05, 18:43:15, 0.0, 7.87e-08
2018-08-05, 18:43:17, 0.0, 7.89e-08
2018-08-05, 18:43:19, 0.0, 7.9e-08
2018-08-05, 18:43:21, 0.0, 7.88e-08
2018-08-05, 18:43:24, 0.0, 7.91e-08
2018-08-05, 18:43:26, 0.0, 7.86e-08
2018-08-05, 18:43:28, 0.0, 7.89e-08
2018-08-05, 18:43:30, 0.0, 7.93e-08
2018-08-05, 18:43:32, 0.0, 7.89e-08
2018-08-05, 18:43:34, 0.0, 7.89e-08
2018-08-05, 18:43:36, 0.0, 7.89e-08
2018-08-05, 18:43:38, 0.0, 7.83e-08
2018-08-05, 18:43:41, 0.0, 7.9e-08
2018-08-05, 18:43:43, 0.0, 7.83e-08
2018-08-05, 18:43:45, 0.0, 7.87e-08
2018-08-05, 18:43:47, 0.0, 7.86e-08
2018-08-05, 18:43:49, 0.0, 7.83e-08
2018-08-05, 18:43:51, 0.0, 7.87e-08
2018-08-05, 18:43:53, 0.0, 7.8e-08
2018-08-05, 18:43:55, 0.0, 7.79e-08
2018-08-05, 18:43:58, 0.0, 7.9e-08
2018-08-05, 18:44:00, 0.0, 7.92e-08
2018-08-05, 18:44:02, 0.0, 7.92e-08
2018-08-05, 18:44:04, 0.0, 7.91e-08
2018-08-05, 18:44:06, 0.0, 7.91e-08
2018-08-05, 18:44:08, 0.0, 7.86e-08
2018-08-05, 18:44:10, 0.0, 7.91e-08
2018-08-05, 18:44:12, 0.0, 7.89e-08
2018-08-05, 18:44:15, 0.0, 7.83e-08
2018-08-05, 18:44:17, 0.0, 7.88e-08
2018-08-05, 18:44:19, 0.0, 7.89e-08
2018-08-05, 18:44:21, 0.0, 7.94e-08
2018-08-05, 18:44:23, 0.0, 7.92e-08
2018-08-05, 18:44:25, 0.0, 7.87e-08
2018-08-05, 18:44:27, 0.0, 7.87e-08
2018-08-05, 18:44:29, 0.0, 7.89e-08
2018-08-05, 18:44:32, 0.0, 7.91e-08
2018-08-05, 18:44:34, 0.0, 7.91e-08
2018-08-05, 18:44:36, 0.0, 7.93e-08
2018-08-05, 18:44:38, 0.0, 7.91e-08
2018-08-05, 18:44:40, 0.0, 7.84e-08
2018-08-05, 18:44:42, 0.0, 7.92e-08
2018-08-05, 18:44:44, 0.0, 7.9e-08
2018-08-05, 18:44:46, 0.0, 7.91e-08
2018-08-05, 18:44:49, 0.0, 7.91e-08
2018-08-05, 18:44:51, 0.0, 7.93e-08
2018-08-05, 18:44:53, 0.0, 7.81e-08
2018-08-05, 18:44:55, 0.0, 7.88e-08
2018-08-05, 18:44:57, 0.0, 7.85e-08
2018-08-05, 18:44:59, 0.0, 7.89e-08
2018-08-05, 18:45:01, 0.0, 7.89e-08
2018-08-05, 18:45:03, 0.0, 7.9e-08
2018-08-05, 18:45:06, 0.0, 7.88e-08
2018-08-05, 18:45:08, 0.0, 7.86e-08
2018-08-05, 18:45:10, 0.0, 7.89e-08
2018-08-05, 18:45:12, 0.0, 7.88e-08
2018-08-05, 18:45:14, 0.0, 7.83e-08
2018-08-05, 18:45:16, 0.0, 7.89e-08
2018-08-05, 18:45:18, 0.0, 7.88e-08
2018-08-05, 18:45:20, 0.0, 7.92e-08
2018-08-05, 18:45:23, 0.0, 7.92e-08
2018-08-05, 18:45:25, 0.0, 7.87e-08
2018-08-05, 18:45:27, 0.0, 7.91e-08
2018-08-05, 18:45:29, 0.0, 7.87e-08
2018-08-05, 18:45:31, 0.0, 7.91e-08
2018-08-05, 18:45:33, 0.0, 7.89e-08
2018-08-05, 18:45:35, 0.0, 7.88e-08
2018-08-05, 18:45:37, 0.0, 7.91e-08
2018-08-05, 18:45:40, 0.0, 7.92e-08
2018-08-05, 18:45:42, 0.0, 7.95e-08
2018-08-05, 18:45:44, 0.0, 7.96e-08
2018-08-05, 18:45:46, 0.0, 7.91e-08
2018-08-05, 18:45:48, 0.0, 7.85e-08
2018-08-05, 18:45:50, 0.0, 7.91e-08
2018-08-05, 18:45:52, 0.0, 7.9e-08
2018-08-05, 18:45:55, 0.0, 7.89e-08
2018-08-05, 18:45:57, 0.0, 7.88e-08
2018-08-05, 18:45:59, 0.0, 7.86e-08
2018-08-05, 18:46:01, 0.0, 7.92e-08
2018-08-05, 18:46:03, 0.0, 7.91e-08
2018-08-05, 18:46:05, 0.0, 7.92e-08
2018-08-05, 18:46:07, 0.0, 7.93e-08
2018-08-05, 18:46:09, 0.0, 7.93e-08
2018-08-05, 18:46:12, 0.0, 7.89e-08
2018-08-05, 18:46:14, 0.0, 7.94e-08
2018-08-05, 18:46:16, 0.0, 7.9e-08
2018-08-05, 18:46:18, 0.0, 7.87e-08
2018-08-05, 18:46:20, 0.0, 7.78e-08
2018-08-05, 18:46:22, 0.0, 7.87e-08
2018-08-05, 18:46:24, 0.0, 7.81e-08
2018-08-05, 18:46:26, 0.0, 7.78e-08
2018-08-05, 18:46:29, 0.0, 7.85e-08
2018-08-05, 18:46:31, 0.0, 7.89e-08
2018-08-05, 18:46:33, 0.0, 7.77e-08
2018-08-05, 18:46:35, 0.0, 7.79e-08
2018-08-05, 18:46:37, 0.0, 7.79e-08
2018-08-05, 18:46:39, 0.0, 7.79e-08
2018-08-05, 18:46:41, 0.0, 7.76e-08
2018-08-05, 18:46:43, 0.0, 7.8e-08
2018-08-05, 18:46:46, 0.0, 7.84e-08
2018-08-05, 18:46:48, 0.0, 7.82e-08
2018-08-05, 18:46:50, 0.0, 7.84e-08
2018-08-05, 18:46:52, 0.0, 7.79e-08
2018-08-05, 18:46:54, 0.0, 7.77e-08
2018-08-05, 18:46:56, 0.0, 7.77e-08
2018-08-05, 18:46:58, 0.0, 7.85e-08
2018-08-05, 18:47:00, 0.0, 7.83e-08
2018-08-05, 18:47:03, 0.0, 7.87e-08
2018-08-05, 18:47:05, 0.0, 7.86e-08
2018-08-05, 18:47:07, 0.0, 7.88e-08
2018-08-05, 18:47:09, 0.0, 7.77e-08
2018-08-05, 18:47:11, 0.0, 7.79e-08
2018-08-05, 18:47:13, 0.0, 7.79e-08
2018-08-05, 18:47:15, 0.0, 7.82e-08
2018-08-05, 18:47:17, 0.0, 7.83e-08
2018-08-05, 18:47:20, 0.0, 7.81e-08
2018-08-05, 18:47:22, 0.0, 7.82e-08
2018-08-05, 18:47:24, 0.0, 7.81e-08
2018-08-05, 18:47:26, 0.0, 7.77e-08
2018-08-05, 18:47:28, 0.0, 7.76e-08
2018-08-05, 18:47:30, 0.0, 7.83e-08
2018-08-05, 18:47:32, 0.0, 7.76e-08
2018-08-05, 18:47:34, 0.0, 7.8e-08
2018-08-05, 18:47:37, 0.0, 7.85e-08
2018-08-05, 18:47:39, 0.0, 7.68e-08
2018-08-05, 18:47:41, 0.0, 7.8e-08
2018-08-05, 18:47:43, 0.0, 7.83e-08
2018-08-05, 18:47:45, 0.0, 7.78e-08
2018-08-05, 18:47:47, 0.0, 7.79e-08
2018-08-05, 18:47:49, 0.0, 7.83e-08
2018-08-05, 18:47:52, 0.0, 7.79e-08
2018-08-05, 18:47:54, 0.0, 7.74e-08
2018-08-05, 18:47:56, 0.0, 7.79e-08
2018-08-05, 18:47:58, 0.0, 7.81e-08
2018-08-05, 18:48:00, 0.0, 7.8e-08
2018-08-05, 18:48:02, 0.0, 7.87e-08
2018-08-05, 18:48:04, 0.0, 7.8e-08
2018-08-05, 18:48:06, 0.0, 7.81e-08
2018-08-05, 18:48:08, 0.0, 7.71e-08
2018-08-05, 18:48:11, 0.0, 7.76e-08
2018-08-05, 18:48:13, 0.0, 7.82e-08
2018-08-05, 18:48:15, 0.0, 7.84e-08
2018-08-05, 18:48:17, 0.0, 7.72e-08
2018-08-05, 18:48:19, 0.0, 7.83e-08
2018-08-05, 18:48:21, 0.0, 7.84e-08
2018-08-05, 18:48:23, 0.0, 7.85e-08
2018-08-05, 18:48:26, 0.0, 7.71e-08
2018-08-05, 18:48:28, 0.0, 7.78e-08
2018-08-05, 18:48:30, 0.0, 7.83e-08
2018-08-05, 18:48:32, 0.0, 7.78e-08
2018-08-05, 18:48:34, 0.0, 7.85e-08
2018-08-05, 18:48:36, 0.0, 7.83e-08
2018-08-05, 18:48:38, 0.0, 7.81e-08
2018-08-05, 18:48:40, 0.0, 7.83e-08
2018-08-05, 18:48:43, 0.0, 7.83e-08
2018-08-05, 18:48:45, 0.0, 7.82e-08
2018-08-05, 18:48:47, 0.0, 7.79e-08
2018-08-05, 18:48:49, 0.0, 7.78e-08
2018-08-05, 18:48:51, 0.0, 7.8e-08
2018-08-05, 18:48:53, 0.0, 7.75e-08
2018-08-05, 18:48:55, 0.0, 7.8e-08
2018-08-05, 18:48:57, 0.0, 7.78e-08
2018-08-05, 18:49:00, 0.0, 7.76e-08
2018-08-05, 18:49:02, 0.0, 7.77e-08
2018-08-05, 18:49:04, 0.0, 7.7e-08
2018-08-05, 18:49:06, 0.0, 7.75e-08
2018-08-05, 18:49:08, 0.0, 7.8e-08
2018-08-05, 18:49:10, 0.0, 7.83e-08
2018-08-05, 18:49:12, 0.0, 7.78e-08
2018-08-05, 18:49:14, 0.0, 7.8e-08
2018-08-05, 18:49:17, 0.0, 7.8e-08
2018-08-05, 18:49:19, 0.0, 7.71e-08
2018-08-05, 18:49:21, 0.0, 7.77e-08
2018-08-05, 18:49:23, 0.0, 7.77e-08
2018-08-05, 18:49:25, 0.0, 7.75e-08
2018-08-05, 18:49:27, 0.0, 7.78e-08
2018-08-05, 18:49:29, 0.0, 7.74e-08
2018-08-05, 18:49:31, 0.0, 7.78e-08
2018-08-05, 18:49:34, 0.0, 7.86e-08
2018-08-05, 18:49:36, 0.0, 7.76e-08
2018-08-05, 18:49:38, 0.0, 7.83e-08
2018-08-05, 18:49:40, 0.0, 7.82e-08
2018-08-05, 18:49:42, 0.0, 7.77e-08
2018-08-05, 18:49:44, 0.0, 7.74e-08
2018-08-05, 18:49:46, 0.0, 7.75e-08
2018-08-05, 18:49:48, 0.0, 7.75e-08
2018-08-05, 18:49:51, 0.0, 7.81e-08
2018-08-05, 18:49:53, 0.0, 7.71e-08
2018-08-05, 18:49:55, 0.0, 7.79e-08
2018-08-05, 18:49:57, 0.0, 7.81e-08
2018-08-05, 18:49:59, 0.0, 7.78e-08
2018-08-05, 18:50:01, 0.0, 7.83e-08
2018-08-05, 18:50:03, 0.0, 7.76e-08
2018-08-05, 18:50:06, 0.0, 7.81e-08
2018-08-05, 18:50:08, 0.0, 7.8e-08
2018-08-05, 18:50:10, 0.0, 7.78e-08
2018-08-05, 18:50:12, 0.0, 7.84e-08
2018-08-05, 18:50:14, 0.0, 7.79e-08
2018-08-05, 18:50:16, 0.0, 7.83e-08
2018-08-05, 18:50:18, 0.0, 7.84e-08
2018-08-05, 18:50:20, 0.0, 7.78e-08
2018-08-05, 18:50:23, 0.0, 7.76e-08
2018-08-05, 18:50:25, 0.0, 7.87e-08
2018-08-05, 18:50:27, 0.0, 7.83e-08
2018-08-05, 18:50:29, 0.0, 7.85e-08
2018-08-05, 18:50:31, 0.0, 7.79e-08
2018-08-05, 18:50:33, 0.0, 7.77e-08
2018-08-05, 18:50:35, 0.0, 7.84e-08
2018-08-05, 18:50:37, 0.0, 7.84e-08
2018-08-05, 18:50:40, 0.0, 7.85e-08
2018-08-05, 18:50:42, 0.0, 7.84e-08
2018-08-05, 18:50:44, 0.0, 7.77e-08
2018-08-05, 18:50:46, 0.0, 7.84e-08
2018-08-05, 18:50:48, 0.0, 7.78e-08
2018-08-05, 18:50:50, 0.0, 7.79e-08
2018-08-05, 18:50:52, 0.0, 7.82e-08
2018-08-05, 18:50:54, 0.0, 7.76e-08
2018-08-05, 18:50:57, 0.0, 7.79e-08
2018-08-05, 18:50:59, 0.0, 7.87e-08
2018-08-05, 18:51:01, 0.0, 7.83e-08
2018-08-05, 18:51:03, 0.0, 7.86e-08
2018-08-05, 18:51:05, 0.0, 7.75e-08
2018-08-05, 18:51:07, 0.0, 7.76e-08
2018-08-05, 18:51:09, 0.0, 7.79e-08
2018-08-05, 18:51:11, 0.0, 7.77e-08
2018-08-05, 18:51:14, 0.0, 7.74e-08
2018-08-05, 18:51:16, 0.0, 7.73e-08
2018-08-05, 18:51:18, 0.0, 7.74e-08
2018-08-05, 18:51:20, 0.0, 7.76e-08
2018-08-05, 18:51:22, 0.0, 7.72e-08
2018-08-05, 18:51:24, 0.0, 7.74e-08
2018-08-05, 18:51:26, 0.0, 7.79e-08
2018-08-05, 18:51:28, 0.0, 7.85e-08
2018-08-05, 18:51:31, 0.0, 7.71e-08
2018-08-05, 18:51:33, 0.0, 7.83e-08
2018-08-05, 18:51:35, 0.0, 7.75e-08
2018-08-05, 18:51:37, 0.0, 7.84e-08
2018-08-05, 18:51:39, 0.0, 7.79e-08
2018-08-05, 18:51:41, 0.0, 7.79e-08
2018-08-05, 18:51:43, 0.0, 7.82e-08
2018-08-05, 18:51:45, 0.0, 7.71e-08
2018-08-05, 18:51:48, 0.0, 7.83e-08
2018-08-05, 18:51:50, 0.0, 7.82e-08
2018-08-05, 18:51:52, 0.0, 7.77e-08
2018-08-05, 18:51:54, 0.0, 7.77e-08
2018-08-05, 18:51:56, 0.0, 7.8e-08
2018-08-05, 18:51:58, 0.0, 7.88e-08
2018-08-05, 18:52:00, 0.0, 7.85e-08
2018-08-05, 18:52:02, 0.0, 7.84e-08
2018-08-05, 18:52:05, 0.0, 7.73e-08
2018-08-05, 18:52:07, 0.0, 7.78e-08
2018-08-05, 18:52:09, 0.0, 7.83e-08
2018-08-05, 18:52:11, 0.0, 7.75e-08
2018-08-05, 18:52:13, 0.0, 7.79e-08
2018-08-05, 18:52:15, 0.0, 7.83e-08
2018-08-05, 18:52:17, 0.0, 7.8e-08
2018-08-05, 18:52:20, 0.0, 7.78e-08
2018-08-05, 18:52:22, 0.0, 7.73e-08
2018-08-05, 18:52:24, 0.0, 7.81e-08
2018-08-05, 18:52:26, 0.0, 7.84e-08
2018-08-05, 18:52:28, 0.0, 7.78e-08
2018-08-05, 18:52:30, 0.0, 7.77e-08
2018-08-05, 18:52:32, 0.0, 7.82e-08
2018-08-05, 18:52:34, 0.0, 7.8e-08
2018-08-05, 18:52:37, 0.0, 7.74e-08
2018-08-05, 18:52:39, 0.0, 7.8e-08
2018-08-05, 18:52:41, 0.0, 7.76e-08
2018-08-05, 18:52:43, 0.0, 7.87e-08
2018-08-05, 18:52:45, 0.0, 7.8e-08
2018-08-05, 18:52:47, 0.0, 7.74e-08
2018-08-05, 18:52:49, 0.0, 7.77e-08
2018-08-05, 18:52:52, 0.0, 7.81e-08
2018-08-05, 18:52:54, 0.0, 7.82e-08
2018-08-05, 18:52:56, 0.0, 7.77e-08
2018-08-05, 18:52:58, 0.0, 7.78e-08
2018-08-05, 18:53:00, 0.0, 7.83e-08
2018-08-05, 18:53:02, 0.0, 7.86e-08
2018-08-05, 18:53:04, 0.0, 7.8e-08
2018-08-05, 18:53:06, 0.0, 7.83e-08
2018-08-05, 18:53:09, 0.0, 7.87e-08
2018-08-05, 18:53:11, 0.0, 7.82e-08
2018-08-05, 18:53:13, 0.0, 7.79e-08
2018-08-05, 18:53:15, 0.0, 7.79e-08
2018-08-05, 18:53:17, 0.0, 7.82e-08
2018-08-05, 18:53:19, 0.0, 7.82e-08
2018-08-05, 18:53:21, 0.0, 7.84e-08
2018-08-05, 18:53:23, 0.0, 7.83e-08
2018-08-05, 18:53:26, 0.0, 7.83e-08
2018-08-05, 18:53:28, 0.0, 7.79e-08
2018-08-05, 18:53:30, 0.0, 7.8e-08
2018-08-05, 18:53:32, 0.0, 7.8e-08
2018-08-05, 18:53:34, 0.0, 7.8e-08
2018-08-05, 18:53:36, 0.0, 7.82e-08
2018-08-05, 18:53:38, 0.0, 7.81e-08
2018-08-05, 18:53:40, 0.0, 7.78e-08
2018-08-05, 18:53:43, 0.0, 7.79e-08
2018-08-05, 18:53:45, 0.0, 7.85e-08
2018-08-05, 18:53:47, 0.0, 7.74e-08
2018-08-05, 18:53:49, 0.0, 7.82e-08
2018-08-05, 18:53:51, 0.0, 7.8e-08
2018-08-05, 18:53:53, 0.0, 7.79e-08
2018-08-05, 18:53:55, 0.0, 7.85e-08
2018-08-05, 18:53:57, 0.0, 7.76e-08
2018-08-05, 18:54:00, 0.0, 7.85e-08
2018-08-05, 18:54:02, 0.0, 7.86e-08
2018-08-05, 18:54:04, 0.0, 7.83e-08
2018-08-05, 18:54:06, 0.0, 7.8e-08
2018-08-05, 18:54:08, 0.0, 7.86e-08
2018-08-05, 18:54:10, 0.0, 7.82e-08
2018-08-05, 18:54:12, 0.0, 7.82e-08
2018-08-05, 18:54:15, 0.0, 7.85e-08
2018-08-05, 18:54:17, 0.0, 7.74e-08
2018-08-05, 18:54:19, 0.0, 7.79e-08
2018-08-05, 18:54:21, 0.0, 7.91e-08
2018-08-05, 18:54:23, 0.0, 7.88e-08
2018-08-05, 18:54:25, 0.0, 7.84e-08
2018-08-05, 18:54:27, 0.0, 7.82e-08
2018-08-05, 18:54:29, 0.0, 7.92e-08
2018-08-05, 18:54:32, 0.0, 7.81e-08
2018-08-05, 18:54:34, 0.0, 7.82e-08
2018-08-05, 18:54:36, 0.0, 7.83e-08
2018-08-05, 18:54:38, 0.0, 7.88e-08
2018-08-05, 18:54:40, 0.0, 7.85e-08
2018-08-05, 18:54:42, 0.0, 7.83e-08
2018-08-05, 18:54:44, 0.0, 7.81e-08
2018-08-05, 18:54:46, 0.0, 7.88e-08
2018-08-05, 18:54:49, 0.0, 7.81e-08
2018-08-05, 18:54:51, 0.0, 7.79e-08
2018-08-05, 18:54:53, 0.0, 7.77e-08
2018-08-05, 18:54:55, 0.0, 7.77e-08
2018-08-05, 18:54:57, 0.0, 7.78e-08
2018-08-05, 18:55:00, 0.0, 7.79e-08
2018-08-05, 18:55:02, 0.0, 7.78e-08
2018-08-05, 18:55:04, 0.0, 7.78e-08
2018-08-05, 18:55:06, 0.0, 7.78e-08
2018-08-05, 18:55:08, 0.0, 7.77e-08
2018-08-05, 18:55:10, 0.0, 7.82e-08
2018-08-05, 18:55:12, 0.0, 7.8e-08
2018-08-05, 18:55:15, 0.0, 7.81e-08
2018-08-05, 18:55:17, 0.0, 7.79e-08
2018-08-05, 18:55:19, 0.0, 7.78e-08
2018-08-05, 18:55:21, 0.0, 7.78e-08
2018-08-05, 18:55:23, 0.0, 7.7e-08
2018-08-05, 18:55:25, 0.0, 7.74e-08
2018-08-05, 18:55:27, 0.0, 7.82e-08
2018-08-05, 18:55:29, 0.0, 7.78e-08
2018-08-05, 18:55:32, 0.0, 7.78e-08
2018-08-05, 18:55:34, 0.0, 7.73e-08
2018-08-05, 18:55:36, 0.0, 7.79e-08
2018-08-05, 18:55:38, 0.0, 7.82e-08
2018-08-05, 18:55:40, 0.0, 7.8e-08
2018-08-05, 18:55:42, 0.0, 7.8e-08
2018-08-05, 18:55:44, 0.0, 7.77e-08
2018-08-05, 18:55:46, 0.0, 7.75e-08
2018-08-05, 18:55:49, 0.0, 7.75e-08
2018-08-05, 18:55:51, 0.0, 7.83e-08
2018-08-05, 18:55:53, 0.0, 7.78e-08
2018-08-05, 18:55:55, 0.0, 7.74e-08
2018-08-05, 18:55:57, 0.0, 7.83e-08
2018-08-05, 18:55:59, 0.0, 7.76e-08
2018-08-05, 18:56:01, 0.0, 7.79e-08
2018-08-05, 18:56:03, 0.0, 7.75e-08
2018-08-05, 18:56:06, 0.0, 7.73e-08
2018-08-05, 18:56:08, 0.0, 7.74e-08
2018-08-05, 18:56:10, 0.0, 7.72e-08
2018-08-05, 18:56:12, 0.0, 7.71e-08
2018-08-05, 18:56:14, 0.0, 7.79e-08
2018-08-05, 18:56:16, 0.0, 7.79e-08
2018-08-05, 18:56:18, 0.0, 7.82e-08
2018-08-05, 18:56:20, 0.0, 7.78e-08
2018-08-05, 18:56:23, 0.0, 7.8e-08
2018-08-05, 18:56:25, 0.0, 7.76e-08
2018-08-05, 18:56:27, 0.0, 7.83e-08
2018-08-05, 18:56:29, 0.0, 7.82e-08
2018-08-05, 18:56:31, 0.0, 7.84e-08
2018-08-05, 18:56:33, 0.0, 7.84e-08
2018-08-05, 18:56:35, 0.0, 7.91e-08
2018-08-05, 18:56:37, 0.0, 7.86e-08
2018-08-05, 18:56:40, 0.0, 7.82e-08
2018-08-05, 18:56:42, 0.0, 7.75e-08
2018-08-05, 18:56:44, 0.0, 7.82e-08
2018-08-05, 18:56:46, 0.0, 7.84e-08
2018-08-05, 18:56:48, 0.0, 7.75e-08
2018-08-05, 18:56:50, 0.0, 7.83e-08
2018-08-05, 18:56:52, 0.0, 7.85e-08
2018-08-05, 18:56:54, 0.0, 7.85e-08
2018-08-05, 18:56:57, 0.0, 7.84e-08
2018-08-05, 18:56:59, 0.0, 7.85e-08
2018-08-05, 18:57:01, 0.0, 7.85e-08
2018-08-05, 18:57:03, 0.0, 7.85e-08
2018-08-05, 18:57:05, 0.0, 7.85e-08
2018-08-05, 18:57:07, 0.0, 7.84e-08
2018-08-05, 18:57:09, 0.0, 7.87e-08
2018-08-05, 18:57:11, 0.0, 7.81e-08
2018-08-05, 18:57:14, 0.0, 7.88e-08
2018-08-05, 18:57:16, 0.0, 7.84e-08
2018-08-05, 18:57:18, 0.0, 7.82e-08
2018-08-05, 18:57:20, 0.0, 7.87e-08
2018-08-05, 18:57:22, 0.0, 7.88e-08
2018-08-05, 18:57:24, 0.0, 7.88e-08
2018-08-05, 18:57:26, 0.0, 7.83e-08
2018-08-05, 18:57:28, 0.0, 7.86e-08
2018-08-05, 18:57:31, 0.0, 7.87e-08
2018-08-05, 18:57:33, 0.0, 7.88e-08
2018-08-05, 18:57:35, 0.0, 7.86e-08
2018-08-05, 18:57:37, 0.0, 7.86e-08
2018-08-05, 18:57:39, 0.0, 7.86e-08
2018-08-05, 18:57:41, 0.0, 7.86e-08
2018-08-05, 18:57:43, 0.0, 7.81e-08
2018-08-05, 18:57:45, 0.0, 7.84e-08
2018-08-05, 18:57:48, 0.0, 7.91e-08
2018-08-05, 18:57:50, 0.0, 7.87e-08
2018-08-05, 18:57:52, 0.0, 7.85e-08
2018-08-05, 18:57:54, 0.0, 7.82e-08
2018-08-05, 18:57:56, 0.0, 7.83e-08
2018-08-05, 18:57:58, 0.0, 7.78e-08
2018-08-05, 18:58:00, 0.0, 7.89e-08
2018-08-05, 18:58:03, 0.0, 7.83e-08
2018-08-05, 18:58:05, 0.0, 7.77e-08
2018-08-05, 18:58:07, 0.0, 7.87e-08
2018-08-05, 18:58:09, 0.0, 7.9e-08
2018-08-05, 18:58:11, 0.0, 7.83e-08
2018-08-05, 18:58:13, 0.0, 7.85e-08
2018-08-05, 18:58:15, 0.0, 7.9e-08
2018-08-05, 18:58:17, 0.0, 7.87e-08
2018-08-05, 18:58:20, 0.0, 7.82e-08
2018-08-05, 18:58:22, 0.0, 7.74e-08
2018-08-05, 18:58:24, 0.0, 7.87e-08
2018-08-05, 18:58:26, 0.0, 7.9e-08
2018-08-05, 18:58:28, 0.0, 7.82e-08
2018-08-05, 18:58:30, 0.0, 7.84e-08
2018-08-05, 18:58:32, 0.0, 7.83e-08
2018-08-05, 18:58:34, 0.0, 7.91e-08
2018-08-05, 18:58:37, 0.0, 7.86e-08
2018-08-05, 18:58:39, 0.0, 7.87e-08
2018-08-05, 18:58:41, 0.0, 7.76e-08
2018-08-05, 18:58:43, 0.0, 7.84e-08
2018-08-05, 18:58:45, 0.0, 7.86e-08
2018-08-05, 18:58:47, 0.0, 7.83e-08
2018-08-05, 18:58:49, 0.0, 7.84e-08
2018-08-05, 18:58:51, 0.0, 7.86e-08
2018-08-05, 18:58:54, 0.0, 7.86e-08
2018-08-05, 18:58:56, 0.0, 7.84e-08
2018-08-05, 18:58:58, 0.0, 7.83e-08
2018-08-05, 18:59:00, 0.0, 7.83e-08
2018-08-05, 18:59:02, 0.0, 7.83e-08
2018-08-05, 18:59:04, 0.0, 7.84e-08
2018-08-05, 18:59:06, 0.0, 7.83e-08
2018-08-05, 18:59:08, 0.0, 7.82e-08
2018-08-05, 18:59:11, 0.0, 7.82e-08
2018-08-05, 18:59:13, 0.0, 7.77e-08
2018-08-05, 18:59:15, 0.0, 7.81e-08
2018-08-05, 18:59:17, 0.0, 7.81e-08
2018-08-05, 18:59:19, 0.0, 7.81e-08
2018-08-05, 18:59:21, 0.0, 7.88e-08
2018-08-05, 18:59:23, 0.0, 7.89e-08
2018-08-05, 18:59:25, 0.0, 7.82e-08
2018-08-05, 18:59:28, 0.0, 7.84e-08
2018-08-05, 18:59:30, 0.0, 7.87e-08
2018-08-05, 18:59:32, 0.0, 7.82e-08
2018-08-05, 18:59:34, 0.0, 7.86e-08
2018-08-05, 18:59:36, 0.0, 7.82e-08
2018-08-05, 18:59:38, 0.0, 7.78e-08
2018-08-05, 18:59:40, 0.0, 7.76e-08
2018-08-05, 18:59:42, 0.0, 7.78e-08
2018-08-05, 18:59:45, 0.0, 7.83e-08
2018-08-05, 18:59:47, 0.0, 7.85e-08
2018-08-05, 18:59:49, 0.0, 7.87e-08
2018-08-05, 18:59:51, 0.0, 7.91e-08
2018-08-05, 18:59:53, 0.0, 7.88e-08
2018-08-05, 18:59:55, 0.0, 7.86e-08
2018-08-05, 18:59:57, 0.0, 7.82e-08
2018-08-05, 18:59:59, 0.0, 7.83e-08
2018-08-05, 19:00:02, 0.0, 7.87e-08
2018-08-05, 19:00:04, 0.0, 7.79e-08
2018-08-05, 19:00:06, 0.0, 7.86e-08
2018-08-05, 19:00:08, 0.0, 7.83e-08
2018-08-05, 19:00:10, 0.0, 7.87e-08
2018-08-05, 19:00:12, 0.0, 7.83e-08
2018-08-05, 19:00:14, 0.0, 7.85e-08
2018-08-05, 19:00:17, 0.0, 7.81e-08
2018-08-05, 19:00:19, 0.0, 7.81e-08
2018-08-05, 19:00:21, 0.0, 7.83e-08
2018-08-05, 19:00:23, 0.0, 7.81e-08
2018-08-05, 19:00:25, 0.0, 7.8e-08
2018-08-05, 19:00:27, 0.0, 7.79e-08
2018-08-05, 19:00:29, 0.0, 7.82e-08
2018-08-05, 19:00:31, 0.0, 7.75e-08
2018-08-05, 19:00:34, 0.0, 7.8e-08
2018-08-05, 19:00:36, 0.0, 7.81e-08
2018-08-05, 19:00:38, 0.0, 7.75e-08
2018-08-05, 19:00:40, 0.0, 7.78e-08
2018-08-05, 19:00:42, 0.0, 7.79e-08
2018-08-05, 19:00:44, 0.0, 7.87e-08
2018-08-05, 19:00:46, 0.0, 7.82e-08
2018-08-05, 19:00:48, 0.0, 7.83e-08
2018-08-05, 19:00:51, 0.0, 7.81e-08
2018-08-05, 19:00:53, 0.0, 7.85e-08
2018-08-05, 19:00:55, 0.0, 7.83e-08
2018-08-05, 19:00:57, 0.0, 7.87e-08
2018-08-05, 19:00:59, 0.0, 7.82e-08
2018-08-05, 19:01:01, 0.0, 7.84e-08
2018-08-05, 19:01:03, 0.0, 7.85e-08
2018-08-05, 19:01:06, 0.0, 7.78e-08
2018-08-05, 19:01:08, 0.0, 7.8e-08
2018-08-05, 19:01:10, 0.0, 7.83e-08
2018-08-05, 19:01:12, 0.0, 7.86e-08
2018-08-05, 19:01:14, 0.0, 7.9e-08
2018-08-05, 19:01:16, 0.0, 7.84e-08
2018-08-05, 19:01:18, 0.0, 7.87e-08
2018-08-05, 19:01:20, 0.0, 7.83e-08
2018-08-05, 19:01:23, 0.0, 7.86e-08
2018-08-05, 19:01:25, 0.0, 7.83e-08
2018-08-05, 19:01:27, 0.0, 7.82e-08
2018-08-05, 19:01:29, 0.0, 7.79e-08
2018-08-05, 19:01:31, 0.0, 7.77e-08
2018-08-05, 19:01:33, 0.0, 7.81e-08
2018-08-05, 19:01:35, 0.0, 7.81e-08
2018-08-05, 19:01:37, 0.0, 7.8e-08
2018-08-05, 19:01:40, 0.0, 7.79e-08
2018-08-05, 19:01:42, 0.0, 7.87e-08
2018-08-05, 19:01:44, 0.0, 7.85e-08
2018-08-05, 19:01:46, 0.0, 7.83e-08
2018-08-05, 19:01:48, 0.0, 7.89e-08
2018-08-05, 19:01:50, 0.0, 7.86e-08
2018-08-05, 19:01:52, 0.0, 7.88e-08
2018-08-05, 19:01:54, 0.0, 7.86e-08
2018-08-05, 19:01:57, 0.0, 7.82e-08
2018-08-05, 19:01:59, 0.0, 7.86e-08
2018-08-05, 19:02:01, 0.0, 7.87e-08
2018-08-05, 19:02:03, 0.0, 7.86e-08
2018-08-05, 19:02:05, 0.0, 7.84e-08
2018-08-05, 19:02:07, 0.0, 7.84e-08
2018-08-05, 19:02:09, 0.0, 7.84e-08
2018-08-05, 19:02:11, 0.0, 7.83e-08
2018-08-05, 19:02:14, 0.0, 7.86e-08
2018-08-05, 19:02:16, 0.0, 7.86e-08
2018-08-05, 19:02:18, 0.0, 7.85e-08
2018-08-05, 19:02:20, 0.0, 7.81e-08
2018-08-05, 19:02:22, 0.0, 7.82e-08
2018-08-05, 19:02:24, 0.0, 7.85e-08
2018-08-05, 19:02:26, 0.0, 7.88e-08
2018-08-05, 19:02:28, 0.0, 7.86e-08
2018-08-05, 19:02:31, 0.0, 7.88e-08
2018-08-05, 19:02:33, 0.0, 7.82e-08
2018-08-05, 19:02:35, 0.0, 7.88e-08
2018-08-05, 19:02:37, 0.0, 7.87e-08
2018-08-05, 19:02:39, 0.0, 7.88e-08
2018-08-05, 19:02:41, 0.0, 7.88e-08
2018-08-05, 19:02:43, 0.0, 7.88e-08
2018-08-05, 19:02:45, 0.0, 7.84e-08
2018-08-05, 19:02:48, 0.0, 7.83e-08
2018-08-05, 19:02:50, 0.0, 7.89e-08
2018-08-05, 19:02:52, 0.0, 7.87e-08
2018-08-05, 19:02:54, 0.0, 7.87e-08
2018-08-05, 19:02:56, 0.0, 7.85e-08
2018-08-05, 19:02:58, 0.0, 7.76e-08
2018-08-05, 19:03:00, 0.0, 7.85e-08
2018-08-05, 19:03:02, 0.0, 7.8e-08
2018-08-05, 19:03:05, 0.0, 7.78e-08
2018-08-05, 19:03:07, 0.0, 7.8e-08
2018-08-05, 19:03:09, 0.0, 7.84e-08
2018-08-05, 19:03:11, 0.0, 7.83e-08
2018-08-05, 19:03:13, 0.0, 7.81e-08
2018-08-05, 19:03:15, 0.0, 7.8e-08
2018-08-05, 19:03:17, 0.0, 7.84e-08
2018-08-05, 19:03:20, 0.0, 7.84e-08
2018-08-05, 19:03:22, 0.0, 7.87e-08
2018-08-05, 19:03:24, 0.0, 7.86e-08
2018-08-05, 19:03:26, 0.0, 7.89e-08
2018-08-05, 19:03:28, 0.0, 7.82e-08
2018-08-05, 19:03:30, 0.0, 7.8e-08
2018-08-05, 19:03:32, 0.0, 7.8e-08
2018-08-05, 19:03:34, 0.0, 7.84e-08
2018-08-05, 19:03:37, 0.0, 7.84e-08
2018-08-05, 19:03:39, 0.0, 7.82e-08
2018-08-05, 19:03:41, 0.0, 7.83e-08
2018-08-05, 19:03:43, 0.0, 7.81e-08
2018-08-05, 19:03:45, 0.0, 7.74e-08
2018-08-05, 19:03:47, 0.0, 7.87e-08
2018-08-05, 19:03:49, 0.0, 7.85e-08
2018-08-05, 19:03:51, 0.0, 7.83e-08
2018-08-05, 19:03:54, 0.0, 7.83e-08
2018-08-05, 19:03:56, 0.0, 7.87e-08
2018-08-05, 19:03:58, 0.0, 7.87e-08
2018-08-05, 19:04:00, 0.0, 7.78e-08
2018-08-05, 19:04:02, 0.0, 7.84e-08
2018-08-05, 19:04:04, 0.0, 7.81e-08
2018-08-05, 19:04:06, 0.0, 7.84e-08
2018-08-05, 19:04:08, 0.0, 7.78e-08
2018-08-05, 19:04:11, 0.0, 7.81e-08
2018-08-05, 19:04:13, 0.0, 7.79e-08
2018-08-05, 19:04:15, 0.0, 7.75e-08
2018-08-05, 19:04:17, 0.0, 7.8e-08
2018-08-05, 19:04:19, 0.0, 7.8e-08
2018-08-05, 19:04:21, 0.0, 7.82e-08
2018-08-05, 19:04:23, 0.0, 7.78e-08
2018-08-05, 19:04:25, 0.0, 7.83e-08
2018-08-05, 19:04:28, 0.0, 7.79e-08
2018-08-05, 19:04:30, 0.0, 7.81e-08
2018-08-05, 19:04:32, 0.0, 7.84e-08
2018-08-05, 19:04:34, 0.0, 7.8e-08
2018-08-05, 19:04:36, 0.0, 7.75e-08
2018-08-05, 19:04:38, 0.0, 7.82e-08
2018-08-05, 19:04:40, 0.0, 7.85e-08
2018-08-05, 19:04:42, 0.0, 7.84e-08
2018-08-05, 19:04:45, 0.0, 7.81e-08
2018-08-05, 19:04:47, 0.0, 7.84e-08
2018-08-05, 19:04:49, 0.0, 7.82e-08
2018-08-05, 19:04:51, 0.0, 7.82e-08
2018-08-05, 19:04:53, 0.0, 7.85e-08
2018-08-05, 19:04:55, 0.0, 7.86e-08
2018-08-05, 19:04:57, 0.0, 7.85e-08
2018-08-05, 19:04:59, 0.0, 7.75e-08
2018-08-05, 19:05:02, 0.0, 7.81e-08
2018-08-05, 19:05:04, 0.0, 7.81e-08
2018-08-05, 19:05:06, 0.0, 7.79e-08
2018-08-05, 19:05:08, 0.0, 7.83e-08
2018-08-05, 19:05:10, 0.0, 7.85e-08
2018-08-05, 19:05:12, 0.0, 7.75e-08
2018-08-05, 19:05:14, 0.0, 7.73e-08
2018-08-05, 19:05:17, 0.0, 7.77e-08
2018-08-05, 19:05:19, 0.0, 7.81e-08
2018-08-05, 19:05:21, 0.0, 7.81e-08
2018-08-05, 19:05:23, 0.0, 7.78e-08
2018-08-05, 19:05:25, 0.0, 7.82e-08
2018-08-05, 19:05:27, 0.0, 7.77e-08
2018-08-05, 19:05:29, 0.0, 7.85e-08
2018-08-05, 19:05:31, 0.0, 7.8e-08
2018-08-05, 19:05:33, 0.0, 7.8e-08
2018-08-05, 19:05:36, 0.0, 7.87e-08
2018-08-05, 19:05:38, 0.0, 7.81e-08
2018-08-05, 19:05:40, 0.0, 7.83e-08
2018-08-05, 19:05:42, 0.0, 7.83e-08
2018-08-05, 19:05:44, 0.0, 7.8e-08
2018-08-05, 19:05:46, 0.0, 7.83e-08
2018-08-05, 19:05:48, 0.0, 7.79e-08
2018-08-05, 19:05:51, 0.0, 7.82e-08
2018-08-05, 19:05:53, 0.0, 7.83e-08
2018-08-05, 19:05:55, 0.0, 7.83e-08
2018-08-05, 19:05:57, 0.0, 7.79e-08
2018-08-05, 19:05:59, 0.0, 7.81e-08
2018-08-05, 19:06:01, 0.0, 7.79e-08
2018-08-05, 19:06:03, 0.0, 7.79e-08
2018-08-05, 19:06:05, 0.0, 7.84e-08
2018-08-05, 19:06:08, 0.0, 7.86e-08
2018-08-05, 19:06:10, 0.0, 7.8e-08
2018-08-05, 19:06:12, 0.0, 7.78e-08
2018-08-05, 19:06:14, 0.0, 7.83e-08
2018-08-05, 19:06:16, 0.0, 7.84e-08
2018-08-05, 19:06:18, 0.0, 7.86e-08
2018-08-05, 19:06:20, 0.0, 7.81e-08
2018-08-05, 19:06:22, 0.0, 7.83e-08
2018-08-05, 19:06:25, 0.0, 7.84e-08
2018-08-05, 19:06:27, 0.0, 7.84e-08
2018-08-05, 19:06:29, 0.0, 7.84e-08
2018-08-05, 19:06:31, 0.0, 7.82e-08
2018-08-05, 19:06:33, 0.0, 7.86e-08
2018-08-05, 19:06:35, 0.0, 7.82e-08
2018-08-05, 19:06:37, 0.0, 7.87e-08
2018-08-05, 19:06:39, 0.0, 7.83e-08
2018-08-05, 19:06:42, 0.0, 7.8e-08
2018-08-05, 19:06:44, 0.0, 7.84e-08
2018-08-05, 19:06:46, 0.0, 7.85e-08
2018-08-05, 19:06:48, 0.0, 7.85e-08
2018-08-05, 19:06:50, 0.0, 7.77e-08
2018-08-05, 19:06:52, 0.0, 7.78e-08
2018-08-05, 19:06:54, 0.0, 7.79e-08
2018-08-05, 19:06:56, 0.0, 7.82e-08
2018-08-05, 19:06:59, 0.0, 7.82e-08
2018-08-05, 19:07:01, 0.0, 7.81e-08
2018-08-05, 19:07:03, 0.0, 7.79e-08
2018-08-05, 19:07:05, 0.0, 7.79e-08
2018-08-05, 19:07:07, 0.0, 7.8e-08
2018-08-05, 19:07:09, 0.0, 7.84e-08
2018-08-05, 19:07:11, 0.0, 7.84e-08
2018-08-05, 19:07:13, 0.0, 7.83e-08
2018-08-05, 19:07:16, 0.0, 7.83e-08
2018-08-05, 19:07:18, 0.0, 7.82e-08
2018-08-05, 19:07:20, 0.0, 7.83e-08
2018-08-05, 19:07:22, 0.0, 7.83e-08
2018-08-05, 19:07:24, 0.0, 7.76e-08
2018-08-05, 19:07:26, 0.0, 7.86e-08
2018-08-05, 19:07:28, 0.0, 7.81e-08
2018-08-05, 19:07:30, 0.0, 7.83e-08
2018-08-05, 19:07:33, 0.0, 7.82e-08
2018-08-05, 19:07:35, 0.0, 7.81e-08
2018-08-05, 19:07:37, 0.0, 7.77e-08
2018-08-05, 19:07:39, 0.0, 7.83e-08
2018-08-05, 19:07:41, 0.0, 7.84e-08
2018-08-05, 19:07:43, 0.0, 7.84e-08
2018-08-05, 19:07:45, 0.0, 7.77e-08
2018-08-05, 19:07:47, 0.0, 7.89e-08
2018-08-05, 19:07:50, 0.0, 7.81e-08
2018-08-05, 19:07:52, 0.0, 7.8e-08
2018-08-05, 19:07:54, 0.0, 7.72e-08
2018-08-05, 19:07:56, 0.0, 7.81e-08
2018-08-05, 19:07:58, 0.0, 7.79e-08
2018-08-05, 19:08:00, 0.0, 7.79e-08
2018-08-05, 19:08:02, 0.0, 7.78e-08
2018-08-05, 19:08:04, 0.0, 7.82e-08
2018-08-05, 19:08:07, 0.0, 7.81e-08
2018-08-05, 19:08:09, 0.0, 7.86e-08
2018-08-05, 19:08:11, 0.0, 7.81e-08
2018-08-05, 19:08:13, 0.0, 7.81e-08
2018-08-05, 19:08:15, 0.0, 7.81e-08
2018-08-05, 19:08:17, 0.0, 7.75e-08
2018-08-05, 19:08:19, 0.0, 7.82e-08
2018-08-05, 19:08:21, 0.0, 7.83e-08
2018-08-05, 19:08:24, 0.0, 7.82e-08
2018-08-05, 19:08:26, 0.0, 7.78e-08
2018-08-05, 19:08:28, 0.0, 7.83e-08
2018-08-05, 19:08:30, 0.0, 7.82e-08
2018-08-05, 19:08:32, 0.0, 7.83e-08
2018-08-05, 19:08:34, 0.0, 7.78e-08
2018-08-05, 19:08:36, 0.0, 7.82e-08
2018-08-05, 19:08:38, 0.0, 7.86e-08
2018-08-05, 19:08:41, 0.0, 7.8e-08
2018-08-05, 19:08:43, 0.0, 7.84e-08
2018-08-05, 19:08:45, 0.0, 7.87e-08
2018-08-05, 19:08:47, 0.0, 7.77e-08
2018-08-05, 19:08:49, 0.0, 7.83e-08
2018-08-05, 19:08:51, 0.0, 7.83e-08
2018-08-05, 19:08:53, 0.0, 7.74e-08
2018-08-05, 19:08:56, 0.0, 7.84e-08
2018-08-05, 19:08:58, 0.0, 7.75e-08
2018-08-05, 19:09:00, 0.0, 7.83e-08
2018-08-05, 19:09:02, 0.0, 7.83e-08
2018-08-05, 19:09:04, 0.0, 7.77e-08
2018-08-05, 19:09:06, 0.0, 7.76e-08
2018-08-05, 19:09:08, 0.0, 7.83e-08
2018-08-05, 19:09:10, 0.0, 7.8e-08
2018-08-05, 19:09:13, 0.0, 7.79e-08
2018-08-05, 19:09:15, 0.0, 7.8e-08
2018-08-05, 19:09:17, 0.0, 7.81e-08
2018-08-05, 19:09:19, 0.0, 7.73e-08
2018-08-05, 19:09:21, 0.0, 7.77e-08
2018-08-05, 19:09:23, 0.0, 7.82e-08
2018-08-05, 19:09:25, 0.0, 7.82e-08
2018-08-05, 19:09:27, 0.0, 7.75e-08
2018-08-05, 19:09:30, 0.0, 7.78e-08
2018-08-05, 19:09:32, 0.0, 7.81e-08
2018-08-05, 19:09:34, 0.0, 7.84e-08
2018-08-05, 19:09:36, 0.0, 7.76e-08
2018-08-05, 19:09:38, 0.0, 7.78e-08
2018-08-05, 19:09:40, 0.0, 7.8e-08
2018-08-05, 19:09:42, 0.0, 7.66e-08
2018-08-05, 19:09:44, 0.0, 7.75e-08
2018-08-05, 19:09:47, 0.0, 7.8e-08
2018-08-05, 19:09:49, 0.0, 7.86e-08
2018-08-05, 19:09:51, 0.0, 7.81e-08
2018-08-05, 19:09:53, 0.0, 7.77e-08
2018-08-05, 19:09:55, 0.0, 7.81e-08
2018-08-05, 19:09:57, 0.0, 7.81e-08
2018-08-05, 19:09:59, 0.0, 7.83e-08
2018-08-05, 19:10:01, 0.0, 7.87e-08
2018-08-05, 19:10:04, 0.0, 7.81e-08
2018-08-05, 19:10:06, 0.0, 7.84e-08
2018-08-05, 19:10:08, 0.0, 7.85e-08
2018-08-05, 19:10:10, 0.0, 7.78e-08
2018-08-05, 19:10:12, 0.0, 7.83e-08
2018-08-05, 19:10:14, 0.0, 7.87e-08
2018-08-05, 19:10:16, 0.0, 7.82e-08
2018-08-05, 19:10:19, 0.0, 7.78e-08
2018-08-05, 19:10:21, 0.0, 7.86e-08
2018-08-05, 19:10:23, 0.0, 7.79e-08
2018-08-05, 19:10:25, 0.0, 7.84e-08
2018-08-05, 19:10:27, 0.0, 7.83e-08
2018-08-05, 19:10:29, 0.0, 7.81e-08
2018-08-05, 19:10:31, 0.0, 7.77e-08
2018-08-05, 19:10:33, 0.0, 7.85e-08
2018-08-05, 19:10:36, 0.0, 7.87e-08
2018-08-05, 19:10:38, 0.0, 7.88e-08
2018-08-05, 19:10:40, 0.0, 7.85e-08
2018-08-05, 19:10:42, 0.0, 7.8e-08
2018-08-05, 19:10:44, 0.0, 7.81e-08
2018-08-05, 19:10:46, 0.0, 7.82e-08
2018-08-05, 19:10:48, 0.0, 7.8e-08
2018-08-05, 19:10:50, 0.0, 7.84e-08
2018-08-05, 19:10:53, 0.0, 7.77e-08
2018-08-05, 19:10:55, 0.0, 7.75e-08
2018-08-05, 19:10:57, 0.0, 7.82e-08
2018-08-05, 19:10:59, 0.0, 7.76e-08
2018-08-05, 19:11:01, 0.0, 7.77e-08
2018-08-05, 19:11:03, 0.0, 7.76e-08
2018-08-05, 19:11:05, 0.0, 7.81e-08
2018-08-05, 19:11:07, 0.0, 7.83e-08
2018-08-05, 19:11:10, 0.0, 7.81e-08
2018-08-05, 19:11:12, 0.0, 7.81e-08
2018-08-05, 19:11:14, 0.0, 7.83e-08
2018-08-05, 19:11:16, 0.0, 7.76e-08
2018-08-05, 19:11:18, 0.0, 7.74e-08
2018-08-05, 19:11:20, 0.0, 7.82e-08
2018-08-05, 19:11:22, 0.0, 7.75e-08
2018-08-05, 19:11:24, 0.0, 7.8e-08
2018-08-05, 19:11:27, 0.0, 7.82e-08
2018-08-05, 19:11:29, 0.0, 7.79e-08
2018-08-05, 19:11:31, 0.0, 7.83e-08
2018-08-05, 19:11:33, 0.0, 7.83e-08
2018-08-05, 19:11:35, 0.0, 7.81e-08
2018-08-05, 19:11:37, 0.0, 7.84e-08
2018-08-05, 19:11:39, 0.0, 7.87e-08
2018-08-05, 19:11:41, 0.0, 7.82e-08
2018-08-05, 19:11:44, 0.0, 7.83e-08
2018-08-05, 19:11:46, 0.0, 7.72e-08
2018-08-05, 19:11:48, 0.0, 7.84e-08
2018-08-05, 19:11:50, 0.0, 7.83e-08
2018-08-05, 19:11:52, 0.0, 7.8e-08
2018-08-05, 19:11:54, 0.0, 7.78e-08
2018-08-05, 19:11:56, 0.0, 7.8e-08
2018-08-05, 19:11:58, 0.0, 7.73e-08
2018-08-05, 19:12:01, 0.0, 7.83e-08
2018-08-05, 19:12:03, 0.0, 7.79e-08
2018-08-05, 19:12:05, 0.0, 7.81e-08
2018-08-05, 19:12:07, 0.0, 7.81e-08
2018-08-05, 19:12:09, 0.0, 7.78e-08
2018-08-05, 19:12:11, 0.0, 7.84e-08
2018-08-05, 19:12:13, 0.0, 7.75e-08
2018-08-05, 19:12:15, 0.0, 7.76e-08
2018-08-05, 19:12:18, 0.0, 7.85e-08
2018-08-05, 19:12:20, 0.0, 7.76e-08
2018-08-05, 19:12:22, 0.0, 7.71e-08
2018-08-05, 19:12:24, 0.0, 7.81e-08
2018-08-05, 19:12:26, 0.0, 7.85e-08
2018-08-05, 19:12:28, 0.0, 7.8e-08
2018-08-05, 19:12:30, 0.0, 7.85e-08
2018-08-05, 19:12:32, 0.0, 7.86e-08
2018-08-05, 19:12:35, 0.0, 7.86e-08
2018-08-05, 19:12:37, 0.0, 7.9e-08
2018-08-05, 19:12:39, 0.0, 7.8e-08
2018-08-05, 19:12:41, 0.0, 7.83e-08
2018-08-05, 19:12:43, 0.0, 7.8e-08
2018-08-05, 19:12:45, 0.0, 7.82e-08
2018-08-05, 19:12:47, 0.0, 7.89e-08
2018-08-05, 19:12:49, 0.0, 7.79e-08
2018-08-05, 19:12:52, 0.0, 7.82e-08
2018-08-05, 19:12:54, 0.0, 7.78e-08
2018-08-05, 19:12:56, 0.0, 7.85e-08
2018-08-05, 19:12:58, 0.0, 7.81e-08
2018-08-05, 19:13:00, 0.0, 7.78e-08
2018-08-05, 19:13:02, 0.0, 7.76e-08
2018-08-05, 19:13:04, 0.0, 7.82e-08
2018-08-05, 19:13:06, 0.0, 7.78e-08
2018-08-05, 19:13:09, 0.0, 7.82e-08
2018-08-05, 19:13:11, 0.0, 7.83e-08
2018-08-05, 19:13:13, 0.0, 7.82e-08
2018-08-05, 19:13:15, 0.0, 7.87e-08
2018-08-05, 19:13:17, 0.0, 7.83e-08
2018-08-05, 19:13:19, 0.0, 7.84e-08
2018-08-05, 19:13:21, 0.0, 7.86e-08
2018-08-05, 19:13:23, 0.0, 7.85e-08
2018-08-05, 19:13:26, 0.0, 7.83e-08
2018-08-05, 19:13:28, 0.0, 7.86e-08
2018-08-05, 19:13:30, 0.0, 7.74e-08
2018-08-05, 19:13:32, 0.0, 7.7e-08
2018-08-05, 19:13:34, 0.0, 7.73e-08
2018-08-05, 19:13:36, 0.0, 7.81e-08
2018-08-05, 19:13:38, 0.0, 7.82e-08
2018-08-05, 19:13:40, 0.0, 7.84e-08
2018-08-05, 19:13:43, 0.0, 7.87e-08
2018-08-05, 19:13:45, 0.0, 7.87e-08
2018-08-05, 19:13:47, 0.0, 7.88e-08
2018-08-05, 19:13:49, 0.0, 7.83e-08
2018-08-05, 19:13:51, 0.0, 7.83e-08
2018-08-05, 19:13:53, 0.0, 7.85e-08
2018-08-05, 19:13:55, 0.0, 7.82e-08
2018-08-05, 19:13:57, 0.0, 7.76e-08
2018-08-05, 19:14:00, 0.0, 7.83e-08
2018-08-05, 19:14:02, 0.0, 7.84e-08
2018-08-05, 19:14:04, 0.0, 7.82e-08
2018-08-05, 19:14:06, 0.0, 7.83e-08
2018-08-05, 19:14:08, 0.0, 7.78e-08
2018-08-05, 19:14:10, 0.0, 7.83e-08
2018-08-05, 19:14:12, 0.0, 7.76e-08
2018-08-05, 19:14:15, 0.0, 7.81e-08
2018-08-05, 19:14:17, 0.0, 7.81e-08
2018-08-05, 19:14:19, 0.0, 7.8e-08
2018-08-05, 19:14:21, 0.0, 7.75e-08
2018-08-05, 19:14:23, 0.0, 7.82e-08
2018-08-05, 19:14:25, 0.0, 7.88e-08
2018-08-05, 19:14:27, 0.0, 7.85e-08
2018-08-05, 19:14:30, 0.0, 7.82e-08
2018-08-05, 19:14:32, 0.0, 7.84e-08
2018-08-05, 19:14:34, 0.0, 7.8e-08
2018-08-05, 19:14:36, 0.0, 7.81e-08
2018-08-05, 19:14:38, 0.0, 7.8e-08
2018-08-05, 19:14:40, 0.0, 7.77e-08
2018-08-05, 19:14:42, 0.0, 7.82e-08
2018-08-05, 19:14:44, 0.0, 7.85e-08
2018-08-05, 19:14:47, 0.0, 7.77e-08
2018-08-05, 19:14:49, 0.0, 7.81e-08
2018-08-05, 19:14:51, 0.0, 7.78e-08
2018-08-05, 19:14:53, 0.0, 7.76e-08
2018-08-05, 19:14:55, 0.0, 7.83e-08
2018-08-05, 19:14:57, 0.0, 7.85e-08
2018-08-05, 19:14:59, 0.0, 7.86e-08
2018-08-05, 19:15:01, 0.0, 7.8e-08
2018-08-05, 19:15:03, 0.0, 7.75e-08
2018-08-05, 19:15:06, 0.0, 7.76e-08
2018-08-05, 19:15:08, 0.0, 7.85e-08
2018-08-05, 19:15:10, 0.0, 7.82e-08
2018-08-05, 19:15:12, 0.0, 7.84e-08
2018-08-05, 19:15:14, 0.0, 7.85e-08
2018-08-05, 19:15:16, 0.0, 7.87e-08
2018-08-05, 19:15:18, 0.0, 7.84e-08
2018-08-05, 19:15:21, 0.0, 7.76e-08
2018-08-05, 19:15:23, 0.0, 7.88e-08
2018-08-05, 19:15:25, 0.0, 7.82e-08
2018-08-05, 19:15:27, 0.0, 7.8e-08
2018-08-05, 19:15:29, 0.0, 7.86e-08
2018-08-05, 19:15:31, 0.0, 7.85e-08
2018-08-05, 19:15:33, 0.0, 7.84e-08
2018-08-05, 19:15:35, 0.0, 7.86e-08
2018-08-05, 19:15:38, 0.0, 7.84e-08
2018-08-05, 19:15:40, 0.0, 7.8e-08
2018-08-05, 19:15:42, 0.0, 7.8e-08
2018-08-05, 19:15:44, 0.0, 7.77e-08
2018-08-05, 19:15:46, 0.0, 7.9e-08
2018-08-05, 19:15:48, 0.0, 7.84e-08
2018-08-05, 19:15:50, 0.0, 7.81e-08
2018-08-05, 19:15:52, 0.0, 7.77e-08
2018-08-05, 19:15:55, 0.0, 7.81e-08
2018-08-05, 19:15:57, 0.0, 7.81e-08
2018-08-05, 19:15:59, 0.0, 7.83e-08
2018-08-05, 19:16:01, 0.0, 7.84e-08
2018-08-05, 19:16:03, 0.0, 7.78e-08
2018-08-05, 19:16:05, 0.0, 7.76e-08
2018-08-05, 19:16:07, 0.0, 7.71e-08
2018-08-05, 19:16:09, 0.0, 7.76e-08
2018-08-05, 19:16:12, 0.0, 7.79e-08
2018-08-05, 19:16:14, 0.0, 7.79e-08
2018-08-05, 19:16:16, 0.0, 7.8e-08
2018-08-05, 19:16:18, 0.0, 7.84e-08
2018-08-05, 19:16:20, 0.0, 7.75e-08
2018-08-05, 19:16:22, 0.0, 7.74e-08
2018-08-05, 19:16:24, 0.0, 7.88e-08
2018-08-05, 19:16:26, 0.0, 7.77e-08
2018-08-05, 19:16:29, 0.0, 7.8e-08
2018-08-05, 19:16:31, 0.0, 7.81e-08
2018-08-05, 19:16:33, 0.0, 7.76e-08
2018-08-05, 19:16:35, 0.0, 7.83e-08
2018-08-05, 19:16:37, 0.0, 7.82e-08
2018-08-05, 19:16:39, 0.0, 7.81e-08
2018-08-05, 19:16:41, 0.0, 7.78e-08
2018-08-05, 19:16:44, 0.0, 7.83e-08
2018-08-05, 19:16:46, 0.0, 7.76e-08
2018-08-05, 19:16:48, 0.0, 7.75e-08
2018-08-05, 19:16:50, 0.0, 7.7e-08
2018-08-05, 19:16:52, 0.0, 7.76e-08
2018-08-05, 19:16:54, 0.0, 7.81e-08
2018-08-05, 19:16:56, 0.0, 7.73e-08
2018-08-05, 19:16:58, 0.0, 7.79e-08
2018-08-05, 19:17:01, 0.0, 7.75e-08
2018-08-05, 19:17:03, 0.0, 7.78e-08
2018-08-05, 19:17:05, 0.0, 7.79e-08
2018-08-05, 19:17:07, 0.0, 7.74e-08
2018-08-05, 19:17:09, 0.0, 7.81e-08
2018-08-05, 19:17:11, 0.0, 7.8e-08
2018-08-05, 19:17:13, 0.0, 7.78e-08
2018-08-05, 19:17:15, 0.0, 7.73e-08
2018-08-05, 19:17:18, 0.0, 7.81e-08
2018-08-05, 19:17:20, 0.0, 7.83e-08
2018-08-05, 19:17:22, 0.0, 7.8e-08
2018-08-05, 19:17:24, 0.0, 7.75e-08
2018-08-05, 19:17:26, 0.0, 7.72e-08
2018-08-05, 19:17:28, 0.0, 7.74e-08
2018-08-05, 19:17:30, 0.0, 7.74e-08
2018-08-05, 19:17:32, 0.0, 7.72e-08
2018-08-05, 19:17:35, 0.0, 7.73e-08
2018-08-05, 19:17:37, 0.0, 7.77e-08
2018-08-05, 19:17:39, 0.0, 7.71e-08
2018-08-05, 19:17:41, 0.0, 7.83e-08
2018-08-05, 19:17:43, 0.0, 7.81e-08
2018-08-05, 19:17:45, 0.0, 7.75e-08
2018-08-05, 19:17:47, 0.0, 7.76e-08
2018-08-05, 19:17:49, 0.0, 7.83e-08
2018-08-05, 19:17:52, 0.0, 7.85e-08
2018-08-05, 19:17:54, 0.0, 7.82e-08
2018-08-05, 19:17:56, 0.0, 7.82e-08
2018-08-05, 19:17:58, 0.0, 7.78e-08
2018-08-05, 19:18:00, 0.0, 7.76e-08
2018-08-05, 19:18:02, 0.0, 7.84e-08
2018-08-05, 19:18:04, 0.0, 7.78e-08
2018-08-05, 19:18:06, 0.0, 7.77e-08
2018-08-05, 19:18:09, 0.0, 7.77e-08
2018-08-05, 19:18:11, 0.0, 7.77e-08
2018-08-05, 19:18:13, 0.0, 7.71e-08
2018-08-05, 19:18:15, 0.0, 7.77e-08
2018-08-05, 19:18:17, 0.0, 7.79e-08
2018-08-05, 19:18:19, 0.0, 7.83e-08
2018-08-05, 19:18:21, 0.0, 7.77e-08
2018-08-05, 19:18:23, 0.0, 7.79e-08
2018-08-05, 19:18:26, 0.0, 7.78e-08
2018-08-05, 19:18:28, 0.0, 7.77e-08
2018-08-05, 19:18:30, 0.0, 7.78e-08
2018-08-05, 19:18:32, 0.0, 7.81e-08
2018-08-05, 19:18:34, 0.0, 7.82e-08
2018-08-05, 19:18:36, 0.0, 7.82e-08
2018-08-05, 19:18:38, 0.0, 7.74e-08
2018-08-05, 19:18:40, 0.0, 7.78e-08
2018-08-05, 19:18:43, 0.0, 7.85e-08
2018-08-05, 19:18:45, 0.0, 7.76e-08
2018-08-05, 19:18:47, 0.0, 7.77e-08
2018-08-05, 19:18:49, 0.0, 7.77e-08
2018-08-05, 19:18:51, 0.0, 7.8e-08
2018-08-05, 19:18:53, 0.0, 7.84e-08
2018-08-05, 19:18:55, 0.0, 7.79e-08
2018-08-05, 19:18:57, 0.0, 7.77e-08
2018-08-05, 19:19:00, 0.0, 7.76e-08
2018-08-05, 19:19:02, 0.0, 7.79e-08
2018-08-05, 19:19:04, 0.0, 7.77e-08
2018-08-05, 19:19:06, 0.0, 7.79e-08
2018-08-05, 19:19:08, 0.0, 7.72e-08
2018-08-05, 19:19:10, 0.0, 7.79e-08
2018-08-05, 19:19:12, 0.0, 7.85e-08
2018-08-05, 19:19:14, 0.0, 7.81e-08
2018-08-05, 19:19:17, 0.0, 7.76e-08
2018-08-05, 19:19:19, 0.0, 7.7e-08
2018-08-05, 19:19:21, 0.0, 7.78e-08
2018-08-05, 19:19:23, 0.0, 7.77e-08
2018-08-05, 19:19:25, 0.0, 7.79e-08
2018-08-05, 19:19:27, 0.0, 7.8e-08
2018-08-05, 19:19:29, 0.0, 7.74e-08
2018-08-05, 19:19:32, 0.0, 7.81e-08
2018-08-05, 19:19:34, 0.0, 7.83e-08
2018-08-05, 19:19:36, 0.0, 7.78e-08
2018-08-05, 19:19:38, 0.0, 7.7e-08
2018-08-05, 19:19:40, 0.0, 7.73e-08
2018-08-05, 19:19:42, 0.0, 7.75e-08
2018-08-05, 19:19:44, 0.0, 7.77e-08
2018-08-05, 19:19:46, 0.0, 7.83e-08
2018-08-05, 19:19:49, 0.0, 7.79e-08
2018-08-05, 19:19:51, 0.0, 7.77e-08
2018-08-05, 19:19:53, 0.0, 7.76e-08
2018-08-05, 19:19:55, 0.0, 7.76e-08
2018-08-05, 19:19:57, 0.0, 7.75e-08
2018-08-05, 19:19:59, 0.0, 7.79e-08
2018-08-05, 19:20:01, 0.0, 7.74e-08
2018-08-05, 19:20:03, 0.0, 7.78e-08
2018-08-05, 19:20:06, 0.0, 7.71e-08
2018-08-05, 19:20:08, 0.0, 7.71e-08
2018-08-05, 19:20:10, 0.0, 7.74e-08
2018-08-05, 19:20:12, 0.0, 7.73e-08
2018-08-05, 19:20:14, 0.0, 7.73e-08
2018-08-05, 19:20:16, 0.0, 7.75e-08
2018-08-05, 19:20:18, 0.0, 7.77e-08
2018-08-05, 19:20:20, 0.0, 7.79e-08
2018-08-05, 19:20:23, 0.0, 7.78e-08
2018-08-05, 19:20:25, 0.0, 7.84e-08
2018-08-05, 19:20:27, 0.0, 7.78e-08
2018-08-05, 19:20:29, 0.0, 7.78e-08
2018-08-05, 19:20:31, 0.0, 7.73e-08
2018-08-05, 19:20:33, 0.0, 7.74e-08
2018-08-05, 19:20:35, 0.0, 7.74e-08
2018-08-05, 19:20:37, 0.0, 7.77e-08
2018-08-05, 19:20:40, 0.0, 7.81e-08
2018-08-05, 19:20:42, 0.0, 7.77e-08
2018-08-05, 19:20:44, 0.0, 7.78e-08
2018-08-05, 19:20:46, 0.0, 7.74e-08
2018-08-05, 19:20:48, 0.0, 7.8e-08
2018-08-05, 19:20:50, 0.0, 7.78e-08
2018-08-05, 19:20:52, 0.0, 7.77e-08
2018-08-05, 19:20:54, 0.0, 7.85e-08
2018-08-05, 19:20:57, 0.0, 7.77e-08
2018-08-05, 19:20:59, 0.0, 7.82e-08
2018-08-05, 19:21:01, 0.0, 7.8e-08
2018-08-05, 19:21:03, 0.0, 7.79e-08
2018-08-05, 19:21:05, 0.0, 7.83e-08
2018-08-05, 19:21:07, 0.0, 7.8e-08
2018-08-05, 19:21:09, 0.0, 7.77e-08
2018-08-05, 19:21:11, 0.0, 7.85e-08
2018-08-05, 19:21:14, 0.0, 7.76e-08
2018-08-05, 19:21:16, 0.0, 7.75e-08
2018-08-05, 19:21:18, 0.0, 7.76e-08
2018-08-05, 19:21:20, 0.0, 7.8e-08
2018-08-05, 19:21:22, 0.0, 7.8e-08
2018-08-05, 19:21:24, 0.0, 7.76e-08
2018-08-05, 19:21:26, 0.0, 7.73e-08
2018-08-05, 19:21:28, 0.0, 7.77e-08
2018-08-05, 19:21:31, 0.0, 7.8e-08
2018-08-05, 19:21:33, 0.0, 7.75e-08
2018-08-05, 19:21:35, 0.0, 7.81e-08
2018-08-05, 19:21:37, 0.0, 7.81e-08
2018-08-05, 19:21:39, 0.0, 7.82e-08
2018-08-05, 19:21:41, 0.0, 7.74e-08
2018-08-05, 19:21:43, 0.0, 7.77e-08
2018-08-05, 19:21:45, 0.0, 7.79e-08
2018-08-05, 19:21:48, 0.0, 7.8e-08
2018-08-05, 19:21:50, 0.0, 7.72e-08
2018-08-05, 19:21:52, 0.0, 7.78e-08
2018-08-05, 19:21:54, 0.0, 7.78e-08
2018-08-05, 19:21:56, 0.0, 7.79e-08
2018-08-05, 19:21:58, 0.0, 7.76e-08
2018-08-05, 19:22:00, 0.0, 7.87e-08
2018-08-05, 19:22:02, 0.0, 7.82e-08
2018-08-05, 19:22:05, 0.0, 7.8e-08
2018-08-05, 19:22:07, 0.0, 7.8e-08
2018-08-05, 19:22:09, 0.0, 7.78e-08
2018-08-05, 19:22:11, 0.0, 7.8e-08
2018-08-05, 19:22:13, 0.0, 7.74e-08
2018-08-05, 19:22:15, 0.0, 7.8e-08
2018-08-05, 19:22:17, 0.0, 7.76e-08
2018-08-05, 19:22:20, 0.0, 7.71e-08
2018-08-05, 19:22:22, 0.0, 7.72e-08
2018-08-05, 19:22:24, 0.0, 7.8e-08
2018-08-05, 19:22:26, 0.0, 7.73e-08
2018-08-05, 19:22:28, 0.0, 7.73e-08
2018-08-05, 19:22:30, 0.0, 7.75e-08
2018-08-05, 19:22:32, 0.0, 7.77e-08
2018-08-05, 19:22:34, 0.0, 7.84e-08
2018-08-05, 19:22:37, 0.0, 7.83e-08
2018-08-05, 19:22:39, 0.0, 7.85e-08
2018-08-05, 19:22:41, 0.0, 7.81e-08
2018-08-05, 19:22:43, 0.0, 7.79e-08
2018-08-05, 19:22:45, 0.0, 7.78e-08
2018-08-05, 19:22:47, 0.0, 7.8e-08
2018-08-05, 19:22:49, 0.0, 7.74e-08
2018-08-05, 19:22:51, 0.0, 7.82e-08
2018-08-05, 19:22:54, 0.0, 7.81e-08
2018-08-05, 19:22:56, 0.0, 7.78e-08
2018-08-05, 19:22:58, 0.0, 7.77e-08
2018-08-05, 19:23:00, 0.0, 7.8e-08
2018-08-05, 19:23:02, 0.0, 7.81e-08
2018-08-05, 19:23:04, 0.0, 7.83e-08
2018-08-05, 19:23:06, 0.0, 7.79e-08
2018-08-05, 19:23:08, 0.0, 7.84e-08
2018-08-05, 19:23:11, 0.0, 7.83e-08
2018-08-05, 19:23:13, 0.0, 7.78e-08
2018-08-05, 19:23:15, 0.0, 7.77e-08
2018-08-05, 19:23:17, 0.0, 7.85e-08
2018-08-05, 19:23:19, 0.0, 7.78e-08
2018-08-05, 19:23:21, 0.0, 7.78e-08
2018-08-05, 19:23:23, 0.0, 7.8e-08
2018-08-05, 19:23:25, 0.0, 7.76e-08
2018-08-05, 19:23:28, 0.0, 7.81e-08
2018-08-05, 19:23:30, 0.0, 7.78e-08
2018-08-05, 19:23:32, 0.0, 7.75e-08
2018-08-05, 19:23:34, 0.0, 7.77e-08
2018-08-05, 19:23:36, 0.0, 7.78e-08
2018-08-05, 19:23:38, 0.0, 7.8e-08
2018-08-05, 19:23:40, 0.0, 7.83e-08
2018-08-05, 19:23:42, 0.0, 7.78e-08
2018-08-05, 19:23:45, 0.0, 7.82e-08
2018-08-05, 19:23:47, 0.0, 7.81e-08
2018-08-05, 19:23:49, 0.0, 7.84e-08
2018-08-05, 19:23:51, 0.0, 7.82e-08
2018-08-05, 19:23:53, 0.0, 7.87e-08
2018-08-05, 19:23:55, 0.0, 7.8e-08
2018-08-05, 19:23:57, 0.0, 7.83e-08
2018-08-05, 19:23:59, 0.0, 7.77e-08
2018-08-05, 19:24:02, 0.0, 7.78e-08
2018-08-05, 19:24:04, 0.0, 7.72e-08
2018-08-05, 19:24:06, 0.0, 7.74e-08
2018-08-05, 19:24:08, 0.0, 7.79e-08
2018-08-05, 19:24:10, 0.0, 7.79e-08
2018-08-05, 19:24:12, 0.0, 7.85e-08
2018-08-05, 19:24:14, 0.0, 7.83e-08
2018-08-05, 19:24:16, 0.0, 7.76e-08
2018-08-05, 19:24:19, 0.0, 7.82e-08
2018-08-05, 19:24:21, 0.0, 7.82e-08
2018-08-05, 19:24:23, 0.0, 7.81e-08
2018-08-05, 19:24:25, 0.0, 7.85e-08
2018-08-05, 19:24:27, 0.0, 7.81e-08
2018-08-05, 19:24:29, 0.0, 7.74e-08
2018-08-05, 19:24:31, 0.0, 7.82e-08
2018-08-05, 19:24:33, 0.0, 7.82e-08
2018-08-05, 19:24:36, 0.0, 7.78e-08
2018-08-05, 19:24:38, 0.0, 7.81e-08
2018-08-05, 19:24:40, 0.0, 7.76e-08
2018-08-05, 19:24:42, 0.0, 7.82e-08
2018-08-05, 19:24:44, 0.0, 7.75e-08
2018-08-05, 19:24:46, 0.0, 7.82e-08
2018-08-05, 19:24:48, 0.0, 7.83e-08
2018-08-05, 19:24:50, 0.0, 7.81e-08
2018-08-05, 19:24:53, 0.0, 7.82e-08
2018-08-05, 19:24:55, 0.0, 7.77e-08
2018-08-05, 19:24:57, 0.0, 7.8e-08
2018-08-05, 19:24:59, 0.0, 7.88e-08
2018-08-05, 19:25:01, 0.0, 7.78e-08
2018-08-05, 19:25:03, 0.0, 7.8e-08
2018-08-05, 19:25:05, 0.0, 7.8e-08
2018-08-05, 19:25:08, 0.0, 7.81e-08
2018-08-05, 19:25:10, 0.0, 7.77e-08
2018-08-05, 19:25:12, 0.0, 7.81e-08
2018-08-05, 19:25:14, 0.0, 7.79e-08
2018-08-05, 19:25:16, 0.0, 7.78e-08
2018-08-05, 19:25:18, 0.0, 7.79e-08
2018-08-05, 19:25:20, 0.0, 7.83e-08
2018-08-05, 19:25:22, 0.0, 7.76e-08
2018-08-05, 19:25:25, 0.0, 7.75e-08
2018-08-05, 19:25:27, 0.0, 7.79e-08
2018-08-05, 19:25:29, 0.0, 7.81e-08
2018-08-05, 19:25:31, 0.0, 7.77e-08
2018-08-05, 19:25:33, 0.0, 7.81e-08
2018-08-05, 19:25:35, 0.0, 7.78e-08
2018-08-05, 19:25:37, 0.0, 7.8e-08
2018-08-05, 19:25:39, 0.0, 7.77e-08
2018-08-05, 19:25:41, 0.0, 7.79e-08
2018-08-05, 19:25:44, 0.0, 7.76e-08
2018-08-05, 19:25:46, 0.0, 7.8e-08
2018-08-05, 19:25:48, 0.0, 7.86e-08
2018-08-05, 19:25:50, 0.0, 7.79e-08
2018-08-05, 19:25:52, 0.0, 7.76e-08
2018-08-05, 19:25:54, 0.0, 7.79e-08
2018-08-05, 19:25:56, 0.0, 7.73e-08
2018-08-05, 19:25:59, 0.0, 7.82e-08
2018-08-05, 19:26:01, 0.0, 7.75e-08
2018-08-05, 19:26:03, 0.0, 7.75e-08
2018-08-05, 19:26:05, 0.0, 7.78e-08
2018-08-05, 19:26:07, 0.0, 7.79e-08
2018-08-05, 19:26:09, 0.0, 7.8e-08
2018-08-05, 19:26:11, 0.0, 7.75e-08
2018-08-05, 19:26:13, 0.0, 7.77e-08
2018-08-05, 19:26:16, 0.0, 7.7e-08
2018-08-05, 19:26:18, 0.0, 7.73e-08
2018-08-05, 19:26:20, 0.0, 7.75e-08
2018-08-05, 19:26:22, 0.0, 7.78e-08
2018-08-05, 19:26:24, 0.0, 7.81e-08
2018-08-05, 19:26:26, 0.0, 7.79e-08
2018-08-05, 19:26:28, 0.0, 7.83e-08
2018-08-05, 19:26:30, 0.0, 7.8e-08
2018-08-05, 19:26:33, 0.0, 7.76e-08
2018-08-05, 19:26:35, 0.0, 7.77e-08
2018-08-05, 19:26:37, 0.0, 7.77e-08
2018-08-05, 19:26:39, 0.0, 7.73e-08
2018-08-05, 19:26:41, 0.0, 7.79e-08
2018-08-05, 19:26:43, 0.0, 7.72e-08
2018-08-05, 19:26:45, 0.0, 7.73e-08
2018-08-05, 19:26:47, 0.0, 7.78e-08
2018-08-05, 19:26:50, 0.0, 7.73e-08
2018-08-05, 19:26:52, 0.0, 7.77e-08
2018-08-05, 19:26:54, 0.0, 7.77e-08
2018-08-05, 19:26:56, 0.0, 7.77e-08
2018-08-05, 19:26:58, 0.0, 7.8e-08
2018-08-05, 19:27:00, 0.0, 7.79e-08
2018-08-05, 19:27:02, 0.0, 7.77e-08
2018-08-05, 19:27:04, 0.0, 7.76e-08
2018-08-05, 19:27:07, 0.0, 7.85e-08
2018-08-05, 19:27:09, 0.0, 7.76e-08
2018-08-05, 19:27:11, 0.0, 7.71e-08
2018-08-05, 19:27:13, 0.0, 7.79e-08
2018-08-05, 19:27:15, 0.0, 7.78e-08
2018-08-05, 19:27:17, 0.0, 7.85e-08
2018-08-05, 19:27:19, 0.0, 7.85e-08
2018-08-05, 19:27:21, 0.0, 7.81e-08
2018-08-05, 19:27:24, 0.0, 7.83e-08
2018-08-05, 19:27:26, 0.0, 7.83e-08
2018-08-05, 19:27:28, 0.0, 7.82e-08
2018-08-05, 19:27:30, 0.0, 7.79e-08
2018-08-05, 19:27:32, 0.0, 7.77e-08
2018-08-05, 19:27:34, 0.0, 7.72e-08
2018-08-05, 19:27:36, 0.0, 7.71e-08
2018-08-05, 19:27:38, 0.0, 7.74e-08
2018-08-05, 19:27:41, 0.0, 7.73e-08
2018-08-05, 19:27:43, 0.0, 7.8e-08
2018-08-05, 19:27:45, 0.0, 7.79e-08
2018-08-05, 19:27:47, 0.0, 7.72e-08
2018-08-05, 19:27:49, 0.0, 7.84e-08
2018-08-05, 19:27:51, 0.0, 7.84e-08
2018-08-05, 19:27:53, 0.0, 7.86e-08
2018-08-05, 19:27:55, 0.0, 7.81e-08
2018-08-05, 19:27:58, 0.0, 7.74e-08
2018-08-05, 19:28:00, 0.0, 7.77e-08
2018-08-05, 19:28:02, 0.0, 7.8e-08
2018-08-05, 19:28:04, 0.0, 7.78e-08
2018-08-05, 19:28:06, 0.0, 7.78e-08
2018-08-05, 19:28:08, 0.0, 7.79e-08
2018-08-05, 19:28:10, 0.0, 7.92e-08
2018-08-05, 19:28:13, 0.0, 7.83e-08
2018-08-05, 19:28:15, 0.0, 7.79e-08
2018-08-05, 19:28:17, 0.0, 7.67e-08
2018-08-05, 19:28:19, 0.0, 7.8e-08
2018-08-05, 19:28:21, 0.0, 7.81e-08
2018-08-05, 19:28:23, 0.0, 7.79e-08
2018-08-05, 19:28:25, 0.0, 7.77e-08
2018-08-05, 19:28:27, 0.0, 7.77e-08
2018-08-05, 19:28:30, 0.0, 7.83e-08
2018-08-05, 19:28:32, 0.0, 7.86e-08
2018-08-05, 19:28:34, 0.0, 7.8e-08
2018-08-05, 19:28:36, 0.0, 7.76e-08
2018-08-05, 19:28:38, 0.0, 7.76e-08
2018-08-05, 19:28:40, 0.0, 7.83e-08
2018-08-05, 19:28:42, 0.0, 7.84e-08
2018-08-05, 19:28:44, 0.0, 7.81e-08
2018-08-05, 19:28:47, 0.0, 7.85e-08
2018-08-05, 19:28:49, 0.0, 7.79e-08
2018-08-05, 19:28:51, 0.0, 7.82e-08
2018-08-05, 19:28:53, 0.0, 7.85e-08
2018-08-05, 19:28:55, 0.0, 7.82e-08
2018-08-05, 19:28:57, 0.0, 7.82e-08
2018-08-05, 19:28:59, 0.0, 7.8e-08
2018-08-05, 19:29:01, 0.0, 7.79e-08
2018-08-05, 19:29:04, 0.0, 7.79e-08
2018-08-05, 19:29:06, 0.0, 7.8e-08
2018-08-05, 19:29:08, 0.0, 7.8e-08
2018-08-05, 19:29:10, 0.0, 7.83e-08
2018-08-05, 19:29:12, 0.0, 7.82e-08
2018-08-05, 19:29:14, 0.0, 7.83e-08
2018-08-05, 19:29:16, 0.0, 7.79e-08
2018-08-05, 19:29:18, 0.0, 7.8e-08
2018-08-05, 19:29:21, 0.0, 7.76e-08
2018-08-05, 19:29:23, 0.0, 7.82e-08
2018-08-05, 19:29:25, 0.0, 7.81e-08
2018-08-05, 19:29:27, 0.0, 7.73e-08
2018-08-05, 19:29:29, 0.0, 7.74e-08
2018-08-05, 19:29:31, 0.0, 7.78e-08
2018-08-05, 19:29:33, 0.0, 7.85e-08
2018-08-05, 19:29:35, 0.0, 7.81e-08
2018-08-05, 19:29:38, 0.0, 7.81e-08
2018-08-05, 19:29:40, 0.0, 7.8e-08
2018-08-05, 19:29:42, 0.0, 7.82e-08
2018-08-05, 19:29:44, 0.0, 7.82e-08
2018-08-05, 19:29:46, 0.0, 7.8e-08
2018-08-05, 19:29:48, 0.0, 7.74e-08
2018-08-05, 19:29:50, 0.0, 7.8e-08
2018-08-05, 19:29:52, 0.0, 7.81e-08
2018-08-05, 19:29:55, 0.0, 7.8e-08
2018-08-05, 19:29:57, 0.0, 7.77e-08
2018-08-05, 19:29:59, 0.0, 7.8e-08
2018-08-05, 19:30:01, 0.0, 7.79e-08
2018-08-05, 19:30:03, 0.0, 7.8e-08
2018-08-05, 19:30:05, 0.0, 7.76e-08
2018-08-05, 19:30:07, 0.0, 7.75e-08
2018-08-05, 19:30:10, 0.0, 7.77e-08
2018-08-05, 19:30:12, 0.0, 7.8e-08
2018-08-05, 19:30:14, 0.0, 7.75e-08
2018-08-05, 19:30:16, 0.0, 7.79e-08
2018-08-05, 19:30:18, 0.0, 7.76e-08
2018-08-05, 19:30:20, 0.0, 7.77e-08
2018-08-05, 19:30:22, 0.0, 7.78e-08
2018-08-05, 19:30:24, 0.0, 7.8e-08
2018-08-05, 19:30:27, 0.0, 7.77e-08
2018-08-05, 19:30:29, 0.0, 7.79e-08
2018-08-05, 19:30:31, 0.0, 7.75e-08
2018-08-05, 19:30:33, 0.0, 7.86e-08
2018-08-05, 19:30:35, 0.0, 7.87e-08
2018-08-05, 19:30:37, 0.0, 7.79e-08
2018-08-05, 19:30:39, 0.0, 7.81e-08
2018-08-05, 19:30:41, 0.0, 7.78e-08
2018-08-05, 19:30:44, 0.0, 7.84e-08
2018-08-05, 19:30:46, 0.0, 7.8e-08
2018-08-05, 19:30:48, 0.0, 7.79e-08
2018-08-05, 19:30:50, 0.0, 7.86e-08
2018-08-05, 19:30:52, 0.0, 7.85e-08
2018-08-05, 19:30:54, 0.0, 7.84e-08
2018-08-05, 19:30:56, 0.0, 7.83e-08
2018-08-05, 19:30:58, 0.0, 7.78e-08
2018-08-05, 19:31:01, 0.0, 7.76e-08
2018-08-05, 19:31:03, 0.0, 7.76e-08
2018-08-05, 19:31:05, 0.0, 7.81e-08
2018-08-05, 19:31:07, 0.0, 7.76e-08
2018-08-05, 19:31:09, 0.0, 7.69e-08
2018-08-05, 19:31:11, 0.0, 7.71e-08
2018-08-05, 19:31:13, 0.0, 7.77e-08
2018-08-05, 19:31:15, 0.0, 7.77e-08
2018-08-05, 19:31:18, 0.0, 7.72e-08
2018-08-05, 19:31:20, 0.0, 7.82e-08
2018-08-05, 19:31:22, 0.0, 7.74e-08
2018-08-05, 19:31:24, 0.0, 7.65e-08
2018-08-05, 19:31:26, 0.0, 7.76e-08
2018-08-05, 19:31:28, 0.0, 7.76e-08
2018-08-05, 19:31:30, 0.0, 7.81e-08
2018-08-05, 19:31:32, 0.0, 7.82e-08
2018-08-05, 19:31:35, 0.0, 7.75e-08
2018-08-05, 19:31:37, 0.0, 7.79e-08
2018-08-05, 19:31:39, 0.0, 7.79e-08
2018-08-05, 19:31:41, 0.0, 7.81e-08
2018-08-05, 19:31:43, 0.0, 7.79e-08
2018-08-05, 19:31:45, 0.0, 7.8e-08
2018-08-05, 19:31:47, 0.0, 7.75e-08
2018-08-05, 19:31:49, 0.0, 7.78e-08
2018-08-05, 19:31:52, 0.0, 7.78e-08
2018-08-05, 19:31:54, 0.0, 7.8e-08
2018-08-05, 19:31:56, 0.0, 7.78e-08
2018-08-05, 19:31:58, 0.0, 7.72e-08
2018-08-05, 19:32:00, 0.0, 7.74e-08
2018-08-05, 19:32:02, 0.0, 7.79e-08
2018-08-05, 19:32:04, 0.0, 7.8e-08
2018-08-05, 19:32:06, 0.0, 7.78e-08
2018-08-05, 19:32:09, 0.0, 7.79e-08
2018-08-05, 19:32:11, 0.0, 7.79e-08
2018-08-05, 19:32:13, 0.0, 7.82e-08
2018-08-05, 19:32:15, 0.0, 7.75e-08
2018-08-05, 19:32:17, 0.0, 7.8e-08
2018-08-05, 19:32:19, 0.0, 7.77e-08
2018-08-05, 19:32:21, 0.0, 7.81e-08
2018-08-05, 19:32:24, 0.0, 7.8e-08
2018-08-05, 19:32:26, 0.0, 7.76e-08
2018-08-05, 19:32:28, 0.0, 7.78e-08
2018-08-05, 19:32:30, 0.0, 7.83e-08
2018-08-05, 19:32:32, 0.0, 7.82e-08
2018-08-05, 19:32:34, 0.0, 7.81e-08
2018-08-05, 19:32:36, 0.0, 7.84e-08
2018-08-05, 19:32:38, 0.0, 7.86e-08
2018-08-05, 19:32:41, 0.0, 7.82e-08
2018-08-05, 19:32:43, 0.0, 7.82e-08
2018-08-05, 19:32:45, 0.0, 7.89e-08
2018-08-05, 19:32:47, 0.0, 7.8e-08
2018-08-05, 19:32:49, 0.0, 7.8e-08
2018-08-05, 19:32:51, 0.0, 7.78e-08
2018-08-05, 19:32:53, 0.0, 7.68e-08
2018-08-05, 19:32:55, 0.0, 7.8e-08
2018-08-05, 19:32:58, 0.0, 7.8e-08
2018-08-05, 19:33:00, 0.0, 7.76e-08
2018-08-05, 19:33:02, 0.0, 7.76e-08
2018-08-05, 19:33:04, 0.0, 7.78e-08
2018-08-05, 19:33:06, 0.0, 7.82e-08
2018-08-05, 19:33:08, 0.0, 7.78e-08
2018-08-05, 19:33:10, 0.0, 7.8e-08
2018-08-05, 19:33:12, 0.0, 7.78e-08
2018-08-05, 19:33:15, 0.0, 7.81e-08
2018-08-05, 19:33:17, 0.0, 7.79e-08
2018-08-05, 19:33:19, 0.0, 7.77e-08
2018-08-05, 19:33:21, 0.0, 7.74e-08
2018-08-05, 19:33:23, 0.0, 7.79e-08
2018-08-05, 19:33:25, 0.0, 7.8e-08
2018-08-05, 19:33:27, 0.0, 7.8e-08
2018-08-05, 19:33:29, 0.0, 7.75e-08
2018-08-05, 19:33:32, 0.0, 7.79e-08
2018-08-05, 19:33:34, 0.0, 7.83e-08
2018-08-05, 19:33:36, 0.0, 7.82e-08
2018-08-05, 19:33:38, 0.0, 7.76e-08
2018-08-05, 19:33:40, 0.0, 7.81e-08
2018-08-05, 19:33:42, 0.0, 7.83e-08
2018-08-05, 19:33:44, 0.0, 7.83e-08
2018-08-05, 19:33:47, 0.0, 7.81e-08
2018-08-05, 19:33:49, 0.0, 7.8e-08
2018-08-05, 19:33:51, 0.0, 7.78e-08
2018-08-05, 19:33:53, 0.0, 7.84e-08
2018-08-05, 19:33:55, 0.0, 7.81e-08
2018-08-05, 19:33:57, 0.0, 7.72e-08
2018-08-05, 19:33:59, 0.0, 7.75e-08
2018-08-05, 19:34:01, 0.0, 7.85e-08
2018-08-05, 19:34:04, 0.0, 7.8e-08
2018-08-05, 19:34:06, 0.0, 7.76e-08
2018-08-05, 19:34:08, 0.0, 7.77e-08
2018-08-05, 19:34:10, 0.0, 7.78e-08
2018-08-05, 19:34:12, 0.0, 7.81e-08
2018-08-05, 19:34:14, 0.0, 7.78e-08
2018-08-05, 19:34:16, 0.0, 7.77e-08
2018-08-05, 19:34:18, 0.0, 7.79e-08
2018-08-05, 19:34:21, 0.0, 7.82e-08
2018-08-05, 19:34:23, 0.0, 7.78e-08
2018-08-05, 19:34:25, 0.0, 7.81e-08
2018-08-05, 19:34:27, 0.0, 7.74e-08
2018-08-05, 19:34:29, 0.0, 7.77e-08
2018-08-05, 19:34:31, 0.0, 7.77e-08
2018-08-05, 19:34:33, 0.0, 7.81e-08
2018-08-05, 19:34:35, 0.0, 7.77e-08
2018-08-05, 19:34:37, 0.0, 7.74e-08
2018-08-05, 19:34:40, 0.0, 7.78e-08
2018-08-05, 19:34:42, 0.0, 7.81e-08
2018-08-05, 19:34:44, 0.0, 7.75e-08
2018-08-05, 19:34:46, 0.0, 7.77e-08
2018-08-05, 19:34:48, 0.0, 7.74e-08
2018-08-05, 19:34:50, 0.0, 7.78e-08
2018-08-05, 19:34:52, 0.0, 7.79e-08
2018-08-05, 19:34:54, 0.0, 7.75e-08
2018-08-05, 19:34:57, 0.0, 7.78e-08
2018-08-05, 19:34:59, 0.0, 7.82e-08
2018-08-05, 19:35:01, 0.0, 7.81e-08
2018-08-05, 19:35:03, 0.0, 7.77e-08
2018-08-05, 19:35:05, 0.0, 7.77e-08
2018-08-05, 19:35:07, 0.0, 7.71e-08
2018-08-05, 19:35:09, 0.0, 7.79e-08
2018-08-05, 19:35:12, 0.0, 7.77e-08
2018-08-05, 19:35:14, 0.0, 7.73e-08
2018-08-05, 19:35:16, 0.0, 7.81e-08
2018-08-05, 19:35:18, 0.0, 7.74e-08
2018-08-05, 19:35:20, 0.0, 7.75e-08
2018-08-05, 19:35:22, 0.0, 7.79e-08
2018-08-05, 19:35:24, 0.0, 7.77e-08
2018-08-05, 19:35:26, 0.0, 7.77e-08
2018-08-05, 19:35:29, 0.0, 7.79e-08
2018-08-05, 19:35:31, 0.0, 7.81e-08
2018-08-05, 19:35:33, 0.0, 7.81e-08
2018-08-05, 19:35:35, 0.0, 7.81e-08
2018-08-05, 19:35:37, 0.0, 7.76e-08
2018-08-05, 19:35:39, 0.0, 7.84e-08
2018-08-05, 19:35:41, 0.0, 7.83e-08
2018-08-05, 19:35:43, 0.0, 7.73e-08
2018-08-05, 19:35:45, 0.0, 7.78e-08
2018-08-05, 19:35:48, 0.0, 7.76e-08
2018-08-05, 19:35:50, 0.0, 7.83e-08
2018-08-05, 19:35:52, 0.0, 7.79e-08
2018-08-05, 19:35:54, 0.0, 7.79e-08
2018-08-05, 19:35:56, 0.0, 7.81e-08
2018-08-05, 19:35:58, 0.0, 7.79e-08
2018-08-05, 19:36:00, 0.0, 7.77e-08
2018-08-05, 19:36:02, 0.0, 7.81e-08
2018-08-05, 19:36:05, 0.0, 7.73e-08
2018-08-05, 19:36:07, 0.0, 7.78e-08
2018-08-05, 19:36:09, 0.0, 7.8e-08
2018-08-05, 19:36:11, 0.0, 7.83e-08
2018-08-05, 19:36:13, 0.0, 7.81e-08
2018-08-05, 19:36:15, 0.0, 7.83e-08
2018-08-05, 19:36:17, 0.0, 7.77e-08
2018-08-05, 19:36:19, 0.0, 7.83e-08
2018-08-05, 19:36:22, 0.0, 7.79e-08
2018-08-05, 19:36:24, 0.0, 7.77e-08
2018-08-05, 19:36:26, 0.0, 7.8e-08
2018-08-05, 19:36:28, 0.0, 7.81e-08
2018-08-05, 19:36:30, 0.0, 7.74e-08
2018-08-05, 19:36:32, 0.0, 7.78e-08
2018-08-05, 19:36:34, 0.0, 7.84e-08
2018-08-05, 19:36:36, 0.0, 7.82e-08
2018-08-05, 19:36:39, 0.0, 7.79e-08
2018-08-05, 19:36:41, 0.0, 7.79e-08
2018-08-05, 19:36:43, 0.0, 7.79e-08
2018-08-05, 19:36:45, 0.0, 7.8e-08
2018-08-05, 19:36:47, 0.0, 7.84e-08
2018-08-05, 19:36:49, 0.0, 7.79e-08
2018-08-05, 19:36:51, 0.0, 7.76e-08
2018-08-05, 19:36:53, 0.0, 7.88e-08
2018-08-05, 19:36:56, 0.0, 7.81e-08
2018-08-05, 19:36:58, 0.0, 7.82e-08
2018-08-05, 19:37:00, 0.0, 7.84e-08
2018-08-05, 19:37:02, 0.0, 7.86e-08
2018-08-05, 19:37:04, 0.0, 7.82e-08
2018-08-05, 19:37:06, 0.0, 7.84e-08
2018-08-05, 19:37:08, 0.0, 7.84e-08
2018-08-05, 19:37:10, 0.0, 7.84e-08
2018-08-05, 19:37:13, 0.0, 7.86e-08
2018-08-05, 19:37:15, 0.0, 7.8e-08
2018-08-05, 19:37:17, 0.0, 7.84e-08
2018-08-05, 19:37:19, 0.0, 7.81e-08
2018-08-05, 19:37:21, 0.0, 7.9e-08
2018-08-05, 19:37:23, 0.0, 7.81e-08
2018-08-05, 19:37:25, 0.0, 7.84e-08
2018-08-05, 19:37:28, 0.0, 7.8e-08
2018-08-05, 19:37:30, 0.0, 7.84e-08
2018-08-05, 19:37:32, 0.0, 7.83e-08
2018-08-05, 19:37:34, 0.0, 7.88e-08
2018-08-05, 19:37:36, 0.0, 7.82e-08
2018-08-05, 19:37:38, 0.0, 7.78e-08
2018-08-05, 19:37:40, 0.0, 7.84e-08
2018-08-05, 19:37:42, 0.0, 7.78e-08
2018-08-05, 19:37:45, 0.0, 7.84e-08
2018-08-05, 19:37:47, 0.0, 7.86e-08
2018-08-05, 19:37:49, 0.0, 7.79e-08
2018-08-05, 19:37:51, 0.0, 7.84e-08
2018-08-05, 19:37:53, 0.0, 7.85e-08
2018-08-05, 19:37:55, 0.0, 7.85e-08
2018-08-05, 19:37:57, 0.0, 7.89e-08
2018-08-05, 19:37:59, 0.0, 7.86e-08
2018-08-05, 19:38:02, 0.0, 7.9e-08
2018-08-05, 19:38:04, 0.0, 7.87e-08
2018-08-05, 19:38:06, 0.0, 7.85e-08
2018-08-05, 19:38:08, 0.0, 7.84e-08
2018-08-05, 19:38:10, 0.0, 7.83e-08
2018-08-05, 19:38:12, 0.0, 7.85e-08
2018-08-05, 19:38:14, 0.0, 7.83e-08
2018-08-05, 19:38:16, 0.0, 7.82e-08
2018-08-05, 19:38:19, 0.0, 7.8e-08
2018-08-05, 19:38:21, 0.0, 7.84e-08
2018-08-05, 19:38:23, 0.0, 7.85e-08
2018-08-05, 19:38:25, 0.0, 7.82e-08
2018-08-05, 19:38:27, 0.0, 7.85e-08
2018-08-05, 19:38:29, 0.0, 7.83e-08
2018-08-05, 19:38:31, 0.0, 7.87e-08
2018-08-05, 19:38:33, 0.0, 7.81e-08
2018-08-05, 19:38:36, 0.0, 7.81e-08
2018-08-05, 19:38:38, 0.0, 7.8e-08
2018-08-05, 19:38:40, 0.0, 7.84e-08
2018-08-05, 19:38:42, 0.0, 7.86e-08
2018-08-05, 19:38:44, 0.0, 7.82e-08
2018-08-05, 19:38:46, 0.0, 7.81e-08
2018-08-05, 19:38:48, 0.0, 7.83e-08
2018-08-05, 19:38:50, 0.0, 7.87e-08
2018-08-05, 19:38:53, 0.0, 7.86e-08
2018-08-05, 19:38:55, 0.0, 7.85e-08
2018-08-05, 19:38:57, 0.0, 7.88e-08
2018-08-05, 19:38:59, 0.0, 7.92e-08
2018-08-05, 19:39:01, 0.0, 7.86e-08
2018-08-05, 19:39:03, 0.0, 7.91e-08
2018-08-05, 19:39:05, 0.0, 7.83e-08
2018-08-05, 19:39:08, 0.0, 7.81e-08
2018-08-05, 19:39:10, 0.0, 7.81e-08
2018-08-05, 19:39:12, 0.0, 7.86e-08
2018-08-05, 19:39:14, 0.0, 7.86e-08
2018-08-05, 19:39:16, 0.0, 7.86e-08
2018-08-05, 19:39:18, 0.0, 7.87e-08
2018-08-05, 19:39:20, 0.0, 7.84e-08
2018-08-05, 19:39:22, 0.0, 7.86e-08
2018-08-05, 19:39:25, 0.0, 7.84e-08
2018-08-05, 19:39:27, 0.0, 7.85e-08
2018-08-05, 19:39:29, 0.0, 7.83e-08
2018-08-05, 19:39:31, 0.0, 7.92e-08
2018-08-05, 19:39:33, 0.0, 7.87e-08
2018-08-05, 19:39:35, 0.0, 7.86e-08
2018-08-05, 19:39:37, 0.0, 7.9e-08
2018-08-05, 19:39:39, 0.0, 7.87e-08
2018-08-05, 19:39:42, 0.0, 7.89e-08
2018-08-05, 19:39:44, 0.0, 7.89e-08
2018-08-05, 19:39:46, 0.0, 7.86e-08
2018-08-05, 19:39:48, 0.0, 7.85e-08
2018-08-05, 19:39:50, 0.0, 7.82e-08
2018-08-05, 19:39:52, 0.0, 7.87e-08
2018-08-05, 19:39:54, 0.0, 7.86e-08
2018-08-05, 19:39:56, 0.0, 7.88e-08
2018-08-05, 19:39:59, 0.0, 7.81e-08
2018-08-05, 19:40:01, 0.0, 7.85e-08
2018-08-05, 19:40:03, 0.0, 7.84e-08
2018-08-05, 19:40:05, 0.0, 7.83e-08
2018-08-05, 19:40:07, 0.0, 7.81e-08
2018-08-05, 19:40:09, 0.0, 7.82e-08
2018-08-05, 19:40:11, 0.0, 7.81e-08
2018-08-05, 19:40:13, 0.0, 7.83e-08
2018-08-05, 19:40:16, 0.0, 7.84e-08
2018-08-05, 19:40:18, 0.0, 7.82e-08
2018-08-05, 19:40:20, 0.0, 7.8e-08
2018-08-05, 19:40:22, 0.0, 7.76e-08
2018-08-05, 19:40:24, 0.0, 7.8e-08
2018-08-05, 19:40:26, 0.0, 7.82e-08
2018-08-05, 19:40:28, 0.0, 7.82e-08
2018-08-05, 19:40:30, 0.0, 7.8e-08
2018-08-05, 19:40:33, 0.0, 7.79e-08
2018-08-05, 19:40:35, 0.0, 7.8e-08
2018-08-05, 19:40:37, 0.0, 7.81e-08
2018-08-05, 19:40:39, 0.0, 7.81e-08
2018-08-05, 19:40:41, 0.0, 7.87e-08
2018-08-05, 19:40:43, 0.0, 7.87e-08
2018-08-05, 19:40:45, 0.0, 7.84e-08
2018-08-05, 19:40:48, 0.0, 7.87e-08
2018-08-05, 19:40:50, 0.0, 7.84e-08
2018-08-05, 19:40:52, 0.0, 7.88e-08
2018-08-05, 19:40:54, 0.0, 7.81e-08
2018-08-05, 19:40:56, 0.0, 7.78e-08
2018-08-05, 19:40:58, 0.0, 7.81e-08
2018-08-05, 19:41:00, 0.0, 7.81e-08
2018-08-05, 19:41:02, 0.0, 7.9e-08
2018-08-05, 19:41:05, 0.0, 7.8e-08
2018-08-05, 19:41:07, 0.0, 7.84e-08
2018-08-05, 19:41:09, 0.0, 7.76e-08
2018-08-05, 19:41:11, 0.0, 7.82e-08
2018-08-05, 19:41:13, 0.0, 7.88e-08
2018-08-05, 19:41:15, 0.0, 7.81e-08
2018-08-05, 19:41:17, 0.0, 7.82e-08
2018-08-05, 19:41:19, 0.0, 7.81e-08
2018-08-05, 19:41:22, 0.0, 7.82e-08
2018-08-05, 19:41:24, 0.0, 7.84e-08
2018-08-05, 19:41:26, 0.0, 7.81e-08
2018-08-05, 19:41:28, 0.0, 7.8e-08
2018-08-05, 19:41:30, 0.0, 7.83e-08
2018-08-05, 19:41:32, 0.0, 7.86e-08
2018-08-05, 19:41:34, 0.0, 7.84e-08
2018-08-05, 19:41:36, 0.0, 7.83e-08
2018-08-05, 19:41:39, 0.0, 7.8e-08
2018-08-05, 19:41:41, 0.0, 7.78e-08
2018-08-05, 19:41:43, 0.0, 7.82e-08
2018-08-05, 19:41:45, 0.0, 7.81e-08
2018-08-05, 19:41:47, 0.0, 7.85e-08
2018-08-05, 19:41:49, 0.0, 7.86e-08
2018-08-05, 19:41:51, 0.0, 7.83e-08
2018-08-05, 19:41:53, 0.0, 7.85e-08
2018-08-05, 19:41:56, 0.0, 7.84e-08
2018-08-05, 19:41:58, 0.0, 7.86e-08
2018-08-05, 19:42:00, 0.0, 7.86e-08
2018-08-05, 19:42:02, 0.0, 7.87e-08
2018-08-05, 19:42:04, 0.0, 7.85e-08
2018-08-05, 19:42:06, 0.0, 7.78e-08
2018-08-05, 19:42:08, 0.0, 7.83e-08
2018-08-05, 19:42:10, 0.0, 7.85e-08
2018-08-05, 19:42:13, 0.0, 7.88e-08
2018-08-05, 19:42:15, 0.0, 7.89e-08
2018-08-05, 19:42:17, 0.0, 7.86e-08
2018-08-05, 19:42:19, 0.0, 7.77e-08
2018-08-05, 19:42:21, 0.0, 7.83e-08
2018-08-05, 19:42:23, 0.0, 7.88e-08
2018-08-05, 19:42:25, 0.0, 7.83e-08
2018-08-05, 19:42:27, 0.0, 7.81e-08
2018-08-05, 19:42:30, 0.0, 7.85e-08
2018-08-05, 19:42:32, 0.0, 7.79e-08
2018-08-05, 19:42:34, 0.0, 7.83e-08
2018-08-05, 19:42:36, 0.0, 7.84e-08
2018-08-05, 19:42:38, 0.0, 7.86e-08
2018-08-05, 19:42:40, 0.0, 7.8e-08
2018-08-05, 19:42:42, 0.0, 7.89e-08
2018-08-05, 19:42:44, 0.0, 7.85e-08
2018-08-05, 19:42:47, 0.0, 7.81e-08
2018-08-05, 19:42:49, 0.0, 7.77e-08
2018-08-05, 19:42:51, 0.0, 7.72e-08
2018-08-05, 19:42:53, 0.0, 7.84e-08
2018-08-05, 19:42:55, 0.0, 7.88e-08
2018-08-05, 19:42:57, 0.0, 7.85e-08
2018-08-05, 19:42:59, 0.0, 7.82e-08
2018-08-05, 19:43:01, 0.0, 7.88e-08
2018-08-05, 19:43:04, 0.0, 7.9e-08
2018-08-05, 19:43:06, 0.0, 7.89e-08
2018-08-05, 19:43:08, 0.0, 7.85e-08
2018-08-05, 19:43:10, 0.0, 7.83e-08
2018-08-05, 19:43:12, 0.0, 7.86e-08
2018-08-05, 19:43:14, 0.0, 7.82e-08
2018-08-05, 19:43:16, 0.0, 7.8e-08
2018-08-05, 19:43:18, 0.0, 7.86e-08
2018-08-05, 19:43:21, 0.0, 7.82e-08
2018-08-05, 19:43:23, 0.0, 7.78e-08
2018-08-05, 19:43:25, 0.0, 7.84e-08
2018-08-05, 19:43:27, 0.0, 7.85e-08
2018-08-05, 19:43:29, 0.0, 7.87e-08
2018-08-05, 19:43:31, 0.0, 7.83e-08
2018-08-05, 19:43:33, 0.0, 7.83e-08
2018-08-05, 19:43:35, 0.0, 7.79e-08
2018-08-05, 19:43:38, 0.0, 7.81e-08
2018-08-05, 19:43:40, 0.0, 7.86e-08
2018-08-05, 19:43:42, 0.0, 7.8e-08
2018-08-05, 19:43:44, 0.0, 7.81e-08
2018-08-05, 19:43:46, 0.0, 7.84e-08
2018-08-05, 19:43:48, 0.0, 7.85e-08
2018-08-05, 19:43:50, 0.0, 7.91e-08
2018-08-05, 19:43:52, 0.0, 7.93e-08
2018-08-05, 19:43:55, 0.0, 7.86e-08
2018-08-05, 19:43:57, 0.0, 7.9e-08
2018-08-05, 19:43:59, 0.0, 7.87e-08
2018-08-05, 19:44:01, 0.0, 7.87e-08
2018-08-05, 19:44:03, 0.0, 7.87e-08
2018-08-05, 19:44:05, 0.0, 7.86e-08
2018-08-05, 19:44:07, 0.0, 7.86e-08
2018-08-05, 19:44:10, 0.0, 7.84e-08
2018-08-05, 19:44:12, 0.0, 7.86e-08
2018-08-05, 19:44:14, 0.0, 7.86e-08
2018-08-05, 19:44:16, 0.0, 7.8e-08
2018-08-05, 19:44:18, 0.0, 7.88e-08
2018-08-05, 19:44:20, 0.0, 7.82e-08
2018-08-05, 19:44:22, 0.0, 7.79e-08
2018-08-05, 19:44:24, 0.0, 7.8e-08
2018-08-05, 19:44:27, 0.0, 7.84e-08
2018-08-05, 19:44:29, 0.0, 7.85e-08
2018-08-05, 19:44:31, 0.0, 7.88e-08
2018-08-05, 19:44:33, 0.0, 7.87e-08
2018-08-05, 19:44:35, 0.0, 7.87e-08
2018-08-05, 19:44:37, 0.0, 7.8e-08
2018-08-05, 19:44:39, 0.0, 7.81e-08
2018-08-05, 19:44:41, 0.0, 7.84e-08
2018-08-05, 19:44:44, 0.0, 7.82e-08
2018-08-05, 19:44:46, 0.0, 7.82e-08
2018-08-05, 19:44:48, 0.0, 7.8e-08
2018-08-05, 19:44:50, 0.0, 7.8e-08
2018-08-05, 19:44:52, 0.0, 7.83e-08
2018-08-05, 19:44:54, 0.0, 7.8e-08
2018-08-05, 19:44:56, 0.0, 7.82e-08
2018-08-05, 19:44:58, 0.0, 7.77e-08
2018-08-05, 19:45:01, 0.0, 7.81e-08
2018-08-05, 19:45:03, 0.0, 7.82e-08
2018-08-05, 19:45:05, 0.0, 7.79e-08
2018-08-05, 19:45:07, 0.0, 7.86e-08
2018-08-05, 19:45:09, 0.0, 7.84e-08
2018-08-05, 19:45:11, 0.0, 7.84e-08
2018-08-05, 19:45:13, 0.0, 7.79e-08
2018-08-05, 19:45:16, 0.0, 7.87e-08
2018-08-05, 19:45:18, 0.0, 7.82e-08
2018-08-05, 19:45:20, 0.0, 7.84e-08
2018-08-05, 19:45:22, 0.0, 7.85e-08
2018-08-05, 19:45:24, 0.0, 7.83e-08
2018-08-05, 19:45:26, 0.0, 7.83e-08
2018-08-05, 19:45:28, 0.0, 7.87e-08
2018-08-05, 19:45:30, 0.0, 7.86e-08
2018-08-05, 19:45:33, 0.0, 7.84e-08
2018-08-05, 19:45:35, 0.0, 7.82e-08
2018-08-05, 19:45:37, 0.0, 7.76e-08
2018-08-05, 19:45:39, 0.0, 7.76e-08
2018-08-05, 19:45:41, 0.0, 7.84e-08
2018-08-05, 19:45:43, 0.0, 7.8e-08
2018-08-05, 19:45:45, 0.0, 7.83e-08
2018-08-05, 19:45:47, 0.0, 7.84e-08
2018-08-05, 19:45:50, 0.0, 7.78e-08
2018-08-05, 19:45:52, 0.0, 7.78e-08
2018-08-05, 19:45:54, 0.0, 7.8e-08
2018-08-05, 19:45:56, 0.0, 7.8e-08
2018-08-05, 19:45:58, 0.0, 7.79e-08
2018-08-05, 19:46:00, 0.0, 7.79e-08
2018-08-05, 19:46:02, 0.0, 7.83e-08
2018-08-05, 19:46:04, 0.0, 7.79e-08
2018-08-05, 19:46:07, 0.0, 7.87e-08
2018-08-05, 19:46:09, 0.0, 7.86e-08
2018-08-05, 19:46:11, 0.0, 7.84e-08
2018-08-05, 19:46:13, 0.0, 7.82e-08
2018-08-05, 19:46:15, 0.0, 7.82e-08
2018-08-05, 19:46:17, 0.0, 7.81e-08
2018-08-05, 19:46:19, 0.0, 7.82e-08
2018-08-05, 19:46:22, 0.0, 7.79e-08
2018-08-05, 19:46:24, 0.0, 7.74e-08
2018-08-05, 19:46:26, 0.0, 7.81e-08
2018-08-05, 19:46:28, 0.0, 7.82e-08
2018-08-05, 19:46:30, 0.0, 7.87e-08
2018-08-05, 19:46:32, 0.0, 7.82e-08
2018-08-05, 19:46:34, 0.0, 7.85e-08
2018-08-05, 19:46:36, 0.0, 7.81e-08
2018-08-05, 19:46:39, 0.0, 7.76e-08
2018-08-05, 19:46:41, 0.0, 7.79e-08
2018-08-05, 19:46:43, 0.0, 7.77e-08
2018-08-05, 19:46:45, 0.0, 7.79e-08
2018-08-05, 19:46:47, 0.0, 7.83e-08
2018-08-05, 19:46:49, 0.0, 7.82e-08
2018-08-05, 19:46:51, 0.0, 7.82e-08
2018-08-05, 19:46:53, 0.0, 7.82e-08
2018-08-05, 19:46:56, 0.0, 7.79e-08
2018-08-05, 19:46:58, 0.0, 7.82e-08
2018-08-05, 19:47:00, 0.0, 7.78e-08
2018-08-05, 19:47:02, 0.0, 7.8e-08
2018-08-05, 19:47:04, 0.0, 7.85e-08
2018-08-05, 19:47:06, 0.0, 7.82e-08
2018-08-05, 19:47:08, 0.0, 7.83e-08
2018-08-05, 19:47:10, 0.0, 7.84e-08
2018-08-05, 19:47:13, 0.0, 7.81e-08
2018-08-05, 19:47:15, 0.0, 7.85e-08
2018-08-05, 19:47:17, 0.0, 7.82e-08
2018-08-05, 19:47:19, 0.0, 7.88e-08
2018-08-05, 19:47:21, 0.0, 7.83e-08
2018-08-05, 19:47:23, 0.0, 7.84e-08
2018-08-05, 19:47:25, 0.0, 7.8e-08
2018-08-05, 19:47:27, 0.0, 7.85e-08
2018-08-05, 19:47:30, 0.0, 7.82e-08
2018-08-05, 19:47:32, 0.0, 7.82e-08
2018-08-05, 19:47:34, 0.0, 7.76e-08
2018-08-05, 19:47:36, 0.0, 7.83e-08
2018-08-05, 19:47:38, 0.0, 7.83e-08
2018-08-05, 19:47:40, 0.0, 7.84e-08
2018-08-05, 19:47:42, 0.0, 7.77e-08
2018-08-05, 19:47:44, 0.0, 7.81e-08
2018-08-05, 19:47:47, 0.0, 7.83e-08
2018-08-05, 19:47:49, 0.0, 7.79e-08
2018-08-05, 19:47:51, 0.0, 7.77e-08
2018-08-05, 19:47:53, 0.0, 7.8e-08
2018-08-05, 19:47:55, 0.0, 7.81e-08
2018-08-05, 19:47:57, 0.0, 7.82e-08
2018-08-05, 19:47:59, 0.0, 7.86e-08
2018-08-05, 19:48:01, 0.0, 7.86e-08
2018-08-05, 19:48:04, 0.0, 7.83e-08
2018-08-05, 19:48:06, 0.0, 7.82e-08
2018-08-05, 19:48:08, 0.0, 7.78e-08
2018-08-05, 19:48:10, 0.0, 7.75e-08
2018-08-05, 19:48:12, 0.0, 7.86e-08
2018-08-05, 19:48:14, 0.0, 7.82e-08
2018-08-05, 19:48:16, 0.0, 7.81e-08
2018-08-05, 19:48:18, 0.0, 7.79e-08
2018-08-05, 19:48:21, 0.0, 7.77e-08
2018-08-05, 19:48:23, 0.0, 7.75e-08
2018-08-05, 19:48:25, 0.0, 7.77e-08
2018-08-05, 19:48:27, 0.0, 7.76e-08
2018-08-05, 19:48:29, 0.0, 7.77e-08
2018-08-05, 19:48:31, 0.0, 7.74e-08
2018-08-05, 19:48:33, 0.0, 7.73e-08
2018-08-05, 19:48:35, 0.0, 7.82e-08
2018-08-05, 19:48:38, 0.0, 7.78e-08
2018-08-05, 19:48:40, 0.0, 7.83e-08
2018-08-05, 19:48:42, 0.0, 7.83e-08
2018-08-05, 19:48:44, 0.0, 7.78e-08
2018-08-05, 19:48:46, 0.0, 7.75e-08
2018-08-05, 19:48:48, 0.0, 7.72e-08
2018-08-05, 19:48:50, 0.0, 7.77e-08
2018-08-05, 19:48:53, 0.0, 7.83e-08
2018-08-05, 19:48:55, 0.0, 7.83e-08
2018-08-05, 19:48:57, 0.0, 7.8e-08
2018-08-05, 19:48:59, 0.0, 7.77e-08
2018-08-05, 19:49:01, 0.0, 7.79e-08
2018-08-05, 19:49:03, 0.0, 7.83e-08
2018-08-05, 19:49:05, 0.0, 7.83e-08
2018-08-05, 19:49:07, 0.0, 7.86e-08
2018-08-05, 19:49:10, 0.0, 7.78e-08
2018-08-05, 19:49:12, 0.0, 7.85e-08
2018-08-05, 19:49:14, 0.0, 7.78e-08
2018-08-05, 19:49:16, 0.0, 7.78e-08
2018-08-05, 19:49:18, 0.0, 7.83e-08
2018-08-05, 19:49:20, 0.0, 7.77e-08
2018-08-05, 19:49:22, 0.0, 7.81e-08
2018-08-05, 19:49:24, 0.0, 7.8e-08
2018-08-05, 19:49:27, 0.0, 7.84e-08
2018-08-05, 19:49:29, 0.0, 7.79e-08
2018-08-05, 19:49:31, 0.0, 7.78e-08
2018-08-05, 19:49:33, 0.0, 7.81e-08
2018-08-05, 19:49:35, 0.0, 7.8e-08
2018-08-05, 19:49:37, 0.0, 7.83e-08
2018-08-05, 19:49:39, 0.0, 7.83e-08
2018-08-05, 19:49:41, 0.0, 7.76e-08
2018-08-05, 19:49:44, 0.0, 7.8e-08
2018-08-05, 19:49:46, 0.0, 7.79e-08
2018-08-05, 19:49:48, 0.0, 7.8e-08
2018-08-05, 19:49:50, 0.0, 7.82e-08
2018-08-05, 19:49:52, 0.0, 7.87e-08
2018-08-05, 19:49:54, 0.0, 7.84e-08
2018-08-05, 19:49:56, 0.0, 7.83e-08
2018-08-05, 19:49:58, 0.0, 7.83e-08
2018-08-05, 19:50:01, 0.0, 7.8e-08
2018-08-05, 19:50:03, 0.0, 7.81e-08
2018-08-05, 19:50:05, 0.0, 7.82e-08
2018-08-05, 19:50:07, 0.0, 7.84e-08
2018-08-05, 19:50:09, 0.0, 7.84e-08
2018-08-05, 19:50:11, 0.0, 7.86e-08
2018-08-05, 19:50:13, 0.0, 7.76e-08
2018-08-05, 19:50:15, 0.0, 7.82e-08
2018-08-05, 19:50:18, 0.0, 7.81e-08
2018-08-05, 19:50:20, 0.0, 7.78e-08
2018-08-05, 19:50:22, 0.0, 7.8e-08
2018-08-05, 19:50:24, 0.0, 7.87e-08
2018-08-05, 19:50:26, 0.0, 7.8e-08
2018-08-05, 19:50:28, 0.0, 7.83e-08
2018-08-05, 19:50:30, 0.0, 7.82e-08
2018-08-05, 19:50:32, 0.0, 7.81e-08
2018-08-05, 19:50:35, 0.0, 7.79e-08
2018-08-05, 19:50:37, 0.0, 7.81e-08
2018-08-05, 19:50:39, 0.0, 7.85e-08
2018-08-05, 19:50:41, 0.0, 7.84e-08
2018-08-05, 19:50:43, 0.0, 7.78e-08
2018-08-05, 19:50:45, 0.0, 7.87e-08
2018-08-05, 19:50:47, 0.0, 7.77e-08
2018-08-05, 19:50:49, 0.0, 7.83e-08
2018-08-05, 19:50:52, 0.0, 7.82e-08
2018-08-05, 19:50:54, 0.0, 7.79e-08
2018-08-05, 19:50:56, 0.0, 7.76e-08
2018-08-05, 19:50:58, 0.0, 7.86e-08
2018-08-05, 19:51:00, 0.0, 7.87e-08
2018-08-05, 19:51:02, 0.0, 7.79e-08
2018-08-05, 19:51:04, 0.0, 7.73e-08
2018-08-05, 19:51:06, 0.0, 7.81e-08
2018-08-05, 19:51:09, 0.0, 7.81e-08
2018-08-05, 19:51:11, 0.0, 7.8e-08
2018-08-05, 19:51:13, 0.0, 7.82e-08
2018-08-05, 19:51:15, 0.0, 7.82e-08
2018-08-05, 19:51:17, 0.0, 7.84e-08
2018-08-05, 19:51:19, 0.0, 7.83e-08
2018-08-05, 19:51:21, 0.0, 7.76e-08
2018-08-05, 19:51:23, 0.0, 7.77e-08
2018-08-05, 19:51:26, 0.0, 7.76e-08
2018-08-05, 19:51:28, 0.0, 7.8e-08
2018-08-05, 19:51:30, 0.0, 7.83e-08
2018-08-05, 19:51:32, 0.0, 7.86e-08
2018-08-05, 19:51:34, 0.0, 7.79e-08
2018-08-05, 19:51:36, 0.0, 7.82e-08
2018-08-05, 19:51:38, 0.0, 7.79e-08
2018-08-05, 19:51:40, 0.0, 7.86e-08
2018-08-05, 19:51:43, 0.0, 7.71e-08
2018-08-05, 19:51:45, 0.0, 7.78e-08
2018-08-05, 19:51:47, 0.0, 7.77e-08
2018-08-05, 19:51:49, 0.0, 7.76e-08
2018-08-05, 19:51:51, 0.0, 7.78e-08
2018-08-05, 19:51:53, 0.0, 7.79e-08
2018-08-05, 19:51:55, 0.0, 7.8e-08
2018-08-05, 19:51:58, 0.0, 7.81e-08
2018-08-05, 19:52:00, 0.0, 7.75e-08
2018-08-05, 19:52:02, 0.0, 7.75e-08
2018-08-05, 19:52:04, 0.0, 7.69e-08
2018-08-05, 19:52:06, 0.0, 7.79e-08
2018-08-05, 19:52:08, 0.0, 7.86e-08
2018-08-05, 19:52:10, 0.0, 7.84e-08
2018-08-05, 19:52:12, 0.0, 7.81e-08
2018-08-05, 19:52:15, 0.0, 7.78e-08
2018-08-05, 19:52:17, 0.0, 7.76e-08
2018-08-05, 19:52:19, 0.0, 7.81e-08
2018-08-05, 19:52:21, 0.0, 7.84e-08
2018-08-05, 19:52:23, 0.0, 7.77e-08
2018-08-05, 19:52:25, 0.0, 7.78e-08
2018-08-05, 19:52:27, 0.0, 7.84e-08
2018-08-05, 19:52:29, 0.0, 7.79e-08
2018-08-05, 19:52:32, 0.0, 7.84e-08
2018-08-05, 19:52:34, 0.0, 7.79e-08
2018-08-05, 19:52:36, 0.0, 7.82e-08
2018-08-05, 19:52:38, 0.0, 7.79e-08
2018-08-05, 19:52:40, 0.0, 7.83e-08
2018-08-05, 19:52:42, 0.0, 7.82e-08
2018-08-05, 19:52:44, 0.0, 7.78e-08
2018-08-05, 19:52:46, 0.0, 7.77e-08
2018-08-05, 19:52:49, 0.0, 7.78e-08
2018-08-05, 19:52:51, 0.0, 7.83e-08
2018-08-05, 19:52:53, 0.0, 7.76e-08
2018-08-05, 19:52:55, 0.0, 7.76e-08
2018-08-05, 19:52:57, 0.0, 7.8e-08
2018-08-05, 19:52:59, 0.0, 7.83e-08
2018-08-05, 19:53:01, 0.0, 7.77e-08
2018-08-05, 19:53:03, 0.0, 7.82e-08
2018-08-05, 19:53:06, 0.0, 7.83e-08
2018-08-05, 19:53:08, 0.0, 7.82e-08
2018-08-05, 19:53:10, 0.0, 7.75e-08
2018-08-05, 19:53:12, 0.0, 7.82e-08
2018-08-05, 19:53:14, 0.0, 7.86e-08
2018-08-05, 19:53:16, 0.0, 7.83e-08
2018-08-05, 19:53:18, 0.0, 7.78e-08
2018-08-05, 19:53:20, 0.0, 7.8e-08
2018-08-05, 19:53:23, 0.0, 7.77e-08
2018-08-05, 19:53:25, 0.0, 7.77e-08
2018-08-05, 19:53:27, 0.0, 7.74e-08
2018-08-05, 19:53:29, 0.0, 7.81e-08
2018-08-05, 19:53:31, 0.0, 7.8e-08
2018-08-05, 19:53:33, 0.0, 7.79e-08
2018-08-05, 19:53:35, 0.0, 7.8e-08
2018-08-05, 19:53:37, 0.0, 7.72e-08
2018-08-05, 19:53:40, 0.0, 7.75e-08
2018-08-05, 19:53:42, 0.0, 7.85e-08
2018-08-05, 19:53:44, 0.0, 7.82e-08
2018-08-05, 19:53:46, 0.0, 7.82e-08
2018-08-05, 19:53:48, 0.0, 7.75e-08
2018-08-05, 19:53:50, 0.0, 7.79e-08
2018-08-05, 19:53:52, 0.0, 7.85e-08
2018-08-05, 19:53:54, 0.0, 7.72e-08
2018-08-05, 19:53:57, 0.0, 7.81e-08
2018-08-05, 19:53:59, 0.0, 7.76e-08
2018-08-05, 19:54:01, 0.0, 7.77e-08
2018-08-05, 19:54:03, 0.0, 7.77e-08
2018-08-05, 19:54:05, 0.0, 7.74e-08
2018-08-05, 19:54:07, 0.0, 7.82e-08
2018-08-05, 19:54:09, 0.0, 7.82e-08
2018-08-05, 19:54:12, 0.0, 7.82e-08
2018-08-05, 19:54:14, 0.0, 7.8e-08
2018-08-05, 19:54:16, 0.0, 7.81e-08
2018-08-05, 19:54:18, 0.0, 7.8e-08
2018-08-05, 19:54:20, 0.0, 7.7e-08
2018-08-05, 19:54:22, 0.0, 7.69e-08
2018-08-05, 19:54:24, 0.0, 7.78e-08
2018-08-05, 19:54:26, 0.0, 7.8e-08
2018-08-05, 19:54:29, 0.0, 7.79e-08
2018-08-05, 19:54:31, 0.0, 7.78e-08
2018-08-05, 19:54:33, 0.0, 7.84e-08
2018-08-05, 19:54:35, 0.0, 7.78e-08
2018-08-05, 19:54:37, 0.0, 7.82e-08
2018-08-05, 19:54:39, 0.0, 7.76e-08
2018-08-05, 19:54:41, 0.0, 7.81e-08
2018-08-05, 19:54:43, 0.0, 7.74e-08
2018-08-05, 19:54:46, 0.0, 7.79e-08
2018-08-05, 19:54:48, 0.0, 7.85e-08
2018-08-05, 19:54:50, 0.0, 7.83e-08
2018-08-05, 19:54:52, 0.0, 7.83e-08
2018-08-05, 19:54:54, 0.0, 7.79e-08
2018-08-05, 19:54:56, 0.0, 7.8e-08
2018-08-05, 19:54:58, 0.0, 7.78e-08
2018-08-05, 19:55:00, 0.0, 7.81e-08
2018-08-05, 19:55:03, 0.0, 7.75e-08
2018-08-05, 19:55:05, 0.0, 7.82e-08
2018-08-05, 19:55:07, 0.0, 7.83e-08
2018-08-05, 19:55:09, 0.0, 7.8e-08
2018-08-05, 19:55:11, 0.0, 7.79e-08
2018-08-05, 19:55:13, 0.0, 7.77e-08
2018-08-05, 19:55:15, 0.0, 7.78e-08
2018-08-05, 19:55:17, 0.0, 7.77e-08
2018-08-05, 19:55:20, 0.0, 7.75e-08
2018-08-05, 19:55:22, 0.0, 7.75e-08
2018-08-05, 19:55:24, 0.0, 7.74e-08
2018-08-05, 19:55:26, 0.0, 7.76e-08
2018-08-05, 19:55:28, 0.0, 7.74e-08
2018-08-05, 19:55:30, 0.0, 7.73e-08
2018-08-05, 19:55:32, 0.0, 7.8e-08
2018-08-05, 19:55:34, 0.0, 7.77e-08
2018-08-05, 19:55:37, 0.0, 7.79e-08
2018-08-05, 19:55:39, 0.0, 7.7e-08
2018-08-05, 19:55:41, 0.0, 7.75e-08
2018-08-05, 19:55:43, 0.0, 7.7e-08
2018-08-05, 19:55:45, 0.0, 7.73e-08
2018-08-05, 19:55:47, 0.0, 7.72e-08
2018-08-05, 19:55:49, 0.0, 7.76e-08
2018-08-05, 19:55:51, 0.0, 7.81e-08
2018-08-05, 19:55:54, 0.0, 7.74e-08
2018-08-05, 19:55:56, 0.0, 7.76e-08
2018-08-05, 19:55:58, 0.0, 7.73e-08
2018-08-05, 19:56:00, 0.0, 7.76e-08
2018-08-05, 19:56:02, 0.0, 7.8e-08
2018-08-05, 19:56:04, 0.0, 7.78e-08
2018-08-05, 19:56:06, 0.0, 7.79e-08
2018-08-05, 19:56:08, 0.0, 7.73e-08
2018-08-05, 19:56:11, 0.0, 7.77e-08
2018-08-05, 19:56:13, 0.0, 7.78e-08
2018-08-05, 19:56:15, 0.0, 7.84e-08
2018-08-05, 19:56:17, 0.0, 7.7e-08
2018-08-05, 19:56:19, 0.0, 7.81e-08
2018-08-05, 19:56:21, 0.0, 7.73e-08
2018-08-05, 19:56:23, 0.0, 7.83e-08
2018-08-05, 19:56:26, 0.0, 7.83e-08
2018-08-05, 19:56:28, 0.0, 7.79e-08
2018-08-05, 19:56:30, 0.0, 7.77e-08
2018-08-05, 19:56:32, 0.0, 7.76e-08
2018-08-05, 19:56:34, 0.0, 7.74e-08
2018-08-05, 19:56:36, 0.0, 7.71e-08
2018-08-05, 19:56:38, 0.0, 7.82e-08
2018-08-05, 19:56:40, 0.0, 7.81e-08
2018-08-05, 19:56:42, 0.0, 7.77e-08
2018-08-05, 19:56:45, 0.0, 7.79e-08
2018-08-05, 19:56:47, 0.0, 7.81e-08
2018-08-05, 19:56:49, 0.0, 7.78e-08
2018-08-05, 19:56:51, 0.0, 7.84e-08
2018-08-05, 19:56:53, 0.0, 7.74e-08
2018-08-05, 19:56:55, 0.0, 7.79e-08
2018-08-05, 19:56:57, 0.0, 7.73e-08
2018-08-05, 19:56:59, 0.0, 7.76e-08
2018-08-05, 19:57:02, 0.0, 7.83e-08
2018-08-05, 19:57:04, 0.0, 7.81e-08
2018-08-05, 19:57:06, 0.0, 7.79e-08
2018-08-05, 19:57:08, 0.0, 7.8e-08
2018-08-05, 19:57:10, 0.0, 7.75e-08
2018-08-05, 19:57:12, 0.0, 7.75e-08
2018-08-05, 19:57:14, 0.0, 7.75e-08
2018-08-05, 19:57:17, 0.0, 7.77e-08
2018-08-05, 19:57:19, 0.0, 7.83e-08
2018-08-05, 19:57:21, 0.0, 7.77e-08
2018-08-05, 19:57:23, 0.0, 7.79e-08
2018-08-05, 19:57:25, 0.0, 7.8e-08
2018-08-05, 19:57:27, 0.0, 7.78e-08
2018-08-05, 19:57:29, 0.0, 7.75e-08
2018-08-05, 19:57:31, 0.0, 7.82e-08
2018-08-05, 19:57:34, 0.0, 7.83e-08
2018-08-05, 19:57:36, 0.0, 7.88e-08
2018-08-05, 19:57:38, 0.0, 7.85e-08
2018-08-05, 19:57:40, 0.0, 7.79e-08
2018-08-05, 19:57:42, 0.0, 7.84e-08
2018-08-05, 19:57:44, 0.0, 7.79e-08
2018-08-05, 19:57:46, 0.0, 7.81e-08
2018-08-05, 19:57:48, 0.0, 7.84e-08
2018-08-05, 19:57:51, 0.0, 7.79e-08
2018-08-05, 19:57:53, 0.0, 7.8e-08
2018-08-05, 19:57:55, 0.0, 7.83e-08
2018-08-05, 19:57:57, 0.0, 7.83e-08
2018-08-05, 19:57:59, 0.0, 7.78e-08
2018-08-05, 19:58:01, 0.0, 7.8e-08
2018-08-05, 19:58:03, 0.0, 7.83e-08
2018-08-05, 19:58:05, 0.0, 7.83e-08
2018-08-05, 19:58:08, 0.0, 7.83e-08
2018-08-05, 19:58:10, 0.0, 7.84e-08
2018-08-05, 19:58:12, 0.0, 7.75e-08
2018-08-05, 19:58:14, 0.0, 7.79e-08
2018-08-05, 19:58:16, 0.0, 7.78e-08
2018-08-05, 19:58:18, 0.0, 7.77e-08
2018-08-05, 19:58:20, 0.0, 7.82e-08
2018-08-05, 19:58:22, 0.0, 7.8e-08
2018-08-05, 19:58:25, 0.0, 7.78e-08
2018-08-05, 19:58:27, 0.0, 7.76e-08
2018-08-05, 19:58:29, 0.0, 7.82e-08
2018-08-05, 19:58:31, 0.0, 7.8e-08
2018-08-05, 19:58:33, 0.0, 7.82e-08
2018-08-05, 19:58:35, 0.0, 7.79e-08
2018-08-05, 19:58:37, 0.0, 7.83e-08
2018-08-05, 19:58:39, 0.0, 7.85e-08
2018-08-05, 19:58:42, 0.0, 7.74e-08
2018-08-05, 19:58:44, 0.0, 7.79e-08
2018-08-05, 19:58:46, 0.0, 7.82e-08
2018-08-05, 19:58:48, 0.0, 7.79e-08
2018-08-05, 19:58:50, 0.0, 7.83e-08
2018-08-05, 19:58:52, 0.0, 7.72e-08
2018-08-05, 19:58:54, 0.0, 7.8e-08
2018-08-05, 19:58:56, 0.0, 7.78e-08
2018-08-05, 19:58:59, 0.0, 7.8e-08
2018-08-05, 19:59:01, 0.0, 7.75e-08
2018-08-05, 19:59:03, 0.0, 7.74e-08
2018-08-05, 19:59:05, 0.0, 7.78e-08
2018-08-05, 19:59:07, 0.0, 7.79e-08
2018-08-05, 19:59:09, 0.0, 7.82e-08
2018-08-05, 19:59:11, 0.0, 7.77e-08
2018-08-05, 19:59:13, 0.0, 7.83e-08
2018-08-05, 19:59:16, 0.0, 7.72e-08
2018-08-05, 19:59:18, 0.0, 7.79e-08
2018-08-05, 19:59:20, 0.0, 7.78e-08
2018-08-05, 19:59:22, 0.0, 7.77e-08
2018-08-05, 19:59:24, 0.0, 7.76e-08
2018-08-05, 19:59:26, 0.0, 7.79e-08
2018-08-05, 19:59:28, 0.0, 7.71e-08
2018-08-05, 19:59:30, 0.0, 7.83e-08
2018-08-05, 19:59:33, 0.0, 7.73e-08
2018-08-05, 19:59:35, 0.0, 7.77e-08
2018-08-05, 19:59:37, 0.0, 7.79e-08
2018-08-05, 19:59:39, 0.0, 7.77e-08
2018-08-05, 19:59:41, 0.0, 7.77e-08
2018-08-05, 19:59:43, 0.0, 7.77e-08
2018-08-05, 19:59:45, 0.0, 7.69e-08
2018-08-05, 19:59:47, 0.0, 7.8e-08
2018-08-05, 19:59:50, 0.0, 7.76e-08
2018-08-05, 19:59:52, 0.0, 7.78e-08
2018-08-05, 19:59:54, 0.0, 7.77e-08
2018-08-05, 19:59:56, 0.0, 7.79e-08
2018-08-05, 19:59:58, 0.0, 7.79e-08
2018-08-05, 20:00:00, 0.0, 7.73e-08
2018-08-05, 20:00:02, 0.0, 7.76e-08
2018-08-05, 20:00:05, 0.0, 7.77e-08
2018-08-05, 20:00:07, 0.0, 7.75e-08
2018-08-05, 20:00:09, 0.0, 7.75e-08
2018-08-05, 20:00:11, 0.0, 7.76e-08
2018-08-05, 20:00:13, 0.0, 7.82e-08
2018-08-05, 20:00:15, 0.0, 7.77e-08
2018-08-05, 20:00:17, 0.0, 7.78e-08
2018-08-05, 20:00:19, 0.0, 7.74e-08
2018-08-05, 20:00:22, 0.0, 7.8e-08
2018-08-05, 20:00:24, 0.0, 7.79e-08
2018-08-05, 20:00:26, 0.0, 7.74e-08
2018-08-05, 20:00:28, 0.0, 7.7e-08
2018-08-05, 20:00:30, 0.0, 7.82e-08
2018-08-05, 20:00:32, 0.0, 7.72e-08
2018-08-05, 20:00:34, 0.0, 7.79e-08
2018-08-05, 20:00:36, 0.0, 7.76e-08
2018-08-05, 20:00:39, 0.0, 7.71e-08
2018-08-05, 20:00:41, 0.0, 7.78e-08
2018-08-05, 20:00:43, 0.0, 7.73e-08
2018-08-05, 20:00:45, 0.0, 7.76e-08
2018-08-05, 20:00:47, 0.0, 7.73e-08
2018-08-05, 20:00:49, 0.0, 7.73e-08
2018-08-05, 20:00:51, 0.0, 7.78e-08
2018-08-05, 20:00:54, 0.0, 7.8e-08
2018-08-05, 20:00:56, 0.0, 7.77e-08
2018-08-05, 20:00:58, 0.0, 7.8e-08
2018-08-05, 20:01:00, 0.0, 7.75e-08
2018-08-05, 20:01:02, 0.0, 7.81e-08
2018-08-05, 20:01:04, 0.0, 7.84e-08
2018-08-05, 20:01:06, 0.0, 7.79e-08
2018-08-05, 20:01:08, 0.0, 7.77e-08
2018-08-05, 20:01:11, 0.0, 7.79e-08
2018-08-05, 20:01:13, 0.0, 7.77e-08
2018-08-05, 20:01:15, 0.0, 7.84e-08
2018-08-05, 20:01:17, 0.0, 7.78e-08
2018-08-05, 20:01:19, 0.0, 7.82e-08
2018-08-05, 20:01:21, 0.0, 7.78e-08
2018-08-05, 20:01:23, 0.0, 7.82e-08
2018-08-05, 20:01:25, 0.0, 7.76e-08
2018-08-05, 20:01:28, 0.0, 7.72e-08
2018-08-05, 20:01:30, 0.0, 7.78e-08
2018-08-05, 20:01:32, 0.0, 7.8e-08
2018-08-05, 20:01:34, 0.0, 7.86e-08
2018-08-05, 20:01:36, 0.0, 7.81e-08
2018-08-05, 20:01:38, 0.0, 7.73e-08
2018-08-05, 20:01:40, 0.0, 7.78e-08
2018-08-05, 20:01:42, 0.0, 7.81e-08
2018-08-05, 20:01:45, 0.0, 7.75e-08
2018-08-05, 20:01:47, 0.0, 7.75e-08
2018-08-05, 20:01:49, 0.0, 7.79e-08
2018-08-05, 20:01:51, 0.0, 7.75e-08
2018-08-05, 20:01:53, 0.0, 7.78e-08
2018-08-05, 20:01:55, 0.0, 7.77e-08
2018-08-05, 20:01:57, 0.0, 7.85e-08
2018-08-05, 20:01:59, 0.0, 7.85e-08
2018-08-05, 20:02:02, 0.0, 7.84e-08
2018-08-05, 20:02:04, 0.0, 7.81e-08
2018-08-05, 20:02:06, 0.0, 7.77e-08
2018-08-05, 20:02:08, 0.0, 7.78e-08
2018-08-05, 20:02:10, 0.0, 7.83e-08
2018-08-05, 20:02:12, 0.0, 7.76e-08
2018-08-05, 20:02:14, 0.0, 7.83e-08
2018-08-05, 20:02:16, 0.0, 7.78e-08
2018-08-05, 20:02:19, 0.0, 7.78e-08
2018-08-05, 20:02:21, 0.0, 7.79e-08
2018-08-05, 20:02:23, 0.0, 7.82e-08
2018-08-05, 20:02:25, 0.0, 7.84e-08
2018-08-05, 20:02:27, 0.0, 7.83e-08
2018-08-05, 20:02:29, 0.0, 7.77e-08
2018-08-05, 20:02:31, 0.0, 7.81e-08
2018-08-05, 20:02:33, 0.0, 7.79e-08
2018-08-05, 20:02:36, 0.0, 7.78e-08
2018-08-05, 20:02:38, 0.0, 7.82e-08
2018-08-05, 20:02:40, 0.0, 7.78e-08
2018-08-05, 20:02:42, 0.0, 7.89e-08
2018-08-05, 20:02:44, 0.0, 7.81e-08
2018-08-05, 20:02:46, 0.0, 7.8e-08
2018-08-05, 20:02:48, 0.0, 7.84e-08
2018-08-05, 20:02:50, 0.0, 7.76e-08
2018-08-05, 20:02:53, 0.0, 7.82e-08
2018-08-05, 20:02:55, 0.0, 7.8e-08
2018-08-05, 20:02:57, 0.0, 7.81e-08
2018-08-05, 20:02:59, 0.0, 7.74e-08
2018-08-05, 20:03:01, 0.0, 7.8e-08
2018-08-05, 20:03:03, 0.0, 7.81e-08
2018-08-05, 20:03:05, 0.0, 7.75e-08
2018-08-05, 20:03:07, 0.0, 7.82e-08
2018-08-05, 20:03:10, 0.0, 7.84e-08
2018-08-05, 20:03:12, 0.0, 7.81e-08
2018-08-05, 20:03:14, 0.0, 7.8e-08
2018-08-05, 20:03:16, 0.0, 7.87e-08
2018-08-05, 20:03:18, 0.0, 7.87e-08
2018-08-05, 20:03:20, 0.0, 7.82e-08
2018-08-05, 20:03:22, 0.0, 7.78e-08
2018-08-05, 20:03:24, 0.0, 7.79e-08
2018-08-05, 20:03:27, 0.0, 7.75e-08
2018-08-05, 20:03:29, 0.0, 7.76e-08
2018-08-05, 20:03:31, 0.0, 7.74e-08
2018-08-05, 20:03:33, 0.0, 7.75e-08
2018-08-05, 20:03:35, 0.0, 7.76e-08
2018-08-05, 20:03:37, 0.0, 7.79e-08
2018-08-05, 20:03:39, 0.0, 7.73e-08
2018-08-05, 20:03:41, 0.0, 7.83e-08
2018-08-05, 20:03:44, 0.0, 7.74e-08
2018-08-05, 20:03:46, 0.0, 7.78e-08
2018-08-05, 20:03:48, 0.0, 7.78e-08
2018-08-05, 20:03:50, 0.0, 7.79e-08
2018-08-05, 20:03:52, 0.0, 7.79e-08
2018-08-05, 20:03:54, 0.0, 7.81e-08
2018-08-05, 20:03:56, 0.0, 7.69e-08
2018-08-05, 20:03:58, 0.0, 7.81e-08
2018-08-05, 20:04:01, 0.0, 7.81e-08
2018-08-05, 20:04:03, 0.0, 7.8e-08
2018-08-05, 20:04:05, 0.0, 7.8e-08
2018-08-05, 20:04:07, 0.0, 7.77e-08
2018-08-05, 20:04:09, 0.0, 7.81e-08
2018-08-05, 20:04:11, 0.0, 7.84e-08
2018-08-05, 20:04:13, 0.0, 7.8e-08
2018-08-05, 20:04:16, 0.0, 7.77e-08
2018-08-05, 20:04:18, 0.0, 7.77e-08
2018-08-05, 20:04:20, 0.0, 7.83e-08
2018-08-05, 20:04:22, 0.0, 7.84e-08
2018-08-05, 20:04:24, 0.0, 7.88e-08
2018-08-05, 20:04:26, 0.0, 7.91e-08
2018-08-05, 20:04:28, 0.0, 7.86e-08
2018-08-05, 20:04:30, 0.0, 7.82e-08
2018-08-05, 20:04:33, 0.0, 7.82e-08
2018-08-05, 20:04:35, 0.0, 7.79e-08
2018-08-05, 20:04:37, 0.0, 7.82e-08
2018-08-05, 20:04:39, 0.0, 7.82e-08
2018-08-05, 20:04:41, 0.0, 7.83e-08
2018-08-05, 20:04:43, 0.0, 7.76e-08
2018-08-05, 20:04:45, 0.0, 7.81e-08
2018-08-05, 20:04:47, 0.0, 7.78e-08
2018-08-05, 20:04:50, 0.0, 7.84e-08
2018-08-05, 20:04:52, 0.0, 7.8e-08
2018-08-05, 20:04:54, 0.0, 7.76e-08
2018-08-05, 20:04:56, 0.0, 7.76e-08
2018-08-05, 20:04:58, 0.0, 7.77e-08
2018-08-05, 20:05:00, 0.0, 7.84e-08
2018-08-05, 20:05:02, 0.0, 7.83e-08
2018-08-05, 20:05:04, 0.0, 7.89e-08
2018-08-05, 20:05:07, 0.0, 7.83e-08
2018-08-05, 20:05:09, 0.0, 7.76e-08
2018-08-05, 20:05:11, 0.0, 7.81e-08
2018-08-05, 20:05:13, 0.0, 7.77e-08
2018-08-05, 20:05:15, 0.0, 7.74e-08
2018-08-05, 20:05:17, 0.0, 7.83e-08
2018-08-05, 20:05:19, 0.0, 7.78e-08
2018-08-05, 20:05:21, 0.0, 7.78e-08
2018-08-05, 20:05:24, 0.0, 7.83e-08
2018-08-05, 20:05:26, 0.0, 7.8e-08
2018-08-05, 20:05:28, 0.0, 7.83e-08
2018-08-05, 20:05:30, 0.0, 7.82e-08
2018-08-05, 20:05:32, 0.0, 7.83e-08
2018-08-05, 20:05:34, 0.0, 7.79e-08
2018-08-05, 20:05:36, 0.0, 7.79e-08
2018-08-05, 20:05:38, 0.0, 7.71e-08
2018-08-05, 20:05:41, 0.0, 7.81e-08
2018-08-05, 20:05:43, 0.0, 7.79e-08
2018-08-05, 20:05:45, 0.0, 7.72e-08
2018-08-05, 20:05:47, 0.0, 7.68e-08
2018-08-05, 20:05:49, 0.0, 7.78e-08
2018-08-05, 20:05:51, 0.0, 7.79e-08
2018-08-05, 20:05:53, 0.0, 7.83e-08
2018-08-05, 20:05:55, 0.0, 7.69e-08
2018-08-05, 20:05:58, 0.0, 7.73e-08
2018-08-05, 20:06:00, 0.0, 7.78e-08
2018-08-05, 20:06:02, 0.0, 7.77e-08
2018-08-05, 20:06:04, 0.0, 7.79e-08
2018-08-05, 20:06:06, 0.0, 7.79e-08
2018-08-05, 20:06:08, 0.0, 7.86e-08
2018-08-05, 20:06:10, 0.0, 7.8e-08
2018-08-05, 20:06:13, 0.0, 7.83e-08
2018-08-05, 20:06:15, 0.0, 7.74e-08
2018-08-05, 20:06:17, 0.0, 7.76e-08
2018-08-05, 20:06:19, 0.0, 7.86e-08
2018-08-05, 20:06:21, 0.0, 7.76e-08
2018-08-05, 20:06:23, 0.0, 7.76e-08
2018-08-05, 20:06:25, 0.0, 7.86e-08
2018-08-05, 20:06:27, 0.0, 7.82e-08
2018-08-05, 20:06:30, 0.0, 7.75e-08
2018-08-05, 20:06:32, 0.0, 7.79e-08
2018-08-05, 20:06:34, 0.0, 7.85e-08
2018-08-05, 20:06:36, 0.0, 7.82e-08
2018-08-05, 20:06:38, 0.0, 7.74e-08
2018-08-05, 20:06:40, 0.0, 7.82e-08
2018-08-05, 20:06:42, 0.0, 7.8e-08
2018-08-05, 20:06:44, 0.0, 7.8e-08
2018-08-05, 20:06:47, 0.0, 7.81e-08
2018-08-05, 20:06:49, 0.0, 7.87e-08
2018-08-05, 20:06:51, 0.0, 7.86e-08
2018-08-05, 20:06:53, 0.0, 7.77e-08
2018-08-05, 20:06:55, 0.0, 7.8e-08
2018-08-05, 20:06:57, 0.0, 7.86e-08
2018-08-05, 20:06:59, 0.0, 7.82e-08
2018-08-05, 20:07:01, 0.0, 7.84e-08
2018-08-05, 20:07:04, 0.0, 7.85e-08
2018-08-05, 20:07:06, 0.0, 7.76e-08
2018-08-05, 20:07:08, 0.0, 7.88e-08
2018-08-05, 20:07:10, 0.0, 7.83e-08
2018-08-05, 20:07:12, 0.0, 7.76e-08
2018-08-05, 20:07:14, 0.0, 7.82e-08
2018-08-05, 20:07:16, 0.0, 7.73e-08
2018-08-05, 20:07:18, 0.0, 7.76e-08
2018-08-05, 20:07:21, 0.0, 7.83e-08
2018-08-05, 20:07:23, 0.0, 7.79e-08
2018-08-05, 20:07:25, 0.0, 7.83e-08
2018-08-05, 20:07:27, 0.0, 7.79e-08
2018-08-05, 20:07:29, 0.0, 7.77e-08
2018-08-05, 20:07:31, 0.0, 7.77e-08
2018-08-05, 20:07:33, 0.0, 7.8e-08
2018-08-05, 20:07:35, 0.0, 7.79e-08
2018-08-05, 20:07:38, 0.0, 7.78e-08
2018-08-05, 20:07:40, 0.0, 7.83e-08
2018-08-05, 20:07:42, 0.0, 7.85e-08
2018-08-05, 20:07:44, 0.0, 7.82e-08
2018-08-05, 20:07:46, 0.0, 7.87e-08
2018-08-05, 20:07:48, 0.0, 7.84e-08
2018-08-05, 20:07:50, 0.0, 7.87e-08
2018-08-05, 20:07:52, 0.0, 7.83e-08
2018-08-05, 20:07:55, 0.0, 7.87e-08
2018-08-05, 20:07:57, 0.0, 7.84e-08
2018-08-05, 20:07:59, 0.0, 7.86e-08
2018-08-05, 20:08:01, 0.0, 7.84e-08
2018-08-05, 20:08:03, 0.0, 7.83e-08
2018-08-05, 20:08:05, 0.0, 7.79e-08
2018-08-05, 20:08:07, 0.0, 7.83e-08
2018-08-05, 20:08:09, 0.0, 7.85e-08
2018-08-05, 20:08:12, 0.0, 7.92e-08
2018-08-05, 20:08:14, 0.0, 7.89e-08
2018-08-05, 20:08:16, 0.0, 7.89e-08
2018-08-05, 20:08:18, 0.0, 7.88e-08
2018-08-05, 20:08:20, 0.0, 7.86e-08
2018-08-05, 20:08:22, 0.0, 7.84e-08
2018-08-05, 20:08:24, 0.0, 7.85e-08
2018-08-05, 20:08:27, 0.0, 7.86e-08
2018-08-05, 20:08:29, 0.0, 7.88e-08
2018-08-05, 20:08:31, 0.0, 7.86e-08
2018-08-05, 20:08:33, 0.0, 7.8e-08
2018-08-05, 20:08:35, 0.0, 7.83e-08
2018-08-05, 20:08:37, 0.0, 7.75e-08
2018-08-05, 20:08:39, 0.0, 7.79e-08
2018-08-05, 20:08:41, 0.0, 7.85e-08
2018-08-05, 20:08:44, 0.0, 7.86e-08
2018-08-05, 20:08:46, 0.0, 7.8e-08
2018-08-05, 20:08:48, 0.0, 7.81e-08
2018-08-05, 20:08:50, 0.0, 7.86e-08
2018-08-05, 20:08:52, 0.0, 7.85e-08
2018-08-05, 20:08:54, 0.0, 7.86e-08
2018-08-05, 20:08:56, 0.0, 7.85e-08
2018-08-05, 20:08:58, 0.0, 7.86e-08
2018-08-05, 20:09:01, 0.0, 7.85e-08
2018-08-05, 20:09:03, 0.0, 7.83e-08
2018-08-05, 20:09:05, 0.0, 7.84e-08
2018-08-05, 20:09:07, 0.0, 7.85e-08
2018-08-05, 20:09:09, 0.0, 7.88e-08
2018-08-05, 20:09:11, 0.0, 7.88e-08
2018-08-05, 20:09:13, 0.0, 7.89e-08
2018-08-05, 20:09:15, 0.0, 7.89e-08
2018-08-05, 20:09:18, 0.0, 7.89e-08
2018-08-05, 20:09:20, 0.0, 7.92e-08
2018-08-05, 20:09:22, 0.0, 7.86e-08
2018-08-05, 20:09:24, 0.0, 7.92e-08
2018-08-05, 20:09:26, 0.0, 7.92e-08
2018-08-05, 20:09:28, 0.0, 7.93e-08
2018-08-05, 20:09:30, 0.0, 7.9e-08
2018-08-05, 20:09:32, 0.0, 7.92e-08
2018-08-05, 20:09:35, 0.0, 7.94e-08
2018-08-05, 20:09:37, 0.0, 7.9e-08
2018-08-05, 20:09:39, 0.0, 7.91e-08
2018-08-05, 20:09:41, 0.0, 7.82e-08
2018-08-05, 20:09:43, 0.0, 7.9e-08
2018-08-05, 20:09:45, 0.0, 7.88e-08
2018-08-05, 20:09:47, 0.0, 7.91e-08
2018-08-05, 20:09:50, 0.0, 7.88e-08
2018-08-05, 20:09:52, 0.0, 7.87e-08
2018-08-05, 20:09:54, 0.0, 7.94e-08
2018-08-05, 20:09:56, 0.0, 7.96e-08
2018-08-05, 20:09:58, 0.0, 7.88e-08
2018-08-05, 20:10:00, 0.0, 7.95e-08
2018-08-05, 20:10:02, 0.0, 7.93e-08
2018-08-05, 20:10:04, 0.0, 7.93e-08
2018-08-05, 20:10:07, 0.0, 7.85e-08
2018-08-05, 20:10:09, 0.0, 7.93e-08
2018-08-05, 20:10:11, 0.0, 7.88e-08
2018-08-05, 20:10:13, 0.0, 7.9e-08
2018-08-05, 20:10:15, 0.0, 7.93e-08
2018-08-05, 20:10:17, 0.0, 7.96e-08
2018-08-05, 20:10:19, 0.0, 7.9e-08
2018-08-05, 20:10:21, 0.0, 7.93e-08
2018-08-05, 20:10:24, 0.0, 7.9e-08
2018-08-05, 20:10:26, 0.0, 7.96e-08
2018-08-05, 20:10:28, 0.0, 7.95e-08
2018-08-05, 20:10:30, 0.0, 7.93e-08
2018-08-05, 20:10:32, 0.0, 7.89e-08
2018-08-05, 20:10:34, 0.0, 7.95e-08
2018-08-05, 20:10:36, 0.0, 7.86e-08
2018-08-05, 20:10:38, 0.0, 7.94e-08
2018-08-05, 20:10:41, 0.0, 7.86e-08
2018-08-05, 20:10:43, 0.0, 7.95e-08
2018-08-05, 20:10:45, 0.0, 7.93e-08
2018-08-05, 20:10:47, 0.0, 7.91e-08
2018-08-05, 20:10:49, 0.0, 7.93e-08
2018-08-05, 20:10:51, 0.0, 7.9e-08
2018-08-05, 20:10:53, 0.0, 7.88e-08
2018-08-05, 20:10:55, 0.0, 7.86e-08
2018-08-05, 20:10:58, 0.0, 7.95e-08
2018-08-05, 20:11:00, 0.0, 7.89e-08
2018-08-05, 20:11:02, 0.0, 7.92e-08
2018-08-05, 20:11:04, 0.0, 7.88e-08
2018-08-05, 20:11:06, 0.0, 7.92e-08
2018-08-05, 20:11:08, 0.0, 7.96e-08
2018-08-05, 20:11:10, 0.0, 7.93e-08
2018-08-05, 20:11:12, 0.0, 7.98e-08
2018-08-05, 20:11:15, 0.0, 7.99e-08
2018-08-05, 20:11:17, 0.0, 7.97e-08
2018-08-05, 20:11:19, 0.0, 7.94e-08
2018-08-05, 20:11:21, 0.0, 7.91e-08
2018-08-05, 20:11:23, 0.0, 7.95e-08
2018-08-05, 20:11:25, 0.0, 7.94e-08
2018-08-05, 20:11:27, 0.0, 7.91e-08
2018-08-05, 20:11:30, 0.0, 7.88e-08
2018-08-05, 20:11:32, 0.0, 7.94e-08
2018-08-05, 20:11:34, 0.0, 7.89e-08
2018-08-05, 20:11:36, 0.0, 7.93e-08
2018-08-05, 20:11:38, 0.0, 7.91e-08
2018-08-05, 20:11:40, 0.0, 7.88e-08
2018-08-05, 20:11:42, 0.0, 7.95e-08
2018-08-05, 20:11:44, 0.0, 7.9e-08
2018-08-05, 20:11:47, 0.0, 7.91e-08
2018-08-05, 20:11:49, 0.0, 7.91e-08
2018-08-05, 20:11:51, 0.0, 7.9e-08
2018-08-05, 20:11:53, 0.0, 7.94e-08
2018-08-05, 20:11:55, 0.0, 7.91e-08
2018-08-05, 20:11:57, 0.0, 7.97e-08
2018-08-05, 20:11:59, 0.0, 7.94e-08
2018-08-05, 20:12:01, 0.0, 7.97e-08
2018-08-05, 20:12:04, 0.0, 7.93e-08
2018-08-05, 20:12:06, 0.0, 7.87e-08
2018-08-05, 20:12:08, 0.0, 7.89e-08
2018-08-05, 20:12:10, 0.0, 7.87e-08
2018-08-05, 20:12:12, 0.0, 7.82e-08
2018-08-05, 20:12:14, 0.0, 7.8e-08
2018-08-05, 20:12:16, 0.0, 7.92e-08
2018-08-05, 20:12:18, 0.0, 7.85e-08
2018-08-05, 20:12:21, 0.0, 7.88e-08
2018-08-05, 20:12:23, 0.0, 7.85e-08
2018-08-05, 20:12:25, 0.0, 7.95e-08
2018-08-05, 20:12:27, 0.0, 7.93e-08
2018-08-05, 20:12:29, 0.0, 7.88e-08
2018-08-05, 20:12:31, 0.0, 7.88e-08
2018-08-05, 20:12:33, 0.0, 7.93e-08
2018-08-05, 20:12:36, 0.0, 7.9e-08
2018-08-05, 20:12:38, 0.0, 7.86e-08
2018-08-05, 20:12:40, 0.0, 7.87e-08
2018-08-05, 20:12:42, 0.0, 7.9e-08
2018-08-05, 20:12:44, 0.0, 7.85e-08
2018-08-05, 20:12:46, 0.0, 7.88e-08
2018-08-05, 20:12:48, 0.0, 7.88e-08
2018-08-05, 20:12:50, 0.0, 7.86e-08
2018-08-05, 20:12:53, 0.0, 7.88e-08
2018-08-05, 20:12:55, 0.0, 7.92e-08
2018-08-05, 20:12:57, 0.0, 7.91e-08
2018-08-05, 20:12:59, 0.0, 7.9e-08
2018-08-05, 20:13:01, 0.0, 7.88e-08
2018-08-05, 20:13:03, 0.0, 7.9e-08
2018-08-05, 20:13:05, 0.0, 7.85e-08
2018-08-05, 20:13:07, 0.0, 7.89e-08
2018-08-05, 20:13:10, 0.0, 7.88e-08
2018-08-05, 20:13:12, 0.0, 7.94e-08
2018-08-05, 20:13:14, 0.0, 7.8e-08
2018-08-05, 20:13:16, 0.0, 7.92e-08
2018-08-05, 20:13:18, 0.0, 7.84e-08
2018-08-05, 20:13:20, 0.0, 7.88e-08
2018-08-05, 20:13:22, 0.0, 7.9e-08
2018-08-05, 20:13:24, 0.0, 7.86e-08
2018-08-05, 20:13:27, 0.0, 7.86e-08
2018-08-05, 20:13:29, 0.0, 7.93e-08
2018-08-05, 20:13:31, 0.0, 7.9e-08
2018-08-05, 20:13:33, 0.0, 7.86e-08
2018-08-05, 20:13:35, 0.0, 7.89e-08
2018-08-05, 20:13:37, 0.0, 7.91e-08
2018-08-05, 20:13:39, 0.0, 7.81e-08
2018-08-05, 20:13:41, 0.0, 7.89e-08
2018-08-05, 20:13:44, 0.0, 7.9e-08
2018-08-05, 20:13:46, 0.0, 7.89e-08
2018-08-05, 20:13:48, 0.0, 7.92e-08
2018-08-05, 20:13:50, 0.0, 7.82e-08
2018-08-05, 20:13:52, 0.0, 7.9e-08
2018-08-05, 20:13:54, 0.0, 7.88e-08
2018-08-05, 20:13:56, 0.0, 7.86e-08
2018-08-05, 20:13:58, 0.0, 7.91e-08
2018-08-05, 20:14:01, 0.0, 7.89e-08
2018-08-05, 20:14:03, 0.0, 7.94e-08
2018-08-05, 20:14:05, 0.0, 7.9e-08
2018-08-05, 20:14:07, 0.0, 7.92e-08
2018-08-05, 20:14:09, 0.0, 7.94e-08
2018-08-05, 20:14:11, 0.0, 7.95e-08
2018-08-05, 20:14:13, 0.0, 7.89e-08
2018-08-05, 20:14:16, 0.0, 7.96e-08
2018-08-05, 20:14:18, 0.0, 7.96e-08
2018-08-05, 20:14:20, 0.0, 7.89e-08
2018-08-05, 20:14:22, 0.0, 7.95e-08
2018-08-05, 20:14:24, 0.0, 7.92e-08
2018-08-05, 20:14:26, 0.0, 7.95e-08
2018-08-05, 20:14:28, 0.0, 7.9e-08
2018-08-05, 20:14:30, 0.0, 8.02e-08
2018-08-05, 20:14:33, 0.0, 7.92e-08
2018-08-05, 20:14:35, 0.0, 7.89e-08
2018-08-05, 20:14:37, 0.0, 7.99e-08
2018-08-05, 20:14:39, 0.0, 7.94e-08
2018-08-05, 20:14:41, 0.0, 8e-08
2018-08-05, 20:14:43, 0.0, 8.02e-08
2018-08-05, 20:14:45, 0.0, 7.99e-08
2018-08-05, 20:14:47, 0.0, 7.97e-08
2018-08-05, 20:14:50, 0.0, 7.97e-08
2018-08-05, 20:14:52, 0.0, 7.92e-08
2018-08-05, 20:14:54, 0.0, 7.97e-08
2018-08-05, 20:14:56, 0.0, 7.96e-08
2018-08-05, 20:14:58, 0.0, 7.98e-08
2018-08-05, 20:15:00, 0.0, 7.95e-08
2018-08-05, 20:15:02, 0.0, 7.95e-08
2018-08-05, 20:15:04, 0.0, 8e-08
2018-08-05, 20:15:07, 0.0, 7.91e-08
2018-08-05, 20:15:09, 0.0, 7.98e-08
2018-08-05, 20:15:11, 0.0, 8.01e-08
2018-08-05, 20:15:13, 0.0, 7.96e-08
2018-08-05, 20:15:15, 0.0, 7.94e-08
2018-08-05, 20:15:17, 0.0, 7.94e-08
2018-08-05, 20:15:19, 0.0, 7.92e-08
2018-08-05, 20:15:21, 0.0, 7.92e-08
2018-08-05, 20:15:24, 0.0, 7.91e-08
2018-08-05, 20:15:26, 0.0, 7.96e-08
2018-08-05, 20:15:28, 0.0, 7.98e-08
2018-08-05, 20:15:30, 0.0, 7.97e-08
2018-08-05, 20:15:32, 0.0, 7.96e-08
2018-08-05, 20:15:34, 0.0, 8.02e-08
2018-08-05, 20:15:36, 0.0, 8e-08
2018-08-05, 20:15:38, 0.0, 7.95e-08
2018-08-05, 20:15:41, 0.0, 8.01e-08
2018-08-05, 20:15:43, 0.0, 7.99e-08
2018-08-05, 20:15:45, 0.0, 7.97e-08
2018-08-05, 20:15:47, 0.0, 7.88e-08
2018-08-05, 20:15:49, 0.0, 7.95e-08
2018-08-05, 20:15:51, 0.0, 8.03e-08
2018-08-05, 20:15:53, 0.0, 7.97e-08
2018-08-05, 20:15:55, 0.0, 7.97e-08
2018-08-05, 20:15:58, 0.0, 7.95e-08
2018-08-05, 20:16:00, 0.0, 7.99e-08
2018-08-05, 20:16:02, 0.0, 7.92e-08
2018-08-05, 20:16:04, 0.0, 7.98e-08
2018-08-05, 20:16:06, 0.0, 7.97e-08
2018-08-05, 20:16:08, 0.0, 7.96e-08
2018-08-05, 20:16:10, 0.0, 7.96e-08
2018-08-05, 20:16:13, 0.0, 7.98e-08
2018-08-05, 20:16:15, 0.0, 7.96e-08
2018-08-05, 20:16:17, 0.0, 7.98e-08
2018-08-05, 20:16:19, 0.0, 7.99e-08
2018-08-05, 20:16:21, 0.0, 7.93e-08
2018-08-05, 20:16:23, 0.0, 7.95e-08
2018-08-05, 20:16:25, 0.0, 7.89e-08
2018-08-05, 20:16:27, 0.0, 7.95e-08
2018-08-05, 20:16:30, 0.0, 7.95e-08
2018-08-05, 20:16:32, 0.0, 7.93e-08
2018-08-05, 20:16:34, 0.0, 8.01e-08
2018-08-05, 20:16:36, 0.0, 8.01e-08
2018-08-05, 20:16:38, 0.0, 8.01e-08
2018-08-05, 20:16:40, 0.0, 7.97e-08
2018-08-05, 20:16:42, 0.0, 7.95e-08
2018-08-05, 20:16:44, 0.0, 7.97e-08
2018-08-05, 20:16:47, 0.0, 7.97e-08
2018-08-05, 20:16:49, 0.0, 7.97e-08
2018-08-05, 20:16:51, 0.0, 7.98e-08
2018-08-05, 20:16:53, 0.0, 7.98e-08
2018-08-05, 20:16:55, 0.0, 7.99e-08
2018-08-05, 20:16:57, 0.0, 7.97e-08
2018-08-05, 20:16:59, 0.0, 7.99e-08
2018-08-05, 20:17:01, 0.0, 7.98e-08
2018-08-05, 20:17:04, 0.0, 8.02e-08
2018-08-05, 20:17:06, 0.0, 7.92e-08
2018-08-05, 20:17:08, 0.0, 7.96e-08
2018-08-05, 20:17:10, 0.0, 8.01e-08
2018-08-05, 20:17:12, 0.0, 7.99e-08
2018-08-05, 20:17:14, 0.0, 7.9e-08
2018-08-05, 20:17:16, 0.0, 8e-08
2018-08-05, 20:17:18, 0.0, 7.93e-08
2018-08-05, 20:17:21, 0.0, 7.97e-08
2018-08-05, 20:17:23, 0.0, 7.97e-08
2018-08-05, 20:17:25, 0.0, 7.99e-08
2018-08-05, 20:17:27, 0.0, 7.97e-08
2018-08-05, 20:17:29, 0.0, 7.99e-08
2018-08-05, 20:17:31, 0.0, 7.86e-08
2018-08-05, 20:17:33, 0.0, 7.91e-08
2018-08-05, 20:17:36, 0.0, 7.84e-08
2018-08-05, 20:17:38, 0.0, 7.84e-08
2018-08-05, 20:17:40, 0.0, 7.88e-08
2018-08-05, 20:17:42, 0.0, 7.91e-08
2018-08-05, 20:17:44, 0.0, 7.86e-08
2018-08-05, 20:17:46, 0.0, 7.86e-08
2018-08-05, 20:17:48, 0.0, 7.83e-08
2018-08-05, 20:17:50, 0.0, 7.85e-08
2018-08-05, 20:17:53, 0.0, 7.87e-08
2018-08-05, 20:17:55, 0.0, 7.82e-08
2018-08-05, 20:17:57, 0.0, 7.8e-08
2018-08-05, 20:17:59, 0.0, 7.76e-08
2018-08-05, 20:18:01, 0.0, 7.81e-08
2018-08-05, 20:18:03, 0.0, 7.79e-08
2018-08-05, 20:18:05, 0.0, 7.76e-08
2018-08-05, 20:18:07, 0.0, 7.83e-08
2018-08-05, 20:18:10, 0.0, 7.81e-08
2018-08-05, 20:18:12, 0.0, 7.82e-08
2018-08-05, 20:18:14, 0.0, 7.83e-08
2018-08-05, 20:18:16, 0.0, 7.81e-08
2018-08-05, 20:18:18, 0.0, 7.84e-08
2018-08-05, 20:18:20, 0.0, 7.84e-08
2018-08-05, 20:18:22, 0.0, 7.81e-08
2018-08-05, 20:18:24, 0.0, 7.8e-08
2018-08-05, 20:18:27, 0.0, 7.84e-08
2018-08-05, 20:18:29, 0.0, 7.74e-08
2018-08-05, 20:18:31, 0.0, 7.81e-08
2018-08-05, 20:18:33, 0.0, 7.81e-08
2018-08-05, 20:18:35, 0.0, 7.76e-08
2018-08-05, 20:18:37, 0.0, 7.76e-08
2018-08-05, 20:18:39, 0.0, 7.73e-08
2018-08-05, 20:18:41, 0.0, 7.76e-08
2018-08-05, 20:18:44, 0.0, 7.74e-08
2018-08-05, 20:18:46, 0.0, 7.8e-08
2018-08-05, 20:18:48, 0.0, 7.8e-08
2018-08-05, 20:18:50, 0.0, 7.78e-08
2018-08-05, 20:18:52, 0.0, 7.76e-08
2018-08-05, 20:18:54, 0.0, 7.78e-08
2018-08-05, 20:18:56, 0.0, 7.69e-08
2018-08-05, 20:18:58, 0.0, 7.74e-08
2018-08-05, 20:19:01, 0.0, 7.76e-08
2018-08-05, 20:19:03, 0.0, 7.81e-08
2018-08-05, 20:19:05, 0.0, 7.73e-08
2018-08-05, 20:19:07, 0.0, 7.8e-08
2018-08-05, 20:19:09, 0.0, 7.73e-08
2018-08-05, 20:19:11, 0.0, 7.72e-08
2018-08-05, 20:19:13, 0.0, 7.69e-08
2018-08-05, 20:19:16, 0.0, 7.72e-08
2018-08-05, 20:19:18, 0.0, 7.78e-08
2018-08-05, 20:19:20, 0.0, 7.73e-08
2018-08-05, 20:19:22, 0.0, 7.75e-08
2018-08-05, 20:19:24, 0.0, 7.8e-08
2018-08-05, 20:19:26, 0.0, 7.71e-08
2018-08-05, 20:19:28, 0.0, 7.71e-08
2018-08-05, 20:19:30, 0.0, 7.74e-08
2018-08-05, 20:19:33, 0.0, 7.7e-08
2018-08-05, 20:19:35, 0.0, 7.72e-08
2018-08-05, 20:19:37, 0.0, 7.71e-08
2018-08-05, 20:19:39, 0.0, 7.71e-08
2018-08-05, 20:19:41, 0.0, 7.75e-08
2018-08-05, 20:19:43, 0.0, 7.76e-08
2018-08-05, 20:19:45, 0.0, 7.71e-08
2018-08-05, 20:19:47, 0.0, 7.75e-08
2018-08-05, 20:19:50, 0.0, 7.72e-08
2018-08-05, 20:19:52, 0.0, 7.73e-08
2018-08-05, 20:19:54, 0.0, 7.75e-08
2018-08-05, 20:19:56, 0.0, 7.76e-08
2018-08-05, 20:19:58, 0.0, 7.75e-08
2018-08-05, 20:20:00, 0.0, 7.72e-08
2018-08-05, 20:20:02, 0.0, 7.74e-08
2018-08-05, 20:20:04, 0.0, 7.76e-08
2018-08-05, 20:20:07, 0.0, 7.75e-08
2018-08-05, 20:20:09, 0.0, 7.81e-08
2018-08-05, 20:20:11, 0.0, 7.75e-08
2018-08-05, 20:20:13, 0.0, 7.7e-08
2018-08-05, 20:20:15, 0.0, 7.73e-08
2018-08-05, 20:20:17, 0.0, 7.76e-08
2018-08-05, 20:20:19, 0.0, 7.73e-08
2018-08-05, 20:20:21, 0.0, 7.71e-08
2018-08-05, 20:20:24, 0.0, 7.72e-08
2018-08-05, 20:20:26, 0.0, 7.73e-08
2018-08-05, 20:20:28, 0.0, 7.79e-08
2018-08-05, 20:20:30, 0.0, 7.76e-08
2018-08-05, 20:20:32, 0.0, 7.73e-08
2018-08-05, 20:20:34, 0.0, 7.74e-08
2018-08-05, 20:20:36, 0.0, 7.72e-08
2018-08-05, 20:20:39, 0.0, 7.75e-08
2018-08-05, 20:20:41, 0.0, 7.74e-08
2018-08-05, 20:20:43, 0.0, 7.68e-08
2018-08-05, 20:20:45, 0.0, 7.66e-08
2018-08-05, 20:20:47, 0.0, 7.64e-08
2018-08-05, 20:20:49, 0.0, 7.72e-08
2018-08-05, 20:20:51, 0.0, 7.66e-08
2018-08-05, 20:20:53, 0.0, 7.67e-08
2018-08-05, 20:20:56, 0.0, 7.74e-08
2018-08-05, 20:20:58, 0.0, 7.67e-08
2018-08-05, 20:21:00, 0.0, 7.68e-08
2018-08-05, 20:21:02, 0.0, 7.78e-08
2018-08-05, 20:21:04, 0.0, 7.67e-08
2018-08-05, 20:21:06, 0.0, 7.75e-08
2018-08-05, 20:21:08, 0.0, 7.73e-08
2018-08-05, 20:21:10, 0.0, 7.71e-08
2018-08-05, 20:21:13, 0.0, 7.71e-08
2018-08-05, 20:21:15, 0.0, 7.7e-08
2018-08-05, 20:21:17, 0.0, 7.69e-08
2018-08-05, 20:21:19, 0.0, 7.66e-08
2018-08-05, 20:21:21, 0.0, 7.66e-08
2018-08-05, 20:21:23, 0.0, 7.69e-08
2018-08-05, 20:21:25, 0.0, 7.68e-08
2018-08-05, 20:21:27, 0.0, 7.7e-08
2018-08-05, 20:21:30, 0.0, 7.74e-08
2018-08-05, 20:21:32, 0.0, 7.66e-08
2018-08-05, 20:21:34, 0.0, 7.67e-08
2018-08-05, 20:21:36, 0.0, 7.64e-08
2018-08-05, 20:21:38, 0.0, 7.7e-08
2018-08-05, 20:21:40, 0.0, 7.7e-08
2018-08-05, 20:21:42, 0.0, 7.62e-08
2018-08-05, 20:21:44, 0.0, 7.69e-08
2018-08-05, 20:21:47, 0.0, 7.7e-08
2018-08-05, 20:21:49, 0.0, 7.64e-08
2018-08-05, 20:21:51, 0.0, 7.71e-08
2018-08-05, 20:21:53, 0.0, 7.79e-08
2018-08-05, 20:21:55, 0.0, 7.71e-08
2018-08-05, 20:21:57, 0.0, 7.74e-08
2018-08-05, 20:21:59, 0.0, 7.75e-08
2018-08-05, 20:22:01, 0.0, 7.69e-08
2018-08-05, 20:22:04, 0.0, 7.66e-08
2018-08-05, 20:22:06, 0.0, 7.67e-08
2018-08-05, 20:22:08, 0.0, 7.73e-08
2018-08-05, 20:22:10, 0.0, 7.8e-08
2018-08-05, 20:22:12, 0.0, 7.73e-08
2018-08-05, 20:22:14, 0.0, 7.7e-08
2018-08-05, 20:22:16, 0.0, 7.72e-08
2018-08-05, 20:22:19, 0.0, 7.71e-08
2018-08-05, 20:22:21, 0.0, 7.71e-08
2018-08-05, 20:22:23, 0.0, 7.66e-08
2018-08-05, 20:22:25, 0.0, 7.76e-08
2018-08-05, 20:22:27, 0.0, 7.75e-08
2018-08-05, 20:22:29, 0.0, 7.72e-08
2018-08-05, 20:22:31, 0.0, 7.73e-08
2018-08-05, 20:22:33, 0.0, 7.72e-08
2018-08-05, 20:22:36, 0.0, 7.7e-08
2018-08-05, 20:22:38, 0.0, 7.78e-08
2018-08-05, 20:22:40, 0.0, 7.73e-08
2018-08-05, 20:22:42, 0.0, 7.71e-08
2018-08-05, 20:22:44, 0.0, 7.72e-08
2018-08-05, 20:22:46, 0.0, 7.73e-08
2018-08-05, 20:22:48, 0.0, 7.76e-08
2018-08-05, 20:22:50, 0.0, 7.73e-08
2018-08-05, 20:22:53, 0.0, 7.71e-08
2018-08-05, 20:22:55, 0.0, 7.63e-08
2018-08-05, 20:22:57, 0.0, 7.68e-08
2018-08-05, 20:22:59, 0.0, 7.67e-08
2018-08-05, 20:23:01, 0.0, 7.73e-08
2018-08-05, 20:23:03, 0.0, 7.63e-08
2018-08-05, 20:23:05, 0.0, 7.72e-08
2018-08-05, 20:23:07, 0.0, 7.7e-08
2018-08-05, 20:23:10, 0.0, 7.7e-08
2018-08-05, 20:23:12, 0.0, 7.72e-08
2018-08-05, 20:23:14, 0.0, 7.72e-08
2018-08-05, 20:23:16, 0.0, 7.69e-08
2018-08-05, 20:23:18, 0.0, 7.69e-08
2018-08-05, 20:23:20, 0.0, 7.66e-08
2018-08-05, 20:23:22, 0.0, 7.66e-08
2018-08-05, 20:23:24, 0.0, 7.73e-08
2018-08-05, 20:23:27, 0.0, 7.64e-08
2018-08-05, 20:23:29, 0.0, 7.75e-08
2018-08-05, 20:23:31, 0.0, 7.72e-08
2018-08-05, 20:23:33, 0.0, 7.72e-08
2018-08-05, 20:23:35, 0.0, 7.68e-08
2018-08-05, 20:23:37, 0.0, 7.65e-08
2018-08-05, 20:23:39, 0.0, 7.72e-08
2018-08-05, 20:23:41, 0.0, 7.74e-08
2018-08-05, 20:23:44, 0.0, 7.77e-08
2018-08-05, 20:23:46, 0.0, 7.74e-08
2018-08-05, 20:23:48, 0.0, 7.68e-08
2018-08-05, 20:23:50, 0.0, 7.69e-08
2018-08-05, 20:23:52, 0.0, 7.72e-08
2018-08-05, 20:23:54, 0.0, 7.73e-08
2018-08-05, 20:23:56, 0.0, 7.71e-08
2018-08-05, 20:23:59, 0.0, 7.78e-08
2018-08-05, 20:24:01, 0.0, 7.74e-08
2018-08-05, 20:24:03, 0.0, 7.67e-08
2018-08-05, 20:24:05, 0.0, 7.73e-08
2018-08-05, 20:24:07, 0.0, 7.65e-08
2018-08-05, 20:24:09, 0.0, 7.67e-08
2018-08-05, 20:24:11, 0.0, 7.67e-08
2018-08-05, 20:24:13, 0.0, 7.75e-08
2018-08-05, 20:24:16, 0.0, 7.79e-08
2018-08-05, 20:24:18, 0.0, 7.8e-08
2018-08-05, 20:24:20, 0.0, 7.72e-08
2018-08-05, 20:24:22, 0.0, 7.74e-08
2018-08-05, 20:24:24, 0.0, 7.68e-08
2018-08-05, 20:24:26, 0.0, 7.74e-08
2018-08-05, 20:24:28, 0.0, 7.72e-08
2018-08-05, 20:24:30, 0.0, 7.67e-08
2018-08-05, 20:24:33, 0.0, 7.74e-08
2018-08-05, 20:24:35, 0.0, 7.7e-08
2018-08-05, 20:24:37, 0.0, 7.68e-08
2018-08-05, 20:24:39, 0.0, 7.73e-08
2018-08-05, 20:24:41, 0.0, 7.69e-08
2018-08-05, 20:24:43, 0.0, 7.71e-08
2018-08-05, 20:24:45, 0.0, 7.73e-08
2018-08-05, 20:24:48, 0.0, 7.72e-08
2018-08-05, 20:24:50, 0.0, 7.75e-08
2018-08-05, 20:24:52, 0.0, 7.71e-08
2018-08-05, 20:24:54, 0.0, 7.71e-08
2018-08-05, 20:24:56, 0.0, 7.75e-08
2018-08-05, 20:24:58, 0.0, 7.78e-08
2018-08-05, 20:25:00, 0.0, 7.77e-08
2018-08-05, 20:25:02, 0.0, 7.76e-08
2018-08-05, 20:25:05, 0.0, 7.8e-08
2018-08-05, 20:25:07, 0.0, 7.76e-08
2018-08-05, 20:25:09, 0.0, 7.77e-08
2018-08-05, 20:25:11, 0.0, 7.76e-08
2018-08-05, 20:25:13, 0.0, 7.74e-08
2018-08-05, 20:25:15, 0.0, 7.71e-08
2018-08-05, 20:25:17, 0.0, 7.74e-08
2018-08-05, 20:25:19, 0.0, 7.73e-08
2018-08-05, 20:25:22, 0.0, 7.73e-08
2018-08-05, 20:25:24, 0.0, 7.78e-08
2018-08-05, 20:25:26, 0.0, 7.71e-08
2018-08-05, 20:25:28, 0.0, 7.76e-08
2018-08-05, 20:25:30, 0.0, 7.75e-08
2018-08-05, 20:25:32, 0.0, 7.79e-08
2018-08-05, 20:25:34, 0.0, 7.75e-08
2018-08-05, 20:25:36, 0.0, 7.68e-08
2018-08-05, 20:25:39, 0.0, 7.67e-08
2018-08-05, 20:25:41, 0.0, 7.71e-08
2018-08-05, 20:25:43, 0.0, 7.73e-08
2018-08-05, 20:25:45, 0.0, 7.74e-08
2018-08-05, 20:25:47, 0.0, 7.77e-08
2018-08-05, 20:25:49, 0.0, 7.76e-08
2018-08-05, 20:25:51, 0.0, 7.73e-08
2018-08-05, 20:25:53, 0.0, 7.67e-08
2018-08-05, 20:25:56, 0.0, 7.73e-08
2018-08-05, 20:25:58, 0.0, 7.76e-08
2018-08-05, 20:26:00, 0.0, 7.71e-08
2018-08-05, 20:26:02, 0.0, 7.72e-08
2018-08-05, 20:26:04, 0.0, 7.75e-08
2018-08-05, 20:26:06, 0.0, 7.72e-08
2018-08-05, 20:26:08, 0.0, 7.75e-08
2018-08-05, 20:26:10, 0.0, 7.71e-08
2018-08-05, 20:26:13, 0.0, 7.71e-08
2018-08-05, 20:26:15, 0.0, 7.69e-08
2018-08-05, 20:26:17, 0.0, 7.71e-08
2018-08-05, 20:26:19, 0.0, 7.75e-08
2018-08-05, 20:26:21, 0.0, 7.78e-08
2018-08-05, 20:26:23, 0.0, 7.72e-08
2018-08-05, 20:26:25, 0.0, 7.7e-08
2018-08-05, 20:26:27, 0.0, 7.74e-08
2018-08-05, 20:26:30, 0.0, 7.75e-08
2018-08-05, 20:26:32, 0.0, 7.77e-08
2018-08-05, 20:26:34, 0.0, 7.72e-08
2018-08-05, 20:26:36, 0.0, 7.74e-08
2018-08-05, 20:26:38, 0.0, 7.77e-08
2018-08-05, 20:26:40, 0.0, 7.73e-08
2018-08-05, 20:26:42, 0.0, 7.8e-08
2018-08-05, 20:26:44, 0.0, 7.75e-08
2018-08-05, 20:26:47, 0.0, 7.63e-08
2018-08-05, 20:26:49, 0.0, 7.67e-08
2018-08-05, 20:26:51, 0.0, 7.73e-08
2018-08-05, 20:26:53, 0.0, 7.76e-08
2018-08-05, 20:26:55, 0.0, 7.72e-08
2018-08-05, 20:26:57, 0.0, 7.8e-08
2018-08-05, 20:26:59, 0.0, 7.74e-08
2018-08-05, 20:27:01, 0.0, 7.77e-08
2018-08-05, 20:27:04, 0.0, 7.74e-08
2018-08-05, 20:27:06, 0.0, 7.72e-08
2018-08-05, 20:27:08, 0.0, 7.68e-08
2018-08-05, 20:27:10, 0.0, 7.75e-08
2018-08-05, 20:27:12, 0.0, 7.77e-08
2018-08-05, 20:27:14, 0.0, 7.79e-08
2018-08-05, 20:27:16, 0.0, 7.75e-08
2018-08-05, 20:27:18, 0.0, 7.8e-08
2018-08-05, 20:27:21, 0.0, 7.76e-08
2018-08-05, 20:27:23, 0.0, 7.78e-08
2018-08-05, 20:27:25, 0.0, 7.78e-08
2018-08-05, 20:27:27, 0.0, 7.72e-08
2018-08-05, 20:27:29, 0.0, 7.79e-08
2018-08-05, 20:27:31, 0.0, 7.74e-08
2018-08-05, 20:27:33, 0.0, 7.74e-08
2018-08-05, 20:27:35, 0.0, 7.77e-08
2018-08-05, 20:27:38, 0.0, 7.77e-08
2018-08-05, 20:27:40, 0.0, 7.78e-08
2018-08-05, 20:27:42, 0.0, 7.73e-08
2018-08-05, 20:27:44, 0.0, 7.73e-08
2018-08-05, 20:27:46, 0.0, 7.67e-08
2018-08-05, 20:27:48, 0.0, 7.72e-08
2018-08-05, 20:27:50, 0.0, 7.76e-08
2018-08-05, 20:27:52, 0.0, 7.72e-08
2018-08-05, 20:27:55, 0.0, 7.69e-08
2018-08-05, 20:27:57, 0.0, 7.73e-08
2018-08-05, 20:27:59, 0.0, 7.69e-08
2018-08-05, 20:28:01, 0.0, 7.74e-08
2018-08-05, 20:28:03, 0.0, 7.69e-08
2018-08-05, 20:28:05, 0.0, 7.78e-08
2018-08-05, 20:28:07, 0.0, 7.62e-08
2018-08-05, 20:28:09, 0.0, 7.65e-08
2018-08-05, 20:28:12, 0.0, 7.69e-08
2018-08-05, 20:28:14, 0.0, 7.73e-08
2018-08-05, 20:28:16, 0.0, 7.75e-08
2018-08-05, 20:28:18, 0.0, 7.75e-08
2018-08-05, 20:28:20, 0.0, 7.72e-08
2018-08-05, 20:28:22, 0.0, 7.68e-08
2018-08-05, 20:28:24, 0.0, 7.71e-08
2018-08-05, 20:28:26, 0.0, 7.69e-08
2018-08-05, 20:28:29, 0.0, 7.74e-08
2018-08-05, 20:28:31, 0.0, 7.75e-08
2018-08-05, 20:28:33, 0.0, 7.71e-08
2018-08-05, 20:28:35, 0.0, 7.75e-08
2018-08-05, 20:28:37, 0.0, 7.75e-08
2018-08-05, 20:28:39, 0.0, 7.78e-08
2018-08-05, 20:28:41, 0.0, 7.76e-08
2018-08-05, 20:28:44, 0.0, 7.8e-08
2018-08-05, 20:28:46, 0.0, 7.72e-08
2018-08-05, 20:28:48, 0.0, 7.79e-08
2018-08-05, 20:28:50, 0.0, 7.77e-08
2018-08-05, 20:28:52, 0.0, 7.8e-08
2018-08-05, 20:28:54, 0.0, 7.72e-08
2018-08-05, 20:28:56, 0.0, 7.79e-08
2018-08-05, 20:28:58, 0.0, 7.78e-08
2018-08-05, 20:29:01, 0.0, 7.82e-08
2018-08-05, 20:29:03, 0.0, 7.72e-08
2018-08-05, 20:29:05, 0.0, 7.75e-08
2018-08-05, 20:29:07, 0.0, 7.71e-08
2018-08-05, 20:29:09, 0.0, 7.7e-08
2018-08-05, 20:29:11, 0.0, 7.73e-08
2018-08-05, 20:29:13, 0.0, 7.74e-08
2018-08-05, 20:29:15, 0.0, 7.8e-08
2018-08-05, 20:29:18, 0.0, 7.76e-08
2018-08-05, 20:29:20, 0.0, 7.78e-08
2018-08-05, 20:29:22, 0.0, 7.74e-08
2018-08-05, 20:29:24, 0.0, 7.75e-08
2018-08-05, 20:29:26, 0.0, 7.8e-08
2018-08-05, 20:29:28, 0.0, 7.75e-08
2018-08-05, 20:29:30, 0.0, 7.76e-08
2018-08-05, 20:29:32, 0.0, 7.82e-08
2018-08-05, 20:29:35, 0.0, 7.73e-08
2018-08-05, 20:29:37, 0.0, 7.65e-08
2018-08-05, 20:29:39, 0.0, 7.75e-08
2018-08-05, 20:29:41, 0.0, 7.78e-08
2018-08-05, 20:29:43, 0.0, 7.77e-08
2018-08-05, 20:29:45, 0.0, 7.79e-08
2018-08-05, 20:29:47, 0.0, 7.72e-08
2018-08-05, 20:29:49, 0.0, 7.7e-08
2018-08-05, 20:29:52, 0.0, 7.69e-08
2018-08-05, 20:29:54, 0.0, 7.67e-08
2018-08-05, 20:29:56, 0.0, 7.74e-08
2018-08-05, 20:29:58, 0.0, 7.71e-08
2018-08-05, 20:30:00, 0.0, 7.63e-08
2018-08-05, 20:30:02, 0.0, 7.68e-08
2018-08-05, 20:30:04, 0.0, 7.7e-08
2018-08-05, 20:30:06, 0.0, 7.71e-08
2018-08-05, 20:30:09, 0.0, 7.72e-08
2018-08-05, 20:30:11, 0.0, 7.67e-08
2018-08-05, 20:30:13, 0.0, 7.77e-08
2018-08-05, 20:30:15, 0.0, 7.79e-08
2018-08-05, 20:30:17, 0.0, 7.74e-08
2018-08-05, 20:30:19, 0.0, 7.76e-08
2018-08-05, 20:30:21, 0.0, 7.77e-08
2018-08-05, 20:30:24, 0.0, 7.81e-08
2018-08-05, 20:30:26, 0.0, 7.78e-08
2018-08-05, 20:30:28, 0.0, 7.78e-08
2018-08-05, 20:30:30, 0.0, 7.73e-08
2018-08-05, 20:30:32, 0.0, 7.7e-08
2018-08-05, 20:30:34, 0.0, 7.71e-08
2018-08-05, 20:30:36, 0.0, 7.69e-08
2018-08-05, 20:30:38, 0.0, 7.75e-08
2018-08-05, 20:30:41, 0.0, 7.72e-08
2018-08-05, 20:30:43, 0.0, 7.72e-08
2018-08-05, 20:30:45, 0.0, 7.71e-08
2018-08-05, 20:30:47, 0.0, 7.76e-08
2018-08-05, 20:30:49, 0.0, 7.75e-08
2018-08-05, 20:30:51, 0.0, 7.72e-08
2018-08-05, 20:30:53, 0.0, 7.74e-08
2018-08-05, 20:30:55, 0.0, 7.71e-08
2018-08-05, 20:30:58, 0.0, 7.73e-08
2018-08-05, 20:31:00, 0.0, 7.81e-08
2018-08-05, 20:31:02, 0.0, 7.78e-08
2018-08-05, 20:31:04, 0.0, 7.73e-08
2018-08-05, 20:31:06, 0.0, 7.74e-08
2018-08-05, 20:31:08, 0.0, 7.72e-08
2018-08-05, 20:31:10, 0.0, 7.73e-08
2018-08-05, 20:31:12, 0.0, 7.69e-08
2018-08-05, 20:31:15, 0.0, 7.68e-08
2018-08-05, 20:31:17, 0.0, 7.71e-08
2018-08-05, 20:31:19, 0.0, 7.7e-08
2018-08-05, 20:31:21, 0.0, 7.72e-08
2018-08-05, 20:31:23, 0.0, 7.72e-08
2018-08-05, 20:31:25, 0.0, 7.69e-08
2018-08-05, 20:31:27, 0.0, 7.79e-08
2018-08-05, 20:31:30, 0.0, 7.74e-08
2018-08-05, 20:31:32, 0.0, 7.72e-08
2018-08-05, 20:31:34, 0.0, 7.7e-08
2018-08-05, 20:31:36, 0.0, 7.7e-08
2018-08-05, 20:31:38, 0.0, 7.71e-08
2018-08-05, 20:31:40, 0.0, 7.77e-08
2018-08-05, 20:31:42, 0.0, 7.76e-08
2018-08-05, 20:31:44, 0.0, 7.68e-08
2018-08-05, 20:31:47, 0.0, 7.74e-08
2018-08-05, 20:31:49, 0.0, 7.78e-08
2018-08-05, 20:31:51, 0.0, 7.76e-08
2018-08-05, 20:31:53, 0.0, 7.82e-08
2018-08-05, 20:31:55, 0.0, 7.73e-08
2018-08-05, 20:31:57, 0.0, 7.75e-08
2018-08-05, 20:31:59, 0.0, 7.75e-08
2018-08-05, 20:32:01, 0.0, 7.71e-08
2018-08-05, 20:32:04, 0.0, 7.68e-08
2018-08-05, 20:32:06, 0.0, 7.69e-08
2018-08-05, 20:32:08, 0.0, 7.73e-08
2018-08-05, 20:32:10, 0.0, 7.69e-08
2018-08-05, 20:32:12, 0.0, 7.7e-08
2018-08-05, 20:32:14, 0.0, 7.69e-08
2018-08-05, 20:32:16, 0.0, 7.72e-08
2018-08-05, 20:32:18, 0.0, 7.72e-08
2018-08-05, 20:32:21, 0.0, 7.75e-08
2018-08-05, 20:32:23, 0.0, 7.75e-08
2018-08-05, 20:32:25, 0.0, 7.71e-08
2018-08-05, 20:32:27, 0.0, 7.75e-08
2018-08-05, 20:32:29, 0.0, 7.69e-08
2018-08-05, 20:32:31, 0.0, 7.7e-08
2018-08-05, 20:32:33, 0.0, 7.69e-08
2018-08-05, 20:32:35, 0.0, 7.71e-08
2018-08-05, 20:32:38, 0.0, 7.76e-08
2018-08-05, 20:32:40, 0.0, 7.74e-08
2018-08-05, 20:32:42, 0.0, 7.77e-08
2018-08-05, 20:32:44, 0.0, 7.79e-08
2018-08-05, 20:32:46, 0.0, 7.66e-08
2018-08-05, 20:32:48, 0.0, 7.63e-08
2018-08-05, 20:32:50, 0.0, 7.7e-08
2018-08-05, 20:32:52, 0.0, 7.72e-08
2018-08-05, 20:32:55, 0.0, 7.7e-08
2018-08-05, 20:32:57, 0.0, 7.69e-08
2018-08-05, 20:32:59, 0.0, 7.7e-08
2018-08-05, 20:33:01, 0.0, 7.62e-08
2018-08-05, 20:33:03, 0.0, 7.77e-08
2018-08-05, 20:33:05, 0.0, 7.75e-08
2018-08-05, 20:33:07, 0.0, 7.76e-08
2018-08-05, 20:33:10, 0.0, 7.65e-08
2018-08-05, 20:33:12, 0.0, 7.71e-08
2018-08-05, 20:33:14, 0.0, 7.67e-08
2018-08-05, 20:33:16, 0.0, 7.7e-08
2018-08-05, 20:33:18, 0.0, 7.73e-08
2018-08-05, 20:33:20, 0.0, 7.7e-08
2018-08-05, 20:33:22, 0.0, 7.74e-08
2018-08-05, 20:33:24, 0.0, 7.77e-08
2018-08-05, 20:33:27, 0.0, 7.8e-08
2018-08-05, 20:33:29, 0.0, 7.74e-08
2018-08-05, 20:33:31, 0.0, 7.77e-08
2018-08-05, 20:33:33, 0.0, 7.76e-08
2018-08-05, 20:33:35, 0.0, 7.75e-08
2018-08-05, 20:33:37, 0.0, 7.76e-08
2018-08-05, 20:33:39, 0.0, 7.7e-08
2018-08-05, 20:33:41, 0.0, 7.8e-08
2018-08-05, 20:33:44, 0.0, 7.77e-08
2018-08-05, 20:33:46, 0.0, 7.81e-08
2018-08-05, 20:33:48, 0.0, 7.8e-08
2018-08-05, 20:33:50, 0.0, 7.72e-08
2018-08-05, 20:33:52, 0.0, 7.77e-08
2018-08-05, 20:33:54, 0.0, 7.77e-08
2018-08-05, 20:33:56, 0.0, 7.74e-08
2018-08-05, 20:33:58, 0.0, 7.74e-08
2018-08-05, 20:34:01, 0.0, 7.77e-08
2018-08-05, 20:34:03, 0.0, 7.77e-08
2018-08-05, 20:34:05, 0.0, 7.71e-08
2018-08-05, 20:34:07, 0.0, 7.81e-08
2018-08-05, 20:34:09, 0.0, 7.74e-08
2018-08-05, 20:34:11, 0.0, 7.81e-08
2018-08-05, 20:34:13, 0.0, 7.83e-08
2018-08-05, 20:34:15, 0.0, 7.79e-08
2018-08-05, 20:34:18, 0.0, 7.77e-08
2018-08-05, 20:34:20, 0.0, 7.75e-08
2018-08-05, 20:34:22, 0.0, 7.74e-08
2018-08-05, 20:34:24, 0.0, 7.73e-08
2018-08-05, 20:34:26, 0.0, 7.75e-08
2018-08-05, 20:34:28, 0.0, 7.76e-08
2018-08-05, 20:34:30, 0.0, 7.76e-08
2018-08-05, 20:34:32, 0.0, 7.79e-08
2018-08-05, 20:34:35, 0.0, 7.71e-08
2018-08-05, 20:34:37, 0.0, 7.75e-08
2018-08-05, 20:34:39, 0.0, 7.79e-08
2018-08-05, 20:34:41, 0.0, 7.72e-08
2018-08-05, 20:34:43, 0.0, 7.77e-08
2018-08-05, 20:34:45, 0.0, 7.68e-08
2018-08-05, 20:34:47, 0.0, 7.77e-08
2018-08-05, 20:34:49, 0.0, 7.74e-08
2018-08-05, 20:34:52, 0.0, 7.74e-08
2018-08-05, 20:34:54, 0.0, 7.75e-08
2018-08-05, 20:34:56, 0.0, 7.8e-08
2018-08-05, 20:34:58, 0.0, 7.78e-08
2018-08-05, 20:35:00, 0.0, 7.75e-08
2018-08-05, 20:35:02, 0.0, 7.82e-08
2018-08-05, 20:35:04, 0.0, 7.78e-08
2018-08-05, 20:35:06, 0.0, 7.76e-08
2018-08-05, 20:35:09, 0.0, 7.76e-08
2018-08-05, 20:35:11, 0.0, 7.76e-08
2018-08-05, 20:35:13, 0.0, 7.79e-08
2018-08-05, 20:35:15, 0.0, 7.8e-08
2018-08-05, 20:35:17, 0.0, 7.77e-08
2018-08-05, 20:35:19, 0.0, 7.81e-08
2018-08-05, 20:35:21, 0.0, 7.79e-08
2018-08-05, 20:35:23, 0.0, 7.72e-08
2018-08-05, 20:35:26, 0.0, 7.73e-08
2018-08-05, 20:35:28, 0.0, 7.79e-08
2018-08-05, 20:35:30, 0.0, 7.74e-08
2018-08-05, 20:35:32, 0.0, 7.81e-08
2018-08-05, 20:35:34, 0.0, 7.77e-08
2018-08-05, 20:35:36, 0.0, 7.81e-08
2018-08-05, 20:35:38, 0.0, 7.73e-08
2018-08-05, 20:35:40, 0.0, 7.72e-08
2018-08-05, 20:35:43, 0.0, 7.77e-08
2018-08-05, 20:35:45, 0.0, 7.77e-08
2018-08-05, 20:35:47, 0.0, 7.79e-08
2018-08-05, 20:35:49, 0.0, 7.71e-08
2018-08-05, 20:35:51, 0.0, 7.75e-08
2018-08-05, 20:35:53, 0.0, 7.75e-08
2018-08-05, 20:35:55, 0.0, 7.79e-08
2018-08-05, 20:35:57, 0.0, 7.75e-08
2018-08-05, 20:36:00, 0.0, 7.74e-08
2018-08-05, 20:36:02, 0.0, 7.75e-08
2018-08-05, 20:36:04, 0.0, 7.71e-08
2018-08-05, 20:36:06, 0.0, 7.74e-08
2018-08-05, 20:36:08, 0.0, 7.68e-08
2018-08-05, 20:36:10, 0.0, 7.75e-08
2018-08-05, 20:36:12, 0.0, 7.78e-08
2018-08-05, 20:36:14, 0.0, 7.79e-08
2018-08-05, 20:36:17, 0.0, 7.72e-08
2018-08-05, 20:36:19, 0.0, 7.8e-08
2018-08-05, 20:36:21, 0.0, 7.8e-08
2018-08-05, 20:36:23, 0.0, 7.76e-08
2018-08-05, 20:36:25, 0.0, 7.78e-08
2018-08-05, 20:36:27, 0.0, 7.71e-08
2018-08-05, 20:36:29, 0.0, 7.76e-08
2018-08-05, 20:36:31, 0.0, 7.78e-08
2018-08-05, 20:36:34, 0.0, 7.73e-08
2018-08-05, 20:36:36, 0.0, 7.75e-08
2018-08-05, 20:36:38, 0.0, 7.77e-08
2018-08-05, 20:36:40, 0.0, 7.74e-08
2018-08-05, 20:36:42, 0.0, 7.75e-08
2018-08-05, 20:36:44, 0.0, 7.74e-08
2018-08-05, 20:36:46, 0.0, 7.8e-08
2018-08-05, 20:36:48, 0.0, 7.72e-08
2018-08-05, 20:36:51, 0.0, 7.73e-08
2018-08-05, 20:36:53, 0.0, 7.71e-08
2018-08-05, 20:36:55, 0.0, 7.74e-08
2018-08-05, 20:36:57, 0.0, 7.67e-08
2018-08-05, 20:36:59, 0.0, 7.73e-08
2018-08-05, 20:37:01, 0.0, 7.75e-08
2018-08-05, 20:37:03, 0.0, 7.77e-08
2018-08-05, 20:37:06, 0.0, 7.74e-08
2018-08-05, 20:37:08, 0.0, 7.79e-08
2018-08-05, 20:37:10, 0.0, 7.77e-08
2018-08-05, 20:37:12, 0.0, 7.78e-08
2018-08-05, 20:37:14, 0.0, 7.7e-08
2018-08-05, 20:37:16, 0.0, 7.71e-08
2018-08-05, 20:37:18, 0.0, 7.74e-08
2018-08-05, 20:37:20, 0.0, 7.75e-08
2018-08-05, 20:37:22, 0.0, 7.75e-08
2018-08-05, 20:37:25, 0.0, 7.63e-08
2018-08-05, 20:37:27, 0.0, 7.71e-08
2018-08-05, 20:37:29, 0.0, 7.75e-08
2018-08-05, 20:37:31, 0.0, 7.75e-08
2018-08-05, 20:37:33, 0.0, 7.75e-08
2018-08-05, 20:37:35, 0.0, 7.74e-08
2018-08-05, 20:37:37, 0.0, 7.74e-08
2018-08-05, 20:37:39, 0.0, 7.68e-08
2018-08-05, 20:37:42, 0.0, 7.69e-08
2018-08-05, 20:37:44, 0.0, 7.74e-08
2018-08-05, 20:37:46, 0.0, 7.77e-08
2018-08-05, 20:37:48, 0.0, 7.74e-08
2018-08-05, 20:37:50, 0.0, 7.75e-08
2018-08-05, 20:37:52, 0.0, 7.75e-08
2018-08-05, 20:37:54, 0.0, 7.72e-08
2018-08-05, 20:37:57, 0.0, 7.74e-08
2018-08-05, 20:37:59, 0.0, 7.77e-08
2018-08-05, 20:38:01, 0.0, 7.78e-08
2018-08-05, 20:38:03, 0.0, 7.83e-08
2018-08-05, 20:38:05, 0.0, 7.73e-08
2018-08-05, 20:38:07, 0.0, 7.74e-08
2018-08-05, 20:38:09, 0.0, 7.79e-08
2018-08-05, 20:38:11, 0.0, 7.7e-08
2018-08-05, 20:38:14, 0.0, 7.7e-08
2018-08-05, 20:38:16, 0.0, 7.67e-08
2018-08-05, 20:38:18, 0.0, 7.72e-08
2018-08-05, 20:38:20, 0.0, 7.78e-08
2018-08-05, 20:38:22, 0.0, 7.7e-08
2018-08-05, 20:38:24, 0.0, 7.76e-08
2018-08-05, 20:38:26, 0.0, 7.68e-08
2018-08-05, 20:38:28, 0.0, 7.7e-08
2018-08-05, 20:38:31, 0.0, 7.78e-08
2018-08-05, 20:38:33, 0.0, 7.74e-08
2018-08-05, 20:38:35, 0.0, 7.75e-08
2018-08-05, 20:38:37, 0.0, 7.76e-08
2018-08-05, 20:38:39, 0.0, 7.71e-08
2018-08-05, 20:38:41, 0.0, 7.77e-08
2018-08-05, 20:38:43, 0.0, 7.75e-08
2018-08-05, 20:38:45, 0.0, 7.8e-08
2018-08-05, 20:38:48, 0.0, 7.72e-08
2018-08-05, 20:38:50, 0.0, 7.73e-08
2018-08-05, 20:38:52, 0.0, 7.73e-08
2018-08-05, 20:38:54, 0.0, 7.69e-08
2018-08-05, 20:38:56, 0.0, 7.73e-08
2018-08-05, 20:38:58, 0.0, 7.79e-08
2018-08-05, 20:39:00, 0.0, 7.82e-08
2018-08-05, 20:39:02, 0.0, 7.72e-08
2018-08-05, 20:39:05, 0.0, 7.63e-08
2018-08-05, 20:39:07, 0.0, 7.75e-08
2018-08-05, 20:39:09, 0.0, 7.76e-08
2018-08-05, 20:39:11, 0.0, 7.78e-08
2018-08-05, 20:39:13, 0.0, 7.79e-08
2018-08-05, 20:39:15, 0.0, 7.77e-08
2018-08-05, 20:39:17, 0.0, 7.78e-08
2018-08-05, 20:39:19, 0.0, 7.73e-08
2018-08-05, 20:39:22, 0.0, 7.78e-08
2018-08-05, 20:39:24, 0.0, 7.76e-08
2018-08-05, 20:39:26, 0.0, 7.78e-08
2018-08-05, 20:39:28, 0.0, 7.73e-08
2018-08-05, 20:39:30, 0.0, 7.79e-08
2018-08-05, 20:39:32, 0.0, 7.74e-08
2018-08-05, 20:39:34, 0.0, 7.77e-08
2018-08-05, 20:39:36, 0.0, 7.75e-08
2018-08-05, 20:39:39, 0.0, 7.8e-08
2018-08-05, 20:39:41, 0.0, 7.74e-08
2018-08-05, 20:39:43, 0.0, 7.72e-08
2018-08-05, 20:39:45, 0.0, 7.75e-08
2018-08-05, 20:39:47, 0.0, 7.74e-08
2018-08-05, 20:39:49, 0.0, 7.77e-08
2018-08-05, 20:39:51, 0.0, 7.75e-08
2018-08-05, 20:39:53, 0.0, 7.71e-08
2018-08-05, 20:39:56, 0.0, 7.75e-08
2018-08-05, 20:39:58, 0.0, 7.76e-08
2018-08-05, 20:40:00, 0.0, 7.69e-08
2018-08-05, 20:40:02, 0.0, 7.74e-08
2018-08-05, 20:40:04, 0.0, 7.75e-08
2018-08-05, 20:40:06, 0.0, 7.78e-08
2018-08-05, 20:40:08, 0.0, 7.76e-08
2018-08-05, 20:40:10, 0.0, 7.75e-08
2018-08-05, 20:40:13, 0.0, 7.74e-08
2018-08-05, 20:40:15, 0.0, 7.78e-08
2018-08-05, 20:40:17, 0.0, 7.8e-08
2018-08-05, 20:40:19, 0.0, 7.8e-08
2018-08-05, 20:40:21, 0.0, 7.74e-08
2018-08-05, 20:40:23, 0.0, 7.71e-08
2018-08-05, 20:40:25, 0.0, 7.79e-08
2018-08-05, 20:40:27, 0.0, 7.78e-08
2018-08-05, 20:40:30, 0.0, 7.69e-08
2018-08-05, 20:40:32, 0.0, 7.73e-08
2018-08-05, 20:40:34, 0.0, 7.79e-08
2018-08-05, 20:40:36, 0.0, 7.72e-08
2018-08-05, 20:40:38, 0.0, 7.76e-08
2018-08-05, 20:40:40, 0.0, 7.7e-08
2018-08-05, 20:40:42, 0.0, 7.76e-08
2018-08-05, 20:40:44, 0.0, 7.8e-08
2018-08-05, 20:40:47, 0.0, 7.8e-08
2018-08-05, 20:40:49, 0.0, 7.67e-08
2018-08-05, 20:40:51, 0.0, 7.78e-08
2018-08-05, 20:40:53, 0.0, 7.7e-08
2018-08-05, 20:40:55, 0.0, 7.75e-08
2018-08-05, 20:40:57, 0.0, 7.76e-08
2018-08-05, 20:40:59, 0.0, 7.74e-08
2018-08-05, 20:41:01, 0.0, 7.74e-08
2018-08-05, 20:41:03, 0.0, 7.75e-08
2018-08-05, 20:41:06, 0.0, 7.75e-08
2018-08-05, 20:41:08, 0.0, 7.79e-08
2018-08-05, 20:41:10, 0.0, 7.74e-08
2018-08-05, 20:41:12, 0.0, 7.76e-08
2018-08-05, 20:41:14, 0.0, 7.75e-08
2018-08-05, 20:41:16, 0.0, 7.73e-08
2018-08-05, 20:41:18, 0.0, 7.75e-08
2018-08-05, 20:41:21, 0.0, 7.78e-08
2018-08-05, 20:41:23, 0.0, 7.8e-08
2018-08-05, 20:41:25, 0.0, 7.79e-08
2018-08-05, 20:41:27, 0.0, 7.78e-08
2018-08-05, 20:41:29, 0.0, 7.72e-08
2018-08-05, 20:41:31, 0.0, 7.68e-08
2018-08-05, 20:41:33, 0.0, 7.76e-08
2018-08-05, 20:41:35, 0.0, 7.75e-08
2018-08-05, 20:41:37, 0.0, 7.73e-08
2018-08-05, 20:41:40, 0.0, 7.7e-08
2018-08-05, 20:41:42, 0.0, 7.76e-08
2018-08-05, 20:41:44, 0.0, 7.74e-08
2018-08-05, 20:41:46, 0.0, 7.73e-08
2018-08-05, 20:41:48, 0.0, 7.76e-08
2018-08-05, 20:41:50, 0.0, 7.73e-08
2018-08-05, 20:41:52, 0.0, 7.72e-08
2018-08-05, 20:41:54, 0.0, 7.71e-08
2018-08-05, 20:41:57, 0.0, 7.72e-08
2018-08-05, 20:41:59, 0.0, 7.72e-08
2018-08-05, 20:42:01, 0.0, 7.77e-08
2018-08-05, 20:42:03, 0.0, 7.71e-08
2018-08-05, 20:42:05, 0.0, 7.69e-08
2018-08-05, 20:42:07, 0.0, 7.73e-08
2018-08-05, 20:42:09, 0.0, 7.79e-08
2018-08-05, 20:42:11, 0.0, 7.7e-08
2018-08-05, 20:42:14, 0.0, 7.76e-08
2018-08-05, 20:42:16, 0.0, 7.72e-08
2018-08-05, 20:42:18, 0.0, 7.74e-08
2018-08-05, 20:42:20, 0.0, 7.75e-08
2018-08-05, 20:42:22, 0.0, 7.76e-08
2018-08-05, 20:42:24, 0.0, 7.74e-08
2018-08-05, 20:42:26, 0.0, 7.69e-08
2018-08-05, 20:42:29, 0.0, 7.73e-08
2018-08-05, 20:42:31, 0.0, 7.73e-08
2018-08-05, 20:42:33, 0.0, 7.72e-08
2018-08-05, 20:42:35, 0.0, 7.71e-08
2018-08-05, 20:42:37, 0.0, 7.68e-08
2018-08-05, 20:42:39, 0.0, 7.8e-08
2018-08-05, 20:42:41, 0.0, 7.77e-08
2018-08-05, 20:42:43, 0.0, 7.78e-08
2018-08-05, 20:42:45, 0.0, 7.74e-08
2018-08-05, 20:42:48, 0.0, 7.73e-08
2018-08-05, 20:42:50, 0.0, 7.77e-08
2018-08-05, 20:42:52, 0.0, 7.68e-08
2018-08-05, 20:42:54, 0.0, 7.81e-08
2018-08-05, 20:42:56, 0.0, 7.82e-08
2018-08-05, 20:42:58, 0.0, 7.74e-08
2018-08-05, 20:43:00, 0.0, 7.76e-08
2018-08-05, 20:43:03, 0.0, 7.7e-08
2018-08-05, 20:43:05, 0.0, 7.68e-08
2018-08-05, 20:43:07, 0.0, 7.71e-08
2018-08-05, 20:43:09, 0.0, 7.71e-08
2018-08-05, 20:43:11, 0.0, 7.77e-08
2018-08-05, 20:43:13, 0.0, 7.75e-08
2018-08-05, 20:43:15, 0.0, 7.82e-08
2018-08-05, 20:43:17, 0.0, 7.76e-08
2018-08-05, 20:43:20, 0.0, 7.78e-08
2018-08-05, 20:43:22, 0.0, 7.73e-08
2018-08-05, 20:43:24, 0.0, 7.73e-08
2018-08-05, 20:43:26, 0.0, 7.74e-08
2018-08-05, 20:43:28, 0.0, 7.73e-08
2018-08-05, 20:43:30, 0.0, 7.66e-08
2018-08-05, 20:43:32, 0.0, 7.75e-08
2018-08-05, 20:43:34, 0.0, 7.71e-08
2018-08-05, 20:43:37, 0.0, 7.67e-08
2018-08-05, 20:43:39, 0.0, 7.72e-08
2018-08-05, 20:43:41, 0.0, 7.82e-08
2018-08-05, 20:43:43, 0.0, 7.78e-08
2018-08-05, 20:43:45, 0.0, 7.79e-08
2018-08-05, 20:43:47, 0.0, 7.76e-08
2018-08-05, 20:43:49, 0.0, 7.71e-08
2018-08-05, 20:43:51, 0.0, 7.76e-08
2018-08-05, 20:43:54, 0.0, 7.72e-08
2018-08-05, 20:43:56, 0.0, 7.77e-08
2018-08-05, 20:43:58, 0.0, 7.7e-08
2018-08-05, 20:44:00, 0.0, 7.72e-08
2018-08-05, 20:44:02, 0.0, 7.69e-08
2018-08-05, 20:44:04, 0.0, 7.71e-08
2018-08-05, 20:44:06, 0.0, 7.71e-08
2018-08-05, 20:44:08, 0.0, 7.7e-08
2018-08-05, 20:44:10, 0.0, 7.73e-08
2018-08-05, 20:44:13, 0.0, 7.75e-08
2018-08-05, 20:44:15, 0.0, 7.73e-08
2018-08-05, 20:44:17, 0.0, 7.64e-08
2018-08-05, 20:44:19, 0.0, 7.64e-08
2018-08-05, 20:44:21, 0.0, 7.68e-08
2018-08-05, 20:44:23, 0.0, 7.7e-08
2018-08-05, 20:44:25, 0.0, 7.65e-08
2018-08-05, 20:44:27, 0.0, 7.72e-08
2018-08-05, 20:44:30, 0.0, 7.69e-08
2018-08-05, 20:44:32, 0.0, 7.71e-08
2018-08-05, 20:44:34, 0.0, 7.76e-08
2018-08-05, 20:44:36, 0.0, 7.73e-08
2018-08-05, 20:44:38, 0.0, 7.68e-08
2018-08-05, 20:44:40, 0.0, 7.66e-08
2018-08-05, 20:44:42, 0.0, 7.66e-08
2018-08-05, 20:44:44, 0.0, 7.7e-08
2018-08-05, 20:44:47, 0.0, 7.78e-08
2018-08-05, 20:44:49, 0.0, 7.73e-08
2018-08-05, 20:44:51, 0.0, 7.66e-08
2018-08-05, 20:44:53, 0.0, 7.75e-08
2018-08-05, 20:44:55, 0.0, 7.67e-08
2018-08-05, 20:44:57, 0.0, 7.78e-08
2018-08-05, 20:44:59, 0.0, 7.72e-08
2018-08-05, 20:45:02, 0.0, 7.7e-08
2018-08-05, 20:45:04, 0.0, 7.65e-08
2018-08-05, 20:45:06, 0.0, 7.72e-08
2018-08-05, 20:45:08, 0.0, 7.72e-08
2018-08-05, 20:45:10, 0.0, 7.69e-08
2018-08-05, 20:45:12, 0.0, 7.68e-08
2018-08-05, 20:45:14, 0.0, 7.73e-08
2018-08-05, 20:45:16, 0.0, 7.69e-08
2018-08-05, 20:45:19, 0.0, 7.66e-08
2018-08-05, 20:45:21, 0.0, 7.74e-08
2018-08-05, 20:45:23, 0.0, 7.71e-08
2018-08-05, 20:45:25, 0.0, 7.75e-08
2018-08-05, 20:45:27, 0.0, 7.74e-08
2018-08-05, 20:45:29, 0.0, 7.69e-08
2018-08-05, 20:45:31, 0.0, 7.7e-08
2018-08-05, 20:45:33, 0.0, 7.7e-08
2018-08-05, 20:45:36, 0.0, 7.71e-08
2018-08-05, 20:45:38, 0.0, 7.68e-08
2018-08-05, 20:45:40, 0.0, 7.7e-08
2018-08-05, 20:45:42, 0.0, 7.75e-08
2018-08-05, 20:45:44, 0.0, 7.69e-08
2018-08-05, 20:45:46, 0.0, 7.74e-08
2018-08-05, 20:45:48, 0.0, 7.73e-08
2018-08-05, 20:45:50, 0.0, 7.7e-08
2018-08-05, 20:45:53, 0.0, 7.71e-08
2018-08-05, 20:45:55, 0.0, 7.7e-08
2018-08-05, 20:45:57, 0.0, 7.72e-08
2018-08-05, 20:45:59, 0.0, 7.76e-08
2018-08-05, 20:46:01, 0.0, 7.7e-08
2018-08-05, 20:46:03, 0.0, 7.75e-08
2018-08-05, 20:46:05, 0.0, 7.69e-08
2018-08-05, 20:46:07, 0.0, 7.71e-08
2018-08-05, 20:46:10, 0.0, 7.74e-08
2018-08-05, 20:46:12, 0.0, 7.73e-08
2018-08-05, 20:46:14, 0.0, 7.64e-08
2018-08-05, 20:46:16, 0.0, 7.66e-08
2018-08-05, 20:46:18, 0.0, 7.7e-08
2018-08-05, 20:46:20, 0.0, 7.68e-08
2018-08-05, 20:46:22, 0.0, 7.62e-08
2018-08-05, 20:46:24, 0.0, 7.67e-08
2018-08-05, 20:46:27, 0.0, 7.71e-08
2018-08-05, 20:46:29, 0.0, 7.75e-08
2018-08-05, 20:46:31, 0.0, 7.71e-08
2018-08-05, 20:46:33, 0.0, 7.71e-08
2018-08-05, 20:46:35, 0.0, 7.67e-08
2018-08-05, 20:46:37, 0.0, 7.7e-08
2018-08-05, 20:46:39, 0.0, 7.72e-08
2018-08-05, 20:46:41, 0.0, 7.69e-08
2018-08-05, 20:46:44, 0.0, 7.72e-08
2018-08-05, 20:46:46, 0.0, 7.63e-08
2018-08-05, 20:46:48, 0.0, 7.71e-08
2018-08-05, 20:46:50, 0.0, 7.71e-08
2018-08-05, 20:46:52, 0.0, 7.74e-08
2018-08-05, 20:46:54, 0.0, 7.67e-08
2018-08-05, 20:46:56, 0.0, 7.74e-08
2018-08-05, 20:46:58, 0.0, 7.63e-08
2018-08-05, 20:47:01, 0.0, 7.72e-08
2018-08-05, 20:47:03, 0.0, 7.7e-08
2018-08-05, 20:47:05, 0.0, 7.72e-08
2018-08-05, 20:47:07, 0.0, 7.63e-08
2018-08-05, 20:47:09, 0.0, 7.66e-08
2018-08-05, 20:47:11, 0.0, 7.71e-08
2018-08-05, 20:47:13, 0.0, 7.72e-08
2018-08-05, 20:47:15, 0.0, 7.7e-08
2018-08-05, 20:47:18, 0.0, 7.69e-08
2018-08-05, 20:47:20, 0.0, 7.77e-08
2018-08-05, 20:47:22, 0.0, 7.65e-08
2018-08-05, 20:47:24, 0.0, 7.74e-08
2018-08-05, 20:47:26, 0.0, 7.74e-08
2018-08-05, 20:47:28, 0.0, 7.67e-08
2018-08-05, 20:47:30, 0.0, 7.76e-08
2018-08-05, 20:47:33, 0.0, 7.74e-08
2018-08-05, 20:47:35, 0.0, 7.75e-08
2018-08-05, 20:47:37, 0.0, 7.72e-08
2018-08-05, 20:47:39, 0.0, 7.69e-08
2018-08-05, 20:47:41, 0.0, 7.76e-08
2018-08-05, 20:47:43, 0.0, 7.76e-08
2018-08-05, 20:47:45, 0.0, 7.75e-08
2018-08-05, 20:47:47, 0.0, 7.72e-08
2018-08-05, 20:47:50, 0.0, 7.76e-08
2018-08-05, 20:47:52, 0.0, 7.78e-08
2018-08-05, 20:47:54, 0.0, 7.72e-08
2018-08-05, 20:47:56, 0.0, 7.76e-08
2018-08-05, 20:47:58, 0.0, 7.76e-08
2018-08-05, 20:48:00, 0.0, 7.75e-08
2018-08-05, 20:48:02, 0.0, 7.79e-08
2018-08-05, 20:48:04, 0.0, 7.75e-08
2018-08-05, 20:48:07, 0.0, 7.74e-08
2018-08-05, 20:48:09, 0.0, 7.75e-08
2018-08-05, 20:48:11, 0.0, 7.74e-08
2018-08-05, 20:48:13, 0.0, 7.69e-08
2018-08-05, 20:48:15, 0.0, 7.76e-08
2018-08-05, 20:48:17, 0.0, 7.78e-08
2018-08-05, 20:48:19, 0.0, 7.77e-08
2018-08-05, 20:48:21, 0.0, 7.69e-08
2018-08-05, 20:48:24, 0.0, 7.69e-08
2018-08-05, 20:48:26, 0.0, 7.72e-08
2018-08-05, 20:48:28, 0.0, 7.78e-08
2018-08-05, 20:48:30, 0.0, 7.73e-08
2018-08-05, 20:48:32, 0.0, 7.8e-08
2018-08-05, 20:48:34, 0.0, 7.72e-08
2018-08-05, 20:48:36, 0.0, 7.79e-08
2018-08-05, 20:48:38, 0.0, 7.76e-08
2018-08-05, 20:48:41, 0.0, 7.72e-08
2018-08-05, 20:48:43, 0.0, 7.67e-08
2018-08-05, 20:48:45, 0.0, 7.74e-08
2018-08-05, 20:48:47, 0.0, 7.76e-08
2018-08-05, 20:48:49, 0.0, 7.72e-08
2018-08-05, 20:48:51, 0.0, 7.7e-08
2018-08-05, 20:48:53, 0.0, 7.71e-08
2018-08-05, 20:48:55, 0.0, 7.83e-08
2018-08-05, 20:48:58, 0.0, 7.69e-08
2018-08-05, 20:49:00, 0.0, 7.73e-08
2018-08-05, 20:49:02, 0.0, 7.79e-08
2018-08-05, 20:49:04, 0.0, 7.73e-08
2018-08-05, 20:49:06, 0.0, 7.8e-08
2018-08-05, 20:49:08, 0.0, 7.74e-08
2018-08-05, 20:49:10, 0.0, 7.77e-08
2018-08-05, 20:49:12, 0.0, 7.71e-08
2018-08-05, 20:49:15, 0.0, 7.74e-08
2018-08-05, 20:49:17, 0.0, 7.75e-08
2018-08-05, 20:49:19, 0.0, 7.64e-08
2018-08-05, 20:49:21, 0.0, 7.76e-08
2018-08-05, 20:49:23, 0.0, 7.79e-08
2018-08-05, 20:49:25, 0.0, 7.74e-08
2018-08-05, 20:49:27, 0.0, 7.77e-08
2018-08-05, 20:49:29, 0.0, 7.71e-08
2018-08-05, 20:49:32, 0.0, 7.74e-08
2018-08-05, 20:49:34, 0.0, 7.73e-08
2018-08-05, 20:49:36, 0.0, 7.79e-08
2018-08-05, 20:49:38, 0.0, 7.76e-08
2018-08-05, 20:49:40, 0.0, 7.71e-08
2018-08-05, 20:49:42, 0.0, 7.74e-08
2018-08-05, 20:49:44, 0.0, 7.67e-08
2018-08-05, 20:49:47, 0.0, 7.76e-08
2018-08-05, 20:49:49, 0.0, 7.72e-08
2018-08-05, 20:49:51, 0.0, 7.77e-08
2018-08-05, 20:49:53, 0.0, 7.72e-08
2018-08-05, 20:49:55, 0.0, 7.76e-08
2018-08-05, 20:49:57, 0.0, 7.77e-08
2018-08-05, 20:49:59, 0.0, 7.71e-08
2018-08-05, 20:50:01, 0.0, 7.75e-08
2018-08-05, 20:50:04, 0.0, 7.73e-08
2018-08-05, 20:50:06, 0.0, 7.69e-08
2018-08-05, 20:50:08, 0.0, 7.7e-08
2018-08-05, 20:50:10, 0.0, 7.75e-08
2018-08-05, 20:50:12, 0.0, 7.75e-08
2018-08-05, 20:50:14, 0.0, 7.7e-08
2018-08-05, 20:50:16, 0.0, 7.75e-08
2018-08-05, 20:50:18, 0.0, 7.67e-08
2018-08-05, 20:50:21, 0.0, 7.76e-08
2018-08-05, 20:50:23, 0.0, 7.66e-08
2018-08-05, 20:50:25, 0.0, 7.7e-08
2018-08-05, 20:50:27, 0.0, 7.81e-08
2018-08-05, 20:50:29, 0.0, 7.78e-08
2018-08-05, 20:50:31, 0.0, 7.75e-08
2018-08-05, 20:50:33, 0.0, 7.72e-08
2018-08-05, 20:50:35, 0.0, 7.69e-08
2018-08-05, 20:50:38, 0.0, 7.68e-08
2018-08-05, 20:50:40, 0.0, 7.73e-08
2018-08-05, 20:50:42, 0.0, 7.65e-08
2018-08-05, 20:50:44, 0.0, 7.69e-08
2018-08-05, 20:50:46, 0.0, 7.77e-08
2018-08-05, 20:50:48, 0.0, 7.69e-08
2018-08-05, 20:50:50, 0.0, 7.73e-08
2018-08-05, 20:50:52, 0.0, 7.73e-08
2018-08-05, 20:50:55, 0.0, 7.68e-08
2018-08-05, 20:50:57, 0.0, 7.76e-08
2018-08-05, 20:50:59, 0.0, 7.75e-08
2018-08-05, 20:51:01, 0.0, 7.76e-08
2018-08-05, 20:51:03, 0.0, 7.71e-08
2018-08-05, 20:51:05, 0.0, 7.67e-08
2018-08-05, 20:51:07, 0.0, 7.73e-08
2018-08-05, 20:51:09, 0.0, 7.74e-08
2018-08-05, 20:51:12, 0.0, 7.72e-08
2018-08-05, 20:51:14, 0.0, 7.67e-08
2018-08-05, 20:51:16, 0.0, 7.7e-08
2018-08-05, 20:51:18, 0.0, 7.8e-08
2018-08-05, 20:51:20, 0.0, 7.71e-08
2018-08-05, 20:51:22, 0.0, 7.81e-08
2018-08-05, 20:51:24, 0.0, 7.79e-08
2018-08-05, 20:51:27, 0.0, 7.72e-08
2018-08-05, 20:51:29, 0.0, 7.73e-08
2018-08-05, 20:51:31, 0.0, 7.77e-08
2018-08-05, 20:51:33, 0.0, 7.76e-08
2018-08-05, 20:51:35, 0.0, 7.73e-08
2018-08-05, 20:51:37, 0.0, 7.77e-08
2018-08-05, 20:51:39, 0.0, 7.73e-08
2018-08-05, 20:51:41, 0.0, 7.72e-08
2018-08-05, 20:51:44, 0.0, 7.73e-08
2018-08-05, 20:51:46, 0.0, 7.67e-08
2018-08-05, 20:51:48, 0.0, 7.77e-08
2018-08-05, 20:51:50, 0.0, 7.72e-08
2018-08-05, 20:51:52, 0.0, 7.74e-08
2018-08-05, 20:51:54, 0.0, 7.73e-08
2018-08-05, 20:51:56, 0.0, 7.76e-08
2018-08-05, 20:51:58, 0.0, 7.74e-08
2018-08-05, 20:52:01, 0.0, 7.74e-08
2018-08-05, 20:52:03, 0.0, 7.71e-08
2018-08-05, 20:52:05, 0.0, 7.75e-08
2018-08-05, 20:52:07, 0.0, 7.64e-08
2018-08-05, 20:52:09, 0.0, 7.68e-08
2018-08-05, 20:52:11, 0.0, 7.71e-08
2018-08-05, 20:52:13, 0.0, 7.69e-08
2018-08-05, 20:52:15, 0.0, 7.71e-08
2018-08-05, 20:52:18, 0.0, 7.77e-08
2018-08-05, 20:52:20, 0.0, 7.71e-08
2018-08-05, 20:52:22, 0.0, 7.74e-08
2018-08-05, 20:52:24, 0.0, 7.71e-08
2018-08-05, 20:52:26, 0.0, 7.68e-08
2018-08-05, 20:52:28, 0.0, 7.7e-08
2018-08-05, 20:52:30, 0.0, 7.69e-08
2018-08-05, 20:52:33, 0.0, 7.81e-08
2018-08-05, 20:52:35, 0.0, 7.82e-08
2018-08-05, 20:52:37, 0.0, 7.76e-08
2018-08-05, 20:52:39, 0.0, 7.75e-08
2018-08-05, 20:52:41, 0.0, 7.76e-08
2018-08-05, 20:52:43, 0.0, 7.8e-08
2018-08-05, 20:52:45, 0.0, 7.81e-08
2018-08-05, 20:52:47, 0.0, 7.66e-08
2018-08-05, 20:52:50, 0.0, 7.71e-08
2018-08-05, 20:52:52, 0.0, 7.81e-08
2018-08-05, 20:52:54, 0.0, 7.79e-08
2018-08-05, 20:52:56, 0.0, 7.77e-08
2018-08-05, 20:52:58, 0.0, 7.83e-08
2018-08-05, 20:53:00, 0.0, 7.76e-08
2018-08-05, 20:53:02, 0.0, 7.77e-08
2018-08-05, 20:53:04, 0.0, 7.76e-08
2018-08-05, 20:53:07, 0.0, 7.86e-08
2018-08-05, 20:53:09, 0.0, 7.81e-08
2018-08-05, 20:53:11, 0.0, 7.74e-08
2018-08-05, 20:53:13, 0.0, 7.81e-08
2018-08-05, 20:53:15, 0.0, 7.77e-08
2018-08-05, 20:53:17, 0.0, 7.78e-08
2018-08-05, 20:53:19, 0.0, 7.78e-08
2018-08-05, 20:53:21, 0.0, 7.78e-08
2018-08-05, 20:53:24, 0.0, 7.81e-08
2018-08-05, 20:53:26, 0.0, 7.81e-08
2018-08-05, 20:53:28, 0.0, 7.79e-08
2018-08-05, 20:53:30, 0.0, 7.72e-08
2018-08-05, 20:53:32, 0.0, 7.79e-08
2018-08-05, 20:53:34, 0.0, 7.78e-08
2018-08-05, 20:53:36, 0.0, 7.71e-08
2018-08-05, 20:53:38, 0.0, 7.76e-08
2018-08-05, 20:53:41, 0.0, 7.84e-08
2018-08-05, 20:53:43, 0.0, 7.8e-08
2018-08-05, 20:53:45, 0.0, 7.8e-08
2018-08-05, 20:53:47, 0.0, 7.8e-08
2018-08-05, 20:53:49, 0.0, 7.82e-08
2018-08-05, 20:53:51, 0.0, 7.77e-08
2018-08-05, 20:53:53, 0.0, 7.79e-08
2018-08-05, 20:53:55, 0.0, 7.78e-08
2018-08-05, 20:53:58, 0.0, 7.76e-08
2018-08-05, 20:54:00, 0.0, 7.81e-08
2018-08-05, 20:54:02, 0.0, 7.82e-08
2018-08-05, 20:54:04, 0.0, 7.78e-08
2018-08-05, 20:54:06, 0.0, 7.79e-08
2018-08-05, 20:54:08, 0.0, 7.8e-08
2018-08-05, 20:54:10, 0.0, 7.75e-08
2018-08-05, 20:54:13, 0.0, 7.84e-08
2018-08-05, 20:54:15, 0.0, 7.86e-08
2018-08-05, 20:54:17, 0.0, 7.67e-08
2018-08-05, 20:54:19, 0.0, 7.76e-08
2018-08-05, 20:54:21, 0.0, 7.77e-08
2018-08-05, 20:54:23, 0.0, 7.8e-08
2018-08-05, 20:54:25, 0.0, 7.78e-08
2018-08-05, 20:54:27, 0.0, 7.73e-08
2018-08-05, 20:54:30, 0.0, 7.73e-08
2018-08-05, 20:54:32, 0.0, 7.77e-08
2018-08-05, 20:54:34, 0.0, 7.81e-08
2018-08-05, 20:54:36, 0.0, 7.77e-08
2018-08-05, 20:54:38, 0.0, 7.75e-08
2018-08-05, 20:54:40, 0.0, 7.77e-08
2018-08-05, 20:54:42, 0.0, 7.82e-08
2018-08-05, 20:54:44, 0.0, 7.78e-08
2018-08-05, 20:54:47, 0.0, 7.78e-08
2018-08-05, 20:54:49, 0.0, 7.72e-08
2018-08-05, 20:54:51, 0.0, 7.74e-08
2018-08-05, 20:54:53, 0.0, 7.72e-08
2018-08-05, 20:54:55, 0.0, 7.72e-08
2018-08-05, 20:54:57, 0.0, 7.82e-08
2018-08-05, 20:54:59, 0.0, 7.75e-08
2018-08-05, 20:55:01, 0.0, 7.84e-08
2018-08-05, 20:55:04, 0.0, 7.71e-08
2018-08-05, 20:55:06, 0.0, 7.79e-08
2018-08-05, 20:55:08, 0.0, 7.76e-08
2018-08-05, 20:55:10, 0.0, 7.79e-08
2018-08-05, 20:55:12, 0.0, 7.76e-08
2018-08-05, 20:55:14, 0.0, 7.82e-08
2018-08-05, 20:55:16, 0.0, 7.79e-08
2018-08-05, 20:55:18, 0.0, 7.72e-08
2018-08-05, 20:55:21, 0.0, 7.77e-08
2018-08-05, 20:55:23, 0.0, 7.8e-08
2018-08-05, 20:55:25, 0.0, 7.81e-08
2018-08-05, 20:55:27, 0.0, 7.76e-08
2018-08-05, 20:55:29, 0.0, 7.83e-08
2018-08-05, 20:55:31, 0.0, 7.76e-08
2018-08-05, 20:55:33, 0.0, 7.77e-08
2018-08-05, 20:55:35, 0.0, 7.79e-08
2018-08-05, 20:55:38, 0.0, 7.76e-08
2018-08-05, 20:55:40, 0.0, 7.77e-08
2018-08-05, 20:55:42, 0.0, 7.81e-08
2018-08-05, 20:55:44, 0.0, 7.81e-08
2018-08-05, 20:55:46, 0.0, 7.79e-08
2018-08-05, 20:55:48, 0.0, 7.73e-08
2018-08-05, 20:55:50, 0.0, 7.81e-08
2018-08-05, 20:55:52, 0.0, 7.77e-08
2018-08-05, 20:55:55, 0.0, 7.78e-08
2018-08-05, 20:55:57, 0.0, 7.75e-08
2018-08-05, 20:55:59, 0.0, 7.7e-08
2018-08-05, 20:56:01, 0.0, 7.71e-08
2018-08-05, 20:56:03, 0.0, 7.84e-08
2018-08-05, 20:56:05, 0.0, 7.74e-08
2018-08-05, 20:56:07, 0.0, 7.79e-08
2018-08-05, 20:56:09, 0.0, 7.83e-08
2018-08-05, 20:56:12, 0.0, 7.77e-08
2018-08-05, 20:56:14, 0.0, 7.81e-08
2018-08-05, 20:56:16, 0.0, 7.77e-08
2018-08-05, 20:56:18, 0.0, 7.79e-08
2018-08-05, 20:56:20, 0.0, 7.83e-08
2018-08-05, 20:56:22, 0.0, 7.74e-08
2018-08-05, 20:56:24, 0.0, 7.81e-08
2018-08-05, 20:56:26, 0.0, 7.72e-08
2018-08-05, 20:56:29, 0.0, 7.75e-08
2018-08-05, 20:56:31, 0.0, 7.8e-08
2018-08-05, 20:56:33, 0.0, 7.75e-08
2018-08-05, 20:56:35, 0.0, 7.8e-08
2018-08-05, 20:56:37, 0.0, 7.8e-08
2018-08-05, 20:56:39, 0.0, 7.81e-08
2018-08-05, 20:56:41, 0.0, 7.79e-08
2018-08-05, 20:56:44, 0.0, 7.69e-08
2018-08-05, 20:56:46, 0.0, 7.73e-08
2018-08-05, 20:56:48, 0.0, 7.68e-08
2018-08-05, 20:56:50, 0.0, 7.73e-08
2018-08-05, 20:56:52, 0.0, 7.74e-08
2018-08-05, 20:56:54, 0.0, 7.73e-08
2018-08-05, 20:56:56, 0.0, 7.76e-08
2018-08-05, 20:56:58, 0.0, 7.76e-08
2018-08-05, 20:57:01, 0.0, 7.78e-08
2018-08-05, 20:57:03, 0.0, 7.71e-08
2018-08-05, 20:57:05, 0.0, 7.7e-08
2018-08-05, 20:57:07, 0.0, 7.78e-08
2018-08-05, 20:57:09, 0.0, 7.68e-08
2018-08-05, 20:57:11, 0.0, 7.75e-08
2018-08-05, 20:57:13, 0.0, 7.67e-08
2018-08-05, 20:57:15, 0.0, 7.74e-08
2018-08-05, 20:57:18, 0.0, 7.75e-08
2018-08-05, 20:57:20, 0.0, 7.75e-08
2018-08-05, 20:57:22, 0.0, 7.7e-08
2018-08-05, 20:57:24, 0.0, 7.77e-08
2018-08-05, 20:57:26, 0.0, 7.77e-08
2018-08-05, 20:57:28, 0.0, 7.74e-08
2018-08-05, 20:57:30, 0.0, 7.76e-08
2018-08-05, 20:57:32, 0.0, 7.77e-08
2018-08-05, 20:57:35, 0.0, 7.72e-08
2018-08-05, 20:57:37, 0.0, 7.75e-08
2018-08-05, 20:57:39, 0.0, 7.76e-08
2018-08-05, 20:57:41, 0.0, 7.71e-08
2018-08-05, 20:57:43, 0.0, 7.8e-08
2018-08-05, 20:57:45, 0.0, 7.72e-08
2018-08-05, 20:57:47, 0.0, 7.8e-08
2018-08-05, 20:57:49, 0.0, 7.83e-08
2018-08-05, 20:57:52, 0.0, 7.82e-08
2018-08-05, 20:57:54, 0.0, 7.78e-08
2018-08-05, 20:57:56, 0.0, 7.8e-08
2018-08-05, 20:57:58, 0.0, 7.84e-08
2018-08-05, 20:58:00, 0.0, 7.78e-08
2018-08-05, 20:58:02, 0.0, 7.75e-08
2018-08-05, 20:58:04, 0.0, 7.79e-08
2018-08-05, 20:58:06, 0.0, 7.79e-08
2018-08-05, 20:58:09, 0.0, 7.79e-08
2018-08-05, 20:58:11, 0.0, 7.75e-08
2018-08-05, 20:58:13, 0.0, 7.77e-08
2018-08-05, 20:58:15, 0.0, 7.77e-08
2018-08-05, 20:58:17, 0.0, 7.73e-08
2018-08-05, 20:58:19, 0.0, 7.71e-08
2018-08-05, 20:58:21, 0.0, 7.74e-08
2018-08-05, 20:58:23, 0.0, 7.74e-08
2018-08-05, 20:58:26, 0.0, 7.78e-08
2018-08-05, 20:58:28, 0.0, 7.73e-08
2018-08-05, 20:58:30, 0.0, 7.75e-08
2018-08-05, 20:58:32, 0.0, 7.68e-08
2018-08-05, 20:58:34, 0.0, 7.74e-08
2018-08-05, 20:58:36, 0.0, 7.72e-08
2018-08-05, 20:58:38, 0.0, 7.78e-08
2018-08-05, 20:58:40, 0.0, 7.73e-08
2018-08-05, 20:58:43, 0.0, 7.72e-08
2018-08-05, 20:58:45, 0.0, 7.79e-08
2018-08-05, 20:58:47, 0.0, 7.68e-08
2018-08-05, 20:58:49, 0.0, 7.72e-08
2018-08-05, 20:58:51, 0.0, 7.69e-08
2018-08-05, 20:58:53, 0.0, 7.74e-08
2018-08-05, 20:58:55, 0.0, 7.71e-08
2018-08-05, 20:58:57, 0.0, 7.76e-08
2018-08-05, 20:59:00, 0.0, 7.75e-08
2018-08-05, 20:59:02, 0.0, 7.79e-08
2018-08-05, 20:59:04, 0.0, 7.75e-08
2018-08-05, 20:59:06, 0.0, 7.74e-08
2018-08-05, 20:59:08, 0.0, 7.81e-08
2018-08-05, 20:59:10, 0.0, 7.74e-08
2018-08-05, 20:59:12, 0.0, 7.72e-08
2018-08-05, 20:59:15, 0.0, 7.75e-08
2018-08-05, 20:59:17, 0.0, 7.81e-08
2018-08-05, 20:59:19, 0.0, 7.75e-08
2018-08-05, 20:59:21, 0.0, 7.73e-08
2018-08-05, 20:59:23, 0.0, 7.73e-08
2018-08-05, 20:59:25, 0.0, 7.75e-08
2018-08-05, 20:59:27, 0.0, 7.76e-08
2018-08-05, 20:59:29, 0.0, 7.82e-08
2018-08-05, 20:59:32, 0.0, 7.74e-08
2018-08-05, 20:59:34, 0.0, 7.77e-08
2018-08-05, 20:59:36, 0.0, 7.78e-08
2018-08-05, 20:59:38, 0.0, 7.78e-08
2018-08-05, 20:59:40, 0.0, 7.75e-08
2018-08-05, 20:59:42, 0.0, 7.79e-08
2018-08-05, 20:59:44, 0.0, 7.77e-08
2018-08-05, 20:59:46, 0.0, 7.78e-08
2018-08-05, 20:59:49, 0.0, 7.76e-08
2018-08-05, 20:59:51, 0.0, 7.74e-08
2018-08-05, 20:59:53, 0.0, 7.79e-08
2018-08-05, 20:59:55, 0.0, 7.76e-08
2018-08-05, 20:59:57, 0.0, 7.76e-08
2018-08-05, 20:59:59, 0.0, 7.82e-08
2018-08-05, 21:00:01, 0.0, 7.83e-08
2018-08-05, 21:00:03, 0.0, 7.77e-08
2018-08-05, 21:00:06, 0.0, 7.79e-08
2018-08-05, 21:00:08, 0.0, 7.8e-08
2018-08-05, 21:00:10, 0.0, 7.72e-08
2018-08-05, 21:00:12, 0.0, 7.75e-08
2018-08-05, 21:00:14, 0.0, 7.75e-08
2018-08-05, 21:00:16, 0.0, 7.74e-08
2018-08-05, 21:00:18, 0.0, 7.77e-08
2018-08-05, 21:00:21, 0.0, 7.78e-08
2018-08-05, 21:00:23, 0.0, 7.76e-08
2018-08-05, 21:00:25, 0.0, 7.75e-08
2018-08-05, 21:00:27, 0.0, 7.72e-08
2018-08-05, 21:00:29, 0.0, 7.67e-08
2018-08-05, 21:00:31, 0.0, 7.76e-08
2018-08-05, 21:00:33, 0.0, 7.78e-08
2018-08-05, 21:00:35, 0.0, 7.82e-08
2018-08-05, 21:00:38, 0.0, 7.72e-08
2018-08-05, 21:00:40, 0.0, 7.75e-08
2018-08-05, 21:00:42, 0.0, 7.75e-08
2018-08-05, 21:00:44, 0.0, 7.79e-08
2018-08-05, 21:00:46, 0.0, 7.75e-08
2018-08-05, 21:00:48, 0.0, 7.78e-08
2018-08-05, 21:00:50, 0.0, 7.77e-08
2018-08-05, 21:00:53, 0.0, 7.8e-08
2018-08-05, 21:00:55, 0.0, 7.75e-08
2018-08-05, 21:00:57, 0.0, 7.76e-08
2018-08-05, 21:00:59, 0.0, 7.71e-08
2018-08-05, 21:01:01, 0.0, 7.74e-08
2018-08-05, 21:01:03, 0.0, 7.76e-08
2018-08-05, 21:01:05, 0.0, 7.82e-08
2018-08-05, 21:01:07, 0.0, 7.78e-08
2018-08-05, 21:01:10, 0.0, 7.76e-08
2018-08-05, 21:01:12, 0.0, 7.75e-08
2018-08-05, 21:01:14, 0.0, 7.8e-08
2018-08-05, 21:01:16, 0.0, 7.76e-08
2018-08-05, 21:01:18, 0.0, 7.79e-08
2018-08-05, 21:01:20, 0.0, 7.76e-08
2018-08-05, 21:01:23, 0.0, 7.75e-08
2018-08-05, 21:01:25, 0.0, 7.81e-08
2018-08-05, 21:01:27, 0.0, 7.84e-08
2018-08-05, 21:01:29, 0.0, 7.76e-08
2018-08-05, 21:01:31, 0.0, 7.79e-08
2018-08-05, 21:01:33, 0.0, 7.73e-08
2018-08-05, 21:01:35, 0.0, 7.68e-08
2018-08-05, 21:01:37, 0.0, 7.8e-08
2018-08-05, 21:01:40, 0.0, 7.74e-08
2018-08-05, 21:01:42, 0.0, 7.71e-08
2018-08-05, 21:01:44, 0.0, 7.74e-08
2018-08-05, 21:01:46, 0.0, 7.73e-08
2018-08-05, 21:01:48, 0.0, 7.83e-08
2018-08-05, 21:01:50, 0.0, 7.83e-08
2018-08-05, 21:01:52, 0.0, 7.82e-08
2018-08-05, 21:01:54, 0.0, 7.8e-08
2018-08-05, 21:01:57, 0.0, 7.75e-08
2018-08-05, 21:01:59, 0.0, 7.71e-08
2018-08-05, 21:02:01, 0.0, 7.8e-08
2018-08-05, 21:02:03, 0.0, 7.71e-08
2018-08-05, 21:02:05, 0.0, 7.73e-08
2018-08-05, 21:02:07, 0.0, 7.81e-08
2018-08-05, 21:02:09, 0.0, 7.8e-08
2018-08-05, 21:02:11, 0.0, 7.72e-08
2018-08-05, 21:02:14, 0.0, 7.77e-08
2018-08-05, 21:02:16, 0.0, 7.77e-08
2018-08-05, 21:02:18, 0.0, 7.8e-08
2018-08-05, 21:02:20, 0.0, 7.87e-08
2018-08-05, 21:02:22, 0.0, 7.83e-08
2018-08-05, 21:02:24, 0.0, 7.77e-08
2018-08-05, 21:02:26, 0.0, 7.72e-08
2018-08-05, 21:02:28, 0.0, 7.81e-08
2018-08-05, 21:02:31, 0.0, 7.8e-08
2018-08-05, 21:02:33, 0.0, 7.76e-08
2018-08-05, 21:02:35, 0.0, 7.81e-08
2018-08-05, 21:02:37, 0.0, 7.78e-08
2018-08-05, 21:02:39, 0.0, 7.8e-08
2018-08-05, 21:02:41, 0.0, 7.8e-08
2018-08-05, 21:02:43, 0.0, 7.8e-08
2018-08-05, 21:02:45, 0.0, 7.81e-08
2018-08-05, 21:02:48, 0.0, 7.75e-08
2018-08-05, 21:02:50, 0.0, 7.71e-08
2018-08-05, 21:02:52, 0.0, 7.78e-08
2018-08-05, 21:02:54, 0.0, 7.84e-08
2018-08-05, 21:02:56, 0.0, 7.79e-08
2018-08-05, 21:02:58, 0.0, 7.8e-08
2018-08-05, 21:03:00, 0.0, 7.75e-08
2018-08-05, 21:03:03, 0.0, 7.74e-08
2018-08-05, 21:03:05, 0.0, 7.78e-08
2018-08-05, 21:03:07, 0.0, 7.79e-08
2018-08-05, 21:03:09, 0.0, 7.73e-08
2018-08-05, 21:03:11, 0.0, 7.82e-08
2018-08-05, 21:03:13, 0.0, 7.78e-08
2018-08-05, 21:03:15, 0.0, 7.8e-08
2018-08-05, 21:03:17, 0.0, 7.81e-08
2018-08-05, 21:03:20, 0.0, 7.75e-08
2018-08-05, 21:03:22, 0.0, 7.64e-08
2018-08-05, 21:03:24, 0.0, 7.74e-08
2018-08-05, 21:03:26, 0.0, 7.73e-08
2018-08-05, 21:03:28, 0.0, 7.74e-08
2018-08-05, 21:03:30, 0.0, 7.7e-08
2018-08-05, 21:03:32, 0.0, 7.71e-08
2018-08-05, 21:03:34, 0.0, 7.8e-08
2018-08-05, 21:03:37, 0.0, 7.75e-08
2018-08-05, 21:03:39, 0.0, 7.79e-08
2018-08-05, 21:03:41, 0.0, 7.72e-08
2018-08-05, 21:03:43, 0.0, 7.78e-08
2018-08-05, 21:03:45, 0.0, 7.8e-08
2018-08-05, 21:03:47, 0.0, 7.79e-08
2018-08-05, 21:03:49, 0.0, 7.77e-08
2018-08-05, 21:03:51, 0.0, 7.79e-08
2018-08-05, 21:03:54, 0.0, 7.77e-08
2018-08-05, 21:03:56, 0.0, 7.84e-08
2018-08-05, 21:03:58, 0.0, 7.76e-08
2018-08-05, 21:04:00, 0.0, 7.76e-08
2018-08-05, 21:04:02, 0.0, 7.75e-08
2018-08-05, 21:04:04, 0.0, 7.77e-08
2018-08-05, 21:04:06, 0.0, 7.82e-08
2018-08-05, 21:04:08, 0.0, 7.73e-08
2018-08-05, 21:04:11, 0.0, 7.75e-08
2018-08-05, 21:04:13, 0.0, 7.77e-08
2018-08-05, 21:04:15, 0.0, 7.76e-08
2018-08-05, 21:04:17, 0.0, 7.81e-08
2018-08-05, 21:04:19, 0.0, 7.74e-08
2018-08-05, 21:04:21, 0.0, 7.75e-08
2018-08-05, 21:04:23, 0.0, 7.74e-08
2018-08-05, 21:04:25, 0.0, 7.76e-08
2018-08-05, 21:04:28, 0.0, 7.81e-08
2018-08-05, 21:04:30, 0.0, 7.74e-08
2018-08-05, 21:04:32, 0.0, 7.75e-08
2018-08-05, 21:04:34, 0.0, 7.79e-08
2018-08-05, 21:04:36, 0.0, 7.81e-08
2018-08-05, 21:04:38, 0.0, 7.72e-08
2018-08-05, 21:04:40, 0.0, 7.73e-08
2018-08-05, 21:04:42, 0.0, 7.76e-08
2018-08-05, 21:04:45, 0.0, 7.72e-08
2018-08-05, 21:04:47, 0.0, 7.75e-08
2018-08-05, 21:04:49, 0.0, 7.75e-08
2018-08-05, 21:04:51, 0.0, 7.82e-08
2018-08-05, 21:04:53, 0.0, 7.77e-08
2018-08-05, 21:04:55, 0.0, 7.77e-08
2018-08-05, 21:04:57, 0.0, 7.8e-08
2018-08-05, 21:04:59, 0.0, 7.83e-08
2018-08-05, 21:05:02, 0.0, 7.8e-08
2018-08-05, 21:05:04, 0.0, 7.79e-08
2018-08-05, 21:05:06, 0.0, 7.75e-08
2018-08-05, 21:05:08, 0.0, 7.75e-08
2018-08-05, 21:05:10, 0.0, 7.72e-08
2018-08-05, 21:05:12, 0.0, 7.76e-08
2018-08-05, 21:05:14, 0.0, 7.8e-08
2018-08-05, 21:05:16, 0.0, 7.74e-08
2018-08-05, 21:05:19, 0.0, 7.78e-08
2018-08-05, 21:05:21, 0.0, 7.73e-08
2018-08-05, 21:05:23, 0.0, 7.76e-08
2018-08-05, 21:05:25, 0.0, 7.78e-08
2018-08-05, 21:05:27, 0.0, 7.8e-08
2018-08-05, 21:05:29, 0.0, 7.77e-08
2018-08-05, 21:05:31, 0.0, 7.78e-08
2018-08-05, 21:05:33, 0.0, 7.83e-08
2018-08-05, 21:05:36, 0.0, 7.77e-08
2018-08-05, 21:05:38, 0.0, 7.78e-08
2018-08-05, 21:05:40, 0.0, 7.72e-08
2018-08-05, 21:05:42, 0.0, 7.75e-08
2018-08-05, 21:05:44, 0.0, 7.68e-08
2018-08-05, 21:05:46, 0.0, 7.75e-08
2018-08-05, 21:05:48, 0.0, 7.82e-08
2018-08-05, 21:05:50, 0.0, 7.79e-08
2018-08-05, 21:05:53, 0.0, 7.78e-08
2018-08-05, 21:05:55, 0.0, 7.76e-08
2018-08-05, 21:05:57, 0.0, 7.85e-08
2018-08-05, 21:05:59, 0.0, 7.81e-08
2018-08-05, 21:06:01, 0.0, 7.71e-08
2018-08-05, 21:06:03, 0.0, 7.73e-08
2018-08-05, 21:06:05, 0.0, 7.75e-08
2018-08-05, 21:06:07, 0.0, 7.71e-08
2018-08-05, 21:06:10, 0.0, 7.72e-08
2018-08-05, 21:06:12, 0.0, 7.75e-08
2018-08-05, 21:06:14, 0.0, 7.68e-08
2018-08-05, 21:06:16, 0.0, 7.75e-08
2018-08-05, 21:06:18, 0.0, 7.75e-08
2018-08-05, 21:06:20, 0.0, 7.75e-08
2018-08-05, 21:06:22, 0.0, 7.72e-08
2018-08-05, 21:06:25, 0.0, 7.73e-08
2018-08-05, 21:06:27, 0.0, 7.76e-08
2018-08-05, 21:06:29, 0.0, 7.73e-08
2018-08-05, 21:06:31, 0.0, 7.75e-08
2018-08-05, 21:06:33, 0.0, 7.69e-08
2018-08-05, 21:06:35, 0.0, 7.75e-08
2018-08-05, 21:06:37, 0.0, 7.72e-08
2018-08-05, 21:06:39, 0.0, 7.69e-08
2018-08-05, 21:06:42, 0.0, 7.71e-08
2018-08-05, 21:06:44, 0.0, 7.68e-08
2018-08-05, 21:06:46, 0.0, 7.74e-08
2018-08-05, 21:06:48, 0.0, 7.81e-08
2018-08-05, 21:06:50, 0.0, 7.74e-08
2018-08-05, 21:06:52, 0.0, 7.79e-08
2018-08-05, 21:06:54, 0.0, 7.69e-08
2018-08-05, 21:06:56, 0.0, 7.74e-08
2018-08-05, 21:06:59, 0.0, 7.69e-08
2018-08-05, 21:07:01, 0.0, 7.69e-08
2018-08-05, 21:07:03, 0.0, 7.81e-08
2018-08-05, 21:07:05, 0.0, 7.78e-08
2018-08-05, 21:07:07, 0.0, 7.73e-08
2018-08-05, 21:07:09, 0.0, 7.75e-08
2018-08-05, 21:07:11, 0.0, 7.73e-08
2018-08-05, 21:07:14, 0.0, 7.73e-08
2018-08-05, 21:07:16, 0.0, 7.67e-08
2018-08-05, 21:07:18, 0.0, 7.69e-08
2018-08-05, 21:07:20, 0.0, 7.74e-08
2018-08-05, 21:07:22, 0.0, 7.72e-08
2018-08-05, 21:07:24, 0.0, 7.8e-08
2018-08-05, 21:07:26, 0.0, 7.78e-08
2018-08-05, 21:07:28, 0.0, 7.76e-08
2018-08-05, 21:07:31, 0.0, 7.7e-08
2018-08-05, 21:07:33, 0.0, 7.79e-08
2018-08-05, 21:07:35, 0.0, 7.74e-08
2018-08-05, 21:07:37, 0.0, 7.67e-08
2018-08-05, 21:07:39, 0.0, 7.75e-08
2018-08-05, 21:07:41, 0.0, 7.76e-08
2018-08-05, 21:07:43, 0.0, 7.68e-08
2018-08-05, 21:07:45, 0.0, 7.74e-08
2018-08-05, 21:07:48, 0.0, 7.72e-08
2018-08-05, 21:07:50, 0.0, 7.7e-08
2018-08-05, 21:07:52, 0.0, 7.73e-08
2018-08-05, 21:07:54, 0.0, 7.74e-08
2018-08-05, 21:07:56, 0.0, 7.8e-08
2018-08-05, 21:07:58, 0.0, 7.76e-08
2018-08-05, 21:08:00, 0.0, 7.74e-08
2018-08-05, 21:08:02, 0.0, 7.76e-08
2018-08-05, 21:08:05, 0.0, 7.72e-08
2018-08-05, 21:08:07, 0.0, 7.7e-08
2018-08-05, 21:08:09, 0.0, 7.75e-08
2018-08-05, 21:08:11, 0.0, 7.78e-08
2018-08-05, 21:08:13, 0.0, 7.71e-08
2018-08-05, 21:08:15, 0.0, 7.69e-08
2018-08-05, 21:08:17, 0.0, 7.79e-08
2018-08-05, 21:08:19, 0.0, 7.73e-08
2018-08-05, 21:08:22, 0.0, 7.72e-08
2018-08-05, 21:08:24, 0.0, 7.71e-08
2018-08-05, 21:08:26, 0.0, 7.66e-08
2018-08-05, 21:08:28, 0.0, 7.73e-08
2018-08-05, 21:08:30, 0.0, 7.69e-08
2018-08-05, 21:08:32, 0.0, 7.73e-08
2018-08-05, 21:08:34, 0.0, 7.72e-08
2018-08-05, 21:08:36, 0.0, 7.76e-08
2018-08-05, 21:08:39, 0.0, 7.77e-08
2018-08-05, 21:08:41, 0.0, 7.61e-08
2018-08-05, 21:08:43, 0.0, 7.77e-08
2018-08-05, 21:08:45, 0.0, 7.8e-08
2018-08-05, 21:08:47, 0.0, 7.71e-08
2018-08-05, 21:08:49, 0.0, 7.75e-08
2018-08-05, 21:08:51, 0.0, 7.77e-08
2018-08-05, 21:08:53, 0.0, 7.74e-08
2018-08-05, 21:08:56, 0.0, 7.73e-08
2018-08-05, 21:08:58, 0.0, 7.77e-08
2018-08-05, 21:09:00, 0.0, 7.74e-08
2018-08-05, 21:09:02, 0.0, 7.77e-08
2018-08-05, 21:09:04, 0.0, 7.73e-08
2018-08-05, 21:09:06, 0.0, 7.71e-08
2018-08-05, 21:09:08, 0.0, 7.65e-08
2018-08-05, 21:09:10, 0.0, 7.63e-08
2018-08-05, 21:09:13, 0.0, 7.75e-08
2018-08-05, 21:09:15, 0.0, 7.77e-08
2018-08-05, 21:09:17, 0.0, 7.73e-08
2018-08-05, 21:09:19, 0.0, 7.78e-08
2018-08-05, 21:09:21, 0.0, 7.71e-08
2018-08-05, 21:09:23, 0.0, 7.69e-08
2018-08-05, 21:09:25, 0.0, 7.77e-08
2018-08-05, 21:09:27, 0.0, 7.82e-08
2018-08-05, 21:09:30, 0.0, 7.74e-08
2018-08-05, 21:09:32, 0.0, 7.77e-08
2018-08-05, 21:09:34, 0.0, 7.71e-08
2018-08-05, 21:09:36, 0.0, 7.65e-08
2018-08-05, 21:09:38, 0.0, 7.64e-08
2018-08-05, 21:09:40, 0.0, 7.73e-08
2018-08-05, 21:09:42, 0.0, 7.68e-08
2018-08-05, 21:09:45, 0.0, 7.76e-08
2018-08-05, 21:09:47, 0.0, 7.74e-08
2018-08-05, 21:09:49, 0.0, 7.78e-08
2018-08-05, 21:09:51, 0.0, 7.8e-08
2018-08-05, 21:09:53, 0.0, 7.78e-08
2018-08-05, 21:09:55, 0.0, 7.76e-08
2018-08-05, 21:09:57, 0.0, 7.7e-08
2018-08-05, 21:09:59, 0.0, 7.73e-08
2018-08-05, 21:10:02, 0.0, 7.78e-08
2018-08-05, 21:10:04, 0.0, 7.7e-08
2018-08-05, 21:10:06, 0.0, 7.77e-08
2018-08-05, 21:10:08, 0.0, 7.77e-08
2018-08-05, 21:10:10, 0.0, 7.76e-08
2018-08-05, 21:10:12, 0.0, 7.76e-08
2018-08-05, 21:10:14, 0.0, 7.77e-08
2018-08-05, 21:10:16, 0.0, 7.75e-08
2018-08-05, 21:10:19, 0.0, 7.85e-08
2018-08-05, 21:10:21, 0.0, 7.8e-08
2018-08-05, 21:10:23, 0.0, 7.79e-08
2018-08-05, 21:10:25, 0.0, 7.77e-08
2018-08-05, 21:10:27, 0.0, 7.68e-08
2018-08-05, 21:10:29, 0.0, 7.72e-08
2018-08-05, 21:10:31, 0.0, 7.76e-08
2018-08-05, 21:10:33, 0.0, 7.72e-08
2018-08-05, 21:10:36, 0.0, 7.77e-08
2018-08-05, 21:10:38, 0.0, 7.81e-08
2018-08-05, 21:10:40, 0.0, 7.67e-08
2018-08-05, 21:10:42, 0.0, 7.71e-08
2018-08-05, 21:10:44, 0.0, 7.77e-08
2018-08-05, 21:10:46, 0.0, 7.77e-08
2018-08-05, 21:10:48, 0.0, 7.71e-08
2018-08-05, 21:10:50, 0.0, 7.7e-08
2018-08-05, 21:10:53, 0.0, 7.77e-08
2018-08-05, 21:10:55, 0.0, 7.78e-08
2018-08-05, 21:10:57, 0.0, 7.74e-08
2018-08-05, 21:10:59, 0.0, 7.74e-08
2018-08-05, 21:11:01, 0.0, 7.74e-08
2018-08-05, 21:11:03, 0.0, 7.74e-08
2018-08-05, 21:11:05, 0.0, 7.74e-08
2018-08-05, 21:11:07, 0.0, 7.76e-08
2018-08-05, 21:11:10, 0.0, 7.76e-08
2018-08-05, 21:11:12, 0.0, 7.77e-08
2018-08-05, 21:11:14, 0.0, 7.74e-08
2018-08-05, 21:11:16, 0.0, 7.73e-08
2018-08-05, 21:11:18, 0.0, 7.71e-08
2018-08-05, 21:11:20, 0.0, 7.77e-08
2018-08-05, 21:11:22, 0.0, 7.8e-08
2018-08-05, 21:11:24, 0.0, 7.76e-08
2018-08-05, 21:11:27, 0.0, 7.78e-08
2018-08-05, 21:11:29, 0.0, 7.76e-08
2018-08-05, 21:11:31, 0.0, 7.67e-08
2018-08-05, 21:11:33, 0.0, 7.66e-08
2018-08-05, 21:11:35, 0.0, 7.73e-08
2018-08-05, 21:11:37, 0.0, 7.78e-08
2018-08-05, 21:11:39, 0.0, 7.77e-08
2018-08-05, 21:11:41, 0.0, 7.69e-08
2018-08-05, 21:11:44, 0.0, 7.71e-08
2018-08-05, 21:11:46, 0.0, 7.73e-08
2018-08-05, 21:11:48, 0.0, 7.64e-08
2018-08-05, 21:11:50, 0.0, 7.73e-08
2018-08-05, 21:11:52, 0.0, 7.75e-08
2018-08-05, 21:11:54, 0.0, 7.73e-08
2018-08-05, 21:11:56, 0.0, 7.73e-08
2018-08-05, 21:11:58, 0.0, 7.72e-08
2018-08-05, 21:12:01, 0.0, 7.73e-08
2018-08-05, 21:12:03, 0.0, 7.74e-08
2018-08-05, 21:12:05, 0.0, 7.65e-08
2018-08-05, 21:12:07, 0.0, 7.73e-08
2018-08-05, 21:12:09, 0.0, 7.66e-08
2018-08-05, 21:12:11, 0.0, 7.68e-08
2018-08-05, 21:12:13, 0.0, 7.74e-08
2018-08-05, 21:12:16, 0.0, 7.67e-08
2018-08-05, 21:12:18, 0.0, 7.71e-08
2018-08-05, 21:12:20, 0.0, 7.73e-08
2018-08-05, 21:12:22, 0.0, 7.71e-08
2018-08-05, 21:12:24, 0.0, 7.75e-08
2018-08-05, 21:12:26, 0.0, 7.73e-08
2018-08-05, 21:12:28, 0.0, 7.73e-08
2018-08-05, 21:12:30, 0.0, 7.67e-08
2018-08-05, 21:12:33, 0.0, 7.7e-08
2018-08-05, 21:12:35, 0.0, 7.74e-08
2018-08-05, 21:12:37, 0.0, 7.69e-08
2018-08-05, 21:12:39, 0.0, 7.79e-08
2018-08-05, 21:12:41, 0.0, 7.7e-08
2018-08-05, 21:12:43, 0.0, 7.7e-08
2018-08-05, 21:12:45, 0.0, 7.75e-08
2018-08-05, 21:12:48, 0.0, 7.7e-08
2018-08-05, 21:12:50, 0.0, 7.74e-08
2018-08-05, 21:12:52, 0.0, 7.72e-08
2018-08-05, 21:12:54, 0.0, 7.7e-08
2018-08-05, 21:12:56, 0.0, 7.77e-08
2018-08-05, 21:12:58, 0.0, 7.7e-08
2018-08-05, 21:13:00, 0.0, 7.75e-08
2018-08-05, 21:13:02, 0.0, 7.76e-08
2018-08-05, 21:13:05, 0.0, 7.7e-08
2018-08-05, 21:13:07, 0.0, 7.8e-08
2018-08-05, 21:13:09, 0.0, 7.69e-08
2018-08-05, 21:13:11, 0.0, 7.69e-08
2018-08-05, 21:13:13, 0.0, 7.76e-08
2018-08-05, 21:13:15, 0.0, 7.71e-08
2018-08-05, 21:13:17, 0.0, 7.7e-08
2018-08-05, 21:13:19, 0.0, 7.77e-08
2018-08-05, 21:13:22, 0.0, 7.72e-08
2018-08-05, 21:13:24, 0.0, 7.71e-08
2018-08-05, 21:13:26, 0.0, 7.71e-08
2018-08-05, 21:13:28, 0.0, 7.69e-08
2018-08-05, 21:13:30, 0.0, 7.79e-08
2018-08-05, 21:13:32, 0.0, 7.7e-08
2018-08-05, 21:13:34, 0.0, 7.72e-08
2018-08-05, 21:13:36, 0.0, 7.7e-08
2018-08-05, 21:13:39, 0.0, 7.69e-08
2018-08-05, 21:13:41, 0.0, 7.71e-08
2018-08-05, 21:13:43, 0.0, 7.69e-08
2018-08-05, 21:13:45, 0.0, 7.72e-08
2018-08-05, 21:13:47, 0.0, 7.74e-08
2018-08-05, 21:13:49, 0.0, 7.69e-08
2018-08-05, 21:13:51, 0.0, 7.77e-08
2018-08-05, 21:13:53, 0.0, 7.75e-08
2018-08-05, 21:13:56, 0.0, 7.68e-08
2018-08-05, 21:13:58, 0.0, 7.75e-08
2018-08-05, 21:14:00, 0.0, 7.73e-08
2018-08-05, 21:14:02, 0.0, 7.71e-08
2018-08-05, 21:14:04, 0.0, 7.66e-08
2018-08-05, 21:14:06, 0.0, 7.67e-08
2018-08-05, 21:14:08, 0.0, 7.75e-08
2018-08-05, 21:14:11, 0.0, 7.7e-08
2018-08-05, 21:14:13, 0.0, 7.71e-08
2018-08-05, 21:14:15, 0.0, 7.69e-08
2018-08-05, 21:14:17, 0.0, 7.71e-08
2018-08-05, 21:14:19, 0.0, 7.69e-08
2018-08-05, 21:14:21, 0.0, 7.72e-08
2018-08-05, 21:14:23, 0.0, 7.72e-08
2018-08-05, 21:14:25, 0.0, 7.69e-08
2018-08-05, 21:14:28, 0.0, 7.72e-08
2018-08-05, 21:14:30, 0.0, 7.69e-08
2018-08-05, 21:14:32, 0.0, 7.73e-08
2018-08-05, 21:14:34, 0.0, 7.7e-08
2018-08-05, 21:14:36, 0.0, 7.68e-08
2018-08-05, 21:14:38, 0.0, 7.77e-08
2018-08-05, 21:14:40, 0.0, 7.76e-08
2018-08-05, 21:14:42, 0.0, 7.72e-08
2018-08-05, 21:14:45, 0.0, 7.62e-08
2018-08-05, 21:14:47, 0.0, 7.66e-08
2018-08-05, 21:14:49, 0.0, 7.69e-08
2018-08-05, 21:14:51, 0.0, 7.72e-08
2018-08-05, 21:14:53, 0.0, 7.69e-08
2018-08-05, 21:14:55, 0.0, 7.75e-08
2018-08-05, 21:14:57, 0.0, 7.73e-08
2018-08-05, 21:14:59, 0.0, 7.72e-08
2018-08-05, 21:15:01, 0.0, 7.75e-08
2018-08-05, 21:15:04, 0.0, 7.67e-08
2018-08-05, 21:15:06, 0.0, 7.74e-08
2018-08-05, 21:15:08, 0.0, 7.66e-08
2018-08-05, 21:15:10, 0.0, 7.7e-08
2018-08-05, 21:15:12, 0.0, 7.73e-08
2018-08-05, 21:15:14, 0.0, 7.69e-08
2018-08-05, 21:15:16, 0.0, 7.72e-08
2018-08-05, 21:15:19, 0.0, 7.7e-08
2018-08-05, 21:15:21, 0.0, 7.71e-08
2018-08-05, 21:15:23, 0.0, 7.67e-08
2018-08-05, 21:15:25, 0.0, 7.74e-08
2018-08-05, 21:15:27, 0.0, 7.74e-08
2018-08-05, 21:15:29, 0.0, 7.76e-08
2018-08-05, 21:15:31, 0.0, 7.66e-08
2018-08-05, 21:15:33, 0.0, 7.73e-08
2018-08-05, 21:15:36, 0.0, 7.73e-08
2018-08-05, 21:15:38, 0.0, 7.72e-08
2018-08-05, 21:15:40, 0.0, 7.67e-08
2018-08-05, 21:15:42, 0.0, 7.67e-08
2018-08-05, 21:15:44, 0.0, 7.69e-08
2018-08-05, 21:15:46, 0.0, 7.7e-08
2018-08-05, 21:15:48, 0.0, 7.68e-08
2018-08-05, 21:15:50, 0.0, 7.69e-08
2018-08-05, 21:15:53, 0.0, 7.7e-08
2018-08-05, 21:15:55, 0.0, 7.71e-08
2018-08-05, 21:15:57, 0.0, 7.68e-08
2018-08-05, 21:15:59, 0.0, 7.71e-08
2018-08-05, 21:16:01, 0.0, 7.73e-08
2018-08-05, 21:16:03, 0.0, 7.75e-08
2018-08-05, 21:16:05, 0.0, 7.79e-08
2018-08-05, 21:16:07, 0.0, 7.74e-08
2018-08-05, 21:16:10, 0.0, 7.73e-08
2018-08-05, 21:16:12, 0.0, 7.74e-08
2018-08-05, 21:16:14, 0.0, 7.76e-08
2018-08-05, 21:16:16, 0.0, 7.68e-08
2018-08-05, 21:16:18, 0.0, 7.75e-08
2018-08-05, 21:16:20, 0.0, 7.73e-08
2018-08-05, 21:16:22, 0.0, 7.74e-08
2018-08-05, 21:16:24, 0.0, 7.7e-08
2018-08-05, 21:16:27, 0.0, 7.63e-08
2018-08-05, 21:16:29, 0.0, 7.71e-08
2018-08-05, 21:16:31, 0.0, 7.71e-08
2018-08-05, 21:16:33, 0.0, 7.68e-08
2018-08-05, 21:16:35, 0.0, 7.76e-08
2018-08-05, 21:16:37, 0.0, 7.64e-08
2018-08-05, 21:16:39, 0.0, 7.76e-08
2018-08-05, 21:16:42, 0.0, 7.71e-08
2018-08-05, 21:16:44, 0.0, 7.73e-08
2018-08-05, 21:16:46, 0.0, 7.71e-08
2018-08-05, 21:16:48, 0.0, 7.73e-08
2018-08-05, 21:16:50, 0.0, 7.76e-08
2018-08-05, 21:16:52, 0.0, 7.7e-08
2018-08-05, 21:16:54, 0.0, 7.79e-08
2018-08-05, 21:16:56, 0.0, 7.7e-08
2018-08-05, 21:16:59, 0.0, 7.75e-08
2018-08-05, 21:17:01, 0.0, 7.66e-08
2018-08-05, 21:17:03, 0.0, 7.72e-08
2018-08-05, 21:17:05, 0.0, 7.76e-08
2018-08-05, 21:17:07, 0.0, 7.66e-08
2018-08-05, 21:17:09, 0.0, 7.73e-08
2018-08-05, 21:17:11, 0.0, 7.67e-08
2018-08-05, 21:17:13, 0.0, 7.7e-08
2018-08-05, 21:17:16, 0.0, 7.69e-08
2018-08-05, 21:17:18, 0.0, 7.71e-08
2018-08-05, 21:17:20, 0.0, 7.71e-08
2018-08-05, 21:17:22, 0.0, 7.73e-08
2018-08-05, 21:17:24, 0.0, 7.71e-08
2018-08-05, 21:17:26, 0.0, 7.62e-08
2018-08-05, 21:17:28, 0.0, 7.6e-08
2018-08-05, 21:17:31, 0.0, 7.71e-08
2018-08-05, 21:17:33, 0.0, 7.66e-08
2018-08-05, 21:17:35, 0.0, 7.73e-08
2018-08-05, 21:17:37, 0.0, 7.67e-08
2018-08-05, 21:17:39, 0.0, 7.64e-08
2018-08-05, 21:17:41, 0.0, 7.72e-08
2018-08-05, 21:17:43, 0.0, 7.79e-08
2018-08-05, 21:17:45, 0.0, 7.73e-08
2018-08-05, 21:17:48, 0.0, 7.68e-08
2018-08-05, 21:17:50, 0.0, 7.67e-08
2018-08-05, 21:17:52, 0.0, 7.74e-08
2018-08-05, 21:17:54, 0.0, 7.76e-08
2018-08-05, 21:17:56, 0.0, 7.74e-08
2018-08-05, 21:17:58, 0.0, 7.72e-08
2018-08-05, 21:18:00, 0.0, 7.79e-08
2018-08-05, 21:18:02, 0.0, 7.68e-08
2018-08-05, 21:18:05, 0.0, 7.64e-08
2018-08-05, 21:18:07, 0.0, 7.72e-08
2018-08-05, 21:18:09, 0.0, 7.74e-08
2018-08-05, 21:18:11, 0.0, 7.7e-08
2018-08-05, 21:18:13, 0.0, 7.78e-08
2018-08-05, 21:18:15, 0.0, 7.75e-08
2018-08-05, 21:18:17, 0.0, 7.76e-08
2018-08-05, 21:18:19, 0.0, 7.74e-08
2018-08-05, 21:18:22, 0.0, 7.66e-08
2018-08-05, 21:18:24, 0.0, 7.68e-08
2018-08-05, 21:18:26, 0.0, 7.69e-08
2018-08-05, 21:18:28, 0.0, 7.74e-08
2018-08-05, 21:18:30, 0.0, 7.73e-08
2018-08-05, 21:18:32, 0.0, 7.68e-08
2018-08-05, 21:18:34, 0.0, 7.76e-08
2018-08-05, 21:18:36, 0.0, 7.69e-08
2018-08-05, 21:18:39, 0.0, 7.67e-08
2018-08-05, 21:18:41, 0.0, 7.69e-08
2018-08-05, 21:18:43, 0.0, 7.71e-08
2018-08-05, 21:18:45, 0.0, 7.68e-08
2018-08-05, 21:18:47, 0.0, 7.66e-08
2018-08-05, 21:18:49, 0.0, 7.68e-08
2018-08-05, 21:18:51, 0.0, 7.68e-08
2018-08-05, 21:18:53, 0.0, 7.63e-08
2018-08-05, 21:18:56, 0.0, 7.64e-08
2018-08-05, 21:18:58, 0.0, 7.69e-08
2018-08-05, 21:19:00, 0.0, 7.55e-08
2018-08-05, 21:19:02, 0.0, 7.62e-08
2018-08-05, 21:19:04, 0.0, 7.64e-08
2018-08-05, 21:19:06, 0.0, 7.68e-08
2018-08-05, 21:19:08, 0.0, 7.61e-08
2018-08-05, 21:19:10, 0.0, 7.7e-08
2018-08-05, 21:19:13, 0.0, 7.66e-08
2018-08-05, 21:19:15, 0.0, 7.66e-08
2018-08-05, 21:19:17, 0.0, 7.57e-08
2018-08-05, 21:19:19, 0.0, 7.66e-08
2018-08-05, 21:19:21, 0.0, 7.69e-08
2018-08-05, 21:19:23, 0.0, 7.73e-08
2018-08-05, 21:19:25, 0.0, 7.62e-08
2018-08-05, 21:19:27, 0.0, 7.66e-08
2018-08-05, 21:19:30, 0.0, 7.7e-08
2018-08-05, 21:19:32, 0.0, 7.73e-08
2018-08-05, 21:19:34, 0.0, 7.7e-08
2018-08-05, 21:19:36, 0.0, 7.65e-08
2018-08-05, 21:19:38, 0.0, 7.7e-08
2018-08-05, 21:19:40, 0.0, 7.66e-08
2018-08-05, 21:19:42, 0.0, 7.72e-08
2018-08-05, 21:19:45, 0.0, 7.72e-08
2018-08-05, 21:19:47, 0.0, 7.74e-08
2018-08-05, 21:19:49, 0.0, 7.67e-08
2018-08-05, 21:19:51, 0.0, 7.65e-08
2018-08-05, 21:19:53, 0.0, 7.59e-08
2018-08-05, 21:19:55, 0.0, 7.72e-08
2018-08-05, 21:19:57, 0.0, 7.7e-08
2018-08-05, 21:19:59, 0.0, 7.72e-08
2018-08-05, 21:20:02, 0.0, 7.69e-08
2018-08-05, 21:20:04, 0.0, 7.62e-08
2018-08-05, 21:20:06, 0.0, 7.69e-08
2018-08-05, 21:20:08, 0.0, 7.65e-08
2018-08-05, 21:20:10, 0.0, 7.66e-08
2018-08-05, 21:20:12, 0.0, 7.7e-08
2018-08-05, 21:20:14, 0.0, 7.67e-08
2018-08-05, 21:20:16, 0.0, 7.71e-08
2018-08-05, 21:20:19, 0.0, 7.61e-08
2018-08-05, 21:20:21, 0.0, 7.71e-08
2018-08-05, 21:20:23, 0.0, 7.69e-08
2018-08-05, 21:20:25, 0.0, 7.71e-08
2018-08-05, 21:20:27, 0.0, 7.69e-08
2018-08-05, 21:20:29, 0.0, 7.72e-08
2018-08-05, 21:20:31, 0.0, 7.67e-08
2018-08-05, 21:20:33, 0.0, 7.68e-08
2018-08-05, 21:20:36, 0.0, 7.71e-08
2018-08-05, 21:20:38, 0.0, 7.71e-08
2018-08-05, 21:20:40, 0.0, 7.68e-08
2018-08-05, 21:20:42, 0.0, 7.69e-08
2018-08-05, 21:20:44, 0.0, 7.64e-08
2018-08-05, 21:20:46, 0.0, 7.67e-08
2018-08-05, 21:20:48, 0.0, 7.65e-08
2018-08-05, 21:20:50, 0.0, 7.65e-08
2018-08-05, 21:20:53, 0.0, 7.7e-08
2018-08-05, 21:20:55, 0.0, 7.62e-08
2018-08-05, 21:20:57, 0.0, 7.67e-08
2018-08-05, 21:20:59, 0.0, 7.69e-08
2018-08-05, 21:21:01, 0.0, 7.75e-08
2018-08-05, 21:21:03, 0.0, 7.7e-08
2018-08-05, 21:21:05, 0.0, 7.65e-08
2018-08-05, 21:21:07, 0.0, 7.7e-08
2018-08-05, 21:21:10, 0.0, 7.66e-08
2018-08-05, 21:21:12, 0.0, 7.7e-08
2018-08-05, 21:21:14, 0.0, 7.67e-08
2018-08-05, 21:21:16, 0.0, 7.69e-08
2018-08-05, 21:21:18, 0.0, 7.72e-08
2018-08-05, 21:21:20, 0.0, 7.73e-08
2018-08-05, 21:21:22, 0.0, 7.75e-08
2018-08-05, 21:21:24, 0.0, 7.71e-08
2018-08-05, 21:21:27, 0.0, 7.7e-08
2018-08-05, 21:21:29, 0.0, 7.69e-08
2018-08-05, 21:21:31, 0.0, 7.71e-08
2018-08-05, 21:21:33, 0.0, 7.67e-08
2018-08-05, 21:21:35, 0.0, 7.71e-08
2018-08-05, 21:21:37, 0.0, 7.67e-08
2018-08-05, 21:21:39, 0.0, 7.64e-08
2018-08-05, 21:21:41, 0.0, 7.72e-08
2018-08-05, 21:21:44, 0.0, 7.7e-08
2018-08-05, 21:21:46, 0.0, 7.71e-08
2018-08-05, 21:21:48, 0.0, 7.65e-08
2018-08-05, 21:21:50, 0.0, 7.66e-08
2018-08-05, 21:21:52, 0.0, 7.68e-08
2018-08-05, 21:21:54, 0.0, 7.65e-08
2018-08-05, 21:21:56, 0.0, 7.67e-08
2018-08-05, 21:21:58, 0.0, 7.67e-08
2018-08-05, 21:22:01, 0.0, 7.69e-08
2018-08-05, 21:22:03, 0.0, 7.66e-08
2018-08-05, 21:22:05, 0.0, 7.68e-08
2018-08-05, 21:22:07, 0.0, 7.69e-08
2018-08-05, 21:22:09, 0.0, 7.7e-08
2018-08-05, 21:22:11, 0.0, 7.66e-08
2018-08-05, 21:22:13, 0.0, 7.67e-08
2018-08-05, 21:22:16, 0.0, 7.75e-08
2018-08-05, 21:22:18, 0.0, 7.64e-08
2018-08-05, 21:22:20, 0.0, 7.69e-08
2018-08-05, 21:22:22, 0.0, 7.65e-08
2018-08-05, 21:22:24, 0.0, 7.69e-08
2018-08-05, 21:22:26, 0.0, 7.67e-08
2018-08-05, 21:22:28, 0.0, 7.66e-08
2018-08-05, 21:22:30, 0.0, 7.68e-08
2018-08-05, 21:22:33, 0.0, 7.71e-08
2018-08-05, 21:22:35, 0.0, 7.62e-08
2018-08-05, 21:22:37, 0.0, 7.71e-08
2018-08-05, 21:22:39, 0.0, 7.71e-08
2018-08-05, 21:22:41, 0.0, 7.71e-08
2018-08-05, 21:22:43, 0.0, 7.74e-08
2018-08-05, 21:22:45, 0.0, 7.68e-08
2018-08-05, 21:22:47, 0.0, 7.69e-08
2018-08-05, 21:22:50, 0.0, 7.66e-08
2018-08-05, 21:22:52, 0.0, 7.66e-08
2018-08-05, 21:22:54, 0.0, 7.66e-08
2018-08-05, 21:22:56, 0.0, 7.72e-08
2018-08-05, 21:22:58, 0.0, 7.69e-08
2018-08-05, 21:23:00, 0.0, 7.73e-08
2018-08-05, 21:23:02, 0.0, 7.75e-08
2018-08-05, 21:23:04, 0.0, 7.77e-08
2018-08-05, 21:23:07, 0.0, 7.67e-08
2018-08-05, 21:23:09, 0.0, 7.72e-08
2018-08-05, 21:23:11, 0.0, 7.73e-08
2018-08-05, 21:23:13, 0.0, 7.69e-08
2018-08-05, 21:23:15, 0.0, 7.73e-08
2018-08-05, 21:23:17, 0.0, 7.69e-08
2018-08-05, 21:23:19, 0.0, 7.71e-08
2018-08-05, 21:23:21, 0.0, 7.67e-08
2018-08-05, 21:23:24, 0.0, 7.64e-08
2018-08-05, 21:23:26, 0.0, 7.69e-08
2018-08-05, 21:23:28, 0.0, 7.73e-08
2018-08-05, 21:23:30, 0.0, 7.72e-08
2018-08-05, 21:23:32, 0.0, 7.66e-08
2018-08-05, 21:23:34, 0.0, 7.62e-08
2018-08-05, 21:23:36, 0.0, 7.62e-08
2018-08-05, 21:23:38, 0.0, 7.7e-08
2018-08-05, 21:23:41, 0.0, 7.67e-08
2018-08-05, 21:23:43, 0.0, 7.76e-08
2018-08-05, 21:23:45, 0.0, 7.73e-08
2018-08-05, 21:23:47, 0.0, 7.69e-08
2018-08-05, 21:23:49, 0.0, 7.71e-08
2018-08-05, 21:23:51, 0.0, 7.65e-08
2018-08-05, 21:23:53, 0.0, 7.73e-08
2018-08-05, 21:23:55, 0.0, 7.68e-08
2018-08-05, 21:23:58, 0.0, 7.72e-08
2018-08-05, 21:24:00, 0.0, 7.71e-08
2018-08-05, 21:24:02, 0.0, 7.69e-08
2018-08-05, 21:24:04, 0.0, 7.72e-08
2018-08-05, 21:24:06, 0.0, 7.68e-08
2018-08-05, 21:24:08, 0.0, 7.69e-08
2018-08-05, 21:24:10, 0.0, 7.72e-08
2018-08-05, 21:24:12, 0.0, 7.7e-08
2018-08-05, 21:24:15, 0.0, 7.69e-08
2018-08-05, 21:24:17, 0.0, 7.72e-08
2018-08-05, 21:24:19, 0.0, 7.67e-08
2018-08-05, 21:24:21, 0.0, 7.75e-08
2018-08-05, 21:24:23, 0.0, 7.73e-08
2018-08-05, 21:24:25, 0.0, 7.75e-08
2018-08-05, 21:24:27, 0.0, 7.75e-08
2018-08-05, 21:24:29, 0.0, 7.7e-08
2018-08-05, 21:24:32, 0.0, 7.73e-08
2018-08-05, 21:24:34, 0.0, 7.71e-08
2018-08-05, 21:24:36, 0.0, 7.72e-08
2018-08-05, 21:24:38, 0.0, 7.7e-08
2018-08-05, 21:24:40, 0.0, 7.74e-08
2018-08-05, 21:24:42, 0.0, 7.68e-08
2018-08-05, 21:24:44, 0.0, 7.73e-08
2018-08-05, 21:24:46, 0.0, 7.7e-08
2018-08-05, 21:24:49, 0.0, 7.75e-08
2018-08-05, 21:24:51, 0.0, 7.76e-08
2018-08-05, 21:24:53, 0.0, 7.75e-08
2018-08-05, 21:24:55, 0.0, 7.76e-08
2018-08-05, 21:24:57, 0.0, 7.67e-08
2018-08-05, 21:24:59, 0.0, 7.71e-08
2018-08-05, 21:25:01, 0.0, 7.69e-08
2018-08-05, 21:25:04, 0.0, 7.75e-08
2018-08-05, 21:25:06, 0.0, 7.75e-08
2018-08-05, 21:25:08, 0.0, 7.7e-08
2018-08-05, 21:25:10, 0.0, 7.66e-08
2018-08-05, 21:25:12, 0.0, 7.72e-08
2018-08-05, 21:25:14, 0.0, 7.66e-08
2018-08-05, 21:25:16, 0.0, 7.78e-08
2018-08-05, 21:25:18, 0.0, 7.67e-08
2018-08-05, 21:25:21, 0.0, 7.76e-08
2018-08-05, 21:25:23, 0.0, 7.73e-08
2018-08-05, 21:25:25, 0.0, 7.66e-08
2018-08-05, 21:25:27, 0.0, 7.67e-08
2018-08-05, 21:25:29, 0.0, 7.67e-08
2018-08-05, 21:25:31, 0.0, 7.71e-08
2018-08-05, 21:25:33, 0.0, 7.73e-08
2018-08-05, 21:25:35, 0.0, 7.69e-08
2018-08-05, 21:25:38, 0.0, 7.69e-08
2018-08-05, 21:25:40, 0.0, 7.73e-08
2018-08-05, 21:25:42, 0.0, 7.7e-08
2018-08-05, 21:25:44, 0.0, 7.74e-08
2018-08-05, 21:25:46, 0.0, 7.74e-08
2018-08-05, 21:25:48, 0.0, 7.73e-08
2018-08-05, 21:25:50, 0.0, 7.73e-08
2018-08-05, 21:25:52, 0.0, 7.75e-08
2018-08-05, 21:25:55, 0.0, 7.69e-08
2018-08-05, 21:25:57, 0.0, 7.67e-08
2018-08-05, 21:25:59, 0.0, 7.67e-08
2018-08-05, 21:26:01, 0.0, 7.74e-08
2018-08-05, 21:26:03, 0.0, 7.65e-08
2018-08-05, 21:26:05, 0.0, 7.69e-08
2018-08-05, 21:26:07, 0.0, 7.71e-08
2018-08-05, 21:26:09, 0.0, 7.7e-08
2018-08-05, 21:26:12, 0.0, 7.7e-08
2018-08-05, 21:26:14, 0.0, 7.72e-08
2018-08-05, 21:26:16, 0.0, 7.73e-08
2018-08-05, 21:26:18, 0.0, 7.72e-08
2018-08-05, 21:26:20, 0.0, 7.66e-08
2018-08-05, 21:26:22, 0.0, 7.73e-08
2018-08-05, 21:26:24, 0.0, 7.71e-08
2018-08-05, 21:26:26, 0.0, 7.73e-08
2018-08-05, 21:26:29, 0.0, 7.72e-08
2018-08-05, 21:26:31, 0.0, 7.76e-08
2018-08-05, 21:26:33, 0.0, 7.71e-08
2018-08-05, 21:26:35, 0.0, 7.68e-08
2018-08-05, 21:26:37, 0.0, 7.68e-08
2018-08-05, 21:26:39, 0.0, 7.72e-08
2018-08-05, 21:26:41, 0.0, 7.73e-08
2018-08-05, 21:26:43, 0.0, 7.71e-08
2018-08-05, 21:26:46, 0.0, 7.66e-08
2018-08-05, 21:26:48, 0.0, 7.75e-08
2018-08-05, 21:26:50, 0.0, 7.75e-08
2018-08-05, 21:26:52, 0.0, 7.74e-08
2018-08-05, 21:26:54, 0.0, 7.78e-08
2018-08-05, 21:26:56, 0.0, 7.78e-08
2018-08-05, 21:26:58, 0.0, 7.77e-08
2018-08-05, 21:27:00, 0.0, 7.78e-08
2018-08-05, 21:27:03, 0.0, 7.78e-08
2018-08-05, 21:27:05, 0.0, 7.68e-08
2018-08-05, 21:27:07, 0.0, 7.73e-08
2018-08-05, 21:27:09, 0.0, 7.69e-08
2018-08-05, 21:27:11, 0.0, 7.72e-08
2018-08-05, 21:27:13, 0.0, 7.74e-08
2018-08-05, 21:27:15, 0.0, 7.72e-08
2018-08-05, 21:27:17, 0.0, 7.66e-08
2018-08-05, 21:27:20, 0.0, 7.77e-08
2018-08-05, 21:27:22, 0.0, 7.73e-08
2018-08-05, 21:27:24, 0.0, 7.68e-08
2018-08-05, 21:27:26, 0.0, 7.7e-08
2018-08-05, 21:27:28, 0.0, 7.62e-08
2018-08-05, 21:27:30, 0.0, 7.71e-08
2018-08-05, 21:27:32, 0.0, 7.66e-08
2018-08-05, 21:27:35, 0.0, 7.7e-08
2018-08-05, 21:27:37, 0.0, 7.68e-08
2018-08-05, 21:27:39, 0.0, 7.69e-08
2018-08-05, 21:27:41, 0.0, 7.73e-08
2018-08-05, 21:27:43, 0.0, 7.65e-08
2018-08-05, 21:27:45, 0.0, 7.65e-08
2018-08-05, 21:27:47, 0.0, 7.63e-08
2018-08-05, 21:27:49, 0.0, 7.65e-08
2018-08-05, 21:27:51, 0.0, 7.7e-08
2018-08-05, 21:27:54, 0.0, 7.72e-08
2018-08-05, 21:27:56, 0.0, 7.72e-08
2018-08-05, 21:27:58, 0.0, 7.67e-08
2018-08-05, 21:28:00, 0.0, 7.66e-08
2018-08-05, 21:28:02, 0.0, 7.7e-08
2018-08-05, 21:28:04, 0.0, 7.71e-08
2018-08-05, 21:28:06, 0.0, 7.7e-08
2018-08-05, 21:28:09, 0.0, 7.64e-08
2018-08-05, 21:28:11, 0.0, 7.7e-08
2018-08-05, 21:28:13, 0.0, 7.73e-08
2018-08-05, 21:28:15, 0.0, 7.69e-08
2018-08-05, 21:28:17, 0.0, 7.68e-08
2018-08-05, 21:28:19, 0.0, 7.69e-08
2018-08-05, 21:28:21, 0.0, 7.59e-08
2018-08-05, 21:28:23, 0.0, 7.67e-08
2018-08-05, 21:28:25, 0.0, 7.71e-08
2018-08-05, 21:28:28, 0.0, 7.67e-08
2018-08-05, 21:28:30, 0.0, 7.71e-08
2018-08-05, 21:28:32, 0.0, 7.65e-08
2018-08-05, 21:28:34, 0.0, 7.69e-08
2018-08-05, 21:28:36, 0.0, 7.63e-08
2018-08-05, 21:28:38, 0.0, 7.61e-08
2018-08-05, 21:28:40, 0.0, 7.69e-08
2018-08-05, 21:28:43, 0.0, 7.73e-08
2018-08-05, 21:28:45, 0.0, 7.67e-08
2018-08-05, 21:28:47, 0.0, 7.72e-08
2018-08-05, 21:28:49, 0.0, 7.66e-08
2018-08-05, 21:28:51, 0.0, 7.62e-08
2018-08-05, 21:28:53, 0.0, 7.67e-08
2018-08-05, 21:28:55, 0.0, 7.65e-08
2018-08-05, 21:28:57, 0.0, 7.71e-08
2018-08-05, 21:29:00, 0.0, 7.74e-08
2018-08-05, 21:29:02, 0.0, 7.64e-08
2018-08-05, 21:29:04, 0.0, 7.69e-08
2018-08-05, 21:29:06, 0.0, 7.72e-08
2018-08-05, 21:29:08, 0.0, 7.68e-08
2018-08-05, 21:29:10, 0.0, 7.7e-08
2018-08-05, 21:29:12, 0.0, 7.71e-08
2018-08-05, 21:29:14, 0.0, 7.7e-08
2018-08-05, 21:29:17, 0.0, 7.68e-08
2018-08-05, 21:29:19, 0.0, 7.67e-08
2018-08-05, 21:29:21, 0.0, 7.71e-08
2018-08-05, 21:29:23, 0.0, 7.69e-08
2018-08-05, 21:29:25, 0.0, 7.72e-08
2018-08-05, 21:29:27, 0.0, 7.73e-08
2018-08-05, 21:29:29, 0.0, 7.73e-08
2018-08-05, 21:29:31, 0.0, 7.7e-08
2018-08-05, 21:29:34, 0.0, 7.71e-08
2018-08-05, 21:29:36, 0.0, 7.66e-08
2018-08-05, 21:29:38, 0.0, 7.73e-08
2018-08-05, 21:29:40, 0.0, 7.71e-08
2018-08-05, 21:29:42, 0.0, 7.7e-08
2018-08-05, 21:29:44, 0.0, 7.63e-08
2018-08-05, 21:29:46, 0.0, 7.7e-08
2018-08-05, 21:29:48, 0.0, 7.65e-08
2018-08-05, 21:29:51, 0.0, 7.69e-08
2018-08-05, 21:29:53, 0.0, 7.69e-08
2018-08-05, 21:29:55, 0.0, 7.75e-08
2018-08-05, 21:29:57, 0.0, 7.73e-08
2018-08-05, 21:29:59, 0.0, 7.78e-08
2018-08-05, 21:30:01, 0.0, 7.7e-08
2018-08-05, 21:30:03, 0.0, 7.7e-08
2018-08-05, 21:30:05, 0.0, 7.71e-08
2018-08-05, 21:30:08, 0.0, 7.66e-08
2018-08-05, 21:30:10, 0.0, 7.68e-08
2018-08-05, 21:30:12, 0.0, 7.73e-08
2018-08-05, 21:30:14, 0.0, 7.81e-08
2018-08-05, 21:30:16, 0.0, 7.68e-08
2018-08-05, 21:30:18, 0.0, 7.65e-08
2018-08-05, 21:30:20, 0.0, 7.7e-08
2018-08-05, 21:30:23, 0.0, 7.72e-08
2018-08-05, 21:30:25, 0.0, 7.68e-08
2018-08-05, 21:30:27, 0.0, 7.71e-08
2018-08-05, 21:30:29, 0.0, 7.72e-08
2018-08-05, 21:30:31, 0.0, 7.72e-08
2018-08-05, 21:30:33, 0.0, 7.74e-08
2018-08-05, 21:30:35, 0.0, 7.73e-08
2018-08-05, 21:30:37, 0.0, 7.74e-08
2018-08-05, 21:30:40, 0.0, 7.72e-08
2018-08-05, 21:30:42, 0.0, 7.67e-08
2018-08-05, 21:30:44, 0.0, 7.68e-08
2018-08-05, 21:30:46, 0.0, 7.7e-08
2018-08-05, 21:30:48, 0.0, 7.69e-08
2018-08-05, 21:30:50, 0.0, 7.66e-08
2018-08-05, 21:30:52, 0.0, 7.76e-08
2018-08-05, 21:30:54, 0.0, 7.68e-08
2018-08-05, 21:30:57, 0.0, 7.78e-08
2018-08-05, 21:30:59, 0.0, 7.79e-08
2018-08-05, 21:31:01, 0.0, 7.75e-08
2018-08-05, 21:31:03, 0.0, 7.73e-08
2018-08-05, 21:31:05, 0.0, 7.75e-08
2018-08-05, 21:31:07, 0.0, 7.72e-08
2018-08-05, 21:31:09, 0.0, 7.7e-08
2018-08-05, 21:31:11, 0.0, 7.76e-08
2018-08-05, 21:31:14, 0.0, 7.69e-08
2018-08-05, 21:31:16, 0.0, 7.73e-08
2018-08-05, 21:31:18, 0.0, 7.77e-08
2018-08-05, 21:31:20, 0.0, 7.76e-08
2018-08-05, 21:31:22, 0.0, 7.77e-08
2018-08-05, 21:31:24, 0.0, 7.71e-08
2018-08-05, 21:31:26, 0.0, 7.7e-08
2018-08-05, 21:31:29, 0.0, 7.75e-08
2018-08-05, 21:31:31, 0.0, 7.7e-08
2018-08-05, 21:31:33, 0.0, 7.72e-08
2018-08-05, 21:31:35, 0.0, 7.66e-08
2018-08-05, 21:31:37, 0.0, 7.67e-08
2018-08-05, 21:31:39, 0.0, 7.76e-08
2018-08-05, 21:31:41, 0.0, 7.72e-08
2018-08-05, 21:31:43, 0.0, 7.76e-08
2018-08-05, 21:31:46, 0.0, 7.69e-08
2018-08-05, 21:31:48, 0.0, 7.69e-08
2018-08-05, 21:31:50, 0.0, 7.73e-08
2018-08-05, 21:31:52, 0.0, 7.75e-08
2018-08-05, 21:31:54, 0.0, 7.67e-08
2018-08-05, 21:31:56, 0.0, 7.7e-08
2018-08-05, 21:31:58, 0.0, 7.75e-08
2018-08-05, 21:32:00, 0.0, 7.65e-08
2018-08-05, 21:32:03, 0.0, 7.7e-08
2018-08-05, 21:32:05, 0.0, 7.69e-08
2018-08-05, 21:32:07, 0.0, 7.66e-08
2018-08-05, 21:32:09, 0.0, 7.69e-08
2018-08-05, 21:32:11, 0.0, 7.66e-08
2018-08-05, 21:32:13, 0.0, 7.71e-08
2018-08-05, 21:32:15, 0.0, 7.73e-08
2018-08-05, 21:32:17, 0.0, 7.75e-08
2018-08-05, 21:32:20, 0.0, 7.69e-08
2018-08-05, 21:32:22, 0.0, 7.73e-08
2018-08-05, 21:32:24, 0.0, 7.71e-08
2018-08-05, 21:32:26, 0.0, 7.7e-08
2018-08-05, 21:32:28, 0.0, 7.62e-08
2018-08-05, 21:32:30, 0.0, 7.73e-08
2018-08-05, 21:32:32, 0.0, 7.73e-08
2018-08-05, 21:32:34, 0.0, 7.67e-08
2018-08-05, 21:32:37, 0.0, 7.64e-08
2018-08-05, 21:32:39, 0.0, 7.65e-08
2018-08-05, 21:32:41, 0.0, 7.7e-08
2018-08-05, 21:32:43, 0.0, 7.7e-08
2018-08-05, 21:32:45, 0.0, 7.66e-08
2018-08-05, 21:32:47, 0.0, 7.74e-08
2018-08-05, 21:32:49, 0.0, 7.72e-08
2018-08-05, 21:32:51, 0.0, 7.75e-08
2018-08-05, 21:32:54, 0.0, 7.76e-08
2018-08-05, 21:32:56, 0.0, 7.72e-08
2018-08-05, 21:32:58, 0.0, 7.75e-08
2018-08-05, 21:33:00, 0.0, 7.78e-08
2018-08-05, 21:33:02, 0.0, 7.79e-08
2018-08-05, 21:33:04, 0.0, 7.74e-08
2018-08-05, 21:33:06, 0.0, 7.72e-08
2018-08-05, 21:33:09, 0.0, 7.69e-08
2018-08-05, 21:33:11, 0.0, 7.69e-08
2018-08-05, 21:33:13, 0.0, 7.73e-08
2018-08-05, 21:33:15, 0.0, 7.76e-08
2018-08-05, 21:33:17, 0.0, 7.66e-08
2018-08-05, 21:33:19, 0.0, 7.76e-08
2018-08-05, 21:33:21, 0.0, 7.8e-08
2018-08-05, 21:33:23, 0.0, 7.72e-08
2018-08-05, 21:33:26, 0.0, 7.74e-08
2018-08-05, 21:33:28, 0.0, 7.76e-08
2018-08-05, 21:33:30, 0.0, 7.69e-08
2018-08-05, 21:33:32, 0.0, 7.71e-08
2018-08-05, 21:33:34, 0.0, 7.69e-08
2018-08-05, 21:33:36, 0.0, 7.64e-08
2018-08-05, 21:33:38, 0.0, 7.65e-08
2018-08-05, 21:33:40, 0.0, 7.7e-08
2018-08-05, 21:33:43, 0.0, 7.75e-08
2018-08-05, 21:33:45, 0.0, 7.77e-08
2018-08-05, 21:33:47, 0.0, 7.75e-08
2018-08-05, 21:33:49, 0.0, 7.73e-08
2018-08-05, 21:33:51, 0.0, 7.7e-08
2018-08-05, 21:33:53, 0.0, 7.75e-08
2018-08-05, 21:33:55, 0.0, 7.69e-08
2018-08-05, 21:33:57, 0.0, 7.69e-08
2018-08-05, 21:34:00, 0.0, 7.67e-08
2018-08-05, 21:34:02, 0.0, 7.71e-08
2018-08-05, 21:34:04, 0.0, 7.68e-08
2018-08-05, 21:34:06, 0.0, 7.8e-08
2018-08-05, 21:34:08, 0.0, 7.74e-08
2018-08-05, 21:34:10, 0.0, 7.74e-08
2018-08-05, 21:34:12, 0.0, 7.76e-08
2018-08-05, 21:34:14, 0.0, 7.72e-08
2018-08-05, 21:34:17, 0.0, 7.78e-08
2018-08-05, 21:34:19, 0.0, 7.68e-08
2018-08-05, 21:34:21, 0.0, 7.72e-08
2018-08-05, 21:34:23, 0.0, 7.79e-08
2018-08-05, 21:34:25, 0.0, 7.73e-08
2018-08-05, 21:34:27, 0.0, 7.8e-08
2018-08-05, 21:34:29, 0.0, 7.79e-08
2018-08-05, 21:34:31, 0.0, 7.76e-08
2018-08-05, 21:34:34, 0.0, 7.71e-08
2018-08-05, 21:34:36, 0.0, 7.74e-08
2018-08-05, 21:34:38, 0.0, 7.7e-08
2018-08-05, 21:34:40, 0.0, 7.74e-08
2018-08-05, 21:34:42, 0.0, 7.75e-08
2018-08-05, 21:34:44, 0.0, 7.66e-08
2018-08-05, 21:34:46, 0.0, 7.71e-08
2018-08-05, 21:34:49, 0.0, 7.68e-08
2018-08-05, 21:34:51, 0.0, 7.65e-08
2018-08-05, 21:34:53, 0.0, 7.7e-08
2018-08-05, 21:34:55, 0.0, 7.76e-08
2018-08-05, 21:34:57, 0.0, 7.74e-08
2018-08-05, 21:34:59, 0.0, 7.71e-08
2018-08-05, 21:35:01, 0.0, 7.77e-08
2018-08-05, 21:35:03, 0.0, 7.73e-08
2018-08-05, 21:35:06, 0.0, 7.76e-08
2018-08-05, 21:35:08, 0.0, 7.74e-08
2018-08-05, 21:35:10, 0.0, 7.75e-08
2018-08-05, 21:35:12, 0.0, 7.7e-08
2018-08-05, 21:35:14, 0.0, 7.79e-08
2018-08-05, 21:35:16, 0.0, 7.73e-08
2018-08-05, 21:35:18, 0.0, 7.72e-08
2018-08-05, 21:35:20, 0.0, 7.74e-08
2018-08-05, 21:35:23, 0.0, 7.71e-08
2018-08-05, 21:35:25, 0.0, 7.76e-08
2018-08-05, 21:35:27, 0.0, 7.76e-08
2018-08-05, 21:35:29, 0.0, 7.68e-08
2018-08-05, 21:35:31, 0.0, 7.71e-08
2018-08-05, 21:35:33, 0.0, 7.72e-08
2018-08-05, 21:35:35, 0.0, 7.69e-08
2018-08-05, 21:35:37, 0.0, 7.7e-08
2018-08-05, 21:35:40, 0.0, 7.78e-08
2018-08-05, 21:35:42, 0.0, 7.72e-08
2018-08-05, 21:35:44, 0.0, 7.7e-08
2018-08-05, 21:35:46, 0.0, 7.73e-08
2018-08-05, 21:35:48, 0.0, 7.7e-08
2018-08-05, 21:35:50, 0.0, 7.68e-08
2018-08-05, 21:35:52, 0.0, 7.69e-08
2018-08-05, 21:35:54, 0.0, 7.72e-08
2018-08-05, 21:35:57, 0.0, 7.73e-08
2018-08-05, 21:35:59, 0.0, 7.75e-08
2018-08-05, 21:36:01, 0.0, 7.69e-08
2018-08-05, 21:36:03, 0.0, 7.73e-08
2018-08-05, 21:36:05, 0.0, 7.73e-08
2018-08-05, 21:36:07, 0.0, 7.73e-08
2018-08-05, 21:36:09, 0.0, 7.62e-08
2018-08-05, 21:36:11, 0.0, 7.72e-08
2018-08-05, 21:36:14, 0.0, 7.67e-08
2018-08-05, 21:36:16, 0.0, 7.73e-08
2018-08-05, 21:36:18, 0.0, 7.7e-08
2018-08-05, 21:36:20, 0.0, 7.7e-08
2018-08-05, 21:36:22, 0.0, 7.67e-08
2018-08-05, 21:36:24, 0.0, 7.67e-08
2018-08-05, 21:36:26, 0.0, 7.72e-08
2018-08-05, 21:36:28, 0.0, 7.68e-08
2018-08-05, 21:36:31, 0.0, 7.78e-08
2018-08-05, 21:36:33, 0.0, 7.74e-08
2018-08-05, 21:36:35, 0.0, 7.69e-08
2018-08-05, 21:36:37, 0.0, 7.72e-08
2018-08-05, 21:36:39, 0.0, 7.71e-08
2018-08-05, 21:36:41, 0.0, 7.72e-08
2018-08-05, 21:36:43, 0.0, 7.73e-08
2018-08-05, 21:36:45, 0.0, 7.74e-08
2018-08-05, 21:36:48, 0.0, 7.71e-08
2018-08-05, 21:36:50, 0.0, 7.74e-08
2018-08-05, 21:36:52, 0.0, 7.72e-08
2018-08-05, 21:36:54, 0.0, 7.74e-08
2018-08-05, 21:36:56, 0.0, 7.72e-08
2018-08-05, 21:36:58, 0.0, 7.7e-08
2018-08-05, 21:37:00, 0.0, 7.76e-08
2018-08-05, 21:37:02, 0.0, 7.67e-08
2018-08-05, 21:37:05, 0.0, 7.7e-08
2018-08-05, 21:37:07, 0.0, 7.61e-08
2018-08-05, 21:37:09, 0.0, 7.7e-08
2018-08-05, 21:37:11, 0.0, 7.69e-08
2018-08-05, 21:37:13, 0.0, 7.74e-08
2018-08-05, 21:37:15, 0.0, 7.68e-08
2018-08-05, 21:37:17, 0.0, 7.71e-08
2018-08-05, 21:37:19, 0.0, 7.74e-08
2018-08-05, 21:37:22, 0.0, 7.66e-08
2018-08-05, 21:37:24, 0.0, 7.76e-08
2018-08-05, 21:37:26, 0.0, 7.68e-08
2018-08-05, 21:37:28, 0.0, 7.76e-08
2018-08-05, 21:37:30, 0.0, 7.7e-08
2018-08-05, 21:37:32, 0.0, 7.78e-08
2018-08-05, 21:37:34, 0.0, 7.67e-08
2018-08-05, 21:37:36, 0.0, 7.69e-08
2018-08-05, 21:37:39, 0.0, 7.71e-08
2018-08-05, 21:37:41, 0.0, 7.72e-08
2018-08-05, 21:37:43, 0.0, 7.72e-08
2018-08-05, 21:37:45, 0.0, 7.65e-08
2018-08-05, 21:37:47, 0.0, 7.69e-08
2018-08-05, 21:37:49, 0.0, 7.7e-08
2018-08-05, 21:37:51, 0.0, 7.73e-08
2018-08-05, 21:37:54, 0.0, 7.71e-08
2018-08-05, 21:37:56, 0.0, 7.76e-08
2018-08-05, 21:37:58, 0.0, 7.65e-08
2018-08-05, 21:38:00, 0.0, 7.7e-08
2018-08-05, 21:38:02, 0.0, 7.74e-08
2018-08-05, 21:38:04, 0.0, 7.73e-08
2018-08-05, 21:38:06, 0.0, 7.73e-08
2018-08-05, 21:38:08, 0.0, 7.74e-08
2018-08-05, 21:38:11, 0.0, 7.68e-08
2018-08-05, 21:38:13, 0.0, 7.73e-08
2018-08-05, 21:38:15, 0.0, 7.73e-08
2018-08-05, 21:38:17, 0.0, 7.78e-08
2018-08-05, 21:38:19, 0.0, 7.78e-08
2018-08-05, 21:38:21, 0.0, 7.67e-08
2018-08-05, 21:38:23, 0.0, 7.67e-08
2018-08-05, 21:38:25, 0.0, 7.7e-08
2018-08-05, 21:38:28, 0.0, 7.74e-08
2018-08-05, 21:38:30, 0.0, 7.67e-08
2018-08-05, 21:38:32, 0.0, 7.72e-08
2018-08-05, 21:38:34, 0.0, 7.75e-08
2018-08-05, 21:38:36, 0.0, 7.78e-08
2018-08-05, 21:38:38, 0.0, 7.66e-08
2018-08-05, 21:38:40, 0.0, 7.82e-08
2018-08-05, 21:38:42, 0.0, 7.7e-08
2018-08-05, 21:38:45, 0.0, 7.72e-08
2018-08-05, 21:38:47, 0.0, 7.75e-08
2018-08-05, 21:38:49, 0.0, 7.73e-08
2018-08-05, 21:38:51, 0.0, 7.76e-08
2018-08-05, 21:38:53, 0.0, 7.73e-08
2018-08-05, 21:38:55, 0.0, 7.71e-08
2018-08-05, 21:38:57, 0.0, 7.72e-08
2018-08-05, 21:38:59, 0.0, 7.78e-08
2018-08-05, 21:39:02, 0.0, 7.73e-08
2018-08-05, 21:39:04, 0.0, 7.68e-08
2018-08-05, 21:39:06, 0.0, 7.7e-08
2018-08-05, 21:39:08, 0.0, 7.67e-08
2018-08-05, 21:39:10, 0.0, 7.69e-08
2018-08-05, 21:39:12, 0.0, 7.74e-08
2018-08-05, 21:39:14, 0.0, 7.67e-08
2018-08-05, 21:39:16, 0.0, 7.72e-08
2018-08-05, 21:39:19, 0.0, 7.68e-08
2018-08-05, 21:39:21, 0.0, 7.69e-08
2018-08-05, 21:39:23, 0.0, 7.73e-08
2018-08-05, 21:39:25, 0.0, 7.7e-08
2018-08-05, 21:39:27, 0.0, 7.72e-08
2018-08-05, 21:39:29, 0.0, 7.74e-08
2018-08-05, 21:39:31, 0.0, 7.67e-08
2018-08-05, 21:39:34, 0.0, 7.7e-08
2018-08-05, 21:39:36, 0.0, 7.66e-08
2018-08-05, 21:39:38, 0.0, 7.67e-08
2018-08-05, 21:39:40, 0.0, 7.69e-08
2018-08-05, 21:39:42, 0.0, 7.75e-08
2018-08-05, 21:39:44, 0.0, 7.7e-08
2018-08-05, 21:39:46, 0.0, 7.7e-08
2018-08-05, 21:39:48, 0.0, 7.73e-08
2018-08-05, 21:39:51, 0.0, 7.7e-08
2018-08-05, 21:39:53, 0.0, 7.71e-08
2018-08-05, 21:39:55, 0.0, 7.67e-08
2018-08-05, 21:39:57, 0.0, 7.71e-08
2018-08-05, 21:39:59, 0.0, 7.71e-08
2018-08-05, 21:40:01, 0.0, 7.75e-08
2018-08-05, 21:40:03, 0.0, 7.72e-08
2018-08-05, 21:40:05, 0.0, 7.72e-08
2018-08-05, 21:40:08, 0.0, 7.72e-08
2018-08-05, 21:40:10, 0.0, 7.66e-08
2018-08-05, 21:40:12, 0.0, 7.73e-08
2018-08-05, 21:40:14, 0.0, 7.73e-08
2018-08-05, 21:40:16, 0.0, 7.66e-08
2018-08-05, 21:40:18, 0.0, 7.67e-08
2018-08-05, 21:40:20, 0.0, 7.66e-08
2018-08-05, 21:40:22, 0.0, 7.64e-08
2018-08-05, 21:40:25, 0.0, 7.71e-08
2018-08-05, 21:40:27, 0.0, 7.62e-08
2018-08-05, 21:40:29, 0.0, 7.68e-08
2018-08-05, 21:40:31, 0.0, 7.67e-08
2018-08-05, 21:40:33, 0.0, 7.67e-08
2018-08-05, 21:40:35, 0.0, 7.65e-08
2018-08-05, 21:40:37, 0.0, 7.65e-08
2018-08-05, 21:40:39, 0.0, 7.7e-08
2018-08-05, 21:40:42, 0.0, 7.7e-08
2018-08-05, 21:40:44, 0.0, 7.67e-08
2018-08-05, 21:40:46, 0.0, 7.71e-08
2018-08-05, 21:40:48, 0.0, 7.73e-08
2018-08-05, 21:40:50, 0.0, 7.71e-08
2018-08-05, 21:40:52, 0.0, 7.66e-08
2018-08-05, 21:40:54, 0.0, 7.7e-08
2018-08-05, 21:40:56, 0.0, 7.71e-08
2018-08-05, 21:40:59, 0.0, 7.7e-08
2018-08-05, 21:41:01, 0.0, 7.65e-08
2018-08-05, 21:41:03, 0.0, 7.66e-08
2018-08-05, 21:41:05, 0.0, 7.66e-08
2018-08-05, 21:41:07, 0.0, 7.69e-08
2018-08-05, 21:41:09, 0.0, 7.65e-08
2018-08-05, 21:41:11, 0.0, 7.7e-08
2018-08-05, 21:41:13, 0.0, 7.69e-08
2018-08-05, 21:41:16, 0.0, 7.59e-08
2018-08-05, 21:41:18, 0.0, 7.57e-08
2018-08-05, 21:41:20, 0.0, 7.69e-08
2018-08-05, 21:41:22, 0.0, 7.61e-08
2018-08-05, 21:41:24, 0.0, 7.65e-08
2018-08-05, 21:41:26, 0.0, 7.63e-08
2018-08-05, 21:41:28, 0.0, 7.74e-08
2018-08-05, 21:41:30, 0.0, 7.74e-08
2018-08-05, 21:41:33, 0.0, 7.68e-08
2018-08-05, 21:41:35, 0.0, 7.68e-08
2018-08-05, 21:41:37, 0.0, 7.73e-08
2018-08-05, 21:41:39, 0.0, 7.74e-08
2018-08-05, 21:41:41, 0.0, 7.62e-08
2018-08-05, 21:41:43, 0.0, 7.68e-08
2018-08-05, 21:41:45, 0.0, 7.68e-08
2018-08-05, 21:41:47, 0.0, 7.78e-08
2018-08-05, 21:41:50, 0.0, 7.74e-08
2018-08-05, 21:41:52, 0.0, 7.71e-08
2018-08-05, 21:41:54, 0.0, 7.74e-08
2018-08-05, 21:41:56, 0.0, 7.71e-08
2018-08-05, 21:41:58, 0.0, 7.68e-08
2018-08-05, 21:42:00, 0.0, 7.7e-08
2018-08-05, 21:42:02, 0.0, 7.78e-08
2018-08-05, 21:42:05, 0.0, 7.69e-08
2018-08-05, 21:42:07, 0.0, 7.73e-08
2018-08-05, 21:42:09, 0.0, 7.72e-08
2018-08-05, 21:42:11, 0.0, 7.76e-08
2018-08-05, 21:42:13, 0.0, 7.73e-08
2018-08-05, 21:42:15, 0.0, 7.66e-08
2018-08-05, 21:42:17, 0.0, 7.67e-08
2018-08-05, 21:42:19, 0.0, 7.7e-08
2018-08-05, 21:42:22, 0.0, 7.72e-08
2018-08-05, 21:42:24, 0.0, 7.75e-08
2018-08-05, 21:42:26, 0.0, 7.68e-08
2018-08-05, 21:42:28, 0.0, 7.66e-08
2018-08-05, 21:42:30, 0.0, 7.7e-08
2018-08-05, 21:42:32, 0.0, 7.69e-08
2018-08-05, 21:42:34, 0.0, 7.68e-08
2018-08-05, 21:42:36, 0.0, 7.68e-08
2018-08-05, 21:42:39, 0.0, 7.72e-08
2018-08-05, 21:42:41, 0.0, 7.7e-08
2018-08-05, 21:42:43, 0.0, 7.7e-08
2018-08-05, 21:42:45, 0.0, 7.72e-08
2018-08-05, 21:42:47, 0.0, 7.68e-08
2018-08-05, 21:42:49, 0.0, 7.67e-08
2018-08-05, 21:42:51, 0.0, 7.73e-08
2018-08-05, 21:42:53, 0.0, 7.68e-08
2018-08-05, 21:42:56, 0.0, 7.72e-08
2018-08-05, 21:42:58, 0.0, 7.7e-08
2018-08-05, 21:43:00, 0.0, 7.65e-08
2018-08-05, 21:43:02, 0.0, 7.72e-08
2018-08-05, 21:43:04, 0.0, 7.64e-08
2018-08-05, 21:43:06, 0.0, 7.68e-08
2018-08-05, 21:43:08, 0.0, 7.7e-08
2018-08-05, 21:43:10, 0.0, 7.7e-08
2018-08-05, 21:43:13, 0.0, 7.68e-08
2018-08-05, 21:43:15, 0.0, 7.7e-08
2018-08-05, 21:43:17, 0.0, 7.73e-08
2018-08-05, 21:43:19, 0.0, 7.73e-08
2018-08-05, 21:43:21, 0.0, 7.69e-08
2018-08-05, 21:43:23, 0.0, 7.68e-08
2018-08-05, 21:43:25, 0.0, 7.72e-08
2018-08-05, 21:43:27, 0.0, 7.76e-08
2018-08-05, 21:43:30, 0.0, 7.77e-08
2018-08-05, 21:43:32, 0.0, 7.75e-08
2018-08-05, 21:43:34, 0.0, 7.68e-08
2018-08-05, 21:43:36, 0.0, 7.76e-08
2018-08-05, 21:43:38, 0.0, 7.7e-08
2018-08-05, 21:43:40, 0.0, 7.73e-08
2018-08-05, 21:43:42, 0.0, 7.73e-08
2018-08-05, 21:43:45, 0.0, 7.79e-08
2018-08-05, 21:43:47, 0.0, 7.72e-08
2018-08-05, 21:43:49, 0.0, 7.74e-08
2018-08-05, 21:43:51, 0.0, 7.69e-08
2018-08-05, 21:43:53, 0.0, 7.76e-08
2018-08-05, 21:43:55, 0.0, 7.74e-08
2018-08-05, 21:43:57, 0.0, 7.74e-08
2018-08-05, 21:43:59, 0.0, 7.68e-08
2018-08-05, 21:44:02, 0.0, 7.68e-08
2018-08-05, 21:44:04, 0.0, 7.77e-08
2018-08-05, 21:44:06, 0.0, 7.76e-08
2018-08-05, 21:44:08, 0.0, 7.72e-08
2018-08-05, 21:44:10, 0.0, 7.68e-08
2018-08-05, 21:44:12, 0.0, 7.72e-08
2018-08-05, 21:44:14, 0.0, 7.72e-08
2018-08-05, 21:44:16, 0.0, 7.68e-08
2018-08-05, 21:44:19, 0.0, 7.76e-08
2018-08-05, 21:44:21, 0.0, 7.7e-08
2018-08-05, 21:44:23, 0.0, 7.78e-08
2018-08-05, 21:44:25, 0.0, 7.74e-08
2018-08-05, 21:44:27, 0.0, 7.66e-08
2018-08-05, 21:44:29, 0.0, 7.69e-08
2018-08-05, 21:44:31, 0.0, 7.72e-08
2018-08-05, 21:44:33, 0.0, 7.76e-08
2018-08-05, 21:44:36, 0.0, 7.76e-08
2018-08-05, 21:44:38, 0.0, 7.73e-08
2018-08-05, 21:44:40, 0.0, 7.72e-08
2018-08-05, 21:44:42, 0.0, 7.71e-08
2018-08-05, 21:44:44, 0.0, 7.69e-08
2018-08-05, 21:44:46, 0.0, 7.77e-08
2018-08-05, 21:44:48, 0.0, 7.81e-08
2018-08-05, 21:44:50, 0.0, 7.8e-08
2018-08-05, 21:44:53, 0.0, 7.76e-08
2018-08-05, 21:44:55, 0.0, 7.69e-08
2018-08-05, 21:44:57, 0.0, 7.72e-08
2018-08-05, 21:44:59, 0.0, 7.71e-08
2018-08-05, 21:45:01, 0.0, 7.72e-08
2018-08-05, 21:45:03, 0.0, 7.7e-08
2018-08-05, 21:45:05, 0.0, 7.74e-08
2018-08-05, 21:45:07, 0.0, 7.68e-08
2018-08-05, 21:45:10, 0.0, 7.62e-08
2018-08-05, 21:45:12, 0.0, 7.7e-08
2018-08-05, 21:45:14, 0.0, 7.71e-08
2018-08-05, 21:45:16, 0.0, 7.71e-08
2018-08-05, 21:45:18, 0.0, 7.76e-08
2018-08-05, 21:45:20, 0.0, 7.69e-08
2018-08-05, 21:45:22, 0.0, 7.71e-08
2018-08-05, 21:45:24, 0.0, 7.7e-08
2018-08-05, 21:45:27, 0.0, 7.68e-08
2018-08-05, 21:45:29, 0.0, 7.79e-08
2018-08-05, 21:45:31, 0.0, 7.73e-08
2018-08-05, 21:45:33, 0.0, 7.73e-08
2018-08-05, 21:45:35, 0.0, 7.7e-08
2018-08-05, 21:45:37, 0.0, 7.7e-08
2018-08-05, 21:45:39, 0.0, 7.64e-08
2018-08-05, 21:45:41, 0.0, 7.69e-08
2018-08-05, 21:45:44, 0.0, 7.73e-08
2018-08-05, 21:45:46, 0.0, 7.71e-08
2018-08-05, 21:45:48, 0.0, 7.68e-08
2018-08-05, 21:45:50, 0.0, 7.72e-08
2018-08-05, 21:45:52, 0.0, 7.68e-08
2018-08-05, 21:45:54, 0.0, 7.73e-08
2018-08-05, 21:45:56, 0.0, 7.68e-08
2018-08-05, 21:45:59, 0.0, 7.71e-08
2018-08-05, 21:46:01, 0.0, 7.8e-08
2018-08-05, 21:46:03, 0.0, 7.7e-08
2018-08-05, 21:46:05, 0.0, 7.68e-08
2018-08-05, 21:46:07, 0.0, 7.69e-08
2018-08-05, 21:46:09, 0.0, 7.78e-08
2018-08-05, 21:46:11, 0.0, 7.76e-08
2018-08-05, 21:46:13, 0.0, 7.73e-08
2018-08-05, 21:46:16, 0.0, 7.7e-08
2018-08-05, 21:46:18, 0.0, 7.65e-08
2018-08-05, 21:46:20, 0.0, 7.71e-08
2018-08-05, 21:46:22, 0.0, 7.71e-08
2018-08-05, 21:46:24, 0.0, 7.64e-08
2018-08-05, 21:46:26, 0.0, 7.62e-08
2018-08-05, 21:46:28, 0.0, 7.7e-08
2018-08-05, 21:46:30, 0.0, 7.74e-08
2018-08-05, 21:46:33, 0.0, 7.68e-08
2018-08-05, 21:46:35, 0.0, 7.73e-08
2018-08-05, 21:46:37, 0.0, 7.66e-08
2018-08-05, 21:46:39, 0.0, 7.73e-08
2018-08-05, 21:46:41, 0.0, 7.75e-08
2018-08-05, 21:46:43, 0.0, 7.74e-08
2018-08-05, 21:46:45, 0.0, 7.74e-08
2018-08-05, 21:46:47, 0.0, 7.75e-08
2018-08-05, 21:46:50, 0.0, 7.75e-08
2018-08-05, 21:46:52, 0.0, 7.75e-08
2018-08-05, 21:46:54, 0.0, 7.76e-08
2018-08-05, 21:46:56, 0.0, 7.73e-08
2018-08-05, 21:46:58, 0.0, 7.76e-08
2018-08-05, 21:47:00, 0.0, 7.75e-08
2018-08-05, 21:47:02, 0.0, 7.79e-08
2018-08-05, 21:47:04, 0.0, 7.69e-08
2018-08-05, 21:47:07, 0.0, 7.7e-08
2018-08-05, 21:47:09, 0.0, 7.75e-08
2018-08-05, 21:47:11, 0.0, 7.79e-08
2018-08-05, 21:47:13, 0.0, 7.77e-08
2018-08-05, 21:47:15, 0.0, 7.78e-08
2018-08-05, 21:47:17, 0.0, 7.74e-08
2018-08-05, 21:47:19, 0.0, 7.72e-08
2018-08-05, 21:47:21, 0.0, 7.67e-08
2018-08-05, 21:47:24, 0.0, 7.77e-08
2018-08-05, 21:47:26, 0.0, 7.72e-08
2018-08-05, 21:47:28, 0.0, 7.71e-08
2018-08-05, 21:47:30, 0.0, 7.74e-08
2018-08-05, 21:47:32, 0.0, 7.8e-08
2018-08-05, 21:47:34, 0.0, 7.77e-08
2018-08-05, 21:47:36, 0.0, 7.75e-08
2018-08-05, 21:47:38, 0.0, 7.73e-08
2018-08-05, 21:47:41, 0.0, 7.77e-08
2018-08-05, 21:47:43, 0.0, 7.69e-08
2018-08-05, 21:47:45, 0.0, 7.74e-08
2018-08-05, 21:47:47, 0.0, 7.7e-08
2018-08-05, 21:47:49, 0.0, 7.72e-08
2018-08-05, 21:47:51, 0.0, 7.76e-08
2018-08-05, 21:47:53, 0.0, 7.71e-08
2018-08-05, 21:47:55, 0.0, 7.71e-08
2018-08-05, 21:47:57, 0.0, 7.68e-08
2018-08-05, 21:48:00, 0.0, 7.77e-08
2018-08-05, 21:48:02, 0.0, 7.74e-08
2018-08-05, 21:48:04, 0.0, 7.75e-08
2018-08-05, 21:48:06, 0.0, 7.68e-08
2018-08-05, 21:48:08, 0.0, 7.73e-08
2018-08-05, 21:48:10, 0.0, 7.72e-08
2018-08-05, 21:48:12, 0.0, 7.73e-08
2018-08-05, 21:48:14, 0.0, 7.75e-08
2018-08-05, 21:48:17, 0.0, 7.72e-08
2018-08-05, 21:48:19, 0.0, 7.71e-08
2018-08-05, 21:48:21, 0.0, 7.73e-08
2018-08-05, 21:48:23, 0.0, 7.73e-08
2018-08-05, 21:48:25, 0.0, 7.75e-08
2018-08-05, 21:48:27, 0.0, 7.82e-08
2018-08-05, 21:48:29, 0.0, 7.75e-08
2018-08-05, 21:48:31, 0.0, 7.73e-08
2018-08-05, 21:48:34, 0.0, 7.68e-08
2018-08-05, 21:48:36, 0.0, 7.7e-08
2018-08-05, 21:48:38, 0.0, 7.75e-08
2018-08-05, 21:48:40, 0.0, 7.72e-08
2018-08-05, 21:48:42, 0.0, 7.72e-08
2018-08-05, 21:48:44, 0.0, 7.74e-08
2018-08-05, 21:48:46, 0.0, 7.71e-08
2018-08-05, 21:48:48, 0.0, 7.71e-08
2018-08-05, 21:48:51, 0.0, 7.74e-08
2018-08-05, 21:48:53, 0.0, 7.68e-08
2018-08-05, 21:48:55, 0.0, 7.74e-08
2018-08-05, 21:48:57, 0.0, 7.72e-08
2018-08-05, 21:48:59, 0.0, 7.72e-08
2018-08-05, 21:49:01, 0.0, 7.61e-08
2018-08-05, 21:49:03, 0.0, 7.73e-08
2018-08-05, 21:49:05, 0.0, 7.65e-08
2018-08-05, 21:49:08, 0.0, 7.73e-08
2018-08-05, 21:49:10, 0.0, 7.76e-08
2018-08-05, 21:49:12, 0.0, 7.73e-08
2018-08-05, 21:49:14, 0.0, 7.72e-08
2018-08-05, 21:49:16, 0.0, 7.7e-08
2018-08-05, 21:49:18, 0.0, 7.68e-08
2018-08-05, 21:49:20, 0.0, 7.69e-08
2018-08-05, 21:49:22, 0.0, 7.74e-08
2018-08-05, 21:49:25, 0.0, 7.73e-08
2018-08-05, 21:49:27, 0.0, 7.71e-08
2018-08-05, 21:49:29, 0.0, 7.76e-08
2018-08-05, 21:49:31, 0.0, 7.74e-08
2018-08-05, 21:49:33, 0.0, 7.74e-08
2018-08-05, 21:49:35, 0.0, 7.72e-08
2018-08-05, 21:49:37, 0.0, 7.73e-08
2018-08-05, 21:49:39, 0.0, 7.71e-08
2018-08-05, 21:49:42, 0.0, 7.76e-08
2018-08-05, 21:49:44, 0.0, 7.74e-08
2018-08-05, 21:49:46, 0.0, 7.73e-08
2018-08-05, 21:49:48, 0.0, 7.66e-08
2018-08-05, 21:49:50, 0.0, 7.75e-08
2018-08-05, 21:49:52, 0.0, 7.69e-08
2018-08-05, 21:49:54, 0.0, 7.75e-08
2018-08-05, 21:49:56, 0.0, 7.69e-08
2018-08-05, 21:49:59, 0.0, 7.71e-08
2018-08-05, 21:50:01, 0.0, 7.75e-08
2018-08-05, 21:50:03, 0.0, 7.67e-08
2018-08-05, 21:50:05, 0.0, 7.71e-08
2018-08-05, 21:50:07, 0.0, 7.7e-08
2018-08-05, 21:50:09, 0.0, 7.77e-08
2018-08-05, 21:50:11, 0.0, 7.7e-08
2018-08-05, 21:50:14, 0.0, 7.69e-08
2018-08-05, 21:50:16, 0.0, 7.69e-08
2018-08-05, 21:50:18, 0.0, 7.68e-08
2018-08-05, 21:50:20, 0.0, 7.62e-08
2018-08-05, 21:50:22, 0.0, 7.67e-08
2018-08-05, 21:50:24, 0.0, 7.65e-08
2018-08-05, 21:50:26, 0.0, 7.72e-08
2018-08-05, 21:50:28, 0.0, 7.69e-08
2018-08-05, 21:50:31, 0.0, 7.73e-08
2018-08-05, 21:50:33, 0.0, 7.71e-08
2018-08-05, 21:50:35, 0.0, 7.64e-08
2018-08-05, 21:50:37, 0.0, 7.73e-08
2018-08-05, 21:50:39, 0.0, 7.67e-08
2018-08-05, 21:50:41, 0.0, 7.68e-08
2018-08-05, 21:50:43, 0.0, 7.73e-08
2018-08-05, 21:50:45, 0.0, 7.73e-08
2018-08-05, 21:50:48, 0.0, 7.75e-08
2018-08-05, 21:50:50, 0.0, 7.68e-08
2018-08-05, 21:50:52, 0.0, 7.72e-08
2018-08-05, 21:50:54, 0.0, 7.69e-08
2018-08-05, 21:50:56, 0.0, 7.68e-08
2018-08-05, 21:50:58, 0.0, 7.71e-08
2018-08-05, 21:51:00, 0.0, 7.7e-08
2018-08-05, 21:51:02, 0.0, 7.65e-08
2018-08-05, 21:51:05, 0.0, 7.73e-08
2018-08-05, 21:51:07, 0.0, 7.68e-08
2018-08-05, 21:51:09, 0.0, 7.7e-08
2018-08-05, 21:51:11, 0.0, 7.74e-08
2018-08-05, 21:51:13, 0.0, 7.74e-08
2018-08-05, 21:51:15, 0.0, 7.68e-08
2018-08-05, 21:51:17, 0.0, 7.67e-08
2018-08-05, 21:51:19, 0.0, 7.69e-08
2018-08-05, 21:51:22, 0.0, 7.72e-08
2018-08-05, 21:51:24, 0.0, 7.68e-08
2018-08-05, 21:51:26, 0.0, 7.7e-08
2018-08-05, 21:51:28, 0.0, 7.71e-08
2018-08-05, 21:51:30, 0.0, 7.6e-08
2018-08-05, 21:51:32, 0.0, 7.67e-08
2018-08-05, 21:51:34, 0.0, 7.64e-08
2018-08-05, 21:51:36, 0.0, 7.66e-08
2018-08-05, 21:51:39, 0.0, 7.68e-08
2018-08-05, 21:51:41, 0.0, 7.69e-08
2018-08-05, 21:51:43, 0.0, 7.64e-08
2018-08-05, 21:51:45, 0.0, 7.7e-08
2018-08-05, 21:51:47, 0.0, 7.69e-08
2018-08-05, 21:51:49, 0.0, 7.69e-08
2018-08-05, 21:51:51, 0.0, 7.74e-08
2018-08-05, 21:51:53, 0.0, 7.72e-08
2018-08-05, 21:51:56, 0.0, 7.65e-08
2018-08-05, 21:51:58, 0.0, 7.67e-08
2018-08-05, 21:52:00, 0.0, 7.72e-08
2018-08-05, 21:52:02, 0.0, 7.68e-08
2018-08-05, 21:52:04, 0.0, 7.66e-08
2018-08-05, 21:52:06, 0.0, 7.68e-08
2018-08-05, 21:52:08, 0.0, 7.77e-08
2018-08-05, 21:52:10, 0.0, 7.68e-08
2018-08-05, 21:52:13, 0.0, 7.68e-08
2018-08-05, 21:52:15, 0.0, 7.72e-08
2018-08-05, 21:52:17, 0.0, 7.75e-08
2018-08-05, 21:52:19, 0.0, 7.77e-08
2018-08-05, 21:52:21, 0.0, 7.72e-08
2018-08-05, 21:52:23, 0.0, 7.68e-08
2018-08-05, 21:52:25, 0.0, 7.74e-08
2018-08-05, 21:52:27, 0.0, 7.7e-08
2018-08-05, 21:52:30, 0.0, 7.69e-08
2018-08-05, 21:52:32, 0.0, 7.69e-08
2018-08-05, 21:52:34, 0.0, 7.71e-08
2018-08-05, 21:52:36, 0.0, 7.74e-08
2018-08-05, 21:52:38, 0.0, 7.73e-08
2018-08-05, 21:52:40, 0.0, 7.67e-08
2018-08-05, 21:52:42, 0.0, 7.71e-08
2018-08-05, 21:52:45, 0.0, 7.69e-08
2018-08-05, 21:52:47, 0.0, 7.69e-08
2018-08-05, 21:52:49, 0.0, 7.76e-08
2018-08-05, 21:52:51, 0.0, 7.67e-08
2018-08-05, 21:52:53, 0.0, 7.7e-08
2018-08-05, 21:52:55, 0.0, 7.71e-08
2018-08-05, 21:52:57, 0.0, 7.62e-08
2018-08-05, 21:52:59, 0.0, 7.66e-08
2018-08-05, 21:53:02, 0.0, 7.74e-08
2018-08-05, 21:53:04, 0.0, 7.67e-08
2018-08-05, 21:53:06, 0.0, 7.71e-08
2018-08-05, 21:53:08, 0.0, 7.69e-08
2018-08-05, 21:53:10, 0.0, 7.71e-08
2018-08-05, 21:53:12, 0.0, 7.69e-08
2018-08-05, 21:53:14, 0.0, 7.69e-08
2018-08-05, 21:53:16, 0.0, 7.7e-08
2018-08-05, 21:53:19, 0.0, 7.65e-08
2018-08-05, 21:53:21, 0.0, 7.68e-08
2018-08-05, 21:53:23, 0.0, 7.72e-08
2018-08-05, 21:53:25, 0.0, 7.72e-08
2018-08-05, 21:53:27, 0.0, 7.71e-08
2018-08-05, 21:53:29, 0.0, 7.71e-08
2018-08-05, 21:53:31, 0.0, 7.7e-08
2018-08-05, 21:53:33, 0.0, 7.67e-08
2018-08-05, 21:53:36, 0.0, 7.66e-08
2018-08-05, 21:53:38, 0.0, 7.6e-08
2018-08-05, 21:53:40, 0.0, 7.71e-08
2018-08-05, 21:53:42, 0.0, 7.64e-08
2018-08-05, 21:53:44, 0.0, 7.73e-08
2018-08-05, 21:53:46, 0.0, 7.73e-08
2018-08-05, 21:53:48, 0.0, 7.69e-08
2018-08-05, 21:53:50, 0.0, 7.7e-08
2018-08-05, 21:53:53, 0.0, 7.69e-08
2018-08-05, 21:53:55, 0.0, 7.69e-08
2018-08-05, 21:53:57, 0.0, 7.71e-08
2018-08-05, 21:53:59, 0.0, 7.66e-08
2018-08-05, 21:54:01, 0.0, 7.65e-08
2018-08-05, 21:54:03, 0.0, 7.61e-08
2018-08-05, 21:54:05, 0.0, 7.69e-08
2018-08-05, 21:54:08, 0.0, 7.7e-08
2018-08-05, 21:54:10, 0.0, 7.65e-08
2018-08-05, 21:54:12, 0.0, 7.76e-08
2018-08-05, 21:54:14, 0.0, 7.69e-08
2018-08-05, 21:54:16, 0.0, 7.71e-08
2018-08-05, 21:54:18, 0.0, 7.63e-08
2018-08-05, 21:54:20, 0.0, 7.67e-08
2018-08-05, 21:54:22, 0.0, 7.65e-08
2018-08-05, 21:54:25, 0.0, 7.68e-08
2018-08-05, 21:54:27, 0.0, 7.68e-08
2018-08-05, 21:54:29, 0.0, 7.67e-08
2018-08-05, 21:54:31, 0.0, 7.65e-08
2018-08-05, 21:54:33, 0.0, 7.67e-08
2018-08-05, 21:54:35, 0.0, 7.68e-08
2018-08-05, 21:54:37, 0.0, 7.69e-08
2018-08-05, 21:54:39, 0.0, 7.71e-08
2018-08-05, 21:54:42, 0.0, 7.72e-08
2018-08-05, 21:54:44, 0.0, 7.7e-08
2018-08-05, 21:54:46, 0.0, 7.68e-08
2018-08-05, 21:54:48, 0.0, 7.69e-08
2018-08-05, 21:54:50, 0.0, 7.68e-08
2018-08-05, 21:54:52, 0.0, 7.68e-08
2018-08-05, 21:54:54, 0.0, 7.6e-08
2018-08-05, 21:54:56, 0.0, 7.67e-08
2018-08-05, 21:54:59, 0.0, 7.67e-08
2018-08-05, 21:55:01, 0.0, 7.67e-08
2018-08-05, 21:55:03, 0.0, 7.68e-08
2018-08-05, 21:55:05, 0.0, 7.7e-08
2018-08-05, 21:55:07, 0.0, 7.61e-08
2018-08-05, 21:55:09, 0.0, 7.69e-08
2018-08-05, 21:55:11, 0.0, 7.71e-08
2018-08-05, 21:55:14, 0.0, 7.76e-08
2018-08-05, 21:55:16, 0.0, 7.66e-08
2018-08-05, 21:55:18, 0.0, 7.64e-08
2018-08-05, 21:55:20, 0.0, 7.68e-08
2018-08-05, 21:55:22, 0.0, 7.63e-08
2018-08-05, 21:55:24, 0.0, 7.71e-08
2018-08-05, 21:55:26, 0.0, 7.62e-08
2018-08-05, 21:55:28, 0.0, 7.68e-08
2018-08-05, 21:55:31, 0.0, 7.69e-08
2018-08-05, 21:55:33, 0.0, 7.7e-08
2018-08-05, 21:55:35, 0.0, 7.67e-08
2018-08-05, 21:55:37, 0.0, 7.75e-08
2018-08-05, 21:55:39, 0.0, 7.69e-08
2018-08-05, 21:55:41, 0.0, 7.64e-08
2018-08-05, 21:55:43, 0.0, 7.71e-08
2018-08-05, 21:55:45, 0.0, 7.66e-08
2018-08-05, 21:55:48, 0.0, 7.64e-08
2018-08-05, 21:55:50, 0.0, 7.62e-08
2018-08-05, 21:55:52, 0.0, 7.65e-08
2018-08-05, 21:55:54, 0.0, 7.68e-08
2018-08-05, 21:55:56, 0.0, 7.64e-08
2018-08-05, 21:55:58, 0.0, 7.66e-08
2018-08-05, 21:56:00, 0.0, 7.69e-08
2018-08-05, 21:56:02, 0.0, 7.67e-08
2018-08-05, 21:56:05, 0.0, 7.66e-08
2018-08-05, 21:56:07, 0.0, 7.7e-08
2018-08-05, 21:56:09, 0.0, 7.76e-08
2018-08-05, 21:56:11, 0.0, 7.7e-08
2018-08-05, 21:56:13, 0.0, 7.69e-08
2018-08-05, 21:56:15, 0.0, 7.68e-08
2018-08-05, 21:56:17, 0.0, 7.68e-08
2018-08-05, 21:56:19, 0.0, 7.68e-08
2018-08-05, 21:56:22, 0.0, 7.66e-08
2018-08-05, 21:56:24, 0.0, 7.63e-08
2018-08-05, 21:56:26, 0.0, 7.69e-08
2018-08-05, 21:56:28, 0.0, 7.64e-08
2018-08-05, 21:56:30, 0.0, 7.71e-08
2018-08-05, 21:56:32, 0.0, 7.68e-08
2018-08-05, 21:56:34, 0.0, 7.7e-08
2018-08-05, 21:56:36, 0.0, 7.69e-08
2018-08-05, 21:56:39, 0.0, 7.67e-08
2018-08-05, 21:56:41, 0.0, 7.69e-08
2018-08-05, 21:56:43, 0.0, 7.66e-08
2018-08-05, 21:56:45, 0.0, 7.63e-08
2018-08-05, 21:56:47, 0.0, 7.67e-08
2018-08-05, 21:56:49, 0.0, 7.67e-08
2018-08-05, 21:56:51, 0.0, 7.7e-08
2018-08-05, 21:56:53, 0.0, 7.65e-08
2018-08-05, 21:56:56, 0.0, 7.62e-08
2018-08-05, 21:56:58, 0.0, 7.64e-08
2018-08-05, 21:57:00, 0.0, 7.69e-08
2018-08-05, 21:57:02, 0.0, 7.71e-08
2018-08-05, 21:57:04, 0.0, 7.68e-08
2018-08-05, 21:57:06, 0.0, 7.63e-08
2018-08-05, 21:57:08, 0.0, 7.67e-08
2018-08-05, 21:57:10, 0.0, 7.67e-08
2018-08-05, 21:57:13, 0.0, 7.67e-08
2018-08-05, 21:57:15, 0.0, 7.75e-08
2018-08-05, 21:57:17, 0.0, 7.7e-08
2018-08-05, 21:57:19, 0.0, 7.67e-08
2018-08-05, 21:57:21, 0.0, 7.65e-08
2018-08-05, 21:57:23, 0.0, 7.6e-08
2018-08-05, 21:57:25, 0.0, 7.6e-08
2018-08-05, 21:57:27, 0.0, 7.73e-08
2018-08-05, 21:57:30, 0.0, 7.71e-08
2018-08-05, 21:57:32, 0.0, 7.72e-08
2018-08-05, 21:57:34, 0.0, 7.7e-08
2018-08-05, 21:57:36, 0.0, 7.71e-08
2018-08-05, 21:57:38, 0.0, 7.61e-08
2018-08-05, 21:57:40, 0.0, 7.67e-08
2018-08-05, 21:57:42, 0.0, 7.73e-08
2018-08-05, 21:57:44, 0.0, 7.63e-08
2018-08-05, 21:57:47, 0.0, 7.65e-08
2018-08-05, 21:57:49, 0.0, 7.68e-08
2018-08-05, 21:57:51, 0.0, 7.71e-08
2018-08-05, 21:57:53, 0.0, 7.66e-08
2018-08-05, 21:57:55, 0.0, 7.74e-08
2018-08-05, 21:57:57, 0.0, 7.67e-08
2018-08-05, 21:57:59, 0.0, 7.71e-08
2018-08-05, 21:58:01, 0.0, 7.7e-08
2018-08-05, 21:58:04, 0.0, 7.72e-08
2018-08-05, 21:58:06, 0.0, 7.68e-08
2018-08-05, 21:58:08, 0.0, 7.72e-08
2018-08-05, 21:58:10, 0.0, 7.66e-08
2018-08-05, 21:58:12, 0.0, 7.71e-08
2018-08-05, 21:58:14, 0.0, 7.7e-08
2018-08-05, 21:58:16, 0.0, 7.67e-08
2018-08-05, 21:58:18, 0.0, 7.6e-08
2018-08-05, 21:58:21, 0.0, 7.69e-08
2018-08-05, 21:58:23, 0.0, 7.64e-08
2018-08-05, 21:58:25, 0.0, 7.7e-08
2018-08-05, 21:58:27, 0.0, 7.66e-08
2018-08-05, 21:58:29, 0.0, 7.68e-08
2018-08-05, 21:58:31, 0.0, 7.74e-08
2018-08-05, 21:58:33, 0.0, 7.74e-08
2018-08-05, 21:58:35, 0.0, 7.7e-08
2018-08-05, 21:58:38, 0.0, 7.61e-08
2018-08-05, 21:58:40, 0.0, 7.66e-08
2018-08-05, 21:58:42, 0.0, 7.62e-08
2018-08-05, 21:58:44, 0.0, 7.66e-08
2018-08-05, 21:58:46, 0.0, 7.71e-08
2018-08-05, 21:58:48, 0.0, 7.72e-08
2018-08-05, 21:58:50, 0.0, 7.7e-08
2018-08-05, 21:58:52, 0.0, 7.7e-08
2018-08-05, 21:58:55, 0.0, 7.67e-08
2018-08-05, 21:58:57, 0.0, 7.69e-08
2018-08-05, 21:58:59, 0.0, 7.64e-08
2018-08-05, 21:59:01, 0.0, 7.7e-08
2018-08-05, 21:59:03, 0.0, 7.72e-08
2018-08-05, 21:59:05, 0.0, 7.72e-08
2018-08-05, 21:59:07, 0.0, 7.78e-08
2018-08-05, 21:59:10, 0.0, 7.7e-08
2018-08-05, 21:59:12, 0.0, 7.69e-08
2018-08-05, 21:59:14, 0.0, 7.74e-08
2018-08-05, 21:59:16, 0.0, 7.72e-08
2018-08-05, 21:59:18, 0.0, 7.72e-08
2018-08-05, 21:59:20, 0.0, 7.72e-08
2018-08-05, 21:59:22, 0.0, 7.73e-08
2018-08-05, 21:59:24, 0.0, 7.76e-08
2018-08-05, 21:59:27, 0.0, 7.77e-08
2018-08-05, 21:59:29, 0.0, 7.73e-08
2018-08-05, 21:59:31, 0.0, 7.67e-08
2018-08-05, 21:59:33, 0.0, 7.65e-08
2018-08-05, 21:59:35, 0.0, 7.69e-08
2018-08-05, 21:59:37, 0.0, 7.73e-08
2018-08-05, 21:59:39, 0.0, 7.74e-08
2018-08-05, 21:59:41, 0.0, 7.69e-08
2018-08-05, 21:59:44, 0.0, 7.66e-08
2018-08-05, 21:59:46, 0.0, 7.67e-08
2018-08-05, 21:59:48, 0.0, 7.7e-08
2018-08-05, 21:59:50, 0.0, 7.77e-08
2018-08-05, 21:59:52, 0.0, 7.7e-08
2018-08-05, 21:59:54, 0.0, 7.66e-08
2018-08-05, 21:59:56, 0.0, 7.68e-08
2018-08-05, 21:59:58, 0.0, 7.62e-08
2018-08-05, 22:00:01, 0.0, 7.69e-08
2018-08-05, 22:00:03, 0.0, 7.75e-08
2018-08-05, 22:00:05, 0.0, 7.69e-08
2018-08-05, 22:00:07, 0.0, 7.63e-08
2018-08-05, 22:00:09, 0.0, 7.74e-08
2018-08-05, 22:00:11, 0.0, 7.7e-08
2018-08-05, 22:00:13, 0.0, 7.74e-08
2018-08-05, 22:00:15, 0.0, 7.75e-08
2018-08-05, 22:00:18, 0.0, 7.75e-08
2018-08-05, 22:00:20, 0.0, 7.63e-08
2018-08-05, 22:00:22, 0.0, 7.73e-08
2018-08-05, 22:00:24, 0.0, 7.78e-08
2018-08-05, 22:00:26, 0.0, 7.72e-08
2018-08-05, 22:00:28, 0.0, 7.63e-08
2018-08-05, 22:00:30, 0.0, 7.69e-08
2018-08-05, 22:00:33, 0.0, 7.66e-08
2018-08-05, 22:00:35, 0.0, 7.74e-08
2018-08-05, 22:00:37, 0.0, 7.74e-08
2018-08-05, 22:00:39, 0.0, 7.7e-08
2018-08-05, 22:00:41, 0.0, 7.71e-08
2018-08-05, 22:00:43, 0.0, 7.71e-08
2018-08-05, 22:00:45, 0.0, 7.63e-08
2018-08-05, 22:00:47, 0.0, 7.72e-08
2018-08-05, 22:00:50, 0.0, 7.76e-08
2018-08-05, 22:00:52, 0.0, 7.71e-08
2018-08-05, 22:00:54, 0.0, 7.69e-08
2018-08-05, 22:00:56, 0.0, 7.73e-08
2018-08-05, 22:00:58, 0.0, 7.72e-08
2018-08-05, 22:01:00, 0.0, 7.78e-08
2018-08-05, 22:01:02, 0.0, 7.68e-08
2018-08-05, 22:01:04, 0.0, 7.71e-08
2018-08-05, 22:01:07, 0.0, 7.73e-08
2018-08-05, 22:01:09, 0.0, 7.78e-08
2018-08-05, 22:01:11, 0.0, 7.75e-08
2018-08-05, 22:01:13, 0.0, 7.7e-08
2018-08-05, 22:01:15, 0.0, 7.78e-08
2018-08-05, 22:01:17, 0.0, 7.79e-08
2018-08-05, 22:01:19, 0.0, 7.84e-08
2018-08-05, 22:01:21, 0.0, 7.83e-08
2018-08-05, 22:01:24, 0.0, 7.81e-08
2018-08-05, 22:01:26, 0.0, 7.73e-08
2018-08-05, 22:01:28, 0.0, 7.78e-08
2018-08-05, 22:01:30, 0.0, 7.77e-08
2018-08-05, 22:01:32, 0.0, 7.75e-08
2018-08-05, 22:01:34, 0.0, 7.71e-08
2018-08-05, 22:01:36, 0.0, 7.67e-08
2018-08-05, 22:01:39, 0.0, 7.72e-08
2018-08-05, 22:01:41, 0.0, 7.81e-08
2018-08-05, 22:01:43, 0.0, 7.83e-08
2018-08-05, 22:01:45, 0.0, 7.78e-08
2018-08-05, 22:01:47, 0.0, 7.74e-08
2018-08-05, 22:01:49, 0.0, 7.76e-08
2018-08-05, 22:01:51, 0.0, 7.75e-08
2018-08-05, 22:01:53, 0.0, 7.7e-08
2018-08-05, 22:01:56, 0.0, 7.7e-08
2018-08-05, 22:01:58, 0.0, 7.74e-08
2018-08-05, 22:02:00, 0.0, 7.74e-08
2018-08-05, 22:02:02, 0.0, 7.81e-08
2018-08-05, 22:02:04, 0.0, 7.79e-08
2018-08-05, 22:02:06, 0.0, 7.75e-08
2018-08-05, 22:02:08, 0.0, 7.71e-08
2018-08-05, 22:02:10, 0.0, 7.74e-08
2018-08-05, 22:02:13, 0.0, 7.79e-08
2018-08-05, 22:02:15, 0.0, 7.81e-08
2018-08-05, 22:02:17, 0.0, 7.82e-08
2018-08-05, 22:02:19, 0.0, 7.77e-08
2018-08-05, 22:02:21, 0.0, 7.7e-08
2018-08-05, 22:02:23, 0.0, 7.81e-08
2018-08-05, 22:02:25, 0.0, 7.79e-08
2018-08-05, 22:02:27, 0.0, 7.81e-08
2018-08-05, 22:02:30, 0.0, 7.79e-08
2018-08-05, 22:02:32, 0.0, 7.76e-08
2018-08-05, 22:02:34, 0.0, 7.67e-08
2018-08-05, 22:02:36, 0.0, 7.78e-08
2018-08-05, 22:02:38, 0.0, 7.78e-08
2018-08-05, 22:02:40, 0.0, 7.73e-08
2018-08-05, 22:02:42, 0.0, 7.74e-08
2018-08-05, 22:02:44, 0.0, 7.75e-08
2018-08-05, 22:02:47, 0.0, 7.76e-08
2018-08-05, 22:02:49, 0.0, 7.78e-08
2018-08-05, 22:02:51, 0.0, 7.75e-08
2018-08-05, 22:02:53, 0.0, 7.82e-08
2018-08-05, 22:02:55, 0.0, 7.79e-08
2018-08-05, 22:02:57, 0.0, 7.72e-08
2018-08-05, 22:02:59, 0.0, 7.78e-08
2018-08-05, 22:03:01, 0.0, 7.77e-08
2018-08-05, 22:03:04, 0.0, 7.78e-08
2018-08-05, 22:03:06, 0.0, 7.82e-08
2018-08-05, 22:03:08, 0.0, 7.83e-08
2018-08-05, 22:03:10, 0.0, 7.77e-08
2018-08-05, 22:03:12, 0.0, 7.74e-08
2018-08-05, 22:03:14, 0.0, 7.72e-08
2018-08-05, 22:03:16, 0.0, 7.73e-08
2018-08-05, 22:03:18, 0.0, 7.84e-08
2018-08-05, 22:03:21, 0.0, 7.79e-08
2018-08-05, 22:03:23, 0.0, 7.81e-08
2018-08-05, 22:03:25, 0.0, 7.77e-08
2018-08-05, 22:03:27, 0.0, 7.77e-08
2018-08-05, 22:03:29, 0.0, 7.84e-08
2018-08-05, 22:03:31, 0.0, 7.72e-08
2018-08-05, 22:03:33, 0.0, 7.79e-08
2018-08-05, 22:03:35, 0.0, 7.78e-08
2018-08-05, 22:03:38, 0.0, 7.78e-08
2018-08-05, 22:03:40, 0.0, 7.78e-08
2018-08-05, 22:03:42, 0.0, 7.83e-08
2018-08-05, 22:03:44, 0.0, 7.77e-08
2018-08-05, 22:03:46, 0.0, 7.76e-08
2018-08-05, 22:03:48, 0.0, 7.81e-08
2018-08-05, 22:03:50, 0.0, 7.78e-08
2018-08-05, 22:03:52, 0.0, 7.8e-08
2018-08-05, 22:03:55, 0.0, 7.78e-08
2018-08-05, 22:03:57, 0.0, 7.76e-08
2018-08-05, 22:03:59, 0.0, 7.83e-08
2018-08-05, 22:04:01, 0.0, 7.83e-08
2018-08-05, 22:04:03, 0.0, 7.8e-08
2018-08-05, 22:04:05, 0.0, 7.82e-08
2018-08-05, 22:04:07, 0.0, 7.81e-08
2018-08-05, 22:04:09, 0.0, 7.68e-08
2018-08-05, 22:04:12, 0.0, 7.7e-08
2018-08-05, 22:04:14, 0.0, 7.7e-08
2018-08-05, 22:04:16, 0.0, 7.77e-08
2018-08-05, 22:04:18, 0.0, 7.74e-08
2018-08-05, 22:04:20, 0.0, 7.77e-08
2018-08-05, 22:04:22, 0.0, 7.78e-08
2018-08-05, 22:04:24, 0.0, 7.83e-08
2018-08-05, 22:04:27, 0.0, 7.8e-08
2018-08-05, 22:04:29, 0.0, 7.82e-08
2018-08-05, 22:04:31, 0.0, 7.75e-08
2018-08-05, 22:04:33, 0.0, 7.78e-08
2018-08-05, 22:04:35, 0.0, 7.74e-08
2018-08-05, 22:04:37, 0.0, 7.77e-08
2018-08-05, 22:04:39, 0.0, 7.8e-08
2018-08-05, 22:04:41, 0.0, 7.75e-08
2018-08-05, 22:04:44, 0.0, 7.79e-08
2018-08-05, 22:04:46, 0.0, 7.74e-08
2018-08-05, 22:04:48, 0.0, 7.79e-08
2018-08-05, 22:04:50, 0.0, 7.8e-08
2018-08-05, 22:04:52, 0.0, 7.76e-08
2018-08-05, 22:04:54, 0.0, 7.76e-08
2018-08-05, 22:04:56, 0.0, 7.78e-08
2018-08-05, 22:04:58, 0.0, 7.72e-08
2018-08-05, 22:05:01, 0.0, 7.7e-08
2018-08-05, 22:05:03, 0.0, 7.79e-08
2018-08-05, 22:05:05, 0.0, 7.7e-08
2018-08-05, 22:05:07, 0.0, 7.74e-08
2018-08-05, 22:05:09, 0.0, 7.78e-08
2018-08-05, 22:05:11, 0.0, 7.69e-08
2018-08-05, 22:05:13, 0.0, 7.74e-08
2018-08-05, 22:05:15, 0.0, 7.81e-08
2018-08-05, 22:05:18, 0.0, 7.76e-08
2018-08-05, 22:05:20, 0.0, 7.74e-08
2018-08-05, 22:05:22, 0.0, 7.73e-08
2018-08-05, 22:05:24, 0.0, 7.7e-08
2018-08-05, 22:05:26, 0.0, 7.78e-08
2018-08-05, 22:05:28, 0.0, 7.78e-08
2018-08-05, 22:05:30, 0.0, 7.78e-08
2018-08-05, 22:05:32, 0.0, 7.75e-08
2018-08-05, 22:05:35, 0.0, 7.68e-08
2018-08-05, 22:05:37, 0.0, 7.79e-08
2018-08-05, 22:05:39, 0.0, 7.75e-08
2018-08-05, 22:05:41, 0.0, 7.78e-08
2018-08-05, 22:05:43, 0.0, 7.75e-08
2018-08-05, 22:05:45, 0.0, 7.74e-08
2018-08-05, 22:05:47, 0.0, 7.8e-08
2018-08-05, 22:05:49, 0.0, 7.8e-08
2018-08-05, 22:05:52, 0.0, 7.73e-08
2018-08-05, 22:05:54, 0.0, 7.72e-08
2018-08-05, 22:05:56, 0.0, 7.77e-08
2018-08-05, 22:05:58, 0.0, 7.73e-08
2018-08-05, 22:06:00, 0.0, 7.71e-08
2018-08-05, 22:06:02, 0.0, 7.76e-08
2018-08-05, 22:06:04, 0.0, 7.74e-08
2018-08-05, 22:06:07, 0.0, 7.72e-08
2018-08-05, 22:06:09, 0.0, 7.78e-08
2018-08-05, 22:06:11, 0.0, 7.79e-08
2018-08-05, 22:06:13, 0.0, 7.69e-08
2018-08-05, 22:06:15, 0.0, 7.71e-08
2018-08-05, 22:06:17, 0.0, 7.76e-08
2018-08-05, 22:06:19, 0.0, 7.76e-08
2018-08-05, 22:06:21, 0.0, 7.79e-08
2018-08-05, 22:06:24, 0.0, 7.77e-08
2018-08-05, 22:06:26, 0.0, 7.69e-08
2018-08-05, 22:06:28, 0.0, 7.73e-08
2018-08-05, 22:06:30, 0.0, 7.82e-08
2018-08-05, 22:06:32, 0.0, 7.73e-08
2018-08-05, 22:06:34, 0.0, 7.73e-08
2018-08-05, 22:06:36, 0.0, 7.76e-08
2018-08-05, 22:06:38, 0.0, 7.74e-08
2018-08-05, 22:06:41, 0.0, 7.77e-08
2018-08-05, 22:06:43, 0.0, 7.74e-08
2018-08-05, 22:06:45, 0.0, 7.75e-08
2018-08-05, 22:06:47, 0.0, 7.79e-08
2018-08-05, 22:06:49, 0.0, 7.74e-08
2018-08-05, 22:06:51, 0.0, 7.76e-08
2018-08-05, 22:06:53, 0.0, 7.77e-08
2018-08-05, 22:06:55, 0.0, 7.79e-08
2018-08-05, 22:06:58, 0.0, 7.8e-08
2018-08-05, 22:07:00, 0.0, 7.78e-08
2018-08-05, 22:07:02, 0.0, 7.77e-08
2018-08-05, 22:07:04, 0.0, 7.72e-08
2018-08-05, 22:07:06, 0.0, 7.79e-08
2018-08-05, 22:07:08, 0.0, 7.74e-08
2018-08-05, 22:07:10, 0.0, 7.79e-08
2018-08-05, 22:07:12, 0.0, 7.79e-08
2018-08-05, 22:07:15, 0.0, 7.72e-08
2018-08-05, 22:07:17, 0.0, 7.76e-08
2018-08-05, 22:07:19, 0.0, 7.82e-08
2018-08-05, 22:07:21, 0.0, 7.77e-08
2018-08-05, 22:07:23, 0.0, 7.72e-08
2018-08-05, 22:07:25, 0.0, 7.74e-08
2018-08-05, 22:07:27, 0.0, 7.74e-08
2018-08-05, 22:07:29, 0.0, 7.8e-08
2018-08-05, 22:07:32, 0.0, 7.78e-08
2018-08-05, 22:07:34, 0.0, 7.76e-08
2018-08-05, 22:07:36, 0.0, 7.68e-08
2018-08-05, 22:07:38, 0.0, 7.69e-08
2018-08-05, 22:07:40, 0.0, 7.67e-08
2018-08-05, 22:07:42, 0.0, 7.74e-08
2018-08-05, 22:07:44, 0.0, 7.79e-08
2018-08-05, 22:07:46, 0.0, 7.79e-08
2018-08-05, 22:07:49, 0.0, 7.65e-08
2018-08-05, 22:07:51, 0.0, 7.75e-08
2018-08-05, 22:07:53, 0.0, 7.74e-08
2018-08-05, 22:07:55, 0.0, 7.78e-08
2018-08-05, 22:07:57, 0.0, 7.77e-08
2018-08-05, 22:07:59, 0.0, 7.71e-08
2018-08-05, 22:08:01, 0.0, 7.77e-08
2018-08-05, 22:08:03, 0.0, 7.76e-08
2018-08-05, 22:08:06, 0.0, 7.75e-08
2018-08-05, 22:08:08, 0.0, 7.75e-08
2018-08-05, 22:08:10, 0.0, 7.71e-08
2018-08-05, 22:08:12, 0.0, 7.79e-08
2018-08-05, 22:08:14, 0.0, 7.7e-08
2018-08-05, 22:08:16, 0.0, 7.81e-08
2018-08-05, 22:08:18, 0.0, 7.7e-08
2018-08-05, 22:08:20, 0.0, 7.75e-08
2018-08-05, 22:08:23, 0.0, 7.71e-08
2018-08-05, 22:08:25, 0.0, 7.78e-08
2018-08-05, 22:08:27, 0.0, 7.69e-08
2018-08-05, 22:08:29, 0.0, 7.72e-08
2018-08-05, 22:08:31, 0.0, 7.72e-08
2018-08-05, 22:08:33, 0.0, 7.71e-08
2018-08-05, 22:08:35, 0.0, 7.72e-08
2018-08-05, 22:08:37, 0.0, 7.71e-08
2018-08-05, 22:08:40, 0.0, 7.79e-08
2018-08-05, 22:08:42, 0.0, 7.77e-08
2018-08-05, 22:08:44, 0.0, 7.71e-08
2018-08-05, 22:08:46, 0.0, 7.78e-08
2018-08-05, 22:08:48, 0.0, 7.76e-08
2018-08-05, 22:08:50, 0.0, 7.75e-08
2018-08-05, 22:08:52, 0.0, 7.73e-08
2018-08-05, 22:08:54, 0.0, 7.73e-08
2018-08-05, 22:08:57, 0.0, 7.72e-08
2018-08-05, 22:08:59, 0.0, 7.73e-08
2018-08-05, 22:09:01, 0.0, 7.76e-08
2018-08-05, 22:09:03, 0.0, 7.65e-08
2018-08-05, 22:09:05, 0.0, 7.78e-08
2018-08-05, 22:09:07, 0.0, 7.76e-08
2018-08-05, 22:09:09, 0.0, 7.71e-08
2018-08-05, 22:09:11, 0.0, 7.72e-08
2018-08-05, 22:09:14, 0.0, 7.69e-08
2018-08-05, 22:09:16, 0.0, 7.76e-08
2018-08-05, 22:09:18, 0.0, 7.75e-08
2018-08-05, 22:09:20, 0.0, 7.72e-08
2018-08-05, 22:09:22, 0.0, 7.69e-08
2018-08-05, 22:09:24, 0.0, 7.67e-08
2018-08-05, 22:09:26, 0.0, 7.71e-08
2018-08-05, 22:09:28, 0.0, 7.69e-08
2018-08-05, 22:09:31, 0.0, 7.73e-08
2018-08-05, 22:09:33, 0.0, 7.7e-08
2018-08-05, 22:09:35, 0.0, 7.74e-08
2018-08-05, 22:09:37, 0.0, 7.7e-08
2018-08-05, 22:09:39, 0.0, 7.72e-08
2018-08-05, 22:09:41, 0.0, 7.73e-08
2018-08-05, 22:09:43, 0.0, 7.7e-08
2018-08-05, 22:09:45, 0.0, 7.67e-08
2018-08-05, 22:09:48, 0.0, 7.75e-08
2018-08-05, 22:09:50, 0.0, 7.76e-08
2018-08-05, 22:09:52, 0.0, 7.77e-08
2018-08-05, 22:09:54, 0.0, 7.78e-08
2018-08-05, 22:09:56, 0.0, 7.76e-08
2018-08-05, 22:09:58, 0.0, 7.7e-08
2018-08-05, 22:10:00, 0.0, 7.7e-08
2018-08-05, 22:10:02, 0.0, 7.7e-08
2018-08-05, 22:10:05, 0.0, 7.68e-08
2018-08-05, 22:10:07, 0.0, 7.73e-08
2018-08-05, 22:10:09, 0.0, 7.73e-08
2018-08-05, 22:10:11, 0.0, 7.72e-08
2018-08-05, 22:10:13, 0.0, 7.64e-08
2018-08-05, 22:10:15, 0.0, 7.62e-08
2018-08-05, 22:10:17, 0.0, 7.71e-08
2018-08-05, 22:10:20, 0.0, 7.7e-08
2018-08-05, 22:10:22, 0.0, 7.75e-08
2018-08-05, 22:10:24, 0.0, 7.74e-08
2018-08-05, 22:10:26, 0.0, 7.63e-08
2018-08-05, 22:10:28, 0.0, 7.76e-08
2018-08-05, 22:10:30, 0.0, 7.71e-08
2018-08-05, 22:10:32, 0.0, 7.73e-08
2018-08-05, 22:10:34, 0.0, 7.75e-08
2018-08-05, 22:10:37, 0.0, 7.73e-08
2018-08-05, 22:10:39, 0.0, 7.73e-08
2018-08-05, 22:10:41, 0.0, 7.77e-08
2018-08-05, 22:10:43, 0.0, 7.8e-08
2018-08-05, 22:10:45, 0.0, 7.7e-08
2018-08-05, 22:10:47, 0.0, 7.71e-08
2018-08-05, 22:10:49, 0.0, 7.76e-08
2018-08-05, 22:10:51, 0.0, 7.71e-08
2018-08-05, 22:10:54, 0.0, 7.73e-08
2018-08-05, 22:10:56, 0.0, 7.72e-08
2018-08-05, 22:10:58, 0.0, 7.76e-08
2018-08-05, 22:11:00, 0.0, 7.7e-08
2018-08-05, 22:11:02, 0.0, 7.7e-08
2018-08-05, 22:11:04, 0.0, 7.66e-08
2018-08-05, 22:11:06, 0.0, 7.7e-08
2018-08-05, 22:11:08, 0.0, 7.66e-08
2018-08-05, 22:11:11, 0.0, 7.74e-08
2018-08-05, 22:11:13, 0.0, 7.75e-08
2018-08-05, 22:11:15, 0.0, 7.74e-08
2018-08-05, 22:11:17, 0.0, 7.69e-08
2018-08-05, 22:11:19, 0.0, 7.66e-08
2018-08-05, 22:11:21, 0.0, 7.77e-08
2018-08-05, 22:11:23, 0.0, 7.71e-08
2018-08-05, 22:11:26, 0.0, 7.72e-08
2018-08-05, 22:11:28, 0.0, 7.69e-08
2018-08-05, 22:11:30, 0.0, 7.69e-08
2018-08-05, 22:11:32, 0.0, 7.72e-08
2018-08-05, 22:11:34, 0.0, 7.67e-08
2018-08-05, 22:11:36, 0.0, 7.74e-08
2018-08-05, 22:11:38, 0.0, 7.66e-08
2018-08-05, 22:11:40, 0.0, 7.73e-08
2018-08-05, 22:11:42, 0.0, 7.68e-08
2018-08-05, 22:11:45, 0.0, 7.73e-08
2018-08-05, 22:11:47, 0.0, 7.76e-08
2018-08-05, 22:11:49, 0.0, 7.71e-08
2018-08-05, 22:11:51, 0.0, 7.73e-08
2018-08-05, 22:11:53, 0.0, 7.68e-08
2018-08-05, 22:11:55, 0.0, 7.65e-08
2018-08-05, 22:11:57, 0.0, 7.72e-08
2018-08-05, 22:12:00, 0.0, 7.76e-08
2018-08-05, 22:12:02, 0.0, 7.76e-08
2018-08-05, 22:12:04, 0.0, 7.77e-08
2018-08-05, 22:12:06, 0.0, 7.77e-08
2018-08-05, 22:12:08, 0.0, 7.67e-08
2018-08-05, 22:12:10, 0.0, 7.68e-08
2018-08-05, 22:12:12, 0.0, 7.75e-08
2018-08-05, 22:12:14, 0.0, 7.78e-08
2018-08-05, 22:12:17, 0.0, 7.76e-08
2018-08-05, 22:12:19, 0.0, 7.73e-08
2018-08-05, 22:12:21, 0.0, 7.73e-08
2018-08-05, 22:12:23, 0.0, 7.81e-08
2018-08-05, 22:12:25, 0.0, 7.74e-08
2018-08-05, 22:12:27, 0.0, 7.77e-08
2018-08-05, 22:12:29, 0.0, 7.78e-08
2018-08-05, 22:12:31, 0.0, 7.65e-08
2018-08-05, 22:12:34, 0.0, 7.8e-08
2018-08-05, 22:12:36, 0.0, 7.81e-08
2018-08-05, 22:12:38, 0.0, 7.76e-08
2018-08-05, 22:12:40, 0.0, 7.77e-08
2018-08-05, 22:12:42, 0.0, 7.74e-08
2018-08-05, 22:12:44, 0.0, 7.83e-08
2018-08-05, 22:12:46, 0.0, 7.81e-08
2018-08-05, 22:12:49, 0.0, 7.79e-08
2018-08-05, 22:12:51, 0.0, 7.8e-08
2018-08-05, 22:12:53, 0.0, 7.74e-08
2018-08-05, 22:12:55, 0.0, 7.73e-08
2018-08-05, 22:12:57, 0.0, 7.79e-08
2018-08-05, 22:12:59, 0.0, 7.71e-08
2018-08-05, 22:13:01, 0.0, 7.76e-08
2018-08-05, 22:13:03, 0.0, 7.82e-08
2018-08-05, 22:13:06, 0.0, 7.82e-08
2018-08-05, 22:13:08, 0.0, 7.72e-08
2018-08-05, 22:13:10, 0.0, 7.77e-08
2018-08-05, 22:13:12, 0.0, 7.79e-08
2018-08-05, 22:13:14, 0.0, 7.8e-08
2018-08-05, 22:13:16, 0.0, 7.79e-08
2018-08-05, 22:13:18, 0.0, 7.76e-08
2018-08-05, 22:13:20, 0.0, 7.71e-08
2018-08-05, 22:13:23, 0.0, 7.76e-08
2018-08-05, 22:13:25, 0.0, 7.68e-08
2018-08-05, 22:13:27, 0.0, 7.75e-08
2018-08-05, 22:13:29, 0.0, 7.76e-08
2018-08-05, 22:13:31, 0.0, 7.75e-08
2018-08-05, 22:13:33, 0.0, 7.74e-08
2018-08-05, 22:13:35, 0.0, 7.73e-08
2018-08-05, 22:13:37, 0.0, 7.72e-08
2018-08-05, 22:13:40, 0.0, 7.73e-08
2018-08-05, 22:13:42, 0.0, 7.71e-08
2018-08-05, 22:13:44, 0.0, 7.73e-08
2018-08-05, 22:13:46, 0.0, 7.69e-08
2018-08-05, 22:13:48, 0.0, 7.75e-08
2018-08-05, 22:13:50, 0.0, 7.71e-08
2018-08-05, 22:13:52, 0.0, 7.72e-08
2018-08-05, 22:13:54, 0.0, 7.7e-08
2018-08-05, 22:13:57, 0.0, 7.8e-08
2018-08-05, 22:13:59, 0.0, 7.77e-08
2018-08-05, 22:14:01, 0.0, 7.79e-08
2018-08-05, 22:14:03, 0.0, 7.78e-08
2018-08-05, 22:14:05, 0.0, 7.8e-08
2018-08-05, 22:14:07, 0.0, 7.79e-08
2018-08-05, 22:14:09, 0.0, 7.77e-08
2018-08-05, 22:14:12, 0.0, 7.75e-08
2018-08-05, 22:14:14, 0.0, 7.76e-08
2018-08-05, 22:14:16, 0.0, 7.74e-08
2018-08-05, 22:14:18, 0.0, 7.77e-08
2018-08-05, 22:14:20, 0.0, 7.74e-08
2018-08-05, 22:14:22, 0.0, 7.71e-08
2018-08-05, 22:14:24, 0.0, 7.77e-08
2018-08-05, 22:14:26, 0.0, 7.77e-08
2018-08-05, 22:14:29, 0.0, 7.75e-08
2018-08-05, 22:14:31, 0.0, 7.76e-08
2018-08-05, 22:14:33, 0.0, 7.76e-08
2018-08-05, 22:14:35, 0.0, 7.8e-08
2018-08-05, 22:14:37, 0.0, 7.81e-08
2018-08-05, 22:14:39, 0.0, 7.79e-08
2018-08-05, 22:14:41, 0.0, 7.79e-08
2018-08-05, 22:14:43, 0.0, 7.81e-08
2018-08-05, 22:14:46, 0.0, 7.72e-08
2018-08-05, 22:14:48, 0.0, 7.74e-08
2018-08-05, 22:14:50, 0.0, 7.77e-08
2018-08-05, 22:14:52, 0.0, 7.71e-08
2018-08-05, 22:14:54, 0.0, 7.73e-08
2018-08-05, 22:14:56, 0.0, 7.75e-08
2018-08-05, 22:14:58, 0.0, 7.79e-08
2018-08-05, 22:15:00, 0.0, 7.84e-08
2018-08-05, 22:15:03, 0.0, 7.84e-08
2018-08-05, 22:15:05, 0.0, 7.79e-08
2018-08-05, 22:15:07, 0.0, 7.84e-08
2018-08-05, 22:15:09, 0.0, 7.8e-08
2018-08-05, 22:15:11, 0.0, 7.81e-08
2018-08-05, 22:15:13, 0.0, 7.78e-08
2018-08-05, 22:15:15, 0.0, 7.76e-08
2018-08-05, 22:15:17, 0.0, 7.76e-08
2018-08-05, 22:15:20, 0.0, 7.76e-08
2018-08-05, 22:15:22, 0.0, 7.71e-08
2018-08-05, 22:15:24, 0.0, 7.78e-08
2018-08-05, 22:15:26, 0.0, 7.78e-08
2018-08-05, 22:15:28, 0.0, 7.8e-08
2018-08-05, 22:15:30, 0.0, 7.78e-08
2018-08-05, 22:15:32, 0.0, 7.79e-08
2018-08-05, 22:15:34, 0.0, 7.74e-08
2018-08-05, 22:15:37, 0.0, 7.78e-08
2018-08-05, 22:15:39, 0.0, 7.83e-08
2018-08-05, 22:15:41, 0.0, 7.75e-08
2018-08-05, 22:15:43, 0.0, 7.8e-08
2018-08-05, 22:15:45, 0.0, 7.76e-08
2018-08-05, 22:15:47, 0.0, 7.77e-08
2018-08-05, 22:15:49, 0.0, 7.79e-08
2018-08-05, 22:15:51, 0.0, 7.75e-08
2018-08-05, 22:15:54, 0.0, 7.78e-08
2018-08-05, 22:15:56, 0.0, 7.75e-08
2018-08-05, 22:15:58, 0.0, 7.76e-08
2018-08-05, 22:16:00, 0.0, 7.74e-08
2018-08-05, 22:16:02, 0.0, 7.74e-08
2018-08-05, 22:16:04, 0.0, 7.71e-08
2018-08-05, 22:16:06, 0.0, 7.71e-08
2018-08-05, 22:16:09, 0.0, 7.78e-08
2018-08-05, 22:16:11, 0.0, 7.73e-08
2018-08-05, 22:16:13, 0.0, 7.75e-08
2018-08-05, 22:16:15, 0.0, 7.75e-08
2018-08-05, 22:16:17, 0.0, 7.72e-08
2018-08-05, 22:16:19, 0.0, 7.73e-08
2018-08-05, 22:16:21, 0.0, 7.65e-08
2018-08-05, 22:16:23, 0.0, 7.71e-08
2018-08-05, 22:16:26, 0.0, 7.74e-08
2018-08-05, 22:16:28, 0.0, 7.72e-08
2018-08-05, 22:16:30, 0.0, 7.71e-08
2018-08-05, 22:16:32, 0.0, 7.73e-08
2018-08-05, 22:16:34, 0.0, 7.71e-08
2018-08-05, 22:16:36, 0.0, 7.84e-08
2018-08-05, 22:16:38, 0.0, 7.76e-08
2018-08-05, 22:16:40, 0.0, 7.74e-08
2018-08-05, 22:16:43, 0.0, 7.77e-08
2018-08-05, 22:16:45, 0.0, 7.81e-08
2018-08-05, 22:16:47, 0.0, 7.74e-08
2018-08-05, 22:16:49, 0.0, 7.76e-08
2018-08-05, 22:16:51, 0.0, 7.77e-08
2018-08-05, 22:16:53, 0.0, 7.77e-08
2018-08-05, 22:16:55, 0.0, 7.82e-08
2018-08-05, 22:16:57, 0.0, 7.72e-08
2018-08-05, 22:17:00, 0.0, 7.78e-08
2018-08-05, 22:17:02, 0.0, 7.76e-08
2018-08-05, 22:17:04, 0.0, 7.71e-08
2018-08-05, 22:17:06, 0.0, 7.78e-08
2018-08-05, 22:17:08, 0.0, 7.83e-08
2018-08-05, 22:17:10, 0.0, 7.8e-08
2018-08-05, 22:17:12, 0.0, 7.88e-08
2018-08-05, 22:17:15, 0.0, 7.81e-08
2018-08-05, 22:17:17, 0.0, 7.84e-08
2018-08-05, 22:17:19, 0.0, 7.79e-08
2018-08-05, 22:17:21, 0.0, 7.79e-08
2018-08-05, 22:17:23, 0.0, 7.77e-08
2018-08-05, 22:17:25, 0.0, 7.77e-08
2018-08-05, 22:17:27, 0.0, 7.8e-08
2018-08-05, 22:17:29, 0.0, 7.74e-08
2018-08-05, 22:17:31, 0.0, 7.79e-08
2018-08-05, 22:17:34, 0.0, 7.82e-08
2018-08-05, 22:17:36, 0.0, 7.77e-08
2018-08-05, 22:17:38, 0.0, 7.76e-08
2018-08-05, 22:17:40, 0.0, 7.79e-08
2018-08-05, 22:17:42, 0.0, 7.76e-08
2018-08-05, 22:17:44, 0.0, 7.75e-08
2018-08-05, 22:17:46, 0.0, 7.7e-08
2018-08-05, 22:17:49, 0.0, 7.77e-08
2018-08-05, 22:17:51, 0.0, 7.7e-08
2018-08-05, 22:17:53, 0.0, 7.76e-08
2018-08-05, 22:17:55, 0.0, 7.73e-08
2018-08-05, 22:17:57, 0.0, 7.73e-08
2018-08-05, 22:17:59, 0.0, 7.67e-08
2018-08-05, 22:18:01, 0.0, 7.76e-08
2018-08-05, 22:18:03, 0.0, 7.75e-08
2018-08-05, 22:18:06, 0.0, 7.76e-08
2018-08-05, 22:18:08, 0.0, 7.69e-08
2018-08-05, 22:18:10, 0.0, 7.73e-08
2018-08-05, 22:18:12, 0.0, 7.77e-08
2018-08-05, 22:18:14, 0.0, 7.7e-08
2018-08-05, 22:18:16, 0.0, 7.74e-08
2018-08-05, 22:18:18, 0.0, 7.78e-08
2018-08-05, 22:18:20, 0.0, 7.74e-08
2018-08-05, 22:18:23, 0.0, 7.71e-08
2018-08-05, 22:18:25, 0.0, 7.82e-08
2018-08-05, 22:18:27, 0.0, 7.77e-08
2018-08-05, 22:18:29, 0.0, 7.79e-08
2018-08-05, 22:18:31, 0.0, 7.76e-08
2018-08-05, 22:18:33, 0.0, 7.68e-08
2018-08-05, 22:18:35, 0.0, 7.79e-08
2018-08-05, 22:18:37, 0.0, 7.72e-08
2018-08-05, 22:18:40, 0.0, 7.73e-08
2018-08-05, 22:18:42, 0.0, 7.7e-08
2018-08-05, 22:18:44, 0.0, 7.76e-08
2018-08-05, 22:18:46, 0.0, 7.74e-08
2018-08-05, 22:18:48, 0.0, 7.72e-08
2018-08-05, 22:18:50, 0.0, 7.73e-08
2018-08-05, 22:18:52, 0.0, 7.79e-08
2018-08-05, 22:18:54, 0.0, 7.74e-08
2018-08-05, 22:18:57, 0.0, 7.7e-08
2018-08-05, 22:18:59, 0.0, 7.76e-08
2018-08-05, 22:19:01, 0.0, 7.76e-08
2018-08-05, 22:19:03, 0.0, 7.74e-08
2018-08-05, 22:19:05, 0.0, 7.67e-08
2018-08-05, 22:19:07, 0.0, 7.76e-08
2018-08-05, 22:19:09, 0.0, 7.81e-08
2018-08-05, 22:19:12, 0.0, 7.75e-08
2018-08-05, 22:19:14, 0.0, 7.73e-08
2018-08-05, 22:19:16, 0.0, 7.72e-08
2018-08-05, 22:19:18, 0.0, 7.72e-08
2018-08-05, 22:19:20, 0.0, 7.73e-08
2018-08-05, 22:19:22, 0.0, 7.74e-08
2018-08-05, 22:19:24, 0.0, 7.75e-08
2018-08-05, 22:19:26, 0.0, 7.79e-08
2018-08-05, 22:19:29, 0.0, 7.79e-08
2018-08-05, 22:19:31, 0.0, 7.8e-08
2018-08-05, 22:19:33, 0.0, 7.7e-08
2018-08-05, 22:19:35, 0.0, 7.73e-08
2018-08-05, 22:19:37, 0.0, 7.75e-08
2018-08-05, 22:19:39, 0.0, 7.75e-08
2018-08-05, 22:19:41, 0.0, 7.74e-08
2018-08-05, 22:19:43, 0.0, 7.77e-08
2018-08-05, 22:19:46, 0.0, 7.73e-08
2018-08-05, 22:19:48, 0.0, 7.82e-08
2018-08-05, 22:19:50, 0.0, 7.76e-08
2018-08-05, 22:19:52, 0.0, 7.74e-08
2018-08-05, 22:19:54, 0.0, 7.71e-08
2018-08-05, 22:19:56, 0.0, 7.75e-08
2018-08-05, 22:19:58, 0.0, 7.75e-08
2018-08-05, 22:20:00, 0.0, 7.76e-08
2018-08-05, 22:20:03, 0.0, 7.81e-08
2018-08-05, 22:20:05, 0.0, 7.79e-08
2018-08-05, 22:20:07, 0.0, 7.71e-08
2018-08-05, 22:20:09, 0.0, 7.76e-08
2018-08-05, 22:20:11, 0.0, 7.73e-08
2018-08-05, 22:20:13, 0.0, 7.74e-08
2018-08-05, 22:20:15, 0.0, 7.68e-08
2018-08-05, 22:20:17, 0.0, 7.69e-08
2018-08-05, 22:20:20, 0.0, 7.7e-08
2018-08-05, 22:20:22, 0.0, 7.74e-08
2018-08-05, 22:20:24, 0.0, 7.73e-08
2018-08-05, 22:20:26, 0.0, 7.71e-08
2018-08-05, 22:20:28, 0.0, 7.81e-08
2018-08-05, 22:20:30, 0.0, 7.79e-08
2018-08-05, 22:20:32, 0.0, 7.73e-08
2018-08-05, 22:20:34, 0.0, 7.78e-08
2018-08-05, 22:20:37, 0.0, 7.76e-08
2018-08-05, 22:20:39, 0.0, 7.76e-08
2018-08-05, 22:20:41, 0.0, 7.76e-08
2018-08-05, 22:20:43, 0.0, 7.72e-08
2018-08-05, 22:20:45, 0.0, 7.69e-08
2018-08-05, 22:20:47, 0.0, 7.74e-08
2018-08-05, 22:20:49, 0.0, 7.77e-08
2018-08-05, 22:20:51, 0.0, 7.78e-08
2018-08-05, 22:20:54, 0.0, 7.73e-08
2018-08-05, 22:20:56, 0.0, 7.74e-08
2018-08-05, 22:20:58, 0.0, 7.78e-08
2018-08-05, 22:21:00, 0.0, 7.73e-08
2018-08-05, 22:21:02, 0.0, 7.75e-08
2018-08-05, 22:21:04, 0.0, 7.74e-08
2018-08-05, 22:21:06, 0.0, 7.81e-08
2018-08-05, 22:21:09, 0.0, 7.72e-08
2018-08-05, 22:21:11, 0.0, 7.71e-08
2018-08-05, 22:21:13, 0.0, 7.72e-08
2018-08-05, 22:21:15, 0.0, 7.75e-08
2018-08-05, 22:21:17, 0.0, 7.72e-08
2018-08-05, 22:21:19, 0.0, 7.73e-08
2018-08-05, 22:21:21, 0.0, 7.69e-08
2018-08-05, 22:21:23, 0.0, 7.69e-08
2018-08-05, 22:21:26, 0.0, 7.73e-08
2018-08-05, 22:21:28, 0.0, 7.66e-08
2018-08-05, 22:21:30, 0.0, 7.73e-08
2018-08-05, 22:21:32, 0.0, 7.78e-08
2018-08-05, 22:21:34, 0.0, 7.78e-08
2018-08-05, 22:21:36, 0.0, 7.73e-08
2018-08-05, 22:21:38, 0.0, 7.75e-08
2018-08-05, 22:21:40, 0.0, 7.7e-08
2018-08-05, 22:21:43, 0.0, 7.75e-08
2018-08-05, 22:21:45, 0.0, 7.69e-08
2018-08-05, 22:21:47, 0.0, 7.71e-08
2018-08-05, 22:21:49, 0.0, 7.7e-08
2018-08-05, 22:21:51, 0.0, 7.74e-08
2018-08-05, 22:21:53, 0.0, 7.72e-08
2018-08-05, 22:21:55, 0.0, 7.72e-08
2018-08-05, 22:21:57, 0.0, 7.75e-08
2018-08-05, 22:22:00, 0.0, 7.71e-08
2018-08-05, 22:22:02, 0.0, 7.77e-08
2018-08-05, 22:22:04, 0.0, 7.72e-08
2018-08-05, 22:22:06, 0.0, 7.73e-08
2018-08-05, 22:22:08, 0.0, 7.65e-08
2018-08-05, 22:22:10, 0.0, 7.68e-08
2018-08-05, 22:22:12, 0.0, 7.72e-08
2018-08-05, 22:22:14, 0.0, 7.75e-08
2018-08-05, 22:22:17, 0.0, 7.71e-08
2018-08-05, 22:22:19, 0.0, 7.73e-08
2018-08-05, 22:22:21, 0.0, 7.65e-08
2018-08-05, 22:22:23, 0.0, 7.77e-08
2018-08-05, 22:22:25, 0.0, 7.69e-08
2018-08-05, 22:22:27, 0.0, 7.79e-08
2018-08-05, 22:22:29, 0.0, 7.74e-08
2018-08-05, 22:22:31, 0.0, 7.76e-08
2018-08-05, 22:22:34, 0.0, 7.81e-08
2018-08-05, 22:22:36, 0.0, 7.77e-08
2018-08-05, 22:22:38, 0.0, 7.71e-08
2018-08-05, 22:22:40, 0.0, 7.7e-08
2018-08-05, 22:22:42, 0.0, 7.7e-08
2018-08-05, 22:22:44, 0.0, 7.75e-08
2018-08-05, 22:22:46, 0.0, 7.68e-08
2018-08-05, 22:22:49, 0.0, 7.74e-08
2018-08-05, 22:22:51, 0.0, 7.71e-08
2018-08-05, 22:22:53, 0.0, 7.71e-08
2018-08-05, 22:22:55, 0.0, 7.75e-08
2018-08-05, 22:22:57, 0.0, 7.7e-08
2018-08-05, 22:22:59, 0.0, 7.75e-08
2018-08-05, 22:23:01, 0.0, 7.69e-08
2018-08-05, 22:23:03, 0.0, 7.73e-08
2018-08-05, 22:23:06, 0.0, 7.76e-08
2018-08-05, 22:23:08, 0.0, 7.75e-08
2018-08-05, 22:23:10, 0.0, 7.82e-08
2018-08-05, 22:23:12, 0.0, 7.73e-08
2018-08-05, 22:23:14, 0.0, 7.68e-08
2018-08-05, 22:23:16, 0.0, 7.7e-08
2018-08-05, 22:23:18, 0.0, 7.7e-08
2018-08-05, 22:23:20, 0.0, 7.74e-08
2018-08-05, 22:23:23, 0.0, 7.81e-08
2018-08-05, 22:23:25, 0.0, 7.73e-08
2018-08-05, 22:23:27, 0.0, 7.79e-08
2018-08-05, 22:23:29, 0.0, 7.79e-08
2018-08-05, 22:23:31, 0.0, 7.74e-08
2018-08-05, 22:23:33, 0.0, 7.79e-08
2018-08-05, 22:23:35, 0.0, 7.78e-08
2018-08-05, 22:23:37, 0.0, 7.74e-08
2018-08-05, 22:23:40, 0.0, 7.75e-08
2018-08-05, 22:23:42, 0.0, 7.73e-08
2018-08-05, 22:23:44, 0.0, 7.72e-08
2018-08-05, 22:23:46, 0.0, 7.67e-08
2018-08-05, 22:23:48, 0.0, 7.72e-08
2018-08-05, 22:23:50, 0.0, 7.72e-08
2018-08-05, 22:23:52, 0.0, 7.71e-08
2018-08-05, 22:23:54, 0.0, 7.71e-08
2018-08-05, 22:23:56, 0.0, 7.72e-08
2018-08-05, 22:23:59, 0.0, 7.72e-08
2018-08-05, 22:24:01, 0.0, 7.71e-08
2018-08-05, 22:24:03, 0.0, 7.7e-08
2018-08-05, 22:24:05, 0.0, 7.77e-08
2018-08-05, 22:24:07, 0.0, 7.77e-08
2018-08-05, 22:24:09, 0.0, 7.74e-08
2018-08-05, 22:24:11, 0.0, 7.78e-08
2018-08-05, 22:24:14, 0.0, 7.8e-08
2018-08-05, 22:24:16, 0.0, 7.78e-08
2018-08-05, 22:24:18, 0.0, 7.77e-08
2018-08-05, 22:24:20, 0.0, 7.75e-08
2018-08-05, 22:24:22, 0.0, 7.79e-08
2018-08-05, 22:24:24, 0.0, 7.78e-08
2018-08-05, 22:24:26, 0.0, 7.84e-08
2018-08-05, 22:24:29, 0.0, 7.82e-08
2018-08-05, 22:24:31, 0.0, 7.78e-08
2018-08-05, 22:24:33, 0.0, 7.74e-08
2018-08-05, 22:24:35, 0.0, 7.73e-08
2018-08-05, 22:24:37, 0.0, 7.79e-08
2018-08-05, 22:24:39, 0.0, 7.79e-08
2018-08-05, 22:24:41, 0.0, 7.66e-08
2018-08-05, 22:24:43, 0.0, 7.72e-08
2018-08-05, 22:24:46, 0.0, 7.69e-08
2018-08-05, 22:24:48, 0.0, 7.67e-08
2018-08-05, 22:24:50, 0.0, 7.75e-08
2018-08-05, 22:24:52, 0.0, 7.69e-08
2018-08-05, 22:24:54, 0.0, 7.72e-08
2018-08-05, 22:24:56, 0.0, 7.71e-08
2018-08-05, 22:24:58, 0.0, 7.74e-08
2018-08-05, 22:25:00, 0.0, 7.76e-08
2018-08-05, 22:25:02, 0.0, 7.7e-08
2018-08-05, 22:25:05, 0.0, 7.69e-08
2018-08-05, 22:25:07, 0.0, 7.67e-08
2018-08-05, 22:25:09, 0.0, 7.7e-08
2018-08-05, 22:25:11, 0.0, 7.7e-08
2018-08-05, 22:25:13, 0.0, 7.61e-08
2018-08-05, 22:25:15, 0.0, 7.69e-08
2018-08-05, 22:25:17, 0.0, 7.74e-08
2018-08-05, 22:25:20, 0.0, 7.77e-08
2018-08-05, 22:25:22, 0.0, 7.75e-08
2018-08-05, 22:25:24, 0.0, 7.77e-08
2018-08-05, 22:25:26, 0.0, 7.64e-08
2018-08-05, 22:25:28, 0.0, 7.71e-08
2018-08-05, 22:25:30, 0.0, 7.73e-08
2018-08-05, 22:25:32, 0.0, 7.7e-08
2018-08-05, 22:25:34, 0.0, 7.76e-08
2018-08-05, 22:25:37, 0.0, 7.75e-08
2018-08-05, 22:25:39, 0.0, 7.75e-08
2018-08-05, 22:25:41, 0.0, 7.71e-08
2018-08-05, 22:25:43, 0.0, 7.78e-08
2018-08-05, 22:25:45, 0.0, 7.71e-08
2018-08-05, 22:25:47, 0.0, 7.73e-08
2018-08-05, 22:25:49, 0.0, 7.77e-08
2018-08-05, 22:25:51, 0.0, 7.75e-08
2018-08-05, 22:25:54, 0.0, 7.74e-08
2018-08-05, 22:25:56, 0.0, 7.67e-08
2018-08-05, 22:25:58, 0.0, 7.79e-08
2018-08-05, 22:26:00, 0.0, 7.71e-08
2018-08-05, 22:26:02, 0.0, 7.66e-08
2018-08-05, 22:26:04, 0.0, 7.68e-08
2018-08-05, 22:26:06, 0.0, 7.73e-08
2018-08-05, 22:26:08, 0.0, 7.65e-08
2018-08-05, 22:26:11, 0.0, 7.74e-08
2018-08-05, 22:26:13, 0.0, 7.66e-08
2018-08-05, 22:26:15, 0.0, 7.64e-08
2018-08-05, 22:26:17, 0.0, 7.73e-08
2018-08-05, 22:26:19, 0.0, 7.68e-08
2018-08-05, 22:26:21, 0.0, 7.66e-08
2018-08-05, 22:26:23, 0.0, 7.73e-08
2018-08-05, 22:26:25, 0.0, 7.71e-08
2018-08-05, 22:26:28, 0.0, 7.72e-08
2018-08-05, 22:26:30, 0.0, 7.73e-08
2018-08-05, 22:26:32, 0.0, 7.74e-08
2018-08-05, 22:26:34, 0.0, 7.74e-08
2018-08-05, 22:26:36, 0.0, 7.74e-08
2018-08-05, 22:26:38, 0.0, 7.71e-08
2018-08-05, 22:26:40, 0.0, 7.75e-08
2018-08-05, 22:26:42, 0.0, 7.7e-08
2018-08-05, 22:26:45, 0.0, 7.68e-08
2018-08-05, 22:26:47, 0.0, 7.76e-08
2018-08-05, 22:26:49, 0.0, 7.72e-08
2018-08-05, 22:26:51, 0.0, 7.77e-08
2018-08-05, 22:26:53, 0.0, 7.62e-08
2018-08-05, 22:26:55, 0.0, 7.76e-08
2018-08-05, 22:26:57, 0.0, 7.73e-08
2018-08-05, 22:26:59, 0.0, 7.73e-08
2018-08-05, 22:27:02, 0.0, 7.71e-08
2018-08-05, 22:27:04, 0.0, 7.71e-08
2018-08-05, 22:27:06, 0.0, 7.67e-08
2018-08-05, 22:27:08, 0.0, 7.72e-08
2018-08-05, 22:27:10, 0.0, 7.73e-08
2018-08-05, 22:27:12, 0.0, 7.69e-08
2018-08-05, 22:27:14, 0.0, 7.69e-08
2018-08-05, 22:27:16, 0.0, 7.73e-08
2018-08-05, 22:27:19, 0.0, 7.71e-08
2018-08-05, 22:27:21, 0.0, 7.72e-08
2018-08-05, 22:27:23, 0.0, 7.71e-08
2018-08-05, 22:27:25, 0.0, 7.71e-08
2018-08-05, 22:27:27, 0.0, 7.78e-08
2018-08-05, 22:27:29, 0.0, 7.72e-08
2018-08-05, 22:27:31, 0.0, 7.75e-08
2018-08-05, 22:27:33, 0.0, 7.76e-08
2018-08-05, 22:27:36, 0.0, 7.73e-08
2018-08-05, 22:27:38, 0.0, 7.7e-08
2018-08-05, 22:27:40, 0.0, 7.76e-08
2018-08-05, 22:27:42, 0.0, 7.74e-08
2018-08-05, 22:27:44, 0.0, 7.76e-08
2018-08-05, 22:27:46, 0.0, 7.7e-08
2018-08-05, 22:27:48, 0.0, 7.77e-08
2018-08-05, 22:27:50, 0.0, 7.69e-08
2018-08-05, 22:27:53, 0.0, 7.68e-08
2018-08-05, 22:27:55, 0.0, 7.74e-08
2018-08-05, 22:27:57, 0.0, 7.73e-08
2018-08-05, 22:27:59, 0.0, 7.78e-08
2018-08-05, 22:28:01, 0.0, 7.71e-08
2018-08-05, 22:28:03, 0.0, 7.75e-08
2018-08-05, 22:28:05, 0.0, 7.7e-08
2018-08-05, 22:28:08, 0.0, 7.73e-08
2018-08-05, 22:28:10, 0.0, 7.68e-08
2018-08-05, 22:28:12, 0.0, 7.7e-08
2018-08-05, 22:28:14, 0.0, 7.72e-08
2018-08-05, 22:28:16, 0.0, 7.73e-08
2018-08-05, 22:28:18, 0.0, 7.73e-08
2018-08-05, 22:28:20, 0.0, 7.67e-08
2018-08-05, 22:28:22, 0.0, 7.72e-08
2018-08-05, 22:28:25, 0.0, 7.75e-08
2018-08-05, 22:28:27, 0.0, 7.7e-08
2018-08-05, 22:28:29, 0.0, 7.74e-08
2018-08-05, 22:28:31, 0.0, 7.7e-08
2018-08-05, 22:28:33, 0.0, 7.7e-08
2018-08-05, 22:28:35, 0.0, 7.78e-08
2018-08-05, 22:28:37, 0.0, 7.76e-08
2018-08-05, 22:28:39, 0.0, 7.77e-08
2018-08-05, 22:28:42, 0.0, 7.7e-08
2018-08-05, 22:28:44, 0.0, 7.76e-08
2018-08-05, 22:28:46, 0.0, 7.71e-08
2018-08-05, 22:28:48, 0.0, 7.69e-08
2018-08-05, 22:28:50, 0.0, 7.67e-08
2018-08-05, 22:28:52, 0.0, 7.66e-08
2018-08-05, 22:28:54, 0.0, 7.73e-08
2018-08-05, 22:28:56, 0.0, 7.76e-08
2018-08-05, 22:28:59, 0.0, 7.72e-08
2018-08-05, 22:29:01, 0.0, 7.68e-08
2018-08-05, 22:29:03, 0.0, 7.72e-08
2018-08-05, 22:29:05, 0.0, 7.66e-08
2018-08-05, 22:29:07, 0.0, 7.68e-08
2018-08-05, 22:29:09, 0.0, 7.72e-08
2018-08-05, 22:29:11, 0.0, 7.72e-08
2018-08-05, 22:29:13, 0.0, 7.75e-08
2018-08-05, 22:29:16, 0.0, 7.64e-08
2018-08-05, 22:29:18, 0.0, 7.69e-08
2018-08-05, 22:29:20, 0.0, 7.66e-08
2018-08-05, 22:29:22, 0.0, 7.74e-08
2018-08-05, 22:29:24, 0.0, 7.74e-08
2018-08-05, 22:29:26, 0.0, 7.7e-08
2018-08-05, 22:29:28, 0.0, 7.75e-08
2018-08-05, 22:29:30, 0.0, 7.75e-08
2018-08-05, 22:29:33, 0.0, 7.72e-08
2018-08-05, 22:29:35, 0.0, 7.68e-08
2018-08-05, 22:29:37, 0.0, 7.71e-08
2018-08-05, 22:29:39, 0.0, 7.71e-08
2018-08-05, 22:29:41, 0.0, 7.63e-08
2018-08-05, 22:29:43, 0.0, 7.66e-08
2018-08-05, 22:29:45, 0.0, 7.66e-08
2018-08-05, 22:29:47, 0.0, 7.66e-08
2018-08-05, 22:29:50, 0.0, 7.74e-08
2018-08-05, 22:29:52, 0.0, 7.65e-08
2018-08-05, 22:29:54, 0.0, 7.72e-08
2018-08-05, 22:29:56, 0.0, 7.76e-08
2018-08-05, 22:29:58, 0.0, 7.69e-08
2018-08-05, 22:30:00, 0.0, 7.71e-08
2018-08-05, 22:30:02, 0.0, 7.71e-08
2018-08-05, 22:30:04, 0.0, 7.71e-08
2018-08-05, 22:30:07, 0.0, 7.64e-08
2018-08-05, 22:30:09, 0.0, 7.64e-08
2018-08-05, 22:30:11, 0.0, 7.72e-08
2018-08-05, 22:30:13, 0.0, 7.73e-08
2018-08-05, 22:30:15, 0.0, 7.63e-08
2018-08-05, 22:30:17, 0.0, 7.7e-08
2018-08-05, 22:30:19, 0.0, 7.68e-08
2018-08-05, 22:30:22, 0.0, 7.74e-08
2018-08-05, 22:30:24, 0.0, 7.75e-08
2018-08-05, 22:30:26, 0.0, 7.74e-08
2018-08-05, 22:30:28, 0.0, 7.62e-08
2018-08-05, 22:30:30, 0.0, 7.75e-08
2018-08-05, 22:30:32, 0.0, 7.73e-08
2018-08-05, 22:30:34, 0.0, 7.74e-08
2018-08-05, 22:30:36, 0.0, 7.74e-08
2018-08-05, 22:30:39, 0.0, 7.75e-08
2018-08-05, 22:30:41, 0.0, 7.73e-08
2018-08-05, 22:30:43, 0.0, 7.7e-08
2018-08-05, 22:30:45, 0.0, 7.73e-08
2018-08-05, 22:30:47, 0.0, 7.74e-08
2018-08-05, 22:30:49, 0.0, 7.68e-08
2018-08-05, 22:30:51, 0.0, 7.75e-08
2018-08-05, 22:30:53, 0.0, 7.75e-08
2018-08-05, 22:30:56, 0.0, 7.73e-08
2018-08-05, 22:30:58, 0.0, 7.72e-08
2018-08-05, 22:31:00, 0.0, 7.72e-08
2018-08-05, 22:31:02, 0.0, 7.74e-08
2018-08-05, 22:31:04, 0.0, 7.8e-08
2018-08-05, 22:31:06, 0.0, 7.71e-08
2018-08-05, 22:31:08, 0.0, 7.71e-08
2018-08-05, 22:31:10, 0.0, 7.74e-08
2018-08-05, 22:31:13, 0.0, 7.76e-08
2018-08-05, 22:31:15, 0.0, 7.7e-08
2018-08-05, 22:31:17, 0.0, 7.75e-08
2018-08-05, 22:31:19, 0.0, 7.7e-08
2018-08-05, 22:31:21, 0.0, 7.75e-08
2018-08-05, 22:31:23, 0.0, 7.67e-08
2018-08-05, 22:31:25, 0.0, 7.73e-08
2018-08-05, 22:31:28, 0.0, 7.7e-08
2018-08-05, 22:31:30, 0.0, 7.76e-08
2018-08-05, 22:31:32, 0.0, 7.77e-08
2018-08-05, 22:31:34, 0.0, 7.71e-08
2018-08-05, 22:31:36, 0.0, 7.69e-08
2018-08-05, 22:31:38, 0.0, 7.67e-08
2018-08-05, 22:31:40, 0.0, 7.74e-08
2018-08-05, 22:31:42, 0.0, 7.75e-08
2018-08-05, 22:31:45, 0.0, 7.69e-08
2018-08-05, 22:31:47, 0.0, 7.78e-08
2018-08-05, 22:31:49, 0.0, 7.71e-08
2018-08-05, 22:31:51, 0.0, 7.66e-08
2018-08-05, 22:31:53, 0.0, 7.66e-08
2018-08-05, 22:31:55, 0.0, 7.73e-08
2018-08-05, 22:31:57, 0.0, 7.7e-08
2018-08-05, 22:31:59, 0.0, 7.7e-08
2018-08-05, 22:32:02, 0.0, 7.75e-08
2018-08-05, 22:32:04, 0.0, 7.63e-08
2018-08-05, 22:32:06, 0.0, 7.77e-08
2018-08-05, 22:32:08, 0.0, 7.73e-08
2018-08-05, 22:32:10, 0.0, 7.68e-08
2018-08-05, 22:32:12, 0.0, 7.7e-08
2018-08-05, 22:32:14, 0.0, 7.75e-08
2018-08-05, 22:32:16, 0.0, 7.72e-08
2018-08-05, 22:32:19, 0.0, 7.72e-08
2018-08-05, 22:32:21, 0.0, 7.73e-08
2018-08-05, 22:32:23, 0.0, 7.76e-08
2018-08-05, 22:32:25, 0.0, 7.73e-08
2018-08-05, 22:32:27, 0.0, 7.7e-08
2018-08-05, 22:32:29, 0.0, 7.66e-08
2018-08-05, 22:32:31, 0.0, 7.69e-08
2018-08-05, 22:32:33, 0.0, 7.74e-08
2018-08-05, 22:32:36, 0.0, 7.72e-08
2018-08-05, 22:32:38, 0.0, 7.68e-08
2018-08-05, 22:32:40, 0.0, 7.69e-08
2018-08-05, 22:32:42, 0.0, 7.71e-08
2018-08-05, 22:32:44, 0.0, 7.76e-08
2018-08-05, 22:32:46, 0.0, 7.68e-08
2018-08-05, 22:32:48, 0.0, 7.7e-08
2018-08-05, 22:32:50, 0.0, 7.68e-08
2018-08-05, 22:32:53, 0.0, 7.67e-08
2018-08-05, 22:32:55, 0.0, 7.72e-08
2018-08-05, 22:32:57, 0.0, 7.67e-08
2018-08-05, 22:32:59, 0.0, 7.68e-08
2018-08-05, 22:33:01, 0.0, 7.65e-08
2018-08-05, 22:33:03, 0.0, 7.7e-08
2018-08-05, 22:33:05, 0.0, 7.7e-08
2018-08-05, 22:33:08, 0.0, 7.69e-08
2018-08-05, 22:33:10, 0.0, 7.65e-08
2018-08-05, 22:33:12, 0.0, 7.76e-08
2018-08-05, 22:33:14, 0.0, 7.71e-08
2018-08-05, 22:33:16, 0.0, 7.74e-08
2018-08-05, 22:33:18, 0.0, 7.69e-08
2018-08-05, 22:33:20, 0.0, 7.72e-08
2018-08-05, 22:33:22, 0.0, 7.65e-08
2018-08-05, 22:33:25, 0.0, 7.73e-08
2018-08-05, 22:33:27, 0.0, 7.74e-08
2018-08-05, 22:33:29, 0.0, 7.7e-08
2018-08-05, 22:33:31, 0.0, 7.73e-08
2018-08-05, 22:33:33, 0.0, 7.78e-08
2018-08-05, 22:33:35, 0.0, 7.74e-08
2018-08-05, 22:33:37, 0.0, 7.72e-08
2018-08-05, 22:33:39, 0.0, 7.66e-08
2018-08-05, 22:33:42, 0.0, 7.68e-08
2018-08-05, 22:33:44, 0.0, 7.71e-08
2018-08-05, 22:33:46, 0.0, 7.68e-08
2018-08-05, 22:33:48, 0.0, 7.62e-08
2018-08-05, 22:33:50, 0.0, 7.69e-08
2018-08-05, 22:33:52, 0.0, 7.68e-08
2018-08-05, 22:33:54, 0.0, 7.73e-08
2018-08-05, 22:33:56, 0.0, 7.68e-08
2018-08-05, 22:33:59, 0.0, 7.65e-08
2018-08-05, 22:34:01, 0.0, 7.65e-08
2018-08-05, 22:34:03, 0.0, 7.66e-08
2018-08-05, 22:34:05, 0.0, 7.63e-08
2018-08-05, 22:34:07, 0.0, 7.67e-08
2018-08-05, 22:34:09, 0.0, 7.69e-08
2018-08-05, 22:34:11, 0.0, 7.69e-08
2018-08-05, 22:34:14, 0.0, 7.68e-08
2018-08-05, 22:34:16, 0.0, 7.72e-08
2018-08-05, 22:34:18, 0.0, 7.63e-08
2018-08-05, 22:34:20, 0.0, 7.69e-08
2018-08-05, 22:34:22, 0.0, 7.66e-08
2018-08-05, 22:34:24, 0.0, 7.66e-08
2018-08-05, 22:34:26, 0.0, 7.67e-08
2018-08-05, 22:34:28, 0.0, 7.7e-08
2018-08-05, 22:34:31, 0.0, 7.64e-08
2018-08-05, 22:34:33, 0.0, 7.71e-08
2018-08-05, 22:34:35, 0.0, 7.71e-08
2018-08-05, 22:34:37, 0.0, 7.72e-08
2018-08-05, 22:34:39, 0.0, 7.67e-08
2018-08-05, 22:34:41, 0.0, 7.7e-08
2018-08-05, 22:34:43, 0.0, 7.79e-08
2018-08-05, 22:34:45, 0.0, 7.67e-08
2018-08-05, 22:34:48, 0.0, 7.69e-08
2018-08-05, 22:34:50, 0.0, 7.77e-08
2018-08-05, 22:34:52, 0.0, 7.74e-08
2018-08-05, 22:34:54, 0.0, 7.69e-08
2018-08-05, 22:34:56, 0.0, 7.71e-08
2018-08-05, 22:34:58, 0.0, 7.74e-08
2018-08-05, 22:35:00, 0.0, 7.64e-08
2018-08-05, 22:35:02, 0.0, 7.65e-08
2018-08-05, 22:35:05, 0.0, 7.73e-08
2018-08-05, 22:35:07, 0.0, 7.75e-08
2018-08-05, 22:35:09, 0.0, 7.64e-08
2018-08-05, 22:35:11, 0.0, 7.69e-08
2018-08-05, 22:35:13, 0.0, 7.71e-08
2018-08-05, 22:35:15, 0.0, 7.65e-08
2018-08-05, 22:35:17, 0.0, 7.7e-08
2018-08-05, 22:35:19, 0.0, 7.75e-08
2018-08-05, 22:35:22, 0.0, 7.76e-08
2018-08-05, 22:35:24, 0.0, 7.72e-08
2018-08-05, 22:35:26, 0.0, 7.73e-08
2018-08-05, 22:35:28, 0.0, 7.76e-08
2018-08-05, 22:35:30, 0.0, 7.75e-08
2018-08-05, 22:35:32, 0.0, 7.67e-08
2018-08-05, 22:35:34, 0.0, 7.69e-08
2018-08-05, 22:35:36, 0.0, 7.75e-08
2018-08-05, 22:35:39, 0.0, 7.7e-08
2018-08-05, 22:35:41, 0.0, 7.72e-08
2018-08-05, 22:35:43, 0.0, 7.73e-08
2018-08-05, 22:35:45, 0.0, 7.72e-08
2018-08-05, 22:35:47, 0.0, 7.74e-08
2018-08-05, 22:35:49, 0.0, 7.69e-08
2018-08-05, 22:35:51, 0.0, 7.7e-08
2018-08-05, 22:35:53, 0.0, 7.69e-08
2018-08-05, 22:35:56, 0.0, 7.77e-08
2018-08-05, 22:35:58, 0.0, 7.68e-08
2018-08-05, 22:36:00, 0.0, 7.65e-08
2018-08-05, 22:36:02, 0.0, 7.68e-08
2018-08-05, 22:36:04, 0.0, 7.7e-08
2018-08-05, 22:36:06, 0.0, 7.73e-08
2018-08-05, 22:36:08, 0.0, 7.73e-08
2018-08-05, 22:36:11, 0.0, 7.72e-08
2018-08-05, 22:36:13, 0.0, 7.72e-08
2018-08-05, 22:36:15, 0.0, 7.66e-08
2018-08-05, 22:36:17, 0.0, 7.78e-08
2018-08-05, 22:36:19, 0.0, 7.75e-08
2018-08-05, 22:36:21, 0.0, 7.7e-08
2018-08-05, 22:36:23, 0.0, 7.69e-08
2018-08-05, 22:36:25, 0.0, 7.69e-08
2018-08-05, 22:36:28, 0.0, 7.74e-08
2018-08-05, 22:36:30, 0.0, 7.71e-08
2018-08-05, 22:36:32, 0.0, 7.62e-08
2018-08-05, 22:36:34, 0.0, 7.67e-08
2018-08-05, 22:36:36, 0.0, 7.58e-08
2018-08-05, 22:36:38, 0.0, 7.65e-08
2018-08-05, 22:36:40, 0.0, 7.67e-08
2018-08-05, 22:36:42, 0.0, 7.68e-08
2018-08-05, 22:36:45, 0.0, 7.66e-08
2018-08-05, 22:36:47, 0.0, 7.65e-08
2018-08-05, 22:36:49, 0.0, 7.64e-08
2018-08-05, 22:36:51, 0.0, 7.71e-08
2018-08-05, 22:36:53, 0.0, 7.66e-08
2018-08-05, 22:36:55, 0.0, 7.68e-08
2018-08-05, 22:36:57, 0.0, 7.65e-08
2018-08-05, 22:36:59, 0.0, 7.66e-08
2018-08-05, 22:37:02, 0.0, 7.69e-08
2018-08-05, 22:37:04, 0.0, 7.73e-08
2018-08-05, 22:37:06, 0.0, 7.76e-08
2018-08-05, 22:37:08, 0.0, 7.73e-08
2018-08-05, 22:37:10, 0.0, 7.66e-08
2018-08-05, 22:37:12, 0.0, 7.73e-08
2018-08-05, 22:37:14, 0.0, 7.68e-08
2018-08-05, 22:37:16, 0.0, 7.6e-08
2018-08-05, 22:37:19, 0.0, 7.68e-08
2018-08-05, 22:37:21, 0.0, 7.62e-08
2018-08-05, 22:37:23, 0.0, 7.71e-08
2018-08-05, 22:37:25, 0.0, 7.72e-08
2018-08-05, 22:37:27, 0.0, 7.73e-08
2018-08-05, 22:37:29, 0.0, 7.71e-08
2018-08-05, 22:37:31, 0.0, 7.57e-08
2018-08-05, 22:37:34, 0.0, 7.79e-08
2018-08-05, 22:37:36, 0.0, 7.82e-08
2018-08-05, 22:37:38, 0.0, 7.68e-08
2018-08-05, 22:37:40, 0.0, 7.68e-08
2018-08-05, 22:37:42, 0.0, 7.68e-08
2018-08-05, 22:37:44, 0.0, 7.74e-08
2018-08-05, 22:37:46, 0.0, 7.73e-08
2018-08-05, 22:37:48, 0.0, 7.76e-08
2018-08-05, 22:37:51, 0.0, 7.77e-08
2018-08-05, 22:37:53, 0.0, 7.75e-08
2018-08-05, 22:37:55, 0.0, 7.76e-08
2018-08-05, 22:37:57, 0.0, 7.81e-08
2018-08-05, 22:37:59, 0.0, 7.72e-08
2018-08-05, 22:38:01, 0.0, 7.8e-08
2018-08-05, 22:38:03, 0.0, 7.74e-08
2018-08-05, 22:38:05, 0.0, 7.74e-08
2018-08-05, 22:38:08, 0.0, 7.8e-08
2018-08-05, 22:38:10, 0.0, 7.72e-08
2018-08-05, 22:38:12, 0.0, 7.74e-08
2018-08-05, 22:38:14, 0.0, 7.72e-08
2018-08-05, 22:38:16, 0.0, 7.79e-08
2018-08-05, 22:38:18, 0.0, 7.74e-08
2018-08-05, 22:38:20, 0.0, 7.73e-08
2018-08-05, 22:38:22, 0.0, 7.75e-08
2018-08-05, 22:38:25, 0.0, 7.75e-08
2018-08-05, 22:38:27, 0.0, 7.79e-08
2018-08-05, 22:38:29, 0.0, 7.78e-08
2018-08-05, 22:38:31, 0.0, 7.74e-08
2018-08-05, 22:38:33, 0.0, 7.77e-08
2018-08-05, 22:38:35, 0.0, 7.76e-08
2018-08-05, 22:38:37, 0.0, 7.76e-08
2018-08-05, 22:38:39, 0.0, 7.72e-08
2018-08-05, 22:38:42, 0.0, 7.76e-08
2018-08-05, 22:38:44, 0.0, 7.78e-08
2018-08-05, 22:38:46, 0.0, 7.74e-08
2018-08-05, 22:38:48, 0.0, 7.76e-08
2018-08-05, 22:38:50, 0.0, 7.75e-08
2018-08-05, 22:38:52, 0.0, 7.8e-08
2018-08-05, 22:38:54, 0.0, 7.8e-08
2018-08-05, 22:38:56, 0.0, 7.83e-08
2018-08-05, 22:38:59, 0.0, 7.83e-08
2018-08-05, 22:39:01, 0.0, 7.76e-08
2018-08-05, 22:39:03, 0.0, 7.78e-08
2018-08-05, 22:39:05, 0.0, 7.76e-08
2018-08-05, 22:39:07, 0.0, 7.81e-08
2018-08-05, 22:39:09, 0.0, 7.79e-08
2018-08-05, 22:39:11, 0.0, 7.76e-08
2018-08-05, 22:39:13, 0.0, 7.81e-08
2018-08-05, 22:39:16, 0.0, 7.73e-08
2018-08-05, 22:39:18, 0.0, 7.81e-08
2018-08-05, 22:39:20, 0.0, 7.75e-08
2018-08-05, 22:39:22, 0.0, 7.76e-08
2018-08-05, 22:39:24, 0.0, 7.75e-08
2018-08-05, 22:39:26, 0.0, 7.78e-08
2018-08-05, 22:39:28, 0.0, 7.73e-08
2018-08-05, 22:39:30, 0.0, 7.78e-08
2018-08-05, 22:39:33, 0.0, 7.79e-08
2018-08-05, 22:39:35, 0.0, 7.74e-08
2018-08-05, 22:39:37, 0.0, 7.79e-08
2018-08-05, 22:39:39, 0.0, 7.75e-08
2018-08-05, 22:39:41, 0.0, 7.81e-08
2018-08-05, 22:39:43, 0.0, 7.81e-08
2018-08-05, 22:39:45, 0.0, 7.75e-08
2018-08-05, 22:39:47, 0.0, 7.8e-08
2018-08-05, 22:39:50, 0.0, 7.83e-08
2018-08-05, 22:39:52, 0.0, 7.8e-08
2018-08-05, 22:39:54, 0.0, 7.81e-08
2018-08-05, 22:39:56, 0.0, 7.8e-08
2018-08-05, 22:39:58, 0.0, 7.78e-08
2018-08-05, 22:40:00, 0.0, 7.82e-08
2018-08-05, 22:40:02, 0.0, 7.76e-08
2018-08-05, 22:40:05, 0.0, 7.8e-08
2018-08-05, 22:40:07, 0.0, 7.74e-08
2018-08-05, 22:40:09, 0.0, 7.77e-08
2018-08-05, 22:40:11, 0.0, 7.8e-08
2018-08-05, 22:40:13, 0.0, 7.81e-08
2018-08-05, 22:40:15, 0.0, 7.75e-08
2018-08-05, 22:40:17, 0.0, 7.71e-08
2018-08-05, 22:40:19, 0.0, 7.79e-08
2018-08-05, 22:40:22, 0.0, 7.75e-08
2018-08-05, 22:40:24, 0.0, 7.76e-08
2018-08-05, 22:40:26, 0.0, 7.69e-08
2018-08-05, 22:40:28, 0.0, 7.7e-08
2018-08-05, 22:40:30, 0.0, 7.76e-08
2018-08-05, 22:40:32, 0.0, 7.72e-08
2018-08-05, 22:40:34, 0.0, 7.79e-08
2018-08-05, 22:40:36, 0.0, 7.76e-08
2018-08-05, 22:40:39, 0.0, 7.76e-08
2018-08-05, 22:40:41, 0.0, 7.74e-08
2018-08-05, 22:40:43, 0.0, 7.75e-08
2018-08-05, 22:40:45, 0.0, 7.77e-08
2018-08-05, 22:40:47, 0.0, 7.82e-08
2018-08-05, 22:40:49, 0.0, 7.83e-08
2018-08-05, 22:40:51, 0.0, 7.83e-08
2018-08-05, 22:40:54, 0.0, 7.82e-08
2018-08-05, 22:40:56, 0.0, 7.81e-08
2018-08-05, 22:40:58, 0.0, 7.82e-08
2018-08-05, 22:41:00, 0.0, 7.78e-08
2018-08-05, 22:41:02, 0.0, 7.8e-08
2018-08-05, 22:41:04, 0.0, 7.83e-08
2018-08-05, 22:41:06, 0.0, 7.82e-08
2018-08-05, 22:41:08, 0.0, 7.8e-08
2018-08-05, 22:41:11, 0.0, 7.76e-08
2018-08-05, 22:41:13, 0.0, 7.76e-08
2018-08-05, 22:41:15, 0.0, 7.74e-08
2018-08-05, 22:41:17, 0.0, 7.81e-08
2018-08-05, 22:41:19, 0.0, 7.79e-08
2018-08-05, 22:41:21, 0.0, 7.81e-08
2018-08-05, 22:41:23, 0.0, 7.84e-08
2018-08-05, 22:41:25, 0.0, 7.8e-08
2018-08-05, 22:41:28, 0.0, 7.78e-08
2018-08-05, 22:41:30, 0.0, 7.83e-08
2018-08-05, 22:41:32, 0.0, 7.78e-08
2018-08-05, 22:41:34, 0.0, 7.82e-08
2018-08-05, 22:41:36, 0.0, 7.83e-08
2018-08-05, 22:41:38, 0.0, 7.79e-08
2018-08-05, 22:41:40, 0.0, 7.81e-08
2018-08-05, 22:41:42, 0.0, 7.83e-08
2018-08-05, 22:41:45, 0.0, 7.8e-08
2018-08-05, 22:41:47, 0.0, 7.73e-08
2018-08-05, 22:41:49, 0.0, 7.66e-08
2018-08-05, 22:41:51, 0.0, 7.8e-08
2018-08-05, 22:41:53, 0.0, 7.78e-08
2018-08-05, 22:41:55, 0.0, 7.72e-08
2018-08-05, 22:41:57, 0.0, 7.78e-08
2018-08-05, 22:41:59, 0.0, 7.8e-08
2018-08-05, 22:42:02, 0.0, 7.83e-08
2018-08-05, 22:42:04, 0.0, 7.78e-08
2018-08-05, 22:42:06, 0.0, 7.73e-08
2018-08-05, 22:42:08, 0.0, 7.8e-08
2018-08-05, 22:42:10, 0.0, 7.87e-08
2018-08-05, 22:42:12, 0.0, 7.84e-08
2018-08-05, 22:42:14, 0.0, 7.85e-08
2018-08-05, 22:42:16, 0.0, 7.83e-08
2018-08-05, 22:42:19, 0.0, 7.76e-08
2018-08-05, 22:42:21, 0.0, 7.77e-08
2018-08-05, 22:42:23, 0.0, 7.8e-08
2018-08-05, 22:42:25, 0.0, 7.81e-08
2018-08-05, 22:42:27, 0.0, 7.81e-08
2018-08-05, 22:42:29, 0.0, 7.83e-08
2018-08-05, 22:42:31, 0.0, 7.82e-08
2018-08-05, 22:42:33, 0.0, 7.79e-08
2018-08-05, 22:42:36, 0.0, 7.8e-08
2018-08-05, 22:42:38, 0.0, 7.73e-08
2018-08-05, 22:42:40, 0.0, 7.84e-08
2018-08-05, 22:42:42, 0.0, 7.87e-08
2018-08-05, 22:42:44, 0.0, 7.81e-08
2018-08-05, 22:42:46, 0.0, 7.79e-08
2018-08-05, 22:42:48, 0.0, 7.79e-08
2018-08-05, 22:42:51, 0.0, 7.82e-08
2018-08-05, 22:42:53, 0.0, 7.79e-08
2018-08-05, 22:42:55, 0.0, 7.79e-08
2018-08-05, 22:42:57, 0.0, 7.79e-08
2018-08-05, 22:42:59, 0.0, 7.82e-08
2018-08-05, 22:43:01, 0.0, 7.78e-08
2018-08-05, 22:43:03, 0.0, 7.78e-08
2018-08-05, 22:43:05, 0.0, 7.75e-08
2018-08-05, 22:43:08, 0.0, 7.84e-08
2018-08-05, 22:43:10, 0.0, 7.78e-08
2018-08-05, 22:43:12, 0.0, 7.78e-08
2018-08-05, 22:43:14, 0.0, 7.79e-08
2018-08-05, 22:43:16, 0.0, 7.76e-08
2018-08-05, 22:43:18, 0.0, 7.82e-08
2018-08-05, 22:43:20, 0.0, 7.79e-08
2018-08-05, 22:43:22, 0.0, 7.83e-08
2018-08-05, 22:43:25, 0.0, 7.85e-08
2018-08-05, 22:43:27, 0.0, 7.81e-08
2018-08-05, 22:43:29, 0.0, 7.83e-08
2018-08-05, 22:43:31, 0.0, 7.82e-08
2018-08-05, 22:43:33, 0.0, 7.83e-08
2018-08-05, 22:43:35, 0.0, 7.83e-08
2018-08-05, 22:43:37, 0.0, 7.85e-08
2018-08-05, 22:43:39, 0.0, 7.88e-08
2018-08-05, 22:43:42, 0.0, 7.83e-08
2018-08-05, 22:43:44, 0.0, 7.82e-08
2018-08-05, 22:43:46, 0.0, 7.86e-08
2018-08-05, 22:43:48, 0.0, 7.83e-08
2018-08-05, 22:43:50, 0.0, 7.85e-08
2018-08-05, 22:43:52, 0.0, 7.85e-08
2018-08-05, 22:43:54, 0.0, 7.82e-08
2018-08-05, 22:43:56, 0.0, 7.73e-08
2018-08-05, 22:43:59, 0.0, 7.8e-08
2018-08-05, 22:44:01, 0.0, 7.81e-08
2018-08-05, 22:44:03, 0.0, 7.83e-08
2018-08-05, 22:44:05, 0.0, 7.77e-08
2018-08-05, 22:44:07, 0.0, 7.82e-08
2018-08-05, 22:44:09, 0.0, 7.83e-08
2018-08-05, 22:44:11, 0.0, 7.82e-08
2018-08-05, 22:44:14, 0.0, 7.86e-08
2018-08-05, 22:44:16, 0.0, 7.82e-08
2018-08-05, 22:44:18, 0.0, 7.83e-08
2018-08-05, 22:44:20, 0.0, 7.82e-08
2018-08-05, 22:44:22, 0.0, 7.73e-08
2018-08-05, 22:44:24, 0.0, 7.67e-08
2018-08-05, 22:44:26, 0.0, 7.76e-08
2018-08-05, 22:44:28, 0.0, 7.83e-08
2018-08-05, 22:44:31, 0.0, 7.79e-08
2018-08-05, 22:44:33, 0.0, 7.82e-08
2018-08-05, 22:44:35, 0.0, 7.83e-08
2018-08-05, 22:44:37, 0.0, 7.79e-08
2018-08-05, 22:44:39, 0.0, 7.83e-08
2018-08-05, 22:44:41, 0.0, 7.77e-08
2018-08-05, 22:44:43, 0.0, 7.85e-08
2018-08-05, 22:44:45, 0.0, 7.81e-08
2018-08-05, 22:44:48, 0.0, 7.77e-08
2018-08-05, 22:44:50, 0.0, 7.76e-08
2018-08-05, 22:44:52, 0.0, 7.78e-08
2018-08-05, 22:44:54, 0.0, 7.81e-08
2018-08-05, 22:44:56, 0.0, 7.8e-08
2018-08-05, 22:44:58, 0.0, 7.76e-08
2018-08-05, 22:45:00, 0.0, 7.81e-08
2018-08-05, 22:45:02, 0.0, 7.83e-08
2018-08-05, 22:45:05, 0.0, 7.78e-08
2018-08-05, 22:45:07, 0.0, 7.79e-08
2018-08-05, 22:45:09, 0.0, 7.77e-08
2018-08-05, 22:45:11, 0.0, 7.78e-08
2018-08-05, 22:45:13, 0.0, 7.8e-08
2018-08-05, 22:45:15, 0.0, 7.79e-08
2018-08-05, 22:45:17, 0.0, 7.71e-08
2018-08-05, 22:45:19, 0.0, 7.79e-08
2018-08-05, 22:45:22, 0.0, 7.77e-08
2018-08-05, 22:45:24, 0.0, 7.78e-08
2018-08-05, 22:45:26, 0.0, 7.78e-08
2018-08-05, 22:45:28, 0.0, 7.75e-08
2018-08-05, 22:45:30, 0.0, 7.78e-08
2018-08-05, 22:45:32, 0.0, 7.75e-08
2018-08-05, 22:45:34, 0.0, 7.82e-08
2018-08-05, 22:45:36, 0.0, 7.74e-08
2018-08-05, 22:45:39, 0.0, 7.75e-08
2018-08-05, 22:45:41, 0.0, 7.7e-08
2018-08-05, 22:45:43, 0.0, 7.68e-08
2018-08-05, 22:45:45, 0.0, 7.76e-08
2018-08-05, 22:45:47, 0.0, 7.73e-08
2018-08-05, 22:45:49, 0.0, 7.82e-08
2018-08-05, 22:45:51, 0.0, 7.76e-08
2018-08-05, 22:45:53, 0.0, 7.79e-08
2018-08-05, 22:45:56, 0.0, 7.79e-08
2018-08-05, 22:45:58, 0.0, 7.79e-08
2018-08-05, 22:46:00, 0.0, 7.82e-08
2018-08-05, 22:46:02, 0.0, 7.73e-08
2018-08-05, 22:46:04, 0.0, 7.74e-08
2018-08-05, 22:46:06, 0.0, 7.75e-08
2018-08-05, 22:46:08, 0.0, 7.71e-08
2018-08-05, 22:46:10, 0.0, 7.69e-08
2018-08-05, 22:46:13, 0.0, 7.79e-08
2018-08-05, 22:46:15, 0.0, 7.81e-08
2018-08-05, 22:46:17, 0.0, 7.76e-08
2018-08-05, 22:46:19, 0.0, 7.74e-08
2018-08-05, 22:46:21, 0.0, 7.75e-08
2018-08-05, 22:46:23, 0.0, 7.68e-08
2018-08-05, 22:46:25, 0.0, 7.77e-08
2018-08-05, 22:46:27, 0.0, 7.75e-08
2018-08-05, 22:46:30, 0.0, 7.77e-08
2018-08-05, 22:46:32, 0.0, 7.75e-08
2018-08-05, 22:46:34, 0.0, 7.73e-08
2018-08-05, 22:46:36, 0.0, 7.72e-08
2018-08-05, 22:46:38, 0.0, 7.65e-08
2018-08-05, 22:46:40, 0.0, 7.77e-08
2018-08-05, 22:46:42, 0.0, 7.7e-08
2018-08-05, 22:46:44, 0.0, 7.74e-08
2018-08-05, 22:46:47, 0.0, 7.77e-08
2018-08-05, 22:46:49, 0.0, 7.82e-08
2018-08-05, 22:46:51, 0.0, 7.74e-08
2018-08-05, 22:46:53, 0.0, 7.84e-08
2018-08-05, 22:46:55, 0.0, 7.74e-08
2018-08-05, 22:46:57, 0.0, 7.7e-08
2018-08-05, 22:46:59, 0.0, 7.77e-08
2018-08-05, 22:47:01, 0.0, 7.78e-08
2018-08-05, 22:47:04, 0.0, 7.81e-08
2018-08-05, 22:47:06, 0.0, 7.8e-08
2018-08-05, 22:47:08, 0.0, 7.75e-08
2018-08-05, 22:47:10, 0.0, 7.8e-08
2018-08-05, 22:47:12, 0.0, 7.8e-08
2018-08-05, 22:47:14, 0.0, 7.68e-08
2018-08-05, 22:47:16, 0.0, 7.81e-08
2018-08-05, 22:47:18, 0.0, 7.77e-08
2018-08-05, 22:47:21, 0.0, 7.76e-08
2018-08-05, 22:47:23, 0.0, 7.75e-08
2018-08-05, 22:47:25, 0.0, 7.76e-08
2018-08-05, 22:47:27, 0.0, 7.73e-08
2018-08-05, 22:47:29, 0.0, 7.78e-08
2018-08-05, 22:47:31, 0.0, 7.77e-08
2018-08-05, 22:47:33, 0.0, 7.78e-08
2018-08-05, 22:47:35, 0.0, 7.82e-08
2018-08-05, 22:47:38, 0.0, 7.82e-08
2018-08-05, 22:47:40, 0.0, 7.81e-08
2018-08-05, 22:47:42, 0.0, 7.78e-08
2018-08-05, 22:47:44, 0.0, 7.83e-08
2018-08-05, 22:47:46, 0.0, 7.8e-08
2018-08-05, 22:47:48, 0.0, 7.81e-08
2018-08-05, 22:47:50, 0.0, 7.81e-08
2018-08-05, 22:47:52, 0.0, 7.79e-08
2018-08-05, 22:47:55, 0.0, 7.79e-08
2018-08-05, 22:47:57, 0.0, 7.76e-08
2018-08-05, 22:47:59, 0.0, 7.72e-08
2018-08-05, 22:48:01, 0.0, 7.75e-08
2018-08-05, 22:48:03, 0.0, 7.78e-08
2018-08-05, 22:48:05, 0.0, 7.81e-08
2018-08-05, 22:48:07, 0.0, 7.75e-08
2018-08-05, 22:48:09, 0.0, 7.73e-08
2018-08-05, 22:48:12, 0.0, 7.71e-08
2018-08-05, 22:48:14, 0.0, 7.71e-08
2018-08-05, 22:48:16, 0.0, 7.77e-08
2018-08-05, 22:48:18, 0.0, 7.63e-08
2018-08-05, 22:48:20, 0.0, 7.69e-08
2018-08-05, 22:48:22, 0.0, 7.77e-08
2018-08-05, 22:48:24, 0.0, 7.75e-08
2018-08-05, 22:48:26, 0.0, 7.7e-08
2018-08-05, 22:48:29, 0.0, 7.71e-08
2018-08-05, 22:48:31, 0.0, 7.72e-08
2018-08-05, 22:48:33, 0.0, 7.75e-08
2018-08-05, 22:48:35, 0.0, 7.73e-08
2018-08-05, 22:48:37, 0.0, 7.75e-08
2018-08-05, 22:48:39, 0.0, 7.77e-08
2018-08-05, 22:48:41, 0.0, 7.81e-08
2018-08-05, 22:48:43, 0.0, 7.79e-08
2018-08-05, 22:48:46, 0.0, 7.72e-08
2018-08-05, 22:48:48, 0.0, 7.78e-08
2018-08-05, 22:48:50, 0.0, 7.81e-08
2018-08-05, 22:48:52, 0.0, 7.75e-08
2018-08-05, 22:48:54, 0.0, 7.73e-08
2018-08-05, 22:48:56, 0.0, 7.72e-08
2018-08-05, 22:48:58, 0.0, 7.75e-08
2018-08-05, 22:49:00, 0.0, 7.79e-08
2018-08-05, 22:49:03, 0.0, 7.78e-08
2018-08-05, 22:49:05, 0.0, 7.67e-08
2018-08-05, 22:49:07, 0.0, 7.67e-08
2018-08-05, 22:49:09, 0.0, 7.79e-08
2018-08-05, 22:49:11, 0.0, 7.76e-08
2018-08-05, 22:49:13, 0.0, 7.76e-08
2018-08-05, 22:49:15, 0.0, 7.81e-08
2018-08-05, 22:49:17, 0.0, 7.81e-08
2018-08-05, 22:49:20, 0.0, 7.77e-08
2018-08-05, 22:49:22, 0.0, 7.82e-08
2018-08-05, 22:49:24, 0.0, 7.77e-08
2018-08-05, 22:49:26, 0.0, 7.85e-08
2018-08-05, 22:49:28, 0.0, 7.81e-08
2018-08-05, 22:49:30, 0.0, 7.7e-08
2018-08-05, 22:49:32, 0.0, 7.76e-08
2018-08-05, 22:49:34, 0.0, 7.79e-08
2018-08-05, 22:49:37, 0.0, 7.73e-08
2018-08-05, 22:49:39, 0.0, 7.8e-08
2018-08-05, 22:49:41, 0.0, 7.77e-08
2018-08-05, 22:49:43, 0.0, 7.78e-08
2018-08-05, 22:49:45, 0.0, 7.75e-08
2018-08-05, 22:49:47, 0.0, 7.79e-08
2018-08-05, 22:49:49, 0.0, 7.75e-08
2018-08-05, 22:49:51, 0.0, 7.8e-08
2018-08-05, 22:49:54, 0.0, 7.65e-08
2018-08-05, 22:49:56, 0.0, 7.81e-08
2018-08-05, 22:49:58, 0.0, 7.75e-08
2018-08-05, 22:50:00, 0.0, 7.8e-08
2018-08-05, 22:50:02, 0.0, 7.67e-08
2018-08-05, 22:50:04, 0.0, 7.74e-08
2018-08-05, 22:50:06, 0.0, 7.7e-08
2018-08-05, 22:50:08, 0.0, 7.76e-08
2018-08-05, 22:50:11, 0.0, 7.76e-08
2018-08-05, 22:50:13, 0.0, 7.72e-08
2018-08-05, 22:50:15, 0.0, 7.73e-08
2018-08-05, 22:50:17, 0.0, 7.71e-08
2018-08-05, 22:50:19, 0.0, 7.74e-08
2018-08-05, 22:50:21, 0.0, 7.76e-08
2018-08-05, 22:50:23, 0.0, 7.76e-08
2018-08-05, 22:50:26, 0.0, 7.78e-08
2018-08-05, 22:50:28, 0.0, 7.74e-08
2018-08-05, 22:50:30, 0.0, 7.75e-08
2018-08-05, 22:50:32, 0.0, 7.69e-08
2018-08-05, 22:50:34, 0.0, 7.8e-08
2018-08-05, 22:50:36, 0.0, 7.82e-08
2018-08-05, 22:50:38, 0.0, 7.83e-08
2018-08-05, 22:50:40, 0.0, 7.77e-08
2018-08-05, 22:50:43, 0.0, 7.72e-08
2018-08-05, 22:50:45, 0.0, 7.76e-08
2018-08-05, 22:50:47, 0.0, 7.76e-08
2018-08-05, 22:50:49, 0.0, 7.77e-08
2018-08-05, 22:50:51, 0.0, 7.76e-08
2018-08-05, 22:50:53, 0.0, 7.79e-08
2018-08-05, 22:50:55, 0.0, 7.78e-08
2018-08-05, 22:50:57, 0.0, 7.77e-08
2018-08-05, 22:51:00, 0.0, 7.78e-08
2018-08-05, 22:51:02, 0.0, 7.75e-08
2018-08-05, 22:51:04, 0.0, 7.82e-08
2018-08-05, 22:51:06, 0.0, 7.74e-08
2018-08-05, 22:51:08, 0.0, 7.81e-08
2018-08-05, 22:51:10, 0.0, 7.76e-08
2018-08-05, 22:51:12, 0.0, 7.75e-08
2018-08-05, 22:51:14, 0.0, 7.8e-08
2018-08-05, 22:51:17, 0.0, 7.82e-08
2018-08-05, 22:51:19, 0.0, 7.78e-08
2018-08-05, 22:51:21, 0.0, 7.84e-08
2018-08-05, 22:51:23, 0.0, 7.79e-08
2018-08-05, 22:51:25, 0.0, 7.78e-08
2018-08-05, 22:51:27, 0.0, 7.76e-08
2018-08-05, 22:51:29, 0.0, 7.81e-08
2018-08-05, 22:51:31, 0.0, 7.82e-08
2018-08-05, 22:51:34, 0.0, 7.84e-08
2018-08-05, 22:51:36, 0.0, 7.78e-08
2018-08-05, 22:51:38, 0.0, 7.7e-08
2018-08-05, 22:51:40, 0.0, 7.7e-08
2018-08-05, 22:51:42, 0.0, 7.74e-08
2018-08-05, 22:51:44, 0.0, 7.7e-08
2018-08-05, 22:51:46, 0.0, 7.77e-08
2018-08-05, 22:51:48, 0.0, 7.75e-08
2018-08-05, 22:51:51, 0.0, 7.81e-08
2018-08-05, 22:51:53, 0.0, 7.74e-08
2018-08-05, 22:51:55, 0.0, 7.73e-08
2018-08-05, 22:51:57, 0.0, 7.76e-08
2018-08-05, 22:51:59, 0.0, 7.82e-08
2018-08-05, 22:52:01, 0.0, 7.75e-08
2018-08-05, 22:52:03, 0.0, 7.83e-08
2018-08-05, 22:52:05, 0.0, 7.82e-08
2018-08-05, 22:52:08, 0.0, 7.76e-08
2018-08-05, 22:52:10, 0.0, 7.78e-08
2018-08-05, 22:52:12, 0.0, 7.78e-08
2018-08-05, 22:52:14, 0.0, 7.73e-08
2018-08-05, 22:52:16, 0.0, 7.7e-08
2018-08-05, 22:52:18, 0.0, 7.75e-08
2018-08-05, 22:52:20, 0.0, 7.75e-08
2018-08-05, 22:52:23, 0.0, 7.73e-08
2018-08-05, 22:52:25, 0.0, 7.74e-08
2018-08-05, 22:52:27, 0.0, 7.8e-08
2018-08-05, 22:52:29, 0.0, 7.83e-08
2018-08-05, 22:52:31, 0.0, 7.78e-08
2018-08-05, 22:52:33, 0.0, 7.7e-08
2018-08-05, 22:52:35, 0.0, 7.74e-08
2018-08-05, 22:52:37, 0.0, 7.75e-08
2018-08-05, 22:52:40, 0.0, 7.79e-08
2018-08-05, 22:52:42, 0.0, 7.71e-08
2018-08-05, 22:52:44, 0.0, 7.81e-08
2018-08-05, 22:52:46, 0.0, 7.72e-08
2018-08-05, 22:52:48, 0.0, 7.76e-08
2018-08-05, 22:52:50, 0.0, 7.7e-08
2018-08-05, 22:52:52, 0.0, 7.7e-08
2018-08-05, 22:52:54, 0.0, 7.73e-08
2018-08-05, 22:52:57, 0.0, 7.66e-08
2018-08-05, 22:52:59, 0.0, 7.71e-08
2018-08-05, 22:53:01, 0.0, 7.73e-08
2018-08-05, 22:53:03, 0.0, 7.78e-08
2018-08-05, 22:53:05, 0.0, 7.68e-08
2018-08-05, 22:53:07, 0.0, 7.68e-08
2018-08-05, 22:53:09, 0.0, 7.66e-08
2018-08-05, 22:53:11, 0.0, 7.74e-08
2018-08-05, 22:53:14, 0.0, 7.82e-08
2018-08-05, 22:53:16, 0.0, 7.66e-08
2018-08-05, 22:53:18, 0.0, 7.75e-08
2018-08-05, 22:53:20, 0.0, 7.75e-08
2018-08-05, 22:53:22, 0.0, 7.74e-08
2018-08-05, 22:53:24, 0.0, 7.8e-08
2018-08-05, 22:53:26, 0.0, 7.73e-08
2018-08-05, 22:53:28, 0.0, 7.79e-08
2018-08-05, 22:53:31, 0.0, 7.7e-08
2018-08-05, 22:53:33, 0.0, 7.69e-08
2018-08-05, 22:53:35, 0.0, 7.74e-08
2018-08-05, 22:53:37, 0.0, 7.73e-08
2018-08-05, 22:53:39, 0.0, 7.76e-08
2018-08-05, 22:53:41, 0.0, 7.7e-08
2018-08-05, 22:53:43, 0.0, 7.74e-08
2018-08-05, 22:53:45, 0.0, 7.76e-08
2018-08-05, 22:53:48, 0.0, 7.7e-08
2018-08-05, 22:53:50, 0.0, 7.75e-08
2018-08-05, 22:53:52, 0.0, 7.69e-08
2018-08-05, 22:53:54, 0.0, 7.73e-08
2018-08-05, 22:53:56, 0.0, 7.67e-08
2018-08-05, 22:53:58, 0.0, 7.73e-08
2018-08-05, 22:54:00, 0.0, 7.74e-08
2018-08-05, 22:54:02, 0.0, 7.71e-08
2018-08-05, 22:54:05, 0.0, 7.7e-08
2018-08-05, 22:54:07, 0.0, 7.73e-08
2018-08-05, 22:54:09, 0.0, 7.79e-08
2018-08-05, 22:54:11, 0.0, 7.74e-08
2018-08-05, 22:54:13, 0.0, 7.75e-08
2018-08-05, 22:54:15, 0.0, 7.72e-08
2018-08-05, 22:54:17, 0.0, 7.75e-08
2018-08-05, 22:54:19, 0.0, 7.72e-08
2018-08-05, 22:54:22, 0.0, 7.77e-08
2018-08-05, 22:54:24, 0.0, 7.72e-08
2018-08-05, 22:54:26, 0.0, 7.7e-08
2018-08-05, 22:54:28, 0.0, 7.79e-08
2018-08-05, 22:54:30, 0.0, 7.71e-08
2018-08-05, 22:54:32, 0.0, 7.72e-08
2018-08-05, 22:54:34, 0.0, 7.69e-08
2018-08-05, 22:54:37, 0.0, 7.75e-08
2018-08-05, 22:54:39, 0.0, 7.75e-08
2018-08-05, 22:54:41, 0.0, 7.74e-08
2018-08-05, 22:54:43, 0.0, 7.73e-08
2018-08-05, 22:54:45, 0.0, 7.71e-08
2018-08-05, 22:54:47, 0.0, 7.75e-08
2018-08-05, 22:54:49, 0.0, 7.71e-08
2018-08-05, 22:54:51, 0.0, 7.67e-08
2018-08-05, 22:54:54, 0.0, 7.73e-08
2018-08-05, 22:54:56, 0.0, 7.7e-08
2018-08-05, 22:54:58, 0.0, 7.67e-08
2018-08-05, 22:55:00, 0.0, 7.71e-08
2018-08-05, 22:55:02, 0.0, 7.73e-08
2018-08-05, 22:55:04, 0.0, 7.71e-08
2018-08-05, 22:55:06, 0.0, 7.74e-08
2018-08-05, 22:55:08, 0.0, 7.72e-08
2018-08-05, 22:55:11, 0.0, 7.72e-08
2018-08-05, 22:55:13, 0.0, 7.7e-08
2018-08-05, 22:55:15, 0.0, 7.74e-08
2018-08-05, 22:55:17, 0.0, 7.77e-08
2018-08-05, 22:55:19, 0.0, 7.67e-08
2018-08-05, 22:55:21, 0.0, 7.74e-08
2018-08-05, 22:55:23, 0.0, 7.73e-08
2018-08-05, 22:55:25, 0.0, 7.7e-08
2018-08-05, 22:55:28, 0.0, 7.67e-08
2018-08-05, 22:55:30, 0.0, 7.74e-08
2018-08-05, 22:55:32, 0.0, 7.68e-08
2018-08-05, 22:55:34, 0.0, 7.67e-08
2018-08-05, 22:55:36, 0.0, 7.69e-08
2018-08-05, 22:55:38, 0.0, 7.74e-08
2018-08-05, 22:55:40, 0.0, 7.76e-08
2018-08-05, 22:55:42, 0.0, 7.73e-08
2018-08-05, 22:55:45, 0.0, 7.73e-08
2018-08-05, 22:55:47, 0.0, 7.76e-08
2018-08-05, 22:55:49, 0.0, 7.72e-08
2018-08-05, 22:55:51, 0.0, 7.74e-08
2018-08-05, 22:55:53, 0.0, 7.75e-08
2018-08-05, 22:55:55, 0.0, 7.73e-08
2018-08-05, 22:55:57, 0.0, 7.73e-08
2018-08-05, 22:55:59, 0.0, 7.72e-08
2018-08-05, 22:56:02, 0.0, 7.81e-08
2018-08-05, 22:56:04, 0.0, 7.78e-08
2018-08-05, 22:56:06, 0.0, 7.78e-08
2018-08-05, 22:56:08, 0.0, 7.72e-08
2018-08-05, 22:56:10, 0.0, 7.68e-08
2018-08-05, 22:56:12, 0.0, 7.75e-08
2018-08-05, 22:56:14, 0.0, 7.72e-08
2018-08-05, 22:56:16, 0.0, 7.73e-08
2018-08-05, 22:56:19, 0.0, 7.7e-08
2018-08-05, 22:56:21, 0.0, 7.68e-08
2018-08-05, 22:56:23, 0.0, 7.68e-08
2018-08-05, 22:56:25, 0.0, 7.73e-08
2018-08-05, 22:56:27, 0.0, 7.71e-08
2018-08-05, 22:56:29, 0.0, 7.76e-08
2018-08-05, 22:56:31, 0.0, 7.7e-08
2018-08-05, 22:56:33, 0.0, 7.71e-08
2018-08-05, 22:56:36, 0.0, 7.72e-08
2018-08-05, 22:56:38, 0.0, 7.74e-08
2018-08-05, 22:56:40, 0.0, 7.67e-08
2018-08-05, 22:56:42, 0.0, 7.69e-08
2018-08-05, 22:56:44, 0.0, 7.64e-08
2018-08-05, 22:56:46, 0.0, 7.78e-08
2018-08-05, 22:56:48, 0.0, 7.72e-08
2018-08-05, 22:56:50, 0.0, 7.68e-08
2018-08-05, 22:56:53, 0.0, 7.76e-08
2018-08-05, 22:56:55, 0.0, 7.76e-08
2018-08-05, 22:56:57, 0.0, 7.71e-08
2018-08-05, 22:56:59, 0.0, 7.76e-08
2018-08-05, 22:57:01, 0.0, 7.7e-08
2018-08-05, 22:57:03, 0.0, 7.76e-08
2018-08-05, 22:57:05, 0.0, 7.79e-08
2018-08-05, 22:57:08, 0.0, 7.8e-08
2018-08-05, 22:57:10, 0.0, 7.75e-08
2018-08-05, 22:57:12, 0.0, 7.72e-08
2018-08-05, 22:57:14, 0.0, 7.71e-08
2018-08-05, 22:57:16, 0.0, 7.72e-08
2018-08-05, 22:57:18, 0.0, 7.85e-08
2018-08-05, 22:57:20, 0.0, 7.76e-08
2018-08-05, 22:57:22, 0.0, 7.75e-08
2018-08-05, 22:57:25, 0.0, 7.7e-08
2018-08-05, 22:57:27, 0.0, 7.75e-08
2018-08-05, 22:57:29, 0.0, 7.69e-08
2018-08-05, 22:57:31, 0.0, 7.79e-08
2018-08-05, 22:57:33, 0.0, 7.72e-08
2018-08-05, 22:57:35, 0.0, 7.77e-08
2018-08-05, 22:57:37, 0.0, 7.76e-08
2018-08-05, 22:57:39, 0.0, 7.71e-08
2018-08-05, 22:57:42, 0.0, 7.73e-08
2018-08-05, 22:57:44, 0.0, 7.67e-08
2018-08-05, 22:57:46, 0.0, 7.69e-08
2018-08-05, 22:57:48, 0.0, 7.71e-08
2018-08-05, 22:57:50, 0.0, 7.71e-08
2018-08-05, 22:57:52, 0.0, 7.71e-08
2018-08-05, 22:57:54, 0.0, 7.71e-08
2018-08-05, 22:57:56, 0.0, 7.66e-08
2018-08-05, 22:57:59, 0.0, 7.75e-08
2018-08-05, 22:58:01, 0.0, 7.76e-08
2018-08-05, 22:58:03, 0.0, 7.66e-08
2018-08-05, 22:58:05, 0.0, 7.69e-08
2018-08-05, 22:58:07, 0.0, 7.72e-08
2018-08-05, 22:58:09, 0.0, 7.69e-08
2018-08-05, 22:58:11, 0.0, 7.73e-08
2018-08-05, 22:58:13, 0.0, 7.77e-08
2018-08-05, 22:58:16, 0.0, 7.78e-08
2018-08-05, 22:58:18, 0.0, 7.78e-08
2018-08-05, 22:58:20, 0.0, 7.75e-08
2018-08-05, 22:58:22, 0.0, 7.78e-08
2018-08-05, 22:58:24, 0.0, 7.72e-08
2018-08-05, 22:58:26, 0.0, 7.73e-08
2018-08-05, 22:58:28, 0.0, 7.74e-08
2018-08-05, 22:58:30, 0.0, 7.78e-08
2018-08-05, 22:58:33, 0.0, 7.69e-08
2018-08-05, 22:58:35, 0.0, 7.79e-08
2018-08-05, 22:58:37, 0.0, 7.67e-08
2018-08-05, 22:58:39, 0.0, 7.76e-08
2018-08-05, 22:58:41, 0.0, 7.75e-08
2018-08-05, 22:58:43, 0.0, 7.74e-08
2018-08-05, 22:58:45, 0.0, 7.64e-08
2018-08-05, 22:58:47, 0.0, 7.75e-08
2018-08-05, 22:58:50, 0.0, 7.73e-08
2018-08-05, 22:58:52, 0.0, 7.66e-08
2018-08-05, 22:58:54, 0.0, 7.78e-08
2018-08-05, 22:58:56, 0.0, 7.73e-08
2018-08-05, 22:58:58, 0.0, 7.72e-08
2018-08-05, 22:59:00, 0.0, 7.76e-08
2018-08-05, 22:59:02, 0.0, 7.66e-08
2018-08-05, 22:59:04, 0.0, 7.67e-08
2018-08-05, 22:59:07, 0.0, 7.74e-08
2018-08-05, 22:59:09, 0.0, 7.74e-08
2018-08-05, 22:59:11, 0.0, 7.65e-08
2018-08-05, 22:59:13, 0.0, 7.73e-08
2018-08-05, 22:59:15, 0.0, 7.75e-08
2018-08-05, 22:59:17, 0.0, 7.75e-08
2018-08-05, 22:59:19, 0.0, 7.82e-08
2018-08-05, 22:59:21, 0.0, 7.72e-08
2018-08-05, 22:59:24, 0.0, 7.72e-08
2018-08-05, 22:59:26, 0.0, 7.71e-08
2018-08-05, 22:59:28, 0.0, 7.67e-08
2018-08-05, 22:59:30, 0.0, 7.74e-08
2018-08-05, 22:59:32, 0.0, 7.65e-08
2018-08-05, 22:59:34, 0.0, 7.7e-08
2018-08-05, 22:59:36, 0.0, 7.71e-08
2018-08-05, 22:59:39, 0.0, 7.71e-08
2018-08-05, 22:59:41, 0.0, 7.68e-08
2018-08-05, 22:59:43, 0.0, 7.73e-08
2018-08-05, 22:59:45, 0.0, 7.71e-08
2018-08-05, 22:59:47, 0.0, 7.74e-08
2018-08-05, 22:59:49, 0.0, 7.73e-08
2018-08-05, 22:59:51, 0.0, 7.65e-08
2018-08-05, 22:59:53, 0.0, 7.66e-08
2018-08-05, 22:59:56, 0.0, 7.71e-08
2018-08-05, 22:59:58, 0.0, 7.71e-08
2018-08-05, 23:00:00, 0.0, 7.69e-08
2018-08-05, 23:00:02, 0.0, 7.73e-08
2018-08-05, 23:00:04, 0.0, 7.74e-08
2018-08-05, 23:00:06, 0.0, 7.73e-08
2018-08-05, 23:00:08, 0.0, 7.76e-08
2018-08-05, 23:00:10, 0.0, 7.71e-08
2018-08-05, 23:00:13, 0.0, 7.7e-08
2018-08-05, 23:00:15, 0.0, 7.67e-08
2018-08-05, 23:00:17, 0.0, 7.68e-08
2018-08-05, 23:00:19, 0.0, 7.7e-08
2018-08-05, 23:00:21, 0.0, 7.67e-08
2018-08-05, 23:00:23, 0.0, 7.67e-08
2018-08-05, 23:00:25, 0.0, 7.73e-08
2018-08-05, 23:00:28, 0.0, 7.67e-08
2018-08-05, 23:00:30, 0.0, 7.81e-08
2018-08-05, 23:00:32, 0.0, 7.71e-08
2018-08-05, 23:00:34, 0.0, 7.64e-08
2018-08-05, 23:00:36, 0.0, 7.81e-08
2018-08-05, 23:00:38, 0.0, 7.79e-08
2018-08-05, 23:00:40, 0.0, 7.78e-08
2018-08-05, 23:00:42, 0.0, 7.75e-08
2018-08-05, 23:00:45, 0.0, 7.8e-08
2018-08-05, 23:00:47, 0.0, 7.7e-08
2018-08-05, 23:00:49, 0.0, 7.78e-08
2018-08-05, 23:00:51, 0.0, 7.64e-08
2018-08-05, 23:00:53, 0.0, 7.69e-08
2018-08-05, 23:00:55, 0.0, 7.75e-08
2018-08-05, 23:00:57, 0.0, 7.73e-08
2018-08-05, 23:00:59, 0.0, 7.76e-08
2018-08-05, 23:01:02, 0.0, 7.74e-08
2018-08-05, 23:01:04, 0.0, 7.72e-08
2018-08-05, 23:01:06, 0.0, 7.67e-08
2018-08-05, 23:01:08, 0.0, 7.73e-08
2018-08-05, 23:01:10, 0.0, 7.77e-08
2018-08-05, 23:01:12, 0.0, 7.72e-08
2018-08-05, 23:01:14, 0.0, 7.77e-08
2018-08-05, 23:01:16, 0.0, 7.74e-08
2018-08-05, 23:01:19, 0.0, 7.74e-08
2018-08-05, 23:01:21, 0.0, 7.74e-08
2018-08-05, 23:01:23, 0.0, 7.74e-08
2018-08-05, 23:01:25, 0.0, 7.74e-08
2018-08-05, 23:01:27, 0.0, 7.74e-08
2018-08-05, 23:01:29, 0.0, 7.74e-08
2018-08-05, 23:01:31, 0.0, 7.66e-08
2018-08-05, 23:01:33, 0.0, 7.71e-08
2018-08-05, 23:01:36, 0.0, 7.77e-08
2018-08-05, 23:01:38, 0.0, 7.73e-08
2018-08-05, 23:01:40, 0.0, 7.69e-08
2018-08-05, 23:01:42, 0.0, 7.7e-08
2018-08-05, 23:01:44, 0.0, 7.74e-08
2018-08-05, 23:01:46, 0.0, 7.62e-08
2018-08-05, 23:01:48, 0.0, 7.78e-08
2018-08-05, 23:01:50, 0.0, 7.76e-08
2018-08-05, 23:01:53, 0.0, 7.74e-08
2018-08-05, 23:01:55, 0.0, 7.76e-08
2018-08-05, 23:01:57, 0.0, 7.71e-08
2018-08-05, 23:01:59, 0.0, 7.77e-08
2018-08-05, 23:02:01, 0.0, 7.75e-08
2018-08-05, 23:02:03, 0.0, 7.77e-08
2018-08-05, 23:02:05, 0.0, 7.72e-08
2018-08-05, 23:02:07, 0.0, 7.65e-08
2018-08-05, 23:02:10, 0.0, 7.79e-08
2018-08-05, 23:02:12, 0.0, 7.74e-08
2018-08-05, 23:02:14, 0.0, 7.76e-08
2018-08-05, 23:02:16, 0.0, 7.73e-08
2018-08-05, 23:02:18, 0.0, 7.74e-08
2018-08-05, 23:02:20, 0.0, 7.68e-08
2018-08-05, 23:02:22, 0.0, 7.61e-08
2018-08-05, 23:02:25, 0.0, 7.69e-08
2018-08-05, 23:02:27, 0.0, 7.68e-08
2018-08-05, 23:02:29, 0.0, 7.75e-08
2018-08-05, 23:02:31, 0.0, 7.68e-08
2018-08-05, 23:02:33, 0.0, 7.68e-08
2018-08-05, 23:02:35, 0.0, 7.71e-08
2018-08-05, 23:02:37, 0.0, 7.73e-08
2018-08-05, 23:02:39, 0.0, 7.69e-08
2018-08-05, 23:02:42, 0.0, 7.71e-08
2018-08-05, 23:02:44, 0.0, 7.67e-08
2018-08-05, 23:02:46, 0.0, 7.63e-08
2018-08-05, 23:02:48, 0.0, 7.75e-08
2018-08-05, 23:02:50, 0.0, 7.72e-08
2018-08-05, 23:02:52, 0.0, 7.65e-08
2018-08-05, 23:02:54, 0.0, 7.71e-08
2018-08-05, 23:02:56, 0.0, 7.73e-08
2018-08-05, 23:02:59, 0.0, 7.66e-08
2018-08-05, 23:03:01, 0.0, 7.65e-08
2018-08-05, 23:03:03, 0.0, 7.74e-08
2018-08-05, 23:03:05, 0.0, 7.71e-08
2018-08-05, 23:03:07, 0.0, 7.72e-08
2018-08-05, 23:03:09, 0.0, 7.61e-08
2018-08-05, 23:03:11, 0.0, 7.69e-08
2018-08-05, 23:03:13, 0.0, 7.71e-08
2018-08-05, 23:03:16, 0.0, 7.68e-08
2018-08-05, 23:03:18, 0.0, 7.72e-08
2018-08-05, 23:03:20, 0.0, 7.7e-08
2018-08-05, 23:03:22, 0.0, 7.72e-08
2018-08-05, 23:03:24, 0.0, 7.74e-08
2018-08-05, 23:03:26, 0.0, 7.67e-08
2018-08-05, 23:03:28, 0.0, 7.73e-08
2018-08-05, 23:03:30, 0.0, 7.8e-08
2018-08-05, 23:03:33, 0.0, 7.68e-08
2018-08-05, 23:03:35, 0.0, 7.69e-08
2018-08-05, 23:03:37, 0.0, 7.73e-08
2018-08-05, 23:03:39, 0.0, 7.71e-08
2018-08-05, 23:03:41, 0.0, 7.72e-08
2018-08-05, 23:03:43, 0.0, 7.71e-08
2018-08-05, 23:03:45, 0.0, 7.68e-08
2018-08-05, 23:03:48, 0.0, 7.75e-08
2018-08-05, 23:03:50, 0.0, 7.67e-08
2018-08-05, 23:03:52, 0.0, 7.67e-08
2018-08-05, 23:03:54, 0.0, 7.71e-08
2018-08-05, 23:03:56, 0.0, 7.76e-08
2018-08-05, 23:03:58, 0.0, 7.69e-08
2018-08-05, 23:04:00, 0.0, 7.68e-08
2018-08-05, 23:04:02, 0.0, 7.68e-08
2018-08-05, 23:04:05, 0.0, 7.73e-08
2018-08-05, 23:04:07, 0.0, 7.67e-08
2018-08-05, 23:04:09, 0.0, 7.66e-08
2018-08-05, 23:04:11, 0.0, 7.71e-08
2018-08-05, 23:04:13, 0.0, 7.69e-08
2018-08-05, 23:04:15, 0.0, 7.72e-08
2018-08-05, 23:04:17, 0.0, 7.77e-08
2018-08-05, 23:04:19, 0.0, 7.67e-08
2018-08-05, 23:04:22, 0.0, 7.68e-08
2018-08-05, 23:04:24, 0.0, 7.69e-08
2018-08-05, 23:04:26, 0.0, 7.75e-08
2018-08-05, 23:04:28, 0.0, 7.69e-08
2018-08-05, 23:04:30, 0.0, 7.74e-08
2018-08-05, 23:04:32, 0.0, 7.63e-08
2018-08-05, 23:04:34, 0.0, 7.75e-08
2018-08-05, 23:04:36, 0.0, 7.75e-08
2018-08-05, 23:04:39, 0.0, 7.71e-08
2018-08-05, 23:04:41, 0.0, 7.73e-08
2018-08-05, 23:04:43, 0.0, 7.69e-08
2018-08-05, 23:04:45, 0.0, 7.71e-08
2018-08-05, 23:04:47, 0.0, 7.74e-08
2018-08-05, 23:04:49, 0.0, 7.71e-08
2018-08-05, 23:04:51, 0.0, 7.62e-08
2018-08-05, 23:04:53, 0.0, 7.72e-08
2018-08-05, 23:04:56, 0.0, 7.68e-08
2018-08-05, 23:04:58, 0.0, 7.72e-08
2018-08-05, 23:05:00, 0.0, 7.75e-08
2018-08-05, 23:05:02, 0.0, 7.71e-08
2018-08-05, 23:05:04, 0.0, 7.74e-08
2018-08-05, 23:05:06, 0.0, 7.77e-08
2018-08-05, 23:05:08, 0.0, 7.73e-08
2018-08-05, 23:05:10, 0.0, 7.66e-08
2018-08-05, 23:05:13, 0.0, 7.77e-08
2018-08-05, 23:05:15, 0.0, 7.71e-08
2018-08-05, 23:05:17, 0.0, 7.74e-08
2018-08-05, 23:05:19, 0.0, 7.63e-08
2018-08-05, 23:05:21, 0.0, 7.7e-08
2018-08-05, 23:05:23, 0.0, 7.71e-08
2018-08-05, 23:05:25, 0.0, 7.71e-08
2018-08-05, 23:05:27, 0.0, 7.69e-08
2018-08-05, 23:05:30, 0.0, 7.73e-08
2018-08-05, 23:05:32, 0.0, 7.68e-08
2018-08-05, 23:05:34, 0.0, 7.76e-08
2018-08-05, 23:05:36, 0.0, 7.76e-08
2018-08-05, 23:05:38, 0.0, 7.74e-08
2018-08-05, 23:05:40, 0.0, 7.62e-08
2018-08-05, 23:05:42, 0.0, 7.64e-08
2018-08-05, 23:05:44, 0.0, 7.65e-08
2018-08-05, 23:05:47, 0.0, 7.69e-08
2018-08-05, 23:05:49, 0.0, 7.7e-08
2018-08-05, 23:05:51, 0.0, 7.76e-08
2018-08-05, 23:05:53, 0.0, 7.67e-08
2018-08-05, 23:05:55, 0.0, 7.68e-08
2018-08-05, 23:05:57, 0.0, 7.66e-08
2018-08-05, 23:05:59, 0.0, 7.74e-08
2018-08-05, 23:06:01, 0.0, 7.7e-08
2018-08-05, 23:06:04, 0.0, 7.66e-08
2018-08-05, 23:06:06, 0.0, 7.74e-08
2018-08-05, 23:06:08, 0.0, 7.74e-08
2018-08-05, 23:06:10, 0.0, 7.75e-08
2018-08-05, 23:06:12, 0.0, 7.7e-08
2018-08-05, 23:06:14, 0.0, 7.67e-08
2018-08-05, 23:06:16, 0.0, 7.77e-08
2018-08-05, 23:06:19, 0.0, 7.7e-08
2018-08-05, 23:06:21, 0.0, 7.69e-08
2018-08-05, 23:06:23, 0.0, 7.73e-08
2018-08-05, 23:06:25, 0.0, 7.74e-08
2018-08-05, 23:06:27, 0.0, 7.72e-08
2018-08-05, 23:06:29, 0.0, 7.72e-08
2018-08-05, 23:06:31, 0.0, 7.68e-08
2018-08-05, 23:06:33, 0.0, 7.67e-08
2018-08-05, 23:06:36, 0.0, 7.7e-08
2018-08-05, 23:06:38, 0.0, 7.72e-08
2018-08-05, 23:06:40, 0.0, 7.75e-08
2018-08-05, 23:06:42, 0.0, 7.61e-08
2018-08-05, 23:06:44, 0.0, 7.7e-08
2018-08-05, 23:06:46, 0.0, 7.61e-08
2018-08-05, 23:06:48, 0.0, 7.65e-08
2018-08-05, 23:06:50, 0.0, 7.67e-08
2018-08-05, 23:06:53, 0.0, 7.68e-08
2018-08-05, 23:06:55, 0.0, 7.67e-08
2018-08-05, 23:06:57, 0.0, 7.67e-08
2018-08-05, 23:06:59, 0.0, 7.74e-08
2018-08-05, 23:07:01, 0.0, 7.69e-08
2018-08-05, 23:07:03, 0.0, 7.7e-08
2018-08-05, 23:07:05, 0.0, 7.71e-08
2018-08-05, 23:07:07, 0.0, 7.7e-08
2018-08-05, 23:07:10, 0.0, 7.69e-08
2018-08-05, 23:07:12, 0.0, 7.71e-08
2018-08-05, 23:07:14, 0.0, 7.65e-08
2018-08-05, 23:07:16, 0.0, 7.72e-08
2018-08-05, 23:07:18, 0.0, 7.68e-08
2018-08-05, 23:07:20, 0.0, 7.71e-08
2018-08-05, 23:07:22, 0.0, 7.74e-08
2018-08-05, 23:07:25, 0.0, 7.68e-08
2018-08-05, 23:07:27, 0.0, 7.72e-08
2018-08-05, 23:07:29, 0.0, 7.73e-08
2018-08-05, 23:07:31, 0.0, 7.66e-08
2018-08-05, 23:07:33, 0.0, 7.74e-08
2018-08-05, 23:07:35, 0.0, 7.71e-08
2018-08-05, 23:07:37, 0.0, 7.74e-08
2018-08-05, 23:07:39, 0.0, 7.67e-08
2018-08-05, 23:07:41, 0.0, 7.7e-08
2018-08-05, 23:07:44, 0.0, 7.75e-08
2018-08-05, 23:07:46, 0.0, 7.65e-08
2018-08-05, 23:07:48, 0.0, 7.58e-08
2018-08-05, 23:07:50, 0.0, 7.7e-08
2018-08-05, 23:07:52, 0.0, 7.71e-08
2018-08-05, 23:07:54, 0.0, 7.62e-08
2018-08-05, 23:07:56, 0.0, 7.73e-08
2018-08-05, 23:07:58, 0.0, 7.71e-08
2018-08-05, 23:08:01, 0.0, 7.74e-08
2018-08-05, 23:08:03, 0.0, 7.68e-08
2018-08-05, 23:08:05, 0.0, 7.68e-08
2018-08-05, 23:08:07, 0.0, 7.77e-08
2018-08-05, 23:08:09, 0.0, 7.74e-08
2018-08-05, 23:08:11, 0.0, 7.69e-08
2018-08-05, 23:08:13, 0.0, 7.71e-08
2018-08-05, 23:08:16, 0.0, 7.69e-08
2018-08-05, 23:08:18, 0.0, 7.71e-08
2018-08-05, 23:08:20, 0.0, 7.73e-08
2018-08-05, 23:08:22, 0.0, 7.67e-08
2018-08-05, 23:08:24, 0.0, 7.76e-08
2018-08-05, 23:08:26, 0.0, 7.68e-08
2018-08-05, 23:08:28, 0.0, 7.7e-08
2018-08-05, 23:08:30, 0.0, 7.75e-08
2018-08-05, 23:08:33, 0.0, 7.72e-08
2018-08-05, 23:08:35, 0.0, 7.74e-08
2018-08-05, 23:08:37, 0.0, 7.71e-08
2018-08-05, 23:08:39, 0.0, 7.75e-08
2018-08-05, 23:08:41, 0.0, 7.75e-08
2018-08-05, 23:08:43, 0.0, 7.73e-08
2018-08-05, 23:08:45, 0.0, 7.77e-08
2018-08-05, 23:08:47, 0.0, 7.72e-08
2018-08-05, 23:08:50, 0.0, 7.68e-08
2018-08-05, 23:08:52, 0.0, 7.81e-08
2018-08-05, 23:08:54, 0.0, 7.74e-08
2018-08-05, 23:08:56, 0.0, 7.77e-08
2018-08-05, 23:08:58, 0.0, 7.73e-08
2018-08-05, 23:09:00, 0.0, 7.78e-08
2018-08-05, 23:09:02, 0.0, 7.65e-08
2018-08-05, 23:09:04, 0.0, 7.72e-08
2018-08-05, 23:09:07, 0.0, 7.71e-08
2018-08-05, 23:09:09, 0.0, 7.72e-08
2018-08-05, 23:09:11, 0.0, 7.7e-08
2018-08-05, 23:09:13, 0.0, 7.73e-08
2018-08-05, 23:09:15, 0.0, 7.68e-08
2018-08-05, 23:09:17, 0.0, 7.76e-08
2018-08-05, 23:09:19, 0.0, 7.67e-08
2018-08-05, 23:09:22, 0.0, 7.73e-08
2018-08-05, 23:09:24, 0.0, 7.74e-08
2018-08-05, 23:09:26, 0.0, 7.74e-08
2018-08-05, 23:09:28, 0.0, 7.75e-08
2018-08-05, 23:09:30, 0.0, 7.75e-08
2018-08-05, 23:09:32, 0.0, 7.71e-08
2018-08-05, 23:09:34, 0.0, 7.71e-08
2018-08-05, 23:09:36, 0.0, 7.68e-08
2018-08-05, 23:09:39, 0.0, 7.76e-08
2018-08-05, 23:09:41, 0.0, 7.7e-08
2018-08-05, 23:09:43, 0.0, 7.79e-08
2018-08-05, 23:09:45, 0.0, 7.74e-08
2018-08-05, 23:09:47, 0.0, 7.76e-08
2018-08-05, 23:09:49, 0.0, 7.73e-08
2018-08-05, 23:09:51, 0.0, 7.73e-08
2018-08-05, 23:09:53, 0.0, 7.74e-08
2018-08-05, 23:09:56, 0.0, 7.73e-08
2018-08-05, 23:09:58, 0.0, 7.75e-08
2018-08-05, 23:10:00, 0.0, 7.72e-08
2018-08-05, 23:10:02, 0.0, 7.74e-08
2018-08-05, 23:10:04, 0.0, 7.74e-08
2018-08-05, 23:10:06, 0.0, 7.67e-08
2018-08-05, 23:10:08, 0.0, 7.68e-08
2018-08-05, 23:10:10, 0.0, 7.75e-08
2018-08-05, 23:10:13, 0.0, 7.69e-08
2018-08-05, 23:10:15, 0.0, 7.69e-08
2018-08-05, 23:10:17, 0.0, 7.77e-08
2018-08-05, 23:10:19, 0.0, 7.68e-08
2018-08-05, 23:10:21, 0.0, 7.75e-08
2018-08-05, 23:10:23, 0.0, 7.75e-08
2018-08-05, 23:10:25, 0.0, 7.64e-08
2018-08-05, 23:10:27, 0.0, 7.72e-08
2018-08-05, 23:10:30, 0.0, 7.65e-08
2018-08-05, 23:10:32, 0.0, 7.71e-08
2018-08-05, 23:10:34, 0.0, 7.7e-08
2018-08-05, 23:10:36, 0.0, 7.65e-08
2018-08-05, 23:10:38, 0.0, 7.68e-08
2018-08-05, 23:10:40, 0.0, 7.67e-08
2018-08-05, 23:10:42, 0.0, 7.69e-08
2018-08-05, 23:10:44, 0.0, 7.75e-08
2018-08-05, 23:10:47, 0.0, 7.67e-08
2018-08-05, 23:10:49, 0.0, 7.73e-08
2018-08-05, 23:10:51, 0.0, 7.67e-08
2018-08-05, 23:10:53, 0.0, 7.59e-08
2018-08-05, 23:10:55, 0.0, 7.75e-08
2018-08-05, 23:10:57, 0.0, 7.74e-08
2018-08-05, 23:10:59, 0.0, 7.74e-08
2018-08-05, 23:11:01, 0.0, 7.65e-08
2018-08-05, 23:11:04, 0.0, 7.75e-08
2018-08-05, 23:11:06, 0.0, 7.75e-08
2018-08-05, 23:11:08, 0.0, 7.67e-08
2018-08-05, 23:11:10, 0.0, 7.73e-08
2018-08-05, 23:11:12, 0.0, 7.73e-08
2018-08-05, 23:11:14, 0.0, 7.71e-08
2018-08-05, 23:11:16, 0.0, 7.71e-08
2018-08-05, 23:11:18, 0.0, 7.68e-08
2018-08-05, 23:11:21, 0.0, 7.7e-08
2018-08-05, 23:11:23, 0.0, 7.75e-08
2018-08-05, 23:11:25, 0.0, 7.77e-08
2018-08-05, 23:11:27, 0.0, 7.74e-08
2018-08-05, 23:11:29, 0.0, 7.72e-08
2018-08-05, 23:11:31, 0.0, 7.74e-08
2018-08-05, 23:11:33, 0.0, 7.74e-08
2018-08-05, 23:11:35, 0.0, 7.76e-08
2018-08-05, 23:11:38, 0.0, 7.72e-08
2018-08-05, 23:11:40, 0.0, 7.72e-08
2018-08-05, 23:11:42, 0.0, 7.75e-08
2018-08-05, 23:11:44, 0.0, 7.77e-08
2018-08-05, 23:11:46, 0.0, 7.76e-08
2018-08-05, 23:11:48, 0.0, 7.77e-08
2018-08-05, 23:11:50, 0.0, 7.79e-08
2018-08-05, 23:11:52, 0.0, 7.69e-08
2018-08-05, 23:11:55, 0.0, 7.78e-08
2018-08-05, 23:11:57, 0.0, 7.69e-08
2018-08-05, 23:11:59, 0.0, 7.7e-08
2018-08-05, 23:12:01, 0.0, 7.7e-08
2018-08-05, 23:12:03, 0.0, 7.74e-08
2018-08-05, 23:12:05, 0.0, 7.76e-08
2018-08-05, 23:12:07, 0.0, 7.71e-08
2018-08-05, 23:12:09, 0.0, 7.71e-08
2018-08-05, 23:12:12, 0.0, 7.71e-08
2018-08-05, 23:12:14, 0.0, 7.72e-08
2018-08-05, 23:12:16, 0.0, 7.71e-08
2018-08-05, 23:12:18, 0.0, 7.79e-08
2018-08-05, 23:12:20, 0.0, 7.74e-08
2018-08-05, 23:12:22, 0.0, 7.71e-08
2018-08-05, 23:12:24, 0.0, 7.62e-08
2018-08-05, 23:12:26, 0.0, 7.8e-08
2018-08-05, 23:12:29, 0.0, 7.7e-08
2018-08-05, 23:12:31, 0.0, 7.7e-08
2018-08-05, 23:12:33, 0.0, 7.73e-08
2018-08-05, 23:12:35, 0.0, 7.72e-08
2018-08-05, 23:12:37, 0.0, 7.74e-08
2018-08-05, 23:12:39, 0.0, 7.71e-08
2018-08-05, 23:12:41, 0.0, 7.76e-08
2018-08-05, 23:12:44, 0.0, 7.77e-08
2018-08-05, 23:12:46, 0.0, 7.73e-08
2018-08-05, 23:12:48, 0.0, 7.72e-08
2018-08-05, 23:12:50, 0.0, 7.76e-08
2018-08-05, 23:12:52, 0.0, 7.76e-08
2018-08-05, 23:12:54, 0.0, 7.74e-08
2018-08-05, 23:12:56, 0.0, 7.7e-08
2018-08-05, 23:12:58, 0.0, 7.67e-08
2018-08-05, 23:13:01, 0.0, 7.75e-08
2018-08-05, 23:13:03, 0.0, 7.77e-08
2018-08-05, 23:13:05, 0.0, 7.68e-08
2018-08-05, 23:13:07, 0.0, 7.71e-08
2018-08-05, 23:13:09, 0.0, 7.76e-08
2018-08-05, 23:13:11, 0.0, 7.76e-08
2018-08-05, 23:13:13, 0.0, 7.69e-08
2018-08-05, 23:13:15, 0.0, 7.73e-08
2018-08-05, 23:13:18, 0.0, 7.64e-08
2018-08-05, 23:13:20, 0.0, 7.79e-08
2018-08-05, 23:13:22, 0.0, 7.75e-08
2018-08-05, 23:13:24, 0.0, 7.68e-08
2018-08-05, 23:13:26, 0.0, 7.67e-08
2018-08-05, 23:13:28, 0.0, 7.7e-08
2018-08-05, 23:13:30, 0.0, 7.79e-08
2018-08-05, 23:13:32, 0.0, 7.73e-08
2018-08-05, 23:13:35, 0.0, 7.8e-08
2018-08-05, 23:13:37, 0.0, 7.73e-08
2018-08-05, 23:13:39, 0.0, 7.74e-08
2018-08-05, 23:13:41, 0.0, 7.73e-08
2018-08-05, 23:13:43, 0.0, 7.78e-08
2018-08-05, 23:13:45, 0.0, 7.63e-08
2018-08-05, 23:13:47, 0.0, 7.68e-08
2018-08-05, 23:13:50, 0.0, 7.68e-08
2018-08-05, 23:13:52, 0.0, 7.72e-08
2018-08-05, 23:13:54, 0.0, 7.63e-08
2018-08-05, 23:13:56, 0.0, 7.78e-08
2018-08-05, 23:13:58, 0.0, 7.71e-08
2018-08-05, 23:14:00, 0.0, 7.72e-08
2018-08-05, 23:14:02, 0.0, 7.77e-08
2018-08-05, 23:14:04, 0.0, 7.77e-08
2018-08-05, 23:14:07, 0.0, 7.74e-08
2018-08-05, 23:14:09, 0.0, 7.7e-08
2018-08-05, 23:14:11, 0.0, 7.71e-08
2018-08-05, 23:14:13, 0.0, 7.71e-08
2018-08-05, 23:14:15, 0.0, 7.77e-08
2018-08-05, 23:14:17, 0.0, 7.78e-08
2018-08-05, 23:14:19, 0.0, 7.66e-08
2018-08-05, 23:14:21, 0.0, 7.71e-08
2018-08-05, 23:14:24, 0.0, 7.73e-08
2018-08-05, 23:14:26, 0.0, 7.78e-08
2018-08-05, 23:14:28, 0.0, 7.76e-08
2018-08-05, 23:14:30, 0.0, 7.74e-08
2018-08-05, 23:14:32, 0.0, 7.77e-08
2018-08-05, 23:14:34, 0.0, 7.69e-08
2018-08-05, 23:14:36, 0.0, 7.72e-08
2018-08-05, 23:14:38, 0.0, 7.71e-08
2018-08-05, 23:14:41, 0.0, 7.72e-08
2018-08-05, 23:14:43, 0.0, 7.72e-08
2018-08-05, 23:14:45, 0.0, 7.73e-08
2018-08-05, 23:14:47, 0.0, 7.69e-08
2018-08-05, 23:14:49, 0.0, 7.72e-08
2018-08-05, 23:14:51, 0.0, 7.72e-08
2018-08-05, 23:14:53, 0.0, 7.7e-08
2018-08-05, 23:14:55, 0.0, 7.68e-08
2018-08-05, 23:14:58, 0.0, 7.72e-08
2018-08-05, 23:15:00, 0.0, 7.73e-08
2018-08-05, 23:15:02, 0.0, 7.73e-08
2018-08-05, 23:15:04, 0.0, 7.74e-08
2018-08-05, 23:15:06, 0.0, 7.76e-08
2018-08-05, 23:15:08, 0.0, 7.72e-08
2018-08-05, 23:15:10, 0.0, 7.73e-08
2018-08-05, 23:15:12, 0.0, 7.77e-08
2018-08-05, 23:15:15, 0.0, 7.72e-08
2018-08-05, 23:15:17, 0.0, 7.68e-08
2018-08-05, 23:15:19, 0.0, 7.68e-08
2018-08-05, 23:15:21, 0.0, 7.72e-08
2018-08-05, 23:15:23, 0.0, 7.66e-08
2018-08-05, 23:15:25, 0.0, 7.71e-08
2018-08-05, 23:15:27, 0.0, 7.72e-08
2018-08-05, 23:15:29, 0.0, 7.69e-08
2018-08-05, 23:15:32, 0.0, 7.73e-08
2018-08-05, 23:15:34, 0.0, 7.73e-08
2018-08-05, 23:15:36, 0.0, 7.72e-08
2018-08-05, 23:15:38, 0.0, 7.72e-08
2018-08-05, 23:15:40, 0.0, 7.62e-08
2018-08-05, 23:15:42, 0.0, 7.76e-08
2018-08-05, 23:15:44, 0.0, 7.7e-08
2018-08-05, 23:15:46, 0.0, 7.69e-08
2018-08-05, 23:15:49, 0.0, 7.68e-08
2018-08-05, 23:15:51, 0.0, 7.72e-08
2018-08-05, 23:15:53, 0.0, 7.69e-08
2018-08-05, 23:15:55, 0.0, 7.73e-08
2018-08-05, 23:15:57, 0.0, 7.74e-08
2018-08-05, 23:15:59, 0.0, 7.67e-08
2018-08-05, 23:16:01, 0.0, 7.69e-08
2018-08-05, 23:16:03, 0.0, 7.72e-08
2018-08-05, 23:16:06, 0.0, 7.74e-08
2018-08-05, 23:16:08, 0.0, 7.77e-08
2018-08-05, 23:16:10, 0.0, 7.74e-08
2018-08-05, 23:16:12, 0.0, 7.71e-08
2018-08-05, 23:16:14, 0.0, 7.76e-08
2018-08-05, 23:16:16, 0.0, 7.74e-08
2018-08-05, 23:16:18, 0.0, 7.76e-08
2018-08-05, 23:16:20, 0.0, 7.76e-08
2018-08-05, 23:16:23, 0.0, 7.69e-08
2018-08-05, 23:16:25, 0.0, 7.68e-08
2018-08-05, 23:16:27, 0.0, 7.71e-08
2018-08-05, 23:16:29, 0.0, 7.71e-08
2018-08-05, 23:16:31, 0.0, 7.73e-08
2018-08-05, 23:16:33, 0.0, 7.71e-08
2018-08-05, 23:16:35, 0.0, 7.73e-08
2018-08-05, 23:16:38, 0.0, 7.73e-08
2018-08-05, 23:16:40, 0.0, 7.74e-08
2018-08-05, 23:16:42, 0.0, 7.74e-08
2018-08-05, 23:16:44, 0.0, 7.75e-08
2018-08-05, 23:16:46, 0.0, 7.73e-08
2018-08-05, 23:16:48, 0.0, 7.71e-08
2018-08-05, 23:16:50, 0.0, 7.69e-08
2018-08-05, 23:16:52, 0.0, 7.72e-08
2018-08-05, 23:16:55, 0.0, 7.68e-08
2018-08-05, 23:16:57, 0.0, 7.71e-08
2018-08-05, 23:16:59, 0.0, 7.67e-08
2018-08-05, 23:17:01, 0.0, 7.72e-08
2018-08-05, 23:17:03, 0.0, 7.74e-08
2018-08-05, 23:17:05, 0.0, 7.74e-08
2018-08-05, 23:17:07, 0.0, 7.71e-08
2018-08-05, 23:17:09, 0.0, 7.72e-08
2018-08-05, 23:17:12, 0.0, 7.69e-08
2018-08-05, 23:17:14, 0.0, 7.66e-08
2018-08-05, 23:17:16, 0.0, 7.73e-08
2018-08-05, 23:17:18, 0.0, 7.68e-08
2018-08-05, 23:17:20, 0.0, 7.69e-08
2018-08-05, 23:17:22, 0.0, 7.65e-08
2018-08-05, 23:17:24, 0.0, 7.74e-08
2018-08-05, 23:17:26, 0.0, 7.73e-08
2018-08-05, 23:17:29, 0.0, 7.68e-08
2018-08-05, 23:17:31, 0.0, 7.78e-08
2018-08-05, 23:17:33, 0.0, 7.68e-08
2018-08-05, 23:17:35, 0.0, 7.69e-08
2018-08-05, 23:17:37, 0.0, 7.74e-08
2018-08-05, 23:17:39, 0.0, 7.75e-08
2018-08-05, 23:17:41, 0.0, 7.74e-08
2018-08-05, 23:17:43, 0.0, 7.65e-08
2018-08-05, 23:17:46, 0.0, 7.63e-08
2018-08-05, 23:17:48, 0.0, 7.6e-08
2018-08-05, 23:17:50, 0.0, 7.68e-08
2018-08-05, 23:17:52, 0.0, 7.69e-08
2018-08-05, 23:17:54, 0.0, 7.73e-08
2018-08-05, 23:17:56, 0.0, 7.74e-08
2018-08-05, 23:17:58, 0.0, 7.73e-08
2018-08-05, 23:18:00, 0.0, 7.75e-08
2018-08-05, 23:18:03, 0.0, 7.74e-08
2018-08-05, 23:18:05, 0.0, 7.74e-08
2018-08-05, 23:18:07, 0.0, 7.67e-08
2018-08-05, 23:18:09, 0.0, 7.71e-08
2018-08-05, 23:18:11, 0.0, 7.64e-08
2018-08-05, 23:18:13, 0.0, 7.72e-08
2018-08-05, 23:18:15, 0.0, 7.61e-08
2018-08-05, 23:18:17, 0.0, 7.7e-08
2018-08-05, 23:18:20, 0.0, 7.71e-08
2018-08-05, 23:18:22, 0.0, 7.69e-08
2018-08-05, 23:18:24, 0.0, 7.76e-08
2018-08-05, 23:18:26, 0.0, 7.75e-08
2018-08-05, 23:18:28, 0.0, 7.67e-08
2018-08-05, 23:18:30, 0.0, 7.66e-08
2018-08-05, 23:18:32, 0.0, 7.73e-08
2018-08-05, 23:18:35, 0.0, 7.73e-08
2018-08-05, 23:18:37, 0.0, 7.68e-08
2018-08-05, 23:18:39, 0.0, 7.73e-08
2018-08-05, 23:18:41, 0.0, 7.69e-08
2018-08-05, 23:18:43, 0.0, 7.74e-08
2018-08-05, 23:18:45, 0.0, 7.71e-08
2018-08-05, 23:18:47, 0.0, 7.64e-08
2018-08-05, 23:18:49, 0.0, 7.78e-08
2018-08-05, 23:18:52, 0.0, 7.72e-08
2018-08-05, 23:18:54, 0.0, 7.64e-08
2018-08-05, 23:18:56, 0.0, 7.67e-08
2018-08-05, 23:18:58, 0.0, 7.78e-08
2018-08-05, 23:19:00, 0.0, 7.69e-08
2018-08-05, 23:19:02, 0.0, 7.73e-08
2018-08-05, 23:19:04, 0.0, 7.67e-08
2018-08-05, 23:19:06, 0.0, 7.7e-08
2018-08-05, 23:19:09, 0.0, 7.72e-08
2018-08-05, 23:19:11, 0.0, 7.7e-08
2018-08-05, 23:19:13, 0.0, 7.73e-08
2018-08-05, 23:19:15, 0.0, 7.73e-08
2018-08-05, 23:19:17, 0.0, 7.71e-08
2018-08-05, 23:19:19, 0.0, 7.76e-08
2018-08-05, 23:19:21, 0.0, 7.77e-08
2018-08-05, 23:19:23, 0.0, 7.7e-08
2018-08-05, 23:19:26, 0.0, 7.72e-08
2018-08-05, 23:19:28, 0.0, 7.71e-08
2018-08-05, 23:19:30, 0.0, 7.73e-08
2018-08-05, 23:19:32, 0.0, 7.76e-08
2018-08-05, 23:19:34, 0.0, 7.76e-08
2018-08-05, 23:19:36, 0.0, 7.77e-08
2018-08-05, 23:19:38, 0.0, 7.72e-08
2018-08-05, 23:19:40, 0.0, 7.74e-08
2018-08-05, 23:19:43, 0.0, 7.68e-08
2018-08-05, 23:19:45, 0.0, 7.69e-08
2018-08-05, 23:19:47, 0.0, 7.7e-08
2018-08-05, 23:19:49, 0.0, 7.69e-08
2018-08-05, 23:19:51, 0.0, 7.71e-08
2018-08-05, 23:19:53, 0.0, 7.65e-08
2018-08-05, 23:19:55, 0.0, 7.76e-08
2018-08-05, 23:19:57, 0.0, 7.7e-08
2018-08-05, 23:20:00, 0.0, 7.75e-08
2018-08-05, 23:20:02, 0.0, 7.76e-08
2018-08-05, 23:20:04, 0.0, 7.73e-08
2018-08-05, 23:20:06, 0.0, 7.74e-08
2018-08-05, 23:20:08, 0.0, 7.75e-08
2018-08-05, 23:20:10, 0.0, 7.67e-08
2018-08-05, 23:20:12, 0.0, 7.76e-08
2018-08-05, 23:20:14, 0.0, 7.74e-08
2018-08-05, 23:20:17, 0.0, 7.75e-08
2018-08-05, 23:20:19, 0.0, 7.72e-08
2018-08-05, 23:20:21, 0.0, 7.77e-08
2018-08-05, 23:20:23, 0.0, 7.75e-08
2018-08-05, 23:20:25, 0.0, 7.74e-08
2018-08-05, 23:20:27, 0.0, 7.73e-08
2018-08-05, 23:20:29, 0.0, 7.82e-08
2018-08-05, 23:20:32, 0.0, 7.7e-08
2018-08-05, 23:20:34, 0.0, 7.7e-08
2018-08-05, 23:20:36, 0.0, 7.73e-08
2018-08-05, 23:20:38, 0.0, 7.74e-08
2018-08-05, 23:20:40, 0.0, 7.75e-08
2018-08-05, 23:20:42, 0.0, 7.69e-08
2018-08-05, 23:20:44, 0.0, 7.75e-08
2018-08-05, 23:20:46, 0.0, 7.77e-08
2018-08-05, 23:20:49, 0.0, 7.75e-08
2018-08-05, 23:20:51, 0.0, 7.76e-08
2018-08-05, 23:20:53, 0.0, 7.76e-08
2018-08-05, 23:20:55, 0.0, 7.72e-08
2018-08-05, 23:20:57, 0.0, 7.66e-08
2018-08-05, 23:20:59, 0.0, 7.73e-08
2018-08-05, 23:21:01, 0.0, 7.73e-08
2018-08-05, 23:21:03, 0.0, 7.76e-08
2018-08-05, 23:21:06, 0.0, 7.75e-08
2018-08-05, 23:21:08, 0.0, 7.73e-08
2018-08-05, 23:21:10, 0.0, 7.75e-08
2018-08-05, 23:21:12, 0.0, 7.76e-08
2018-08-05, 23:21:14, 0.0, 7.66e-08
2018-08-05, 23:21:16, 0.0, 7.74e-08
2018-08-05, 23:21:18, 0.0, 7.75e-08
2018-08-05, 23:21:20, 0.0, 7.81e-08
2018-08-05, 23:21:23, 0.0, 7.73e-08
2018-08-05, 23:21:25, 0.0, 7.75e-08
2018-08-05, 23:21:27, 0.0, 7.71e-08
2018-08-05, 23:21:29, 0.0, 7.68e-08
2018-08-05, 23:21:31, 0.0, 7.68e-08
2018-08-05, 23:21:33, 0.0, 7.68e-08
2018-08-05, 23:21:35, 0.0, 7.67e-08
2018-08-05, 23:21:37, 0.0, 7.7e-08
2018-08-05, 23:21:40, 0.0, 7.7e-08
2018-08-05, 23:21:42, 0.0, 7.73e-08
2018-08-05, 23:21:44, 0.0, 7.75e-08
2018-08-05, 23:21:46, 0.0, 7.7e-08
2018-08-05, 23:21:48, 0.0, 7.71e-08
2018-08-05, 23:21:50, 0.0, 7.78e-08
2018-08-05, 23:21:52, 0.0, 7.75e-08
2018-08-05, 23:21:54, 0.0, 7.77e-08
2018-08-05, 23:21:57, 0.0, 7.74e-08
2018-08-05, 23:21:59, 0.0, 7.8e-08
2018-08-05, 23:22:01, 0.0, 7.74e-08
2018-08-05, 23:22:03, 0.0, 7.64e-08
2018-08-05, 23:22:05, 0.0, 7.75e-08
2018-08-05, 23:22:07, 0.0, 7.78e-08
2018-08-05, 23:22:09, 0.0, 7.75e-08
2018-08-05, 23:22:12, 0.0, 7.74e-08
2018-08-05, 23:22:14, 0.0, 7.7e-08
2018-08-05, 23:22:16, 0.0, 7.79e-08
2018-08-05, 23:22:18, 0.0, 7.73e-08
2018-08-05, 23:22:20, 0.0, 7.74e-08
2018-08-05, 23:22:22, 0.0, 7.69e-08
2018-08-05, 23:22:24, 0.0, 7.73e-08
2018-08-05, 23:22:26, 0.0, 7.73e-08
2018-08-05, 23:22:29, 0.0, 7.75e-08
2018-08-05, 23:22:31, 0.0, 7.8e-08
2018-08-05, 23:22:33, 0.0, 7.8e-08
2018-08-05, 23:22:35, 0.0, 7.73e-08
2018-08-05, 23:22:37, 0.0, 7.76e-08
2018-08-05, 23:22:39, 0.0, 7.67e-08
2018-08-05, 23:22:41, 0.0, 7.76e-08
2018-08-05, 23:22:43, 0.0, 7.83e-08
2018-08-05, 23:22:46, 0.0, 7.72e-08
2018-08-05, 23:22:48, 0.0, 7.71e-08
2018-08-05, 23:22:50, 0.0, 7.7e-08
2018-08-05, 23:22:52, 0.0, 7.73e-08
2018-08-05, 23:22:54, 0.0, 7.74e-08
2018-08-05, 23:22:56, 0.0, 7.75e-08
2018-08-05, 23:22:58, 0.0, 7.74e-08
2018-08-05, 23:23:00, 0.0, 7.75e-08
2018-08-05, 23:23:03, 0.0, 7.76e-08
2018-08-05, 23:23:05, 0.0, 7.79e-08
2018-08-05, 23:23:07, 0.0, 7.78e-08
2018-08-05, 23:23:09, 0.0, 7.66e-08
2018-08-05, 23:23:11, 0.0, 7.73e-08
2018-08-05, 23:23:13, 0.0, 7.71e-08
2018-08-05, 23:23:15, 0.0, 7.73e-08
2018-08-05, 23:23:17, 0.0, 7.69e-08
2018-08-05, 23:23:20, 0.0, 7.72e-08
2018-08-05, 23:23:22, 0.0, 7.75e-08
2018-08-05, 23:23:24, 0.0, 7.65e-08
2018-08-05, 23:23:26, 0.0, 7.66e-08
2018-08-05, 23:23:28, 0.0, 7.67e-08
2018-08-05, 23:23:30, 0.0, 7.77e-08
2018-08-05, 23:23:32, 0.0, 7.73e-08
2018-08-05, 23:23:34, 0.0, 7.76e-08
2018-08-05, 23:23:37, 0.0, 7.69e-08
2018-08-05, 23:23:39, 0.0, 7.75e-08
2018-08-05, 23:23:41, 0.0, 7.6e-08
2018-08-05, 23:23:43, 0.0, 7.69e-08
2018-08-05, 23:23:45, 0.0, 7.71e-08
2018-08-05, 23:23:47, 0.0, 7.72e-08
2018-08-05, 23:23:49, 0.0, 7.68e-08
2018-08-05, 23:23:52, 0.0, 7.72e-08
2018-08-05, 23:23:54, 0.0, 7.76e-08
2018-08-05, 23:23:56, 0.0, 7.72e-08
2018-08-05, 23:23:58, 0.0, 7.74e-08
2018-08-05, 23:24:00, 0.0, 7.71e-08
2018-08-05, 23:24:02, 0.0, 7.64e-08
2018-08-05, 23:24:04, 0.0, 7.64e-08
2018-08-05, 23:24:06, 0.0, 7.71e-08
2018-08-05, 23:24:09, 0.0, 7.73e-08
2018-08-05, 23:24:11, 0.0, 7.76e-08
2018-08-05, 23:24:13, 0.0, 7.72e-08
2018-08-05, 23:24:15, 0.0, 7.79e-08
2018-08-05, 23:24:17, 0.0, 7.77e-08
2018-08-05, 23:24:19, 0.0, 7.74e-08
2018-08-05, 23:24:21, 0.0, 7.63e-08
2018-08-05, 23:24:23, 0.0, 7.66e-08
2018-08-05, 23:24:26, 0.0, 7.74e-08
2018-08-05, 23:24:28, 0.0, 7.73e-08
2018-08-05, 23:24:30, 0.0, 7.68e-08
2018-08-05, 23:24:32, 0.0, 7.69e-08
2018-08-05, 23:24:34, 0.0, 7.67e-08
2018-08-05, 23:24:36, 0.0, 7.68e-08
2018-08-05, 23:24:38, 0.0, 7.75e-08
2018-08-05, 23:24:40, 0.0, 7.75e-08
2018-08-05, 23:24:43, 0.0, 7.69e-08
2018-08-05, 23:24:45, 0.0, 7.8e-08
2018-08-05, 23:24:47, 0.0, 7.77e-08
2018-08-05, 23:24:49, 0.0, 7.74e-08
2018-08-05, 23:24:51, 0.0, 7.75e-08
2018-08-05, 23:24:53, 0.0, 7.72e-08
2018-08-05, 23:24:55, 0.0, 7.71e-08
2018-08-05, 23:24:57, 0.0, 7.73e-08
2018-08-05, 23:25:00, 0.0, 7.69e-08
2018-08-05, 23:25:02, 0.0, 7.74e-08
2018-08-05, 23:25:04, 0.0, 7.72e-08
2018-08-05, 23:25:06, 0.0, 7.71e-08
2018-08-05, 23:25:08, 0.0, 7.78e-08
2018-08-05, 23:25:10, 0.0, 7.81e-08
2018-08-05, 23:25:12, 0.0, 7.74e-08
2018-08-05, 23:25:15, 0.0, 7.73e-08
2018-08-05, 23:25:17, 0.0, 7.75e-08
2018-08-05, 23:25:19, 0.0, 7.8e-08
2018-08-05, 23:25:21, 0.0, 7.79e-08
2018-08-05, 23:25:23, 0.0, 7.74e-08
2018-08-05, 23:25:25, 0.0, 7.8e-08
2018-08-05, 23:25:27, 0.0, 7.78e-08
2018-08-05, 23:25:29, 0.0, 7.81e-08
2018-08-05, 23:25:31, 0.0, 7.81e-08
2018-08-05, 23:25:34, 0.0, 7.82e-08
2018-08-05, 23:25:36, 0.0, 7.75e-08
2018-08-05, 23:25:38, 0.0, 7.76e-08
2018-08-05, 23:25:40, 0.0, 7.76e-08
2018-08-05, 23:25:42, 0.0, 7.72e-08
2018-08-05, 23:25:44, 0.0, 7.86e-08
2018-08-05, 23:25:46, 0.0, 7.86e-08
2018-08-05, 23:25:48, 0.0, 7.78e-08
2018-08-05, 23:25:51, 0.0, 7.78e-08
2018-08-05, 23:25:53, 0.0, 7.71e-08
2018-08-05, 23:25:55, 0.0, 7.78e-08
2018-08-05, 23:25:57, 0.0, 7.76e-08
2018-08-05, 23:25:59, 0.0, 7.76e-08
2018-08-05, 23:26:01, 0.0, 7.78e-08
2018-08-05, 23:26:03, 0.0, 7.8e-08
2018-08-05, 23:26:06, 0.0, 7.76e-08
2018-08-05, 23:26:08, 0.0, 7.77e-08
2018-08-05, 23:26:10, 0.0, 7.78e-08
2018-08-05, 23:26:12, 0.0, 7.79e-08
2018-08-05, 23:26:14, 0.0, 7.78e-08
2018-08-05, 23:26:16, 0.0, 7.85e-08
2018-08-05, 23:26:18, 0.0, 7.81e-08
2018-08-05, 23:26:20, 0.0, 7.83e-08
2018-08-05, 23:26:23, 0.0, 7.77e-08
2018-08-05, 23:26:25, 0.0, 7.77e-08
2018-08-05, 23:26:27, 0.0, 7.71e-08
2018-08-05, 23:26:29, 0.0, 7.81e-08
2018-08-05, 23:26:31, 0.0, 7.75e-08
2018-08-05, 23:26:33, 0.0, 7.78e-08
2018-08-05, 23:26:35, 0.0, 7.77e-08
2018-08-05, 23:26:37, 0.0, 7.74e-08
2018-08-05, 23:26:40, 0.0, 7.78e-08
2018-08-05, 23:26:42, 0.0, 7.8e-08
2018-08-05, 23:26:44, 0.0, 7.73e-08
2018-08-05, 23:26:46, 0.0, 7.78e-08
2018-08-05, 23:26:48, 0.0, 7.76e-08
2018-08-05, 23:26:50, 0.0, 7.75e-08
2018-08-05, 23:26:52, 0.0, 7.77e-08
2018-08-05, 23:26:54, 0.0, 7.75e-08
2018-08-05, 23:26:57, 0.0, 7.71e-08
2018-08-05, 23:26:59, 0.0, 7.79e-08
2018-08-05, 23:27:01, 0.0, 7.73e-08
2018-08-05, 23:27:03, 0.0, 7.79e-08
2018-08-05, 23:27:05, 0.0, 7.75e-08
2018-08-05, 23:27:07, 0.0, 7.75e-08
2018-08-05, 23:27:09, 0.0, 7.79e-08
2018-08-05, 23:27:11, 0.0, 7.77e-08
2018-08-05, 23:27:14, 0.0, 7.75e-08
2018-08-05, 23:27:16, 0.0, 7.74e-08
2018-08-05, 23:27:18, 0.0, 7.73e-08
2018-08-05, 23:27:20, 0.0, 7.72e-08
2018-08-05, 23:27:22, 0.0, 7.75e-08
2018-08-05, 23:27:24, 0.0, 7.77e-08
2018-08-05, 23:27:26, 0.0, 7.78e-08
2018-08-05, 23:27:29, 0.0, 7.78e-08
2018-08-05, 23:27:31, 0.0, 7.82e-08
2018-08-05, 23:27:33, 0.0, 7.8e-08
2018-08-05, 23:27:35, 0.0, 7.78e-08
2018-08-05, 23:27:37, 0.0, 7.69e-08
2018-08-05, 23:27:39, 0.0, 7.72e-08
2018-08-05, 23:27:41, 0.0, 7.72e-08
2018-08-05, 23:27:43, 0.0, 7.77e-08
2018-08-05, 23:27:46, 0.0, 7.75e-08
2018-08-05, 23:27:48, 0.0, 7.68e-08
2018-08-05, 23:27:50, 0.0, 7.76e-08
2018-08-05, 23:27:52, 0.0, 7.81e-08
2018-08-05, 23:27:54, 0.0, 7.81e-08
2018-08-05, 23:27:56, 0.0, 7.71e-08
2018-08-05, 23:27:58, 0.0, 7.73e-08
2018-08-05, 23:28:00, 0.0, 7.79e-08
2018-08-05, 23:28:03, 0.0, 7.71e-08
2018-08-05, 23:28:05, 0.0, 7.75e-08
2018-08-05, 23:28:07, 0.0, 7.74e-08
2018-08-05, 23:28:09, 0.0, 7.76e-08
2018-08-05, 23:28:11, 0.0, 7.73e-08
2018-08-05, 23:28:13, 0.0, 7.76e-08
2018-08-05, 23:28:15, 0.0, 7.73e-08
2018-08-05, 23:28:17, 0.0, 7.68e-08
2018-08-05, 23:28:20, 0.0, 7.76e-08
2018-08-05, 23:28:22, 0.0, 7.76e-08
2018-08-05, 23:28:24, 0.0, 7.7e-08
2018-08-05, 23:28:26, 0.0, 7.72e-08
2018-08-05, 23:28:28, 0.0, 7.81e-08
2018-08-05, 23:28:30, 0.0, 7.74e-08
2018-08-05, 23:28:32, 0.0, 7.76e-08
2018-08-05, 23:28:34, 0.0, 7.72e-08
2018-08-05, 23:28:37, 0.0, 7.7e-08
2018-08-05, 23:28:39, 0.0, 7.67e-08
2018-08-05, 23:28:41, 0.0, 7.74e-08
2018-08-05, 23:28:43, 0.0, 7.76e-08
2018-08-05, 23:28:45, 0.0, 7.78e-08
2018-08-05, 23:28:47, 0.0, 7.69e-08
2018-08-05, 23:28:49, 0.0, 7.8e-08
2018-08-05, 23:28:51, 0.0, 7.8e-08
2018-08-05, 23:28:54, 0.0, 7.78e-08
2018-08-05, 23:28:56, 0.0, 7.8e-08
2018-08-05, 23:28:58, 0.0, 7.76e-08
2018-08-05, 23:29:00, 0.0, 7.76e-08
2018-08-05, 23:29:02, 0.0, 7.8e-08
2018-08-05, 23:29:04, 0.0, 7.78e-08
2018-08-05, 23:29:06, 0.0, 7.75e-08
2018-08-05, 23:29:08, 0.0, 7.74e-08
2018-08-05, 23:29:11, 0.0, 7.75e-08
2018-08-05, 23:29:13, 0.0, 7.8e-08
2018-08-05, 23:29:15, 0.0, 7.76e-08
2018-08-05, 23:29:17, 0.0, 7.73e-08
2018-08-05, 23:29:19, 0.0, 7.72e-08
2018-08-05, 23:29:21, 0.0, 7.8e-08
2018-08-05, 23:29:23, 0.0, 7.83e-08
2018-08-05, 23:29:25, 0.0, 7.77e-08
2018-08-05, 23:29:28, 0.0, 7.71e-08
2018-08-05, 23:29:30, 0.0, 7.8e-08
2018-08-05, 23:29:32, 0.0, 7.75e-08
2018-08-05, 23:29:34, 0.0, 7.79e-08
2018-08-05, 23:29:36, 0.0, 7.81e-08
2018-08-05, 23:29:38, 0.0, 7.75e-08
2018-08-05, 23:29:40, 0.0, 7.78e-08
2018-08-05, 23:29:43, 0.0, 7.74e-08
2018-08-05, 23:29:45, 0.0, 7.8e-08
2018-08-05, 23:29:47, 0.0, 7.75e-08
2018-08-05, 23:29:49, 0.0, 7.78e-08
2018-08-05, 23:29:51, 0.0, 7.82e-08
2018-08-05, 23:29:53, 0.0, 7.86e-08
2018-08-05, 23:29:55, 0.0, 7.8e-08
2018-08-05, 23:29:57, 0.0, 7.79e-08
2018-08-05, 23:29:59, 0.0, 7.83e-08
2018-08-05, 23:30:02, 0.0, 7.8e-08
2018-08-05, 23:30:04, 0.0, 7.75e-08
2018-08-05, 23:30:06, 0.0, 7.8e-08
2018-08-05, 23:30:08, 0.0, 7.68e-08
2018-08-05, 23:30:10, 0.0, 7.81e-08
2018-08-05, 23:30:12, 0.0, 7.79e-08
2018-08-05, 23:30:14, 0.0, 7.76e-08
2018-08-05, 23:30:17, 0.0, 7.73e-08
2018-08-05, 23:30:19, 0.0, 7.75e-08
2018-08-05, 23:30:21, 0.0, 7.76e-08
2018-08-05, 23:30:23, 0.0, 7.74e-08
2018-08-05, 23:30:25, 0.0, 7.72e-08
2018-08-05, 23:30:27, 0.0, 7.74e-08
2018-08-05, 23:30:29, 0.0, 7.72e-08
2018-08-05, 23:30:32, 0.0, 7.76e-08
2018-08-05, 23:30:34, 0.0, 7.81e-08
2018-08-05, 23:30:36, 0.0, 7.72e-08
2018-08-05, 23:30:38, 0.0, 7.74e-08
2018-08-05, 23:30:40, 0.0, 7.69e-08
2018-08-05, 23:30:42, 0.0, 7.74e-08
2018-08-05, 23:30:44, 0.0, 7.75e-08
2018-08-05, 23:30:46, 0.0, 7.75e-08
2018-08-05, 23:30:49, 0.0, 7.76e-08
2018-08-05, 23:30:51, 0.0, 7.69e-08
2018-08-05, 23:30:53, 0.0, 7.75e-08
2018-08-05, 23:30:55, 0.0, 7.76e-08
2018-08-05, 23:30:57, 0.0, 7.77e-08
2018-08-05, 23:30:59, 0.0, 7.71e-08
2018-08-05, 23:31:01, 0.0, 7.74e-08
2018-08-05, 23:31:03, 0.0, 7.77e-08
2018-08-05, 23:31:06, 0.0, 7.72e-08
2018-08-05, 23:31:08, 0.0, 7.69e-08
2018-08-05, 23:31:10, 0.0, 7.77e-08
2018-08-05, 23:31:12, 0.0, 7.69e-08
2018-08-05, 23:31:14, 0.0, 7.73e-08
2018-08-05, 23:31:16, 0.0, 7.72e-08
2018-08-05, 23:31:18, 0.0, 7.64e-08
2018-08-05, 23:31:20, 0.0, 7.72e-08
2018-08-05, 23:31:23, 0.0, 7.68e-08
2018-08-05, 23:31:25, 0.0, 7.73e-08
2018-08-05, 23:31:27, 0.0, 7.67e-08
2018-08-05, 23:31:29, 0.0, 7.71e-08
2018-08-05, 23:31:31, 0.0, 7.77e-08
2018-08-05, 23:31:33, 0.0, 7.69e-08
2018-08-05, 23:31:35, 0.0, 7.65e-08
2018-08-05, 23:31:37, 0.0, 7.76e-08
2018-08-05, 23:31:40, 0.0, 7.83e-08
2018-08-05, 23:31:42, 0.0, 7.77e-08
2018-08-05, 23:31:44, 0.0, 7.76e-08
2018-08-05, 23:31:46, 0.0, 7.76e-08
2018-08-05, 23:31:48, 0.0, 7.75e-08
2018-08-05, 23:31:50, 0.0, 7.79e-08
2018-08-05, 23:31:52, 0.0, 7.72e-08
2018-08-05, 23:31:55, 0.0, 7.71e-08
2018-08-05, 23:31:57, 0.0, 7.76e-08
2018-08-05, 23:31:59, 0.0, 7.73e-08
2018-08-05, 23:32:01, 0.0, 7.72e-08
2018-08-05, 23:32:03, 0.0, 7.75e-08
2018-08-05, 23:32:05, 0.0, 7.74e-08
2018-08-05, 23:32:07, 0.0, 7.73e-08
2018-08-05, 23:32:09, 0.0, 7.71e-08
2018-08-05, 23:32:12, 0.0, 7.76e-08
2018-08-05, 23:32:14, 0.0, 7.81e-08
2018-08-05, 23:32:16, 0.0, 7.73e-08
2018-08-05, 23:32:18, 0.0, 7.75e-08
2018-08-05, 23:32:20, 0.0, 7.8e-08
2018-08-05, 23:32:22, 0.0, 7.76e-08
2018-08-05, 23:32:24, 0.0, 7.76e-08
2018-08-05, 23:32:26, 0.0, 7.72e-08
2018-08-05, 23:32:29, 0.0, 7.82e-08
2018-08-05, 23:32:31, 0.0, 7.69e-08
2018-08-05, 23:32:33, 0.0, 7.76e-08
2018-08-05, 23:32:35, 0.0, 7.74e-08
2018-08-05, 23:32:37, 0.0, 7.71e-08
2018-08-05, 23:32:39, 0.0, 7.73e-08
2018-08-05, 23:32:41, 0.0, 7.79e-08
2018-08-05, 23:32:43, 0.0, 7.7e-08
2018-08-05, 23:32:46, 0.0, 7.67e-08
2018-08-05, 23:32:48, 0.0, 7.71e-08
2018-08-05, 23:32:50, 0.0, 7.68e-08
2018-08-05, 23:32:52, 0.0, 7.69e-08
2018-08-05, 23:32:54, 0.0, 7.69e-08
2018-08-05, 23:32:56, 0.0, 7.71e-08
2018-08-05, 23:32:58, 0.0, 7.68e-08
2018-08-05, 23:33:00, 0.0, 7.71e-08
2018-08-05, 23:33:03, 0.0, 7.72e-08
2018-08-05, 23:33:05, 0.0, 7.71e-08
2018-08-05, 23:33:07, 0.0, 7.73e-08
2018-08-05, 23:33:09, 0.0, 7.76e-08
2018-08-05, 23:33:11, 0.0, 7.72e-08
2018-08-05, 23:33:13, 0.0, 7.77e-08
2018-08-05, 23:33:15, 0.0, 7.76e-08
2018-08-05, 23:33:17, 0.0, 7.76e-08
2018-08-05, 23:33:20, 0.0, 7.81e-08
2018-08-05, 23:33:22, 0.0, 7.82e-08
2018-08-05, 23:33:24, 0.0, 7.82e-08
2018-08-05, 23:33:26, 0.0, 7.8e-08
2018-08-05, 23:33:28, 0.0, 7.72e-08
2018-08-05, 23:33:30, 0.0, 7.79e-08
2018-08-05, 23:33:32, 0.0, 7.77e-08
2018-08-05, 23:33:34, 0.0, 7.77e-08
2018-08-05, 23:33:37, 0.0, 7.76e-08
2018-08-05, 23:33:39, 0.0, 7.74e-08
2018-08-05, 23:33:41, 0.0, 7.76e-08
2018-08-05, 23:33:43, 0.0, 7.78e-08
2018-08-05, 23:33:45, 0.0, 7.78e-08
2018-08-05, 23:33:47, 0.0, 7.79e-08
2018-08-05, 23:33:49, 0.0, 7.72e-08
2018-08-05, 23:33:51, 0.0, 7.77e-08
2018-08-05, 23:33:54, 0.0, 7.78e-08
2018-08-05, 23:33:56, 0.0, 7.7e-08
2018-08-05, 23:33:58, 0.0, 7.69e-08
2018-08-05, 23:34:00, 0.0, 7.75e-08
2018-08-05, 23:34:02, 0.0, 7.67e-08
2018-08-05, 23:34:04, 0.0, 7.73e-08
2018-08-05, 23:34:06, 0.0, 7.71e-08
2018-08-05, 23:34:08, 0.0, 7.71e-08
2018-08-05, 23:34:11, 0.0, 7.71e-08
2018-08-05, 23:34:13, 0.0, 7.71e-08
2018-08-05, 23:34:15, 0.0, 7.78e-08
2018-08-05, 23:34:17, 0.0, 7.72e-08
2018-08-05, 23:34:19, 0.0, 7.72e-08
2018-08-05, 23:34:21, 0.0, 7.71e-08
2018-08-05, 23:34:23, 0.0, 7.78e-08
2018-08-05, 23:34:25, 0.0, 7.74e-08
2018-08-05, 23:34:28, 0.0, 7.79e-08
2018-08-05, 23:34:30, 0.0, 7.78e-08
2018-08-05, 23:34:32, 0.0, 7.78e-08
2018-08-05, 23:34:34, 0.0, 7.75e-08
2018-08-05, 23:34:36, 0.0, 7.76e-08
2018-08-05, 23:34:38, 0.0, 7.75e-08
2018-08-05, 23:34:40, 0.0, 7.77e-08
2018-08-05, 23:34:42, 0.0, 7.74e-08
2018-08-05, 23:34:45, 0.0, 7.79e-08
2018-08-05, 23:34:47, 0.0, 7.81e-08
2018-08-05, 23:34:49, 0.0, 7.79e-08
2018-08-05, 23:34:51, 0.0, 7.73e-08
2018-08-05, 23:34:53, 0.0, 7.73e-08
2018-08-05, 23:34:55, 0.0, 7.73e-08
2018-08-05, 23:34:57, 0.0, 7.73e-08
2018-08-05, 23:35:00, 0.0, 7.76e-08
2018-08-05, 23:35:02, 0.0, 7.79e-08
2018-08-05, 23:35:04, 0.0, 7.68e-08
2018-08-05, 23:35:06, 0.0, 7.77e-08
2018-08-05, 23:35:08, 0.0, 7.77e-08
2018-08-05, 23:35:10, 0.0, 7.71e-08
2018-08-05, 23:35:12, 0.0, 7.76e-08
2018-08-05, 23:35:14, 0.0, 7.7e-08
2018-08-05, 23:35:17, 0.0, 7.72e-08
2018-08-05, 23:35:19, 0.0, 7.79e-08
2018-08-05, 23:35:21, 0.0, 7.78e-08
2018-08-05, 23:35:23, 0.0, 7.78e-08
2018-08-05, 23:35:25, 0.0, 7.78e-08
2018-08-05, 23:35:27, 0.0, 7.74e-08
2018-08-05, 23:35:29, 0.0, 7.76e-08
2018-08-05, 23:35:31, 0.0, 7.72e-08
2018-08-05, 23:35:34, 0.0, 7.78e-08
2018-08-05, 23:35:36, 0.0, 7.76e-08
2018-08-05, 23:35:38, 0.0, 7.77e-08
2018-08-05, 23:35:40, 0.0, 7.79e-08
2018-08-05, 23:35:42, 0.0, 7.75e-08
2018-08-05, 23:35:44, 0.0, 7.74e-08
2018-08-05, 23:35:46, 0.0, 7.77e-08
2018-08-05, 23:35:48, 0.0, 7.72e-08
2018-08-05, 23:35:51, 0.0, 7.74e-08
2018-08-05, 23:35:53, 0.0, 7.76e-08
2018-08-05, 23:35:55, 0.0, 7.84e-08
2018-08-05, 23:35:57, 0.0, 7.79e-08
2018-08-05, 23:35:59, 0.0, 7.78e-08
2018-08-05, 23:36:01, 0.0, 7.8e-08
2018-08-05, 23:36:03, 0.0, 7.78e-08
2018-08-05, 23:36:05, 0.0, 7.77e-08
2018-08-05, 23:36:08, 0.0, 7.76e-08
2018-08-05, 23:36:10, 0.0, 7.74e-08
2018-08-05, 23:36:12, 0.0, 7.73e-08
2018-08-05, 23:36:14, 0.0, 7.73e-08
2018-08-05, 23:36:16, 0.0, 7.69e-08
2018-08-05, 23:36:18, 0.0, 7.75e-08
2018-08-05, 23:36:20, 0.0, 7.67e-08
2018-08-05, 23:36:22, 0.0, 7.8e-08
2018-08-05, 23:36:25, 0.0, 7.73e-08
2018-08-05, 23:36:27, 0.0, 7.78e-08
2018-08-05, 23:36:29, 0.0, 7.82e-08
2018-08-05, 23:36:31, 0.0, 7.78e-08
2018-08-05, 23:36:33, 0.0, 7.77e-08
2018-08-05, 23:36:35, 0.0, 7.74e-08
2018-08-05, 23:36:37, 0.0, 7.75e-08
2018-08-05, 23:36:39, 0.0, 7.71e-08
2018-08-05, 23:36:42, 0.0, 7.7e-08
2018-08-05, 23:36:44, 0.0, 7.75e-08
2018-08-05, 23:36:46, 0.0, 7.76e-08
2018-08-05, 23:36:48, 0.0, 7.77e-08
2018-08-05, 23:36:50, 0.0, 7.73e-08
2018-08-05, 23:36:52, 0.0, 7.8e-08
2018-08-05, 23:36:54, 0.0, 7.75e-08
2018-08-05, 23:36:57, 0.0, 7.73e-08
2018-08-05, 23:36:59, 0.0, 7.7e-08
2018-08-05, 23:37:01, 0.0, 7.71e-08
2018-08-05, 23:37:03, 0.0, 7.65e-08
2018-08-05, 23:37:05, 0.0, 7.69e-08
2018-08-05, 23:37:07, 0.0, 7.73e-08
2018-08-05, 23:37:09, 0.0, 7.7e-08
2018-08-05, 23:37:11, 0.0, 7.69e-08
2018-08-05, 23:37:14, 0.0, 7.67e-08
2018-08-05, 23:37:16, 0.0, 7.68e-08
2018-08-05, 23:37:18, 0.0, 7.71e-08
2018-08-05, 23:37:20, 0.0, 7.68e-08
2018-08-05, 23:37:22, 0.0, 7.73e-08
2018-08-05, 23:37:24, 0.0, 7.76e-08
2018-08-05, 23:37:26, 0.0, 7.79e-08
2018-08-05, 23:37:28, 0.0, 7.73e-08
2018-08-05, 23:37:31, 0.0, 7.69e-08
2018-08-05, 23:37:33, 0.0, 7.74e-08
2018-08-05, 23:37:35, 0.0, 7.72e-08
2018-08-05, 23:37:37, 0.0, 7.67e-08
2018-08-05, 23:37:39, 0.0, 7.78e-08
2018-08-05, 23:37:41, 0.0, 7.7e-08
2018-08-05, 23:37:43, 0.0, 7.68e-08
2018-08-05, 23:37:45, 0.0, 7.78e-08
2018-08-05, 23:37:48, 0.0, 7.77e-08
2018-08-05, 23:37:50, 0.0, 7.71e-08
2018-08-05, 23:37:52, 0.0, 7.72e-08
2018-08-05, 23:37:54, 0.0, 7.74e-08
2018-08-05, 23:37:56, 0.0, 7.69e-08
2018-08-05, 23:37:58, 0.0, 7.79e-08
2018-08-05, 23:38:00, 0.0, 7.81e-08
2018-08-05, 23:38:02, 0.0, 7.74e-08
2018-08-05, 23:38:05, 0.0, 7.77e-08
2018-08-05, 23:38:07, 0.0, 7.81e-08
2018-08-05, 23:38:09, 0.0, 7.73e-08
2018-08-05, 23:38:11, 0.0, 7.65e-08
2018-08-05, 23:38:13, 0.0, 7.77e-08
2018-08-05, 23:38:15, 0.0, 7.72e-08
2018-08-05, 23:38:17, 0.0, 7.71e-08
2018-08-05, 23:38:19, 0.0, 7.69e-08
2018-08-05, 23:38:22, 0.0, 7.79e-08
2018-08-05, 23:38:24, 0.0, 7.75e-08
2018-08-05, 23:38:26, 0.0, 7.74e-08
2018-08-05, 23:38:28, 0.0, 7.74e-08
2018-08-05, 23:38:30, 0.0, 7.78e-08
2018-08-05, 23:38:32, 0.0, 7.74e-08
2018-08-05, 23:38:34, 0.0, 7.71e-08
2018-08-05, 23:38:37, 0.0, 7.74e-08
2018-08-05, 23:38:39, 0.0, 7.64e-08
2018-08-05, 23:38:41, 0.0, 7.71e-08
2018-08-05, 23:38:43, 0.0, 7.69e-08
2018-08-05, 23:38:45, 0.0, 7.7e-08
2018-08-05, 23:38:47, 0.0, 7.69e-08
2018-08-05, 23:38:49, 0.0, 7.77e-08
2018-08-05, 23:38:51, 0.0, 7.7e-08
2018-08-05, 23:38:54, 0.0, 7.79e-08
2018-08-05, 23:38:56, 0.0, 7.74e-08
2018-08-05, 23:38:58, 0.0, 7.65e-08
2018-08-05, 23:39:00, 0.0, 7.68e-08
2018-08-05, 23:39:02, 0.0, 7.63e-08
2018-08-05, 23:39:04, 0.0, 7.67e-08
2018-08-05, 23:39:06, 0.0, 7.63e-08
2018-08-05, 23:39:08, 0.0, 7.65e-08
2018-08-05, 23:39:11, 0.0, 7.7e-08
2018-08-05, 23:39:13, 0.0, 7.71e-08
2018-08-05, 23:39:15, 0.0, 7.68e-08
2018-08-05, 23:39:17, 0.0, 7.76e-08
2018-08-05, 23:39:19, 0.0, 7.73e-08
2018-08-05, 23:39:21, 0.0, 7.75e-08
2018-08-05, 23:39:23, 0.0, 7.71e-08
2018-08-05, 23:39:25, 0.0, 7.77e-08
2018-08-05, 23:39:28, 0.0, 7.69e-08
2018-08-05, 23:39:30, 0.0, 7.66e-08
2018-08-05, 23:39:32, 0.0, 7.64e-08
2018-08-05, 23:39:34, 0.0, 7.67e-08
2018-08-05, 23:39:36, 0.0, 7.7e-08
2018-08-05, 23:39:38, 0.0, 7.7e-08
2018-08-05, 23:39:40, 0.0, 7.67e-08
2018-08-05, 23:39:42, 0.0, 7.67e-08
2018-08-05, 23:39:45, 0.0, 7.7e-08
2018-08-05, 23:39:47, 0.0, 7.68e-08
2018-08-05, 23:39:49, 0.0, 7.71e-08
2018-08-05, 23:39:51, 0.0, 7.75e-08
2018-08-05, 23:39:53, 0.0, 7.71e-08
2018-08-05, 23:39:55, 0.0, 7.77e-08
2018-08-05, 23:39:57, 0.0, 7.73e-08
2018-08-05, 23:39:59, 0.0, 7.7e-08
2018-08-05, 23:40:02, 0.0, 7.69e-08
2018-08-05, 23:40:04, 0.0, 7.77e-08
2018-08-05, 23:40:06, 0.0, 7.74e-08
2018-08-05, 23:40:08, 0.0, 7.73e-08
2018-08-05, 23:40:10, 0.0, 7.72e-08
2018-08-05, 23:40:12, 0.0, 7.73e-08
2018-08-05, 23:40:14, 0.0, 7.73e-08
2018-08-05, 23:40:16, 0.0, 7.65e-08
2018-08-05, 23:40:19, 0.0, 7.75e-08
2018-08-05, 23:40:21, 0.0, 7.79e-08
2018-08-05, 23:40:23, 0.0, 7.73e-08
2018-08-05, 23:40:25, 0.0, 7.72e-08
2018-08-05, 23:40:27, 0.0, 7.77e-08
2018-08-05, 23:40:29, 0.0, 7.73e-08
2018-08-05, 23:40:31, 0.0, 7.78e-08
2018-08-05, 23:40:33, 0.0, 7.77e-08
2018-08-05, 23:40:36, 0.0, 7.76e-08
2018-08-05, 23:40:38, 0.0, 7.73e-08
2018-08-05, 23:40:40, 0.0, 7.7e-08
2018-08-05, 23:40:42, 0.0, 7.69e-08
2018-08-05, 23:40:44, 0.0, 7.72e-08
2018-08-05, 23:40:46, 0.0, 7.68e-08
2018-08-05, 23:40:48, 0.0, 7.75e-08
2018-08-05, 23:40:50, 0.0, 7.65e-08
2018-08-05, 23:40:53, 0.0, 7.69e-08
2018-08-05, 23:40:55, 0.0, 7.68e-08
2018-08-05, 23:40:57, 0.0, 7.62e-08
2018-08-05, 23:40:59, 0.0, 7.65e-08
2018-08-05, 23:41:01, 0.0, 7.68e-08
2018-08-05, 23:41:03, 0.0, 7.73e-08
2018-08-05, 23:41:05, 0.0, 7.79e-08
2018-08-05, 23:41:08, 0.0, 7.64e-08
2018-08-05, 23:41:10, 0.0, 7.69e-08
2018-08-05, 23:41:12, 0.0, 7.73e-08
2018-08-05, 23:41:14, 0.0, 7.77e-08
2018-08-05, 23:41:16, 0.0, 7.75e-08
2018-08-05, 23:41:18, 0.0, 7.74e-08
2018-08-05, 23:41:20, 0.0, 7.74e-08
2018-08-05, 23:41:22, 0.0, 7.79e-08
2018-08-05, 23:41:25, 0.0, 7.63e-08
2018-08-05, 23:41:27, 0.0, 7.73e-08
2018-08-05, 23:41:29, 0.0, 7.75e-08
2018-08-05, 23:41:31, 0.0, 7.68e-08
2018-08-05, 23:41:33, 0.0, 7.72e-08
2018-08-05, 23:41:35, 0.0, 7.73e-08
2018-08-05, 23:41:37, 0.0, 7.73e-08
2018-08-05, 23:41:39, 0.0, 7.74e-08
2018-08-05, 23:41:42, 0.0, 7.73e-08
2018-08-05, 23:41:44, 0.0, 7.73e-08
2018-08-05, 23:41:46, 0.0, 7.69e-08
2018-08-05, 23:41:48, 0.0, 7.69e-08
2018-08-05, 23:41:50, 0.0, 7.65e-08
2018-08-05, 23:41:52, 0.0, 7.72e-08
2018-08-05, 23:41:54, 0.0, 7.71e-08
2018-08-05, 23:41:56, 0.0, 7.77e-08
2018-08-05, 23:41:59, 0.0, 7.72e-08
2018-08-05, 23:42:01, 0.0, 7.73e-08
2018-08-05, 23:42:03, 0.0, 7.65e-08
2018-08-05, 23:42:05, 0.0, 7.77e-08
2018-08-05, 23:42:07, 0.0, 7.74e-08
2018-08-05, 23:42:09, 0.0, 7.72e-08
2018-08-05, 23:42:11, 0.0, 7.72e-08
2018-08-05, 23:42:13, 0.0, 7.71e-08
2018-08-05, 23:42:16, 0.0, 7.7e-08
2018-08-05, 23:42:18, 0.0, 7.67e-08
2018-08-05, 23:42:20, 0.0, 7.71e-08
2018-08-05, 23:42:22, 0.0, 7.75e-08
2018-08-05, 23:42:24, 0.0, 7.74e-08
2018-08-05, 23:42:26, 0.0, 7.74e-08
2018-08-05, 23:42:28, 0.0, 7.72e-08
2018-08-05, 23:42:30, 0.0, 7.69e-08
2018-08-05, 23:42:33, 0.0, 7.7e-08
2018-08-05, 23:42:35, 0.0, 7.76e-08
2018-08-05, 23:42:37, 0.0, 7.77e-08
2018-08-05, 23:42:39, 0.0, 7.75e-08
2018-08-05, 23:42:41, 0.0, 7.7e-08
2018-08-05, 23:42:43, 0.0, 7.76e-08
2018-08-05, 23:42:45, 0.0, 7.69e-08
2018-08-05, 23:42:47, 0.0, 7.7e-08
2018-08-05, 23:42:50, 0.0, 7.74e-08
2018-08-05, 23:42:52, 0.0, 7.76e-08
2018-08-05, 23:42:54, 0.0, 7.8e-08
2018-08-05, 23:42:56, 0.0, 7.79e-08
2018-08-05, 23:42:58, 0.0, 7.79e-08
2018-08-05, 23:43:00, 0.0, 7.69e-08
2018-08-05, 23:43:02, 0.0, 7.75e-08
2018-08-05, 23:43:04, 0.0, 7.72e-08
2018-08-05, 23:43:07, 0.0, 7.76e-08
2018-08-05, 23:43:09, 0.0, 7.74e-08
2018-08-05, 23:43:11, 0.0, 7.78e-08
2018-08-05, 23:43:13, 0.0, 7.77e-08
2018-08-05, 23:43:15, 0.0, 7.76e-08
2018-08-05, 23:43:17, 0.0, 7.81e-08
2018-08-05, 23:43:19, 0.0, 7.76e-08
2018-08-05, 23:43:21, 0.0, 7.72e-08
2018-08-05, 23:43:24, 0.0, 7.78e-08
2018-08-05, 23:43:26, 0.0, 7.83e-08
2018-08-05, 23:43:28, 0.0, 7.79e-08
2018-08-05, 23:43:30, 0.0, 7.77e-08
2018-08-05, 23:43:32, 0.0, 7.79e-08
2018-08-05, 23:43:34, 0.0, 7.73e-08
2018-08-05, 23:43:36, 0.0, 7.63e-08
2018-08-05, 23:43:38, 0.0, 7.78e-08
2018-08-05, 23:43:41, 0.0, 7.73e-08
2018-08-05, 23:43:43, 0.0, 7.67e-08
2018-08-05, 23:43:45, 0.0, 7.74e-08
2018-08-05, 23:43:47, 0.0, 7.69e-08
2018-08-05, 23:43:49, 0.0, 7.76e-08
2018-08-05, 23:43:51, 0.0, 7.73e-08
2018-08-05, 23:43:53, 0.0, 7.73e-08
2018-08-05, 23:43:55, 0.0, 7.75e-08
2018-08-05, 23:43:58, 0.0, 7.74e-08
2018-08-05, 23:44:00, 0.0, 7.64e-08
2018-08-05, 23:44:02, 0.0, 7.76e-08
2018-08-05, 23:44:04, 0.0, 7.76e-08
2018-08-05, 23:44:06, 0.0, 7.78e-08
2018-08-05, 23:44:08, 0.0, 7.73e-08
2018-08-05, 23:44:10, 0.0, 7.76e-08
2018-08-05, 23:44:12, 0.0, 7.75e-08
2018-08-05, 23:44:15, 0.0, 7.75e-08
2018-08-05, 23:44:17, 0.0, 7.73e-08
2018-08-05, 23:44:19, 0.0, 7.76e-08
2018-08-05, 23:44:21, 0.0, 7.76e-08
2018-08-05, 23:44:23, 0.0, 7.69e-08
2018-08-05, 23:44:25, 0.0, 7.7e-08
2018-08-05, 23:44:27, 0.0, 7.76e-08
2018-08-05, 23:44:29, 0.0, 7.74e-08
2018-08-05, 23:44:32, 0.0, 7.73e-08
2018-08-05, 23:44:34, 0.0, 7.76e-08
2018-08-05, 23:44:36, 0.0, 7.75e-08
2018-08-05, 23:44:38, 0.0, 7.71e-08
2018-08-05, 23:44:40, 0.0, 7.75e-08
2018-08-05, 23:44:42, 0.0, 7.74e-08
2018-08-05, 23:44:44, 0.0, 7.7e-08
2018-08-05, 23:44:47, 0.0, 7.72e-08
2018-08-05, 23:44:49, 0.0, 7.72e-08
2018-08-05, 23:44:51, 0.0, 7.77e-08
2018-08-05, 23:44:53, 0.0, 7.72e-08
2018-08-05, 23:44:55, 0.0, 7.75e-08
2018-08-05, 23:44:57, 0.0, 7.68e-08
2018-08-05, 23:44:59, 0.0, 7.64e-08
2018-08-05, 23:45:01, 0.0, 7.78e-08
2018-08-05, 23:45:04, 0.0, 7.73e-08
2018-08-05, 23:45:06, 0.0, 7.78e-08
2018-08-05, 23:45:08, 0.0, 7.73e-08
2018-08-05, 23:45:10, 0.0, 7.78e-08
2018-08-05, 23:45:12, 0.0, 7.72e-08
2018-08-05, 23:45:14, 0.0, 7.76e-08
2018-08-05, 23:45:16, 0.0, 7.71e-08
2018-08-05, 23:45:18, 0.0, 7.74e-08
2018-08-05, 23:45:21, 0.0, 7.76e-08
2018-08-05, 23:45:23, 0.0, 7.79e-08
2018-08-05, 23:45:25, 0.0, 7.72e-08
2018-08-05, 23:45:27, 0.0, 7.74e-08
2018-08-05, 23:45:29, 0.0, 7.81e-08
2018-08-05, 23:45:31, 0.0, 7.82e-08
2018-08-05, 23:45:33, 0.0, 7.8e-08
2018-08-05, 23:45:35, 0.0, 7.75e-08
2018-08-05, 23:45:38, 0.0, 7.75e-08
2018-08-05, 23:45:40, 0.0, 7.83e-08
2018-08-05, 23:45:42, 0.0, 7.73e-08
2018-08-05, 23:45:44, 0.0, 7.75e-08
2018-08-05, 23:45:46, 0.0, 7.75e-08
2018-08-05, 23:45:48, 0.0, 7.79e-08
2018-08-05, 23:45:50, 0.0, 7.79e-08
2018-08-05, 23:45:52, 0.0, 7.73e-08
2018-08-05, 23:45:55, 0.0, 7.75e-08
2018-08-05, 23:45:57, 0.0, 7.79e-08
2018-08-05, 23:45:59, 0.0, 7.7e-08
2018-08-05, 23:46:01, 0.0, 7.75e-08
2018-08-05, 23:46:03, 0.0, 7.75e-08
2018-08-05, 23:46:05, 0.0, 7.73e-08
2018-08-05, 23:46:07, 0.0, 7.73e-08
2018-08-05, 23:46:09, 0.0, 7.75e-08
2018-08-05, 23:46:12, 0.0, 7.75e-08
2018-08-05, 23:46:14, 0.0, 7.77e-08
2018-08-05, 23:46:16, 0.0, 7.8e-08
2018-08-05, 23:46:18, 0.0, 7.82e-08
2018-08-05, 23:46:20, 0.0, 7.84e-08
2018-08-05, 23:46:22, 0.0, 7.81e-08
2018-08-05, 23:46:24, 0.0, 7.79e-08
2018-08-05, 23:46:26, 0.0, 7.74e-08
2018-08-05, 23:46:29, 0.0, 7.77e-08
2018-08-05, 23:46:31, 0.0, 7.84e-08
2018-08-05, 23:46:33, 0.0, 7.78e-08
2018-08-05, 23:46:35, 0.0, 7.78e-08
2018-08-05, 23:46:37, 0.0, 7.8e-08
2018-08-05, 23:46:39, 0.0, 7.73e-08
2018-08-05, 23:46:41, 0.0, 7.82e-08
2018-08-05, 23:46:43, 0.0, 7.8e-08
2018-08-05, 23:46:46, 0.0, 7.8e-08
2018-08-05, 23:46:48, 0.0, 7.7e-08
2018-08-05, 23:46:50, 0.0, 7.75e-08
2018-08-05, 23:46:52, 0.0, 7.8e-08
2018-08-05, 23:46:54, 0.0, 7.75e-08
2018-08-05, 23:46:56, 0.0, 7.78e-08
2018-08-05, 23:46:58, 0.0, 7.8e-08
2018-08-05, 23:47:00, 0.0, 7.77e-08
2018-08-05, 23:47:02, 0.0, 7.76e-08
2018-08-05, 23:47:05, 0.0, 7.77e-08
2018-08-05, 23:47:07, 0.0, 7.78e-08
2018-08-05, 23:47:09, 0.0, 7.79e-08
2018-08-05, 23:47:11, 0.0, 7.78e-08
2018-08-05, 23:47:13, 0.0, 7.82e-08
2018-08-05, 23:47:15, 0.0, 7.81e-08
2018-08-05, 23:47:17, 0.0, 7.73e-08
2018-08-05, 23:47:19, 0.0, 7.82e-08
2018-08-05, 23:47:22, 0.0, 7.82e-08
2018-08-05, 23:47:24, 0.0, 7.75e-08
2018-08-05, 23:47:26, 0.0, 7.78e-08
2018-08-05, 23:47:28, 0.0, 7.83e-08
2018-08-05, 23:47:30, 0.0, 7.8e-08
2018-08-05, 23:47:32, 0.0, 7.81e-08
2018-08-05, 23:47:34, 0.0, 7.75e-08
2018-08-05, 23:47:37, 0.0, 7.73e-08
2018-08-05, 23:47:39, 0.0, 7.79e-08
2018-08-05, 23:47:41, 0.0, 7.82e-08
2018-08-05, 23:47:43, 0.0, 7.75e-08
2018-08-05, 23:47:45, 0.0, 7.83e-08
2018-08-05, 23:47:47, 0.0, 7.85e-08
2018-08-05, 23:47:49, 0.0, 7.78e-08
2018-08-05, 23:47:51, 0.0, 7.87e-08
2018-08-05, 23:47:54, 0.0, 7.8e-08
2018-08-05, 23:47:56, 0.0, 7.77e-08
2018-08-05, 23:47:58, 0.0, 7.71e-08
2018-08-05, 23:48:00, 0.0, 7.76e-08
2018-08-05, 23:48:02, 0.0, 7.72e-08
2018-08-05, 23:48:04, 0.0, 7.83e-08
2018-08-05, 23:48:06, 0.0, 7.77e-08
2018-08-05, 23:48:08, 0.0, 7.77e-08
2018-08-05, 23:48:11, 0.0, 7.84e-08
2018-08-05, 23:48:13, 0.0, 7.71e-08
2018-08-05, 23:48:15, 0.0, 7.74e-08
2018-08-05, 23:48:17, 0.0, 7.77e-08
2018-08-05, 23:48:19, 0.0, 7.73e-08
2018-08-05, 23:48:21, 0.0, 7.74e-08
2018-08-05, 23:48:23, 0.0, 7.68e-08
2018-08-05, 23:48:25, 0.0, 7.76e-08
2018-08-05, 23:48:28, 0.0, 7.79e-08
2018-08-05, 23:48:30, 0.0, 7.75e-08
2018-08-05, 23:48:32, 0.0, 7.75e-08
2018-08-05, 23:48:34, 0.0, 7.77e-08
2018-08-05, 23:48:36, 0.0, 7.75e-08
2018-08-05, 23:48:38, 0.0, 7.75e-08
2018-08-05, 23:48:40, 0.0, 7.77e-08
2018-08-05, 23:48:42, 0.0, 7.74e-08
2018-08-05, 23:48:45, 0.0, 7.82e-08
2018-08-05, 23:48:47, 0.0, 7.79e-08
2018-08-05, 23:48:49, 0.0, 7.67e-08
2018-08-05, 23:48:51, 0.0, 7.73e-08
2018-08-05, 23:48:53, 0.0, 7.73e-08
2018-08-05, 23:48:55, 0.0, 7.75e-08
2018-08-05, 23:48:57, 0.0, 7.73e-08
2018-08-05, 23:48:59, 0.0, 7.79e-08
2018-08-05, 23:49:02, 0.0, 7.79e-08
2018-08-05, 23:49:04, 0.0, 7.74e-08
2018-08-05, 23:49:06, 0.0, 7.72e-08
2018-08-05, 23:49:08, 0.0, 7.72e-08
2018-08-05, 23:49:10, 0.0, 7.74e-08
2018-08-05, 23:49:12, 0.0, 7.67e-08
2018-08-05, 23:49:14, 0.0, 7.73e-08
2018-08-05, 23:49:17, 0.0, 7.78e-08
2018-08-05, 23:49:19, 0.0, 7.76e-08
2018-08-05, 23:49:21, 0.0, 7.7e-08
2018-08-05, 23:49:23, 0.0, 7.73e-08
2018-08-05, 23:49:25, 0.0, 7.75e-08
2018-08-05, 23:49:27, 0.0, 7.78e-08
2018-08-05, 23:49:29, 0.0, 7.78e-08
2018-08-05, 23:49:31, 0.0, 7.8e-08
2018-08-05, 23:49:33, 0.0, 7.78e-08
2018-08-05, 23:49:36, 0.0, 7.79e-08
2018-08-05, 23:49:38, 0.0, 7.77e-08
2018-08-05, 23:49:40, 0.0, 7.67e-08
2018-08-05, 23:49:42, 0.0, 7.72e-08
2018-08-05, 23:49:44, 0.0, 7.67e-08
2018-08-05, 23:49:46, 0.0, 7.73e-08
2018-08-05, 23:49:48, 0.0, 7.74e-08
2018-08-05, 23:49:50, 0.0, 7.75e-08
2018-08-05, 23:49:53, 0.0, 7.8e-08
2018-08-05, 23:49:55, 0.0, 7.79e-08
2018-08-05, 23:49:57, 0.0, 7.76e-08
2018-08-05, 23:49:59, 0.0, 7.77e-08
2018-08-05, 23:50:01, 0.0, 7.76e-08
2018-08-05, 23:50:03, 0.0, 7.73e-08
2018-08-05, 23:50:05, 0.0, 7.72e-08
2018-08-05, 23:50:08, 0.0, 7.77e-08
2018-08-05, 23:50:10, 0.0, 7.78e-08
2018-08-05, 23:50:12, 0.0, 7.79e-08
2018-08-05, 23:50:14, 0.0, 7.74e-08
2018-08-05, 23:50:16, 0.0, 7.74e-08
2018-08-05, 23:50:18, 0.0, 7.79e-08
2018-08-05, 23:50:20, 0.0, 7.76e-08
2018-08-05, 23:50:22, 0.0, 7.77e-08
2018-08-05, 23:50:25, 0.0, 7.79e-08
2018-08-05, 23:50:27, 0.0, 7.73e-08
2018-08-05, 23:50:29, 0.0, 7.82e-08
2018-08-05, 23:50:31, 0.0, 7.82e-08
2018-08-05, 23:50:33, 0.0, 7.81e-08
2018-08-05, 23:50:35, 0.0, 7.77e-08
2018-08-05, 23:50:37, 0.0, 7.78e-08
2018-08-05, 23:50:39, 0.0, 7.75e-08
2018-08-05, 23:50:42, 0.0, 7.78e-08
2018-08-05, 23:50:44, 0.0, 7.78e-08
2018-08-05, 23:50:46, 0.0, 7.69e-08
2018-08-05, 23:50:48, 0.0, 7.79e-08
2018-08-05, 23:50:50, 0.0, 7.78e-08
2018-08-05, 23:50:52, 0.0, 7.77e-08
2018-08-05, 23:50:54, 0.0, 7.75e-08
2018-08-05, 23:50:56, 0.0, 7.79e-08
2018-08-05, 23:50:59, 0.0, 7.79e-08
2018-08-05, 23:51:01, 0.0, 7.81e-08
2018-08-05, 23:51:03, 0.0, 7.78e-08
2018-08-05, 23:51:05, 0.0, 7.75e-08
2018-08-05, 23:51:07, 0.0, 7.81e-08
2018-08-05, 23:51:09, 0.0, 7.76e-08
2018-08-05, 23:51:11, 0.0, 7.8e-08
2018-08-05, 23:51:14, 0.0, 7.8e-08
2018-08-05, 23:51:16, 0.0, 7.8e-08
2018-08-05, 23:51:18, 0.0, 7.79e-08
2018-08-05, 23:51:20, 0.0, 7.79e-08
2018-08-05, 23:51:22, 0.0, 7.84e-08
2018-08-05, 23:51:24, 0.0, 7.81e-08
2018-08-05, 23:51:26, 0.0, 7.77e-08
2018-08-05, 23:51:28, 0.0, 7.79e-08
2018-08-05, 23:51:31, 0.0, 7.77e-08
2018-08-05, 23:51:33, 0.0, 7.78e-08
2018-08-05, 23:51:35, 0.0, 7.82e-08
2018-08-05, 23:51:37, 0.0, 7.69e-08
2018-08-05, 23:51:39, 0.0, 7.75e-08
2018-08-05, 23:51:41, 0.0, 7.76e-08
2018-08-05, 23:51:43, 0.0, 7.82e-08
2018-08-05, 23:51:45, 0.0, 7.72e-08
2018-08-05, 23:51:48, 0.0, 7.75e-08
2018-08-05, 23:51:50, 0.0, 7.78e-08
2018-08-05, 23:51:52, 0.0, 7.78e-08
2018-08-05, 23:51:54, 0.0, 7.79e-08
2018-08-05, 23:51:56, 0.0, 7.75e-08
2018-08-05, 23:51:58, 0.0, 7.75e-08
2018-08-05, 23:52:00, 0.0, 7.82e-08
2018-08-05, 23:52:02, 0.0, 7.8e-08
2018-08-05, 23:52:05, 0.0, 7.75e-08
2018-08-05, 23:52:07, 0.0, 7.78e-08
2018-08-05, 23:52:09, 0.0, 7.78e-08
2018-08-05, 23:52:11, 0.0, 7.73e-08
2018-08-05, 23:52:13, 0.0, 7.75e-08
2018-08-05, 23:52:15, 0.0, 7.73e-08
2018-08-05, 23:52:17, 0.0, 7.73e-08
2018-08-05, 23:52:19, 0.0, 7.78e-08
2018-08-05, 23:52:22, 0.0, 7.75e-08
2018-08-05, 23:52:24, 0.0, 7.79e-08
2018-08-05, 23:52:26, 0.0, 7.77e-08
2018-08-05, 23:52:28, 0.0, 7.76e-08
2018-08-05, 23:52:30, 0.0, 7.79e-08
2018-08-05, 23:52:32, 0.0, 7.75e-08
2018-08-05, 23:52:34, 0.0, 7.68e-08
2018-08-05, 23:52:36, 0.0, 7.76e-08
2018-08-05, 23:52:39, 0.0, 7.73e-08
2018-08-05, 23:52:41, 0.0, 7.78e-08
2018-08-05, 23:52:43, 0.0, 7.68e-08
2018-08-05, 23:52:45, 0.0, 7.79e-08
2018-08-05, 23:52:47, 0.0, 7.76e-08
2018-08-05, 23:52:49, 0.0, 7.78e-08
2018-08-05, 23:52:51, 0.0, 7.78e-08
2018-08-05, 23:52:53, 0.0, 7.72e-08
2018-08-05, 23:52:56, 0.0, 7.73e-08
2018-08-05, 23:52:58, 0.0, 7.73e-08
2018-08-05, 23:53:00, 0.0, 7.72e-08
2018-08-05, 23:53:02, 0.0, 7.75e-08
2018-08-05, 23:53:04, 0.0, 7.72e-08
2018-08-05, 23:53:06, 0.0, 7.75e-08
2018-08-05, 23:53:08, 0.0, 7.73e-08
2018-08-05, 23:53:10, 0.0, 7.8e-08
2018-08-05, 23:53:13, 0.0, 7.76e-08
2018-08-05, 23:53:15, 0.0, 7.8e-08
2018-08-05, 23:53:17, 0.0, 7.74e-08
2018-08-05, 23:53:19, 0.0, 7.75e-08
2018-08-05, 23:53:21, 0.0, 7.78e-08
2018-08-05, 23:53:23, 0.0, 7.73e-08
2018-08-05, 23:53:25, 0.0, 7.75e-08
2018-08-05, 23:53:27, 0.0, 7.78e-08
2018-08-05, 23:53:30, 0.0, 7.76e-08
2018-08-05, 23:53:32, 0.0, 7.8e-08
2018-08-05, 23:53:34, 0.0, 7.77e-08
2018-08-05, 23:53:36, 0.0, 7.75e-08
2018-08-05, 23:53:38, 0.0, 7.72e-08
2018-08-05, 23:53:40, 0.0, 7.72e-08
2018-08-05, 23:53:42, 0.0, 7.73e-08
2018-08-05, 23:53:44, 0.0, 7.65e-08
2018-08-05, 23:53:47, 0.0, 7.68e-08
2018-08-05, 23:53:49, 0.0, 7.74e-08
2018-08-05, 23:53:51, 0.0, 7.69e-08
2018-08-05, 23:53:53, 0.0, 7.76e-08
2018-08-05, 23:53:55, 0.0, 7.73e-08
2018-08-05, 23:53:57, 0.0, 7.72e-08
2018-08-05, 23:53:59, 0.0, 7.74e-08
2018-08-05, 23:54:01, 0.0, 7.79e-08
2018-08-05, 23:54:04, 0.0, 7.74e-08
2018-08-05, 23:54:06, 0.0, 7.7e-08
2018-08-05, 23:54:08, 0.0, 7.71e-08
2018-08-05, 23:54:10, 0.0, 7.69e-08
2018-08-05, 23:54:12, 0.0, 7.73e-08
2018-08-05, 23:54:14, 0.0, 7.73e-08
2018-08-05, 23:54:16, 0.0, 7.76e-08
2018-08-05, 23:54:18, 0.0, 7.75e-08
2018-08-05, 23:54:21, 0.0, 7.75e-08
2018-08-05, 23:54:23, 0.0, 7.74e-08
2018-08-05, 23:54:25, 0.0, 7.74e-08
2018-08-05, 23:54:27, 0.0, 7.83e-08
2018-08-05, 23:54:29, 0.0, 7.74e-08
2018-08-05, 23:54:31, 0.0, 7.73e-08
2018-08-05, 23:54:33, 0.0, 7.73e-08
2018-08-05, 23:54:36, 0.0, 7.78e-08
2018-08-05, 23:54:38, 0.0, 7.74e-08
2018-08-05, 23:54:40, 0.0, 7.74e-08
2018-08-05, 23:54:42, 0.0, 7.75e-08
2018-08-05, 23:54:44, 0.0, 7.81e-08
2018-08-05, 23:54:46, 0.0, 7.76e-08
2018-08-05, 23:54:48, 0.0, 7.77e-08
2018-08-05, 23:54:50, 0.0, 7.77e-08
2018-08-05, 23:54:53, 0.0, 7.73e-08
2018-08-05, 23:54:55, 0.0, 7.63e-08
2018-08-05, 23:54:57, 0.0, 7.63e-08
2018-08-05, 23:54:59, 0.0, 7.73e-08
2018-08-05, 23:55:01, 0.0, 7.76e-08
2018-08-05, 23:55:03, 0.0, 7.76e-08
2018-08-05, 23:55:05, 0.0, 7.79e-08
2018-08-05, 23:55:07, 0.0, 7.73e-08
2018-08-05, 23:55:10, 0.0, 7.69e-08
2018-08-05, 23:55:12, 0.0, 7.69e-08
2018-08-05, 23:55:14, 0.0, 7.75e-08
2018-08-05, 23:55:16, 0.0, 7.74e-08
2018-08-05, 23:55:18, 0.0, 7.77e-08
2018-08-05, 23:55:20, 0.0, 7.66e-08
2018-08-05, 23:55:22, 0.0, 7.73e-08
2018-08-05, 23:55:24, 0.0, 7.71e-08
2018-08-05, 23:55:27, 0.0, 7.74e-08
2018-08-05, 23:55:29, 0.0, 7.76e-08
2018-08-05, 23:55:31, 0.0, 7.72e-08
2018-08-05, 23:55:33, 0.0, 7.79e-08
2018-08-05, 23:55:35, 0.0, 7.77e-08
2018-08-05, 23:55:37, 0.0, 7.83e-08
2018-08-05, 23:55:39, 0.0, 7.81e-08
2018-08-05, 23:55:41, 0.0, 7.75e-08
2018-08-05, 23:55:44, 0.0, 7.76e-08
2018-08-05, 23:55:46, 0.0, 7.76e-08
2018-08-05, 23:55:48, 0.0, 7.77e-08
2018-08-05, 23:55:50, 0.0, 7.79e-08
2018-08-05, 23:55:52, 0.0, 7.75e-08
2018-08-05, 23:55:54, 0.0, 7.79e-08
2018-08-05, 23:55:56, 0.0, 7.79e-08
2018-08-05, 23:55:58, 0.0, 7.75e-08
2018-08-05, 23:56:01, 0.0, 7.75e-08
2018-08-05, 23:56:03, 0.0, 7.82e-08
2018-08-05, 23:56:05, 0.0, 7.73e-08
2018-08-05, 23:56:07, 0.0, 7.76e-08
2018-08-05, 23:56:09, 0.0, 7.79e-08
2018-08-05, 23:56:11, 0.0, 7.73e-08
2018-08-05, 23:56:13, 0.0, 7.79e-08
2018-08-05, 23:56:15, 0.0, 7.75e-08
2018-08-05, 23:56:18, 0.0, 7.78e-08
2018-08-05, 23:56:20, 0.0, 7.76e-08
2018-08-05, 23:56:22, 0.0, 7.77e-08
2018-08-05, 23:56:24, 0.0, 7.78e-08
2018-08-05, 23:56:26, 0.0, 7.77e-08
2018-08-05, 23:56:28, 0.0, 7.74e-08
2018-08-05, 23:56:30, 0.0, 7.74e-08
2018-08-05, 23:56:33, 0.0, 7.82e-08
2018-08-05, 23:56:35, 0.0, 7.65e-08
2018-08-05, 23:56:37, 0.0, 7.73e-08
2018-08-05, 23:56:39, 0.0, 7.74e-08
2018-08-05, 23:56:41, 0.0, 7.76e-08
2018-08-05, 23:56:43, 0.0, 7.79e-08
2018-08-05, 23:56:45, 0.0, 7.79e-08
2018-08-05, 23:56:47, 0.0, 7.77e-08
2018-08-05, 23:56:50, 0.0, 7.79e-08
2018-08-05, 23:56:52, 0.0, 7.72e-08
2018-08-05, 23:56:54, 0.0, 7.7e-08
2018-08-05, 23:56:56, 0.0, 7.76e-08
2018-08-05, 23:56:58, 0.0, 7.79e-08
2018-08-05, 23:57:00, 0.0, 7.73e-08
2018-08-05, 23:57:02, 0.0, 7.74e-08
2018-08-05, 23:57:04, 0.0, 7.76e-08
2018-08-05, 23:57:07, 0.0, 7.7e-08
2018-08-05, 23:57:09, 0.0, 7.72e-08
2018-08-05, 23:57:11, 0.0, 7.73e-08
2018-08-05, 23:57:13, 0.0, 7.78e-08
2018-08-05, 23:57:15, 0.0, 7.72e-08
2018-08-05, 23:57:17, 0.0, 7.74e-08
2018-08-05, 23:57:19, 0.0, 7.7e-08
2018-08-05, 23:57:21, 0.0, 7.69e-08
2018-08-05, 23:57:24, 0.0, 7.72e-08
2018-08-05, 23:57:26, 0.0, 7.74e-08
2018-08-05, 23:57:28, 0.0, 7.7e-08
2018-08-05, 23:57:30, 0.0, 7.74e-08
2018-08-05, 23:57:32, 0.0, 7.77e-08
2018-08-05, 23:57:34, 0.0, 7.75e-08
2018-08-05, 23:57:36, 0.0, 7.78e-08
2018-08-05, 23:57:38, 0.0, 7.75e-08
2018-08-05, 23:57:41, 0.0, 7.73e-08
2018-08-05, 23:57:43, 0.0, 7.73e-08
2018-08-05, 23:57:45, 0.0, 7.71e-08
2018-08-05, 23:57:47, 0.0, 7.66e-08
2018-08-05, 23:57:49, 0.0, 7.78e-08
2018-08-05, 23:57:51, 0.0, 7.75e-08
2018-08-05, 23:57:53, 0.0, 7.76e-08
2018-08-05, 23:57:55, 0.0, 7.77e-08
2018-08-05, 23:57:58, 0.0, 7.78e-08
2018-08-05, 23:58:00, 0.0, 7.68e-08
2018-08-05, 23:58:02, 0.0, 7.77e-08
2018-08-05, 23:58:04, 0.0, 7.71e-08
2018-08-05, 23:58:06, 0.0, 7.73e-08
2018-08-05, 23:58:08, 0.0, 7.71e-08
2018-08-05, 23:58:10, 0.0, 7.75e-08
2018-08-05, 23:58:12, 0.0, 7.82e-08
2018-08-05, 23:58:15, 0.0, 7.78e-08
2018-08-05, 23:58:17, 0.0, 7.72e-08
2018-08-05, 23:58:19, 0.0, 7.69e-08
2018-08-05, 23:58:21, 0.0, 7.69e-08
2018-08-05, 23:58:23, 0.0, 7.7e-08
2018-08-05, 23:58:25, 0.0, 7.75e-08
2018-08-05, 23:58:27, 0.0, 7.73e-08
2018-08-05, 23:58:29, 0.0, 7.76e-08
2018-08-05, 23:58:32, 0.0, 7.67e-08
2018-08-05, 23:58:34, 0.0, 7.66e-08
2018-08-05, 23:58:36, 0.0, 7.77e-08
2018-08-05, 23:58:38, 0.0, 7.72e-08
2018-08-05, 23:58:40, 0.0, 7.72e-08
2018-08-05, 23:58:42, 0.0, 7.7e-08
2018-08-05, 23:58:44, 0.0, 7.73e-08
2018-08-05, 23:58:46, 0.0, 7.73e-08
2018-08-05, 23:58:49, 0.0, 7.78e-08
2018-08-05, 23:58:51, 0.0, 7.75e-08
2018-08-05, 23:58:53, 0.0, 7.7e-08
2018-08-05, 23:58:55, 0.0, 7.73e-08
2018-08-05, 23:58:57, 0.0, 7.7e-08
2018-08-05, 23:58:59, 0.0, 7.72e-08
2018-08-05, 23:59:01, 0.0, 7.73e-08
2018-08-05, 23:59:03, 0.0, 7.82e-08
2018-08-05, 23:59:06, 0.0, 7.67e-08
2018-08-05, 23:59:08, 0.0, 7.77e-08
2018-08-05, 23:59:10, 0.0, 7.76e-08
2018-08-05, 23:59:12, 0.0, 7.76e-08
2018-08-05, 23:59:14, 0.0, 7.67e-08
2018-08-05, 23:59:16, 0.0, 7.71e-08
2018-08-05, 23:59:18, 0.0, 7.74e-08
2018-08-05, 23:59:21, 0.0, 7.75e-08
2018-08-05, 23:59:23, 0.0, 7.74e-08
2018-08-05, 23:59:25, 0.0, 7.72e-08
2018-08-05, 23:59:27, 0.0, 7.75e-08
2018-08-05, 23:59:29, 0.0, 7.75e-08
2018-08-05, 23:59:31, 0.0, 7.72e-08
2018-08-05, 23:59:33, 0.0, 7.72e-08
2018-08-05, 23:59:35, 0.0, 7.7e-08
2018-08-05, 23:59:38, 0.0, 7.66e-08
2018-08-05, 23:59:40, 0.0, 7.81e-08
2018-08-05, 23:59:42, 0.0, 7.72e-08
2018-08-05, 23:59:44, 0.0, 7.7e-08
2018-08-05, 23:59:46, 0.0, 7.74e-08
2018-08-05, 23:59:48, 0.0, 7.74e-08
2018-08-05, 23:59:50, 0.0, 7.74e-08
2018-08-05, 23:59:52, 0.0, 7.75e-08
2018-08-05, 23:59:55, 0.0, 7.73e-08
2018-08-05, 23:59:57, 0.0, 7.77e-08
2018-08-05, 23:59:59, 0.0, 7.7e-08
