2019-09-22, 00:00:02, 9.96e-13, 9.11e-11
2019-09-22, 00:00:06, 8.83e-13, 9.12e-11
2019-09-22, 00:00:10, 9.43e-13, 9.12e-11
2019-09-22, 00:00:14, 1.15e-12, 9.16e-11
2019-09-22, 00:00:19, 9.69e-13, 9.12e-11
2019-09-22, 00:00:23, 8.92e-13, 9.13e-11
2019-09-22, 00:00:27, 1.08e-12, 9.13e-11
2019-09-22, 00:00:31, 9.97e-13, 9.1e-11
2019-09-22, 00:00:35, 9.52e-13, 9.13e-11
2019-09-22, 00:00:40, 9.99e-13, 9.1e-11
2019-09-22, 00:00:44, 1.08e-12, 9.14e-11
2019-09-22, 00:00:49, 1.06e-12, 9.15e-11
2019-09-22, 00:00:53, 1e-12, 9.11e-11
2019-09-22, 00:00:57, 9.33e-13, 9.14e-11
2019-09-22, 00:01:01, 9.53e-13, 9.14e-11
2019-09-22, 00:01:05, 8.09e-13, 9.13e-11
2019-09-22, 00:01:10, 9.75e-13, 9.1e-11
2019-09-22, 00:01:14, 1.06e-12, 9.12e-11
2019-09-22, 00:01:18, 9.86e-13, 9.1e-11
2019-09-22, 00:01:22, 8.8e-13, 9.13e-11
2019-09-22, 00:01:27, 9.26e-13, 9.09e-11
2019-09-22, 00:01:31, 9.77e-13, 9.11e-11
2019-09-22, 00:01:35, 9.26e-13, 9.12e-11
2019-09-22, 00:01:39, 9.84e-13, 9.13e-11
2019-09-22, 00:01:43, 9.82e-13, 9.14e-11
2019-09-22, 00:01:48, 1e-12, 9.14e-11
2019-09-22, 00:01:52, 1e-12, 9.1e-11
2019-09-22, 00:01:56, 8.74e-13, 9.12e-11
2019-09-22, 00:02:00, 9.55e-13, 9.12e-11
2019-09-22, 00:02:05, 9.95e-13, 9.09e-11
2019-09-22, 00:02:09, 9.72e-13, 9.13e-11
2019-09-22, 00:02:13, 8.79e-13, 9.13e-11
2019-09-22, 00:02:17, 9.14e-13, 9.11e-11
2019-09-22, 00:02:21, 9.22e-13, 9.13e-11
2019-09-22, 00:02:26, 9.93e-13, 9.16e-11
2019-09-22, 00:02:30, 9.07e-13, 9.12e-11
2019-09-22, 00:02:34, 9.09e-13, 9.13e-11
2019-09-22, 00:02:38, 9.63e-13, 9.12e-11
2019-09-22, 00:02:43, 9.71e-13, 9.16e-11
2019-09-22, 00:02:47, 9.29e-13, 9.17e-11
2019-09-22, 00:02:51, 9.26e-13, 9.18e-11
2019-09-22, 00:02:55, 8.65e-13, 9.13e-11
2019-09-22, 00:02:59, 9.31e-13, 9.11e-11
2019-09-22, 00:03:04, 9.07e-13, 9.2e-11
2019-09-22, 00:03:08, 9.68e-13, 9.08e-11
2019-09-22, 00:03:12, 1.03e-12, 9.12e-11
2019-09-22, 00:03:16, 9.69e-13, 9.12e-11
2019-09-22, 00:03:21, 9.59e-13, 9.15e-11
2019-09-22, 00:03:25, 9.46e-13, 9.09e-11
2019-09-22, 00:03:29, 9.65e-13, 9.11e-11
2019-09-22, 00:03:33, 9.49e-13, 9.11e-11
2019-09-22, 00:03:37, 9.81e-13, 9.14e-11
2019-09-22, 00:03:42, 9.91e-13, 9.1e-11
2019-09-22, 00:03:46, 9.57e-13, 9.12e-11
2019-09-22, 00:03:50, 8.7e-13, 9.11e-11
2019-09-22, 00:03:54, 9.34e-13, 9.12e-11
2019-09-22, 00:03:59, 9.89e-13, 9.14e-11
2019-09-22, 00:04:03, 9.54e-13, 9.1e-11
2019-09-22, 00:04:07, 9.47e-13, 9.13e-11
2019-09-22, 00:04:11, 9.89e-13, 9.1e-11
2019-09-22, 00:04:15, 1.01e-12, 9.18e-11
2019-09-22, 00:04:20, 9.64e-13, 9.12e-11
2019-09-22, 00:04:24, 9.41e-13, 9.08e-11
2019-09-22, 00:04:28, 9.43e-13, 9.08e-11
2019-09-22, 00:04:32, 9.87e-13, 9.09e-11
2019-09-22, 00:04:37, 9.61e-13, 9.14e-11
2019-09-22, 00:04:41, 9.66e-13, 9.12e-11
2019-09-22, 00:04:45, 9.8e-13, 9.1e-11
2019-09-22, 00:04:49, 9.7e-13, 9.12e-11
2019-09-22, 00:04:53, 1.1e-12, 9.14e-11
2019-09-22, 00:04:58, 9.57e-13, 9.12e-11
2019-09-22, 00:05:02, 9.82e-13, 9.1e-11
2019-09-22, 00:05:06, 9.45e-13, 9.15e-11
2019-09-22, 00:05:10, 9.63e-13, 9.15e-11
2019-09-22, 00:05:14, 1.02e-12, 9.14e-11
2019-09-22, 00:05:19, 9.95e-13, 9.12e-11
2019-09-22, 00:05:23, 1.01e-12, 9.12e-11
2019-09-22, 00:05:27, 9.73e-13, 9.14e-11
2019-09-22, 00:05:31, 9.24e-13, 9.12e-11
2019-09-22, 00:05:36, 1.01e-12, 9.13e-11
2019-09-22, 00:05:40, 9.39e-13, 9.14e-11
2019-09-22, 00:05:44, 9.79e-13, 9.16e-11
2019-09-22, 00:05:48, 9.93e-13, 9.12e-11
2019-09-22, 00:05:52, 9.84e-13, 9.17e-11
2019-09-22, 00:05:57, 9.59e-13, 9.15e-11
2019-09-22, 00:06:01, 1.02e-12, 9.16e-11
2019-09-22, 00:06:05, 9.86e-13, 9.12e-11
2019-09-22, 00:06:09, 9.81e-13, 9.13e-11
2019-09-22, 00:06:14, 9.92e-13, 9.14e-11
2019-09-22, 00:06:18, 1.01e-12, 9.12e-11
2019-09-22, 00:06:22, 9.23e-13, 9.12e-11
2019-09-22, 00:06:26, 1.03e-12, 9.12e-11
2019-09-22, 00:06:30, 9.83e-13, 9.09e-11
2019-09-22, 00:06:35, 1.02e-12, 9.13e-11
2019-09-22, 00:06:39, 9.28e-13, 9.1e-11
2019-09-22, 00:06:43, 9.9e-13, 9.14e-11
2019-09-22, 00:06:47, 1.13e-12, 9.15e-11
2019-09-22, 00:06:52, 9.5e-13, 9.11e-11
2019-09-22, 00:06:56, 9.76e-13, 9.12e-11
2019-09-22, 00:07:00, 9.64e-13, 9.13e-11
2019-09-22, 00:07:04, 9.14e-13, 9.09e-11
2019-09-22, 00:07:08, 9.59e-13, 9.13e-11
2019-09-22, 00:07:13, 1e-12, 9.14e-11
2019-09-22, 00:07:17, 9.56e-13, 9.13e-11
2019-09-22, 00:07:21, 9.51e-13, 9.12e-11
2019-09-22, 00:07:25, 9.47e-13, 9.14e-11
2019-09-22, 00:07:30, 9.65e-13, 9.1e-11
2019-09-22, 00:07:34, 9.62e-13, 9.11e-11
2019-09-22, 00:07:38, 8.87e-13, 9.11e-11
2019-09-22, 00:07:42, 9.59e-13, 9.13e-11
2019-09-22, 00:07:46, 9.55e-13, 9.13e-11
2019-09-22, 00:07:51, 9.76e-13, 9.16e-11
2019-09-22, 00:07:55, 9.48e-13, 9.16e-11
2019-09-22, 00:07:59, 9.57e-13, 9.14e-11
2019-09-22, 00:08:03, 9.97e-13, 9.16e-11
2019-09-22, 00:08:08, 9.18e-13, 9.14e-11
2019-09-22, 00:08:12, 9.8e-13, 9.13e-11
2019-09-22, 00:08:16, 1e-12, 9.14e-11
2019-09-22, 00:08:20, 9.55e-13, 9.13e-11
2019-09-22, 00:08:24, 9.88e-13, 9.14e-11
2019-09-22, 00:08:29, 9.18e-13, 9.12e-11
2019-09-22, 00:08:33, 9.49e-13, 9.16e-11
2019-09-22, 00:08:37, 1.05e-12, 9.12e-11
2019-09-22, 00:08:41, 9.6e-13, 9.18e-11
2019-09-22, 00:08:46, 9.7e-13, 9.15e-11
2019-09-22, 00:08:50, 9.6e-13, 9.13e-11
2019-09-22, 00:08:54, 9.22e-13, 9.13e-11
2019-09-22, 00:08:58, 9.79e-13, 9.15e-11
2019-09-22, 00:09:02, 9.74e-13, 9.12e-11
2019-09-22, 00:09:07, 9.95e-13, 9.13e-11
2019-09-22, 00:09:11, 8.86e-13, 9.13e-11
2019-09-22, 00:09:15, 1.02e-12, 9.13e-11
2019-09-22, 00:09:19, 9.99e-13, 9.13e-11
2019-09-22, 00:09:24, 1.02e-12, 9.09e-11
2019-09-22, 00:09:28, 9.19e-13, 9.13e-11
2019-09-22, 00:09:32, 8.88e-13, 9.16e-11
2019-09-22, 00:09:36, 1e-12, 9.16e-11
2019-09-22, 00:09:40, 8.85e-13, 9.14e-11
2019-09-22, 00:09:45, 8.1e-13, 9.14e-11
2019-09-22, 00:09:49, 9.51e-13, 9.12e-11
2019-09-22, 00:09:53, 9.2e-13, 9.13e-11
2019-09-22, 00:09:57, 9.42e-13, 9.17e-11
2019-09-22, 00:10:01, 9.85e-13, 9.1e-11
2019-09-22, 00:10:06, 9.48e-13, 9.14e-11
2019-09-22, 00:10:10, 9.89e-13, 9.14e-11
2019-09-22, 00:10:14, 9.8e-13, 9.14e-11
2019-09-22, 00:10:18, 1e-12, 9.14e-11
2019-09-22, 00:10:23, 9.09e-13, 9.17e-11
2019-09-22, 00:10:27, 9.7e-13, 9.15e-11
2019-09-22, 00:10:31, 9.3e-13, 9.12e-11
2019-09-22, 00:10:35, 9.85e-13, 9.16e-11
2019-09-22, 00:10:39, 1.01e-12, 9.16e-11
2019-09-22, 00:10:44, 9.77e-13, 9.12e-11
2019-09-22, 00:10:48, 9.4e-13, 9.14e-11
2019-09-22, 00:10:52, 9.72e-13, 9.13e-11
2019-09-22, 00:10:56, 9.66e-13, 9.14e-11
2019-09-22, 00:11:01, 1.01e-12, 9.11e-11
2019-09-22, 00:11:05, 1.15e-12, 9.13e-11
2019-09-22, 00:11:09, 9.44e-13, 9.11e-11
2019-09-22, 00:11:13, 1.04e-12, 9.09e-11
2019-09-22, 00:11:17, 9.58e-13, 9.11e-11
2019-09-22, 00:11:22, 1e-12, 9.14e-11
2019-09-22, 00:11:26, 1.04e-12, 9.13e-11
2019-09-22, 00:11:30, 1.03e-12, 9.12e-11
2019-09-22, 00:11:34, 9.15e-13, 9.13e-11
2019-09-22, 00:11:39, 8.55e-13, 9.14e-11
2019-09-22, 00:11:43, 1e-12, 9.16e-11
2019-09-22, 00:11:47, 9.53e-13, 9.15e-11
2019-09-22, 00:11:51, 1.03e-12, 9.19e-11
2019-09-22, 00:11:55, 9.44e-13, 9.15e-11
2019-09-22, 00:12:00, 8.87e-13, 9.12e-11
2019-09-22, 00:12:04, 8.92e-13, 9.13e-11
2019-09-22, 00:12:08, 9.33e-13, 9.13e-11
2019-09-22, 00:12:12, 8.55e-13, 9.12e-11
2019-09-22, 00:12:17, 9.42e-13, 9.12e-11
2019-09-22, 00:12:21, 9.96e-13, 9.13e-11
2019-09-22, 00:12:25, 9.67e-13, 9.13e-11
2019-09-22, 00:12:29, 9.17e-13, 9.16e-11
2019-09-22, 00:12:33, 1e-12, 9.14e-11
2019-09-22, 00:12:38, 9.43e-13, 9.16e-11
2019-09-22, 00:12:42, 9.28e-13, 9.1e-11
2019-09-22, 00:12:46, 1.03e-12, 9.13e-11
2019-09-22, 00:12:50, 9.27e-13, 9.14e-11
2019-09-22, 00:12:55, 9.69e-13, 9.13e-11
2019-09-22, 00:12:59, 9.16e-13, 9.14e-11
2019-09-22, 00:13:03, 9.04e-13, 9.07e-11
2019-09-22, 00:13:07, 1.04e-12, 9.13e-11
2019-09-22, 00:13:11, 9.73e-13, 9.11e-11
2019-09-22, 00:13:16, 9.3e-13, 9.14e-11
2019-09-22, 00:13:20, 9.42e-13, 9.08e-11
2019-09-22, 00:13:24, 9.93e-13, 9.1e-11
2019-09-22, 00:13:28, 9.17e-13, 9.12e-11
2019-09-22, 00:13:33, 1e-12, 9.08e-11
2019-09-22, 00:13:37, 8.99e-13, 9.09e-11
2019-09-22, 00:13:41, 9.82e-13, 9.14e-11
2019-09-22, 00:13:45, 9.66e-13, 9.12e-11
2019-09-22, 00:13:49, 9.93e-13, 9.08e-11
2019-09-22, 00:13:54, 9.58e-13, 9.11e-11
2019-09-22, 00:13:58, 8.78e-13, 9.11e-11
2019-09-22, 00:14:02, 9.97e-13, 9.17e-11
2019-09-22, 00:14:06, 9.59e-13, 9.12e-11
2019-09-22, 00:14:11, 1e-12, 9.13e-11
2019-09-22, 00:14:15, 9.15e-13, 9.13e-11
2019-09-22, 00:14:19, 1.04e-12, 9.12e-11
2019-09-22, 00:14:23, 9.82e-13, 9.16e-11
2019-09-22, 00:14:27, 9.67e-13, 9.09e-11
2019-09-22, 00:14:32, 9.44e-13, 9.13e-11
2019-09-22, 00:14:36, 9.63e-13, 9.13e-11
2019-09-22, 00:14:40, 9.11e-13, 9.12e-11
2019-09-22, 00:14:44, 9.72e-13, 9.12e-11
2019-09-22, 00:14:48, 9.47e-13, 9.12e-11
2019-09-22, 00:14:53, 9.64e-13, 9.14e-11
2019-09-22, 00:14:57, 9.77e-13, 9.09e-11
2019-09-22, 00:15:01, 9.17e-13, 9.1e-11
2019-09-22, 00:15:05, 9.44e-13, 9.13e-11
2019-09-22, 00:15:10, 9.74e-13, 9.15e-11
2019-09-22, 00:15:14, 9.37e-13, 9.07e-11
2019-09-22, 00:15:18, 9.7e-13, 9.11e-11
2019-09-22, 00:15:22, 9.51e-13, 9.14e-11
2019-09-22, 00:15:27, 1e-12, 9.12e-11
2019-09-22, 00:15:31, 9.3e-13, 9.11e-11
2019-09-22, 00:15:35, 8.29e-13, 9.11e-11
2019-09-22, 00:15:39, 9.39e-13, 9.13e-11
2019-09-22, 00:15:43, 1.01e-12, 9.1e-11
2019-09-22, 00:15:48, 9.11e-13, 9.14e-11
2019-09-22, 00:15:52, 9.76e-13, 9.1e-11
2019-09-22, 00:15:56, 9.95e-13, 9.17e-11
2019-09-22, 00:16:00, 9.53e-13, 9.14e-11
2019-09-22, 00:16:05, 9.93e-13, 9.11e-11
2019-09-22, 00:16:09, 1.02e-12, 9.08e-11
2019-09-22, 00:16:13, 1.02e-12, 9.13e-11
2019-09-22, 00:16:17, 9.65e-13, 9.13e-11
2019-09-22, 00:16:21, 9.27e-13, 9.13e-11
2019-09-22, 00:16:26, 8.65e-13, 9.12e-11
2019-09-22, 00:16:30, 9.75e-13, 9.12e-11
2019-09-22, 00:16:34, 9.58e-13, 9.17e-11
2019-09-22, 00:16:38, 9.61e-13, 9.12e-11
2019-09-22, 00:16:43, 9.91e-13, 9.12e-11
2019-09-22, 00:16:47, 9.49e-13, 9.14e-11
2019-09-22, 00:16:51, 9.6e-13, 9.07e-11
2019-09-22, 00:16:55, 9.68e-13, 9.15e-11
2019-09-22, 00:16:59, 9.53e-13, 9.1e-11
2019-09-22, 00:17:04, 9.79e-13, 9.14e-11
2019-09-22, 00:17:08, 1.06e-12, 9.16e-11
2019-09-22, 00:17:12, 9.94e-13, 9.13e-11
2019-09-22, 00:17:16, 9.61e-13, 9.09e-11
2019-09-22, 00:17:21, 9.6e-13, 9.15e-11
2019-09-22, 00:17:25, 9.76e-13, 9.14e-11
2019-09-22, 00:17:29, 9.75e-13, 9.12e-11
2019-09-22, 00:17:33, 9.84e-13, 9.12e-11
2019-09-22, 00:17:37, 9.3e-13, 9.11e-11
2019-09-22, 00:17:42, 9.31e-13, 9.14e-11
2019-09-22, 00:17:46, 9.78e-13, 9.12e-11
2019-09-22, 00:17:50, 1e-12, 9.11e-11
2019-09-22, 00:17:54, 9.35e-13, 9.12e-11
2019-09-22, 00:17:58, 9.04e-13, 9.11e-11
2019-09-22, 00:18:03, 9.93e-13, 9.09e-11
2019-09-22, 00:18:07, 9.9e-13, 9.1e-11
2019-09-22, 00:18:11, 8.94e-13, 9.11e-11
2019-09-22, 00:18:15, 9.15e-13, 9.13e-11
2019-09-22, 00:18:20, 9.52e-13, 9.11e-11
2019-09-22, 00:18:24, 9.69e-13, 9.1e-11
2019-09-22, 00:18:28, 9.89e-13, 9.15e-11
2019-09-22, 00:18:32, 9.81e-13, 9.07e-11
2019-09-22, 00:18:36, 9.74e-13, 9.13e-11
2019-09-22, 00:18:41, 9.86e-13, 9.13e-11
2019-09-22, 00:18:45, 9.65e-13, 9.09e-11
2019-09-22, 00:18:49, 9.91e-13, 9.13e-11
2019-09-22, 00:18:53, 9.18e-13, 9.13e-11
2019-09-22, 00:18:58, 8.4e-13, 9.13e-11
2019-09-22, 00:19:02, 9.65e-13, 9.1e-11
2019-09-22, 00:19:06, 8.97e-13, 9.12e-11
2019-09-22, 00:19:10, 9.5e-13, 9.12e-11
2019-09-22, 00:19:14, 9.34e-13, 9.14e-11
2019-09-22, 00:19:19, 9.69e-13, 9.15e-11
2019-09-22, 00:19:23, 9.94e-13, 9.09e-11
2019-09-22, 00:19:27, 9.29e-13, 9.12e-11
2019-09-22, 00:19:31, 1.02e-12, 9.17e-11
2019-09-22, 00:19:36, 9.42e-13, 9.12e-11
2019-09-22, 00:19:40, 9.92e-13, 9.14e-11
2019-09-22, 00:19:44, 8.83e-13, 9.13e-11
2019-09-22, 00:19:48, 9.8e-13, 9.07e-11
2019-09-22, 00:19:52, 9.75e-13, 9.1e-11
2019-09-22, 00:19:57, 1.03e-12, 9.15e-11
2019-09-22, 00:20:01, 9.27e-13, 9.1e-11
2019-09-22, 00:20:05, 9.69e-13, 9.12e-11
2019-09-22, 00:20:09, 9.04e-13, 9.12e-11
2019-09-22, 00:20:14, 9.42e-13, 9.12e-11
2019-09-22, 00:20:18, 1.03e-12, 9.15e-11
2019-09-22, 00:20:22, 9.33e-13, 9.13e-11
2019-09-22, 00:20:26, 9.3e-13, 9.1e-11
2019-09-22, 00:20:30, 9.09e-13, 9.11e-11
2019-09-22, 00:20:35, 9.56e-13, 9.1e-11
2019-09-22, 00:20:39, 1.03e-12, 9.11e-11
2019-09-22, 00:20:43, 9.36e-13, 9.14e-11
2019-09-22, 00:20:47, 8.78e-13, 9.13e-11
2019-09-22, 00:20:52, 1e-12, 9.1e-11
2019-09-22, 00:20:56, 9.29e-13, 9.15e-11
2019-09-22, 00:21:00, 9.42e-13, 9.15e-11
2019-09-22, 00:21:04, 8.84e-13, 9.12e-11
2019-09-22, 00:21:08, 9.71e-13, 9.11e-11
2019-09-22, 00:21:13, 9.98e-13, 9.16e-11
2019-09-22, 00:21:17, 8.96e-13, 9.14e-11
2019-09-22, 00:21:21, 9.06e-13, 9.13e-11
2019-09-22, 00:21:25, 1.01e-12, 9.15e-11
2019-09-22, 00:21:29, 9.56e-13, 9.14e-11
2019-09-22, 00:21:34, 9.61e-13, 9.15e-11
2019-09-22, 00:21:38, 9.36e-13, 9.15e-11
2019-09-22, 00:21:42, 9.12e-13, 9.14e-11
2019-09-22, 00:21:46, 9.41e-13, 9.12e-11
2019-09-22, 00:21:51, 9.44e-13, 9.11e-11
2019-09-22, 00:21:55, 9.6e-13, 9.09e-11
2019-09-22, 00:21:59, 9.67e-13, 9.13e-11
2019-09-22, 00:22:03, 9.9e-13, 9.16e-11
2019-09-22, 00:22:07, 9.54e-13, 9.1e-11
2019-09-22, 00:22:12, 9.02e-13, 9.11e-11
2019-09-22, 00:22:16, 9.7e-13, 9.09e-11
2019-09-22, 00:22:20, 9.05e-13, 9.09e-11
2019-09-22, 00:22:24, 9.8e-13, 9.11e-11
2019-09-22, 00:22:29, 8.99e-13, 9.12e-11
2019-09-22, 00:22:33, 9.62e-13, 9.14e-11
2019-09-22, 00:22:37, 9.13e-13, 9.14e-11
2019-09-22, 00:22:41, 1.04e-12, 9.14e-11
2019-09-22, 00:22:45, 9.66e-13, 9.15e-11
2019-09-22, 00:22:50, 9.51e-13, 9.14e-11
2019-09-22, 00:22:54, 1.17e-12, 9.14e-11
2019-09-22, 00:22:58, 1.09e-12, 9.15e-11
2019-09-22, 00:23:02, 9.92e-13, 9.16e-11
2019-09-22, 00:23:07, 9.57e-13, 9.14e-11
2019-09-22, 00:23:11, 1.01e-12, 9.14e-11
2019-09-22, 00:23:15, 8.43e-13, 9.14e-11
2019-09-22, 00:23:19, 9.6e-13, 9.12e-11
2019-09-22, 00:23:23, 9.3e-13, 9.15e-11
2019-09-22, 00:23:28, 1.04e-12, 9.12e-11
2019-09-22, 00:23:32, 9.93e-13, 9.12e-11
2019-09-22, 00:23:36, 9.34e-13, 9.15e-11
2019-09-22, 00:23:40, 1.02e-12, 9.13e-11
2019-09-22, 00:23:45, 9.09e-13, 9.12e-11
2019-09-22, 00:23:49, 9.11e-13, 9.12e-11
2019-09-22, 00:23:53, 9.4e-13, 9.09e-11
2019-09-22, 00:23:57, 1.05e-12, 9.13e-11
2019-09-22, 00:24:01, 9.65e-13, 9.14e-11
2019-09-22, 00:24:06, 9.64e-13, 9.12e-11
2019-09-22, 00:24:10, 9.85e-13, 9.13e-11
2019-09-22, 00:24:14, 9.6e-13, 9.14e-11
2019-09-22, 00:24:18, 9.14e-13, 9.12e-11
2019-09-22, 00:24:23, 1.13e-12, 9.12e-11
2019-09-22, 00:24:27, 9.4e-13, 9.12e-11
2019-09-22, 00:24:31, 9.57e-13, 9.14e-11
2019-09-22, 00:24:35, 8.53e-13, 9.13e-11
2019-09-22, 00:24:39, 9.07e-13, 9.11e-11
2019-09-22, 00:24:44, 9.51e-13, 9.18e-11
2019-09-22, 00:24:48, 1.08e-12, 9.13e-11
2019-09-22, 00:24:52, 9.28e-13, 9.12e-11
2019-09-22, 00:24:56, 9.39e-13, 9.1e-11
2019-09-22, 00:25:00, 9.72e-13, 9.14e-11
2019-09-22, 00:25:05, 9.88e-13, 9.1e-11
2019-09-22, 00:25:09, 9.87e-13, 9.13e-11
2019-09-22, 00:25:13, 9.42e-13, 9.11e-11
2019-09-22, 00:25:17, 9.44e-13, 9.12e-11
2019-09-22, 00:25:22, 9.39e-13, 9.15e-11
2019-09-22, 00:25:26, 9.59e-13, 9.13e-11
2019-09-22, 00:25:30, 9.36e-13, 9.13e-11
2019-09-22, 00:25:34, 9.36e-13, 9.14e-11
2019-09-22, 00:25:38, 9.5e-13, 9.16e-11
2019-09-22, 00:25:43, 9.64e-13, 9.08e-11
2019-09-22, 00:25:47, 9.8e-13, 9.12e-11
2019-09-22, 00:25:51, 1.01e-12, 9.1e-11
2019-09-22, 00:25:55, 9.74e-13, 9.17e-11
2019-09-22, 00:26:00, 1.03e-12, 9.12e-11
2019-09-22, 00:26:04, 9.11e-13, 9.14e-11
2019-09-22, 00:26:08, 9.14e-13, 9.11e-11
2019-09-22, 00:26:12, 9.58e-13, 9.13e-11
2019-09-22, 00:26:16, 9.22e-13, 9.13e-11
2019-09-22, 00:26:21, 9.61e-13, 9.11e-11
2019-09-22, 00:26:25, 8.91e-13, 9.1e-11
2019-09-22, 00:26:29, 9.73e-13, 9.19e-11
2019-09-22, 00:26:33, 9.49e-13, 9.14e-11
2019-09-22, 00:26:38, 1.05e-12, 9.1e-11
2019-09-22, 00:26:42, 9.51e-13, 9.13e-11
2019-09-22, 00:26:46, 8.31e-13, 9.12e-11
2019-09-22, 00:26:50, 9.29e-13, 9.12e-11
2019-09-22, 00:26:54, 1.05e-12, 9.1e-11
2019-09-22, 00:26:59, 9.71e-13, 9.17e-11
2019-09-22, 00:27:03, 9.87e-13, 9.14e-11
2019-09-22, 00:27:07, 1.02e-12, 9.13e-11
2019-09-22, 00:27:11, 9.75e-13, 9.13e-11
2019-09-22, 00:27:16, 9.69e-13, 9.13e-11
2019-09-22, 00:27:20, 9.95e-13, 9.14e-11
2019-09-22, 00:27:24, 9.72e-13, 9.13e-11
2019-09-22, 00:27:28, 9.44e-13, 9.14e-11
2019-09-22, 00:27:32, 9.4e-13, 9.14e-11
2019-09-22, 00:27:37, 9.45e-13, 9.11e-11
2019-09-22, 00:27:41, 9.34e-13, 9.14e-11
2019-09-22, 00:27:45, 1e-12, 9.07e-11
2019-09-22, 00:27:49, 1.02e-12, 9.12e-11
2019-09-22, 00:27:54, 9.24e-13, 9.13e-11
2019-09-22, 00:27:58, 9.52e-13, 9.15e-11
2019-09-22, 00:28:02, 9.8e-13, 9.14e-11
2019-09-22, 00:28:06, 9.76e-13, 9.08e-11
2019-09-22, 00:28:10, 1e-12, 9.12e-11
2019-09-22, 00:28:15, 9.56e-13, 9.11e-11
2019-09-22, 00:28:19, 1.01e-12, 9.13e-11
2019-09-22, 00:28:23, 8.6e-13, 9.11e-11
2019-09-22, 00:28:27, 9.54e-13, 9.12e-11
2019-09-22, 00:28:32, 9.39e-13, 9.15e-11
2019-09-22, 00:28:36, 9.49e-13, 9.09e-11
2019-09-22, 00:28:40, 9.37e-13, 9.13e-11
2019-09-22, 00:28:44, 9.45e-13, 9.18e-11
2019-09-22, 00:28:48, 9.73e-13, 9.14e-11
2019-09-22, 00:28:53, 9.62e-13, 9.15e-11
2019-09-22, 00:28:57, 9.87e-13, 9.13e-11
2019-09-22, 00:29:01, 7.6e-13, 9.11e-11
2019-09-22, 00:29:05, 9.71e-13, 9.11e-11
2019-09-22, 00:29:09, 9.76e-13, 9.1e-11
2019-09-22, 00:29:14, 9.63e-13, 9.09e-11
2019-09-22, 00:29:18, 9.49e-13, 9.13e-11
2019-09-22, 00:29:22, 9.75e-13, 9.12e-11
2019-09-22, 00:29:26, 1.04e-12, 9.12e-11
2019-09-22, 00:29:31, 9.45e-13, 9.16e-11
2019-09-22, 00:29:35, 9.66e-13, 9.11e-11
2019-09-22, 00:29:39, 9.05e-13, 9.13e-11
2019-09-22, 00:29:43, 9.33e-13, 9.14e-11
2019-09-22, 00:29:47, 1e-12, 9.17e-11
2019-09-22, 00:29:52, 9.47e-13, 9.13e-11
2019-09-22, 00:29:56, 9.89e-13, 9.11e-11
2019-09-22, 00:30:00, 9.2e-13, 9.13e-11
2019-09-22, 00:30:04, 8.5e-13, 9.1e-11
2019-09-22, 00:30:09, 9e-13, 9.09e-11
2019-09-22, 00:30:13, 9.49e-13, 9.1e-11
2019-09-22, 00:30:17, 1.02e-12, 9.1e-11
2019-09-22, 00:30:21, 9.58e-13, 9.12e-11
2019-09-22, 00:30:25, 1e-12, 9.1e-11
2019-09-22, 00:30:30, 9.17e-13, 9.12e-11
2019-09-22, 00:30:34, 9.63e-13, 9.09e-11
2019-09-22, 00:30:38, 1e-12, 9.08e-11
2019-09-22, 00:30:42, 9.8e-13, 9.14e-11
2019-09-22, 00:30:47, 9.64e-13, 9.13e-11
2019-09-22, 00:30:51, 9.35e-13, 9.15e-11
2019-09-22, 00:30:55, 9.92e-13, 9.11e-11
2019-09-22, 00:30:59, 8.83e-13, 9.15e-11
2019-09-22, 00:31:03, 1.06e-12, 9.13e-11
2019-09-22, 00:31:08, 9.98e-13, 9.1e-11
2019-09-22, 00:31:12, 9.95e-13, 9.15e-11
2019-09-22, 00:31:16, 9.77e-13, 9.12e-11
2019-09-22, 00:31:20, 1.01e-12, 9.12e-11
2019-09-22, 00:31:25, 8.82e-13, 9.11e-11
2019-09-22, 00:31:29, 9.99e-13, 9.13e-11
2019-09-22, 00:31:33, 1.03e-12, 9.12e-11
2019-09-22, 00:31:37, 1.12e-12, 9.13e-11
2019-09-22, 00:31:41, 9.56e-13, 9.09e-11
2019-09-22, 00:31:46, 9.77e-13, 9.13e-11
2019-09-22, 00:31:50, 9.38e-13, 9.12e-11
2019-09-22, 00:31:54, 9.23e-13, 9.11e-11
2019-09-22, 00:31:58, 9.75e-13, 9.12e-11
2019-09-22, 00:32:03, 9.56e-13, 9.15e-11
2019-09-22, 00:32:07, 1.02e-12, 9.13e-11
2019-09-22, 00:32:11, 1.01e-12, 9.09e-11
2019-09-22, 00:32:15, 8.18e-13, 9.07e-11
2019-09-22, 00:32:19, 9.76e-13, 9.12e-11
2019-09-22, 00:32:24, 9.21e-13, 9.13e-11
2019-09-22, 00:32:28, 1.01e-12, 9.12e-11
2019-09-22, 00:32:32, 1.09e-12, 9.09e-11
2019-09-22, 00:32:36, 1e-12, 9.09e-11
2019-09-22, 00:32:40, 9.46e-13, 9.1e-11
2019-09-22, 00:32:45, 9.54e-13, 9.16e-11
2019-09-22, 00:32:49, 9.27e-13, 9.1e-11
2019-09-22, 00:32:53, 9.73e-13, 9.09e-11
2019-09-22, 00:32:57, 9.8e-13, 9.14e-11
2019-09-22, 00:33:02, 9.14e-13, 9.12e-11
2019-09-22, 00:33:06, 9.68e-13, 9.11e-11
2019-09-22, 00:33:10, 8.93e-13, 9.11e-11
2019-09-22, 00:33:14, 9.22e-13, 9.08e-11
2019-09-22, 00:33:18, 9.41e-13, 9.1e-11
2019-09-22, 00:33:23, 9.08e-13, 9.1e-11
2019-09-22, 00:33:27, 9.73e-13, 9.1e-11
2019-09-22, 00:33:31, 1.03e-12, 9.11e-11
2019-09-22, 00:33:35, 9.29e-13, 9.09e-11
2019-09-22, 00:33:40, 9.94e-13, 9.09e-11
2019-09-22, 00:33:44, 1.02e-12, 9.1e-11
2019-09-22, 00:33:48, 1.02e-12, 9.13e-11
2019-09-22, 00:33:52, 9.92e-13, 9.11e-11
2019-09-22, 00:33:56, 9.68e-13, 9.11e-11
2019-09-22, 00:34:01, 9.78e-13, 9.1e-11
2019-09-22, 00:34:05, 9.1e-13, 9.13e-11
2019-09-22, 00:34:09, 9.51e-13, 9.13e-11
2019-09-22, 00:34:13, 9.98e-13, 9.12e-11
2019-09-22, 00:34:18, 8.43e-13, 9.15e-11
2019-09-22, 00:34:22, 1.02e-12, 9.09e-11
2019-09-22, 00:34:26, 9.23e-13, 9.11e-11
2019-09-22, 00:34:30, 9.42e-13, 9.11e-11
2019-09-22, 00:34:34, 1.02e-12, 9.1e-11
2019-09-22, 00:34:39, 9.66e-13, 9.09e-11
2019-09-22, 00:34:43, 9.08e-13, 9.09e-11
2019-09-22, 00:34:47, 9.07e-13, 9.11e-11
2019-09-22, 00:34:51, 9.7e-13, 9.09e-11
2019-09-22, 00:34:56, 1.03e-12, 9.09e-11
2019-09-22, 00:35:00, 8.93e-13, 9.13e-11
2019-09-22, 00:35:04, 9.49e-13, 9.08e-11
2019-09-22, 00:35:08, 9.5e-13, 9.07e-11
2019-09-22, 00:35:12, 9.75e-13, 9.12e-11
2019-09-22, 00:35:17, 9.72e-13, 9.06e-11
2019-09-22, 00:35:21, 9.65e-13, 9.12e-11
2019-09-22, 00:35:25, 9.3e-13, 9.13e-11
2019-09-22, 00:35:29, 9.93e-13, 9.11e-11
2019-09-22, 00:35:34, 1.01e-12, 9.1e-11
2019-09-22, 00:35:38, 9.89e-13, 9.14e-11
2019-09-22, 00:35:42, 9.86e-13, 9.11e-11
2019-09-22, 00:35:46, 9.61e-13, 9.13e-11
2019-09-22, 00:35:50, 9.53e-13, 9.1e-11
2019-09-22, 00:35:55, 9.74e-13, 9.15e-11
2019-09-22, 00:35:59, 9.23e-13, 9.12e-11
2019-09-22, 00:36:03, 9.55e-13, 9.11e-11
2019-09-22, 00:36:07, 9.75e-13, 9.13e-11
2019-09-22, 00:36:11, 9.12e-13, 9.13e-11
2019-09-22, 00:36:16, 1.01e-12, 9.09e-11
2019-09-22, 00:36:20, 9.49e-13, 9.12e-11
2019-09-22, 00:36:24, 9.34e-13, 9.1e-11
2019-09-22, 00:36:28, 9.79e-13, 9.08e-11
2019-09-22, 00:36:33, 1.02e-12, 9.14e-11
2019-09-22, 00:36:37, 9.98e-13, 9.07e-11
2019-09-22, 00:36:41, 9.55e-13, 9.13e-11
2019-09-22, 00:36:45, 1.02e-12, 9.07e-11
2019-09-22, 00:36:49, 9.21e-13, 9.16e-11
2019-09-22, 00:36:54, 1.03e-12, 9.12e-11
2019-09-22, 00:36:58, 9.43e-13, 9.1e-11
2019-09-22, 00:37:02, 8.63e-13, 9.12e-11
2019-09-22, 00:37:06, 9.53e-13, 9.1e-11
2019-09-22, 00:37:11, 9.69e-13, 9.11e-11
2019-09-22, 00:37:15, 1.02e-12, 9.13e-11
2019-09-22, 00:37:19, 9.3e-13, 9.07e-11
2019-09-22, 00:37:23, 8.94e-13, 9.11e-11
2019-09-22, 00:37:27, 9.8e-13, 9.07e-11
2019-09-22, 00:37:32, 9.68e-13, 9.14e-11
2019-09-22, 00:37:36, 9.9e-13, 9.12e-11
2019-09-22, 00:37:40, 9.74e-13, 9.09e-11
2019-09-22, 00:37:45, 9.71e-13, 9.12e-11
2019-09-22, 00:37:49, 8.91e-13, 9.12e-11
2019-09-22, 00:37:53, 9.26e-13, 9.13e-11
2019-09-22, 00:37:57, 9.6e-13, 9.11e-11
2019-09-22, 00:38:01, 9.14e-13, 9.12e-11
2019-09-22, 00:38:06, 9.45e-13, 9.11e-11
2019-09-22, 00:38:10, 9.1e-13, 9.14e-11
2019-09-22, 00:38:14, 9.45e-13, 9.12e-11
2019-09-22, 00:38:18, 1.03e-12, 9.13e-11
2019-09-22, 00:38:23, 9.29e-13, 9.14e-11
2019-09-22, 00:38:27, 8.82e-13, 9.1e-11
2019-09-22, 00:38:31, 8.37e-13, 9.12e-11
2019-09-22, 00:38:35, 9.16e-13, 9.14e-11
2019-09-22, 00:38:39, 9.32e-13, 9.13e-11
2019-09-22, 00:38:44, 9.97e-13, 9.09e-11
2019-09-22, 00:38:48, 9.34e-13, 9.05e-11
2019-09-22, 00:38:52, 1e-12, 9.08e-11
2019-09-22, 00:38:56, 9.93e-13, 9.11e-11
2019-09-22, 00:39:01, 9.51e-13, 9.09e-11
2019-09-22, 00:39:05, 9.11e-13, 9.09e-11
2019-09-22, 00:39:09, 9.35e-13, 9.1e-11
2019-09-22, 00:39:13, 9.03e-13, 9.09e-11
2019-09-22, 00:39:17, 9.65e-13, 9.12e-11
2019-09-22, 00:39:22, 9.81e-13, 9.12e-11
2019-09-22, 00:39:26, 9.43e-13, 9.13e-11
2019-09-22, 00:39:30, 9.54e-13, 9.1e-11
2019-09-22, 00:39:34, 9.69e-13, 9.09e-11
2019-09-22, 00:39:39, 1.09e-12, 9.12e-11
2019-09-22, 00:39:43, 9.61e-13, 9.13e-11
2019-09-22, 00:39:47, 1.06e-12, 9.12e-11
2019-09-22, 00:39:51, 9.86e-13, 9.09e-11
2019-09-22, 00:39:55, 9.03e-13, 9.11e-11
2019-09-22, 00:40:00, 9.34e-13, 9.1e-11
2019-09-22, 00:40:04, 1.03e-12, 9.1e-11
2019-09-22, 00:40:08, 9.16e-13, 9.12e-11
2019-09-22, 00:40:12, 9.98e-13, 9.11e-11
2019-09-22, 00:40:16, 9.31e-13, 9.1e-11
2019-09-22, 00:40:21, 9.91e-13, 9.09e-11
2019-09-22, 00:40:25, 9.44e-13, 9.14e-11
2019-09-22, 00:40:29, 8.99e-13, 9.11e-11
2019-09-22, 00:40:33, 9.64e-13, 9.09e-11
2019-09-22, 00:40:38, 9.17e-13, 9.09e-11
2019-09-22, 00:40:42, 9.38e-13, 9.12e-11
2019-09-22, 00:40:46, 9.49e-13, 9.11e-11
2019-09-22, 00:40:50, 9.19e-13, 9.1e-11
2019-09-22, 00:40:54, 9.87e-13, 9.13e-11
2019-09-22, 00:40:59, 9.81e-13, 9.11e-11
2019-09-22, 00:41:03, 9.15e-13, 9.11e-11
2019-09-22, 00:41:07, 9.21e-13, 9.06e-11
2019-09-22, 00:41:11, 9.25e-13, 9.08e-11
2019-09-22, 00:41:16, 1.04e-12, 9.08e-11
2019-09-22, 00:41:20, 1.13e-12, 9.11e-11
2019-09-22, 00:41:24, 8.87e-13, 9.1e-11
2019-09-22, 00:41:28, 9.4e-13, 9.08e-11
2019-09-22, 00:41:32, 1.04e-12, 9.08e-11
2019-09-22, 00:41:37, 1.04e-12, 9.1e-11
2019-09-22, 00:41:41, 9.06e-13, 9.1e-11
2019-09-22, 00:41:45, 9.41e-13, 9.1e-11
2019-09-22, 00:41:49, 9.3e-13, 9.08e-11
2019-09-22, 00:41:54, 9.18e-13, 9.1e-11
2019-09-22, 00:41:58, 9.72e-13, 9.08e-11
2019-09-22, 00:42:02, 9.72e-13, 9.08e-11
2019-09-22, 00:42:06, 9.66e-13, 9.07e-11
2019-09-22, 00:42:10, 9.4e-13, 9.1e-11
2019-09-22, 00:42:15, 1.05e-12, 9.09e-11
2019-09-22, 00:42:19, 9.64e-13, 9.09e-11
2019-09-22, 00:42:23, 9.53e-13, 9.07e-11
2019-09-22, 00:42:27, 9.29e-13, 9.09e-11
2019-09-22, 00:42:32, 9.46e-13, 9.07e-11
2019-09-22, 00:42:36, 9.51e-13, 9.09e-11
2019-09-22, 00:42:40, 9.1e-13, 9.09e-11
2019-09-22, 00:42:44, 9.94e-13, 9.09e-11
2019-09-22, 00:42:48, 9.77e-13, 9.1e-11
2019-09-22, 00:42:53, 9.36e-13, 9.1e-11
2019-09-22, 00:42:57, 9.89e-13, 9.16e-11
2019-09-22, 00:43:01, 9.58e-13, 9.11e-11
2019-09-22, 00:43:05, 9.9e-13, 9.08e-11
2019-09-22, 00:43:10, 9.55e-13, 9.08e-11
2019-09-22, 00:43:14, 9.82e-13, 9.11e-11
2019-09-22, 00:43:18, 9.52e-13, 9.09e-11
2019-09-22, 00:43:22, 9.64e-13, 9.09e-11
2019-09-22, 00:43:26, 9.47e-13, 9.09e-11
2019-09-22, 00:43:31, 9.92e-13, 9.11e-11
2019-09-22, 00:43:35, 8.16e-13, 9.1e-11
2019-09-22, 00:43:39, 9.66e-13, 9.14e-11
2019-09-22, 00:43:43, 8.86e-13, 9.14e-11
2019-09-22, 00:43:47, 9.56e-13, 9.11e-11
2019-09-22, 00:43:52, 8.98e-13, 9.09e-11
2019-09-22, 00:43:56, 9.86e-13, 9.09e-11
2019-09-22, 00:44:00, 9.69e-13, 9.11e-11
2019-09-22, 00:44:04, 9.67e-13, 9.06e-11
2019-09-22, 00:44:09, 1.03e-12, 9.06e-11
2019-09-22, 00:44:13, 9.59e-13, 9.1e-11
2019-09-22, 00:44:17, 9.74e-13, 9.07e-11
2019-09-22, 00:44:21, 9.59e-13, 9.09e-11
2019-09-22, 00:44:25, 1.03e-12, 9.13e-11
2019-09-22, 00:44:30, 9.83e-13, 9.11e-11
2019-09-22, 00:44:34, 9.56e-13, 9.11e-11
2019-09-22, 00:44:38, 9.79e-13, 9.08e-11
2019-09-22, 00:44:42, 1.01e-12, 9.13e-11
2019-09-22, 00:44:47, 9.7e-13, 9.11e-11
2019-09-22, 00:44:51, 9.2e-13, 9.07e-11
2019-09-22, 00:44:55, 9.4e-13, 9.1e-11
2019-09-22, 00:44:59, 9.17e-13, 9.11e-11
2019-09-22, 00:45:03, 1.02e-12, 9.13e-11
2019-09-22, 00:45:08, 9.98e-13, 9.07e-11
2019-09-22, 00:45:12, 9.49e-13, 9.07e-11
2019-09-22, 00:45:16, 9.6e-13, 9.1e-11
2019-09-22, 00:45:20, 9.58e-13, 9.07e-11
2019-09-22, 00:45:25, 8.9e-13, 9.11e-11
2019-09-22, 00:45:29, 9.45e-13, 9.11e-11
2019-09-22, 00:45:33, 1.02e-12, 9.11e-11
2019-09-22, 00:45:37, 1.02e-12, 9.11e-11
2019-09-22, 00:45:41, 9.97e-13, 9.14e-11
2019-09-22, 00:45:46, 9.85e-13, 9.11e-11
2019-09-22, 00:45:50, 1.02e-12, 9.12e-11
2019-09-22, 00:45:54, 9.55e-13, 9.11e-11
2019-09-22, 00:45:58, 9.63e-13, 9.08e-11
2019-09-22, 00:46:03, 9.39e-13, 9.11e-11
2019-09-22, 00:46:07, 9.37e-13, 9.15e-11
2019-09-22, 00:46:11, 9.52e-13, 9.09e-11
2019-09-22, 00:46:15, 9.79e-13, 9.12e-11
2019-09-22, 00:46:19, 9.62e-13, 9.09e-11
2019-09-22, 00:46:24, 9.21e-13, 9.1e-11
2019-09-22, 00:46:28, 9.8e-13, 9.08e-11
2019-09-22, 00:46:32, 8.96e-13, 9.13e-11
2019-09-22, 00:46:36, 9.29e-13, 9.1e-11
2019-09-22, 00:46:41, 9.7e-13, 9.13e-11
2019-09-22, 00:46:45, 9.45e-13, 9.11e-11
2019-09-22, 00:46:49, 9.88e-13, 9.1e-11
2019-09-22, 00:46:53, 1.02e-12, 9.11e-11
2019-09-22, 00:46:57, 9.13e-13, 9.12e-11
2019-09-22, 00:47:02, 9.53e-13, 9.11e-11
2019-09-22, 00:47:06, 9.8e-13, 9.11e-11
2019-09-22, 00:47:10, 9.59e-13, 9.11e-11
2019-09-22, 00:47:14, 9.83e-13, 9.16e-11
2019-09-22, 00:47:19, 9.49e-13, 9.14e-11
2019-09-22, 00:47:23, 9.22e-13, 9.11e-11
2019-09-22, 00:47:27, 9.66e-13, 9.09e-11
2019-09-22, 00:47:31, 9.78e-13, 9.13e-11
2019-09-22, 00:47:35, 9.55e-13, 9.13e-11
2019-09-22, 00:47:40, 9.41e-13, 9.1e-11
2019-09-22, 00:47:44, 9.32e-13, 9.1e-11
2019-09-22, 00:47:48, 9.64e-13, 9.13e-11
2019-09-22, 00:47:52, 9.41e-13, 9.15e-11
2019-09-22, 00:47:57, 1.01e-12, 9.13e-11
2019-09-22, 00:48:01, 9.23e-13, 9.12e-11
2019-09-22, 00:48:05, 9.86e-13, 9.12e-11
2019-09-22, 00:48:09, 9.72e-13, 9.11e-11
2019-09-22, 00:48:13, 1.1e-12, 9.11e-11
2019-09-22, 00:48:18, 9.6e-13, 9.08e-11
2019-09-22, 00:48:22, 9.49e-13, 9.12e-11
2019-09-22, 00:48:26, 1.01e-12, 9.15e-11
2019-09-22, 00:48:30, 9.46e-13, 9.14e-11
2019-09-22, 00:48:34, 9.2e-13, 9.12e-11
2019-09-22, 00:48:39, 9.28e-13, 9.14e-11
2019-09-22, 00:48:43, 9.91e-13, 9.15e-11
2019-09-22, 00:48:47, 9.87e-13, 9.1e-11
2019-09-22, 00:48:51, 9.06e-13, 9.12e-11
2019-09-22, 00:48:56, 9.67e-13, 9.12e-11
2019-09-22, 00:49:00, 9.22e-13, 9.15e-11
2019-09-22, 00:49:04, 1.13e-12, 9.14e-11
2019-09-22, 00:49:08, 9.1e-13, 9.1e-11
2019-09-22, 00:49:12, 8.7e-13, 9.12e-11
2019-09-22, 00:49:17, 9.9e-13, 9.13e-11
2019-09-22, 00:49:21, 9.68e-13, 9.14e-11
2019-09-22, 00:49:25, 9.88e-13, 9.17e-11
2019-09-22, 00:49:29, 9.27e-13, 9.1e-11
2019-09-22, 00:49:34, 9.72e-13, 9.1e-11
2019-09-22, 00:49:38, 9.63e-13, 9.13e-11
2019-09-22, 00:49:42, 9.23e-13, 9.18e-11
2019-09-22, 00:49:46, 9.31e-13, 9.13e-11
2019-09-22, 00:49:50, 9.17e-13, 9.16e-11
2019-09-22, 00:49:55, 9.58e-13, 9.16e-11
2019-09-22, 00:49:59, 9.49e-13, 9.16e-11
2019-09-22, 00:50:03, 9.65e-13, 9.14e-11
2019-09-22, 00:50:07, 9.37e-13, 9.12e-11
2019-09-22, 00:50:12, 1e-12, 9.16e-11
2019-09-22, 00:50:16, 9.01e-13, 9.16e-11
2019-09-22, 00:50:20, 9.18e-13, 9.16e-11
2019-09-22, 00:50:24, 9.15e-13, 9.14e-11
2019-09-22, 00:50:28, 9.42e-13, 9.16e-11
2019-09-22, 00:50:33, 9.8e-13, 9.18e-11
2019-09-22, 00:50:37, 9.73e-13, 9.16e-11
2019-09-22, 00:50:41, 9.25e-13, 9.16e-11
2019-09-22, 00:50:45, 9.29e-13, 9.13e-11
2019-09-22, 00:50:50, 9.31e-13, 9.12e-11
2019-09-22, 00:50:54, 9.65e-13, 9.12e-11
2019-09-22, 00:50:58, 1.1e-12, 9.14e-11
2019-09-22, 00:51:02, 9.96e-13, 9.12e-11
2019-09-22, 00:51:06, 1.01e-12, 9.15e-11
2019-09-22, 00:51:11, 9.61e-13, 9.14e-11
2019-09-22, 00:51:15, 9.93e-13, 9.14e-11
2019-09-22, 00:51:19, 1.04e-12, 9.13e-11
2019-09-22, 00:51:23, 9.22e-13, 9.15e-11
2019-09-22, 00:51:28, 9.79e-13, 9.13e-11
2019-09-22, 00:51:32, 9.93e-13, 9.16e-11
2019-09-22, 00:51:36, 9.15e-13, 9.15e-11
2019-09-22, 00:51:40, 9.57e-13, 9.14e-11
2019-09-22, 00:51:44, 9.33e-13, 9.14e-11
2019-09-22, 00:51:49, 9.87e-13, 9.12e-11
2019-09-22, 00:51:53, 9.33e-13, 9.13e-11
2019-09-22, 00:51:57, 9.49e-13, 9.13e-11
2019-09-22, 00:52:01, 9.64e-13, 9.14e-11
2019-09-22, 00:52:05, 1e-12, 9.15e-11
2019-09-22, 00:52:10, 9.3e-13, 9.12e-11
2019-09-22, 00:52:14, 9.8e-13, 9.16e-11
2019-09-22, 00:52:18, 9.64e-13, 9.11e-11
2019-09-22, 00:52:22, 9.8e-13, 9.14e-11
2019-09-22, 00:52:27, 1.15e-12, 9.15e-11
2019-09-22, 00:52:31, 9.85e-13, 9.1e-11
2019-09-22, 00:52:35, 1.01e-12, 9.14e-11
2019-09-22, 00:52:39, 9.29e-13, 9.12e-11
2019-09-22, 00:52:44, 9.61e-13, 9.12e-11
2019-09-22, 00:52:48, 9.43e-13, 9.16e-11
2019-09-22, 00:52:52, 9.48e-13, 9.14e-11
2019-09-22, 00:52:56, 9e-13, 9.14e-11
2019-09-22, 00:53:00, 9.39e-13, 9.13e-11
2019-09-22, 00:53:05, 9.32e-13, 9.1e-11
2019-09-22, 00:53:09, 9.58e-13, 9.12e-11
2019-09-22, 00:53:13, 9.7e-13, 9.1e-11
2019-09-22, 00:53:17, 9.21e-13, 9.14e-11
2019-09-22, 00:53:22, 9.43e-13, 9.11e-11
2019-09-22, 00:53:26, 9.18e-13, 9.15e-11
2019-09-22, 00:53:30, 9.65e-13, 9.13e-11
2019-09-22, 00:53:34, 9.12e-13, 9.12e-11
2019-09-22, 00:53:38, 9.54e-13, 9.12e-11
2019-09-22, 00:53:43, 9.86e-13, 9.14e-11
2019-09-22, 00:53:47, 9.88e-13, 9.1e-11
2019-09-22, 00:53:51, 9.38e-13, 9.14e-11
2019-09-22, 00:53:55, 9.43e-13, 9.15e-11
2019-09-22, 00:53:59, 9.32e-13, 9.14e-11
2019-09-22, 00:54:04, 9.39e-13, 9.12e-11
2019-09-22, 00:54:08, 9.28e-13, 9.12e-11
2019-09-22, 00:54:12, 1e-12, 9.14e-11
2019-09-22, 00:54:16, 9.46e-13, 9.11e-11
2019-09-22, 00:54:21, 9.92e-13, 9.14e-11
2019-09-22, 00:54:25, 9.54e-13, 9.13e-11
2019-09-22, 00:54:29, 9.27e-13, 9.12e-11
2019-09-22, 00:54:33, 9.13e-13, 9.11e-11
2019-09-22, 00:54:37, 9.78e-13, 9.15e-11
2019-09-22, 00:54:42, 9.77e-13, 9.12e-11
2019-09-22, 00:54:46, 9.76e-13, 9.1e-11
2019-09-22, 00:54:50, 1.01e-12, 9.12e-11
2019-09-22, 00:54:54, 9.97e-13, 9.09e-11
2019-09-22, 00:54:59, 9.62e-13, 9.11e-11
2019-09-22, 00:55:03, 9.37e-13, 9.16e-11
2019-09-22, 00:55:07, 9.9e-13, 9.14e-11
2019-09-22, 00:55:11, 1.05e-12, 9.12e-11
2019-09-22, 00:55:15, 9.46e-13, 9.14e-11
2019-09-22, 00:55:20, 1.01e-12, 9.15e-11
2019-09-22, 00:55:24, 1.01e-12, 9.16e-11
2019-09-22, 00:55:28, 9.28e-13, 9.17e-11
2019-09-22, 00:55:32, 9.65e-13, 9.11e-11
2019-09-22, 00:55:37, 9.81e-13, 9.08e-11
2019-09-22, 00:55:41, 1.05e-12, 9.13e-11
2019-09-22, 00:55:45, 1.01e-12, 9.11e-11
2019-09-22, 00:55:49, 9.65e-13, 9.16e-11
2019-09-22, 00:55:53, 9.81e-13, 9.13e-11
2019-09-22, 00:55:58, 8.88e-13, 9.14e-11
2019-09-22, 00:56:02, 9.76e-13, 9.13e-11
2019-09-22, 00:56:06, 9.39e-13, 9.12e-11
2019-09-22, 00:56:10, 9.99e-13, 9.17e-11
2019-09-22, 00:56:15, 9.6e-13, 9.13e-11
2019-09-22, 00:56:19, 9.77e-13, 9.13e-11
2019-09-22, 00:56:23, 1.01e-12, 9.1e-11
2019-09-22, 00:56:27, 9.92e-13, 9.13e-11
2019-09-22, 00:56:31, 1.09e-12, 9.15e-11
2019-09-22, 00:56:36, 9.84e-13, 9.14e-11
2019-09-22, 00:56:40, 9.9e-13, 9.13e-11
2019-09-22, 00:56:44, 9.62e-13, 9.17e-11
2019-09-22, 00:56:48, 9.39e-13, 9.14e-11
2019-09-22, 00:56:53, 9.4e-13, 9.13e-11
2019-09-22, 00:56:57, 9.16e-13, 9.09e-11
2019-09-22, 00:57:01, 9.92e-13, 9.1e-11
2019-09-22, 00:57:05, 9.85e-13, 9.14e-11
2019-09-22, 00:57:09, 9.84e-13, 9.09e-11
2019-09-22, 00:57:14, 9.75e-13, 9.14e-11
2019-09-22, 00:57:18, 9.82e-13, 9.13e-11
2019-09-22, 00:57:22, 9.78e-13, 9.11e-11
2019-09-22, 00:57:26, 9.18e-13, 9.12e-11
2019-09-22, 00:57:31, 9.74e-13, 9.13e-11
2019-09-22, 00:57:35, 9.61e-13, 9.12e-11
2019-09-22, 00:57:39, 9.77e-13, 9.12e-11
2019-09-22, 00:57:43, 1.03e-12, 9.09e-11
2019-09-22, 00:57:47, 9.63e-13, 9.12e-11
2019-09-22, 00:57:52, 9.55e-13, 9.11e-11
2019-09-22, 00:57:56, 8.56e-13, 9.13e-11
2019-09-22, 00:58:00, 9.14e-13, 9.14e-11
2019-09-22, 00:58:04, 1.04e-12, 9.12e-11
2019-09-22, 00:58:09, 1.11e-12, 9.14e-11
2019-09-22, 00:58:13, 9.66e-13, 9.12e-11
2019-09-22, 00:58:17, 9.43e-13, 9.12e-11
2019-09-22, 00:58:21, 9.73e-13, 9.1e-11
2019-09-22, 00:58:25, 9.35e-13, 9.13e-11
2019-09-22, 00:58:30, 9.44e-13, 9.14e-11
2019-09-22, 00:58:34, 8.78e-13, 9.14e-11
2019-09-22, 00:58:38, 1.04e-12, 9.13e-11
2019-09-22, 00:58:42, 9.63e-13, 9.14e-11
2019-09-22, 00:58:47, 1e-12, 9.14e-11
2019-09-22, 00:58:51, 1.17e-12, 9.15e-11
2019-09-22, 00:58:55, 9.93e-13, 9.14e-11
2019-09-22, 00:58:59, 8.93e-13, 9.13e-11
2019-09-22, 00:59:03, 9.65e-13, 9.18e-11
2019-09-22, 00:59:08, 1.12e-12, 9.15e-11
2019-09-22, 00:59:12, 1.01e-12, 9.13e-11
2019-09-22, 00:59:16, 8.81e-13, 9.14e-11
2019-09-22, 00:59:20, 9.67e-13, 9.11e-11
2019-09-22, 00:59:24, 1.02e-12, 9.14e-11
2019-09-22, 00:59:29, 9.92e-13, 9.13e-11
2019-09-22, 00:59:33, 9.8e-13, 9.17e-11
2019-09-22, 00:59:37, 9.84e-13, 9.14e-11
2019-09-22, 00:59:41, 9.88e-13, 9.11e-11
2019-09-22, 00:59:46, 1.01e-12, 9.12e-11
2019-09-22, 00:59:50, 9.1e-13, 9.14e-11
2019-09-22, 00:59:54, 9.2e-13, 9.11e-11
2019-09-22, 00:59:58, 9.22e-13, 9.13e-11
2019-09-22, 01:00:02, 9.67e-13, 9.15e-11
2019-09-22, 01:00:07, 9.69e-13, 9.12e-11
2019-09-22, 01:00:11, 9.88e-13, 9.15e-11
2019-09-22, 01:00:15, 9.8e-13, 9.15e-11
2019-09-22, 01:00:20, 1.06e-12, 9.13e-11
2019-09-22, 01:00:25, 9.97e-13, 9.13e-11
2019-09-22, 01:00:29, 9.03e-13, 9.13e-11
2019-09-22, 01:00:36, 9.5e-13, 9.15e-11
2019-09-22, 01:00:40, 9.68e-13, 9.12e-11
2019-09-22, 01:00:47, 8.75e-13, 9.14e-11
2019-09-22, 01:00:57, 1e-12, 9.12e-11
2019-09-22, 01:01:02, 9.88e-13, 9.15e-11
2019-09-22, 01:01:06, 1.02e-12, 9.12e-11
2019-09-22, 01:01:10, 1.02e-12, 9.14e-11
2019-09-22, 01:01:14, 9.56e-13, 9.12e-11
2019-09-22, 01:01:19, 9.58e-13, 9.11e-11
2019-09-22, 01:01:23, 9.81e-13, 9.12e-11
2019-09-22, 01:01:27, 9.89e-13, 9.12e-11
2019-09-22, 01:01:31, 9.75e-13, 9.13e-11
2019-09-22, 01:01:35, 9.41e-13, 9.11e-11
2019-09-22, 01:01:40, 9.13e-13, 9.09e-11
2019-09-22, 01:01:44, 9.85e-13, 9.12e-11
2019-09-22, 01:01:55, 9.44e-13, 9.12e-11
2019-09-22, 01:01:59, 1e-12, 9.13e-11
2019-09-22, 01:02:03, 9.94e-13, 9.14e-11
2019-09-22, 01:02:07, 1.21e-12, 9.13e-11
2019-09-22, 01:02:12, 9.73e-13, 9.13e-11
2019-09-22, 01:02:16, 8.37e-13, 9.12e-11
2019-09-22, 01:02:20, 9.69e-13, 9.12e-11
2019-09-22, 01:02:24, 9.22e-13, 9.11e-11
2019-09-22, 01:02:29, 9.33e-13, 9.13e-11
2019-09-22, 01:02:33, 1.02e-12, 9.16e-11
2019-09-22, 01:02:37, 9.64e-13, 9.11e-11
2019-09-22, 01:02:41, 9.68e-13, 9.11e-11
2019-09-22, 01:02:45, 9.67e-13, 9.1e-11
2019-09-22, 01:02:50, 9.55e-13, 9.12e-11
2019-09-22, 01:02:54, 9.58e-13, 9.12e-11
2019-09-22, 01:02:58, 9.29e-13, 9.11e-11
2019-09-22, 01:03:02, 9.64e-13, 9.19e-11
2019-09-22, 01:03:07, 9.42e-13, 9.12e-11
2019-09-22, 01:03:11, 9.13e-13, 9.15e-11
2019-09-22, 01:03:15, 9.38e-13, 9.15e-11
2019-09-22, 01:03:19, 9.28e-13, 9.14e-11
2019-09-22, 01:03:23, 9.7e-13, 9.14e-11
2019-09-22, 01:03:28, 9.08e-13, 9.12e-11
2019-09-22, 01:03:32, 9.77e-13, 9.14e-11
2019-09-22, 01:03:36, 9.58e-13, 9.13e-11
2019-09-22, 01:03:40, 9.39e-13, 9.16e-11
2019-09-22, 01:03:45, 9.57e-13, 9.13e-11
2019-09-22, 01:03:49, 8.71e-13, 9.14e-11
2019-09-22, 01:03:53, 9.78e-13, 9.09e-11
2019-09-22, 01:03:57, 9.2e-13, 9.12e-11
2019-09-22, 01:04:01, 1.01e-12, 9.1e-11
2019-09-22, 01:04:06, 1.01e-12, 9.08e-11
2019-09-22, 01:04:10, 9.39e-13, 9.13e-11
2019-09-22, 01:04:14, 9.51e-13, 9.1e-11
2019-09-22, 01:04:18, 9.05e-13, 9.1e-11
2019-09-22, 01:04:23, 9.71e-13, 9.1e-11
2019-09-22, 01:04:27, 9.45e-13, 9.12e-11
2019-09-22, 01:04:31, 9.9e-13, 9.13e-11
2019-09-22, 01:04:35, 9.29e-13, 9.14e-11
2019-09-22, 01:04:39, 9.48e-13, 9.1e-11
2019-09-22, 01:04:44, 1e-12, 9.13e-11
2019-09-22, 01:04:48, 9.42e-13, 9.14e-11
2019-09-22, 01:04:52, 9.48e-13, 9.14e-11
2019-09-22, 01:04:56, 1.01e-12, 9.14e-11
2019-09-22, 01:05:01, 8.52e-13, 9.16e-11
2019-09-22, 01:05:05, 9.83e-13, 9.12e-11
2019-09-22, 01:05:09, 9.4e-13, 9.09e-11
2019-09-22, 01:05:13, 9.3e-13, 9.11e-11
2019-09-22, 01:05:17, 9.61e-13, 9.12e-11
2019-09-22, 01:05:22, 9.24e-13, 9.1e-11
2019-09-22, 01:05:26, 9.89e-13, 9.1e-11
2019-09-22, 01:05:30, 9.52e-13, 9.14e-11
2019-09-22, 01:05:34, 9.64e-13, 9.08e-11
2019-09-22, 01:05:38, 1.09e-12, 9.12e-11
2019-09-22, 01:05:43, 9.71e-13, 9.1e-11
2019-09-22, 01:05:47, 9.32e-13, 9.12e-11
2019-09-22, 01:05:51, 9.57e-13, 9.11e-11
2019-09-22, 01:05:55, 9.08e-13, 9.12e-11
2019-09-22, 01:06:00, 9.13e-13, 9.11e-11
2019-09-22, 01:06:04, 1.04e-12, 9.11e-11
2019-09-22, 01:06:08, 9.48e-13, 9.12e-11
2019-09-22, 01:06:12, 9.72e-13, 9.17e-11
2019-09-22, 01:06:16, 1.02e-12, 9.13e-11
2019-09-22, 01:06:21, 9.81e-13, 9.15e-11
2019-09-22, 01:06:25, 9.85e-13, 9.09e-11
2019-09-22, 01:06:29, 9.95e-13, 9.11e-11
2019-09-22, 01:06:33, 9.61e-13, 9.12e-11
2019-09-22, 01:06:38, 1.03e-12, 9.05e-11
2019-09-22, 01:06:42, 9.26e-13, 9.11e-11
2019-09-22, 01:06:46, 9.61e-13, 9.09e-11
2019-09-22, 01:06:50, 9.88e-13, 9.15e-11
2019-09-22, 01:06:54, 1.06e-12, 9.14e-11
2019-09-22, 01:06:59, 9.44e-13, 9.15e-11
2019-09-22, 01:07:03, 9.43e-13, 9.15e-11
2019-09-22, 01:07:07, 9.67e-13, 9.14e-11
2019-09-22, 01:07:11, 9.57e-13, 9.16e-11
2019-09-22, 01:07:16, 9.71e-13, 9.12e-11
2019-09-22, 01:07:20, 9.65e-13, 9.14e-11
2019-09-22, 01:07:24, 9.4e-13, 9.16e-11
2019-09-22, 01:07:28, 9.79e-13, 9.15e-11
2019-09-22, 01:07:32, 9.8e-13, 9.12e-11
2019-09-22, 01:07:37, 8.66e-13, 9.13e-11
2019-09-22, 01:07:41, 9.56e-13, 9.11e-11
2019-09-22, 01:07:45, 8.29e-13, 9.14e-11
2019-09-22, 01:07:49, 9.15e-13, 9.15e-11
2019-09-22, 01:07:54, 1.01e-12, 9.17e-11
2019-09-22, 01:07:58, 9.79e-13, 9.14e-11
2019-09-22, 01:08:02, 9.28e-13, 9.13e-11
2019-09-22, 01:08:06, 9.14e-13, 9.09e-11
2019-09-22, 01:08:10, 9.14e-13, 9.13e-11
2019-09-22, 01:08:15, 9.82e-13, 9.15e-11
2019-09-22, 01:08:19, 1.02e-12, 9.12e-11
2019-09-22, 01:08:23, 9.68e-13, 9.13e-11
2019-09-22, 01:08:27, 9.69e-13, 9.16e-11
2019-09-22, 01:08:32, 9.49e-13, 9.11e-11
2019-09-22, 01:08:36, 9.39e-13, 9.11e-11
2019-09-22, 01:08:40, 1e-12, 9.1e-11
2019-09-22, 01:08:44, 9.43e-13, 9.11e-11
2019-09-22, 01:08:48, 9.58e-13, 9.14e-11
2019-09-22, 01:08:53, 9.28e-13, 9.16e-11
2019-09-22, 01:08:57, 9.92e-13, 9.12e-11
2019-09-22, 01:09:01, 1.02e-12, 9.15e-11
2019-09-22, 01:09:05, 9.78e-13, 9.16e-11
2019-09-22, 01:09:09, 9.36e-13, 9.12e-11
2019-09-22, 01:09:14, 9.78e-13, 9.19e-11
2019-09-22, 01:09:18, 8.69e-13, 9.13e-11
2019-09-22, 01:09:22, 1.01e-12, 9.13e-11
2019-09-22, 01:09:26, 9.83e-13, 9.12e-11
2019-09-22, 01:09:31, 9.02e-13, 9.14e-11
2019-09-22, 01:09:35, 9.49e-13, 9.14e-11
2019-09-22, 01:09:39, 9.95e-13, 9.1e-11
2019-09-22, 01:09:43, 9.36e-13, 9.11e-11
2019-09-22, 01:09:47, 9.84e-13, 9.1e-11
2019-09-22, 01:09:52, 9.55e-13, 9.11e-11
2019-09-22, 01:09:56, 9.78e-13, 9.09e-11
2019-09-22, 01:10:00, 1.03e-12, 9.15e-11
2019-09-22, 01:10:04, 9.74e-13, 9.13e-11
2019-09-22, 01:10:09, 1.02e-12, 9.11e-11
2019-09-22, 01:10:13, 1.09e-12, 9.11e-11
2019-09-22, 01:10:17, 9.84e-13, 9.16e-11
2019-09-22, 01:10:21, 1.02e-12, 9.13e-11
2019-09-22, 01:10:25, 9.21e-13, 9.1e-11
2019-09-22, 01:10:30, 8.45e-13, 9.13e-11
2019-09-22, 01:10:34, 1e-12, 9.14e-11
2019-09-22, 01:10:38, 9.31e-13, 9.14e-11
2019-09-22, 01:10:42, 9.67e-13, 9.11e-11
2019-09-22, 01:10:47, 9.93e-13, 9.14e-11
2019-09-22, 01:10:51, 1.01e-12, 9.11e-11
2019-09-22, 01:10:55, 1.01e-12, 9.14e-11
2019-09-22, 01:10:59, 9.24e-13, 9.15e-11
2019-09-22, 01:11:03, 1.02e-12, 9.15e-11
2019-09-22, 01:11:08, 9.47e-13, 9.11e-11
2019-09-22, 01:11:12, 1.06e-12, 9.15e-11
2019-09-22, 01:11:16, 9.76e-13, 9.12e-11
2019-09-22, 01:11:20, 1e-12, 9.16e-11
2019-09-22, 01:11:25, 9.32e-13, 9.15e-11
2019-09-22, 01:11:29, 9.35e-13, 9.1e-11
2019-09-22, 01:11:33, 9.56e-13, 9.13e-11
2019-09-22, 01:11:37, 9.68e-13, 9.14e-11
2019-09-22, 01:11:41, 9.48e-13, 9.17e-11
2019-09-22, 01:11:46, 1.07e-12, 9.15e-11
2019-09-22, 01:11:50, 9.2e-13, 9.13e-11
2019-09-22, 01:11:54, 1.01e-12, 9.16e-11
2019-09-22, 01:11:58, 1.01e-12, 9.14e-11
2019-09-22, 01:12:03, 1.05e-12, 9.12e-11
2019-09-22, 01:12:07, 9.55e-13, 9.12e-11
2019-09-22, 01:12:11, 9.34e-13, 9.15e-11
2019-09-22, 01:12:15, 9.61e-13, 9.13e-11
2019-09-22, 01:12:19, 9e-13, 9.15e-11
2019-09-22, 01:12:24, 9.79e-13, 9.14e-11
2019-09-22, 01:12:28, 9.77e-13, 9.14e-11
2019-09-22, 01:12:32, 9.93e-13, 9.11e-11
2019-09-22, 01:12:36, 9.56e-13, 9.12e-11
2019-09-22, 01:12:41, 9.82e-13, 9.12e-11
2019-09-22, 01:12:45, 9.64e-13, 9.11e-11
2019-09-22, 01:12:49, 9.45e-13, 9.1e-11
2019-09-22, 01:12:53, 9.66e-13, 9.11e-11
2019-09-22, 01:12:57, 9.23e-13, 9.15e-11
2019-09-22, 01:13:02, 9.77e-13, 9.12e-11
2019-09-22, 01:13:06, 9.31e-13, 9.12e-11
2019-09-22, 01:13:10, 1.12e-12, 9.09e-11
2019-09-22, 01:13:14, 1.07e-12, 9.12e-11
2019-09-22, 01:13:19, 9.1e-13, 9.17e-11
2019-09-22, 01:13:23, 9.59e-13, 9.15e-11
2019-09-22, 01:13:27, 9.9e-13, 9.15e-11
2019-09-22, 01:13:31, 9.8e-13, 9.13e-11
2019-09-22, 01:13:35, 9.88e-13, 9.12e-11
2019-09-22, 01:13:40, 9.27e-13, 9.15e-11
2019-09-22, 01:13:44, 9.48e-13, 9.12e-11
2019-09-22, 01:13:48, 9.89e-13, 9.15e-11
2019-09-22, 01:13:52, 1.01e-12, 9.13e-11
2019-09-22, 01:13:57, 1.02e-12, 9.11e-11
2019-09-22, 01:14:01, 9.47e-13, 9.12e-11
2019-09-22, 01:14:05, 9.42e-13, 9.13e-11
2019-09-22, 01:14:10, 9.92e-13, 9.13e-11
2019-09-22, 01:14:14, 1.1e-12, 9.1e-11
2019-09-22, 01:14:18, 9.81e-13, 9.11e-11
2019-09-22, 01:14:22, 9.67e-13, 9.1e-11
2019-09-22, 01:14:27, 1.12e-12, 9.13e-11
2019-09-22, 01:14:31, 1.02e-12, 9.11e-11
2019-09-22, 01:14:35, 9.85e-13, 9.13e-11
2019-09-22, 01:14:39, 9.04e-13, 9.17e-11
2019-09-22, 01:14:43, 9.52e-13, 9.12e-11
2019-09-22, 01:14:48, 9.66e-13, 9.11e-11
2019-09-22, 01:14:52, 8.83e-13, 9.12e-11
2019-09-22, 01:14:56, 9.82e-13, 9.12e-11
2019-09-22, 01:15:00, 9.17e-13, 9.11e-11
2019-09-22, 01:15:05, 1.02e-12, 9.14e-11
2019-09-22, 01:15:09, 9.84e-13, 9.15e-11
2019-09-22, 01:15:13, 9.63e-13, 9.12e-11
2019-09-22, 01:15:17, 9.23e-13, 9.13e-11
2019-09-22, 01:15:21, 9.53e-13, 9.13e-11
2019-09-22, 01:15:26, 9.74e-13, 9.15e-11
2019-09-22, 01:15:30, 9.72e-13, 9.14e-11
2019-09-22, 01:15:34, 8.92e-13, 9.13e-11
2019-09-22, 01:15:38, 9.7e-13, 9.15e-11
2019-09-22, 01:15:42, 9.75e-13, 9.16e-11
2019-09-22, 01:15:47, 9.14e-13, 9.13e-11
2019-09-22, 01:15:51, 9.45e-13, 9.12e-11
2019-09-22, 01:15:55, 9.43e-13, 9.17e-11
2019-09-22, 01:15:59, 9.42e-13, 9.11e-11
2019-09-22, 01:16:04, 9.43e-13, 9.1e-11
2019-09-22, 01:16:08, 9e-13, 9.14e-11
2019-09-22, 01:16:12, 9.36e-13, 9.17e-11
2019-09-22, 01:16:16, 9.8e-13, 9.14e-11
2019-09-22, 01:16:20, 9.33e-13, 9.17e-11
2019-09-22, 01:16:25, 9.6e-13, 9.12e-11
2019-09-22, 01:16:29, 9.28e-13, 9.1e-11
2019-09-22, 01:16:33, 9.79e-13, 9.14e-11
2019-09-22, 01:16:37, 9.61e-13, 9.11e-11
2019-09-22, 01:16:42, 9.72e-13, 9.13e-11
2019-09-22, 01:16:46, 9.7e-13, 9.15e-11
2019-09-22, 01:16:50, 9.62e-13, 9.13e-11
2019-09-22, 01:16:54, 8.39e-13, 9.17e-11
2019-09-22, 01:16:58, 8.34e-13, 9.11e-11
2019-09-22, 01:17:03, 9.81e-13, 9.18e-11
2019-09-22, 01:17:09, 1.03e-12, 9.09e-11
2019-09-22, 01:17:13, 9.71e-13, 9.1e-11
2019-09-22, 01:17:17, 9.6e-13, 9.17e-11
2019-09-22, 01:17:21, 9.25e-13, 9.15e-11
2019-09-22, 01:17:26, 9.39e-13, 9.2e-11
2019-09-22, 01:17:30, 9.71e-13, 9.12e-11
2019-09-22, 01:17:34, 1.02e-12, 9.09e-11
2019-09-22, 01:17:38, 9.52e-13, 9.14e-11
2019-09-22, 01:17:43, 9.8e-13, 9.16e-11
2019-09-22, 01:17:47, 9.53e-13, 9.13e-11
2019-09-22, 01:17:51, 9.19e-13, 9.14e-11
2019-09-22, 01:17:55, 9.57e-13, 9.13e-11
2019-09-22, 01:17:59, 1.03e-12, 9.14e-11
2019-09-22, 01:18:04, 9.42e-13, 9.16e-11
2019-09-22, 01:18:08, 1e-12, 9.15e-11
2019-09-22, 01:18:12, 9.6e-13, 9.13e-11
2019-09-22, 01:18:16, 9.07e-13, 9.12e-11
2019-09-22, 01:18:20, 9.7e-13, 9.11e-11
2019-09-22, 01:18:25, 9.74e-13, 9.13e-11
2019-09-22, 01:18:29, 9.63e-13, 9.13e-11
2019-09-22, 01:18:33, 9.79e-13, 9.12e-11
2019-09-22, 01:18:37, 9.23e-13, 9.11e-11
2019-09-22, 01:18:42, 9.91e-13, 9.15e-11
2019-09-22, 01:18:46, 9.37e-13, 9.18e-11
2019-09-22, 01:18:50, 9.41e-13, 9.12e-11
2019-09-22, 01:18:54, 9.99e-13, 9.14e-11
2019-09-22, 01:18:58, 9.68e-13, 9.17e-11
2019-09-22, 01:19:03, 9.38e-13, 9.11e-11
2019-09-22, 01:19:07, 1.17e-12, 9.12e-11
2019-09-22, 01:19:11, 9.93e-13, 9.15e-11
2019-09-22, 01:19:15, 1.04e-12, 9.13e-11
2019-09-22, 01:19:20, 1.03e-12, 9.14e-11
2019-09-22, 01:19:24, 9.79e-13, 9.13e-11
2019-09-22, 01:19:28, 9.62e-13, 9.14e-11
2019-09-22, 01:19:32, 9.1e-13, 9.1e-11
2019-09-22, 01:19:36, 9.63e-13, 9.14e-11
2019-09-22, 01:19:41, 9.5e-13, 9.12e-11
2019-09-22, 01:19:45, 9.48e-13, 9.14e-11
2019-09-22, 01:19:49, 9.34e-13, 9.13e-11
2019-09-22, 01:19:53, 9.19e-13, 9.1e-11
2019-09-22, 01:19:58, 9.15e-13, 9.13e-11
2019-09-22, 01:20:02, 9.18e-13, 9.12e-11
2019-09-22, 01:20:06, 9.1e-13, 9.15e-11
2019-09-22, 01:20:10, 9.76e-13, 9.12e-11
2019-09-22, 01:20:14, 9.74e-13, 9.16e-11
2019-09-22, 01:20:19, 1e-12, 9.15e-11
2019-09-22, 01:20:23, 9.77e-13, 9.16e-11
2019-09-22, 01:20:27, 9.01e-13, 9.14e-11
2019-09-22, 01:20:31, 9.73e-13, 9.12e-11
2019-09-22, 01:20:36, 9.32e-13, 9.14e-11
2019-09-22, 01:20:40, 9.3e-13, 9.15e-11
2019-09-22, 01:20:44, 9.4e-13, 9.14e-11
2019-09-22, 01:20:48, 9.82e-13, 9.13e-11
2019-09-22, 01:20:52, 9.49e-13, 9.13e-11
2019-09-22, 01:20:57, 9.57e-13, 9.13e-11
2019-09-22, 01:21:01, 9.44e-13, 9.13e-11
2019-09-22, 01:21:05, 9.78e-13, 9.15e-11
2019-09-22, 01:21:09, 1.03e-12, 9.15e-11
2019-09-22, 01:21:14, 9.15e-13, 9.13e-11
2019-09-22, 01:21:18, 9.63e-13, 9.11e-11
2019-09-22, 01:21:22, 9.89e-13, 9.15e-11
2019-09-22, 01:21:26, 9.48e-13, 9.13e-11
2019-09-22, 01:21:30, 9.22e-13, 9.13e-11
2019-09-22, 01:21:35, 9.67e-13, 9.15e-11
2019-09-22, 01:21:39, 9.69e-13, 9.15e-11
2019-09-22, 01:21:43, 9.24e-13, 9.14e-11
2019-09-22, 01:21:47, 9.76e-13, 9.16e-11
2019-09-22, 01:21:51, 1.06e-12, 9.09e-11
2019-09-22, 01:21:56, 9.55e-13, 9.08e-11
2019-09-22, 01:22:00, 1.04e-12, 9.11e-11
2019-09-22, 01:22:04, 9.72e-13, 9.12e-11
2019-09-22, 01:22:08, 1e-12, 9.11e-11
2019-09-22, 01:22:13, 1.09e-12, 9.13e-11
2019-09-22, 01:22:17, 7.78e-13, 9.12e-11
2019-09-22, 01:22:21, 9.87e-13, 9.13e-11
2019-09-22, 01:22:25, 9.8e-13, 9.12e-11
2019-09-22, 01:22:29, 9.44e-13, 9.12e-11
2019-09-22, 01:22:34, 9.71e-13, 9.11e-11
2019-09-22, 01:22:38, 9.58e-13, 9.14e-11
2019-09-22, 01:22:42, 9.73e-13, 9.13e-11
2019-09-22, 01:22:46, 9.57e-13, 9.14e-11
2019-09-22, 01:22:51, 9.86e-13, 9.11e-11
2019-09-22, 01:22:55, 8.85e-13, 9.15e-11
2019-09-22, 01:22:59, 9.59e-13, 9.12e-11
2019-09-22, 01:23:03, 9.62e-13, 9.12e-11
2019-09-22, 01:23:07, 9.56e-13, 9.13e-11
2019-09-22, 01:23:12, 9.38e-13, 9.08e-11
2019-09-22, 01:23:16, 9.35e-13, 9.1e-11
2019-09-22, 01:23:20, 1.06e-12, 9.13e-11
2019-09-22, 01:23:24, 1.02e-12, 9.12e-11
2019-09-22, 01:23:29, 9.46e-13, 9.09e-11
2019-09-22, 01:23:33, 9.75e-13, 9.15e-11
2019-09-22, 01:23:37, 9.68e-13, 9.11e-11
2019-09-22, 01:23:41, 9.89e-13, 9.11e-11
2019-09-22, 01:23:45, 9.62e-13, 9.11e-11
2019-09-22, 01:23:50, 9.83e-13, 9.09e-11
2019-09-22, 01:23:54, 1.13e-12, 9.06e-11
2019-09-22, 01:23:58, 9.67e-13, 9.17e-11
2019-09-22, 01:24:02, 8.93e-13, 9.14e-11
2019-09-22, 01:24:07, 9.44e-13, 9.11e-11
2019-09-22, 01:24:11, 9.01e-13, 9.14e-11
2019-09-22, 01:24:15, 9.76e-13, 9.16e-11
2019-09-22, 01:24:19, 9.62e-13, 9.11e-11
2019-09-22, 01:24:23, 8.48e-13, 9.14e-11
2019-09-22, 01:24:28, 8.66e-13, 9.13e-11
2019-09-22, 01:24:32, 9.68e-13, 9.12e-11
2019-09-22, 01:24:36, 1.02e-12, 9.1e-11
2019-09-22, 01:24:40, 9.46e-13, 9.14e-11
2019-09-22, 01:24:45, 1.03e-12, 9.16e-11
2019-09-22, 01:24:49, 9.67e-13, 9.14e-11
2019-09-22, 01:24:54, 9.2e-13, 9.16e-11
2019-09-22, 01:24:59, 9.37e-13, 9.13e-11
2019-09-22, 01:25:03, 9.13e-13, 9.1e-11
2019-09-22, 01:25:07, 9.45e-13, 9.17e-11
2019-09-22, 01:25:11, 1.02e-12, 9.16e-11
2019-09-22, 01:25:15, 1.01e-12, 9.17e-11
2019-09-22, 01:25:20, 1.04e-12, 9.13e-11
2019-09-22, 01:25:24, 9.64e-13, 9.16e-11
2019-09-22, 01:25:28, 1e-12, 9.16e-11
2019-09-22, 01:25:32, 8.72e-13, 9.13e-11
2019-09-22, 01:25:36, 9.37e-13, 9.17e-11
2019-09-22, 01:25:41, 1e-12, 9.16e-11
2019-09-22, 01:25:45, 9.18e-13, 9.15e-11
2019-09-22, 01:25:49, 1.02e-12, 9.15e-11
2019-09-22, 01:25:53, 9.85e-13, 9.13e-11
2019-09-22, 01:25:58, 1.02e-12, 9.17e-11
2019-09-22, 01:26:02, 9.51e-13, 9.15e-11
2019-09-22, 01:26:06, 9.91e-13, 9.17e-11
2019-09-22, 01:26:10, 8.49e-13, 9.16e-11
2019-09-22, 01:26:14, 9.78e-13, 9.13e-11
2019-09-22, 01:26:19, 1e-12, 9.13e-11
2019-09-22, 01:26:23, 1.02e-12, 9.17e-11
2019-09-22, 01:26:27, 8.59e-13, 9.13e-11
2019-09-22, 01:26:31, 9.93e-13, 9.13e-11
2019-09-22, 01:26:36, 9.7e-13, 9.12e-11
2019-09-22, 01:26:40, 9.46e-13, 9.11e-11
2019-09-22, 01:26:44, 9.78e-13, 9.13e-11
2019-09-22, 01:26:48, 1e-12, 9.12e-11
2019-09-22, 01:26:52, 8.99e-13, 9.15e-11
2019-09-22, 01:26:57, 9.11e-13, 9.19e-11
2019-09-22, 01:27:01, 1.01e-12, 9.13e-11
2019-09-22, 01:27:05, 1.02e-12, 9.13e-11
2019-09-22, 01:27:09, 9.74e-13, 9.15e-11
2019-09-22, 01:27:14, 1.01e-12, 9.1e-11
2019-09-22, 01:27:18, 9.96e-13, 9.14e-11
2019-09-22, 01:27:22, 9.37e-13, 9.1e-11
2019-09-22, 01:27:26, 9.63e-13, 9.12e-11
2019-09-22, 01:27:30, 9.13e-13, 9.07e-11
2019-09-22, 01:27:35, 9.2e-13, 9.13e-11
2019-09-22, 01:27:39, 9.09e-13, 9.1e-11
2019-09-22, 01:27:43, 9.07e-13, 9.11e-11
2019-09-22, 01:27:47, 9.74e-13, 9.11e-11
2019-09-22, 01:27:52, 9.09e-13, 9.13e-11
2019-09-22, 01:27:56, 9.64e-13, 9.14e-11
2019-09-22, 01:28:00, 9.78e-13, 9.11e-11
2019-09-22, 01:28:04, 1.1e-12, 9.14e-11
2019-09-22, 01:28:08, 1.02e-12, 9.1e-11
2019-09-22, 01:28:13, 9.5e-13, 9.12e-11
2019-09-22, 01:28:17, 9.67e-13, 9.11e-11
2019-09-22, 01:28:21, 9.48e-13, 9.12e-11
2019-09-22, 01:28:25, 9.48e-13, 9.14e-11
2019-09-22, 01:28:30, 1.02e-12, 9.15e-11
2019-09-22, 01:28:34, 9.52e-13, 9.13e-11
2019-09-22, 01:28:38, 1.01e-12, 9.07e-11
2019-09-22, 01:28:42, 9.93e-13, 9.11e-11
2019-09-22, 01:28:46, 9.34e-13, 9.13e-11
2019-09-22, 01:28:51, 9.88e-13, 9.11e-11
2019-09-22, 01:28:55, 9.77e-13, 9.13e-11
2019-09-22, 01:28:59, 9.63e-13, 9.11e-11
2019-09-22, 01:29:03, 1.01e-12, 9.13e-11
2019-09-22, 01:29:08, 9.53e-13, 9.14e-11
2019-09-22, 01:29:12, 9.81e-13, 9.09e-11
2019-09-22, 01:29:16, 9.81e-13, 9.15e-11
2019-09-22, 01:29:20, 9.52e-13, 9.11e-11
2019-09-22, 01:29:24, 9.71e-13, 9.1e-11
2019-09-22, 01:29:29, 8.72e-13, 9.1e-11
2019-09-22, 01:29:33, 9.81e-13, 9.16e-11
2019-09-22, 01:29:37, 9.69e-13, 9.09e-11
2019-09-22, 01:29:41, 1.08e-12, 9.13e-11
2019-09-22, 01:29:46, 9.22e-13, 9.12e-11
2019-09-22, 01:29:50, 1.04e-12, 9.14e-11
2019-09-22, 01:29:54, 9.59e-13, 9.13e-11
2019-09-22, 01:29:58, 1.04e-12, 9.13e-11
2019-09-22, 01:30:02, 1e-12, 9.16e-11
2019-09-22, 01:30:07, 9.49e-13, 9.17e-11
2019-09-22, 01:30:11, 1.01e-12, 9.14e-11
2019-09-22, 01:30:15, 1.01e-12, 9.17e-11
2019-09-22, 01:30:19, 9.21e-13, 9.11e-11
2019-09-22, 01:30:24, 9.68e-13, 9.15e-11
2019-09-22, 01:30:28, 9.53e-13, 9.14e-11
2019-09-22, 01:30:32, 9.56e-13, 9.13e-11
2019-09-22, 01:30:36, 9.3e-13, 9.11e-11
2019-09-22, 01:30:40, 9.21e-13, 9.16e-11
2019-09-22, 01:30:45, 1.01e-12, 9.11e-11
2019-09-22, 01:30:50, 9.11e-13, 9.15e-11
2019-09-22, 01:30:54, 1.02e-12, 9.12e-11
2019-09-22, 01:30:59, 9.44e-13, 9.16e-11
2019-09-22, 01:31:03, 9.9e-13, 9.16e-11
2019-09-22, 01:31:07, 9.52e-13, 9.16e-11
2019-09-22, 01:31:11, 9.43e-13, 9.17e-11
2019-09-22, 01:31:16, 9.62e-13, 9.12e-11
2019-09-22, 01:31:20, 1.01e-12, 9.17e-11
2019-09-22, 01:31:24, 9.27e-13, 9.16e-11
2019-09-22, 01:31:28, 9.86e-13, 9.12e-11
2019-09-22, 01:31:32, 9.02e-13, 9.15e-11
2019-09-22, 01:31:37, 9.55e-13, 9.16e-11
2019-09-22, 01:31:41, 9.34e-13, 9.12e-11
2019-09-22, 01:31:45, 9.55e-13, 9.13e-11
2019-09-22, 01:31:49, 9.57e-13, 9.11e-11
2019-09-22, 01:31:53, 9.71e-13, 9.19e-11
2019-09-22, 01:31:58, 9.62e-13, 9.14e-11
2019-09-22, 01:32:02, 9.53e-13, 9.14e-11
2019-09-22, 01:32:06, 9.59e-13, 9.17e-11
2019-09-22, 01:32:10, 9.76e-13, 9.18e-11
2019-09-22, 01:32:15, 9.53e-13, 9.17e-11
2019-09-22, 01:32:19, 9.14e-13, 9.21e-11
2019-09-22, 01:32:23, 1.05e-12, 9.11e-11
2019-09-22, 01:32:27, 9.89e-13, 9.13e-11
2019-09-22, 01:32:31, 9.79e-13, 9.15e-11
2019-09-22, 01:32:36, 9.54e-13, 9.15e-11
2019-09-22, 01:32:40, 9.65e-13, 9.1e-11
2019-09-22, 01:32:44, 9.89e-13, 9.17e-11
2019-09-22, 01:32:48, 9.76e-13, 9.15e-11
2019-09-22, 01:32:53, 9.61e-13, 9.15e-11
2019-09-22, 01:32:57, 9.14e-13, 9.12e-11
2019-09-22, 01:33:01, 9.42e-13, 9.19e-11
2019-09-22, 01:33:05, 9.28e-13, 9.15e-11
2019-09-22, 01:33:09, 9.4e-13, 9.19e-11
2019-09-22, 01:33:14, 8.74e-13, 9.19e-11
2019-09-22, 01:33:18, 1.01e-12, 9.18e-11
2019-09-22, 01:33:22, 1.01e-12, 9.18e-11
2019-09-22, 01:33:26, 1.01e-12, 9.18e-11
2019-09-22, 01:33:31, 9.01e-13, 9.11e-11
2019-09-22, 01:33:35, 9.55e-13, 9.12e-11
2019-09-22, 01:33:39, 9.24e-13, 9.13e-11
2019-09-22, 01:33:43, 1.04e-12, 9.17e-11
2019-09-22, 01:33:47, 9.53e-13, 9.15e-11
2019-09-22, 01:33:52, 1.03e-12, 9.14e-11
2019-09-22, 01:33:56, 9.49e-13, 9.14e-11
2019-09-22, 01:34:00, 8.98e-13, 9.15e-11
2019-09-22, 01:34:04, 9.91e-13, 9.16e-11
2019-09-22, 01:34:09, 9.37e-13, 9.17e-11
2019-09-22, 01:34:13, 9.12e-13, 9.16e-11
2019-09-22, 01:34:17, 1.07e-12, 9.14e-11
2019-09-22, 01:34:21, 9.41e-13, 9.15e-11
2019-09-22, 01:34:25, 9.75e-13, 9.15e-11
2019-09-22, 01:34:30, 9.77e-13, 9.15e-11
2019-09-22, 01:34:34, 9.58e-13, 9.17e-11
2019-09-22, 01:34:38, 9.58e-13, 9.15e-11
2019-09-22, 01:34:42, 9.41e-13, 9.15e-11
2019-09-22, 01:34:47, 9.32e-13, 9.17e-11
2019-09-22, 01:34:51, 9.28e-13, 9.15e-11
2019-09-22, 01:34:55, 9.57e-13, 9.13e-11
2019-09-22, 01:34:59, 9.04e-13, 9.18e-11
2019-09-22, 01:35:03, 1.04e-12, 9.15e-11
2019-09-22, 01:35:08, 9.68e-13, 9.17e-11
2019-09-22, 01:35:12, 9.04e-13, 9.15e-11
2019-09-22, 01:35:16, 9.25e-13, 9.12e-11
2019-09-22, 01:35:20, 9.46e-13, 9.16e-11
2019-09-22, 01:35:25, 9.77e-13, 9.17e-11
2019-09-22, 01:35:29, 9.85e-13, 9.15e-11
2019-09-22, 01:35:33, 9.62e-13, 9.17e-11
2019-09-22, 01:35:37, 9.41e-13, 9.15e-11
2019-09-22, 01:35:41, 9.58e-13, 9.14e-11
2019-09-22, 01:35:46, 9.78e-13, 9.14e-11
2019-09-22, 01:35:50, 8.82e-13, 9.14e-11
2019-09-22, 01:35:54, 9.06e-13, 9.16e-11
2019-09-22, 01:35:58, 9.87e-13, 9.15e-11
2019-09-22, 01:36:03, 1e-12, 9.15e-11
2019-09-22, 01:36:07, 1.02e-12, 9.19e-11
2019-09-22, 01:36:11, 9.31e-13, 9.18e-11
2019-09-22, 01:36:15, 1.03e-12, 9.16e-11
2019-09-22, 01:36:19, 9.84e-13, 9.16e-11
2019-09-22, 01:36:24, 9.66e-13, 9.15e-11
2019-09-22, 01:36:28, 8.97e-13, 9.17e-11
2019-09-22, 01:36:32, 9.6e-13, 9.2e-11
2019-09-22, 01:36:36, 9.76e-13, 9.15e-11
2019-09-22, 01:36:41, 1.03e-12, 9.19e-11
2019-09-22, 01:36:45, 9.1e-13, 9.21e-11
2019-09-22, 01:36:49, 9.6e-13, 9.17e-11
2019-09-22, 01:36:53, 9.72e-13, 9.16e-11
2019-09-22, 01:36:57, 1.01e-12, 9.18e-11
2019-09-22, 01:37:02, 9.5e-13, 9.13e-11
2019-09-22, 01:37:06, 9.99e-13, 9.15e-11
2019-09-22, 01:37:10, 9.77e-13, 9.16e-11
2019-09-22, 01:37:14, 9.8e-13, 9.17e-11
2019-09-22, 01:37:19, 9.61e-13, 9.18e-11
2019-09-22, 01:37:23, 9.9e-13, 9.18e-11
2019-09-22, 01:37:27, 9.56e-13, 9.13e-11
2019-09-22, 01:37:31, 9.38e-13, 9.17e-11
2019-09-22, 01:37:35, 1.07e-12, 9.13e-11
2019-09-22, 01:37:40, 9.67e-13, 9.13e-11
2019-09-22, 01:37:44, 9.21e-13, 9.16e-11
2019-09-22, 01:37:48, 9.36e-13, 9.16e-11
2019-09-22, 01:37:52, 9.15e-13, 9.18e-11
2019-09-22, 01:37:57, 9.84e-13, 9.18e-11
2019-09-22, 01:38:01, 9.73e-13, 9.18e-11
2019-09-22, 01:38:05, 1.06e-12, 9.18e-11
2019-09-22, 01:38:09, 9.39e-13, 9.18e-11
2019-09-22, 01:38:13, 9.77e-13, 9.17e-11
2019-09-22, 01:38:18, 9.48e-13, 9.19e-11
2019-09-22, 01:38:22, 1.02e-12, 9.19e-11
2019-09-22, 01:38:26, 9.34e-13, 9.19e-11
2019-09-22, 01:38:30, 9.78e-13, 9.23e-11
2019-09-22, 01:38:34, 9.5e-13, 9.18e-11
2019-09-22, 01:38:39, 1e-12, 9.15e-11
2019-09-22, 01:38:43, 9.68e-13, 9.15e-11
2019-09-22, 01:38:47, 9.63e-13, 9.18e-11
2019-09-22, 01:38:51, 9.09e-13, 9.17e-11
2019-09-22, 01:38:56, 1.03e-12, 9.2e-11
2019-09-22, 01:39:00, 9.53e-13, 9.15e-11
2019-09-22, 01:39:04, 9.43e-13, 9.19e-11
2019-09-22, 01:39:08, 8.95e-13, 9.17e-11
2019-09-22, 01:39:12, 9.4e-13, 9.19e-11
2019-09-22, 01:39:17, 9.73e-13, 9.22e-11
2019-09-22, 01:39:21, 9.92e-13, 9.17e-11
2019-09-22, 01:39:25, 9.05e-13, 9.15e-11
2019-09-22, 01:39:29, 9.53e-13, 9.17e-11
2019-09-22, 01:39:34, 1.03e-12, 9.21e-11
2019-09-22, 01:39:38, 9.62e-13, 9.17e-11
2019-09-22, 01:39:42, 9.12e-13, 9.15e-11
2019-09-22, 01:39:46, 9.54e-13, 9.12e-11
2019-09-22, 01:39:50, 9.56e-13, 9.16e-11
2019-09-22, 01:39:55, 9.85e-13, 9.16e-11
2019-09-22, 01:39:59, 9.57e-13, 9.17e-11
2019-09-22, 01:40:03, 9.49e-13, 9.17e-11
2019-09-22, 01:40:07, 8.96e-13, 9.2e-11
2019-09-22, 01:40:12, 1e-12, 9.15e-11
2019-09-22, 01:40:16, 9.26e-13, 9.17e-11
2019-09-22, 01:40:20, 9.79e-13, 9.19e-11
2019-09-22, 01:40:24, 9.27e-13, 9.16e-11
2019-09-22, 01:40:28, 8.97e-13, 9.22e-11
2019-09-22, 01:40:33, 8.96e-13, 9.19e-11
2019-09-22, 01:40:37, 9.52e-13, 9.17e-11
2019-09-22, 01:40:41, 9.02e-13, 9.15e-11
2019-09-22, 01:40:45, 9.07e-13, 9.11e-11
2019-09-22, 01:40:50, 9.99e-13, 9.17e-11
2019-09-22, 01:40:54, 9.23e-13, 9.18e-11
2019-09-22, 01:40:58, 9.41e-13, 9.17e-11
2019-09-22, 01:41:02, 9.48e-13, 9.18e-11
2019-09-22, 01:41:06, 9.98e-13, 9.14e-11
2019-09-22, 01:41:11, 9.41e-13, 9.13e-11
2019-09-22, 01:41:15, 9.95e-13, 9.17e-11
2019-09-22, 01:41:19, 9.21e-13, 9.15e-11
2019-09-22, 01:41:23, 1.05e-12, 9.16e-11
2019-09-22, 01:41:28, 9.61e-13, 9.16e-11
2019-09-22, 01:41:32, 9.74e-13, 9.16e-11
2019-09-22, 01:41:36, 9.85e-13, 9.13e-11
2019-09-22, 01:41:40, 9.6e-13, 9.18e-11
2019-09-22, 01:41:44, 9.26e-13, 9.11e-11
2019-09-22, 01:41:49, 9.33e-13, 9.13e-11
2019-09-22, 01:41:53, 9.95e-13, 9.16e-11
2019-09-22, 01:41:57, 9.58e-13, 9.17e-11
2019-09-22, 01:42:01, 9.7e-13, 9.18e-11
2019-09-22, 01:42:06, 9.58e-13, 9.18e-11
2019-09-22, 01:42:10, 9.6e-13, 9.15e-11
2019-09-22, 01:42:14, 1.12e-12, 9.18e-11
2019-09-22, 01:42:18, 9.69e-13, 9.16e-11
2019-09-22, 01:42:22, 9.77e-13, 9.2e-11
2019-09-22, 01:42:27, 9.71e-13, 9.17e-11
2019-09-22, 01:42:31, 9.68e-13, 9.12e-11
2019-09-22, 01:42:35, 9.43e-13, 9.19e-11
2019-09-22, 01:42:39, 7.95e-13, 9.19e-11
2019-09-22, 01:42:44, 9.77e-13, 9.14e-11
2019-09-22, 01:42:48, 9.6e-13, 9.16e-11
2019-09-22, 01:42:52, 9.46e-13, 9.15e-11
2019-09-22, 01:42:56, 1e-12, 9.14e-11
2019-09-22, 01:43:01, 9.51e-13, 9.16e-11
2019-09-22, 01:43:05, 9.34e-13, 9.14e-11
2019-09-22, 01:43:09, 9.78e-13, 9.19e-11
2019-09-22, 01:43:13, 1e-12, 9.12e-11
2019-09-22, 01:43:18, 9.07e-13, 9.18e-11
2019-09-22, 01:43:22, 9.5e-13, 9.17e-11
2019-09-22, 01:43:26, 9.31e-13, 9.16e-11
2019-09-22, 01:43:30, 9.43e-13, 9.17e-11
2019-09-22, 01:43:34, 9.68e-13, 9.17e-11
2019-09-22, 01:43:39, 9.52e-13, 9.14e-11
2019-09-22, 01:43:43, 1.01e-12, 9.15e-11
2019-09-22, 01:43:47, 9.61e-13, 9.15e-11
2019-09-22, 01:43:51, 9.87e-13, 9.15e-11
2019-09-22, 01:43:56, 1.07e-12, 9.1e-11
2019-09-22, 01:44:00, 9.63e-13, 9.14e-11
2019-09-22, 01:44:04, 9.43e-13, 9.12e-11
2019-09-22, 01:44:08, 9.64e-13, 9.15e-11
2019-09-22, 01:44:12, 9.57e-13, 9.16e-11
2019-09-22, 01:44:17, 9.47e-13, 9.16e-11
2019-09-22, 01:44:21, 1.02e-12, 9.11e-11
2019-09-22, 01:44:25, 9.63e-13, 9.13e-11
2019-09-22, 01:44:29, 1.05e-12, 9.18e-11
2019-09-22, 01:44:34, 9.76e-13, 9.16e-11
2019-09-22, 01:44:38, 9.55e-13, 9.15e-11
2019-09-22, 01:44:42, 9.39e-13, 9.16e-11
2019-09-22, 01:44:46, 1.01e-12, 9.15e-11
2019-09-22, 01:44:50, 9.61e-13, 9.18e-11
2019-09-22, 01:44:55, 9.71e-13, 9.17e-11
2019-09-22, 01:44:59, 9.37e-13, 9.11e-11
2019-09-22, 01:45:03, 9.37e-13, 9.15e-11
2019-09-22, 01:45:07, 1.07e-12, 9.12e-11
2019-09-22, 01:45:11, 9.02e-13, 9.12e-11
2019-09-22, 01:45:16, 9.35e-13, 9.16e-11
2019-09-22, 01:45:20, 9.51e-13, 9.19e-11
2019-09-22, 01:45:24, 9.85e-13, 9.17e-11
2019-09-22, 01:45:28, 9.3e-13, 9.14e-11
2019-09-22, 01:45:33, 9.53e-13, 9.18e-11
2019-09-22, 01:45:37, 9.76e-13, 9.15e-11
2019-09-22, 01:45:41, 8.76e-13, 9.12e-11
2019-09-22, 01:45:45, 9.57e-13, 9.15e-11
2019-09-22, 01:45:49, 9.56e-13, 9.16e-11
2019-09-22, 01:45:54, 1.01e-12, 9.12e-11
2019-09-22, 01:45:58, 9.61e-13, 9.15e-11
2019-09-22, 01:46:02, 9.66e-13, 9.16e-11
2019-09-22, 01:46:06, 9.27e-13, 9.17e-11
2019-09-22, 01:46:11, 9.12e-13, 9.11e-11
2019-09-22, 01:46:15, 1.02e-12, 9.19e-11
2019-09-22, 01:46:19, 9.17e-13, 9.16e-11
2019-09-22, 01:46:23, 9.08e-13, 9.16e-11
2019-09-22, 01:46:27, 1.02e-12, 9.16e-11
2019-09-22, 01:46:32, 9.77e-13, 9.13e-11
2019-09-22, 01:46:36, 8.92e-13, 9.14e-11
2019-09-22, 01:46:40, 9.71e-13, 9.12e-11
2019-09-22, 01:46:44, 1.02e-12, 9.15e-11
2019-09-22, 01:46:49, 1.02e-12, 9.17e-11
2019-09-22, 01:46:53, 9.71e-13, 9.11e-11
2019-09-22, 01:46:57, 9.45e-13, 9.12e-11
2019-09-22, 01:47:01, 9.93e-13, 9.17e-11
2019-09-22, 01:47:05, 9.04e-13, 9.13e-11
2019-09-22, 01:47:10, 1.07e-12, 9.14e-11
2019-09-22, 01:47:14, 9.89e-13, 9.16e-11
2019-09-22, 01:47:18, 9.8e-13, 9.16e-11
2019-09-22, 01:47:22, 9.5e-13, 9.15e-11
2019-09-22, 01:47:27, 9.77e-13, 9.19e-11
2019-09-22, 01:47:31, 9.87e-13, 9.16e-11
2019-09-22, 01:47:35, 8.69e-13, 9.14e-11
2019-09-22, 01:47:39, 1e-12, 9.12e-11
2019-09-22, 01:47:43, 9.64e-13, 9.12e-11
2019-09-22, 01:47:48, 9.6e-13, 9.13e-11
2019-09-22, 01:47:52, 8.88e-13, 9.11e-11
2019-09-22, 01:47:56, 9.49e-13, 9.15e-11
2019-09-22, 01:48:00, 9.51e-13, 9.13e-11
2019-09-22, 01:48:05, 1.01e-12, 9.11e-11
2019-09-22, 01:48:09, 9.37e-13, 9.12e-11
2019-09-22, 01:48:13, 9.73e-13, 9.12e-11
2019-09-22, 01:48:17, 1.03e-12, 9.13e-11
2019-09-22, 01:48:21, 1.01e-12, 9.17e-11
2019-09-22, 01:48:26, 9.42e-13, 9.17e-11
2019-09-22, 01:48:30, 9.47e-13, 9.16e-11
2019-09-22, 01:48:34, 9.72e-13, 9.18e-11
2019-09-22, 01:48:38, 9.63e-13, 9.16e-11
2019-09-22, 01:48:43, 9.78e-13, 9.13e-11
2019-09-22, 01:48:47, 9.28e-13, 9.19e-11
2019-09-22, 01:48:51, 9.59e-13, 9.14e-11
2019-09-22, 01:48:55, 9.57e-13, 9.14e-11
2019-09-22, 01:48:59, 9.94e-13, 9.11e-11
2019-09-22, 01:49:04, 1e-12, 9.18e-11
2019-09-22, 01:49:08, 9.52e-13, 9.16e-11
2019-09-22, 01:49:12, 9.93e-13, 9.18e-11
2019-09-22, 01:49:16, 9.22e-13, 9.16e-11
2019-09-22, 01:49:21, 1e-12, 9.19e-11
2019-09-22, 01:49:25, 1.02e-12, 9.12e-11
2019-09-22, 01:49:29, 1.04e-12, 9.16e-11
2019-09-22, 01:49:33, 9.78e-13, 9.15e-11
2019-09-22, 01:49:37, 8.94e-13, 9.13e-11
2019-09-22, 01:49:42, 9.64e-13, 9.16e-11
2019-09-22, 01:49:46, 1.02e-12, 9.13e-11
2019-09-22, 01:49:50, 9.38e-13, 9.15e-11
2019-09-22, 01:49:54, 1.01e-12, 9.16e-11
2019-09-22, 01:49:58, 9.15e-13, 9.19e-11
2019-09-22, 01:50:03, 1.01e-12, 9.16e-11
2019-09-22, 01:50:07, 9.57e-13, 9.17e-11
2019-09-22, 01:50:11, 9.4e-13, 9.18e-11
2019-09-22, 01:50:15, 1.05e-12, 9.12e-11
2019-09-22, 01:50:20, 9.38e-13, 9.17e-11
2019-09-22, 01:50:24, 9.67e-13, 9.15e-11
2019-09-22, 01:50:28, 9.92e-13, 9.12e-11
2019-09-22, 01:50:32, 9.86e-13, 9.15e-11
2019-09-22, 01:50:37, 9.29e-13, 9.16e-11
2019-09-22, 01:50:41, 9.65e-13, 9.14e-11
2019-09-22, 01:50:45, 1.09e-12, 9.15e-11
2019-09-22, 01:50:49, 9.65e-13, 9.18e-11
2019-09-22, 01:50:53, 8.77e-13, 9.16e-11
2019-09-22, 01:50:58, 9.49e-13, 9.16e-11
2019-09-22, 01:51:02, 9.25e-13, 9.19e-11
2019-09-22, 01:51:06, 9.12e-13, 9.18e-11
2019-09-22, 01:51:10, 1.09e-12, 9.14e-11
2019-09-22, 01:51:15, 9.34e-13, 9.2e-11
2019-09-22, 01:51:19, 1.01e-12, 9.16e-11
2019-09-22, 01:51:23, 9.27e-13, 9.18e-11
2019-09-22, 01:51:27, 9.4e-13, 9.13e-11
2019-09-22, 01:51:31, 9.87e-13, 9.11e-11
2019-09-22, 01:51:36, 9.76e-13, 9.18e-11
2019-09-22, 01:51:40, 9.61e-13, 9.17e-11
2019-09-22, 01:51:44, 9.57e-13, 9.2e-11
2019-09-22, 01:51:48, 9.67e-13, 9.13e-11
2019-09-22, 01:51:53, 8.98e-13, 9.15e-11
2019-09-22, 01:51:57, 9.32e-13, 9.16e-11
2019-09-22, 01:52:01, 9.83e-13, 9.18e-11
2019-09-22, 01:52:05, 9.84e-13, 9.17e-11
2019-09-22, 01:52:09, 9.64e-13, 9.12e-11
2019-09-22, 01:52:14, 1.08e-12, 9.16e-11
2019-09-22, 01:52:18, 1.01e-12, 9.18e-11
2019-09-22, 01:52:22, 9.51e-13, 9.13e-11
2019-09-22, 01:52:26, 9.27e-13, 9.18e-11
2019-09-22, 01:52:31, 9.61e-13, 9.16e-11
2019-09-22, 01:52:35, 9.64e-13, 9.14e-11
2019-09-22, 01:52:39, 8.98e-13, 9.16e-11
2019-09-22, 01:52:43, 9.6e-13, 9.19e-11
2019-09-22, 01:52:47, 9.94e-13, 9.16e-11
2019-09-22, 01:52:52, 9.52e-13, 9.16e-11
2019-09-22, 01:52:56, 1.02e-12, 9.15e-11
2019-09-22, 01:53:00, 8.66e-13, 9.15e-11
2019-09-22, 01:53:04, 9.81e-13, 9.15e-11
2019-09-22, 01:53:09, 9.43e-13, 9.16e-11
2019-09-22, 01:53:13, 9.64e-13, 9.14e-11
2019-09-22, 01:53:17, 9.22e-13, 9.17e-11
2019-09-22, 01:53:21, 1.03e-12, 9.13e-11
2019-09-22, 01:53:25, 1e-12, 9.14e-11
2019-09-22, 01:53:30, 9.64e-13, 9.17e-11
2019-09-22, 01:53:34, 9.87e-13, 9.15e-11
2019-09-22, 01:53:38, 9.74e-13, 9.18e-11
2019-09-22, 01:53:42, 9.27e-13, 9.16e-11
2019-09-22, 01:53:47, 9.09e-13, 9.18e-11
2019-09-22, 01:53:51, 9.9e-13, 9.17e-11
2019-09-22, 01:53:55, 9.55e-13, 9.11e-11
2019-09-22, 01:53:59, 1.07e-12, 9.17e-11
2019-09-22, 01:54:03, 9.36e-13, 9.18e-11
2019-09-22, 01:54:08, 1.02e-12, 9.17e-11
2019-09-22, 01:54:12, 9.23e-13, 9.15e-11
2019-09-22, 01:54:16, 9.99e-13, 9.17e-11
2019-09-22, 01:54:20, 1e-12, 9.18e-11
2019-09-22, 01:54:24, 1.04e-12, 9.17e-11
2019-09-22, 01:54:29, 9.26e-13, 9.18e-11
2019-09-22, 01:54:33, 9.49e-13, 9.15e-11
2019-09-22, 01:54:37, 9.32e-13, 9.1e-11
2019-09-22, 01:54:41, 1.01e-12, 9.11e-11
2019-09-22, 01:54:46, 9.73e-13, 9.16e-11
2019-09-22, 01:54:50, 9.05e-13, 9.15e-11
2019-09-22, 01:54:54, 9.59e-13, 9.14e-11
2019-09-22, 01:54:58, 9.51e-13, 9.14e-11
2019-09-22, 01:55:02, 1.12e-12, 9.14e-11
2019-09-22, 01:55:07, 9.3e-13, 9.17e-11
2019-09-22, 01:55:11, 9.27e-13, 9.13e-11
2019-09-22, 01:55:15, 9.42e-13, 9.12e-11
2019-09-22, 01:55:19, 9.47e-13, 9.16e-11
2019-09-22, 01:55:24, 9.37e-13, 9.15e-11
2019-09-22, 01:55:28, 9.46e-13, 9.15e-11
2019-09-22, 01:55:32, 9.79e-13, 9.16e-11
2019-09-22, 01:55:36, 1.02e-12, 9.13e-11
2019-09-22, 01:55:40, 9.86e-13, 9.13e-11
2019-09-22, 01:55:45, 9.69e-13, 9.11e-11
2019-09-22, 01:55:49, 9.22e-13, 9.13e-11
2019-09-22, 01:55:53, 1.01e-12, 9.15e-11
2019-09-22, 01:55:57, 1.1e-12, 9.15e-11
2019-09-22, 01:56:02, 9.3e-13, 9.15e-11
2019-09-22, 01:56:06, 9.16e-13, 9.14e-11
2019-09-22, 01:56:10, 9.72e-13, 9.16e-11
2019-09-22, 01:56:14, 9.37e-13, 9.17e-11
2019-09-22, 01:56:18, 1.09e-12, 9.14e-11
2019-09-22, 01:56:23, 9.48e-13, 9.14e-11
2019-09-22, 01:56:27, 9.75e-13, 9.15e-11
2019-09-22, 01:56:31, 8.78e-13, 9.15e-11
2019-09-22, 01:56:35, 9.89e-13, 9.15e-11
2019-09-22, 01:56:40, 1.02e-12, 9.13e-11
2019-09-22, 01:56:44, 9.41e-13, 9.13e-11
2019-09-22, 01:56:48, 9.13e-13, 9.15e-11
2019-09-22, 01:56:52, 9.47e-13, 9.11e-11
2019-09-22, 01:56:56, 1.09e-12, 9.15e-11
2019-09-22, 01:57:01, 9.32e-13, 9.14e-11
2019-09-22, 01:57:05, 9.54e-13, 9.13e-11
2019-09-22, 01:57:09, 9.55e-13, 9.14e-11
2019-09-22, 01:57:14, 9.66e-13, 9.14e-11
2019-09-22, 01:57:18, 9.79e-13, 9.11e-11
2019-09-22, 01:57:22, 9.37e-13, 9.15e-11
2019-09-22, 01:57:26, 9.63e-13, 9.13e-11
2019-09-22, 01:57:30, 9.31e-13, 9.13e-11
2019-09-22, 01:57:35, 9.45e-13, 9.17e-11
2019-09-22, 01:57:39, 9.04e-13, 9.14e-11
2019-09-22, 01:57:43, 9.28e-13, 9.14e-11
2019-09-22, 01:57:47, 9.55e-13, 9.15e-11
2019-09-22, 01:57:52, 9.64e-13, 9.13e-11
2019-09-22, 01:57:56, 9.89e-13, 9.18e-11
2019-09-22, 01:58:00, 9.36e-13, 9.15e-11
2019-09-22, 01:58:04, 9.06e-13, 9.15e-11
2019-09-22, 01:58:08, 9.64e-13, 9.15e-11
2019-09-22, 01:58:13, 8.93e-13, 9.16e-11
2019-09-22, 01:58:17, 1.01e-12, 9.14e-11
2019-09-22, 01:58:21, 9.38e-13, 9.16e-11
2019-09-22, 01:58:25, 9.83e-13, 9.17e-11
2019-09-22, 01:58:29, 9.8e-13, 9.16e-11
2019-09-22, 01:58:34, 9.75e-13, 9.18e-11
2019-09-22, 01:58:38, 1.01e-12, 9.13e-11
2019-09-22, 01:58:42, 1.02e-12, 9.16e-11
2019-09-22, 01:58:46, 9.72e-13, 9.2e-11
2019-09-22, 01:58:51, 9.23e-13, 9.15e-11
2019-09-22, 01:58:55, 9.27e-13, 9.17e-11
2019-09-22, 01:58:59, 9.2e-13, 9.13e-11
2019-09-22, 01:59:03, 9.17e-13, 9.15e-11
2019-09-22, 01:59:08, 8.92e-13, 9.14e-11
2019-09-22, 01:59:12, 8.96e-13, 9.14e-11
2019-09-22, 01:59:16, 9.22e-13, 9.17e-11
2019-09-22, 01:59:20, 9.22e-13, 9.14e-11
2019-09-22, 01:59:24, 8.4e-13, 9.18e-11
2019-09-22, 01:59:29, 8.93e-13, 9.18e-11
2019-09-22, 01:59:33, 9.77e-13, 9.15e-11
2019-09-22, 01:59:37, 8.49e-13, 9.18e-11
2019-09-22, 01:59:41, 9.55e-13, 9.18e-11
2019-09-22, 01:59:46, 9.51e-13, 9.14e-11
2019-09-22, 01:59:50, 9.51e-13, 9.18e-11
2019-09-22, 01:59:54, 9.58e-13, 9.18e-11
2019-09-22, 01:59:58, 9.07e-13, 9.17e-11
2019-09-22, 02:00:02, 1.04e-12, 9.19e-11
2019-09-22, 02:00:07, 9.34e-13, 9.12e-11
2019-09-22, 02:00:11, 1.01e-12, 9.16e-11
2019-09-22, 02:00:15, 1e-12, 9.16e-11
2019-09-22, 02:00:19, 8.84e-13, 9.16e-11
2019-09-22, 02:00:24, 9.57e-13, 9.16e-11
2019-09-22, 02:00:28, 9.77e-13, 9.18e-11
2019-09-22, 02:00:32, 8.73e-13, 9.14e-11
2019-09-22, 02:00:36, 9.24e-13, 9.14e-11
2019-09-22, 02:00:40, 9.51e-13, 9.15e-11
2019-09-22, 02:00:45, 9.91e-13, 9.16e-11
2019-09-22, 02:00:49, 9.76e-13, 9.12e-11
2019-09-22, 02:00:53, 1.08e-12, 9.18e-11
2019-09-22, 02:00:57, 9.78e-13, 9.14e-11
2019-09-22, 02:01:02, 9.56e-13, 9.16e-11
2019-09-22, 02:01:06, 1.03e-12, 9.16e-11
2019-09-22, 02:01:10, 9.03e-13, 9.16e-11
2019-09-22, 02:01:14, 9.79e-13, 9.12e-11
2019-09-22, 02:01:18, 9.83e-13, 9.17e-11
2019-09-22, 02:01:23, 9.27e-13, 9.16e-11
2019-09-22, 02:01:27, 9.74e-13, 9.15e-11
2019-09-22, 02:01:31, 9.99e-13, 9.16e-11
2019-09-22, 02:01:35, 9.47e-13, 9.14e-11
2019-09-22, 02:01:40, 9.86e-13, 9.16e-11
2019-09-22, 02:01:44, 9.98e-13, 9.14e-11
2019-09-22, 02:01:48, 8.96e-13, 9.17e-11
2019-09-22, 02:01:52, 9.69e-13, 9.15e-11
2019-09-22, 02:01:56, 9.11e-13, 9.17e-11
2019-09-22, 02:02:01, 9.66e-13, 9.13e-11
2019-09-22, 02:02:05, 9.43e-13, 9.18e-11
2019-09-22, 02:02:09, 9.85e-13, 9.15e-11
2019-09-22, 02:02:13, 9.78e-13, 9.14e-11
2019-09-22, 02:02:17, 9.8e-13, 9.14e-11
2019-09-22, 02:02:22, 9.57e-13, 9.19e-11
2019-09-22, 02:02:26, 9.53e-13, 9.17e-11
2019-09-22, 02:02:30, 8.98e-13, 9.16e-11
2019-09-22, 02:02:34, 9.71e-13, 9.17e-11
2019-09-22, 02:02:39, 9.85e-13, 9.14e-11
2019-09-22, 02:02:43, 9.93e-13, 9.15e-11
2019-09-22, 02:02:47, 9.72e-13, 9.15e-11
2019-09-22, 02:02:51, 1.01e-12, 9.18e-11
2019-09-22, 02:02:55, 9.88e-13, 9.15e-11
2019-09-22, 02:03:00, 9.22e-13, 9.17e-11
2019-09-22, 02:03:04, 9.48e-13, 9.15e-11
2019-09-22, 02:03:08, 9.54e-13, 9.18e-11
2019-09-22, 02:03:12, 9.59e-13, 9.15e-11
2019-09-22, 02:03:17, 9.28e-13, 9.18e-11
2019-09-22, 02:03:21, 9.3e-13, 9.15e-11
2019-09-22, 02:03:25, 9.21e-13, 9.17e-11
2019-09-22, 02:03:29, 9.44e-13, 9.14e-11
2019-09-22, 02:03:33, 9.43e-13, 9.15e-11
2019-09-22, 02:03:38, 9.82e-13, 9.17e-11
2019-09-22, 02:03:42, 9.25e-13, 9.19e-11
2019-09-22, 02:03:46, 9.91e-13, 9.15e-11
2019-09-22, 02:03:50, 9.29e-13, 9.14e-11
2019-09-22, 02:03:55, 9.74e-13, 9.17e-11
2019-09-22, 02:03:59, 9.61e-13, 9.16e-11
2019-09-22, 02:04:03, 9.74e-13, 9.14e-11
2019-09-22, 02:04:07, 1.01e-12, 9.13e-11
2019-09-22, 02:04:11, 9.51e-13, 9.15e-11
2019-09-22, 02:04:16, 9.93e-13, 9.18e-11
2019-09-22, 02:04:20, 9.82e-13, 9.12e-11
2019-09-22, 02:04:24, 9.68e-13, 9.11e-11
2019-09-22, 02:04:28, 9.58e-13, 9.14e-11
2019-09-22, 02:04:33, 9.85e-13, 9.13e-11
2019-09-22, 02:04:37, 9.95e-13, 9.16e-11
2019-09-22, 02:04:41, 9.77e-13, 9.16e-11
2019-09-22, 02:04:45, 9.68e-13, 9.19e-11
2019-09-22, 02:04:49, 1.01e-12, 9.14e-11
2019-09-22, 02:04:54, 9.58e-13, 9.18e-11
2019-09-22, 02:04:58, 8.58e-13, 9.17e-11
2019-09-22, 02:05:02, 9.72e-13, 9.2e-11
2019-09-22, 02:05:06, 1.01e-12, 9.17e-11
2019-09-22, 02:05:11, 9.22e-13, 9.15e-11
2019-09-22, 02:05:15, 9.77e-13, 9.16e-11
2019-09-22, 02:05:19, 9.51e-13, 9.17e-11
2019-09-22, 02:05:23, 9.39e-13, 9.17e-11
2019-09-22, 02:05:27, 9.24e-13, 9.11e-11
2019-09-22, 02:05:32, 9.91e-13, 9.1e-11
2019-09-22, 02:05:36, 9.55e-13, 9.16e-11
2019-09-22, 02:05:40, 9.16e-13, 9.17e-11
2019-09-22, 02:05:44, 9.38e-13, 9.14e-11
2019-09-22, 02:05:49, 9.37e-13, 9.16e-11
2019-09-22, 02:05:53, 1.02e-12, 9.11e-11
2019-09-22, 02:05:57, 9.44e-13, 9.11e-11
2019-09-22, 02:06:01, 9.61e-13, 9.13e-11
2019-09-22, 02:06:05, 9.04e-13, 9.14e-11
2019-09-22, 02:06:10, 9.75e-13, 9.16e-11
2019-09-22, 02:06:14, 9.24e-13, 9.18e-11
2019-09-22, 02:06:18, 9.16e-13, 9.18e-11
2019-09-22, 02:06:22, 9.17e-13, 9.19e-11
2019-09-22, 02:06:27, 9.56e-13, 9.15e-11
2019-09-22, 02:06:31, 8.94e-13, 9.18e-11
2019-09-22, 02:06:35, 9.66e-13, 9.16e-11
2019-09-22, 02:06:39, 9.32e-13, 9.14e-11
2019-09-22, 02:06:43, 9.45e-13, 9.17e-11
2019-09-22, 02:06:48, 8.96e-13, 9.16e-11
2019-09-22, 02:06:52, 8.98e-13, 9.15e-11
2019-09-22, 02:06:56, 9.49e-13, 9.14e-11
2019-09-22, 02:07:00, 1.01e-12, 9.15e-11
2019-09-22, 02:07:05, 8.77e-13, 9.19e-11
2019-09-22, 02:07:09, 9.28e-13, 9.15e-11
2019-09-22, 02:07:13, 1.06e-12, 9.14e-11
2019-09-22, 02:07:17, 9.56e-13, 9.14e-11
2019-09-22, 02:07:21, 1.01e-12, 9.14e-11
2019-09-22, 02:07:26, 8.6e-13, 9.15e-11
2019-09-22, 02:07:30, 9.4e-13, 9.15e-11
2019-09-22, 02:07:34, 9.23e-13, 9.18e-11
2019-09-22, 02:07:38, 9.61e-13, 9.17e-11
2019-09-22, 02:07:42, 8.95e-13, 9.12e-11
2019-09-22, 02:07:47, 9.37e-13, 9.17e-11
2019-09-22, 02:07:51, 9.6e-13, 9.1e-11
2019-09-22, 02:07:55, 9.93e-13, 9.14e-11
2019-09-22, 02:07:59, 9.23e-13, 9.14e-11
2019-09-22, 02:08:04, 9.65e-13, 9.17e-11
2019-09-22, 02:08:08, 8.78e-13, 9.15e-11
2019-09-22, 02:08:12, 9.59e-13, 9.18e-11
2019-09-22, 02:08:16, 9.74e-13, 9.18e-11
2019-09-22, 02:08:20, 9.77e-13, 9.13e-11
2019-09-22, 02:08:25, 1.02e-12, 9.15e-11
2019-09-22, 02:08:29, 9.99e-13, 9.17e-11
2019-09-22, 02:08:33, 9.6e-13, 9.19e-11
2019-09-22, 02:08:37, 9.52e-13, 9.17e-11
2019-09-22, 02:08:42, 9.29e-13, 9.14e-11
2019-09-22, 02:08:46, 9.58e-13, 9.16e-11
2019-09-22, 02:08:50, 8.79e-13, 9.12e-11
2019-09-22, 02:08:54, 9.25e-13, 9.16e-11
2019-09-22, 02:08:58, 9.66e-13, 9.14e-11
2019-09-22, 02:09:03, 9.26e-13, 9.14e-11
2019-09-22, 02:09:07, 9.56e-13, 9.16e-11
2019-09-22, 02:09:11, 9.22e-13, 9.19e-11
2019-09-22, 02:09:15, 1.05e-12, 9.11e-11
2019-09-22, 02:09:20, 9.4e-13, 9.16e-11
2019-09-22, 02:09:24, 1.06e-12, 9.12e-11
2019-09-22, 02:09:28, 9.36e-13, 9.14e-11
2019-09-22, 02:09:32, 9.48e-13, 9.15e-11
2019-09-22, 02:09:36, 1.02e-12, 9.15e-11
2019-09-22, 02:09:41, 1.08e-12, 9.17e-11
2019-09-22, 02:09:45, 1.02e-12, 9.19e-11
2019-09-22, 02:09:49, 9.6e-13, 9.15e-11
2019-09-22, 02:09:53, 8.83e-13, 9.14e-11
2019-09-22, 02:09:58, 9.13e-13, 9.18e-11
2019-09-22, 02:10:02, 8.33e-13, 9.17e-11
2019-09-22, 02:10:06, 9.58e-13, 9.16e-11
2019-09-22, 02:10:10, 8.86e-13, 9.13e-11
2019-09-22, 02:10:14, 9.5e-13, 9.16e-11
2019-09-22, 02:10:19, 9.86e-13, 9.17e-11
2019-09-22, 02:10:23, 9.81e-13, 9.15e-11
2019-09-22, 02:10:27, 9.4e-13, 9.16e-11
2019-09-22, 02:10:31, 9.16e-13, 9.11e-11
2019-09-22, 02:10:36, 1.03e-12, 9.15e-11
2019-09-22, 02:10:40, 9.49e-13, 9.18e-11
2019-09-22, 02:10:44, 9.1e-13, 9.14e-11
2019-09-22, 02:10:48, 9.64e-13, 9.14e-11
2019-09-22, 02:10:52, 9.94e-13, 9.13e-11
2019-09-22, 02:10:57, 9.9e-13, 9.16e-11
2019-09-22, 02:11:01, 9.92e-13, 9.14e-11
2019-09-22, 02:11:05, 9.91e-13, 9.18e-11
2019-09-22, 02:11:09, 9.8e-13, 9.21e-11
2019-09-22, 02:11:14, 9.87e-13, 9.16e-11
2019-09-22, 02:11:18, 9.01e-13, 9.14e-11
2019-09-22, 02:11:22, 9.48e-13, 9.17e-11
2019-09-22, 02:11:26, 9.8e-13, 9.16e-11
2019-09-22, 02:11:30, 9.63e-13, 9.15e-11
2019-09-22, 02:11:35, 9.81e-13, 9.13e-11
2019-09-22, 02:11:39, 9.52e-13, 9.14e-11
2019-09-22, 02:11:43, 9.83e-13, 9.16e-11
2019-09-22, 02:11:47, 8.65e-13, 9.15e-11
2019-09-22, 02:11:52, 9.12e-13, 9.19e-11
2019-09-22, 02:11:56, 9.67e-13, 9.13e-11
2019-09-22, 02:12:00, 8.89e-13, 9.17e-11
2019-09-22, 02:12:04, 1.01e-12, 9.17e-11
2019-09-22, 02:12:08, 1e-12, 9.14e-11
2019-09-22, 02:12:13, 9.64e-13, 9.21e-11
2019-09-22, 02:12:17, 9.64e-13, 9.18e-11
2019-09-22, 02:12:21, 9.05e-13, 9.14e-11
2019-09-22, 02:12:25, 9.87e-13, 9.14e-11
2019-09-22, 02:12:30, 9.3e-13, 9.1e-11
2019-09-22, 02:12:34, 9.49e-13, 9.13e-11
2019-09-22, 02:12:38, 1.1e-12, 9.17e-11
2019-09-22, 02:12:42, 1.08e-12, 9.13e-11
2019-09-22, 02:12:46, 9.57e-13, 9.14e-11
2019-09-22, 02:12:51, 9.4e-13, 9.18e-11
2019-09-22, 02:12:55, 1.04e-12, 9.15e-11
2019-09-22, 02:12:59, 9.58e-13, 9.16e-11
2019-09-22, 02:13:03, 1.03e-12, 9.21e-11
2019-09-22, 02:13:08, 9.86e-13, 9.17e-11
2019-09-22, 02:13:12, 9.36e-13, 9.18e-11
2019-09-22, 02:13:16, 9.99e-13, 9.16e-11
2019-09-22, 02:13:20, 1.11e-12, 9.18e-11
2019-09-22, 02:13:24, 9.63e-13, 9.22e-11
2019-09-22, 02:13:29, 9.9e-13, 9.19e-11
2019-09-22, 02:13:33, 9.27e-13, 9.19e-11
2019-09-22, 02:13:37, 9.58e-13, 9.12e-11
2019-09-22, 02:13:41, 9.28e-13, 9.16e-11
2019-09-22, 02:13:45, 9.49e-13, 9.11e-11
2019-09-22, 02:13:50, 9.85e-13, 9.16e-11
2019-09-22, 02:13:54, 9.19e-13, 9.18e-11
2019-09-22, 02:13:58, 9.94e-13, 9.17e-11
2019-09-22, 02:14:02, 9.76e-13, 9.16e-11
2019-09-22, 02:14:07, 8.99e-13, 9.2e-11
2019-09-22, 02:14:11, 1e-12, 9.15e-11
2019-09-22, 02:14:15, 1.01e-12, 9.15e-11
2019-09-22, 02:14:19, 9.85e-13, 9.2e-11
2019-09-22, 02:14:23, 9.42e-13, 9.15e-11
2019-09-22, 02:14:28, 9.35e-13, 9.16e-11
2019-09-22, 02:14:32, 9.45e-13, 9.15e-11
2019-09-22, 02:14:36, 1.01e-12, 9.17e-11
2019-09-22, 02:14:40, 8.66e-13, 9.15e-11
2019-09-22, 02:14:45, 9.41e-13, 9.17e-11
2019-09-22, 02:14:49, 9.11e-13, 9.13e-11
2019-09-22, 02:14:53, 1.08e-12, 9.15e-11
2019-09-22, 02:14:57, 9.15e-13, 9.14e-11
2019-09-22, 02:15:01, 9.42e-13, 9.14e-11
2019-09-22, 02:15:06, 9.67e-13, 9.16e-11
2019-09-22, 02:15:10, 9.58e-13, 9.2e-11
2019-09-22, 02:15:14, 9.38e-13, 9.16e-11
2019-09-22, 02:15:18, 9.34e-13, 9.17e-11
2019-09-22, 02:15:23, 9.74e-13, 9.14e-11
2019-09-22, 02:15:27, 9.55e-13, 9.2e-11
2019-09-22, 02:15:31, 9.39e-13, 9.12e-11
2019-09-22, 02:15:35, 9.48e-13, 9.18e-11
2019-09-22, 02:15:39, 9.45e-13, 9.2e-11
2019-09-22, 02:15:44, 9.25e-13, 9.17e-11
2019-09-22, 02:15:48, 9.64e-13, 9.15e-11
2019-09-22, 02:15:52, 9.38e-13, 9.14e-11
2019-09-22, 02:15:56, 9.32e-13, 9.17e-11
2019-09-22, 02:16:01, 9.27e-13, 9.17e-11
2019-09-22, 02:16:05, 1.01e-12, 9.13e-11
2019-09-22, 02:16:09, 9.29e-13, 9.15e-11
2019-09-22, 02:16:13, 1.03e-12, 9.16e-11
2019-09-22, 02:16:17, 9.73e-13, 9.12e-11
2019-09-22, 02:16:22, 8.55e-13, 9.13e-11
2019-09-22, 02:16:26, 9.16e-13, 9.17e-11
2019-09-22, 02:16:30, 9.75e-13, 9.19e-11
2019-09-22, 02:16:34, 1.05e-12, 9.14e-11
2019-09-22, 02:16:39, 1.02e-12, 9.16e-11
2019-09-22, 02:16:43, 8.44e-13, 9.15e-11
2019-09-22, 02:16:47, 1.02e-12, 9.15e-11
2019-09-22, 02:16:51, 9.38e-13, 9.18e-11
2019-09-22, 02:16:55, 9.74e-13, 9.18e-11
2019-09-22, 02:17:00, 1.12e-12, 9.17e-11
2019-09-22, 02:17:04, 9.29e-13, 9.15e-11
2019-09-22, 02:17:08, 9.28e-13, 9.18e-11
2019-09-22, 02:17:12, 9.72e-13, 9.21e-11
2019-09-22, 02:17:17, 1.04e-12, 9.17e-11
2019-09-22, 02:17:21, 9.92e-13, 9.14e-11
2019-09-22, 02:17:25, 9.76e-13, 9.14e-11
2019-09-22, 02:17:29, 9.51e-13, 9.16e-11
2019-09-22, 02:17:34, 9.26e-13, 9.13e-11
2019-09-22, 02:17:38, 8.52e-13, 9.15e-11
2019-09-22, 02:17:42, 9.59e-13, 9.15e-11
2019-09-22, 02:17:46, 9.37e-13, 9.1e-11
2019-09-22, 02:17:50, 9.39e-13, 9.15e-11
2019-09-22, 02:17:55, 9.28e-13, 9.17e-11
2019-09-22, 02:17:59, 1.03e-12, 9.16e-11
2019-09-22, 02:18:03, 1e-12, 9.18e-11
2019-09-22, 02:18:07, 8.86e-13, 9.08e-11
2019-09-22, 02:18:12, 9.76e-13, 9.16e-11
2019-09-22, 02:18:16, 9.79e-13, 9.17e-11
2019-09-22, 02:18:20, 9.51e-13, 9.13e-11
2019-09-22, 02:18:24, 9.23e-13, 9.14e-11
2019-09-22, 02:18:28, 1.1e-12, 9.14e-11
2019-09-22, 02:18:33, 9.81e-13, 9.14e-11
2019-09-22, 02:18:37, 9.65e-13, 9.14e-11
2019-09-22, 02:18:41, 9.49e-13, 9.16e-11
2019-09-22, 02:18:45, 9.44e-13, 9.18e-11
2019-09-22, 02:18:50, 9.8e-13, 9.15e-11
2019-09-22, 02:18:54, 9.9e-13, 9.16e-11
2019-09-22, 02:18:58, 9.84e-13, 9.14e-11
2019-09-22, 02:19:02, 9.86e-13, 9.16e-11
2019-09-22, 02:19:06, 1.01e-12, 9.16e-11
2019-09-22, 02:19:11, 9.42e-13, 9.16e-11
2019-09-22, 02:19:15, 8.9e-13, 9.13e-11
2019-09-22, 02:19:19, 9.21e-13, 9.12e-11
2019-09-22, 02:19:23, 9.22e-13, 9.18e-11
2019-09-22, 02:19:28, 1.11e-12, 9.18e-11
2019-09-22, 02:19:32, 1.01e-12, 9.15e-11
2019-09-22, 02:19:36, 1e-12, 9.15e-11
2019-09-22, 02:19:40, 1.01e-12, 9.17e-11
2019-09-22, 02:19:44, 9.17e-13, 9.16e-11
2019-09-22, 02:19:49, 9.35e-13, 9.16e-11
2019-09-22, 02:19:53, 9.52e-13, 9.14e-11
2019-09-22, 02:19:57, 9.82e-13, 9.16e-11
2019-09-22, 02:20:01, 9.61e-13, 9.17e-11
2019-09-22, 02:20:06, 9.47e-13, 9.14e-11
2019-09-22, 02:20:10, 9.58e-13, 9.16e-11
2019-09-22, 02:20:14, 8.64e-13, 9.17e-11
2019-09-22, 02:20:18, 9.78e-13, 9.14e-11
2019-09-22, 02:20:22, 1.01e-12, 9.17e-11
2019-09-22, 02:20:27, 9.22e-13, 9.19e-11
2019-09-22, 02:20:31, 1.05e-12, 9.12e-11
2019-09-22, 02:20:35, 9.39e-13, 9.12e-11
2019-09-22, 02:20:39, 9.68e-13, 9.12e-11
2019-09-22, 02:20:44, 9.63e-13, 9.15e-11
2019-09-22, 02:20:48, 1.13e-12, 9.17e-11
2019-09-22, 02:20:52, 1.07e-12, 9.14e-11
2019-09-22, 02:20:56, 9.29e-13, 9.16e-11
2019-09-22, 02:21:00, 1.1e-12, 9.17e-11
2019-09-22, 02:21:05, 9.2e-13, 9.17e-11
2019-09-22, 02:21:09, 9.44e-13, 9.15e-11
2019-09-22, 02:21:13, 9.01e-13, 9.15e-11
2019-09-22, 02:21:17, 9.12e-13, 9.15e-11
2019-09-22, 02:21:22, 1e-12, 9.17e-11
2019-09-22, 02:21:26, 9.44e-13, 9.15e-11
2019-09-22, 02:21:30, 9.04e-13, 9.16e-11
2019-09-22, 02:21:34, 9.73e-13, 9.15e-11
2019-09-22, 02:21:38, 9.52e-13, 9.16e-11
2019-09-22, 02:21:43, 9.82e-13, 9.15e-11
2019-09-22, 02:21:47, 9.74e-13, 9.15e-11
2019-09-22, 02:21:51, 9.67e-13, 9.14e-11
2019-09-22, 02:21:55, 9.65e-13, 9.13e-11
2019-09-22, 02:21:59, 9.58e-13, 9.16e-11
2019-09-22, 02:22:04, 9.75e-13, 9.17e-11
2019-09-22, 02:22:08, 9.77e-13, 9.17e-11
2019-09-22, 02:22:12, 9.13e-13, 9.16e-11
2019-09-22, 02:22:16, 9.12e-13, 9.17e-11
2019-09-22, 02:22:21, 9.05e-13, 9.16e-11
2019-09-22, 02:22:25, 9.04e-13, 9.13e-11
2019-09-22, 02:22:29, 9.31e-13, 9.12e-11
2019-09-22, 02:22:33, 9.58e-13, 9.14e-11
2019-09-22, 02:22:37, 9.84e-13, 9.14e-11
2019-09-22, 02:22:42, 9.32e-13, 9.18e-11
2019-09-22, 02:22:46, 1.02e-12, 9.15e-11
2019-09-22, 02:22:50, 9.29e-13, 9.14e-11
2019-09-22, 02:22:54, 9.18e-13, 9.14e-11
2019-09-22, 02:22:59, 9.38e-13, 9.12e-11
2019-09-22, 02:23:03, 1e-12, 9.14e-11
2019-09-22, 02:23:07, 1.02e-12, 9.11e-11
2019-09-22, 02:23:11, 9.47e-13, 9.16e-11
2019-09-22, 02:23:15, 9.39e-13, 9.13e-11
2019-09-22, 02:23:20, 9.92e-13, 9.14e-11
2019-09-22, 02:23:24, 9.64e-13, 9.13e-11
2019-09-22, 02:23:28, 8.28e-13, 9.14e-11
2019-09-22, 02:23:32, 9.62e-13, 9.18e-11
2019-09-22, 02:23:37, 9.5e-13, 9.15e-11
2019-09-22, 02:23:41, 9.37e-13, 9.15e-11
2019-09-22, 02:23:45, 9.94e-13, 9.15e-11
2019-09-22, 02:23:49, 9.59e-13, 9.13e-11
2019-09-22, 02:23:53, 9.56e-13, 9.16e-11
2019-09-22, 02:23:58, 1.01e-12, 9.17e-11
2019-09-22, 02:24:02, 9.66e-13, 9.16e-11
2019-09-22, 02:24:06, 9.91e-13, 9.14e-11
2019-09-22, 02:24:10, 9.59e-13, 9.15e-11
2019-09-22, 02:24:15, 9.08e-13, 9.18e-11
2019-09-22, 02:24:19, 9.48e-13, 9.18e-11
2019-09-22, 02:24:23, 9.44e-13, 9.13e-11
2019-09-22, 02:24:27, 9.29e-13, 9.12e-11
2019-09-22, 02:24:31, 9.65e-13, 9.17e-11
2019-09-22, 02:24:36, 9.46e-13, 9.12e-11
2019-09-22, 02:24:40, 9.71e-13, 9.13e-11
2019-09-22, 02:24:44, 8.37e-13, 9.13e-11
2019-09-22, 02:24:48, 9.64e-13, 9.16e-11
2019-09-22, 02:24:53, 9.28e-13, 9.15e-11
2019-09-22, 02:24:57, 9.45e-13, 9.18e-11
2019-09-22, 02:25:01, 9.62e-13, 9.15e-11
2019-09-22, 02:25:05, 9.48e-13, 9.12e-11
2019-09-22, 02:25:09, 1e-12, 9.14e-11
2019-09-22, 02:25:14, 1e-12, 9.17e-11
2019-09-22, 02:25:18, 9.76e-13, 9.12e-11
2019-09-22, 02:25:22, 9.02e-13, 9.13e-11
2019-09-22, 02:25:26, 8.77e-13, 9.14e-11
2019-09-22, 02:25:31, 9.51e-13, 9.12e-11
2019-09-22, 02:25:35, 9.64e-13, 9.15e-11
2019-09-22, 02:25:39, 9.55e-13, 9.14e-11
2019-09-22, 02:25:43, 9.61e-13, 9.15e-11
2019-09-22, 02:25:47, 9.69e-13, 9.13e-11
2019-09-22, 02:25:52, 9.61e-13, 9.13e-11
2019-09-22, 02:25:56, 9.9e-13, 9.17e-11
2019-09-22, 02:26:00, 9.68e-13, 9.14e-11
2019-09-22, 02:26:04, 9.13e-13, 9.15e-11
2019-09-22, 02:26:09, 9.37e-13, 9.16e-11
2019-09-22, 02:26:13, 9.13e-13, 9.16e-11
2019-09-22, 02:26:17, 9.35e-13, 9.13e-11
2019-09-22, 02:26:21, 9.56e-13, 9.15e-11
2019-09-22, 02:26:25, 9.66e-13, 9.17e-11
2019-09-22, 02:26:30, 8.86e-13, 9.15e-11
2019-09-22, 02:26:34, 9.12e-13, 9.15e-11
2019-09-22, 02:26:38, 9.63e-13, 9.15e-11
2019-09-22, 02:26:42, 9.84e-13, 9.14e-11
2019-09-22, 02:26:47, 9.2e-13, 9.17e-11
2019-09-22, 02:26:51, 9.4e-13, 9.13e-11
2019-09-22, 02:26:55, 9.47e-13, 9.14e-11
2019-09-22, 02:26:59, 9.38e-13, 9.11e-11
2019-09-22, 02:27:03, 9.26e-13, 9.13e-11
2019-09-22, 02:27:08, 9.39e-13, 9.1e-11
2019-09-22, 02:27:12, 9e-13, 9.1e-11
2019-09-22, 02:27:16, 9.7e-13, 9.11e-11
2019-09-22, 02:27:20, 9.64e-13, 9.14e-11
2019-09-22, 02:27:25, 9.89e-13, 9.16e-11
2019-09-22, 02:27:29, 9.54e-13, 9.16e-11
2019-09-22, 02:27:33, 9.76e-13, 9.15e-11
2019-09-22, 02:27:37, 9.59e-13, 9.12e-11
2019-09-22, 02:27:41, 9.33e-13, 9.16e-11
2019-09-22, 02:27:46, 8.51e-13, 9.1e-11
2019-09-22, 02:27:50, 9.19e-13, 9.18e-11
2019-09-22, 02:27:54, 9.14e-13, 9.17e-11
2019-09-22, 02:27:58, 1.01e-12, 9.13e-11
2019-09-22, 02:28:03, 9.82e-13, 9.13e-11
2019-09-22, 02:28:07, 9.98e-13, 9.15e-11
2019-09-22, 02:28:11, 9.48e-13, 9.18e-11
2019-09-22, 02:28:15, 1.02e-12, 9.14e-11
2019-09-22, 02:28:19, 9.96e-13, 9.13e-11
2019-09-22, 02:28:24, 9.22e-13, 9.12e-11
2019-09-22, 02:28:28, 9.63e-13, 9.16e-11
2019-09-22, 02:28:32, 9.18e-13, 9.13e-11
2019-09-22, 02:28:36, 9.45e-13, 9.11e-11
2019-09-22, 02:28:41, 9.85e-13, 9.12e-11
2019-09-22, 02:28:45, 9.93e-13, 9.13e-11
2019-09-22, 02:28:49, 9.54e-13, 9.16e-11
2019-09-22, 02:28:58, 9.9e-13, 9.12e-11
2019-09-22, 02:29:02, 9.6e-13, 9.12e-11
2019-09-22, 02:29:06, 9.25e-13, 9.13e-11
2019-09-22, 02:29:11, 9.98e-13, 9.12e-11
2019-09-22, 02:29:15, 1.01e-12, 9.14e-11
2019-09-22, 02:29:19, 9.54e-13, 9.1e-11
2019-09-22, 02:29:23, 9.16e-13, 9.14e-11
2019-09-22, 02:29:27, 9.4e-13, 9.14e-11
2019-09-22, 02:29:32, 9.85e-13, 9.1e-11
2019-09-22, 02:29:36, 1.02e-12, 9.15e-11
2019-09-22, 02:29:40, 1.06e-12, 9.13e-11
2019-09-22, 02:29:44, 9.82e-13, 9.17e-11
2019-09-22, 02:29:49, 9.7e-13, 9.16e-11
2019-09-22, 02:29:53, 9.62e-13, 9.12e-11
2019-09-22, 02:29:57, 9.66e-13, 9.13e-11
2019-09-22, 02:30:01, 9.67e-13, 9.12e-11
2019-09-22, 02:30:05, 9.3e-13, 9.15e-11
2019-09-22, 02:30:10, 1.02e-12, 9.14e-11
2019-09-22, 02:30:14, 9.44e-13, 9.13e-11
2019-09-22, 02:30:18, 9.47e-13, 9.16e-11
2019-09-22, 02:30:22, 9.13e-13, 9.13e-11
2019-09-22, 02:30:27, 8e-13, 9.16e-11
2019-09-22, 02:30:31, 9.95e-13, 9.15e-11
2019-09-22, 02:30:35, 9.4e-13, 9.14e-11
2019-09-22, 02:30:39, 9.18e-13, 9.13e-11
2019-09-22, 02:30:45, 8.97e-13, 9.13e-11
2019-09-22, 02:30:49, 1e-12, 9.17e-11
2019-09-22, 02:30:53, 9.8e-13, 9.11e-11
2019-09-22, 02:30:57, 9.8e-13, 9.11e-11
2019-09-22, 02:31:01, 8.89e-13, 9.11e-11
2019-09-22, 02:31:06, 9.22e-13, 9.11e-11
2019-09-22, 02:31:10, 1.04e-12, 9.12e-11
2019-09-22, 02:31:14, 9.13e-13, 9.1e-11
2019-09-22, 02:31:18, 9.09e-13, 9.15e-11
2019-09-22, 02:31:23, 9.36e-13, 9.13e-11
2019-09-22, 02:31:27, 9.36e-13, 9.12e-11
2019-09-22, 02:31:31, 9.65e-13, 9.14e-11
2019-09-22, 02:31:35, 8.87e-13, 9.12e-11
2019-09-22, 02:31:39, 9.74e-13, 9.14e-11
2019-09-22, 02:31:44, 1.09e-12, 9.1e-11
2019-09-22, 02:31:48, 9.28e-13, 9.15e-11
2019-09-22, 02:31:52, 1.02e-12, 9.1e-11
2019-09-22, 02:31:56, 1.02e-12, 9.15e-11
2019-09-22, 02:32:01, 9.98e-13, 9.14e-11
2019-09-22, 02:32:05, 7.91e-13, 9.14e-11
2019-09-22, 02:32:09, 9.47e-13, 9.15e-11
2019-09-22, 02:32:13, 9.71e-13, 9.11e-11
2019-09-22, 02:32:17, 8.89e-13, 9.09e-11
2019-09-22, 02:32:22, 9.34e-13, 9.17e-11
2019-09-22, 02:32:26, 9.04e-13, 9.12e-11
2019-09-22, 02:32:30, 1.04e-12, 9.13e-11
2019-09-22, 02:32:34, 9.68e-13, 9.15e-11
2019-09-22, 02:32:39, 9.99e-13, 9.16e-11
2019-09-22, 02:32:43, 9.75e-13, 9.14e-11
2019-09-22, 02:32:47, 9.92e-13, 9.11e-11
2019-09-22, 02:32:51, 9.34e-13, 9.13e-11
2019-09-22, 02:32:55, 9.01e-13, 9.13e-11
2019-09-22, 02:33:00, 9.68e-13, 9.16e-11
2019-09-22, 02:33:04, 9.31e-13, 9.17e-11
2019-09-22, 02:33:08, 1.01e-12, 9.13e-11
2019-09-22, 02:33:12, 9.78e-13, 9.13e-11
2019-09-22, 02:33:17, 9.77e-13, 9.18e-11
2019-09-22, 02:33:21, 9.86e-13, 9.12e-11
2019-09-22, 02:33:25, 9.31e-13, 9.13e-11
2019-09-22, 02:33:29, 9.8e-13, 9.13e-11
2019-09-22, 02:33:33, 9.27e-13, 9.14e-11
2019-09-22, 02:33:38, 9.66e-13, 9.11e-11
2019-09-22, 02:33:42, 9.72e-13, 9.12e-11
2019-09-22, 02:33:46, 1.01e-12, 9.13e-11
2019-09-22, 02:33:50, 9.11e-13, 9.1e-11
2019-09-22, 02:33:55, 9.39e-13, 9.11e-11
2019-09-22, 02:33:59, 9.97e-13, 9.13e-11
2019-09-22, 02:34:03, 8.56e-13, 9.13e-11
2019-09-22, 02:34:07, 9.03e-13, 9.1e-11
2019-09-22, 02:34:11, 9.68e-13, 9.14e-11
2019-09-22, 02:34:16, 1.02e-12, 9.14e-11
2019-09-22, 02:34:20, 9.89e-13, 9.13e-11
2019-09-22, 02:34:24, 8.98e-13, 9.11e-11
2019-09-22, 02:34:28, 9.13e-13, 9.09e-11
2019-09-22, 02:34:33, 9.34e-13, 9.11e-11
2019-09-22, 02:34:37, 1.06e-12, 9.14e-11
2019-09-22, 02:34:41, 9.61e-13, 9.11e-11
2019-09-22, 02:34:45, 1e-12, 9.09e-11
2019-09-22, 02:34:49, 1.04e-12, 9.12e-11
2019-09-22, 02:34:54, 9.03e-13, 9.13e-11
2019-09-22, 02:34:58, 1.13e-12, 9.11e-11
2019-09-22, 02:35:02, 8.38e-13, 9.11e-11
2019-09-22, 02:35:06, 9.05e-13, 9.12e-11
2019-09-22, 02:35:11, 9.88e-13, 9.12e-11
2019-09-22, 02:35:15, 9.87e-13, 9.11e-11
2019-09-22, 02:35:19, 1.01e-12, 9.14e-11
2019-09-22, 02:35:23, 9.61e-13, 9.14e-11
2019-09-22, 02:35:27, 9.89e-13, 9.08e-11
2019-09-22, 02:35:32, 9.63e-13, 9.12e-11
2019-09-22, 02:35:36, 8.91e-13, 9.07e-11
2019-09-22, 02:35:40, 9.9e-13, 9.09e-11
2019-09-22, 02:35:44, 9.54e-13, 9.11e-11
2019-09-22, 02:35:49, 8.93e-13, 9.12e-11
2019-09-22, 02:35:53, 9.53e-13, 9.08e-11
2019-09-22, 02:35:57, 9.89e-13, 9.14e-11
2019-09-22, 02:36:01, 9.73e-13, 9.11e-11
2019-09-22, 02:36:05, 9.44e-13, 9.11e-11
2019-09-22, 02:36:10, 1.04e-12, 9.15e-11
2019-09-22, 02:36:14, 9.55e-13, 9.07e-11
2019-09-22, 02:36:18, 1.02e-12, 9.11e-11
2019-09-22, 02:36:22, 9.58e-13, 9.13e-11
2019-09-22, 02:36:27, 9.44e-13, 9.12e-11
2019-09-22, 02:36:31, 9.94e-13, 9.09e-11
2019-09-22, 02:36:35, 9.65e-13, 9.12e-11
2019-09-22, 02:36:39, 9.83e-13, 9.11e-11
2019-09-22, 02:36:43, 1.03e-12, 9.11e-11
2019-09-22, 02:36:48, 9.79e-13, 9.11e-11
2019-09-22, 02:36:52, 9.18e-13, 9.12e-11
2019-09-22, 02:36:56, 1e-12, 9.08e-11
2019-09-22, 02:37:00, 9.47e-13, 9.11e-11
2019-09-22, 02:37:04, 1.03e-12, 9.1e-11
2019-09-22, 02:37:09, 9.6e-13, 9.14e-11
2019-09-22, 02:37:13, 9.06e-13, 9.06e-11
2019-09-22, 02:37:17, 9.88e-13, 9.09e-11
2019-09-22, 02:37:21, 9.52e-13, 9.1e-11
2019-09-22, 02:37:26, 9.2e-13, 9.12e-11
2019-09-22, 02:37:30, 9.82e-13, 9.13e-11
2019-09-22, 02:37:34, 9.26e-13, 9.09e-11
2019-09-22, 02:37:38, 9.72e-13, 9.14e-11
2019-09-22, 02:37:42, 9.72e-13, 9.11e-11
2019-09-22, 02:37:47, 9.57e-13, 9.11e-11
2019-09-22, 02:37:51, 1e-12, 9.09e-11
2019-09-22, 02:37:55, 9.14e-13, 9.11e-11
2019-09-22, 02:37:59, 9.76e-13, 9.1e-11
2019-09-22, 02:38:04, 9.39e-13, 9.1e-11
2019-09-22, 02:38:08, 9.3e-13, 9.12e-11
2019-09-22, 02:38:12, 1.04e-12, 9.12e-11
2019-09-22, 02:38:16, 9.76e-13, 9.13e-11
2019-09-22, 02:38:20, 9.04e-13, 9.15e-11
2019-09-22, 02:38:25, 9.36e-13, 9.09e-11
2019-09-22, 02:38:29, 9.25e-13, 9.15e-11
2019-09-22, 02:38:33, 9.94e-13, 9.09e-11
2019-09-22, 02:38:37, 9.34e-13, 9.11e-11
2019-09-22, 02:38:42, 9.46e-13, 9.11e-11
2019-09-22, 02:38:46, 9.86e-13, 9.09e-11
2019-09-22, 02:38:50, 9.42e-13, 9.08e-11
2019-09-22, 02:38:54, 9.64e-13, 9.11e-11
2019-09-22, 02:38:58, 9.98e-13, 9.05e-11
2019-09-22, 02:39:03, 9.31e-13, 9.1e-11
2019-09-22, 02:39:07, 9.02e-13, 9.11e-11
2019-09-22, 02:39:11, 1.01e-12, 9.07e-11
2019-09-22, 02:39:15, 9.97e-13, 9.12e-11
2019-09-22, 02:39:20, 9.22e-13, 9.14e-11
2019-09-22, 02:39:24, 9.68e-13, 9.11e-11
2019-09-22, 02:39:28, 9.46e-13, 9.12e-11
2019-09-22, 02:39:32, 9.47e-13, 9.12e-11
2019-09-22, 02:39:36, 9.97e-13, 9.11e-11
2019-09-22, 02:39:41, 9.9e-13, 9.13e-11
2019-09-22, 02:39:45, 9.23e-13, 9.12e-11
2019-09-22, 02:39:49, 1.1e-12, 9.08e-11
2019-09-22, 02:39:53, 9.51e-13, 9.11e-11
2019-09-22, 02:39:58, 9.49e-13, 9.11e-11
2019-09-22, 02:40:02, 9.2e-13, 9.08e-11
2019-09-22, 02:40:06, 9.69e-13, 9.1e-11
2019-09-22, 02:40:10, 9.41e-13, 9.09e-11
2019-09-22, 02:40:14, 8.91e-13, 9.1e-11
2019-09-22, 02:40:19, 9.17e-13, 9.09e-11
2019-09-22, 02:40:23, 9.42e-13, 9.09e-11
2019-09-22, 02:40:27, 9.31e-13, 9.09e-11
2019-09-22, 02:40:31, 8.84e-13, 9.09e-11
2019-09-22, 02:40:36, 9.32e-13, 9.07e-11
2019-09-22, 02:40:40, 9.79e-13, 9.13e-11
2019-09-22, 02:40:44, 9.8e-13, 9.1e-11
2019-09-22, 02:40:48, 1.06e-12, 9.09e-11
2019-09-22, 02:40:52, 1.02e-12, 9.09e-11
2019-09-22, 02:40:57, 1.02e-12, 9.09e-11
2019-09-22, 02:41:01, 9.41e-13, 9.11e-11
2019-09-22, 02:41:05, 9.08e-13, 9.12e-11
2019-09-22, 02:41:09, 9.54e-13, 9.12e-11
2019-09-22, 02:41:14, 9.24e-13, 9.09e-11
2019-09-22, 02:41:18, 9.62e-13, 9.1e-11
2019-09-22, 02:41:22, 9.06e-13, 9.09e-11
2019-09-22, 02:41:26, 9.14e-13, 9.12e-11
2019-09-22, 02:41:30, 9.34e-13, 9.11e-11
2019-09-22, 02:41:35, 9.21e-13, 9.12e-11
2019-09-22, 02:41:39, 9.38e-13, 9.1e-11
2019-09-22, 02:41:43, 9.87e-13, 9.11e-11
2019-09-22, 02:41:47, 9.14e-13, 9.11e-11
2019-09-22, 02:41:52, 9.53e-13, 9.07e-11
2019-09-22, 02:41:56, 9.39e-13, 9.08e-11
2019-09-22, 02:42:00, 9.17e-13, 9.1e-11
2019-09-22, 02:42:04, 1.01e-12, 9.1e-11
2019-09-22, 02:42:08, 9.8e-13, 9.07e-11
2019-09-22, 02:42:13, 9.39e-13, 9.09e-11
2019-09-22, 02:42:17, 9.19e-13, 9.13e-11
2019-09-22, 02:42:21, 8.85e-13, 9.11e-11
2019-09-22, 02:42:25, 9.95e-13, 9.1e-11
2019-09-22, 02:42:29, 9.74e-13, 9.11e-11
2019-09-22, 02:42:34, 9.7e-13, 9.1e-11
2019-09-22, 02:42:38, 9.77e-13, 9.11e-11
2019-09-22, 02:42:42, 9.26e-13, 9.09e-11
2019-09-22, 02:42:46, 1.08e-12, 9.12e-11
2019-09-22, 02:42:51, 9.89e-13, 9.08e-11
2019-09-22, 02:42:55, 9.77e-13, 9.07e-11
2019-09-22, 02:42:59, 9.51e-13, 9.12e-11
2019-09-22, 02:43:03, 1e-12, 9.09e-11
2019-09-22, 02:43:07, 9.92e-13, 9.08e-11
2019-09-22, 02:43:12, 9.43e-13, 9.11e-11
2019-09-22, 02:43:16, 9.15e-13, 9.1e-11
2019-09-22, 02:43:20, 9.86e-13, 9.09e-11
2019-09-22, 02:43:24, 9.39e-13, 9.12e-11
2019-09-22, 02:43:29, 9.1e-13, 9.11e-11
2019-09-22, 02:43:33, 9.47e-13, 9.09e-11
2019-09-22, 02:43:37, 1e-12, 9.11e-11
2019-09-22, 02:43:41, 9.77e-13, 9.11e-11
2019-09-22, 02:43:45, 1.01e-12, 9.11e-11
2019-09-22, 02:43:50, 9.11e-13, 9.09e-11
2019-09-22, 02:43:54, 8.76e-13, 9.12e-11
2019-09-22, 02:43:58, 8.64e-13, 9.13e-11
2019-09-22, 02:44:02, 9.74e-13, 9.09e-11
2019-09-22, 02:44:07, 9.43e-13, 9.08e-11
2019-09-22, 02:44:11, 1.05e-12, 9.09e-11
2019-09-22, 02:44:15, 9.64e-13, 9.05e-11
2019-09-22, 02:44:19, 9.39e-13, 9.04e-11
2019-09-22, 02:44:23, 1.09e-12, 9.06e-11
2019-09-22, 02:44:28, 9.7e-13, 9.07e-11
2019-09-22, 02:44:32, 9.66e-13, 9.11e-11
2019-09-22, 02:44:36, 9.9e-13, 9.11e-11
2019-09-22, 02:44:40, 8.65e-13, 9.07e-11
2019-09-22, 02:44:45, 9.98e-13, 9.08e-11
2019-09-22, 02:44:49, 9.78e-13, 9.08e-11
2019-09-22, 02:44:53, 1.03e-12, 9.11e-11
2019-09-22, 02:44:57, 9.83e-13, 9.11e-11
2019-09-22, 02:45:01, 1e-12, 9.1e-11
2019-09-22, 02:45:06, 9.71e-13, 9.1e-11
2019-09-22, 02:45:10, 9.59e-13, 9.06e-11
2019-09-22, 02:45:14, 9.57e-13, 9.08e-11
2019-09-22, 02:45:18, 9.78e-13, 9.08e-11
2019-09-22, 02:45:23, 1.01e-12, 9.07e-11
2019-09-22, 02:45:27, 1e-12, 9.05e-11
2019-09-22, 02:45:33, 9.39e-13, 9.06e-11
2019-09-22, 02:45:38, 1e-12, 9.11e-11
2019-09-22, 02:45:43, 9.45e-13, 9.06e-11
2019-09-22, 02:45:47, 9.75e-13, 9.08e-11
2019-09-22, 02:45:51, 1.07e-12, 9.08e-11
2019-09-22, 02:45:55, 8.97e-13, 9.1e-11
2019-09-22, 02:46:00, 1.01e-12, 9.1e-11
2019-09-22, 02:46:04, 1.03e-12, 9.09e-11
2019-09-22, 02:46:08, 9.99e-13, 9.11e-11
2019-09-22, 02:46:12, 9.3e-13, 9.1e-11
2019-09-22, 02:46:16, 1e-12, 9.11e-11
2019-09-22, 02:46:21, 9.14e-13, 9.09e-11
2019-09-22, 02:46:25, 1.03e-12, 9.1e-11
2019-09-22, 02:46:29, 1.07e-12, 9.11e-11
2019-09-22, 02:46:33, 8.96e-13, 9.1e-11
2019-09-22, 02:46:38, 1.06e-12, 9.09e-11
2019-09-22, 02:46:42, 8.93e-13, 9.08e-11
2019-09-22, 02:46:46, 9.44e-13, 9.09e-11
2019-09-22, 02:46:50, 1.05e-12, 9.1e-11
2019-09-22, 02:46:54, 9.85e-13, 9.06e-11
2019-09-22, 02:46:59, 9.13e-13, 9.08e-11
2019-09-22, 02:47:03, 1e-12, 9.06e-11
2019-09-22, 02:47:07, 9.58e-13, 9.12e-11
2019-09-22, 02:47:11, 9.24e-13, 9.08e-11
2019-09-22, 02:47:16, 9.91e-13, 9.08e-11
2019-09-22, 02:47:20, 9.17e-13, 9.08e-11
2019-09-22, 02:47:24, 9.92e-13, 9.11e-11
2019-09-22, 02:47:28, 9.64e-13, 9.12e-11
2019-09-22, 02:47:32, 9.58e-13, 9.1e-11
2019-09-22, 02:47:37, 9.53e-13, 9.05e-11
2019-09-22, 02:47:41, 9.07e-13, 9.03e-11
2019-09-22, 02:47:45, 9.69e-13, 9.09e-11
2019-09-22, 02:47:49, 9.73e-13, 9.06e-11
2019-09-22, 02:47:53, 9.91e-13, 9.11e-11
2019-09-22, 02:47:58, 8.97e-13, 9.07e-11
2019-09-22, 02:48:02, 9.73e-13, 9.07e-11
2019-09-22, 02:48:06, 9.77e-13, 9.06e-11
2019-09-22, 02:48:10, 9.1e-13, 9.11e-11
2019-09-22, 02:48:15, 9.46e-13, 9.11e-11
2019-09-22, 02:48:19, 1.07e-12, 9.1e-11
2019-09-22, 02:48:23, 9.66e-13, 9.09e-11
2019-09-22, 02:48:27, 1.01e-12, 9.11e-11
2019-09-22, 02:48:32, 9.5e-13, 9.1e-11
2019-09-22, 02:48:36, 1.05e-12, 9.08e-11
2019-09-22, 02:48:40, 9.57e-13, 9.09e-11
2019-09-22, 02:48:44, 1.12e-12, 9.08e-11
2019-09-22, 02:48:48, 9.62e-13, 9.07e-11
2019-09-22, 02:48:53, 1.01e-12, 9.09e-11
2019-09-22, 02:48:57, 9.75e-13, 9.09e-11
2019-09-22, 02:49:01, 1e-12, 9.07e-11
2019-09-22, 02:49:05, 1.09e-12, 9.08e-11
2019-09-22, 02:49:09, 9.5e-13, 9.09e-11
2019-09-22, 02:49:14, 9.55e-13, 9.08e-11
2019-09-22, 02:49:18, 9.14e-13, 9.11e-11
2019-09-22, 02:49:22, 9.78e-13, 9.14e-11
2019-09-22, 02:49:26, 9.74e-13, 9.11e-11
2019-09-22, 02:49:31, 9.8e-13, 9.11e-11
2019-09-22, 02:49:35, 1.01e-12, 9.09e-11
2019-09-22, 02:49:39, 9.69e-13, 9.11e-11
2019-09-22, 02:49:43, 9.8e-13, 9.12e-11
2019-09-22, 02:49:47, 9.42e-13, 9.12e-11
2019-09-22, 02:49:52, 9.81e-13, 9.07e-11
2019-09-22, 02:49:56, 9.61e-13, 9.08e-11
2019-09-22, 02:50:00, 9.17e-13, 9.1e-11
2019-09-22, 02:50:04, 9.48e-13, 9.11e-11
2019-09-22, 02:50:09, 1e-12, 9.07e-11
2019-09-22, 02:50:13, 9.6e-13, 9.07e-11
2019-09-22, 02:50:17, 9.65e-13, 9.1e-11
2019-09-22, 02:50:21, 9.93e-13, 9.06e-11
2019-09-22, 02:50:25, 9.8e-13, 9.05e-11
2019-09-22, 02:50:30, 9.24e-13, 9.09e-11
2019-09-22, 02:50:34, 9.19e-13, 9.09e-11
2019-09-22, 02:50:38, 1.07e-12, 9.1e-11
2019-09-22, 02:50:42, 9.92e-13, 9.09e-11
2019-09-22, 02:50:47, 1.02e-12, 9.1e-11
2019-09-22, 02:50:51, 9.46e-13, 9.06e-11
2019-09-22, 02:50:55, 9.58e-13, 9.14e-11
2019-09-22, 02:50:59, 9.65e-13, 9.08e-11
2019-09-22, 02:51:03, 1.01e-12, 9.13e-11
2019-09-22, 02:51:08, 8.76e-13, 9.07e-11
2019-09-22, 02:51:12, 9.85e-13, 9.06e-11
2019-09-22, 02:51:16, 9.76e-13, 9.09e-11
2019-09-22, 02:51:20, 9.91e-13, 9.08e-11
2019-09-22, 02:51:25, 9.5e-13, 9.09e-11
2019-09-22, 02:51:29, 9.88e-13, 9.09e-11
2019-09-22, 02:51:33, 9.04e-13, 9.09e-11
2019-09-22, 02:51:37, 9.61e-13, 9.09e-11
2019-09-22, 02:51:41, 9.38e-13, 9.15e-11
2019-09-22, 02:51:46, 9.63e-13, 9.1e-11
2019-09-22, 02:51:50, 9.62e-13, 9.08e-11
2019-09-22, 02:51:54, 1e-12, 9.08e-11
2019-09-22, 02:51:58, 9.39e-13, 9.09e-11
2019-09-22, 02:52:03, 1e-12, 9.07e-11
2019-09-22, 02:52:07, 9.55e-13, 9.11e-11
2019-09-22, 02:52:11, 9.88e-13, 9.11e-11
2019-09-22, 02:52:15, 9.99e-13, 9.03e-11
2019-09-22, 02:52:19, 9.91e-13, 9.06e-11
2019-09-22, 02:52:24, 9.82e-13, 9.08e-11
2019-09-22, 02:52:28, 9.6e-13, 9.06e-11
2019-09-22, 02:52:32, 9.44e-13, 9.1e-11
2019-09-22, 02:52:36, 1.06e-12, 9.07e-11
2019-09-22, 02:52:41, 9.59e-13, 9.07e-11
2019-09-22, 02:52:45, 1.06e-12, 9.08e-11
2019-09-22, 02:52:49, 9.44e-13, 9.05e-11
2019-09-22, 02:52:53, 9.56e-13, 9.06e-11
2019-09-22, 02:52:57, 1.03e-12, 9.11e-11
2019-09-22, 02:53:02, 9.83e-13, 9.09e-11
2019-09-22, 02:53:06, 9.6e-13, 9.12e-11
2019-09-22, 02:53:10, 1.01e-12, 9.06e-11
2019-09-22, 02:53:14, 9.6e-13, 9.11e-11
2019-09-22, 02:53:19, 9.09e-13, 9.06e-11
2019-09-22, 02:53:23, 9.64e-13, 9.09e-11
2019-09-22, 02:53:27, 9.5e-13, 9.08e-11
2019-09-22, 02:53:31, 9.46e-13, 9.09e-11
2019-09-22, 02:53:35, 8.68e-13, 9.08e-11
2019-09-22, 02:53:40, 9.83e-13, 9.05e-11
2019-09-22, 02:53:44, 1.03e-12, 9.06e-11
2019-09-22, 02:53:48, 9.5e-13, 9.09e-11
2019-09-22, 02:53:52, 9.91e-13, 9.07e-11
2019-09-22, 02:53:56, 9.24e-13, 9.07e-11
2019-09-22, 02:54:01, 1.17e-12, 9.12e-11
2019-09-22, 02:54:05, 9.8e-13, 9.06e-11
2019-09-22, 02:54:09, 9.47e-13, 9.1e-11
2019-09-22, 02:54:13, 9.42e-13, 9.13e-11
2019-09-22, 02:54:18, 1.13e-12, 9.07e-11
2019-09-22, 02:54:22, 9.41e-13, 9.09e-11
2019-09-22, 02:54:26, 9.13e-13, 9.1e-11
2019-09-22, 02:54:30, 9.09e-13, 9.06e-11
2019-09-22, 02:54:34, 9.52e-13, 9.09e-11
2019-09-22, 02:54:39, 9.34e-13, 9.07e-11
2019-09-22, 02:54:43, 9.67e-13, 9.04e-11
2019-09-22, 02:54:47, 9.39e-13, 9.03e-11
2019-09-22, 02:54:51, 9.18e-13, 9.07e-11
2019-09-22, 02:54:56, 9.82e-13, 9.05e-11
2019-09-22, 02:55:00, 1.03e-12, 9.06e-11
2019-09-22, 02:55:04, 8.85e-13, 9.07e-11
2019-09-22, 02:55:08, 1.03e-12, 9.07e-11
2019-09-22, 02:55:12, 9.1e-13, 9.11e-11
2019-09-22, 02:55:17, 1.07e-12, 9.07e-11
2019-09-22, 02:55:22, 9.67e-13, 9.08e-11
2019-09-22, 02:55:26, 9.74e-13, 9.07e-11
2019-09-22, 02:55:31, 9.63e-13, 9.07e-11
2019-09-22, 02:55:35, 7.84e-13, 9.1e-11
2019-09-22, 02:55:39, 9.6e-13, 9.07e-11
2019-09-22, 02:55:43, 9.43e-13, 9.09e-11
2019-09-22, 02:55:47, 9.4e-13, 9.11e-11
2019-09-22, 02:55:52, 9.61e-13, 9.08e-11
2019-09-22, 02:55:56, 9.42e-13, 9.05e-11
2019-09-22, 02:56:00, 1.01e-12, 9.03e-11
2019-09-22, 02:56:04, 9.67e-13, 9.08e-11
2019-09-22, 02:56:09, 8.94e-13, 9.11e-11
2019-09-22, 02:56:13, 9.62e-13, 9.07e-11
2019-09-22, 02:56:17, 9.54e-13, 9.07e-11
2019-09-22, 02:56:21, 9.67e-13, 9.11e-11
2019-09-22, 02:56:26, 9.68e-13, 9.06e-11
2019-09-22, 02:56:30, 9.36e-13, 9.1e-11
2019-09-22, 02:56:34, 9.36e-13, 9.1e-11
2019-09-22, 02:56:38, 9.98e-13, 9.07e-11
2019-09-22, 02:56:43, 9.65e-13, 9.09e-11
2019-09-22, 02:56:47, 1e-12, 9.12e-11
2019-09-22, 02:56:51, 9.7e-13, 9.08e-11
2019-09-22, 02:56:55, 9.89e-13, 9.04e-11
2019-09-22, 02:56:59, 1.04e-12, 9.04e-11
2019-09-22, 02:57:04, 9.95e-13, 9.08e-11
2019-09-22, 02:57:08, 8.63e-13, 9.1e-11
2019-09-22, 02:57:12, 1.04e-12, 9.08e-11
2019-09-22, 02:57:16, 9.37e-13, 9.07e-11
2019-09-22, 02:57:21, 1.05e-12, 9.1e-11
2019-09-22, 02:57:25, 9.93e-13, 9.07e-11
2019-09-22, 02:57:29, 1e-12, 9.1e-11
2019-09-22, 02:57:33, 9.6e-13, 9.1e-11
2019-09-22, 02:57:37, 8.94e-13, 9.09e-11
2019-09-22, 02:57:42, 9.43e-13, 9.08e-11
2019-09-22, 02:57:46, 9.39e-13, 9.11e-11
2019-09-22, 02:57:50, 9.57e-13, 9.08e-11
2019-09-22, 02:57:54, 9.78e-13, 9.09e-11
2019-09-22, 02:57:59, 9.31e-13, 9.11e-11
2019-09-22, 02:58:03, 9.48e-13, 9.08e-11
2019-09-22, 02:58:07, 9.43e-13, 9.09e-11
2019-09-22, 02:58:11, 9.17e-13, 9.09e-11
2019-09-22, 02:58:16, 9.29e-13, 9.11e-11
2019-09-22, 02:58:20, 9.24e-13, 9.09e-11
2019-09-22, 02:58:24, 9.51e-13, 9.08e-11
2019-09-22, 02:58:28, 9.88e-13, 9.07e-11
2019-09-22, 02:58:32, 9.7e-13, 9.07e-11
2019-09-22, 02:58:37, 9.21e-13, 9.04e-11
2019-09-22, 02:58:41, 9.6e-13, 9.06e-11
2019-09-22, 02:58:45, 9.53e-13, 9.06e-11
2019-09-22, 02:58:49, 9.61e-13, 9.08e-11
2019-09-22, 02:58:54, 1.02e-12, 9.08e-11
2019-09-22, 02:58:58, 1.08e-12, 9.07e-11
2019-09-22, 02:59:02, 9.86e-13, 9.05e-11
2019-09-22, 02:59:06, 9.78e-13, 9.08e-11
2019-09-22, 02:59:10, 9.58e-13, 9.09e-11
2019-09-22, 02:59:15, 8.28e-13, 9.08e-11
2019-09-22, 02:59:19, 9.58e-13, 9.04e-11
2019-09-22, 02:59:23, 9.95e-13, 9.06e-11
2019-09-22, 02:59:27, 8.98e-13, 9.14e-11
2019-09-22, 02:59:32, 9.92e-13, 9.08e-11
2019-09-22, 02:59:36, 9.87e-13, 9.07e-11
2019-09-22, 02:59:40, 1.03e-12, 9.07e-11
2019-09-22, 02:59:44, 1.07e-12, 9.09e-11
2019-09-22, 02:59:48, 9.74e-13, 9.11e-11
2019-09-22, 02:59:53, 9.86e-13, 9.09e-11
2019-09-22, 02:59:57, 9.68e-13, 9.1e-11
2019-09-22, 03:00:01, 9.5e-13, 9.09e-11
2019-09-22, 03:00:05, 9.93e-13, 9.08e-11
2019-09-22, 03:00:10, 9.32e-13, 9.05e-11
2019-09-22, 03:00:16, 9.93e-13, 9.06e-11
2019-09-22, 03:00:20, 9.57e-13, 9.09e-11
2019-09-22, 03:00:24, 9.91e-13, 9.07e-11
2019-09-22, 03:00:28, 9e-13, 9.08e-11
2019-09-22, 03:00:33, 9.14e-13, 9.07e-11
2019-09-22, 03:00:37, 9.31e-13, 9.11e-11
2019-09-22, 03:00:41, 1.01e-12, 9.08e-11
2019-09-22, 03:00:45, 8.95e-13, 9.08e-11
2019-09-22, 03:00:50, 9.43e-13, 9.1e-11
2019-09-22, 03:00:54, 9.89e-13, 9.08e-11
2019-09-22, 03:00:58, 1.03e-12, 9.1e-11
2019-09-22, 03:01:02, 1.19e-12, 9.07e-11
2019-09-22, 03:01:06, 9.42e-13, 9.08e-11
2019-09-22, 03:01:11, 1.03e-12, 9.07e-11
2019-09-22, 03:01:15, 1.05e-12, 9.06e-11
2019-09-22, 03:01:19, 9e-13, 9.04e-11
2019-09-22, 03:01:23, 9.22e-13, 9.05e-11
2019-09-22, 03:01:28, 1.02e-12, 9.11e-11
2019-09-22, 03:01:32, 9.83e-13, 9.08e-11
2019-09-22, 03:01:36, 9.81e-13, 9.04e-11
2019-09-22, 03:01:40, 1.01e-12, 9.05e-11
2019-09-22, 03:01:44, 9.71e-13, 9.01e-11
2019-09-22, 03:01:49, 1.05e-12, 9.05e-11
2019-09-22, 03:01:53, 9.86e-13, 9.06e-11
2019-09-22, 03:01:57, 9.63e-13, 9.1e-11
2019-09-22, 03:02:01, 9.17e-13, 9.07e-11
2019-09-22, 03:02:06, 1.13e-12, 9.06e-11
2019-09-22, 03:02:10, 9.66e-13, 9.04e-11
2019-09-22, 03:02:14, 9.44e-13, 9.09e-11
2019-09-22, 03:02:18, 1.01e-12, 9.12e-11
2019-09-22, 03:02:22, 1e-12, 9.05e-11
2019-09-22, 03:02:27, 9.93e-13, 9.06e-11
2019-09-22, 03:02:31, 9.56e-13, 9.11e-11
2019-09-22, 03:02:35, 9.04e-13, 9.1e-11
2019-09-22, 03:02:39, 9.68e-13, 9.09e-11
2019-09-22, 03:02:44, 9.99e-13, 9.1e-11
2019-09-22, 03:02:48, 9.84e-13, 9.07e-11
2019-09-22, 03:02:52, 9.33e-13, 9.06e-11
2019-09-22, 03:02:56, 1.01e-12, 9.09e-11
2019-09-22, 03:03:00, 9.33e-13, 9.05e-11
2019-09-22, 03:03:05, 9.94e-13, 9.07e-11
2019-09-22, 03:03:09, 1e-12, 9.09e-11
2019-09-22, 03:03:13, 9.78e-13, 9.09e-11
2019-09-22, 03:03:17, 9.65e-13, 9.09e-11
2019-09-22, 03:03:22, 8.52e-13, 9.04e-11
2019-09-22, 03:03:26, 9.58e-13, 9.08e-11
2019-09-22, 03:03:30, 1.02e-12, 9.08e-11
2019-09-22, 03:03:34, 9.02e-13, 9.08e-11
2019-09-22, 03:03:38, 8.2e-13, 9.08e-11
2019-09-22, 03:03:43, 9.95e-13, 9.11e-11
2019-09-22, 03:03:47, 9.56e-13, 9.11e-11
2019-09-22, 03:03:51, 9.74e-13, 9.09e-11
2019-09-22, 03:03:55, 9.57e-13, 9.09e-11
2019-09-22, 03:03:59, 9.42e-13, 9.08e-11
2019-09-22, 03:04:08, 9.69e-13, 9.09e-11
2019-09-22, 03:04:12, 9.83e-13, 9.08e-11
2019-09-22, 03:04:16, 9.99e-13, 9.1e-11
2019-09-22, 03:04:20, 9.91e-13, 9.12e-11
2019-09-22, 03:04:24, 9.29e-13, 9.12e-11
2019-09-22, 03:04:29, 9.24e-13, 9.07e-11
2019-09-22, 03:04:33, 1.03e-12, 9.12e-11
2019-09-22, 03:04:37, 9.35e-13, 9.07e-11
2019-09-22, 03:04:41, 9.17e-13, 9.05e-11
2019-09-22, 03:04:46, 9.09e-13, 9.11e-11
2019-09-22, 03:04:50, 9.57e-13, 9.11e-11
2019-09-22, 03:04:54, 9.29e-13, 9.13e-11
2019-09-22, 03:04:58, 9.63e-13, 9.09e-11
2019-09-22, 03:05:02, 9.43e-13, 9.13e-11
2019-09-22, 03:05:07, 9.37e-13, 9.1e-11
2019-09-22, 03:05:11, 9.48e-13, 9.08e-11
2019-09-22, 03:05:15, 9.01e-13, 9.06e-11
2019-09-22, 03:05:19, 1.06e-12, 9.07e-11
2019-09-22, 03:05:24, 9.37e-13, 9.06e-11
2019-09-22, 03:05:28, 9.64e-13, 9.11e-11
2019-09-22, 03:05:32, 1e-12, 9.09e-11
2019-09-22, 03:05:36, 9.57e-13, 9.09e-11
2019-09-22, 03:05:40, 9.39e-13, 9.09e-11
2019-09-22, 03:05:45, 9.54e-13, 9.1e-11
2019-09-22, 03:05:49, 9.1e-13, 9.09e-11
2019-09-22, 03:05:53, 9.56e-13, 9.12e-11
2019-09-22, 03:05:57, 9.22e-13, 9.11e-11
2019-09-22, 03:06:01, 9.63e-13, 9.11e-11
2019-09-22, 03:06:06, 9.78e-13, 9.09e-11
2019-09-22, 03:06:10, 9.78e-13, 9.06e-11
2019-09-22, 03:06:14, 9.94e-13, 9.1e-11
2019-09-22, 03:06:18, 9.35e-13, 9.11e-11
2019-09-22, 03:06:23, 9.83e-13, 9.08e-11
2019-09-22, 03:06:27, 1.02e-12, 9.11e-11
2019-09-22, 03:06:31, 9.83e-13, 9.09e-11
2019-09-22, 03:06:35, 1.11e-12, 9.12e-11
2019-09-22, 03:06:39, 9.39e-13, 9.11e-11
2019-09-22, 03:06:44, 9.09e-13, 9.06e-11
2019-09-22, 03:06:48, 9.98e-13, 9.07e-11
2019-09-22, 03:06:52, 1.04e-12, 9.07e-11
2019-09-22, 03:06:56, 9.8e-13, 9.08e-11
2019-09-22, 03:07:01, 9.96e-13, 9.05e-11
2019-09-22, 03:07:05, 9.83e-13, 9.06e-11
2019-09-22, 03:07:09, 1e-12, 9.09e-11
2019-09-22, 03:07:13, 9.6e-13, 9.06e-11
2019-09-22, 03:07:17, 9.14e-13, 9.05e-11
2019-09-22, 03:07:22, 9.81e-13, 9.07e-11
2019-09-22, 03:07:26, 9.26e-13, 9.12e-11
2019-09-22, 03:07:30, 9.63e-13, 9.04e-11
2019-09-22, 03:07:34, 9.51e-13, 9.11e-11
2019-09-22, 03:07:39, 9.46e-13, 9.08e-11
2019-09-22, 03:07:43, 9.16e-13, 9.05e-11
2019-09-22, 03:07:47, 1.03e-12, 9.08e-11
2019-09-22, 03:07:51, 8.9e-13, 9.1e-11
2019-09-22, 03:07:55, 9.56e-13, 9.06e-11
2019-09-22, 03:08:00, 9.24e-13, 9.08e-11
2019-09-22, 03:08:04, 1.04e-12, 9.08e-11
2019-09-22, 03:08:08, 9.35e-13, 9.1e-11
2019-09-22, 03:08:12, 1.06e-12, 9.11e-11
2019-09-22, 03:08:17, 9.64e-13, 9.06e-11
2019-09-22, 03:08:21, 9.37e-13, 9.09e-11
2019-09-22, 03:08:25, 8.86e-13, 9.07e-11
2019-09-22, 03:08:29, 9.51e-13, 9.08e-11
2019-09-22, 03:08:33, 9.81e-13, 9.09e-11
2019-09-22, 03:08:38, 1.05e-12, 9.09e-11
2019-09-22, 03:08:42, 9.13e-13, 9.08e-11
2019-09-22, 03:08:46, 9.67e-13, 9.09e-11
2019-09-22, 03:08:50, 9.27e-13, 9.08e-11
2019-09-22, 03:08:55, 9.82e-13, 9.11e-11
2019-09-22, 03:08:59, 9.11e-13, 9.08e-11
2019-09-22, 03:09:03, 1.06e-12, 9.1e-11
2019-09-22, 03:09:07, 8.23e-13, 9.06e-11
2019-09-22, 03:09:11, 9.72e-13, 9.1e-11
2019-09-22, 03:09:16, 9.57e-13, 9.11e-11
2019-09-22, 03:09:20, 1e-12, 9.08e-11
2019-09-22, 03:09:24, 9.58e-13, 9.11e-11
2019-09-22, 03:09:28, 9.73e-13, 9.08e-11
2019-09-22, 03:09:33, 9.57e-13, 9.06e-11
2019-09-22, 03:09:37, 1.02e-12, 9.09e-11
2019-09-22, 03:09:41, 9.48e-13, 9.08e-11
2019-09-22, 03:09:45, 9.22e-13, 9.07e-11
2019-09-22, 03:09:49, 1.02e-12, 9.05e-11
2019-09-22, 03:09:54, 9.78e-13, 9.11e-11
2019-09-22, 03:09:58, 8.96e-13, 9.1e-11
2019-09-22, 03:10:02, 9.84e-13, 9.1e-11
2019-09-22, 03:10:06, 9.57e-13, 9.08e-11
2019-09-22, 03:10:11, 9.45e-13, 9.11e-11
2019-09-22, 03:10:15, 9.41e-13, 9.08e-11
2019-09-22, 03:10:19, 9.53e-13, 9.06e-11
2019-09-22, 03:10:23, 1.07e-12, 9.08e-11
2019-09-22, 03:10:27, 1.03e-12, 9.11e-11
2019-09-22, 03:10:32, 9.53e-13, 9.07e-11
2019-09-22, 03:10:36, 9.96e-13, 9.05e-11
2019-09-22, 03:10:40, 9.99e-13, 9.09e-11
2019-09-22, 03:10:44, 9.88e-13, 9.09e-11
2019-09-22, 03:10:48, 9.95e-13, 9.06e-11
2019-09-22, 03:10:53, 9.77e-13, 9.11e-11
2019-09-22, 03:10:57, 8.79e-13, 9.1e-11
2019-09-22, 03:11:01, 9.98e-13, 9.11e-11
2019-09-22, 03:11:05, 8.86e-13, 9.08e-11
2019-09-22, 03:11:10, 9.77e-13, 9.11e-11
2019-09-22, 03:11:14, 1.01e-12, 9.06e-11
2019-09-22, 03:11:18, 9.04e-13, 9.04e-11
2019-09-22, 03:11:22, 9.75e-13, 9.1e-11
2019-09-22, 03:11:26, 9.47e-13, 9.05e-11
2019-09-22, 03:11:31, 9.65e-13, 9.09e-11
2019-09-22, 03:11:35, 9.84e-13, 9.07e-11
2019-09-22, 03:11:39, 9.69e-13, 9.12e-11
2019-09-22, 03:11:43, 9.67e-13, 9.08e-11
2019-09-22, 03:11:48, 9.29e-13, 9.09e-11
2019-09-22, 03:11:52, 1.06e-12, 9.09e-11
2019-09-22, 03:11:56, 9.47e-13, 9.06e-11
2019-09-22, 03:12:00, 1.07e-12, 9.09e-11
2019-09-22, 03:12:04, 9.91e-13, 9.13e-11
2019-09-22, 03:12:09, 9.82e-13, 9.09e-11
2019-09-22, 03:12:13, 9.11e-13, 9.09e-11
2019-09-22, 03:12:17, 9.27e-13, 9.08e-11
2019-09-22, 03:12:21, 9.83e-13, 9.09e-11
2019-09-22, 03:12:26, 9.47e-13, 9.09e-11
2019-09-22, 03:12:30, 9.75e-13, 9.01e-11
2019-09-22, 03:12:34, 1.02e-12, 9.06e-11
2019-09-22, 03:12:38, 9.53e-13, 9.03e-11
2019-09-22, 03:12:42, 8.74e-13, 9.06e-11
2019-09-22, 03:12:47, 1e-12, 9.04e-11
2019-09-22, 03:12:51, 9.12e-13, 9.07e-11
2019-09-22, 03:12:55, 1.01e-12, 9.05e-11
2019-09-22, 03:12:59, 9.1e-13, 9.07e-11
2019-09-22, 03:13:04, 9.47e-13, 9.09e-11
2019-09-22, 03:13:08, 9.37e-13, 9.1e-11
2019-09-22, 03:13:12, 9.34e-13, 9.06e-11
2019-09-22, 03:13:16, 9.6e-13, 9.09e-11
2019-09-22, 03:13:20, 9.53e-13, 9.08e-11
2019-09-22, 03:13:25, 1.01e-12, 9.07e-11
2019-09-22, 03:13:29, 9.71e-13, 9.1e-11
2019-09-22, 03:13:33, 9.35e-13, 9.09e-11
2019-09-22, 03:13:37, 9.74e-13, 9.1e-11
2019-09-22, 03:13:42, 9.76e-13, 9.08e-11
2019-09-22, 03:13:46, 8.9e-13, 9.1e-11
2019-09-22, 03:13:50, 9.94e-13, 9.08e-11
2019-09-22, 03:13:54, 8.56e-13, 9.05e-11
2019-09-22, 03:13:58, 9.91e-13, 9.03e-11
2019-09-22, 03:14:03, 9.43e-13, 9.08e-11
2019-09-22, 03:14:07, 8.84e-13, 9.06e-11
2019-09-22, 03:14:11, 9.76e-13, 9.07e-11
2019-09-22, 03:14:15, 9.52e-13, 9.08e-11
2019-09-22, 03:14:20, 9.49e-13, 9.08e-11
2019-09-22, 03:14:24, 1.02e-12, 9.03e-11
2019-09-22, 03:14:28, 9.1e-13, 9.07e-11
2019-09-22, 03:14:32, 9.74e-13, 9.09e-11
2019-09-22, 03:14:36, 9.46e-13, 9.05e-11
2019-09-22, 03:14:41, 9.78e-13, 9.07e-11
2019-09-22, 03:14:45, 9.78e-13, 9.07e-11
2019-09-22, 03:14:49, 9.75e-13, 9.05e-11
2019-09-22, 03:14:53, 9.76e-13, 9.06e-11
2019-09-22, 03:14:58, 9.48e-13, 9.06e-11
2019-09-22, 03:15:02, 9.42e-13, 9.05e-11
2019-09-22, 03:15:06, 9.58e-13, 9.06e-11
2019-09-22, 03:15:10, 9.38e-13, 9.1e-11
2019-09-22, 03:15:14, 9.32e-13, 9.09e-11
2019-09-22, 03:15:19, 9.65e-13, 9.1e-11
2019-09-22, 03:15:23, 9.41e-13, 9.07e-11
2019-09-22, 03:15:27, 9.83e-13, 9.11e-11
2019-09-22, 03:15:32, 9.16e-13, 9.13e-11
2019-09-22, 03:15:36, 9.52e-13, 9.08e-11
2019-09-22, 03:15:40, 9.98e-13, 9.08e-11
2019-09-22, 03:15:44, 9.92e-13, 9.1e-11
2019-09-22, 03:15:48, 9.62e-13, 9.09e-11
2019-09-22, 03:15:53, 9.91e-13, 9.08e-11
2019-09-22, 03:15:57, 9.21e-13, 9.08e-11
2019-09-22, 03:16:01, 1.01e-12, 9.1e-11
2019-09-22, 03:16:05, 9.94e-13, 9.1e-11
2019-09-22, 03:16:10, 9.62e-13, 9.1e-11
2019-09-22, 03:16:14, 9.22e-13, 9.07e-11
2019-09-22, 03:16:18, 1.02e-12, 9.08e-11
2019-09-22, 03:16:22, 9.72e-13, 9.08e-11
2019-09-22, 03:16:26, 9.68e-13, 9.08e-11
2019-09-22, 03:16:31, 9.5e-13, 9.07e-11
2019-09-22, 03:16:35, 9.39e-13, 9.08e-11
2019-09-22, 03:16:39, 8.86e-13, 9.07e-11
2019-09-22, 03:16:43, 9.94e-13, 9.11e-11
2019-09-22, 03:16:48, 9.95e-13, 9.07e-11
2019-09-22, 03:16:52, 9.97e-13, 9.07e-11
2019-09-22, 03:16:56, 1.01e-12, 9.05e-11
2019-09-22, 03:17:00, 9.51e-13, 9.04e-11
2019-09-22, 03:17:04, 9.87e-13, 9.08e-11
2019-09-22, 03:17:09, 9.82e-13, 9.1e-11
2019-09-22, 03:17:13, 9.73e-13, 9.08e-11
2019-09-22, 03:17:17, 9.09e-13, 9.08e-11
2019-09-22, 03:17:21, 8.91e-13, 9.08e-11
2019-09-22, 03:17:26, 9.21e-13, 9.08e-11
2019-09-22, 03:17:30, 1.07e-12, 9.12e-11
2019-09-22, 03:17:34, 9.96e-13, 9.09e-11
2019-09-22, 03:17:38, 1e-12, 9.15e-11
2019-09-22, 03:17:42, 9.3e-13, 9.07e-11
2019-09-22, 03:17:47, 9.84e-13, 9.11e-11
2019-09-22, 03:17:51, 1.13e-12, 9.12e-11
2019-09-22, 03:17:55, 9.92e-13, 9.1e-11
2019-09-22, 03:17:59, 8.98e-13, 9.1e-11
2019-09-22, 03:18:04, 9.22e-13, 9.09e-11
2019-09-22, 03:18:08, 9.51e-13, 9.04e-11
2019-09-22, 03:18:12, 1.01e-12, 9.1e-11
2019-09-22, 03:18:16, 9.98e-13, 9.1e-11
2019-09-22, 03:18:20, 9.59e-13, 9.09e-11
2019-09-22, 03:18:25, 9.58e-13, 9.09e-11
2019-09-22, 03:18:29, 9.34e-13, 9.12e-11
2019-09-22, 03:18:33, 9.83e-13, 9.08e-11
2019-09-22, 03:18:37, 9.19e-13, 9.08e-11
2019-09-22, 03:18:41, 9.6e-13, 9.08e-11
2019-09-22, 03:18:46, 9.13e-13, 9.12e-11
2019-09-22, 03:18:50, 1.01e-12, 9.06e-11
2019-09-22, 03:18:54, 9.54e-13, 9.08e-11
2019-09-22, 03:18:58, 9.48e-13, 9.06e-11
2019-09-22, 03:19:03, 9.21e-13, 9.07e-11
2019-09-22, 03:19:07, 1.14e-12, 9.07e-11
2019-09-22, 03:19:11, 9.83e-13, 9.1e-11
2019-09-22, 03:19:15, 1e-12, 9.05e-11
2019-09-22, 03:19:19, 1.01e-12, 9.08e-11
2019-09-22, 03:19:24, 1.02e-12, 9.08e-11
2019-09-22, 03:19:28, 9.65e-13, 9.05e-11
2019-09-22, 03:19:32, 9.73e-13, 9.08e-11
2019-09-22, 03:19:36, 1.02e-12, 9.08e-11
2019-09-22, 03:19:41, 8.92e-13, 9.12e-11
2019-09-22, 03:19:45, 9.78e-13, 9.08e-11
2019-09-22, 03:19:49, 8.98e-13, 9.05e-11
2019-09-22, 03:19:53, 9.45e-13, 9.15e-11
2019-09-22, 03:19:57, 1.03e-12, 9.11e-11
2019-09-22, 03:20:02, 9.4e-13, 9.08e-11
2019-09-22, 03:20:06, 9.47e-13, 9.11e-11
2019-09-22, 03:20:10, 9.58e-13, 9.1e-11
2019-09-22, 03:20:14, 9.16e-13, 9.12e-11
2019-09-22, 03:20:19, 9.39e-13, 9.1e-11
2019-09-22, 03:20:23, 9.77e-13, 9.08e-11
2019-09-22, 03:20:27, 9.4e-13, 9.12e-11
2019-09-22, 03:20:31, 9.79e-13, 9.12e-11
2019-09-22, 03:20:35, 8.91e-13, 9.11e-11
2019-09-22, 03:20:40, 9.14e-13, 9.07e-11
2019-09-22, 03:20:44, 9.73e-13, 9.12e-11
2019-09-22, 03:20:48, 9.84e-13, 9.11e-11
2019-09-22, 03:20:52, 8.91e-13, 9.14e-11
2019-09-22, 03:20:57, 9.86e-13, 9.1e-11
2019-09-22, 03:21:01, 9.02e-13, 9.09e-11
2019-09-22, 03:21:05, 9.48e-13, 9.06e-11
2019-09-22, 03:21:09, 9.91e-13, 9.05e-11
2019-09-22, 03:21:13, 9.68e-13, 9.08e-11
2019-09-22, 03:21:18, 9.85e-13, 9.1e-11
2019-09-22, 03:21:22, 9.42e-13, 9.12e-11
2019-09-22, 03:21:26, 9.99e-13, 9.1e-11
2019-09-22, 03:21:30, 9.87e-13, 9.08e-11
2019-09-22, 03:21:35, 1.01e-12, 9.08e-11
2019-09-22, 03:21:39, 9.73e-13, 9.07e-11
2019-09-22, 03:21:43, 1e-12, 9.08e-11
2019-09-22, 03:21:47, 9.32e-13, 9.09e-11
2019-09-22, 03:21:51, 1.01e-12, 9.04e-11
2019-09-22, 03:21:56, 9.43e-13, 9.08e-11
2019-09-22, 03:22:00, 9.59e-13, 9.12e-11
2019-09-22, 03:22:04, 1.01e-12, 9.05e-11
2019-09-22, 03:22:08, 9.78e-13, 9.06e-11
2019-09-22, 03:22:13, 9.49e-13, 9.08e-11
2019-09-22, 03:22:17, 9.81e-13, 9.05e-11
2019-09-22, 03:22:21, 9.84e-13, 9.05e-11
2019-09-22, 03:22:25, 9.04e-13, 9.1e-11
2019-09-22, 03:22:29, 1.02e-12, 9.1e-11
2019-09-22, 03:22:34, 1.08e-12, 9.09e-11
2019-09-22, 03:22:38, 1.1e-12, 9.09e-11
2019-09-22, 03:22:42, 1e-12, 9.09e-11
2019-09-22, 03:22:46, 9.14e-13, 9.06e-11
2019-09-22, 03:22:51, 9.17e-13, 9.05e-11
2019-09-22, 03:22:55, 8.31e-13, 9.08e-11
2019-09-22, 03:22:59, 9.37e-13, 9.1e-11
2019-09-22, 03:23:03, 1.01e-12, 9.05e-11
2019-09-22, 03:23:07, 9.33e-13, 9.05e-11
2019-09-22, 03:23:12, 9.57e-13, 9.08e-11
2019-09-22, 03:23:16, 9.79e-13, 9.04e-11
2019-09-22, 03:23:20, 9.55e-13, 9.09e-11
2019-09-22, 03:23:24, 8.44e-13, 9.01e-11
2019-09-22, 03:23:28, 9.81e-13, 9.09e-11
2019-09-22, 03:23:33, 9.92e-13, 9.11e-11
2019-09-22, 03:23:37, 9.15e-13, 9.07e-11
2019-09-22, 03:23:41, 8.79e-13, 9.03e-11
2019-09-22, 03:23:45, 1e-12, 9.05e-11
2019-09-22, 03:23:50, 9.43e-13, 9.04e-11
2019-09-22, 03:23:54, 9.61e-13, 9.07e-11
2019-09-22, 03:23:58, 9.62e-13, 9.07e-11
2019-09-22, 03:24:02, 9.31e-13, 9.09e-11
2019-09-22, 03:24:06, 9.31e-13, 9.06e-11
2019-09-22, 03:24:11, 9.36e-13, 9.09e-11
2019-09-22, 03:24:15, 9.12e-13, 9.05e-11
2019-09-22, 03:24:19, 9.66e-13, 9.06e-11
2019-09-22, 03:24:23, 9.82e-13, 9.05e-11
2019-09-22, 03:24:28, 1.08e-12, 9.1e-11
2019-09-22, 03:24:32, 9.44e-13, 9.12e-11
2019-09-22, 03:24:36, 9.91e-13, 9.08e-11
2019-09-22, 03:24:40, 9.72e-13, 9.08e-11
2019-09-22, 03:24:44, 9.63e-13, 9.09e-11
2019-09-22, 03:24:49, 9.82e-13, 9.07e-11
2019-09-22, 03:24:53, 9.02e-13, 9.11e-11
2019-09-22, 03:24:57, 8.69e-13, 9.09e-11
2019-09-22, 03:25:01, 8.82e-13, 9.13e-11
2019-09-22, 03:25:06, 9.75e-13, 9.13e-11
2019-09-22, 03:25:10, 9.71e-13, 9.13e-11
2019-09-22, 03:25:14, 9.74e-13, 9.09e-11
2019-09-22, 03:25:18, 9.6e-13, 9.05e-11
2019-09-22, 03:25:22, 9.56e-13, 9.1e-11
2019-09-22, 03:25:27, 9.93e-13, 9.06e-11
2019-09-22, 03:25:31, 9.94e-13, 9.07e-11
2019-09-22, 03:25:35, 9.2e-13, 9.09e-11
2019-09-22, 03:25:39, 9.42e-13, 9.04e-11
2019-09-22, 03:25:44, 9.65e-13, 9.07e-11
2019-09-22, 03:25:48, 9.5e-13, 9.04e-11
2019-09-22, 03:25:52, 1.01e-12, 9.06e-11
2019-09-22, 03:25:56, 1.01e-12, 9.09e-11
2019-09-22, 03:26:00, 8.85e-13, 9.08e-11
2019-09-22, 03:26:05, 9.58e-13, 9.07e-11
2019-09-22, 03:26:09, 9.26e-13, 9.07e-11
2019-09-22, 03:26:13, 8.68e-13, 9.1e-11
2019-09-22, 03:26:17, 1.1e-12, 9.06e-11
2019-09-22, 03:26:22, 9.6e-13, 9.05e-11
2019-09-22, 03:26:26, 9.35e-13, 9.05e-11
2019-09-22, 03:26:30, 9.23e-13, 9.06e-11
2019-09-22, 03:26:34, 9.49e-13, 9.04e-11
2019-09-22, 03:26:38, 1.01e-12, 9.05e-11
2019-09-22, 03:26:43, 1.06e-12, 9.04e-11
2019-09-22, 03:26:47, 1.02e-12, 9.05e-11
2019-09-22, 03:26:51, 9.27e-13, 9.07e-11
2019-09-22, 03:26:55, 1.05e-12, 9.1e-11
2019-09-22, 03:26:59, 9.89e-13, 9.04e-11
2019-09-22, 03:27:04, 9.86e-13, 9.05e-11
2019-09-22, 03:27:08, 9.99e-13, 9.05e-11
2019-09-22, 03:27:12, 9e-13, 9.09e-11
2019-09-22, 03:27:16, 9.38e-13, 9.08e-11
2019-09-22, 03:27:21, 9.73e-13, 9.04e-11
2019-09-22, 03:27:25, 9.94e-13, 9.08e-11
2019-09-22, 03:27:29, 9.64e-13, 9.06e-11
2019-09-22, 03:27:33, 9.87e-13, 9.09e-11
2019-09-22, 03:27:37, 9.41e-13, 9.08e-11
2019-09-22, 03:27:42, 9.85e-13, 9.09e-11
2019-09-22, 03:27:46, 9.46e-13, 9.07e-11
2019-09-22, 03:27:50, 1.05e-12, 9.09e-11
2019-09-22, 03:27:54, 9.53e-13, 9.06e-11
2019-09-22, 03:27:59, 9.65e-13, 9.07e-11
2019-09-22, 03:28:03, 9.52e-13, 9.08e-11
2019-09-22, 03:28:07, 9.78e-13, 9.05e-11
2019-09-22, 03:28:11, 1.04e-12, 9.05e-11
2019-09-22, 03:28:15, 9.84e-13, 9.06e-11
2019-09-22, 03:28:20, 9.99e-13, 9.09e-11
2019-09-22, 03:28:24, 9.88e-13, 9.1e-11
2019-09-22, 03:28:28, 9.04e-13, 9.07e-11
2019-09-22, 03:28:32, 9.91e-13, 9.07e-11
2019-09-22, 03:28:37, 9e-13, 9.06e-11
2019-09-22, 03:28:41, 9.6e-13, 9.02e-11
2019-09-22, 03:28:45, 1e-12, 9.08e-11
2019-09-22, 03:28:49, 9.96e-13, 9.09e-11
2019-09-22, 03:28:53, 9.41e-13, 9.08e-11
2019-09-22, 03:28:58, 9.15e-13, 9.07e-11
2019-09-22, 03:29:02, 1e-12, 9.06e-11
2019-09-22, 03:29:06, 9.9e-13, 9.07e-11
2019-09-22, 03:29:10, 9.26e-13, 9.06e-11
2019-09-22, 03:29:15, 1.03e-12, 9.06e-11
2019-09-22, 03:29:19, 9.56e-13, 9.1e-11
2019-09-22, 03:29:23, 9.43e-13, 9.1e-11
2019-09-22, 03:29:27, 9.05e-13, 9.09e-11
2019-09-22, 03:29:31, 9.37e-13, 9.08e-11
2019-09-22, 03:29:36, 9.64e-13, 9.04e-11
2019-09-22, 03:29:40, 9.97e-13, 9.05e-11
2019-09-22, 03:29:44, 9.45e-13, 9.01e-11
2019-09-22, 03:29:48, 9.6e-13, 9.06e-11
2019-09-22, 03:29:53, 9.73e-13, 9.04e-11
2019-09-22, 03:29:57, 9.62e-13, 9.06e-11
2019-09-22, 03:30:01, 9.01e-13, 9.09e-11
2019-09-22, 03:30:05, 9.43e-13, 9.11e-11
2019-09-22, 03:30:09, 9.24e-13, 9.05e-11
2019-09-22, 03:30:14, 9.92e-13, 9.07e-11
2019-09-22, 03:30:24, 9.3e-13, 9.08e-11
2019-09-22, 03:30:28, 9.75e-13, 9.08e-11
2019-09-22, 03:30:32, 9.95e-13, 9.07e-11
2019-09-22, 03:30:36, 7.86e-13, 9.05e-11
2019-09-22, 03:30:41, 1.03e-12, 9.05e-11
2019-09-22, 03:30:45, 9.4e-13, 9.07e-11
2019-09-22, 03:30:49, 9.65e-13, 9.06e-11
2019-09-22, 03:30:53, 9.77e-13, 9.04e-11
2019-09-22, 03:30:57, 8.99e-13, 9.05e-11
2019-09-22, 03:31:02, 9.88e-13, 9.06e-11
2019-09-22, 03:31:06, 8.9e-13, 9.04e-11
2019-09-22, 03:31:10, 9.58e-13, 9.05e-11
2019-09-22, 03:31:14, 9.56e-13, 9.08e-11
2019-09-22, 03:31:19, 1.04e-12, 9.05e-11
2019-09-22, 03:31:23, 1.05e-12, 9.04e-11
2019-09-22, 03:31:27, 9.53e-13, 9.06e-11
2019-09-22, 03:31:31, 9.19e-13, 9.03e-11
2019-09-22, 03:31:35, 8.67e-13, 9.07e-11
2019-09-22, 03:31:40, 9.79e-13, 9.04e-11
2019-09-22, 03:31:44, 9.75e-13, 9.07e-11
2019-09-22, 03:31:48, 9.9e-13, 9.04e-11
2019-09-22, 03:31:52, 8.89e-13, 9.08e-11
2019-09-22, 03:31:56, 1.01e-12, 9.06e-11
2019-09-22, 03:32:01, 1.03e-12, 9.08e-11
2019-09-22, 03:32:05, 9.71e-13, 9.05e-11
2019-09-22, 03:32:09, 9.71e-13, 9.1e-11
2019-09-22, 03:32:13, 9.9e-13, 9.08e-11
2019-09-22, 03:32:18, 1.05e-12, 9.03e-11
2019-09-22, 03:32:22, 1.02e-12, 9.07e-11
2019-09-22, 03:32:26, 1e-12, 9.05e-11
2019-09-22, 03:32:30, 9.71e-13, 9.05e-11
2019-09-22, 03:32:34, 9.66e-13, 9.03e-11
2019-09-22, 03:32:39, 9.62e-13, 9.02e-11
2019-09-22, 03:32:43, 9.83e-13, 9.03e-11
2019-09-22, 03:32:47, 9.73e-13, 9.08e-11
2019-09-22, 03:32:51, 9.72e-13, 9.04e-11
2019-09-22, 03:32:56, 9.59e-13, 9.06e-11
2019-09-22, 03:33:00, 9.36e-13, 9.06e-11
2019-09-22, 03:33:04, 8.23e-13, 9.07e-11
2019-09-22, 03:33:08, 9.47e-13, 9.03e-11
2019-09-22, 03:33:12, 1.02e-12, 9.08e-11
2019-09-22, 03:33:17, 1.06e-12, 9.09e-11
2019-09-22, 03:33:21, 1.05e-12, 9.04e-11
2019-09-22, 03:33:25, 9.83e-13, 9.11e-11
2019-09-22, 03:33:29, 9.58e-13, 9.09e-11
2019-09-22, 03:33:34, 9.99e-13, 9.05e-11
2019-09-22, 03:33:38, 9.33e-13, 9.1e-11
2019-09-22, 03:33:42, 9.5e-13, 9.08e-11
2019-09-22, 03:33:46, 1.02e-12, 9.06e-11
2019-09-22, 03:33:50, 9.67e-13, 9.05e-11
2019-09-22, 03:33:55, 9.8e-13, 9.07e-11
2019-09-22, 03:33:59, 9.52e-13, 9.03e-11
2019-09-22, 03:34:03, 1.02e-12, 9.05e-11
2019-09-22, 03:34:07, 1.11e-12, 9.09e-11
2019-09-22, 03:34:12, 9.77e-13, 9.11e-11
2019-09-22, 03:34:16, 9.85e-13, 9.06e-11
2019-09-22, 03:34:20, 9.65e-13, 9.06e-11
2019-09-22, 03:34:24, 9.34e-13, 9.11e-11
2019-09-22, 03:34:28, 1.06e-12, 9.06e-11
2019-09-22, 03:34:33, 1.01e-12, 9.06e-11
2019-09-22, 03:34:37, 9.52e-13, 9.06e-11
2019-09-22, 03:34:41, 8.04e-13, 9.08e-11
2019-09-22, 03:34:45, 9.81e-13, 9.08e-11
2019-09-22, 03:34:50, 9.5e-13, 9.07e-11
2019-09-22, 03:34:54, 9.46e-13, 9.09e-11
2019-09-22, 03:34:58, 9.93e-13, 9.1e-11
2019-09-22, 03:35:02, 9.66e-13, 9.1e-11
2019-09-22, 03:35:06, 9.71e-13, 9.09e-11
2019-09-22, 03:35:11, 9.74e-13, 9.05e-11
2019-09-22, 03:35:15, 9.63e-13, 9.04e-11
2019-09-22, 03:35:19, 9.58e-13, 9.12e-11
2019-09-22, 03:35:23, 9.29e-13, 9.09e-11
2019-09-22, 03:35:28, 9.78e-13, 9.07e-11
2019-09-22, 03:35:32, 9.87e-13, 9.11e-11
2019-09-22, 03:35:36, 9.61e-13, 9.1e-11
2019-09-22, 03:35:40, 9.43e-13, 9.1e-11
2019-09-22, 03:35:44, 9.45e-13, 9.07e-11
2019-09-22, 03:35:49, 1.06e-12, 9.06e-11
2019-09-22, 03:35:53, 1.12e-12, 9.07e-11
2019-09-22, 03:35:57, 9.58e-13, 9.07e-11
2019-09-22, 03:36:01, 9.23e-13, 9.01e-11
2019-09-22, 03:36:05, 9.88e-13, 9.09e-11
2019-09-22, 03:36:10, 9.08e-13, 9.06e-11
2019-09-22, 03:36:14, 9.36e-13, 9.05e-11
2019-09-22, 03:36:18, 9.74e-13, 9.07e-11
2019-09-22, 03:36:22, 9.47e-13, 9.11e-11
2019-09-22, 03:36:27, 9.34e-13, 9.06e-11
2019-09-22, 03:36:31, 9.35e-13, 9.08e-11
2019-09-22, 03:36:35, 9.29e-13, 9.05e-11
2019-09-22, 03:36:39, 9.55e-13, 9.04e-11
2019-09-22, 03:36:43, 9.76e-13, 9.07e-11
2019-09-22, 03:36:48, 8.51e-13, 9.1e-11
2019-09-22, 03:36:52, 9.89e-13, 9.14e-11
2019-09-22, 03:36:56, 8.77e-13, 9.07e-11
2019-09-22, 03:37:00, 9.3e-13, 9.08e-11
2019-09-22, 03:37:05, 1.01e-12, 9.04e-11
2019-09-22, 03:37:09, 9.37e-13, 9.1e-11
2019-09-22, 03:37:13, 9.75e-13, 9.06e-11
2019-09-22, 03:37:17, 1.01e-12, 9.06e-11
2019-09-22, 03:37:21, 1.08e-12, 9.06e-11
2019-09-22, 03:37:26, 9.39e-13, 9.05e-11
2019-09-22, 03:37:30, 9.08e-13, 9.08e-11
2019-09-22, 03:37:34, 9.91e-13, 9.1e-11
2019-09-22, 03:37:38, 1.02e-12, 9.1e-11
2019-09-22, 03:37:43, 9.87e-13, 9.09e-11
2019-09-22, 03:37:47, 1e-12, 9.1e-11
2019-09-22, 03:37:51, 9.52e-13, 9.13e-11
2019-09-22, 03:37:55, 9.88e-13, 9.15e-11
2019-09-22, 03:37:59, 9.65e-13, 9.06e-11
2019-09-22, 03:38:04, 9.96e-13, 9.12e-11
2019-09-22, 03:38:08, 9.8e-13, 9.11e-11
2019-09-22, 03:38:12, 9.46e-13, 9.07e-11
2019-09-22, 03:38:16, 9.44e-13, 9.07e-11
2019-09-22, 03:38:21, 9.99e-13, 9.08e-11
2019-09-22, 03:38:25, 9.82e-13, 9.09e-11
2019-09-22, 03:38:29, 1e-12, 9.09e-11
2019-09-22, 03:38:33, 9.37e-13, 9.12e-11
2019-09-22, 03:38:37, 1.01e-12, 9.04e-11
2019-09-22, 03:38:42, 9.57e-13, 9.06e-11
2019-09-22, 03:38:46, 9.56e-13, 9.03e-11
2019-09-22, 03:38:50, 8.69e-13, 9.08e-11
2019-09-22, 03:38:54, 9.37e-13, 9.05e-11
2019-09-22, 03:38:59, 9.91e-13, 9.07e-11
2019-09-22, 03:39:03, 9.59e-13, 9.12e-11
2019-09-22, 03:39:07, 9.68e-13, 9.11e-11
2019-09-22, 03:39:11, 9.86e-13, 9.06e-11
2019-09-22, 03:39:15, 9.48e-13, 9.07e-11
2019-09-22, 03:39:20, 9.69e-13, 9.04e-11
2019-09-22, 03:39:24, 9.49e-13, 9.1e-11
2019-09-22, 03:39:28, 1.11e-12, 9.08e-11
2019-09-22, 03:39:32, 9.24e-13, 9.09e-11
2019-09-22, 03:39:37, 9.65e-13, 9.08e-11
2019-09-22, 03:39:41, 1.01e-12, 9.04e-11
2019-09-22, 03:39:45, 9.89e-13, 9.07e-11
2019-09-22, 03:39:49, 9.71e-13, 9.06e-11
2019-09-22, 03:39:53, 9.38e-13, 9.06e-11
2019-09-22, 03:39:58, 9.27e-13, 9.05e-11
2019-09-22, 03:40:02, 8.74e-13, 9.08e-11
2019-09-22, 03:40:06, 9.29e-13, 9.07e-11
2019-09-22, 03:40:10, 9.95e-13, 9.08e-11
2019-09-22, 03:40:14, 9.78e-13, 9.08e-11
2019-09-22, 03:40:19, 9.7e-13, 9.1e-11
2019-09-22, 03:40:23, 9.92e-13, 9.05e-11
2019-09-22, 03:40:27, 9.17e-13, 9.09e-11
2019-09-22, 03:40:31, 9.26e-13, 9.12e-11
2019-09-22, 03:40:36, 9.27e-13, 9.07e-11
2019-09-22, 03:40:40, 1.02e-12, 9.06e-11
2019-09-22, 03:40:44, 8.97e-13, 9.1e-11
2019-09-22, 03:40:48, 9.44e-13, 9.08e-11
2019-09-22, 03:40:53, 9.33e-13, 9.12e-11
2019-09-22, 03:40:57, 9.76e-13, 9.09e-11
2019-09-22, 03:41:01, 9.22e-13, 9.09e-11
2019-09-22, 03:41:05, 9.53e-13, 9.07e-11
2019-09-22, 03:41:09, 1e-12, 9.07e-11
2019-09-22, 03:41:14, 9.54e-13, 9.1e-11
2019-09-22, 03:41:18, 9.56e-13, 9.08e-11
2019-09-22, 03:41:22, 1e-12, 9.08e-11
2019-09-22, 03:41:26, 9.99e-13, 9.09e-11
2019-09-22, 03:41:30, 9.69e-13, 9.02e-11
2019-09-22, 03:41:35, 9.52e-13, 9.04e-11
2019-09-22, 03:41:39, 9.66e-13, 9.07e-11
2019-09-22, 03:41:43, 9.38e-13, 9.03e-11
2019-09-22, 03:41:47, 9.1e-13, 9.03e-11
2019-09-22, 03:41:52, 9.21e-13, 9.07e-11
2019-09-22, 03:41:56, 9.64e-13, 9.05e-11
2019-09-22, 03:42:00, 1.03e-12, 9.09e-11
2019-09-22, 03:42:04, 9.51e-13, 9.06e-11
2019-09-22, 03:42:08, 9.22e-13, 9.08e-11
2019-09-22, 03:42:13, 9.89e-13, 9.07e-11
2019-09-22, 03:42:17, 8.97e-13, 9.08e-11
2019-09-22, 03:42:21, 1.01e-12, 9.06e-11
2019-09-22, 03:42:25, 1.11e-12, 9.12e-11
2019-09-22, 03:42:30, 9.55e-13, 9.1e-11
2019-09-22, 03:42:34, 1.03e-12, 9.06e-11
2019-09-22, 03:42:38, 8.94e-13, 9.1e-11
2019-09-22, 03:42:42, 9.74e-13, 9.09e-11
2019-09-22, 03:42:46, 9.92e-13, 9.14e-11
2019-09-22, 03:42:51, 9.73e-13, 9.1e-11
2019-09-22, 03:42:55, 9.76e-13, 9.13e-11
2019-09-22, 03:42:59, 9.88e-13, 9.14e-11
2019-09-22, 03:43:03, 9.69e-13, 9.11e-11
2019-09-22, 03:43:08, 9.76e-13, 9.09e-11
2019-09-22, 03:43:12, 9.41e-13, 9.12e-11
2019-09-22, 03:43:16, 9.7e-13, 9.11e-11
2019-09-22, 03:43:20, 1.01e-12, 9.08e-11
2019-09-22, 03:43:24, 9.55e-13, 9.12e-11
2019-09-22, 03:43:29, 9.65e-13, 9.11e-11
2019-09-22, 03:43:33, 1.02e-12, 9.1e-11
2019-09-22, 03:43:37, 9.66e-13, 9.12e-11
2019-09-22, 03:43:41, 9.73e-13, 9.06e-11
2019-09-22, 03:43:46, 9.61e-13, 9.15e-11
2019-09-22, 03:43:50, 9.34e-13, 9.14e-11
2019-09-22, 03:43:54, 1.01e-12, 9.13e-11
2019-09-22, 03:43:58, 9.5e-13, 9.08e-11
2019-09-22, 03:44:02, 9.7e-13, 9.06e-11
2019-09-22, 03:44:07, 9.62e-13, 9.08e-11
2019-09-22, 03:44:11, 8.85e-13, 9.11e-11
2019-09-22, 03:44:15, 9.72e-13, 9.08e-11
2019-09-22, 03:44:19, 9.95e-13, 9.1e-11
2019-09-22, 03:44:24, 1e-12, 9.08e-11
2019-09-22, 03:44:28, 9.26e-13, 9.15e-11
2019-09-22, 03:44:32, 1.02e-12, 9.06e-11
2019-09-22, 03:44:36, 9.91e-13, 9.08e-11
2019-09-22, 03:44:40, 9.58e-13, 9.08e-11
2019-09-22, 03:44:45, 9.76e-13, 9.11e-11
2019-09-22, 03:44:49, 9.38e-13, 9.13e-11
2019-09-22, 03:44:53, 9.8e-13, 9.08e-11
2019-09-22, 03:44:57, 9.63e-13, 9.09e-11
2019-09-22, 03:45:02, 9.69e-13, 9.15e-11
2019-09-22, 03:45:06, 1.05e-12, 9.12e-11
2019-09-22, 03:45:10, 9.73e-13, 9.1e-11
2019-09-22, 03:45:14, 8.74e-13, 9.09e-11
2019-09-22, 03:45:18, 9.42e-13, 9.08e-11
2019-09-22, 03:45:23, 9.8e-13, 9.08e-11
2019-09-22, 03:45:27, 9.5e-13, 9.12e-11
2019-09-22, 03:45:31, 9.61e-13, 9.11e-11
2019-09-22, 03:45:35, 9.5e-13, 9.09e-11
2019-09-22, 03:45:40, 9.98e-13, 9.09e-11
2019-09-22, 03:45:44, 9.45e-13, 9.1e-11
2019-09-22, 03:45:48, 1.01e-12, 9.12e-11
2019-09-22, 03:45:52, 9.47e-13, 9.07e-11
2019-09-22, 03:45:56, 1.01e-12, 9.1e-11
2019-09-22, 03:46:01, 9.65e-13, 9.09e-11
2019-09-22, 03:46:05, 9.55e-13, 9.12e-11
2019-09-22, 03:46:09, 9.52e-13, 9.1e-11
2019-09-22, 03:46:13, 1.1e-12, 9.09e-11
2019-09-22, 03:46:18, 9.56e-13, 9.1e-11
2019-09-22, 03:46:22, 9.66e-13, 9.11e-11
2019-09-22, 03:46:26, 9.74e-13, 9.12e-11
2019-09-22, 03:46:30, 8.96e-13, 9.1e-11
2019-09-22, 03:46:34, 1.09e-12, 9.11e-11
2019-09-22, 03:46:39, 9.67e-13, 9.1e-11
2019-09-22, 03:46:43, 9.78e-13, 9.12e-11
2019-09-22, 03:46:47, 9.98e-13, 9.13e-11
2019-09-22, 03:46:51, 9.36e-13, 9.12e-11
2019-09-22, 03:46:56, 1.05e-12, 9.11e-11
2019-09-22, 03:47:00, 9.73e-13, 9.08e-11
2019-09-22, 03:47:04, 9.56e-13, 9.1e-11
2019-09-22, 03:47:08, 9.47e-13, 9.12e-11
2019-09-22, 03:47:12, 1.04e-12, 9.09e-11
2019-09-22, 03:47:17, 9.74e-13, 9.12e-11
2019-09-22, 03:47:21, 9.14e-13, 9.12e-11
2019-09-22, 03:47:25, 1e-12, 9.12e-11
2019-09-22, 03:47:29, 9.86e-13, 9.07e-11
2019-09-22, 03:47:33, 9.56e-13, 9.11e-11
2019-09-22, 03:47:38, 9.16e-13, 9.12e-11
2019-09-22, 03:47:42, 9.85e-13, 9.11e-11
2019-09-22, 03:47:46, 9.77e-13, 9.1e-11
2019-09-22, 03:47:50, 9.75e-13, 9.08e-11
2019-09-22, 03:47:55, 8.16e-13, 9.1e-11
2019-09-22, 03:47:59, 9.85e-13, 9.11e-11
2019-09-22, 03:48:03, 1e-12, 9.09e-11
2019-09-22, 03:48:07, 9.63e-13, 9.11e-11
2019-09-22, 03:48:11, 9.57e-13, 9.09e-11
2019-09-22, 03:48:16, 9.21e-13, 9.05e-11
2019-09-22, 03:48:20, 9.26e-13, 9.11e-11
2019-09-22, 03:48:24, 9.48e-13, 9.15e-11
2019-09-22, 03:48:28, 9.06e-13, 9.09e-11
2019-09-22, 03:48:33, 9.72e-13, 9.11e-11
2019-09-22, 03:48:37, 8.52e-13, 9.12e-11
2019-09-22, 03:48:41, 9.52e-13, 9.16e-11
2019-09-22, 03:48:45, 8.93e-13, 9.14e-11
2019-09-22, 03:48:49, 1e-12, 9.09e-11
2019-09-22, 03:48:54, 8.97e-13, 9.07e-11
2019-09-22, 03:48:58, 9.41e-13, 9.11e-11
2019-09-22, 03:49:02, 9.47e-13, 9.11e-11
2019-09-22, 03:49:06, 9.71e-13, 9.12e-11
2019-09-22, 03:49:11, 8.95e-13, 9.13e-11
2019-09-22, 03:49:15, 9.31e-13, 9.09e-11
2019-09-22, 03:49:19, 9.13e-13, 9.14e-11
2019-09-22, 03:49:23, 1.02e-12, 9.09e-11
2019-09-22, 03:49:27, 9.44e-13, 9.17e-11
2019-09-22, 03:49:32, 9.86e-13, 9.08e-11
2019-09-22, 03:49:36, 9.99e-13, 9.08e-11
2019-09-22, 03:49:40, 9.8e-13, 9.06e-11
2019-09-22, 03:49:44, 9.66e-13, 9.11e-11
2019-09-22, 03:49:49, 9.67e-13, 9.11e-11
2019-09-22, 03:49:53, 9.93e-13, 9.12e-11
2019-09-22, 03:49:57, 9.75e-13, 9.09e-11
2019-09-22, 03:50:01, 8.99e-13, 9.09e-11
2019-09-22, 03:50:05, 9.58e-13, 9.09e-11
2019-09-22, 03:50:10, 9.33e-13, 9.12e-11
2019-09-22, 03:50:14, 9.79e-13, 9.11e-11
2019-09-22, 03:50:18, 1.01e-12, 9.13e-11
2019-09-22, 03:50:22, 9.39e-13, 9.1e-11
2019-09-22, 03:50:27, 9.42e-13, 9.09e-11
2019-09-22, 03:50:31, 9.08e-13, 9.16e-11
2019-09-22, 03:50:35, 8.78e-13, 9.11e-11
2019-09-22, 03:50:39, 1.01e-12, 9.11e-11
2019-09-22, 03:50:43, 9.28e-13, 9.12e-11
2019-09-22, 03:50:48, 9.73e-13, 9.11e-11
2019-09-22, 03:50:52, 9.69e-13, 9.14e-11
2019-09-22, 03:50:56, 9.87e-13, 9.11e-11
2019-09-22, 03:51:00, 8.32e-13, 9.08e-11
2019-09-22, 03:51:04, 1.03e-12, 9.08e-11
2019-09-22, 03:51:09, 9.24e-13, 9.12e-11
2019-09-22, 03:51:13, 1e-12, 9.08e-11
2019-09-22, 03:51:17, 9.22e-13, 9.07e-11
2019-09-22, 03:51:21, 9.43e-13, 9.05e-11
2019-09-22, 03:51:26, 9.56e-13, 9.11e-11
2019-09-22, 03:51:30, 1.02e-12, 9.12e-11
2019-09-22, 03:51:34, 9.64e-13, 9.12e-11
2019-09-22, 03:51:38, 9.03e-13, 9.09e-11
2019-09-22, 03:51:42, 1.03e-12, 9.09e-11
2019-09-22, 03:51:47, 1.05e-12, 9.1e-11
2019-09-22, 03:51:51, 9.73e-13, 9.08e-11
2019-09-22, 03:51:55, 9.94e-13, 9.07e-11
2019-09-22, 03:51:59, 1.01e-12, 9.13e-11
2019-09-22, 03:52:04, 9.89e-13, 9.09e-11
2019-09-22, 03:52:08, 9.36e-13, 9.12e-11
2019-09-22, 03:52:12, 9.75e-13, 9.1e-11
2019-09-22, 03:52:16, 8.75e-13, 9.09e-11
2019-09-22, 03:52:20, 9.8e-13, 9.09e-11
2019-09-22, 03:52:25, 1.02e-12, 9.06e-11
2019-09-22, 03:52:29, 9.41e-13, 9.1e-11
2019-09-22, 03:52:33, 9.45e-13, 9.13e-11
2019-09-22, 03:52:37, 1.02e-12, 9.09e-11
2019-09-22, 03:52:42, 9.31e-13, 9.09e-11
2019-09-22, 03:52:46, 1.01e-12, 9.13e-11
2019-09-22, 03:52:50, 9.78e-13, 9.09e-11
2019-09-22, 03:52:54, 9.91e-13, 9.11e-11
2019-09-22, 03:52:58, 9.87e-13, 9.1e-11
2019-09-22, 03:53:03, 9.59e-13, 9.09e-11
2019-09-22, 03:53:07, 9.78e-13, 9.12e-11
2019-09-22, 03:53:11, 9.99e-13, 9.09e-11
2019-09-22, 03:53:15, 8.48e-13, 9.06e-11
2019-09-22, 03:53:20, 9.72e-13, 9.07e-11
2019-09-22, 03:53:24, 9.56e-13, 9.11e-11
2019-09-22, 03:53:28, 9.3e-13, 9.11e-11
2019-09-22, 03:53:32, 9.68e-13, 9.11e-11
2019-09-22, 03:53:36, 9.77e-13, 9.06e-11
2019-09-22, 03:53:41, 9.37e-13, 9.11e-11
2019-09-22, 03:53:45, 8.78e-13, 9.09e-11
2019-09-22, 03:53:49, 9.87e-13, 9.11e-11
2019-09-22, 03:53:53, 9.62e-13, 9.09e-11
2019-09-22, 03:53:58, 9.71e-13, 9.11e-11
2019-09-22, 03:54:02, 9.29e-13, 9.1e-11
2019-09-22, 03:54:06, 9.58e-13, 9.1e-11
2019-09-22, 03:54:10, 9.3e-13, 9.06e-11
2019-09-22, 03:54:14, 9.71e-13, 9.09e-11
2019-09-22, 03:54:19, 9.77e-13, 9.09e-11
2019-09-22, 03:54:23, 9.91e-13, 9.12e-11
2019-09-22, 03:54:27, 1.01e-12, 9.07e-11
2019-09-22, 03:54:31, 9.86e-13, 9.05e-11
2019-09-22, 03:54:36, 9.35e-13, 9.04e-11
2019-09-22, 03:54:40, 1.03e-12, 9.08e-11
2019-09-22, 03:54:44, 1.05e-12, 9.11e-11
2019-09-22, 03:54:48, 1e-12, 9.07e-11
2019-09-22, 03:54:52, 9.2e-13, 9.1e-11
2019-09-22, 03:54:57, 1e-12, 9.09e-11
2019-09-22, 03:55:01, 1e-12, 9.07e-11
2019-09-22, 03:55:05, 9.25e-13, 9.08e-11
2019-09-22, 03:55:09, 8.83e-13, 9.04e-11
2019-09-22, 03:55:14, 9.37e-13, 9.06e-11
2019-09-22, 03:55:18, 9.92e-13, 9.1e-11
2019-09-22, 03:55:22, 9.7e-13, 9.06e-11
2019-09-22, 03:55:26, 9.46e-13, 9.1e-11
2019-09-22, 03:55:30, 9.79e-13, 9.12e-11
2019-09-22, 03:55:35, 9.56e-13, 9.09e-11
2019-09-22, 03:55:39, 9.26e-13, 9.04e-11
2019-09-22, 03:55:43, 9.41e-13, 9.09e-11
2019-09-22, 03:55:47, 9.79e-13, 9.09e-11
2019-09-22, 03:55:52, 8.78e-13, 9.08e-11
2019-09-22, 03:55:56, 9.2e-13, 9.04e-11
2019-09-22, 03:56:00, 9.47e-13, 9.08e-11
2019-09-22, 03:56:04, 9.41e-13, 9.09e-11
2019-09-22, 03:56:08, 9.46e-13, 9.08e-11
2019-09-22, 03:56:13, 9.42e-13, 9.07e-11
2019-09-22, 03:56:17, 9.82e-13, 9.05e-11
2019-09-22, 03:56:21, 9.97e-13, 9.06e-11
2019-09-22, 03:56:25, 9.3e-13, 9.05e-11
2019-09-22, 03:56:29, 9.66e-13, 9.06e-11
2019-09-22, 03:56:34, 9.07e-13, 9.11e-11
2019-09-22, 03:56:38, 8.77e-13, 9.11e-11
2019-09-22, 03:56:42, 1e-12, 9.08e-11
2019-09-22, 03:56:46, 9.79e-13, 9.1e-11
2019-09-22, 03:56:51, 9.69e-13, 9.07e-11
2019-09-22, 03:56:55, 1.02e-12, 9.11e-11
2019-09-22, 03:56:59, 9.58e-13, 9.09e-11
2019-09-22, 03:57:03, 9.79e-13, 9.09e-11
2019-09-22, 03:57:07, 9.64e-13, 9.06e-11
2019-09-22, 03:57:12, 9.13e-13, 9.05e-11
2019-09-22, 03:57:16, 9.68e-13, 9.09e-11
2019-09-22, 03:57:20, 1.04e-12, 9.08e-11
2019-09-22, 03:57:24, 1.05e-12, 9.05e-11
2019-09-22, 03:57:29, 1.03e-12, 9.04e-11
2019-09-22, 03:57:33, 9.42e-13, 9.06e-11
2019-09-22, 03:57:37, 9.82e-13, 9.06e-11
2019-09-22, 03:57:41, 1.11e-12, 9.02e-11
2019-09-22, 03:57:45, 9.33e-13, 9.03e-11
2019-09-22, 03:57:50, 9.4e-13, 9.06e-11
2019-09-22, 03:57:54, 9.57e-13, 9.04e-11
2019-09-22, 03:57:58, 9.16e-13, 9.09e-11
2019-09-22, 03:58:02, 9.27e-13, 9.07e-11
2019-09-22, 03:58:07, 9.96e-13, 9.07e-11
2019-09-22, 03:58:11, 1.01e-12, 9.07e-11
2019-09-22, 03:58:15, 9.45e-13, 9.06e-11
2019-09-22, 03:58:19, 9.08e-13, 9.06e-11
2019-09-22, 03:58:23, 9.8e-13, 9.05e-11
2019-09-22, 03:58:28, 9.86e-13, 9.05e-11
2019-09-22, 03:58:32, 9.4e-13, 9.07e-11
2019-09-22, 03:58:36, 1.05e-12, 9.09e-11
2019-09-22, 03:58:40, 9.33e-13, 9.06e-11
2019-09-22, 03:58:45, 9.02e-13, 9.1e-11
2019-09-22, 03:58:49, 8.9e-13, 9.09e-11
2019-09-22, 03:58:53, 9.06e-13, 9.07e-11
2019-09-22, 03:58:57, 9.85e-13, 9.07e-11
2019-09-22, 03:59:01, 1.01e-12, 9.06e-11
2019-09-22, 03:59:06, 9.94e-13, 9.07e-11
2019-09-22, 03:59:10, 9.54e-13, 9.09e-11
2019-09-22, 03:59:14, 9.69e-13, 9.08e-11
2019-09-22, 03:59:18, 9.32e-13, 9.06e-11
2019-09-22, 03:59:23, 9.28e-13, 9.07e-11
2019-09-22, 03:59:27, 9.42e-13, 9.05e-11
2019-09-22, 03:59:31, 9.41e-13, 9.07e-11
2019-09-22, 03:59:35, 1.05e-12, 9.09e-11
2019-09-22, 03:59:39, 9.35e-13, 9.07e-11
2019-09-22, 03:59:44, 9.63e-13, 9.05e-11
2019-09-22, 03:59:48, 9.5e-13, 9.08e-11
2019-09-22, 03:59:52, 9.86e-13, 9.07e-11
2019-09-22, 03:59:56, 9.36e-13, 9.04e-11
2019-09-22, 04:00:01, 9.99e-13, 9.05e-11
2019-09-22, 04:00:05, 9.05e-13, 9.04e-11
2019-09-22, 04:00:09, 9.81e-13, 9.07e-11
2019-09-22, 04:00:13, 9.79e-13, 9.08e-11
2019-09-22, 04:00:17, 9.79e-13, 9.1e-11
2019-09-22, 04:00:22, 9.06e-13, 9.11e-11
2019-09-22, 04:00:26, 8.72e-13, 9.08e-11
2019-09-22, 04:00:30, 8.91e-13, 9.06e-11
2019-09-22, 04:00:34, 1.03e-12, 9.06e-11
2019-09-22, 04:00:39, 9.47e-13, 9.12e-11
2019-09-22, 04:00:43, 9.15e-13, 9.05e-11
2019-09-22, 04:00:47, 9.1e-13, 9.08e-11
2019-09-22, 04:00:51, 9.28e-13, 9.08e-11
2019-09-22, 04:00:55, 8.81e-13, 9.04e-11
2019-09-22, 04:01:00, 9.27e-13, 9.06e-11
2019-09-22, 04:01:04, 9.86e-13, 9.07e-11
2019-09-22, 04:01:08, 1e-12, 9.05e-11
2019-09-22, 04:01:12, 9.73e-13, 9.08e-11
2019-09-22, 04:01:16, 8.83e-13, 9.08e-11
2019-09-22, 04:01:21, 9.41e-13, 9.07e-11
2019-09-22, 04:01:25, 9.62e-13, 9.07e-11
2019-09-22, 04:01:29, 9.15e-13, 9.08e-11
2019-09-22, 04:01:33, 9.88e-13, 9.06e-11
2019-09-22, 04:01:38, 1.08e-12, 9.11e-11
2019-09-22, 04:01:42, 9.06e-13, 9.06e-11
2019-09-22, 04:01:46, 9.56e-13, 9.08e-11
2019-09-22, 04:01:50, 9.47e-13, 9.04e-11
2019-09-22, 04:01:54, 9.06e-13, 9.08e-11
2019-09-22, 04:01:59, 9.49e-13, 9.07e-11
2019-09-22, 04:02:03, 8.82e-13, 9.04e-11
2019-09-22, 04:02:07, 9.81e-13, 9.04e-11
2019-09-22, 04:02:11, 1.09e-12, 9.09e-11
2019-09-22, 04:02:16, 1e-12, 9.06e-11
2019-09-22, 04:02:20, 9.34e-13, 9.1e-11
2019-09-22, 04:02:24, 8.8e-13, 9.07e-11
2019-09-22, 04:02:28, 8.41e-13, 9.05e-11
2019-09-22, 04:02:32, 9.74e-13, 9.03e-11
2019-09-22, 04:02:37, 9.47e-13, 9.05e-11
2019-09-22, 04:02:41, 9.62e-13, 9.06e-11
2019-09-22, 04:02:45, 1.01e-12, 9.1e-11
2019-09-22, 04:02:49, 9.81e-13, 9.05e-11
2019-09-22, 04:02:54, 1.03e-12, 9.09e-11
2019-09-22, 04:02:58, 9.68e-13, 9.1e-11
2019-09-22, 04:03:02, 9.5e-13, 9.09e-11
2019-09-22, 04:03:06, 9.6e-13, 9.09e-11
2019-09-22, 04:03:10, 9.67e-13, 9.05e-11
2019-09-22, 04:03:15, 9.95e-13, 9.06e-11
2019-09-22, 04:03:19, 9.6e-13, 9.06e-11
2019-09-22, 04:03:23, 9.52e-13, 9.09e-11
2019-09-22, 04:03:27, 9.8e-13, 9.05e-11
2019-09-22, 04:03:32, 9.28e-13, 9.11e-11
2019-09-22, 04:03:36, 9.27e-13, 9.1e-11
2019-09-22, 04:03:40, 9.5e-13, 9.04e-11
2019-09-22, 04:03:44, 9.02e-13, 9.04e-11
2019-09-22, 04:03:48, 9.53e-13, 9.08e-11
2019-09-22, 04:03:53, 1.04e-12, 9.04e-11
2019-09-22, 04:03:57, 9.67e-13, 9.08e-11
2019-09-22, 04:04:01, 9.76e-13, 9.08e-11
2019-09-22, 04:04:05, 1e-12, 9.07e-11
2019-09-22, 04:04:10, 1.03e-12, 9.11e-11
2019-09-22, 04:04:14, 9.85e-13, 9.07e-11
2019-09-22, 04:04:18, 9.82e-13, 9.05e-11
2019-09-22, 04:04:22, 9.82e-13, 9.04e-11
2019-09-22, 04:04:26, 9.52e-13, 9.07e-11
2019-09-22, 04:04:31, 8.9e-13, 9.07e-11
2019-09-22, 04:04:35, 9.79e-13, 9.06e-11
2019-09-22, 04:04:39, 9.55e-13, 9.05e-11
2019-09-22, 04:04:43, 9.51e-13, 9.05e-11
2019-09-22, 04:04:47, 9.56e-13, 9.07e-11
2019-09-22, 04:04:52, 1.03e-12, 9.07e-11
2019-09-22, 04:04:56, 9.66e-13, 9.09e-11
2019-09-22, 04:05:00, 1.02e-12, 9.05e-11
2019-09-22, 04:05:04, 9.16e-13, 9.06e-11
2019-09-22, 04:05:09, 8.95e-13, 9.06e-11
2019-09-22, 04:05:13, 9.43e-13, 9.03e-11
2019-09-22, 04:05:17, 1.02e-12, 9.08e-11
2019-09-22, 04:05:21, 9.82e-13, 9.07e-11
2019-09-22, 04:05:25, 9.6e-13, 9.03e-11
2019-09-22, 04:05:30, 1e-12, 9.06e-11
2019-09-22, 04:05:34, 9.39e-13, 9.03e-11
2019-09-22, 04:05:38, 9.51e-13, 9.08e-11
2019-09-22, 04:05:42, 9.81e-13, 9.09e-11
2019-09-22, 04:05:47, 9.59e-13, 9.07e-11
2019-09-22, 04:05:51, 9.71e-13, 9.06e-11
2019-09-22, 04:05:55, 1.03e-12, 9.09e-11
2019-09-22, 04:05:59, 9.61e-13, 9.08e-11
2019-09-22, 04:06:03, 1.02e-12, 9.07e-11
2019-09-22, 04:06:08, 9.64e-13, 9.08e-11
2019-09-22, 04:06:12, 9.8e-13, 9.09e-11
2019-09-22, 04:06:16, 9.32e-13, 9.06e-11
2019-09-22, 04:06:20, 8.81e-13, 9.07e-11
2019-09-22, 04:06:25, 9.28e-13, 9.08e-11
2019-09-22, 04:06:29, 9.65e-13, 9.03e-11
2019-09-22, 04:06:33, 9.56e-13, 9.09e-11
2019-09-22, 04:06:37, 9.6e-13, 9.07e-11
2019-09-22, 04:06:41, 9.9e-13, 9.07e-11
2019-09-22, 04:06:46, 9.32e-13, 9.06e-11
2019-09-22, 04:06:50, 9.1e-13, 9.09e-11
2019-09-22, 04:06:54, 9.76e-13, 9.09e-11
2019-09-22, 04:06:58, 9.3e-13, 9.07e-11
2019-09-22, 04:07:03, 9.11e-13, 9.06e-11
2019-09-22, 04:07:07, 9.79e-13, 9.06e-11
2019-09-22, 04:07:11, 9.82e-13, 9.1e-11
2019-09-22, 04:07:15, 1.01e-12, 9.09e-11
2019-09-22, 04:07:19, 9.52e-13, 9.07e-11
2019-09-22, 04:07:24, 9.09e-13, 9.03e-11
2019-09-22, 04:07:28, 9.66e-13, 9.09e-11
2019-09-22, 04:07:32, 9.67e-13, 9.09e-11
2019-09-22, 04:07:36, 9.35e-13, 9.05e-11
2019-09-22, 04:07:41, 9.58e-13, 9.08e-11
2019-09-22, 04:07:45, 9.3e-13, 9.08e-11
2019-09-22, 04:07:49, 9.6e-13, 9.11e-11
2019-09-22, 04:07:53, 9.54e-13, 9.07e-11
2019-09-22, 04:07:57, 9.04e-13, 9.09e-11
2019-09-22, 04:08:02, 9.14e-13, 9.05e-11
2019-09-22, 04:08:06, 9.73e-13, 9.06e-11
2019-09-22, 04:08:10, 1.11e-12, 9.07e-11
2019-09-22, 04:08:14, 9.86e-13, 9.09e-11
2019-09-22, 04:08:19, 1.02e-12, 9.07e-11
2019-09-22, 04:08:23, 9.61e-13, 9.05e-11
2019-09-22, 04:08:27, 9.56e-13, 9.07e-11
2019-09-22, 04:08:31, 9.36e-13, 9.07e-11
2019-09-22, 04:08:35, 9.36e-13, 9.08e-11
2019-09-22, 04:08:40, 1.02e-12, 9.07e-11
2019-09-22, 04:08:44, 1.03e-12, 9.07e-11
2019-09-22, 04:08:48, 8.97e-13, 9.07e-11
2019-09-22, 04:08:52, 9.55e-13, 9.06e-11
2019-09-22, 04:08:57, 9.85e-13, 9.08e-11
2019-09-22, 04:09:01, 9.66e-13, 9.06e-11
2019-09-22, 04:09:05, 9.27e-13, 9.09e-11
2019-09-22, 04:09:09, 1.01e-12, 9.05e-11
2019-09-22, 04:09:14, 1.01e-12, 9.05e-11
2019-09-22, 04:09:18, 9.23e-13, 9.03e-11
2019-09-22, 04:09:22, 9.35e-13, 9.08e-11
2019-09-22, 04:09:26, 1.05e-12, 9.11e-11
2019-09-22, 04:09:30, 9.79e-13, 9.06e-11
2019-09-22, 04:09:35, 1.04e-12, 9.09e-11
2019-09-22, 04:09:39, 9.59e-13, 9.1e-11
2019-09-22, 04:09:43, 9.9e-13, 9.08e-11
2019-09-22, 04:09:47, 9.04e-13, 9.11e-11
2019-09-22, 04:09:52, 9.91e-13, 9.08e-11
2019-09-22, 04:09:56, 9.08e-13, 9.07e-11
2019-09-22, 04:10:00, 9.55e-13, 9.08e-11
2019-09-22, 04:10:04, 9.34e-13, 9.09e-11
2019-09-22, 04:10:08, 9.31e-13, 9.06e-11
2019-09-22, 04:10:13, 9.48e-13, 9.09e-11
2019-09-22, 04:10:17, 1.01e-12, 9.08e-11
2019-09-22, 04:10:21, 9.81e-13, 9.12e-11
2019-09-22, 04:10:25, 9.53e-13, 9.1e-11
2019-09-22, 04:10:30, 9.81e-13, 9.1e-11
2019-09-22, 04:10:34, 1e-12, 9.08e-11
2019-09-22, 04:10:38, 9.69e-13, 9.07e-11
2019-09-22, 04:10:42, 9.14e-13, 9.08e-11
2019-09-22, 04:10:46, 9.25e-13, 9.09e-11
2019-09-22, 04:10:51, 1.1e-12, 9.08e-11
2019-09-22, 04:10:55, 9.93e-13, 9.04e-11
2019-09-22, 04:10:59, 9.72e-13, 9.05e-11
2019-09-22, 04:11:03, 9.32e-13, 9.07e-11
2019-09-22, 04:11:08, 9.57e-13, 9.06e-11
2019-09-22, 04:11:12, 9.26e-13, 9.09e-11
2019-09-22, 04:11:16, 9.83e-13, 9.02e-11
2019-09-22, 04:11:20, 9.66e-13, 9.09e-11
2019-09-22, 04:11:24, 8.88e-13, 9.07e-11
2019-09-22, 04:11:29, 9.68e-13, 9.03e-11
2019-09-22, 04:11:33, 9.3e-13, 9.06e-11
2019-09-22, 04:11:37, 9.84e-13, 9.06e-11
2019-09-22, 04:11:41, 9.78e-13, 9.04e-11
2019-09-22, 04:11:46, 9.46e-13, 9.09e-11
2019-09-22, 04:11:50, 9.74e-13, 9.09e-11
2019-09-22, 04:11:54, 1e-12, 9.08e-11
2019-09-22, 04:11:58, 9.39e-13, 9.08e-11
2019-09-22, 04:12:02, 9.57e-13, 9.07e-11
2019-09-22, 04:12:07, 9.93e-13, 9.08e-11
2019-09-22, 04:12:11, 1.05e-12, 9.07e-11
2019-09-22, 04:12:15, 9.73e-13, 9.09e-11
2019-09-22, 04:12:19, 9.65e-13, 9.09e-11
2019-09-22, 04:12:24, 9.94e-13, 9.07e-11
2019-09-22, 04:12:28, 8.96e-13, 9.1e-11
2019-09-22, 04:12:32, 9.65e-13, 9.07e-11
2019-09-22, 04:12:36, 9.95e-13, 9.07e-11
2019-09-22, 04:12:40, 1.05e-12, 9.09e-11
2019-09-22, 04:12:45, 9.27e-13, 9.11e-11
2019-09-22, 04:12:49, 9.98e-13, 9.13e-11
2019-09-22, 04:12:53, 9.09e-13, 9.1e-11
2019-09-22, 04:12:57, 9.84e-13, 9.08e-11
2019-09-22, 04:13:02, 9.64e-13, 9.07e-11
2019-09-22, 04:13:06, 9.61e-13, 9.03e-11
2019-09-22, 04:13:10, 9.72e-13, 9.06e-11
2019-09-22, 04:13:14, 9.16e-13, 9.07e-11
2019-09-22, 04:13:18, 9.05e-13, 9.1e-11
2019-09-22, 04:13:23, 8.99e-13, 9.08e-11
2019-09-22, 04:13:27, 9.8e-13, 9.1e-11
2019-09-22, 04:13:31, 9.53e-13, 9.1e-11
2019-09-22, 04:13:35, 9.9e-13, 9.1e-11
2019-09-22, 04:13:40, 9.87e-13, 9.1e-11
2019-09-22, 04:13:44, 9.49e-13, 9.1e-11
2019-09-22, 04:13:48, 9.48e-13, 9.1e-11
2019-09-22, 04:13:52, 9.8e-13, 9.1e-11
2019-09-22, 04:13:56, 9.38e-13, 9.09e-11
2019-09-22, 04:14:01, 9.83e-13, 9.08e-11
2019-09-22, 04:14:05, 9.6e-13, 9.09e-11
2019-09-22, 04:14:09, 9.73e-13, 9.08e-11
2019-09-22, 04:14:13, 9.53e-13, 9.09e-11
2019-09-22, 04:14:17, 9.6e-13, 9.11e-11
2019-09-22, 04:14:22, 9.77e-13, 9.12e-11
2019-09-22, 04:14:26, 9.18e-13, 9.11e-11
2019-09-22, 04:14:30, 1.02e-12, 9.09e-11
2019-09-22, 04:14:34, 9.15e-13, 9.1e-11
2019-09-22, 04:14:39, 9.36e-13, 9.09e-11
2019-09-22, 04:14:43, 9.53e-13, 9.12e-11
2019-09-22, 04:14:47, 9.91e-13, 9.11e-11
2019-09-22, 04:14:51, 9.46e-13, 9.09e-11
2019-09-22, 04:14:55, 9.86e-13, 9.09e-11
2019-09-22, 04:15:00, 9.53e-13, 9.07e-11
2019-09-22, 04:15:04, 9.1e-13, 9.11e-11
2019-09-22, 04:15:08, 9.38e-13, 9.06e-11
2019-09-22, 04:15:12, 9.33e-13, 9.05e-11
2019-09-22, 04:15:17, 9.24e-13, 9.13e-11
2019-09-22, 04:15:21, 1.12e-12, 9.1e-11
2019-09-22, 04:15:25, 9.65e-13, 9.06e-11
2019-09-22, 04:15:29, 9.87e-13, 9.06e-11
2019-09-22, 04:15:33, 9.37e-13, 9.05e-11
2019-09-22, 04:15:38, 9.56e-13, 9.11e-11
2019-09-22, 04:15:42, 9.68e-13, 9.09e-11
2019-09-22, 04:15:46, 9.77e-13, 9.11e-11
2019-09-22, 04:15:50, 9.58e-13, 9.07e-11
2019-09-22, 04:15:55, 1.04e-12, 9.11e-11
2019-09-22, 04:15:59, 1.01e-12, 9.07e-11
2019-09-22, 04:16:03, 9.67e-13, 9.09e-11
2019-09-22, 04:16:07, 9.54e-13, 9.09e-11
2019-09-22, 04:16:11, 8.91e-13, 9.08e-11
2019-09-22, 04:16:16, 1.11e-12, 9.07e-11
2019-09-22, 04:16:20, 9.14e-13, 9.11e-11
2019-09-22, 04:16:24, 9.96e-13, 9.06e-11
2019-09-22, 04:16:28, 1.01e-12, 9.07e-11
2019-09-22, 04:16:33, 9.65e-13, 9.1e-11
2019-09-22, 04:16:37, 9.34e-13, 9.07e-11
2019-09-22, 04:16:41, 9.31e-13, 9.11e-11
2019-09-22, 04:16:45, 9.51e-13, 9.13e-11
2019-09-22, 04:16:49, 9.39e-13, 9.07e-11
2019-09-22, 04:16:54, 9.73e-13, 9.11e-11
2019-09-22, 04:16:58, 8.52e-13, 9.09e-11
2019-09-22, 04:17:02, 9.56e-13, 9.11e-11
2019-09-22, 04:17:06, 1.13e-12, 9.09e-11
2019-09-22, 04:17:11, 8.6e-13, 9.09e-11
2019-09-22, 04:17:15, 1e-12, 9.09e-11
2019-09-22, 04:17:19, 9.78e-13, 9.08e-11
2019-09-22, 04:17:23, 9.33e-13, 9.08e-11
2019-09-22, 04:17:27, 9.39e-13, 9.1e-11
2019-09-22, 04:17:32, 9.52e-13, 9.06e-11
2019-09-22, 04:17:36, 1e-12, 9.1e-11
2019-09-22, 04:17:40, 8.8e-13, 9.09e-11
2019-09-22, 04:17:44, 9.51e-13, 9.09e-11
2019-09-22, 04:17:48, 9.91e-13, 9.1e-11
2019-09-22, 04:17:53, 9.54e-13, 9.1e-11
2019-09-22, 04:17:57, 9.08e-13, 9.1e-11
2019-09-22, 04:18:01, 9.58e-13, 9.12e-11
2019-09-22, 04:18:05, 1e-12, 9.07e-11
2019-09-22, 04:18:10, 9.83e-13, 9.11e-11
2019-09-22, 04:18:14, 9.55e-13, 9.12e-11
2019-09-22, 04:18:18, 9.06e-13, 9.07e-11
2019-09-22, 04:18:22, 9.86e-13, 9.13e-11
2019-09-22, 04:18:26, 9.35e-13, 9.1e-11
2019-09-22, 04:18:31, 9.65e-13, 9.08e-11
2019-09-22, 04:18:35, 9.36e-13, 9.08e-11
2019-09-22, 04:18:39, 1.02e-12, 9.07e-11
2019-09-22, 04:18:43, 1.08e-12, 9.09e-11
2019-09-22, 04:18:48, 9.89e-13, 9.09e-11
2019-09-22, 04:18:52, 9.86e-13, 9.08e-11
2019-09-22, 04:18:56, 9.66e-13, 9.07e-11
2019-09-22, 04:19:00, 1.04e-12, 9.08e-11
2019-09-22, 04:19:04, 1.01e-12, 9.09e-11
2019-09-22, 04:19:09, 9.21e-13, 9.12e-11
2019-09-22, 04:19:13, 9.61e-13, 9.08e-11
2019-09-22, 04:19:17, 9.69e-13, 9.1e-11
2019-09-22, 04:19:21, 9.43e-13, 9.06e-11
2019-09-22, 04:19:26, 8.59e-13, 9.04e-11
2019-09-22, 04:19:30, 9.65e-13, 9.06e-11
2019-09-22, 04:19:34, 9.98e-13, 9.04e-11
2019-09-22, 04:19:38, 9.32e-13, 9.07e-11
2019-09-22, 04:19:42, 9.83e-13, 9.05e-11
2019-09-22, 04:19:47, 9.83e-13, 9.11e-11
2019-09-22, 04:19:51, 9.39e-13, 9.11e-11
2019-09-22, 04:19:55, 9.54e-13, 9.08e-11
2019-09-22, 04:19:59, 8.92e-13, 9.09e-11
2019-09-22, 04:20:04, 1.08e-12, 9.07e-11
2019-09-22, 04:20:08, 1.02e-12, 9.12e-11
2019-09-22, 04:20:12, 1.04e-12, 9.14e-11
2019-09-22, 04:20:16, 9.63e-13, 9.09e-11
2019-09-22, 04:20:20, 8.84e-13, 9.09e-11
2019-09-22, 04:20:25, 1.03e-12, 9.04e-11
2019-09-22, 04:20:29, 1e-12, 9.07e-11
2019-09-22, 04:20:33, 1.05e-12, 9.09e-11
2019-09-22, 04:20:37, 1e-12, 9.1e-11
2019-09-22, 04:20:42, 1.11e-12, 9.11e-11
2019-09-22, 04:20:46, 1.04e-12, 9.09e-11
2019-09-22, 04:20:50, 9.74e-13, 9.12e-11
2019-09-22, 04:20:54, 9.49e-13, 9.11e-11
2019-09-22, 04:20:58, 8.9e-13, 9.14e-11
2019-09-22, 04:21:03, 9.6e-13, 9.1e-11
2019-09-22, 04:21:07, 1e-12, 9.1e-11
2019-09-22, 04:21:11, 9.24e-13, 9.07e-11
2019-09-22, 04:21:15, 9.28e-13, 9.12e-11
2019-09-22, 04:21:19, 9.47e-13, 9.08e-11
2019-09-22, 04:21:24, 9.73e-13, 9.06e-11
2019-09-22, 04:21:28, 9.48e-13, 9.06e-11
2019-09-22, 04:21:32, 9.32e-13, 9.07e-11
2019-09-22, 04:21:36, 9.59e-13, 9.1e-11
2019-09-22, 04:21:41, 9.38e-13, 9.09e-11
2019-09-22, 04:21:45, 9.54e-13, 9.08e-11
2019-09-22, 04:21:49, 9.41e-13, 9.07e-11
2019-09-22, 04:21:53, 9.47e-13, 9.12e-11
2019-09-22, 04:21:57, 1e-12, 9.12e-11
2019-09-22, 04:22:02, 9.17e-13, 9.08e-11
2019-09-22, 04:22:06, 9.73e-13, 9.11e-11
2019-09-22, 04:22:10, 9.66e-13, 9.06e-11
2019-09-22, 04:22:14, 9.82e-13, 9.08e-11
2019-09-22, 04:22:19, 9.6e-13, 9.06e-11
2019-09-22, 04:22:23, 9.48e-13, 9.13e-11
2019-09-22, 04:22:27, 1.06e-12, 9.11e-11
2019-09-22, 04:22:31, 9.36e-13, 9.1e-11
2019-09-22, 04:22:35, 1.01e-12, 9.1e-11
2019-09-22, 04:22:40, 1.03e-12, 9.05e-11
2019-09-22, 04:22:44, 9.13e-13, 9.1e-11
2019-09-22, 04:22:48, 9.35e-13, 9.07e-11
2019-09-22, 04:22:52, 9.97e-13, 9.12e-11
2019-09-22, 04:22:57, 9.57e-13, 9.1e-11
2019-09-22, 04:23:01, 9.25e-13, 9.1e-11
2019-09-22, 04:23:05, 1.01e-12, 9.09e-11
2019-09-22, 04:23:09, 9.28e-13, 9.11e-11
2019-09-22, 04:23:13, 9.82e-13, 9.1e-11
2019-09-22, 04:23:18, 9.66e-13, 9.07e-11
2019-09-22, 04:23:22, 8.51e-13, 9.09e-11
2019-09-22, 04:23:26, 9.83e-13, 9.09e-11
2019-09-22, 04:23:30, 9.3e-13, 9.08e-11
2019-09-22, 04:23:35, 9.82e-13, 9.09e-11
2019-09-22, 04:23:39, 9.61e-13, 9.04e-11
2019-09-22, 04:23:43, 9.34e-13, 9.09e-11
2019-09-22, 04:23:47, 9.76e-13, 9.09e-11
2019-09-22, 04:23:51, 9.33e-13, 9.07e-11
2019-09-22, 04:23:56, 9.62e-13, 9.07e-11
2019-09-22, 04:24:00, 9.45e-13, 9.08e-11
2019-09-22, 04:24:04, 9.42e-13, 9.12e-11
2019-09-22, 04:24:08, 9.58e-13, 9.06e-11
2019-09-22, 04:24:13, 9.26e-13, 9.08e-11
2019-09-22, 04:24:17, 9.81e-13, 9.06e-11
2019-09-22, 04:24:21, 9.22e-13, 9.07e-11
2019-09-22, 04:24:25, 9.68e-13, 9.11e-11
2019-09-22, 04:24:29, 1.02e-12, 9.07e-11
2019-09-22, 04:24:34, 1.03e-12, 9.06e-11
2019-09-22, 04:24:38, 9.76e-13, 9.05e-11
2019-09-22, 04:24:42, 1.01e-12, 9.04e-11
2019-09-22, 04:24:46, 8.95e-13, 9.06e-11
2019-09-22, 04:24:50, 9.98e-13, 9.03e-11
2019-09-22, 04:24:55, 9.74e-13, 9.09e-11
2019-09-22, 04:24:59, 8.98e-13, 9.07e-11
2019-09-22, 04:25:03, 9.56e-13, 9.1e-11
2019-09-22, 04:25:07, 8.62e-13, 9.09e-11
2019-09-22, 04:25:12, 9.47e-13, 9.11e-11
2019-09-22, 04:25:16, 9.91e-13, 9.08e-11
2019-09-22, 04:25:20, 8.12e-13, 9.09e-11
2019-09-22, 04:25:24, 1e-12, 9.09e-11
2019-09-22, 04:25:28, 9.64e-13, 9.08e-11
2019-09-22, 04:25:33, 9.39e-13, 9.07e-11
2019-09-22, 04:25:37, 9.27e-13, 9.08e-11
2019-09-22, 04:25:41, 9.74e-13, 9.1e-11
2019-09-22, 04:25:45, 1.02e-12, 9.14e-11
2019-09-22, 04:25:50, 9.87e-13, 9.08e-11
2019-09-22, 04:25:54, 1e-12, 9.04e-11
2019-09-22, 04:25:58, 9.37e-13, 9.08e-11
2019-09-22, 04:26:02, 1e-12, 9.1e-11
2019-09-22, 04:26:06, 9.87e-13, 9.09e-11
2019-09-22, 04:26:11, 8.84e-13, 9.07e-11
2019-09-22, 04:26:15, 9.08e-13, 9.05e-11
2019-09-22, 04:26:19, 9.67e-13, 9.07e-11
2019-09-22, 04:26:23, 9.2e-13, 9.09e-11
2019-09-22, 04:26:28, 9.72e-13, 9.08e-11
2019-09-22, 04:26:32, 1.08e-12, 9.06e-11
2019-09-22, 04:26:36, 9.55e-13, 9.07e-11
2019-09-22, 04:26:40, 9.25e-13, 9.08e-11
2019-09-22, 04:26:45, 9.73e-13, 9.09e-11
2019-09-22, 04:26:49, 9.6e-13, 9.07e-11
2019-09-22, 04:26:53, 9.74e-13, 9.11e-11
2019-09-22, 04:26:57, 9.58e-13, 9.06e-11
2019-09-22, 04:27:01, 9.99e-13, 9.08e-11
2019-09-22, 04:27:06, 9.63e-13, 9.13e-11
2019-09-22, 04:27:10, 9.93e-13, 9.08e-11
2019-09-22, 04:27:14, 9.99e-13, 9.07e-11
2019-09-22, 04:27:18, 9.35e-13, 9.06e-11
2019-09-22, 04:27:23, 9.43e-13, 9.09e-11
2019-09-22, 04:27:27, 9.74e-13, 9.11e-11
2019-09-22, 04:27:31, 9.33e-13, 9.08e-11
2019-09-22, 04:27:35, 9.85e-13, 9.06e-11
2019-09-22, 04:27:39, 9.99e-13, 9.14e-11
2019-09-22, 04:27:44, 9.43e-13, 9.1e-11
2019-09-22, 04:27:48, 9.19e-13, 9.09e-11
2019-09-22, 04:27:52, 8.92e-13, 9.07e-11
2019-09-22, 04:27:56, 9.56e-13, 9.05e-11
2019-09-22, 04:28:01, 9.59e-13, 9.04e-11
2019-09-22, 04:28:05, 9.88e-13, 9.09e-11
2019-09-22, 04:28:09, 9.75e-13, 9.07e-11
2019-09-22, 04:28:13, 9.94e-13, 9.08e-11
2019-09-22, 04:28:17, 8.97e-13, 9.08e-11
2019-09-22, 04:28:22, 9.42e-13, 9.06e-11
2019-09-22, 04:28:26, 9.15e-13, 9.05e-11
2019-09-22, 04:28:30, 1.08e-12, 9.03e-11
2019-09-22, 04:28:34, 9.97e-13, 9.06e-11
2019-09-22, 04:28:38, 9.03e-13, 9.05e-11
2019-09-22, 04:28:43, 1.03e-12, 9.1e-11
2019-09-22, 04:28:47, 9.82e-13, 9.07e-11
2019-09-22, 04:28:51, 9.66e-13, 9.09e-11
2019-09-22, 04:28:55, 9.68e-13, 9.09e-11
2019-09-22, 04:29:00, 1.01e-12, 9.09e-11
2019-09-22, 04:29:04, 9.64e-13, 9.09e-11
2019-09-22, 04:29:08, 9.46e-13, 9.07e-11
2019-09-22, 04:29:12, 9.06e-13, 9.08e-11
2019-09-22, 04:29:16, 9.36e-13, 9.09e-11
2019-09-22, 04:29:21, 9.46e-13, 9.1e-11
2019-09-22, 04:29:25, 1e-12, 9.06e-11
2019-09-22, 04:29:29, 9.6e-13, 9.08e-11
2019-09-22, 04:29:33, 9.36e-13, 9.06e-11
2019-09-22, 04:29:38, 9.89e-13, 9.07e-11
2019-09-22, 04:29:42, 9.93e-13, 9.09e-11
2019-09-22, 04:29:46, 9.42e-13, 9.05e-11
2019-09-22, 04:29:50, 9.4e-13, 9.06e-11
2019-09-22, 04:29:54, 9.33e-13, 9.05e-11
2019-09-22, 04:29:59, 9.35e-13, 9.02e-11
2019-09-22, 04:30:03, 1.05e-12, 9.05e-11
2019-09-22, 04:30:07, 9.91e-13, 9.07e-11
2019-09-22, 04:30:15, 9.77e-13, 9.04e-11
2019-09-22, 04:30:19, 9.58e-13, 9.1e-11
2019-09-22, 04:30:23, 9.66e-13, 9.07e-11
2019-09-22, 04:30:27, 1.07e-12, 9.05e-11
2019-09-22, 04:30:32, 9.25e-13, 9.06e-11
2019-09-22, 04:30:36, 9.47e-13, 9.08e-11
2019-09-22, 04:30:40, 9.82e-13, 9.08e-11
2019-09-22, 04:30:44, 9.58e-13, 9.06e-11
2019-09-22, 04:30:48, 9.74e-13, 9.05e-11
2019-09-22, 04:30:53, 9.96e-13, 9.1e-11
2019-09-22, 04:30:57, 9.56e-13, 9.09e-11
2019-09-22, 04:31:01, 9.6e-13, 9.12e-11
2019-09-22, 04:31:05, 9.92e-13, 9.09e-11
2019-09-22, 04:31:10, 9.86e-13, 9.12e-11
2019-09-22, 04:31:14, 9.64e-13, 9.04e-11
2019-09-22, 04:31:18, 1.1e-12, 9.09e-11
2019-09-22, 04:31:22, 9.93e-13, 9.07e-11
2019-09-22, 04:31:26, 9.89e-13, 9.09e-11
2019-09-22, 04:31:31, 9.81e-13, 9.11e-11
2019-09-22, 04:31:35, 9.96e-13, 9.1e-11
2019-09-22, 04:31:39, 1.08e-12, 9.08e-11
2019-09-22, 04:31:43, 8.61e-13, 9.09e-11
2019-09-22, 04:31:48, 9.08e-13, 9.09e-11
2019-09-22, 04:31:52, 1.06e-12, 9.05e-11
2019-09-22, 04:31:56, 9.79e-13, 9.1e-11
2019-09-22, 04:32:00, 1.04e-12, 9.07e-11
2019-09-22, 04:32:04, 9.06e-13, 9.11e-11
2019-09-22, 04:32:09, 8.94e-13, 9.11e-11
2019-09-22, 04:32:13, 9.44e-13, 9.07e-11
2019-09-22, 04:32:17, 8.87e-13, 9.08e-11
2019-09-22, 04:32:21, 9.56e-13, 9.11e-11
2019-09-22, 04:32:26, 9.37e-13, 9.09e-11
2019-09-22, 04:32:30, 9.93e-13, 9.09e-11
2019-09-22, 04:32:34, 9.41e-13, 9.12e-11
2019-09-22, 04:32:38, 9.28e-13, 9.06e-11
2019-09-22, 04:32:42, 9.77e-13, 9.09e-11
2019-09-22, 04:32:47, 9.66e-13, 9.06e-11
2019-09-22, 04:32:51, 1.02e-12, 9.08e-11
2019-09-22, 04:32:55, 1.01e-12, 9.16e-11
2019-09-22, 04:32:59, 9.45e-13, 9.1e-11
2019-09-22, 04:33:04, 9.51e-13, 9.07e-11
2019-09-22, 04:33:08, 9.84e-13, 9.07e-11
2019-09-22, 04:33:12, 8.69e-13, 9.1e-11
2019-09-22, 04:33:16, 9.7e-13, 9.09e-11
2019-09-22, 04:33:20, 9.65e-13, 9.06e-11
2019-09-22, 04:33:25, 9.9e-13, 9.09e-11
2019-09-22, 04:33:29, 9.4e-13, 9.07e-11
2019-09-22, 04:33:33, 9.92e-13, 9.06e-11
2019-09-22, 04:33:37, 9.71e-13, 9.11e-11
2019-09-22, 04:33:41, 9.51e-13, 9.09e-11
2019-09-22, 04:33:46, 9.46e-13, 9.07e-11
2019-09-22, 04:33:50, 9.3e-13, 9.07e-11
2019-09-22, 04:33:54, 9.61e-13, 9.09e-11
2019-09-22, 04:33:58, 9.2e-13, 9.08e-11
2019-09-22, 04:34:03, 9.58e-13, 9.09e-11
2019-09-22, 04:34:07, 9.72e-13, 9.06e-11
2019-09-22, 04:34:11, 9.92e-13, 9.09e-11
2019-09-22, 04:34:15, 9.57e-13, 9.06e-11
2019-09-22, 04:34:19, 9.83e-13, 9.16e-11
2019-09-22, 04:34:24, 1.12e-12, 9.05e-11
2019-09-22, 04:34:28, 9.85e-13, 9.05e-11
2019-09-22, 04:34:32, 1.01e-12, 9.05e-11
2019-09-22, 04:34:36, 1.01e-12, 9.03e-11
2019-09-22, 04:34:41, 9.53e-13, 9.11e-11
2019-09-22, 04:34:45, 9.67e-13, 9.07e-11
2019-09-22, 04:34:49, 8.3e-13, 9.12e-11
2019-09-22, 04:34:53, 9.69e-13, 9.1e-11
2019-09-22, 04:34:57, 9.55e-13, 9.08e-11
2019-09-22, 04:35:02, 1.02e-12, 9.04e-11
2019-09-22, 04:35:06, 9.48e-13, 9.06e-11
2019-09-22, 04:35:10, 9.61e-13, 9.09e-11
2019-09-22, 04:35:14, 1e-12, 9.14e-11
2019-09-22, 04:35:19, 9.34e-13, 9.11e-11
2019-09-22, 04:35:23, 9.72e-13, 9.11e-11
2019-09-22, 04:35:27, 9.27e-13, 9.09e-11
2019-09-22, 04:35:31, 9.89e-13, 9.13e-11
2019-09-22, 04:35:35, 9.63e-13, 9.11e-11
2019-09-22, 04:35:40, 1.01e-12, 9.09e-11
2019-09-22, 04:35:44, 1.02e-12, 9.06e-11
2019-09-22, 04:35:48, 9.37e-13, 9.09e-11
2019-09-22, 04:35:52, 9.18e-13, 9.07e-11
2019-09-22, 04:35:57, 9.31e-13, 9.1e-11
2019-09-22, 04:36:01, 9.83e-13, 9.12e-11
2019-09-22, 04:36:05, 9.54e-13, 9.08e-11
2019-09-22, 04:36:09, 9.92e-13, 9.11e-11
2019-09-22, 04:36:13, 1.03e-12, 9.09e-11
2019-09-22, 04:36:18, 1.01e-12, 9.08e-11
2019-09-22, 04:36:22, 9.62e-13, 9.08e-11
2019-09-22, 04:36:26, 9.51e-13, 9.09e-11
2019-09-22, 04:36:30, 9.74e-13, 9.07e-11
2019-09-22, 04:36:35, 9.12e-13, 9.05e-11
2019-09-22, 04:36:39, 9.92e-13, 9.09e-11
2019-09-22, 04:36:43, 1.01e-12, 9.07e-11
2019-09-22, 04:36:47, 1.15e-12, 9.11e-11
2019-09-22, 04:36:51, 1.07e-12, 9.1e-11
2019-09-22, 04:36:56, 9.85e-13, 9.15e-11
2019-09-22, 04:37:00, 1.02e-12, 9.07e-11
2019-09-22, 04:37:04, 9.31e-13, 9.12e-11
2019-09-22, 04:37:08, 9.65e-13, 9.09e-11
2019-09-22, 04:37:12, 9.49e-13, 9.08e-11
2019-09-22, 04:37:17, 1.02e-12, 9.09e-11
2019-09-22, 04:37:21, 1.01e-12, 9.13e-11
2019-09-22, 04:37:25, 9.51e-13, 9.09e-11
2019-09-22, 04:37:29, 9.36e-13, 9.09e-11
2019-09-22, 04:37:34, 9.39e-13, 9.09e-11
2019-09-22, 04:37:38, 7.87e-13, 9.09e-11
2019-09-22, 04:37:42, 9.62e-13, 9.08e-11
2019-09-22, 04:37:46, 9.1e-13, 9.06e-11
2019-09-22, 04:37:50, 9.86e-13, 9.09e-11
2019-09-22, 04:37:55, 9.33e-13, 9.1e-11
2019-09-22, 04:37:59, 9.69e-13, 9.08e-11
2019-09-22, 04:38:03, 9.74e-13, 9.08e-11
2019-09-22, 04:38:07, 1.15e-12, 9.13e-11
2019-09-22, 04:38:12, 9.4e-13, 9.12e-11
2019-09-22, 04:38:16, 9.35e-13, 9.13e-11
2019-09-22, 04:38:20, 9.75e-13, 9.09e-11
2019-09-22, 04:38:24, 8.97e-13, 9.08e-11
2019-09-22, 04:38:28, 9.17e-13, 9.1e-11
2019-09-22, 04:38:33, 1.01e-12, 9.07e-11
2019-09-22, 04:38:37, 1.03e-12, 9.1e-11
2019-09-22, 04:38:41, 9.95e-13, 9.12e-11
2019-09-22, 04:38:45, 9.28e-13, 9.09e-11
2019-09-22, 04:38:50, 9.06e-13, 9.1e-11
2019-09-22, 04:38:54, 9.52e-13, 9.12e-11
2019-09-22, 04:38:58, 1e-12, 9.1e-11
2019-09-22, 04:39:02, 9.42e-13, 9.11e-11
2019-09-22, 04:39:06, 9.83e-13, 9.09e-11
2019-09-22, 04:39:11, 9.59e-13, 9.13e-11
2019-09-22, 04:39:15, 9.68e-13, 9.08e-11
2019-09-22, 04:39:19, 9e-13, 9.07e-11
2019-09-22, 04:39:23, 9.96e-13, 9.09e-11
2019-09-22, 04:39:28, 9.82e-13, 9.09e-11
2019-09-22, 04:39:32, 9.96e-13, 9.11e-11
2019-09-22, 04:39:36, 9.07e-13, 9.1e-11
2019-09-22, 04:39:40, 9.71e-13, 9.12e-11
2019-09-22, 04:39:44, 9.26e-13, 9.08e-11
2019-09-22, 04:39:49, 9.13e-13, 9.09e-11
2019-09-22, 04:39:53, 1.03e-12, 9.09e-11
2019-09-22, 04:39:57, 1.02e-12, 9.12e-11
2019-09-22, 04:40:01, 9.55e-13, 9.11e-11
2019-09-22, 04:40:06, 9.49e-13, 9.11e-11
2019-09-22, 04:40:10, 9.53e-13, 9.1e-11
2019-09-22, 04:40:14, 1.02e-12, 9.1e-11
2019-09-22, 04:40:18, 1.01e-12, 9.11e-11
2019-09-22, 04:40:22, 9.68e-13, 9.07e-11
2019-09-22, 04:40:27, 9.56e-13, 9.08e-11
2019-09-22, 04:40:31, 9.34e-13, 9.09e-11
2019-09-22, 04:40:35, 9.98e-13, 9.09e-11
2019-09-22, 04:40:39, 9.96e-13, 9.1e-11
2019-09-22, 04:40:44, 9.68e-13, 9.12e-11
2019-09-22, 04:40:48, 8.98e-13, 9.08e-11
2019-09-22, 04:40:52, 9.44e-13, 9.11e-11
2019-09-22, 04:40:56, 1.06e-12, 9.09e-11
2019-09-22, 04:41:00, 9.22e-13, 9.07e-11
2019-09-22, 04:41:05, 8.7e-13, 9.14e-11
2019-09-22, 04:41:09, 9.38e-13, 9.09e-11
2019-09-22, 04:41:13, 9.41e-13, 9.12e-11
2019-09-22, 04:41:17, 9.46e-13, 9.1e-11
2019-09-22, 04:41:21, 9.89e-13, 9.1e-11
2019-09-22, 04:41:26, 1.01e-12, 9.11e-11
2019-09-22, 04:41:30, 9.12e-13, 9.12e-11
2019-09-22, 04:41:34, 1e-12, 9.08e-11
2019-09-22, 04:41:38, 9.64e-13, 9.12e-11
2019-09-22, 04:41:43, 9.22e-13, 9.04e-11
2019-09-22, 04:41:47, 9.53e-13, 9.1e-11
2019-09-22, 04:41:51, 9.26e-13, 9.09e-11
2019-09-22, 04:41:55, 9.94e-13, 9.11e-11
2019-09-22, 04:41:59, 9.77e-13, 9.1e-11
2019-09-22, 04:42:04, 9.95e-13, 9.09e-11
2019-09-22, 04:42:08, 9.58e-13, 9.12e-11
2019-09-22, 04:42:12, 1.11e-12, 9.11e-11
2019-09-22, 04:42:16, 9.34e-13, 9.12e-11
2019-09-22, 04:42:21, 9.42e-13, 9.09e-11
2019-09-22, 04:42:25, 9.73e-13, 9.12e-11
2019-09-22, 04:42:29, 1.02e-12, 9.11e-11
2019-09-22, 04:42:33, 8.87e-13, 9.12e-11
2019-09-22, 04:42:38, 1.01e-12, 9.07e-11
2019-09-22, 04:42:42, 9.41e-13, 9.13e-11
2019-09-22, 04:42:46, 9.79e-13, 9.1e-11
2019-09-22, 04:42:50, 9.03e-13, 9.11e-11
2019-09-22, 04:42:54, 9.36e-13, 9.12e-11
2019-09-22, 04:42:59, 1.09e-12, 9.09e-11
2019-09-22, 04:43:03, 1.03e-12, 9.1e-11
2019-09-22, 04:43:07, 9.76e-13, 9.05e-11
2019-09-22, 04:43:11, 9.77e-13, 9.06e-11
2019-09-22, 04:43:16, 9.25e-13, 9.1e-11
2019-09-22, 04:43:20, 9.04e-13, 9.08e-11
2019-09-22, 04:43:24, 9.46e-13, 9.05e-11
2019-09-22, 04:43:28, 1.01e-12, 9.08e-11
2019-09-22, 04:43:32, 1.07e-12, 9.07e-11
2019-09-22, 04:43:37, 1.01e-12, 9.1e-11
2019-09-22, 04:43:41, 9.47e-13, 9.11e-11
2019-09-22, 04:43:45, 9.87e-13, 9.13e-11
2019-09-22, 04:43:49, 1e-12, 9.07e-11
2019-09-22, 04:43:54, 9.47e-13, 9.1e-11
2019-09-22, 04:43:58, 1e-12, 9.14e-11
2019-09-22, 04:44:02, 9.69e-13, 9.11e-11
2019-09-22, 04:44:06, 9.55e-13, 9.12e-11
2019-09-22, 04:44:10, 9.03e-13, 9.09e-11
2019-09-22, 04:44:15, 1.05e-12, 9.1e-11
2019-09-22, 04:44:19, 9.32e-13, 9.1e-11
2019-09-22, 04:44:23, 1.12e-12, 9.1e-11
2019-09-22, 04:44:27, 9.06e-13, 9.09e-11
2019-09-22, 04:44:31, 9.7e-13, 9.09e-11
2019-09-22, 04:44:36, 9.65e-13, 9.08e-11
2019-09-22, 04:44:40, 9.49e-13, 9.12e-11
2019-09-22, 04:44:44, 9.81e-13, 9.09e-11
2019-09-22, 04:44:48, 1.04e-12, 9.09e-11
2019-09-22, 04:44:53, 9.48e-13, 9.11e-11
2019-09-22, 04:44:57, 9.6e-13, 9.1e-11
2019-09-22, 04:45:01, 9.82e-13, 9.11e-11
2019-09-22, 04:45:05, 9.55e-13, 9.08e-11
2019-09-22, 04:45:09, 1.05e-12, 9.12e-11
2019-09-22, 04:45:14, 9.15e-13, 9.09e-11
2019-09-22, 04:45:18, 9.21e-13, 9.12e-11
2019-09-22, 04:45:22, 9.56e-13, 9.12e-11
2019-09-22, 04:45:26, 9.74e-13, 9.13e-11
2019-09-22, 04:45:31, 9.59e-13, 9.08e-11
2019-09-22, 04:45:35, 9.21e-13, 9.08e-11
2019-09-22, 04:45:39, 9.58e-13, 9.08e-11
2019-09-22, 04:45:43, 9.99e-13, 9.07e-11
2019-09-22, 04:45:47, 9.86e-13, 9.07e-11
2019-09-22, 04:45:52, 1.02e-12, 9.09e-11
2019-09-22, 04:45:56, 9.57e-13, 9.11e-11
2019-09-22, 04:46:00, 9.45e-13, 9.13e-11
2019-09-22, 04:46:04, 9.51e-13, 9.1e-11
2019-09-22, 04:46:09, 9.11e-13, 9.11e-11
2019-09-22, 04:46:13, 9.59e-13, 9.06e-11
2019-09-22, 04:46:17, 1.02e-12, 9.09e-11
2019-09-22, 04:46:21, 9.62e-13, 9.08e-11
2019-09-22, 04:46:25, 1.15e-12, 9.08e-11
2019-09-22, 04:46:30, 9.59e-13, 9.09e-11
2019-09-22, 04:46:34, 9.22e-13, 9.12e-11
2019-09-22, 04:46:38, 9.36e-13, 9.06e-11
2019-09-22, 04:46:42, 9.8e-13, 9.09e-11
2019-09-22, 04:46:47, 9.33e-13, 9.1e-11
2019-09-22, 04:46:51, 1.01e-12, 9.11e-11
2019-09-22, 04:46:55, 1.01e-12, 9.07e-11
2019-09-22, 04:46:59, 9.85e-13, 9.1e-11
2019-09-22, 04:47:03, 9.88e-13, 9.12e-11
2019-09-22, 04:47:08, 1.02e-12, 9.14e-11
2019-09-22, 04:47:12, 9.51e-13, 9.09e-11
2019-09-22, 04:47:16, 1e-12, 9.09e-11
2019-09-22, 04:47:20, 9.58e-13, 9.08e-11
2019-09-22, 04:47:25, 9.3e-13, 9.15e-11
2019-09-22, 04:47:29, 9.33e-13, 9.12e-11
2019-09-22, 04:47:33, 1.06e-12, 9.08e-11
2019-09-22, 04:47:37, 1.02e-12, 9.07e-11
2019-09-22, 04:47:41, 1.04e-12, 9.11e-11
2019-09-22, 04:47:46, 9.89e-13, 9.08e-11
2019-09-22, 04:47:50, 9.36e-13, 9.11e-11
2019-09-22, 04:47:54, 9.86e-13, 9.09e-11
2019-09-22, 04:47:58, 9.01e-13, 9.14e-11
2019-09-22, 04:48:03, 1.02e-12, 9.08e-11
2019-09-22, 04:48:07, 9.8e-13, 9.11e-11
2019-09-22, 04:48:11, 9.36e-13, 9.08e-11
2019-09-22, 04:48:15, 9.72e-13, 9.12e-11
2019-09-22, 04:48:19, 9.15e-13, 9.1e-11
2019-09-22, 04:48:24, 9.45e-13, 9.1e-11
2019-09-22, 04:48:28, 8.42e-13, 9.12e-11
2019-09-22, 04:48:32, 8.72e-13, 9.11e-11
2019-09-22, 04:48:36, 9.86e-13, 9.11e-11
2019-09-22, 04:48:40, 9.69e-13, 9.08e-11
2019-09-22, 04:48:45, 9.74e-13, 9.1e-11
2019-09-22, 04:48:49, 9.75e-13, 9.1e-11
2019-09-22, 04:48:53, 9.37e-13, 9.08e-11
2019-09-22, 04:48:57, 9.93e-13, 9.11e-11
2019-09-22, 04:49:02, 9.19e-13, 9.13e-11
2019-09-22, 04:49:06, 9.66e-13, 9.07e-11
2019-09-22, 04:49:10, 9.59e-13, 9.13e-11
2019-09-22, 04:49:14, 9.76e-13, 9.07e-11
2019-09-22, 04:49:18, 9.8e-13, 9.1e-11
2019-09-22, 04:49:23, 9.55e-13, 9.11e-11
2019-09-22, 04:49:27, 9.59e-13, 9.12e-11
2019-09-22, 04:49:31, 8.32e-13, 9.12e-11
2019-09-22, 04:49:35, 8.19e-13, 9.11e-11
2019-09-22, 04:49:40, 9.02e-13, 9.08e-11
2019-09-22, 04:49:44, 9.28e-13, 9.08e-11
2019-09-22, 04:49:48, 9.51e-13, 9.11e-11
2019-09-22, 04:49:52, 9.98e-13, 9.06e-11
2019-09-22, 04:49:56, 1e-12, 9.1e-11
2019-09-22, 04:50:01, 9.72e-13, 9.08e-11
2019-09-22, 04:50:05, 9.31e-13, 9.1e-11
2019-09-22, 04:50:09, 9.18e-13, 9.13e-11
2019-09-22, 04:50:13, 1.03e-12, 9.09e-11
2019-09-22, 04:50:18, 9.05e-13, 9.12e-11
2019-09-22, 04:50:22, 9.49e-13, 9.07e-11
2019-09-22, 04:50:26, 8.93e-13, 9.12e-11
2019-09-22, 04:50:30, 9.16e-13, 9.07e-11
2019-09-22, 04:50:34, 9.71e-13, 9.09e-11
2019-09-22, 04:50:39, 9.76e-13, 9.1e-11
2019-09-22, 04:50:43, 9.78e-13, 9.05e-11
2019-09-22, 04:50:47, 9.32e-13, 9.1e-11
2019-09-22, 04:50:51, 8.84e-13, 9.09e-11
2019-09-22, 04:50:56, 9.98e-13, 9.13e-11
2019-09-22, 04:51:00, 9.52e-13, 9.12e-11
2019-09-22, 04:51:04, 9.62e-13, 9.09e-11
2019-09-22, 04:51:08, 9.15e-13, 9.12e-11
2019-09-22, 04:51:12, 9.61e-13, 9.11e-11
2019-09-22, 04:51:17, 9.42e-13, 9.09e-11
2019-09-22, 04:51:21, 1.01e-12, 9.11e-11
2019-09-22, 04:51:25, 1.09e-12, 9.08e-11
2019-09-22, 04:51:29, 9.3e-13, 9.08e-11
2019-09-22, 04:51:34, 9.24e-13, 9.12e-11
2019-09-22, 04:51:38, 9.28e-13, 9.11e-11
2019-09-22, 04:51:42, 9.34e-13, 9.11e-11
2019-09-22, 04:51:46, 1.03e-12, 9.1e-11
2019-09-22, 04:51:50, 9.89e-13, 9.08e-11
2019-09-22, 04:51:55, 9.82e-13, 9.11e-11
2019-09-22, 04:51:59, 9.62e-13, 9.07e-11
2019-09-22, 04:52:03, 9.53e-13, 9.08e-11
2019-09-22, 04:52:07, 1.05e-12, 9.09e-11
2019-09-22, 04:52:12, 1.01e-12, 9.09e-11
2019-09-22, 04:52:16, 8.93e-13, 9.11e-11
2019-09-22, 04:52:20, 1.06e-12, 9.08e-11
2019-09-22, 04:52:24, 1.03e-12, 9.11e-11
2019-09-22, 04:52:28, 9.84e-13, 9.1e-11
2019-09-22, 04:52:33, 9.67e-13, 9.12e-11
2019-09-22, 04:52:37, 9.35e-13, 9.1e-11
2019-09-22, 04:52:41, 9.38e-13, 9.13e-11
2019-09-22, 04:52:45, 9.96e-13, 9.15e-11
2019-09-22, 04:52:50, 9.4e-13, 9.09e-11
2019-09-22, 04:52:54, 9.05e-13, 9.09e-11
2019-09-22, 04:52:58, 1.01e-12, 9.14e-11
2019-09-22, 04:53:02, 9.18e-13, 9.08e-11
2019-09-22, 04:53:06, 8.57e-13, 9.12e-11
2019-09-22, 04:53:11, 9.85e-13, 9.12e-11
2019-09-22, 04:53:15, 8.63e-13, 9.06e-11
2019-09-22, 04:53:19, 9.55e-13, 9.1e-11
2019-09-22, 04:53:23, 9.53e-13, 9.07e-11
2019-09-22, 04:53:28, 9.18e-13, 9.12e-11
2019-09-22, 04:53:32, 9.55e-13, 9.06e-11
2019-09-22, 04:53:36, 8.87e-13, 9.08e-11
2019-09-22, 04:53:40, 9.51e-13, 9.05e-11
2019-09-22, 04:53:44, 9.89e-13, 9.08e-11
2019-09-22, 04:53:49, 9.8e-13, 9.09e-11
2019-09-22, 04:53:53, 9.59e-13, 9.13e-11
2019-09-22, 04:53:57, 1.04e-12, 9.12e-11
2019-09-22, 04:54:01, 9.18e-13, 9.12e-11
2019-09-22, 04:54:06, 9.98e-13, 9.12e-11
2019-09-22, 04:54:10, 9.65e-13, 9.09e-11
2019-09-22, 04:54:14, 9.74e-13, 9.11e-11
2019-09-22, 04:54:18, 9.75e-13, 9.14e-11
2019-09-22, 04:54:22, 8.78e-13, 9.12e-11
2019-09-22, 04:54:27, 9.6e-13, 9.13e-11
2019-09-22, 04:54:31, 9.18e-13, 9.11e-11
2019-09-22, 04:54:35, 9.31e-13, 9.12e-11
2019-09-22, 04:54:39, 9.61e-13, 9.15e-11
2019-09-22, 04:54:44, 9.54e-13, 9.1e-11
2019-09-22, 04:54:48, 9.2e-13, 9.1e-11
2019-09-22, 04:54:52, 9.2e-13, 9.12e-11
2019-09-22, 04:54:56, 9.54e-13, 9.08e-11
2019-09-22, 04:55:00, 8.95e-13, 9.12e-11
2019-09-22, 04:55:05, 9.72e-13, 9.13e-11
2019-09-22, 04:55:09, 9.37e-13, 9.11e-11
2019-09-22, 04:55:13, 9.68e-13, 9.1e-11
2019-09-22, 04:55:17, 9.73e-13, 9.13e-11
2019-09-22, 04:55:22, 1.03e-12, 9.08e-11
2019-09-22, 04:55:26, 9.8e-13, 9.11e-11
2019-09-22, 04:55:30, 9.86e-13, 9.15e-11
2019-09-22, 04:55:34, 9.12e-13, 9.11e-11
2019-09-22, 04:55:38, 9.44e-13, 9.14e-11
2019-09-22, 04:55:43, 8.45e-13, 9.15e-11
2019-09-22, 04:55:47, 9.96e-13, 9.1e-11
2019-09-22, 04:55:51, 9.27e-13, 9.12e-11
2019-09-22, 04:55:55, 9.45e-13, 9.12e-11
2019-09-22, 04:56:00, 9.7e-13, 9.11e-11
2019-09-22, 04:56:04, 9.45e-13, 9.14e-11
2019-09-22, 04:56:08, 9.37e-13, 9.1e-11
2019-09-22, 04:56:12, 8.89e-13, 9.11e-11
2019-09-22, 04:56:16, 9.9e-13, 9.1e-11
2019-09-22, 04:56:21, 9.38e-13, 9.1e-11
2019-09-22, 04:56:25, 9.46e-13, 9.14e-11
2019-09-22, 04:56:29, 9.9e-13, 9.11e-11
2019-09-22, 04:56:33, 9.4e-13, 9.1e-11
2019-09-22, 04:56:37, 9.44e-13, 9.14e-11
2019-09-22, 04:56:42, 9.31e-13, 9.1e-11
2019-09-22, 04:56:46, 1.01e-12, 9.11e-11
2019-09-22, 04:56:50, 9.59e-13, 9.1e-11
2019-09-22, 04:56:54, 9.48e-13, 9.08e-11
2019-09-22, 04:56:59, 9.32e-13, 9.1e-11
2019-09-22, 04:57:03, 9.83e-13, 9.12e-11
2019-09-22, 04:57:07, 8.98e-13, 9.11e-11
2019-09-22, 04:57:11, 9.78e-13, 9.11e-11
2019-09-22, 04:57:15, 9.98e-13, 9.1e-11
2019-09-22, 04:57:20, 9.86e-13, 9.09e-11
2019-09-22, 04:57:24, 9.51e-13, 9.09e-11
2019-09-22, 04:57:28, 9.94e-13, 9.11e-11
2019-09-22, 04:57:32, 9.75e-13, 9.11e-11
2019-09-22, 04:57:37, 9.25e-13, 9.07e-11
2019-09-22, 04:57:41, 9.47e-13, 9.08e-11
2019-09-22, 04:57:45, 9.13e-13, 9.12e-11
2019-09-22, 04:57:49, 9.44e-13, 9.14e-11
2019-09-22, 04:57:53, 1.16e-12, 9.06e-11
2019-09-22, 04:57:58, 9.3e-13, 9.15e-11
2019-09-22, 04:58:02, 9.5e-13, 9.14e-11
2019-09-22, 04:58:06, 1.03e-12, 9.1e-11
2019-09-22, 04:58:10, 9.98e-13, 9.13e-11
2019-09-22, 04:58:15, 9.73e-13, 9.09e-11
2019-09-22, 04:58:19, 9.22e-13, 9.07e-11
2019-09-22, 04:58:23, 8.89e-13, 9.09e-11
2019-09-22, 04:58:27, 9.94e-13, 9.11e-11
2019-09-22, 04:58:31, 9.44e-13, 9.11e-11
2019-09-22, 04:58:36, 1.11e-12, 9.12e-11
2019-09-22, 04:58:40, 9.11e-13, 9.1e-11
2019-09-22, 04:58:44, 1.02e-12, 9.1e-11
2019-09-22, 04:58:48, 1.02e-12, 9.08e-11
2019-09-22, 04:58:53, 9.02e-13, 9.1e-11
2019-09-22, 04:58:57, 9.43e-13, 9.1e-11
2019-09-22, 04:59:01, 9.22e-13, 9.1e-11
2019-09-22, 04:59:05, 9.67e-13, 9.12e-11
2019-09-22, 04:59:09, 9.12e-13, 9.1e-11
2019-09-22, 04:59:14, 9.96e-13, 9.13e-11
2019-09-22, 04:59:18, 9.26e-13, 9.12e-11
2019-09-22, 04:59:22, 8.93e-13, 9.09e-11
2019-09-22, 04:59:26, 9.57e-13, 9.07e-11
2019-09-22, 04:59:31, 9.52e-13, 9.13e-11
2019-09-22, 04:59:35, 8.69e-13, 9.13e-11
2019-09-22, 04:59:39, 1.02e-12, 9.13e-11
2019-09-22, 04:59:43, 9.58e-13, 9.14e-11
2019-09-22, 04:59:47, 9.71e-13, 9.09e-11
2019-09-22, 04:59:52, 1.06e-12, 9.1e-11
2019-09-22, 04:59:56, 9.58e-13, 9.11e-11
2019-09-22, 05:00:00, 9.32e-13, 9.14e-11
2019-09-22, 05:00:04, 9.44e-13, 9.1e-11
2019-09-22, 05:00:08, 9.18e-13, 9.11e-11
2019-09-22, 05:00:13, 9.52e-13, 9.14e-11
2019-09-22, 05:00:17, 1.1e-12, 9.16e-11
2019-09-22, 05:00:21, 9.69e-13, 9.09e-11
2019-09-22, 05:00:26, 9.79e-13, 9.12e-11
2019-09-22, 05:00:30, 9.77e-13, 9.1e-11
2019-09-22, 05:00:34, 9.56e-13, 9.13e-11
2019-09-22, 05:00:38, 9.78e-13, 9.11e-11
2019-09-22, 05:00:43, 1.04e-12, 9.1e-11
2019-09-22, 05:00:47, 9.03e-13, 9.08e-11
2019-09-22, 05:00:51, 9.15e-13, 9.1e-11
2019-09-22, 05:00:55, 9.98e-13, 9.09e-11
2019-09-22, 05:00:59, 9.32e-13, 9.11e-11
2019-09-22, 05:01:04, 9.27e-13, 9.08e-11
2019-09-22, 05:01:08, 9.63e-13, 9.12e-11
2019-09-22, 05:01:12, 9.5e-13, 9.12e-11
2019-09-22, 05:01:16, 9.58e-13, 9.13e-11
2019-09-22, 05:01:21, 9.81e-13, 9.11e-11
2019-09-22, 05:01:25, 9.43e-13, 9.14e-11
2019-09-22, 05:01:29, 9.81e-13, 9.12e-11
2019-09-22, 05:01:33, 9.78e-13, 9.09e-11
2019-09-22, 05:01:37, 9.99e-13, 9.11e-11
2019-09-22, 05:01:42, 9.52e-13, 9.09e-11
2019-09-22, 05:01:46, 9e-13, 9.11e-11
2019-09-22, 05:01:50, 8.72e-13, 9.07e-11
2019-09-22, 05:01:54, 1.02e-12, 9.11e-11
2019-09-22, 05:01:59, 9.19e-13, 9.12e-11
2019-09-22, 05:02:03, 9.55e-13, 9.08e-11
2019-09-22, 05:02:07, 1.01e-12, 9.11e-11
2019-09-22, 05:02:11, 9.55e-13, 9.12e-11
2019-09-22, 05:02:16, 1.06e-12, 9.11e-11
2019-09-22, 05:02:20, 9.17e-13, 9.1e-11
2019-09-22, 05:02:24, 1.05e-12, 9.13e-11
2019-09-22, 05:02:28, 9.13e-13, 9.06e-11
2019-09-22, 05:02:33, 9.83e-13, 9.11e-11
2019-09-22, 05:02:37, 9.53e-13, 9.07e-11
2019-09-22, 05:02:41, 9.86e-13, 9.12e-11
2019-09-22, 05:02:45, 9.1e-13, 9.09e-11
2019-09-22, 05:02:49, 9.18e-13, 9.11e-11
2019-09-22, 05:02:54, 9.6e-13, 9.13e-11
2019-09-22, 05:02:58, 1e-12, 9.09e-11
2019-09-22, 05:03:02, 9.17e-13, 9.12e-11
2019-09-22, 05:03:06, 9.58e-13, 9.12e-11
2019-09-22, 05:03:11, 9.65e-13, 9.13e-11
2019-09-22, 05:03:15, 1.03e-12, 9.14e-11
2019-09-22, 05:03:19, 9.74e-13, 9.12e-11
2019-09-22, 05:03:23, 1e-12, 9.12e-11
2019-09-22, 05:03:27, 9e-13, 9.16e-11
2019-09-22, 05:03:32, 9.77e-13, 9.07e-11
2019-09-22, 05:03:36, 9.1e-13, 9.12e-11
2019-09-22, 05:03:40, 9.73e-13, 9.13e-11
2019-09-22, 05:03:44, 9.51e-13, 9.12e-11
2019-09-22, 05:03:49, 1.01e-12, 9.12e-11
2019-09-22, 05:03:53, 1.02e-12, 9.13e-11
2019-09-22, 05:03:57, 9.89e-13, 9.09e-11
2019-09-22, 05:04:01, 1.02e-12, 9.12e-11
2019-09-22, 05:04:05, 9.52e-13, 9.11e-11
2019-09-22, 05:04:10, 9.81e-13, 9.09e-11
2019-09-22, 05:04:14, 1.01e-12, 9.14e-11
2019-09-22, 05:04:18, 9.65e-13, 9.1e-11
2019-09-22, 05:04:22, 9.14e-13, 9.12e-11
2019-09-22, 05:04:26, 9.45e-13, 9.1e-11
2019-09-22, 05:04:31, 9.89e-13, 9.1e-11
2019-09-22, 05:04:35, 9.94e-13, 9.15e-11
2019-09-22, 05:04:39, 9.73e-13, 9.09e-11
2019-09-22, 05:04:43, 9.24e-13, 9.15e-11
2019-09-22, 05:04:48, 9.69e-13, 9.09e-11
2019-09-22, 05:04:52, 9.74e-13, 9.09e-11
2019-09-22, 05:04:56, 9.69e-13, 9.08e-11
2019-09-22, 05:05:00, 9.32e-13, 9.17e-11
2019-09-22, 05:05:04, 9.77e-13, 9.12e-11
2019-09-22, 05:05:09, 1.02e-12, 9.14e-11
2019-09-22, 05:05:13, 1.01e-12, 9.14e-11
2019-09-22, 05:05:17, 9.71e-13, 9.14e-11
2019-09-22, 05:05:21, 9.41e-13, 9.11e-11
2019-09-22, 05:05:26, 1.09e-12, 9.1e-11
2019-09-22, 05:05:30, 8.97e-13, 9.08e-11
2019-09-22, 05:05:34, 9.95e-13, 9.12e-11
2019-09-22, 05:05:38, 1.03e-12, 9.08e-11
2019-09-22, 05:05:42, 9.6e-13, 9.07e-11
2019-09-22, 05:05:47, 9.14e-13, 9.11e-11
2019-09-22, 05:05:51, 9.22e-13, 9.07e-11
2019-09-22, 05:05:55, 9.51e-13, 9.11e-11
2019-09-22, 05:05:59, 1.01e-12, 9.1e-11
2019-09-22, 05:06:04, 9.05e-13, 9.08e-11
2019-09-22, 05:06:08, 9.92e-13, 9.08e-11
2019-09-22, 05:06:12, 9.96e-13, 9.09e-11
2019-09-22, 05:06:16, 9.26e-13, 9.09e-11
2019-09-22, 05:06:20, 9.48e-13, 9.1e-11
2019-09-22, 05:06:25, 9.92e-13, 9.1e-11
2019-09-22, 05:06:29, 1.05e-12, 9.15e-11
2019-09-22, 05:06:33, 9.29e-13, 9.09e-11
2019-09-22, 05:06:37, 9.44e-13, 9.14e-11
2019-09-22, 05:06:42, 9.15e-13, 9.11e-11
2019-09-22, 05:06:46, 9.88e-13, 9.11e-11
2019-09-22, 05:06:50, 1e-12, 9.08e-11
2019-09-22, 05:06:54, 1.07e-12, 9.12e-11
2019-09-22, 05:06:58, 9.87e-13, 9.13e-11
2019-09-22, 05:07:03, 9.56e-13, 9.11e-11
2019-09-22, 05:07:07, 9.34e-13, 9.12e-11
2019-09-22, 05:07:11, 9.76e-13, 9.15e-11
2019-09-22, 05:07:15, 9.82e-13, 9.12e-11
2019-09-22, 05:07:20, 9.34e-13, 9.11e-11
2019-09-22, 05:07:24, 9.58e-13, 9.12e-11
2019-09-22, 05:07:28, 9.68e-13, 9.09e-11
2019-09-22, 05:07:32, 9.42e-13, 9.12e-11
2019-09-22, 05:07:36, 9.03e-13, 9.13e-11
2019-09-22, 05:07:41, 1.02e-12, 9.09e-11
2019-09-22, 05:07:45, 9.39e-13, 9.1e-11
2019-09-22, 05:07:49, 8.92e-13, 9.1e-11
2019-09-22, 05:07:53, 9.06e-13, 9.1e-11
2019-09-22, 05:07:58, 9.49e-13, 9.11e-11
2019-09-22, 05:08:02, 9.86e-13, 9.14e-11
2019-09-22, 05:08:06, 9.69e-13, 9.08e-11
2019-09-22, 05:08:10, 9.47e-13, 9.09e-11
2019-09-22, 05:08:14, 9.82e-13, 9.1e-11
2019-09-22, 05:08:19, 9.01e-13, 9.11e-11
2019-09-22, 05:08:23, 9.31e-13, 9.15e-11
2019-09-22, 05:08:27, 9.85e-13, 9.13e-11
2019-09-22, 05:08:31, 9.71e-13, 9.09e-11
2019-09-22, 05:08:35, 9.51e-13, 9.1e-11
2019-09-22, 05:08:40, 9.69e-13, 9.11e-11
2019-09-22, 05:08:44, 9.64e-13, 9.13e-11
2019-09-22, 05:08:48, 9.28e-13, 9.11e-11
2019-09-22, 05:08:52, 9.88e-13, 9.14e-11
2019-09-22, 05:08:57, 9.92e-13, 9.13e-11
2019-09-22, 05:09:01, 9.51e-13, 9.19e-11
2019-09-22, 05:09:05, 9.73e-13, 9.14e-11
2019-09-22, 05:09:09, 1.02e-12, 9.14e-11
2019-09-22, 05:09:13, 9.37e-13, 9.12e-11
2019-09-22, 05:09:18, 9.8e-13, 9.15e-11
2019-09-22, 05:09:22, 1e-12, 9.12e-11
2019-09-22, 05:09:26, 9.57e-13, 9.14e-11
2019-09-22, 05:09:30, 9.97e-13, 9.12e-11
2019-09-22, 05:09:35, 8.72e-13, 9.12e-11
2019-09-22, 05:09:39, 9.62e-13, 9.14e-11
2019-09-22, 05:09:43, 9.64e-13, 9.12e-11
2019-09-22, 05:09:47, 9.63e-13, 9.13e-11
2019-09-22, 05:09:51, 9.13e-13, 9.14e-11
2019-09-22, 05:09:56, 9.62e-13, 9.14e-11
2019-09-22, 05:10:00, 8.01e-13, 9.14e-11
2019-09-22, 05:10:04, 9.64e-13, 9.15e-11
2019-09-22, 05:10:08, 9.43e-13, 9.14e-11
2019-09-22, 05:10:13, 9.16e-13, 9.11e-11
2019-09-22, 05:10:17, 1.01e-12, 9.16e-11
2019-09-22, 05:10:21, 9.98e-13, 9.18e-11
2019-09-22, 05:10:25, 9.84e-13, 9.13e-11
2019-09-22, 05:10:29, 9.11e-13, 9.12e-11
2019-09-22, 05:10:34, 9.69e-13, 9.15e-11
2019-09-22, 05:10:38, 9.25e-13, 9.12e-11
2019-09-22, 05:10:42, 1e-12, 9.11e-11
2019-09-22, 05:10:46, 9.68e-13, 9.12e-11
2019-09-22, 05:10:51, 1.02e-12, 9.12e-11
2019-09-22, 05:10:55, 9.26e-13, 9.15e-11
2019-09-22, 05:10:59, 8.95e-13, 9.12e-11
2019-09-22, 05:11:03, 8.64e-13, 9.14e-11
2019-09-22, 05:11:07, 9.04e-13, 9.15e-11
2019-09-22, 05:11:12, 9.65e-13, 9.13e-11
2019-09-22, 05:11:16, 9.27e-13, 9.15e-11
2019-09-22, 05:11:20, 1.01e-12, 9.12e-11
2019-09-22, 05:11:24, 9.34e-13, 9.15e-11
2019-09-22, 05:11:29, 9.38e-13, 9.1e-11
2019-09-22, 05:11:33, 9.33e-13, 9.12e-11
2019-09-22, 05:11:37, 9.53e-13, 9.13e-11
2019-09-22, 05:11:41, 9.52e-13, 9.09e-11
2019-09-22, 05:11:45, 9.98e-13, 9.11e-11
2019-09-22, 05:11:50, 9.5e-13, 9.13e-11
2019-09-22, 05:11:54, 9.1e-13, 9.12e-11
2019-09-22, 05:11:58, 9.51e-13, 9.14e-11
2019-09-22, 05:12:02, 9.45e-13, 9.11e-11
2019-09-22, 05:12:07, 9.14e-13, 9.13e-11
2019-09-22, 05:12:11, 1.11e-12, 9.11e-11
2019-09-22, 05:12:15, 9.39e-13, 9.12e-11
2019-09-22, 05:12:19, 9.19e-13, 9.11e-11
2019-09-22, 05:12:23, 9.37e-13, 9.09e-11
2019-09-22, 05:12:28, 1e-12, 9.08e-11
2019-09-22, 05:12:32, 9.73e-13, 9.12e-11
2019-09-22, 05:12:36, 9.14e-13, 9.11e-11
2019-09-22, 05:12:40, 9.18e-13, 9.15e-11
2019-09-22, 05:12:45, 9.84e-13, 9.1e-11
2019-09-22, 05:12:49, 9.92e-13, 9.12e-11
2019-09-22, 05:12:53, 9.22e-13, 9.15e-11
2019-09-22, 05:12:57, 8.96e-13, 9.13e-11
2019-09-22, 05:13:01, 9.81e-13, 9.12e-11
2019-09-22, 05:13:06, 9.09e-13, 9.13e-11
2019-09-22, 05:13:10, 9.31e-13, 9.14e-11
2019-09-22, 05:13:14, 9.47e-13, 9.14e-11
2019-09-22, 05:13:18, 9.04e-13, 9.1e-11
2019-09-22, 05:13:23, 9.09e-13, 9.1e-11
2019-09-22, 05:13:27, 1.01e-12, 9.11e-11
2019-09-22, 05:13:31, 9.69e-13, 9.13e-11
2019-09-22, 05:13:35, 9.51e-13, 9.08e-11
2019-09-22, 05:13:39, 9.3e-13, 9.12e-11
2019-09-22, 05:13:44, 9.85e-13, 9.11e-11
2019-09-22, 05:13:48, 9.61e-13, 9.1e-11
2019-09-22, 05:13:52, 9.45e-13, 9.1e-11
2019-09-22, 05:13:56, 8.58e-13, 9.11e-11
2019-09-22, 05:14:01, 1e-12, 9.09e-11
2019-09-22, 05:14:05, 1.02e-12, 9.1e-11
2019-09-22, 05:14:09, 9.85e-13, 9.15e-11
2019-09-22, 05:14:13, 1.04e-12, 9.11e-11
2019-09-22, 05:14:17, 9.27e-13, 9.1e-11
2019-09-22, 05:14:22, 9.25e-13, 9.12e-11
2019-09-22, 05:14:26, 9.67e-13, 9.13e-11
2019-09-22, 05:14:30, 9.51e-13, 9.14e-11
2019-09-22, 05:14:34, 9.11e-13, 9.1e-11
2019-09-22, 05:14:38, 9.51e-13, 9.12e-11
2019-09-22, 05:14:43, 9.14e-13, 9.13e-11
2019-09-22, 05:14:47, 9.35e-13, 9.14e-11
2019-09-22, 05:14:51, 9.53e-13, 9.15e-11
2019-09-22, 05:14:55, 9.27e-13, 9.12e-11
2019-09-22, 05:15:00, 1.03e-12, 9.13e-11
2019-09-22, 05:15:04, 1.05e-12, 9.15e-11
2019-09-22, 05:15:08, 9.98e-13, 9.13e-11
2019-09-22, 05:15:12, 1e-12, 9.1e-11
2019-09-22, 05:15:16, 9.66e-13, 9.12e-11
2019-09-22, 05:15:21, 9.57e-13, 9.15e-11
2019-09-22, 05:15:25, 9.81e-13, 9.12e-11
2019-09-22, 05:15:29, 1.06e-12, 9.14e-11
2019-09-22, 05:15:33, 9.33e-13, 9.12e-11
2019-09-22, 05:15:38, 9.77e-13, 9.14e-11
2019-09-22, 05:15:42, 9.95e-13, 9.15e-11
2019-09-22, 05:15:46, 9.36e-13, 9.13e-11
2019-09-22, 05:15:50, 9.44e-13, 9.11e-11
2019-09-22, 05:15:54, 1.04e-12, 9.1e-11
2019-09-22, 05:15:59, 9.29e-13, 9.09e-11
2019-09-22, 05:16:03, 9.64e-13, 9.06e-11
2019-09-22, 05:16:07, 8.95e-13, 9.13e-11
2019-09-22, 05:16:11, 9.28e-13, 9.12e-11
2019-09-22, 05:16:16, 9.72e-13, 9.09e-11
2019-09-22, 05:16:20, 9.14e-13, 9.13e-11
2019-09-22, 05:16:24, 9.61e-13, 9.13e-11
2019-09-22, 05:16:28, 1e-12, 9.14e-11
2019-09-22, 05:16:32, 9.27e-13, 9.11e-11
2019-09-22, 05:16:37, 1.1e-12, 9.14e-11
2019-09-22, 05:16:41, 9.49e-13, 9.1e-11
2019-09-22, 05:16:45, 9.44e-13, 9.13e-11
2019-09-22, 05:16:49, 9.54e-13, 9.13e-11
2019-09-22, 05:16:54, 9.55e-13, 9.1e-11
2019-09-22, 05:16:58, 9.79e-13, 9.14e-11
2019-09-22, 05:17:02, 9.96e-13, 9.13e-11
2019-09-22, 05:17:06, 9.62e-13, 9.12e-11
2019-09-22, 05:17:10, 9.24e-13, 9.08e-11
2019-09-22, 05:17:15, 9.67e-13, 9.1e-11
2019-09-22, 05:17:19, 9.48e-13, 9.16e-11
2019-09-22, 05:17:23, 9.75e-13, 9.12e-11
2019-09-22, 05:17:27, 9.72e-13, 9.16e-11
2019-09-22, 05:17:32, 9.02e-13, 9.1e-11
2019-09-22, 05:17:36, 9.72e-13, 9.12e-11
2019-09-22, 05:17:40, 9.76e-13, 9.13e-11
2019-09-22, 05:17:44, 9.79e-13, 9.11e-11
2019-09-22, 05:17:48, 9.99e-13, 9.14e-11
2019-09-22, 05:17:53, 9.47e-13, 9.13e-11
2019-09-22, 05:17:57, 9.15e-13, 9.1e-11
2019-09-22, 05:18:01, 9.31e-13, 9.12e-11
2019-09-22, 05:18:05, 9.99e-13, 9.1e-11
2019-09-22, 05:18:10, 9.73e-13, 9.15e-11
2019-09-22, 05:18:14, 9.36e-13, 9.11e-11
2019-09-22, 05:18:18, 1e-12, 9.13e-11
2019-09-22, 05:18:22, 9.48e-13, 9.12e-11
2019-09-22, 05:18:26, 9.85e-13, 9.13e-11
2019-09-22, 05:18:31, 9.42e-13, 9.11e-11
2019-09-22, 05:18:35, 9.9e-13, 9.16e-11
2019-09-22, 05:18:39, 9.6e-13, 9.16e-11
2019-09-22, 05:18:43, 9.41e-13, 9.15e-11
2019-09-22, 05:18:48, 9.09e-13, 9.1e-11
2019-09-22, 05:18:52, 9.65e-13, 9.11e-11
2019-09-22, 05:18:56, 9.87e-13, 9.09e-11
2019-09-22, 05:19:00, 9.48e-13, 9.11e-11
2019-09-22, 05:19:04, 9.61e-13, 9.13e-11
2019-09-22, 05:19:09, 9.33e-13, 9.14e-11
2019-09-22, 05:19:13, 9.44e-13, 9.13e-11
2019-09-22, 05:19:17, 8.93e-13, 9.14e-11
2019-09-22, 05:19:21, 9.5e-13, 9.17e-11
2019-09-22, 05:19:26, 9.02e-13, 9.16e-11
2019-09-22, 05:19:30, 9.62e-13, 9.1e-11
2019-09-22, 05:19:34, 1e-12, 9.12e-11
2019-09-22, 05:19:38, 1.07e-12, 9.12e-11
2019-09-22, 05:19:42, 1.06e-12, 9.17e-11
2019-09-22, 05:19:47, 9.29e-13, 9.14e-11
2019-09-22, 05:19:51, 1.02e-12, 9.11e-11
2019-09-22, 05:19:55, 8.71e-13, 9.12e-11
2019-09-22, 05:19:59, 9.43e-13, 9.09e-11
2019-09-22, 05:20:03, 9.7e-13, 9.13e-11
2019-09-22, 05:20:08, 9.06e-13, 9.11e-11
2019-09-22, 05:20:12, 9.1e-13, 9.15e-11
2019-09-22, 05:20:16, 9.51e-13, 9.14e-11
2019-09-22, 05:20:20, 9.9e-13, 9.11e-11
2019-09-22, 05:20:25, 9.12e-13, 9.12e-11
2019-09-22, 05:20:29, 1.02e-12, 9.12e-11
2019-09-22, 05:20:33, 9.33e-13, 9.16e-11
2019-09-22, 05:20:37, 1.04e-12, 9.11e-11
2019-09-22, 05:20:42, 9.71e-13, 9.15e-11
2019-09-22, 05:20:46, 9.5e-13, 9.13e-11
2019-09-22, 05:20:50, 9.69e-13, 9.12e-11
2019-09-22, 05:20:54, 8.69e-13, 9.08e-11
2019-09-22, 05:20:58, 9.39e-13, 9.14e-11
2019-09-22, 05:21:03, 9.23e-13, 9.1e-11
2019-09-22, 05:21:07, 9.73e-13, 9.1e-11
2019-09-22, 05:21:11, 8.88e-13, 9.15e-11
2019-09-22, 05:21:15, 9.36e-13, 9.13e-11
2019-09-22, 05:21:20, 9.67e-13, 9.14e-11
2019-09-22, 05:21:24, 9.69e-13, 9.16e-11
2019-09-22, 05:21:28, 9.92e-13, 9.13e-11
2019-09-22, 05:21:32, 9.73e-13, 9.14e-11
2019-09-22, 05:21:36, 9.51e-13, 9.12e-11
2019-09-22, 05:21:41, 1.09e-12, 9.11e-11
2019-09-22, 05:21:45, 9.53e-13, 9.11e-11
2019-09-22, 05:21:49, 9.87e-13, 9.11e-11
2019-09-22, 05:21:53, 9.35e-13, 9.1e-11
2019-09-22, 05:21:57, 1.02e-12, 9.14e-11
2019-09-22, 05:22:02, 8.96e-13, 9.11e-11
2019-09-22, 05:22:06, 9.12e-13, 9.1e-11
2019-09-22, 05:22:10, 1.06e-12, 9.1e-11
2019-09-22, 05:22:14, 9.82e-13, 9.11e-11
2019-09-22, 05:22:19, 1e-12, 9.15e-11
2019-09-22, 05:22:23, 9.35e-13, 9.16e-11
2019-09-22, 05:22:27, 1.01e-12, 9.12e-11
2019-09-22, 05:22:31, 9.62e-13, 9.14e-11
2019-09-22, 05:22:35, 9.57e-13, 9.13e-11
2019-09-22, 05:22:40, 9.23e-13, 9.13e-11
2019-09-22, 05:22:44, 9.86e-13, 9.09e-11
2019-09-22, 05:22:48, 1.02e-12, 9.09e-11
2019-09-22, 05:22:52, 9.53e-13, 9.15e-11
2019-09-22, 05:22:57, 9.51e-13, 9.13e-11
2019-09-22, 05:23:01, 1.01e-12, 9.13e-11
2019-09-22, 05:23:05, 9.77e-13, 9.1e-11
2019-09-22, 05:23:09, 9.6e-13, 9.11e-11
2019-09-22, 05:23:13, 9.71e-13, 9.11e-11
2019-09-22, 05:23:18, 9.69e-13, 9.13e-11
2019-09-22, 05:23:22, 9.62e-13, 9.14e-11
2019-09-22, 05:23:26, 9.7e-13, 9.14e-11
2019-09-22, 05:23:30, 9.6e-13, 9.1e-11
2019-09-22, 05:23:35, 9.83e-13, 9.11e-11
2019-09-22, 05:23:39, 9.95e-13, 9.11e-11
2019-09-22, 05:23:43, 9.06e-13, 9.12e-11
2019-09-22, 05:23:47, 9.38e-13, 9.13e-11
2019-09-22, 05:23:51, 9.49e-13, 9.12e-11
2019-09-22, 05:23:56, 9.48e-13, 9.2e-11
2019-09-22, 05:24:00, 9.59e-13, 9.16e-11
2019-09-22, 05:24:04, 9.89e-13, 9.15e-11
2019-09-22, 05:24:08, 9.92e-13, 9.11e-11
2019-09-22, 05:24:13, 9.89e-13, 9.13e-11
2019-09-22, 05:24:17, 9.37e-13, 9.16e-11
2019-09-22, 05:24:21, 9.79e-13, 9.12e-11
2019-09-22, 05:24:25, 1.02e-12, 9.17e-11
2019-09-22, 05:24:29, 9.63e-13, 9.1e-11
2019-09-22, 05:24:34, 1.01e-12, 9.16e-11
2019-09-22, 05:24:38, 9.2e-13, 9.17e-11
2019-09-22, 05:24:42, 9.87e-13, 9.14e-11
2019-09-22, 05:24:46, 9.58e-13, 9.11e-11
2019-09-22, 05:24:51, 8.91e-13, 9.14e-11
2019-09-22, 05:24:55, 9.73e-13, 9.11e-11
2019-09-22, 05:24:59, 9.31e-13, 9.15e-11
2019-09-22, 05:25:03, 9.35e-13, 9.15e-11
2019-09-22, 05:25:07, 9.76e-13, 9.17e-11
2019-09-22, 05:25:12, 9.61e-13, 9.15e-11
2019-09-22, 05:25:16, 8.19e-13, 9.15e-11
2019-09-22, 05:25:20, 9.72e-13, 9.14e-11
2019-09-22, 05:25:24, 9.39e-13, 9.14e-11
2019-09-22, 05:25:29, 1.02e-12, 9.18e-11
2019-09-22, 05:25:33, 9.11e-13, 9.1e-11
2019-09-22, 05:25:37, 9.6e-13, 9.14e-11
2019-09-22, 05:25:41, 1.15e-12, 9.18e-11
2019-09-22, 05:25:45, 9.32e-13, 9.13e-11
2019-09-22, 05:25:50, 9.94e-13, 9.11e-11
2019-09-22, 05:25:54, 9.81e-13, 9.15e-11
2019-09-22, 05:25:58, 9.73e-13, 9.13e-11
2019-09-22, 05:26:02, 1.02e-12, 9.15e-11
2019-09-22, 05:26:07, 9.56e-13, 9.18e-11
2019-09-22, 05:26:11, 9.83e-13, 9.16e-11
2019-09-22, 05:26:15, 8.76e-13, 9.15e-11
2019-09-22, 05:26:19, 9.75e-13, 9.13e-11
2019-09-22, 05:26:23, 9.98e-13, 9.16e-11
2019-09-22, 05:26:28, 9.85e-13, 9.16e-11
2019-09-22, 05:26:32, 9.44e-13, 9.19e-11
2019-09-22, 05:26:36, 1.01e-12, 9.16e-11
2019-09-22, 05:26:40, 9.27e-13, 9.15e-11
2019-09-22, 05:26:45, 1e-12, 9.14e-11
2019-09-22, 05:26:49, 9.41e-13, 9.15e-11
2019-09-22, 05:26:53, 9.43e-13, 9.13e-11
2019-09-22, 05:26:57, 8.81e-13, 9.12e-11
2019-09-22, 05:27:01, 9.53e-13, 9.15e-11
2019-09-22, 05:27:06, 1e-12, 9.14e-11
2019-09-22, 05:27:10, 9.98e-13, 9.14e-11
2019-09-22, 05:27:14, 9.73e-13, 9.16e-11
2019-09-22, 05:27:18, 9.38e-13, 9.14e-11
2019-09-22, 05:27:23, 1.03e-12, 9.15e-11
2019-09-22, 05:27:27, 9.43e-13, 9.16e-11
2019-09-22, 05:27:31, 9.66e-13, 9.12e-11
2019-09-22, 05:27:35, 9.32e-13, 9.13e-11
2019-09-22, 05:27:39, 9.68e-13, 9.14e-11
2019-09-22, 05:27:44, 8.68e-13, 9.11e-11
2019-09-22, 05:27:48, 9.17e-13, 9.14e-11
2019-09-22, 05:27:52, 1.02e-12, 9.15e-11
2019-09-22, 05:27:56, 9.74e-13, 9.17e-11
2019-09-22, 05:28:00, 9.39e-13, 9.15e-11
2019-09-22, 05:28:05, 9.03e-13, 9.14e-11
2019-09-22, 05:28:09, 9.78e-13, 9.14e-11
2019-09-22, 05:28:13, 9.69e-13, 9.15e-11
2019-09-22, 05:28:17, 9.93e-13, 9.16e-11
2019-09-22, 05:28:22, 1.01e-12, 9.13e-11
2019-09-22, 05:28:26, 1e-12, 9.15e-11
2019-09-22, 05:28:30, 9.81e-13, 9.13e-11
2019-09-22, 05:28:34, 9.96e-13, 9.13e-11
2019-09-22, 05:28:38, 8.28e-13, 9.14e-11
2019-09-22, 05:28:43, 1e-12, 9.14e-11
2019-09-22, 05:28:47, 9.91e-13, 9.17e-11
2019-09-22, 05:28:51, 9.05e-13, 9.09e-11
2019-09-22, 05:28:55, 9.5e-13, 9.14e-11
2019-09-22, 05:29:00, 8.12e-13, 9.13e-11
2019-09-22, 05:29:04, 9.01e-13, 9.18e-11
2019-09-22, 05:29:08, 9.99e-13, 9.14e-11
2019-09-22, 05:29:12, 9.77e-13, 9.15e-11
2019-09-22, 05:29:16, 9.36e-13, 9.15e-11
2019-09-22, 05:29:21, 9.7e-13, 9.16e-11
2019-09-22, 05:29:25, 9.49e-13, 9.13e-11
2019-09-22, 05:29:29, 9.56e-13, 9.12e-11
2019-09-22, 05:29:33, 9.8e-13, 9.14e-11
2019-09-22, 05:29:38, 9.84e-13, 9.12e-11
2019-09-22, 05:29:42, 9.78e-13, 9.15e-11
2019-09-22, 05:29:46, 9.77e-13, 9.18e-11
2019-09-22, 05:29:50, 9.72e-13, 9.15e-11
2019-09-22, 05:29:54, 1.02e-12, 9.09e-11
2019-09-22, 05:29:59, 9.35e-13, 9.16e-11
2019-09-22, 05:30:03, 9.75e-13, 9.12e-11
2019-09-22, 05:30:07, 9.5e-13, 9.14e-11
2019-09-22, 05:30:11, 1.01e-12, 9.14e-11
2019-09-22, 05:30:16, 9.9e-13, 9.11e-11
2019-09-22, 05:30:20, 9.47e-13, 9.1e-11
2019-09-22, 05:30:24, 9.75e-13, 9.12e-11
2019-09-22, 05:30:28, 1.01e-12, 9.14e-11
2019-09-22, 05:30:32, 9.17e-13, 9.13e-11
2019-09-22, 05:30:37, 1.05e-12, 9.12e-11
2019-09-22, 05:30:41, 9.99e-13, 9.14e-11
2019-09-22, 05:30:45, 9.44e-13, 9.17e-11
2019-09-22, 05:30:49, 1.07e-12, 9.1e-11
2019-09-22, 05:30:54, 8.86e-13, 9.14e-11
2019-09-22, 05:30:58, 9.69e-13, 9.16e-11
2019-09-22, 05:31:02, 9.59e-13, 9.16e-11
2019-09-22, 05:31:06, 1.02e-12, 9.13e-11
2019-09-22, 05:31:10, 9.68e-13, 9.16e-11
2019-09-22, 05:31:15, 1.03e-12, 9.16e-11
2019-09-22, 05:31:19, 1.17e-12, 9.14e-11
2019-09-22, 05:31:23, 1.03e-12, 9.14e-11
2019-09-22, 05:31:27, 9.49e-13, 9.19e-11
2019-09-22, 05:31:32, 9.99e-13, 9.15e-11
2019-09-22, 05:31:36, 9.48e-13, 9.17e-11
2019-09-22, 05:31:40, 9.17e-13, 9.15e-11
2019-09-22, 05:31:44, 9.13e-13, 9.16e-11
2019-09-22, 05:31:48, 9.83e-13, 9.15e-11
2019-09-22, 05:31:53, 9.48e-13, 9.16e-11
2019-09-22, 05:31:57, 9.41e-13, 9.16e-11
2019-09-22, 05:32:01, 9.44e-13, 9.15e-11
2019-09-22, 05:32:05, 9.86e-13, 9.18e-11
2019-09-22, 05:32:09, 9.68e-13, 9.17e-11
2019-09-22, 05:32:14, 9.9e-13, 9.18e-11
2019-09-22, 05:32:18, 9.23e-13, 9.14e-11
2019-09-22, 05:32:22, 9.06e-13, 9.17e-11
2019-09-22, 05:32:26, 9.55e-13, 9.17e-11
2019-09-22, 05:32:31, 1e-12, 9.15e-11
2019-09-22, 05:32:35, 9.74e-13, 9.14e-11
2019-09-22, 05:32:39, 9.64e-13, 9.17e-11
2019-09-22, 05:32:43, 9.31e-13, 9.15e-11
2019-09-22, 05:32:47, 8.96e-13, 9.16e-11
2019-09-22, 05:32:52, 1.02e-12, 9.17e-11
2019-09-22, 05:32:56, 9.64e-13, 9.17e-11
2019-09-22, 05:33:00, 9.45e-13, 9.19e-11
2019-09-22, 05:33:04, 9.52e-13, 9.14e-11
2019-09-22, 05:33:09, 9.25e-13, 9.15e-11
2019-09-22, 05:33:13, 9.48e-13, 9.14e-11
2019-09-22, 05:33:17, 9.72e-13, 9.16e-11
2019-09-22, 05:33:21, 9.74e-13, 9.15e-11
2019-09-22, 05:33:25, 8.89e-13, 9.15e-11
2019-09-22, 05:33:30, 9.27e-13, 9.19e-11
2019-09-22, 05:33:34, 9.54e-13, 9.13e-11
2019-09-22, 05:33:38, 9.27e-13, 9.18e-11
2019-09-22, 05:33:42, 9.66e-13, 9.13e-11
2019-09-22, 05:33:47, 9.64e-13, 9.16e-11
2019-09-22, 05:33:51, 9.72e-13, 9.17e-11
2019-09-22, 05:33:55, 9.3e-13, 9.15e-11
2019-09-22, 05:33:59, 9.6e-13, 9.14e-11
2019-09-22, 05:34:03, 1.03e-12, 9.11e-11
2019-09-22, 05:34:08, 9.61e-13, 9.15e-11
2019-09-22, 05:34:12, 9.66e-13, 9.13e-11
2019-09-22, 05:34:16, 9.73e-13, 9.14e-11
2019-09-22, 05:34:20, 9.25e-13, 9.13e-11
2019-09-22, 05:34:25, 1.05e-12, 9.11e-11
2019-09-22, 05:34:29, 1.09e-12, 9.14e-11
2019-09-22, 05:34:33, 9.31e-13, 9.17e-11
2019-09-22, 05:34:37, 8.88e-13, 9.12e-11
2019-09-22, 05:34:41, 1.02e-12, 9.13e-11
2019-09-22, 05:34:46, 9.59e-13, 9.16e-11
2019-09-22, 05:34:50, 9.76e-13, 9.15e-11
2019-09-22, 05:34:54, 9.85e-13, 9.17e-11
2019-09-22, 05:34:58, 9.33e-13, 9.16e-11
2019-09-22, 05:35:03, 8.52e-13, 9.14e-11
2019-09-22, 05:35:07, 8.5e-13, 9.14e-11
2019-09-22, 05:35:11, 9.71e-13, 9.12e-11
2019-09-22, 05:35:15, 1e-12, 9.14e-11
2019-09-22, 05:35:19, 9.68e-13, 9.18e-11
2019-09-22, 05:35:24, 1.05e-12, 9.15e-11
2019-09-22, 05:35:28, 8.98e-13, 9.13e-11
2019-09-22, 05:35:32, 8.8e-13, 9.15e-11
2019-09-22, 05:35:36, 9.24e-13, 9.12e-11
2019-09-22, 05:35:41, 9.87e-13, 9.14e-11
2019-09-22, 05:35:45, 9.68e-13, 9.15e-11
2019-09-22, 05:35:49, 9.61e-13, 9.17e-11
2019-09-22, 05:35:53, 9.42e-13, 9.15e-11
2019-09-22, 05:35:57, 9.46e-13, 9.11e-11
2019-09-22, 05:36:02, 9.44e-13, 9.14e-11
2019-09-22, 05:36:06, 9.3e-13, 9.17e-11
2019-09-22, 05:36:10, 1e-12, 9.13e-11
2019-09-22, 05:36:14, 9.42e-13, 9.13e-11
2019-09-22, 05:36:19, 9.19e-13, 9.16e-11
2019-09-22, 05:36:23, 1.02e-12, 9.14e-11
2019-09-22, 05:36:27, 9.93e-13, 9.11e-11
2019-09-22, 05:36:31, 9.04e-13, 9.17e-11
2019-09-22, 05:36:35, 9.26e-13, 9.12e-11
2019-09-22, 05:36:40, 9.4e-13, 9.16e-11
2019-09-22, 05:36:44, 9.56e-13, 9.18e-11
2019-09-22, 05:36:48, 9.61e-13, 9.16e-11
2019-09-22, 05:36:52, 9.61e-13, 9.14e-11
2019-09-22, 05:36:56, 9.44e-13, 9.14e-11
2019-09-22, 05:37:01, 9.25e-13, 9.15e-11
2019-09-22, 05:37:05, 9.78e-13, 9.15e-11
2019-09-22, 05:37:09, 9.08e-13, 9.15e-11
2019-09-22, 05:37:13, 9.47e-13, 9.13e-11
2019-09-22, 05:37:18, 9.24e-13, 9.14e-11
2019-09-22, 05:37:22, 1.01e-12, 9.12e-11
2019-09-22, 05:37:26, 8.91e-13, 9.16e-11
2019-09-22, 05:37:30, 9.92e-13, 9.12e-11
2019-09-22, 05:37:35, 1.06e-12, 9.15e-11
2019-09-22, 05:37:39, 9.62e-13, 9.2e-11
2019-09-22, 05:37:43, 9.72e-13, 9.14e-11
2019-09-22, 05:37:47, 1.01e-12, 9.16e-11
2019-09-22, 05:37:52, 9.63e-13, 9.13e-11
2019-09-22, 05:37:56, 9.45e-13, 9.15e-11
2019-09-22, 05:38:00, 9.76e-13, 9.14e-11
2019-09-22, 05:38:05, 9.56e-13, 9.17e-11
2019-09-22, 05:38:09, 9.24e-13, 9.15e-11
2019-09-22, 05:38:13, 9.75e-13, 9.19e-11
2019-09-22, 05:38:17, 9.4e-13, 9.16e-11
2019-09-22, 05:38:22, 9.7e-13, 9.15e-11
2019-09-22, 05:38:26, 9.4e-13, 9.15e-11
2019-09-22, 05:38:30, 9.39e-13, 9.13e-11
2019-09-22, 05:38:34, 9.08e-13, 9.13e-11
2019-09-22, 05:38:38, 9.45e-13, 9.15e-11
2019-09-22, 05:38:43, 9.36e-13, 9.15e-11
2019-09-22, 05:38:47, 1.12e-12, 9.15e-11
2019-09-22, 05:38:51, 9.61e-13, 9.14e-11
2019-09-22, 05:38:55, 8.88e-13, 9.15e-11
2019-09-22, 05:39:00, 9.49e-13, 9.13e-11
2019-09-22, 05:39:04, 8.16e-13, 9.15e-11
2019-09-22, 05:39:08, 1.09e-12, 9.14e-11
2019-09-22, 05:39:12, 9.94e-13, 9.14e-11
2019-09-22, 05:39:16, 1e-12, 9.14e-11
2019-09-22, 05:39:21, 9.32e-13, 9.12e-11
2019-09-22, 05:39:25, 9.64e-13, 9.14e-11
2019-09-22, 05:39:29, 9.81e-13, 9.13e-11
2019-09-22, 05:39:33, 9.19e-13, 9.12e-11
2019-09-22, 05:39:38, 9.86e-13, 9.11e-11
2019-09-22, 05:39:42, 9.63e-13, 9.13e-11
2019-09-22, 05:39:46, 9.7e-13, 9.16e-11
2019-09-22, 05:39:50, 9.23e-13, 9.14e-11
2019-09-22, 05:39:54, 1.06e-12, 9.14e-11
2019-09-22, 05:39:59, 9.85e-13, 9.12e-11
2019-09-22, 05:40:03, 9.43e-13, 9.16e-11
2019-09-22, 05:40:07, 9.07e-13, 9.18e-11
2019-09-22, 05:40:11, 9.94e-13, 9.17e-11
2019-09-22, 05:40:16, 9.21e-13, 9.17e-11
2019-09-22, 05:40:20, 9.52e-13, 9.1e-11
2019-09-22, 05:40:24, 9.66e-13, 9.14e-11
2019-09-22, 05:40:28, 8.34e-13, 9.17e-11
2019-09-22, 05:40:32, 9.12e-13, 9.15e-11
2019-09-22, 05:40:37, 9.5e-13, 9.12e-11
2019-09-22, 05:40:41, 9.46e-13, 9.15e-11
2019-09-22, 05:40:45, 1e-12, 9.13e-11
2019-09-22, 05:40:49, 8.99e-13, 9.13e-11
2019-09-22, 05:40:54, 1.04e-12, 9.17e-11
2019-09-22, 05:40:58, 9.33e-13, 9.14e-11
2019-09-22, 05:41:02, 9.2e-13, 9.16e-11
2019-09-22, 05:41:06, 9.42e-13, 9.14e-11
2019-09-22, 05:41:10, 9.11e-13, 9.18e-11
2019-09-22, 05:41:15, 9.81e-13, 9.16e-11
2019-09-22, 05:41:19, 9.97e-13, 9.17e-11
2019-09-22, 05:41:23, 9.24e-13, 9.12e-11
2019-09-22, 05:41:27, 9.59e-13, 9.18e-11
2019-09-22, 05:41:31, 8.99e-13, 9.14e-11
2019-09-22, 05:41:36, 9.94e-13, 9.11e-11
2019-09-22, 05:41:40, 9.52e-13, 9.14e-11
2019-09-22, 05:41:44, 1.02e-12, 9.16e-11
2019-09-22, 05:41:48, 9.69e-13, 9.13e-11
2019-09-22, 05:41:53, 9.75e-13, 9.12e-11
2019-09-22, 05:41:57, 1.04e-12, 9.13e-11
2019-09-22, 05:42:01, 9.86e-13, 9.16e-11
2019-09-22, 05:42:05, 9.74e-13, 9.14e-11
2019-09-22, 05:42:10, 9.42e-13, 9.12e-11
2019-09-22, 05:42:14, 1.03e-12, 9.14e-11
2019-09-22, 05:42:18, 9.08e-13, 9.13e-11
2019-09-22, 05:42:22, 9.13e-13, 9.12e-11
2019-09-22, 05:42:26, 9.54e-13, 9.14e-11
2019-09-22, 05:42:31, 9.85e-13, 9.12e-11
2019-09-22, 05:42:35, 9.46e-13, 9.1e-11
2019-09-22, 05:42:39, 9.48e-13, 9.14e-11
2019-09-22, 05:42:43, 9.52e-13, 9.12e-11
2019-09-22, 05:42:48, 9.59e-13, 9.16e-11
2019-09-22, 05:42:53, 1.01e-12, 9.16e-11
2019-09-22, 05:42:57, 1.01e-12, 9.13e-11
2019-09-22, 05:43:01, 9.78e-13, 9.16e-11
2019-09-22, 05:43:05, 9.87e-13, 9.12e-11
2019-09-22, 05:43:09, 9.86e-13, 9.12e-11
2019-09-22, 05:43:14, 1e-12, 9.15e-11
2019-09-22, 05:43:18, 9.92e-13, 9.12e-11
2019-09-22, 05:43:22, 9.56e-13, 9.17e-11
2019-09-22, 05:43:26, 9.81e-13, 9.15e-11
2019-09-22, 05:43:31, 9.45e-13, 9.12e-11
2019-09-22, 05:43:35, 9.54e-13, 9.13e-11
2019-09-22, 05:43:39, 9.8e-13, 9.14e-11
2019-09-22, 05:43:43, 9.25e-13, 9.14e-11
2019-09-22, 05:43:47, 9.57e-13, 9.14e-11
2019-09-22, 05:43:52, 9.4e-13, 9.14e-11
2019-09-22, 05:43:56, 9.53e-13, 9.16e-11
2019-09-22, 05:44:00, 9.73e-13, 9.1e-11
2019-09-22, 05:44:04, 9.71e-13, 9.13e-11
2019-09-22, 05:44:09, 9.73e-13, 9.12e-11
2019-09-22, 05:44:13, 9.31e-13, 9.09e-11
2019-09-22, 05:44:17, 9.36e-13, 9.11e-11
2019-09-22, 05:44:21, 1.07e-12, 9.15e-11
2019-09-22, 05:44:25, 9.69e-13, 9.13e-11
2019-09-22, 05:44:30, 1.02e-12, 9.15e-11
2019-09-22, 05:44:34, 1.07e-12, 9.19e-11
2019-09-22, 05:44:38, 9.95e-13, 9.13e-11
2019-09-22, 05:44:42, 1e-12, 9.12e-11
2019-09-22, 05:44:47, 7.88e-13, 9.14e-11
2019-09-22, 05:44:51, 1.02e-12, 9.15e-11
2019-09-22, 05:44:55, 9.26e-13, 9.1e-11
2019-09-22, 05:44:59, 9.54e-13, 9.17e-11
2019-09-22, 05:45:04, 9.61e-13, 9.16e-11
2019-09-22, 05:45:08, 9.7e-13, 9.14e-11
2019-09-22, 05:45:12, 9.97e-13, 9.11e-11
2019-09-22, 05:45:16, 9.39e-13, 9.12e-11
2019-09-22, 05:45:20, 9.64e-13, 9.14e-11
2019-09-22, 05:45:25, 9.8e-13, 9.14e-11
2019-09-22, 05:45:29, 9.73e-13, 9.09e-11
2019-09-22, 05:45:33, 1.02e-12, 9.15e-11
2019-09-22, 05:45:37, 9.48e-13, 9.12e-11
2019-09-22, 05:45:41, 9.41e-13, 9.15e-11
2019-09-22, 05:45:46, 1.03e-12, 9.18e-11
2019-09-22, 05:45:50, 9.16e-13, 9.11e-11
2019-09-22, 05:45:54, 9.38e-13, 9.13e-11
2019-09-22, 05:45:58, 9.59e-13, 9.16e-11
2019-09-22, 05:46:03, 9.89e-13, 9.14e-11
2019-09-22, 05:46:07, 9.41e-13, 9.14e-11
2019-09-22, 05:46:11, 1.03e-12, 9.13e-11
2019-09-22, 05:46:15, 9.11e-13, 9.16e-11
2019-09-22, 05:46:19, 9.7e-13, 9.13e-11
2019-09-22, 05:46:24, 1e-12, 9.17e-11
2019-09-22, 05:46:28, 9.46e-13, 9.11e-11
2019-09-22, 05:46:32, 9.18e-13, 9.16e-11
2019-09-22, 05:46:36, 9.33e-13, 9.14e-11
2019-09-22, 05:46:41, 9.61e-13, 9.13e-11
2019-09-22, 05:46:45, 1.02e-12, 9.11e-11
2019-09-22, 05:46:49, 1e-12, 9.11e-11
2019-09-22, 05:46:53, 1.04e-12, 9.11e-11
2019-09-22, 05:46:57, 9.86e-13, 9.11e-11
2019-09-22, 05:47:02, 1.1e-12, 9.18e-11
2019-09-22, 05:47:06, 9.46e-13, 9.15e-11
2019-09-22, 05:47:10, 9.51e-13, 9.16e-11
2019-09-22, 05:47:14, 1.05e-12, 9.15e-11
2019-09-22, 05:47:19, 9.26e-13, 9.12e-11
2019-09-22, 05:47:23, 9.26e-13, 9.12e-11
2019-09-22, 05:47:27, 9.05e-13, 9.13e-11
2019-09-22, 05:47:31, 9.82e-13, 9.17e-11
2019-09-22, 05:47:35, 8.68e-13, 9.19e-11
2019-09-22, 05:47:40, 9.3e-13, 9.15e-11
2019-09-22, 05:47:44, 9.17e-13, 9.12e-11
2019-09-22, 05:47:48, 9.06e-13, 9.16e-11
2019-09-22, 05:47:52, 9.52e-13, 9.17e-11
2019-09-22, 05:47:57, 1e-12, 9.13e-11
2019-09-22, 05:48:01, 1e-12, 9.17e-11
2019-09-22, 05:48:05, 9.32e-13, 9.2e-11
2019-09-22, 05:48:09, 1.02e-12, 9.17e-11
2019-09-22, 05:48:13, 1.06e-12, 9.15e-11
2019-09-22, 05:48:18, 9.18e-13, 9.17e-11
2019-09-22, 05:48:22, 8.59e-13, 9.16e-11
2019-09-22, 05:48:26, 9.91e-13, 9.14e-11
2019-09-22, 05:48:30, 9.69e-13, 9.15e-11
2019-09-22, 05:48:35, 8.94e-13, 9.15e-11
2019-09-22, 05:48:39, 9.02e-13, 9.13e-11
2019-09-22, 05:48:43, 8.34e-13, 9.15e-11
2019-09-22, 05:48:47, 9.63e-13, 9.14e-11
2019-09-22, 05:48:51, 1.03e-12, 9.17e-11
2019-09-22, 05:48:56, 1.12e-12, 9.16e-11
2019-09-22, 05:49:00, 9.88e-13, 9.19e-11
2019-09-22, 05:49:04, 9.88e-13, 9.15e-11
2019-09-22, 05:49:08, 9.38e-13, 9.14e-11
2019-09-22, 05:49:12, 9.94e-13, 9.17e-11
2019-09-22, 05:49:17, 9.14e-13, 9.19e-11
2019-09-22, 05:49:21, 1.04e-12, 9.16e-11
2019-09-22, 05:49:25, 9.2e-13, 9.12e-11
2019-09-22, 05:49:29, 9.34e-13, 9.14e-11
2019-09-22, 05:49:34, 9.54e-13, 9.15e-11
2019-09-22, 05:49:38, 1.01e-12, 9.15e-11
2019-09-22, 05:49:42, 9.27e-13, 9.1e-11
2019-09-22, 05:49:46, 9.64e-13, 9.15e-11
2019-09-22, 05:49:50, 9.92e-13, 9.17e-11
2019-09-22, 05:49:55, 9.13e-13, 9.13e-11
2019-09-22, 05:49:59, 9.94e-13, 9.19e-11
2019-09-22, 05:50:03, 8.98e-13, 9.16e-11
2019-09-22, 05:50:07, 9.43e-13, 9.14e-11
2019-09-22, 05:50:12, 8.21e-13, 9.15e-11
2019-09-22, 05:50:16, 9.28e-13, 9.17e-11
2019-09-22, 05:50:20, 9.44e-13, 9.13e-11
2019-09-22, 05:50:24, 9.59e-13, 9.15e-11
2019-09-22, 05:50:28, 9.62e-13, 9.13e-11
2019-09-22, 05:50:33, 1.02e-12, 9.15e-11
2019-09-22, 05:50:37, 9.62e-13, 9.15e-11
2019-09-22, 05:50:41, 9.48e-13, 9.17e-11
2019-09-22, 05:50:45, 1.08e-12, 9.21e-11
2019-09-22, 05:50:50, 9.22e-13, 9.18e-11
2019-09-22, 05:50:54, 9.67e-13, 9.17e-11
2019-09-22, 05:50:58, 9.49e-13, 9.12e-11
2019-09-22, 05:51:02, 9.69e-13, 9.14e-11
2019-09-22, 05:51:06, 1.01e-12, 9.18e-11
2019-09-22, 05:51:11, 1.08e-12, 9.16e-11
2019-09-22, 05:51:15, 1.04e-12, 9.17e-11
2019-09-22, 05:51:19, 1.04e-12, 9.15e-11
2019-09-22, 05:51:23, 9.59e-13, 9.14e-11
2019-09-22, 05:51:28, 1.07e-12, 9.16e-11
2019-09-22, 05:51:32, 9.45e-13, 9.17e-11
2019-09-22, 05:51:36, 9.44e-13, 9.17e-11
2019-09-22, 05:51:40, 1.04e-12, 9.17e-11
2019-09-22, 05:51:44, 9.7e-13, 9.16e-11
2019-09-22, 05:51:49, 1.05e-12, 9.14e-11
2019-09-22, 05:51:53, 9.78e-13, 9.14e-11
2019-09-22, 05:51:57, 9.55e-13, 9.17e-11
2019-09-22, 05:52:01, 9.36e-13, 9.17e-11
2019-09-22, 05:52:06, 9.31e-13, 9.15e-11
2019-09-22, 05:52:10, 1.12e-12, 9.16e-11
2019-09-22, 05:52:14, 9.86e-13, 9.16e-11
2019-09-22, 05:52:18, 1.1e-12, 9.17e-11
2019-09-22, 05:52:22, 9.5e-13, 9.17e-11
2019-09-22, 05:52:27, 9.13e-13, 9.18e-11
2019-09-22, 05:52:31, 9.42e-13, 9.14e-11
2019-09-22, 05:52:35, 8.21e-13, 9.16e-11
2019-09-22, 05:52:39, 9.69e-13, 9.15e-11
2019-09-22, 05:52:44, 9.87e-13, 9.15e-11
2019-09-22, 05:52:48, 1.01e-12, 9.18e-11
2019-09-22, 05:52:52, 9.49e-13, 9.13e-11
2019-09-22, 05:52:56, 9.09e-13, 9.12e-11
2019-09-22, 05:53:00, 9.76e-13, 9.14e-11
2019-09-22, 05:53:05, 9.63e-13, 9.17e-11
2019-09-22, 05:53:09, 9.86e-13, 9.15e-11
2019-09-22, 05:53:13, 1e-12, 9.17e-11
2019-09-22, 05:53:17, 9.33e-13, 9.14e-11
2019-09-22, 05:53:22, 9.18e-13, 9.14e-11
2019-09-22, 05:53:26, 1.07e-12, 9.16e-11
2019-09-22, 05:53:30, 9.58e-13, 9.14e-11
2019-09-22, 05:53:34, 9.94e-13, 9.11e-11
2019-09-22, 05:53:38, 1e-12, 9.15e-11
2019-09-22, 05:53:43, 9.45e-13, 9.18e-11
2019-09-22, 05:53:47, 1.02e-12, 9.16e-11
2019-09-22, 05:53:51, 8.96e-13, 9.14e-11
2019-09-22, 05:53:55, 9.4e-13, 9.12e-11
2019-09-22, 05:54:00, 9.1e-13, 9.16e-11
2019-09-22, 05:54:04, 9.31e-13, 9.13e-11
2019-09-22, 05:54:08, 9.17e-13, 9.15e-11
2019-09-22, 05:54:12, 9.47e-13, 9.15e-11
2019-09-22, 05:54:16, 9.26e-13, 9.12e-11
2019-09-22, 05:54:21, 1.02e-12, 9.11e-11
2019-09-22, 05:54:25, 8.85e-13, 9.16e-11
2019-09-22, 05:54:29, 8.97e-13, 9.13e-11
2019-09-22, 05:54:33, 1.03e-12, 9.13e-11
2019-09-22, 05:54:37, 9.74e-13, 9.14e-11
2019-09-22, 05:54:42, 9.73e-13, 9.1e-11
2019-09-22, 05:54:46, 9.23e-13, 9.09e-11
2019-09-22, 05:54:50, 9.97e-13, 9.12e-11
2019-09-22, 05:54:54, 9.92e-13, 9.14e-11
2019-09-22, 05:54:59, 9.75e-13, 9.12e-11
2019-09-22, 05:55:03, 1.03e-12, 9.11e-11
2019-09-22, 05:55:07, 8.3e-13, 9.11e-11
2019-09-22, 05:55:11, 9.83e-13, 9.14e-11
2019-09-22, 05:55:16, 9.74e-13, 9.13e-11
2019-09-22, 05:55:20, 9.55e-13, 9.14e-11
2019-09-22, 05:55:24, 1.02e-12, 9.14e-11
2019-09-22, 05:55:28, 9.24e-13, 9.14e-11
2019-09-22, 05:55:33, 9.58e-13, 9.15e-11
2019-09-22, 05:55:37, 9.15e-13, 9.14e-11
2019-09-22, 05:55:41, 1.01e-12, 9.19e-11
2019-09-22, 05:55:45, 1.02e-12, 9.14e-11
2019-09-22, 05:55:49, 9.69e-13, 9.14e-11
2019-09-22, 05:55:54, 9.21e-13, 9.15e-11
2019-09-22, 05:55:58, 1.03e-12, 9.18e-11
2019-09-22, 05:56:02, 1.03e-12, 9.14e-11
2019-09-22, 05:56:06, 9.75e-13, 9.15e-11
2019-09-22, 05:56:10, 8.85e-13, 9.13e-11
2019-09-22, 05:56:15, 9.65e-13, 9.16e-11
2019-09-22, 05:56:19, 9.16e-13, 9.13e-11
2019-09-22, 05:56:23, 9.61e-13, 9.15e-11
2019-09-22, 05:56:27, 9.42e-13, 9.16e-11
2019-09-22, 05:56:32, 9.02e-13, 9.11e-11
2019-09-22, 05:56:36, 9.48e-13, 9.15e-11
2019-09-22, 05:56:40, 1.06e-12, 9.16e-11
2019-09-22, 05:56:44, 9.83e-13, 9.12e-11
2019-09-22, 05:56:48, 9.38e-13, 9.11e-11
2019-09-22, 05:56:53, 9.41e-13, 9.13e-11
2019-09-22, 05:56:57, 9.55e-13, 9.18e-11
2019-09-22, 05:57:01, 1.06e-12, 9.18e-11
2019-09-22, 05:57:05, 9.11e-13, 9.13e-11
2019-09-22, 05:57:10, 9.64e-13, 9.16e-11
2019-09-22, 05:57:14, 1.14e-12, 9.17e-11
2019-09-22, 05:57:18, 8.13e-13, 9.16e-11
2019-09-22, 05:57:22, 9.46e-13, 9.21e-11
2019-09-22, 05:57:26, 9.68e-13, 9.13e-11
2019-09-22, 05:57:31, 9.37e-13, 9.14e-11
2019-09-22, 05:57:35, 1.05e-12, 9.14e-11
2019-09-22, 05:57:39, 8.34e-13, 9.14e-11
2019-09-22, 05:57:43, 9.01e-13, 9.15e-11
2019-09-22, 05:57:48, 9.4e-13, 9.12e-11
2019-09-22, 05:57:52, 9.48e-13, 9.12e-11
2019-09-22, 05:57:56, 9.54e-13, 9.1e-11
2019-09-22, 05:58:00, 9.69e-13, 9.16e-11
2019-09-22, 05:58:04, 9.65e-13, 9.14e-11
2019-09-22, 05:58:09, 9.09e-13, 9.17e-11
2019-09-22, 05:58:13, 1.02e-12, 9.13e-11
2019-09-22, 05:58:17, 1.02e-12, 9.15e-11
2019-09-22, 05:58:21, 9.78e-13, 9.16e-11
2019-09-22, 05:58:26, 9.96e-13, 9.14e-11
2019-09-22, 05:58:30, 9.19e-13, 9.17e-11
2019-09-22, 05:58:34, 9.43e-13, 9.14e-11
2019-09-22, 05:58:38, 9.62e-13, 9.15e-11
2019-09-22, 05:58:42, 9.08e-13, 9.11e-11
2019-09-22, 05:58:47, 9.14e-13, 9.16e-11
2019-09-22, 05:58:51, 9.23e-13, 9.14e-11
2019-09-22, 05:58:55, 9.49e-13, 9.13e-11
2019-09-22, 05:58:59, 9.41e-13, 9.16e-11
2019-09-22, 05:59:04, 9.62e-13, 9.13e-11
2019-09-22, 05:59:08, 8.53e-13, 9.12e-11
2019-09-22, 05:59:12, 9.68e-13, 9.15e-11
2019-09-22, 05:59:16, 1.02e-12, 9.15e-11
2019-09-22, 05:59:20, 9.56e-13, 9.14e-11
2019-09-22, 05:59:25, 9.57e-13, 9.13e-11
2019-09-22, 05:59:29, 9.66e-13, 9.12e-11
2019-09-22, 05:59:33, 9.5e-13, 9.15e-11
2019-09-22, 05:59:37, 1.01e-12, 9.14e-11
2019-09-22, 05:59:42, 9.37e-13, 9.16e-11
2019-09-22, 05:59:46, 9.67e-13, 9.13e-11
2019-09-22, 05:59:50, 1.04e-12, 9.14e-11
2019-09-22, 05:59:54, 9.24e-13, 9.12e-11
2019-09-22, 05:59:58, 9.39e-13, 9.13e-11
2019-09-22, 06:00:03, 9.13e-13, 9.15e-11
2019-09-22, 06:00:07, 1.06e-12, 9.13e-11
2019-09-22, 06:00:11, 9.54e-13, 9.17e-11
2019-09-22, 06:00:15, 9.52e-13, 9.17e-11
2019-09-22, 06:00:20, 9.65e-13, 9.13e-11
2019-09-22, 06:00:31, 9.91e-13, 9.13e-11
2019-09-22, 06:00:35, 1.03e-12, 9.12e-11
2019-09-22, 06:00:40, 9.18e-13, 9.14e-11
2019-09-22, 06:00:44, 1e-12, 9.15e-11
2019-09-22, 06:00:48, 9.75e-13, 9.17e-11
2019-09-22, 06:00:52, 9.37e-13, 9.18e-11
2019-09-22, 06:00:57, 1.03e-12, 9.15e-11
2019-09-22, 06:01:01, 9.41e-13, 9.12e-11
2019-09-22, 06:01:05, 9.48e-13, 9.12e-11
2019-09-22, 06:01:09, 8.64e-13, 9.13e-11
2019-09-22, 06:01:13, 9.93e-13, 9.15e-11
2019-09-22, 06:01:18, 9.29e-13, 9.2e-11
2019-09-22, 06:01:22, 9.33e-13, 9.17e-11
2019-09-22, 06:01:26, 1e-12, 9.12e-11
2019-09-22, 06:01:30, 9.87e-13, 9.15e-11
2019-09-22, 06:01:35, 1.04e-12, 9.13e-11
2019-09-22, 06:01:39, 9.3e-13, 9.08e-11
2019-09-22, 06:01:43, 9.76e-13, 9.1e-11
2019-09-22, 06:01:47, 1.05e-12, 9.13e-11
2019-09-22, 06:01:51, 9.38e-13, 9.13e-11
2019-09-22, 06:01:56, 9.6e-13, 9.12e-11
2019-09-22, 06:02:00, 1.01e-12, 9.14e-11
2019-09-22, 06:02:04, 9.59e-13, 9.15e-11
2019-09-22, 06:02:08, 9.91e-13, 9.16e-11
2019-09-22, 06:02:13, 9.31e-13, 9.15e-11
2019-09-22, 06:02:17, 9.38e-13, 9.15e-11
2019-09-22, 06:02:21, 1e-12, 9.15e-11
2019-09-22, 06:02:25, 9.79e-13, 9.15e-11
2019-09-22, 06:02:29, 9.42e-13, 9.12e-11
2019-09-22, 06:02:34, 1.01e-12, 9.17e-11
2019-09-22, 06:02:38, 9.65e-13, 9.14e-11
2019-09-22, 06:02:42, 9.44e-13, 9.16e-11
2019-09-22, 06:02:46, 9.33e-13, 9.15e-11
2019-09-22, 06:02:51, 9.52e-13, 9.15e-11
2019-09-22, 06:02:55, 1e-12, 9.16e-11
2019-09-22, 06:02:59, 8.87e-13, 9.13e-11
2019-09-22, 06:03:03, 9.43e-13, 9.11e-11
2019-09-22, 06:03:07, 9.53e-13, 9.17e-11
2019-09-22, 06:03:12, 9.77e-13, 9.09e-11
2019-09-22, 06:03:16, 9.9e-13, 9.1e-11
2019-09-22, 06:03:20, 9.97e-13, 9.1e-11
2019-09-22, 06:03:24, 9.43e-13, 9.1e-11
2019-09-22, 06:03:29, 9.2e-13, 9.13e-11
2019-09-22, 06:03:33, 9.4e-13, 9.13e-11
2019-09-22, 06:03:37, 9.48e-13, 9.12e-11
2019-09-22, 06:03:41, 9.62e-13, 9.19e-11
2019-09-22, 06:03:45, 9.5e-13, 9.14e-11
2019-09-22, 06:03:50, 9.86e-13, 9.1e-11
2019-09-22, 06:03:54, 9.75e-13, 9.13e-11
2019-09-22, 06:03:58, 9.68e-13, 9.16e-11
2019-09-22, 06:04:02, 9.64e-13, 9.12e-11
2019-09-22, 06:04:06, 1e-12, 9.15e-11
2019-09-22, 06:04:11, 9.49e-13, 9.14e-11
2019-09-22, 06:04:15, 9.44e-13, 9.1e-11
2019-09-22, 06:04:19, 9.49e-13, 9.12e-11
2019-09-22, 06:04:23, 9.06e-13, 9.12e-11
2019-09-22, 06:04:28, 9.26e-13, 9.12e-11
2019-09-22, 06:04:32, 9.68e-13, 9.11e-11
2019-09-22, 06:04:36, 9.88e-13, 9.1e-11
2019-09-22, 06:04:40, 8.87e-13, 9.14e-11
2019-09-22, 06:04:44, 9.48e-13, 9.13e-11
2019-09-22, 06:04:49, 9.31e-13, 9.17e-11
2019-09-22, 06:04:53, 9.1e-13, 9.13e-11
2019-09-22, 06:04:57, 9.39e-13, 9.18e-11
2019-09-22, 06:05:01, 9.24e-13, 9.16e-11
2019-09-22, 06:05:06, 9.56e-13, 9.11e-11
2019-09-22, 06:05:10, 8.65e-13, 9.11e-11
2019-09-22, 06:05:14, 9.75e-13, 9.13e-11
2019-09-22, 06:05:18, 9.47e-13, 9.1e-11
2019-09-22, 06:05:22, 8.76e-13, 9.16e-11
2019-09-22, 06:05:27, 1e-12, 9.13e-11
2019-09-22, 06:05:31, 9.43e-13, 9.17e-11
2019-09-22, 06:05:35, 1e-12, 9.13e-11
2019-09-22, 06:05:39, 9.44e-13, 9.13e-11
2019-09-22, 06:05:44, 9.3e-13, 9.18e-11
2019-09-22, 06:05:48, 9.64e-13, 9.15e-11
2019-09-22, 06:05:52, 9.78e-13, 9.15e-11
2019-09-22, 06:05:56, 1.06e-12, 9.13e-11
2019-09-22, 06:06:00, 9.78e-13, 9.16e-11
2019-09-22, 06:06:05, 9.3e-13, 9.17e-11
2019-09-22, 06:06:09, 9.55e-13, 9.18e-11
2019-09-22, 06:06:13, 9.24e-13, 9.1e-11
2019-09-22, 06:06:17, 9.61e-13, 9.15e-11
2019-09-22, 06:06:22, 9.8e-13, 9.19e-11
2019-09-22, 06:06:26, 8.89e-13, 9.13e-11
2019-09-22, 06:06:30, 9.61e-13, 9.13e-11
2019-09-22, 06:06:34, 9.57e-13, 9.14e-11
2019-09-22, 06:06:38, 1.02e-12, 9.14e-11
2019-09-22, 06:06:43, 9.03e-13, 9.14e-11
2019-09-22, 06:06:47, 1e-12, 9.13e-11
2019-09-22, 06:06:51, 1.03e-12, 9.13e-11
2019-09-22, 06:06:55, 9.42e-13, 9.16e-11
2019-09-22, 06:07:00, 9.55e-13, 9.13e-11
2019-09-22, 06:07:04, 9.5e-13, 9.1e-11
2019-09-22, 06:07:08, 9.46e-13, 9.13e-11
2019-09-22, 06:07:12, 9.59e-13, 9.16e-11
2019-09-22, 06:07:16, 9.33e-13, 9.1e-11
2019-09-22, 06:07:21, 1.06e-12, 9.15e-11
2019-09-22, 06:07:25, 8.99e-13, 9.13e-11
2019-09-22, 06:07:29, 9.07e-13, 9.14e-11
2019-09-22, 06:07:33, 1.02e-12, 9.09e-11
2019-09-22, 06:07:38, 9.5e-13, 9.09e-11
2019-09-22, 06:07:42, 9.7e-13, 9.1e-11
2019-09-22, 06:07:46, 8.87e-13, 9.12e-11
2019-09-22, 06:07:50, 1.01e-12, 9.07e-11
2019-09-22, 06:07:54, 9.53e-13, 9.13e-11
2019-09-22, 06:07:59, 9.73e-13, 9.11e-11
2019-09-22, 06:08:03, 1.04e-12, 9.12e-11
2019-09-22, 06:08:07, 9.21e-13, 9.12e-11
2019-09-22, 06:08:11, 9.26e-13, 9.13e-11
2019-09-22, 06:08:15, 8.99e-13, 9.17e-11
2019-09-22, 06:08:20, 9.12e-13, 9.14e-11
2019-09-22, 06:08:24, 9.85e-13, 9.1e-11
2019-09-22, 06:08:28, 9.76e-13, 9.11e-11
2019-09-22, 06:08:32, 9.9e-13, 9.14e-11
2019-09-22, 06:08:37, 9.93e-13, 9.11e-11
2019-09-22, 06:08:41, 1e-12, 9.13e-11
2019-09-22, 06:08:45, 9.82e-13, 9.11e-11
2019-09-22, 06:08:49, 9.83e-13, 9.13e-11
2019-09-22, 06:08:53, 9.11e-13, 9.15e-11
2019-09-22, 06:08:58, 1e-12, 9.15e-11
2019-09-22, 06:09:02, 9.73e-13, 9.09e-11
2019-09-22, 06:09:06, 1.02e-12, 9.13e-11
2019-09-22, 06:09:10, 8.69e-13, 9.11e-11
2019-09-22, 06:09:15, 9.83e-13, 9.14e-11
2019-09-22, 06:09:19, 8.86e-13, 9.12e-11
2019-09-22, 06:09:23, 9.35e-13, 9.14e-11
2019-09-22, 06:09:27, 9.36e-13, 9.13e-11
2019-09-22, 06:09:31, 9.22e-13, 9.14e-11
2019-09-22, 06:09:36, 9.7e-13, 9.13e-11
2019-09-22, 06:09:40, 9.55e-13, 9.11e-11
2019-09-22, 06:09:44, 1.05e-12, 9.09e-11
2019-09-22, 06:09:48, 1.01e-12, 9.12e-11
2019-09-22, 06:09:53, 9.67e-13, 9.07e-11
2019-09-22, 06:09:57, 9.43e-13, 9.1e-11
2019-09-22, 06:10:01, 9.75e-13, 9.13e-11
2019-09-22, 06:10:05, 1.08e-12, 9.12e-11
2019-09-22, 06:10:09, 1.01e-12, 9.09e-11
2019-09-22, 06:10:14, 9.93e-13, 9.09e-11
2019-09-22, 06:10:18, 9.33e-13, 9.17e-11
2019-09-22, 06:10:22, 9.53e-13, 9.14e-11
2019-09-22, 06:10:26, 9.76e-13, 9.15e-11
2019-09-22, 06:10:31, 8.77e-13, 9.16e-11
2019-09-22, 06:10:35, 9.74e-13, 9.14e-11
2019-09-22, 06:10:39, 1.02e-12, 9.14e-11
2019-09-22, 06:10:43, 8.93e-13, 9.13e-11
2019-09-22, 06:10:47, 9.61e-13, 9.13e-11
2019-09-22, 06:10:52, 1.03e-12, 9.12e-11
2019-09-22, 06:10:56, 9.87e-13, 9.14e-11
2019-09-22, 06:11:00, 9.01e-13, 9.14e-11
2019-09-22, 06:11:04, 9.6e-13, 9.14e-11
2019-09-22, 06:11:09, 9.76e-13, 9.14e-11
2019-09-22, 06:11:13, 9.88e-13, 9.16e-11
2019-09-22, 06:11:17, 9.33e-13, 9.15e-11
2019-09-22, 06:11:21, 9.8e-13, 9.13e-11
2019-09-22, 06:11:25, 9.5e-13, 9.11e-11
2019-09-22, 06:11:30, 8.15e-13, 9.16e-11
2019-09-22, 06:11:34, 9.89e-13, 9.14e-11
2019-09-22, 06:11:38, 1.03e-12, 9.15e-11
2019-09-22, 06:11:42, 9.87e-13, 9.13e-11
2019-09-22, 06:11:47, 9.81e-13, 9.12e-11
2019-09-22, 06:11:51, 9.43e-13, 9.11e-11
2019-09-22, 06:11:55, 1.01e-12, 9.13e-11
2019-09-22, 06:11:59, 9.42e-13, 9.12e-11
2019-09-22, 06:12:03, 9.7e-13, 9.11e-11
2019-09-22, 06:12:08, 9.64e-13, 9.09e-11
2019-09-22, 06:12:12, 9.11e-13, 9.13e-11
2019-09-22, 06:12:16, 9.83e-13, 9.13e-11
2019-09-22, 06:12:20, 9.74e-13, 9.08e-11
2019-09-22, 06:12:25, 9.49e-13, 9.15e-11
2019-09-22, 06:12:29, 1.05e-12, 9.16e-11
2019-09-22, 06:12:33, 1.1e-12, 9.14e-11
2019-09-22, 06:12:37, 9.76e-13, 9.17e-11
2019-09-22, 06:12:41, 9.65e-13, 9.15e-11
2019-09-22, 06:12:46, 9.84e-13, 9.17e-11
2019-09-22, 06:12:50, 9.3e-13, 9.12e-11
2019-09-22, 06:12:54, 9.75e-13, 9.12e-11
2019-09-22, 06:12:58, 9.77e-13, 9.12e-11
2019-09-22, 06:13:02, 9.5e-13, 9.1e-11
2019-09-22, 06:13:07, 9.34e-13, 9.12e-11
2019-09-22, 06:13:11, 8.84e-13, 9.1e-11
2019-09-22, 06:13:15, 9.42e-13, 9.14e-11
2019-09-22, 06:13:19, 9.61e-13, 9.12e-11
2019-09-22, 06:13:24, 9.9e-13, 9.17e-11
2019-09-22, 06:13:28, 9.41e-13, 9.16e-11
2019-09-22, 06:13:32, 9.19e-13, 9.12e-11
2019-09-22, 06:13:36, 8.65e-13, 9.12e-11
2019-09-22, 06:13:40, 1e-12, 9.15e-11
2019-09-22, 06:13:45, 9.53e-13, 9.14e-11
2019-09-22, 06:13:49, 1.07e-12, 9.13e-11
2019-09-22, 06:13:53, 9.98e-13, 9.14e-11
2019-09-22, 06:13:57, 1.06e-12, 9.15e-11
2019-09-22, 06:14:02, 1.1e-12, 9.12e-11
2019-09-22, 06:14:06, 9.14e-13, 9.13e-11
2019-09-22, 06:14:10, 9.63e-13, 9.15e-11
2019-09-22, 06:14:14, 9.35e-13, 9.08e-11
2019-09-22, 06:14:18, 9.76e-13, 9.15e-11
2019-09-22, 06:14:23, 1.05e-12, 9.11e-11
2019-09-22, 06:14:27, 9.57e-13, 9.13e-11
2019-09-22, 06:14:31, 9.64e-13, 9.17e-11
2019-09-22, 06:14:35, 9.86e-13, 9.15e-11
2019-09-22, 06:14:40, 8.84e-13, 9.14e-11
2019-09-22, 06:14:44, 1.01e-12, 9.18e-11
2019-09-22, 06:14:48, 9.8e-13, 9.17e-11
2019-09-22, 06:14:52, 8.71e-13, 9.13e-11
2019-09-22, 06:14:56, 9.07e-13, 9.12e-11
2019-09-22, 06:15:01, 9.3e-13, 9.12e-11
2019-09-22, 06:15:05, 9.5e-13, 9.14e-11
2019-09-22, 06:15:09, 9.46e-13, 9.13e-11
2019-09-22, 06:15:13, 9.21e-13, 9.13e-11
2019-09-22, 06:15:18, 9.13e-13, 9.13e-11
2019-09-22, 06:15:22, 8.47e-13, 9.13e-11
2019-09-22, 06:15:26, 9.55e-13, 9.19e-11
2019-09-22, 06:15:30, 9.36e-13, 9.17e-11
2019-09-22, 06:15:34, 1e-12, 9.12e-11
2019-09-22, 06:15:39, 9.52e-13, 9.13e-11
2019-09-22, 06:15:43, 1.05e-12, 9.11e-11
2019-09-22, 06:15:47, 9.64e-13, 9.14e-11
2019-09-22, 06:15:51, 9.86e-13, 9.17e-11
2019-09-22, 06:15:56, 9.68e-13, 9.13e-11
2019-09-22, 06:16:00, 9.27e-13, 9.11e-11
2019-09-22, 06:16:04, 9.39e-13, 9.15e-11
2019-09-22, 06:16:08, 9.27e-13, 9.14e-11
2019-09-22, 06:16:12, 9.54e-13, 9.09e-11
2019-09-22, 06:16:17, 9.47e-13, 9.13e-11
2019-09-22, 06:16:21, 9.38e-13, 9.16e-11
2019-09-22, 06:16:25, 9.46e-13, 9.14e-11
2019-09-22, 06:16:29, 9.73e-13, 9.14e-11
2019-09-22, 06:16:33, 9.96e-13, 9.17e-11
2019-09-22, 06:16:38, 9.2e-13, 9.14e-11
2019-09-22, 06:16:42, 9.87e-13, 9.12e-11
2019-09-22, 06:16:46, 9.51e-13, 9.08e-11
2019-09-22, 06:16:50, 1.02e-12, 9.07e-11
2019-09-22, 06:16:55, 1.01e-12, 9.15e-11
2019-09-22, 06:16:59, 9.7e-13, 9.13e-11
2019-09-22, 06:17:03, 9.2e-13, 9.1e-11
2019-09-22, 06:17:07, 1.01e-12, 9.15e-11
2019-09-22, 06:17:11, 9.33e-13, 9.19e-11
2019-09-22, 06:17:16, 9.5e-13, 9.16e-11
2019-09-22, 06:17:20, 1.03e-12, 9.18e-11
2019-09-22, 06:17:24, 9.24e-13, 9.16e-11
2019-09-22, 06:17:28, 9.99e-13, 9.19e-11
2019-09-22, 06:17:33, 9.86e-13, 9.19e-11
2019-09-22, 06:17:37, 9.41e-13, 9.14e-11
2019-09-22, 06:17:41, 1.02e-12, 9.15e-11
2019-09-22, 06:17:45, 1.01e-12, 9.16e-11
2019-09-22, 06:17:49, 9.27e-13, 9.16e-11
2019-09-22, 06:17:54, 9.74e-13, 9.13e-11
2019-09-22, 06:17:58, 9.58e-13, 9.13e-11
2019-09-22, 06:18:02, 9.71e-13, 9.13e-11
2019-09-22, 06:18:06, 1.07e-12, 9.15e-11
2019-09-22, 06:18:11, 1.01e-12, 9.15e-11
2019-09-22, 06:18:15, 9.36e-13, 9.17e-11
2019-09-22, 06:18:19, 1.01e-12, 9.12e-11
2019-09-22, 06:18:23, 9.15e-13, 9.15e-11
2019-09-22, 06:18:27, 9.53e-13, 9.15e-11
2019-09-22, 06:18:32, 8.9e-13, 9.19e-11
2019-09-22, 06:18:36, 9.55e-13, 9.11e-11
2019-09-22, 06:18:40, 8.89e-13, 9.17e-11
2019-09-22, 06:18:44, 9.58e-13, 9.16e-11
2019-09-22, 06:18:49, 1.02e-12, 9.14e-11
2019-09-22, 06:18:53, 9.54e-13, 9.17e-11
2019-09-22, 06:18:57, 9.64e-13, 9.13e-11
2019-09-22, 06:19:01, 9.59e-13, 9.13e-11
2019-09-22, 06:19:05, 9.59e-13, 9.12e-11
2019-09-22, 06:19:10, 9.63e-13, 9.17e-11
2019-09-22, 06:19:14, 9.38e-13, 9.2e-11
2019-09-22, 06:19:18, 9.75e-13, 9.12e-11
2019-09-22, 06:19:22, 1.02e-12, 9.11e-11
2019-09-22, 06:19:27, 9.71e-13, 9.12e-11
2019-09-22, 06:19:31, 9.9e-13, 9.15e-11
2019-09-22, 06:19:35, 1e-12, 9.17e-11
2019-09-22, 06:19:39, 9.61e-13, 9.17e-11
2019-09-22, 06:19:43, 9.62e-13, 9.14e-11
2019-09-22, 06:19:48, 9.87e-13, 9.15e-11
2019-09-22, 06:19:52, 9.48e-13, 9.13e-11
2019-09-22, 06:19:56, 1.14e-12, 9.11e-11
2019-09-22, 06:20:00, 9.71e-13, 9.2e-11
2019-09-22, 06:20:05, 9.66e-13, 9.16e-11
2019-09-22, 06:20:09, 8.51e-13, 9.14e-11
2019-09-22, 06:20:13, 9.84e-13, 9.13e-11
2019-09-22, 06:20:17, 9.49e-13, 9.13e-11
2019-09-22, 06:20:22, 9.47e-13, 9.13e-11
2019-09-22, 06:20:26, 9.55e-13, 9.15e-11
2019-09-22, 06:20:30, 9.45e-13, 9.15e-11
2019-09-22, 06:20:34, 9.94e-13, 9.16e-11
2019-09-22, 06:20:38, 9.88e-13, 9.13e-11
2019-09-22, 06:20:43, 9.43e-13, 9.15e-11
2019-09-22, 06:20:47, 9.27e-13, 9.15e-11
2019-09-22, 06:20:51, 9.22e-13, 9.13e-11
2019-09-22, 06:20:55, 1e-12, 9.13e-11
2019-09-22, 06:20:59, 1.1e-12, 9.18e-11
2019-09-22, 06:21:04, 9.25e-13, 9.15e-11
2019-09-22, 06:21:08, 1.04e-12, 9.12e-11
2019-09-22, 06:21:12, 9.32e-13, 9.17e-11
2019-09-22, 06:21:16, 9.21e-13, 9.11e-11
2019-09-22, 06:21:21, 8.81e-13, 9.12e-11
2019-09-22, 06:21:25, 9.95e-13, 9.12e-11
2019-09-22, 06:21:29, 9.47e-13, 9.13e-11
2019-09-22, 06:21:33, 9.37e-13, 9.15e-11
2019-09-22, 06:21:37, 1.02e-12, 9.14e-11
2019-09-22, 06:21:42, 9.57e-13, 9.13e-11
2019-09-22, 06:21:46, 9.54e-13, 9.11e-11
2019-09-22, 06:21:50, 9.72e-13, 9.14e-11
2019-09-22, 06:21:54, 9.11e-13, 9.15e-11
2019-09-22, 06:21:59, 9.29e-13, 9.14e-11
2019-09-22, 06:22:03, 1.01e-12, 9.13e-11
2019-09-22, 06:22:07, 9.87e-13, 9.13e-11
2019-09-22, 06:22:11, 9.53e-13, 9.09e-11
2019-09-22, 06:22:15, 9.6e-13, 9.16e-11
2019-09-22, 06:22:20, 8.3e-13, 9.19e-11
2019-09-22, 06:22:24, 1.03e-12, 9.11e-11
2019-09-22, 06:22:28, 9.67e-13, 9.12e-11
2019-09-22, 06:22:32, 1.01e-12, 9.18e-11
2019-09-22, 06:22:37, 9.48e-13, 9.16e-11
2019-09-22, 06:22:41, 9.7e-13, 9.14e-11
2019-09-22, 06:22:45, 9.7e-13, 9.12e-11
2019-09-22, 06:22:49, 8.99e-13, 9.15e-11
2019-09-22, 06:22:53, 9.34e-13, 9.17e-11
2019-09-22, 06:22:58, 1.06e-12, 9.14e-11
2019-09-22, 06:23:02, 1.06e-12, 9.16e-11
2019-09-22, 06:23:06, 9.45e-13, 9.15e-11
2019-09-22, 06:23:10, 1.01e-12, 9.1e-11
2019-09-22, 06:23:15, 1.05e-12, 9.13e-11
2019-09-22, 06:23:19, 1e-12, 9.1e-11
2019-09-22, 06:23:23, 9.41e-13, 9.11e-11
2019-09-22, 06:23:27, 9.58e-13, 9.14e-11
2019-09-22, 06:23:31, 1.02e-12, 9.2e-11
2019-09-22, 06:23:36, 9.13e-13, 9.15e-11
2019-09-22, 06:23:40, 9.07e-13, 9.15e-11
2019-09-22, 06:23:44, 9.43e-13, 9.15e-11
2019-09-22, 06:23:48, 9.68e-13, 9.14e-11
2019-09-22, 06:23:53, 9.88e-13, 9.18e-11
2019-09-22, 06:23:57, 9.52e-13, 9.13e-11
2019-09-22, 06:24:01, 9.66e-13, 9.12e-11
2019-09-22, 06:24:05, 9.82e-13, 9.12e-11
2019-09-22, 06:24:09, 9.91e-13, 9.13e-11
2019-09-22, 06:24:14, 1.02e-12, 9.15e-11
2019-09-22, 06:24:18, 9.34e-13, 9.12e-11
2019-09-22, 06:24:22, 9.56e-13, 9.12e-11
2019-09-22, 06:24:26, 9.3e-13, 9.08e-11
2019-09-22, 06:24:31, 9.6e-13, 9.11e-11
2019-09-22, 06:24:35, 9.88e-13, 9.14e-11
2019-09-22, 06:24:39, 9.35e-13, 9.15e-11
2019-09-22, 06:24:43, 9.34e-13, 9.12e-11
2019-09-22, 06:24:47, 9.54e-13, 9.12e-11
2019-09-22, 06:24:52, 9.21e-13, 9.12e-11
2019-09-22, 06:24:56, 9.52e-13, 9.12e-11
2019-09-22, 06:25:00, 9.84e-13, 9.1e-11
2019-09-22, 06:25:04, 9.48e-13, 9.1e-11
2019-09-22, 06:25:12, 1.01e-12, 9.11e-11
2019-09-22, 06:25:16, 9.77e-13, 9.11e-11
2019-09-22, 06:25:20, 9.88e-13, 9.12e-11
2019-09-22, 06:25:25, 8.96e-13, 9.16e-11
2019-09-22, 06:25:29, 9.69e-13, 9.16e-11
2019-09-22, 06:25:33, 9.43e-13, 9.12e-11
2019-09-22, 06:25:37, 9.21e-13, 9.13e-11
2019-09-22, 06:25:41, 9.8e-13, 9.15e-11
2019-09-22, 06:25:46, 9.71e-13, 9.11e-11
2019-09-22, 06:25:50, 9.26e-13, 9.17e-11
2019-09-22, 06:25:54, 9.47e-13, 9.13e-11
2019-09-22, 06:25:58, 9.97e-13, 9.09e-11
2019-09-22, 06:26:03, 9.35e-13, 9.17e-11
2019-09-22, 06:26:07, 9.9e-13, 9.15e-11
2019-09-22, 06:26:11, 9.61e-13, 9.13e-11
2019-09-22, 06:26:15, 9.47e-13, 9.14e-11
2019-09-22, 06:26:19, 9.34e-13, 9.07e-11
2019-09-22, 06:26:24, 8.9e-13, 9.14e-11
2019-09-22, 06:26:28, 9.2e-13, 9.13e-11
2019-09-22, 06:26:32, 9.42e-13, 9.16e-11
2019-09-22, 06:26:36, 9.56e-13, 9.15e-11
2019-09-22, 06:26:41, 9.55e-13, 9.12e-11
2019-09-22, 06:26:45, 9.22e-13, 9.11e-11
2019-09-22, 06:26:49, 1.14e-12, 9.14e-11
2019-09-22, 06:26:53, 1.07e-12, 9.14e-11
2019-09-22, 06:26:57, 9.75e-13, 9.12e-11
2019-09-22, 06:27:02, 9.77e-13, 9.11e-11
2019-09-22, 06:27:06, 9.68e-13, 9.14e-11
2019-09-22, 06:27:10, 9.21e-13, 9.12e-11
2019-09-22, 06:27:14, 9.71e-13, 9.18e-11
2019-09-22, 06:27:19, 9.64e-13, 9.13e-11
2019-09-22, 06:27:23, 1.04e-12, 9.14e-11
2019-09-22, 06:27:27, 9.94e-13, 9.15e-11
2019-09-22, 06:27:31, 8.81e-13, 9.14e-11
2019-09-22, 06:27:35, 1.01e-12, 9.15e-11
2019-09-22, 06:27:40, 9.61e-13, 9.16e-11
2019-09-22, 06:27:44, 9.92e-13, 9.17e-11
2019-09-22, 06:27:48, 9.71e-13, 9.13e-11
2019-09-22, 06:27:52, 1.01e-12, 9.14e-11
2019-09-22, 06:27:57, 9.1e-13, 9.13e-11
2019-09-22, 06:28:01, 9.93e-13, 9.15e-11
2019-09-22, 06:28:05, 9.33e-13, 9.14e-11
2019-09-22, 06:28:09, 9.8e-13, 9.15e-11
2019-09-22, 06:28:13, 1.01e-12, 9.13e-11
2019-09-22, 06:28:18, 9.56e-13, 9.14e-11
2019-09-22, 06:28:22, 9.66e-13, 9.14e-11
2019-09-22, 06:28:26, 9.75e-13, 9.14e-11
2019-09-22, 06:28:30, 1.03e-12, 9.14e-11
2019-09-22, 06:28:35, 9.53e-13, 9.14e-11
2019-09-22, 06:28:39, 9.75e-13, 9.12e-11
2019-09-22, 06:28:43, 9.67e-13, 9.07e-11
2019-09-22, 06:28:47, 9.47e-13, 9.12e-11
2019-09-22, 06:28:51, 9.02e-13, 9.11e-11
2019-09-22, 06:28:56, 9.69e-13, 9.13e-11
2019-09-22, 06:29:00, 9.22e-13, 9.17e-11
2019-09-22, 06:29:04, 9.58e-13, 9.16e-11
2019-09-22, 06:29:08, 9.94e-13, 9.16e-11
2019-09-22, 06:29:12, 9.78e-13, 9.14e-11
2019-09-22, 06:29:17, 9.39e-13, 9.17e-11
2019-09-22, 06:29:21, 9.55e-13, 9.12e-11
2019-09-22, 06:29:25, 9.74e-13, 9.13e-11
2019-09-22, 06:29:29, 8.87e-13, 9.16e-11
2019-09-22, 06:29:34, 9.49e-13, 9.11e-11
2019-09-22, 06:29:38, 9.58e-13, 9.12e-11
2019-09-22, 06:29:42, 9.13e-13, 9.13e-11
2019-09-22, 06:29:46, 9.17e-13, 9.09e-11
2019-09-22, 06:29:50, 8.7e-13, 9.11e-11
2019-09-22, 06:29:55, 9.74e-13, 9.09e-11
2019-09-22, 06:29:59, 9.74e-13, 9.13e-11
2019-09-22, 06:30:03, 1.02e-12, 9.08e-11
2019-09-22, 06:30:07, 9.71e-13, 9.11e-11
2019-09-22, 06:30:12, 9.36e-13, 9.12e-11
2019-09-22, 06:30:16, 9.14e-13, 9.14e-11
2019-09-22, 06:30:20, 8.98e-13, 9.14e-11
2019-09-22, 06:30:24, 1.02e-12, 9.13e-11
2019-09-22, 06:30:28, 9.91e-13, 9.16e-11
2019-09-22, 06:30:33, 9.98e-13, 9.12e-11
2019-09-22, 06:30:37, 9.68e-13, 9.15e-11
2019-09-22, 06:30:41, 9.74e-13, 9.15e-11
2019-09-22, 06:30:45, 9.7e-13, 9.12e-11
2019-09-22, 06:30:50, 9.5e-13, 9.15e-11
2019-09-22, 06:30:54, 9.55e-13, 9.14e-11
2019-09-22, 06:30:58, 8.6e-13, 9.13e-11
2019-09-22, 06:31:02, 1.02e-12, 9.1e-11
2019-09-22, 06:31:06, 9.29e-13, 9.13e-11
2019-09-22, 06:31:11, 9.86e-13, 9.1e-11
2019-09-22, 06:31:15, 9.8e-13, 9.12e-11
2019-09-22, 06:31:19, 9.19e-13, 9.1e-11
2019-09-22, 06:31:23, 9.74e-13, 9.17e-11
2019-09-22, 06:31:28, 9.71e-13, 9.1e-11
2019-09-22, 06:31:32, 1.04e-12, 9.16e-11
2019-09-22, 06:31:36, 1e-12, 9.1e-11
2019-09-22, 06:31:40, 1.06e-12, 9.09e-11
2019-09-22, 06:31:44, 9.38e-13, 9.08e-11
2019-09-22, 06:31:49, 9.67e-13, 9.14e-11
2019-09-22, 06:31:53, 9.26e-13, 9.1e-11
2019-09-22, 06:31:57, 1.07e-12, 9.15e-11
2019-09-22, 06:32:01, 9.58e-13, 9.15e-11
2019-09-22, 06:32:06, 9.32e-13, 9.09e-11
2019-09-22, 06:32:10, 1.1e-12, 9.13e-11
2019-09-22, 06:32:14, 9.83e-13, 9.11e-11
2019-09-22, 06:32:18, 8.99e-13, 9.16e-11
2019-09-22, 06:32:22, 9.84e-13, 9.12e-11
2019-09-22, 06:32:27, 1.01e-12, 9.13e-11
2019-09-22, 06:32:31, 9.15e-13, 9.13e-11
2019-09-22, 06:32:35, 9.06e-13, 9.15e-11
2019-09-22, 06:32:39, 9.72e-13, 9.15e-11
2019-09-22, 06:32:44, 9.97e-13, 9.14e-11
2019-09-22, 06:32:48, 9.63e-13, 9.07e-11
2019-09-22, 06:32:52, 9.32e-13, 9.1e-11
2019-09-22, 06:32:56, 9.56e-13, 9.11e-11
2019-09-22, 06:33:00, 9.21e-13, 9.13e-11
2019-09-22, 06:33:05, 9.37e-13, 9.14e-11
2019-09-22, 06:33:09, 9.32e-13, 9.11e-11
2019-09-22, 06:33:13, 9.81e-13, 9.17e-11
2019-09-22, 06:33:17, 9.15e-13, 9.14e-11
2019-09-22, 06:33:22, 9.58e-13, 9.14e-11
2019-09-22, 06:33:26, 9.69e-13, 9.15e-11
2019-09-22, 06:33:30, 9.52e-13, 9.16e-11
2019-09-22, 06:33:34, 9.88e-13, 9.15e-11
2019-09-22, 06:33:38, 9.94e-13, 9.1e-11
2019-09-22, 06:33:43, 9.32e-13, 9.14e-11
2019-09-22, 06:33:47, 8.72e-13, 9.08e-11
2019-09-22, 06:33:51, 9.26e-13, 9.13e-11
2019-09-22, 06:33:55, 9.86e-13, 9.18e-11
2019-09-22, 06:34:00, 9.44e-13, 9.16e-11
2019-09-22, 06:34:04, 1.01e-12, 9.13e-11
2019-09-22, 06:34:08, 9.01e-13, 9.14e-11
2019-09-22, 06:34:12, 9.48e-13, 9.15e-11
2019-09-22, 06:34:16, 9.99e-13, 9.13e-11
2019-09-22, 06:34:21, 9.9e-13, 9.13e-11
2019-09-22, 06:34:25, 9.35e-13, 9.16e-11
2019-09-22, 06:34:29, 9.38e-13, 9.14e-11
2019-09-22, 06:34:33, 9.7e-13, 9.15e-11
2019-09-22, 06:34:38, 9.45e-13, 9.13e-11
2019-09-22, 06:34:42, 9.69e-13, 9.13e-11
2019-09-22, 06:34:46, 9.72e-13, 9.11e-11
2019-09-22, 06:34:50, 9.11e-13, 9.13e-11
2019-09-22, 06:34:54, 9.93e-13, 9.14e-11
2019-09-22, 06:34:59, 9.31e-13, 9.12e-11
2019-09-22, 06:35:03, 1e-12, 9.11e-11
2019-09-22, 06:35:07, 1.01e-12, 9.16e-11
2019-09-22, 06:35:11, 9.15e-13, 9.13e-11
2019-09-22, 06:35:16, 9.58e-13, 9.14e-11
2019-09-22, 06:35:20, 9.68e-13, 9.15e-11
2019-09-22, 06:35:24, 9.62e-13, 9.14e-11
2019-09-22, 06:35:28, 1.01e-12, 9.16e-11
2019-09-22, 06:35:32, 9.46e-13, 9.14e-11
2019-09-22, 06:35:37, 9.99e-13, 9.13e-11
2019-09-22, 06:35:41, 9.57e-13, 9.15e-11
2019-09-22, 06:35:45, 9.95e-13, 9.11e-11
2019-09-22, 06:35:49, 9.32e-13, 9.14e-11
2019-09-22, 06:35:53, 9.24e-13, 9.13e-11
2019-09-22, 06:35:58, 9.73e-13, 9.15e-11
2019-09-22, 06:36:02, 9.55e-13, 9.13e-11
2019-09-22, 06:36:06, 9.08e-13, 9.13e-11
2019-09-22, 06:36:10, 8.43e-13, 9.12e-11
2019-09-22, 06:36:15, 9.84e-13, 9.17e-11
2019-09-22, 06:36:19, 9.97e-13, 9.08e-11
2019-09-22, 06:36:23, 9.65e-13, 9.15e-11
2019-09-22, 06:36:27, 9.98e-13, 9.13e-11
2019-09-22, 06:36:31, 1.14e-12, 9.14e-11
2019-09-22, 06:36:36, 1.12e-12, 9.11e-11
2019-09-22, 06:36:40, 9.08e-13, 9.14e-11
2019-09-22, 06:36:44, 1e-12, 9.15e-11
2019-09-22, 06:36:48, 1.11e-12, 9.12e-11
2019-09-22, 06:36:53, 9.53e-13, 9.12e-11
2019-09-22, 06:36:57, 9.27e-13, 9.13e-11
2019-09-22, 06:37:01, 9.41e-13, 9.14e-11
2019-09-22, 06:37:05, 9.51e-13, 9.14e-11
2019-09-22, 06:37:09, 9.66e-13, 9.2e-11
2019-09-22, 06:37:14, 1.04e-12, 9.14e-11
2019-09-22, 06:37:18, 9.63e-13, 9.13e-11
2019-09-22, 06:37:22, 9.77e-13, 9.15e-11
2019-09-22, 06:37:26, 9.21e-13, 9.14e-11
2019-09-22, 06:37:31, 9.85e-13, 9.17e-11
2019-09-22, 06:37:35, 9.8e-13, 9.12e-11
2019-09-22, 06:37:39, 1.06e-12, 9.14e-11
2019-09-22, 06:37:43, 9.51e-13, 9.18e-11
2019-09-22, 06:37:47, 9.27e-13, 9.14e-11
2019-09-22, 06:37:52, 8.87e-13, 9.13e-11
2019-09-22, 06:37:56, 9.61e-13, 9.16e-11
2019-09-22, 06:38:00, 1e-12, 9.17e-11
2019-09-22, 06:38:04, 9.76e-13, 9.13e-11
2019-09-22, 06:38:09, 9.31e-13, 9.17e-11
2019-09-22, 06:38:13, 8.3e-13, 9.12e-11
2019-09-22, 06:38:17, 9.66e-13, 9.14e-11
2019-09-22, 06:38:21, 1e-12, 9.11e-11
2019-09-22, 06:38:25, 1.01e-12, 9.12e-11
2019-09-22, 06:38:30, 9.79e-13, 9.15e-11
2019-09-22, 06:38:34, 9.49e-13, 9.12e-11
2019-09-22, 06:38:38, 9.84e-13, 9.11e-11
2019-09-22, 06:38:43, 8.9e-13, 9.14e-11
2019-09-22, 06:38:47, 1.03e-12, 9.14e-11
2019-09-22, 06:38:51, 9.82e-13, 9.14e-11
2019-09-22, 06:38:55, 9.5e-13, 9.12e-11
2019-09-22, 06:39:00, 1.01e-12, 9.13e-11
2019-09-22, 06:39:04, 9.89e-13, 9.11e-11
2019-09-22, 06:39:08, 1.01e-12, 9.13e-11
2019-09-22, 06:39:12, 9.08e-13, 9.12e-11
2019-09-22, 06:39:17, 9.86e-13, 9.12e-11
2019-09-22, 06:39:21, 9.5e-13, 9.13e-11
2019-09-22, 06:39:25, 9.68e-13, 9.15e-11
2019-09-22, 06:39:29, 9.35e-13, 9.17e-11
2019-09-22, 06:39:34, 1.07e-12, 9.15e-11
2019-09-22, 06:39:38, 9.39e-13, 9.16e-11
2019-09-22, 06:39:42, 9.57e-13, 9.15e-11
2019-09-22, 06:39:46, 8.99e-13, 9.15e-11
2019-09-22, 06:39:50, 9.24e-13, 9.14e-11
2019-09-22, 06:39:55, 9.14e-13, 9.14e-11
2019-09-22, 06:39:59, 9.86e-13, 9.13e-11
2019-09-22, 06:40:03, 9.17e-13, 9.14e-11
2019-09-22, 06:40:07, 9.6e-13, 9.16e-11
2019-09-22, 06:40:12, 9.62e-13, 9.18e-11
2019-09-22, 06:40:16, 9.85e-13, 9.13e-11
2019-09-22, 06:40:20, 8.83e-13, 9.13e-11
2019-09-22, 06:40:24, 9.77e-13, 9.13e-11
2019-09-22, 06:40:28, 9.44e-13, 9.15e-11
2019-09-22, 06:40:33, 9.78e-13, 9.14e-11
2019-09-22, 06:40:37, 9.23e-13, 9.14e-11
2019-09-22, 06:40:41, 9.71e-13, 9.15e-11
2019-09-22, 06:40:45, 9.53e-13, 9.17e-11
2019-09-22, 06:40:50, 1e-12, 9.17e-11
2019-09-22, 06:40:54, 9.16e-13, 9.17e-11
2019-09-22, 06:40:58, 9.97e-13, 9.17e-11
2019-09-22, 06:41:02, 1.03e-12, 9.15e-11
2019-09-22, 06:41:06, 9.26e-13, 9.18e-11
2019-09-22, 06:41:11, 8.99e-13, 9.13e-11
2019-09-22, 06:41:15, 9.11e-13, 9.15e-11
2019-09-22, 06:41:19, 9.63e-13, 9.14e-11
2019-09-22, 06:41:23, 9.6e-13, 9.16e-11
2019-09-22, 06:41:28, 1.01e-12, 9.15e-11
2019-09-22, 06:41:32, 9.03e-13, 9.15e-11
2019-09-22, 06:41:36, 9.52e-13, 9.15e-11
2019-09-22, 06:41:40, 1.01e-12, 9.13e-11
2019-09-22, 06:41:44, 1.04e-12, 9.17e-11
2019-09-22, 06:41:49, 9.15e-13, 9.1e-11
2019-09-22, 06:41:53, 9.66e-13, 9.12e-11
2019-09-22, 06:41:57, 1.01e-12, 9.15e-11
2019-09-22, 06:42:01, 9.19e-13, 9.13e-11
2019-09-22, 06:42:05, 9.73e-13, 9.17e-11
2019-09-22, 06:42:10, 1.02e-12, 9.13e-11
2019-09-22, 06:42:14, 8.9e-13, 9.12e-11
2019-09-22, 06:42:18, 9.29e-13, 9.16e-11
2019-09-22, 06:42:22, 1e-12, 9.13e-11
2019-09-22, 06:42:27, 1.06e-12, 9.16e-11
2019-09-22, 06:42:31, 9.6e-13, 9.17e-11
2019-09-22, 06:42:35, 1.02e-12, 9.18e-11
2019-09-22, 06:42:39, 8.27e-13, 9.14e-11
2019-09-22, 06:42:43, 9.87e-13, 9.15e-11
2019-09-22, 06:42:48, 8.74e-13, 9.13e-11
2019-09-22, 06:42:52, 1.03e-12, 9.14e-11
2019-09-22, 06:42:56, 9.6e-13, 9.15e-11
2019-09-22, 06:43:00, 8.76e-13, 9.17e-11
2019-09-22, 06:43:05, 9.76e-13, 9.18e-11
2019-09-22, 06:43:09, 9.76e-13, 9.13e-11
2019-09-22, 06:43:13, 9.98e-13, 9.13e-11
2019-09-22, 06:43:17, 9.56e-13, 9.18e-11
2019-09-22, 06:43:21, 1.02e-12, 9.16e-11
2019-09-22, 06:43:26, 9.5e-13, 9.11e-11
2019-09-22, 06:43:30, 9.41e-13, 9.16e-11
2019-09-22, 06:43:34, 1e-12, 9.16e-11
2019-09-22, 06:43:38, 9.59e-13, 9.15e-11
2019-09-22, 06:43:43, 9.72e-13, 9.14e-11
2019-09-22, 06:43:47, 9.54e-13, 9.16e-11
2019-09-22, 06:43:51, 9.35e-13, 9.16e-11
2019-09-22, 06:43:55, 9.18e-13, 9.17e-11
2019-09-22, 06:43:59, 9.68e-13, 9.14e-11
2019-09-22, 06:44:04, 9.14e-13, 9.13e-11
2019-09-22, 06:44:08, 9.31e-13, 9.11e-11
2019-09-22, 06:44:12, 9.43e-13, 9.16e-11
2019-09-22, 06:44:16, 1.02e-12, 9.19e-11
2019-09-22, 06:44:21, 1.11e-12, 9.14e-11
2019-09-22, 06:44:25, 9.32e-13, 9.18e-11
2019-09-22, 06:44:29, 9.33e-13, 9.15e-11
2019-09-22, 06:44:33, 9.33e-13, 9.17e-11
2019-09-22, 06:44:37, 1.01e-12, 9.16e-11
2019-09-22, 06:44:42, 9.58e-13, 9.13e-11
2019-09-22, 06:44:46, 1.01e-12, 9.13e-11
2019-09-22, 06:44:50, 9.54e-13, 9.17e-11
2019-09-22, 06:44:54, 9.32e-13, 9.13e-11
2019-09-22, 06:44:59, 9.01e-13, 9.12e-11
2019-09-22, 06:45:03, 9.44e-13, 9.19e-11
2019-09-22, 06:45:07, 9.13e-13, 9.14e-11
2019-09-22, 06:45:11, 1.05e-12, 9.13e-11
2019-09-22, 06:45:15, 9.55e-13, 9.15e-11
2019-09-22, 06:45:20, 9.23e-13, 9.18e-11
2019-09-22, 06:45:24, 9.56e-13, 9.13e-11
2019-09-22, 06:45:28, 9.92e-13, 9.14e-11
2019-09-22, 06:45:32, 9.43e-13, 9.15e-11
2019-09-22, 06:45:37, 9.42e-13, 9.17e-11
2019-09-22, 06:45:41, 9.02e-13, 9.14e-11
2019-09-22, 06:45:45, 1e-12, 9.16e-11
2019-09-22, 06:45:49, 1e-12, 9.17e-11
2019-09-22, 06:45:53, 9.42e-13, 9.13e-11
2019-09-22, 06:45:58, 9.46e-13, 9.17e-11
2019-09-22, 06:46:02, 1.09e-12, 9.14e-11
2019-09-22, 06:46:06, 1.02e-12, 9.17e-11
2019-09-22, 06:46:10, 9.6e-13, 9.15e-11
2019-09-22, 06:46:14, 8.73e-13, 9.12e-11
2019-09-22, 06:46:19, 9.94e-13, 9.14e-11
2019-09-22, 06:46:23, 9.96e-13, 9.11e-11
2019-09-22, 06:46:27, 1e-12, 9.14e-11
2019-09-22, 06:46:31, 8.9e-13, 9.14e-11
2019-09-22, 06:46:36, 1.04e-12, 9.14e-11
2019-09-22, 06:46:40, 9.44e-13, 9.14e-11
2019-09-22, 06:46:44, 9.54e-13, 9.13e-11
2019-09-22, 06:46:48, 9.52e-13, 9.13e-11
2019-09-22, 06:46:52, 8.57e-13, 9.14e-11
2019-09-22, 06:46:57, 9.41e-13, 9.17e-11
2019-09-22, 06:47:01, 1.03e-12, 9.12e-11
2019-09-22, 06:47:05, 9.77e-13, 9.15e-11
2019-09-22, 06:47:09, 9.67e-13, 9.12e-11
2019-09-22, 06:47:14, 9.51e-13, 9.14e-11
2019-09-22, 06:47:18, 9.69e-13, 9.16e-11
2019-09-22, 06:47:22, 1.04e-12, 9.16e-11
2019-09-22, 06:47:26, 9.53e-13, 9.18e-11
2019-09-22, 06:47:30, 1.04e-12, 9.15e-11
2019-09-22, 06:47:35, 9.27e-13, 9.15e-11
2019-09-22, 06:47:39, 9.27e-13, 9.12e-11
2019-09-22, 06:47:43, 9.81e-13, 9.14e-11
2019-09-22, 06:47:47, 1.01e-12, 9.16e-11
2019-09-22, 06:47:52, 1.11e-12, 9.19e-11
2019-09-22, 06:47:56, 9.71e-13, 9.18e-11
2019-09-22, 06:48:00, 9.52e-13, 9.16e-11
2019-09-22, 06:48:04, 9.58e-13, 9.16e-11
2019-09-22, 06:48:08, 9.04e-13, 9.14e-11
2019-09-22, 06:48:13, 9.89e-13, 9.14e-11
2019-09-22, 06:48:17, 9.56e-13, 9.15e-11
2019-09-22, 06:48:21, 1.02e-12, 9.16e-11
2019-09-22, 06:48:25, 9.39e-13, 9.13e-11
2019-09-22, 06:48:30, 9.07e-13, 9.14e-11
2019-09-22, 06:48:34, 9.47e-13, 9.11e-11
2019-09-22, 06:48:38, 1.05e-12, 9.16e-11
2019-09-22, 06:48:42, 1.01e-12, 9.19e-11
2019-09-22, 06:48:46, 9.84e-13, 9.17e-11
2019-09-22, 06:48:51, 9.4e-13, 9.11e-11
2019-09-22, 06:48:55, 9.42e-13, 9.14e-11
2019-09-22, 06:48:59, 9.47e-13, 9.17e-11
2019-09-22, 06:49:03, 9.96e-13, 9.16e-11
2019-09-22, 06:49:08, 9.72e-13, 9.15e-11
2019-09-22, 06:49:12, 1.02e-12, 9.17e-11
2019-09-22, 06:49:16, 1e-12, 9.14e-11
2019-09-22, 06:49:20, 9.26e-13, 9.15e-11
2019-09-22, 06:49:24, 1.06e-12, 9.14e-11
2019-09-22, 06:49:29, 1.02e-12, 9.12e-11
2019-09-22, 06:49:33, 8.99e-13, 9.14e-11
2019-09-22, 06:49:37, 9.71e-13, 9.16e-11
2019-09-22, 06:49:41, 1.01e-12, 9.12e-11
2019-09-22, 06:49:46, 1.04e-12, 9.14e-11
2019-09-22, 06:49:50, 9.77e-13, 9.15e-11
2019-09-22, 06:49:54, 1.02e-12, 9.15e-11
2019-09-22, 06:49:58, 9.74e-13, 9.17e-11
2019-09-22, 06:50:02, 9.26e-13, 9.12e-11
2019-09-22, 06:50:07, 9.58e-13, 9.12e-11
2019-09-22, 06:50:11, 9.46e-13, 9.13e-11
2019-09-22, 06:50:15, 1.01e-12, 9.17e-11
2019-09-22, 06:50:19, 9.73e-13, 9.12e-11
2019-09-22, 06:50:24, 9.28e-13, 9.11e-11
2019-09-22, 06:50:28, 9.38e-13, 9.15e-11
2019-09-22, 06:50:32, 9.69e-13, 9.13e-11
2019-09-22, 06:50:36, 9.22e-13, 9.15e-11
2019-09-22, 06:50:40, 9.78e-13, 9.12e-11
2019-09-22, 06:50:45, 9.58e-13, 9.14e-11
2019-09-22, 06:50:49, 8.53e-13, 9.14e-11
2019-09-22, 06:50:53, 1.12e-12, 9.12e-11
2019-09-22, 06:50:57, 9.29e-13, 9.1e-11
2019-09-22, 06:51:01, 8.51e-13, 9.1e-11
2019-09-22, 06:51:06, 9.94e-13, 9.18e-11
2019-09-22, 06:51:10, 9.19e-13, 9.13e-11
2019-09-22, 06:51:14, 1.01e-12, 9.13e-11
2019-09-22, 06:51:18, 9.87e-13, 9.12e-11
2019-09-22, 06:51:23, 9.85e-13, 9.13e-11
2019-09-22, 06:51:27, 8.64e-13, 9.2e-11
2019-09-22, 06:51:31, 9.98e-13, 9.14e-11
2019-09-22, 06:51:35, 9.24e-13, 9.14e-11
2019-09-22, 06:51:39, 1.01e-12, 9.13e-11
2019-09-22, 06:51:44, 9.25e-13, 9.17e-11
2019-09-22, 06:51:48, 9.46e-13, 9.15e-11
2019-09-22, 06:51:52, 9.72e-13, 9.18e-11
2019-09-22, 06:51:56, 9.78e-13, 9.14e-11
2019-09-22, 06:52:01, 9.42e-13, 9.12e-11
2019-09-22, 06:52:05, 9.27e-13, 9.13e-11
2019-09-22, 06:52:09, 9.69e-13, 9.13e-11
2019-09-22, 06:52:13, 1.14e-12, 9.12e-11
2019-09-22, 06:52:18, 9.82e-13, 9.13e-11
2019-09-22, 06:52:22, 9.62e-13, 9.12e-11
2019-09-22, 06:52:26, 9.4e-13, 9.12e-11
2019-09-22, 06:52:30, 9.37e-13, 9.13e-11
2019-09-22, 06:52:34, 9.97e-13, 9.12e-11
2019-09-22, 06:52:39, 9.83e-13, 9.13e-11
2019-09-22, 06:52:43, 9.53e-13, 9.12e-11
2019-09-22, 06:52:47, 9.61e-13, 9.12e-11
2019-09-22, 06:52:51, 8.66e-13, 9.1e-11
2019-09-22, 06:52:56, 9.43e-13, 9.11e-11
2019-09-22, 06:53:00, 9.38e-13, 9.16e-11
2019-09-22, 06:53:04, 9.36e-13, 9.16e-11
2019-09-22, 06:53:08, 9.26e-13, 9.14e-11
2019-09-22, 06:53:12, 9.5e-13, 9.15e-11
2019-09-22, 06:53:17, 9e-13, 9.11e-11
2019-09-22, 06:53:21, 9.83e-13, 9.17e-11
2019-09-22, 06:53:25, 9.92e-13, 9.12e-11
2019-09-22, 06:53:29, 9.79e-13, 9.14e-11
2019-09-22, 06:53:34, 9.73e-13, 9.11e-11
2019-09-22, 06:53:38, 9.17e-13, 9.16e-11
2019-09-22, 06:53:42, 9.9e-13, 9.15e-11
2019-09-22, 06:53:46, 1.03e-12, 9.16e-11
2019-09-22, 06:53:50, 9.82e-13, 9.14e-11
2019-09-22, 06:53:55, 9.38e-13, 9.13e-11
2019-09-22, 06:53:59, 9.44e-13, 9.17e-11
2019-09-22, 06:54:03, 9.49e-13, 9.15e-11
2019-09-22, 06:54:07, 9.29e-13, 9.15e-11
2019-09-22, 06:54:11, 9.96e-13, 9.15e-11
2019-09-22, 06:54:16, 9.89e-13, 9.17e-11
2019-09-22, 06:54:20, 9.99e-13, 9.19e-11
2019-09-22, 06:54:24, 9.42e-13, 9.15e-11
2019-09-22, 06:54:28, 1.06e-12, 9.13e-11
2019-09-22, 06:54:33, 9.74e-13, 9.11e-11
2019-09-22, 06:54:37, 1.01e-12, 9.13e-11
2019-09-22, 06:54:41, 9.47e-13, 9.13e-11
2019-09-22, 06:54:45, 9.59e-13, 9.13e-11
2019-09-22, 06:54:49, 8.96e-13, 9.11e-11
2019-09-22, 06:54:54, 9.27e-13, 9.16e-11
2019-09-22, 06:54:58, 9.67e-13, 9.12e-11
2019-09-22, 06:55:02, 8.94e-13, 9.14e-11
2019-09-22, 06:55:06, 9.79e-13, 9.14e-11
2019-09-22, 06:55:11, 9.61e-13, 9.14e-11
2019-09-22, 06:55:15, 1.02e-12, 9.16e-11
2019-09-22, 06:55:19, 9.62e-13, 9.15e-11
2019-09-22, 06:55:23, 1.03e-12, 9.13e-11
2019-09-22, 06:55:27, 9.33e-13, 9.1e-11
2019-09-22, 06:55:32, 9.17e-13, 9.14e-11
2019-09-22, 06:55:36, 1.02e-12, 9.11e-11
2019-09-22, 06:55:40, 9.69e-13, 9.13e-11
2019-09-22, 06:55:44, 9.21e-13, 9.13e-11
2019-09-22, 06:55:49, 1.05e-12, 9.12e-11
2019-09-22, 06:55:53, 8.96e-13, 9.15e-11
2019-09-22, 06:55:57, 9.96e-13, 9.14e-11
2019-09-22, 06:56:01, 9.47e-13, 9.13e-11
2019-09-22, 06:56:05, 9.63e-13, 9.13e-11
2019-09-22, 06:56:10, 9.3e-13, 9.13e-11
2019-09-22, 06:56:14, 9.69e-13, 9.12e-11
2019-09-22, 06:56:18, 9.42e-13, 9.11e-11
2019-09-22, 06:56:22, 9.91e-13, 9.13e-11
2019-09-22, 06:56:27, 9.36e-13, 9.11e-11
2019-09-22, 06:56:31, 1.01e-12, 9.12e-11
2019-09-22, 06:56:35, 9.53e-13, 9.09e-11
2019-09-22, 06:56:39, 9.45e-13, 9.1e-11
2019-09-22, 06:56:43, 9.52e-13, 9.1e-11
2019-09-22, 06:56:48, 8.75e-13, 9.12e-11
2019-09-22, 06:56:52, 9.94e-13, 9.13e-11
2019-09-22, 06:56:56, 1.04e-12, 9.13e-11
2019-09-22, 06:57:00, 9.1e-13, 9.14e-11
2019-09-22, 06:57:05, 9.09e-13, 9.15e-11
2019-09-22, 06:57:09, 9.84e-13, 9.17e-11
2019-09-22, 06:57:13, 1.09e-12, 9.14e-11
2019-09-22, 06:57:17, 1.02e-12, 9.15e-11
2019-09-22, 06:57:21, 9.82e-13, 9.13e-11
2019-09-22, 06:57:26, 9.48e-13, 9.13e-11
2019-09-22, 06:57:30, 9.28e-13, 9.13e-11
2019-09-22, 06:57:34, 9.31e-13, 9.13e-11
2019-09-22, 06:57:38, 9.28e-13, 9.13e-11
2019-09-22, 06:57:42, 9.32e-13, 9.11e-11
2019-09-22, 06:57:47, 9.51e-13, 9.1e-11
2019-09-22, 06:57:51, 9.67e-13, 9.14e-11
2019-09-22, 06:57:55, 1.06e-12, 9.14e-11
2019-09-22, 06:57:59, 1.02e-12, 9.15e-11
2019-09-22, 06:58:04, 9.39e-13, 9.11e-11
2019-09-22, 06:58:08, 9.74e-13, 9.16e-11
2019-09-22, 06:58:12, 9.35e-13, 9.14e-11
2019-09-22, 06:58:16, 9.4e-13, 9.13e-11
2019-09-22, 06:58:20, 9.91e-13, 9.15e-11
2019-09-22, 06:58:25, 9.72e-13, 9.18e-11
2019-09-22, 06:58:29, 1.01e-12, 9.09e-11
2019-09-22, 06:58:33, 9.33e-13, 9.11e-11
2019-09-22, 06:58:37, 9.97e-13, 9.12e-11
2019-09-22, 06:58:42, 9.67e-13, 9.11e-11
2019-09-22, 06:58:46, 9.38e-13, 9.11e-11
2019-09-22, 06:58:50, 9.84e-13, 9.11e-11
2019-09-22, 06:58:54, 1.01e-12, 9.17e-11
2019-09-22, 06:58:58, 9.81e-13, 9.11e-11
2019-09-22, 06:59:03, 9.44e-13, 9.16e-11
2019-09-22, 06:59:07, 9.4e-13, 9.14e-11
2019-09-22, 06:59:11, 9.46e-13, 9.14e-11
2019-09-22, 06:59:15, 9.08e-13, 9.14e-11
2019-09-22, 06:59:20, 9.57e-13, 9.11e-11
2019-09-22, 06:59:24, 9.42e-13, 9.14e-11
2019-09-22, 06:59:28, 8.41e-13, 9.1e-11
2019-09-22, 06:59:32, 9.44e-13, 9.15e-11
2019-09-22, 06:59:36, 9.35e-13, 9.16e-11
2019-09-22, 06:59:41, 9.44e-13, 9.16e-11
2019-09-22, 06:59:45, 1.01e-12, 9.13e-11
2019-09-22, 06:59:49, 9.57e-13, 9.15e-11
2019-09-22, 06:59:53, 9.04e-13, 9.13e-11
2019-09-22, 06:59:58, 9.21e-13, 9.16e-11
2019-09-22, 07:00:02, 1.1e-12, 9.18e-11
2019-09-22, 07:00:06, 9.18e-13, 9.18e-11
2019-09-22, 07:00:10, 9.47e-13, 9.11e-11
2019-09-22, 07:00:14, 9.62e-13, 9.14e-11
2019-09-22, 07:00:19, 1.01e-12, 9.14e-11
2019-09-22, 07:00:23, 1e-12, 9.13e-11
2019-09-22, 07:00:27, 9.63e-13, 9.17e-11
2019-09-22, 07:00:31, 1.05e-12, 9.15e-11
2019-09-22, 07:00:36, 9.23e-13, 9.15e-11
2019-09-22, 07:00:40, 8.6e-13, 9.14e-11
2019-09-22, 07:00:44, 9.35e-13, 9.15e-11
2019-09-22, 07:00:48, 8.52e-13, 9.2e-11
2019-09-22, 07:00:52, 9.38e-13, 9.18e-11
2019-09-22, 07:00:57, 9.89e-13, 9.14e-11
2019-09-22, 07:01:01, 9.43e-13, 9.17e-11
2019-09-22, 07:01:05, 9.07e-13, 9.14e-11
2019-09-22, 07:01:09, 9.98e-13, 9.16e-11
2019-09-22, 07:01:13, 9.34e-13, 9.16e-11
2019-09-22, 07:01:18, 9.25e-13, 9.17e-11
2019-09-22, 07:01:22, 9.8e-13, 9.15e-11
2019-09-22, 07:01:26, 9.75e-13, 9.17e-11
2019-09-22, 07:01:30, 9.96e-13, 9.16e-11
2019-09-22, 07:01:35, 9.53e-13, 9.14e-11
2019-09-22, 07:01:39, 9.38e-13, 9.13e-11
2019-09-22, 07:01:43, 1.01e-12, 9.16e-11
2019-09-22, 07:01:47, 9.27e-13, 9.17e-11
2019-09-22, 07:01:51, 9.64e-13, 9.16e-11
2019-09-22, 07:01:56, 9.65e-13, 9.15e-11
2019-09-22, 07:02:00, 9.48e-13, 9.19e-11
2019-09-22, 07:02:04, 9.55e-13, 9.16e-11
2019-09-22, 07:02:08, 9.06e-13, 9.12e-11
2019-09-22, 07:02:13, 1.03e-12, 9.18e-11
2019-09-22, 07:02:17, 9.44e-13, 9.18e-11
2019-09-22, 07:02:21, 9.53e-13, 9.16e-11
2019-09-22, 07:02:25, 9.59e-13, 9.16e-11
2019-09-22, 07:02:29, 9.51e-13, 9.15e-11
2019-09-22, 07:02:34, 1.01e-12, 9.16e-11
2019-09-22, 07:02:38, 8.88e-13, 9.16e-11
2019-09-22, 07:02:42, 9.28e-13, 9.15e-11
2019-09-22, 07:02:46, 9.14e-13, 9.17e-11
2019-09-22, 07:02:51, 9.5e-13, 9.16e-11
2019-09-22, 07:02:55, 9.45e-13, 9.14e-11
2019-09-22, 07:02:59, 9.58e-13, 9.13e-11
2019-09-22, 07:03:03, 9.72e-13, 9.16e-11
2019-09-22, 07:03:07, 9.76e-13, 9.14e-11
2019-09-22, 07:03:12, 9.25e-13, 9.17e-11
2019-09-22, 07:03:16, 1e-12, 9.17e-11
2019-09-22, 07:03:20, 9.11e-13, 9.18e-11
2019-09-22, 07:03:24, 9.96e-13, 9.15e-11
2019-09-22, 07:03:29, 9.15e-13, 9.16e-11
2019-09-22, 07:03:33, 9.8e-13, 9.17e-11
2019-09-22, 07:03:37, 9.97e-13, 9.16e-11
2019-09-22, 07:03:41, 9.76e-13, 9.11e-11
2019-09-22, 07:03:45, 9.4e-13, 9.14e-11
2019-09-22, 07:03:50, 9.89e-13, 9.1e-11
2019-09-22, 07:03:54, 9.51e-13, 9.17e-11
2019-09-22, 07:03:58, 9.33e-13, 9.11e-11
2019-09-22, 07:04:02, 1.03e-12, 9.19e-11
2019-09-22, 07:04:07, 9.65e-13, 9.14e-11
2019-09-22, 07:04:11, 1.01e-12, 9.15e-11
2019-09-22, 07:04:15, 1.08e-12, 9.16e-11
2019-09-22, 07:04:19, 9.9e-13, 9.14e-11
2019-09-22, 07:04:23, 9.97e-13, 9.12e-11
2019-09-22, 07:04:28, 9.39e-13, 9.18e-11
2019-09-22, 07:04:32, 1.01e-12, 9.17e-11
2019-09-22, 07:04:36, 9.46e-13, 9.17e-11
2019-09-22, 07:04:40, 9.14e-13, 9.17e-11
2019-09-22, 07:04:45, 9.18e-13, 9.16e-11
2019-09-22, 07:04:49, 9.73e-13, 9.17e-11
2019-09-22, 07:04:53, 9.27e-13, 9.14e-11
2019-09-22, 07:04:57, 9.54e-13, 9.13e-11
2019-09-22, 07:05:01, 9.7e-13, 9.11e-11
2019-09-22, 07:05:06, 1.03e-12, 9.2e-11
2019-09-22, 07:05:10, 9.46e-13, 9.15e-11
2019-09-22, 07:05:14, 1.01e-12, 9.17e-11
2019-09-22, 07:05:18, 1.01e-12, 9.13e-11
2019-09-22, 07:05:23, 9.6e-13, 9.17e-11
2019-09-22, 07:05:27, 9.88e-13, 9.16e-11
2019-09-22, 07:05:31, 9.88e-13, 9.14e-11
2019-09-22, 07:05:35, 9.15e-13, 9.14e-11
2019-09-22, 07:05:39, 9.92e-13, 9.14e-11
2019-09-22, 07:05:44, 9.18e-13, 9.17e-11
2019-09-22, 07:05:48, 9.71e-13, 9.17e-11
2019-09-22, 07:05:52, 9.89e-13, 9.16e-11
2019-09-22, 07:05:56, 1.03e-12, 9.16e-11
2019-09-22, 07:06:00, 9.5e-13, 9.17e-11
2019-09-22, 07:06:05, 9.82e-13, 9.17e-11
2019-09-22, 07:06:09, 1.01e-12, 9.15e-11
2019-09-22, 07:06:13, 9.18e-13, 9.14e-11
2019-09-22, 07:06:17, 9.77e-13, 9.1e-11
2019-09-22, 07:06:22, 9.9e-13, 9.14e-11
2019-09-22, 07:06:26, 9.17e-13, 9.16e-11
2019-09-22, 07:06:30, 9.93e-13, 9.19e-11
2019-09-22, 07:06:34, 9.59e-13, 9.15e-11
2019-09-22, 07:06:38, 9.51e-13, 9.15e-11
2019-09-22, 07:06:43, 9.49e-13, 9.14e-11
2019-09-22, 07:06:47, 9.35e-13, 9.16e-11
2019-09-22, 07:06:51, 9.02e-13, 9.14e-11
2019-09-22, 07:06:55, 9.6e-13, 9.14e-11
2019-09-22, 07:07:00, 9.74e-13, 9.12e-11
2019-09-22, 07:07:04, 8.88e-13, 9.16e-11
2019-09-22, 07:07:08, 9.49e-13, 9.16e-11
2019-09-22, 07:07:12, 8.89e-13, 9.14e-11
2019-09-22, 07:07:16, 9.25e-13, 9.18e-11
2019-09-22, 07:07:21, 9.87e-13, 9.17e-11
2019-09-22, 07:07:25, 9.32e-13, 9.13e-11
2019-09-22, 07:07:29, 9.75e-13, 9.19e-11
2019-09-22, 07:07:33, 1.03e-12, 9.15e-11
2019-09-22, 07:07:38, 9.7e-13, 9.22e-11
2019-09-22, 07:07:42, 9.19e-13, 9.17e-11
2019-09-22, 07:07:46, 9.17e-13, 9.17e-11
2019-09-22, 07:07:50, 9.75e-13, 9.2e-11
2019-09-22, 07:07:54, 9.53e-13, 9.18e-11
2019-09-22, 07:07:59, 9.95e-13, 9.2e-11
2019-09-22, 07:08:03, 9.89e-13, 9.18e-11
2019-09-22, 07:08:07, 9.97e-13, 9.18e-11
2019-09-22, 07:08:11, 1.09e-12, 9.15e-11
2019-09-22, 07:08:16, 1.01e-12, 9.13e-11
2019-09-22, 07:08:20, 9.04e-13, 9.14e-11
2019-09-22, 07:08:24, 9.85e-13, 9.17e-11
2019-09-22, 07:08:28, 9.17e-13, 9.16e-11
2019-09-22, 07:08:32, 9.93e-13, 9.18e-11
2019-09-22, 07:08:37, 9.84e-13, 9.14e-11
2019-09-22, 07:08:41, 9.17e-13, 9.12e-11
2019-09-22, 07:08:45, 9.82e-13, 9.16e-11
2019-09-22, 07:08:49, 8.98e-13, 9.12e-11
2019-09-22, 07:08:54, 1e-12, 9.17e-11
2019-09-22, 07:08:58, 9.6e-13, 9.14e-11
2019-09-22, 07:09:02, 9.53e-13, 9.12e-11
2019-09-22, 07:09:06, 9.59e-13, 9.15e-11
2019-09-22, 07:09:10, 8.91e-13, 9.18e-11
2019-09-22, 07:09:15, 1.07e-12, 9.11e-11
2019-09-22, 07:09:19, 9.65e-13, 9.14e-11
2019-09-22, 07:09:23, 8.93e-13, 9.14e-11
2019-09-22, 07:09:27, 9.08e-13, 9.16e-11
2019-09-22, 07:09:31, 1.02e-12, 9.16e-11
2019-09-22, 07:09:36, 9.87e-13, 9.16e-11
2019-09-22, 07:09:40, 1.02e-12, 9.15e-11
2019-09-22, 07:09:44, 1.05e-12, 9.13e-11
2019-09-22, 07:09:48, 9.05e-13, 9.13e-11
2019-09-22, 07:09:53, 9.31e-13, 9.13e-11
2019-09-22, 07:09:57, 9.4e-13, 9.16e-11
2019-09-22, 07:10:01, 9.24e-13, 9.14e-11
2019-09-22, 07:10:05, 9.48e-13, 9.17e-11
2019-09-22, 07:10:10, 1.01e-12, 9.15e-11
2019-09-22, 07:10:14, 1.01e-12, 9.14e-11
2019-09-22, 07:10:18, 9.58e-13, 9.16e-11
2019-09-22, 07:10:22, 9.8e-13, 9.14e-11
2019-09-22, 07:10:26, 9.67e-13, 9.13e-11
2019-09-22, 07:10:31, 9.65e-13, 9.18e-11
2019-09-22, 07:10:35, 1.07e-12, 9.16e-11
2019-09-22, 07:10:39, 9.93e-13, 9.16e-11
2019-09-22, 07:10:43, 9.34e-13, 9.15e-11
2019-09-22, 07:10:47, 1e-12, 9.14e-11
2019-09-22, 07:10:52, 1.11e-12, 9.15e-11
2019-09-22, 07:10:56, 9.81e-13, 9.14e-11
2019-09-22, 07:11:00, 9.45e-13, 9.21e-11
2019-09-22, 07:11:04, 9.84e-13, 9.16e-11
2019-09-22, 07:11:09, 1.04e-12, 9.17e-11
2019-09-22, 07:11:13, 9.72e-13, 9.15e-11
2019-09-22, 07:11:17, 9.38e-13, 9.13e-11
2019-09-22, 07:11:21, 1.01e-12, 9.18e-11
2019-09-22, 07:11:25, 9.43e-13, 9.16e-11
2019-09-22, 07:11:30, 9.92e-13, 9.15e-11
2019-09-22, 07:11:34, 1e-12, 9.15e-11
2019-09-22, 07:11:38, 9.68e-13, 9.15e-11
2019-09-22, 07:11:42, 9.69e-13, 9.17e-11
2019-09-22, 07:11:47, 9.36e-13, 9.17e-11
2019-09-22, 07:11:51, 9.94e-13, 9.15e-11
2019-09-22, 07:11:55, 9.11e-13, 9.15e-11
2019-09-22, 07:11:59, 9.84e-13, 9.15e-11
2019-09-22, 07:12:03, 9.67e-13, 9.13e-11
2019-09-22, 07:12:08, 9.31e-13, 9.13e-11
2019-09-22, 07:12:12, 1.12e-12, 9.11e-11
2019-09-22, 07:12:16, 9.39e-13, 9.12e-11
2019-09-22, 07:12:20, 1.01e-12, 9.16e-11
2019-09-22, 07:12:25, 1e-12, 9.12e-11
2019-09-22, 07:12:29, 9.61e-13, 9.14e-11
2019-09-22, 07:12:33, 9.81e-13, 9.14e-11
2019-09-22, 07:12:37, 9.5e-13, 9.09e-11
2019-09-22, 07:12:41, 9.49e-13, 9.18e-11
2019-09-22, 07:12:46, 9.58e-13, 9.11e-11
2019-09-22, 07:12:50, 1e-12, 9.14e-11
2019-09-22, 07:12:54, 1e-12, 9.14e-11
2019-09-22, 07:12:58, 9.49e-13, 9.14e-11
2019-09-22, 07:13:03, 9.61e-13, 9.14e-11
2019-09-22, 07:13:07, 9.99e-13, 9.19e-11
2019-09-22, 07:13:11, 1e-12, 9.12e-11
2019-09-22, 07:13:15, 9.42e-13, 9.15e-11
2019-09-22, 07:13:19, 9.51e-13, 9.17e-11
2019-09-22, 07:13:24, 9.16e-13, 9.17e-11
2019-09-22, 07:13:28, 9.73e-13, 9.16e-11
2019-09-22, 07:13:32, 9.2e-13, 9.15e-11
2019-09-22, 07:13:36, 9.78e-13, 9.2e-11
2019-09-22, 07:13:41, 9.76e-13, 9.18e-11
2019-09-22, 07:13:45, 9.82e-13, 9.17e-11
2019-09-22, 07:13:49, 9.53e-13, 9.14e-11
2019-09-22, 07:13:53, 9.41e-13, 9.19e-11
2019-09-22, 07:13:57, 9.57e-13, 9.15e-11
2019-09-22, 07:14:02, 1.03e-12, 9.17e-11
2019-09-22, 07:14:06, 9.6e-13, 9.19e-11
2019-09-22, 07:14:10, 1.01e-12, 9.18e-11
2019-09-22, 07:14:14, 9.34e-13, 9.14e-11
2019-09-22, 07:14:19, 9.51e-13, 9.11e-11
2019-09-22, 07:14:23, 8.97e-13, 9.15e-11
2019-09-22, 07:14:27, 9.62e-13, 9.11e-11
2019-09-22, 07:14:31, 1.07e-12, 9.18e-11
2019-09-22, 07:14:36, 8.58e-13, 9.14e-11
2019-09-22, 07:14:40, 8.33e-13, 9.16e-11
2019-09-22, 07:14:44, 9.32e-13, 9.14e-11
2019-09-22, 07:14:48, 9.43e-13, 9.15e-11
2019-09-22, 07:14:52, 9.97e-13, 9.15e-11
2019-09-22, 07:14:57, 9.71e-13, 9.12e-11
2019-09-22, 07:15:01, 9.71e-13, 9.12e-11
2019-09-22, 07:15:05, 9.88e-13, 9.16e-11
2019-09-22, 07:15:09, 9.51e-13, 9.15e-11
2019-09-22, 07:15:14, 9.52e-13, 9.11e-11
2019-09-22, 07:15:18, 1e-12, 9.17e-11
2019-09-22, 07:15:22, 8.57e-13, 9.14e-11
2019-09-22, 07:15:26, 9.38e-13, 9.12e-11
2019-09-22, 07:15:30, 9.38e-13, 9.07e-11
2019-09-22, 07:15:35, 9.44e-13, 9.12e-11
2019-09-22, 07:15:39, 9.72e-13, 9.14e-11
2019-09-22, 07:15:43, 1.05e-12, 9.14e-11
2019-09-22, 07:15:47, 9.86e-13, 9.15e-11
2019-09-22, 07:15:52, 9.67e-13, 9.13e-11
2019-09-22, 07:15:56, 9.91e-13, 9.13e-11
2019-09-22, 07:16:00, 9.62e-13, 9.13e-11
2019-09-22, 07:16:04, 9.95e-13, 9.18e-11
2019-09-22, 07:16:08, 9.6e-13, 9.13e-11
2019-09-22, 07:16:13, 9.33e-13, 9.13e-11
2019-09-22, 07:16:17, 9.86e-13, 9.14e-11
2019-09-22, 07:16:21, 9.78e-13, 9.13e-11
2019-09-22, 07:16:25, 9.51e-13, 9.17e-11
2019-09-22, 07:16:30, 9.41e-13, 9.15e-11
2019-09-22, 07:16:34, 9.21e-13, 9.17e-11
2019-09-22, 07:16:38, 1.05e-12, 9.17e-11
2019-09-22, 07:16:42, 9.52e-13, 9.14e-11
2019-09-22, 07:16:46, 9.83e-13, 9.16e-11
2019-09-22, 07:16:51, 1.05e-12, 9.13e-11
2019-09-22, 07:16:55, 9.16e-13, 9.17e-11
2019-09-22, 07:16:59, 9.22e-13, 9.12e-11
2019-09-22, 07:17:03, 9.3e-13, 9.18e-11
2019-09-22, 07:17:07, 1.02e-12, 9.16e-11
2019-09-22, 07:17:12, 8.91e-13, 9.14e-11
2019-09-22, 07:17:16, 1.05e-12, 9.13e-11
2019-09-22, 07:17:20, 8.96e-13, 9.11e-11
2019-09-22, 07:17:24, 1e-12, 9.18e-11
2019-09-22, 07:17:29, 9.48e-13, 9.11e-11
2019-09-22, 07:17:33, 1.03e-12, 9.1e-11
2019-09-22, 07:17:37, 1e-12, 9.12e-11
2019-09-22, 07:17:41, 9.62e-13, 9.14e-11
2019-09-22, 07:17:45, 1.02e-12, 9.12e-11
2019-09-22, 07:17:50, 1.11e-12, 9.1e-11
2019-09-22, 07:17:54, 1.04e-12, 9.14e-11
2019-09-22, 07:17:58, 9.2e-13, 9.15e-11
2019-09-22, 07:18:02, 9.91e-13, 9.14e-11
2019-09-22, 07:18:07, 1.03e-12, 9.15e-11
2019-09-22, 07:18:11, 9.97e-13, 9.16e-11
2019-09-22, 07:18:15, 9.64e-13, 9.2e-11
2019-09-22, 07:18:19, 9.34e-13, 9.11e-11
2019-09-22, 07:18:23, 9.65e-13, 9.16e-11
2019-09-22, 07:18:28, 9.26e-13, 9.12e-11
2019-09-22, 07:18:32, 9.51e-13, 9.14e-11
2019-09-22, 07:18:36, 9.64e-13, 9.16e-11
2019-09-22, 07:18:40, 1.07e-12, 9.13e-11
2019-09-22, 07:18:45, 9.05e-13, 9.1e-11
2019-09-22, 07:18:49, 9.95e-13, 9.13e-11
2019-09-22, 07:18:53, 9.53e-13, 9.15e-11
2019-09-22, 07:18:57, 1.02e-12, 9.13e-11
2019-09-22, 07:19:01, 9e-13, 9.14e-11
2019-09-22, 07:19:06, 9.59e-13, 9.12e-11
2019-09-22, 07:19:10, 9.46e-13, 9.14e-11
2019-09-22, 07:19:14, 9.28e-13, 9.12e-11
2019-09-22, 07:19:18, 7.7e-13, 9.13e-11
2019-09-22, 07:19:23, 9.81e-13, 9.12e-11
2019-09-22, 07:19:27, 9.55e-13, 9.14e-11
2019-09-22, 07:19:31, 9.97e-13, 9.15e-11
2019-09-22, 07:19:35, 9.25e-13, 9.18e-11
2019-09-22, 07:19:39, 1.11e-12, 9.16e-11
2019-09-22, 07:19:44, 9.77e-13, 9.14e-11
2019-09-22, 07:19:48, 9.56e-13, 9.09e-11
2019-09-22, 07:19:52, 9.82e-13, 9.17e-11
2019-09-22, 07:19:56, 9.82e-13, 9.11e-11
2019-09-22, 07:20:01, 9.67e-13, 9.12e-11
2019-09-22, 07:20:05, 9.11e-13, 9.1e-11
2019-09-22, 07:20:09, 9.69e-13, 9.13e-11
2019-09-22, 07:20:13, 9.8e-13, 9.14e-11
2019-09-22, 07:20:17, 9.39e-13, 9.16e-11
2019-09-22, 07:20:22, 9.78e-13, 9.15e-11
2019-09-22, 07:20:26, 1.08e-12, 9.16e-11
2019-09-22, 07:20:30, 9.01e-13, 9.17e-11
2019-09-22, 07:20:34, 1e-12, 9.17e-11
2019-09-22, 07:20:39, 1.01e-12, 9.13e-11
2019-09-22, 07:20:43, 1.03e-12, 9.14e-11
2019-09-22, 07:20:47, 9.91e-13, 9.13e-11
2019-09-22, 07:20:51, 9.73e-13, 9.12e-11
2019-09-22, 07:20:56, 9.52e-13, 9.14e-11
2019-09-22, 07:21:00, 1.03e-12, 9.13e-11
2019-09-22, 07:21:04, 9.22e-13, 9.14e-11
2019-09-22, 07:21:08, 9.66e-13, 9.12e-11
2019-09-22, 07:21:12, 9.86e-13, 9.14e-11
2019-09-22, 07:21:17, 9.23e-13, 9.11e-11
2019-09-22, 07:21:21, 1.12e-12, 9.12e-11
2019-09-22, 07:21:25, 9.69e-13, 9.16e-11
2019-09-22, 07:21:29, 9.67e-13, 9.12e-11
2019-09-22, 07:21:34, 9.36e-13, 9.14e-11
2019-09-22, 07:21:38, 1.02e-12, 9.1e-11
2019-09-22, 07:21:42, 8.31e-13, 9.15e-11
2019-09-22, 07:21:46, 9.3e-13, 9.14e-11
2019-09-22, 07:21:50, 9.9e-13, 9.14e-11
2019-09-22, 07:21:55, 1.02e-12, 9.14e-11
2019-09-22, 07:21:59, 9.97e-13, 9.13e-11
2019-09-22, 07:22:03, 9.18e-13, 9.1e-11
2019-09-22, 07:22:07, 1.04e-12, 9.1e-11
2019-09-22, 07:22:12, 9.17e-13, 9.14e-11
2019-09-22, 07:22:16, 9.81e-13, 9.11e-11
2019-09-22, 07:22:20, 9.26e-13, 9.13e-11
2019-09-22, 07:22:24, 9.47e-13, 9.13e-11
2019-09-22, 07:22:28, 9.97e-13, 9.15e-11
2019-09-22, 07:22:33, 9.49e-13, 9.1e-11
2019-09-22, 07:22:37, 8.94e-13, 9.12e-11
2019-09-22, 07:22:41, 9.76e-13, 9.12e-11
2019-09-22, 07:22:45, 1.01e-12, 9.09e-11
2019-09-22, 07:22:49, 9.37e-13, 9.12e-11
2019-09-22, 07:22:54, 8.89e-13, 9.13e-11
2019-09-22, 07:22:58, 1e-12, 9.12e-11
2019-09-22, 07:23:02, 1.05e-12, 9.13e-11
2019-09-22, 07:23:06, 9.8e-13, 9.15e-11
2019-09-22, 07:23:11, 9.13e-13, 9.15e-11
2019-09-22, 07:23:15, 1.11e-12, 9.12e-11
2019-09-22, 07:23:19, 1.03e-12, 9.11e-11
2019-09-22, 07:23:23, 1.09e-12, 9.12e-11
2019-09-22, 07:23:27, 8.8e-13, 9.14e-11
2019-09-22, 07:23:32, 9.5e-13, 9.11e-11
2019-09-22, 07:23:36, 9.78e-13, 9.13e-11
2019-09-22, 07:23:40, 9.44e-13, 9.14e-11
2019-09-22, 07:23:44, 9.86e-13, 9.12e-11
2019-09-22, 07:23:49, 9.91e-13, 9.1e-11
2019-09-22, 07:23:53, 9.36e-13, 9.13e-11
2019-09-22, 07:23:57, 9.47e-13, 9.12e-11
2019-09-22, 07:24:01, 9.98e-13, 9.13e-11
2019-09-22, 07:24:06, 1.01e-12, 9.14e-11
2019-09-22, 07:24:10, 1.02e-12, 9.13e-11
2019-09-22, 07:24:14, 9.48e-13, 9.1e-11
2019-09-22, 07:24:18, 9.32e-13, 9.13e-11
2019-09-22, 07:24:23, 9.12e-13, 9.12e-11
2019-09-22, 07:24:27, 9.13e-13, 9.15e-11
2019-09-22, 07:24:31, 1.03e-12, 9.16e-11
2019-09-22, 07:24:35, 9.05e-13, 9.14e-11
2019-09-22, 07:24:39, 1.06e-12, 9.12e-11
2019-09-22, 07:24:44, 9.69e-13, 9.08e-11
2019-09-22, 07:24:48, 9.53e-13, 9.13e-11
2019-09-22, 07:24:52, 9.35e-13, 9.16e-11
2019-09-22, 07:24:56, 7.96e-13, 9.12e-11
2019-09-22, 07:25:01, 9.8e-13, 9.13e-11
2019-09-22, 07:25:05, 9.52e-13, 9.12e-11
2019-09-22, 07:25:09, 9.64e-13, 9.14e-11
2019-09-22, 07:25:13, 9.08e-13, 9.14e-11
2019-09-22, 07:25:17, 9.79e-13, 9.15e-11
2019-09-22, 07:25:22, 9.23e-13, 9.1e-11
2019-09-22, 07:25:26, 1.01e-12, 9.09e-11
2019-09-22, 07:25:30, 1e-12, 9.1e-11
2019-09-22, 07:25:34, 9.31e-13, 9.11e-11
2019-09-22, 07:25:39, 9.16e-13, 9.13e-11
2019-09-22, 07:25:43, 9.18e-13, 9.11e-11
2019-09-22, 07:25:47, 9.41e-13, 9.13e-11
2019-09-22, 07:25:51, 9.48e-13, 9.15e-11
2019-09-22, 07:25:55, 8.97e-13, 9.11e-11
2019-09-22, 07:26:00, 9.71e-13, 9.14e-11
2019-09-22, 07:26:04, 9.36e-13, 9.14e-11
2019-09-22, 07:26:08, 9.7e-13, 9.13e-11
2019-09-22, 07:26:12, 1.06e-12, 9.1e-11
2019-09-22, 07:26:16, 1.12e-12, 9.13e-11
2019-09-22, 07:26:21, 9.27e-13, 9.08e-11
2019-09-22, 07:26:25, 9.34e-13, 9.12e-11
2019-09-22, 07:26:29, 9.52e-13, 9.14e-11
2019-09-22, 07:26:33, 9.94e-13, 9.11e-11
2019-09-22, 07:26:38, 9.8e-13, 9.09e-11
2019-09-22, 07:26:42, 9.49e-13, 9.11e-11
2019-09-22, 07:26:46, 9.02e-13, 9.11e-11
2019-09-22, 07:26:50, 1e-12, 9.11e-11
2019-09-22, 07:26:54, 9.22e-13, 9.15e-11
2019-09-22, 07:26:59, 9.82e-13, 9.19e-11
2019-09-22, 07:27:03, 9.22e-13, 9.1e-11
2019-09-22, 07:27:07, 1.01e-12, 9.11e-11
2019-09-22, 07:27:11, 9.13e-13, 9.15e-11
2019-09-22, 07:27:16, 9.56e-13, 9.19e-11
2019-09-22, 07:27:20, 9.74e-13, 9.12e-11
2019-09-22, 07:27:24, 1e-12, 9.15e-11
2019-09-22, 07:27:28, 9.27e-13, 9.13e-11
2019-09-22, 07:27:32, 9.54e-13, 9.15e-11
2019-09-22, 07:27:37, 9.26e-13, 9.17e-11
2019-09-22, 07:27:41, 9.09e-13, 9.12e-11
2019-09-22, 07:27:45, 9.22e-13, 9.14e-11
2019-09-22, 07:27:49, 9.65e-13, 9.11e-11
2019-09-22, 07:27:54, 9.25e-13, 9.11e-11
2019-09-22, 07:27:58, 1.02e-12, 9.15e-11
2019-09-22, 07:28:02, 9e-13, 9.12e-11
2019-09-22, 07:28:06, 9.74e-13, 9.12e-11
2019-09-22, 07:28:10, 9.57e-13, 9.12e-11
2019-09-22, 07:28:15, 9.68e-13, 9.12e-11
2019-09-22, 07:28:19, 1.03e-12, 9.13e-11
2019-09-22, 07:28:23, 1.04e-12, 9.14e-11
2019-09-22, 07:28:27, 9.36e-13, 9.14e-11
2019-09-22, 07:28:32, 9.95e-13, 9.13e-11
2019-09-22, 07:28:36, 9.28e-13, 9.15e-11
2019-09-22, 07:28:40, 9.68e-13, 9.16e-11
2019-09-22, 07:28:44, 1.06e-12, 9.14e-11
2019-09-22, 07:28:48, 9.63e-13, 9.14e-11
2019-09-22, 07:28:53, 9.29e-13, 9.15e-11
2019-09-22, 07:28:57, 9.79e-13, 9.15e-11
2019-09-22, 07:29:01, 9.67e-13, 9.14e-11
2019-09-22, 07:29:05, 9.47e-13, 9.16e-11
2019-09-22, 07:29:10, 9.68e-13, 9.12e-11
2019-09-22, 07:29:14, 9.36e-13, 9.18e-11
2019-09-22, 07:29:18, 9.63e-13, 9.12e-11
2019-09-22, 07:29:22, 9.68e-13, 9.13e-11
2019-09-22, 07:29:26, 9.81e-13, 9.11e-11
2019-09-22, 07:29:31, 1.02e-12, 9.14e-11
2019-09-22, 07:29:35, 9.75e-13, 9.13e-11
2019-09-22, 07:29:39, 1.07e-12, 9.11e-11
2019-09-22, 07:29:43, 9.59e-13, 9.16e-11
2019-09-22, 07:29:47, 9.08e-13, 9.1e-11
2019-09-22, 07:29:52, 9.57e-13, 9.18e-11
2019-09-22, 07:29:56, 9.05e-13, 9.16e-11
2019-09-22, 07:30:00, 9.14e-13, 9.14e-11
2019-09-22, 07:30:04, 9.89e-13, 9.13e-11
2019-09-22, 07:30:09, 9.57e-13, 9.15e-11
2019-09-22, 07:30:13, 9.3e-13, 9.14e-11
2019-09-22, 07:30:18, 9.83e-13, 9.16e-11
2019-09-22, 07:30:22, 1e-12, 9.14e-11
2019-09-22, 07:30:26, 1.01e-12, 9.18e-11
2019-09-22, 07:30:30, 8.3e-13, 9.11e-11
2019-09-22, 07:30:34, 1e-12, 9.15e-11
2019-09-22, 07:30:39, 9.82e-13, 9.17e-11
2019-09-22, 07:30:43, 9.53e-13, 9.18e-11
2019-09-22, 07:30:47, 9.83e-13, 9.15e-11
2019-09-22, 07:30:51, 9.81e-13, 9.17e-11
2019-09-22, 07:30:56, 9.8e-13, 9.14e-11
2019-09-22, 07:31:00, 9.89e-13, 9.11e-11
2019-09-22, 07:31:04, 1e-12, 9.16e-11
2019-09-22, 07:31:08, 1.05e-12, 9.16e-11
2019-09-22, 07:31:13, 9.32e-13, 9.19e-11
2019-09-22, 07:31:17, 9.89e-13, 9.16e-11
2019-09-22, 07:31:21, 9.48e-13, 9.13e-11
2019-09-22, 07:31:25, 9.63e-13, 9.17e-11
2019-09-22, 07:31:30, 9.07e-13, 9.14e-11
2019-09-22, 07:31:34, 1.02e-12, 9.09e-11
2019-09-22, 07:31:38, 9.44e-13, 9.13e-11
2019-09-22, 07:31:42, 9.3e-13, 9.18e-11
2019-09-22, 07:31:47, 9.54e-13, 9.14e-11
2019-09-22, 07:31:51, 9.37e-13, 9.11e-11
2019-09-22, 07:31:55, 9.29e-13, 9.1e-11
2019-09-22, 07:31:59, 1.04e-12, 9.11e-11
2019-09-22, 07:32:03, 8.5e-13, 9.14e-11
2019-09-22, 07:32:08, 9.32e-13, 9.16e-11
2019-09-22, 07:32:12, 1.01e-12, 9.14e-11
2019-09-22, 07:32:16, 9.27e-13, 9.18e-11
2019-09-22, 07:32:20, 1.05e-12, 9.14e-11
2019-09-22, 07:32:24, 9.68e-13, 9.14e-11
2019-09-22, 07:32:29, 9.85e-13, 9.11e-11
2019-09-22, 07:32:33, 9.53e-13, 9.13e-11
2019-09-22, 07:32:37, 8.13e-13, 9.17e-11
2019-09-22, 07:32:41, 9e-13, 9.14e-11
2019-09-22, 07:32:46, 9.46e-13, 9.17e-11
2019-09-22, 07:32:50, 1.02e-12, 9.17e-11
2019-09-22, 07:32:54, 9.71e-13, 9.17e-11
2019-09-22, 07:32:58, 1.01e-12, 9.14e-11
2019-09-22, 07:33:02, 9.07e-13, 9.14e-11
2019-09-22, 07:33:07, 9.51e-13, 9.16e-11
2019-09-22, 07:33:11, 9.62e-13, 9.14e-11
2019-09-22, 07:33:15, 9.37e-13, 9.14e-11
2019-09-22, 07:33:19, 9.58e-13, 9.14e-11
2019-09-22, 07:33:24, 9.7e-13, 9.18e-11
2019-09-22, 07:33:28, 9.4e-13, 9.14e-11
2019-09-22, 07:33:32, 9.39e-13, 9.16e-11
2019-09-22, 07:33:36, 9.43e-13, 9.17e-11
2019-09-22, 07:33:40, 9.7e-13, 9.18e-11
2019-09-22, 07:33:45, 9.21e-13, 9.17e-11
2019-09-22, 07:33:49, 1.01e-12, 9.16e-11
2019-09-22, 07:33:53, 9.46e-13, 9.14e-11
2019-09-22, 07:33:57, 9.72e-13, 9.12e-11
2019-09-22, 07:34:02, 9.61e-13, 9.17e-11
2019-09-22, 07:34:06, 9.86e-13, 9.15e-11
2019-09-22, 07:34:10, 9.7e-13, 9.1e-11
2019-09-22, 07:34:14, 9.65e-13, 9.11e-11
2019-09-22, 07:34:18, 9.36e-13, 9.1e-11
2019-09-22, 07:34:23, 9.77e-13, 9.11e-11
2019-09-22, 07:34:27, 9.87e-13, 9.17e-11
2019-09-22, 07:34:31, 9.84e-13, 9.15e-11
2019-09-22, 07:34:35, 9.13e-13, 9.14e-11
2019-09-22, 07:34:40, 1.04e-12, 9.13e-11
2019-09-22, 07:34:44, 1.02e-12, 9.18e-11
2019-09-22, 07:34:48, 1.01e-12, 9.14e-11
2019-09-22, 07:34:52, 1.01e-12, 9.15e-11
2019-09-22, 07:34:56, 9.67e-13, 9.2e-11
2019-09-22, 07:35:01, 9.44e-13, 9.15e-11
2019-09-22, 07:35:05, 1.11e-12, 9.14e-11
2019-09-22, 07:35:09, 9.69e-13, 9.14e-11
2019-09-22, 07:35:13, 9.78e-13, 9.2e-11
2019-09-22, 07:35:18, 9.76e-13, 9.15e-11
2019-09-22, 07:35:22, 9.38e-13, 9.13e-11
2019-09-22, 07:35:26, 9.88e-13, 9.12e-11
2019-09-22, 07:35:30, 1.01e-12, 9.16e-11
2019-09-22, 07:35:34, 1e-12, 9.13e-11
2019-09-22, 07:35:39, 9.49e-13, 9.11e-11
2019-09-22, 07:35:43, 9.55e-13, 9.15e-11
2019-09-22, 07:35:47, 9.11e-13, 9.13e-11
2019-09-22, 07:35:51, 9.89e-13, 9.14e-11
2019-09-22, 07:35:56, 9.13e-13, 9.16e-11
2019-09-22, 07:36:00, 9.83e-13, 9.14e-11
2019-09-22, 07:36:04, 1.03e-12, 9.15e-11
2019-09-22, 07:36:08, 1.04e-12, 9.14e-11
2019-09-22, 07:36:12, 9.63e-13, 9.14e-11
2019-09-22, 07:36:17, 9.78e-13, 9.17e-11
2019-09-22, 07:36:21, 9.85e-13, 9.16e-11
2019-09-22, 07:36:25, 1.02e-12, 9.17e-11
2019-09-22, 07:36:29, 9.3e-13, 9.13e-11
2019-09-22, 07:36:33, 9.59e-13, 9.11e-11
2019-09-22, 07:36:38, 9.39e-13, 9.12e-11
2019-09-22, 07:36:42, 9.8e-13, 9.14e-11
2019-09-22, 07:36:46, 9.16e-13, 9.19e-11
2019-09-22, 07:36:50, 9.28e-13, 9.13e-11
2019-09-22, 07:36:55, 9.55e-13, 9.13e-11
2019-09-22, 07:36:59, 8.87e-13, 9.15e-11
2019-09-22, 07:37:03, 9.67e-13, 9.19e-11
2019-09-22, 07:37:07, 9.87e-13, 9.18e-11
2019-09-22, 07:37:11, 1.01e-12, 9.16e-11
2019-09-22, 07:37:16, 9.38e-13, 9.14e-11
2019-09-22, 07:37:20, 1.02e-12, 9.14e-11
2019-09-22, 07:37:24, 9.69e-13, 9.15e-11
2019-09-22, 07:37:28, 8.95e-13, 9.13e-11
2019-09-22, 07:37:33, 9.91e-13, 9.14e-11
2019-09-22, 07:37:37, 9.53e-13, 9.18e-11
2019-09-22, 07:37:41, 8.66e-13, 9.15e-11
2019-09-22, 07:37:45, 9.25e-13, 9.15e-11
2019-09-22, 07:37:49, 1e-12, 9.18e-11
2019-09-22, 07:37:54, 9.88e-13, 9.16e-11
2019-09-22, 07:37:58, 9.36e-13, 9.16e-11
2019-09-22, 07:38:02, 1.02e-12, 9.19e-11
2019-09-22, 07:38:06, 1.01e-12, 9.18e-11
2019-09-22, 07:38:11, 1.01e-12, 9.14e-11
2019-09-22, 07:38:15, 9.23e-13, 9.17e-11
2019-09-22, 07:38:19, 9.38e-13, 9.16e-11
2019-09-22, 07:38:23, 9.35e-13, 9.16e-11
2019-09-22, 07:38:27, 9.85e-13, 9.15e-11
2019-09-22, 07:38:32, 9.45e-13, 9.19e-11
2019-09-22, 07:38:36, 9.86e-13, 9.17e-11
2019-09-22, 07:38:40, 9.6e-13, 9.18e-11
2019-09-22, 07:38:44, 9.67e-13, 9.2e-11
2019-09-22, 07:38:49, 1.01e-12, 9.15e-11
2019-09-22, 07:38:53, 9.35e-13, 9.14e-11
2019-09-22, 07:38:57, 9.49e-13, 9.15e-11
2019-09-22, 07:39:01, 9.22e-13, 9.18e-11
2019-09-22, 07:39:05, 9.98e-13, 9.16e-11
2019-09-22, 07:39:10, 9.94e-13, 9.16e-11
2019-09-22, 07:39:14, 9.69e-13, 9.14e-11
2019-09-22, 07:39:18, 1.02e-12, 9.16e-11
2019-09-22, 07:39:22, 9.77e-13, 9.14e-11
2019-09-22, 07:39:27, 9.1e-13, 9.16e-11
2019-09-22, 07:39:31, 9.52e-13, 9.2e-11
2019-09-22, 07:39:35, 9.19e-13, 9.23e-11
2019-09-22, 07:39:39, 9.77e-13, 9.21e-11
2019-09-22, 07:39:43, 9.07e-13, 9.19e-11
2019-09-22, 07:39:48, 9.34e-13, 9.19e-11
2019-09-22, 07:39:52, 8.94e-13, 9.22e-11
2019-09-22, 07:39:56, 9.82e-13, 9.18e-11
2019-09-22, 07:40:00, 8.94e-13, 9.2e-11
2019-09-22, 07:40:04, 9.74e-13, 9.18e-11
2019-09-22, 07:40:09, 9.56e-13, 9.19e-11
2019-09-22, 07:40:13, 1.01e-12, 9.2e-11
2019-09-22, 07:40:17, 1.03e-12, 9.2e-11
2019-09-22, 07:40:21, 9.34e-13, 9.2e-11
2019-09-22, 07:40:26, 9.75e-13, 9.23e-11
2019-09-22, 07:40:30, 9.5e-13, 9.19e-11
2019-09-22, 07:40:34, 9.94e-13, 9.16e-11
2019-09-22, 07:40:38, 9.18e-13, 9.2e-11
2019-09-22, 07:40:42, 9.57e-13, 9.21e-11
2019-09-22, 07:40:47, 1.09e-12, 9.19e-11
2019-09-22, 07:40:51, 9.59e-13, 9.18e-11
2019-09-22, 07:40:55, 9.15e-13, 9.18e-11
2019-09-22, 07:40:59, 8.39e-13, 9.18e-11
2019-09-22, 07:41:04, 9.62e-13, 9.16e-11
2019-09-22, 07:41:08, 1.06e-12, 9.2e-11
2019-09-22, 07:41:12, 1.1e-12, 9.17e-11
2019-09-22, 07:41:16, 1.1e-12, 9.15e-11
2019-09-22, 07:41:20, 9.13e-13, 9.21e-11
2019-09-22, 07:41:25, 9.86e-13, 9.17e-11
2019-09-22, 07:41:29, 9.47e-13, 9.21e-11
2019-09-22, 07:41:33, 9.22e-13, 9.22e-11
2019-09-22, 07:41:37, 1.02e-12, 9.2e-11
2019-09-22, 07:41:42, 9.63e-13, 9.18e-11
2019-09-22, 07:41:46, 9.43e-13, 9.2e-11
2019-09-22, 07:41:50, 9.73e-13, 9.19e-11
2019-09-22, 07:41:54, 9.49e-13, 9.19e-11
2019-09-22, 07:41:58, 9.68e-13, 9.15e-11
2019-09-22, 07:42:03, 9.65e-13, 9.17e-11
2019-09-22, 07:42:07, 9.48e-13, 9.2e-11
2019-09-22, 07:42:11, 1.02e-12, 9.2e-11
2019-09-22, 07:42:15, 8.11e-13, 9.2e-11
2019-09-22, 07:42:20, 1.02e-12, 9.2e-11
2019-09-22, 07:42:24, 9.3e-13, 9.24e-11
2019-09-22, 07:42:28, 8.75e-13, 9.21e-11
2019-09-22, 07:42:32, 1e-12, 9.19e-11
2019-09-22, 07:42:36, 8.27e-13, 9.16e-11
2019-09-22, 07:42:41, 1.01e-12, 9.18e-11
2019-09-22, 07:42:45, 9.88e-13, 9.19e-11
2019-09-22, 07:42:49, 9.45e-13, 9.21e-11
2019-09-22, 07:42:53, 9.21e-13, 9.17e-11
2019-09-22, 07:42:58, 1.03e-12, 9.17e-11
2019-09-22, 07:43:02, 9.85e-13, 9.16e-11
2019-09-22, 07:43:06, 9.54e-13, 9.15e-11
2019-09-22, 07:43:10, 9.19e-13, 9.17e-11
2019-09-22, 07:43:14, 1.04e-12, 9.18e-11
2019-09-22, 07:43:19, 1.05e-12, 9.17e-11
2019-09-22, 07:43:23, 9.37e-13, 9.16e-11
2019-09-22, 07:43:27, 8.71e-13, 9.19e-11
2019-09-22, 07:43:31, 8.94e-13, 9.14e-11
2019-09-22, 07:43:35, 9.03e-13, 9.16e-11
2019-09-22, 07:43:40, 8.9e-13, 9.16e-11
2019-09-22, 07:43:44, 9.8e-13, 9.12e-11
2019-09-22, 07:43:48, 9.16e-13, 9.21e-11
2019-09-22, 07:43:52, 9.77e-13, 9.22e-11
2019-09-22, 07:43:57, 1.02e-12, 9.21e-11
2019-09-22, 07:44:01, 9.32e-13, 9.19e-11
2019-09-22, 07:44:05, 9.36e-13, 9.18e-11
2019-09-22, 07:44:09, 1.11e-12, 9.18e-11
2019-09-22, 07:44:13, 9.26e-13, 9.18e-11
2019-09-22, 07:44:18, 9.51e-13, 9.17e-11
2019-09-22, 07:44:22, 9.53e-13, 9.17e-11
2019-09-22, 07:44:26, 8.8e-13, 9.19e-11
2019-09-22, 07:44:30, 9.74e-13, 9.19e-11
2019-09-22, 07:44:35, 9.19e-13, 9.14e-11
2019-09-22, 07:44:39, 9.3e-13, 9.17e-11
2019-09-22, 07:44:43, 9.53e-13, 9.16e-11
2019-09-22, 07:44:47, 9.58e-13, 9.2e-11
2019-09-22, 07:44:51, 1.01e-12, 9.18e-11
2019-09-22, 07:44:56, 9.11e-13, 9.15e-11
2019-09-22, 07:45:00, 8.99e-13, 9.18e-11
2019-09-22, 07:45:04, 9.34e-13, 9.21e-11
2019-09-22, 07:45:08, 9.42e-13, 9.16e-11
2019-09-22, 07:45:13, 9.91e-13, 9.18e-11
2019-09-22, 07:45:17, 1.09e-12, 9.18e-11
2019-09-22, 07:45:21, 9.29e-13, 9.2e-11
2019-09-22, 07:45:25, 9.67e-13, 9.18e-11
2019-09-22, 07:45:29, 9.73e-13, 9.2e-11
2019-09-22, 07:45:34, 1.02e-12, 9.17e-11
2019-09-22, 07:45:38, 9.21e-13, 9.19e-11
2019-09-22, 07:45:42, 8.86e-13, 9.18e-11
2019-09-22, 07:45:46, 9.25e-13, 9.17e-11
2019-09-22, 07:45:51, 9.73e-13, 9.19e-11
2019-09-22, 07:45:55, 9.21e-13, 9.15e-11
2019-09-22, 07:45:59, 9.34e-13, 9.18e-11
2019-09-22, 07:46:03, 1.01e-12, 9.17e-11
2019-09-22, 07:46:07, 9.43e-13, 9.17e-11
2019-09-22, 07:46:12, 1.05e-12, 9.2e-11
2019-09-22, 07:46:16, 9.45e-13, 9.14e-11
2019-09-22, 07:46:20, 9.25e-13, 9.16e-11
2019-09-22, 07:46:24, 9.98e-13, 9.16e-11
2019-09-22, 07:46:29, 9.7e-13, 9.17e-11
2019-09-22, 07:46:33, 9.22e-13, 9.15e-11
2019-09-22, 07:46:37, 9.98e-13, 9.21e-11
2019-09-22, 07:46:41, 1.01e-12, 9.17e-11
2019-09-22, 07:46:45, 1.02e-12, 9.19e-11
2019-09-22, 07:46:50, 9.52e-13, 9.15e-11
2019-09-22, 07:46:54, 9.68e-13, 9.17e-11
2019-09-22, 07:46:58, 9.51e-13, 9.15e-11
2019-09-22, 07:47:02, 9.67e-13, 9.16e-11
2019-09-22, 07:47:06, 9.59e-13, 9.16e-11
2019-09-22, 07:47:11, 1.03e-12, 9.16e-11
2019-09-22, 07:47:15, 9.67e-13, 9.15e-11
2019-09-22, 07:47:19, 8.89e-13, 9.19e-11
2019-09-22, 07:47:23, 8.53e-13, 9.19e-11
2019-09-22, 07:47:28, 9.28e-13, 9.18e-11
2019-09-22, 07:47:32, 1.02e-12, 9.13e-11
2019-09-22, 07:47:36, 9.51e-13, 9.17e-11
2019-09-22, 07:47:40, 9.27e-13, 9.17e-11
2019-09-22, 07:47:44, 9.17e-13, 9.15e-11
2019-09-22, 07:47:49, 9.03e-13, 9.18e-11
2019-09-22, 07:47:53, 9.42e-13, 9.19e-11
2019-09-22, 07:47:57, 9.41e-13, 9.16e-11
2019-09-22, 07:48:01, 1.03e-12, 9.18e-11
2019-09-22, 07:48:06, 9.57e-13, 9.17e-11
2019-09-22, 07:48:10, 8.94e-13, 9.21e-11
2019-09-22, 07:48:17, 1.03e-12, 9.16e-11
2019-09-22, 07:48:22, 9.91e-13, 9.12e-11
2019-09-22, 07:48:26, 9.8e-13, 9.15e-11
2019-09-22, 07:48:30, 9.19e-13, 9.15e-11
2019-09-22, 07:48:34, 9.36e-13, 9.12e-11
2019-09-22, 07:48:38, 1e-12, 9.14e-11
2019-09-22, 07:48:43, 9.37e-13, 9.17e-11
2019-09-22, 07:48:47, 1.04e-12, 9.18e-11
2019-09-22, 07:48:51, 8.4e-13, 9.13e-11
2019-09-22, 07:48:55, 9.33e-13, 9.17e-11
2019-09-22, 07:49:00, 9.43e-13, 9.13e-11
2019-09-22, 07:49:04, 9.19e-13, 9.13e-11
2019-09-22, 07:49:08, 9.75e-13, 9.16e-11
2019-09-22, 07:49:12, 9.71e-13, 9.13e-11
2019-09-22, 07:49:16, 9.78e-13, 9.18e-11
2019-09-22, 07:49:21, 9.54e-13, 9.15e-11
2019-09-22, 07:49:25, 9.05e-13, 9.2e-11
2019-09-22, 07:49:29, 9.34e-13, 9.22e-11
2019-09-22, 07:49:33, 9.64e-13, 9.17e-11
2019-09-22, 07:49:38, 9.31e-13, 9.13e-11
2019-09-22, 07:49:42, 9.89e-13, 9.14e-11
2019-09-22, 07:49:46, 9.71e-13, 9.18e-11
2019-09-22, 07:49:50, 9.66e-13, 9.15e-11
2019-09-22, 07:49:54, 9.53e-13, 9.15e-11
2019-09-22, 07:49:59, 1.03e-12, 9.2e-11
2019-09-22, 07:50:03, 9.34e-13, 9.15e-11
2019-09-22, 07:50:07, 9.71e-13, 9.18e-11
2019-09-22, 07:50:11, 9.92e-13, 9.18e-11
2019-09-22, 07:50:16, 9.48e-13, 9.15e-11
2019-09-22, 07:50:20, 8.97e-13, 9.16e-11
2019-09-22, 07:50:24, 9.08e-13, 9.16e-11
2019-09-22, 07:50:28, 9.83e-13, 9.15e-11
2019-09-22, 07:50:32, 9.9e-13, 9.16e-11
2019-09-22, 07:50:37, 1.01e-12, 9.16e-11
2019-09-22, 07:50:41, 9.79e-13, 9.17e-11
2019-09-22, 07:50:45, 9.48e-13, 9.16e-11
2019-09-22, 07:50:49, 9.67e-13, 9.14e-11
2019-09-22, 07:50:54, 1.03e-12, 9.15e-11
2019-09-22, 07:50:58, 9.78e-13, 9.17e-11
2019-09-22, 07:51:02, 8.58e-13, 9.16e-11
2019-09-22, 07:51:06, 1.03e-12, 9.16e-11
2019-09-22, 07:51:10, 1.02e-12, 9.16e-11
2019-09-22, 07:51:15, 9.99e-13, 9.18e-11
2019-09-22, 07:51:19, 9.89e-13, 9.15e-11
2019-09-22, 07:51:23, 9.75e-13, 9.2e-11
2019-09-22, 07:51:27, 1.02e-12, 9.15e-11
2019-09-22, 07:51:32, 1.02e-12, 9.16e-11
2019-09-22, 07:51:36, 9.27e-13, 9.18e-11
2019-09-22, 07:51:40, 9.37e-13, 9.18e-11
2019-09-22, 07:51:44, 1.01e-12, 9.14e-11
2019-09-22, 07:51:48, 9.98e-13, 9.12e-11
2019-09-22, 07:51:53, 1.03e-12, 9.17e-11
2019-09-22, 07:51:57, 8.96e-13, 9.2e-11
2019-09-22, 07:52:01, 9.38e-13, 9.17e-11
2019-09-22, 07:52:05, 9.84e-13, 9.2e-11
2019-09-22, 07:52:10, 9.71e-13, 9.14e-11
2019-09-22, 07:52:14, 1.03e-12, 9.16e-11
2019-09-22, 07:52:18, 9.43e-13, 9.16e-11
2019-09-22, 07:52:22, 9.9e-13, 9.16e-11
2019-09-22, 07:52:26, 9.25e-13, 9.18e-11
2019-09-22, 07:52:31, 1.01e-12, 9.14e-11
2019-09-22, 07:52:35, 9.41e-13, 9.13e-11
2019-09-22, 07:52:39, 9.21e-13, 9.15e-11
2019-09-22, 07:52:43, 9.68e-13, 9.12e-11
2019-09-22, 07:52:47, 9.87e-13, 9.15e-11
2019-09-22, 07:52:52, 9.5e-13, 9.14e-11
2019-09-22, 07:52:56, 9.73e-13, 9.13e-11
2019-09-22, 07:53:00, 9.6e-13, 9.12e-11
2019-09-22, 07:53:04, 9.62e-13, 9.16e-11
2019-09-22, 07:53:09, 7.9e-13, 9.15e-11
2019-09-22, 07:53:13, 1.03e-12, 9.2e-11
2019-09-22, 07:53:17, 9.82e-13, 9.15e-11
2019-09-22, 07:53:21, 1.05e-12, 9.14e-11
2019-09-22, 07:53:25, 9.62e-13, 9.21e-11
2019-09-22, 07:53:30, 9.76e-13, 9.15e-11
2019-09-22, 07:53:34, 9.47e-13, 9.15e-11
2019-09-22, 07:53:38, 1.08e-12, 9.14e-11
2019-09-22, 07:53:42, 9.63e-13, 9.15e-11
2019-09-22, 07:53:47, 9.33e-13, 9.11e-11
2019-09-22, 07:53:51, 9.58e-13, 9.11e-11
2019-09-22, 07:53:55, 8.06e-13, 9.17e-11
2019-09-22, 07:53:59, 9.17e-13, 9.19e-11
2019-09-22, 07:54:03, 9.96e-13, 9.11e-11
2019-09-22, 07:54:08, 1.09e-12, 9.15e-11
2019-09-22, 07:54:12, 9.28e-13, 9.15e-11
2019-09-22, 07:54:16, 9.71e-13, 9.13e-11
2019-09-22, 07:54:20, 9.55e-13, 9.12e-11
2019-09-22, 07:54:25, 9.57e-13, 9.17e-11
2019-09-22, 07:54:29, 9.56e-13, 9.15e-11
2019-09-22, 07:54:33, 9.59e-13, 9.17e-11
2019-09-22, 07:54:37, 9.17e-13, 9.16e-11
2019-09-22, 07:54:41, 1.08e-12, 9.16e-11
2019-09-22, 07:54:46, 9.26e-13, 9.14e-11
2019-09-22, 07:54:50, 9.33e-13, 9.17e-11
2019-09-22, 07:54:54, 9.98e-13, 9.11e-11
2019-09-22, 07:54:58, 9.17e-13, 9.19e-11
2019-09-22, 07:55:03, 9.89e-13, 9.14e-11
2019-09-22, 07:55:07, 1.02e-12, 9.16e-11
2019-09-22, 07:55:11, 9.58e-13, 9.17e-11
2019-09-22, 07:55:15, 9.96e-13, 9.16e-11
2019-09-22, 07:55:19, 8.64e-13, 9.17e-11
2019-09-22, 07:55:24, 1.01e-12, 9.18e-11
2019-09-22, 07:55:28, 9.32e-13, 9.15e-11
2019-09-22, 07:55:32, 9.62e-13, 9.16e-11
2019-09-22, 07:55:36, 9.35e-13, 9.15e-11
2019-09-22, 07:55:41, 9.43e-13, 9.18e-11
2019-09-22, 07:55:45, 8.83e-13, 9.21e-11
2019-09-22, 07:55:49, 9.71e-13, 9.14e-11
2019-09-22, 07:55:53, 1.14e-12, 9.14e-11
2019-09-22, 07:55:57, 9.9e-13, 9.16e-11
2019-09-22, 07:56:02, 9.66e-13, 9.15e-11
2019-09-22, 07:56:06, 9.38e-13, 9.2e-11
2019-09-22, 07:56:10, 9.79e-13, 9.15e-11
2019-09-22, 07:56:14, 9.14e-13, 9.13e-11
2019-09-22, 07:56:18, 9.51e-13, 9.14e-11
2019-09-22, 07:56:23, 9.15e-13, 9.16e-11
2019-09-22, 07:56:27, 9.74e-13, 9.16e-11
2019-09-22, 07:56:31, 1.05e-12, 9.21e-11
2019-09-22, 07:56:35, 9.69e-13, 9.13e-11
2019-09-22, 07:56:40, 9.54e-13, 9.21e-11
2019-09-22, 07:56:44, 9.67e-13, 9.15e-11
2019-09-22, 07:56:48, 9.43e-13, 9.15e-11
2019-09-22, 07:56:52, 9.88e-13, 9.15e-11
2019-09-22, 07:56:56, 9.51e-13, 9.12e-11
2019-09-22, 07:57:01, 9.85e-13, 9.16e-11
2019-09-22, 07:57:05, 8.87e-13, 9.15e-11
2019-09-22, 07:57:09, 9.15e-13, 9.15e-11
2019-09-22, 07:57:13, 9.29e-13, 9.13e-11
2019-09-22, 07:57:18, 9.54e-13, 9.12e-11
2019-09-22, 07:57:22, 9.44e-13, 9.17e-11
2019-09-22, 07:57:26, 9.64e-13, 9.18e-11
2019-09-22, 07:57:30, 8.81e-13, 9.14e-11
2019-09-22, 07:57:34, 8.85e-13, 9.13e-11
2019-09-22, 07:57:39, 9.45e-13, 9.16e-11
2019-09-22, 07:57:43, 9.94e-13, 9.14e-11
2019-09-22, 07:57:47, 1.02e-12, 9.14e-11
2019-09-22, 07:57:51, 9.53e-13, 9.16e-11
2019-09-22, 07:57:56, 1.09e-12, 9.14e-11
2019-09-22, 07:58:00, 9.68e-13, 9.16e-11
2019-09-22, 07:58:04, 9.89e-13, 9.16e-11
2019-09-22, 07:58:08, 9.49e-13, 9.14e-11
2019-09-22, 07:58:12, 9.41e-13, 9.17e-11
2019-09-22, 07:58:17, 9.97e-13, 9.17e-11
2019-09-22, 07:58:21, 9.64e-13, 9.16e-11
2019-09-22, 07:58:25, 9.18e-13, 9.17e-11
2019-09-22, 07:58:29, 9.24e-13, 9.16e-11
2019-09-22, 07:58:34, 9.41e-13, 9.12e-11
2019-09-22, 07:58:38, 9.44e-13, 9.13e-11
2019-09-22, 07:58:42, 1.01e-12, 9.12e-11
2019-09-22, 07:58:46, 1e-12, 9.15e-11
2019-09-22, 07:58:50, 1e-12, 9.14e-11
2019-09-22, 07:58:55, 9.67e-13, 9.16e-11
2019-09-22, 07:58:59, 1.01e-12, 9.11e-11
2019-09-22, 07:59:03, 9.86e-13, 9.19e-11
2019-09-22, 07:59:07, 9.82e-13, 9.11e-11
2019-09-22, 07:59:12, 9.22e-13, 9.13e-11
2019-09-22, 07:59:16, 9.85e-13, 9.13e-11
2019-09-22, 07:59:20, 9.65e-13, 9.11e-11
2019-09-22, 07:59:24, 9.7e-13, 9.13e-11
2019-09-22, 07:59:28, 9.94e-13, 9.19e-11
2019-09-22, 07:59:33, 1.11e-12, 9.17e-11
2019-09-22, 07:59:37, 1.01e-12, 9.17e-11
2019-09-22, 07:59:41, 9.83e-13, 9.13e-11
2019-09-22, 07:59:45, 9.77e-13, 9.13e-11
2019-09-22, 07:59:50, 9.98e-13, 9.12e-11
2019-09-22, 07:59:54, 9.57e-13, 9.14e-11
2019-09-22, 07:59:58, 9.91e-13, 9.11e-11
2019-09-22, 08:00:02, 1e-12, 9.14e-11
2019-09-22, 08:00:06, 9.95e-13, 9.15e-11
2019-09-22, 08:00:11, 9.5e-13, 9.16e-11
2019-09-22, 08:00:15, 9.41e-13, 9.15e-11
2019-09-22, 08:00:19, 1.01e-12, 9.14e-11
2019-09-22, 08:00:23, 9.28e-13, 9.14e-11
2019-09-22, 08:00:27, 9.49e-13, 9.11e-11
2019-09-22, 08:00:32, 9.81e-13, 9.13e-11
2019-09-22, 08:00:36, 9.79e-13, 9.12e-11
2019-09-22, 08:00:42, 9.35e-13, 9.09e-11
2019-09-22, 08:00:46, 1.04e-12, 9.15e-11
2019-09-22, 08:00:50, 9.79e-13, 9.12e-11
2019-09-22, 08:00:54, 9.6e-13, 9.17e-11
2019-09-22, 08:00:58, 9.29e-13, 9.17e-11
2019-09-22, 08:01:03, 9.52e-13, 9.16e-11
2019-09-22, 08:01:07, 9.08e-13, 9.19e-11
2019-09-22, 08:01:11, 9.61e-13, 9.15e-11
2019-09-22, 08:01:15, 8.45e-13, 9.13e-11
2019-09-22, 08:01:20, 9.58e-13, 9.12e-11
2019-09-22, 08:01:24, 8.93e-13, 9.12e-11
2019-09-22, 08:01:28, 9.81e-13, 9.11e-11
2019-09-22, 08:01:32, 9.57e-13, 9.12e-11
2019-09-22, 08:01:36, 1.03e-12, 9.12e-11
2019-09-22, 08:01:41, 9.26e-13, 9.16e-11
2019-09-22, 08:01:45, 9.76e-13, 9.12e-11
2019-09-22, 08:01:49, 9.53e-13, 9.13e-11
2019-09-22, 08:01:53, 9.67e-13, 9.2e-11
2019-09-22, 08:01:58, 8.84e-13, 9.14e-11
2019-09-22, 08:02:02, 9.58e-13, 9.16e-11
2019-09-22, 08:02:06, 9.42e-13, 9.14e-11
2019-09-22, 08:02:10, 9.64e-13, 9.17e-11
2019-09-22, 08:02:14, 9.1e-13, 9.16e-11
2019-09-22, 08:02:19, 9.44e-13, 9.15e-11
2019-09-22, 08:02:23, 9.95e-13, 9.15e-11
2019-09-22, 08:02:27, 9e-13, 9.19e-11
2019-09-22, 08:02:31, 1e-12, 9.16e-11
2019-09-22, 08:02:35, 1.03e-12, 9.17e-11
2019-09-22, 08:02:40, 9.45e-13, 9.16e-11
2019-09-22, 08:02:44, 9.92e-13, 9.17e-11
2019-09-22, 08:02:48, 9.42e-13, 9.13e-11
2019-09-22, 08:02:52, 9.19e-13, 9.16e-11
2019-09-22, 08:02:57, 9.39e-13, 9.17e-11
2019-09-22, 08:03:01, 9.5e-13, 9.18e-11
2019-09-22, 08:03:05, 9.85e-13, 9.15e-11
2019-09-22, 08:03:09, 9.5e-13, 9.21e-11
2019-09-22, 08:03:13, 1.09e-12, 9.12e-11
2019-09-22, 08:03:18, 9.15e-13, 9.14e-11
2019-09-22, 08:03:22, 9.69e-13, 9.12e-11
2019-09-22, 08:03:26, 9.75e-13, 9.15e-11
2019-09-22, 08:03:30, 9.11e-13, 9.21e-11
2019-09-22, 08:03:35, 9.96e-13, 9.17e-11
2019-09-22, 08:03:39, 9.21e-13, 9.17e-11
2019-09-22, 08:03:43, 1.04e-12, 9.18e-11
2019-09-22, 08:03:47, 1.14e-12, 9.17e-11
2019-09-22, 08:03:51, 9.35e-13, 9.13e-11
2019-09-22, 08:03:56, 9.66e-13, 9.14e-11
2019-09-22, 08:04:00, 9.74e-13, 9.17e-11
2019-09-22, 08:04:04, 8.67e-13, 9.17e-11
2019-09-22, 08:04:08, 9.36e-13, 9.11e-11
2019-09-22, 08:04:13, 9.65e-13, 9.14e-11
2019-09-22, 08:04:17, 9.99e-13, 9.13e-11
2019-09-22, 08:04:21, 9.6e-13, 9.13e-11
2019-09-22, 08:04:25, 9.36e-13, 9.13e-11
2019-09-22, 08:04:29, 9.59e-13, 9.18e-11
2019-09-22, 08:04:34, 9.04e-13, 9.13e-11
2019-09-22, 08:04:38, 1.03e-12, 9.17e-11
2019-09-22, 08:04:42, 9.48e-13, 9.16e-11
2019-09-22, 08:04:46, 9.11e-13, 9.14e-11
2019-09-22, 08:04:51, 9.58e-13, 9.13e-11
2019-09-22, 08:04:55, 9.88e-13, 9.13e-11
2019-09-22, 08:04:59, 1.01e-12, 9.15e-11
2019-09-22, 08:05:03, 9.11e-13, 9.17e-11
2019-09-22, 08:05:07, 1.05e-12, 9.15e-11
2019-09-22, 08:05:12, 1.02e-12, 9.12e-11
2019-09-22, 08:05:16, 9.73e-13, 9.15e-11
2019-09-22, 08:05:20, 9.03e-13, 9.16e-11
2019-09-22, 08:05:24, 9.44e-13, 9.12e-11
2019-09-22, 08:05:29, 9.89e-13, 9.17e-11
2019-09-22, 08:05:33, 1.04e-12, 9.16e-11
2019-09-22, 08:05:37, 1.01e-12, 9.14e-11
2019-09-22, 08:05:41, 9.76e-13, 9.16e-11
2019-09-22, 08:05:45, 9.59e-13, 9.15e-11
2019-09-22, 08:05:50, 9.72e-13, 9.16e-11
2019-09-22, 08:05:54, 9.35e-13, 9.15e-11
2019-09-22, 08:05:58, 9.42e-13, 9.13e-11
2019-09-22, 08:06:02, 9.37e-13, 9.15e-11
2019-09-22, 08:06:06, 9.78e-13, 9.14e-11
2019-09-22, 08:06:11, 9.91e-13, 9.14e-11
2019-09-22, 08:06:15, 9.09e-13, 9.15e-11
2019-09-22, 08:06:19, 9.98e-13, 9.16e-11
2019-09-22, 08:06:23, 9.53e-13, 9.16e-11
2019-09-22, 08:06:28, 9.91e-13, 9.16e-11
2019-09-22, 08:06:32, 8.98e-13, 9.17e-11
2019-09-22, 08:06:36, 9.46e-13, 9.17e-11
2019-09-22, 08:06:40, 1.04e-12, 9.16e-11
2019-09-22, 08:06:44, 9.76e-13, 9.12e-11
2019-09-22, 08:06:49, 1.02e-12, 9.16e-11
2019-09-22, 08:06:53, 9.33e-13, 9.17e-11
2019-09-22, 08:06:57, 1.04e-12, 9.13e-11
2019-09-22, 08:07:01, 1.04e-12, 9.17e-11
2019-09-22, 08:07:06, 9.95e-13, 9.16e-11
2019-09-22, 08:07:10, 8.74e-13, 9.14e-11
2019-09-22, 08:07:14, 1e-12, 9.15e-11
2019-09-22, 08:07:18, 8.61e-13, 9.14e-11
2019-09-22, 08:07:22, 9.34e-13, 9.15e-11
2019-09-22, 08:07:27, 9.57e-13, 9.15e-11
2019-09-22, 08:07:31, 9.28e-13, 9.14e-11
2019-09-22, 08:07:35, 1.03e-12, 9.12e-11
2019-09-22, 08:07:39, 9.97e-13, 9.13e-11
2019-09-22, 08:07:44, 9.66e-13, 9.13e-11
2019-09-22, 08:07:48, 9.7e-13, 9.12e-11
2019-09-22, 08:07:52, 9.5e-13, 9.11e-11
2019-09-22, 08:07:56, 9.05e-13, 9.13e-11
2019-09-22, 08:08:00, 9.79e-13, 9.14e-11
2019-09-22, 08:08:05, 9.92e-13, 9.12e-11
2019-09-22, 08:08:09, 7.75e-13, 9.14e-11
2019-09-22, 08:08:13, 9.6e-13, 9.15e-11
2019-09-22, 08:08:17, 9.5e-13, 9.16e-11
2019-09-22, 08:08:22, 9.47e-13, 9.17e-11
2019-09-22, 08:08:26, 9.41e-13, 9.12e-11
2019-09-22, 08:08:30, 9.58e-13, 9.12e-11
2019-09-22, 08:08:34, 9.74e-13, 9.14e-11
2019-09-22, 08:08:38, 9.52e-13, 9.11e-11
2019-09-22, 08:08:43, 9.39e-13, 9.15e-11
2019-09-22, 08:08:47, 9.49e-13, 9.14e-11
2019-09-22, 08:08:51, 9.32e-13, 9.14e-11
2019-09-22, 08:08:55, 9.14e-13, 9.18e-11
2019-09-22, 08:09:00, 9.91e-13, 9.11e-11
2019-09-22, 08:09:04, 9.59e-13, 9.17e-11
2019-09-22, 08:09:08, 9e-13, 9.19e-11
2019-09-22, 08:09:12, 9.46e-13, 9.12e-11
2019-09-22, 08:09:16, 9.51e-13, 9.15e-11
2019-09-22, 08:09:21, 1.01e-12, 9.17e-11
2019-09-22, 08:09:25, 9.76e-13, 9.14e-11
2019-09-22, 08:09:29, 9.5e-13, 9.17e-11
2019-09-22, 08:09:35, 9.42e-13, 9.15e-11
2019-09-22, 08:09:41, 9.94e-13, 9.11e-11
2019-09-22, 08:09:45, 9.66e-13, 9.15e-11
2019-09-22, 08:09:50, 1e-12, 9.11e-11
2019-09-22, 08:09:54, 9.84e-13, 9.17e-11
2019-09-22, 08:09:58, 9.05e-13, 9.13e-11
2019-09-22, 08:10:02, 9.31e-13, 9.15e-11
2019-09-22, 08:10:06, 9.41e-13, 9.13e-11
2019-09-22, 08:10:11, 9.83e-13, 9.13e-11
2019-09-22, 08:10:15, 9.8e-13, 9.12e-11
2019-09-22, 08:10:19, 9.28e-13, 9.1e-11
2019-09-22, 08:10:23, 9.03e-13, 9.15e-11
2019-09-22, 08:10:28, 9.88e-13, 9.14e-11
2019-09-22, 08:10:32, 9.62e-13, 9.18e-11
2019-09-22, 08:10:36, 9.95e-13, 9.15e-11
2019-09-22, 08:10:40, 1.02e-12, 9.13e-11
2019-09-22, 08:10:44, 9.31e-13, 9.14e-11
2019-09-22, 08:10:49, 9.2e-13, 9.14e-11
2019-09-22, 08:10:53, 9.77e-13, 9.12e-11
2019-09-22, 08:10:57, 9.65e-13, 9.14e-11
2019-09-22, 08:11:01, 1.02e-12, 9.15e-11
2019-09-22, 08:11:06, 9.84e-13, 9.16e-11
2019-09-22, 08:11:10, 9.52e-13, 9.14e-11
2019-09-22, 08:11:14, 1e-12, 9.12e-11
2019-09-22, 08:11:18, 1.05e-12, 9.12e-11
2019-09-22, 08:11:22, 9.95e-13, 9.11e-11
2019-09-22, 08:11:27, 9.39e-13, 9.1e-11
2019-09-22, 08:11:31, 9.66e-13, 9.1e-11
2019-09-22, 08:11:35, 9.73e-13, 9.13e-11
2019-09-22, 08:11:39, 9.39e-13, 9.1e-11
2019-09-22, 08:11:43, 9.75e-13, 9.15e-11
2019-09-22, 08:11:48, 8.95e-13, 9.13e-11
2019-09-22, 08:11:52, 9.4e-13, 9.11e-11
2019-09-22, 08:11:56, 9.93e-13, 9.13e-11
2019-09-22, 08:12:00, 9.18e-13, 9.1e-11
2019-09-22, 08:12:05, 9.86e-13, 9.09e-11
2019-09-22, 08:12:09, 9.41e-13, 9.13e-11
2019-09-22, 08:12:13, 9.86e-13, 9.12e-11
2019-09-22, 08:12:17, 9.41e-13, 9.13e-11
2019-09-22, 08:12:21, 9.52e-13, 9.13e-11
2019-09-22, 08:12:26, 9.09e-13, 9.12e-11
2019-09-22, 08:12:30, 9.32e-13, 9.11e-11
2019-09-22, 08:12:34, 1e-12, 9.15e-11
2019-09-22, 08:12:38, 9.31e-13, 9.09e-11
2019-09-22, 08:12:43, 9.72e-13, 9.12e-11
2019-09-22, 08:12:47, 9.48e-13, 9.09e-11
2019-09-22, 08:12:51, 9.83e-13, 9.13e-11
2019-09-22, 08:12:55, 9.43e-13, 9.12e-11
2019-09-22, 08:12:59, 9.77e-13, 9.11e-11
2019-09-22, 08:13:04, 9.85e-13, 9.13e-11
2019-09-22, 08:13:08, 9.92e-13, 9.14e-11
2019-09-22, 08:13:12, 9.38e-13, 9.17e-11
2019-09-22, 08:13:16, 1.06e-12, 9.12e-11
2019-09-22, 08:13:21, 8.69e-13, 9.1e-11
2019-09-22, 08:13:25, 9.68e-13, 9.16e-11
2019-09-22, 08:13:29, 1.03e-12, 9.14e-11
2019-09-22, 08:13:33, 9.26e-13, 9.13e-11
2019-09-22, 08:13:37, 9.78e-13, 9.11e-11
2019-09-22, 08:13:42, 9.13e-13, 9.11e-11
2019-09-22, 08:13:46, 9.31e-13, 9.15e-11
2019-09-22, 08:13:50, 8.93e-13, 9.16e-11
2019-09-22, 08:13:54, 9.85e-13, 9.11e-11
2019-09-22, 08:13:59, 9.49e-13, 9.06e-11
2019-09-22, 08:14:03, 9.35e-13, 9.14e-11
2019-09-22, 08:14:07, 9.66e-13, 9.15e-11
2019-09-22, 08:14:11, 9.95e-13, 9.08e-11
2019-09-22, 08:14:15, 9.25e-13, 9.13e-11
2019-09-22, 08:14:20, 8.57e-13, 9.06e-11
2019-09-22, 08:14:24, 9.58e-13, 9.1e-11
2019-09-22, 08:14:28, 1e-12, 9.08e-11
2019-09-22, 08:14:32, 9.65e-13, 9.12e-11
2019-09-22, 08:14:37, 9.6e-13, 9.13e-11
2019-09-22, 08:14:41, 1.01e-12, 9.11e-11
2019-09-22, 08:14:45, 9.55e-13, 9.15e-11
2019-09-22, 08:14:49, 1.03e-12, 9.17e-11
2019-09-22, 08:14:53, 1.02e-12, 9.16e-11
2019-09-22, 08:14:58, 9.41e-13, 9.15e-11
2019-09-22, 08:15:02, 9.13e-13, 9.14e-11
2019-09-22, 08:15:06, 9.72e-13, 9.17e-11
2019-09-22, 08:15:10, 1e-12, 9.15e-11
2019-09-22, 08:15:15, 9.45e-13, 9.13e-11
2019-09-22, 08:15:19, 9.66e-13, 9.15e-11
2019-09-22, 08:15:23, 9.41e-13, 9.18e-11
2019-09-22, 08:15:27, 9.36e-13, 9.16e-11
2019-09-22, 08:15:31, 9.88e-13, 9.16e-11
2019-09-22, 08:15:36, 9.78e-13, 9.16e-11
2019-09-22, 08:15:40, 9.41e-13, 9.12e-11
2019-09-22, 08:15:44, 1.01e-12, 9.17e-11
2019-09-22, 08:15:48, 9.72e-13, 9.18e-11
2019-09-22, 08:15:52, 8.97e-13, 9.17e-11
2019-09-22, 08:15:57, 9.87e-13, 9.19e-11
2019-09-22, 08:16:01, 1.01e-12, 9.18e-11
2019-09-22, 08:16:05, 9.47e-13, 9.13e-11
2019-09-22, 08:16:09, 1.03e-12, 9.17e-11
2019-09-22, 08:16:14, 1.06e-12, 9.19e-11
2019-09-22, 08:16:18, 8.63e-13, 9.17e-11
2019-09-22, 08:16:22, 9.29e-13, 9.12e-11
2019-09-22, 08:16:26, 1.06e-12, 9.15e-11
2019-09-22, 08:16:30, 9.65e-13, 9.17e-11
2019-09-22, 08:16:35, 9.71e-13, 9.15e-11
2019-09-22, 08:16:39, 9.63e-13, 9.13e-11
2019-09-22, 08:16:43, 9.71e-13, 9.14e-11
2019-09-22, 08:16:47, 9.4e-13, 9.12e-11
2019-09-22, 08:16:52, 1.04e-12, 9.15e-11
2019-09-22, 08:16:56, 1.02e-12, 9.13e-11
2019-09-22, 08:17:00, 9.79e-13, 9.14e-11
2019-09-22, 08:17:04, 9.15e-13, 9.2e-11
2019-09-22, 08:17:08, 9.63e-13, 9.14e-11
2019-09-22, 08:17:13, 8.73e-13, 9.15e-11
2019-09-22, 08:17:17, 9.33e-13, 9.09e-11
2019-09-22, 08:17:21, 9.75e-13, 9.14e-11
2019-09-22, 08:17:25, 9.3e-13, 9.15e-11
2019-09-22, 08:17:30, 1.01e-12, 9.13e-11
2019-09-22, 08:17:34, 9.61e-13, 9.16e-11
2019-09-22, 08:17:38, 1.04e-12, 9.14e-11
2019-09-22, 08:17:42, 8.81e-13, 9.17e-11
2019-09-22, 08:17:46, 9.44e-13, 9.12e-11
2019-09-22, 08:17:51, 9.76e-13, 9.16e-11
2019-09-22, 08:17:55, 9.51e-13, 9.16e-11
2019-09-22, 08:17:59, 9.65e-13, 9.15e-11
2019-09-22, 08:18:03, 9.64e-13, 9.16e-11
2019-09-22, 08:18:08, 9.87e-13, 9.11e-11
2019-09-22, 08:18:14, 9.46e-13, 9.14e-11
2019-09-22, 08:18:18, 1.07e-12, 9.17e-11
2019-09-22, 08:18:22, 9.68e-13, 9.16e-11
2019-09-22, 08:18:26, 9.6e-13, 9.16e-11
2019-09-22, 08:18:31, 9.34e-13, 9.11e-11
2019-09-22, 08:18:39, 1.02e-12, 9.2e-11
2019-09-22, 08:18:43, 9.18e-13, 9.11e-11
2019-09-22, 08:18:47, 9.81e-13, 9.17e-11
2019-09-22, 08:18:51, 9.8e-13, 9.14e-11
2019-09-22, 08:18:55, 9.95e-13, 9.12e-11
2019-09-22, 08:19:00, 1.04e-12, 9.23e-11
2019-09-22, 08:19:04, 9.31e-13, 9.15e-11
2019-09-22, 08:19:10, 9.94e-13, 9.16e-11
2019-09-22, 08:19:14, 1.12e-12, 9.13e-11
2019-09-22, 08:19:18, 9.77e-13, 9.14e-11
2019-09-22, 08:19:23, 9.77e-13, 9.15e-11
2019-09-22, 08:19:27, 9.6e-13, 9.14e-11
2019-09-22, 08:19:31, 9.58e-13, 9.13e-11
2019-09-22, 08:19:35, 9.56e-13, 9.19e-11
2019-09-22, 08:19:39, 9.2e-13, 9.16e-11
2019-09-22, 08:19:44, 9.64e-13, 9.19e-11
2019-09-22, 08:19:48, 9.43e-13, 9.16e-11
2019-09-22, 08:19:52, 9.62e-13, 9.17e-11
2019-09-22, 08:19:56, 1.01e-12, 9.11e-11
2019-09-22, 08:20:01, 9.65e-13, 9.13e-11
2019-09-22, 08:20:05, 1.14e-12, 9.15e-11
2019-09-22, 08:20:09, 9.29e-13, 9.18e-11
2019-09-22, 08:20:13, 9.3e-13, 9.16e-11
2019-09-22, 08:20:17, 9.56e-13, 9.16e-11
2019-09-22, 08:20:22, 9.62e-13, 9.16e-11
2019-09-22, 08:20:26, 9.56e-13, 9.15e-11
2019-09-22, 08:20:30, 9.77e-13, 9.1e-11
2019-09-22, 08:20:34, 9.66e-13, 9.17e-11
2019-09-22, 08:20:39, 9.97e-13, 9.17e-11
2019-09-22, 08:20:43, 9.2e-13, 9.16e-11
2019-09-22, 08:20:47, 9.63e-13, 9.12e-11
2019-09-22, 08:20:51, 9.69e-13, 9.12e-11
2019-09-22, 08:20:55, 9.52e-13, 9.16e-11
2019-09-22, 08:21:00, 9.27e-13, 9.13e-11
2019-09-22, 08:21:04, 1.11e-12, 9.11e-11
2019-09-22, 08:21:08, 1.02e-12, 9.09e-11
2019-09-22, 08:21:12, 9.69e-13, 9.13e-11
2019-09-22, 08:21:16, 9.41e-13, 9.14e-11
2019-09-22, 08:21:21, 9.41e-13, 9.13e-11
2019-09-22, 08:21:25, 9.68e-13, 9.14e-11
2019-09-22, 08:21:29, 9.81e-13, 9.16e-11
2019-09-22, 08:21:33, 8.65e-13, 9.15e-11
2019-09-22, 08:21:38, 8.77e-13, 9.17e-11
2019-09-22, 08:21:42, 9.82e-13, 9.13e-11
2019-09-22, 08:21:46, 9.27e-13, 9.16e-11
2019-09-22, 08:21:50, 9.98e-13, 9.16e-11
2019-09-22, 08:21:54, 8.67e-13, 9.14e-11
2019-09-22, 08:21:59, 9.73e-13, 9.17e-11
2019-09-22, 08:22:03, 9.35e-13, 9.14e-11
2019-09-22, 08:22:07, 9.44e-13, 9.14e-11
2019-09-22, 08:22:11, 1.01e-12, 9.18e-11
2019-09-22, 08:22:16, 1.01e-12, 9.12e-11
2019-09-22, 08:22:20, 9.58e-13, 9.12e-11
2019-09-22, 08:22:24, 9.64e-13, 9.1e-11
2019-09-22, 08:22:28, 9.46e-13, 9.19e-11
2019-09-22, 08:22:32, 1.02e-12, 9.14e-11
2019-09-22, 08:22:37, 9.51e-13, 9.14e-11
2019-09-22, 08:22:41, 9.56e-13, 9.15e-11
2019-09-22, 08:22:45, 9.31e-13, 9.16e-11
2019-09-22, 08:22:49, 8.57e-13, 9.16e-11
2019-09-22, 08:22:54, 1.05e-12, 9.15e-11
2019-09-22, 08:22:58, 1.08e-12, 9.19e-11
2019-09-22, 08:23:02, 9.76e-13, 9.16e-11
2019-09-22, 08:23:06, 9.92e-13, 9.18e-11
2019-09-22, 08:23:10, 9.66e-13, 9.15e-11
2019-09-22, 08:23:15, 9.37e-13, 9.21e-11
2019-09-22, 08:23:19, 9.82e-13, 9.15e-11
2019-09-22, 08:23:23, 1.04e-12, 9.15e-11
2019-09-22, 08:23:27, 9.39e-13, 9.17e-11
2019-09-22, 08:23:32, 1e-12, 9.13e-11
2019-09-22, 08:23:36, 9.52e-13, 9.19e-11
2019-09-22, 08:23:40, 9.84e-13, 9.17e-11
2019-09-22, 08:23:44, 9.86e-13, 9.17e-11
2019-09-22, 08:23:48, 8.67e-13, 9.16e-11
2019-09-22, 08:23:53, 9.82e-13, 9.13e-11
2019-09-22, 08:23:57, 1e-12, 9.16e-11
2019-09-22, 08:24:01, 9.43e-13, 9.18e-11
2019-09-22, 08:24:05, 1.03e-12, 9.17e-11
2019-09-22, 08:24:10, 9.36e-13, 9.15e-11
2019-09-22, 08:24:14, 9.62e-13, 9.12e-11
2019-09-22, 08:24:18, 1.05e-12, 9.13e-11
2019-09-22, 08:24:22, 1.02e-12, 9.12e-11
2019-09-22, 08:24:26, 9.66e-13, 9.15e-11
2019-09-22, 08:24:31, 1.02e-12, 9.13e-11
2019-09-22, 08:24:35, 9.65e-13, 9.16e-11
2019-09-22, 08:24:39, 9.34e-13, 9.15e-11
2019-09-22, 08:24:43, 9.85e-13, 9.17e-11
2019-09-22, 08:24:48, 1.04e-12, 9.13e-11
2019-09-22, 08:24:52, 9.75e-13, 9.14e-11
2019-09-22, 08:24:56, 9.72e-13, 9.14e-11
2019-09-22, 08:25:00, 1.05e-12, 9.13e-11
2019-09-22, 08:25:04, 9.3e-13, 9.17e-11
2019-09-22, 08:25:09, 9.18e-13, 9.14e-11
2019-09-22, 08:25:13, 8.81e-13, 9.14e-11
2019-09-22, 08:25:17, 9.34e-13, 9.16e-11
2019-09-22, 08:25:21, 9.29e-13, 9.12e-11
2019-09-22, 08:25:26, 9.18e-13, 9.18e-11
2019-09-22, 08:25:30, 9.38e-13, 9.12e-11
2019-09-22, 08:25:34, 9.41e-13, 9.17e-11
2019-09-22, 08:25:38, 9.69e-13, 9.17e-11
2019-09-22, 08:25:42, 9.67e-13, 9.18e-11
2019-09-22, 08:25:47, 9.14e-13, 9.14e-11
2019-09-22, 08:25:51, 9.43e-13, 9.12e-11
2019-09-22, 08:25:55, 9.52e-13, 9.16e-11
2019-09-22, 08:25:59, 9.77e-13, 9.13e-11
2019-09-22, 08:26:04, 1.01e-12, 9.12e-11
2019-09-22, 08:26:08, 1.01e-12, 9.12e-11
2019-09-22, 08:26:12, 9.62e-13, 9.16e-11
2019-09-22, 08:26:16, 9.31e-13, 9.13e-11
2019-09-22, 08:26:20, 1.02e-12, 9.13e-11
2019-09-22, 08:26:25, 9.34e-13, 9.16e-11
2019-09-22, 08:26:29, 9.66e-13, 9.12e-11
2019-09-22, 08:26:33, 9.65e-13, 9.14e-11
2019-09-22, 08:26:37, 9.69e-13, 9.12e-11
2019-09-22, 08:26:42, 9.28e-13, 9.14e-11
2019-09-22, 08:26:46, 1.04e-12, 9.15e-11
2019-09-22, 08:26:50, 1.06e-12, 9.14e-11
2019-09-22, 08:26:54, 9.39e-13, 9.14e-11
2019-09-22, 08:26:58, 9.54e-13, 9.15e-11
2019-09-22, 08:27:03, 9.51e-13, 9.14e-11
2019-09-22, 08:27:07, 9.95e-13, 9.14e-11
2019-09-22, 08:27:11, 1.08e-12, 9.12e-11
2019-09-22, 08:27:15, 9.17e-13, 9.15e-11
2019-09-22, 08:27:20, 1.02e-12, 9.11e-11
2019-09-22, 08:27:24, 1.01e-12, 9.15e-11
2019-09-22, 08:27:28, 8.85e-13, 9.15e-11
2019-09-22, 08:27:32, 9.37e-13, 9.14e-11
2019-09-22, 08:27:36, 9.58e-13, 9.1e-11
2019-09-22, 08:27:41, 9.93e-13, 9.15e-11
2019-09-22, 08:27:45, 9.71e-13, 9.12e-11
2019-09-22, 08:27:49, 9.46e-13, 9.15e-11
2019-09-22, 08:27:53, 9.66e-13, 9.14e-11
2019-09-22, 08:27:58, 9.44e-13, 9.13e-11
2019-09-22, 08:28:02, 1.03e-12, 9.14e-11
2019-09-22, 08:28:06, 9.49e-13, 9.11e-11
2019-09-22, 08:28:10, 9.02e-13, 9.1e-11
2019-09-22, 08:28:14, 9.51e-13, 9.1e-11
2019-09-22, 08:28:19, 9.79e-13, 9.11e-11
2019-09-22, 08:28:23, 9.87e-13, 9.11e-11
2019-09-22, 08:28:27, 9e-13, 9.1e-11
2019-09-22, 08:28:31, 8.99e-13, 9.12e-11
2019-09-22, 08:28:35, 9.53e-13, 9.14e-11
2019-09-22, 08:28:40, 9.56e-13, 9.12e-11
2019-09-22, 08:28:44, 9.39e-13, 9.11e-11
2019-09-22, 08:28:48, 9.77e-13, 9.08e-11
2019-09-22, 08:28:52, 9.73e-13, 9.1e-11
2019-09-22, 08:28:57, 9.71e-13, 9.13e-11
2019-09-22, 08:29:01, 8.47e-13, 9.12e-11
2019-09-22, 08:29:05, 1e-12, 9.15e-11
2019-09-22, 08:29:09, 9.34e-13, 9.12e-11
2019-09-22, 08:29:13, 9.61e-13, 9.13e-11
2019-09-22, 08:29:18, 1.04e-12, 9.12e-11
2019-09-22, 08:29:22, 9e-13, 9.13e-11
2019-09-22, 08:29:26, 1.12e-12, 9.14e-11
2019-09-22, 08:29:30, 8.73e-13, 9.14e-11
2019-09-22, 08:29:35, 1e-12, 9.16e-11
2019-09-22, 08:29:39, 9.48e-13, 9.14e-11
2019-09-22, 08:29:43, 9.79e-13, 9.11e-11
2019-09-22, 08:29:47, 9.32e-13, 9.11e-11
2019-09-22, 08:29:51, 9.71e-13, 9.12e-11
2019-09-22, 08:29:56, 9.95e-13, 9.13e-11
2019-09-22, 08:30:00, 1.02e-12, 9.12e-11
2019-09-22, 08:30:04, 8.89e-13, 9.15e-11
2019-09-22, 08:30:08, 9.92e-13, 9.13e-11
2019-09-22, 08:30:13, 9.87e-13, 9.16e-11
2019-09-22, 08:30:17, 9.61e-13, 9.11e-11
2019-09-22, 08:30:21, 9.42e-13, 9.11e-11
2019-09-22, 08:30:25, 1.01e-12, 9.18e-11
2019-09-22, 08:30:29, 1e-12, 9.13e-11
2019-09-22, 08:30:34, 9.48e-13, 9.13e-11
2019-09-22, 08:30:38, 9.13e-13, 9.13e-11
2019-09-22, 08:30:42, 1.1e-12, 9.11e-11
2019-09-22, 08:30:46, 9.6e-13, 9.13e-11
2019-09-22, 08:30:51, 9.47e-13, 9.12e-11
2019-09-22, 08:30:55, 9.39e-13, 9.11e-11
2019-09-22, 08:30:59, 9.38e-13, 9.13e-11
2019-09-22, 08:31:03, 9.48e-13, 9.13e-11
2019-09-22, 08:31:08, 9.76e-13, 9.11e-11
2019-09-22, 08:31:12, 1.12e-12, 9.11e-11
2019-09-22, 08:31:16, 9.47e-13, 9.14e-11
2019-09-22, 08:31:20, 9.5e-13, 9.09e-11
2019-09-22, 08:31:24, 9.64e-13, 9.13e-11
2019-09-22, 08:31:29, 8.99e-13, 9.12e-11
2019-09-22, 08:31:33, 9.65e-13, 9.12e-11
2019-09-22, 08:31:37, 9.81e-13, 9.09e-11
2019-09-22, 08:31:41, 9.92e-13, 9.16e-11
2019-09-22, 08:31:46, 9.99e-13, 9.1e-11
2019-09-22, 08:31:50, 9.86e-13, 9.13e-11
2019-09-22, 08:31:54, 1.01e-12, 9.12e-11
2019-09-22, 08:31:58, 9.38e-13, 9.12e-11
2019-09-22, 08:32:02, 9.8e-13, 9.13e-11
2019-09-22, 08:32:07, 9.45e-13, 9.13e-11
2019-09-22, 08:32:11, 8.75e-13, 9.12e-11
2019-09-22, 08:32:15, 1.04e-12, 9.12e-11
2019-09-22, 08:32:19, 1.04e-12, 9.12e-11
2019-09-22, 08:32:23, 9.25e-13, 9.11e-11
2019-09-22, 08:32:28, 9.47e-13, 9.11e-11
2019-09-22, 08:32:32, 9.64e-13, 9.12e-11
2019-09-22, 08:32:36, 9.81e-13, 9.13e-11
2019-09-22, 08:32:40, 9.87e-13, 9.12e-11
2019-09-22, 08:32:45, 9.62e-13, 9.14e-11
2019-09-22, 08:32:49, 9.92e-13, 9.11e-11
2019-09-22, 08:32:53, 9.15e-13, 9.13e-11
2019-09-22, 08:32:57, 1.04e-12, 9.11e-11
2019-09-22, 08:33:01, 8.16e-13, 9.11e-11
2019-09-22, 08:33:06, 9.9e-13, 9.1e-11
2019-09-22, 08:33:10, 9.45e-13, 9.16e-11
2019-09-22, 08:33:14, 9.73e-13, 9.12e-11
2019-09-22, 08:33:18, 9.97e-13, 9.11e-11
2019-09-22, 08:33:23, 9.84e-13, 9.13e-11
2019-09-22, 08:33:27, 8.73e-13, 9.16e-11
2019-09-22, 08:33:31, 9.1e-13, 9.1e-11
2019-09-22, 08:33:35, 1.02e-12, 9.12e-11
2019-09-22, 08:33:39, 9.9e-13, 9.12e-11
2019-09-22, 08:33:44, 9.57e-13, 9.11e-11
2019-09-22, 08:33:48, 8.3e-13, 9.1e-11
2019-09-22, 08:33:52, 9.29e-13, 9.13e-11
2019-09-22, 08:33:56, 8.3e-13, 9.12e-11
2019-09-22, 08:34:01, 9.43e-13, 9.1e-11
2019-09-22, 08:34:05, 9.45e-13, 9.11e-11
2019-09-22, 08:34:09, 9.81e-13, 9.11e-11
2019-09-22, 08:34:13, 9.47e-13, 9.11e-11
2019-09-22, 08:34:17, 9.35e-13, 9.13e-11
2019-09-22, 08:34:22, 9.61e-13, 9.14e-11
2019-09-22, 08:34:26, 1.1e-12, 9.12e-11
2019-09-22, 08:34:30, 9.1e-13, 9.09e-11
2019-09-22, 08:34:34, 1.01e-12, 9.11e-11
2019-09-22, 08:34:39, 9.58e-13, 9.13e-11
2019-09-22, 08:34:43, 9.49e-13, 9.11e-11
2019-09-22, 08:34:47, 9.24e-13, 9.12e-11
2019-09-22, 08:34:51, 9.71e-13, 9.08e-11
2019-09-22, 08:34:55, 9.83e-13, 9.07e-11
2019-09-22, 08:35:00, 8.6e-13, 9.08e-11
2019-09-22, 08:35:04, 1.01e-12, 9.12e-11
2019-09-22, 08:35:08, 9.41e-13, 9.09e-11
2019-09-22, 08:35:12, 1e-12, 9.1e-11
2019-09-22, 08:35:17, 9.79e-13, 9.11e-11
2019-09-22, 08:35:21, 9.31e-13, 9.09e-11
2019-09-22, 08:35:25, 1.07e-12, 9.11e-11
2019-09-22, 08:35:29, 9.78e-13, 9.12e-11
2019-09-22, 08:35:33, 9.86e-13, 9.1e-11
2019-09-22, 08:35:38, 9.41e-13, 9.14e-11
2019-09-22, 08:35:42, 9.54e-13, 9.11e-11
2019-09-22, 08:35:46, 9.58e-13, 9.1e-11
2019-09-22, 08:35:50, 9.83e-13, 9.12e-11
2019-09-22, 08:35:55, 9.27e-13, 9.11e-11
2019-09-22, 08:35:59, 9.38e-13, 9.11e-11
2019-09-22, 08:36:03, 9.34e-13, 9.12e-11
2019-09-22, 08:36:07, 9.42e-13, 9.11e-11
2019-09-22, 08:36:11, 1.02e-12, 9.14e-11
2019-09-22, 08:36:16, 9.77e-13, 9.11e-11
2019-09-22, 08:36:20, 9.46e-13, 9.11e-11
2019-09-22, 08:36:24, 9.44e-13, 9.14e-11
2019-09-22, 08:36:28, 9.44e-13, 9.15e-11
2019-09-22, 08:36:33, 1e-12, 9.17e-11
2019-09-22, 08:36:37, 9.77e-13, 9.1e-11
2019-09-22, 08:36:41, 9.4e-13, 9.09e-11
2019-09-22, 08:36:45, 9.8e-13, 9.18e-11
2019-09-22, 08:36:49, 9.55e-13, 9.12e-11
2019-09-22, 08:36:54, 9.02e-13, 9.12e-11
2019-09-22, 08:36:58, 9.17e-13, 9.08e-11
2019-09-22, 08:37:02, 1.04e-12, 9.1e-11
2019-09-22, 08:37:06, 9.69e-13, 9.14e-11
2019-09-22, 08:37:10, 9.51e-13, 9.13e-11
2019-09-22, 08:37:15, 9.9e-13, 9.15e-11
2019-09-22, 08:37:19, 9.69e-13, 9.12e-11
2019-09-22, 08:37:23, 9.52e-13, 9.13e-11
2019-09-22, 08:37:27, 9.66e-13, 9.1e-11
2019-09-22, 08:37:32, 9.85e-13, 9.13e-11
2019-09-22, 08:37:36, 1.1e-12, 9.1e-11
2019-09-22, 08:37:40, 8.19e-13, 9.12e-11
2019-09-22, 08:37:44, 9.71e-13, 9.09e-11
2019-09-22, 08:37:48, 1.07e-12, 9.09e-11
2019-09-22, 08:37:53, 9.77e-13, 9.08e-11
2019-09-22, 08:37:57, 9.62e-13, 9.08e-11
2019-09-22, 08:38:01, 1.04e-12, 9.17e-11
2019-09-22, 08:38:05, 9.26e-13, 9.1e-11
2019-09-22, 08:38:10, 1.04e-12, 9.09e-11
2019-09-22, 08:38:14, 1.01e-12, 9.14e-11
2019-09-22, 08:38:18, 9.31e-13, 9.09e-11
2019-09-22, 08:38:22, 9.37e-13, 9.11e-11
2019-09-22, 08:38:26, 9.57e-13, 9.12e-11
2019-09-22, 08:38:31, 9.71e-13, 9.12e-11
2019-09-22, 08:38:35, 9.48e-13, 9.09e-11
2019-09-22, 08:38:39, 1.02e-12, 9.17e-11
2019-09-22, 08:38:43, 1.02e-12, 9.11e-11
2019-09-22, 08:38:48, 9.7e-13, 9.06e-11
2019-09-22, 08:38:52, 9.61e-13, 9.11e-11
2019-09-22, 08:38:56, 1e-12, 9.07e-11
2019-09-22, 08:39:00, 9.64e-13, 9.1e-11
2019-09-22, 08:39:04, 9.82e-13, 9.14e-11
2019-09-22, 08:39:09, 9.33e-13, 9.13e-11
2019-09-22, 08:39:13, 9.51e-13, 9.12e-11
2019-09-22, 08:39:17, 9.6e-13, 9.11e-11
2019-09-22, 08:39:21, 8.77e-13, 9.1e-11
2019-09-22, 08:39:26, 9.51e-13, 9.12e-11
2019-09-22, 08:39:30, 1e-12, 9.12e-11
2019-09-22, 08:39:34, 9.33e-13, 9.1e-11
2019-09-22, 08:39:38, 1e-12, 9.14e-11
2019-09-22, 08:39:42, 9.58e-13, 9.17e-11
2019-09-22, 08:39:47, 9.31e-13, 9.15e-11
2019-09-22, 08:39:51, 9.59e-13, 9.1e-11
2019-09-22, 08:39:55, 9.46e-13, 9.15e-11
2019-09-22, 08:39:59, 1.05e-12, 9.14e-11
2019-09-22, 08:40:04, 1.15e-12, 9.1e-11
2019-09-22, 08:40:08, 9.79e-13, 9.11e-11
2019-09-22, 08:40:12, 1e-12, 9.11e-11
2019-09-22, 08:40:16, 9.57e-13, 9.15e-11
2019-09-22, 08:40:20, 1e-12, 9.14e-11
2019-09-22, 08:40:25, 9.36e-13, 9.12e-11
2019-09-22, 08:40:29, 9.56e-13, 9.11e-11
2019-09-22, 08:40:33, 9.66e-13, 9.14e-11
2019-09-22, 08:40:37, 1.02e-12, 9.06e-11
2019-09-22, 08:40:42, 9.35e-13, 9.12e-11
2019-09-22, 08:40:46, 9.12e-13, 9.13e-11
2019-09-22, 08:40:50, 9.4e-13, 9.15e-11
2019-09-22, 08:40:54, 9.89e-13, 9.11e-11
2019-09-22, 08:40:58, 9.14e-13, 9.14e-11
2019-09-22, 08:41:03, 9.74e-13, 9.13e-11
2019-09-22, 08:41:07, 1.04e-12, 9.14e-11
2019-09-22, 08:41:11, 9.73e-13, 9.12e-11
2019-09-22, 08:41:15, 9.76e-13, 9.09e-11
2019-09-22, 08:41:19, 9.13e-13, 9.11e-11
2019-09-22, 08:41:24, 9.7e-13, 9.09e-11
2019-09-22, 08:41:28, 9.51e-13, 9.16e-11
2019-09-22, 08:41:32, 9.56e-13, 9.1e-11
2019-09-22, 08:41:36, 9.85e-13, 9.12e-11
2019-09-22, 08:41:41, 9e-13, 9.09e-11
2019-09-22, 08:41:45, 9.41e-13, 9.17e-11
2019-09-22, 08:41:49, 9.32e-13, 9.14e-11
2019-09-22, 08:41:55, 1.06e-12, 9.12e-11
2019-09-22, 08:41:59, 9.83e-13, 9.12e-11
2019-09-22, 08:42:03, 9.26e-13, 9.13e-11
2019-09-22, 08:42:07, 1.06e-12, 9.17e-11
2019-09-22, 08:42:12, 9.96e-13, 9.16e-11
2019-09-22, 08:42:16, 9.64e-13, 9.15e-11
2019-09-22, 08:42:20, 9.51e-13, 9.14e-11
2019-09-22, 08:42:24, 1.01e-12, 9.08e-11
2019-09-22, 08:42:28, 8.83e-13, 9.09e-11
2019-09-22, 08:42:33, 9.07e-13, 9.11e-11
2019-09-22, 08:42:37, 1.01e-12, 9.09e-11
2019-09-22, 08:42:41, 9.89e-13, 9.1e-11
2019-09-22, 08:42:45, 9.15e-13, 9.08e-11
2019-09-22, 08:42:49, 9.28e-13, 9.06e-11
2019-09-22, 08:42:54, 9.67e-13, 9.1e-11
2019-09-22, 08:42:58, 9.9e-13, 9.1e-11
2019-09-22, 08:43:02, 9.58e-13, 9.08e-11
2019-09-22, 08:43:06, 9.73e-13, 9.11e-11
2019-09-22, 08:43:11, 9.58e-13, 9.08e-11
2019-09-22, 08:43:15, 1.04e-12, 9.08e-11
2019-09-22, 08:43:19, 8.73e-13, 9.11e-11
2019-09-22, 08:43:23, 9.67e-13, 9.12e-11
2019-09-22, 08:43:27, 1.11e-12, 9.14e-11
2019-09-22, 08:43:32, 1.13e-12, 9.08e-11
2019-09-22, 08:43:36, 9.95e-13, 9.14e-11
2019-09-22, 08:43:40, 9.86e-13, 9.09e-11
2019-09-22, 08:43:44, 9.06e-13, 9.07e-11
2019-09-22, 08:43:49, 9.73e-13, 9.09e-11
2019-09-22, 08:43:53, 9.56e-13, 9.13e-11
2019-09-22, 08:43:57, 9.69e-13, 9.14e-11
2019-09-22, 08:44:01, 9.38e-13, 9.1e-11
2019-09-22, 08:44:05, 9.43e-13, 9.12e-11
2019-09-22, 08:44:10, 9.36e-13, 9.14e-11
2019-09-22, 08:44:14, 9.62e-13, 9.12e-11
2019-09-22, 08:44:18, 9.71e-13, 9.11e-11
2019-09-22, 08:44:22, 9.54e-13, 9.15e-11
2019-09-22, 08:44:27, 9.75e-13, 9.12e-11
2019-09-22, 08:44:31, 9.67e-13, 9.1e-11
2019-09-22, 08:44:35, 9.83e-13, 9.1e-11
2019-09-22, 08:44:39, 9.54e-13, 9.1e-11
2019-09-22, 08:44:43, 9.03e-13, 9.1e-11
2019-09-22, 08:44:48, 9.47e-13, 9.11e-11
2019-09-22, 08:44:52, 9.71e-13, 9.13e-11
2019-09-22, 08:44:56, 9.01e-13, 9.09e-11
2019-09-22, 08:45:00, 9.26e-13, 9.1e-11
2019-09-22, 08:45:05, 1.01e-12, 9.08e-11
2019-09-22, 08:45:09, 1.02e-12, 9.12e-11
2019-09-22, 08:45:13, 9.31e-13, 9.07e-11
2019-09-22, 08:45:17, 8.89e-13, 9.1e-11
2019-09-22, 08:45:21, 9.31e-13, 9.11e-11
2019-09-22, 08:45:26, 9.68e-13, 9.07e-11
2019-09-22, 08:45:30, 9.86e-13, 9.1e-11
2019-09-22, 08:45:34, 9.92e-13, 9.09e-11
2019-09-22, 08:45:38, 9.91e-13, 9.09e-11
2019-09-22, 08:45:43, 1.04e-12, 9.08e-11
2019-09-22, 08:45:47, 1.07e-12, 9.07e-11
2019-09-22, 08:45:51, 9.89e-13, 9.1e-11
2019-09-22, 08:45:55, 1.04e-12, 9.12e-11
2019-09-22, 08:45:59, 9.27e-13, 9.13e-11
2019-09-22, 08:46:04, 8.79e-13, 9.11e-11
2019-09-22, 08:46:08, 1.04e-12, 9.15e-11
2019-09-22, 08:46:12, 9.81e-13, 9.12e-11
2019-09-22, 08:46:16, 1.03e-12, 9.1e-11
2019-09-22, 08:46:21, 8.65e-13, 9.1e-11
2019-09-22, 08:46:25, 8.38e-13, 9.09e-11
2019-09-22, 08:46:29, 1.05e-12, 9.12e-11
2019-09-22, 08:46:33, 9.79e-13, 9.07e-11
2019-09-22, 08:46:37, 9.74e-13, 9.08e-11
2019-09-22, 08:46:42, 9.01e-13, 9.15e-11
2019-09-22, 08:46:46, 9.14e-13, 9.1e-11
2019-09-22, 08:46:50, 9.29e-13, 9.12e-11
2019-09-22, 08:46:54, 1.01e-12, 9.15e-11
2019-09-22, 08:46:58, 9.4e-13, 9.11e-11
2019-09-22, 08:47:03, 1.01e-12, 9.12e-11
2019-09-22, 08:47:07, 8.92e-13, 9.1e-11
2019-09-22, 08:47:11, 9.42e-13, 9.08e-11
2019-09-22, 08:47:15, 9.54e-13, 9.09e-11
2019-09-22, 08:47:20, 9.64e-13, 9.09e-11
2019-09-22, 08:47:24, 9.93e-13, 9.09e-11
2019-09-22, 08:47:28, 9.98e-13, 9.1e-11
2019-09-22, 08:47:32, 9.48e-13, 9.1e-11
2019-09-22, 08:47:36, 9.56e-13, 9.11e-11
2019-09-22, 08:47:41, 9.81e-13, 9.12e-11
2019-09-22, 08:47:45, 9.76e-13, 9.13e-11
2019-09-22, 08:47:49, 9.56e-13, 9.09e-11
2019-09-22, 08:47:53, 1.07e-12, 9.12e-11
2019-09-22, 08:47:58, 1.02e-12, 9.11e-11
2019-09-22, 08:48:02, 9.89e-13, 9.14e-11
2019-09-22, 08:48:06, 9.47e-13, 9.1e-11
2019-09-22, 08:48:10, 9.7e-13, 9.11e-11
2019-09-22, 08:48:14, 9.81e-13, 9.11e-11
2019-09-22, 08:48:19, 9.26e-13, 9.11e-11
2019-09-22, 08:48:23, 9.4e-13, 9.1e-11
2019-09-22, 08:48:27, 9.87e-13, 9.1e-11
2019-09-22, 08:48:31, 9.39e-13, 9.13e-11
2019-09-22, 08:48:36, 9.22e-13, 9.12e-11
2019-09-22, 08:48:40, 1.05e-12, 9.14e-11
2019-09-22, 08:48:44, 8.13e-13, 9.14e-11
2019-09-22, 08:48:48, 1.03e-12, 9.1e-11
2019-09-22, 08:48:52, 9.69e-13, 9.12e-11
2019-09-22, 08:48:57, 8.78e-13, 9.13e-11
2019-09-22, 08:49:01, 1.02e-12, 9.16e-11
2019-09-22, 08:49:05, 9.66e-13, 9.11e-11
2019-09-22, 08:49:09, 9.86e-13, 9.08e-11
2019-09-22, 08:49:14, 9.5e-13, 9.08e-11
2019-09-22, 08:49:18, 9.51e-13, 9.14e-11
2019-09-22, 08:49:22, 1.01e-12, 9.13e-11
2019-09-22, 08:49:26, 9.53e-13, 9.13e-11
2019-09-22, 08:49:30, 9.67e-13, 9.12e-11
2019-09-22, 08:49:35, 1.07e-12, 9.1e-11
2019-09-22, 08:49:39, 1.09e-12, 9.1e-11
2019-09-22, 08:49:43, 1.06e-12, 9.13e-11
2019-09-22, 08:49:47, 9.65e-13, 9.13e-11
2019-09-22, 08:49:52, 8.62e-13, 9.16e-11
2019-09-22, 08:49:56, 9.25e-13, 9.11e-11
2019-09-22, 08:50:00, 9.52e-13, 9.06e-11
2019-09-22, 08:50:04, 9.18e-13, 9.1e-11
2019-09-22, 08:50:08, 9.63e-13, 9.12e-11
2019-09-22, 08:50:13, 9.45e-13, 9.1e-11
2019-09-22, 08:50:17, 9.09e-13, 9.1e-11
2019-09-22, 08:50:21, 9.37e-13, 9.12e-11
2019-09-22, 08:50:25, 9.61e-13, 9.12e-11
2019-09-22, 08:50:30, 9.91e-13, 9.09e-11
2019-09-22, 08:50:34, 1.15e-12, 9.09e-11
2019-09-22, 08:50:38, 9.86e-13, 9.08e-11
2019-09-22, 08:50:42, 9.78e-13, 9.1e-11
2019-09-22, 08:50:46, 9.2e-13, 9.09e-11
2019-09-22, 08:50:51, 1.11e-12, 9.08e-11
2019-09-22, 08:50:55, 9.55e-13, 9.1e-11
2019-09-22, 08:50:59, 1.01e-12, 9.09e-11
2019-09-22, 08:51:03, 1.01e-12, 9.11e-11
2019-09-22, 08:51:08, 9.8e-13, 9.1e-11
2019-09-22, 08:51:12, 9.31e-13, 9.12e-11
2019-09-22, 08:51:16, 9.24e-13, 9.11e-11
2019-09-22, 08:51:20, 9.26e-13, 9.13e-11
2019-09-22, 08:51:24, 9.79e-13, 9.08e-11
2019-09-22, 08:51:29, 1.01e-12, 9.13e-11
2019-09-22, 08:51:33, 9.43e-13, 9.11e-11
2019-09-22, 08:51:37, 9.06e-13, 9.07e-11
2019-09-22, 08:51:41, 9.33e-13, 9.07e-11
2019-09-22, 08:51:46, 9.97e-13, 9.09e-11
2019-09-22, 08:51:50, 1.01e-12, 9.1e-11
2019-09-22, 08:51:54, 9.51e-13, 9.09e-11
2019-09-22, 08:51:58, 9.7e-13, 9.11e-11
2019-09-22, 08:52:02, 1.01e-12, 9.15e-11
2019-09-22, 08:52:07, 1e-12, 9.08e-11
2019-09-22, 08:52:11, 9.6e-13, 9.1e-11
2019-09-22, 08:52:15, 9.68e-13, 9.1e-11
2019-09-22, 08:52:19, 9.88e-13, 9.11e-11
2019-09-22, 08:52:24, 9.28e-13, 9.12e-11
2019-09-22, 08:52:28, 9.45e-13, 9.1e-11
2019-09-22, 08:52:32, 9.65e-13, 9.14e-11
2019-09-22, 08:52:36, 9.54e-13, 9.14e-11
2019-09-22, 08:52:40, 9.67e-13, 9.1e-11
2019-09-22, 08:52:45, 9.35e-13, 9.07e-11
2019-09-22, 08:52:49, 9.39e-13, 9.11e-11
2019-09-22, 08:52:53, 9.5e-13, 9.12e-11
2019-09-22, 08:52:57, 9.72e-13, 9.14e-11
2019-09-22, 08:53:01, 1.01e-12, 9.11e-11
2019-09-22, 08:53:06, 9.6e-13, 9.15e-11
2019-09-22, 08:53:10, 9.41e-13, 9.12e-11
2019-09-22, 08:53:14, 9.26e-13, 9.11e-11
2019-09-22, 08:53:18, 9.87e-13, 9.1e-11
2019-09-22, 08:53:23, 9.53e-13, 9.09e-11
2019-09-22, 08:53:27, 9.49e-13, 9.08e-11
2019-09-22, 08:53:31, 1e-12, 9.12e-11
2019-09-22, 08:53:35, 9.27e-13, 9.11e-11
2019-09-22, 08:53:39, 9.87e-13, 9.17e-11
2019-09-22, 08:53:44, 9.95e-13, 9.12e-11
2019-09-22, 08:53:48, 8.87e-13, 9.14e-11
2019-09-22, 08:53:52, 9.51e-13, 9.12e-11
2019-09-22, 08:53:56, 9.8e-13, 9.13e-11
2019-09-22, 08:54:01, 9.79e-13, 9.12e-11
2019-09-22, 08:54:05, 1.04e-12, 9.12e-11
2019-09-22, 08:54:09, 1.01e-12, 9.14e-11
2019-09-22, 08:54:13, 1.04e-12, 9.08e-11
2019-09-22, 08:54:17, 9.46e-13, 9.14e-11
2019-09-22, 08:54:22, 9.26e-13, 9.13e-11
2019-09-22, 08:54:26, 8.07e-13, 9.12e-11
2019-09-22, 08:54:30, 9.08e-13, 9.14e-11
2019-09-22, 08:54:34, 1.01e-12, 9.14e-11
2019-09-22, 08:54:39, 8.92e-13, 9.11e-11
2019-09-22, 08:54:43, 9.59e-13, 9.14e-11
2019-09-22, 08:54:47, 9.45e-13, 9.13e-11
2019-09-22, 08:54:51, 1.01e-12, 9.11e-11
2019-09-22, 08:54:55, 9.61e-13, 9.09e-11
2019-09-22, 08:55:00, 9.83e-13, 9.11e-11
2019-09-22, 08:55:04, 9.78e-13, 9.12e-11
2019-09-22, 08:55:08, 9.81e-13, 9.16e-11
2019-09-22, 08:55:12, 9.63e-13, 9.13e-11
2019-09-22, 08:55:17, 9.55e-13, 9.11e-11
2019-09-22, 08:55:21, 8.91e-13, 9.13e-11
2019-09-22, 08:55:25, 9.72e-13, 9.11e-11
2019-09-22, 08:55:29, 9.98e-13, 9.08e-11
2019-09-22, 08:55:33, 9.42e-13, 9.16e-11
2019-09-22, 08:55:38, 9.28e-13, 9.1e-11
2019-09-22, 08:55:42, 1.01e-12, 9.06e-11
2019-09-22, 08:55:46, 9.6e-13, 9.12e-11
2019-09-22, 08:55:50, 9.62e-13, 9.12e-11
2019-09-22, 08:55:55, 9.6e-13, 9.13e-11
2019-09-22, 08:55:59, 9.72e-13, 9.08e-11
2019-09-22, 08:56:03, 9.75e-13, 9.11e-11
2019-09-22, 08:56:07, 9.41e-13, 9.12e-11
2019-09-22, 08:56:11, 9.66e-13, 9.1e-11
2019-09-22, 08:56:16, 1.01e-12, 9.09e-11
2019-09-22, 08:56:20, 9.84e-13, 9.11e-11
2019-09-22, 08:56:24, 1.01e-12, 9.13e-11
2019-09-22, 08:56:28, 9.18e-13, 9.12e-11
2019-09-22, 08:56:33, 1.07e-12, 9.11e-11
2019-09-22, 08:56:37, 9.51e-13, 9.09e-11
2019-09-22, 08:56:41, 9.85e-13, 9.13e-11
2019-09-22, 08:56:45, 9.46e-13, 9.13e-11
2019-09-22, 08:56:49, 9.83e-13, 9.11e-11
2019-09-22, 08:56:54, 9.81e-13, 9.09e-11
2019-09-22, 08:56:58, 1e-12, 9.12e-11
2019-09-22, 08:57:02, 9.88e-13, 9.17e-11
2019-09-22, 08:57:06, 9.35e-13, 9.08e-11
2019-09-22, 08:57:11, 1e-12, 9.1e-11
2019-09-22, 08:57:15, 9.06e-13, 9.12e-11
2019-09-22, 08:57:19, 1.07e-12, 9.14e-11
2019-09-22, 08:57:23, 9.82e-13, 9.1e-11
2019-09-22, 08:57:27, 9.71e-13, 9.12e-11
2019-09-22, 08:57:32, 9.4e-13, 9.11e-11
2019-09-22, 08:57:36, 9.74e-13, 9.09e-11
2019-09-22, 08:57:40, 8.69e-13, 9.13e-11
2019-09-22, 08:57:44, 9.07e-13, 9.11e-11
2019-09-22, 08:57:49, 1.01e-12, 9.16e-11
2019-09-22, 08:57:53, 9.67e-13, 9.08e-11
2019-09-22, 08:57:57, 9.59e-13, 9.12e-11
2019-09-22, 08:58:01, 8.49e-13, 9.11e-11
2019-09-22, 08:58:05, 9.41e-13, 9.09e-11
2019-09-22, 08:58:10, 9.88e-13, 9.09e-11
2019-09-22, 08:58:14, 9.43e-13, 9.1e-11
2019-09-22, 08:58:18, 9.63e-13, 9.12e-11
2019-09-22, 08:58:22, 1.01e-12, 9.12e-11
2019-09-22, 08:58:26, 9.3e-13, 9.11e-11
2019-09-22, 08:58:31, 1.01e-12, 9.11e-11
2019-09-22, 08:58:35, 1e-12, 9.1e-11
2019-09-22, 08:58:39, 9.41e-13, 9.07e-11
2019-09-22, 08:58:43, 9.53e-13, 9.12e-11
2019-09-22, 08:58:48, 9.86e-13, 9.13e-11
2019-09-22, 08:58:52, 1.03e-12, 9.12e-11
2019-09-22, 08:58:56, 9.48e-13, 9.08e-11
2019-09-22, 08:59:00, 9.14e-13, 9.11e-11
2019-09-22, 08:59:04, 8.24e-13, 9.1e-11
2019-09-22, 08:59:09, 9.91e-13, 9.1e-11
2019-09-22, 08:59:13, 9.25e-13, 9.08e-11
2019-09-22, 08:59:17, 9.5e-13, 9.1e-11
2019-09-22, 08:59:21, 9.01e-13, 9.14e-11
2019-09-22, 08:59:26, 8.15e-13, 9.1e-11
2019-09-22, 08:59:30, 8.2e-13, 9.1e-11
2019-09-22, 08:59:34, 9.87e-13, 9.08e-11
2019-09-22, 08:59:38, 9.6e-13, 9.13e-11
2019-09-22, 08:59:42, 9.9e-13, 9.12e-11
2019-09-22, 08:59:47, 1.03e-12, 9.1e-11
2019-09-22, 08:59:51, 9.23e-13, 9.11e-11
2019-09-22, 08:59:55, 9.65e-13, 9.11e-11
2019-09-22, 08:59:59, 9.93e-13, 9.14e-11
2019-09-22, 09:00:04, 9.54e-13, 9.13e-11
2019-09-22, 09:00:08, 9.42e-13, 9.12e-11
2019-09-22, 09:00:12, 9.88e-13, 9.11e-11
2019-09-22, 09:00:16, 9.73e-13, 9.15e-11
2019-09-22, 09:00:20, 1.06e-12, 9.13e-11
2019-09-22, 09:00:25, 9.27e-13, 9.15e-11
2019-09-22, 09:00:29, 9.54e-13, 9.11e-11
2019-09-22, 09:00:33, 9.42e-13, 9.09e-11
2019-09-22, 09:00:37, 9.47e-13, 9.1e-11
2019-09-22, 09:00:42, 9.34e-13, 9.11e-11
2019-09-22, 09:00:46, 9.27e-13, 9.1e-11
2019-09-22, 09:00:50, 9.66e-13, 9.13e-11
2019-09-22, 09:00:54, 1.08e-12, 9.09e-11
2019-09-22, 09:00:58, 9.74e-13, 9.1e-11
2019-09-22, 09:01:03, 9.85e-13, 9.12e-11
2019-09-22, 09:01:07, 8.9e-13, 9.11e-11
2019-09-22, 09:01:11, 9.42e-13, 9.09e-11
2019-09-22, 09:01:15, 9.9e-13, 9.1e-11
2019-09-22, 09:01:20, 9.98e-13, 9.13e-11
2019-09-22, 09:01:24, 1.01e-12, 9.05e-11
2019-09-22, 09:01:28, 9.43e-13, 9.08e-11
2019-09-22, 09:01:32, 1.05e-12, 9.12e-11
2019-09-22, 09:01:36, 9.6e-13, 9.07e-11
2019-09-22, 09:01:41, 9.65e-13, 9.11e-11
2019-09-22, 09:01:45, 9.43e-13, 9.1e-11
2019-09-22, 09:01:49, 1.01e-12, 9.1e-11
2019-09-22, 09:01:53, 9.67e-13, 9.12e-11
2019-09-22, 09:01:57, 1.02e-12, 9.09e-11
2019-09-22, 09:02:02, 9.36e-13, 9.11e-11
2019-09-22, 09:02:06, 9.41e-13, 9.11e-11
2019-09-22, 09:02:10, 9.09e-13, 9.13e-11
2019-09-22, 09:02:14, 1.01e-12, 9.14e-11
2019-09-22, 09:02:19, 1.05e-12, 9.14e-11
2019-09-22, 09:02:23, 9.85e-13, 9.1e-11
2019-09-22, 09:02:27, 9.36e-13, 9.13e-11
2019-09-22, 09:02:31, 9.24e-13, 9.09e-11
2019-09-22, 09:02:35, 9.66e-13, 9.1e-11
2019-09-22, 09:02:40, 9.47e-13, 9.11e-11
2019-09-22, 09:02:44, 9.43e-13, 9.12e-11
2019-09-22, 09:02:48, 9.93e-13, 9.08e-11
2019-09-22, 09:02:52, 9.74e-13, 9.11e-11
2019-09-22, 09:02:57, 9.55e-13, 9.12e-11
2019-09-22, 09:03:01, 9.46e-13, 9.1e-11
2019-09-22, 09:03:05, 9.19e-13, 9.12e-11
2019-09-22, 09:03:09, 9.5e-13, 9.1e-11
2019-09-22, 09:03:13, 9.3e-13, 9.1e-11
2019-09-22, 09:03:18, 1.05e-12, 9.13e-11
2019-09-22, 09:03:22, 9.96e-13, 9.06e-11
2019-09-22, 09:03:26, 1.11e-12, 9.07e-11
2019-09-22, 09:03:30, 9.41e-13, 9.09e-11
2019-09-22, 09:03:35, 9.39e-13, 9.16e-11
2019-09-22, 09:03:39, 9.69e-13, 9.13e-11
2019-09-22, 09:03:43, 9.24e-13, 9.12e-11
2019-09-22, 09:03:47, 9.76e-13, 9.08e-11
2019-09-22, 09:03:51, 1.05e-12, 9.1e-11
2019-09-22, 09:03:56, 9.5e-13, 9.1e-11
2019-09-22, 09:04:00, 9.99e-13, 9.11e-11
2019-09-22, 09:04:04, 9.48e-13, 9.1e-11
2019-09-22, 09:04:08, 9.3e-13, 9.09e-11
2019-09-22, 09:04:13, 9.82e-13, 9.12e-11
2019-09-22, 09:04:17, 9.78e-13, 9.06e-11
2019-09-22, 09:04:21, 9.22e-13, 9.09e-11
2019-09-22, 09:04:25, 9.03e-13, 9.1e-11
2019-09-22, 09:04:29, 8.9e-13, 9.08e-11
2019-09-22, 09:04:34, 1.03e-12, 9.12e-11
2019-09-22, 09:04:38, 1e-12, 9.13e-11
2019-09-22, 09:04:42, 9.87e-13, 9.1e-11
2019-09-22, 09:04:46, 8.5e-13, 9.12e-11
2019-09-22, 09:04:51, 1.04e-12, 9.09e-11
2019-09-22, 09:04:55, 9.34e-13, 9.08e-11
2019-09-22, 09:04:59, 9.29e-13, 9.08e-11
2019-09-22, 09:05:03, 1e-12, 9.08e-11
2019-09-22, 09:05:07, 9.48e-13, 9.08e-11
2019-09-22, 09:05:12, 9.3e-13, 9.08e-11
2019-09-22, 09:05:16, 9.89e-13, 9.09e-11
2019-09-22, 09:05:20, 1.05e-12, 9.11e-11
2019-09-22, 09:05:24, 9.54e-13, 9.07e-11
2019-09-22, 09:05:29, 9.61e-13, 9.13e-11
2019-09-22, 09:05:33, 9.87e-13, 9.1e-11
2019-09-22, 09:05:37, 1.02e-12, 9.07e-11
2019-09-22, 09:05:41, 9.69e-13, 9.1e-11
2019-09-22, 09:05:45, 1e-12, 9.09e-11
2019-09-22, 09:05:50, 9.31e-13, 9.1e-11
2019-09-22, 09:05:54, 1.01e-12, 9.13e-11
2019-09-22, 09:05:58, 9.45e-13, 9.14e-11
2019-09-22, 09:06:02, 9.43e-13, 9.07e-11
2019-09-22, 09:06:07, 9.2e-13, 9.11e-11
2019-09-22, 09:06:11, 9.75e-13, 9.11e-11
2019-09-22, 09:06:15, 1e-12, 9.09e-11
2019-09-22, 09:06:19, 8.78e-13, 9.07e-11
2019-09-22, 09:06:23, 1e-12, 9.12e-11
2019-09-22, 09:06:28, 9.22e-13, 9.12e-11
2019-09-22, 09:06:32, 9.95e-13, 9.11e-11
2019-09-22, 09:06:36, 9.53e-13, 9.11e-11
2019-09-22, 09:06:40, 1.03e-12, 9.1e-11
2019-09-22, 09:06:45, 9.35e-13, 9.15e-11
2019-09-22, 09:06:49, 9.32e-13, 9.09e-11
2019-09-22, 09:06:53, 9.4e-13, 9.1e-11
2019-09-22, 09:06:57, 9.68e-13, 9.13e-11
2019-09-22, 09:07:01, 9.61e-13, 9.1e-11
2019-09-22, 09:07:06, 9.87e-13, 9.11e-11
2019-09-22, 09:07:10, 9.9e-13, 9.13e-11
2019-09-22, 09:07:14, 1.03e-12, 9.09e-11
2019-09-22, 09:07:18, 9.44e-13, 9.1e-11
2019-09-22, 09:07:22, 9.23e-13, 9.1e-11
2019-09-22, 09:07:27, 9.54e-13, 9.11e-11
2019-09-22, 09:07:31, 9.45e-13, 9.1e-11
2019-09-22, 09:07:35, 9.89e-13, 9.1e-11
2019-09-22, 09:07:39, 9.71e-13, 9.14e-11
2019-09-22, 09:07:44, 1.02e-12, 9.1e-11
2019-09-22, 09:07:48, 1e-12, 9.11e-11
2019-09-22, 09:07:52, 9.87e-13, 9.14e-11
2019-09-22, 09:07:56, 9.6e-13, 9.15e-11
2019-09-22, 09:08:00, 9.37e-13, 9.1e-11
2019-09-22, 09:08:05, 9.67e-13, 9.09e-11
2019-09-22, 09:08:09, 9.5e-13, 9.12e-11
2019-09-22, 09:08:13, 1.01e-12, 9.14e-11
2019-09-22, 09:08:17, 9.48e-13, 9.11e-11
2019-09-22, 09:08:22, 9.35e-13, 9.13e-11
2019-09-22, 09:08:26, 1.03e-12, 9.17e-11
2019-09-22, 09:08:30, 1.02e-12, 9.1e-11
2019-09-22, 09:08:34, 1.1e-12, 9.16e-11
2019-09-22, 09:08:38, 9.61e-13, 9.12e-11
2019-09-22, 09:08:43, 9.18e-13, 9.11e-11
2019-09-22, 09:08:47, 8.74e-13, 9.12e-11
2019-09-22, 09:08:51, 9.5e-13, 9.08e-11
2019-09-22, 09:08:55, 9.9e-13, 9.13e-11
2019-09-22, 09:09:00, 1e-12, 9.08e-11
2019-09-22, 09:09:04, 9.33e-13, 9.1e-11
2019-09-22, 09:09:08, 9.75e-13, 9.11e-11
2019-09-22, 09:09:12, 1.03e-12, 9.1e-11
2019-09-22, 09:09:16, 8.96e-13, 9.11e-11
2019-09-22, 09:09:21, 9.17e-13, 9.13e-11
2019-09-22, 09:09:25, 9.72e-13, 9.12e-11
2019-09-22, 09:09:29, 9.84e-13, 9.11e-11
2019-09-22, 09:09:33, 1e-12, 9.11e-11
2019-09-22, 09:09:38, 9.54e-13, 9.13e-11
2019-09-22, 09:09:42, 9.85e-13, 9.11e-11
2019-09-22, 09:09:46, 9.51e-13, 9.13e-11
2019-09-22, 09:09:50, 9.72e-13, 9.1e-11
2019-09-22, 09:09:54, 9.4e-13, 9.11e-11
2019-09-22, 09:09:59, 9.86e-13, 9.11e-11
2019-09-22, 09:10:03, 9.06e-13, 9.13e-11
2019-09-22, 09:10:07, 9.77e-13, 9.13e-11
2019-09-22, 09:10:11, 1.02e-12, 9.11e-11
2019-09-22, 09:10:16, 9.75e-13, 9.14e-11
2019-09-22, 09:10:20, 9.83e-13, 9.12e-11
2019-09-22, 09:10:24, 9.1e-13, 9.14e-11
2019-09-22, 09:10:28, 9.61e-13, 9.09e-11
2019-09-22, 09:10:32, 9.4e-13, 9.12e-11
2019-09-22, 09:10:37, 1.04e-12, 9.12e-11
2019-09-22, 09:10:41, 8.99e-13, 9.12e-11
2019-09-22, 09:10:45, 9.49e-13, 9.11e-11
2019-09-22, 09:10:49, 9.79e-13, 9.11e-11
2019-09-22, 09:10:53, 9.49e-13, 9.14e-11
2019-09-22, 09:10:58, 9.32e-13, 9.1e-11
2019-09-22, 09:11:02, 9.69e-13, 9.13e-11
2019-09-22, 09:11:06, 9.43e-13, 9.11e-11
2019-09-22, 09:11:10, 9.42e-13, 9.16e-11
2019-09-22, 09:11:15, 9.43e-13, 9.11e-11
2019-09-22, 09:11:19, 9.46e-13, 9.1e-11
2019-09-22, 09:11:23, 9.24e-13, 9.09e-11
2019-09-22, 09:11:27, 1.03e-12, 9.1e-11
2019-09-22, 09:11:31, 1e-12, 9.08e-11
2019-09-22, 09:11:36, 1.02e-12, 9.12e-11
2019-09-22, 09:11:40, 9.74e-13, 9.1e-11
2019-09-22, 09:11:44, 1.04e-12, 9.14e-11
2019-09-22, 09:11:48, 9.35e-13, 9.11e-11
2019-09-22, 09:11:53, 9.8e-13, 9.09e-11
2019-09-22, 09:11:57, 9.94e-13, 9.14e-11
2019-09-22, 09:12:01, 1.03e-12, 9.1e-11
2019-09-22, 09:12:05, 9.47e-13, 9.13e-11
2019-09-22, 09:12:09, 9.48e-13, 9.09e-11
2019-09-22, 09:12:14, 9.76e-13, 9.11e-11
2019-09-22, 09:12:18, 9.55e-13, 9.11e-11
2019-09-22, 09:12:22, 8.63e-13, 9.14e-11
2019-09-22, 09:12:26, 9.53e-13, 9.13e-11
2019-09-22, 09:12:31, 9.44e-13, 9.12e-11
2019-09-22, 09:12:35, 9.2e-13, 9.11e-11
2019-09-22, 09:12:39, 1.05e-12, 9.13e-11
2019-09-22, 09:12:43, 9.79e-13, 9.13e-11
2019-09-22, 09:12:47, 9.81e-13, 9.07e-11
2019-09-22, 09:12:52, 1.13e-12, 9.11e-11
2019-09-22, 09:12:56, 9.4e-13, 9.14e-11
2019-09-22, 09:13:00, 8.93e-13, 9.13e-11
2019-09-22, 09:13:04, 9.15e-13, 9.08e-11
2019-09-22, 09:13:09, 9.9e-13, 9.15e-11
2019-09-22, 09:13:13, 9.18e-13, 9.12e-11
2019-09-22, 09:13:17, 9.31e-13, 9.09e-11
2019-09-22, 09:13:21, 1e-12, 9.1e-11
2019-09-22, 09:13:25, 9.37e-13, 9.1e-11
2019-09-22, 09:13:30, 9.74e-13, 9.13e-11
2019-09-22, 09:13:34, 9.07e-13, 9.12e-11
2019-09-22, 09:13:38, 9.67e-13, 9.09e-11
2019-09-22, 09:13:42, 9.21e-13, 9.12e-11
2019-09-22, 09:13:47, 9.75e-13, 9.09e-11
2019-09-22, 09:13:51, 9.32e-13, 9.09e-11
2019-09-22, 09:13:55, 9.86e-13, 9.1e-11
2019-09-22, 09:13:59, 9.54e-13, 9.12e-11
2019-09-22, 09:14:03, 8.8e-13, 9.07e-11
2019-09-22, 09:14:08, 8.75e-13, 9.15e-11
2019-09-22, 09:14:12, 9.73e-13, 9.12e-11
2019-09-22, 09:14:16, 1.01e-12, 9.13e-11
2019-09-22, 09:14:20, 8.86e-13, 9.14e-11
2019-09-22, 09:14:24, 9.22e-13, 9.12e-11
2019-09-22, 09:14:29, 1.03e-12, 9.12e-11
2019-09-22, 09:14:33, 1.01e-12, 9.16e-11
2019-09-22, 09:14:37, 9.48e-13, 9.11e-11
2019-09-22, 09:14:41, 9.54e-13, 9.08e-11
2019-09-22, 09:14:46, 9.72e-13, 9.1e-11
2019-09-22, 09:14:50, 9.75e-13, 9.12e-11
2019-09-22, 09:14:54, 1.12e-12, 9.1e-11
2019-09-22, 09:14:58, 1.01e-12, 9.12e-11
2019-09-22, 09:15:02, 1.1e-12, 9.11e-11
2019-09-22, 09:15:07, 9.54e-13, 9.14e-11
2019-09-22, 09:15:11, 9.42e-13, 9.1e-11
2019-09-22, 09:15:15, 9.16e-13, 9.09e-11
2019-09-22, 09:15:19, 9.64e-13, 9.11e-11
2019-09-22, 09:15:24, 9.39e-13, 9.08e-11
2019-09-22, 09:15:28, 9.39e-13, 9.09e-11
2019-09-22, 09:15:32, 1.02e-12, 9.14e-11
2019-09-22, 09:15:36, 1.02e-12, 9.12e-11
2019-09-22, 09:15:40, 9.68e-13, 9.12e-11
2019-09-22, 09:15:45, 9.38e-13, 9.14e-11
2019-09-22, 09:15:49, 9.05e-13, 9.09e-11
2019-09-22, 09:15:53, 9.35e-13, 9.11e-11
2019-09-22, 09:15:57, 9.4e-13, 9.08e-11
2019-09-22, 09:16:02, 9.41e-13, 9.11e-11
2019-09-22, 09:16:06, 9.99e-13, 9.11e-11
2019-09-22, 09:16:10, 9.61e-13, 9.1e-11
2019-09-22, 09:16:14, 9.07e-13, 9.15e-11
2019-09-22, 09:16:18, 9.31e-13, 9.12e-11
2019-09-22, 09:16:23, 9.67e-13, 9.08e-11
2019-09-22, 09:16:27, 9.22e-13, 9.12e-11
2019-09-22, 09:16:31, 9.73e-13, 9.1e-11
2019-09-22, 09:16:35, 9.98e-13, 9.11e-11
2019-09-22, 09:16:40, 1.01e-12, 9.11e-11
2019-09-22, 09:16:44, 9.11e-13, 9.15e-11
2019-09-22, 09:16:48, 1.16e-12, 9.1e-11
2019-09-22, 09:16:52, 1e-12, 9.11e-11
2019-09-22, 09:16:56, 1.06e-12, 9.16e-11
2019-09-22, 09:17:01, 9.16e-13, 9.12e-11
2019-09-22, 09:17:05, 9.55e-13, 9.11e-11
2019-09-22, 09:17:09, 9.85e-13, 9.1e-11
2019-09-22, 09:17:13, 9.65e-13, 9.12e-11
2019-09-22, 09:17:18, 9.05e-13, 9.11e-11
2019-09-22, 09:17:22, 9.24e-13, 9.1e-11
2019-09-22, 09:17:26, 1.02e-12, 9.15e-11
2019-09-22, 09:17:30, 9.82e-13, 9.12e-11
2019-09-22, 09:17:34, 9.59e-13, 9.11e-11
2019-09-22, 09:17:39, 9.63e-13, 9.12e-11
2019-09-22, 09:17:43, 9.86e-13, 9.12e-11
2019-09-22, 09:17:47, 9.1e-13, 9.1e-11
2019-09-22, 09:17:51, 1.06e-12, 9.09e-11
2019-09-22, 09:17:55, 9.41e-13, 9.11e-11
2019-09-22, 09:18:00, 9.36e-13, 9.14e-11
2019-09-22, 09:18:04, 9.71e-13, 9.15e-11
2019-09-22, 09:18:08, 1.06e-12, 9.1e-11
2019-09-22, 09:18:12, 9.7e-13, 9.12e-11
2019-09-22, 09:18:17, 9.55e-13, 9.13e-11
2019-09-22, 09:18:21, 9.39e-13, 9.1e-11
2019-09-22, 09:18:25, 9.37e-13, 9.11e-11
2019-09-22, 09:18:29, 9.82e-13, 9.13e-11
2019-09-22, 09:18:33, 9.6e-13, 9.12e-11
2019-09-22, 09:18:38, 9.65e-13, 9.08e-11
2019-09-22, 09:18:42, 9.63e-13, 9.14e-11
2019-09-22, 09:18:46, 7.85e-13, 9.11e-11
2019-09-22, 09:18:50, 9.64e-13, 9.11e-11
2019-09-22, 09:18:55, 9.15e-13, 9.12e-11
2019-09-22, 09:18:59, 9.45e-13, 9.12e-11
2019-09-22, 09:19:03, 1e-12, 9.09e-11
2019-09-22, 09:19:07, 7.8e-13, 9.1e-11
2019-09-22, 09:19:11, 9.76e-13, 9.11e-11
2019-09-22, 09:19:16, 9.32e-13, 9.09e-11
2019-09-22, 09:19:20, 9.37e-13, 9.07e-11
2019-09-22, 09:19:24, 1.01e-12, 9.12e-11
2019-09-22, 09:19:28, 1.01e-12, 9.1e-11
2019-09-22, 09:19:33, 9.2e-13, 9.11e-11
2019-09-22, 09:19:37, 9.65e-13, 9.11e-11
2019-09-22, 09:19:41, 9.76e-13, 9.14e-11
2019-09-22, 09:19:45, 1.01e-12, 9.1e-11
2019-09-22, 09:19:49, 9.41e-13, 9.13e-11
2019-09-22, 09:19:54, 9.6e-13, 9.1e-11
2019-09-22, 09:19:58, 9.88e-13, 9.09e-11
2019-09-22, 09:20:02, 1.02e-12, 9.16e-11
2019-09-22, 09:20:06, 9.49e-13, 9.09e-11
2019-09-22, 09:20:11, 9.39e-13, 9.09e-11
2019-09-22, 09:20:15, 8.9e-13, 9.12e-11
2019-09-22, 09:20:19, 9.87e-13, 9.07e-11
2019-09-22, 09:20:23, 9.48e-13, 9.1e-11
2019-09-22, 09:20:27, 9.47e-13, 9.09e-11
2019-09-22, 09:20:32, 9.78e-13, 9.09e-11
2019-09-22, 09:20:36, 8.8e-13, 9.12e-11
2019-09-22, 09:20:40, 1.08e-12, 9.1e-11
2019-09-22, 09:20:44, 9.28e-13, 9.12e-11
2019-09-22, 09:20:49, 9.31e-13, 9.11e-11
2019-09-22, 09:20:53, 9.51e-13, 9.11e-11
2019-09-22, 09:20:57, 1.04e-12, 9.12e-11
2019-09-22, 09:21:01, 9.83e-13, 9.08e-11
2019-09-22, 09:21:05, 9.56e-13, 9.07e-11
2019-09-22, 09:21:10, 9.9e-13, 9.11e-11
2019-09-22, 09:21:14, 1.01e-12, 9.12e-11
2019-09-22, 09:21:18, 9.71e-13, 9.1e-11
2019-09-22, 09:21:22, 8.62e-13, 9.11e-11
2019-09-22, 09:21:27, 9.56e-13, 9.11e-11
2019-09-22, 09:21:31, 9.34e-13, 9.12e-11
2019-09-22, 09:21:35, 9.38e-13, 9.12e-11
2019-09-22, 09:21:39, 1.01e-12, 9.14e-11
2019-09-22, 09:21:43, 8.92e-13, 9.11e-11
2019-09-22, 09:21:48, 9.26e-13, 9.1e-11
2019-09-22, 09:21:52, 9.4e-13, 9.13e-11
2019-09-22, 09:21:56, 9.3e-13, 9.11e-11
2019-09-22, 09:22:00, 1.01e-12, 9.14e-11
2019-09-22, 09:22:04, 1.04e-12, 9.09e-11
2019-09-22, 09:22:09, 8.71e-13, 9.1e-11
2019-09-22, 09:22:13, 9.78e-13, 9.1e-11
2019-09-22, 09:22:17, 9.7e-13, 9.12e-11
2019-09-22, 09:22:21, 9.56e-13, 9.14e-11
2019-09-22, 09:22:26, 9.81e-13, 9.12e-11
2019-09-22, 09:22:30, 9.16e-13, 9.12e-11
2019-09-22, 09:22:34, 9.77e-13, 9.09e-11
2019-09-22, 09:22:38, 9.24e-13, 9.13e-11
2019-09-22, 09:22:42, 9.26e-13, 9.09e-11
2019-09-22, 09:22:47, 9.86e-13, 9.12e-11
2019-09-22, 09:22:51, 9.26e-13, 9.1e-11
2019-09-22, 09:22:55, 9.66e-13, 9.12e-11
2019-09-22, 09:22:59, 9.79e-13, 9.13e-11
2019-09-22, 09:23:04, 9.42e-13, 9.12e-11
2019-09-22, 09:23:08, 9.67e-13, 9.1e-11
2019-09-22, 09:23:12, 9.59e-13, 9.14e-11
2019-09-22, 09:23:16, 9.27e-13, 9.1e-11
2019-09-22, 09:23:20, 9.38e-13, 9.13e-11
2019-09-22, 09:23:25, 9.96e-13, 9.13e-11
2019-09-22, 09:23:29, 9.37e-13, 9.1e-11
2019-09-22, 09:23:33, 9.38e-13, 9.15e-11
2019-09-22, 09:23:37, 8.9e-13, 9.13e-11
2019-09-22, 09:23:42, 9.7e-13, 9.12e-11
2019-09-22, 09:23:46, 9.78e-13, 9.12e-11
2019-09-22, 09:23:50, 9.51e-13, 9.12e-11
2019-09-22, 09:23:54, 9.87e-13, 9.1e-11
2019-09-22, 09:23:58, 9.76e-13, 9.1e-11
2019-09-22, 09:24:03, 1.01e-12, 9.1e-11
2019-09-22, 09:24:07, 9.99e-13, 9.09e-11
2019-09-22, 09:24:11, 9.64e-13, 9.12e-11
2019-09-22, 09:24:15, 9.72e-13, 9.11e-11
2019-09-22, 09:24:20, 1.03e-12, 9.11e-11
2019-09-22, 09:24:24, 9.66e-13, 9.1e-11
2019-09-22, 09:24:28, 9.29e-13, 9.08e-11
2019-09-22, 09:24:32, 9.2e-13, 9.11e-11
2019-09-22, 09:24:36, 1.05e-12, 9.1e-11
2019-09-22, 09:24:41, 9.88e-13, 9.12e-11
2019-09-22, 09:24:45, 9.22e-13, 9.15e-11
2019-09-22, 09:24:49, 9.53e-13, 9.12e-11
2019-09-22, 09:24:53, 8.29e-13, 9.1e-11
2019-09-22, 09:24:58, 9.49e-13, 9.08e-11
2019-09-22, 09:25:02, 9.55e-13, 9.07e-11
2019-09-22, 09:25:06, 9.91e-13, 9.13e-11
2019-09-22, 09:25:10, 9.54e-13, 9.1e-11
2019-09-22, 09:25:14, 9.41e-13, 9.07e-11
2019-09-22, 09:25:19, 9.21e-13, 9.06e-11
2019-09-22, 09:25:23, 9.67e-13, 9.1e-11
2019-09-22, 09:25:27, 9.57e-13, 9.1e-11
2019-09-22, 09:25:31, 9.65e-13, 9.09e-11
2019-09-22, 09:25:35, 9.79e-13, 9.08e-11
2019-09-22, 09:25:40, 9.27e-13, 9.06e-11
2019-09-22, 09:25:44, 8.89e-13, 9.09e-11
2019-09-22, 09:25:48, 9.97e-13, 9.11e-11
2019-09-22, 09:25:52, 8.48e-13, 9.11e-11
2019-09-22, 09:25:57, 1.02e-12, 9.11e-11
2019-09-22, 09:26:01, 9.23e-13, 9.1e-11
2019-09-22, 09:26:05, 9.98e-13, 9.13e-11
2019-09-22, 09:26:09, 9.59e-13, 9.14e-11
2019-09-22, 09:26:13, 9.49e-13, 9.07e-11
2019-09-22, 09:26:18, 9.8e-13, 9.09e-11
2019-09-22, 09:26:22, 9.8e-13, 9.1e-11
2019-09-22, 09:26:26, 1.12e-12, 9.08e-11
2019-09-22, 09:26:30, 9.15e-13, 9.11e-11
2019-09-22, 09:26:35, 9.4e-13, 9.08e-11
2019-09-22, 09:26:39, 9.96e-13, 9.1e-11
2019-09-22, 09:26:43, 1.05e-12, 9.1e-11
2019-09-22, 09:26:47, 1.04e-12, 9.11e-11
2019-09-22, 09:26:51, 9.23e-13, 9.1e-11
2019-09-22, 09:26:56, 9.6e-13, 9.09e-11
2019-09-22, 09:27:00, 1.02e-12, 9.11e-11
2019-09-22, 09:27:04, 8.78e-13, 9.15e-11
2019-09-22, 09:27:08, 9.58e-13, 9.11e-11
2019-09-22, 09:27:13, 9e-13, 9.13e-11
2019-09-22, 09:27:17, 8.84e-13, 9.1e-11
2019-09-22, 09:27:21, 9.85e-13, 9.11e-11
2019-09-22, 09:27:25, 9.85e-13, 9.12e-11
2019-09-22, 09:27:29, 1.07e-12, 9.13e-11
2019-09-22, 09:27:34, 9.35e-13, 9.1e-11
2019-09-22, 09:27:38, 9.74e-13, 9.14e-11
2019-09-22, 09:27:42, 9.8e-13, 9.09e-11
2019-09-22, 09:27:46, 9.56e-13, 9.11e-11
2019-09-22, 09:27:51, 9.58e-13, 9.08e-11
2019-09-22, 09:27:55, 9.26e-13, 9.11e-11
2019-09-22, 09:27:59, 8.96e-13, 9.11e-11
2019-09-22, 09:28:03, 9.45e-13, 9.09e-11
2019-09-22, 09:28:07, 1.01e-12, 9.1e-11
2019-09-22, 09:28:12, 1.06e-12, 9.13e-11
2019-09-22, 09:28:16, 9.93e-13, 9.05e-11
2019-09-22, 09:28:20, 9.74e-13, 9.13e-11
2019-09-22, 09:28:24, 9.75e-13, 9.11e-11
2019-09-22, 09:28:29, 9.61e-13, 9.1e-11
2019-09-22, 09:28:33, 9.44e-13, 9.12e-11
2019-09-22, 09:28:37, 1.01e-12, 9.13e-11
2019-09-22, 09:28:41, 8.63e-13, 9.13e-11
2019-09-22, 09:28:45, 9.82e-13, 9.16e-11
2019-09-22, 09:28:50, 1.04e-12, 9.11e-11
2019-09-22, 09:28:54, 9.39e-13, 9.15e-11
2019-09-22, 09:28:58, 1.01e-12, 9.16e-11
2019-09-22, 09:29:02, 9.72e-13, 9.09e-11
2019-09-22, 09:29:07, 1.01e-12, 9.12e-11
2019-09-22, 09:29:11, 9.4e-13, 9.12e-11
2019-09-22, 09:29:15, 8.99e-13, 9.11e-11
2019-09-22, 09:29:19, 9.74e-13, 9.1e-11
2019-09-22, 09:29:23, 9.82e-13, 9.11e-11
2019-09-22, 09:29:28, 1.01e-12, 9.12e-11
2019-09-22, 09:29:32, 9.6e-13, 9.1e-11
2019-09-22, 09:29:36, 1.02e-12, 9.11e-11
2019-09-22, 09:29:40, 1.06e-12, 9.07e-11
2019-09-22, 09:29:45, 9.87e-13, 9.12e-11
2019-09-22, 09:29:49, 1.01e-12, 9.1e-11
2019-09-22, 09:29:53, 8.95e-13, 9.12e-11
2019-09-22, 09:29:57, 9.95e-13, 9.08e-11
2019-09-22, 09:30:01, 8.92e-13, 9.11e-11
2019-09-22, 09:30:06, 9.61e-13, 9.13e-11
2019-09-22, 09:30:10, 9.29e-13, 9.1e-11
2019-09-22, 09:30:14, 1.03e-12, 9.09e-11
2019-09-22, 09:30:18, 9.3e-13, 9.13e-11
2019-09-22, 09:30:22, 9.82e-13, 9.08e-11
2019-09-22, 09:30:27, 9.22e-13, 9.1e-11
2019-09-22, 09:30:31, 9.67e-13, 9.09e-11
2019-09-22, 09:30:35, 9.62e-13, 9.12e-11
2019-09-22, 09:30:39, 9.07e-13, 9.1e-11
2019-09-22, 09:30:44, 9.06e-13, 9.08e-11
2019-09-22, 09:30:48, 9.52e-13, 9.07e-11
2019-09-22, 09:30:52, 1.02e-12, 9.1e-11
2019-09-22, 09:30:56, 9.83e-13, 9.09e-11
2019-09-22, 09:31:00, 9.28e-13, 9.09e-11
2019-09-22, 09:31:05, 9.82e-13, 9.12e-11
2019-09-22, 09:31:09, 9.96e-13, 9.11e-11
2019-09-22, 09:31:13, 9.36e-13, 9.13e-11
2019-09-22, 09:31:17, 9.63e-13, 9.1e-11
2019-09-22, 09:31:22, 1.05e-12, 9.13e-11
2019-09-22, 09:31:26, 9.73e-13, 9.08e-11
2019-09-22, 09:31:30, 9.31e-13, 9.13e-11
2019-09-22, 09:31:34, 1e-12, 9.12e-11
2019-09-22, 09:31:38, 9.16e-13, 9.1e-11
2019-09-22, 09:31:43, 9.96e-13, 9.15e-11
2019-09-22, 09:31:47, 9.33e-13, 9.11e-11
2019-09-22, 09:31:51, 1.07e-12, 9.11e-11
2019-09-22, 09:31:55, 9.87e-13, 9.07e-11
2019-09-22, 09:32:00, 9.28e-13, 9.07e-11
2019-09-22, 09:32:04, 9.77e-13, 9.09e-11
2019-09-22, 09:32:08, 9.99e-13, 9.13e-11
2019-09-22, 09:32:12, 9.87e-13, 9.1e-11
2019-09-22, 09:32:16, 9.76e-13, 9.12e-11
2019-09-22, 09:32:21, 9.93e-13, 9.1e-11
2019-09-22, 09:32:25, 9.79e-13, 9.05e-11
2019-09-22, 09:32:29, 9.52e-13, 9.12e-11
2019-09-22, 09:32:33, 9.32e-13, 9.07e-11
2019-09-22, 09:32:38, 1.05e-12, 9.11e-11
2019-09-22, 09:32:42, 8.53e-13, 9.09e-11
2019-09-22, 09:32:46, 1.04e-12, 9.08e-11
2019-09-22, 09:32:50, 9.83e-13, 9.09e-11
2019-09-22, 09:32:54, 9.37e-13, 9.11e-11
2019-09-22, 09:32:59, 9.69e-13, 9.06e-11
2019-09-22, 09:33:03, 9.74e-13, 9.09e-11
2019-09-22, 09:33:07, 9.81e-13, 9.11e-11
2019-09-22, 09:33:11, 1.03e-12, 9.09e-11
2019-09-22, 09:33:16, 8.98e-13, 9.1e-11
2019-09-22, 09:33:20, 9.73e-13, 9.06e-11
2019-09-22, 09:33:24, 9.31e-13, 9.11e-11
2019-09-22, 09:33:28, 9.34e-13, 9.13e-11
2019-09-22, 09:33:32, 9.58e-13, 9.11e-11
2019-09-22, 09:33:37, 9.64e-13, 9.11e-11
2019-09-22, 09:33:41, 9.62e-13, 9.11e-11
2019-09-22, 09:33:45, 1.01e-12, 9.08e-11
2019-09-22, 09:33:49, 9.2e-13, 9.09e-11
2019-09-22, 09:33:54, 9.18e-13, 9.1e-11
2019-09-22, 09:33:58, 9.77e-13, 9.13e-11
2019-09-22, 09:34:02, 9.37e-13, 9.08e-11
2019-09-22, 09:34:06, 9.88e-13, 9.08e-11
2019-09-22, 09:34:10, 9.17e-13, 9.09e-11
2019-09-22, 09:34:15, 9.44e-13, 9.1e-11
2019-09-22, 09:34:19, 9.73e-13, 9.11e-11
2019-09-22, 09:34:23, 9.71e-13, 9.11e-11
2019-09-22, 09:34:27, 9.53e-13, 9.1e-11
2019-09-22, 09:34:31, 9.18e-13, 9.08e-11
2019-09-22, 09:34:36, 9.69e-13, 9.09e-11
2019-09-22, 09:34:40, 9.11e-13, 9.09e-11
2019-09-22, 09:34:44, 9.91e-13, 9.13e-11
2019-09-22, 09:34:48, 1.01e-12, 9.13e-11
2019-09-22, 09:34:53, 9.56e-13, 9.11e-11
2019-09-22, 09:34:57, 8.86e-13, 9.11e-11
2019-09-22, 09:35:01, 9.38e-13, 9.12e-11
2019-09-22, 09:35:05, 9.86e-13, 9.11e-11
2019-09-22, 09:35:09, 9.04e-13, 9.11e-11
2019-09-22, 09:35:14, 1.03e-12, 9.11e-11
2019-09-22, 09:35:18, 1.11e-12, 9.07e-11
2019-09-22, 09:35:22, 9.45e-13, 9.09e-11
2019-09-22, 09:35:26, 8.39e-13, 9.1e-11
2019-09-22, 09:35:31, 9.84e-13, 9.12e-11
2019-09-22, 09:35:35, 9.46e-13, 9.11e-11
2019-09-22, 09:35:39, 9.82e-13, 9.12e-11
2019-09-22, 09:35:43, 9.69e-13, 9.12e-11
2019-09-22, 09:35:47, 9.02e-13, 9.13e-11
2019-09-22, 09:35:52, 1.15e-12, 9.09e-11
2019-09-22, 09:35:56, 9.54e-13, 9.09e-11
2019-09-22, 09:36:00, 9.26e-13, 9.09e-11
2019-09-22, 09:36:04, 1.01e-12, 9.12e-11
2019-09-22, 09:36:09, 9.59e-13, 9.1e-11
2019-09-22, 09:36:13, 9.32e-13, 9.16e-11
2019-09-22, 09:36:17, 9.95e-13, 9.15e-11
2019-09-22, 09:36:21, 9.74e-13, 9.07e-11
2019-09-22, 09:36:25, 9.78e-13, 9.09e-11
2019-09-22, 09:36:30, 1.01e-12, 9.14e-11
2019-09-22, 09:36:34, 9.32e-13, 9.11e-11
2019-09-22, 09:36:38, 1.08e-12, 9.1e-11
2019-09-22, 09:36:42, 9.69e-13, 9.11e-11
2019-09-22, 09:36:47, 9.31e-13, 9.12e-11
2019-09-22, 09:36:51, 9.85e-13, 9.1e-11
2019-09-22, 09:36:55, 9.55e-13, 9.12e-11
2019-09-22, 09:36:59, 9.47e-13, 9.15e-11
2019-09-22, 09:37:03, 9.08e-13, 9.11e-11
2019-09-22, 09:37:08, 9.21e-13, 9.11e-11
2019-09-22, 09:37:12, 9.92e-13, 9.14e-11
2019-09-22, 09:37:16, 9.82e-13, 9.08e-11
2019-09-22, 09:37:20, 9.12e-13, 9.08e-11
2019-09-22, 09:37:25, 9.16e-13, 9.11e-11
2019-09-22, 09:37:29, 1.02e-12, 9.13e-11
2019-09-22, 09:37:33, 1.04e-12, 9.1e-11
2019-09-22, 09:37:37, 9.39e-13, 9.13e-11
2019-09-22, 09:37:41, 9.3e-13, 9.13e-11
2019-09-22, 09:37:46, 9.41e-13, 9.09e-11
2019-09-22, 09:37:50, 1.03e-12, 9.1e-11
2019-09-22, 09:37:54, 9.36e-13, 9.12e-11
2019-09-22, 09:37:58, 8.11e-13, 9.12e-11
2019-09-22, 09:38:03, 1.16e-12, 9.1e-11
2019-09-22, 09:38:07, 1e-12, 9.1e-11
2019-09-22, 09:38:11, 1.02e-12, 9.13e-11
2019-09-22, 09:38:15, 1.03e-12, 9.11e-11
2019-09-22, 09:38:19, 9.94e-13, 9.18e-11
2019-09-22, 09:38:24, 8.31e-13, 9.12e-11
2019-09-22, 09:38:28, 1.04e-12, 9.13e-11
2019-09-22, 09:38:32, 9.69e-13, 9.13e-11
2019-09-22, 09:38:36, 8.86e-13, 9.12e-11
2019-09-22, 09:38:41, 9.82e-13, 9.13e-11
2019-09-22, 09:38:45, 9.86e-13, 9.1e-11
2019-09-22, 09:38:49, 1.05e-12, 9.14e-11
2019-09-22, 09:38:53, 9.63e-13, 9.09e-11
2019-09-22, 09:38:57, 9.26e-13, 9.12e-11
2019-09-22, 09:39:02, 9.91e-13, 9.08e-11
2019-09-22, 09:39:06, 9.89e-13, 9.12e-11
2019-09-22, 09:39:10, 9.48e-13, 9.1e-11
2019-09-22, 09:39:14, 9.94e-13, 9.09e-11
2019-09-22, 09:39:19, 9.89e-13, 9.13e-11
2019-09-22, 09:39:23, 9.36e-13, 9.11e-11
2019-09-22, 09:39:27, 1.03e-12, 9.14e-11
2019-09-22, 09:39:31, 9.23e-13, 9.13e-11
2019-09-22, 09:39:35, 8.05e-13, 9.13e-11
2019-09-22, 09:39:40, 9.35e-13, 9.12e-11
2019-09-22, 09:39:44, 9.08e-13, 9.12e-11
2019-09-22, 09:39:48, 9.81e-13, 9.12e-11
2019-09-22, 09:39:52, 9.28e-13, 9.11e-11
2019-09-22, 09:39:56, 9.75e-13, 9.13e-11
2019-09-22, 09:40:01, 9.63e-13, 9.13e-11
2019-09-22, 09:40:05, 9.81e-13, 9.11e-11
2019-09-22, 09:40:09, 9.78e-13, 9.14e-11
2019-09-22, 09:40:13, 1.01e-12, 9.11e-11
2019-09-22, 09:40:18, 1.07e-12, 9.11e-11
2019-09-22, 09:40:22, 1.01e-12, 9.09e-11
2019-09-22, 09:40:26, 9.66e-13, 9.14e-11
2019-09-22, 09:40:30, 9.71e-13, 9.12e-11
2019-09-22, 09:40:34, 1.02e-12, 9.13e-11
2019-09-22, 09:40:39, 1.04e-12, 9.11e-11
2019-09-22, 09:40:43, 9.87e-13, 9.1e-11
2019-09-22, 09:40:47, 9.23e-13, 9.17e-11
2019-09-22, 09:40:51, 9.23e-13, 9.14e-11
2019-09-22, 09:40:56, 9.69e-13, 9.14e-11
2019-09-22, 09:41:00, 9.77e-13, 9.17e-11
2019-09-22, 09:41:04, 9.34e-13, 9.15e-11
2019-09-22, 09:41:08, 9.91e-13, 9.12e-11
2019-09-22, 09:41:12, 9.83e-13, 9.12e-11
2019-09-22, 09:41:17, 1.02e-12, 9.14e-11
2019-09-22, 09:41:21, 9.88e-13, 9.11e-11
2019-09-22, 09:41:25, 1e-12, 9.15e-11
2019-09-22, 09:41:29, 9.08e-13, 9.12e-11
2019-09-22, 09:41:34, 9.85e-13, 9.09e-11
2019-09-22, 09:41:38, 1e-12, 9.15e-11
2019-09-22, 09:41:42, 9.33e-13, 9.12e-11
2019-09-22, 09:41:46, 9.61e-13, 9.09e-11
2019-09-22, 09:41:50, 9.59e-13, 9.1e-11
2019-09-22, 09:41:55, 1.02e-12, 9.17e-11
2019-09-22, 09:41:59, 9.82e-13, 9.11e-11
2019-09-22, 09:42:03, 9.6e-13, 9.15e-11
2019-09-22, 09:42:07, 9.28e-13, 9.15e-11
2019-09-22, 09:42:12, 9.79e-13, 9.15e-11
2019-09-22, 09:42:16, 9.4e-13, 9.15e-11
2019-09-22, 09:42:20, 9.62e-13, 9.13e-11
2019-09-22, 09:42:24, 1.07e-12, 9.14e-11
2019-09-22, 09:42:28, 9.6e-13, 9.12e-11
2019-09-22, 09:42:33, 1.05e-12, 9.11e-11
2019-09-22, 09:42:37, 9.7e-13, 9.16e-11
2019-09-22, 09:42:41, 9.55e-13, 9.15e-11
2019-09-22, 09:42:45, 9.68e-13, 9.1e-11
2019-09-22, 09:42:50, 9.73e-13, 9.11e-11
2019-09-22, 09:42:54, 8.89e-13, 9.15e-11
2019-09-22, 09:42:58, 9.69e-13, 9.15e-11
2019-09-22, 09:43:02, 9.58e-13, 9.14e-11
2019-09-22, 09:43:06, 9.12e-13, 9.13e-11
2019-09-22, 09:43:11, 9.84e-13, 9.14e-11
2019-09-22, 09:43:15, 9.74e-13, 9.15e-11
2019-09-22, 09:43:19, 9.97e-13, 9.16e-11
2019-09-22, 09:43:23, 9.79e-13, 9.11e-11
2019-09-22, 09:43:28, 9.07e-13, 9.13e-11
2019-09-22, 09:43:32, 9.75e-13, 9.09e-11
2019-09-22, 09:43:36, 8.32e-13, 9.15e-11
2019-09-22, 09:43:40, 9.52e-13, 9.08e-11
2019-09-22, 09:43:44, 9.53e-13, 9.09e-11
2019-09-22, 09:43:49, 9.76e-13, 9.08e-11
2019-09-22, 09:43:53, 9.38e-13, 9.13e-11
2019-09-22, 09:43:57, 9.84e-13, 9.11e-11
2019-09-22, 09:44:01, 1.01e-12, 9.16e-11
2019-09-22, 09:44:05, 9.19e-13, 9.1e-11
2019-09-22, 09:44:10, 9.22e-13, 9.11e-11
2019-09-22, 09:44:14, 1.03e-12, 9.09e-11
2019-09-22, 09:44:18, 9.79e-13, 9.12e-11
2019-09-22, 09:44:22, 9.54e-13, 9.12e-11
2019-09-22, 09:44:27, 9.89e-13, 9.11e-11
2019-09-22, 09:44:31, 9.45e-13, 9.14e-11
2019-09-22, 09:44:35, 9.8e-13, 9.1e-11
2019-09-22, 09:44:39, 8.78e-13, 9.09e-11
2019-09-22, 09:44:43, 9.65e-13, 9.08e-11
2019-09-22, 09:44:48, 8.02e-13, 9.14e-11
2019-09-22, 09:44:52, 9.34e-13, 9.1e-11
2019-09-22, 09:44:56, 8.94e-13, 9.11e-11
2019-09-22, 09:45:00, 9.75e-13, 9.1e-11
2019-09-22, 09:45:05, 9.68e-13, 9.07e-11
2019-09-22, 09:45:09, 1.05e-12, 9.09e-11
2019-09-22, 09:45:13, 9.32e-13, 9.15e-11
2019-09-22, 09:45:17, 9.4e-13, 9.09e-11
2019-09-22, 09:45:21, 9.5e-13, 9.07e-11
2019-09-22, 09:45:26, 9.97e-13, 9.09e-11
2019-09-22, 09:45:30, 9.96e-13, 9.15e-11
2019-09-22, 09:45:34, 9.43e-13, 9.12e-11
2019-09-22, 09:45:38, 8.98e-13, 9.11e-11
2019-09-22, 09:45:43, 9.68e-13, 9.11e-11
2019-09-22, 09:45:47, 9.8e-13, 9.09e-11
2019-09-22, 09:45:51, 9.53e-13, 9.13e-11
2019-09-22, 09:45:55, 9.44e-13, 9.08e-11
2019-09-22, 09:45:59, 9.62e-13, 9.11e-11
2019-09-22, 09:46:04, 9.05e-13, 9.07e-11
2019-09-22, 09:46:08, 1.08e-12, 9.11e-11
2019-09-22, 09:46:12, 9.18e-13, 9.1e-11
2019-09-22, 09:46:16, 1.07e-12, 9.08e-11
2019-09-22, 09:46:21, 9.53e-13, 9.13e-11
2019-09-22, 09:46:25, 9.32e-13, 9.09e-11
2019-09-22, 09:46:29, 1.06e-12, 9.13e-11
2019-09-22, 09:46:33, 9.8e-13, 9.07e-11
2019-09-22, 09:46:37, 1.04e-12, 9.08e-11
2019-09-22, 09:46:42, 9.13e-13, 9.1e-11
2019-09-22, 09:46:46, 9.25e-13, 9.07e-11
2019-09-22, 09:46:50, 9.01e-13, 9.07e-11
2019-09-22, 09:46:54, 9.55e-13, 9.07e-11
2019-09-22, 09:46:59, 9.54e-13, 9.11e-11
2019-09-22, 09:47:03, 9.7e-13, 9.13e-11
2019-09-22, 09:47:07, 1.08e-12, 9.08e-11
2019-09-22, 09:47:11, 9.41e-13, 9.07e-11
2019-09-22, 09:47:15, 9.53e-13, 9.05e-11
2019-09-22, 09:47:20, 9.83e-13, 9.06e-11
2019-09-22, 09:47:24, 9.28e-13, 9.1e-11
2019-09-22, 09:47:28, 9.75e-13, 9.13e-11
2019-09-22, 09:47:32, 1.05e-12, 9.1e-11
2019-09-22, 09:47:37, 9.97e-13, 9.11e-11
2019-09-22, 09:47:41, 9.52e-13, 9.1e-11
2019-09-22, 09:47:45, 9.9e-13, 9.09e-11
2019-09-22, 09:47:49, 8.91e-13, 9.09e-11
2019-09-22, 09:47:53, 8.08e-13, 9.1e-11
2019-09-22, 09:47:58, 9.21e-13, 9.1e-11
2019-09-22, 09:48:02, 1.01e-12, 9.12e-11
2019-09-22, 09:48:06, 8.27e-13, 9.09e-11
2019-09-22, 09:48:10, 1.02e-12, 9.09e-11
2019-09-22, 09:48:14, 9.93e-13, 9.09e-11
2019-09-22, 09:48:19, 9.94e-13, 9.07e-11
2019-09-22, 09:48:23, 9.07e-13, 9.11e-11
2019-09-22, 09:48:27, 9.55e-13, 9.1e-11
2019-09-22, 09:48:31, 9.29e-13, 9.13e-11
2019-09-22, 09:48:36, 1.07e-12, 9.1e-11
2019-09-22, 09:48:40, 9.15e-13, 9.08e-11
2019-09-22, 09:48:44, 1.02e-12, 9.1e-11
2019-09-22, 09:48:48, 1.03e-12, 9.09e-11
2019-09-22, 09:48:52, 9.43e-13, 9.07e-11
2019-09-22, 09:48:57, 9.08e-13, 9.08e-11
2019-09-22, 09:49:01, 9.85e-13, 9.07e-11
2019-09-22, 09:49:05, 9.65e-13, 9.1e-11
2019-09-22, 09:49:09, 9.61e-13, 9.09e-11
2019-09-22, 09:49:14, 9.72e-13, 9.07e-11
2019-09-22, 09:49:18, 9.99e-13, 9.11e-11
2019-09-22, 09:49:22, 1.02e-12, 9.07e-11
2019-09-22, 09:49:26, 9.45e-13, 9.15e-11
2019-09-22, 09:49:30, 9.57e-13, 9.1e-11
2019-09-22, 09:49:35, 9.81e-13, 9.05e-11
2019-09-22, 09:49:39, 9.73e-13, 9.1e-11
2019-09-22, 09:49:43, 9.06e-13, 9.13e-11
2019-09-22, 09:49:47, 9.62e-13, 9.13e-11
2019-09-22, 09:49:52, 9.32e-13, 9.1e-11
2019-09-22, 09:49:56, 1.04e-12, 9.11e-11
2019-09-22, 09:50:00, 9.74e-13, 9.12e-11
2019-09-22, 09:50:04, 9.89e-13, 9.05e-11
2019-09-22, 09:50:08, 1.01e-12, 9.09e-11
2019-09-22, 09:50:13, 9.85e-13, 9.09e-11
2019-09-22, 09:50:17, 9.13e-13, 9.1e-11
2019-09-22, 09:50:21, 9.84e-13, 9.14e-11
2019-09-22, 09:50:25, 9.43e-13, 9.08e-11
2019-09-22, 09:50:30, 9.68e-13, 9.06e-11
2019-09-22, 09:50:34, 1.03e-12, 9.06e-11
2019-09-22, 09:50:38, 9.95e-13, 9.1e-11
2019-09-22, 09:50:42, 1.02e-12, 9.09e-11
2019-09-22, 09:50:46, 9.4e-13, 9.09e-11
2019-09-22, 09:50:51, 9.56e-13, 9.07e-11
2019-09-22, 09:50:55, 1e-12, 9.07e-11
2019-09-22, 09:50:59, 9.71e-13, 9.09e-11
2019-09-22, 09:51:03, 9.82e-13, 9.09e-11
2019-09-22, 09:51:08, 9.36e-13, 9.11e-11
2019-09-22, 09:51:12, 9.64e-13, 9.12e-11
2019-09-22, 09:51:16, 9.81e-13, 9.12e-11
2019-09-22, 09:51:20, 9.42e-13, 9.14e-11
2019-09-22, 09:51:24, 9.83e-13, 9.09e-11
2019-09-22, 09:51:29, 9.66e-13, 9.09e-11
2019-09-22, 09:51:33, 9.65e-13, 9.11e-11
2019-09-22, 09:51:37, 9.46e-13, 9.1e-11
2019-09-22, 09:51:41, 9.18e-13, 9.11e-11
2019-09-22, 09:51:46, 1.02e-12, 9.12e-11
2019-09-22, 09:51:50, 9.29e-13, 9.12e-11
2019-09-22, 09:51:54, 9.75e-13, 9.11e-11
2019-09-22, 09:51:58, 9.97e-13, 9.06e-11
2019-09-22, 09:52:02, 9.6e-13, 9.07e-11
2019-09-22, 09:52:07, 9.67e-13, 9.09e-11
2019-09-22, 09:52:11, 9.82e-13, 9.07e-11
2019-09-22, 09:52:15, 9.77e-13, 9.06e-11
2019-09-22, 09:52:19, 9.52e-13, 9.14e-11
2019-09-22, 09:52:23, 9.52e-13, 9.09e-11
2019-09-22, 09:52:28, 9.18e-13, 9.09e-11
2019-09-22, 09:52:32, 9.2e-13, 9.1e-11
2019-09-22, 09:52:36, 9.34e-13, 9.07e-11
2019-09-22, 09:52:40, 9.62e-13, 9.08e-11
2019-09-22, 09:52:45, 9.55e-13, 9.1e-11
2019-09-22, 09:52:49, 9.74e-13, 9.11e-11
2019-09-22, 09:52:53, 9.52e-13, 9.1e-11
2019-09-22, 09:52:57, 9.78e-13, 9.08e-11
2019-09-22, 09:53:01, 9.78e-13, 9.05e-11
2019-09-22, 09:53:06, 9.76e-13, 9.09e-11
2019-09-22, 09:53:10, 1.03e-12, 9.08e-11
2019-09-22, 09:53:14, 1.01e-12, 9.11e-11
2019-09-22, 09:53:18, 9.96e-13, 9.11e-11
2019-09-22, 09:53:23, 1.01e-12, 9.11e-11
2019-09-22, 09:53:27, 1.01e-12, 9.11e-11
2019-09-22, 09:53:31, 9.16e-13, 9.08e-11
2019-09-22, 09:53:35, 1.05e-12, 9.08e-11
2019-09-22, 09:53:39, 9.52e-13, 9.06e-11
2019-09-22, 09:53:44, 1.01e-12, 9.09e-11
2019-09-22, 09:53:48, 9.97e-13, 9.09e-11
2019-09-22, 09:53:52, 9.81e-13, 9.05e-11
2019-09-22, 09:53:56, 9.27e-13, 9.07e-11
2019-09-22, 09:54:01, 9.81e-13, 9.11e-11
2019-09-22, 09:54:05, 9.07e-13, 9.11e-11
2019-09-22, 09:54:09, 9.75e-13, 9.1e-11
2019-09-22, 09:54:13, 9.73e-13, 9.13e-11
2019-09-22, 09:54:17, 9.82e-13, 9.05e-11
2019-09-22, 09:54:22, 9.45e-13, 9.07e-11
2019-09-22, 09:54:26, 9.49e-13, 9.04e-11
2019-09-22, 09:54:30, 9.44e-13, 9.13e-11
2019-09-22, 09:54:34, 1.01e-12, 9.1e-11
2019-09-22, 09:54:39, 9.26e-13, 9.1e-11
2019-09-22, 09:54:43, 9.67e-13, 9.1e-11
2019-09-22, 09:54:47, 9.88e-13, 9.11e-11
2019-09-22, 09:54:51, 9.01e-13, 9.07e-11
2019-09-22, 09:54:55, 1.01e-12, 9.09e-11
2019-09-22, 09:55:00, 8.73e-13, 9.1e-11
2019-09-22, 09:55:04, 1.06e-12, 9.11e-11
2019-09-22, 09:55:08, 9.67e-13, 9.07e-11
2019-09-22, 09:55:12, 9.9e-13, 9.06e-11
2019-09-22, 09:55:17, 9.2e-13, 9.07e-11
2019-09-22, 09:55:21, 9.67e-13, 9.09e-11
2019-09-22, 09:55:25, 1.01e-12, 9.09e-11
2019-09-22, 09:55:29, 1.07e-12, 9.06e-11
2019-09-22, 09:55:33, 1.02e-12, 9.1e-11
2019-09-22, 09:55:38, 9.7e-13, 9.1e-11
2019-09-22, 09:55:42, 1.01e-12, 9.09e-11
2019-09-22, 09:55:46, 1.03e-12, 9.1e-11
2019-09-22, 09:55:50, 1.01e-12, 9.09e-11
2019-09-22, 09:55:54, 9.1e-13, 9.1e-11
2019-09-22, 09:55:59, 9.89e-13, 9.13e-11
2019-09-22, 09:56:03, 9.58e-13, 9.16e-11
2019-09-22, 09:56:07, 1.02e-12, 9.1e-11
2019-09-22, 09:56:11, 9.26e-13, 9.12e-11
2019-09-22, 09:56:16, 9.14e-13, 9.11e-11
2019-09-22, 09:56:20, 9.63e-13, 9.11e-11
2019-09-22, 09:56:24, 9.78e-13, 9.04e-11
2019-09-22, 09:56:28, 9.5e-13, 9.08e-11
2019-09-22, 09:56:32, 9.82e-13, 9.07e-11
2019-09-22, 09:56:37, 9.49e-13, 9.06e-11
2019-09-22, 09:56:41, 9.77e-13, 9.12e-11
2019-09-22, 09:56:45, 1.01e-12, 9.16e-11
2019-09-22, 09:56:49, 8.53e-13, 9.13e-11
2019-09-22, 09:56:54, 9.78e-13, 9.13e-11
2019-09-22, 09:56:58, 9.92e-13, 9.07e-11
2019-09-22, 09:57:02, 9.56e-13, 9.06e-11
2019-09-22, 09:57:07, 9.27e-13, 9.05e-11
2019-09-22, 09:57:11, 9.77e-13, 9.07e-11
2019-09-22, 09:57:15, 9.81e-13, 9.09e-11
2019-09-22, 09:57:19, 8.19e-13, 9.11e-11
2019-09-22, 09:57:23, 9.94e-13, 9.12e-11
2019-09-22, 09:57:28, 1.03e-12, 9.05e-11
2019-09-22, 09:57:32, 9.8e-13, 9.09e-11
2019-09-22, 09:57:36, 9.57e-13, 9.11e-11
2019-09-22, 09:57:40, 9.82e-13, 9.07e-11
2019-09-22, 09:57:45, 9.18e-13, 9.06e-11
2019-09-22, 09:57:49, 9.05e-13, 9.08e-11
2019-09-22, 09:57:53, 9.64e-13, 9.04e-11
2019-09-22, 09:57:57, 1.01e-12, 9.08e-11
2019-09-22, 09:58:01, 9.71e-13, 9.09e-11
2019-09-22, 09:58:06, 9.74e-13, 9.1e-11
2019-09-22, 09:58:10, 9.97e-13, 9.1e-11
2019-09-22, 09:58:14, 9.33e-13, 9.11e-11
2019-09-22, 09:58:18, 1.11e-12, 9.05e-11
2019-09-22, 09:58:23, 8.64e-13, 9.09e-11
2019-09-22, 09:58:27, 9.54e-13, 9.08e-11
2019-09-22, 09:58:31, 9.8e-13, 9.11e-11
2019-09-22, 09:58:35, 9.91e-13, 9.12e-11
2019-09-22, 09:58:39, 1.01e-12, 9.1e-11
2019-09-22, 09:58:44, 9.89e-13, 9.1e-11
2019-09-22, 09:58:48, 9.42e-13, 9.06e-11
2019-09-22, 09:58:52, 9.51e-13, 9.06e-11
2019-09-22, 09:58:56, 9.85e-13, 9.07e-11
2019-09-22, 09:59:01, 9.12e-13, 9.07e-11
2019-09-22, 09:59:05, 8.36e-13, 9.12e-11
2019-09-22, 09:59:09, 9.95e-13, 9.11e-11
2019-09-22, 09:59:13, 9.65e-13, 9.11e-11
2019-09-22, 09:59:17, 9.15e-13, 9.08e-11
2019-09-22, 09:59:22, 9.36e-13, 9.11e-11
2019-09-22, 09:59:26, 9.26e-13, 9.12e-11
2019-09-22, 09:59:30, 9.49e-13, 9.08e-11
2019-09-22, 09:59:34, 1.05e-12, 9.06e-11
2019-09-22, 09:59:39, 9.66e-13, 9.11e-11
2019-09-22, 09:59:43, 9.44e-13, 9.13e-11
2019-09-22, 09:59:47, 9.4e-13, 9.13e-11
2019-09-22, 09:59:51, 9.56e-13, 9.09e-11
2019-09-22, 09:59:55, 9.47e-13, 9.12e-11
2019-09-22, 10:00:00, 8.93e-13, 9.1e-11
2019-09-22, 10:00:04, 9.7e-13, 9.09e-11
2019-09-22, 10:00:08, 1e-12, 9.12e-11
2019-09-22, 10:00:12, 9.53e-13, 9.07e-11
2019-09-22, 10:00:17, 8.98e-13, 9.12e-11
2019-09-22, 10:00:21, 9.4e-13, 9.11e-11
2019-09-22, 10:00:25, 1.01e-12, 9.11e-11
2019-09-22, 10:00:29, 9.68e-13, 9.13e-11
2019-09-22, 10:00:33, 9.95e-13, 9.1e-11
2019-09-22, 10:00:38, 1e-12, 9.1e-11
2019-09-22, 10:00:42, 9.07e-13, 9.1e-11
2019-09-22, 10:00:46, 9.89e-13, 9.09e-11
2019-09-22, 10:00:50, 8.64e-13, 9.09e-11
2019-09-22, 10:00:55, 9.19e-13, 9.09e-11
2019-09-22, 10:00:59, 9.72e-13, 9.13e-11
2019-09-22, 10:01:03, 9.17e-13, 9.12e-11
2019-09-22, 10:01:07, 9.97e-13, 9.07e-11
2019-09-22, 10:01:11, 9.54e-13, 9.08e-11
2019-09-22, 10:01:16, 9.47e-13, 9.05e-11
2019-09-22, 10:01:20, 1e-12, 9.1e-11
2019-09-22, 10:01:24, 8.41e-13, 9.07e-11
2019-09-22, 10:01:28, 1.01e-12, 9.09e-11
2019-09-22, 10:01:32, 9.38e-13, 9.13e-11
2019-09-22, 10:01:37, 9.74e-13, 9.13e-11
2019-09-22, 10:01:41, 9.56e-13, 9.14e-11
2019-09-22, 10:01:45, 8.97e-13, 9.17e-11
2019-09-22, 10:01:49, 9.31e-13, 9.18e-11
2019-09-22, 10:01:54, 9.4e-13, 9.12e-11
2019-09-22, 10:01:58, 9.18e-13, 9.16e-11
2019-09-22, 10:02:02, 9.41e-13, 9.15e-11
2019-09-22, 10:02:06, 9.49e-13, 9.16e-11
2019-09-22, 10:02:10, 9.2e-13, 9.19e-11
2019-09-22, 10:02:15, 9.14e-13, 9.16e-11
2019-09-22, 10:02:19, 9.72e-13, 9.18e-11
2019-09-22, 10:02:23, 9.36e-13, 9.12e-11
2019-09-22, 10:02:27, 9.69e-13, 9.15e-11
2019-09-22, 10:02:32, 9.01e-13, 9.15e-11
2019-09-22, 10:02:36, 9.54e-13, 9.13e-11
2019-09-22, 10:02:40, 9.85e-13, 9.12e-11
2019-09-22, 10:02:44, 9.12e-13, 9.15e-11
2019-09-22, 10:02:48, 9.31e-13, 9.16e-11
2019-09-22, 10:02:53, 9.6e-13, 9.14e-11
2019-09-22, 10:02:57, 1e-12, 9.09e-11
2019-09-22, 10:03:01, 9.94e-13, 9.15e-11
2019-09-22, 10:03:05, 1.04e-12, 9.14e-11
2019-09-22, 10:03:10, 9.42e-13, 9.16e-11
2019-09-22, 10:03:14, 9.34e-13, 9.16e-11
2019-09-22, 10:03:18, 1.01e-12, 9.19e-11
2019-09-22, 10:03:22, 9.8e-13, 9.13e-11
2019-09-22, 10:03:26, 9.7e-13, 9.14e-11
2019-09-22, 10:03:31, 9.48e-13, 9.14e-11
2019-09-22, 10:03:35, 9.97e-13, 9.18e-11
2019-09-22, 10:03:39, 9.64e-13, 9.12e-11
2019-09-22, 10:03:43, 9.39e-13, 9.13e-11
2019-09-22, 10:03:48, 9.76e-13, 9.16e-11
2019-09-22, 10:03:52, 9.46e-13, 9.17e-11
2019-09-22, 10:03:56, 9.95e-13, 9.13e-11
2019-09-22, 10:04:00, 8.63e-13, 9.13e-11
2019-09-22, 10:04:04, 9.86e-13, 9.11e-11
2019-09-22, 10:04:09, 1.02e-12, 9.1e-11
2019-09-22, 10:04:13, 1.02e-12, 9.14e-11
2019-09-22, 10:04:17, 8.96e-13, 9.1e-11
2019-09-22, 10:04:21, 9.52e-13, 9.13e-11
2019-09-22, 10:04:26, 9.8e-13, 9.14e-11
2019-09-22, 10:04:30, 9.99e-13, 9.12e-11
2019-09-22, 10:04:34, 9.44e-13, 9.17e-11
2019-09-22, 10:04:38, 9.32e-13, 9.17e-11
2019-09-22, 10:04:42, 9.75e-13, 9.14e-11
2019-09-22, 10:04:47, 9.5e-13, 9.13e-11
2019-09-22, 10:04:51, 9.96e-13, 9.11e-11
2019-09-22, 10:04:55, 9.17e-13, 9.14e-11
2019-09-22, 10:04:59, 1.07e-12, 9.11e-11
2019-09-22, 10:05:03, 9.77e-13, 9.14e-11
2019-09-22, 10:05:08, 9.39e-13, 9.08e-11
2019-09-22, 10:05:12, 9.55e-13, 9.13e-11
2019-09-22, 10:05:16, 9.86e-13, 9.07e-11
2019-09-22, 10:05:20, 9.33e-13, 9.08e-11
2019-09-22, 10:05:25, 9.66e-13, 9.12e-11
2019-09-22, 10:05:29, 8.96e-13, 9.1e-11
2019-09-22, 10:05:33, 9.92e-13, 9.14e-11
2019-09-22, 10:05:37, 1e-12, 9.12e-11
2019-09-22, 10:05:41, 9.56e-13, 9.15e-11
2019-09-22, 10:05:46, 9.41e-13, 9.1e-11
2019-09-22, 10:05:50, 9.63e-13, 9.09e-11
2019-09-22, 10:05:54, 9.93e-13, 9.1e-11
2019-09-22, 10:05:58, 9.57e-13, 9.11e-11
2019-09-22, 10:06:03, 9.78e-13, 9.1e-11
2019-09-22, 10:06:07, 9.53e-13, 9.12e-11
2019-09-22, 10:06:11, 9.51e-13, 9.13e-11
2019-09-22, 10:06:15, 9.36e-13, 9.1e-11
2019-09-22, 10:06:19, 1.02e-12, 9.11e-11
2019-09-22, 10:06:24, 9.54e-13, 9.13e-11
2019-09-22, 10:06:28, 9.22e-13, 9.12e-11
2019-09-22, 10:06:32, 9.43e-13, 9.17e-11
2019-09-22, 10:06:36, 9.85e-13, 9.07e-11
2019-09-22, 10:06:41, 8.46e-13, 9.11e-11
2019-09-22, 10:06:45, 9.44e-13, 9.11e-11
2019-09-22, 10:06:49, 1.02e-12, 9.12e-11
2019-09-22, 10:06:53, 9.27e-13, 9.11e-11
2019-09-22, 10:06:57, 9.55e-13, 9.1e-11
2019-09-22, 10:07:02, 1.06e-12, 9.09e-11
2019-09-22, 10:07:06, 9.32e-13, 9.14e-11
2019-09-22, 10:07:10, 9.56e-13, 9.05e-11
2019-09-22, 10:07:14, 1.02e-12, 9.09e-11
2019-09-22, 10:07:19, 9.8e-13, 9.06e-11
2019-09-22, 10:07:23, 1.1e-12, 9.12e-11
2019-09-22, 10:07:27, 9.58e-13, 9.1e-11
2019-09-22, 10:07:31, 1.03e-12, 9.11e-11
2019-09-22, 10:07:35, 9.34e-13, 9.11e-11
2019-09-22, 10:07:40, 8.04e-13, 9.12e-11
2019-09-22, 10:07:44, 9.65e-13, 9.1e-11
2019-09-22, 10:07:48, 1.02e-12, 9.1e-11
2019-09-22, 10:07:52, 8.91e-13, 9.12e-11
2019-09-22, 10:07:57, 9.53e-13, 9.12e-11
2019-09-22, 10:08:01, 9.66e-13, 9.14e-11
2019-09-22, 10:08:05, 9.99e-13, 9.12e-11
2019-09-22, 10:08:09, 9.74e-13, 9.12e-11
2019-09-22, 10:08:13, 9.15e-13, 9.1e-11
2019-09-22, 10:08:18, 9.73e-13, 9.06e-11
2019-09-22, 10:08:22, 9.73e-13, 9.08e-11
2019-09-22, 10:08:26, 1.02e-12, 9.12e-11
2019-09-22, 10:08:30, 1.02e-12, 9.08e-11
2019-09-22, 10:08:35, 9.7e-13, 9.08e-11
2019-09-22, 10:08:39, 9.51e-13, 9.1e-11
2019-09-22, 10:08:43, 9.45e-13, 9.07e-11
2019-09-22, 10:08:47, 9.95e-13, 9.07e-11
2019-09-22, 10:08:51, 9.69e-13, 9.05e-11
2019-09-22, 10:08:56, 9.87e-13, 9.09e-11
2019-09-22, 10:09:00, 9.49e-13, 9.09e-11
2019-09-22, 10:09:04, 9.25e-13, 9.13e-11
2019-09-22, 10:09:08, 1.08e-12, 9.08e-11
2019-09-22, 10:09:12, 9.78e-13, 9.08e-11
2019-09-22, 10:09:17, 9.52e-13, 9.09e-11
2019-09-22, 10:09:21, 9.49e-13, 9.13e-11
2019-09-22, 10:09:25, 9.8e-13, 9.06e-11
2019-09-22, 10:09:29, 9.51e-13, 9.15e-11
2019-09-22, 10:09:34, 8.92e-13, 9.05e-11
2019-09-22, 10:09:38, 8.08e-13, 9.08e-11
2019-09-22, 10:09:42, 1.02e-12, 9.11e-11
2019-09-22, 10:09:46, 9.85e-13, 9.12e-11
2019-09-22, 10:09:50, 9.11e-13, 9.12e-11
2019-09-22, 10:09:55, 9.51e-13, 9.13e-11
2019-09-22, 10:09:59, 9.62e-13, 9.13e-11
2019-09-22, 10:10:03, 1e-12, 9.08e-11
2019-09-22, 10:10:07, 9.64e-13, 9.09e-11
2019-09-22, 10:10:12, 9.22e-13, 9.11e-11
2019-09-22, 10:10:16, 9.3e-13, 9.06e-11
2019-09-22, 10:10:20, 1.07e-12, 9.13e-11
2019-09-22, 10:10:24, 1.11e-12, 9.05e-11
2019-09-22, 10:10:28, 9.88e-13, 9.12e-11
2019-09-22, 10:10:33, 9.78e-13, 9.08e-11
2019-09-22, 10:10:37, 9.72e-13, 9.12e-11
2019-09-22, 10:10:41, 9.7e-13, 9.14e-11
2019-09-22, 10:10:45, 9.56e-13, 9.12e-11
2019-09-22, 10:10:50, 9.2e-13, 9.08e-11
2019-09-22, 10:10:54, 1.01e-12, 9.14e-11
2019-09-22, 10:10:58, 9.85e-13, 9.1e-11
2019-09-22, 10:11:02, 9.44e-13, 9.11e-11
2019-09-22, 10:11:06, 9.56e-13, 9.08e-11
2019-09-22, 10:11:11, 9.9e-13, 9.07e-11
2019-09-22, 10:11:15, 1.01e-12, 9.08e-11
2019-09-22, 10:11:19, 9.64e-13, 9.08e-11
2019-09-22, 10:11:23, 9.89e-13, 9.06e-11
2019-09-22, 10:11:28, 9.42e-13, 9.08e-11
2019-09-22, 10:11:32, 1.05e-12, 9.11e-11
2019-09-22, 10:11:36, 8.43e-13, 9.1e-11
2019-09-22, 10:11:40, 9.2e-13, 9.1e-11
2019-09-22, 10:11:44, 9.29e-13, 9.1e-11
2019-09-22, 10:11:49, 9.99e-13, 9.09e-11
2019-09-22, 10:11:53, 9.95e-13, 9.13e-11
2019-09-22, 10:11:57, 9.85e-13, 9.07e-11
2019-09-22, 10:12:01, 9.54e-13, 9.1e-11
2019-09-22, 10:12:06, 9.15e-13, 9.08e-11
2019-09-22, 10:12:10, 9.82e-13, 9.09e-11
2019-09-22, 10:12:14, 9.83e-13, 9.1e-11
2019-09-22, 10:12:18, 1.01e-12, 9.11e-11
2019-09-22, 10:12:22, 1.01e-12, 9.09e-11
2019-09-22, 10:12:27, 9.96e-13, 9.06e-11
2019-09-22, 10:12:31, 9.59e-13, 9.08e-11
2019-09-22, 10:12:35, 1.1e-12, 9.11e-11
2019-09-22, 10:12:39, 9.06e-13, 9.1e-11
2019-09-22, 10:12:43, 9.8e-13, 9.13e-11
2019-09-22, 10:12:48, 1.02e-12, 9.11e-11
2019-09-22, 10:12:52, 9.51e-13, 9.12e-11
2019-09-22, 10:12:56, 1.01e-12, 9.1e-11
2019-09-22, 10:13:00, 9.29e-13, 9.1e-11
2019-09-22, 10:13:05, 9.74e-13, 9.07e-11
2019-09-22, 10:13:09, 9.35e-13, 9.1e-11
2019-09-22, 10:13:13, 9.02e-13, 9.11e-11
2019-09-22, 10:13:17, 9.97e-13, 9.11e-11
2019-09-22, 10:13:21, 1.01e-12, 9.12e-11
2019-09-22, 10:13:26, 9.42e-13, 9.11e-11
2019-09-22, 10:13:30, 9.4e-13, 9.07e-11
2019-09-22, 10:13:34, 8.89e-13, 9.1e-11
2019-09-22, 10:13:38, 9.44e-13, 9.05e-11
2019-09-22, 10:13:43, 1.07e-12, 9.11e-11
2019-09-22, 10:13:47, 9.73e-13, 9.07e-11
2019-09-22, 10:13:51, 9.85e-13, 9.09e-11
2019-09-22, 10:13:55, 9.91e-13, 9.05e-11
2019-09-22, 10:13:59, 9.99e-13, 9.07e-11
2019-09-22, 10:14:04, 7.66e-13, 9.08e-11
2019-09-22, 10:14:08, 9.45e-13, 9.1e-11
2019-09-22, 10:14:12, 9.35e-13, 9.04e-11
2019-09-22, 10:14:16, 9.65e-13, 9.12e-11
2019-09-22, 10:14:21, 9.79e-13, 9.08e-11
2019-09-22, 10:14:25, 9.49e-13, 9.07e-11
2019-09-22, 10:14:29, 9.63e-13, 9.09e-11
2019-09-22, 10:14:33, 8.96e-13, 9.1e-11
2019-09-22, 10:14:37, 9.51e-13, 9.18e-11
2019-09-22, 10:14:42, 9.53e-13, 9.09e-11
2019-09-22, 10:14:46, 9e-13, 9.08e-11
2019-09-22, 10:14:50, 9.9e-13, 9.09e-11
2019-09-22, 10:14:54, 9.35e-13, 9.08e-11
2019-09-22, 10:14:59, 1.05e-12, 9.1e-11
2019-09-22, 10:15:03, 9.33e-13, 9.07e-11
2019-09-22, 10:15:07, 1.01e-12, 9.12e-11
2019-09-22, 10:15:11, 9.89e-13, 9.18e-11
2019-09-22, 10:15:15, 9.97e-13, 9.09e-11
2019-09-22, 10:15:20, 9.48e-13, 9.12e-11
2019-09-22, 10:15:24, 9.29e-13, 9.1e-11
2019-09-22, 10:15:28, 8.97e-13, 9.11e-11
2019-09-22, 10:15:32, 8.95e-13, 9.08e-11
2019-09-22, 10:15:37, 9.64e-13, 9.06e-11
2019-09-22, 10:15:41, 9.43e-13, 9.08e-11
2019-09-22, 10:15:45, 9.79e-13, 9.09e-11
2019-09-22, 10:15:49, 9.85e-13, 9.07e-11
2019-09-22, 10:15:53, 9.97e-13, 9.1e-11
2019-09-22, 10:15:58, 9.67e-13, 9.11e-11
2019-09-22, 10:16:02, 9.77e-13, 9.07e-11
2019-09-22, 10:16:06, 9.17e-13, 9.15e-11
2019-09-22, 10:16:10, 9.82e-13, 9.08e-11
2019-09-22, 10:16:15, 9.33e-13, 9.09e-11
2019-09-22, 10:16:19, 9.25e-13, 9.11e-11
2019-09-22, 10:16:23, 9.97e-13, 9.1e-11
2019-09-22, 10:16:27, 9.77e-13, 9.07e-11
2019-09-22, 10:16:31, 9.56e-13, 9.1e-11
2019-09-22, 10:16:36, 9.28e-13, 9.14e-11
2019-09-22, 10:16:40, 9.72e-13, 9.1e-11
2019-09-22, 10:16:44, 1.08e-12, 9.12e-11
2019-09-22, 10:16:48, 8.71e-13, 9.1e-11
2019-09-22, 10:16:53, 9.74e-13, 9.12e-11
2019-09-22, 10:16:57, 9.75e-13, 9.14e-11
2019-09-22, 10:17:01, 9.41e-13, 9.07e-11
2019-09-22, 10:17:05, 9.6e-13, 9.08e-11
2019-09-22, 10:17:09, 9.18e-13, 9.13e-11
2019-09-22, 10:17:14, 8.82e-13, 9.13e-11
2019-09-22, 10:17:18, 9.15e-13, 9.11e-11
2019-09-22, 10:17:22, 9.34e-13, 9.17e-11
2019-09-22, 10:17:26, 9.81e-13, 9.14e-11
2019-09-22, 10:17:30, 9.3e-13, 9.06e-11
2019-09-22, 10:17:35, 9.77e-13, 9.09e-11
2019-09-22, 10:17:39, 9.8e-13, 9.06e-11
2019-09-22, 10:17:43, 1.06e-12, 9.08e-11
2019-09-22, 10:17:47, 9.58e-13, 9.08e-11
2019-09-22, 10:17:52, 9.71e-13, 9.1e-11
2019-09-22, 10:17:56, 9.62e-13, 9.08e-11
2019-09-22, 10:18:00, 9.63e-13, 9.07e-11
2019-09-22, 10:18:04, 9.43e-13, 9.06e-11
2019-09-22, 10:18:08, 9.45e-13, 9.1e-11
2019-09-22, 10:18:13, 9.48e-13, 9.1e-11
2019-09-22, 10:18:17, 1.05e-12, 9.12e-11
2019-09-22, 10:18:21, 9.32e-13, 9.1e-11
2019-09-22, 10:18:25, 9.64e-13, 9.15e-11
2019-09-22, 10:18:30, 9.42e-13, 9.13e-11
2019-09-22, 10:18:34, 9.61e-13, 9.11e-11
2019-09-22, 10:18:38, 1.09e-12, 9.07e-11
2019-09-22, 10:18:42, 9.95e-13, 9.1e-11
2019-09-22, 10:18:46, 9.35e-13, 9.1e-11
2019-09-22, 10:18:51, 9.37e-13, 9.1e-11
2019-09-22, 10:18:55, 9.39e-13, 9.07e-11
2019-09-22, 10:18:59, 9.09e-13, 9.06e-11
2019-09-22, 10:19:03, 9.17e-13, 9.08e-11
2019-09-22, 10:19:08, 8.85e-13, 9.08e-11
2019-09-22, 10:19:12, 9.91e-13, 9.13e-11
2019-09-22, 10:19:16, 9.62e-13, 9.11e-11
2019-09-22, 10:19:20, 1.09e-12, 9.13e-11
2019-09-22, 10:19:24, 9.29e-13, 9.08e-11
2019-09-22, 10:19:29, 9.81e-13, 9.1e-11
2019-09-22, 10:19:33, 1.05e-12, 9.09e-11
2019-09-22, 10:19:37, 9.89e-13, 9.06e-11
2019-09-22, 10:19:41, 9.53e-13, 9.1e-11
2019-09-22, 10:19:46, 9.09e-13, 9.06e-11
2019-09-22, 10:19:50, 9.46e-13, 9.06e-11
2019-09-22, 10:19:54, 1.01e-12, 9.1e-11
2019-09-22, 10:19:58, 9.7e-13, 9.12e-11
2019-09-22, 10:20:02, 9.49e-13, 9.1e-11
2019-09-22, 10:20:07, 9.34e-13, 9.12e-11
2019-09-22, 10:20:11, 9.88e-13, 9.1e-11
2019-09-22, 10:20:15, 1.01e-12, 9.11e-11
2019-09-22, 10:20:19, 9.45e-13, 9.13e-11
2019-09-22, 10:20:24, 1.01e-12, 9.13e-11
2019-09-22, 10:20:28, 9.63e-13, 9.08e-11
2019-09-22, 10:20:32, 9.68e-13, 9.12e-11
2019-09-22, 10:20:36, 9.38e-13, 9.11e-11
2019-09-22, 10:20:40, 9.35e-13, 9.1e-11
2019-09-22, 10:20:45, 9.8e-13, 9.09e-11
2019-09-22, 10:20:49, 9.04e-13, 9.07e-11
2019-09-22, 10:20:53, 1.09e-12, 9.08e-11
2019-09-22, 10:20:57, 9.97e-13, 9.1e-11
2019-09-22, 10:21:01, 9.36e-13, 9.05e-11
2019-09-22, 10:21:06, 9.42e-13, 9.12e-11
2019-09-22, 10:21:10, 9.39e-13, 9.13e-11
2019-09-22, 10:21:14, 9.68e-13, 9.13e-11
2019-09-22, 10:21:18, 9.47e-13, 9.1e-11
2019-09-22, 10:21:23, 9.69e-13, 9.09e-11
2019-09-22, 10:21:27, 9.68e-13, 9.11e-11
2019-09-22, 10:21:31, 9.52e-13, 9.11e-11
2019-09-22, 10:21:35, 9.6e-13, 9.14e-11
2019-09-22, 10:21:39, 9.69e-13, 9.09e-11
2019-09-22, 10:21:44, 9.63e-13, 9.11e-11
2019-09-22, 10:21:48, 9.99e-13, 9.14e-11
2019-09-22, 10:21:52, 8.92e-13, 9.1e-11
2019-09-22, 10:21:56, 9.66e-13, 9.11e-11
2019-09-22, 10:22:01, 9.17e-13, 9.09e-11
2019-09-22, 10:22:05, 1.03e-12, 9.13e-11
2019-09-22, 10:22:09, 1e-12, 9.09e-11
2019-09-22, 10:22:13, 9.53e-13, 9.11e-11
2019-09-22, 10:22:17, 9.9e-13, 9.06e-11
2019-09-22, 10:22:22, 1.01e-12, 9.1e-11
2019-09-22, 10:22:26, 1.02e-12, 9.08e-11
2019-09-22, 10:22:30, 1.02e-12, 9.06e-11
2019-09-22, 10:22:34, 9.81e-13, 9.07e-11
2019-09-22, 10:22:39, 9.37e-13, 9.11e-11
2019-09-22, 10:22:43, 9.6e-13, 9.11e-11
2019-09-22, 10:22:47, 8.84e-13, 9.09e-11
2019-09-22, 10:22:51, 9.83e-13, 9.11e-11
2019-09-22, 10:22:55, 9.96e-13, 9.08e-11
2019-09-22, 10:23:00, 9.33e-13, 9.04e-11
2019-09-22, 10:23:04, 9.81e-13, 9.1e-11
2019-09-22, 10:23:08, 9.89e-13, 9.05e-11
2019-09-22, 10:23:12, 9.86e-13, 9.13e-11
2019-09-22, 10:23:17, 9.15e-13, 9.1e-11
2019-09-22, 10:23:21, 9.57e-13, 9.08e-11
2019-09-22, 10:23:25, 9.2e-13, 9.1e-11
2019-09-22, 10:23:29, 8.66e-13, 9.1e-11
2019-09-22, 10:23:33, 9.35e-13, 9.08e-11
2019-09-22, 10:23:38, 9.75e-13, 9.08e-11
2019-09-22, 10:23:42, 9.53e-13, 9.14e-11
2019-09-22, 10:23:46, 8.94e-13, 9.1e-11
2019-09-22, 10:23:50, 1.09e-12, 9.12e-11
2019-09-22, 10:23:55, 9.83e-13, 9.07e-11
2019-09-22, 10:23:59, 9.32e-13, 9.09e-11
2019-09-22, 10:24:03, 9.75e-13, 9.08e-11
2019-09-22, 10:24:07, 7.92e-13, 9.08e-11
2019-09-22, 10:24:11, 9.49e-13, 9.09e-11
2019-09-22, 10:24:16, 9.37e-13, 9.12e-11
2019-09-22, 10:24:20, 9.66e-13, 9.11e-11
2019-09-22, 10:24:24, 1.02e-12, 9.07e-11
2019-09-22, 10:24:28, 9.63e-13, 9.11e-11
2019-09-22, 10:24:33, 9.42e-13, 9.12e-11
2019-09-22, 10:24:37, 1.02e-12, 9.1e-11
2019-09-22, 10:24:41, 9.46e-13, 9.11e-11
2019-09-22, 10:24:45, 1.01e-12, 9.12e-11
2019-09-22, 10:24:49, 9.57e-13, 9.05e-11
2019-09-22, 10:24:54, 9.4e-13, 9.06e-11
2019-09-22, 10:24:58, 9.85e-13, 9.06e-11
2019-09-22, 10:25:02, 9.95e-13, 9.07e-11
2019-09-22, 10:25:06, 9.86e-13, 9.12e-11
2019-09-22, 10:25:10, 1e-12, 9.08e-11
2019-09-22, 10:25:15, 9.24e-13, 9.08e-11
2019-09-22, 10:25:19, 1.03e-12, 9.06e-11
2019-09-22, 10:25:23, 9.21e-13, 9.09e-11
2019-09-22, 10:25:27, 9.89e-13, 9.06e-11
2019-09-22, 10:25:32, 9.6e-13, 9.08e-11
2019-09-22, 10:25:36, 9.4e-13, 9.07e-11
2019-09-22, 10:25:40, 9.71e-13, 9.08e-11
2019-09-22, 10:25:44, 9.77e-13, 9.1e-11
2019-09-22, 10:25:48, 1.03e-12, 9.09e-11
2019-09-22, 10:25:53, 9.11e-13, 9.1e-11
2019-09-22, 10:25:57, 9.23e-13, 9.08e-11
2019-09-22, 10:26:01, 9.72e-13, 9.1e-11
2019-09-22, 10:26:05, 9.53e-13, 9.08e-11
2019-09-22, 10:26:10, 9.29e-13, 9.09e-11
2019-09-22, 10:26:14, 9.38e-13, 9.1e-11
2019-09-22, 10:26:18, 9.31e-13, 9.14e-11
2019-09-22, 10:26:22, 9.46e-13, 9.04e-11
2019-09-22, 10:26:26, 9.7e-13, 9.09e-11
2019-09-22, 10:26:31, 9.49e-13, 9.1e-11
2019-09-22, 10:26:35, 8.3e-13, 9.11e-11
2019-09-22, 10:26:39, 9.83e-13, 9.1e-11
2019-09-22, 10:26:43, 9.81e-13, 9.13e-11
2019-09-22, 10:26:48, 9.55e-13, 9.1e-11
2019-09-22, 10:26:52, 9.87e-13, 9.08e-11
2019-09-22, 10:26:56, 9.9e-13, 9.07e-11
2019-09-22, 10:27:00, 9.53e-13, 9.07e-11
2019-09-22, 10:27:04, 9.37e-13, 9.08e-11
2019-09-22, 10:27:09, 1e-12, 9.11e-11
2019-09-22, 10:27:13, 9.8e-13, 9.08e-11
2019-09-22, 10:27:17, 9.18e-13, 9.08e-11
2019-09-22, 10:27:21, 1.03e-12, 9.09e-11
2019-09-22, 10:27:26, 9.77e-13, 9.11e-11
2019-09-22, 10:27:30, 1e-12, 9.13e-11
2019-09-22, 10:27:34, 9.43e-13, 9.08e-11
2019-09-22, 10:27:38, 1.01e-12, 9.12e-11
2019-09-22, 10:27:42, 1.02e-12, 9.1e-11
2019-09-22, 10:27:47, 9.77e-13, 9.1e-11
2019-09-22, 10:27:51, 9.49e-13, 9.11e-11
2019-09-22, 10:27:55, 1.01e-12, 9.1e-11
2019-09-22, 10:27:59, 9.94e-13, 9.14e-11
2019-09-22, 10:28:04, 9.96e-13, 9.12e-11
2019-09-22, 10:28:08, 9.64e-13, 9.08e-11
2019-09-22, 10:28:12, 9.73e-13, 9.11e-11
2019-09-22, 10:28:16, 9.93e-13, 9.1e-11
2019-09-22, 10:28:20, 9.24e-13, 9.14e-11
2019-09-22, 10:28:25, 9.91e-13, 9.1e-11
2019-09-22, 10:28:29, 9.73e-13, 9.09e-11
2019-09-22, 10:28:33, 1.05e-12, 9.09e-11
2019-09-22, 10:28:37, 9.85e-13, 9.12e-11
2019-09-22, 10:28:42, 9.14e-13, 9.12e-11
2019-09-22, 10:28:46, 9.64e-13, 9.09e-11
2019-09-22, 10:28:50, 1.13e-12, 9.08e-11
2019-09-22, 10:28:54, 9.82e-13, 9.09e-11
2019-09-22, 10:28:58, 8.72e-13, 9.2e-11
2019-09-22, 10:29:03, 9.67e-13, 9.11e-11
2019-09-22, 10:29:07, 1.02e-12, 9.1e-11
2019-09-22, 10:29:11, 9.53e-13, 9.05e-11
2019-09-22, 10:29:15, 9.23e-13, 9.09e-11
2019-09-22, 10:29:19, 9.03e-13, 9.06e-11
2019-09-22, 10:29:24, 9.97e-13, 9.11e-11
2019-09-22, 10:29:28, 9.62e-13, 9.06e-11
2019-09-22, 10:29:32, 9.8e-13, 9.07e-11
2019-09-22, 10:29:36, 9.23e-13, 9.09e-11
2019-09-22, 10:29:41, 1e-12, 9.04e-11
2019-09-22, 10:29:45, 9.89e-13, 9.1e-11
2019-09-22, 10:29:49, 9.57e-13, 9.07e-11
2019-09-22, 10:29:53, 9.55e-13, 9.12e-11
2019-09-22, 10:29:57, 9.68e-13, 9.1e-11
2019-09-22, 10:30:02, 9.78e-13, 9.09e-11
2019-09-22, 10:30:06, 1.03e-12, 9.11e-11
2019-09-22, 10:30:10, 9.69e-13, 9.1e-11
2019-09-22, 10:30:14, 9.7e-13, 9.11e-11
2019-09-22, 10:30:19, 1.01e-12, 9.04e-11
2019-09-22, 10:30:23, 9.71e-13, 9.06e-11
2019-09-22, 10:30:27, 9.82e-13, 9.08e-11
2019-09-22, 10:30:31, 9.58e-13, 9.11e-11
2019-09-22, 10:30:35, 9.61e-13, 9.09e-11
2019-09-22, 10:30:40, 8.87e-13, 9.07e-11
2019-09-22, 10:30:44, 9.51e-13, 9.11e-11
2019-09-22, 10:30:48, 9.02e-13, 9.15e-11
2019-09-22, 10:30:52, 9.13e-13, 9.07e-11
2019-09-22, 10:30:57, 9.94e-13, 9.08e-11
2019-09-22, 10:31:01, 9.35e-13, 9.09e-11
2019-09-22, 10:31:05, 9.78e-13, 9.08e-11
2019-09-22, 10:31:09, 9.1e-13, 9.12e-11
2019-09-22, 10:31:13, 1.04e-12, 9.1e-11
2019-09-22, 10:31:18, 9.37e-13, 9.08e-11
2019-09-22, 10:31:22, 9.39e-13, 9.1e-11
2019-09-22, 10:31:26, 9.42e-13, 9.1e-11
2019-09-22, 10:31:30, 9.07e-13, 9.1e-11
2019-09-22, 10:31:35, 9.43e-13, 9.11e-11
2019-09-22, 10:31:39, 9.64e-13, 9.1e-11
2019-09-22, 10:31:43, 9.57e-13, 9.07e-11
2019-09-22, 10:31:47, 9.27e-13, 9.11e-11
2019-09-22, 10:31:51, 1e-12, 9.08e-11
2019-09-22, 10:31:56, 9.89e-13, 9.08e-11
2019-09-22, 10:32:00, 9.74e-13, 9.09e-11
2019-09-22, 10:32:04, 9.88e-13, 9.08e-11
2019-09-22, 10:32:08, 9.3e-13, 9.07e-11
2019-09-22, 10:32:13, 9.07e-13, 9.09e-11
2019-09-22, 10:32:17, 9.8e-13, 9.05e-11
2019-09-22, 10:32:21, 9.42e-13, 9.07e-11
2019-09-22, 10:32:25, 9.68e-13, 9.05e-11
2019-09-22, 10:32:29, 9.51e-13, 9.11e-11
2019-09-22, 10:32:34, 1e-12, 9.12e-11
2019-09-22, 10:32:38, 9.32e-13, 9.13e-11
2019-09-22, 10:32:42, 9.56e-13, 9.07e-11
2019-09-22, 10:32:46, 9.75e-13, 9.08e-11
2019-09-22, 10:32:51, 9.12e-13, 9.06e-11
2019-09-22, 10:32:55, 9.74e-13, 9.08e-11
2019-09-22, 10:32:59, 9.75e-13, 9.07e-11
2019-09-22, 10:33:03, 9.43e-13, 9.11e-11
2019-09-22, 10:33:07, 9.48e-13, 9.1e-11
2019-09-22, 10:33:12, 8.64e-13, 9.08e-11
2019-09-22, 10:33:16, 9.71e-13, 9.11e-11
2019-09-22, 10:33:20, 9.66e-13, 9.06e-11
2019-09-22, 10:33:24, 9.39e-13, 9.06e-11
2019-09-22, 10:33:29, 9.17e-13, 9.1e-11
2019-09-22, 10:33:33, 9.08e-13, 9.12e-11
2019-09-22, 10:33:37, 1.04e-12, 9.1e-11
2019-09-22, 10:33:41, 8.84e-13, 9.12e-11
2019-09-22, 10:33:45, 9.51e-13, 9.09e-11
2019-09-22, 10:33:50, 9.13e-13, 9.07e-11
2019-09-22, 10:33:54, 9.7e-13, 9.07e-11
2019-09-22, 10:33:58, 9.74e-13, 9.04e-11
2019-09-22, 10:34:02, 9.6e-13, 9.08e-11
2019-09-22, 10:34:06, 9.5e-13, 9.04e-11
2019-09-22, 10:34:11, 9.75e-13, 9.08e-11
2019-09-22, 10:34:15, 9.57e-13, 9.1e-11
2019-09-22, 10:34:19, 1.04e-12, 9.11e-11
2019-09-22, 10:34:23, 9.94e-13, 9.11e-11
2019-09-22, 10:34:28, 9.89e-13, 9.11e-11
2019-09-22, 10:34:32, 9.8e-13, 9.06e-11
2019-09-22, 10:34:36, 9.8e-13, 9.1e-11
2019-09-22, 10:34:40, 9.86e-13, 9.04e-11
2019-09-22, 10:34:44, 9.62e-13, 9.06e-11
2019-09-22, 10:34:49, 8.98e-13, 9.07e-11
2019-09-22, 10:34:53, 9.42e-13, 9.06e-11
2019-09-22, 10:34:57, 9.29e-13, 9.1e-11
2019-09-22, 10:35:01, 9.7e-13, 9.04e-11
2019-09-22, 10:35:06, 9.45e-13, 9.05e-11
2019-09-22, 10:35:10, 9.54e-13, 9.1e-11
2019-09-22, 10:35:14, 1e-12, 9.08e-11
2019-09-22, 10:35:18, 1.01e-12, 9.1e-11
2019-09-22, 10:35:22, 9.23e-13, 9.06e-11
2019-09-22, 10:35:27, 9.17e-13, 9.08e-11
2019-09-22, 10:35:31, 9.36e-13, 9.07e-11
2019-09-22, 10:35:35, 9.84e-13, 9.1e-11
2019-09-22, 10:35:39, 9.34e-13, 9.04e-11
2019-09-22, 10:35:44, 9.55e-13, 9.07e-11
2019-09-22, 10:35:48, 1.03e-12, 9.08e-11
2019-09-22, 10:35:52, 1.12e-12, 9.1e-11
2019-09-22, 10:35:56, 8.75e-13, 9.07e-11
2019-09-22, 10:36:00, 1.04e-12, 9.08e-11
2019-09-22, 10:36:05, 9.5e-13, 9.08e-11
2019-09-22, 10:36:09, 9.23e-13, 9.1e-11
2019-09-22, 10:36:13, 1e-12, 9.06e-11
2019-09-22, 10:36:17, 1e-12, 9.07e-11
2019-09-22, 10:36:22, 9.34e-13, 9.05e-11
2019-09-22, 10:36:26, 1.02e-12, 9.07e-11
2019-09-22, 10:36:30, 9.45e-13, 9.07e-11
2019-09-22, 10:36:34, 9.74e-13, 9.05e-11
2019-09-22, 10:36:38, 9.45e-13, 9.09e-11
2019-09-22, 10:36:43, 9.43e-13, 9.07e-11
2019-09-22, 10:36:47, 8.95e-13, 9.02e-11
2019-09-22, 10:36:51, 9.96e-13, 9.06e-11
2019-09-22, 10:36:55, 1.03e-12, 9.01e-11
2019-09-22, 10:37:00, 9.56e-13, 9.05e-11
2019-09-22, 10:37:04, 9.43e-13, 9.06e-11
2019-09-22, 10:37:08, 9.45e-13, 9.06e-11
2019-09-22, 10:37:12, 9.83e-13, 9.05e-11
2019-09-22, 10:37:16, 1e-12, 9.06e-11
2019-09-22, 10:37:21, 1.03e-12, 9.1e-11
2019-09-22, 10:37:25, 8.76e-13, 9.13e-11
2019-09-22, 10:37:29, 1.04e-12, 9.06e-11
2019-09-22, 10:37:33, 9.12e-13, 9.06e-11
2019-09-22, 10:37:38, 9.41e-13, 9.08e-11
2019-09-22, 10:37:42, 9.01e-13, 9.09e-11
2019-09-22, 10:37:46, 9.76e-13, 9.08e-11
2019-09-22, 10:37:50, 9.62e-13, 9.05e-11
2019-09-22, 10:37:54, 1.04e-12, 9.09e-11
2019-09-22, 10:37:59, 9.65e-13, 9.09e-11
2019-09-22, 10:38:03, 9.5e-13, 9.07e-11
2019-09-22, 10:38:07, 9.68e-13, 9.07e-11
2019-09-22, 10:38:11, 1e-12, 9.07e-11
2019-09-22, 10:38:16, 1.02e-12, 9.07e-11
2019-09-22, 10:38:20, 9.38e-13, 9.06e-11
2019-09-22, 10:38:24, 9.61e-13, 9.09e-11
2019-09-22, 10:38:28, 9.7e-13, 9.08e-11
2019-09-22, 10:38:32, 9.39e-13, 9.07e-11
2019-09-22, 10:38:37, 9.58e-13, 9.07e-11
2019-09-22, 10:38:41, 1.06e-12, 9.08e-11
2019-09-22, 10:38:45, 9.49e-13, 9.07e-11
2019-09-22, 10:38:49, 9.07e-13, 9.04e-11
2019-09-22, 10:38:53, 9.81e-13, 9.04e-11
2019-09-22, 10:38:58, 9.69e-13, 9.08e-11
2019-09-22, 10:39:02, 9.41e-13, 9.07e-11
2019-09-22, 10:39:06, 9.81e-13, 9.07e-11
2019-09-22, 10:39:10, 9.23e-13, 9.07e-11
2019-09-22, 10:39:15, 1.01e-12, 9.08e-11
2019-09-22, 10:39:19, 1.12e-12, 9.06e-11
2019-09-22, 10:39:23, 9.63e-13, 9.07e-11
2019-09-22, 10:39:27, 9.45e-13, 9.1e-11
2019-09-22, 10:39:31, 8.75e-13, 9.08e-11
2019-09-22, 10:39:36, 1e-12, 9.05e-11
2019-09-22, 10:39:40, 9.7e-13, 9.04e-11
2019-09-22, 10:39:44, 9.65e-13, 9.09e-11
2019-09-22, 10:39:48, 9.49e-13, 9.07e-11
2019-09-22, 10:39:53, 9.65e-13, 9.05e-11
2019-09-22, 10:39:57, 9.11e-13, 9.04e-11
2019-09-22, 10:40:01, 9.31e-13, 9.06e-11
2019-09-22, 10:40:05, 1.01e-12, 9.02e-11
2019-09-22, 10:40:09, 8.85e-13, 9.08e-11
2019-09-22, 10:40:14, 9.98e-13, 9.06e-11
2019-09-22, 10:40:18, 9.75e-13, 9.08e-11
2019-09-22, 10:40:22, 9.74e-13, 9.09e-11
2019-09-22, 10:40:26, 9.44e-13, 9.1e-11
2019-09-22, 10:40:31, 9.27e-13, 9.05e-11
2019-09-22, 10:40:35, 1.1e-12, 9.06e-11
2019-09-22, 10:40:39, 9.46e-13, 9.06e-11
2019-09-22, 10:40:43, 9.58e-13, 9.04e-11
2019-09-22, 10:40:47, 9.16e-13, 9.11e-11
2019-09-22, 10:40:52, 1.03e-12, 9.09e-11
2019-09-22, 10:40:56, 8.76e-13, 9.03e-11
2019-09-22, 10:41:00, 9.14e-13, 9.07e-11
2019-09-22, 10:41:04, 1e-12, 9.07e-11
2019-09-22, 10:41:09, 9.87e-13, 9.09e-11
2019-09-22, 10:41:13, 9.5e-13, 9.07e-11
2019-09-22, 10:41:17, 9.7e-13, 9.09e-11
2019-09-22, 10:41:21, 1.01e-12, 9.11e-11
2019-09-22, 10:41:25, 9.57e-13, 9.08e-11
2019-09-22, 10:41:30, 9.84e-13, 9.07e-11
2019-09-22, 10:41:34, 9.33e-13, 9.1e-11
2019-09-22, 10:41:38, 9.54e-13, 9.05e-11
2019-09-22, 10:41:42, 9.81e-13, 9.06e-11
2019-09-22, 10:41:47, 8.63e-13, 9.09e-11
2019-09-22, 10:41:51, 9.52e-13, 9.05e-11
2019-09-22, 10:41:55, 9.55e-13, 9.09e-11
2019-09-22, 10:41:59, 9.42e-13, 9.05e-11
2019-09-22, 10:42:03, 9.71e-13, 9.09e-11
2019-09-22, 10:42:08, 9.16e-13, 9.05e-11
2019-09-22, 10:42:12, 9.44e-13, 9.07e-11
2019-09-22, 10:42:16, 8.27e-13, 9.1e-11
2019-09-22, 10:42:20, 9.38e-13, 9.03e-11
2019-09-22, 10:42:25, 9.24e-13, 9.06e-11
2019-09-22, 10:42:29, 9.94e-13, 9.08e-11
2019-09-22, 10:42:33, 1e-12, 9.06e-11
2019-09-22, 10:42:37, 1e-12, 9.04e-11
2019-09-22, 10:42:41, 9.77e-13, 9.06e-11
2019-09-22, 10:42:46, 9.63e-13, 9.03e-11
2019-09-22, 10:42:50, 1.06e-12, 9.06e-11
2019-09-22, 10:42:54, 9.86e-13, 9.06e-11
2019-09-22, 10:42:58, 1.15e-12, 9.11e-11
2019-09-22, 10:43:02, 1.03e-12, 9.06e-11
2019-09-22, 10:43:07, 9.42e-13, 9.11e-11
2019-09-22, 10:43:11, 1.05e-12, 9.08e-11
2019-09-22, 10:43:15, 9.11e-13, 9.08e-11
2019-09-22, 10:43:19, 9.39e-13, 9.05e-11
2019-09-22, 10:43:24, 9.79e-13, 9.11e-11
2019-09-22, 10:43:28, 9.32e-13, 9.1e-11
2019-09-22, 10:43:32, 9.13e-13, 9.1e-11
2019-09-22, 10:43:36, 9.87e-13, 9.09e-11
2019-09-22, 10:43:40, 1e-12, 9.08e-11
2019-09-22, 10:43:45, 9.31e-13, 9.06e-11
2019-09-22, 10:43:49, 9.67e-13, 9.09e-11
2019-09-22, 10:43:53, 9.94e-13, 9.09e-11
2019-09-22, 10:43:57, 9.77e-13, 9.14e-11
2019-09-22, 10:44:02, 1.09e-12, 9.06e-11
2019-09-22, 10:44:06, 1e-12, 9.03e-11
2019-09-22, 10:44:10, 1.05e-12, 9.07e-11
2019-09-22, 10:44:14, 9.26e-13, 9.09e-11
2019-09-22, 10:44:18, 9.42e-13, 9.05e-11
2019-09-22, 10:44:23, 9.62e-13, 9.05e-11
2019-09-22, 10:44:27, 1.11e-12, 9.08e-11
2019-09-22, 10:44:31, 9.43e-13, 9.05e-11
2019-09-22, 10:44:35, 1.01e-12, 9.08e-11
2019-09-22, 10:44:40, 9.9e-13, 9.09e-11
2019-09-22, 10:44:44, 9.92e-13, 9.09e-11
2019-09-22, 10:44:48, 9.28e-13, 9.09e-11
2019-09-22, 10:44:52, 9.34e-13, 9.07e-11
2019-09-22, 10:44:56, 9.79e-13, 9.07e-11
2019-09-22, 10:45:01, 9.96e-13, 9.09e-11
2019-09-22, 10:45:05, 9.87e-13, 9.05e-11
2019-09-22, 10:45:09, 9.94e-13, 9.14e-11
2019-09-22, 10:45:13, 9.32e-13, 9.03e-11
2019-09-22, 10:45:18, 9.68e-13, 9.05e-11
2019-09-22, 10:45:22, 9.43e-13, 9.05e-11
2019-09-22, 10:45:26, 9.59e-13, 9.05e-11
2019-09-22, 10:45:30, 1.01e-12, 9.07e-11
2019-09-22, 10:45:34, 1.02e-12, 9.07e-11
2019-09-22, 10:45:39, 9.05e-13, 9.03e-11
2019-09-22, 10:45:43, 9.65e-13, 9.07e-11
2019-09-22, 10:45:47, 9.96e-13, 9.11e-11
2019-09-22, 10:45:51, 9.25e-13, 9.02e-11
2019-09-22, 10:45:56, 8.95e-13, 9.11e-11
2019-09-22, 10:46:00, 1e-12, 9.02e-11
2019-09-22, 10:46:04, 9.06e-13, 9.07e-11
2019-09-22, 10:46:08, 9.3e-13, 9.07e-11
2019-09-22, 10:46:12, 9.47e-13, 9.05e-11
2019-09-22, 10:46:17, 9.27e-13, 9.12e-11
2019-09-22, 10:46:21, 1.01e-12, 9.06e-11
2019-09-22, 10:46:25, 9.32e-13, 9.06e-11
2019-09-22, 10:46:29, 8.86e-13, 9.05e-11
2019-09-22, 10:46:34, 9.63e-13, 9.07e-11
2019-09-22, 10:46:38, 9.58e-13, 9.06e-11
2019-09-22, 10:46:42, 1e-12, 9.05e-11
2019-09-22, 10:46:46, 9.73e-13, 9.05e-11
2019-09-22, 10:46:50, 9.79e-13, 9.01e-11
2019-09-22, 10:46:55, 1.07e-12, 9.06e-11
2019-09-22, 10:46:59, 9.94e-13, 9.02e-11
2019-09-22, 10:47:03, 9.63e-13, 9.09e-11
2019-09-22, 10:47:07, 9.53e-13, 9.1e-11
2019-09-22, 10:47:12, 9.02e-13, 9.08e-11
2019-09-22, 10:47:16, 9.36e-13, 9.08e-11
2019-09-22, 10:47:20, 9.44e-13, 9.05e-11
2019-09-22, 10:47:24, 9.75e-13, 9.06e-11
2019-09-22, 10:47:28, 1.01e-12, 9.09e-11
2019-09-22, 10:47:33, 9.83e-13, 9.1e-11
2019-09-22, 10:47:37, 1.03e-12, 9.07e-11
2019-09-22, 10:47:41, 9.98e-13, 9.07e-11
2019-09-22, 10:47:45, 9.86e-13, 9.09e-11
2019-09-22, 10:47:50, 9.12e-13, 9.05e-11
2019-09-22, 10:47:54, 9.24e-13, 9.06e-11
2019-09-22, 10:47:58, 9.66e-13, 9.07e-11
2019-09-22, 10:48:02, 1.14e-12, 9.04e-11
2019-09-22, 10:48:06, 9.63e-13, 9.06e-11
2019-09-22, 10:48:11, 9.83e-13, 9.08e-11
2019-09-22, 10:48:15, 9.87e-13, 9.04e-11
2019-09-22, 10:48:19, 9.97e-13, 9.07e-11
2019-09-22, 10:48:23, 9.66e-13, 9.04e-11
2019-09-22, 10:48:27, 9.25e-13, 9.08e-11
2019-09-22, 10:48:32, 9.64e-13, 9.07e-11
2019-09-22, 10:48:36, 9.52e-13, 9.09e-11
2019-09-22, 10:48:40, 9.43e-13, 9.09e-11
2019-09-22, 10:48:44, 9.73e-13, 9.06e-11
2019-09-22, 10:48:49, 9.98e-13, 9.1e-11
2019-09-22, 10:48:53, 9.45e-13, 9.07e-11
2019-09-22, 10:48:57, 1.05e-12, 9.09e-11
2019-09-22, 10:49:01, 9.84e-13, 9.07e-11
2019-09-22, 10:49:05, 9.23e-13, 9.08e-11
2019-09-22, 10:49:10, 9.54e-13, 9.11e-11
2019-09-22, 10:49:14, 1.08e-12, 9.07e-11
2019-09-22, 10:49:18, 9.58e-13, 9.06e-11
2019-09-22, 10:49:22, 9.23e-13, 9.06e-11
2019-09-22, 10:49:27, 8.94e-13, 9.05e-11
2019-09-22, 10:49:31, 9.67e-13, 9.08e-11
2019-09-22, 10:49:35, 9.79e-13, 9.06e-11
2019-09-22, 10:49:39, 8.92e-13, 9.08e-11
2019-09-22, 10:49:43, 9.1e-13, 9.07e-11
2019-09-22, 10:49:48, 9.95e-13, 9.07e-11
2019-09-22, 10:49:52, 9.82e-13, 9.09e-11
2019-09-22, 10:49:56, 9.68e-13, 9.12e-11
2019-09-22, 10:50:00, 9.19e-13, 9.07e-11
2019-09-22, 10:50:05, 9.79e-13, 9.06e-11
2019-09-22, 10:50:09, 9.06e-13, 9.09e-11
2019-09-22, 10:50:13, 9.89e-13, 9.05e-11
2019-09-22, 10:50:17, 9.43e-13, 9.1e-11
2019-09-22, 10:50:21, 1.03e-12, 9.12e-11
2019-09-22, 10:50:26, 8.7e-13, 9.07e-11
2019-09-22, 10:50:30, 9.76e-13, 9.08e-11
2019-09-22, 10:50:34, 9.38e-13, 9.1e-11
2019-09-22, 10:50:38, 9.48e-13, 9.07e-11
2019-09-22, 10:50:43, 1.03e-12, 9.07e-11
2019-09-22, 10:50:47, 9.64e-13, 9.1e-11
2019-09-22, 10:50:51, 9.32e-13, 9.11e-11
2019-09-22, 10:50:55, 9.18e-13, 9.09e-11
2019-09-22, 10:50:59, 9.81e-13, 9.09e-11
2019-09-22, 10:51:04, 9.95e-13, 9.07e-11
2019-09-22, 10:51:08, 9.63e-13, 9.08e-11
2019-09-22, 10:51:12, 9.83e-13, 9.1e-11
2019-09-22, 10:51:16, 9.91e-13, 9.12e-11
2019-09-22, 10:51:21, 1.02e-12, 9.11e-11
2019-09-22, 10:51:25, 9.32e-13, 9.11e-11
2019-09-22, 10:51:29, 9.95e-13, 9.09e-11
2019-09-22, 10:51:33, 9.36e-13, 9.1e-11
2019-09-22, 10:51:37, 9.54e-13, 9.06e-11
2019-09-22, 10:51:42, 9.46e-13, 9.11e-11
2019-09-22, 10:51:46, 1.06e-12, 9.08e-11
2019-09-22, 10:51:50, 9.62e-13, 9.09e-11
2019-09-22, 10:51:54, 1.04e-12, 9.07e-11
2019-09-22, 10:51:59, 9.51e-13, 9.1e-11
2019-09-22, 10:52:03, 9.21e-13, 9.11e-11
2019-09-22, 10:52:07, 9.66e-13, 9.06e-11
2019-09-22, 10:52:11, 8.5e-13, 9.09e-11
2019-09-22, 10:52:15, 9.42e-13, 9.11e-11
2019-09-22, 10:52:20, 9.72e-13, 9.15e-11
2019-09-22, 10:52:24, 9.77e-13, 9.13e-11
2019-09-22, 10:52:28, 9.04e-13, 9.03e-11
2019-09-22, 10:52:32, 8.89e-13, 9.08e-11
2019-09-22, 10:52:37, 9.78e-13, 9.08e-11
2019-09-22, 10:52:41, 1e-12, 9.07e-11
2019-09-22, 10:52:45, 9.86e-13, 9.06e-11
2019-09-22, 10:52:49, 9.47e-13, 9.09e-11
2019-09-22, 10:52:53, 9.27e-13, 9.09e-11
2019-09-22, 10:52:58, 1.01e-12, 9.12e-11
2019-09-22, 10:53:02, 8.85e-13, 9.09e-11
2019-09-22, 10:53:06, 9.35e-13, 9.13e-11
2019-09-22, 10:53:10, 9.52e-13, 9.07e-11
2019-09-22, 10:53:14, 9.26e-13, 9.11e-11
2019-09-22, 10:53:19, 9.44e-13, 9.04e-11
2019-09-22, 10:53:23, 9.34e-13, 9.08e-11
2019-09-22, 10:53:27, 9.95e-13, 9.08e-11
2019-09-22, 10:53:31, 9.38e-13, 9.08e-11
2019-09-22, 10:53:36, 1.02e-12, 9.08e-11
2019-09-22, 10:53:40, 9.95e-13, 9.1e-11
2019-09-22, 10:53:44, 9.8e-13, 9.06e-11
2019-09-22, 10:53:48, 9.64e-13, 9.09e-11
2019-09-22, 10:53:52, 9.5e-13, 9.09e-11
2019-09-22, 10:53:57, 1.01e-12, 9.11e-11
2019-09-22, 10:54:01, 9.98e-13, 9.12e-11
2019-09-22, 10:54:05, 9.58e-13, 9.1e-11
2019-09-22, 10:54:09, 9.55e-13, 9.09e-11
2019-09-22, 10:54:14, 1.04e-12, 9.1e-11
2019-09-22, 10:54:18, 9.97e-13, 9.13e-11
2019-09-22, 10:54:22, 8.99e-13, 9.11e-11
2019-09-22, 10:54:26, 9.01e-13, 9.08e-11
2019-09-22, 10:54:30, 9.3e-13, 9.08e-11
2019-09-22, 10:54:35, 1.02e-12, 9.09e-11
2019-09-22, 10:54:39, 9.63e-13, 9.1e-11
2019-09-22, 10:54:43, 9.5e-13, 9.12e-11
2019-09-22, 10:54:47, 1.02e-12, 9.12e-11
2019-09-22, 10:54:52, 1.02e-12, 9.1e-11
2019-09-22, 10:54:56, 9.82e-13, 9.1e-11
2019-09-22, 10:55:00, 9.83e-13, 9.05e-11
2019-09-22, 10:55:04, 9.2e-13, 9.08e-11
2019-09-22, 10:55:08, 1.09e-12, 9.06e-11
2019-09-22, 10:55:13, 9.41e-13, 9.07e-11
2019-09-22, 10:55:17, 1.01e-12, 9.08e-11
2019-09-22, 10:55:21, 8.66e-13, 9.12e-11
2019-09-22, 10:55:25, 9.69e-13, 9.09e-11
2019-09-22, 10:55:30, 9.64e-13, 9.12e-11
2019-09-22, 10:55:34, 9.62e-13, 9.08e-11
2019-09-22, 10:55:38, 1e-12, 9.06e-11
2019-09-22, 10:55:42, 8.92e-13, 9.06e-11
2019-09-22, 10:55:46, 9.92e-13, 9.06e-11
2019-09-22, 10:55:51, 9.65e-13, 9.13e-11
2019-09-22, 10:55:55, 9.45e-13, 9.11e-11
2019-09-22, 10:55:59, 9.81e-13, 9.1e-11
2019-09-22, 10:56:03, 9.01e-13, 9.08e-11
2019-09-22, 10:56:08, 9.62e-13, 9.09e-11
2019-09-22, 10:56:12, 9.1e-13, 9.11e-11
2019-09-22, 10:56:16, 9.65e-13, 9.09e-11
2019-09-22, 10:56:20, 9.99e-13, 9.1e-11
2019-09-22, 10:56:24, 8.51e-13, 9.12e-11
2019-09-22, 10:56:29, 9.35e-13, 9.1e-11
2019-09-22, 10:56:33, 9.6e-13, 9.15e-11
2019-09-22, 10:56:37, 9.6e-13, 9.1e-11
2019-09-22, 10:56:41, 9.35e-13, 9.09e-11
2019-09-22, 10:56:46, 8.77e-13, 9.12e-11
2019-09-22, 10:56:50, 9.53e-13, 9.11e-11
2019-09-22, 10:56:54, 8.55e-13, 9.12e-11
2019-09-22, 10:56:58, 9.72e-13, 9.14e-11
2019-09-22, 10:57:02, 1.08e-12, 9.11e-11
2019-09-22, 10:57:07, 9.95e-13, 9.11e-11
2019-09-22, 10:57:11, 9.18e-13, 9.08e-11
2019-09-22, 10:57:15, 9.87e-13, 9.1e-11
2019-09-22, 10:57:19, 8.93e-13, 9.11e-11
2019-09-22, 10:57:23, 9.47e-13, 9.1e-11
2019-09-22, 10:57:28, 9.48e-13, 9.14e-11
2019-09-22, 10:57:32, 1.01e-12, 9.08e-11
2019-09-22, 10:57:36, 1.02e-12, 9.12e-11
2019-09-22, 10:57:40, 9.61e-13, 9.09e-11
2019-09-22, 10:57:45, 1.02e-12, 9.06e-11
2019-09-22, 10:57:49, 9.27e-13, 9.09e-11
2019-09-22, 10:57:53, 9.07e-13, 9.12e-11
2019-09-22, 10:57:57, 1.01e-12, 9.11e-11
2019-09-22, 10:58:01, 9.36e-13, 9.08e-11
2019-09-22, 10:58:06, 9.44e-13, 9.11e-11
2019-09-22, 10:58:10, 9.65e-13, 9.1e-11
2019-09-22, 10:58:14, 9.67e-13, 9.11e-11
2019-09-22, 10:58:18, 9.61e-13, 9.12e-11
2019-09-22, 10:58:23, 9.66e-13, 9.06e-11
2019-09-22, 10:58:27, 9.23e-13, 9.1e-11
2019-09-22, 10:58:31, 9.58e-13, 9.11e-11
2019-09-22, 10:58:35, 8.42e-13, 9.13e-11
2019-09-22, 10:58:39, 9.72e-13, 9.09e-11
2019-09-22, 10:58:44, 9.26e-13, 9.07e-11
2019-09-22, 10:58:48, 1.12e-12, 9.08e-11
2019-09-22, 10:58:52, 1.05e-12, 9.14e-11
2019-09-22, 10:58:56, 9.46e-13, 9.15e-11
2019-09-22, 10:59:01, 1.01e-12, 9.09e-11
2019-09-22, 10:59:05, 9.46e-13, 9.12e-11
2019-09-22, 10:59:09, 1.02e-12, 9.11e-11
2019-09-22, 10:59:13, 9.4e-13, 9.11e-11
2019-09-22, 10:59:17, 9.61e-13, 9.06e-11
2019-09-22, 10:59:22, 1.03e-12, 9.09e-11
2019-09-22, 10:59:26, 9.75e-13, 9.06e-11
2019-09-22, 10:59:30, 9.97e-13, 9.06e-11
2019-09-22, 10:59:34, 9.42e-13, 9.13e-11
2019-09-22, 10:59:39, 1.01e-12, 9.11e-11
2019-09-22, 10:59:43, 9.69e-13, 9.1e-11
2019-09-22, 10:59:47, 9.52e-13, 9.13e-11
2019-09-22, 10:59:51, 9.47e-13, 9.11e-11
2019-09-22, 10:59:55, 9.83e-13, 9.09e-11
2019-09-22, 11:00:00, 1.06e-12, 9.09e-11
2019-09-22, 11:00:04, 9.28e-13, 9.06e-11
2019-09-22, 11:00:08, 1.11e-12, 9.09e-11
2019-09-22, 11:00:12, 9.35e-13, 9.11e-11
2019-09-22, 11:00:17, 9.59e-13, 9.08e-11
2019-09-22, 11:00:21, 1.02e-12, 9.08e-11
2019-09-22, 11:00:25, 9.69e-13, 9.07e-11
2019-09-22, 11:00:29, 9.62e-13, 9.09e-11
2019-09-22, 11:00:33, 9.79e-13, 9.08e-11
2019-09-22, 11:00:38, 9.46e-13, 9.07e-11
2019-09-22, 11:00:42, 9.41e-13, 9.08e-11
2019-09-22, 11:00:46, 9.54e-13, 9.08e-11
2019-09-22, 11:00:50, 9.91e-13, 9.1e-11
2019-09-22, 11:00:55, 1.07e-12, 9.08e-11
2019-09-22, 11:00:59, 9.83e-13, 9.06e-11
2019-09-22, 11:01:03, 9.44e-13, 9.08e-11
2019-09-22, 11:01:07, 9.84e-13, 9.1e-11
2019-09-22, 11:01:11, 9.25e-13, 9.11e-11
2019-09-22, 11:01:16, 1.01e-12, 9.09e-11
2019-09-22, 11:01:20, 9.66e-13, 9.14e-11
2019-09-22, 11:01:24, 9.44e-13, 9.16e-11
2019-09-22, 11:01:28, 9.58e-13, 9.12e-11
2019-09-22, 11:01:33, 1.06e-12, 9.15e-11
2019-09-22, 11:01:37, 1.04e-12, 9.1e-11
2019-09-22, 11:01:41, 9.33e-13, 9.07e-11
2019-09-22, 11:01:45, 9.07e-13, 9.11e-11
2019-09-22, 11:01:49, 8.35e-13, 9.08e-11
2019-09-22, 11:01:54, 9.35e-13, 9.07e-11
2019-09-22, 11:01:58, 9.61e-13, 9.12e-11
2019-09-22, 11:02:02, 9.99e-13, 9.1e-11
2019-09-22, 11:02:06, 9.32e-13, 9.1e-11
2019-09-22, 11:02:11, 8.96e-13, 9.09e-11
2019-09-22, 11:02:15, 9.51e-13, 9.1e-11
2019-09-22, 11:02:19, 9.89e-13, 9.1e-11
2019-09-22, 11:02:23, 9.38e-13, 9.09e-11
2019-09-22, 11:02:27, 9.29e-13, 9.12e-11
2019-09-22, 11:02:32, 9.9e-13, 9.05e-11
2019-09-22, 11:02:36, 9.7e-13, 9.14e-11
2019-09-22, 11:02:40, 1.02e-12, 9.1e-11
2019-09-22, 11:02:44, 9.02e-13, 9.06e-11
2019-09-22, 11:02:49, 9.82e-13, 9.11e-11
2019-09-22, 11:02:53, 9.73e-13, 9.08e-11
2019-09-22, 11:02:57, 9.53e-13, 9.05e-11
2019-09-22, 11:03:01, 8.13e-13, 9.08e-11
2019-09-22, 11:03:05, 9.93e-13, 9.09e-11
2019-09-22, 11:03:10, 9.62e-13, 9.09e-11
2019-09-22, 11:03:14, 9.26e-13, 9.07e-11
2019-09-22, 11:03:18, 9.75e-13, 9.09e-11
2019-09-22, 11:03:22, 9.52e-13, 9.14e-11
2019-09-22, 11:03:27, 9.01e-13, 9.09e-11
2019-09-22, 11:03:31, 9.55e-13, 9.11e-11
2019-09-22, 11:03:35, 1.04e-12, 9.08e-11
2019-09-22, 11:03:39, 9.45e-13, 9.08e-11
2019-09-22, 11:03:43, 9.34e-13, 9.12e-11
2019-09-22, 11:03:48, 9.69e-13, 9.09e-11
2019-09-22, 11:03:52, 1.05e-12, 9.09e-11
2019-09-22, 11:03:56, 9.88e-13, 9.08e-11
2019-09-22, 11:04:00, 9.41e-13, 9.04e-11
2019-09-22, 11:04:05, 9.66e-13, 9.02e-11
2019-09-22, 11:04:09, 9.37e-13, 9.09e-11
2019-09-22, 11:04:13, 9.87e-13, 9.08e-11
2019-09-22, 11:04:17, 9.75e-13, 9.13e-11
2019-09-22, 11:04:21, 9.47e-13, 9.11e-11
2019-09-22, 11:04:26, 9.33e-13, 9.09e-11
2019-09-22, 11:04:30, 9.28e-13, 9.09e-11
2019-09-22, 11:04:34, 1.02e-12, 9.11e-11
2019-09-22, 11:04:38, 1.06e-12, 9.11e-11
2019-09-22, 11:04:42, 9.29e-13, 9.1e-11
2019-09-22, 11:04:47, 9.28e-13, 9.1e-11
2019-09-22, 11:04:51, 9.59e-13, 9.08e-11
2019-09-22, 11:04:55, 1e-12, 9.04e-11
2019-09-22, 11:04:59, 9.73e-13, 9.12e-11
2019-09-22, 11:05:04, 9.66e-13, 9.07e-11
2019-09-22, 11:05:08, 9.95e-13, 9.1e-11
2019-09-22, 11:05:12, 1.03e-12, 9.12e-11
2019-09-22, 11:05:16, 9.71e-13, 9.08e-11
2019-09-22, 11:05:20, 9.55e-13, 9.06e-11
2019-09-22, 11:05:25, 9.65e-13, 9.13e-11
2019-09-22, 11:05:29, 9.88e-13, 9.1e-11
2019-09-22, 11:05:33, 9.55e-13, 9.1e-11
2019-09-22, 11:05:37, 9.17e-13, 9.08e-11
2019-09-22, 11:05:42, 9.76e-13, 9.07e-11
2019-09-22, 11:05:46, 9.5e-13, 9.11e-11
2019-09-22, 11:05:50, 9.59e-13, 9.1e-11
2019-09-22, 11:05:54, 1.05e-12, 9.14e-11
2019-09-22, 11:05:58, 1e-12, 9.11e-11
2019-09-22, 11:06:03, 9.74e-13, 9.11e-11
2019-09-22, 11:06:07, 9.68e-13, 9.09e-11
2019-09-22, 11:06:11, 9.1e-13, 9.12e-11
2019-09-22, 11:06:15, 9.09e-13, 9.07e-11
2019-09-22, 11:06:20, 9.6e-13, 9.08e-11
2019-09-22, 11:06:24, 9.32e-13, 9.09e-11
2019-09-22, 11:06:28, 9.84e-13, 9.05e-11
2019-09-22, 11:06:32, 9.35e-13, 9.08e-11
2019-09-22, 11:06:36, 9.68e-13, 9.1e-11
2019-09-22, 11:06:41, 1.01e-12, 9.09e-11
2019-09-22, 11:06:45, 9.7e-13, 9.11e-11
2019-09-22, 11:06:49, 9.99e-13, 9.14e-11
2019-09-22, 11:06:53, 9.52e-13, 9.07e-11
2019-09-22, 11:06:58, 9.4e-13, 9.09e-11
2019-09-22, 11:07:02, 9.74e-13, 9.11e-11
2019-09-22, 11:07:06, 9.8e-13, 9.08e-11
2019-09-22, 11:07:10, 9.54e-13, 9.07e-11
2019-09-22, 11:07:14, 9.38e-13, 9.14e-11
2019-09-22, 11:07:19, 9.38e-13, 9.05e-11
2019-09-22, 11:07:23, 9.28e-13, 9.07e-11
2019-09-22, 11:07:27, 9.41e-13, 9.07e-11
2019-09-22, 11:07:31, 9.48e-13, 9.09e-11
2019-09-22, 11:07:36, 1.03e-12, 9.11e-11
2019-09-22, 11:07:40, 9.62e-13, 9.05e-11
2019-09-22, 11:07:44, 1e-12, 9.09e-11
2019-09-22, 11:07:48, 9.34e-13, 9.11e-11
2019-09-22, 11:07:52, 1.01e-12, 9.09e-11
2019-09-22, 11:07:57, 1.01e-12, 9.1e-11
2019-09-22, 11:08:01, 9.29e-13, 9.09e-11
2019-09-22, 11:08:05, 9.52e-13, 9.07e-11
2019-09-22, 11:08:09, 9.64e-13, 9.08e-11
2019-09-22, 11:08:14, 9.54e-13, 9.11e-11
2019-09-22, 11:08:18, 9.22e-13, 9.12e-11
2019-09-22, 11:08:22, 9.27e-13, 9.12e-11
2019-09-22, 11:08:26, 9.75e-13, 9.07e-11
2019-09-22, 11:08:30, 1.04e-12, 9.11e-11
2019-09-22, 11:08:35, 9.71e-13, 9.09e-11
2019-09-22, 11:08:39, 9.12e-13, 9.11e-11
2019-09-22, 11:08:43, 9.65e-13, 9.12e-11
2019-09-22, 11:08:47, 9.61e-13, 9.14e-11
2019-09-22, 11:08:52, 8.59e-13, 9.09e-11
2019-09-22, 11:08:56, 9.59e-13, 9.1e-11
2019-09-22, 11:09:00, 9.63e-13, 9.08e-11
2019-09-22, 11:09:04, 9.89e-13, 9.1e-11
2019-09-22, 11:09:08, 9.1e-13, 9.11e-11
2019-09-22, 11:09:13, 8.58e-13, 9.09e-11
2019-09-22, 11:09:17, 1e-12, 9.1e-11
2019-09-22, 11:09:21, 8.64e-13, 9.1e-11
2019-09-22, 11:09:25, 9.32e-13, 9.08e-11
2019-09-22, 11:09:29, 9.31e-13, 9.1e-11
2019-09-22, 11:09:34, 9.17e-13, 9.15e-11
2019-09-22, 11:09:38, 9.41e-13, 9.08e-11
2019-09-22, 11:09:42, 8.12e-13, 9.07e-11
2019-09-22, 11:09:46, 9.29e-13, 9.05e-11
2019-09-22, 11:09:51, 1.05e-12, 9.12e-11
2019-09-22, 11:09:55, 9.61e-13, 9.1e-11
2019-09-22, 11:09:59, 1.01e-12, 9.04e-11
2019-09-22, 11:10:03, 1.04e-12, 9.07e-11
2019-09-22, 11:10:07, 9.37e-13, 9.11e-11
2019-09-22, 11:10:12, 9.43e-13, 9.07e-11
2019-09-22, 11:10:16, 1.01e-12, 9.12e-11
2019-09-22, 11:10:20, 1.04e-12, 9.12e-11
2019-09-22, 11:10:24, 9.49e-13, 9.08e-11
2019-09-22, 11:10:29, 9.75e-13, 9.08e-11
2019-09-22, 11:10:33, 9.99e-13, 9.11e-11
2019-09-22, 11:10:37, 9.34e-13, 9.05e-11
2019-09-22, 11:10:41, 9.64e-13, 9.08e-11
2019-09-22, 11:10:45, 9.86e-13, 9.06e-11
2019-09-22, 11:10:50, 9.56e-13, 9.06e-11
2019-09-22, 11:10:54, 9.93e-13, 9.08e-11
2019-09-22, 11:10:58, 9.62e-13, 9.08e-11
2019-09-22, 11:11:02, 9.82e-13, 9.09e-11
2019-09-22, 11:11:07, 1.01e-12, 9.08e-11
2019-09-22, 11:11:11, 9.54e-13, 9.08e-11
2019-09-22, 11:11:15, 9.15e-13, 9.08e-11
2019-09-22, 11:11:19, 1.03e-12, 9.1e-11
2019-09-22, 11:11:24, 1.01e-12, 9.09e-11
2019-09-22, 11:11:28, 9.69e-13, 9.08e-11
2019-09-22, 11:11:32, 9.65e-13, 9.08e-11
2019-09-22, 11:11:36, 8.91e-13, 9.09e-11
2019-09-22, 11:11:40, 9.99e-13, 9.09e-11
2019-09-22, 11:11:45, 9.22e-13, 9.1e-11
2019-09-22, 11:11:49, 9.98e-13, 9.1e-11
2019-09-22, 11:11:53, 1.03e-12, 9.11e-11
2019-09-22, 11:11:57, 9.39e-13, 9.1e-11
2019-09-22, 11:12:02, 9.29e-13, 9.08e-11
2019-09-22, 11:12:06, 9.81e-13, 9.1e-11
2019-09-22, 11:12:10, 9.93e-13, 9.06e-11
2019-09-22, 11:12:14, 9.39e-13, 9.06e-11
2019-09-22, 11:12:18, 9.91e-13, 9.1e-11
2019-09-22, 11:12:23, 9.67e-13, 9.08e-11
2019-09-22, 11:12:27, 9.81e-13, 9.09e-11
2019-09-22, 11:12:31, 9.58e-13, 9.08e-11
2019-09-22, 11:12:35, 9.79e-13, 9.07e-11
2019-09-22, 11:12:40, 9.38e-13, 9.1e-11
2019-09-22, 11:12:44, 9.85e-13, 9.09e-11
2019-09-22, 11:12:48, 9.61e-13, 9.15e-11
2019-09-22, 11:12:52, 9.45e-13, 9.13e-11
2019-09-22, 11:12:56, 1.01e-12, 9.1e-11
2019-09-22, 11:13:01, 9.83e-13, 9.07e-11
2019-09-22, 11:13:05, 9.55e-13, 9.05e-11
2019-09-22, 11:13:09, 8.84e-13, 9.07e-11
2019-09-22, 11:13:13, 8.99e-13, 9.08e-11
2019-09-22, 11:13:18, 9.87e-13, 9.07e-11
2019-09-22, 11:13:22, 9.22e-13, 9.16e-11
2019-09-22, 11:13:26, 9.89e-13, 9.11e-11
2019-09-22, 11:13:30, 9.69e-13, 9.08e-11
2019-09-22, 11:13:34, 9.68e-13, 9.12e-11
2019-09-22, 11:13:39, 9.47e-13, 9.13e-11
2019-09-22, 11:13:43, 9.54e-13, 9.08e-11
2019-09-22, 11:13:47, 8.87e-13, 9.12e-11
2019-09-22, 11:13:51, 9.82e-13, 9.1e-11
2019-09-22, 11:13:56, 1e-12, 9.11e-11
2019-09-22, 11:14:00, 9.95e-13, 9.07e-11
2019-09-22, 11:14:04, 9.48e-13, 9.12e-11
2019-09-22, 11:14:08, 9.98e-13, 9.13e-11
2019-09-22, 11:14:12, 9.21e-13, 9.16e-11
2019-09-22, 11:14:17, 9.41e-13, 9.09e-11
2019-09-22, 11:14:21, 9.7e-13, 9.07e-11
2019-09-22, 11:14:25, 9.92e-13, 9.1e-11
2019-09-22, 11:14:29, 9.52e-13, 9.12e-11
2019-09-22, 11:14:33, 9.83e-13, 9.14e-11
2019-09-22, 11:14:38, 9.79e-13, 9.1e-11
2019-09-22, 11:14:42, 9.89e-13, 9.11e-11
2019-09-22, 11:14:46, 9.45e-13, 9.1e-11
2019-09-22, 11:14:50, 1.08e-12, 9.12e-11
2019-09-22, 11:14:55, 1.01e-12, 9.1e-11
2019-09-22, 11:14:59, 1.01e-12, 9.11e-11
2019-09-22, 11:15:03, 1.02e-12, 9.08e-11
2019-09-22, 11:15:07, 9.64e-13, 9.09e-11
2019-09-22, 11:15:11, 1.04e-12, 9.1e-11
2019-09-22, 11:15:16, 9.77e-13, 9.08e-11
2019-09-22, 11:15:20, 9.5e-13, 9.1e-11
2019-09-22, 11:15:24, 9.58e-13, 9.09e-11
2019-09-22, 11:15:28, 9.16e-13, 9.09e-11
2019-09-22, 11:15:33, 9.58e-13, 9.13e-11
2019-09-22, 11:15:37, 9.68e-13, 9.13e-11
2019-09-22, 11:15:41, 9.58e-13, 9.1e-11
2019-09-22, 11:15:45, 8.97e-13, 9.13e-11
2019-09-22, 11:15:49, 1.14e-12, 9.06e-11
2019-09-22, 11:15:54, 9.84e-13, 9.11e-11
2019-09-22, 11:15:58, 9.92e-13, 9.08e-11
2019-09-22, 11:16:02, 1e-12, 9.1e-11
2019-09-22, 11:16:06, 9.58e-13, 9.13e-11
2019-09-22, 11:16:11, 1.05e-12, 9.12e-11
2019-09-22, 11:16:15, 8.72e-13, 9.12e-11
2019-09-22, 11:16:19, 9.72e-13, 9.07e-11
2019-09-22, 11:16:23, 8.88e-13, 9.14e-11
2019-09-22, 11:16:27, 9.7e-13, 9.07e-11
2019-09-22, 11:16:32, 1.01e-12, 9.08e-11
2019-09-22, 11:16:36, 8.93e-13, 9.11e-11
2019-09-22, 11:16:40, 9.22e-13, 9.07e-11
2019-09-22, 11:16:44, 9.97e-13, 9.12e-11
2019-09-22, 11:16:49, 1.04e-12, 9.1e-11
2019-09-22, 11:16:53, 9.91e-13, 9.12e-11
2019-09-22, 11:16:57, 9.58e-13, 9.11e-11
2019-09-22, 11:17:01, 1e-12, 9.15e-11
2019-09-22, 11:17:05, 9.43e-13, 9.09e-11
2019-09-22, 11:17:10, 9.39e-13, 9.1e-11
2019-09-22, 11:17:14, 9.99e-13, 9.12e-11
2019-09-22, 11:17:18, 9.81e-13, 9.11e-11
2019-09-22, 11:17:22, 9.69e-13, 9.11e-11
2019-09-22, 11:17:27, 9.18e-13, 9.13e-11
2019-09-22, 11:17:31, 9.68e-13, 9.11e-11
2019-09-22, 11:17:35, 9.69e-13, 9.1e-11
2019-09-22, 11:17:39, 9.36e-13, 9.11e-11
2019-09-22, 11:17:43, 1.1e-12, 9.15e-11
2019-09-22, 11:17:48, 9.32e-13, 9.07e-11
2019-09-22, 11:17:52, 9.25e-13, 9.09e-11
2019-09-22, 11:17:56, 9.92e-13, 9.1e-11
2019-09-22, 11:18:00, 9.96e-13, 9.13e-11
2019-09-22, 11:18:05, 9.01e-13, 9.13e-11
2019-09-22, 11:18:09, 9.66e-13, 9.11e-11
2019-09-22, 11:18:13, 9.77e-13, 9.15e-11
2019-09-22, 11:18:17, 9.45e-13, 9.14e-11
2019-09-22, 11:18:21, 1.06e-12, 9.07e-11
2019-09-22, 11:18:26, 9.65e-13, 9.12e-11
2019-09-22, 11:18:30, 9.52e-13, 9.1e-11
2019-09-22, 11:18:34, 9.86e-13, 9.13e-11
2019-09-22, 11:18:38, 8.89e-13, 9.11e-11
2019-09-22, 11:18:42, 9.67e-13, 9.12e-11
2019-09-22, 11:18:47, 9.46e-13, 9.14e-11
2019-09-22, 11:18:51, 9.72e-13, 9.13e-11
2019-09-22, 11:18:55, 9.16e-13, 9.12e-11
2019-09-22, 11:18:59, 9.81e-13, 9.1e-11
2019-09-22, 11:19:04, 9.58e-13, 9.12e-11
2019-09-22, 11:19:08, 9.53e-13, 9.1e-11
2019-09-22, 11:19:12, 1.02e-12, 9.12e-11
2019-09-22, 11:19:16, 8.93e-13, 9.11e-11
2019-09-22, 11:19:20, 1.01e-12, 9.07e-11
2019-09-22, 11:19:25, 9.88e-13, 9.09e-11
2019-09-22, 11:19:29, 1.02e-12, 9.11e-11
2019-09-22, 11:19:33, 9.29e-13, 9.14e-11
2019-09-22, 11:19:37, 1.05e-12, 9.18e-11
2019-09-22, 11:19:42, 9.62e-13, 9.12e-11
2019-09-22, 11:19:46, 9.6e-13, 9.14e-11
2019-09-22, 11:19:50, 9.32e-13, 9.13e-11
2019-09-22, 11:19:54, 8.89e-13, 9.19e-11
2019-09-22, 11:19:58, 1e-12, 9.1e-11
2019-09-22, 11:20:03, 1.03e-12, 9.14e-11
2019-09-22, 11:20:07, 9.71e-13, 9.09e-11
2019-09-22, 11:20:11, 9.52e-13, 9.07e-11
2019-09-22, 11:20:15, 9.38e-13, 9.11e-11
2019-09-22, 11:20:20, 9.72e-13, 9.09e-11
2019-09-22, 11:20:24, 9.12e-13, 9.14e-11
2019-09-22, 11:20:28, 9.19e-13, 9.2e-11
2019-09-22, 11:20:32, 8.78e-13, 9.11e-11
2019-09-22, 11:20:36, 9.37e-13, 9.11e-11
2019-09-22, 11:20:41, 9.76e-13, 9.12e-11
2019-09-22, 11:20:45, 1.01e-12, 9.14e-11
2019-09-22, 11:20:49, 9.5e-13, 9.13e-11
2019-09-22, 11:20:53, 1.03e-12, 9.11e-11
2019-09-22, 11:20:58, 9.67e-13, 9.16e-11
2019-09-22, 11:21:02, 1.01e-12, 9.15e-11
2019-09-22, 11:21:06, 8.78e-13, 9.11e-11
2019-09-22, 11:21:10, 9.81e-13, 9.11e-11
2019-09-22, 11:21:14, 9.72e-13, 9.08e-11
2019-09-22, 11:21:19, 9.34e-13, 9.11e-11
2019-09-22, 11:21:23, 9.85e-13, 9.13e-11
2019-09-22, 11:21:27, 9.59e-13, 9.1e-11
2019-09-22, 11:21:31, 9.34e-13, 9.16e-11
2019-09-22, 11:21:36, 8.84e-13, 9.11e-11
2019-09-22, 11:21:40, 8.73e-13, 9.11e-11
2019-09-22, 11:21:44, 9.49e-13, 9.15e-11
2019-09-22, 11:21:48, 9.4e-13, 9.13e-11
2019-09-22, 11:21:52, 9.71e-13, 9.12e-11
2019-09-22, 11:21:57, 9.85e-13, 9.14e-11
2019-09-22, 11:22:01, 9.59e-13, 9.15e-11
2019-09-22, 11:22:05, 9.93e-13, 9.15e-11
2019-09-22, 11:22:09, 9.49e-13, 9.12e-11
2019-09-22, 11:22:13, 9.78e-13, 9.12e-11
2019-09-22, 11:22:18, 9.74e-13, 9.1e-11
2019-09-22, 11:22:22, 9.68e-13, 9.13e-11
2019-09-22, 11:22:26, 1.05e-12, 9.13e-11
2019-09-22, 11:22:30, 9.83e-13, 9.1e-11
2019-09-22, 11:22:35, 9.82e-13, 9.08e-11
2019-09-22, 11:22:39, 1.04e-12, 9.13e-11
2019-09-22, 11:22:43, 9.79e-13, 9.14e-11
2019-09-22, 11:22:47, 9.16e-13, 9.1e-11
2019-09-22, 11:22:51, 9.64e-13, 9.13e-11
2019-09-22, 11:22:56, 1.02e-12, 9.14e-11
2019-09-22, 11:23:00, 9.43e-13, 9.16e-11
2019-09-22, 11:23:04, 9.71e-13, 9.16e-11
2019-09-22, 11:23:08, 9.41e-13, 9.14e-11
2019-09-22, 11:23:13, 9.49e-13, 9.1e-11
2019-09-22, 11:23:17, 9.69e-13, 9.13e-11
2019-09-22, 11:23:21, 9.25e-13, 9.09e-11
2019-09-22, 11:23:25, 9.41e-13, 9.08e-11
2019-09-22, 11:23:29, 9.8e-13, 9.13e-11
2019-09-22, 11:23:34, 1.1e-12, 9.13e-11
2019-09-22, 11:23:38, 1.02e-12, 9.17e-11
2019-09-22, 11:23:42, 9.96e-13, 9.1e-11
2019-09-22, 11:23:46, 9.23e-13, 9.11e-11
2019-09-22, 11:23:51, 9.09e-13, 9.11e-11
2019-09-22, 11:23:55, 9.91e-13, 9.1e-11
2019-09-22, 11:23:59, 1.2e-12, 9.11e-11
2019-09-22, 11:24:03, 9.09e-13, 9.17e-11
2019-09-22, 11:24:07, 9.46e-13, 9.07e-11
2019-09-22, 11:24:12, 9.87e-13, 9.15e-11
2019-09-22, 11:24:16, 9.68e-13, 9.11e-11
2019-09-22, 11:24:20, 8.76e-13, 9.08e-11
2019-09-22, 11:24:24, 9.87e-13, 9.11e-11
2019-09-22, 11:24:29, 9.83e-13, 9.13e-11
2019-09-22, 11:24:33, 9.3e-13, 9.16e-11
2019-09-22, 11:24:37, 1.02e-12, 9.11e-11
2019-09-22, 11:24:41, 9.6e-13, 9.09e-11
2019-09-22, 11:24:45, 9.6e-13, 9.1e-11
2019-09-22, 11:24:50, 9.37e-13, 9.15e-11
2019-09-22, 11:24:54, 9.69e-13, 9.14e-11
2019-09-22, 11:24:58, 9.57e-13, 9.1e-11
2019-09-22, 11:25:02, 9.74e-13, 9.17e-11
2019-09-22, 11:25:07, 8.97e-13, 9.08e-11
2019-09-22, 11:25:11, 9.42e-13, 9.09e-11
2019-09-22, 11:25:15, 9.9e-13, 9.09e-11
2019-09-22, 11:25:19, 9.4e-13, 9.12e-11
2019-09-22, 11:25:23, 9.04e-13, 9.08e-11
2019-09-22, 11:25:28, 1.1e-12, 9.08e-11
2019-09-22, 11:25:32, 1.06e-12, 9.11e-11
2019-09-22, 11:25:36, 9.49e-13, 9.12e-11
2019-09-22, 11:25:40, 9.57e-13, 9.11e-11
2019-09-22, 11:25:45, 9.74e-13, 9.09e-11
2019-09-22, 11:25:49, 8.92e-13, 9.11e-11
2019-09-22, 11:25:53, 9.18e-13, 9.1e-11
2019-09-22, 11:25:57, 9.76e-13, 9.14e-11
2019-09-22, 11:26:01, 9.07e-13, 9.14e-11
2019-09-22, 11:26:06, 9.12e-13, 9.1e-11
2019-09-22, 11:26:10, 9.61e-13, 9.15e-11
2019-09-22, 11:26:14, 9.19e-13, 9.12e-11
2019-09-22, 11:26:18, 1.04e-12, 9.09e-11
2019-09-22, 11:26:22, 9.52e-13, 9.13e-11
2019-09-22, 11:26:27, 1.09e-12, 9.12e-11
2019-09-22, 11:26:31, 9.7e-13, 9.13e-11
2019-09-22, 11:26:35, 9.29e-13, 9.12e-11
2019-09-22, 11:26:39, 9.97e-13, 9.11e-11
2019-09-22, 11:26:44, 8.85e-13, 9.14e-11
2019-09-22, 11:26:48, 9.97e-13, 9.11e-11
2019-09-22, 11:26:52, 8.72e-13, 9.09e-11
2019-09-22, 11:26:56, 9.64e-13, 9.13e-11
2019-09-22, 11:27:00, 1.03e-12, 9.16e-11
2019-09-22, 11:27:05, 9.48e-13, 9.12e-11
2019-09-22, 11:27:09, 9.76e-13, 9.14e-11
2019-09-22, 11:27:13, 9.83e-13, 9.13e-11
2019-09-22, 11:27:17, 1.02e-12, 9.13e-11
2019-09-22, 11:27:22, 9.63e-13, 9.14e-11
2019-09-22, 11:27:26, 9.75e-13, 9.13e-11
2019-09-22, 11:27:30, 9.71e-13, 9.12e-11
2019-09-22, 11:27:34, 8.78e-13, 9.08e-11
2019-09-22, 11:27:38, 9.86e-13, 9.1e-11
2019-09-22, 11:27:43, 9.11e-13, 9.15e-11
2019-09-22, 11:27:47, 9.5e-13, 9.09e-11
2019-09-22, 11:27:51, 1.04e-12, 9.11e-11
2019-09-22, 11:27:55, 9.87e-13, 9.16e-11
2019-09-22, 11:28:00, 9.54e-13, 9.14e-11
2019-09-22, 11:28:04, 9.83e-13, 9.13e-11
2019-09-22, 11:28:08, 9.28e-13, 9.1e-11
2019-09-22, 11:28:12, 9.94e-13, 9.11e-11
2019-09-22, 11:28:16, 9.24e-13, 9.14e-11
2019-09-22, 11:28:21, 9.55e-13, 9.12e-11
2019-09-22, 11:28:25, 9.66e-13, 9.15e-11
2019-09-22, 11:28:29, 9.44e-13, 9.14e-11
2019-09-22, 11:28:33, 9.98e-13, 9.08e-11
2019-09-22, 11:28:38, 9.62e-13, 9.09e-11
2019-09-22, 11:28:42, 9.57e-13, 9.13e-11
2019-09-22, 11:28:46, 9.05e-13, 9.1e-11
2019-09-22, 11:28:50, 1.14e-12, 9.1e-11
2019-09-22, 11:28:54, 9.88e-13, 9.16e-11
2019-09-22, 11:28:59, 9.97e-13, 9.12e-11
2019-09-22, 11:29:03, 9.11e-13, 9.1e-11
2019-09-22, 11:29:07, 9.73e-13, 9.12e-11
2019-09-22, 11:29:11, 9.05e-13, 9.17e-11
2019-09-22, 11:29:16, 1.02e-12, 9.11e-11
2019-09-22, 11:29:20, 9.8e-13, 9.13e-11
2019-09-22, 11:29:24, 9.3e-13, 9.16e-11
2019-09-22, 11:29:28, 9.81e-13, 9.17e-11
2019-09-22, 11:29:33, 9.98e-13, 9.14e-11
2019-09-22, 11:29:37, 9.72e-13, 9.11e-11
2019-09-22, 11:29:41, 9.68e-13, 9.14e-11
2019-09-22, 11:29:45, 9.79e-13, 9.11e-11
2019-09-22, 11:29:49, 1.05e-12, 9.11e-11
2019-09-22, 11:29:54, 9.75e-13, 9.09e-11
2019-09-22, 11:29:58, 1.04e-12, 9.16e-11
2019-09-22, 11:30:02, 9.48e-13, 9.16e-11
2019-09-22, 11:30:06, 1.03e-12, 9.1e-11
2019-09-22, 11:30:11, 9.63e-13, 9.12e-11
2019-09-22, 11:30:15, 8.53e-13, 9.09e-11
2019-09-22, 11:30:19, 1.05e-12, 9.1e-11
2019-09-22, 11:30:23, 9.34e-13, 9.17e-11
2019-09-22, 11:30:27, 9.59e-13, 9.1e-11
2019-09-22, 11:30:32, 9.63e-13, 9.14e-11
2019-09-22, 11:30:36, 9.74e-13, 9.15e-11
2019-09-22, 11:30:40, 9.32e-13, 9.12e-11
2019-09-22, 11:30:44, 1e-12, 9.1e-11
2019-09-22, 11:30:49, 9.73e-13, 9.14e-11
2019-09-22, 11:30:53, 1.02e-12, 9.14e-11
2019-09-22, 11:30:57, 9.75e-13, 9.14e-11
2019-09-22, 11:31:01, 9.02e-13, 9.15e-11
2019-09-22, 11:31:05, 9.95e-13, 9.16e-11
2019-09-22, 11:31:10, 9.6e-13, 9.14e-11
2019-09-22, 11:31:14, 9.6e-13, 9.15e-11
2019-09-22, 11:31:18, 9.22e-13, 9.11e-11
2019-09-22, 11:31:22, 9.2e-13, 9.14e-11
2019-09-22, 11:31:27, 9.49e-13, 9.11e-11
2019-09-22, 11:31:31, 9.9e-13, 9.13e-11
2019-09-22, 11:31:35, 8.83e-13, 9.12e-11
2019-09-22, 11:31:39, 9.56e-13, 9.12e-11
2019-09-22, 11:31:43, 9.66e-13, 9.11e-11
2019-09-22, 11:31:48, 9.93e-13, 9.07e-11
2019-09-22, 11:31:52, 9.76e-13, 9.11e-11
2019-09-22, 11:31:56, 9.69e-13, 9.14e-11
2019-09-22, 11:32:00, 9.96e-13, 9.11e-11
2019-09-22, 11:32:05, 9.88e-13, 9.15e-11
2019-09-22, 11:32:09, 9.17e-13, 9.11e-11
2019-09-22, 11:32:13, 9.5e-13, 9.11e-11
2019-09-22, 11:32:17, 1.07e-12, 9.08e-11
2019-09-22, 11:32:21, 1.02e-12, 9.13e-11
2019-09-22, 11:32:26, 9.41e-13, 9.13e-11
2019-09-22, 11:32:30, 9.56e-13, 9.08e-11
2019-09-22, 11:32:34, 9.36e-13, 9.11e-11
2019-09-22, 11:32:38, 9.8e-13, 9.19e-11
2019-09-22, 11:32:42, 9.85e-13, 9.14e-11
2019-09-22, 11:32:47, 9.55e-13, 9.11e-11
2019-09-22, 11:32:51, 9.65e-13, 9.11e-11
2019-09-22, 11:32:55, 9.56e-13, 9.14e-11
2019-09-22, 11:32:59, 9.11e-13, 9.1e-11
2019-09-22, 11:33:04, 9.44e-13, 9.1e-11
2019-09-22, 11:33:08, 9.09e-13, 9.1e-11
2019-09-22, 11:33:12, 9.71e-13, 9.14e-11
2019-09-22, 11:33:16, 9.65e-13, 9.11e-11
2019-09-22, 11:33:20, 9.76e-13, 9.19e-11
2019-09-22, 11:33:25, 9.66e-13, 9.1e-11
2019-09-22, 11:33:29, 9.56e-13, 9.15e-11
2019-09-22, 11:33:33, 9.72e-13, 9.12e-11
2019-09-22, 11:33:37, 8.67e-13, 9.1e-11
2019-09-22, 11:33:42, 9.85e-13, 9.11e-11
2019-09-22, 11:33:46, 9.7e-13, 9.12e-11
2019-09-22, 11:33:50, 9.59e-13, 9.12e-11
2019-09-22, 11:33:54, 1.04e-12, 9.13e-11
2019-09-22, 11:33:58, 9.37e-13, 9.08e-11
2019-09-22, 11:34:03, 9.91e-13, 9.14e-11
2019-09-22, 11:34:07, 9.56e-13, 9.14e-11
2019-09-22, 11:34:11, 9.12e-13, 9.11e-11
2019-09-22, 11:34:15, 9.39e-13, 9.14e-11
2019-09-22, 11:34:20, 9.72e-13, 9.18e-11
2019-09-22, 11:34:24, 9.38e-13, 9.14e-11
2019-09-22, 11:34:28, 9.92e-13, 9.12e-11
2019-09-22, 11:34:32, 9.63e-13, 9.15e-11
2019-09-22, 11:34:36, 1.04e-12, 9.15e-11
2019-09-22, 11:34:41, 9.7e-13, 9.13e-11
2019-09-22, 11:34:45, 9.71e-13, 9.15e-11
2019-09-22, 11:34:49, 9.84e-13, 9.14e-11
2019-09-22, 11:34:53, 9.74e-13, 9.1e-11
2019-09-22, 11:34:58, 9.28e-13, 9.12e-11
2019-09-22, 11:35:02, 9.64e-13, 9.16e-11
2019-09-22, 11:35:06, 9.66e-13, 9.15e-11
2019-09-22, 11:35:10, 9.4e-13, 9.13e-11
2019-09-22, 11:35:14, 9.3e-13, 9.12e-11
2019-09-22, 11:35:19, 1.09e-12, 9.1e-11
2019-09-22, 11:35:23, 9.52e-13, 9.12e-11
2019-09-22, 11:35:27, 1.01e-12, 9.15e-11
2019-09-22, 11:35:31, 9.9e-13, 9.09e-11
2019-09-22, 11:35:36, 9.31e-13, 9.15e-11
2019-09-22, 11:35:40, 9.69e-13, 9.15e-11
2019-09-22, 11:35:44, 9.31e-13, 9.16e-11
2019-09-22, 11:35:48, 1.11e-12, 9.13e-11
2019-09-22, 11:35:52, 8.86e-13, 9.12e-11
2019-09-22, 11:35:57, 8.76e-13, 9.16e-11
2019-09-22, 11:36:01, 9.77e-13, 9.14e-11
2019-09-22, 11:36:05, 9.68e-13, 9.12e-11
2019-09-22, 11:36:09, 9.56e-13, 9.12e-11
2019-09-22, 11:36:13, 9.66e-13, 9.13e-11
2019-09-22, 11:36:18, 9.84e-13, 9.15e-11
2019-09-22, 11:36:22, 9.75e-13, 9.14e-11
2019-09-22, 11:36:26, 9.52e-13, 9.14e-11
2019-09-22, 11:36:30, 9.43e-13, 9.1e-11
2019-09-22, 11:36:35, 9.75e-13, 9.11e-11
2019-09-22, 11:36:39, 9.91e-13, 9.16e-11
2019-09-22, 11:36:43, 9.07e-13, 9.11e-11
2019-09-22, 11:36:47, 9.5e-13, 9.17e-11
2019-09-22, 11:36:51, 9.81e-13, 9.18e-11
2019-09-22, 11:36:56, 9.6e-13, 9.09e-11
2019-09-22, 11:37:00, 8.77e-13, 9.11e-11
2019-09-22, 11:37:04, 9.68e-13, 9.11e-11
2019-09-22, 11:37:08, 1.05e-12, 9.13e-11
2019-09-22, 11:37:13, 9.59e-13, 9.11e-11
2019-09-22, 11:37:17, 9.09e-13, 9.14e-11
2019-09-22, 11:37:21, 9.23e-13, 9.12e-11
2019-09-22, 11:37:25, 9.82e-13, 9.13e-11
2019-09-22, 11:37:29, 9.34e-13, 9.12e-11
2019-09-22, 11:37:34, 9.55e-13, 9.16e-11
2019-09-22, 11:37:38, 9.64e-13, 9.17e-11
2019-09-22, 11:37:42, 8.79e-13, 9.12e-11
2019-09-22, 11:37:46, 9.03e-13, 9.11e-11
2019-09-22, 11:37:51, 1.03e-12, 9.16e-11
2019-09-22, 11:37:55, 9.25e-13, 9.14e-11
2019-09-22, 11:37:59, 9.95e-13, 9.14e-11
2019-09-22, 11:38:03, 9.52e-13, 9.12e-11
2019-09-22, 11:38:07, 1.1e-12, 9.14e-11
2019-09-22, 11:38:12, 9.97e-13, 9.12e-11
2019-09-22, 11:38:16, 9.44e-13, 9.12e-11
2019-09-22, 11:38:20, 9.61e-13, 9.13e-11
2019-09-22, 11:38:24, 9.89e-13, 9.14e-11
2019-09-22, 11:38:29, 1.04e-12, 9.14e-11
2019-09-22, 11:38:33, 9.47e-13, 9.14e-11
2019-09-22, 11:38:37, 9.56e-13, 9.16e-11
2019-09-22, 11:38:41, 9.37e-13, 9.11e-11
2019-09-22, 11:38:45, 9.59e-13, 9.09e-11
2019-09-22, 11:38:50, 9.6e-13, 9.12e-11
2019-09-22, 11:38:54, 1e-12, 9.13e-11
2019-09-22, 11:38:58, 9.59e-13, 9.11e-11
2019-09-22, 11:39:02, 9.34e-13, 9.13e-11
2019-09-22, 11:39:07, 1.02e-12, 9.12e-11
2019-09-22, 11:39:11, 1.01e-12, 9.15e-11
2019-09-22, 11:39:15, 9.64e-13, 9.15e-11
2019-09-22, 11:39:19, 9.68e-13, 9.11e-11
2019-09-22, 11:39:23, 1.02e-12, 9.11e-11
2019-09-22, 11:39:28, 1.02e-12, 9.13e-11
2019-09-22, 11:39:32, 9.95e-13, 9.13e-11
2019-09-22, 11:39:36, 1.02e-12, 9.15e-11
2019-09-22, 11:39:40, 9.92e-13, 9.14e-11
2019-09-22, 11:39:44, 9.75e-13, 9.16e-11
2019-09-22, 11:39:49, 8.75e-13, 9.15e-11
2019-09-22, 11:39:53, 9.31e-13, 9.13e-11
2019-09-22, 11:39:57, 9.56e-13, 9.19e-11
2019-09-22, 11:40:01, 9.4e-13, 9.15e-11
2019-09-22, 11:40:06, 9.53e-13, 9.15e-11
2019-09-22, 11:40:10, 9.62e-13, 9.19e-11
2019-09-22, 11:40:14, 9.54e-13, 9.18e-11
2019-09-22, 11:40:18, 1.05e-12, 9.14e-11
2019-09-22, 11:40:22, 1.01e-12, 9.15e-11
2019-09-22, 11:40:27, 9.67e-13, 9.19e-11
2019-09-22, 11:40:31, 1.02e-12, 9.25e-11
2019-09-22, 11:40:35, 9.91e-13, 9.19e-11
2019-09-22, 11:40:39, 9.69e-13, 9.16e-11
2019-09-22, 11:40:44, 9.39e-13, 9.17e-11
2019-09-22, 11:40:48, 9.72e-13, 9.17e-11
2019-09-22, 11:40:52, 8.14e-13, 9.16e-11
2019-09-22, 11:40:56, 9.39e-13, 9.18e-11
2019-09-22, 11:41:00, 9.65e-13, 9.2e-11
2019-09-22, 11:41:05, 9.75e-13, 9.13e-11
2019-09-22, 11:41:09, 9.21e-13, 9.17e-11
2019-09-22, 11:41:13, 9.85e-13, 9.19e-11
2019-09-22, 11:41:17, 8.21e-13, 9.17e-11
2019-09-22, 11:41:22, 9.7e-13, 9.15e-11
2019-09-22, 11:41:26, 9.64e-13, 9.17e-11
2019-09-22, 11:41:30, 9.26e-13, 9.19e-11
2019-09-22, 11:41:34, 9.82e-13, 9.19e-11
2019-09-22, 11:41:38, 9.62e-13, 9.16e-11
2019-09-22, 11:41:43, 9.66e-13, 9.2e-11
2019-09-22, 11:41:47, 1.03e-12, 9.22e-11
2019-09-22, 11:41:51, 1.03e-12, 9.18e-11
2019-09-22, 11:41:55, 8.92e-13, 9.15e-11
2019-09-22, 11:42:00, 9.55e-13, 9.19e-11
2019-09-22, 11:42:04, 9.62e-13, 9.18e-11
2019-09-22, 11:42:08, 9.99e-13, 9.22e-11
2019-09-22, 11:42:12, 9.78e-13, 9.15e-11
2019-09-22, 11:42:16, 9.56e-13, 9.17e-11
2019-09-22, 11:42:21, 9.18e-13, 9.23e-11
2019-09-22, 11:42:25, 9.82e-13, 9.15e-11
2019-09-22, 11:42:29, 9.9e-13, 9.18e-11
2019-09-22, 11:42:33, 1.01e-12, 9.21e-11
2019-09-22, 11:42:38, 9.29e-13, 9.21e-11
2019-09-22, 11:42:42, 1.04e-12, 9.16e-11
2019-09-22, 11:42:46, 9.72e-13, 9.2e-11
2019-09-22, 11:42:50, 1.08e-12, 9.17e-11
2019-09-22, 11:42:54, 1e-12, 9.09e-11
2019-09-22, 11:42:59, 9.59e-13, 9.13e-11
2019-09-22, 11:43:03, 1.01e-12, 9.14e-11
2019-09-22, 11:43:07, 9.95e-13, 9.13e-11
2019-09-22, 11:43:11, 9.5e-13, 9.15e-11
2019-09-22, 11:43:15, 9.17e-13, 9.15e-11
2019-09-22, 11:43:20, 9.8e-13, 9.12e-11
2019-09-22, 11:43:24, 8.55e-13, 9.12e-11
2019-09-22, 11:43:28, 9.8e-13, 9.09e-11
2019-09-22, 11:43:32, 9.52e-13, 9.1e-11
2019-09-22, 11:43:37, 9.54e-13, 9.12e-11
2019-09-22, 11:43:41, 9.51e-13, 9.2e-11
2019-09-22, 11:43:45, 9.76e-13, 9.14e-11
2019-09-22, 11:43:49, 9.17e-13, 9.15e-11
2019-09-22, 11:43:53, 1e-12, 9.19e-11
2019-09-22, 11:43:58, 9.58e-13, 9.15e-11
2019-09-22, 11:44:02, 9.67e-13, 9.1e-11
2019-09-22, 11:44:06, 9.77e-13, 9.18e-11
2019-09-22, 11:44:10, 9.88e-13, 9.12e-11
2019-09-22, 11:44:15, 1e-12, 9.14e-11
2019-09-22, 11:44:19, 9.63e-13, 9.18e-11
2019-09-22, 11:44:23, 9.65e-13, 9.12e-11
2019-09-22, 11:44:27, 9.1e-13, 9.14e-11
2019-09-22, 11:44:31, 8.57e-13, 9.14e-11
2019-09-22, 11:44:36, 1.03e-12, 9.1e-11
2019-09-22, 11:44:40, 9.57e-13, 9.11e-11
2019-09-22, 11:44:44, 9.9e-13, 9.15e-11
2019-09-22, 11:44:48, 9.89e-13, 9.14e-11
2019-09-22, 11:44:53, 9.51e-13, 9.07e-11
2019-09-22, 11:44:57, 9.67e-13, 9.13e-11
2019-09-22, 11:45:01, 9.42e-13, 9.11e-11
2019-09-22, 11:45:05, 9.98e-13, 9.17e-11
2019-09-22, 11:45:10, 1e-12, 9.13e-11
2019-09-22, 11:45:14, 9.76e-13, 9.18e-11
2019-09-22, 11:45:18, 9.42e-13, 9.12e-11
2019-09-22, 11:45:22, 1e-12, 9.14e-11
2019-09-22, 11:45:26, 1.12e-12, 9.17e-11
2019-09-22, 11:45:31, 9.58e-13, 9.11e-11
2019-09-22, 11:45:35, 9.57e-13, 9.17e-11
2019-09-22, 11:45:39, 9.4e-13, 9.15e-11
2019-09-22, 11:45:43, 9.28e-13, 9.14e-11
2019-09-22, 11:45:48, 9.01e-13, 9.13e-11
2019-09-22, 11:45:52, 9.07e-13, 9.16e-11
2019-09-22, 11:45:56, 9.77e-13, 9.13e-11
2019-09-22, 11:46:00, 1.08e-12, 9.11e-11
2019-09-22, 11:46:04, 9.81e-13, 9.12e-11
2019-09-22, 11:46:09, 9.73e-13, 9.13e-11
2019-09-22, 11:46:13, 1.06e-12, 9.16e-11
2019-09-22, 11:46:17, 8.94e-13, 9.14e-11
2019-09-22, 11:46:21, 9.63e-13, 9.15e-11
2019-09-22, 11:46:26, 9.64e-13, 9.13e-11
2019-09-22, 11:46:30, 9.62e-13, 9.12e-11
2019-09-22, 11:46:34, 9.78e-13, 9.13e-11
2019-09-22, 11:46:38, 1.08e-12, 9.14e-11
2019-09-22, 11:46:42, 9.54e-13, 9.15e-11
2019-09-22, 11:46:47, 1.05e-12, 9.12e-11
2019-09-22, 11:46:51, 9.59e-13, 9.15e-11
2019-09-22, 11:46:55, 9.8e-13, 9.16e-11
2019-09-22, 11:46:59, 9.88e-13, 9.12e-11
2019-09-22, 11:47:04, 1.02e-12, 9.15e-11
2019-09-22, 11:47:08, 9.91e-13, 9.12e-11
2019-09-22, 11:47:12, 1e-12, 9.15e-11
2019-09-22, 11:47:16, 9.27e-13, 9.11e-11
2019-09-22, 11:47:20, 9.92e-13, 9.16e-11
2019-09-22, 11:47:25, 9.11e-13, 9.18e-11
2019-09-22, 11:47:29, 9.6e-13, 9.13e-11
2019-09-22, 11:47:33, 8.48e-13, 9.18e-11
2019-09-22, 11:47:37, 9.58e-13, 9.14e-11
2019-09-22, 11:47:42, 9.6e-13, 9.17e-11
2019-09-22, 11:47:46, 9.38e-13, 9.14e-11
2019-09-22, 11:47:50, 9.21e-13, 9.14e-11
2019-09-22, 11:47:54, 9.74e-13, 9.14e-11
2019-09-22, 11:47:58, 9.61e-13, 9.15e-11
2019-09-22, 11:48:03, 9.99e-13, 9.16e-11
2019-09-22, 11:48:07, 1.01e-12, 9.12e-11
2019-09-22, 11:48:11, 9.29e-13, 9.13e-11
2019-09-22, 11:48:15, 9.63e-13, 9.17e-11
2019-09-22, 11:48:19, 9.5e-13, 9.15e-11
2019-09-22, 11:48:24, 1.01e-12, 9.15e-11
2019-09-22, 11:48:28, 9.32e-13, 9.14e-11
2019-09-22, 11:48:32, 9.45e-13, 9.14e-11
2019-09-22, 11:48:36, 8.99e-13, 9.16e-11
2019-09-22, 11:48:41, 9.22e-13, 9.12e-11
2019-09-22, 11:48:45, 1e-12, 9.16e-11
2019-09-22, 11:48:49, 9.57e-13, 9.09e-11
2019-09-22, 11:48:53, 9.91e-13, 9.12e-11
2019-09-22, 11:48:57, 9.38e-13, 9.1e-11
2019-09-22, 11:49:02, 9.94e-13, 9.15e-11
2019-09-22, 11:49:06, 1.03e-12, 9.16e-11
2019-09-22, 11:49:10, 9.55e-13, 9.15e-11
2019-09-22, 11:49:14, 9.6e-13, 9.18e-11
2019-09-22, 11:49:19, 9.63e-13, 9.11e-11
2019-09-22, 11:49:23, 1.02e-12, 9.12e-11
2019-09-22, 11:49:27, 9.27e-13, 9.13e-11
2019-09-22, 11:49:31, 9.59e-13, 9.14e-11
2019-09-22, 11:49:35, 9.42e-13, 9.12e-11
2019-09-22, 11:49:40, 9.56e-13, 9.16e-11
2019-09-22, 11:49:44, 1.01e-12, 9.14e-11
2019-09-22, 11:49:48, 8.97e-13, 9.17e-11
2019-09-22, 11:49:52, 9.61e-13, 9.11e-11
2019-09-22, 11:49:57, 9.84e-13, 9.13e-11
2019-09-22, 11:50:01, 9.46e-13, 9.15e-11
2019-09-22, 11:50:05, 1.01e-12, 9.12e-11
2019-09-22, 11:50:09, 1.01e-12, 9.11e-11
2019-09-22, 11:50:13, 8.94e-13, 9.09e-11
2019-09-22, 11:50:18, 9.08e-13, 9.11e-11
2019-09-22, 11:50:22, 9.14e-13, 9.11e-11
2019-09-22, 11:50:26, 9.91e-13, 9.13e-11
2019-09-22, 11:50:30, 8.56e-13, 9.12e-11
2019-09-22, 11:50:35, 9.68e-13, 9.14e-11
2019-09-22, 11:50:39, 8.93e-13, 9.08e-11
2019-09-22, 11:50:43, 1.08e-12, 9.11e-11
2019-09-22, 11:50:47, 8.11e-13, 9.16e-11
2019-09-22, 11:50:51, 9.66e-13, 9.07e-11
2019-09-22, 11:50:56, 9.2e-13, 9.11e-11
2019-09-22, 11:51:00, 9.64e-13, 9.14e-11
2019-09-22, 11:51:04, 9.36e-13, 9.12e-11
2019-09-22, 11:51:08, 1.04e-12, 9.12e-11
2019-09-22, 11:51:13, 9.06e-13, 9.11e-11
2019-09-22, 11:51:17, 9.33e-13, 9.14e-11
2019-09-22, 11:51:21, 1.02e-12, 9.15e-11
2019-09-22, 11:51:25, 9.73e-13, 9.14e-11
2019-09-22, 11:51:29, 9.73e-13, 9.14e-11
2019-09-22, 11:51:34, 9.35e-13, 9.18e-11
2019-09-22, 11:51:38, 9.79e-13, 9.14e-11
2019-09-22, 11:51:42, 1.01e-12, 9.13e-11
2019-09-22, 11:51:46, 1.02e-12, 9.13e-11
2019-09-22, 11:51:51, 9.32e-13, 9.16e-11
2019-09-22, 11:51:55, 9.75e-13, 9.18e-11
2019-09-22, 11:51:59, 9.21e-13, 9.17e-11
2019-09-22, 11:52:03, 1.05e-12, 9.13e-11
2019-09-22, 11:52:07, 9.49e-13, 9.16e-11
2019-09-22, 11:52:12, 9.6e-13, 9.15e-11
2019-09-22, 11:52:16, 9.32e-13, 9.14e-11
2019-09-22, 11:52:20, 9.41e-13, 9.14e-11
2019-09-22, 11:52:24, 8.72e-13, 9.15e-11
2019-09-22, 11:52:29, 1.1e-12, 9.14e-11
2019-09-22, 11:52:33, 1.01e-12, 9.1e-11
2019-09-22, 11:52:37, 1.02e-12, 9.09e-11
2019-09-22, 11:52:41, 9.21e-13, 9.15e-11
2019-09-22, 11:52:45, 9.98e-13, 9.09e-11
2019-09-22, 11:52:50, 8.94e-13, 9.12e-11
2019-09-22, 11:52:54, 9.51e-13, 9.13e-11
2019-09-22, 11:52:58, 9.93e-13, 9.12e-11
2019-09-22, 11:53:02, 9.2e-13, 9.11e-11
2019-09-22, 11:53:07, 9.29e-13, 9.13e-11
2019-09-22, 11:53:11, 9.95e-13, 9.15e-11
2019-09-22, 11:53:15, 9.73e-13, 9.14e-11
2019-09-22, 11:53:19, 9.91e-13, 9.15e-11
2019-09-22, 11:53:23, 9.31e-13, 9.17e-11
2019-09-22, 11:53:28, 9.65e-13, 9.12e-11
2019-09-22, 11:53:32, 1.03e-12, 9.14e-11
2019-09-22, 11:53:36, 9.31e-13, 9.13e-11
2019-09-22, 11:53:40, 9.27e-13, 9.18e-11
2019-09-22, 11:53:44, 9.98e-13, 9.12e-11
2019-09-22, 11:53:49, 9.9e-13, 9.12e-11
2019-09-22, 11:53:53, 1.04e-12, 9.14e-11
2019-09-22, 11:53:57, 9.41e-13, 9.14e-11
2019-09-22, 11:54:01, 9.97e-13, 9.1e-11
2019-09-22, 11:54:06, 8.28e-13, 9.16e-11
2019-09-22, 11:54:10, 9.9e-13, 9.13e-11
2019-09-22, 11:54:14, 9.43e-13, 9.13e-11
2019-09-22, 11:54:18, 9.45e-13, 9.14e-11
2019-09-22, 11:54:22, 9.51e-13, 9.13e-11
2019-09-22, 11:54:27, 1.1e-12, 9.13e-11
2019-09-22, 11:54:31, 9.3e-13, 9.12e-11
2019-09-22, 11:54:35, 1e-12, 9.14e-11
2019-09-22, 11:54:39, 9.63e-13, 9.13e-11
2019-09-22, 11:54:44, 9.55e-13, 9.11e-11
2019-09-22, 11:54:48, 9.18e-13, 9.11e-11
2019-09-22, 11:54:52, 8.82e-13, 9.11e-11
2019-09-22, 11:54:56, 1e-12, 9.15e-11
2019-09-22, 11:55:00, 9.75e-13, 9.13e-11
2019-09-22, 11:55:05, 9.02e-13, 9.11e-11
2019-09-22, 11:55:09, 9.64e-13, 9.15e-11
2019-09-22, 11:55:13, 9.22e-13, 9.12e-11
2019-09-22, 11:55:17, 9.51e-13, 9.11e-11
2019-09-22, 11:55:22, 9.23e-13, 9.15e-11
2019-09-22, 11:55:26, 9.98e-13, 9.12e-11
2019-09-22, 11:55:30, 1.01e-12, 9.1e-11
2019-09-22, 11:55:34, 8.99e-13, 9.13e-11
2019-09-22, 11:55:38, 9.86e-13, 9.12e-11
2019-09-22, 11:55:43, 9.72e-13, 9.09e-11
2019-09-22, 11:55:47, 9.69e-13, 9.12e-11
2019-09-22, 11:55:51, 1.04e-12, 9.12e-11
2019-09-22, 11:55:56, 9.65e-13, 9.12e-11
2019-09-22, 11:56:00, 9.89e-13, 9.12e-11
2019-09-22, 11:56:04, 9.42e-13, 9.15e-11
2019-09-22, 11:56:08, 9.72e-13, 9.13e-11
2019-09-22, 11:56:12, 9.41e-13, 9.12e-11
2019-09-22, 11:56:17, 9.7e-13, 9.12e-11
2019-09-22, 11:56:21, 1.03e-12, 9.1e-11
2019-09-22, 11:56:25, 9.66e-13, 9.14e-11
2019-09-22, 11:56:29, 9.86e-13, 9.13e-11
2019-09-22, 11:56:34, 1.02e-12, 9.13e-11
2019-09-22, 11:56:38, 9.89e-13, 9.12e-11
2019-09-22, 11:56:42, 1.01e-12, 9.14e-11
2019-09-22, 11:56:46, 1.13e-12, 9.1e-11
2019-09-22, 11:56:50, 9.99e-13, 9.12e-11
2019-09-22, 11:56:55, 8.42e-13, 9.12e-11
2019-09-22, 11:56:59, 9.4e-13, 9.12e-11
2019-09-22, 11:57:03, 1.04e-12, 9.11e-11
2019-09-22, 11:57:07, 9.1e-13, 9.11e-11
2019-09-22, 11:57:11, 9.92e-13, 9.15e-11
2019-09-22, 11:57:16, 9.32e-13, 9.11e-11
2019-09-22, 11:57:20, 9.67e-13, 9.13e-11
2019-09-22, 11:57:24, 9.44e-13, 9.13e-11
2019-09-22, 11:57:28, 9.66e-13, 9.12e-11
2019-09-22, 11:57:33, 9.41e-13, 9.11e-11
2019-09-22, 11:57:37, 1.04e-12, 9.14e-11
2019-09-22, 11:57:41, 9.85e-13, 9.1e-11
2019-09-22, 11:57:45, 9.05e-13, 9.11e-11
2019-09-22, 11:57:49, 9.29e-13, 9.11e-11
2019-09-22, 11:57:54, 9.99e-13, 9.09e-11
2019-09-22, 11:57:58, 9.32e-13, 9.13e-11
2019-09-22, 11:58:02, 9.65e-13, 9.07e-11
2019-09-22, 11:58:06, 9.77e-13, 9.1e-11
2019-09-22, 11:58:11, 1.02e-12, 9.1e-11
2019-09-22, 11:58:15, 1.01e-12, 9.14e-11
2019-09-22, 11:58:19, 9.75e-13, 9.11e-11
2019-09-22, 11:58:23, 9.23e-13, 9.12e-11
2019-09-22, 11:58:27, 8.18e-13, 9.14e-11
2019-09-22, 11:58:32, 1.01e-12, 9.13e-11
2019-09-22, 11:58:36, 1.01e-12, 9.1e-11
2019-09-22, 11:58:40, 9.81e-13, 9.11e-11
2019-09-22, 11:58:44, 9.57e-13, 9.14e-11
2019-09-22, 11:58:49, 9.96e-13, 9.14e-11
2019-09-22, 11:58:53, 9.51e-13, 9.13e-11
2019-09-22, 11:58:57, 1.08e-12, 9.14e-11
2019-09-22, 11:59:01, 1.05e-12, 9.09e-11
2019-09-22, 11:59:05, 9.19e-13, 9.13e-11
2019-09-22, 11:59:10, 9.17e-13, 9.12e-11
2019-09-22, 11:59:14, 1e-12, 9.1e-11
2019-09-22, 11:59:18, 8.9e-13, 9.16e-11
2019-09-22, 11:59:22, 9.33e-13, 9.14e-11
2019-09-22, 11:59:27, 9.72e-13, 9.12e-11
2019-09-22, 11:59:31, 9.74e-13, 9.13e-11
2019-09-22, 11:59:35, 1.02e-12, 9.09e-11
2019-09-22, 11:59:39, 9.39e-13, 9.08e-11
2019-09-22, 11:59:43, 8.68e-13, 9.1e-11
2019-09-22, 11:59:48, 9.51e-13, 9.09e-11
2019-09-22, 11:59:52, 9.48e-13, 9.09e-11
2019-09-22, 11:59:56, 9.39e-13, 9.14e-11
2019-09-22, 12:00:00, 9.55e-13, 9.14e-11
2019-09-22, 12:00:05, 1.03e-12, 9.12e-11
2019-09-22, 12:00:09, 9.61e-13, 9.13e-11
2019-09-22, 12:00:13, 9.84e-13, 9.15e-11
2019-09-22, 12:00:17, 9.78e-13, 9.19e-11
2019-09-22, 12:00:21, 9.31e-13, 9.14e-11
2019-09-22, 12:00:26, 9.75e-13, 9.13e-11
2019-09-22, 12:00:30, 9.5e-13, 9.14e-11
2019-09-22, 12:00:34, 1.03e-12, 9.12e-11
2019-09-22, 12:00:39, 9.99e-13, 9.14e-11
2019-09-22, 12:00:43, 9.24e-13, 9.15e-11
2019-09-22, 12:00:47, 9.81e-13, 9.11e-11
2019-09-22, 12:00:51, 1.01e-12, 9.09e-11
2019-09-22, 12:00:55, 9.86e-13, 9.1e-11
2019-09-22, 12:01:00, 1.03e-12, 9.16e-11
2019-09-22, 12:01:04, 9.43e-13, 9.14e-11
2019-09-22, 12:01:08, 9.24e-13, 9.11e-11
2019-09-22, 12:01:12, 9.5e-13, 9.12e-11
2019-09-22, 12:01:17, 9.33e-13, 9.12e-11
2019-09-22, 12:01:21, 9.66e-13, 9.12e-11
2019-09-22, 12:01:25, 9.79e-13, 9.11e-11
2019-09-22, 12:01:29, 8.78e-13, 9.12e-11
2019-09-22, 12:01:34, 9.03e-13, 9.14e-11
2019-09-22, 12:01:38, 1.07e-12, 9.12e-11
2019-09-22, 12:01:42, 9.48e-13, 9.12e-11
2019-09-22, 12:01:46, 1.02e-12, 9.09e-11
2019-09-22, 12:01:50, 1.05e-12, 9.12e-11
2019-09-22, 12:01:55, 9.76e-13, 9.12e-11
2019-09-22, 12:01:59, 9.19e-13, 9.16e-11
2019-09-22, 12:02:03, 9.12e-13, 9.16e-11
2019-09-22, 12:02:07, 9.95e-13, 9.15e-11
2019-09-22, 12:02:12, 9.33e-13, 9.14e-11
2019-09-22, 12:02:16, 9.93e-13, 9.16e-11
2019-09-22, 12:02:20, 9.96e-13, 9.09e-11
2019-09-22, 12:02:24, 9.14e-13, 9.12e-11
2019-09-22, 12:02:28, 1.09e-12, 9.12e-11
2019-09-22, 12:02:33, 9.47e-13, 9.14e-11
2019-09-22, 12:02:37, 9.98e-13, 9.17e-11
2019-09-22, 12:02:41, 9.41e-13, 9.09e-11
2019-09-22, 12:02:45, 9.29e-13, 9.09e-11
2019-09-22, 12:02:50, 9.8e-13, 9.11e-11
2019-09-22, 12:02:54, 9.94e-13, 9.17e-11
2019-09-22, 12:02:58, 9.55e-13, 9.13e-11
2019-09-22, 12:03:02, 9.64e-13, 9.11e-11
2019-09-22, 12:03:06, 9.91e-13, 9.14e-11
2019-09-22, 12:03:11, 9.11e-13, 9.14e-11
2019-09-22, 12:03:15, 1.14e-12, 9.11e-11
2019-09-22, 12:03:19, 9.73e-13, 9.09e-11
2019-09-22, 12:03:23, 9.46e-13, 9.12e-11
2019-09-22, 12:03:28, 9.74e-13, 9.13e-11
2019-09-22, 12:03:32, 9.53e-13, 9.1e-11
2019-09-22, 12:03:36, 9.8e-13, 9.11e-11
2019-09-22, 12:03:40, 9.78e-13, 9.11e-11
2019-09-22, 12:03:44, 8.89e-13, 9.15e-11
2019-09-22, 12:03:49, 1.01e-12, 9.14e-11
2019-09-22, 12:03:53, 9.41e-13, 9.15e-11
2019-09-22, 12:03:57, 8.96e-13, 9.13e-11
2019-09-22, 12:04:01, 1e-12, 9.15e-11
2019-09-22, 12:04:06, 9.9e-13, 9.08e-11
2019-09-22, 12:04:10, 9.29e-13, 9.13e-11
2019-09-22, 12:04:14, 1.05e-12, 9.1e-11
2019-09-22, 12:04:18, 9.12e-13, 9.11e-11
2019-09-22, 12:04:22, 9.53e-13, 9.14e-11
2019-09-22, 12:04:27, 1.06e-12, 9.13e-11
2019-09-22, 12:04:31, 9.75e-13, 9.13e-11
2019-09-22, 12:04:35, 9.22e-13, 9.16e-11
2019-09-22, 12:04:39, 9.51e-13, 9.15e-11
2019-09-22, 12:04:44, 9.52e-13, 9.13e-11
2019-09-22, 12:04:48, 9.82e-13, 9.15e-11
2019-09-22, 12:04:52, 9.46e-13, 9.13e-11
2019-09-22, 12:04:56, 8.51e-13, 9.14e-11
2019-09-22, 12:05:00, 9.33e-13, 9.13e-11
2019-09-22, 12:05:05, 9.9e-13, 9.11e-11
2019-09-22, 12:05:09, 9.39e-13, 9.11e-11
2019-09-22, 12:05:13, 9.89e-13, 9.12e-11
2019-09-22, 12:05:17, 9.33e-13, 9.1e-11
2019-09-22, 12:05:22, 9.42e-13, 9.11e-11
2019-09-22, 12:05:26, 9.59e-13, 9.13e-11
2019-09-22, 12:05:30, 1e-12, 9.14e-11
2019-09-22, 12:05:34, 9.52e-13, 9.17e-11
2019-09-22, 12:05:38, 1.02e-12, 9.13e-11
2019-09-22, 12:05:43, 1.05e-12, 9.16e-11
2019-09-22, 12:05:47, 9.21e-13, 9.13e-11
2019-09-22, 12:05:51, 9.38e-13, 9.15e-11
2019-09-22, 12:05:55, 9.74e-13, 9.12e-11
2019-09-22, 12:06:00, 1.05e-12, 9.12e-11
2019-09-22, 12:06:04, 9.46e-13, 9.11e-11
2019-09-22, 12:06:08, 9.87e-13, 9.1e-11
2019-09-22, 12:06:12, 8.62e-13, 9.09e-11
2019-09-22, 12:06:16, 9.7e-13, 9.11e-11
2019-09-22, 12:06:21, 9.68e-13, 9.1e-11
2019-09-22, 12:06:25, 1.04e-12, 9.15e-11
2019-09-22, 12:06:29, 1.03e-12, 9.09e-11
2019-09-22, 12:06:33, 9.35e-13, 9.1e-11
2019-09-22, 12:06:37, 9.92e-13, 9.13e-11
2019-09-22, 12:06:42, 1.01e-12, 9.07e-11
2019-09-22, 12:06:46, 9.18e-13, 9.11e-11
2019-09-22, 12:06:50, 8.65e-13, 9.16e-11
2019-09-22, 12:06:54, 9.86e-13, 9.16e-11
2019-09-22, 12:06:59, 9.73e-13, 9.09e-11
2019-09-22, 12:07:03, 9.85e-13, 9.1e-11
2019-09-22, 12:07:07, 9.95e-13, 9.09e-11
2019-09-22, 12:07:11, 9.82e-13, 9.13e-11
2019-09-22, 12:07:15, 1.08e-12, 9.1e-11
2019-09-22, 12:07:20, 9.94e-13, 9.11e-11
2019-09-22, 12:07:24, 9.46e-13, 9.12e-11
2019-09-22, 12:07:28, 9.96e-13, 9.15e-11
2019-09-22, 12:07:32, 9.48e-13, 9.15e-11
2019-09-22, 12:07:37, 9.31e-13, 9.18e-11
2019-09-22, 12:07:41, 8.68e-13, 9.17e-11
2019-09-22, 12:07:45, 9.6e-13, 9.13e-11
2019-09-22, 12:07:49, 9.34e-13, 9.16e-11
2019-09-22, 12:07:53, 1.03e-12, 9.15e-11
2019-09-22, 12:07:58, 9.63e-13, 9.12e-11
2019-09-22, 12:08:02, 9.74e-13, 9.12e-11
2019-09-22, 12:08:06, 8.94e-13, 9.13e-11
2019-09-22, 12:08:10, 9.58e-13, 9.13e-11
2019-09-22, 12:08:15, 9.57e-13, 9.12e-11
2019-09-22, 12:08:19, 9.39e-13, 9.13e-11
2019-09-22, 12:08:23, 8.97e-13, 9.16e-11
2019-09-22, 12:08:27, 9.54e-13, 9.15e-11
2019-09-22, 12:08:31, 8.29e-13, 9.13e-11
2019-09-22, 12:08:36, 9.11e-13, 9.16e-11
2019-09-22, 12:08:40, 9.81e-13, 9.12e-11
2019-09-22, 12:08:44, 9.29e-13, 9.13e-11
2019-09-22, 12:08:48, 9.57e-13, 9.16e-11
2019-09-22, 12:08:53, 8.23e-13, 9.16e-11
2019-09-22, 12:08:57, 9.56e-13, 9.1e-11
2019-09-22, 12:09:01, 9.3e-13, 9.11e-11
2019-09-22, 12:09:05, 9.24e-13, 9.13e-11
2019-09-22, 12:09:09, 9.41e-13, 9.14e-11
2019-09-22, 12:09:14, 9.47e-13, 9.12e-11
2019-09-22, 12:09:18, 1e-12, 9.12e-11
2019-09-22, 12:09:22, 9.23e-13, 9.15e-11
2019-09-22, 12:09:26, 9.39e-13, 9.17e-11
2019-09-22, 12:09:31, 9.3e-13, 9.14e-11
2019-09-22, 12:09:35, 9.52e-13, 9.14e-11
2019-09-22, 12:09:39, 9.94e-13, 9.19e-11
2019-09-22, 12:09:43, 9.89e-13, 9.16e-11
2019-09-22, 12:09:47, 9.85e-13, 9.13e-11
2019-09-22, 12:09:52, 9.38e-13, 9.13e-11
2019-09-22, 12:09:56, 9.8e-13, 9.15e-11
2019-09-22, 12:10:00, 9.82e-13, 9.14e-11
2019-09-22, 12:10:04, 9.89e-13, 9.17e-11
2019-09-22, 12:10:09, 9.54e-13, 9.15e-11
2019-09-22, 12:10:13, 9.78e-13, 9.1e-11
2019-09-22, 12:10:17, 8.41e-13, 9.14e-11
2019-09-22, 12:10:21, 9.63e-13, 9.13e-11
2019-09-22, 12:10:25, 9.38e-13, 9.14e-11
2019-09-22, 12:10:30, 9.21e-13, 9.14e-11
2019-09-22, 12:10:34, 9.21e-13, 9.13e-11
2019-09-22, 12:10:38, 9.49e-13, 9.11e-11
2019-09-22, 12:10:42, 8.74e-13, 9.15e-11
2019-09-22, 12:10:47, 9.69e-13, 9.15e-11
2019-09-22, 12:10:51, 9.62e-13, 9.18e-11
2019-09-22, 12:10:55, 1.03e-12, 9.16e-11
2019-09-22, 12:10:59, 1e-12, 9.12e-11
2019-09-22, 12:11:03, 9.29e-13, 9.14e-11
2019-09-22, 12:11:08, 9.53e-13, 9.12e-11
2019-09-22, 12:11:12, 9.49e-13, 9.15e-11
2019-09-22, 12:11:16, 9.82e-13, 9.11e-11
2019-09-22, 12:11:20, 9.61e-13, 9.15e-11
2019-09-22, 12:11:24, 8.47e-13, 9.17e-11
2019-09-22, 12:11:29, 1.04e-12, 9.16e-11
2019-09-22, 12:11:33, 9.47e-13, 9.15e-11
2019-09-22, 12:11:37, 9.29e-13, 9.15e-11
2019-09-22, 12:11:41, 1.01e-12, 9.13e-11
2019-09-22, 12:11:46, 1.08e-12, 9.15e-11
2019-09-22, 12:11:50, 9.84e-13, 9.14e-11
2019-09-22, 12:11:54, 8.95e-13, 9.13e-11
2019-09-22, 12:11:58, 9.29e-13, 9.11e-11
2019-09-22, 12:12:02, 9.92e-13, 9.12e-11
2019-09-22, 12:12:07, 9.11e-13, 9.11e-11
2019-09-22, 12:12:11, 9.63e-13, 9.1e-11
2019-09-22, 12:12:15, 1.01e-12, 9.13e-11
2019-09-22, 12:12:19, 9.24e-13, 9.15e-11
2019-09-22, 12:12:24, 9.48e-13, 9.13e-11
2019-09-22, 12:12:28, 9.47e-13, 9.1e-11
2019-09-22, 12:12:32, 1.09e-12, 9.17e-11
2019-09-22, 12:12:36, 9.77e-13, 9.16e-11
2019-09-22, 12:12:40, 1.05e-12, 9.13e-11
2019-09-22, 12:12:45, 9.05e-13, 9.11e-11
2019-09-22, 12:12:49, 9.95e-13, 9.12e-11
2019-09-22, 12:12:53, 9.78e-13, 9.11e-11
2019-09-22, 12:12:57, 9e-13, 9.13e-11
2019-09-22, 12:13:02, 9.26e-13, 9.12e-11
2019-09-22, 12:13:06, 9.37e-13, 9.1e-11
2019-09-22, 12:13:10, 9.35e-13, 9.12e-11
2019-09-22, 12:13:14, 1.02e-12, 9.18e-11
2019-09-22, 12:13:18, 9.3e-13, 9.19e-11
2019-09-22, 12:13:23, 9.42e-13, 9.14e-11
2019-09-22, 12:13:27, 1e-12, 9.15e-11
2019-09-22, 12:13:31, 9.8e-13, 9.14e-11
2019-09-22, 12:13:35, 9.69e-13, 9.14e-11
2019-09-22, 12:13:40, 9.61e-13, 9.16e-11
2019-09-22, 12:13:44, 9.35e-13, 9.16e-11
2019-09-22, 12:13:48, 9.8e-13, 9.18e-11
2019-09-22, 12:13:52, 8.96e-13, 9.16e-11
2019-09-22, 12:13:56, 1e-12, 9.14e-11
2019-09-22, 12:14:01, 9.02e-13, 9.14e-11
2019-09-22, 12:14:05, 9.54e-13, 9.15e-11
2019-09-22, 12:14:09, 8.93e-13, 9.13e-11
2019-09-22, 12:14:13, 9.35e-13, 9.12e-11
2019-09-22, 12:14:18, 9.56e-13, 9.14e-11
2019-09-22, 12:14:22, 9.48e-13, 9.16e-11
2019-09-22, 12:14:26, 9.55e-13, 9.09e-11
2019-09-22, 12:14:30, 1.02e-12, 9.17e-11
2019-09-22, 12:14:34, 1e-12, 9.15e-11
2019-09-22, 12:14:39, 9.24e-13, 9.1e-11
2019-09-22, 12:14:43, 9.97e-13, 9.14e-11
2019-09-22, 12:14:47, 8.96e-13, 9.14e-11
2019-09-22, 12:14:51, 9.67e-13, 9.2e-11
2019-09-22, 12:14:56, 9.59e-13, 9.12e-11
2019-09-22, 12:15:00, 8.87e-13, 9.12e-11
2019-09-22, 12:15:04, 9.73e-13, 9.15e-11
2019-09-22, 12:15:08, 9.31e-13, 9.12e-11
2019-09-22, 12:15:12, 1.02e-12, 9.17e-11
2019-09-22, 12:15:17, 9.29e-13, 9.15e-11
2019-09-22, 12:15:21, 7.65e-13, 9.13e-11
2019-09-22, 12:15:25, 1.02e-12, 9.12e-11
2019-09-22, 12:15:29, 9.38e-13, 9.18e-11
2019-09-22, 12:15:34, 9.73e-13, 9.12e-11
2019-09-22, 12:15:38, 9.52e-13, 9.17e-11
2019-09-22, 12:15:42, 1.01e-12, 9.12e-11
2019-09-22, 12:15:46, 9.19e-13, 9.12e-11
2019-09-22, 12:15:50, 9.43e-13, 9.16e-11
2019-09-22, 12:15:55, 9.75e-13, 9.14e-11
2019-09-22, 12:15:59, 9.73e-13, 9.1e-11
2019-09-22, 12:16:03, 9.31e-13, 9.1e-11
2019-09-22, 12:16:07, 9.9e-13, 9.13e-11
2019-09-22, 12:16:11, 9.74e-13, 9.18e-11
2019-09-22, 12:16:16, 9.49e-13, 9.12e-11
2019-09-22, 12:16:20, 1.01e-12, 9.11e-11
2019-09-22, 12:16:24, 9.95e-13, 9.15e-11
2019-09-22, 12:16:28, 9.49e-13, 9.14e-11
2019-09-22, 12:16:33, 9.88e-13, 9.18e-11
2019-09-22, 12:16:37, 9.43e-13, 9.12e-11
2019-09-22, 12:16:41, 1.03e-12, 9.15e-11
2019-09-22, 12:16:45, 9.82e-13, 9.14e-11
2019-09-22, 12:16:49, 1.08e-12, 9.12e-11
2019-09-22, 12:16:54, 9.17e-13, 9.2e-11
2019-09-22, 12:16:58, 9.8e-13, 9.11e-11
2019-09-22, 12:17:02, 1e-12, 9.12e-11
2019-09-22, 12:17:06, 9.86e-13, 9.14e-11
2019-09-22, 12:17:11, 9.42e-13, 9.13e-11
2019-09-22, 12:17:15, 9.83e-13, 9.14e-11
2019-09-22, 12:17:19, 9.08e-13, 9.13e-11
2019-09-22, 12:17:23, 9.82e-13, 9.16e-11
2019-09-22, 12:17:27, 1.1e-12, 9.12e-11
2019-09-22, 12:17:32, 1e-12, 9.11e-11
2019-09-22, 12:17:36, 9.82e-13, 9.14e-11
2019-09-22, 12:17:40, 9.62e-13, 9.1e-11
2019-09-22, 12:17:44, 9.05e-13, 9.15e-11
2019-09-22, 12:17:49, 9.4e-13, 9.14e-11
2019-09-22, 12:17:53, 9.48e-13, 9.11e-11
2019-09-22, 12:17:57, 1.07e-12, 9.11e-11
2019-09-22, 12:18:01, 9.92e-13, 9.14e-11
2019-09-22, 12:18:05, 8.98e-13, 9.15e-11
2019-09-22, 12:18:10, 8.86e-13, 9.15e-11
2019-09-22, 12:18:14, 9.72e-13, 9.11e-11
2019-09-22, 12:18:18, 9.49e-13, 9.14e-11
2019-09-22, 12:18:22, 9.03e-13, 9.13e-11
2019-09-22, 12:18:27, 9.62e-13, 9.16e-11
2019-09-22, 12:18:31, 9.51e-13, 9.15e-11
2019-09-22, 12:18:35, 1.04e-12, 9.13e-11
2019-09-22, 12:18:39, 1.01e-12, 9.1e-11
2019-09-22, 12:18:44, 9.71e-13, 9.13e-11
2019-09-22, 12:18:48, 1e-12, 9.13e-11
2019-09-22, 12:18:52, 1.01e-12, 9.12e-11
2019-09-22, 12:18:56, 9.67e-13, 9.14e-11
2019-09-22, 12:19:00, 9.67e-13, 9.15e-11
2019-09-22, 12:19:05, 9.58e-13, 9.16e-11
2019-09-22, 12:19:09, 9.91e-13, 9.11e-11
2019-09-22, 12:19:13, 9.84e-13, 9.16e-11
2019-09-22, 12:19:17, 8.86e-13, 9.15e-11
2019-09-22, 12:19:22, 9.68e-13, 9.1e-11
2019-09-22, 12:19:26, 9.05e-13, 9.15e-11
2019-09-22, 12:19:30, 1.02e-12, 9.14e-11
2019-09-22, 12:19:34, 9.18e-13, 9.19e-11
2019-09-22, 12:19:38, 9.62e-13, 9.1e-11
2019-09-22, 12:19:43, 9.97e-13, 9.15e-11
2019-09-22, 12:19:47, 9.24e-13, 9.14e-11
2019-09-22, 12:19:51, 9.79e-13, 9.11e-11
2019-09-22, 12:19:55, 9.46e-13, 9.11e-11
2019-09-22, 12:20:00, 1.05e-12, 9.09e-11
2019-09-22, 12:20:04, 9.81e-13, 9.16e-11
2019-09-22, 12:20:08, 9.58e-13, 9.15e-11
2019-09-22, 12:20:12, 9.94e-13, 9.14e-11
2019-09-22, 12:20:16, 9.43e-13, 9.12e-11
2019-09-22, 12:20:21, 1.01e-12, 9.14e-11
2019-09-22, 12:20:25, 9.81e-13, 9.14e-11
2019-09-22, 12:20:29, 9.82e-13, 9.12e-11
2019-09-22, 12:20:33, 1.1e-12, 9.14e-11
2019-09-22, 12:20:38, 1e-12, 9.14e-11
2019-09-22, 12:20:42, 9.15e-13, 9.14e-11
2019-09-22, 12:20:46, 9.07e-13, 9.12e-11
2019-09-22, 12:20:50, 9.15e-13, 9.11e-11
2019-09-22, 12:20:54, 9.65e-13, 9.14e-11
2019-09-22, 12:20:59, 9.62e-13, 9.11e-11
2019-09-22, 12:21:03, 1.14e-12, 9.15e-11
2019-09-22, 12:21:07, 9.67e-13, 9.12e-11
2019-09-22, 12:21:11, 9.86e-13, 9.11e-11
2019-09-22, 12:21:16, 9.33e-13, 9.13e-11
2019-09-22, 12:21:20, 9.45e-13, 9.09e-11
2019-09-22, 12:21:24, 9.44e-13, 9.18e-11
2019-09-22, 12:21:28, 8.95e-13, 9.14e-11
2019-09-22, 12:21:32, 9.94e-13, 9.14e-11
2019-09-22, 12:21:37, 9.32e-13, 9.18e-11
2019-09-22, 12:21:41, 9.58e-13, 9.15e-11
2019-09-22, 12:21:45, 9.67e-13, 9.1e-11
2019-09-22, 12:21:49, 9.53e-13, 9.12e-11
2019-09-22, 12:21:53, 9.64e-13, 9.13e-11
2019-09-22, 12:21:58, 9.67e-13, 9.12e-11
2019-09-22, 12:22:02, 9.91e-13, 9.1e-11
2019-09-22, 12:22:06, 1.07e-12, 9.14e-11
2019-09-22, 12:22:10, 1.13e-12, 9.15e-11
2019-09-22, 12:22:15, 9.94e-13, 9.11e-11
2019-09-22, 12:22:19, 9.6e-13, 9.11e-11
2019-09-22, 12:22:23, 8.38e-13, 9.12e-11
2019-09-22, 12:22:27, 9.47e-13, 9.14e-11
2019-09-22, 12:22:31, 9.39e-13, 9.08e-11
2019-09-22, 12:22:36, 9.3e-13, 9.1e-11
2019-09-22, 12:22:40, 9.74e-13, 9.16e-11
2019-09-22, 12:22:44, 9.04e-13, 9.15e-11
2019-09-22, 12:22:48, 9.15e-13, 9.13e-11
2019-09-22, 12:22:53, 9.01e-13, 9.13e-11
2019-09-22, 12:22:57, 9.22e-13, 9.11e-11
2019-09-22, 12:23:01, 9.38e-13, 9.11e-11
2019-09-22, 12:23:05, 1.03e-12, 9.14e-11
2019-09-22, 12:23:09, 1.01e-12, 9.12e-11
2019-09-22, 12:23:14, 9.82e-13, 9.12e-11
2019-09-22, 12:23:18, 9.44e-13, 9.11e-11
2019-09-22, 12:23:22, 1.01e-12, 9.13e-11
2019-09-22, 12:23:26, 1.03e-12, 9.14e-11
2019-09-22, 12:23:31, 9.66e-13, 9.12e-11
2019-09-22, 12:23:35, 1.01e-12, 9.11e-11
2019-09-22, 12:23:39, 9.07e-13, 9.14e-11
2019-09-22, 12:23:43, 9.26e-13, 9.15e-11
2019-09-22, 12:23:47, 8.52e-13, 9.16e-11
2019-09-22, 12:23:52, 1.01e-12, 9.16e-11
2019-09-22, 12:23:56, 9.48e-13, 9.14e-11
2019-09-22, 12:24:00, 9.65e-13, 9.11e-11
2019-09-22, 12:24:04, 9.76e-13, 9.13e-11
2019-09-22, 12:24:09, 9.32e-13, 9.15e-11
2019-09-22, 12:24:13, 9.8e-13, 9.15e-11
2019-09-22, 12:24:17, 9.49e-13, 9.13e-11
2019-09-22, 12:24:21, 9.72e-13, 9.12e-11
2019-09-22, 12:24:25, 9.65e-13, 9.12e-11
2019-09-22, 12:24:30, 9.95e-13, 9.16e-11
2019-09-22, 12:24:34, 9.92e-13, 9.15e-11
2019-09-22, 12:24:38, 8.73e-13, 9.17e-11
2019-09-22, 12:24:42, 9.72e-13, 9.16e-11
2019-09-22, 12:24:47, 9.45e-13, 9.13e-11
2019-09-22, 12:24:51, 9.17e-13, 9.15e-11
2019-09-22, 12:24:55, 1.03e-12, 9.14e-11
2019-09-22, 12:24:59, 8.8e-13, 9.14e-11
2019-09-22, 12:25:03, 9.68e-13, 9.13e-11
2019-09-22, 12:25:08, 9.4e-13, 9.12e-11
2019-09-22, 12:25:12, 7.53e-13, 9.11e-11
2019-09-22, 12:25:16, 9.32e-13, 9.12e-11
2019-09-22, 12:25:20, 9.8e-13, 9.12e-11
2019-09-22, 12:25:24, 9.92e-13, 9.15e-11
2019-09-22, 12:25:29, 9.74e-13, 9.13e-11
2019-09-22, 12:25:33, 9.03e-13, 9.08e-11
2019-09-22, 12:25:37, 9.64e-13, 9.11e-11
2019-09-22, 12:25:41, 9.46e-13, 9.1e-11
2019-09-22, 12:25:46, 9.19e-13, 9.19e-11
2019-09-22, 12:25:50, 9.66e-13, 9.15e-11
2019-09-22, 12:25:54, 1.04e-12, 9.1e-11
2019-09-22, 12:25:58, 1.03e-12, 9.14e-11
2019-09-22, 12:26:02, 9.36e-13, 9.12e-11
2019-09-22, 12:26:07, 9.08e-13, 9.14e-11
2019-09-22, 12:26:11, 9.61e-13, 9.11e-11
2019-09-22, 12:26:15, 9.67e-13, 9.13e-11
2019-09-22, 12:26:19, 9.81e-13, 9.12e-11
2019-09-22, 12:26:24, 9.86e-13, 9.13e-11
2019-09-22, 12:26:28, 1.05e-12, 9.11e-11
2019-09-22, 12:26:32, 9.43e-13, 9.14e-11
2019-09-22, 12:26:36, 9.79e-13, 9.07e-11
2019-09-22, 12:26:40, 1.01e-12, 9.15e-11
2019-09-22, 12:26:45, 9.93e-13, 9.13e-11
2019-09-22, 12:26:49, 9.48e-13, 9.14e-11
2019-09-22, 12:26:53, 9.73e-13, 9.09e-11
2019-09-22, 12:26:57, 9.72e-13, 9.12e-11
2019-09-22, 12:27:02, 9.87e-13, 9.19e-11
2019-09-22, 12:27:06, 9.97e-13, 9.13e-11
2019-09-22, 12:27:10, 9.38e-13, 9.16e-11
2019-09-22, 12:27:14, 9.23e-13, 9.14e-11
2019-09-22, 12:27:18, 9.81e-13, 9.13e-11
2019-09-22, 12:27:23, 8.91e-13, 9.13e-11
2019-09-22, 12:27:27, 9.06e-13, 9.13e-11
2019-09-22, 12:27:31, 9.47e-13, 9.12e-11
2019-09-22, 12:27:35, 9.49e-13, 9.14e-11
2019-09-22, 12:27:40, 9.78e-13, 9.17e-11
2019-09-22, 12:27:44, 9.76e-13, 9.11e-11
2019-09-22, 12:27:48, 9.71e-13, 9.06e-11
2019-09-22, 12:27:52, 9.45e-13, 9.13e-11
2019-09-22, 12:27:56, 9.82e-13, 9.12e-11
2019-09-22, 12:28:01, 9.96e-13, 9.08e-11
2019-09-22, 12:28:05, 9.81e-13, 9.13e-11
2019-09-22, 12:28:09, 9.84e-13, 9.12e-11
2019-09-22, 12:28:13, 9.78e-13, 9.13e-11
2019-09-22, 12:28:18, 9.13e-13, 9.17e-11
2019-09-22, 12:28:22, 9.27e-13, 9.11e-11
2019-09-22, 12:28:26, 1.01e-12, 9.12e-11
2019-09-22, 12:28:30, 9.31e-13, 9.13e-11
2019-09-22, 12:28:34, 1.19e-12, 9.15e-11
2019-09-22, 12:28:39, 8.84e-13, 9.12e-11
2019-09-22, 12:28:43, 9.46e-13, 9.13e-11
2019-09-22, 12:28:47, 9.33e-13, 9.11e-11
2019-09-22, 12:28:51, 9.49e-13, 9.13e-11
2019-09-22, 12:28:55, 1.12e-12, 9.16e-11
2019-09-22, 12:29:00, 9.22e-13, 9.14e-11
2019-09-22, 12:29:04, 1.08e-12, 9.11e-11
2019-09-22, 12:29:08, 1.03e-12, 9.11e-11
2019-09-22, 12:29:12, 9.33e-13, 9.11e-11
2019-09-22, 12:29:17, 1e-12, 9.09e-11
2019-09-22, 12:29:21, 9.84e-13, 9.1e-11
2019-09-22, 12:29:25, 9.96e-13, 9.12e-11
2019-09-22, 12:29:29, 9.96e-13, 9.09e-11
2019-09-22, 12:29:33, 9.36e-13, 9.12e-11
2019-09-22, 12:29:38, 9.62e-13, 9.15e-11
2019-09-22, 12:29:42, 1.06e-12, 9.12e-11
2019-09-22, 12:29:46, 9.44e-13, 9.08e-11
2019-09-22, 12:29:50, 1.01e-12, 9.09e-11
2019-09-22, 12:29:55, 9.04e-13, 9.11e-11
2019-09-22, 12:29:59, 9.24e-13, 9.09e-11
2019-09-22, 12:30:03, 9.59e-13, 9.1e-11
2019-09-22, 12:30:07, 9.29e-13, 9.14e-11
2019-09-22, 12:30:11, 9.68e-13, 9.13e-11
2019-09-22, 12:30:16, 9.73e-13, 9.12e-11
2019-09-22, 12:30:20, 9.98e-13, 9.15e-11
2019-09-22, 12:30:25, 9.22e-13, 9.12e-11
2019-09-22, 12:30:29, 9.33e-13, 9.09e-11
2019-09-22, 12:30:33, 1.02e-12, 9.11e-11
2019-09-22, 12:30:37, 9.68e-13, 9.14e-11
2019-09-22, 12:30:41, 9.54e-13, 9.12e-11
2019-09-22, 12:30:46, 9.68e-13, 9.15e-11
2019-09-22, 12:30:50, 9.21e-13, 9.11e-11
2019-09-22, 12:30:54, 9.93e-13, 9.12e-11
2019-09-22, 12:30:58, 9.55e-13, 9.14e-11
2019-09-22, 12:31:03, 9.34e-13, 9.17e-11
2019-09-22, 12:31:07, 1e-12, 9.17e-11
2019-09-22, 12:31:11, 9.89e-13, 9.14e-11
2019-09-22, 12:31:15, 9.93e-13, 9.15e-11
2019-09-22, 12:31:19, 8.65e-13, 9.14e-11
2019-09-22, 12:31:24, 9.2e-13, 9.12e-11
2019-09-22, 12:31:28, 1.01e-12, 9.1e-11
2019-09-22, 12:31:32, 8.84e-13, 9.08e-11
2019-09-22, 12:31:36, 1.03e-12, 9.11e-11
2019-09-22, 12:31:41, 9.68e-13, 9.11e-11
2019-09-22, 12:31:45, 1.01e-12, 9.12e-11
2019-09-22, 12:31:49, 9.6e-13, 9.07e-11
2019-09-22, 12:31:53, 9.33e-13, 9.09e-11
2019-09-22, 12:31:57, 1.04e-12, 9.13e-11
2019-09-22, 12:32:02, 8.91e-13, 9.11e-11
2019-09-22, 12:32:06, 9.41e-13, 9.1e-11
2019-09-22, 12:32:10, 1.06e-12, 9.13e-11
2019-09-22, 12:32:14, 9.17e-13, 9.13e-11
2019-09-22, 12:32:19, 1.02e-12, 9.09e-11
2019-09-22, 12:32:23, 1e-12, 9.16e-11
2019-09-22, 12:32:27, 1.04e-12, 9.13e-11
2019-09-22, 12:32:31, 9.54e-13, 9.13e-11
2019-09-22, 12:32:35, 8.93e-13, 9.08e-11
2019-09-22, 12:32:40, 9.63e-13, 9.09e-11
2019-09-22, 12:32:44, 9.83e-13, 9.14e-11
2019-09-22, 12:32:48, 9.44e-13, 9.12e-11
2019-09-22, 12:32:52, 9.93e-13, 9.13e-11
2019-09-22, 12:32:57, 9.81e-13, 9.1e-11
2019-09-22, 12:33:01, 9.12e-13, 9.13e-11
2019-09-22, 12:33:05, 1.02e-12, 9.17e-11
2019-09-22, 12:33:09, 9.61e-13, 9.17e-11
2019-09-22, 12:33:13, 8.92e-13, 9.1e-11
2019-09-22, 12:33:18, 9.83e-13, 9.13e-11
2019-09-22, 12:33:22, 1.03e-12, 9.15e-11
2019-09-22, 12:33:26, 9.71e-13, 9.14e-11
2019-09-22, 12:33:30, 9.5e-13, 9.13e-11
2019-09-22, 12:33:35, 9.38e-13, 9.13e-11
2019-09-22, 12:33:39, 9.58e-13, 9.16e-11
2019-09-22, 12:33:43, 1.01e-12, 9.17e-11
2019-09-22, 12:33:47, 9.87e-13, 9.14e-11
2019-09-22, 12:33:51, 9.34e-13, 9.13e-11
2019-09-22, 12:33:56, 9.52e-13, 9.14e-11
2019-09-22, 12:34:00, 9.78e-13, 9.15e-11
2019-09-22, 12:34:04, 9.58e-13, 9.18e-11
2019-09-22, 12:34:08, 9.29e-13, 9.13e-11
2019-09-22, 12:34:13, 9.72e-13, 9.14e-11
2019-09-22, 12:34:17, 9.04e-13, 9.14e-11
2019-09-22, 12:34:21, 9.91e-13, 9.13e-11
2019-09-22, 12:34:25, 9.66e-13, 9.14e-11
2019-09-22, 12:34:29, 9.82e-13, 9.18e-11
2019-09-22, 12:34:34, 9.13e-13, 9.19e-11
2019-09-22, 12:34:38, 9.43e-13, 9.14e-11
2019-09-22, 12:34:42, 9.41e-13, 9.22e-11
2019-09-22, 12:34:46, 9.96e-13, 9.14e-11
2019-09-22, 12:34:51, 9.78e-13, 9.15e-11
2019-09-22, 12:34:55, 9.27e-13, 9.17e-11
2019-09-22, 12:34:59, 9.85e-13, 9.17e-11
2019-09-22, 12:35:03, 9.98e-13, 9.19e-11
2019-09-22, 12:35:07, 9.16e-13, 9.18e-11
2019-09-22, 12:35:12, 9.57e-13, 9.16e-11
2019-09-22, 12:35:16, 8.57e-13, 9.15e-11
2019-09-22, 12:35:20, 9.63e-13, 9.22e-11
2019-09-22, 12:35:24, 9.84e-13, 9.18e-11
2019-09-22, 12:35:28, 9.49e-13, 9.23e-11
2019-09-22, 12:35:33, 9.85e-13, 9.19e-11
2019-09-22, 12:35:37, 9.29e-13, 9.18e-11
2019-09-22, 12:35:41, 9.37e-13, 9.15e-11
2019-09-22, 12:35:45, 8.8e-13, 9.18e-11
2019-09-22, 12:35:50, 9.33e-13, 9.18e-11
2019-09-22, 12:35:54, 9.19e-13, 9.17e-11
2019-09-22, 12:35:58, 9.44e-13, 9.23e-11
2019-09-22, 12:36:02, 9.01e-13, 9.21e-11
2019-09-22, 12:36:06, 9.61e-13, 9.2e-11
2019-09-22, 12:36:11, 9.68e-13, 9.21e-11
2019-09-22, 12:36:15, 8.98e-13, 9.15e-11
2019-09-22, 12:36:19, 9.77e-13, 9.21e-11
2019-09-22, 12:36:23, 9.13e-13, 9.2e-11
2019-09-22, 12:36:28, 9.34e-13, 9.2e-11
2019-09-22, 12:36:32, 8.72e-13, 9.15e-11
2019-09-22, 12:36:36, 9.19e-13, 9.16e-11
2019-09-22, 12:36:40, 9.47e-13, 9.16e-11
2019-09-22, 12:36:44, 9.3e-13, 9.18e-11
2019-09-22, 12:36:49, 9.94e-13, 9.21e-11
2019-09-22, 12:36:53, 9.15e-13, 9.18e-11
2019-09-22, 12:36:57, 9.59e-13, 9.2e-11
2019-09-22, 12:37:01, 9.88e-13, 9.18e-11
2019-09-22, 12:37:06, 1.11e-12, 9.2e-11
2019-09-22, 12:37:10, 9.06e-13, 9.25e-11
2019-09-22, 12:37:14, 9.99e-13, 9.18e-11
2019-09-22, 12:37:18, 9.59e-13, 9.16e-11
2019-09-22, 12:37:22, 9.38e-13, 9.19e-11
2019-09-22, 12:37:27, 9.15e-13, 9.16e-11
2019-09-22, 12:37:31, 8.57e-13, 9.18e-11
2019-09-22, 12:37:35, 1.04e-12, 9.19e-11
2019-09-22, 12:37:39, 9.1e-13, 9.18e-11
2019-09-22, 12:37:44, 9.79e-13, 9.19e-11
2019-09-22, 12:37:48, 9.95e-13, 9.16e-11
2019-09-22, 12:37:52, 9.96e-13, 9.18e-11
2019-09-22, 12:37:56, 9.5e-13, 9.2e-11
2019-09-22, 12:38:00, 9.51e-13, 9.18e-11
2019-09-22, 12:38:05, 9.24e-13, 9.19e-11
2019-09-22, 12:38:09, 9.57e-13, 9.2e-11
2019-09-22, 12:38:13, 9.83e-13, 9.18e-11
2019-09-22, 12:38:17, 9.24e-13, 9.22e-11
2019-09-22, 12:38:22, 9.41e-13, 9.17e-11
2019-09-22, 12:38:26, 9.55e-13, 9.21e-11
2019-09-22, 12:38:30, 1.01e-12, 9.18e-11
2019-09-22, 12:38:34, 9.06e-13, 9.15e-11
2019-09-22, 12:38:38, 9.87e-13, 9.2e-11
2019-09-22, 12:38:43, 1.01e-12, 9.21e-11
2019-09-22, 12:38:47, 1.05e-12, 9.19e-11
2019-09-22, 12:38:51, 1.01e-12, 9.2e-11
2019-09-22, 12:38:55, 9.33e-13, 9.17e-11
2019-09-22, 12:38:59, 9.16e-13, 9.19e-11
2019-09-22, 12:39:04, 9.63e-13, 9.21e-11
2019-09-22, 12:39:08, 9.24e-13, 9.21e-11
2019-09-22, 12:39:12, 9.56e-13, 9.18e-11
2019-09-22, 12:39:16, 9.66e-13, 9.17e-11
2019-09-22, 12:39:21, 1.08e-12, 9.19e-11
2019-09-22, 12:39:25, 9.72e-13, 9.19e-11
2019-09-22, 12:39:29, 9.31e-13, 9.17e-11
2019-09-22, 12:39:33, 9.42e-13, 9.16e-11
2019-09-22, 12:39:37, 9.64e-13, 9.19e-11
2019-09-22, 12:39:42, 9.79e-13, 9.21e-11
2019-09-22, 12:39:46, 9.98e-13, 9.24e-11
2019-09-22, 12:39:50, 9.27e-13, 9.19e-11
2019-09-22, 12:39:54, 1.01e-12, 9.17e-11
2019-09-22, 12:39:59, 8.39e-13, 9.16e-11
2019-09-22, 12:40:03, 9.72e-13, 9.18e-11
2019-09-22, 12:40:07, 9.95e-13, 9.18e-11
2019-09-22, 12:40:11, 9.36e-13, 9.21e-11
2019-09-22, 12:40:15, 8.97e-13, 9.18e-11
2019-09-22, 12:40:20, 9.43e-13, 9.16e-11
2019-09-22, 12:40:24, 9.68e-13, 9.18e-11
2019-09-22, 12:40:28, 9.83e-13, 9.2e-11
2019-09-22, 12:40:32, 9.84e-13, 9.18e-11
2019-09-22, 12:40:37, 9.79e-13, 9.16e-11
2019-09-22, 12:40:41, 9.25e-13, 9.17e-11
2019-09-22, 12:40:45, 9.37e-13, 9.16e-11
2019-09-22, 12:40:49, 9.74e-13, 9.17e-11
2019-09-22, 12:40:53, 9.81e-13, 9.16e-11
2019-09-22, 12:40:58, 9.9e-13, 9.15e-11
2019-09-22, 12:41:02, 9.65e-13, 9.17e-11
2019-09-22, 12:41:06, 9.88e-13, 9.19e-11
2019-09-22, 12:41:10, 9.92e-13, 9.21e-11
2019-09-22, 12:41:15, 9.4e-13, 9.21e-11
2019-09-22, 12:41:19, 1.02e-12, 9.16e-11
2019-09-22, 12:41:23, 9.43e-13, 9.16e-11
2019-09-22, 12:41:27, 9.73e-13, 9.2e-11
2019-09-22, 12:41:31, 9.35e-13, 9.17e-11
2019-09-22, 12:41:36, 9.82e-13, 9.2e-11
2019-09-22, 12:41:40, 8.41e-13, 9.14e-11
2019-09-22, 12:41:44, 9.82e-13, 9.15e-11
2019-09-22, 12:41:48, 9.78e-13, 9.14e-11
2019-09-22, 12:41:53, 1.09e-12, 9.19e-11
2019-09-22, 12:41:57, 9.67e-13, 9.2e-11
2019-09-22, 12:42:01, 9.58e-13, 9.17e-11
2019-09-22, 12:42:05, 1.03e-12, 9.16e-11
2019-09-22, 12:42:09, 9.61e-13, 9.18e-11
2019-09-22, 12:42:14, 9.77e-13, 9.2e-11
2019-09-22, 12:42:18, 1.02e-12, 9.2e-11
2019-09-22, 12:42:22, 9.78e-13, 9.2e-11
2019-09-22, 12:42:26, 9.59e-13, 9.17e-11
2019-09-22, 12:42:31, 9.58e-13, 9.21e-11
2019-09-22, 12:42:35, 1.06e-12, 9.18e-11
2019-09-22, 12:42:39, 9.39e-13, 9.2e-11
2019-09-22, 12:42:43, 9.71e-13, 9.18e-11
2019-09-22, 12:42:47, 9.91e-13, 9.19e-11
2019-09-22, 12:42:52, 9.46e-13, 9.17e-11
2019-09-22, 12:42:56, 9.7e-13, 9.22e-11
2019-09-22, 12:43:00, 1.12e-12, 9.2e-11
2019-09-22, 12:43:04, 8.5e-13, 9.24e-11
2019-09-22, 12:43:08, 8.33e-13, 9.19e-11
2019-09-22, 12:43:13, 9.37e-13, 9.19e-11
2019-09-22, 12:43:17, 9.76e-13, 9.18e-11
2019-09-22, 12:43:21, 9.01e-13, 9.2e-11
2019-09-22, 12:43:25, 9.9e-13, 9.19e-11
2019-09-22, 12:43:30, 9.97e-13, 9.16e-11
2019-09-22, 12:43:34, 7.98e-13, 9.17e-11
2019-09-22, 12:43:38, 9.64e-13, 9.16e-11
2019-09-22, 12:43:42, 9.83e-13, 9.16e-11
2019-09-22, 12:43:46, 9.19e-13, 9.2e-11
2019-09-22, 12:43:51, 9.85e-13, 9.2e-11
2019-09-22, 12:43:55, 9.79e-13, 9.19e-11
2019-09-22, 12:43:59, 9.3e-13, 9.18e-11
2019-09-22, 12:44:03, 1.02e-12, 9.2e-11
2019-09-22, 12:44:08, 1.03e-12, 9.14e-11
2019-09-22, 12:44:12, 9.41e-13, 9.17e-11
2019-09-22, 12:44:16, 9.69e-13, 9.19e-11
2019-09-22, 12:44:20, 9.48e-13, 9.18e-11
2019-09-22, 12:44:24, 9.38e-13, 9.2e-11
2019-09-22, 12:44:29, 9.58e-13, 9.16e-11
2019-09-22, 12:44:33, 9.6e-13, 9.2e-11
2019-09-22, 12:44:37, 1e-12, 9.2e-11
2019-09-22, 12:44:41, 9.74e-13, 9.16e-11
2019-09-22, 12:44:46, 9.71e-13, 9.16e-11
2019-09-22, 12:44:50, 1.02e-12, 9.16e-11
2019-09-22, 12:44:54, 9.87e-13, 9.17e-11
2019-09-22, 12:44:58, 9.57e-13, 9.19e-11
2019-09-22, 12:45:02, 9.4e-13, 9.19e-11
2019-09-22, 12:45:07, 9.82e-13, 9.18e-11
2019-09-22, 12:45:11, 9.41e-13, 9.2e-11
2019-09-22, 12:45:15, 9.82e-13, 9.17e-11
2019-09-22, 12:45:19, 9.57e-13, 9.14e-11
2019-09-22, 12:45:24, 9.13e-13, 9.18e-11
2019-09-22, 12:45:28, 9.88e-13, 9.17e-11
2019-09-22, 12:45:32, 9.77e-13, 9.17e-11
2019-09-22, 12:45:36, 1.01e-12, 9.17e-11
2019-09-22, 12:45:40, 1.03e-12, 9.18e-11
2019-09-22, 12:45:45, 1.01e-12, 9.17e-11
2019-09-22, 12:45:49, 9.15e-13, 9.21e-11
2019-09-22, 12:45:53, 9.24e-13, 9.21e-11
2019-09-22, 12:45:57, 9.51e-13, 9.2e-11
2019-09-22, 12:46:02, 9.81e-13, 9.19e-11
2019-09-22, 12:46:06, 9.86e-13, 9.17e-11
2019-09-22, 12:46:10, 1.02e-12, 9.17e-11
2019-09-22, 12:46:14, 9.32e-13, 9.15e-11
2019-09-22, 12:46:18, 9.85e-13, 9.16e-11
2019-09-22, 12:46:23, 9.71e-13, 9.18e-11
2019-09-22, 12:46:27, 9.62e-13, 9.21e-11
2019-09-22, 12:46:31, 9.77e-13, 9.16e-11
2019-09-22, 12:46:35, 1e-12, 9.18e-11
2019-09-22, 12:46:40, 9e-13, 9.21e-11
2019-09-22, 12:46:44, 9.4e-13, 9.18e-11
2019-09-22, 12:46:48, 9.89e-13, 9.18e-11
2019-09-22, 12:46:52, 9.11e-13, 9.15e-11
2019-09-22, 12:46:56, 9.7e-13, 9.18e-11
2019-09-22, 12:47:01, 1e-12, 9.17e-11
2019-09-22, 12:47:05, 1.01e-12, 9.15e-11
2019-09-22, 12:47:09, 8.35e-13, 9.21e-11
2019-09-22, 12:47:13, 1.03e-12, 9.2e-11
2019-09-22, 12:47:18, 9.93e-13, 9.17e-11
2019-09-22, 12:47:22, 9.79e-13, 9.18e-11
2019-09-22, 12:47:26, 9.68e-13, 9.2e-11
2019-09-22, 12:47:30, 8.77e-13, 9.2e-11
2019-09-22, 12:47:34, 9.53e-13, 9.17e-11
2019-09-22, 12:47:39, 1.01e-12, 9.2e-11
2019-09-22, 12:47:43, 9.67e-13, 9.18e-11
2019-09-22, 12:47:47, 9.37e-13, 9.18e-11
2019-09-22, 12:47:51, 9.81e-13, 9.17e-11
2019-09-22, 12:47:56, 9.71e-13, 9.19e-11
2019-09-22, 12:48:00, 9.45e-13, 9.22e-11
2019-09-22, 12:48:04, 1.03e-12, 9.2e-11
2019-09-22, 12:48:08, 9.43e-13, 9.17e-11
2019-09-22, 12:48:12, 9e-13, 9.22e-11
2019-09-22, 12:48:17, 9.71e-13, 9.18e-11
2019-09-22, 12:48:21, 9.46e-13, 9.19e-11
2019-09-22, 12:48:25, 9.15e-13, 9.19e-11
2019-09-22, 12:48:29, 9.64e-13, 9.2e-11
2019-09-22, 12:48:34, 9.69e-13, 9.19e-11
2019-09-22, 12:48:38, 1.02e-12, 9.17e-11
2019-09-22, 12:48:42, 9.97e-13, 9.15e-11
2019-09-22, 12:48:46, 9.26e-13, 9.2e-11
2019-09-22, 12:48:50, 9.63e-13, 9.18e-11
2019-09-22, 12:48:55, 9.31e-13, 9.16e-11
2019-09-22, 12:48:59, 9.57e-13, 9.19e-11
2019-09-22, 12:49:03, 9.92e-13, 9.21e-11
2019-09-22, 12:49:07, 1.01e-12, 9.18e-11
2019-09-22, 12:49:12, 1e-12, 9.14e-11
2019-09-22, 12:49:16, 9.97e-13, 9.19e-11
2019-09-22, 12:49:20, 9.63e-13, 9.2e-11
2019-09-22, 12:49:24, 9.75e-13, 9.19e-11
2019-09-22, 12:49:28, 9.57e-13, 9.17e-11
2019-09-22, 12:49:33, 9.62e-13, 9.21e-11
2019-09-22, 12:49:37, 9.46e-13, 9.16e-11
2019-09-22, 12:49:41, 9.2e-13, 9.19e-11
2019-09-22, 12:49:45, 9.64e-13, 9.22e-11
2019-09-22, 12:49:50, 9.88e-13, 9.13e-11
2019-09-22, 12:49:54, 9.43e-13, 9.14e-11
2019-09-22, 12:49:58, 9.19e-13, 9.19e-11
2019-09-22, 12:50:02, 8.47e-13, 9.2e-11
2019-09-22, 12:50:06, 9.79e-13, 9.17e-11
2019-09-22, 12:50:11, 9.75e-13, 9.18e-11
2019-09-22, 12:50:15, 1.01e-12, 9.19e-11
2019-09-22, 12:50:19, 1.06e-12, 9.2e-11
2019-09-22, 12:50:23, 9.4e-13, 9.16e-11
2019-09-22, 12:50:27, 1e-12, 9.16e-11
2019-09-22, 12:50:32, 8.36e-13, 9.21e-11
2019-09-22, 12:50:36, 8.97e-13, 9.2e-11
2019-09-22, 12:50:40, 9.49e-13, 9.18e-11
2019-09-22, 12:50:44, 9.59e-13, 9.17e-11
2019-09-22, 12:50:49, 9.82e-13, 9.16e-11
2019-09-22, 12:50:53, 9.96e-13, 9.15e-11
2019-09-22, 12:50:57, 1.02e-12, 9.17e-11
2019-09-22, 12:51:01, 1.04e-12, 9.17e-11
2019-09-22, 12:51:05, 9.4e-13, 9.17e-11
2019-09-22, 12:51:10, 1.02e-12, 9.19e-11
2019-09-22, 12:51:14, 1.01e-12, 9.16e-11
2019-09-22, 12:51:18, 9.33e-13, 9.25e-11
2019-09-22, 12:51:22, 9.28e-13, 9.18e-11
2019-09-22, 12:51:27, 9.38e-13, 9.17e-11
2019-09-22, 12:51:31, 9.69e-13, 9.2e-11
2019-09-22, 12:51:35, 9.65e-13, 9.14e-11
2019-09-22, 12:51:39, 9.49e-13, 9.15e-11
2019-09-22, 12:51:43, 9.16e-13, 9.18e-11
2019-09-22, 12:51:48, 9.01e-13, 9.19e-11
2019-09-22, 12:51:52, 8.87e-13, 9.2e-11
2019-09-22, 12:51:56, 9.35e-13, 9.21e-11
2019-09-22, 12:52:00, 1.01e-12, 9.18e-11
2019-09-22, 12:52:05, 9.75e-13, 9.21e-11
2019-09-22, 12:52:09, 9.22e-13, 9.15e-11
2019-09-22, 12:52:13, 9.84e-13, 9.19e-11
2019-09-22, 12:52:17, 9.65e-13, 9.17e-11
2019-09-22, 12:52:21, 8.45e-13, 9.21e-11
2019-09-22, 12:52:26, 9.66e-13, 9.18e-11
2019-09-22, 12:52:30, 8.72e-13, 9.21e-11
2019-09-22, 12:52:34, 9.42e-13, 9.17e-11
2019-09-22, 12:52:38, 9.76e-13, 9.15e-11
2019-09-22, 12:52:43, 8.81e-13, 9.17e-11
2019-09-22, 12:52:47, 9.87e-13, 9.2e-11
2019-09-22, 12:52:51, 7.94e-13, 9.19e-11
2019-09-22, 12:52:55, 9.54e-13, 9.18e-11
2019-09-22, 12:52:59, 9.32e-13, 9.21e-11
2019-09-22, 12:53:04, 8.91e-13, 9.18e-11
2019-09-22, 12:53:08, 9.52e-13, 9.18e-11
2019-09-22, 12:53:12, 9.17e-13, 9.2e-11
2019-09-22, 12:53:16, 9.92e-13, 9.22e-11
2019-09-22, 12:53:21, 9.9e-13, 9.23e-11
2019-09-22, 12:53:25, 9.5e-13, 9.18e-11
2019-09-22, 12:53:29, 9.73e-13, 9.18e-11
2019-09-22, 12:53:33, 9.36e-13, 9.18e-11
2019-09-22, 12:53:37, 9.53e-13, 9.2e-11
2019-09-22, 12:53:42, 9.23e-13, 9.18e-11
2019-09-22, 12:53:46, 9.99e-13, 9.2e-11
2019-09-22, 12:53:50, 1.09e-12, 9.21e-11
2019-09-22, 12:53:54, 8.99e-13, 9.19e-11
2019-09-22, 12:53:59, 9.25e-13, 9.19e-11
2019-09-22, 12:54:03, 1e-12, 9.22e-11
2019-09-22, 12:54:07, 9.88e-13, 9.2e-11
2019-09-22, 12:54:11, 9.6e-13, 9.18e-11
2019-09-22, 12:54:15, 1.01e-12, 9.2e-11
2019-09-22, 12:54:20, 9.63e-13, 9.17e-11
2019-09-22, 12:54:24, 9.72e-13, 9.19e-11
2019-09-22, 12:54:28, 9.66e-13, 9.21e-11
2019-09-22, 12:54:32, 9.41e-13, 9.17e-11
2019-09-22, 12:54:37, 8.38e-13, 9.17e-11
2019-09-22, 12:54:41, 1.02e-12, 9.16e-11
2019-09-22, 12:54:45, 9.15e-13, 9.16e-11
2019-09-22, 12:54:49, 9.24e-13, 9.2e-11
2019-09-22, 12:54:53, 9.78e-13, 9.2e-11
2019-09-22, 12:54:58, 9.84e-13, 9.21e-11
2019-09-22, 12:55:02, 9.82e-13, 9.23e-11
2019-09-22, 12:55:06, 9.55e-13, 9.18e-11
2019-09-22, 12:55:10, 9.65e-13, 9.17e-11
2019-09-22, 12:55:15, 9.66e-13, 9.19e-11
2019-09-22, 12:55:19, 9.31e-13, 9.21e-11
2019-09-22, 12:55:23, 9.52e-13, 9.21e-11
2019-09-22, 12:55:27, 9.27e-13, 9.19e-11
2019-09-22, 12:55:31, 9.95e-13, 9.21e-11
2019-09-22, 12:55:36, 9.83e-13, 9.2e-11
2019-09-22, 12:55:40, 9.49e-13, 9.2e-11
2019-09-22, 12:55:44, 9.17e-13, 9.2e-11
2019-09-22, 12:55:48, 8.91e-13, 9.17e-11
2019-09-22, 12:55:52, 9.82e-13, 9.21e-11
2019-09-22, 12:55:57, 9.88e-13, 9.19e-11
2019-09-22, 12:56:01, 9.18e-13, 9.19e-11
2019-09-22, 12:56:05, 9.45e-13, 9.23e-11
2019-09-22, 12:56:09, 9.51e-13, 9.18e-11
2019-09-22, 12:56:14, 9.83e-13, 9.2e-11
2019-09-22, 12:56:18, 9.45e-13, 9.16e-11
2019-09-22, 12:56:22, 9.98e-13, 9.16e-11
2019-09-22, 12:56:26, 9.35e-13, 9.19e-11
2019-09-22, 12:56:30, 1.01e-12, 9.2e-11
2019-09-22, 12:56:35, 1.11e-12, 9.17e-11
2019-09-22, 12:56:39, 9.78e-13, 9.22e-11
2019-09-22, 12:56:43, 9.91e-13, 9.17e-11
2019-09-22, 12:56:47, 9.45e-13, 9.17e-11
2019-09-22, 12:56:52, 1e-12, 9.19e-11
2019-09-22, 12:56:56, 1.03e-12, 9.22e-11
2019-09-22, 12:57:00, 1e-12, 9.16e-11
2019-09-22, 12:57:04, 1.02e-12, 9.16e-11
2019-09-22, 12:57:08, 9.84e-13, 9.18e-11
2019-09-22, 12:57:13, 8.16e-13, 9.18e-11
2019-09-22, 12:57:17, 9.51e-13, 9.2e-11
2019-09-22, 12:57:21, 8.97e-13, 9.19e-11
2019-09-22, 12:57:25, 1.13e-12, 9.17e-11
2019-09-22, 12:57:30, 9.45e-13, 9.21e-11
2019-09-22, 12:57:34, 8.44e-13, 9.22e-11
2019-09-22, 12:57:38, 9.47e-13, 9.15e-11
2019-09-22, 12:57:42, 9.85e-13, 9.21e-11
2019-09-22, 12:57:46, 9.8e-13, 9.18e-11
2019-09-22, 12:57:51, 9.46e-13, 9.17e-11
2019-09-22, 12:57:55, 9.25e-13, 9.18e-11
2019-09-22, 12:57:59, 9.75e-13, 9.21e-11
2019-09-22, 12:58:03, 9.99e-13, 9.19e-11
2019-09-22, 12:58:08, 9.81e-13, 9.19e-11
2019-09-22, 12:58:12, 9.81e-13, 9.21e-11
2019-09-22, 12:58:16, 9.6e-13, 9.18e-11
2019-09-22, 12:58:20, 9.59e-13, 9.21e-11
2019-09-22, 12:58:24, 1.1e-12, 9.19e-11
2019-09-22, 12:58:29, 9.76e-13, 9.2e-11
2019-09-22, 12:58:33, 9.98e-13, 9.19e-11
2019-09-22, 12:58:37, 9.87e-13, 9.16e-11
2019-09-22, 12:58:41, 9.66e-13, 9.2e-11
2019-09-22, 12:58:46, 1.04e-12, 9.16e-11
2019-09-22, 12:58:50, 9.63e-13, 9.2e-11
2019-09-22, 12:58:54, 8.49e-13, 9.18e-11
2019-09-22, 12:58:58, 1.01e-12, 9.17e-11
2019-09-22, 12:59:02, 9.74e-13, 9.2e-11
2019-09-22, 12:59:07, 9.95e-13, 9.21e-11
2019-09-22, 12:59:11, 9.56e-13, 9.17e-11
2019-09-22, 12:59:15, 9.9e-13, 9.19e-11
2019-09-22, 12:59:19, 8.79e-13, 9.2e-11
2019-09-22, 12:59:24, 1e-12, 9.18e-11
2019-09-22, 12:59:28, 9.08e-13, 9.16e-11
2019-09-22, 12:59:32, 9.85e-13, 9.23e-11
2019-09-22, 12:59:36, 9.14e-13, 9.18e-11
2019-09-22, 12:59:40, 9.42e-13, 9.17e-11
2019-09-22, 12:59:45, 1.01e-12, 9.18e-11
2019-09-22, 12:59:49, 9.62e-13, 9.21e-11
2019-09-22, 12:59:53, 9.63e-13, 9.21e-11
2019-09-22, 12:59:57, 9.91e-13, 9.17e-11
2019-09-22, 13:00:01, 9.26e-13, 9.2e-11
2019-09-22, 13:00:06, 9.88e-13, 9.19e-11
2019-09-22, 13:00:10, 1.02e-12, 9.16e-11
2019-09-22, 13:00:14, 9.91e-13, 9.19e-11
2019-09-22, 13:00:18, 9.24e-13, 9.19e-11
2019-09-22, 13:00:23, 9.86e-13, 9.18e-11
2019-09-22, 13:00:27, 9.44e-13, 9.22e-11
2019-09-22, 13:00:31, 9.83e-13, 9.2e-11
2019-09-22, 13:00:35, 1.03e-12, 9.19e-11
2019-09-22, 13:00:39, 9.16e-13, 9.19e-11
2019-09-22, 13:00:44, 9.42e-13, 9.19e-11
2019-09-22, 13:00:48, 9.85e-13, 9.18e-11
2019-09-22, 13:00:52, 9.2e-13, 9.18e-11
2019-09-22, 13:00:56, 9.8e-13, 9.21e-11
2019-09-22, 13:01:01, 1.01e-12, 9.18e-11
2019-09-22, 13:01:05, 9.31e-13, 9.23e-11
2019-09-22, 13:01:09, 1.01e-12, 9.24e-11
2019-09-22, 13:01:13, 9.87e-13, 9.19e-11
2019-09-22, 13:01:17, 9.82e-13, 9.2e-11
2019-09-22, 13:01:22, 9.73e-13, 9.17e-11
2019-09-22, 13:01:26, 9.68e-13, 9.22e-11
2019-09-22, 13:01:30, 9.26e-13, 9.21e-11
2019-09-22, 13:01:34, 9.28e-13, 9.22e-11
2019-09-22, 13:01:39, 9.91e-13, 9.18e-11
2019-09-22, 13:01:43, 8.34e-13, 9.21e-11
2019-09-22, 13:01:47, 9.34e-13, 9.2e-11
2019-09-22, 13:01:51, 1.07e-12, 9.19e-11
2019-09-22, 13:01:55, 9.91e-13, 9.19e-11
2019-09-22, 13:02:00, 9.6e-13, 9.19e-11
2019-09-22, 13:02:04, 9.54e-13, 9.21e-11
2019-09-22, 13:02:08, 9.11e-13, 9.2e-11
2019-09-22, 13:02:12, 9.61e-13, 9.17e-11
2019-09-22, 13:02:17, 9.89e-13, 9.16e-11
2019-09-22, 13:02:21, 9.12e-13, 9.17e-11
2019-09-22, 13:02:25, 9.59e-13, 9.17e-11
2019-09-22, 13:02:29, 9e-13, 9.2e-11
2019-09-22, 13:02:33, 9.66e-13, 9.21e-11
2019-09-22, 13:02:38, 9.25e-13, 9.18e-11
2019-09-22, 13:02:42, 9.49e-13, 9.16e-11
2019-09-22, 13:02:46, 9.4e-13, 9.14e-11
2019-09-22, 13:02:50, 9.34e-13, 9.17e-11
2019-09-22, 13:02:55, 9.26e-13, 9.18e-11
2019-09-22, 13:02:59, 9.58e-13, 9.2e-11
2019-09-22, 13:03:03, 9.55e-13, 9.17e-11
2019-09-22, 13:03:09, 9.67e-13, 9.16e-11
2019-09-22, 13:03:15, 9.9e-13, 9.19e-11
2019-09-22, 13:03:19, 9.56e-13, 9.19e-11
2019-09-22, 13:03:24, 9.5e-13, 9.19e-11
2019-09-22, 13:03:28, 9.51e-13, 9.19e-11
2019-09-22, 13:03:32, 9.97e-13, 9.19e-11
2019-09-22, 13:03:36, 8.97e-13, 9.17e-11
2019-09-22, 13:03:40, 9.32e-13, 9.16e-11
2019-09-22, 13:03:45, 9.83e-13, 9.15e-11
2019-09-22, 13:03:49, 9.22e-13, 9.15e-11
2019-09-22, 13:03:53, 9.4e-13, 9.2e-11
2019-09-22, 13:03:57, 9.06e-13, 9.18e-11
2019-09-22, 13:04:01, 9.02e-13, 9.17e-11
2019-09-22, 13:04:06, 9.4e-13, 9.16e-11
2019-09-22, 13:04:10, 9.62e-13, 9.19e-11
2019-09-22, 13:04:14, 9.29e-13, 9.2e-11
2019-09-22, 13:04:18, 9.6e-13, 9.17e-11
2019-09-22, 13:04:23, 9.88e-13, 9.23e-11
2019-09-22, 13:04:27, 9.5e-13, 9.18e-11
2019-09-22, 13:04:31, 9.43e-13, 9.15e-11
2019-09-22, 13:04:35, 9.58e-13, 9.2e-11
2019-09-22, 13:04:39, 9.54e-13, 9.17e-11
2019-09-22, 13:04:44, 1.02e-12, 9.2e-11
2019-09-22, 13:04:48, 9.31e-13, 9.18e-11
2019-09-22, 13:04:52, 1.04e-12, 9.18e-11
2019-09-22, 13:04:56, 9.17e-13, 9.16e-11
2019-09-22, 13:05:01, 1.01e-12, 9.15e-11
2019-09-22, 13:05:05, 1.06e-12, 9.17e-11
2019-09-22, 13:05:09, 9.32e-13, 9.17e-11
2019-09-22, 13:05:13, 9.5e-13, 9.14e-11
2019-09-22, 13:05:17, 9.63e-13, 9.22e-11
2019-09-22, 13:05:22, 9.58e-13, 9.21e-11
2019-09-22, 13:05:26, 1.04e-12, 9.13e-11
2019-09-22, 13:05:30, 9.35e-13, 9.17e-11
2019-09-22, 13:05:34, 9.87e-13, 9.15e-11
2019-09-22, 13:05:39, 1e-12, 9.18e-11
2019-09-22, 13:05:43, 9.76e-13, 9.14e-11
2019-09-22, 13:05:47, 9.36e-13, 9.13e-11
2019-09-22, 13:05:51, 1.02e-12, 9.16e-11
2019-09-22, 13:05:55, 1.08e-12, 9.14e-11
2019-09-22, 13:06:00, 9.82e-13, 9.16e-11
2019-09-22, 13:06:04, 9.36e-13, 9.12e-11
2019-09-22, 13:06:08, 9.96e-13, 9.16e-11
2019-09-22, 13:06:12, 9.83e-13, 9.17e-11
2019-09-22, 13:06:17, 9.86e-13, 9.13e-11
2019-09-22, 13:06:21, 9.87e-13, 9.18e-11
2019-09-22, 13:06:25, 9.27e-13, 9.18e-11
2019-09-22, 13:06:29, 9.26e-13, 9.17e-11
2019-09-22, 13:06:33, 9.62e-13, 9.19e-11
2019-09-22, 13:06:38, 9.38e-13, 9.2e-11
2019-09-22, 13:06:42, 9.73e-13, 9.21e-11
2019-09-22, 13:06:46, 8.3e-13, 9.18e-11
2019-09-22, 13:06:50, 9.8e-13, 9.18e-11
2019-09-22, 13:06:55, 9.55e-13, 9.14e-11
2019-09-22, 13:06:59, 9.25e-13, 9.18e-11
2019-09-22, 13:07:03, 9.09e-13, 9.16e-11
2019-09-22, 13:07:07, 9.37e-13, 9.15e-11
2019-09-22, 13:07:11, 1.03e-12, 9.2e-11
2019-09-22, 13:07:16, 9.65e-13, 9.2e-11
2019-09-22, 13:07:20, 1.01e-12, 9.18e-11
2019-09-22, 13:07:24, 9.16e-13, 9.13e-11
2019-09-22, 13:07:28, 9.37e-13, 9.15e-11
2019-09-22, 13:07:33, 9.12e-13, 9.16e-11
2019-09-22, 13:07:37, 9.7e-13, 9.18e-11
2019-09-22, 13:07:41, 1.11e-12, 9.18e-11
2019-09-22, 13:07:45, 9.02e-13, 9.18e-11
2019-09-22, 13:07:49, 9.28e-13, 9.15e-11
2019-09-22, 13:07:54, 9.56e-13, 9.13e-11
2019-09-22, 13:07:58, 9.83e-13, 9.18e-11
2019-09-22, 13:08:02, 9.34e-13, 9.17e-11
2019-09-22, 13:08:06, 9.94e-13, 9.14e-11
2019-09-22, 13:08:11, 1.01e-12, 9.12e-11
2019-09-22, 13:08:15, 9.68e-13, 9.12e-11
2019-09-22, 13:08:19, 1.01e-12, 9.14e-11
2019-09-22, 13:08:23, 9.25e-13, 9.14e-11
2019-09-22, 13:08:27, 8.86e-13, 9.15e-11
2019-09-22, 13:08:32, 9.68e-13, 9.15e-11
2019-09-22, 13:08:36, 9.68e-13, 9.13e-11
2019-09-22, 13:08:40, 9.47e-13, 9.15e-11
2019-09-22, 13:08:44, 9.47e-13, 9.12e-11
2019-09-22, 13:08:49, 9.2e-13, 9.14e-11
2019-09-22, 13:08:53, 9.73e-13, 9.19e-11
2019-09-22, 13:08:57, 1.14e-12, 9.17e-11
2019-09-22, 13:09:01, 1.03e-12, 9.19e-11
2019-09-22, 13:09:05, 9.72e-13, 9.16e-11
2019-09-22, 13:09:10, 9.69e-13, 9.17e-11
2019-09-22, 13:09:14, 9.89e-13, 9.15e-11
2019-09-22, 13:09:18, 9.82e-13, 9.17e-11
2019-09-22, 13:09:22, 1.01e-12, 9.14e-11
2019-09-22, 13:09:27, 9.59e-13, 9.17e-11
2019-09-22, 13:09:31, 9.78e-13, 9.15e-11
2019-09-22, 13:09:35, 8.9e-13, 9.16e-11
2019-09-22, 13:09:39, 9.57e-13, 9.14e-11
2019-09-22, 13:09:43, 9e-13, 9.17e-11
2019-09-22, 13:09:48, 1.01e-12, 9.19e-11
2019-09-22, 13:09:52, 9.93e-13, 9.16e-11
2019-09-22, 13:09:56, 9.53e-13, 9.19e-11
2019-09-22, 13:10:00, 9.03e-13, 9.19e-11
2019-09-22, 13:10:04, 1.01e-12, 9.19e-11
2019-09-22, 13:10:09, 9.38e-13, 9.17e-11
2019-09-22, 13:10:13, 9.43e-13, 9.14e-11
2019-09-22, 13:10:17, 9.82e-13, 9.15e-11
2019-09-22, 13:10:21, 9.06e-13, 9.17e-11
2019-09-22, 13:10:26, 9.06e-13, 9.17e-11
2019-09-22, 13:10:30, 9.56e-13, 9.2e-11
2019-09-22, 13:10:34, 9.68e-13, 9.17e-11
2019-09-22, 13:10:38, 9.52e-13, 9.14e-11
2019-09-22, 13:10:42, 9.77e-13, 9.18e-11
2019-09-22, 13:10:47, 9.53e-13, 9.18e-11
2019-09-22, 13:10:51, 1.09e-12, 9.14e-11
2019-09-22, 13:10:55, 1.02e-12, 9.18e-11
2019-09-22, 13:10:59, 9.56e-13, 9.2e-11
2019-09-22, 13:11:04, 9.44e-13, 9.13e-11
2019-09-22, 13:11:08, 9.76e-13, 9.16e-11
2019-09-22, 13:11:12, 1.01e-12, 9.17e-11
2019-09-22, 13:11:16, 9.06e-13, 9.11e-11
2019-09-22, 13:11:20, 9.6e-13, 9.14e-11
2019-09-22, 13:11:25, 8.88e-13, 9.14e-11
2019-09-22, 13:11:29, 9.52e-13, 9.13e-11
2019-09-22, 13:11:33, 9.15e-13, 9.12e-11
2019-09-22, 13:11:37, 1.06e-12, 9.2e-11
2019-09-22, 13:11:42, 1.01e-12, 9.12e-11
2019-09-22, 13:11:46, 9.91e-13, 9.16e-11
2019-09-22, 13:11:50, 1.01e-12, 9.18e-11
2019-09-22, 13:11:54, 9.05e-13, 9.19e-11
2019-09-22, 13:11:58, 9.45e-13, 9.15e-11
2019-09-22, 13:12:03, 1e-12, 9.15e-11
2019-09-22, 13:12:07, 1e-12, 9.17e-11
2019-09-22, 13:12:11, 9.97e-13, 9.15e-11
2019-09-22, 13:12:15, 9.77e-13, 9.16e-11
2019-09-22, 13:12:20, 9.46e-13, 9.14e-11
2019-09-22, 13:12:24, 9.41e-13, 9.16e-11
2019-09-22, 13:12:28, 9.97e-13, 9.17e-11
2019-09-22, 13:12:32, 9.43e-13, 9.14e-11
2019-09-22, 13:12:36, 1.02e-12, 9.13e-11
2019-09-22, 13:12:41, 9.46e-13, 9.12e-11
2019-09-22, 13:12:45, 9.94e-13, 9.14e-11
2019-09-22, 13:12:49, 9.5e-13, 9.14e-11
2019-09-22, 13:12:53, 9.88e-13, 9.19e-11
2019-09-22, 13:12:58, 8.04e-13, 9.13e-11
2019-09-22, 13:13:02, 9.6e-13, 9.18e-11
2019-09-22, 13:13:06, 9.55e-13, 9.12e-11
2019-09-22, 13:13:10, 1.1e-12, 9.13e-11
2019-09-22, 13:13:14, 9.22e-13, 9.13e-11
2019-09-22, 13:13:19, 9.56e-13, 9.16e-11
2019-09-22, 13:13:23, 9.47e-13, 9.16e-11
2019-09-22, 13:13:27, 9.25e-13, 9.19e-11
2019-09-22, 13:13:31, 9.59e-13, 9.17e-11
2019-09-22, 13:13:36, 9.76e-13, 9.17e-11
2019-09-22, 13:13:40, 1.06e-12, 9.17e-11
2019-09-22, 13:13:44, 9.27e-13, 9.17e-11
2019-09-22, 13:13:48, 9.71e-13, 9.16e-11
2019-09-22, 13:13:52, 9.59e-13, 9.16e-11
2019-09-22, 13:13:57, 9.3e-13, 9.2e-11
2019-09-22, 13:14:01, 9.84e-13, 9.16e-11
2019-09-22, 13:14:05, 9.37e-13, 9.16e-11
2019-09-22, 13:14:09, 1e-12, 9.14e-11
2019-09-22, 13:14:14, 9.22e-13, 9.15e-11
2019-09-22, 13:14:18, 9.64e-13, 9.16e-11
2019-09-22, 13:14:22, 9.52e-13, 9.13e-11
2019-09-22, 13:14:26, 9.96e-13, 9.15e-11
2019-09-22, 13:14:30, 9.53e-13, 9.16e-11
2019-09-22, 13:14:35, 9.73e-13, 9.17e-11
2019-09-22, 13:14:39, 1.01e-12, 9.19e-11
2019-09-22, 13:14:43, 9.52e-13, 9.16e-11
2019-09-22, 13:14:47, 9.79e-13, 9.15e-11
2019-09-22, 13:14:52, 1.03e-12, 9.21e-11
2019-09-22, 13:14:56, 9.65e-13, 9.13e-11
2019-09-22, 13:15:00, 9e-13, 9.14e-11
2019-09-22, 13:15:04, 1.01e-12, 9.14e-11
2019-09-22, 13:15:08, 9.34e-13, 9.15e-11
2019-09-22, 13:15:13, 9.93e-13, 9.16e-11
2019-09-22, 13:15:17, 9.46e-13, 9.14e-11
2019-09-22, 13:15:21, 9.68e-13, 9.18e-11
2019-09-22, 13:15:25, 9.47e-13, 9.17e-11
2019-09-22, 13:15:30, 1.02e-12, 9.19e-11
2019-09-22, 13:15:34, 9.68e-13, 9.16e-11
2019-09-22, 13:15:38, 9.9e-13, 9.17e-11
2019-09-22, 13:15:42, 9.45e-13, 9.18e-11
2019-09-22, 13:15:47, 9.35e-13, 9.19e-11
2019-09-22, 13:15:51, 9.82e-13, 9.15e-11
2019-09-22, 13:15:55, 9.6e-13, 9.17e-11
2019-09-22, 13:15:59, 9.97e-13, 9.14e-11
2019-09-22, 13:16:03, 9.08e-13, 9.19e-11
2019-09-22, 13:16:08, 1.06e-12, 9.18e-11
2019-09-22, 13:16:12, 9.37e-13, 9.14e-11
2019-09-22, 13:16:16, 9.35e-13, 9.14e-11
2019-09-22, 13:16:20, 1.04e-12, 9.15e-11
2019-09-22, 13:16:25, 9.69e-13, 9.15e-11
2019-09-22, 13:16:29, 9.76e-13, 9.17e-11
2019-09-22, 13:16:33, 9.19e-13, 9.18e-11
2019-09-22, 13:16:37, 1.1e-12, 9.17e-11
2019-09-22, 13:16:41, 9.29e-13, 9.17e-11
2019-09-22, 13:16:46, 9.03e-13, 9.18e-11
2019-09-22, 13:16:50, 1.01e-12, 9.18e-11
2019-09-22, 13:16:54, 9.27e-13, 9.17e-11
2019-09-22, 13:16:58, 1.02e-12, 9.18e-11
2019-09-22, 13:17:03, 9.74e-13, 9.14e-11
2019-09-22, 13:17:07, 9.24e-13, 9.16e-11
2019-09-22, 13:17:11, 9.94e-13, 9.14e-11
2019-09-22, 13:17:15, 9.92e-13, 9.19e-11
2019-09-22, 13:17:19, 9.01e-13, 9.19e-11
2019-09-22, 13:17:24, 1.04e-12, 9.16e-11
2019-09-22, 13:17:28, 9.68e-13, 9.17e-11
2019-09-22, 13:17:32, 9.25e-13, 9.17e-11
2019-09-22, 13:17:36, 1e-12, 9.16e-11
2019-09-22, 13:17:41, 9.81e-13, 9.19e-11
2019-09-22, 13:17:45, 9.92e-13, 9.15e-11
2019-09-22, 13:17:49, 8.41e-13, 9.13e-11
2019-09-22, 13:17:53, 9.57e-13, 9.2e-11
2019-09-22, 13:17:57, 9.69e-13, 9.16e-11
2019-09-22, 13:18:02, 9.64e-13, 9.14e-11
2019-09-22, 13:18:06, 8.53e-13, 9.16e-11
2019-09-22, 13:18:10, 9.72e-13, 9.18e-11
2019-09-22, 13:18:14, 1.07e-12, 9.2e-11
2019-09-22, 13:18:19, 9.18e-13, 9.19e-11
2019-09-22, 13:18:23, 8.79e-13, 9.2e-11
2019-09-22, 13:18:27, 1.05e-12, 9.17e-11
2019-09-22, 13:18:31, 9.76e-13, 9.16e-11
2019-09-22, 13:18:35, 9.49e-13, 9.14e-11
2019-09-22, 13:18:40, 9.94e-13, 9.15e-11
2019-09-22, 13:18:44, 1e-12, 9.21e-11
2019-09-22, 13:18:48, 9.2e-13, 9.18e-11
2019-09-22, 13:18:52, 9.65e-13, 9.17e-11
2019-09-22, 13:18:57, 9.38e-13, 9.15e-11
2019-09-22, 13:19:01, 9.99e-13, 9.17e-11
2019-09-22, 13:19:05, 9.32e-13, 9.18e-11
2019-09-22, 13:19:09, 9.55e-13, 9.17e-11
2019-09-22, 13:19:13, 9.78e-13, 9.18e-11
2019-09-22, 13:19:18, 9.16e-13, 9.15e-11
2019-09-22, 13:19:22, 9.6e-13, 9.18e-11
2019-09-22, 13:19:26, 9.91e-13, 9.16e-11
2019-09-22, 13:19:30, 9.45e-13, 9.17e-11
2019-09-22, 13:19:35, 9.79e-13, 9.15e-11
2019-09-22, 13:19:39, 9.35e-13, 9.18e-11
2019-09-22, 13:19:43, 9.66e-13, 9.16e-11
2019-09-22, 13:19:47, 9.95e-13, 9.15e-11
2019-09-22, 13:19:51, 9.65e-13, 9.13e-11
2019-09-22, 13:19:56, 9.76e-13, 9.15e-11
2019-09-22, 13:20:00, 8.84e-13, 9.19e-11
2019-09-22, 13:20:04, 1e-12, 9.15e-11
2019-09-22, 13:20:08, 9.74e-13, 9.19e-11
2019-09-22, 13:20:13, 9.95e-13, 9.13e-11
2019-09-22, 13:20:17, 9.53e-13, 9.19e-11
2019-09-22, 13:20:21, 1e-12, 9.17e-11
2019-09-22, 13:20:25, 9.73e-13, 9.15e-11
2019-09-22, 13:20:29, 9.4e-13, 9.14e-11
2019-09-22, 13:20:34, 9.97e-13, 9.17e-11
2019-09-22, 13:20:38, 9.86e-13, 9.16e-11
2019-09-22, 13:20:42, 9.23e-13, 9.17e-11
2019-09-22, 13:20:46, 9.38e-13, 9.2e-11
2019-09-22, 13:20:51, 8.04e-13, 9.13e-11
2019-09-22, 13:20:55, 9.47e-13, 9.14e-11
2019-09-22, 13:20:59, 9.97e-13, 9.14e-11
2019-09-22, 13:21:03, 9.56e-13, 9.2e-11
2019-09-22, 13:21:08, 9.96e-13, 9.16e-11
2019-09-22, 13:21:12, 9.88e-13, 9.17e-11
2019-09-22, 13:21:16, 9.92e-13, 9.18e-11
2019-09-22, 13:21:20, 1.01e-12, 9.16e-11
2019-09-22, 13:21:25, 9.23e-13, 9.19e-11
2019-09-22, 13:21:29, 8.63e-13, 9.19e-11
2019-09-22, 13:21:33, 9.97e-13, 9.2e-11
2019-09-22, 13:21:37, 9.94e-13, 9.2e-11
2019-09-22, 13:21:41, 1.01e-12, 9.2e-11
2019-09-22, 13:21:46, 9.61e-13, 9.19e-11
2019-09-22, 13:21:50, 9.64e-13, 9.2e-11
2019-09-22, 13:21:54, 9.66e-13, 9.14e-11
2019-09-22, 13:21:58, 9.37e-13, 9.21e-11
2019-09-22, 13:22:02, 9.61e-13, 9.16e-11
2019-09-22, 13:22:07, 9.7e-13, 9.19e-11
2019-09-22, 13:22:11, 9.55e-13, 9.15e-11
2019-09-22, 13:22:15, 9.89e-13, 9.13e-11
2019-09-22, 13:22:19, 8.84e-13, 9.1e-11
2019-09-22, 13:22:24, 8.96e-13, 9.15e-11
2019-09-22, 13:22:28, 1.08e-12, 9.19e-11
2019-09-22, 13:22:32, 9.09e-13, 9.16e-11
2019-09-22, 13:22:36, 9.87e-13, 9.14e-11
2019-09-22, 13:22:40, 9.75e-13, 9.18e-11
2019-09-22, 13:22:45, 9.97e-13, 9.18e-11
2019-09-22, 13:22:49, 9.97e-13, 9.15e-11
2019-09-22, 13:22:53, 9.22e-13, 9.14e-11
2019-09-22, 13:22:57, 9.44e-13, 9.18e-11
2019-09-22, 13:23:02, 9.77e-13, 9.18e-11
2019-09-22, 13:23:06, 9.82e-13, 9.19e-11
2019-09-22, 13:23:10, 9.59e-13, 9.18e-11
2019-09-22, 13:23:14, 9.93e-13, 9.16e-11
2019-09-22, 13:23:18, 9.73e-13, 9.19e-11
2019-09-22, 13:23:23, 9.31e-13, 9.2e-11
2019-09-22, 13:23:27, 1.06e-12, 9.17e-11
2019-09-22, 13:23:31, 9.79e-13, 9.19e-11
2019-09-22, 13:23:35, 9.38e-13, 9.16e-11
2019-09-22, 13:23:40, 9.65e-13, 9.14e-11
2019-09-22, 13:23:44, 9.24e-13, 9.18e-11
2019-09-22, 13:23:48, 9.96e-13, 9.2e-11
2019-09-22, 13:23:52, 1.01e-12, 9.18e-11
2019-09-22, 13:23:56, 1.08e-12, 9.16e-11
2019-09-22, 13:24:01, 9.78e-13, 9.16e-11
2019-09-22, 13:24:05, 9.84e-13, 9.19e-11
2019-09-22, 13:24:09, 9.51e-13, 9.14e-11
2019-09-22, 13:24:13, 9.52e-13, 9.19e-11
2019-09-22, 13:24:18, 9.35e-13, 9.15e-11
2019-09-22, 13:24:22, 9.42e-13, 9.15e-11
2019-09-22, 13:24:26, 9e-13, 9.15e-11
2019-09-22, 13:24:30, 9.79e-13, 9.2e-11
2019-09-22, 13:24:34, 9.47e-13, 9.17e-11
2019-09-22, 13:24:39, 9.03e-13, 9.13e-11
2019-09-22, 13:24:43, 9.6e-13, 9.14e-11
2019-09-22, 13:24:47, 9.4e-13, 9.13e-11
2019-09-22, 13:24:51, 9.57e-13, 9.17e-11
2019-09-22, 13:24:56, 9.04e-13, 9.16e-11
2019-09-22, 13:25:00, 9.4e-13, 9.17e-11
2019-09-22, 13:25:04, 9.59e-13, 9.15e-11
2019-09-22, 13:25:08, 9.4e-13, 9.19e-11
2019-09-22, 13:25:12, 9.51e-13, 9.19e-11
2019-09-22, 13:25:17, 9.63e-13, 9.18e-11
2019-09-22, 13:25:21, 1.01e-12, 9.17e-11
2019-09-22, 13:25:25, 9.97e-13, 9.16e-11
2019-09-22, 13:25:29, 9.92e-13, 9.19e-11
2019-09-22, 13:25:34, 1.01e-12, 9.2e-11
2019-09-22, 13:25:38, 9.45e-13, 9.16e-11
2019-09-22, 13:25:42, 9.72e-13, 9.15e-11
2019-09-22, 13:25:46, 9.85e-13, 9.18e-11
2019-09-22, 13:25:50, 9.19e-13, 9.19e-11
2019-09-22, 13:25:55, 9.93e-13, 9.2e-11
2019-09-22, 13:25:59, 9.57e-13, 9.18e-11
2019-09-22, 13:26:03, 9.92e-13, 9.15e-11
2019-09-22, 13:26:07, 8.97e-13, 9.17e-11
2019-09-22, 13:26:12, 8.99e-13, 9.19e-11
2019-09-22, 13:26:16, 9.83e-13, 9.18e-11
2019-09-22, 13:26:20, 9.37e-13, 9.16e-11
2019-09-22, 13:26:24, 9.64e-13, 9.15e-11
2019-09-22, 13:26:28, 9.49e-13, 9.19e-11
2019-09-22, 13:26:33, 9.53e-13, 9.18e-11
2019-09-22, 13:26:37, 9.37e-13, 9.17e-11
2019-09-22, 13:26:41, 9.39e-13, 9.19e-11
2019-09-22, 13:26:45, 9.72e-13, 9.16e-11
2019-09-22, 13:26:50, 9.64e-13, 9.2e-11
2019-09-22, 13:26:54, 9.44e-13, 9.17e-11
2019-09-22, 13:26:58, 1.02e-12, 9.19e-11
2019-09-22, 13:27:02, 9.83e-13, 9.15e-11
2019-09-22, 13:27:06, 9.62e-13, 9.16e-11
2019-09-22, 13:27:11, 9.64e-13, 9.16e-11
2019-09-22, 13:27:15, 9.76e-13, 9.16e-11
2019-09-22, 13:27:19, 9.63e-13, 9.19e-11
2019-09-22, 13:27:23, 9.84e-13, 9.18e-11
2019-09-22, 13:27:27, 9.46e-13, 9.16e-11
2019-09-22, 13:27:32, 9.48e-13, 9.17e-11
2019-09-22, 13:27:36, 9.48e-13, 9.16e-11
2019-09-22, 13:27:40, 9.37e-13, 9.2e-11
2019-09-22, 13:27:44, 9.21e-13, 9.14e-11
2019-09-22, 13:27:49, 9.23e-13, 9.19e-11
2019-09-22, 13:27:53, 9.2e-13, 9.16e-11
2019-09-22, 13:27:57, 1.11e-12, 9.14e-11
2019-09-22, 13:28:01, 9.5e-13, 9.17e-11
2019-09-22, 13:28:05, 9.56e-13, 9.16e-11
2019-09-22, 13:28:10, 9.24e-13, 9.19e-11
2019-09-22, 13:28:14, 9.74e-13, 9.18e-11
2019-09-22, 13:28:18, 9.78e-13, 9.17e-11
2019-09-22, 13:28:22, 9.8e-13, 9.16e-11
2019-09-22, 13:28:27, 1e-12, 9.17e-11
2019-09-22, 13:28:31, 9.56e-13, 9.15e-11
2019-09-22, 13:28:35, 9.52e-13, 9.19e-11
2019-09-22, 13:28:39, 1.01e-12, 9.17e-11
2019-09-22, 13:28:44, 9.65e-13, 9.17e-11
2019-09-22, 13:28:48, 8.92e-13, 9.18e-11
2019-09-22, 13:28:52, 1.01e-12, 9.16e-11
2019-09-22, 13:28:56, 9.95e-13, 9.16e-11
2019-09-22, 13:29:01, 9.32e-13, 9.2e-11
2019-09-22, 13:29:05, 9.44e-13, 9.19e-11
2019-09-22, 13:29:09, 9.55e-13, 9.21e-11
2019-09-22, 13:29:13, 1.04e-12, 9.21e-11
2019-09-22, 13:29:17, 9.42e-13, 9.22e-11
2019-09-22, 13:29:22, 9.66e-13, 9.21e-11
2019-09-22, 13:29:26, 9.67e-13, 9.16e-11
2019-09-22, 13:29:30, 1.01e-12, 9.17e-11
2019-09-22, 13:29:34, 9.81e-13, 9.17e-11
2019-09-22, 13:29:39, 1.02e-12, 9.16e-11
2019-09-22, 13:29:43, 9.93e-13, 9.18e-11
2019-09-22, 13:29:47, 9.29e-13, 9.19e-11
2019-09-22, 13:29:51, 9.63e-13, 9.17e-11
2019-09-22, 13:29:55, 9.2e-13, 9.15e-11
2019-09-22, 13:30:00, 9.39e-13, 9.19e-11
2019-09-22, 13:30:04, 9.9e-13, 9.13e-11
2019-09-22, 13:30:08, 9.35e-13, 9.18e-11
2019-09-22, 13:30:12, 8.66e-13, 9.16e-11
2019-09-22, 13:30:17, 1.01e-12, 9.15e-11
2019-09-22, 13:30:21, 7.92e-13, 9.18e-11
2019-09-22, 13:30:25, 9.88e-13, 9.18e-11
2019-09-22, 13:30:29, 9.79e-13, 9.18e-11
2019-09-22, 13:30:34, 9.57e-13, 9.19e-11
2019-09-22, 13:30:38, 9.05e-13, 9.17e-11
2019-09-22, 13:30:42, 9.67e-13, 9.22e-11
2019-09-22, 13:30:46, 9.26e-13, 9.22e-11
2019-09-22, 13:30:50, 9.45e-13, 9.2e-11
2019-09-22, 13:30:55, 9.71e-13, 9.19e-11
2019-09-22, 13:30:59, 9.54e-13, 9.18e-11
2019-09-22, 13:31:03, 9.36e-13, 9.19e-11
2019-09-22, 13:31:07, 9.08e-13, 9.18e-11
2019-09-22, 13:31:12, 9.46e-13, 9.19e-11
2019-09-22, 13:31:16, 9.76e-13, 9.16e-11
2019-09-22, 13:31:20, 8.97e-13, 9.23e-11
2019-09-22, 13:31:24, 9.36e-13, 9.22e-11
2019-09-22, 13:31:28, 1.09e-12, 9.18e-11
2019-09-22, 13:31:33, 9.38e-13, 9.18e-11
2019-09-22, 13:31:37, 9.61e-13, 9.21e-11
2019-09-22, 13:31:41, 9.78e-13, 9.2e-11
2019-09-22, 13:31:45, 1.01e-12, 9.2e-11
2019-09-22, 13:31:49, 9.41e-13, 9.18e-11
2019-09-22, 13:31:54, 9.26e-13, 9.24e-11
2019-09-22, 13:31:58, 9.63e-13, 9.17e-11
2019-09-22, 13:32:02, 9.99e-13, 9.18e-11
2019-09-22, 13:32:06, 9.59e-13, 9.2e-11
2019-09-22, 13:32:11, 8.95e-13, 9.22e-11
2019-09-22, 13:32:15, 1.02e-12, 9.21e-11
2019-09-22, 13:32:19, 8.07e-13, 9.2e-11
2019-09-22, 13:32:23, 9.42e-13, 9.2e-11
2019-09-22, 13:32:27, 9.27e-13, 9.21e-11
2019-09-22, 13:32:32, 9.25e-13, 9.2e-11
2019-09-22, 13:32:36, 9.54e-13, 9.22e-11
2019-09-22, 13:32:40, 9.14e-13, 9.26e-11
2019-09-22, 13:32:44, 9.59e-13, 9.24e-11
2019-09-22, 13:32:49, 9.61e-13, 9.21e-11
2019-09-22, 13:32:53, 9.7e-13, 9.2e-11
2019-09-22, 13:32:57, 9.23e-13, 9.2e-11
2019-09-22, 13:33:01, 1.11e-12, 9.2e-11
2019-09-22, 13:33:05, 9.92e-13, 9.22e-11
2019-09-22, 13:33:10, 9.6e-13, 9.21e-11
2019-09-22, 13:33:14, 9.71e-13, 9.26e-11
2019-09-22, 13:33:18, 9.76e-13, 9.19e-11
2019-09-22, 13:33:22, 9.23e-13, 9.21e-11
2019-09-22, 13:33:27, 9.25e-13, 9.22e-11
2019-09-22, 13:33:31, 9.85e-13, 9.22e-11
2019-09-22, 13:33:35, 9.43e-13, 9.17e-11
2019-09-22, 13:33:39, 1e-12, 9.18e-11
2019-09-22, 13:33:43, 9.37e-13, 9.18e-11
2019-09-22, 13:33:48, 9.51e-13, 9.19e-11
2019-09-22, 13:33:52, 9.32e-13, 9.18e-11
2019-09-22, 13:33:56, 9.7e-13, 9.19e-11
2019-09-22, 13:34:00, 9.58e-13, 9.21e-11
2019-09-22, 13:34:05, 9.93e-13, 9.18e-11
2019-09-22, 13:34:09, 9.67e-13, 9.2e-11
2019-09-22, 13:34:13, 9.75e-13, 9.16e-11
2019-09-22, 13:34:17, 9.72e-13, 9.18e-11
2019-09-22, 13:34:21, 9.77e-13, 9.2e-11
2019-09-22, 13:34:26, 9.73e-13, 9.17e-11
2019-09-22, 13:34:30, 8.97e-13, 9.19e-11
2019-09-22, 13:34:34, 9.41e-13, 9.19e-11
2019-09-22, 13:34:38, 9.1e-13, 9.2e-11
2019-09-22, 13:34:43, 1.02e-12, 9.17e-11
2019-09-22, 13:34:47, 9.33e-13, 9.23e-11
2019-09-22, 13:34:51, 9.12e-13, 9.18e-11
2019-09-22, 13:34:55, 9.02e-13, 9.17e-11
2019-09-22, 13:34:59, 9.71e-13, 9.21e-11
2019-09-22, 13:35:04, 9.31e-13, 9.18e-11
2019-09-22, 13:35:08, 9.42e-13, 9.17e-11
2019-09-22, 13:35:12, 9.49e-13, 9.17e-11
2019-09-22, 13:35:16, 9.54e-13, 9.17e-11
2019-09-22, 13:35:21, 9.54e-13, 9.15e-11
2019-09-22, 13:35:25, 9.59e-13, 9.21e-11
2019-09-22, 13:35:29, 9.63e-13, 9.19e-11
2019-09-22, 13:35:33, 9.71e-13, 9.22e-11
2019-09-22, 13:35:38, 1.02e-12, 9.2e-11
2019-09-22, 13:35:42, 9.85e-13, 9.2e-11
2019-09-22, 13:35:46, 9.06e-13, 9.21e-11
2019-09-22, 13:35:50, 9.41e-13, 9.19e-11
2019-09-22, 13:35:54, 9.21e-13, 9.2e-11
2019-09-22, 13:35:59, 9.82e-13, 9.17e-11
2019-09-22, 13:36:03, 1.01e-12, 9.19e-11
2019-09-22, 13:36:07, 9.8e-13, 9.18e-11
2019-09-22, 13:36:11, 1.04e-12, 9.21e-11
2019-09-22, 13:36:15, 9.52e-13, 9.19e-11
2019-09-22, 13:36:20, 9.12e-13, 9.2e-11
2019-09-22, 13:36:24, 9.58e-13, 9.2e-11
2019-09-22, 13:36:28, 9.72e-13, 9.19e-11
2019-09-22, 13:36:32, 9.86e-13, 9.18e-11
2019-09-22, 13:36:37, 9.36e-13, 9.18e-11
2019-09-22, 13:36:41, 9.59e-13, 9.19e-11
2019-09-22, 13:36:45, 9.94e-13, 9.2e-11
2019-09-22, 13:36:49, 9.76e-13, 9.2e-11
2019-09-22, 13:36:54, 9.18e-13, 9.23e-11
2019-09-22, 13:36:58, 9.72e-13, 9.19e-11
2019-09-22, 13:37:02, 9.47e-13, 9.18e-11
2019-09-22, 13:37:06, 9.74e-13, 9.18e-11
2019-09-22, 13:37:10, 1.07e-12, 9.16e-11
2019-09-22, 13:37:15, 1e-12, 9.18e-11
2019-09-22, 13:37:19, 9.45e-13, 9.2e-11
2019-09-22, 13:37:23, 1e-12, 9.17e-11
2019-09-22, 13:37:27, 1.04e-12, 9.23e-11
2019-09-22, 13:37:31, 9.07e-13, 9.21e-11
2019-09-22, 13:37:36, 1.11e-12, 9.2e-11
2019-09-22, 13:37:40, 9.84e-13, 9.18e-11
2019-09-22, 13:37:44, 9.41e-13, 9.19e-11
2019-09-22, 13:37:48, 9.67e-13, 9.22e-11
2019-09-22, 13:37:53, 9.47e-13, 9.21e-11
2019-09-22, 13:37:57, 9.67e-13, 9.22e-11
2019-09-22, 13:38:01, 9.65e-13, 9.23e-11
2019-09-22, 13:38:05, 9.44e-13, 9.21e-11
2019-09-22, 13:38:09, 9.4e-13, 9.19e-11
2019-09-22, 13:38:14, 9.87e-13, 9.18e-11
2019-09-22, 13:38:18, 9.48e-13, 9.17e-11
2019-09-22, 13:38:22, 9.8e-13, 9.16e-11
2019-09-22, 13:38:26, 9.42e-13, 9.18e-11
2019-09-22, 13:38:31, 9.05e-13, 9.19e-11
2019-09-22, 13:38:35, 9.96e-13, 9.19e-11
2019-09-22, 13:38:39, 9.64e-13, 9.21e-11
2019-09-22, 13:38:43, 9.55e-13, 9.15e-11
2019-09-22, 13:38:47, 9.96e-13, 9.15e-11
2019-09-22, 13:38:52, 9.02e-13, 9.2e-11
2019-09-22, 13:38:56, 9.29e-13, 9.14e-11
2019-09-22, 13:39:00, 9.85e-13, 9.16e-11
2019-09-22, 13:39:04, 9.25e-13, 9.19e-11
2019-09-22, 13:39:09, 9.58e-13, 9.18e-11
2019-09-22, 13:39:13, 9.53e-13, 9.17e-11
2019-09-22, 13:39:17, 9.59e-13, 9.16e-11
2019-09-22, 13:39:21, 9.7e-13, 9.16e-11
2019-09-22, 13:39:25, 1.01e-12, 9.2e-11
2019-09-22, 13:39:30, 9.41e-13, 9.19e-11
2019-09-22, 13:39:34, 9.69e-13, 9.18e-11
2019-09-22, 13:39:38, 9.81e-13, 9.21e-11
2019-09-22, 13:39:42, 9.39e-13, 9.22e-11
2019-09-22, 13:39:47, 9.95e-13, 9.21e-11
2019-09-22, 13:39:51, 1e-12, 9.19e-11
2019-09-22, 13:39:55, 9.71e-13, 9.15e-11
2019-09-22, 13:39:59, 9.21e-13, 9.22e-11
2019-09-22, 13:40:03, 9.64e-13, 9.2e-11
2019-09-22, 13:40:08, 9.41e-13, 9.17e-11
2019-09-22, 13:40:12, 9.43e-13, 9.21e-11
2019-09-22, 13:40:16, 1.01e-12, 9.17e-11
2019-09-22, 13:40:20, 9.88e-13, 9.19e-11
2019-09-22, 13:40:25, 9.87e-13, 9.2e-11
2019-09-22, 13:40:29, 9.58e-13, 9.19e-11
2019-09-22, 13:40:33, 9.34e-13, 9.19e-11
2019-09-22, 13:40:37, 1e-12, 9.18e-11
2019-09-22, 13:40:41, 8.09e-13, 9.2e-11
2019-09-22, 13:40:46, 9.36e-13, 9.17e-11
2019-09-22, 13:40:50, 9.7e-13, 9.18e-11
2019-09-22, 13:40:54, 9.3e-13, 9.17e-11
2019-09-22, 13:40:58, 9.94e-13, 9.2e-11
2019-09-22, 13:41:03, 9.94e-13, 9.2e-11
2019-09-22, 13:41:07, 1.07e-12, 9.2e-11
2019-09-22, 13:41:11, 9.26e-13, 9.22e-11
2019-09-22, 13:41:15, 9.52e-13, 9.15e-11
2019-09-22, 13:41:19, 9.21e-13, 9.19e-11
2019-09-22, 13:41:24, 1e-12, 9.16e-11
2019-09-22, 13:41:28, 9.77e-13, 9.21e-11
2019-09-22, 13:41:32, 9.47e-13, 9.21e-11
2019-09-22, 13:41:36, 9.92e-13, 9.19e-11
2019-09-22, 13:41:41, 9.86e-13, 9.23e-11
2019-09-22, 13:41:45, 1.02e-12, 9.17e-11
2019-09-22, 13:41:49, 8.59e-13, 9.2e-11
2019-09-22, 13:41:53, 9.28e-13, 9.22e-11
2019-09-22, 13:41:57, 9.66e-13, 9.21e-11
2019-09-22, 13:42:02, 9.39e-13, 9.17e-11
2019-09-22, 13:42:06, 9.38e-13, 9.23e-11
2019-09-22, 13:42:10, 9.65e-13, 9.19e-11
2019-09-22, 13:42:14, 1.03e-12, 9.22e-11
2019-09-22, 13:42:19, 9.14e-13, 9.21e-11
2019-09-22, 13:42:23, 9.47e-13, 9.19e-11
2019-09-22, 13:42:27, 9.51e-13, 9.24e-11
2019-09-22, 13:42:31, 9.29e-13, 9.2e-11
2019-09-22, 13:42:35, 9.01e-13, 9.21e-11
2019-09-22, 13:42:40, 9.69e-13, 9.19e-11
2019-09-22, 13:42:44, 9.3e-13, 9.18e-11
2019-09-22, 13:42:48, 9.29e-13, 9.16e-11
2019-09-22, 13:42:52, 9.51e-13, 9.17e-11
2019-09-22, 13:42:57, 9.66e-13, 9.19e-11
2019-09-22, 13:43:01, 9.92e-13, 9.16e-11
2019-09-22, 13:43:05, 9.58e-13, 9.22e-11
2019-09-22, 13:43:09, 1.01e-12, 9.18e-11
2019-09-22, 13:43:13, 9.65e-13, 9.18e-11
2019-09-22, 13:43:18, 1.01e-12, 9.17e-11
2019-09-22, 13:43:22, 1.01e-12, 9.2e-11
2019-09-22, 13:43:26, 9.34e-13, 9.2e-11
2019-09-22, 13:43:30, 9.21e-13, 9.22e-11
2019-09-22, 13:43:35, 9.59e-13, 9.25e-11
2019-09-22, 13:43:39, 1.03e-12, 9.21e-11
2019-09-22, 13:43:43, 9.52e-13, 9.19e-11
2019-09-22, 13:43:47, 1.02e-12, 9.23e-11
2019-09-22, 13:43:51, 9.63e-13, 9.21e-11
2019-09-22, 13:43:56, 1.02e-12, 9.22e-11
2019-09-22, 13:44:00, 9.29e-13, 9.21e-11
2019-09-22, 13:44:04, 1.04e-12, 9.23e-11
2019-09-22, 13:44:08, 9.83e-13, 9.14e-11
2019-09-22, 13:44:13, 9.22e-13, 9.17e-11
2019-09-22, 13:44:17, 9.45e-13, 9.19e-11
2019-09-22, 13:44:21, 9.52e-13, 9.2e-11
2019-09-22, 13:44:25, 9.86e-13, 9.18e-11
2019-09-22, 13:44:29, 9.79e-13, 9.18e-11
2019-09-22, 13:44:34, 1.02e-12, 9.22e-11
2019-09-22, 13:44:38, 1.02e-12, 9.18e-11
2019-09-22, 13:44:42, 9.98e-13, 9.18e-11
2019-09-22, 13:44:46, 9.72e-13, 9.21e-11
2019-09-22, 13:44:51, 9e-13, 9.2e-11
2019-09-22, 13:44:55, 9.71e-13, 9.17e-11
2019-09-22, 13:44:59, 8.24e-13, 9.19e-11
2019-09-22, 13:45:03, 9.4e-13, 9.21e-11
2019-09-22, 13:45:07, 8.8e-13, 9.17e-11
2019-09-22, 13:45:12, 9.52e-13, 9.17e-11
2019-09-22, 13:45:16, 1e-12, 9.22e-11
2019-09-22, 13:45:20, 9.59e-13, 9.19e-11
2019-09-22, 13:45:24, 9.66e-13, 9.18e-11
2019-09-22, 13:45:29, 1.04e-12, 9.2e-11
2019-09-22, 13:45:33, 9.16e-13, 9.19e-11
2019-09-22, 13:45:37, 9.42e-13, 9.21e-11
2019-09-22, 13:45:41, 1.06e-12, 9.18e-11
2019-09-22, 13:45:46, 1.05e-12, 9.21e-11
2019-09-22, 13:45:50, 9.71e-13, 9.21e-11
2019-09-22, 13:45:54, 9.69e-13, 9.2e-11
2019-09-22, 13:45:58, 7.73e-13, 9.18e-11
2019-09-22, 13:46:02, 1.03e-12, 9.2e-11
2019-09-22, 13:46:07, 9.84e-13, 9.22e-11
2019-09-22, 13:46:11, 9.96e-13, 9.19e-11
2019-09-22, 13:46:15, 9.77e-13, 9.2e-11
2019-09-22, 13:46:19, 9.89e-13, 9.18e-11
2019-09-22, 13:46:24, 9.59e-13, 9.17e-11
2019-09-22, 13:46:28, 1.06e-12, 9.15e-11
2019-09-22, 13:46:32, 9.5e-13, 9.19e-11
2019-09-22, 13:46:36, 1.01e-12, 9.17e-11
2019-09-22, 13:46:40, 9.12e-13, 9.21e-11
2019-09-22, 13:46:45, 9.96e-13, 9.19e-11
2019-09-22, 13:46:49, 9.68e-13, 9.2e-11
2019-09-22, 13:46:53, 1e-12, 9.18e-11
2019-09-22, 13:46:57, 9.73e-13, 9.2e-11
2019-09-22, 13:47:02, 9.89e-13, 9.17e-11
2019-09-22, 13:47:06, 9.73e-13, 9.23e-11
2019-09-22, 13:47:10, 9.52e-13, 9.18e-11
2019-09-22, 13:47:14, 9.89e-13, 9.23e-11
2019-09-22, 13:47:18, 9.81e-13, 9.22e-11
2019-09-22, 13:47:23, 9.79e-13, 9.21e-11
2019-09-22, 13:47:27, 1.09e-12, 9.19e-11
2019-09-22, 13:47:31, 9.71e-13, 9.2e-11
2019-09-22, 13:47:35, 9.47e-13, 9.18e-11
2019-09-22, 13:47:39, 9.76e-13, 9.2e-11
2019-09-22, 13:47:44, 8.93e-13, 9.21e-11
2019-09-22, 13:47:48, 9.39e-13, 9.2e-11
2019-09-22, 13:47:52, 9.62e-13, 9.2e-11
2019-09-22, 13:47:56, 9.71e-13, 9.18e-11
2019-09-22, 13:48:01, 9.58e-13, 9.17e-11
2019-09-22, 13:48:05, 9.67e-13, 9.15e-11
2019-09-22, 13:48:09, 8.86e-13, 9.21e-11
2019-09-22, 13:48:13, 9.25e-13, 9.2e-11
2019-09-22, 13:48:17, 9.62e-13, 9.23e-11
2019-09-22, 13:48:22, 9.04e-13, 9.19e-11
2019-09-22, 13:48:26, 9.3e-13, 9.21e-11
2019-09-22, 13:48:30, 9.77e-13, 9.24e-11
2019-09-22, 13:48:34, 9.5e-13, 9.22e-11
2019-09-22, 13:48:39, 9.62e-13, 9.22e-11
2019-09-22, 13:48:43, 9.02e-13, 9.2e-11
2019-09-22, 13:48:47, 1.06e-12, 9.22e-11
2019-09-22, 13:48:51, 9.54e-13, 9.19e-11
2019-09-22, 13:48:55, 1.01e-12, 9.19e-11
2019-09-22, 13:49:00, 9.81e-13, 9.2e-11
2019-09-22, 13:49:04, 1.02e-12, 9.18e-11
2019-09-22, 13:49:08, 1.02e-12, 9.22e-11
2019-09-22, 13:49:13, 9.73e-13, 9.24e-11
2019-09-22, 13:49:17, 9.33e-13, 9.18e-11
2019-09-22, 13:49:21, 9.54e-13, 9.21e-11
2019-09-22, 13:49:25, 9.56e-13, 9.19e-11
2019-09-22, 13:49:29, 9.3e-13, 9.21e-11
2019-09-22, 13:49:34, 9.69e-13, 9.22e-11
2019-09-22, 13:49:38, 9.34e-13, 9.19e-11
2019-09-22, 13:49:42, 8.64e-13, 9.19e-11
2019-09-22, 13:49:46, 9.76e-13, 9.22e-11
2019-09-22, 13:49:50, 1.17e-12, 9.22e-11
2019-09-22, 13:49:55, 9.26e-13, 9.24e-11
2019-09-22, 13:49:59, 9.98e-13, 9.22e-11
2019-09-22, 13:50:03, 9.22e-13, 9.23e-11
2019-09-22, 13:50:07, 9.43e-13, 9.25e-11
2019-09-22, 13:50:12, 8.88e-13, 9.19e-11
2019-09-22, 13:50:16, 9.3e-13, 9.2e-11
2019-09-22, 13:50:20, 9.04e-13, 9.19e-11
2019-09-22, 13:50:24, 9.49e-13, 9.21e-11
2019-09-22, 13:50:28, 9.8e-13, 9.17e-11
2019-09-22, 13:50:33, 1.03e-12, 9.22e-11
2019-09-22, 13:50:37, 1.01e-12, 9.2e-11
2019-09-22, 13:50:41, 9.25e-13, 9.2e-11
2019-09-22, 13:50:45, 9.86e-13, 9.19e-11
2019-09-22, 13:50:50, 9.56e-13, 9.18e-11
2019-09-22, 13:50:54, 9.34e-13, 9.24e-11
2019-09-22, 13:50:58, 9.34e-13, 9.24e-11
2019-09-22, 13:51:02, 9.65e-13, 9.19e-11
2019-09-22, 13:51:06, 9.52e-13, 9.22e-11
2019-09-22, 13:51:11, 9.89e-13, 9.21e-11
2019-09-22, 13:51:15, 9.99e-13, 9.19e-11
2019-09-22, 13:51:19, 9.57e-13, 9.21e-11
2019-09-22, 13:51:24, 9.73e-13, 9.2e-11
2019-09-22, 13:51:28, 9.42e-13, 9.22e-11
2019-09-22, 13:51:32, 1.02e-12, 9.19e-11
2019-09-22, 13:51:36, 9.41e-13, 9.24e-11
2019-09-22, 13:51:41, 9.23e-13, 9.24e-11
2019-09-22, 13:51:45, 1.02e-12, 9.18e-11
2019-09-22, 13:51:49, 9.21e-13, 9.17e-11
2019-09-22, 13:51:55, 9.68e-13, 9.17e-11
2019-09-22, 13:51:59, 9.12e-13, 9.2e-11
2019-09-22, 13:52:03, 1.06e-12, 9.18e-11
2019-09-22, 13:52:08, 1.05e-12, 9.22e-11
2019-09-22, 13:52:12, 1e-12, 9.23e-11
2019-09-22, 13:52:16, 9.56e-13, 9.21e-11
2019-09-22, 13:52:20, 9.28e-13, 9.24e-11
2019-09-22, 13:52:25, 9.43e-13, 9.22e-11
2019-09-22, 13:52:29, 8.54e-13, 9.19e-11
2019-09-22, 13:52:33, 9.76e-13, 9.22e-11
2019-09-22, 13:52:37, 1e-12, 9.19e-11
2019-09-22, 13:52:41, 1.01e-12, 9.19e-11
2019-09-22, 13:52:46, 9.79e-13, 9.19e-11
2019-09-22, 13:52:50, 8.72e-13, 9.22e-11
2019-09-22, 13:52:54, 1e-12, 9.23e-11
2019-09-22, 13:52:58, 9.83e-13, 9.22e-11
2019-09-22, 13:53:03, 1.01e-12, 9.16e-11
2019-09-22, 13:53:07, 9.68e-13, 9.22e-11
2019-09-22, 13:53:11, 9.54e-13, 9.19e-11
2019-09-22, 13:53:15, 9.48e-13, 9.22e-11
2019-09-22, 13:53:19, 9.94e-13, 9.21e-11
2019-09-22, 13:53:24, 1.03e-12, 9.18e-11
2019-09-22, 13:53:28, 9.31e-13, 9.23e-11
2019-09-22, 13:53:32, 9.96e-13, 9.24e-11
2019-09-22, 13:53:37, 9.12e-13, 9.2e-11
2019-09-22, 13:53:41, 9.66e-13, 9.19e-11
2019-09-22, 13:53:45, 9.13e-13, 9.22e-11
2019-09-22, 13:53:49, 9.45e-13, 9.19e-11
2019-09-22, 13:53:53, 9.04e-13, 9.23e-11
2019-09-22, 13:53:58, 9.29e-13, 9.23e-11
2019-09-22, 13:54:02, 1.02e-12, 9.21e-11
2019-09-22, 13:54:06, 9.5e-13, 9.18e-11
2019-09-22, 13:54:10, 1.03e-12, 9.22e-11
2019-09-22, 13:54:14, 9.64e-13, 9.24e-11
2019-09-22, 13:54:19, 1e-12, 9.17e-11
2019-09-22, 13:54:23, 9.6e-13, 9.25e-11
2019-09-22, 13:54:27, 9.65e-13, 9.2e-11
2019-09-22, 13:54:31, 9.73e-13, 9.21e-11
2019-09-22, 13:54:36, 9.8e-13, 9.21e-11
2019-09-22, 13:54:40, 9.5e-13, 9.19e-11
2019-09-22, 13:54:44, 9.59e-13, 9.17e-11
2019-09-22, 13:54:48, 9.86e-13, 9.16e-11
2019-09-22, 13:54:52, 9.94e-13, 9.18e-11
2019-09-22, 13:54:57, 9.3e-13, 9.19e-11
2019-09-22, 13:55:01, 9.57e-13, 9.2e-11
2019-09-22, 13:55:05, 9.83e-13, 9.21e-11
2019-09-22, 13:55:09, 9.44e-13, 9.18e-11
2019-09-22, 13:55:14, 8.91e-13, 9.21e-11
2019-09-22, 13:55:18, 9.57e-13, 9.2e-11
2019-09-22, 13:55:22, 1.02e-12, 9.2e-11
2019-09-22, 13:55:26, 9.15e-13, 9.2e-11
2019-09-22, 13:55:30, 1.01e-12, 9.17e-11
2019-09-22, 13:55:35, 9.31e-13, 9.24e-11
2019-09-22, 13:55:39, 1.05e-12, 9.23e-11
2019-09-22, 13:55:43, 9.68e-13, 9.18e-11
2019-09-22, 13:55:47, 9.49e-13, 9.19e-11
2019-09-22, 13:55:52, 9.9e-13, 9.18e-11
2019-09-22, 13:55:56, 1.13e-12, 9.18e-11
2019-09-22, 13:56:00, 9.14e-13, 9.2e-11
2019-09-22, 13:56:04, 9.73e-13, 9.2e-11
2019-09-22, 13:56:08, 1.14e-12, 9.26e-11
2019-09-22, 13:56:13, 9.07e-13, 9.2e-11
2019-09-22, 13:56:17, 9.1e-13, 9.17e-11
2019-09-22, 13:56:21, 1e-12, 9.18e-11
2019-09-22, 13:56:25, 9.29e-13, 9.23e-11
2019-09-22, 13:56:30, 9.45e-13, 9.23e-11
2019-09-22, 13:56:34, 9.76e-13, 9.2e-11
2019-09-22, 13:56:38, 1.04e-12, 9.19e-11
2019-09-22, 13:56:42, 9.94e-13, 9.21e-11
2019-09-22, 13:56:46, 8.32e-13, 9.18e-11
2019-09-22, 13:56:51, 9.68e-13, 9.21e-11
2019-09-22, 13:56:55, 9.48e-13, 9.22e-11
2019-09-22, 13:56:59, 9.45e-13, 9.2e-11
2019-09-22, 13:57:03, 9.25e-13, 9.19e-11
2019-09-22, 13:57:08, 9.93e-13, 9.23e-11
2019-09-22, 13:57:12, 9.04e-13, 9.19e-11
2019-09-22, 13:57:16, 7.97e-13, 9.21e-11
2019-09-22, 13:57:20, 1.01e-12, 9.19e-11
2019-09-22, 13:57:24, 9.67e-13, 9.18e-11
2019-09-22, 13:57:29, 9.54e-13, 9.21e-11
2019-09-22, 13:57:33, 9.44e-13, 9.17e-11
2019-09-22, 13:57:37, 1.03e-12, 9.21e-11
2019-09-22, 13:57:41, 9.63e-13, 9.23e-11
2019-09-22, 13:57:46, 9.67e-13, 9.22e-11
2019-09-22, 13:57:50, 8.96e-13, 9.21e-11
2019-09-22, 13:57:54, 9.39e-13, 9.22e-11
2019-09-22, 13:57:58, 9.94e-13, 9.21e-11
2019-09-22, 13:58:02, 9.12e-13, 9.19e-11
2019-09-22, 13:58:07, 9.43e-13, 9.22e-11
2019-09-22, 13:58:11, 8.95e-13, 9.2e-11
2019-09-22, 13:58:15, 9.42e-13, 9.18e-11
2019-09-22, 13:58:19, 9.54e-13, 9.18e-11
2019-09-22, 13:58:23, 7.92e-13, 9.21e-11
2019-09-22, 13:58:28, 9.39e-13, 9.19e-11
2019-09-22, 13:58:32, 1.03e-12, 9.22e-11
2019-09-22, 13:58:36, 9.87e-13, 9.21e-11
2019-09-22, 13:58:40, 9.57e-13, 9.19e-11
2019-09-22, 13:58:45, 9.27e-13, 9.2e-11
2019-09-22, 13:58:49, 9.58e-13, 9.2e-11
2019-09-22, 13:58:53, 9.47e-13, 9.19e-11
2019-09-22, 13:58:57, 9.92e-13, 9.21e-11
2019-09-22, 13:59:01, 9.67e-13, 9.18e-11
2019-09-22, 13:59:06, 9.93e-13, 9.16e-11
2019-09-22, 13:59:10, 1.05e-12, 9.15e-11
2019-09-22, 13:59:14, 9.65e-13, 9.21e-11
2019-09-22, 13:59:18, 9.76e-13, 9.17e-11
2019-09-22, 13:59:23, 9.27e-13, 9.19e-11
2019-09-22, 13:59:27, 1.07e-12, 9.16e-11
2019-09-22, 13:59:31, 1.14e-12, 9.15e-11
2019-09-22, 13:59:35, 9.5e-13, 9.17e-11
2019-09-22, 13:59:39, 9.72e-13, 9.18e-11
2019-09-22, 13:59:44, 9.5e-13, 9.19e-11
2019-09-22, 13:59:48, 9.49e-13, 9.17e-11
2019-09-22, 13:59:52, 1.01e-12, 9.18e-11
2019-09-22, 13:59:56, 9.73e-13, 9.2e-11
2019-09-22, 14:00:01, 9.48e-13, 9.17e-11
2019-09-22, 14:00:05, 9.86e-13, 9.2e-11
2019-09-22, 14:00:09, 9.5e-13, 9.18e-11
2019-09-22, 14:00:13, 9.78e-13, 9.17e-11
2019-09-22, 14:00:17, 9.26e-13, 9.19e-11
2019-09-22, 14:00:29, 8.45e-13, 9.18e-11
2019-09-22, 14:00:33, 9.5e-13, 9.17e-11
2019-09-22, 14:00:37, 9.67e-13, 9.17e-11
2019-09-22, 14:00:41, 9.93e-13, 9.19e-11
2019-09-22, 14:00:45, 9.52e-13, 9.2e-11
2019-09-22, 14:00:50, 9.91e-13, 9.24e-11
2019-09-22, 14:00:54, 9.34e-13, 9.21e-11
2019-09-22, 14:00:58, 9.65e-13, 9.2e-11
2019-09-22, 14:01:02, 1.02e-12, 9.23e-11
2019-09-22, 14:01:07, 9.47e-13, 9.16e-11
2019-09-22, 14:01:11, 9.44e-13, 9.2e-11
2019-09-22, 14:01:15, 9.83e-13, 9.21e-11
2019-09-22, 14:01:19, 9.81e-13, 9.18e-11
2019-09-22, 14:01:23, 9.96e-13, 9.21e-11
2019-09-22, 14:01:28, 9.41e-13, 9.16e-11
2019-09-22, 14:01:32, 9.64e-13, 9.17e-11
2019-09-22, 14:01:36, 9.26e-13, 9.22e-11
2019-09-22, 14:01:40, 9.94e-13, 9.18e-11
2019-09-22, 14:01:44, 9.56e-13, 9.17e-11
2019-09-22, 14:01:49, 1.03e-12, 9.19e-11
2019-09-22, 14:01:53, 9.07e-13, 9.19e-11
2019-09-22, 14:01:57, 1.08e-12, 9.21e-11
2019-09-22, 14:02:01, 9.44e-13, 9.19e-11
2019-09-22, 14:02:06, 1e-12, 9.2e-11
2019-09-22, 14:02:10, 1.03e-12, 9.19e-11
2019-09-22, 14:02:14, 9.14e-13, 9.2e-11
2019-09-22, 14:02:18, 9.57e-13, 9.24e-11
2019-09-22, 14:02:22, 9.18e-13, 9.18e-11
2019-09-22, 14:02:27, 9.41e-13, 9.24e-11
2019-09-22, 14:02:31, 9.7e-13, 9.18e-11
2019-09-22, 14:02:35, 1.07e-12, 9.21e-11
2019-09-22, 14:02:39, 9.87e-13, 9.2e-11
2019-09-22, 14:02:44, 9.78e-13, 9.18e-11
2019-09-22, 14:02:48, 9.86e-13, 9.21e-11
2019-09-22, 14:02:52, 9.96e-13, 9.19e-11
2019-09-22, 14:02:56, 9.29e-13, 9.2e-11
2019-09-22, 14:03:00, 9.4e-13, 9.2e-11
2019-09-22, 14:03:05, 9.43e-13, 9.17e-11
2019-09-22, 14:03:09, 8.65e-13, 9.16e-11
2019-09-22, 14:03:13, 9.52e-13, 9.18e-11
2019-09-22, 14:03:17, 9.63e-13, 9.16e-11
2019-09-22, 14:03:22, 9.46e-13, 9.18e-11
2019-09-22, 14:03:26, 1.02e-12, 9.2e-11
2019-09-22, 14:03:30, 9.23e-13, 9.21e-11
2019-09-22, 14:03:34, 9.22e-13, 9.2e-11
2019-09-22, 14:03:38, 9.45e-13, 9.19e-11
2019-09-22, 14:03:43, 9.09e-13, 9.24e-11
2019-09-22, 14:03:47, 9.43e-13, 9.17e-11
2019-09-22, 14:03:51, 9.86e-13, 9.18e-11
2019-09-22, 14:03:55, 9.4e-13, 9.18e-11
2019-09-22, 14:04:00, 9.18e-13, 9.2e-11
2019-09-22, 14:04:04, 9.44e-13, 9.18e-11
2019-09-22, 14:04:08, 9.67e-13, 9.2e-11
2019-09-22, 14:04:12, 9.56e-13, 9.24e-11
2019-09-22, 14:04:16, 9.76e-13, 9.2e-11
2019-09-22, 14:04:21, 9.51e-13, 9.2e-11
2019-09-22, 14:04:25, 9.61e-13, 9.17e-11
2019-09-22, 14:04:29, 9.53e-13, 9.2e-11
2019-09-22, 14:04:33, 9.59e-13, 9.19e-11
2019-09-22, 14:04:38, 9.65e-13, 9.2e-11
2019-09-22, 14:04:42, 9.72e-13, 9.21e-11
2019-09-22, 14:04:46, 1e-12, 9.18e-11
2019-09-22, 14:04:50, 9.67e-13, 9.18e-11
2019-09-22, 14:04:54, 9.31e-13, 9.22e-11
2019-09-22, 14:04:59, 9.32e-13, 9.17e-11
2019-09-22, 14:05:03, 9.93e-13, 9.21e-11
2019-09-22, 14:05:07, 9.66e-13, 9.19e-11
2019-09-22, 14:05:11, 9.48e-13, 9.16e-11
2019-09-22, 14:05:16, 9.47e-13, 9.16e-11
2019-09-22, 14:05:20, 9.29e-13, 9.18e-11
2019-09-22, 14:05:24, 9.8e-13, 9.15e-11
2019-09-22, 14:05:28, 1.06e-12, 9.17e-11
2019-09-22, 14:05:32, 9.16e-13, 9.19e-11
2019-09-22, 14:05:37, 9.71e-13, 9.19e-11
2019-09-22, 14:05:41, 9.64e-13, 9.21e-11
2019-09-22, 14:05:45, 9.67e-13, 9.17e-11
2019-09-22, 14:05:49, 9.09e-13, 9.21e-11
2019-09-22, 14:05:53, 1.04e-12, 9.18e-11
2019-09-22, 14:05:58, 9.05e-13, 9.21e-11
2019-09-22, 14:06:02, 9.93e-13, 9.23e-11
2019-09-22, 14:06:06, 9.37e-13, 9.2e-11
2019-09-22, 14:06:10, 9.96e-13, 9.17e-11
2019-09-22, 14:06:15, 9.29e-13, 9.21e-11
2019-09-22, 14:06:19, 9.29e-13, 9.21e-11
2019-09-22, 14:06:23, 1.03e-12, 9.21e-11
2019-09-22, 14:06:27, 9.69e-13, 9.21e-11
2019-09-22, 14:06:31, 1.02e-12, 9.21e-11
2019-09-22, 14:06:36, 1.03e-12, 9.19e-11
2019-09-22, 14:06:40, 9.29e-13, 9.19e-11
2019-09-22, 14:06:44, 8.78e-13, 9.21e-11
2019-09-22, 14:06:49, 9.62e-13, 9.19e-11
2019-09-22, 14:06:53, 1.02e-12, 9.18e-11
2019-09-22, 14:06:57, 9.6e-13, 9.2e-11
2019-09-22, 14:07:01, 9.78e-13, 9.17e-11
2019-09-22, 14:07:05, 9.47e-13, 9.17e-11
2019-09-22, 14:07:10, 8.82e-13, 9.19e-11
2019-09-22, 14:07:14, 9.79e-13, 9.19e-11
2019-09-22, 14:07:18, 9.54e-13, 9.17e-11
2019-09-22, 14:07:22, 9.44e-13, 9.2e-11
2019-09-22, 14:07:27, 9.91e-13, 9.2e-11
2019-09-22, 14:07:31, 9.28e-13, 9.16e-11
2019-09-22, 14:07:35, 1.07e-12, 9.17e-11
2019-09-22, 14:07:39, 1.03e-12, 9.19e-11
2019-09-22, 14:07:43, 9.31e-13, 9.18e-11
2019-09-22, 14:07:48, 9.7e-13, 9.13e-11
2019-09-22, 14:07:52, 9.92e-13, 9.14e-11
2019-09-22, 14:07:56, 9.88e-13, 9.19e-11
2019-09-22, 14:08:00, 9.88e-13, 9.17e-11
2019-09-22, 14:08:04, 9.97e-13, 9.19e-11
2019-09-22, 14:08:09, 9.42e-13, 9.18e-11
2019-09-22, 14:08:13, 1.01e-12, 9.2e-11
2019-09-22, 14:08:17, 1.06e-12, 9.19e-11
2019-09-22, 14:08:21, 9.83e-13, 9.15e-11
2019-09-22, 14:08:26, 9.68e-13, 9.2e-11
2019-09-22, 14:08:30, 9.93e-13, 9.19e-11
2019-09-22, 14:08:34, 9.28e-13, 9.21e-11
2019-09-22, 14:08:38, 9.66e-13, 9.18e-11
2019-09-22, 14:08:42, 9.73e-13, 9.19e-11
2019-09-22, 14:08:47, 9.3e-13, 9.18e-11
2019-09-22, 14:08:51, 9.35e-13, 9.19e-11
2019-09-22, 14:08:55, 9.64e-13, 9.2e-11
2019-09-22, 14:08:59, 9.22e-13, 9.18e-11
2019-09-22, 14:09:04, 8.77e-13, 9.19e-11
2019-09-22, 14:09:08, 9.58e-13, 9.16e-11
2019-09-22, 14:09:12, 9.7e-13, 9.16e-11
2019-09-22, 14:09:16, 9.94e-13, 9.17e-11
2019-09-22, 14:09:20, 1.04e-12, 9.19e-11
2019-09-22, 14:09:25, 9.02e-13, 9.19e-11
2019-09-22, 14:09:29, 9.83e-13, 9.18e-11
2019-09-22, 14:09:33, 1.11e-12, 9.21e-11
2019-09-22, 14:09:37, 1.02e-12, 9.21e-11
2019-09-22, 14:09:42, 9.54e-13, 9.18e-11
2019-09-22, 14:09:46, 9.67e-13, 9.15e-11
2019-09-22, 14:09:50, 9.33e-13, 9.22e-11
2019-09-22, 14:09:54, 9.59e-13, 9.21e-11
2019-09-22, 14:09:58, 1.01e-12, 9.17e-11
2019-09-22, 14:10:03, 1e-12, 9.16e-11
2019-09-22, 14:10:07, 9.84e-13, 9.16e-11
2019-09-22, 14:10:11, 9.38e-13, 9.18e-11
2019-09-22, 14:10:15, 9.73e-13, 9.16e-11
2019-09-22, 14:10:20, 9.87e-13, 9.15e-11
2019-09-22, 14:10:24, 9.17e-13, 9.18e-11
2019-09-22, 14:10:28, 1.02e-12, 9.18e-11
2019-09-22, 14:10:32, 8.88e-13, 9.17e-11
2019-09-22, 14:10:36, 8.94e-13, 9.2e-11
2019-09-22, 14:10:41, 9.54e-13, 9.23e-11
2019-09-22, 14:10:45, 9.32e-13, 9.18e-11
2019-09-22, 14:10:49, 9.93e-13, 9.21e-11
2019-09-22, 14:10:53, 8.66e-13, 9.15e-11
2019-09-22, 14:10:58, 9.22e-13, 9.17e-11
2019-09-22, 14:11:02, 9.58e-13, 9.17e-11
2019-09-22, 14:11:06, 9.9e-13, 9.21e-11
2019-09-22, 14:11:10, 8.31e-13, 9.17e-11
2019-09-22, 14:11:14, 9.13e-13, 9.15e-11
2019-09-22, 14:11:19, 9.4e-13, 9.17e-11
2019-09-22, 14:11:23, 8.86e-13, 9.14e-11
2019-09-22, 14:11:27, 9.76e-13, 9.15e-11
2019-09-22, 14:11:31, 1.01e-12, 9.13e-11
2019-09-22, 14:11:36, 1.07e-12, 9.18e-11
2019-09-22, 14:11:40, 8.45e-13, 9.18e-11
2019-09-22, 14:11:44, 1.08e-12, 9.19e-11
2019-09-22, 14:11:48, 9.95e-13, 9.22e-11
2019-09-22, 14:11:52, 9.84e-13, 9.21e-11
2019-09-22, 14:11:57, 9.57e-13, 9.19e-11
2019-09-22, 14:12:01, 8.06e-13, 9.16e-11
2019-09-22, 14:12:05, 8.99e-13, 9.18e-11
2019-09-22, 14:12:09, 8.79e-13, 9.18e-11
2019-09-22, 14:12:13, 9.3e-13, 9.16e-11
2019-09-22, 14:12:18, 9.86e-13, 9.19e-11
2019-09-22, 14:12:22, 9.68e-13, 9.17e-11
2019-09-22, 14:12:26, 9.96e-13, 9.19e-11
2019-09-22, 14:12:30, 9.14e-13, 9.2e-11
2019-09-22, 14:12:35, 1.02e-12, 9.19e-11
2019-09-22, 14:12:39, 9.29e-13, 9.18e-11
2019-09-22, 14:12:43, 9.32e-13, 9.2e-11
2019-09-22, 14:12:47, 9.18e-13, 9.17e-11
2019-09-22, 14:12:51, 8.79e-13, 9.18e-11
2019-09-22, 14:12:56, 9.67e-13, 9.19e-11
2019-09-22, 14:13:00, 9.56e-13, 9.2e-11
2019-09-22, 14:13:04, 1.06e-12, 9.18e-11
2019-09-22, 14:13:08, 8.98e-13, 9.2e-11
2019-09-22, 14:13:13, 1.08e-12, 9.2e-11
2019-09-22, 14:13:17, 9.46e-13, 9.17e-11
2019-09-22, 14:13:21, 9.57e-13, 9.14e-11
2019-09-22, 14:13:25, 9.48e-13, 9.19e-11
2019-09-22, 14:13:29, 9.5e-13, 9.17e-11
2019-09-22, 14:13:34, 9.54e-13, 9.17e-11
2019-09-22, 14:13:38, 9.7e-13, 9.18e-11
2019-09-22, 14:13:42, 9.46e-13, 9.17e-11
2019-09-22, 14:13:46, 8.87e-13, 9.17e-11
2019-09-22, 14:13:51, 8.52e-13, 9.2e-11
2019-09-22, 14:13:55, 9.48e-13, 9.17e-11
2019-09-22, 14:13:59, 9.74e-13, 9.18e-11
2019-09-22, 14:14:03, 8.82e-13, 9.19e-11
2019-09-22, 14:14:07, 9.72e-13, 9.23e-11
2019-09-22, 14:14:12, 9.33e-13, 9.19e-11
2019-09-22, 14:14:16, 9.57e-13, 9.17e-11
2019-09-22, 14:14:20, 9.75e-13, 9.22e-11
2019-09-22, 14:14:24, 9.8e-13, 9.18e-11
2019-09-22, 14:14:29, 9.32e-13, 9.2e-11
2019-09-22, 14:14:33, 9.95e-13, 9.16e-11
2019-09-22, 14:14:37, 9.45e-13, 9.17e-11
2019-09-22, 14:14:41, 9.73e-13, 9.17e-11
2019-09-22, 14:14:45, 9.58e-13, 9.2e-11
2019-09-22, 14:14:50, 1e-12, 9.19e-11
2019-09-22, 14:14:54, 1.06e-12, 9.18e-11
2019-09-22, 14:14:58, 9.66e-13, 9.15e-11
2019-09-22, 14:15:02, 9.34e-13, 9.16e-11
2019-09-22, 14:15:07, 9.11e-13, 9.16e-11
2019-09-22, 14:15:11, 9.49e-13, 9.19e-11
2019-09-22, 14:15:15, 9.61e-13, 9.15e-11
2019-09-22, 14:15:19, 9.56e-13, 9.17e-11
2019-09-22, 14:15:23, 1.15e-12, 9.13e-11
2019-09-22, 14:15:28, 1.01e-12, 9.17e-11
2019-09-22, 14:15:32, 1e-12, 9.19e-11
2019-09-22, 14:15:36, 9.56e-13, 9.14e-11
2019-09-22, 14:15:40, 9.18e-13, 9.17e-11
2019-09-22, 14:15:45, 9.52e-13, 9.17e-11
2019-09-22, 14:15:49, 9.85e-13, 9.2e-11
2019-09-22, 14:15:53, 9.67e-13, 9.19e-11
2019-09-22, 14:15:57, 9.79e-13, 9.15e-11
2019-09-22, 14:16:01, 9.32e-13, 9.17e-11
2019-09-22, 14:16:06, 1.01e-12, 9.15e-11
2019-09-22, 14:16:10, 1e-12, 9.17e-11
2019-09-22, 14:16:14, 9.91e-13, 9.17e-11
2019-09-22, 14:16:18, 9.86e-13, 9.17e-11
2019-09-22, 14:16:23, 1.06e-12, 9.2e-11
2019-09-22, 14:16:27, 9.55e-13, 9.18e-11
2019-09-22, 14:16:31, 1.01e-12, 9.18e-11
2019-09-22, 14:16:35, 9.44e-13, 9.18e-11
2019-09-22, 14:16:39, 9.2e-13, 9.18e-11
2019-09-22, 14:16:44, 1.01e-12, 9.16e-11
2019-09-22, 14:16:48, 1.04e-12, 9.13e-11
2019-09-22, 14:16:52, 1.05e-12, 9.16e-11
2019-09-22, 14:16:56, 1.03e-12, 9.15e-11
2019-09-22, 14:17:00, 9.66e-13, 9.16e-11
2019-09-22, 14:17:05, 1.12e-12, 9.19e-11
2019-09-22, 14:17:09, 9.55e-13, 9.17e-11
2019-09-22, 14:17:13, 9.19e-13, 9.18e-11
2019-09-22, 14:17:17, 9.85e-13, 9.21e-11
2019-09-22, 14:17:22, 9.21e-13, 9.17e-11
2019-09-22, 14:17:26, 9.56e-13, 9.15e-11
2019-09-22, 14:17:30, 9.32e-13, 9.18e-11
2019-09-22, 14:17:34, 1.11e-12, 9.18e-11
2019-09-22, 14:17:38, 9.51e-13, 9.17e-11
2019-09-22, 14:17:43, 9.58e-13, 9.17e-11
2019-09-22, 14:17:47, 1.09e-12, 9.18e-11
2019-09-22, 14:17:51, 9.91e-13, 9.17e-11
2019-09-22, 14:17:55, 9.34e-13, 9.19e-11
2019-09-22, 14:18:00, 9.23e-13, 9.19e-11
2019-09-22, 14:18:04, 9.82e-13, 9.18e-11
2019-09-22, 14:18:08, 1.01e-12, 9.19e-11
2019-09-22, 14:18:12, 9.79e-13, 9.14e-11
2019-09-22, 14:18:16, 9.34e-13, 9.14e-11
2019-09-22, 14:18:21, 9.52e-13, 9.16e-11
2019-09-22, 14:18:25, 9.25e-13, 9.16e-11
2019-09-22, 14:18:29, 1.03e-12, 9.14e-11
2019-09-22, 14:18:33, 9.31e-13, 9.13e-11
2019-09-22, 14:18:38, 9.02e-13, 9.16e-11
2019-09-22, 14:18:42, 9.87e-13, 9.16e-11
2019-09-22, 14:18:46, 1.05e-12, 9.2e-11
2019-09-22, 14:18:50, 9.51e-13, 9.2e-11
2019-09-22, 14:18:54, 1.1e-12, 9.18e-11
2019-09-22, 14:18:59, 9.78e-13, 9.16e-11
2019-09-22, 14:19:03, 9.39e-13, 9.17e-11
2019-09-22, 14:19:07, 9.65e-13, 9.15e-11
2019-09-22, 14:19:11, 9.09e-13, 9.18e-11
2019-09-22, 14:19:16, 9.77e-13, 9.15e-11
2019-09-22, 14:19:20, 9.4e-13, 9.13e-11
2019-09-22, 14:19:24, 9.75e-13, 9.17e-11
2019-09-22, 14:19:28, 9.59e-13, 9.15e-11
2019-09-22, 14:19:32, 1e-12, 9.15e-11
2019-09-22, 14:19:37, 9.26e-13, 9.12e-11
2019-09-22, 14:19:41, 9.72e-13, 9.15e-11
2019-09-22, 14:19:45, 9.65e-13, 9.19e-11
2019-09-22, 14:19:49, 1e-12, 9.18e-11
2019-09-22, 14:19:54, 9.83e-13, 9.15e-11
2019-09-22, 14:19:58, 9.13e-13, 9.18e-11
2019-09-22, 14:20:02, 1.01e-12, 9.15e-11
2019-09-22, 14:20:06, 1.02e-12, 9.14e-11
2019-09-22, 14:20:10, 1.02e-12, 9.16e-11
2019-09-22, 14:20:15, 9.64e-13, 9.12e-11
2019-09-22, 14:20:19, 9.95e-13, 9.12e-11
2019-09-22, 14:20:23, 9.83e-13, 9.13e-11
2019-09-22, 14:20:27, 9.15e-13, 9.13e-11
2019-09-22, 14:20:32, 9.79e-13, 9.16e-11
2019-09-22, 14:20:36, 9.34e-13, 9.1e-11
2019-09-22, 14:20:40, 9.98e-13, 9.12e-11
2019-09-22, 14:20:44, 8.85e-13, 9.1e-11
2019-09-22, 14:20:48, 9.1e-13, 9.13e-11
2019-09-22, 14:20:53, 1.02e-12, 9.14e-11
2019-09-22, 14:20:57, 1e-12, 9.08e-11
2019-09-22, 14:21:01, 8.98e-13, 9.13e-11
2019-09-22, 14:21:05, 9.73e-13, 9.15e-11
2019-09-22, 14:21:10, 8.39e-13, 9.14e-11
2019-09-22, 14:21:14, 9.32e-13, 9.14e-11
2019-09-22, 14:21:18, 9.79e-13, 9.11e-11
2019-09-22, 14:21:22, 9.31e-13, 9.13e-11
2019-09-22, 14:21:26, 9.4e-13, 9.14e-11
2019-09-22, 14:21:31, 9.37e-13, 9.1e-11
2019-09-22, 14:21:35, 8.96e-13, 9.14e-11
2019-09-22, 14:21:39, 9.11e-13, 9.1e-11
2019-09-22, 14:21:43, 9.43e-13, 9.13e-11
2019-09-22, 14:21:48, 9.62e-13, 9.16e-11
2019-09-22, 14:21:52, 9.82e-13, 9.12e-11
2019-09-22, 14:21:56, 9.5e-13, 9.13e-11
2019-09-22, 14:22:00, 9.72e-13, 9.16e-11
2019-09-22, 14:22:04, 9.06e-13, 9.13e-11
2019-09-22, 14:22:09, 9.34e-13, 9.11e-11
2019-09-22, 14:22:13, 9.57e-13, 9.14e-11
2019-09-22, 14:22:17, 9.79e-13, 9.1e-11
2019-09-22, 14:22:21, 9.56e-13, 9.07e-11
2019-09-22, 14:22:25, 9.2e-13, 9.08e-11
2019-09-22, 14:22:30, 9.41e-13, 9.11e-11
2019-09-22, 14:22:34, 9.72e-13, 9.08e-11
2019-09-22, 14:22:38, 9.45e-13, 9.13e-11
2019-09-22, 14:22:42, 9.19e-13, 9.11e-11
2019-09-22, 14:22:47, 9.27e-13, 9.12e-11
2019-09-22, 14:22:51, 8.9e-13, 9.11e-11
2019-09-22, 14:22:55, 9.61e-13, 9.12e-11
2019-09-22, 14:22:59, 9.65e-13, 9.12e-11
2019-09-22, 14:23:03, 1.02e-12, 9.11e-11
2019-09-22, 14:23:08, 9.37e-13, 9.14e-11
2019-09-22, 14:23:12, 1.02e-12, 9.15e-11
2019-09-22, 14:23:16, 1.06e-12, 9.13e-11
2019-09-22, 14:23:20, 9.87e-13, 9.13e-11
2019-09-22, 14:23:25, 9.54e-13, 9.15e-11
2019-09-22, 14:23:29, 8.52e-13, 9.13e-11
2019-09-22, 14:23:33, 9.69e-13, 9.14e-11
2019-09-22, 14:23:37, 9.45e-13, 9.12e-11
2019-09-22, 14:23:41, 1.02e-12, 9.15e-11
2019-09-22, 14:23:46, 9.88e-13, 9.1e-11
2019-09-22, 14:23:50, 9.49e-13, 9.14e-11
2019-09-22, 14:23:54, 1e-12, 9.15e-11
2019-09-22, 14:23:58, 9.14e-13, 9.13e-11
2019-09-22, 14:24:03, 9.56e-13, 9.17e-11
2019-09-22, 14:24:07, 9.68e-13, 9.12e-11
2019-09-22, 14:24:11, 9.52e-13, 9.11e-11
2019-09-22, 14:24:15, 9.27e-13, 9.11e-11
2019-09-22, 14:24:19, 9.22e-13, 9.12e-11
2019-09-22, 14:24:24, 9.84e-13, 9.07e-11
2019-09-22, 14:24:28, 9.44e-13, 9.11e-11
2019-09-22, 14:24:32, 9.59e-13, 9.11e-11
2019-09-22, 14:24:36, 9.82e-13, 9.18e-11
2019-09-22, 14:24:41, 9.59e-13, 9.18e-11
2019-09-22, 14:24:45, 9.51e-13, 9.1e-11
2019-09-22, 14:24:49, 8.24e-13, 9.12e-11
2019-09-22, 14:24:53, 9.93e-13, 9.15e-11
2019-09-22, 14:24:57, 9.6e-13, 9.14e-11
2019-09-22, 14:25:02, 9.06e-13, 9.12e-11
2019-09-22, 14:25:06, 9.46e-13, 9.11e-11
2019-09-22, 14:25:10, 9.3e-13, 9.12e-11
2019-09-22, 14:25:14, 9.9e-13, 9.1e-11
2019-09-22, 14:25:19, 9.63e-13, 9.14e-11
2019-09-22, 14:25:23, 9.31e-13, 9.13e-11
2019-09-22, 14:25:27, 1.01e-12, 9.13e-11
2019-09-22, 14:25:31, 9.5e-13, 9.12e-11
2019-09-22, 14:25:35, 9.02e-13, 9.12e-11
2019-09-22, 14:25:40, 9.8e-13, 9.11e-11
2019-09-22, 14:25:44, 9.4e-13, 9.1e-11
2019-09-22, 14:25:48, 9.39e-13, 9.17e-11
2019-09-22, 14:25:52, 9.43e-13, 9.13e-11
2019-09-22, 14:25:57, 9.42e-13, 9.13e-11
2019-09-22, 14:26:01, 9.96e-13, 9.16e-11
2019-09-22, 14:26:05, 9.09e-13, 9.11e-11
2019-09-22, 14:26:09, 9.85e-13, 9.12e-11
2019-09-22, 14:26:13, 9.91e-13, 9.11e-11
2019-09-22, 14:26:18, 9.18e-13, 9.1e-11
2019-09-22, 14:26:22, 1.03e-12, 9.12e-11
2019-09-22, 14:26:26, 9.67e-13, 9.09e-11
2019-09-22, 14:26:30, 9.65e-13, 9.1e-11
2019-09-22, 14:26:34, 1.05e-12, 9.14e-11
2019-09-22, 14:26:39, 9.34e-13, 9.13e-11
2019-09-22, 14:26:43, 9.09e-13, 9.14e-11
2019-09-22, 14:26:47, 9.77e-13, 9.15e-11
2019-09-22, 14:26:51, 8.09e-13, 9.09e-11
2019-09-22, 14:26:56, 9.49e-13, 9.09e-11
2019-09-22, 14:27:00, 1.07e-12, 9.12e-11
2019-09-22, 14:27:04, 9.29e-13, 9.1e-11
2019-09-22, 14:27:08, 9.59e-13, 9.11e-11
2019-09-22, 14:27:12, 8.06e-13, 9.08e-11
2019-09-22, 14:27:17, 9.47e-13, 9.11e-11
2019-09-22, 14:27:21, 9.39e-13, 9.12e-11
2019-09-22, 14:27:25, 9.24e-13, 9.11e-11
2019-09-22, 14:27:29, 9.49e-13, 9.09e-11
2019-09-22, 14:27:34, 9.69e-13, 9.15e-11
2019-09-22, 14:27:38, 9.09e-13, 9.11e-11
2019-09-22, 14:27:42, 9.72e-13, 9.09e-11
2019-09-22, 14:27:46, 9.66e-13, 9.08e-11
2019-09-22, 14:27:50, 1.01e-12, 9.1e-11
2019-09-22, 14:27:55, 9.22e-13, 9.12e-11
2019-09-22, 14:27:59, 9.63e-13, 9.08e-11
2019-09-22, 14:28:03, 9.6e-13, 9.11e-11
2019-09-22, 14:28:07, 9.83e-13, 9.09e-11
2019-09-22, 14:28:12, 9.13e-13, 9.1e-11
2019-09-22, 14:28:16, 1.03e-12, 9.14e-11
2019-09-22, 14:28:20, 9.3e-13, 9.14e-11
2019-09-22, 14:28:24, 9.74e-13, 9.14e-11
2019-09-22, 14:28:28, 1.05e-12, 9.12e-11
2019-09-22, 14:28:33, 1.16e-12, 9.11e-11
2019-09-22, 14:28:37, 9.79e-13, 9.09e-11
2019-09-22, 14:28:41, 8.98e-13, 9.11e-11
2019-09-22, 14:28:45, 9.77e-13, 9.09e-11
2019-09-22, 14:28:50, 9.88e-13, 9.13e-11
2019-09-22, 14:28:54, 9.83e-13, 9.09e-11
2019-09-22, 14:28:58, 9.5e-13, 9.1e-11
2019-09-22, 14:29:02, 9.07e-13, 9.07e-11
2019-09-22, 14:29:06, 9.57e-13, 9.12e-11
2019-09-22, 14:29:11, 9.62e-13, 9.09e-11
2019-09-22, 14:29:15, 1.03e-12, 9.11e-11
2019-09-22, 14:29:19, 9.48e-13, 9.1e-11
2019-09-22, 14:29:23, 8.99e-13, 9.08e-11
2019-09-22, 14:29:28, 9.66e-13, 9.1e-11
2019-09-22, 14:29:32, 8.92e-13, 9.11e-11
2019-09-22, 14:29:36, 1.04e-12, 9.1e-11
2019-09-22, 14:29:40, 1e-12, 9.14e-11
2019-09-22, 14:29:44, 9.36e-13, 9.08e-11
2019-09-22, 14:29:49, 9.29e-13, 9.12e-11
2019-09-22, 14:29:53, 1.09e-12, 9.13e-11
2019-09-22, 14:29:57, 9.73e-13, 9.12e-11
2019-09-22, 14:30:01, 9.87e-13, 9.08e-11
2019-09-22, 14:30:06, 9.73e-13, 9.11e-11
2019-09-22, 14:30:10, 9.67e-13, 9.15e-11
2019-09-22, 14:30:14, 9.34e-13, 9.13e-11
2019-09-22, 14:30:18, 9.9e-13, 9.13e-11
2019-09-22, 14:30:22, 9.61e-13, 9.17e-11
2019-09-22, 14:30:27, 9.47e-13, 9.13e-11
2019-09-22, 14:30:31, 9.83e-13, 9.11e-11
2019-09-22, 14:30:35, 9.06e-13, 9.13e-11
2019-09-22, 14:30:41, 9.76e-13, 9.12e-11
2019-09-22, 14:30:45, 9.48e-13, 9.13e-11
2019-09-22, 14:30:50, 9.89e-13, 9.09e-11
2019-09-22, 14:30:54, 8.59e-13, 9.07e-11
2019-09-22, 14:30:58, 9.28e-13, 9.09e-11
2019-09-22, 14:31:02, 9.74e-13, 9.16e-11
2019-09-22, 14:31:06, 9.78e-13, 9.12e-11
2019-09-22, 14:31:11, 8.95e-13, 9.11e-11
2019-09-22, 14:31:15, 9.33e-13, 9.15e-11
2019-09-22, 14:31:19, 9.44e-13, 9.15e-11
2019-09-22, 14:31:23, 9.88e-13, 9.08e-11
2019-09-22, 14:31:27, 9.64e-13, 9.08e-11
2019-09-22, 14:31:32, 9.24e-13, 9.1e-11
2019-09-22, 14:31:37, 1.02e-12, 9.15e-11
2019-09-22, 14:31:41, 9.65e-13, 9.12e-11
2019-09-22, 14:31:46, 1e-12, 9.1e-11
2019-09-22, 14:31:50, 9.96e-13, 9.11e-11
2019-09-22, 14:31:54, 9.83e-13, 9.13e-11
2019-09-22, 14:31:58, 9.52e-13, 9.11e-11
2019-09-22, 14:32:02, 9.94e-13, 9.13e-11
2019-09-22, 14:32:07, 9.55e-13, 9.15e-11
2019-09-22, 14:32:11, 1e-12, 9.12e-11
2019-09-22, 14:32:15, 9.21e-13, 9.14e-11
2019-09-22, 14:32:19, 1e-12, 9.12e-11
2019-09-22, 14:32:24, 9.17e-13, 9.12e-11
2019-09-22, 14:32:28, 9.07e-13, 9.12e-11
2019-09-22, 14:32:32, 9.69e-13, 9.11e-11
2019-09-22, 14:32:36, 9.31e-13, 9.1e-11
2019-09-22, 14:32:40, 1.13e-12, 9.07e-11
2019-09-22, 14:32:45, 9.62e-13, 9.08e-11
2019-09-22, 14:32:49, 9.73e-13, 9.1e-11
2019-09-22, 14:32:53, 9.62e-13, 9.15e-11
2019-09-22, 14:32:57, 9.36e-13, 9.11e-11
2019-09-22, 14:33:02, 9.69e-13, 9.11e-11
2019-09-22, 14:33:06, 1.01e-12, 9.11e-11
2019-09-22, 14:33:10, 9.28e-13, 9.08e-11
2019-09-22, 14:33:14, 9.34e-13, 9.09e-11
2019-09-22, 14:33:18, 1.02e-12, 9.09e-11
2019-09-22, 14:33:23, 9.72e-13, 9.1e-11
2019-09-22, 14:33:27, 8.7e-13, 9.1e-11
2019-09-22, 14:33:31, 9.56e-13, 9.13e-11
2019-09-22, 14:33:35, 9.45e-13, 9.05e-11
2019-09-22, 14:33:40, 9.34e-13, 9.09e-11
2019-09-22, 14:33:44, 9.87e-13, 9.08e-11
2019-09-22, 14:33:48, 9.83e-13, 9.08e-11
2019-09-22, 14:33:52, 9.32e-13, 9.12e-11
2019-09-22, 14:33:56, 1.03e-12, 9.08e-11
2019-09-22, 14:34:01, 9.83e-13, 9.12e-11
2019-09-22, 14:34:05, 9.33e-13, 9.12e-11
2019-09-22, 14:34:09, 9.51e-13, 9.1e-11
2019-09-22, 14:34:13, 9.31e-13, 9.08e-11
2019-09-22, 14:34:17, 1.01e-12, 9.05e-11
2019-09-22, 14:34:22, 1.02e-12, 9.08e-11
2019-09-22, 14:34:26, 1.01e-12, 9.14e-11
2019-09-22, 14:34:30, 9.44e-13, 9.12e-11
2019-09-22, 14:34:34, 9.73e-13, 9.09e-11
2019-09-22, 14:34:39, 9.44e-13, 9.08e-11
2019-09-22, 14:34:43, 9.31e-13, 9.07e-11
2019-09-22, 14:34:47, 8.97e-13, 9.09e-11
2019-09-22, 14:34:51, 9.6e-13, 9.11e-11
2019-09-22, 14:34:55, 1.02e-12, 9.12e-11
2019-09-22, 14:35:00, 1.02e-12, 9.08e-11
2019-09-22, 14:35:04, 8.99e-13, 9.09e-11
2019-09-22, 14:35:08, 1.02e-12, 9.13e-11
2019-09-22, 14:35:12, 9.82e-13, 9.11e-11
2019-09-22, 14:35:17, 9.23e-13, 9.11e-11
2019-09-22, 14:35:21, 9.57e-13, 9.13e-11
2019-09-22, 14:35:25, 9.45e-13, 9.15e-11
2019-09-22, 14:35:29, 9.33e-13, 9.11e-11
2019-09-22, 14:35:33, 9.84e-13, 9.11e-11
2019-09-22, 14:35:38, 9.2e-13, 9.13e-11
2019-09-22, 14:35:42, 9.76e-13, 9.13e-11
2019-09-22, 14:35:46, 9.96e-13, 9.11e-11
2019-09-22, 14:35:50, 9.98e-13, 9.08e-11
2019-09-22, 14:35:55, 9.77e-13, 9.1e-11
2019-09-22, 14:35:59, 9.52e-13, 9.09e-11
2019-09-22, 14:36:03, 9.6e-13, 9.13e-11
2019-09-22, 14:36:07, 9.6e-13, 9.08e-11
2019-09-22, 14:36:11, 9.88e-13, 9.14e-11
2019-09-22, 14:36:16, 9.63e-13, 9.14e-11
2019-09-22, 14:36:20, 9.69e-13, 9.11e-11
2019-09-22, 14:36:24, 9.74e-13, 9.11e-11
2019-09-22, 14:36:28, 9.38e-13, 9.15e-11
2019-09-22, 14:36:33, 9.26e-13, 9.11e-11
2019-09-22, 14:36:37, 9.51e-13, 9.12e-11
2019-09-22, 14:36:41, 9.93e-13, 9.07e-11
2019-09-22, 14:36:45, 9.37e-13, 9.08e-11
2019-09-22, 14:36:49, 1e-12, 9.1e-11
2019-09-22, 14:36:54, 9.78e-13, 9.08e-11
2019-09-22, 14:36:58, 9.3e-13, 9.1e-11
2019-09-22, 14:37:02, 9.64e-13, 9.12e-11
2019-09-22, 14:37:06, 1.05e-12, 9.12e-11
2019-09-22, 14:37:11, 9.42e-13, 9.09e-11
2019-09-22, 14:37:15, 9.44e-13, 9.12e-11
2019-09-22, 14:37:19, 9.67e-13, 9.12e-11
2019-09-22, 14:37:23, 1.02e-12, 9.1e-11
2019-09-22, 14:37:27, 9.35e-13, 9.17e-11
2019-09-22, 14:37:32, 9.35e-13, 9.08e-11
2019-09-22, 14:37:36, 1.01e-12, 9.14e-11
2019-09-22, 14:37:40, 9.31e-13, 9.07e-11
2019-09-22, 14:37:44, 9.26e-13, 9.15e-11
2019-09-22, 14:37:49, 9.26e-13, 9.1e-11
2019-09-22, 14:37:53, 9.13e-13, 9.1e-11
2019-09-22, 14:37:57, 8.99e-13, 9.09e-11
2019-09-22, 14:38:01, 8.26e-13, 9.08e-11
2019-09-22, 14:38:05, 1.07e-12, 9.07e-11
2019-09-22, 14:38:10, 9.01e-13, 9.1e-11
2019-09-22, 14:38:14, 9.9e-13, 9.12e-11
2019-09-22, 14:38:18, 9.76e-13, 9.09e-11
2019-09-22, 14:38:22, 9.51e-13, 9.09e-11
2019-09-22, 14:38:27, 9.46e-13, 9.08e-11
2019-09-22, 14:38:31, 9.26e-13, 9.09e-11
2019-09-22, 14:38:35, 9.9e-13, 9.09e-11
2019-09-22, 14:38:39, 9.34e-13, 9.09e-11
2019-09-22, 14:38:43, 9.3e-13, 9.09e-11
2019-09-22, 14:38:48, 9.27e-13, 9.12e-11
2019-09-22, 14:38:52, 9.47e-13, 9.08e-11
2019-09-22, 14:38:56, 9.19e-13, 9.16e-11
2019-09-22, 14:39:00, 9.5e-13, 9.1e-11
2019-09-22, 14:39:04, 9.46e-13, 9.06e-11
2019-09-22, 14:39:09, 9.73e-13, 9.16e-11
2019-09-22, 14:39:13, 9.41e-13, 9.09e-11
2019-09-22, 14:39:17, 9.41e-13, 9.05e-11
2019-09-22, 14:39:21, 9.89e-13, 9.11e-11
2019-09-22, 14:39:26, 9.65e-13, 9.12e-11
2019-09-22, 14:39:30, 1.02e-12, 9.09e-11
2019-09-22, 14:39:34, 9.18e-13, 9.1e-11
2019-09-22, 14:39:38, 9.73e-13, 9.13e-11
2019-09-22, 14:39:42, 9.18e-13, 9.1e-11
2019-09-22, 14:39:47, 9.62e-13, 9.11e-11
2019-09-22, 14:39:51, 9.62e-13, 9.1e-11
2019-09-22, 14:39:55, 8.95e-13, 9.11e-11
2019-09-22, 14:39:59, 9.54e-13, 9.13e-11
2019-09-22, 14:40:04, 9.84e-13, 9.11e-11
2019-09-22, 14:40:08, 9.54e-13, 9.12e-11
2019-09-22, 14:40:12, 9.13e-13, 9.12e-11
2019-09-22, 14:40:16, 9.21e-13, 9.11e-11
2019-09-22, 14:40:20, 9.37e-13, 9.13e-11
2019-09-22, 14:40:25, 9.5e-13, 9.11e-11
2019-09-22, 14:40:29, 1.03e-12, 9.14e-11
2019-09-22, 14:40:33, 9.55e-13, 9.1e-11
2019-09-22, 14:40:37, 9.54e-13, 9.13e-11
2019-09-22, 14:40:42, 9.6e-13, 9.14e-11
2019-09-22, 14:40:46, 1.01e-12, 9.11e-11
2019-09-22, 14:40:50, 9.9e-13, 9.12e-11
2019-09-22, 14:40:54, 1.03e-12, 9.09e-11
2019-09-22, 14:40:58, 9.77e-13, 9.09e-11
2019-09-22, 14:41:03, 9.59e-13, 9.1e-11
2019-09-22, 14:41:07, 9.68e-13, 9.08e-11
2019-09-22, 14:41:11, 1.1e-12, 9.1e-11
2019-09-22, 14:41:15, 1e-12, 9.13e-11
2019-09-22, 14:41:20, 9.1e-13, 9.09e-11
2019-09-22, 14:41:24, 9.76e-13, 9.04e-11
2019-09-22, 14:41:28, 9.63e-13, 9.07e-11
2019-09-22, 14:41:32, 9.13e-13, 9.08e-11
2019-09-22, 14:41:36, 1.05e-12, 9.08e-11
2019-09-22, 14:41:41, 8.88e-13, 9.13e-11
2019-09-22, 14:41:45, 9.65e-13, 9.14e-11
2019-09-22, 14:41:49, 9.84e-13, 9.13e-11
2019-09-22, 14:41:53, 1.03e-12, 9.11e-11
2019-09-22, 14:41:58, 1.05e-12, 9.13e-11
2019-09-22, 14:42:02, 9.5e-13, 9.13e-11
2019-09-22, 14:42:06, 1.03e-12, 9.12e-11
2019-09-22, 14:42:10, 9.32e-13, 9.13e-11
2019-09-22, 14:42:14, 9.64e-13, 9.11e-11
2019-09-22, 14:42:19, 9.81e-13, 9.1e-11
2019-09-22, 14:42:23, 9.04e-13, 9.11e-11
2019-09-22, 14:42:27, 9.87e-13, 9.09e-11
2019-09-22, 14:42:31, 9.89e-13, 9.13e-11
2019-09-22, 14:42:36, 1.03e-12, 9.14e-11
2019-09-22, 14:42:40, 9.54e-13, 9.11e-11
2019-09-22, 14:42:44, 8.9e-13, 9.14e-11
2019-09-22, 14:42:48, 9.03e-13, 9.1e-11
2019-09-22, 14:42:52, 9.62e-13, 9.17e-11
2019-09-22, 14:42:57, 9.63e-13, 9.14e-11
2019-09-22, 14:43:01, 9.66e-13, 9.14e-11
2019-09-22, 14:43:05, 9.67e-13, 9.1e-11
2019-09-22, 14:43:09, 9.86e-13, 9.1e-11
2019-09-22, 14:43:14, 9.44e-13, 9.09e-11
2019-09-22, 14:43:18, 9.58e-13, 9.1e-11
2019-09-22, 14:43:22, 9.76e-13, 9.12e-11
2019-09-22, 14:43:26, 1.04e-12, 9.13e-11
2019-09-22, 14:43:30, 9.62e-13, 9.08e-11
2019-09-22, 14:43:35, 1.02e-12, 9.1e-11
2019-09-22, 14:43:39, 9.28e-13, 9.07e-11
2019-09-22, 14:43:43, 9.65e-13, 9.11e-11
2019-09-22, 14:43:47, 1.01e-12, 9.12e-11
2019-09-22, 14:43:51, 1e-12, 9.11e-11
2019-09-22, 14:43:56, 9.48e-13, 9.08e-11
2019-09-22, 14:44:00, 1.11e-12, 9.1e-11
2019-09-22, 14:44:04, 9.67e-13, 9.08e-11
2019-09-22, 14:44:08, 9.61e-13, 9.12e-11
2019-09-22, 14:44:13, 9.9e-13, 9.09e-11
2019-09-22, 14:44:17, 1.02e-12, 9.13e-11
2019-09-22, 14:44:21, 9.49e-13, 9.11e-11
2019-09-22, 14:44:25, 8.85e-13, 9.12e-11
2019-09-22, 14:44:29, 9.84e-13, 9.13e-11
2019-09-22, 14:44:34, 1.01e-12, 9.09e-11
2019-09-22, 14:44:38, 1e-12, 9.11e-11
2019-09-22, 14:44:42, 9.52e-13, 9.11e-11
2019-09-22, 14:44:46, 1.01e-12, 9.12e-11
2019-09-22, 14:44:51, 8.85e-13, 9.12e-11
2019-09-22, 14:44:55, 9.59e-13, 9.1e-11
2019-09-22, 14:44:59, 9.71e-13, 9.12e-11
2019-09-22, 14:45:03, 9.37e-13, 9.12e-11
2019-09-22, 14:45:07, 9.4e-13, 9.13e-11
2019-09-22, 14:45:12, 9.43e-13, 9.14e-11
2019-09-22, 14:45:16, 9.49e-13, 9.13e-11
2019-09-22, 14:45:20, 9.75e-13, 9.12e-11
2019-09-22, 14:45:24, 9.72e-13, 9.11e-11
2019-09-22, 14:45:29, 9.83e-13, 9.09e-11
2019-09-22, 14:45:33, 9.28e-13, 9.12e-11
2019-09-22, 14:45:37, 9.74e-13, 9.13e-11
2019-09-22, 14:45:41, 9.58e-13, 9.11e-11
2019-09-22, 14:45:46, 9.79e-13, 9.1e-11
2019-09-22, 14:45:50, 1.06e-12, 9.08e-11
2019-09-22, 14:45:54, 9.86e-13, 9.09e-11
2019-09-22, 14:45:58, 9.81e-13, 9.1e-11
2019-09-22, 14:46:03, 1.07e-12, 9.1e-11
2019-09-22, 14:46:07, 9.38e-13, 9.1e-11
2019-09-22, 14:46:11, 1.03e-12, 9.09e-11
2019-09-22, 14:46:15, 1.01e-12, 9.12e-11
2019-09-22, 14:46:19, 9.73e-13, 9.12e-11
2019-09-22, 14:46:24, 1.05e-12, 9.09e-11
2019-09-22, 14:46:28, 9.58e-13, 9.11e-11
2019-09-22, 14:46:32, 9.4e-13, 9.07e-11
2019-09-22, 14:46:36, 9.93e-13, 9.09e-11
2019-09-22, 14:46:41, 9.69e-13, 9.1e-11
2019-09-22, 14:46:45, 9.8e-13, 9.13e-11
2019-09-22, 14:46:49, 8.79e-13, 9.12e-11
2019-09-22, 14:46:53, 9.76e-13, 9.11e-11
2019-09-22, 14:46:57, 9.76e-13, 9.11e-11
2019-09-22, 14:47:02, 9.89e-13, 9.09e-11
2019-09-22, 14:47:06, 9.19e-13, 9.09e-11
2019-09-22, 14:47:10, 9.9e-13, 9.08e-11
2019-09-22, 14:47:14, 1e-12, 9.09e-11
2019-09-22, 14:47:19, 1e-12, 9.09e-11
2019-09-22, 14:47:23, 9.36e-13, 9.09e-11
2019-09-22, 14:47:27, 9.32e-13, 9.15e-11
2019-09-22, 14:47:31, 8.87e-13, 9.11e-11
2019-09-22, 14:47:35, 1.07e-12, 9.11e-11
2019-09-22, 14:47:40, 9.37e-13, 9.14e-11
2019-09-22, 14:47:44, 9.09e-13, 9.14e-11
2019-09-22, 14:47:48, 9.5e-13, 9.08e-11
2019-09-22, 14:47:52, 9.23e-13, 9.09e-11
2019-09-22, 14:47:56, 1e-12, 9.14e-11
2019-09-22, 14:48:01, 9.18e-13, 9.12e-11
2019-09-22, 14:48:05, 9.83e-13, 9.14e-11
2019-09-22, 14:48:09, 9.75e-13, 9.07e-11
2019-09-22, 14:48:13, 9.62e-13, 9.12e-11
2019-09-22, 14:48:18, 9.43e-13, 9.09e-11
2019-09-22, 14:48:22, 9.51e-13, 9.13e-11
2019-09-22, 14:48:26, 9.67e-13, 9.13e-11
2019-09-22, 14:48:30, 9.9e-13, 9.07e-11
2019-09-22, 14:48:34, 9.04e-13, 9.08e-11
2019-09-22, 14:48:39, 9.16e-13, 9.12e-11
2019-09-22, 14:48:43, 1.13e-12, 9.1e-11
2019-09-22, 14:48:47, 9.74e-13, 9.1e-11
2019-09-22, 14:48:51, 9.68e-13, 9.08e-11
2019-09-22, 14:48:56, 9.45e-13, 9.06e-11
2019-09-22, 14:49:00, 9.61e-13, 9.08e-11
2019-09-22, 14:49:04, 9.12e-13, 9.1e-11
2019-09-22, 14:49:08, 9.44e-13, 9.09e-11
2019-09-22, 14:49:12, 9.36e-13, 9.15e-11
2019-09-22, 14:49:17, 9.62e-13, 9.14e-11
2019-09-22, 14:49:21, 9.82e-13, 9.09e-11
2019-09-22, 14:49:25, 8.09e-13, 9.08e-11
2019-09-22, 14:49:29, 1e-12, 9.12e-11
2019-09-22, 14:49:34, 1.02e-12, 9.08e-11
2019-09-22, 14:49:38, 9.65e-13, 9.07e-11
2019-09-22, 14:49:42, 9.39e-13, 9.1e-11
2019-09-22, 14:49:46, 9e-13, 9.08e-11
2019-09-22, 14:49:50, 9.8e-13, 9.08e-11
2019-09-22, 14:49:55, 9.53e-13, 9.13e-11
2019-09-22, 14:49:59, 9.27e-13, 9.12e-11
2019-09-22, 14:50:03, 1.04e-12, 9.17e-11
2019-09-22, 14:50:07, 9.45e-13, 9.1e-11
2019-09-22, 14:50:12, 9.58e-13, 9.09e-11
2019-09-22, 14:50:16, 9.87e-13, 9.06e-11
2019-09-22, 14:50:20, 9.56e-13, 9.08e-11
2019-09-22, 14:50:24, 9.51e-13, 9.11e-11
2019-09-22, 14:50:28, 9.44e-13, 9.1e-11
2019-09-22, 14:50:33, 9.93e-13, 9.14e-11
2019-09-22, 14:50:37, 9.32e-13, 9.09e-11
2019-09-22, 14:50:41, 9.51e-13, 9.07e-11
2019-09-22, 14:50:45, 1.09e-12, 9.06e-11
2019-09-22, 14:50:50, 9.23e-13, 9.09e-11
2019-09-22, 14:50:54, 9.84e-13, 9.08e-11
2019-09-22, 14:50:58, 9.06e-13, 9.12e-11
2019-09-22, 14:51:02, 9.69e-13, 9.09e-11
2019-09-22, 14:51:06, 1.12e-12, 9.11e-11
2019-09-22, 14:51:11, 9.21e-13, 9.11e-11
2019-09-22, 14:51:15, 9.77e-13, 9.11e-11
2019-09-22, 14:51:19, 9.72e-13, 9.08e-11
2019-09-22, 14:51:23, 9.3e-13, 9.1e-11
2019-09-22, 14:51:28, 9.64e-13, 9.1e-11
2019-09-22, 14:51:32, 9.6e-13, 9.1e-11
2019-09-22, 14:51:36, 8.84e-13, 9.11e-11
2019-09-22, 14:51:40, 9.02e-13, 9.1e-11
2019-09-22, 14:51:44, 9.41e-13, 9.12e-11
2019-09-22, 14:51:49, 1.09e-12, 9.11e-11
2019-09-22, 14:51:53, 9.22e-13, 9.09e-11
2019-09-22, 14:51:57, 9.72e-13, 9.1e-11
2019-09-22, 14:52:01, 9.43e-13, 9.09e-11
2019-09-22, 14:52:06, 9.19e-13, 9.07e-11
2019-09-22, 14:52:10, 9.29e-13, 9.1e-11
2019-09-22, 14:52:14, 1.02e-12, 9.14e-11
2019-09-22, 14:52:18, 1.01e-12, 9.1e-11
2019-09-22, 14:52:22, 9.41e-13, 9.11e-11
2019-09-22, 14:52:27, 9.46e-13, 9.11e-11
2019-09-22, 14:52:31, 9.74e-13, 9.13e-11
2019-09-22, 14:52:35, 9.86e-13, 9.08e-11
2019-09-22, 14:52:39, 9.89e-13, 9.12e-11
2019-09-22, 14:52:43, 9.9e-13, 9.1e-11
2019-09-22, 14:52:48, 9.57e-13, 9.09e-11
2019-09-22, 14:52:52, 9.76e-13, 9.11e-11
2019-09-22, 14:52:56, 9.55e-13, 9.11e-11
2019-09-22, 14:53:00, 9.43e-13, 9.1e-11
2019-09-22, 14:53:05, 9.43e-13, 9.07e-11
2019-09-22, 14:53:09, 9.37e-13, 9.05e-11
2019-09-22, 14:53:13, 8.65e-13, 9.08e-11
2019-09-22, 14:53:17, 9.69e-13, 9.07e-11
2019-09-22, 14:53:21, 9.37e-13, 9.1e-11
2019-09-22, 14:53:26, 9.89e-13, 9.1e-11
2019-09-22, 14:53:30, 9.63e-13, 9.08e-11
2019-09-22, 14:53:34, 8.67e-13, 9.07e-11
2019-09-22, 14:53:38, 9.6e-13, 9.11e-11
2019-09-22, 14:53:43, 9.81e-13, 9.09e-11
2019-09-22, 14:53:47, 9.74e-13, 9.09e-11
2019-09-22, 14:53:51, 9.82e-13, 9.07e-11
2019-09-22, 14:53:55, 9.73e-13, 9.1e-11
2019-09-22, 14:53:59, 1.02e-12, 9.12e-11
2019-09-22, 14:54:04, 9.08e-13, 9.1e-11
2019-09-22, 14:54:08, 9.51e-13, 9.09e-11
2019-09-22, 14:54:12, 1.01e-12, 9.11e-11
2019-09-22, 14:54:16, 9.92e-13, 9.11e-11
2019-09-22, 14:54:21, 9.1e-13, 9.11e-11
2019-09-22, 14:54:25, 9.05e-13, 9.07e-11
2019-09-22, 14:54:29, 8.84e-13, 9.08e-11
2019-09-22, 14:54:33, 9.82e-13, 9.11e-11
2019-09-22, 14:54:37, 9.6e-13, 9.09e-11
2019-09-22, 14:54:42, 9.08e-13, 9.07e-11
2019-09-22, 14:54:46, 9.59e-13, 9.07e-11
2019-09-22, 14:54:50, 9.73e-13, 9.07e-11
2019-09-22, 14:54:54, 9.82e-13, 9.12e-11
2019-09-22, 14:54:59, 9.71e-13, 9.08e-11
2019-09-22, 14:55:03, 9.87e-13, 9.11e-11
2019-09-22, 14:55:07, 9.6e-13, 9.15e-11
2019-09-22, 14:55:11, 9.77e-13, 9.08e-11
2019-09-22, 14:55:15, 9.97e-13, 9.13e-11
2019-09-22, 14:55:20, 9.67e-13, 9.07e-11
2019-09-22, 14:55:24, 8.67e-13, 9.09e-11
2019-09-22, 14:55:28, 9.71e-13, 9.13e-11
2019-09-22, 14:55:32, 9.28e-13, 9.1e-11
2019-09-22, 14:55:37, 9.14e-13, 9.1e-11
2019-09-22, 14:55:41, 9.47e-13, 9.09e-11
2019-09-22, 14:55:45, 9.71e-13, 9.07e-11
2019-09-22, 14:55:49, 1.06e-12, 9.06e-11
2019-09-22, 14:55:53, 9.55e-13, 9.12e-11
2019-09-22, 14:55:58, 9.4e-13, 9.09e-11
2019-09-22, 14:56:02, 9.81e-13, 9.1e-11
2019-09-22, 14:56:06, 9.41e-13, 9.1e-11
2019-09-22, 14:56:10, 9.46e-13, 9.09e-11
2019-09-22, 14:56:15, 9.95e-13, 9.09e-11
2019-09-22, 14:56:19, 1.02e-12, 9.06e-11
2019-09-22, 14:56:23, 9.83e-13, 9.1e-11
2019-09-22, 14:56:27, 9.64e-13, 9.12e-11
2019-09-22, 14:56:31, 9.44e-13, 9.11e-11
2019-09-22, 14:56:36, 9.52e-13, 9.1e-11
2019-09-22, 14:56:40, 9.64e-13, 9.1e-11
2019-09-22, 14:56:44, 9.99e-13, 9.08e-11
2019-09-22, 14:56:48, 1.05e-12, 9.08e-11
2019-09-22, 14:56:52, 1e-12, 9.1e-11
2019-09-22, 14:56:57, 8.58e-13, 9.13e-11
2019-09-22, 14:57:01, 9.66e-13, 9.12e-11
2019-09-22, 14:57:05, 1e-12, 9.11e-11
2019-09-22, 14:57:09, 8.81e-13, 9.12e-11
2019-09-22, 14:57:14, 9.74e-13, 9.1e-11
2019-09-22, 14:57:18, 9.07e-13, 9.14e-11
2019-09-22, 14:57:22, 8.78e-13, 9.11e-11
2019-09-22, 14:57:26, 8.97e-13, 9.09e-11
2019-09-22, 14:57:30, 9.81e-13, 9.08e-11
2019-09-22, 14:57:35, 9.56e-13, 9.07e-11
2019-09-22, 14:57:39, 9.4e-13, 9.09e-11
2019-09-22, 14:57:43, 9.61e-13, 9.1e-11
2019-09-22, 14:57:47, 9.57e-13, 9.15e-11
2019-09-22, 14:57:52, 9.72e-13, 9.11e-11
2019-09-22, 14:57:56, 9.31e-13, 9.09e-11
2019-09-22, 14:58:00, 9.23e-13, 9.05e-11
2019-09-22, 14:58:04, 9.71e-13, 9.13e-11
2019-09-22, 14:58:08, 9.36e-13, 9.13e-11
2019-09-22, 14:58:13, 9.71e-13, 9.1e-11
2019-09-22, 14:58:17, 9.88e-13, 9.09e-11
2019-09-22, 14:58:21, 9.57e-13, 9.1e-11
2019-09-22, 14:58:25, 9.87e-13, 9.11e-11
2019-09-22, 14:58:30, 1e-12, 9.09e-11
2019-09-22, 14:58:34, 9.5e-13, 9.07e-11
2019-09-22, 14:58:38, 9.68e-13, 9.07e-11
2019-09-22, 14:58:42, 9.28e-13, 9.09e-11
2019-09-22, 14:58:46, 9.08e-13, 9.11e-11
2019-09-22, 14:58:51, 9.37e-13, 9.1e-11
2019-09-22, 14:58:55, 9.94e-13, 9.09e-11
2019-09-22, 14:58:59, 9.77e-13, 9.12e-11
2019-09-22, 14:59:03, 9.47e-13, 9.11e-11
2019-09-22, 14:59:08, 8.4e-13, 9.08e-11
2019-09-22, 14:59:12, 9.3e-13, 9.06e-11
2019-09-22, 14:59:16, 9.29e-13, 9.1e-11
2019-09-22, 14:59:20, 9.8e-13, 9.08e-11
2019-09-22, 14:59:24, 1.06e-12, 9.1e-11
2019-09-22, 14:59:29, 9.44e-13, 9.09e-11
2019-09-22, 14:59:33, 9.51e-13, 9.11e-11
2019-09-22, 14:59:37, 9.73e-13, 9.15e-11
2019-09-22, 14:59:41, 9.5e-13, 9.1e-11
2019-09-22, 14:59:46, 1.06e-12, 9.12e-11
2019-09-22, 14:59:50, 1.04e-12, 9.08e-11
2019-09-22, 14:59:54, 9.62e-13, 9.12e-11
2019-09-22, 14:59:58, 9.71e-13, 9.1e-11
2019-09-22, 15:00:02, 9.58e-13, 9.11e-11
2019-09-22, 15:00:07, 9.18e-13, 9.09e-11
2019-09-22, 15:00:11, 9.87e-13, 9.13e-11
2019-09-22, 15:00:15, 9.67e-13, 9.09e-11
2019-09-22, 15:00:19, 9.28e-13, 9.1e-11
2019-09-22, 15:00:24, 9.67e-13, 9.12e-11
2019-09-22, 15:00:28, 9.57e-13, 9.12e-11
2019-09-22, 15:00:32, 9.83e-13, 9.15e-11
2019-09-22, 15:00:36, 9.55e-13, 9.12e-11
2019-09-22, 15:00:40, 9.27e-13, 9.08e-11
2019-09-22, 15:00:45, 9.86e-13, 9.11e-11
2019-09-22, 15:00:49, 1.01e-12, 9.07e-11
2019-09-22, 15:00:53, 9.84e-13, 9.08e-11
2019-09-22, 15:00:57, 1.02e-12, 9.07e-11
2019-09-22, 15:01:02, 9.23e-13, 9.12e-11
2019-09-22, 15:01:06, 9.78e-13, 9.15e-11
2019-09-22, 15:01:10, 9.14e-13, 9.09e-11
2019-09-22, 15:01:14, 9.45e-13, 9.1e-11
2019-09-22, 15:01:18, 9.59e-13, 9.12e-11
2019-09-22, 15:01:23, 1.04e-12, 9.11e-11
2019-09-22, 15:01:27, 8.18e-13, 9.11e-11
2019-09-22, 15:01:31, 9.33e-13, 9.11e-11
2019-09-22, 15:01:35, 9.72e-13, 9.13e-11
2019-09-22, 15:01:40, 9.6e-13, 9.1e-11
2019-09-22, 15:01:44, 9.48e-13, 9.06e-11
2019-09-22, 15:01:48, 8.95e-13, 9.09e-11
2019-09-22, 15:01:52, 9.59e-13, 9.1e-11
2019-09-22, 15:01:56, 9.44e-13, 9.09e-11
2019-09-22, 15:02:01, 1.01e-12, 9.09e-11
2019-09-22, 15:02:05, 1.04e-12, 9.06e-11
2019-09-22, 15:02:09, 9.71e-13, 9.08e-11
2019-09-22, 15:02:13, 9.1e-13, 9.1e-11
2019-09-22, 15:02:18, 9.69e-13, 9.1e-11
2019-09-22, 15:02:22, 9.77e-13, 9.09e-11
2019-09-22, 15:02:26, 9.31e-13, 9.11e-11
2019-09-22, 15:02:30, 9.49e-13, 9.1e-11
2019-09-22, 15:02:34, 1.01e-12, 9.09e-11
2019-09-22, 15:02:39, 9.33e-13, 9.09e-11
2019-09-22, 15:02:43, 9.86e-13, 9.14e-11
2019-09-22, 15:02:47, 9.62e-13, 9.07e-11
2019-09-22, 15:02:51, 1.06e-12, 9.11e-11
2019-09-22, 15:02:55, 9.53e-13, 9.14e-11
2019-09-22, 15:03:00, 1.05e-12, 9.08e-11
2019-09-22, 15:03:04, 9.6e-13, 9.07e-11
2019-09-22, 15:03:08, 9.23e-13, 9.11e-11
2019-09-22, 15:03:12, 9.9e-13, 9.13e-11
2019-09-22, 15:03:17, 9.53e-13, 9.1e-11
2019-09-22, 15:03:21, 1.07e-12, 9.09e-11
2019-09-22, 15:03:25, 9.23e-13, 9.12e-11
2019-09-22, 15:03:29, 1.01e-12, 9.11e-11
2019-09-22, 15:03:33, 9.87e-13, 9.09e-11
2019-09-22, 15:03:38, 9.51e-13, 9.1e-11
2019-09-22, 15:03:42, 9.65e-13, 9.1e-11
2019-09-22, 15:03:46, 9.08e-13, 9.12e-11
2019-09-22, 15:03:50, 9.48e-13, 9.09e-11
2019-09-22, 15:03:55, 8.94e-13, 9.1e-11
2019-09-22, 15:03:59, 9.76e-13, 9.08e-11
2019-09-22, 15:04:03, 8.91e-13, 9.13e-11
2019-09-22, 15:04:07, 9.53e-13, 9.07e-11
2019-09-22, 15:04:11, 9.2e-13, 9.1e-11
2019-09-22, 15:04:16, 1.07e-12, 9.12e-11
2019-09-22, 15:04:20, 1e-12, 9.11e-11
2019-09-22, 15:04:24, 9.18e-13, 9.11e-11
2019-09-22, 15:04:28, 8.52e-13, 9.13e-11
2019-09-22, 15:04:33, 9.99e-13, 9.1e-11
2019-09-22, 15:04:37, 9.86e-13, 9.11e-11
2019-09-22, 15:04:41, 9.88e-13, 9.06e-11
2019-09-22, 15:04:45, 1e-12, 9.1e-11
2019-09-22, 15:04:49, 1.13e-12, 9.12e-11
2019-09-22, 15:04:54, 1.05e-12, 9.09e-11
2019-09-22, 15:04:58, 9.18e-13, 9.08e-11
2019-09-22, 15:05:02, 9.65e-13, 9.06e-11
2019-09-22, 15:05:06, 9.32e-13, 9.1e-11
2019-09-22, 15:05:11, 9.9e-13, 9.11e-11
2019-09-22, 15:05:15, 8.61e-13, 9.04e-11
2019-09-22, 15:05:19, 1.02e-12, 9.09e-11
2019-09-22, 15:05:23, 9.96e-13, 9.06e-11
2019-09-22, 15:05:27, 9.92e-13, 9.08e-11
2019-09-22, 15:05:32, 8.9e-13, 9.11e-11
2019-09-22, 15:05:36, 9.86e-13, 9.11e-11
2019-09-22, 15:05:40, 9.99e-13, 9.09e-11
2019-09-22, 15:05:44, 9.52e-13, 9.12e-11
2019-09-22, 15:05:49, 1.04e-12, 9.12e-11
2019-09-22, 15:05:53, 9.53e-13, 9.09e-11
2019-09-22, 15:05:57, 9.72e-13, 9.13e-11
2019-09-22, 15:06:01, 9.28e-13, 9.1e-11
2019-09-22, 15:06:05, 9.99e-13, 9.11e-11
2019-09-22, 15:06:10, 9.25e-13, 9.1e-11
2019-09-22, 15:06:14, 1e-12, 9.11e-11
2019-09-22, 15:06:18, 9.77e-13, 9.1e-11
2019-09-22, 15:06:22, 9.53e-13, 9.08e-11
2019-09-22, 15:06:26, 8.44e-13, 9.05e-11
2019-09-22, 15:06:31, 9.53e-13, 9.11e-11
2019-09-22, 15:06:35, 9.94e-13, 9.14e-11
2019-09-22, 15:06:39, 9.8e-13, 9.09e-11
2019-09-22, 15:06:43, 9.66e-13, 9.11e-11
2019-09-22, 15:06:48, 9.98e-13, 9.13e-11
2019-09-22, 15:06:52, 9.73e-13, 9.11e-11
2019-09-22, 15:06:56, 9.95e-13, 9.11e-11
2019-09-22, 15:07:00, 9.7e-13, 9.08e-11
2019-09-22, 15:07:04, 9.04e-13, 9.11e-11
2019-09-22, 15:07:09, 9.25e-13, 9.1e-11
2019-09-22, 15:07:13, 1.14e-12, 9.06e-11
2019-09-22, 15:07:17, 9.64e-13, 9.09e-11
2019-09-22, 15:07:21, 9.42e-13, 9.1e-11
2019-09-22, 15:07:26, 1.02e-12, 9.1e-11
2019-09-22, 15:07:30, 9.17e-13, 9.14e-11
2019-09-22, 15:07:34, 9.47e-13, 9.09e-11
2019-09-22, 15:07:38, 8.96e-13, 9.1e-11
2019-09-22, 15:07:42, 9.15e-13, 9.09e-11
2019-09-22, 15:07:47, 9.42e-13, 9.1e-11
2019-09-22, 15:07:51, 9.54e-13, 9.08e-11
2019-09-22, 15:07:55, 9.86e-13, 9.07e-11
2019-09-22, 15:07:59, 9.6e-13, 9.09e-11
2019-09-22, 15:08:04, 8.16e-13, 9.1e-11
2019-09-22, 15:08:08, 9.64e-13, 9.11e-11
2019-09-22, 15:08:12, 1.01e-12, 9.08e-11
2019-09-22, 15:08:16, 9.09e-13, 9.08e-11
2019-09-22, 15:08:20, 9.66e-13, 9.09e-11
2019-09-22, 15:08:25, 1e-12, 9.11e-11
2019-09-22, 15:08:29, 9.87e-13, 9.11e-11
2019-09-22, 15:08:33, 9.86e-13, 9.05e-11
2019-09-22, 15:08:37, 9.72e-13, 9.1e-11
2019-09-22, 15:08:42, 9e-13, 9.12e-11
2019-09-22, 15:08:46, 9e-13, 9.12e-11
2019-09-22, 15:08:50, 9.29e-13, 9.08e-11
2019-09-22, 15:08:54, 9.3e-13, 9.08e-11
2019-09-22, 15:08:58, 9.75e-13, 9.12e-11
2019-09-22, 15:09:03, 9.52e-13, 9.11e-11
2019-09-22, 15:09:07, 9.35e-13, 9.07e-11
2019-09-22, 15:09:11, 8.95e-13, 9.06e-11
2019-09-22, 15:09:15, 1.03e-12, 9.08e-11
2019-09-22, 15:09:20, 1.14e-12, 9.06e-11
2019-09-22, 15:09:24, 9.83e-13, 9.11e-11
2019-09-22, 15:09:28, 9.64e-13, 9.13e-11
2019-09-22, 15:09:32, 9.6e-13, 9.11e-11
2019-09-22, 15:09:36, 1.01e-12, 9.11e-11
2019-09-22, 15:09:41, 9.38e-13, 9.1e-11
2019-09-22, 15:09:45, 9.86e-13, 9.1e-11
2019-09-22, 15:09:49, 9.46e-13, 9.14e-11
2019-09-22, 15:09:53, 9.24e-13, 9.13e-11
2019-09-22, 15:09:58, 9.6e-13, 9.1e-11
2019-09-22, 15:10:02, 9.25e-13, 9.11e-11
2019-09-22, 15:10:06, 9.42e-13, 9.13e-11
2019-09-22, 15:10:10, 9.97e-13, 9.12e-11
2019-09-22, 15:10:14, 1.03e-12, 9.06e-11
2019-09-22, 15:10:19, 9.41e-13, 9.09e-11
2019-09-22, 15:10:23, 9.85e-13, 9.06e-11
2019-09-22, 15:10:27, 8.9e-13, 9.04e-11
2019-09-22, 15:10:31, 9.8e-13, 9.11e-11
2019-09-22, 15:10:35, 1.01e-12, 9.11e-11
2019-09-22, 15:10:40, 9.44e-13, 9.11e-11
2019-09-22, 15:10:44, 9.55e-13, 9.09e-11
2019-09-22, 15:10:48, 9.75e-13, 9.13e-11
2019-09-22, 15:10:52, 9.17e-13, 9.12e-11
2019-09-22, 15:10:57, 9.51e-13, 9.1e-11
2019-09-22, 15:11:01, 9.76e-13, 9.12e-11
2019-09-22, 15:11:05, 9.18e-13, 9.11e-11
2019-09-22, 15:11:09, 9.92e-13, 9.11e-11
2019-09-22, 15:11:13, 9.88e-13, 9.09e-11
2019-09-22, 15:11:18, 9.58e-13, 9.12e-11
2019-09-22, 15:11:22, 9.54e-13, 9.12e-11
2019-09-22, 15:11:26, 9.23e-13, 9.13e-11
2019-09-22, 15:11:30, 9.69e-13, 9.07e-11
2019-09-22, 15:11:35, 1.08e-12, 9.1e-11
2019-09-22, 15:11:39, 1.13e-12, 9.07e-11
2019-09-22, 15:11:43, 9.85e-13, 9.09e-11
2019-09-22, 15:11:47, 9.52e-13, 9.1e-11
2019-09-22, 15:11:51, 9.68e-13, 9.09e-11
2019-09-22, 15:11:56, 1e-12, 9.12e-11
2019-09-22, 15:12:00, 9.78e-13, 9.09e-11
2019-09-22, 15:12:04, 1.02e-12, 9.18e-11
2019-09-22, 15:12:08, 9.46e-13, 9.08e-11
2019-09-22, 15:12:13, 9.27e-13, 9.12e-11
2019-09-22, 15:12:17, 9.76e-13, 9.14e-11
2019-09-22, 15:12:21, 9.77e-13, 9.12e-11
2019-09-22, 15:12:25, 8.97e-13, 9.1e-11
2019-09-22, 15:12:29, 1.02e-12, 9.12e-11
2019-09-22, 15:12:34, 9.38e-13, 9.13e-11
2019-09-22, 15:12:38, 1.03e-12, 9.11e-11
2019-09-22, 15:12:42, 9.78e-13, 9.11e-11
2019-09-22, 15:12:46, 9.39e-13, 9.1e-11
2019-09-22, 15:12:51, 9.88e-13, 9.07e-11
2019-09-22, 15:12:55, 8.13e-13, 9.11e-11
2019-09-22, 15:12:59, 9.89e-13, 9.13e-11
2019-09-22, 15:13:03, 9.35e-13, 9.11e-11
2019-09-22, 15:13:07, 9.76e-13, 9.12e-11
2019-09-22, 15:13:12, 9.9e-13, 9.14e-11
2019-09-22, 15:13:16, 9.5e-13, 9.14e-11
2019-09-22, 15:13:20, 9.48e-13, 9.11e-11
2019-09-22, 15:13:24, 9.68e-13, 9.09e-11
2019-09-22, 15:13:29, 9.5e-13, 9.09e-11
2019-09-22, 15:13:33, 9.55e-13, 9.11e-11
2019-09-22, 15:13:37, 1e-12, 9.07e-11
2019-09-22, 15:13:41, 9.42e-13, 9.09e-11
2019-09-22, 15:13:45, 9.97e-13, 9.09e-11
2019-09-22, 15:13:50, 9.16e-13, 9.11e-11
2019-09-22, 15:13:54, 1.13e-12, 9.09e-11
2019-09-22, 15:13:58, 9.11e-13, 9.1e-11
2019-09-22, 15:14:02, 9.92e-13, 9.08e-11
2019-09-22, 15:14:07, 9.19e-13, 9.1e-11
2019-09-22, 15:14:11, 9.28e-13, 9.13e-11
2019-09-22, 15:14:15, 9.26e-13, 9.11e-11
2019-09-22, 15:14:19, 8.86e-13, 9.12e-11
2019-09-22, 15:14:23, 9.51e-13, 9.13e-11
2019-09-22, 15:14:28, 9.52e-13, 9.1e-11
2019-09-22, 15:14:32, 9.69e-13, 9.14e-11
2019-09-22, 15:14:36, 9.86e-13, 9.13e-11
2019-09-22, 15:14:40, 8.7e-13, 9.1e-11
2019-09-22, 15:14:44, 9.52e-13, 9.17e-11
2019-09-22, 15:14:49, 1.05e-12, 9.08e-11
2019-09-22, 15:14:53, 1e-12, 9.11e-11
2019-09-22, 15:14:57, 9.95e-13, 9.08e-11
2019-09-22, 15:15:01, 8.92e-13, 9.11e-11
2019-09-22, 15:15:06, 8.93e-13, 9.08e-11
2019-09-22, 15:15:10, 1.05e-12, 9.08e-11
2019-09-22, 15:15:14, 9.91e-13, 9.14e-11
2019-09-22, 15:15:18, 9.01e-13, 9.08e-11
2019-09-22, 15:15:22, 9.84e-13, 9.14e-11
2019-09-22, 15:15:27, 9.71e-13, 9.07e-11
2019-09-22, 15:15:31, 9.75e-13, 9.09e-11
2019-09-22, 15:15:35, 8.06e-13, 9.11e-11
2019-09-22, 15:15:39, 9.78e-13, 9.12e-11
2019-09-22, 15:15:44, 9.48e-13, 9.1e-11
2019-09-22, 15:15:48, 9.07e-13, 9.09e-11
2019-09-22, 15:15:52, 9.78e-13, 9.12e-11
2019-09-22, 15:15:56, 9.79e-13, 9.09e-11
2019-09-22, 15:16:00, 1.05e-12, 9.09e-11
2019-09-22, 15:16:05, 1.01e-12, 9.12e-11
2019-09-22, 15:16:09, 9.44e-13, 9.1e-11
2019-09-22, 15:16:13, 9.57e-13, 9.12e-11
2019-09-22, 15:16:17, 1.09e-12, 9.12e-11
2019-09-22, 15:16:22, 9.54e-13, 9.11e-11
2019-09-22, 15:16:26, 9.64e-13, 9.14e-11
2019-09-22, 15:16:30, 9.85e-13, 9.08e-11
2019-09-22, 15:16:34, 8.9e-13, 9.08e-11
2019-09-22, 15:16:38, 1.01e-12, 9.09e-11
2019-09-22, 15:16:43, 9.88e-13, 9.11e-11
2019-09-22, 15:16:47, 9.61e-13, 9.11e-11
2019-09-22, 15:16:51, 9.49e-13, 9.07e-11
2019-09-22, 15:16:55, 9.53e-13, 9.05e-11
2019-09-22, 15:17:00, 9.87e-13, 9.09e-11
2019-09-22, 15:17:04, 8.98e-13, 9.12e-11
2019-09-22, 15:17:08, 9.55e-13, 9.07e-11
2019-09-22, 15:17:12, 9.23e-13, 9.13e-11
2019-09-22, 15:17:16, 1.06e-12, 9.15e-11
2019-09-22, 15:17:21, 9.89e-13, 9.13e-11
2019-09-22, 15:17:25, 9.92e-13, 9.08e-11
2019-09-22, 15:17:29, 9.82e-13, 9.07e-11
2019-09-22, 15:17:33, 9.31e-13, 9.06e-11
2019-09-22, 15:17:38, 9.59e-13, 9.08e-11
2019-09-22, 15:17:42, 9.94e-13, 9.09e-11
2019-09-22, 15:17:46, 9.52e-13, 9.08e-11
2019-09-22, 15:17:50, 1.02e-12, 9.08e-11
2019-09-22, 15:17:54, 9.31e-13, 9.07e-11
2019-09-22, 15:17:59, 9.47e-13, 9.08e-11
2019-09-22, 15:18:03, 9.38e-13, 9.05e-11
2019-09-22, 15:18:07, 1.06e-12, 9.1e-11
2019-09-22, 15:18:11, 9.27e-13, 9.08e-11
2019-09-22, 15:18:15, 1.07e-12, 9.09e-11
2019-09-22, 15:18:20, 9.46e-13, 9.08e-11
2019-09-22, 15:18:24, 8.5e-13, 9.15e-11
2019-09-22, 15:18:28, 1.06e-12, 9.05e-11
2019-09-22, 15:18:32, 9.34e-13, 9.08e-11
2019-09-22, 15:18:37, 9.42e-13, 9.06e-11
2019-09-22, 15:18:41, 9.13e-13, 9.1e-11
2019-09-22, 15:18:45, 9.66e-13, 9.09e-11
2019-09-22, 15:18:49, 9.37e-13, 9.1e-11
2019-09-22, 15:18:53, 9.45e-13, 9.13e-11
2019-09-22, 15:18:58, 9.56e-13, 9.09e-11
2019-09-22, 15:19:02, 9.68e-13, 9.12e-11
2019-09-22, 15:19:06, 9.19e-13, 9.1e-11
2019-09-22, 15:19:10, 9.44e-13, 9.12e-11
2019-09-22, 15:19:15, 9.84e-13, 9.09e-11
2019-09-22, 15:19:19, 9.65e-13, 9.09e-11
2019-09-22, 15:19:23, 9.72e-13, 9.15e-11
2019-09-22, 15:19:27, 1e-12, 9.1e-11
2019-09-22, 15:19:31, 1.02e-12, 9.13e-11
2019-09-22, 15:19:36, 1.05e-12, 9.09e-11
2019-09-22, 15:19:40, 8.51e-13, 9.13e-11
2019-09-22, 15:19:44, 1.04e-12, 9.06e-11
2019-09-22, 15:19:48, 9.95e-13, 9.09e-11
2019-09-22, 15:19:53, 1.15e-12, 9.04e-11
2019-09-22, 15:19:57, 9.4e-13, 9.08e-11
2019-09-22, 15:20:01, 9.34e-13, 9.09e-11
2019-09-22, 15:20:05, 9.5e-13, 9.08e-11
2019-09-22, 15:20:09, 1.11e-12, 9.09e-11
2019-09-22, 15:20:14, 9.86e-13, 9.07e-11
2019-09-22, 15:20:18, 1e-12, 9.05e-11
2019-09-22, 15:20:22, 9.63e-13, 9.09e-11
2019-09-22, 15:20:26, 9.36e-13, 9.07e-11
2019-09-22, 15:20:31, 9.38e-13, 9.05e-11
2019-09-22, 15:20:35, 9.23e-13, 9.08e-11
2019-09-22, 15:20:39, 9.48e-13, 9.08e-11
2019-09-22, 15:20:43, 9.01e-13, 9.11e-11
2019-09-22, 15:20:47, 9.26e-13, 9.09e-11
2019-09-22, 15:20:52, 9.72e-13, 9.1e-11
2019-09-22, 15:20:56, 9.78e-13, 9.12e-11
2019-09-22, 15:21:00, 9.69e-13, 9.11e-11
2019-09-22, 15:21:04, 9.46e-13, 9.08e-11
2019-09-22, 15:21:09, 9.73e-13, 9.1e-11
2019-09-22, 15:21:13, 9.02e-13, 9.09e-11
2019-09-22, 15:21:17, 9.42e-13, 9.1e-11
2019-09-22, 15:21:21, 9.62e-13, 9.14e-11
2019-09-22, 15:21:25, 9.6e-13, 9.16e-11
2019-09-22, 15:21:30, 9.29e-13, 9.13e-11
2019-09-22, 15:21:34, 9.4e-13, 9.14e-11
2019-09-22, 15:21:38, 1.07e-12, 9.13e-11
2019-09-22, 15:21:42, 9.71e-13, 9.07e-11
2019-09-22, 15:21:46, 1.06e-12, 9.1e-11
2019-09-22, 15:21:51, 1.04e-12, 9.07e-11
2019-09-22, 15:21:55, 9.38e-13, 9.08e-11
2019-09-22, 15:21:59, 9.65e-13, 9.13e-11
2019-09-22, 15:22:03, 9.44e-13, 9.13e-11
2019-09-22, 15:22:08, 9.37e-13, 9.13e-11
2019-09-22, 15:22:12, 1.03e-12, 9.06e-11
2019-09-22, 15:22:16, 9.44e-13, 9.05e-11
2019-09-22, 15:22:20, 9.63e-13, 9.11e-11
2019-09-22, 15:22:24, 9.17e-13, 9.07e-11
2019-09-22, 15:22:29, 8.57e-13, 9.07e-11
2019-09-22, 15:22:33, 1.02e-12, 9.12e-11
2019-09-22, 15:22:37, 9.57e-13, 9.05e-11
2019-09-22, 15:22:41, 9.51e-13, 9.13e-11
2019-09-22, 15:22:46, 9.51e-13, 9.08e-11
2019-09-22, 15:22:50, 9.34e-13, 9.03e-11
2019-09-22, 15:22:54, 9.95e-13, 9.08e-11
2019-09-22, 15:22:58, 9.52e-13, 9.09e-11
2019-09-22, 15:23:02, 9.78e-13, 9.1e-11
2019-09-22, 15:23:07, 1.07e-12, 9.11e-11
2019-09-22, 15:23:11, 9.44e-13, 9.13e-11
2019-09-22, 15:23:15, 9.63e-13, 9.08e-11
2019-09-22, 15:23:19, 9.87e-13, 9.12e-11
2019-09-22, 15:23:24, 9.96e-13, 9.1e-11
2019-09-22, 15:23:28, 8.59e-13, 9.11e-11
2019-09-22, 15:23:32, 8.86e-13, 9.13e-11
2019-09-22, 15:23:36, 9.19e-13, 9.14e-11
2019-09-22, 15:23:40, 9.66e-13, 9.14e-11
2019-09-22, 15:23:45, 9.37e-13, 9.14e-11
2019-09-22, 15:23:49, 9.8e-13, 9.12e-11
2019-09-22, 15:23:53, 9.67e-13, 9.14e-11
2019-09-22, 15:23:57, 9.82e-13, 9.1e-11
2019-09-22, 15:24:02, 8.59e-13, 9.13e-11
2019-09-22, 15:24:06, 9.01e-13, 9.2e-11
2019-09-22, 15:24:10, 9.76e-13, 9.13e-11
2019-09-22, 15:24:14, 9.08e-13, 9.16e-11
2019-09-22, 15:24:18, 9.34e-13, 9.14e-11
2019-09-22, 15:24:23, 9.64e-13, 9.14e-11
2019-09-22, 15:24:27, 9.49e-13, 9.18e-11
2019-09-22, 15:24:31, 9.73e-13, 9.1e-11
2019-09-22, 15:24:35, 1.03e-12, 9.17e-11
2019-09-22, 15:24:40, 8.97e-13, 9.13e-11
2019-09-22, 15:24:44, 9.29e-13, 9.07e-11
2019-09-22, 15:24:48, 9.18e-13, 9.06e-11
2019-09-22, 15:24:52, 9.82e-13, 9.09e-11
2019-09-22, 15:24:56, 1.1e-12, 9.11e-11
2019-09-22, 15:25:01, 9.62e-13, 9.12e-11
2019-09-22, 15:25:05, 9.61e-13, 9.12e-11
2019-09-22, 15:25:09, 9.53e-13, 9.1e-11
2019-09-22, 15:25:13, 9.59e-13, 9.12e-11
2019-09-22, 15:25:18, 9.48e-13, 9.08e-11
2019-09-22, 15:25:22, 9.7e-13, 9.15e-11
2019-09-22, 15:25:26, 1.07e-12, 9.11e-11
2019-09-22, 15:25:30, 9.58e-13, 9.13e-11
2019-09-22, 15:25:34, 1.05e-12, 9.14e-11
2019-09-22, 15:25:39, 9.87e-13, 9.14e-11
2019-09-22, 15:25:43, 9.19e-13, 9.11e-11
2019-09-22, 15:25:47, 8.59e-13, 9.12e-11
2019-09-22, 15:25:51, 8.86e-13, 9.14e-11
2019-09-22, 15:25:55, 9.91e-13, 9.09e-11
2019-09-22, 15:26:00, 9.31e-13, 9.06e-11
2019-09-22, 15:26:04, 1.04e-12, 9.1e-11
2019-09-22, 15:26:08, 9.54e-13, 9.13e-11
2019-09-22, 15:26:12, 9.89e-13, 9.15e-11
2019-09-22, 15:26:17, 9.89e-13, 9.15e-11
2019-09-22, 15:26:21, 9.35e-13, 9.13e-11
2019-09-22, 15:26:25, 9.41e-13, 9.13e-11
2019-09-22, 15:26:29, 9.4e-13, 9.17e-11
2019-09-22, 15:26:33, 9.34e-13, 9.1e-11
2019-09-22, 15:26:38, 8.41e-13, 9.16e-11
2019-09-22, 15:26:42, 9.32e-13, 9.15e-11
2019-09-22, 15:26:46, 9.81e-13, 9.17e-11
2019-09-22, 15:26:50, 9.38e-13, 9.14e-11
2019-09-22, 15:26:55, 1.01e-12, 9.15e-11
2019-09-22, 15:26:59, 9.5e-13, 9.16e-11
2019-09-22, 15:27:03, 8.59e-13, 9.15e-11
2019-09-22, 15:27:07, 9.42e-13, 9.14e-11
2019-09-22, 15:27:11, 1.01e-12, 9.13e-11
2019-09-22, 15:27:16, 8.97e-13, 9.12e-11
2019-09-22, 15:27:20, 1.04e-12, 9.1e-11
2019-09-22, 15:27:24, 1.01e-12, 9.09e-11
2019-09-22, 15:27:28, 9.42e-13, 9.11e-11
2019-09-22, 15:27:33, 9.15e-13, 9.1e-11
2019-09-22, 15:27:37, 9.15e-13, 9.14e-11
2019-09-22, 15:27:41, 1.12e-12, 9.16e-11
2019-09-22, 15:27:45, 9.36e-13, 9.12e-11
2019-09-22, 15:27:49, 1.01e-12, 9.13e-11
2019-09-22, 15:27:54, 8.91e-13, 9.14e-11
2019-09-22, 15:27:58, 9.58e-13, 9.12e-11
2019-09-22, 15:28:02, 9.58e-13, 9.13e-11
2019-09-22, 15:28:06, 9.61e-13, 9.16e-11
2019-09-22, 15:28:11, 9.59e-13, 9.14e-11
2019-09-22, 15:28:15, 9.35e-13, 9.14e-11
2019-09-22, 15:28:19, 9.59e-13, 9.14e-11
2019-09-22, 15:28:23, 9.62e-13, 9.13e-11
2019-09-22, 15:28:27, 9.37e-13, 9.17e-11
2019-09-22, 15:28:32, 8.85e-13, 9.12e-11
2019-09-22, 15:28:36, 9.75e-13, 9.16e-11
2019-09-22, 15:28:40, 1.03e-12, 9.15e-11
2019-09-22, 15:28:44, 9.55e-13, 9.16e-11
2019-09-22, 15:28:49, 9.33e-13, 9.14e-11
2019-09-22, 15:28:53, 9.65e-13, 9.15e-11
2019-09-22, 15:28:57, 9.9e-13, 9.16e-11
2019-09-22, 15:29:01, 1.03e-12, 9.14e-11
2019-09-22, 15:29:05, 9.48e-13, 9.14e-11
2019-09-22, 15:29:10, 9.67e-13, 9.14e-11
2019-09-22, 15:29:14, 9.96e-13, 9.16e-11
2019-09-22, 15:29:18, 9.48e-13, 9.16e-11
2019-09-22, 15:29:22, 8.79e-13, 9.13e-11
2019-09-22, 15:29:27, 9.36e-13, 9.09e-11
2019-09-22, 15:29:31, 9.59e-13, 9.12e-11
2019-09-22, 15:29:35, 9.8e-13, 9.13e-11
2019-09-22, 15:29:39, 9.41e-13, 9.13e-11
2019-09-22, 15:29:43, 9.74e-13, 9.12e-11
2019-09-22, 15:29:48, 1.07e-12, 9.1e-11
2019-09-22, 15:29:52, 9.69e-13, 9.1e-11
2019-09-22, 15:29:56, 9.96e-13, 9.1e-11
2019-09-22, 15:30:00, 9.34e-13, 9.12e-11
2019-09-22, 15:30:05, 8.37e-13, 9.16e-11
2019-09-22, 15:30:09, 9.25e-13, 9.11e-11
2019-09-22, 15:30:13, 1e-12, 9.14e-11
2019-09-22, 15:30:17, 9.66e-13, 9.08e-11
2019-09-22, 15:30:21, 9.73e-13, 9.12e-11
2019-09-22, 15:30:26, 9.77e-13, 9.14e-11
2019-09-22, 15:30:30, 8.77e-13, 9.13e-11
2019-09-22, 15:30:34, 9.88e-13, 9.12e-11
2019-09-22, 15:30:38, 9.53e-13, 9.11e-11
2019-09-22, 15:30:43, 7.82e-13, 9.09e-11
2019-09-22, 15:30:47, 9.02e-13, 9.08e-11
2019-09-22, 15:30:51, 9.49e-13, 9.14e-11
2019-09-22, 15:30:55, 9.77e-13, 9.14e-11
2019-09-22, 15:31:00, 9.6e-13, 9.14e-11
2019-09-22, 15:31:04, 9.25e-13, 9.13e-11
2019-09-22, 15:31:08, 9.43e-13, 9.14e-11
2019-09-22, 15:31:12, 9.22e-13, 9.13e-11
2019-09-22, 15:31:16, 9.41e-13, 9.16e-11
2019-09-22, 15:31:21, 1.01e-12, 9.13e-11
2019-09-22, 15:31:25, 9.66e-13, 9.12e-11
2019-09-22, 15:31:29, 9.86e-13, 9.12e-11
2019-09-22, 15:31:33, 9.7e-13, 9.13e-11
2019-09-22, 15:31:38, 9.46e-13, 9.13e-11
2019-09-22, 15:31:42, 1.01e-12, 9.15e-11
2019-09-22, 15:31:46, 9.6e-13, 9.11e-11
2019-09-22, 15:31:50, 9.42e-13, 9.12e-11
2019-09-22, 15:31:54, 1.07e-12, 9.15e-11
2019-09-22, 15:31:59, 9.43e-13, 9.1e-11
2019-09-22, 15:32:03, 1.01e-12, 9.14e-11
2019-09-22, 15:32:07, 9.22e-13, 9.16e-11
2019-09-22, 15:32:11, 9.41e-13, 9.11e-11
2019-09-22, 15:32:15, 9.24e-13, 9.16e-11
2019-09-22, 15:32:20, 9.19e-13, 9.1e-11
2019-09-22, 15:32:24, 9.42e-13, 9.09e-11
2019-09-22, 15:32:28, 9.25e-13, 9.11e-11
2019-09-22, 15:32:32, 9.35e-13, 9.07e-11
2019-09-22, 15:32:37, 1.03e-12, 9.15e-11
2019-09-22, 15:32:41, 9.92e-13, 9.13e-11
2019-09-22, 15:32:45, 9.24e-13, 9.1e-11
2019-09-22, 15:32:49, 9.3e-13, 9.15e-11
2019-09-22, 15:32:53, 8.47e-13, 9.11e-11
2019-09-22, 15:32:58, 9.85e-13, 9.11e-11
2019-09-22, 15:33:02, 1.01e-12, 9.13e-11
2019-09-22, 15:33:06, 9.38e-13, 9.09e-11
2019-09-22, 15:33:10, 1.02e-12, 9.17e-11
2019-09-22, 15:33:15, 9.51e-13, 9.13e-11
2019-09-22, 15:33:19, 9.99e-13, 9.07e-11
2019-09-22, 15:33:23, 9.52e-13, 9.13e-11
2019-09-22, 15:33:27, 9.51e-13, 9.14e-11
2019-09-22, 15:33:31, 9.09e-13, 9.11e-11
2019-09-22, 15:33:36, 9.21e-13, 9.14e-11
2019-09-22, 15:33:40, 9.9e-13, 9.13e-11
2019-09-22, 15:33:44, 9.37e-13, 9.17e-11
2019-09-22, 15:33:48, 8.55e-13, 9.18e-11
2019-09-22, 15:33:53, 1.01e-12, 9.15e-11
2019-09-22, 15:33:57, 9.1e-13, 9.11e-11
2019-09-22, 15:34:01, 9.78e-13, 9.13e-11
2019-09-22, 15:34:05, 9.58e-13, 9.12e-11
2019-09-22, 15:34:09, 9.4e-13, 9.1e-11
2019-09-22, 15:34:14, 9.94e-13, 9.14e-11
2019-09-22, 15:34:18, 1.01e-12, 9.1e-11
2019-09-22, 15:34:22, 9.55e-13, 9.11e-11
2019-09-22, 15:34:26, 9.27e-13, 9.15e-11
2019-09-22, 15:34:31, 8.23e-13, 9.12e-11
2019-09-22, 15:34:35, 9.44e-13, 9.11e-11
2019-09-22, 15:34:39, 1.07e-12, 9.15e-11
2019-09-22, 15:34:43, 9.04e-13, 9.11e-11
2019-09-22, 15:34:47, 9.62e-13, 9.15e-11
2019-09-22, 15:34:52, 8.44e-13, 9.12e-11
2019-09-22, 15:34:56, 9.76e-13, 9.12e-11
2019-09-22, 15:35:00, 1.03e-12, 9.15e-11
2019-09-22, 15:35:04, 9.34e-13, 9.12e-11
2019-09-22, 15:35:09, 9.41e-13, 9.14e-11
2019-09-22, 15:35:13, 9e-13, 9.13e-11
2019-09-22, 15:35:17, 9.99e-13, 9.13e-11
2019-09-22, 15:35:21, 9.71e-13, 9.13e-11
2019-09-22, 15:35:25, 9.78e-13, 9.14e-11
2019-09-22, 15:35:30, 8.94e-13, 9.16e-11
2019-09-22, 15:35:34, 9.43e-13, 9.09e-11
2019-09-22, 15:35:38, 9.48e-13, 9.1e-11
2019-09-22, 15:35:42, 9.55e-13, 9.12e-11
2019-09-22, 15:35:47, 9.54e-13, 9.08e-11
2019-09-22, 15:35:51, 9.41e-13, 9.21e-11
2019-09-22, 15:35:55, 9.49e-13, 9.14e-11
2019-09-22, 15:35:59, 1e-12, 9.13e-11
2019-09-22, 15:36:03, 8.77e-13, 9.14e-11
2019-09-22, 15:36:08, 9.8e-13, 9.14e-11
2019-09-22, 15:36:12, 9.32e-13, 9.14e-11
2019-09-22, 15:36:16, 9.8e-13, 9.14e-11
2019-09-22, 15:36:20, 8.91e-13, 9.14e-11
2019-09-22, 15:36:24, 9.14e-13, 9.16e-11
2019-09-22, 15:36:29, 1.01e-12, 9.14e-11
2019-09-22, 15:36:33, 1.11e-12, 9.15e-11
2019-09-22, 15:36:37, 9.84e-13, 9.15e-11
2019-09-22, 15:36:41, 9.74e-13, 9.12e-11
2019-09-22, 15:36:46, 9.82e-13, 9.18e-11
2019-09-22, 15:36:50, 9.34e-13, 9.14e-11
2019-09-22, 15:36:54, 9.81e-13, 9.18e-11
2019-09-22, 15:36:58, 1.02e-12, 9.13e-11
2019-09-22, 15:37:02, 9.41e-13, 9.16e-11
2019-09-22, 15:37:07, 9.51e-13, 9.14e-11
2019-09-22, 15:37:11, 9.74e-13, 9.14e-11
2019-09-22, 15:37:15, 9.55e-13, 9.14e-11
2019-09-22, 15:37:19, 9.44e-13, 9.14e-11
2019-09-22, 15:37:24, 9.21e-13, 9.17e-11
2019-09-22, 15:37:28, 1.01e-12, 9.1e-11
2019-09-22, 15:37:32, 9.61e-13, 9.17e-11
2019-09-22, 15:37:36, 9.78e-13, 9.15e-11
2019-09-22, 15:37:40, 9.52e-13, 9.12e-11
2019-09-22, 15:37:45, 7.97e-13, 9.13e-11
2019-09-22, 15:37:49, 9.48e-13, 9.13e-11
2019-09-22, 15:37:53, 9.33e-13, 9.15e-11
2019-09-22, 15:37:57, 9.78e-13, 9.13e-11
2019-09-22, 15:38:02, 9.88e-13, 9.18e-11
2019-09-22, 15:38:06, 9.07e-13, 9.14e-11
2019-09-22, 15:38:10, 9.95e-13, 9.14e-11
2019-09-22, 15:38:14, 9.66e-13, 9.14e-11
2019-09-22, 15:38:18, 8.56e-13, 9.11e-11
2019-09-22, 15:38:23, 9.08e-13, 9.15e-11
2019-09-22, 15:38:27, 9.33e-13, 9.18e-11
2019-09-22, 15:38:31, 8.9e-13, 9.17e-11
2019-09-22, 15:38:35, 9.71e-13, 9.13e-11
2019-09-22, 15:38:40, 9.77e-13, 9.19e-11
2019-09-22, 15:38:44, 9.62e-13, 9.17e-11
2019-09-22, 15:38:48, 9.64e-13, 9.13e-11
2019-09-22, 15:38:52, 9.47e-13, 9.14e-11
2019-09-22, 15:38:56, 9.4e-13, 9.16e-11
2019-09-22, 15:39:01, 9.23e-13, 9.13e-11
2019-09-22, 15:39:05, 9.29e-13, 9.22e-11
2019-09-22, 15:39:09, 1.06e-12, 9.14e-11
2019-09-22, 15:39:13, 1.01e-12, 9.17e-11
2019-09-22, 15:39:18, 9.53e-13, 9.12e-11
2019-09-22, 15:39:22, 9.81e-13, 9.14e-11
2019-09-22, 15:39:26, 9.57e-13, 9.17e-11
2019-09-22, 15:39:30, 1.09e-12, 9.16e-11
2019-09-22, 15:39:34, 1.03e-12, 9.14e-11
2019-09-22, 15:39:39, 9.43e-13, 9.16e-11
2019-09-22, 15:39:43, 9.89e-13, 9.17e-11
2019-09-22, 15:39:47, 9.51e-13, 9.15e-11
2019-09-22, 15:39:51, 9.39e-13, 9.17e-11
2019-09-22, 15:39:56, 1.01e-12, 9.16e-11
2019-09-22, 15:40:00, 9.51e-13, 9.18e-11
2019-09-22, 15:40:04, 9.26e-13, 9.17e-11
2019-09-22, 15:40:08, 1.12e-12, 9.19e-11
2019-09-22, 15:40:12, 9.92e-13, 9.14e-11
2019-09-22, 15:40:17, 9.33e-13, 9.17e-11
2019-09-22, 15:40:21, 1e-12, 9.13e-11
2019-09-22, 15:40:25, 9.66e-13, 9.16e-11
2019-09-22, 15:40:29, 9.14e-13, 9.17e-11
2019-09-22, 15:40:33, 1.02e-12, 9.14e-11
2019-09-22, 15:40:38, 9.55e-13, 9.17e-11
2019-09-22, 15:40:42, 9.42e-13, 9.14e-11
2019-09-22, 15:40:46, 9.55e-13, 9.16e-11
2019-09-22, 15:40:50, 9.31e-13, 9.17e-11
2019-09-22, 15:40:55, 9.92e-13, 9.13e-11
2019-09-22, 15:40:59, 9.51e-13, 9.15e-11
2019-09-22, 15:41:03, 9.99e-13, 9.17e-11
2019-09-22, 15:41:07, 9.53e-13, 9.14e-11
2019-09-22, 15:41:11, 9.86e-13, 9.15e-11
2019-09-22, 15:41:16, 9.97e-13, 9.13e-11
2019-09-22, 15:41:20, 9.43e-13, 9.13e-11
2019-09-22, 15:41:24, 9.87e-13, 9.11e-11
2019-09-22, 15:41:28, 8.87e-13, 9.12e-11
2019-09-22, 15:41:33, 9.64e-13, 9.13e-11
2019-09-22, 15:41:37, 9.1e-13, 9.11e-11
2019-09-22, 15:41:41, 9.88e-13, 9.16e-11
2019-09-22, 15:41:45, 1.07e-12, 9.13e-11
2019-09-22, 15:41:49, 9.8e-13, 9.15e-11
2019-09-22, 15:41:54, 1.02e-12, 9.13e-11
2019-09-22, 15:41:58, 1.05e-12, 9.14e-11
2019-09-22, 15:42:02, 1.02e-12, 9.12e-11
2019-09-22, 15:42:06, 1.01e-12, 9.08e-11
2019-09-22, 15:42:11, 1.01e-12, 9.09e-11
2019-09-22, 15:42:15, 8.78e-13, 9.11e-11
2019-09-22, 15:42:19, 9.13e-13, 9.11e-11
2019-09-22, 15:42:23, 9.34e-13, 9.13e-11
2019-09-22, 15:42:27, 1.02e-12, 9.11e-11
2019-09-22, 15:42:32, 9.68e-13, 9.1e-11
2019-09-22, 15:42:36, 8.88e-13, 9.12e-11
2019-09-22, 15:42:40, 8.97e-13, 9.11e-11
2019-09-22, 15:42:44, 9.18e-13, 9.13e-11
2019-09-22, 15:42:49, 9.51e-13, 9.18e-11
2019-09-22, 15:42:53, 1e-12, 9.16e-11
2019-09-22, 15:42:57, 9.07e-13, 9.15e-11
2019-09-22, 15:43:01, 1e-12, 9.15e-11
2019-09-22, 15:43:05, 9.71e-13, 9.11e-11
2019-09-22, 15:43:10, 9.55e-13, 9.12e-11
2019-09-22, 15:43:14, 9.6e-13, 9.12e-11
2019-09-22, 15:43:18, 1.07e-12, 9.11e-11
2019-09-22, 15:43:22, 1.02e-12, 9.12e-11
2019-09-22, 15:43:27, 9.95e-13, 9.16e-11
2019-09-22, 15:43:31, 1.01e-12, 9.14e-11
2019-09-22, 15:43:35, 9.63e-13, 9.09e-11
2019-09-22, 15:43:39, 8.91e-13, 9.17e-11
2019-09-22, 15:43:43, 9.49e-13, 9.1e-11
2019-09-22, 15:43:48, 9.64e-13, 9.13e-11
2019-09-22, 15:43:52, 9.2e-13, 9.1e-11
2019-09-22, 15:43:56, 9.77e-13, 9.18e-11
2019-09-22, 15:44:00, 9.4e-13, 9.14e-11
2019-09-22, 15:44:05, 9.4e-13, 9.13e-11
2019-09-22, 15:44:09, 9.7e-13, 9.13e-11
2019-09-22, 15:44:13, 9.69e-13, 9.12e-11
2019-09-22, 15:44:17, 9.84e-13, 9.12e-11
2019-09-22, 15:44:21, 9.54e-13, 9.13e-11
2019-09-22, 15:44:26, 9.84e-13, 9.12e-11
2019-09-22, 15:44:30, 9.73e-13, 9.15e-11
2019-09-22, 15:44:34, 9.62e-13, 9.14e-11
2019-09-22, 15:44:38, 9.61e-13, 9.18e-11
2019-09-22, 15:44:43, 9.61e-13, 9.12e-11
2019-09-22, 15:44:47, 9.5e-13, 9.1e-11
2019-09-22, 15:44:51, 9.15e-13, 9.13e-11
2019-09-22, 15:44:55, 9.64e-13, 9.07e-11
2019-09-22, 15:44:59, 9.29e-13, 9.14e-11
2019-09-22, 15:45:04, 1.01e-12, 9.14e-11
2019-09-22, 15:45:08, 9.77e-13, 9.08e-11
2019-09-22, 15:45:12, 9.54e-13, 9.1e-11
2019-09-22, 15:45:16, 1.01e-12, 9.08e-11
2019-09-22, 15:45:20, 1.01e-12, 9.09e-11
2019-09-22, 15:45:25, 9.87e-13, 9.13e-11
2019-09-22, 15:45:29, 9.65e-13, 9.11e-11
2019-09-22, 15:45:33, 9.8e-13, 9.13e-11
2019-09-22, 15:45:37, 9.64e-13, 9.1e-11
2019-09-22, 15:45:42, 9.68e-13, 9.16e-11
2019-09-22, 15:45:46, 9.15e-13, 9.14e-11
2019-09-22, 15:45:50, 9.84e-13, 9.12e-11
2019-09-22, 15:45:54, 9.88e-13, 9.13e-11
2019-09-22, 15:45:58, 9.3e-13, 9.1e-11
2019-09-22, 15:46:03, 9.82e-13, 9.12e-11
2019-09-22, 15:46:07, 9.62e-13, 9.15e-11
2019-09-22, 15:46:11, 8.41e-13, 9.14e-11
2019-09-22, 15:46:15, 9.77e-13, 9.1e-11
2019-09-22, 15:46:20, 9.62e-13, 9.16e-11
2019-09-22, 15:46:24, 1.02e-12, 9.12e-11
2019-09-22, 15:46:28, 9.61e-13, 9.13e-11
2019-09-22, 15:46:32, 9.43e-13, 9.12e-11
2019-09-22, 15:46:36, 9.75e-13, 9.19e-11
2019-09-22, 15:46:41, 9.36e-13, 9.12e-11
2019-09-22, 15:46:45, 9.08e-13, 9.12e-11
2019-09-22, 15:46:49, 9.54e-13, 9.12e-11
2019-09-22, 15:46:53, 9.91e-13, 9.12e-11
2019-09-22, 15:46:58, 9.55e-13, 9.13e-11
2019-09-22, 15:47:02, 9.26e-13, 9.14e-11
2019-09-22, 15:47:06, 9.17e-13, 9.14e-11
2019-09-22, 15:47:10, 9.82e-13, 9.12e-11
2019-09-22, 15:47:14, 9.11e-13, 9.2e-11
2019-09-22, 15:47:19, 1.06e-12, 9.11e-11
2019-09-22, 15:47:23, 9.62e-13, 9.08e-11
2019-09-22, 15:47:27, 8.64e-13, 9.08e-11
2019-09-22, 15:47:31, 1.01e-12, 9.09e-11
2019-09-22, 15:47:36, 9.81e-13, 9.1e-11
2019-09-22, 15:47:40, 9.83e-13, 9.12e-11
2019-09-22, 15:47:44, 9.79e-13, 9.15e-11
2019-09-22, 15:47:48, 9.82e-13, 9.15e-11
2019-09-22, 15:47:52, 9.4e-13, 9.16e-11
2019-09-22, 15:47:57, 9.46e-13, 9.13e-11
2019-09-22, 15:48:01, 1.04e-12, 9.15e-11
2019-09-22, 15:48:05, 9.16e-13, 9.14e-11
2019-09-22, 15:48:09, 1.06e-12, 9.17e-11
2019-09-22, 15:48:14, 9.39e-13, 9.15e-11
2019-09-22, 15:48:18, 9.37e-13, 9.14e-11
2019-09-22, 15:48:22, 9.62e-13, 9.16e-11
2019-09-22, 15:48:26, 9.89e-13, 9.16e-11
2019-09-22, 15:48:30, 9.22e-13, 9.16e-11
2019-09-22, 15:48:35, 9.6e-13, 9.15e-11
2019-09-22, 15:48:39, 8.84e-13, 9.17e-11
2019-09-22, 15:48:43, 9.66e-13, 9.15e-11
2019-09-22, 15:48:47, 1.05e-12, 9.17e-11
2019-09-22, 15:48:52, 8.45e-13, 9.15e-11
2019-09-22, 15:48:56, 9.47e-13, 9.15e-11
2019-09-22, 15:49:00, 9.17e-13, 9.19e-11
2019-09-22, 15:49:04, 9.18e-13, 9.14e-11
2019-09-22, 15:49:08, 9.47e-13, 9.14e-11
2019-09-22, 15:49:13, 9.5e-13, 9.16e-11
2019-09-22, 15:49:17, 9.83e-13, 9.15e-11
2019-09-22, 15:49:21, 9.48e-13, 9.19e-11
2019-09-22, 15:49:25, 9.51e-13, 9.11e-11
2019-09-22, 15:49:30, 9.01e-13, 9.09e-11
2019-09-22, 15:49:34, 9.41e-13, 9.15e-11
2019-09-22, 15:49:38, 9.97e-13, 9.13e-11
2019-09-22, 15:49:42, 9.84e-13, 9.13e-11
2019-09-22, 15:49:46, 9.54e-13, 9.17e-11
2019-09-22, 15:49:51, 9.19e-13, 9.14e-11
2019-09-22, 15:49:55, 9.7e-13, 9.14e-11
2019-09-22, 15:49:59, 9.51e-13, 9.13e-11
2019-09-22, 15:50:03, 9.65e-13, 9.12e-11
2019-09-22, 15:50:07, 9.31e-13, 9.15e-11
2019-09-22, 15:50:12, 9.48e-13, 9.13e-11
2019-09-22, 15:50:16, 9.48e-13, 9.15e-11
2019-09-22, 15:50:20, 9.54e-13, 9.14e-11
2019-09-22, 15:50:24, 9.82e-13, 9.12e-11
2019-09-22, 15:50:29, 9.88e-13, 9.17e-11
2019-09-22, 15:50:33, 9.35e-13, 9.14e-11
2019-09-22, 15:50:37, 8.82e-13, 9.15e-11
2019-09-22, 15:50:41, 9.53e-13, 9.18e-11
2019-09-22, 15:50:45, 9.78e-13, 9.18e-11
2019-09-22, 15:50:50, 9.6e-13, 9.16e-11
2019-09-22, 15:50:54, 9.09e-13, 9.15e-11
2019-09-22, 15:50:58, 9.58e-13, 9.16e-11
2019-09-22, 15:51:02, 8.97e-13, 9.17e-11
2019-09-22, 15:51:07, 9.58e-13, 9.16e-11
2019-09-22, 15:51:11, 9.1e-13, 9.17e-11
2019-09-22, 15:51:15, 1.02e-12, 9.17e-11
2019-09-22, 15:51:19, 9.75e-13, 9.17e-11
2019-09-22, 15:51:23, 9.28e-13, 9.17e-11
2019-09-22, 15:51:28, 9.47e-13, 9.16e-11
2019-09-22, 15:51:32, 1.01e-12, 9.17e-11
2019-09-22, 15:51:36, 9.8e-13, 9.16e-11
2019-09-22, 15:51:40, 9.96e-13, 9.15e-11
2019-09-22, 15:51:45, 9.3e-13, 9.15e-11
2019-09-22, 15:51:49, 8.99e-13, 9.15e-11
2019-09-22, 15:51:53, 9.39e-13, 9.13e-11
2019-09-22, 15:51:57, 9.68e-13, 9.22e-11
2019-09-22, 15:52:01, 1e-12, 9.15e-11
2019-09-22, 15:52:06, 9.69e-13, 9.16e-11
2019-09-22, 15:52:10, 9.39e-13, 9.17e-11
2019-09-22, 15:52:14, 9.77e-13, 9.2e-11
2019-09-22, 15:52:18, 9.76e-13, 9.18e-11
2019-09-22, 15:52:23, 9.67e-13, 9.18e-11
2019-09-22, 15:52:27, 9.01e-13, 9.2e-11
2019-09-22, 15:52:31, 9.46e-13, 9.2e-11
2019-09-22, 15:52:35, 9.41e-13, 9.16e-11
2019-09-22, 15:52:39, 9.76e-13, 9.18e-11
2019-09-22, 15:52:44, 9.87e-13, 9.23e-11
2019-09-22, 15:52:48, 9.93e-13, 9.18e-11
2019-09-22, 15:52:52, 8.9e-13, 9.17e-11
2019-09-22, 15:52:56, 9.98e-13, 9.17e-11
2019-09-22, 15:53:01, 9.75e-13, 9.17e-11
2019-09-22, 15:53:05, 9.26e-13, 9.16e-11
2019-09-22, 15:53:09, 9.77e-13, 9.19e-11
2019-09-22, 15:53:13, 9.73e-13, 9.19e-11
2019-09-22, 15:53:17, 9.65e-13, 9.16e-11
2019-09-22, 15:53:22, 1.03e-12, 9.15e-11
2019-09-22, 15:53:26, 9.71e-13, 9.18e-11
2019-09-22, 15:53:30, 9.46e-13, 9.16e-11
2019-09-22, 15:53:34, 1.04e-12, 9.15e-11
2019-09-22, 15:53:38, 9.18e-13, 9.13e-11
2019-09-22, 15:53:43, 9.8e-13, 9.16e-11
2019-09-22, 15:53:47, 9.58e-13, 9.16e-11
2019-09-22, 15:53:51, 9.55e-13, 9.15e-11
2019-09-22, 15:53:55, 9.81e-13, 9.17e-11
2019-09-22, 15:54:00, 9.52e-13, 9.14e-11
2019-09-22, 15:54:04, 9.56e-13, 9.15e-11
2019-09-22, 15:54:08, 9.72e-13, 9.14e-11
2019-09-22, 15:54:12, 9.56e-13, 9.18e-11
2019-09-22, 15:54:16, 9.63e-13, 9.14e-11
2019-09-22, 15:54:21, 9.3e-13, 9.13e-11
2019-09-22, 15:54:25, 1.03e-12, 9.18e-11
2019-09-22, 15:54:29, 1.02e-12, 9.17e-11
2019-09-22, 15:54:33, 8.51e-13, 9.18e-11
2019-09-22, 15:54:38, 9.91e-13, 9.13e-11
2019-09-22, 15:54:42, 9.21e-13, 9.14e-11
2019-09-22, 15:54:46, 9.58e-13, 9.17e-11
2019-09-22, 15:54:50, 9.46e-13, 9.16e-11
2019-09-22, 15:54:54, 1e-12, 9.13e-11
2019-09-22, 15:54:59, 9.87e-13, 9.15e-11
2019-09-22, 15:55:03, 9.21e-13, 9.19e-11
2019-09-22, 15:55:07, 9.76e-13, 9.22e-11
2019-09-22, 15:55:11, 9.59e-13, 9.17e-11
2019-09-22, 15:55:16, 9.83e-13, 9.14e-11
2019-09-22, 15:55:20, 9.01e-13, 9.14e-11
2019-09-22, 15:55:24, 9.41e-13, 9.14e-11
2019-09-22, 15:55:28, 1.04e-12, 9.22e-11
2019-09-22, 15:55:32, 9.85e-13, 9.22e-11
2019-09-22, 15:55:37, 9.28e-13, 9.22e-11
2019-09-22, 15:55:41, 9.42e-13, 9.2e-11
2019-09-22, 15:55:45, 9.81e-13, 9.17e-11
2019-09-22, 15:55:49, 9.55e-13, 9.2e-11
2019-09-22, 15:55:54, 9.61e-13, 9.17e-11
2019-09-22, 15:55:58, 9.52e-13, 9.18e-11
2019-09-22, 15:56:02, 9.69e-13, 9.2e-11
2019-09-22, 15:56:06, 9.57e-13, 9.18e-11
2019-09-22, 15:56:10, 8.99e-13, 9.15e-11
2019-09-22, 15:56:15, 9.33e-13, 9.17e-11
2019-09-22, 15:56:19, 1.03e-12, 9.17e-11
2019-09-22, 15:56:23, 9.38e-13, 9.17e-11
2019-09-22, 15:56:27, 8.95e-13, 9.19e-11
2019-09-22, 15:56:32, 9.6e-13, 9.15e-11
2019-09-22, 15:56:36, 8.73e-13, 9.12e-11
2019-09-22, 15:56:40, 9.02e-13, 9.16e-11
2019-09-22, 15:56:44, 7.94e-13, 9.19e-11
2019-09-22, 15:56:48, 9.21e-13, 9.22e-11
2019-09-22, 15:56:53, 9.77e-13, 9.2e-11
2019-09-22, 15:56:57, 9.84e-13, 9.15e-11
2019-09-22, 15:57:01, 8.98e-13, 9.14e-11
2019-09-22, 15:57:05, 9.48e-13, 9.13e-11
2019-09-22, 15:57:09, 1.04e-12, 9.14e-11
2019-09-22, 15:57:14, 9.52e-13, 9.18e-11
2019-09-22, 15:57:18, 9.16e-13, 9.16e-11
2019-09-22, 15:57:22, 9.8e-13, 9.16e-11
2019-09-22, 15:57:26, 9.61e-13, 9.14e-11
2019-09-22, 15:57:31, 9.05e-13, 9.19e-11
2019-09-22, 15:57:35, 8.33e-13, 9.18e-11
2019-09-22, 15:57:39, 9.76e-13, 9.13e-11
2019-09-22, 15:57:43, 9.96e-13, 9.13e-11
2019-09-22, 15:57:47, 9.13e-13, 9.16e-11
2019-09-22, 15:57:52, 9.84e-13, 9.18e-11
2019-09-22, 15:57:56, 9.9e-13, 9.15e-11
2019-09-22, 15:58:00, 9.58e-13, 9.15e-11
2019-09-22, 15:58:04, 9.82e-13, 9.17e-11
2019-09-22, 15:58:09, 9.34e-13, 9.13e-11
2019-09-22, 15:58:13, 8.91e-13, 9.13e-11
2019-09-22, 15:58:17, 9.63e-13, 9.14e-11
2019-09-22, 15:58:21, 9.52e-13, 9.14e-11
2019-09-22, 15:58:25, 9.99e-13, 9.17e-11
2019-09-22, 15:58:30, 9.84e-13, 9.17e-11
2019-09-22, 15:58:34, 9.43e-13, 9.18e-11
2019-09-22, 15:58:38, 9.97e-13, 9.17e-11
2019-09-22, 15:58:42, 9.01e-13, 9.16e-11
2019-09-22, 15:58:47, 9.83e-13, 9.17e-11
2019-09-22, 15:58:51, 9.17e-13, 9.18e-11
2019-09-22, 15:58:55, 1.02e-12, 9.17e-11
2019-09-22, 15:58:59, 9.46e-13, 9.16e-11
2019-09-22, 15:59:03, 9.54e-13, 9.13e-11
2019-09-22, 15:59:08, 9.13e-13, 9.15e-11
2019-09-22, 15:59:12, 1e-12, 9.15e-11
2019-09-22, 15:59:16, 9.91e-13, 9.13e-11
2019-09-22, 15:59:20, 1.03e-12, 9.18e-11
2019-09-22, 15:59:25, 9.89e-13, 9.18e-11
2019-09-22, 15:59:29, 9.45e-13, 9.18e-11
2019-09-22, 15:59:33, 1.04e-12, 9.15e-11
2019-09-22, 15:59:37, 9.45e-13, 9.18e-11
2019-09-22, 15:59:41, 9.94e-13, 9.14e-11
2019-09-22, 15:59:46, 1e-12, 9.17e-11
2019-09-22, 15:59:50, 1e-12, 9.14e-11
2019-09-22, 15:59:54, 9.27e-13, 9.16e-11
2019-09-22, 15:59:58, 9.84e-13, 9.15e-11
2019-09-22, 16:00:03, 9.34e-13, 9.18e-11
2019-09-22, 16:00:07, 9.29e-13, 9.16e-11
2019-09-22, 16:00:11, 9.8e-13, 9.16e-11
2019-09-22, 16:00:15, 9.03e-13, 9.16e-11
2019-09-22, 16:00:19, 9.93e-13, 9.15e-11
2019-09-22, 16:00:24, 9.22e-13, 9.15e-11
2019-09-22, 16:00:28, 1.03e-12, 9.17e-11
2019-09-22, 16:00:32, 9.85e-13, 9.18e-11
2019-09-22, 16:00:36, 8.76e-13, 9.19e-11
2019-09-22, 16:00:40, 9.46e-13, 9.15e-11
2019-09-22, 16:00:45, 9.21e-13, 9.14e-11
2019-09-22, 16:00:49, 1.02e-12, 9.15e-11
2019-09-22, 16:00:53, 9.68e-13, 9.18e-11
2019-09-22, 16:00:57, 9.87e-13, 9.15e-11
2019-09-22, 16:01:02, 1.04e-12, 9.15e-11
2019-09-22, 16:01:06, 9.24e-13, 9.15e-11
2019-09-22, 16:01:10, 9.3e-13, 9.14e-11
2019-09-22, 16:01:14, 9.51e-13, 9.18e-11
2019-09-22, 16:01:18, 9.57e-13, 9.14e-11
2019-09-22, 16:01:23, 9.42e-13, 9.19e-11
2019-09-22, 16:01:27, 9.78e-13, 9.21e-11
2019-09-22, 16:01:31, 9.58e-13, 9.18e-11
2019-09-22, 16:01:35, 9.56e-13, 9.16e-11
2019-09-22, 16:01:40, 9.87e-13, 9.17e-11
2019-09-22, 16:01:44, 1.09e-12, 9.19e-11
2019-09-22, 16:01:48, 1.02e-12, 9.17e-11
2019-09-22, 16:01:52, 9.97e-13, 9.16e-11
2019-09-22, 16:01:56, 9.69e-13, 9.14e-11
2019-09-22, 16:02:01, 9.73e-13, 9.15e-11
2019-09-22, 16:02:05, 9.6e-13, 9.19e-11
2019-09-22, 16:02:09, 1.04e-12, 9.2e-11
2019-09-22, 16:02:13, 9.39e-13, 9.17e-11
2019-09-22, 16:02:18, 9.33e-13, 9.17e-11
2019-09-22, 16:02:22, 9.37e-13, 9.2e-11
2019-09-22, 16:02:26, 9.85e-13, 9.2e-11
2019-09-22, 16:02:30, 9.54e-13, 9.17e-11
2019-09-22, 16:02:34, 8.37e-13, 9.15e-11
2019-09-22, 16:02:39, 9.45e-13, 9.16e-11
2019-09-22, 16:02:43, 9.79e-13, 9.16e-11
2019-09-22, 16:02:47, 9.83e-13, 9.22e-11
2019-09-22, 16:02:51, 1e-12, 9.15e-11
2019-09-22, 16:02:56, 9.8e-13, 9.17e-11
2019-09-22, 16:03:00, 1.02e-12, 9.16e-11
2019-09-22, 16:03:04, 9.22e-13, 9.15e-11
2019-09-22, 16:03:08, 1.01e-12, 9.17e-11
2019-09-22, 16:03:12, 9.87e-13, 9.14e-11
2019-09-22, 16:03:17, 1e-12, 9.13e-11
2019-09-22, 16:03:21, 1.05e-12, 9.17e-11
2019-09-22, 16:03:25, 9.2e-13, 9.18e-11
2019-09-22, 16:03:29, 9.51e-13, 9.11e-11
2019-09-22, 16:03:34, 9.73e-13, 9.16e-11
2019-09-22, 16:03:38, 1.01e-12, 9.14e-11
2019-09-22, 16:03:42, 9.14e-13, 9.14e-11
2019-09-22, 16:03:46, 9.63e-13, 9.16e-11
2019-09-22, 16:03:50, 1.03e-12, 9.14e-11
2019-09-22, 16:03:55, 9.47e-13, 9.22e-11
2019-09-22, 16:03:59, 1.03e-12, 9.16e-11
2019-09-22, 16:04:03, 9.06e-13, 9.16e-11
2019-09-22, 16:04:07, 1.03e-12, 9.22e-11
2019-09-22, 16:04:12, 1.01e-12, 9.19e-11
2019-09-22, 16:04:16, 1.02e-12, 9.15e-11
2019-09-22, 16:04:20, 9.72e-13, 9.15e-11
2019-09-22, 16:04:24, 1.11e-12, 9.16e-11
2019-09-22, 16:04:28, 9.81e-13, 9.17e-11
2019-09-22, 16:04:33, 9.51e-13, 9.13e-11
2019-09-22, 16:04:37, 9.5e-13, 9.12e-11
2019-09-22, 16:04:41, 1.06e-12, 9.13e-11
2019-09-22, 16:04:45, 9.2e-13, 9.18e-11
2019-09-22, 16:04:49, 9.56e-13, 9.18e-11
2019-09-22, 16:04:54, 9.44e-13, 9.17e-11
2019-09-22, 16:04:58, 9.28e-13, 9.18e-11
2019-09-22, 16:05:02, 9.95e-13, 9.14e-11
2019-09-22, 16:05:06, 1.06e-12, 9.2e-11
2019-09-22, 16:05:11, 1e-12, 9.12e-11
2019-09-22, 16:05:15, 9.89e-13, 9.13e-11
2019-09-22, 16:05:19, 9.3e-13, 9.16e-11
2019-09-22, 16:05:23, 9.78e-13, 9.17e-11
2019-09-22, 16:05:27, 1.25e-12, 9.15e-11
2019-09-22, 16:05:32, 1.03e-12, 9.14e-11
2019-09-22, 16:05:39, 9.68e-13, 9.16e-11
2019-09-22, 16:05:43, 1.01e-12, 9.16e-11
2019-09-22, 16:05:47, 1.01e-12, 9.17e-11
2019-09-22, 16:05:51, 1.01e-12, 9.16e-11
2019-09-22, 16:05:55, 1.14e-12, 9.18e-11
2019-09-22, 16:06:00, 9.83e-13, 9.18e-11
2019-09-22, 16:06:04, 9.35e-13, 9.16e-11
2019-09-22, 16:06:08, 9.52e-13, 9.15e-11
2019-09-22, 16:06:12, 9.7e-13, 9.16e-11
2019-09-22, 16:06:17, 1.02e-12, 9.18e-11
2019-09-22, 16:06:21, 9.95e-13, 9.14e-11
2019-09-22, 16:06:25, 8.78e-13, 9.16e-11
2019-09-22, 16:06:29, 9.39e-13, 9.15e-11
2019-09-22, 16:06:33, 9.57e-13, 9.13e-11
2019-09-22, 16:06:38, 1.02e-12, 9.15e-11
2019-09-22, 16:06:42, 9.94e-13, 9.16e-11
2019-09-22, 16:06:46, 8.56e-13, 9.16e-11
2019-09-22, 16:06:50, 1e-12, 9.15e-11
2019-09-22, 16:06:55, 9.58e-13, 9.18e-11
2019-09-22, 16:06:59, 1.08e-12, 9.17e-11
2019-09-22, 16:07:03, 9.32e-13, 9.18e-11
2019-09-22, 16:07:07, 8.85e-13, 9.19e-11
2019-09-22, 16:07:11, 9.7e-13, 9.18e-11
2019-09-22, 16:07:16, 9.42e-13, 9.12e-11
2019-09-22, 16:07:20, 9.3e-13, 9.13e-11
2019-09-22, 16:07:24, 9.67e-13, 9.13e-11
2019-09-22, 16:07:28, 9.58e-13, 9.11e-11
2019-09-22, 16:07:33, 8.81e-13, 9.15e-11
2019-09-22, 16:07:37, 9.89e-13, 9.15e-11
2019-09-22, 16:07:41, 9.68e-13, 9.16e-11
2019-09-22, 16:07:45, 9.8e-13, 9.17e-11
2019-09-22, 16:07:49, 9.47e-13, 9.17e-11
2019-09-22, 16:07:54, 9.99e-13, 9.14e-11
2019-09-22, 16:07:58, 9.47e-13, 9.17e-11
2019-09-22, 16:08:02, 9.71e-13, 9.16e-11
2019-09-22, 16:08:06, 9.74e-13, 9.14e-11
2019-09-22, 16:08:11, 9.77e-13, 9.19e-11
2019-09-22, 16:08:15, 8.99e-13, 9.11e-11
2019-09-22, 16:08:19, 1.07e-12, 9.13e-11
2019-09-22, 16:08:23, 9.75e-13, 9.15e-11
2019-09-22, 16:08:27, 8.1e-13, 9.13e-11
2019-09-22, 16:08:32, 9.64e-13, 9.18e-11
2019-09-22, 16:08:36, 9.81e-13, 9.15e-11
2019-09-22, 16:08:40, 9.69e-13, 9.15e-11
2019-09-22, 16:08:44, 9.88e-13, 9.19e-11
2019-09-22, 16:08:49, 9.31e-13, 9.15e-11
2019-09-22, 16:08:53, 9.74e-13, 9.19e-11
2019-09-22, 16:08:57, 9.96e-13, 9.18e-11
2019-09-22, 16:09:01, 9.09e-13, 9.17e-11
2019-09-22, 16:09:05, 1.01e-12, 9.14e-11
2019-09-22, 16:09:10, 9.59e-13, 9.17e-11
2019-09-22, 16:09:14, 9.67e-13, 9.15e-11
2019-09-22, 16:09:18, 9.19e-13, 9.14e-11
2019-09-22, 16:09:22, 1.03e-12, 9.17e-11
2019-09-22, 16:09:26, 9.41e-13, 9.15e-11
2019-09-22, 16:09:31, 8.9e-13, 9.18e-11
2019-09-22, 16:09:35, 9.77e-13, 9.11e-11
2019-09-22, 16:09:39, 9.62e-13, 9.11e-11
2019-09-22, 16:09:43, 9.48e-13, 9.12e-11
2019-09-22, 16:09:48, 9.33e-13, 9.14e-11
2019-09-22, 16:09:52, 9.38e-13, 9.12e-11
2019-09-22, 16:09:56, 1.21e-12, 9.13e-11
2019-09-22, 16:10:00, 1.01e-12, 9.16e-11
2019-09-22, 16:10:04, 9.99e-13, 9.13e-11
2019-09-22, 16:10:09, 9.25e-13, 9.15e-11
2019-09-22, 16:10:13, 9.71e-13, 9.14e-11
2019-09-22, 16:10:17, 1.01e-12, 9.11e-11
2019-09-22, 16:10:21, 9.38e-13, 9.09e-11
2019-09-22, 16:10:26, 8.87e-13, 9.16e-11
2019-09-22, 16:10:30, 1.02e-12, 9.15e-11
2019-09-22, 16:10:34, 9.5e-13, 9.17e-11
2019-09-22, 16:10:38, 9.03e-13, 9.14e-11
2019-09-22, 16:10:42, 9.28e-13, 9.17e-11
2019-09-22, 16:10:47, 9.56e-13, 9.17e-11
2019-09-22, 16:10:51, 1.01e-12, 9.18e-11
2019-09-22, 16:10:55, 7.91e-13, 9.17e-11
2019-09-22, 16:10:59, 9.72e-13, 9.18e-11
2019-09-22, 16:11:04, 9.4e-13, 9.17e-11
2019-09-22, 16:11:08, 9.51e-13, 9.19e-11
2019-09-22, 16:11:12, 9.51e-13, 9.17e-11
2019-09-22, 16:11:16, 9.51e-13, 9.15e-11
2019-09-22, 16:11:20, 9.77e-13, 9.19e-11
2019-09-22, 16:11:25, 9.61e-13, 9.18e-11
2019-09-22, 16:11:29, 9.57e-13, 9.16e-11
2019-09-22, 16:11:33, 9.75e-13, 9.17e-11
2019-09-22, 16:11:37, 1.09e-12, 9.14e-11
2019-09-22, 16:11:42, 9.67e-13, 9.16e-11
2019-09-22, 16:11:46, 8.77e-13, 9.17e-11
2019-09-22, 16:11:50, 1.1e-12, 9.19e-11
2019-09-22, 16:11:54, 8.58e-13, 9.15e-11
2019-09-22, 16:11:58, 8.67e-13, 9.15e-11
2019-09-22, 16:12:03, 9.6e-13, 9.13e-11
2019-09-22, 16:12:07, 9.2e-13, 9.1e-11
2019-09-22, 16:12:11, 9.55e-13, 9.15e-11
2019-09-22, 16:12:15, 1.01e-12, 9.15e-11
2019-09-22, 16:12:20, 9.91e-13, 9.15e-11
2019-09-22, 16:12:24, 1.01e-12, 9.16e-11
2019-09-22, 16:12:28, 9.67e-13, 9.15e-11
2019-09-22, 16:12:32, 1.04e-12, 9.17e-11
2019-09-22, 16:12:36, 9.16e-13, 9.17e-11
2019-09-22, 16:12:41, 1.02e-12, 9.17e-11
2019-09-22, 16:12:45, 9.27e-13, 9.16e-11
2019-09-22, 16:12:49, 9.15e-13, 9.16e-11
2019-09-22, 16:12:53, 9.44e-13, 9.17e-11
2019-09-22, 16:12:58, 8.14e-13, 9.16e-11
2019-09-22, 16:13:02, 8.75e-13, 9.14e-11
2019-09-22, 16:13:06, 9.71e-13, 9.13e-11
2019-09-22, 16:13:10, 9.72e-13, 9.17e-11
2019-09-22, 16:13:14, 9.62e-13, 9.13e-11
2019-09-22, 16:13:19, 9.6e-13, 9.12e-11
2019-09-22, 16:13:23, 9.15e-13, 9.13e-11
2019-09-22, 16:13:27, 1.01e-12, 9.14e-11
2019-09-22, 16:13:31, 9.8e-13, 9.15e-11
2019-09-22, 16:13:35, 9.46e-13, 9.17e-11
2019-09-22, 16:13:40, 9.95e-13, 9.15e-11
2019-09-22, 16:13:44, 9.92e-13, 9.15e-11
2019-09-22, 16:13:48, 9.97e-13, 9.16e-11
2019-09-22, 16:13:52, 9.62e-13, 9.14e-11
2019-09-22, 16:13:57, 9.93e-13, 9.17e-11
2019-09-22, 16:14:01, 9.05e-13, 9.12e-11
2019-09-22, 16:14:05, 9.71e-13, 9.16e-11
2019-09-22, 16:14:09, 9.72e-13, 9.14e-11
2019-09-22, 16:14:14, 8.9e-13, 9.14e-11
2019-09-22, 16:14:18, 1.01e-12, 9.15e-11
2019-09-22, 16:14:22, 9.61e-13, 9.21e-11
2019-09-22, 16:14:26, 1.1e-12, 9.15e-11
2019-09-22, 16:14:30, 9.99e-13, 9.18e-11
2019-09-22, 16:14:35, 9.48e-13, 9.14e-11
2019-09-22, 16:14:39, 9.28e-13, 9.14e-11
2019-09-22, 16:14:43, 1.07e-12, 9.18e-11
2019-09-22, 16:14:47, 9.76e-13, 9.16e-11
2019-09-22, 16:14:51, 9.93e-13, 9.16e-11
2019-09-22, 16:14:56, 1.02e-12, 9.17e-11
2019-09-22, 16:15:00, 9.96e-13, 9.21e-11
2019-09-22, 16:15:04, 9.16e-13, 9.16e-11
2019-09-22, 16:15:08, 9.95e-13, 9.16e-11
2019-09-22, 16:15:13, 1.01e-12, 9.15e-11
2019-09-22, 16:15:17, 9.29e-13, 9.17e-11
2019-09-22, 16:15:21, 1e-12, 9.13e-11
2019-09-22, 16:15:25, 1.01e-12, 9.18e-11
2019-09-22, 16:15:29, 9.69e-13, 9.2e-11
2019-09-22, 16:15:34, 9.66e-13, 9.15e-11
2019-09-22, 16:15:38, 9.34e-13, 9.14e-11
2019-09-22, 16:15:42, 9.47e-13, 9.13e-11
2019-09-22, 16:15:46, 1.07e-12, 9.18e-11
2019-09-22, 16:15:51, 1.02e-12, 9.16e-11
2019-09-22, 16:15:55, 8.92e-13, 9.16e-11
2019-09-22, 16:15:59, 9.47e-13, 9.13e-11
2019-09-22, 16:16:03, 8.84e-13, 9.17e-11
2019-09-22, 16:16:07, 9.01e-13, 9.17e-11
2019-09-22, 16:16:12, 1.03e-12, 9.18e-11
2019-09-22, 16:16:16, 9.34e-13, 9.16e-11
2019-09-22, 16:16:20, 9.62e-13, 9.18e-11
2019-09-22, 16:16:24, 9.68e-13, 9.18e-11
2019-09-22, 16:16:29, 9.54e-13, 9.19e-11
2019-09-22, 16:16:33, 1.02e-12, 9.16e-11
2019-09-22, 16:16:37, 1.04e-12, 9.19e-11
2019-09-22, 16:16:41, 8.76e-13, 9.21e-11
2019-09-22, 16:16:45, 9.24e-13, 9.17e-11
2019-09-22, 16:16:50, 9.44e-13, 9.16e-11
2019-09-22, 16:16:54, 9.36e-13, 9.2e-11
2019-09-22, 16:16:58, 9.25e-13, 9.15e-11
2019-09-22, 16:17:02, 9.82e-13, 9.19e-11
2019-09-22, 16:17:07, 1.04e-12, 9.18e-11
2019-09-22, 16:17:11, 1e-12, 9.18e-11
2019-09-22, 16:17:15, 9.91e-13, 9.19e-11
2019-09-22, 16:17:19, 9.84e-13, 9.16e-11
2019-09-22, 16:17:23, 9.64e-13, 9.18e-11
2019-09-22, 16:17:28, 9.89e-13, 9.19e-11
2019-09-22, 16:17:32, 1e-12, 9.21e-11
2019-09-22, 16:17:36, 9.11e-13, 9.18e-11
2019-09-22, 16:17:40, 9.9e-13, 9.17e-11
2019-09-22, 16:17:45, 9.3e-13, 9.19e-11
2019-09-22, 16:17:49, 9.36e-13, 9.18e-11
2019-09-22, 16:17:53, 1.02e-12, 9.13e-11
2019-09-22, 16:17:57, 9.96e-13, 9.15e-11
2019-09-22, 16:18:01, 9.47e-13, 9.11e-11
2019-09-22, 16:18:06, 9.45e-13, 9.16e-11
2019-09-22, 16:18:10, 9.54e-13, 9.16e-11
2019-09-22, 16:18:14, 9.31e-13, 9.2e-11
2019-09-22, 16:18:18, 9.76e-13, 9.19e-11
2019-09-22, 16:18:23, 1.02e-12, 9.18e-11
2019-09-22, 16:18:27, 9.83e-13, 9.17e-11
2019-09-22, 16:18:31, 1.01e-12, 9.14e-11
2019-09-22, 16:18:35, 1.01e-12, 9.16e-11
2019-09-22, 16:18:39, 9.82e-13, 9.16e-11
2019-09-22, 16:18:44, 9.8e-13, 9.17e-11
2019-09-22, 16:18:48, 1.08e-12, 9.15e-11
2019-09-22, 16:18:52, 9.13e-13, 9.15e-11
2019-09-22, 16:18:56, 9.71e-13, 9.14e-11
2019-09-22, 16:19:01, 9.66e-13, 9.09e-11
2019-09-22, 16:19:05, 9.03e-13, 9.19e-11
2019-09-22, 16:19:09, 9.71e-13, 9.17e-11
2019-09-22, 16:19:13, 9.98e-13, 9.17e-11
2019-09-22, 16:19:17, 9.97e-13, 9.18e-11
2019-09-22, 16:19:22, 9.05e-13, 9.16e-11
2019-09-22, 16:19:26, 9.52e-13, 9.17e-11
2019-09-22, 16:19:30, 9.54e-13, 9.16e-11
2019-09-22, 16:19:34, 9.54e-13, 9.16e-11
2019-09-22, 16:19:38, 9.95e-13, 9.15e-11
2019-09-22, 16:19:43, 9.76e-13, 9.15e-11
2019-09-22, 16:19:47, 9.17e-13, 9.15e-11
2019-09-22, 16:19:51, 9.61e-13, 9.12e-11
2019-09-22, 16:19:55, 9.66e-13, 9.13e-11
2019-09-22, 16:20:00, 9.29e-13, 9.15e-11
2019-09-22, 16:20:04, 9.15e-13, 9.18e-11
2019-09-22, 16:20:08, 9.77e-13, 9.16e-11
2019-09-22, 16:20:12, 9.96e-13, 9.17e-11
2019-09-22, 16:20:16, 9.88e-13, 9.19e-11
2019-09-22, 16:20:21, 8.81e-13, 9.15e-11
2019-09-22, 16:20:25, 9.55e-13, 9.15e-11
2019-09-22, 16:20:29, 8.91e-13, 9.15e-11
2019-09-22, 16:20:33, 9.49e-13, 9.16e-11
2019-09-22, 16:20:38, 1.01e-12, 9.13e-11
2019-09-22, 16:20:42, 9.06e-13, 9.12e-11
2019-09-22, 16:20:46, 9.45e-13, 9.16e-11
2019-09-22, 16:20:50, 1.08e-12, 9.15e-11
2019-09-22, 16:20:54, 8.98e-13, 9.15e-11
2019-09-22, 16:20:59, 9.82e-13, 9.16e-11
2019-09-22, 16:21:03, 9.4e-13, 9.13e-11
2019-09-22, 16:21:07, 1.06e-12, 9.16e-11
2019-09-22, 16:21:11, 9.75e-13, 9.18e-11
2019-09-22, 16:21:16, 9.23e-13, 9.16e-11
2019-09-22, 16:21:20, 9.19e-13, 9.16e-11
2019-09-22, 16:21:24, 9.37e-13, 9.16e-11
2019-09-22, 16:21:28, 9.78e-13, 9.17e-11
2019-09-22, 16:21:32, 1.06e-12, 9.15e-11
2019-09-22, 16:21:37, 9.36e-13, 9.18e-11
2019-09-22, 16:21:41, 9.25e-13, 9.13e-11
2019-09-22, 16:21:45, 9.6e-13, 9.14e-11
2019-09-22, 16:21:49, 9.63e-13, 9.15e-11
2019-09-22, 16:21:54, 1e-12, 9.14e-11
2019-09-22, 16:21:58, 9.17e-13, 9.13e-11
2019-09-22, 16:22:02, 1.07e-12, 9.14e-11
2019-09-22, 16:22:06, 1.02e-12, 9.14e-11
2019-09-22, 16:22:10, 9.65e-13, 9.19e-11
2019-09-22, 16:22:15, 8.82e-13, 9.16e-11
2019-09-22, 16:22:19, 9.77e-13, 9.14e-11
2019-09-22, 16:22:23, 9.07e-13, 9.15e-11
2019-09-22, 16:22:27, 9.3e-13, 9.14e-11
2019-09-22, 16:22:32, 8.73e-13, 9.19e-11
2019-09-22, 16:22:36, 9.77e-13, 9.15e-11
2019-09-22, 16:22:40, 9.16e-13, 9.13e-11
2019-09-22, 16:22:44, 9.47e-13, 9.13e-11
2019-09-22, 16:22:48, 9.8e-13, 9.16e-11
2019-09-22, 16:22:53, 1.05e-12, 9.18e-11
2019-09-22, 16:22:57, 9.52e-13, 9.16e-11
2019-09-22, 16:23:01, 9.1e-13, 9.16e-11
2019-09-22, 16:23:05, 9.8e-13, 9.16e-11
2019-09-22, 16:23:10, 9.03e-13, 9.15e-11
2019-09-22, 16:23:14, 9.34e-13, 9.17e-11
2019-09-22, 16:23:18, 1.03e-12, 9.17e-11
2019-09-22, 16:23:22, 9.98e-13, 9.16e-11
2019-09-22, 16:23:26, 9.65e-13, 9.17e-11
2019-09-22, 16:23:31, 1.05e-12, 9.16e-11
2019-09-22, 16:23:35, 8.81e-13, 9.16e-11
2019-09-22, 16:23:39, 9.13e-13, 9.14e-11
2019-09-22, 16:23:43, 9.25e-13, 9.17e-11
2019-09-22, 16:23:47, 9.6e-13, 9.17e-11
2019-09-22, 16:23:52, 9.89e-13, 9.19e-11
2019-09-22, 16:23:56, 9.14e-13, 9.18e-11
2019-09-22, 16:24:00, 9.41e-13, 9.14e-11
2019-09-22, 16:24:04, 9.37e-13, 9.14e-11
2019-09-22, 16:24:09, 9.33e-13, 9.15e-11
2019-09-22, 16:24:13, 9.72e-13, 9.16e-11
2019-09-22, 16:24:17, 9.92e-13, 9.17e-11
2019-09-22, 16:24:21, 9.84e-13, 9.14e-11
2019-09-22, 16:24:25, 9.59e-13, 9.16e-11
2019-09-22, 16:24:30, 9.68e-13, 9.15e-11
2019-09-22, 16:24:34, 9.11e-13, 9.15e-11
2019-09-22, 16:24:38, 9.41e-13, 9.18e-11
2019-09-22, 16:24:42, 1e-12, 9.17e-11
2019-09-22, 16:24:47, 9.6e-13, 9.2e-11
2019-09-22, 16:24:51, 9.08e-13, 9.15e-11
2019-09-22, 16:24:55, 9.28e-13, 9.15e-11
2019-09-22, 16:24:59, 8.96e-13, 9.17e-11
2019-09-22, 16:25:03, 8.12e-13, 9.15e-11
2019-09-22, 16:25:08, 9.84e-13, 9.18e-11
2019-09-22, 16:25:12, 9.43e-13, 9.16e-11
2019-09-22, 16:25:16, 1.04e-12, 9.15e-11
2019-09-22, 16:25:20, 8.52e-13, 9.15e-11
2019-09-22, 16:25:25, 9.43e-13, 9.15e-11
2019-09-22, 16:25:29, 9.75e-13, 9.17e-11
2019-09-22, 16:25:33, 9.82e-13, 9.16e-11
2019-09-22, 16:25:37, 9.74e-13, 9.15e-11
2019-09-22, 16:25:41, 9.29e-13, 9.2e-11
2019-09-22, 16:25:46, 9.67e-13, 9.16e-11
2019-09-22, 16:25:50, 9.36e-13, 9.18e-11
2019-09-22, 16:25:54, 1.07e-12, 9.16e-11
2019-09-22, 16:25:58, 9.47e-13, 9.14e-11
2019-09-22, 16:26:03, 8.14e-13, 9.2e-11
2019-09-22, 16:26:07, 1.05e-12, 9.17e-11
2019-09-22, 16:26:11, 9.2e-13, 9.16e-11
2019-09-22, 16:26:15, 8.74e-13, 9.15e-11
2019-09-22, 16:26:19, 1.03e-12, 9.13e-11
2019-09-22, 16:26:24, 9.57e-13, 9.16e-11
2019-09-22, 16:26:28, 8.39e-13, 9.15e-11
2019-09-22, 16:26:32, 9.39e-13, 9.17e-11
2019-09-22, 16:26:36, 9.99e-13, 9.2e-11
2019-09-22, 16:26:41, 9.37e-13, 9.17e-11
2019-09-22, 16:26:45, 9.56e-13, 9.17e-11
2019-09-22, 16:26:49, 1.03e-12, 9.14e-11
2019-09-22, 16:26:53, 8.78e-13, 9.15e-11
2019-09-22, 16:26:57, 9.39e-13, 9.16e-11
2019-09-22, 16:27:02, 9.36e-13, 9.17e-11
2019-09-22, 16:27:06, 9.83e-13, 9.18e-11
2019-09-22, 16:27:10, 9.5e-13, 9.16e-11
2019-09-22, 16:27:14, 9.52e-13, 9.15e-11
2019-09-22, 16:27:18, 1.05e-12, 9.15e-11
2019-09-22, 16:27:23, 9.49e-13, 9.18e-11
2019-09-22, 16:27:27, 9.6e-13, 9.18e-11
2019-09-22, 16:27:31, 9.27e-13, 9.16e-11
2019-09-22, 16:27:35, 1.01e-12, 9.17e-11
2019-09-22, 16:27:40, 1.02e-12, 9.16e-11
2019-09-22, 16:27:44, 9.96e-13, 9.15e-11
2019-09-22, 16:27:48, 9.83e-13, 9.15e-11
2019-09-22, 16:27:52, 1.01e-12, 9.16e-11
2019-09-22, 16:27:56, 9.38e-13, 9.16e-11
2019-09-22, 16:28:01, 9.37e-13, 9.17e-11
2019-09-22, 16:28:05, 9.87e-13, 9.16e-11
2019-09-22, 16:28:09, 9.08e-13, 9.16e-11
2019-09-22, 16:28:13, 9.45e-13, 9.17e-11
2019-09-22, 16:28:18, 1.02e-12, 9.17e-11
2019-09-22, 16:28:22, 1.05e-12, 9.15e-11
2019-09-22, 16:28:26, 9.42e-13, 9.22e-11
2019-09-22, 16:28:30, 9.57e-13, 9.14e-11
2019-09-22, 16:28:34, 9.02e-13, 9.14e-11
2019-09-22, 16:28:39, 9.32e-13, 9.14e-11
2019-09-22, 16:28:43, 9.85e-13, 9.09e-11
2019-09-22, 16:28:47, 9.01e-13, 9.14e-11
2019-09-22, 16:28:51, 9.97e-13, 9.15e-11
2019-09-22, 16:28:56, 9.63e-13, 9.13e-11
2019-09-22, 16:29:00, 9.59e-13, 9.17e-11
2019-09-22, 16:29:04, 9.82e-13, 9.11e-11
2019-09-22, 16:29:08, 9.06e-13, 9.13e-11
2019-09-22, 16:29:12, 9.84e-13, 9.19e-11
2019-09-22, 16:29:17, 9.42e-13, 9.11e-11
2019-09-22, 16:29:21, 9.75e-13, 9.14e-11
2019-09-22, 16:29:25, 9.47e-13, 9.15e-11
2019-09-22, 16:29:29, 9.63e-13, 9.13e-11
2019-09-22, 16:29:34, 9.9e-13, 9.16e-11
2019-09-22, 16:29:38, 9.57e-13, 9.13e-11
2019-09-22, 16:29:42, 9.87e-13, 9.15e-11
2019-09-22, 16:29:46, 9.97e-13, 9.18e-11
2019-09-22, 16:29:50, 9.95e-13, 9.13e-11
2019-09-22, 16:29:55, 1.04e-12, 9.15e-11
2019-09-22, 16:29:59, 1.01e-12, 9.16e-11
2019-09-22, 16:30:03, 9.56e-13, 9.18e-11
2019-09-22, 16:30:07, 9.76e-13, 9.18e-11
2019-09-22, 16:30:12, 1e-12, 9.15e-11
2019-09-22, 16:30:16, 9.09e-13, 9.16e-11
2019-09-22, 16:30:24, 9.32e-13, 9.13e-11
2019-09-22, 16:30:31, 9.93e-13, 9.17e-11
2019-09-22, 16:30:35, 1.02e-12, 9.16e-11
2019-09-22, 16:30:39, 9.01e-13, 9.17e-11
2019-09-22, 16:30:44, 9.52e-13, 9.15e-11
2019-09-22, 16:30:48, 9.44e-13, 9.1e-11
2019-09-22, 16:30:52, 1e-12, 9.13e-11
2019-09-22, 16:30:56, 9.73e-13, 9.12e-11
2019-09-22, 16:31:00, 9.59e-13, 9.12e-11
2019-09-22, 16:31:05, 9.31e-13, 9.13e-11
2019-09-22, 16:31:09, 9.45e-13, 9.12e-11
2019-09-22, 16:31:13, 9.84e-13, 9.17e-11
2019-09-22, 16:31:17, 9.11e-13, 9.16e-11
2019-09-22, 16:31:21, 9.6e-13, 9.14e-11
2019-09-22, 16:31:26, 9.58e-13, 9.18e-11
2019-09-22, 16:31:30, 9.65e-13, 9.22e-11
2019-09-22, 16:31:34, 9.74e-13, 9.13e-11
2019-09-22, 16:31:38, 8.8e-13, 9.14e-11
2019-09-22, 16:31:43, 9.46e-13, 9.15e-11
2019-09-22, 16:31:47, 9.51e-13, 9.12e-11
2019-09-22, 16:31:51, 9.01e-13, 9.15e-11
2019-09-22, 16:31:55, 9.73e-13, 9.13e-11
2019-09-22, 16:31:59, 1.07e-12, 9.13e-11
2019-09-22, 16:32:04, 9.63e-13, 9.16e-11
2019-09-22, 16:32:08, 1.01e-12, 9.14e-11
2019-09-22, 16:32:12, 1.01e-12, 9.15e-11
2019-09-22, 16:32:16, 9.76e-13, 9.16e-11
2019-09-22, 16:32:21, 9.53e-13, 9.16e-11
2019-09-22, 16:32:25, 9.89e-13, 9.13e-11
2019-09-22, 16:32:29, 9.57e-13, 9.15e-11
2019-09-22, 16:32:33, 9.2e-13, 9.13e-11
2019-09-22, 16:32:37, 9.88e-13, 9.15e-11
2019-09-22, 16:32:42, 9.38e-13, 9.13e-11
2019-09-22, 16:32:46, 1e-12, 9.11e-11
2019-09-22, 16:32:50, 9.91e-13, 9.18e-11
2019-09-22, 16:32:54, 9.4e-13, 9.13e-11
2019-09-22, 16:32:59, 9.79e-13, 9.14e-11
2019-09-22, 16:33:03, 9.13e-13, 9.19e-11
2019-09-22, 16:33:07, 9.65e-13, 9.12e-11
2019-09-22, 16:33:11, 9.56e-13, 9.16e-11
2019-09-22, 16:33:15, 9.53e-13, 9.15e-11
2019-09-22, 16:33:20, 9.51e-13, 9.12e-11
2019-09-22, 16:33:24, 9.64e-13, 9.17e-11
2019-09-22, 16:33:28, 1.02e-12, 9.12e-11
2019-09-22, 16:33:32, 1.02e-12, 9.16e-11
2019-09-22, 16:33:37, 9.14e-13, 9.14e-11
2019-09-22, 16:33:41, 1.02e-12, 9.13e-11
2019-09-22, 16:33:45, 9.97e-13, 9.16e-11
2019-09-22, 16:33:49, 9.76e-13, 9.15e-11
2019-09-22, 16:33:53, 9.51e-13, 9.12e-11
2019-09-22, 16:33:58, 1.01e-12, 9.14e-11
2019-09-22, 16:34:02, 9.25e-13, 9.15e-11
2019-09-22, 16:34:06, 9e-13, 9.11e-11
2019-09-22, 16:34:10, 9.87e-13, 9.11e-11
2019-09-22, 16:34:15, 1.03e-12, 9.11e-11
2019-09-22, 16:34:19, 9.78e-13, 9.13e-11
2019-09-22, 16:34:23, 1.04e-12, 9.15e-11
2019-09-22, 16:34:27, 9.88e-13, 9.12e-11
2019-09-22, 16:34:31, 1.03e-12, 9.16e-11
2019-09-22, 16:34:36, 9.17e-13, 9.11e-11
2019-09-22, 16:34:40, 9.1e-13, 9.13e-11
2019-09-22, 16:34:44, 9.46e-13, 9.13e-11
2019-09-22, 16:34:48, 9.83e-13, 9.1e-11
2019-09-22, 16:34:53, 9.97e-13, 9.11e-11
2019-09-22, 16:34:57, 9.7e-13, 9.14e-11
2019-09-22, 16:35:01, 9.55e-13, 9.15e-11
2019-09-22, 16:35:05, 9.76e-13, 9.14e-11
2019-09-22, 16:35:09, 9.38e-13, 9.11e-11
2019-09-22, 16:35:14, 9.34e-13, 9.1e-11
2019-09-22, 16:35:18, 9.09e-13, 9.15e-11
2019-09-22, 16:35:22, 9.22e-13, 9.16e-11
2019-09-22, 16:35:26, 9.93e-13, 9.18e-11
2019-09-22, 16:35:31, 9.48e-13, 9.12e-11
2019-09-22, 16:35:35, 9.52e-13, 9.17e-11
2019-09-22, 16:35:39, 9.28e-13, 9.12e-11
2019-09-22, 16:35:43, 1.03e-12, 9.15e-11
2019-09-22, 16:35:48, 9.58e-13, 9.12e-11
2019-09-22, 16:35:52, 9.54e-13, 9.14e-11
2019-09-22, 16:35:56, 9.28e-13, 9.17e-11
2019-09-22, 16:36:00, 9.57e-13, 9.13e-11
2019-09-22, 16:36:04, 9.66e-13, 9.15e-11
2019-09-22, 16:36:09, 9.53e-13, 9.11e-11
2019-09-22, 16:36:13, 9.22e-13, 9.13e-11
2019-09-22, 16:36:17, 9.3e-13, 9.14e-11
2019-09-22, 16:36:21, 9e-13, 9.12e-11
2019-09-22, 16:36:26, 9.86e-13, 9.13e-11
2019-09-22, 16:36:30, 9e-13, 9.15e-11
2019-09-22, 16:36:34, 9.13e-13, 9.15e-11
2019-09-22, 16:36:40, 9.78e-13, 9.14e-11
2019-09-22, 16:36:44, 9.81e-13, 9.13e-11
2019-09-22, 16:36:48, 9.21e-13, 9.13e-11
2019-09-22, 16:36:53, 9.44e-13, 9.12e-11
2019-09-22, 16:36:57, 9.84e-13, 9.13e-11
2019-09-22, 16:37:01, 9.55e-13, 9.13e-11
2019-09-22, 16:37:05, 9.12e-13, 9.13e-11
2019-09-22, 16:37:09, 9.86e-13, 9.12e-11
2019-09-22, 16:37:14, 9.6e-13, 9.15e-11
2019-09-22, 16:37:18, 9.94e-13, 9.15e-11
2019-09-22, 16:37:22, 9.58e-13, 9.12e-11
2019-09-22, 16:37:26, 9.93e-13, 9.17e-11
2019-09-22, 16:37:31, 9.35e-13, 9.13e-11
2019-09-22, 16:37:35, 1.01e-12, 9.13e-11
2019-09-22, 16:37:39, 9.39e-13, 9.13e-11
2019-09-22, 16:37:43, 9.6e-13, 9.14e-11
2019-09-22, 16:37:47, 9.84e-13, 9.15e-11
2019-09-22, 16:37:52, 1.01e-12, 9.12e-11
2019-09-22, 16:37:56, 9.57e-13, 9.17e-11
2019-09-22, 16:38:00, 1.02e-12, 9.15e-11
2019-09-22, 16:38:04, 9.1e-13, 9.16e-11
2019-09-22, 16:38:08, 9.62e-13, 9.14e-11
2019-09-22, 16:38:13, 8.87e-13, 9.17e-11
2019-09-22, 16:38:17, 9.61e-13, 9.12e-11
2019-09-22, 16:38:21, 9.53e-13, 9.14e-11
2019-09-22, 16:38:25, 9.54e-13, 9.15e-11
2019-09-22, 16:38:30, 1.07e-12, 9.14e-11
2019-09-22, 16:38:34, 1.05e-12, 9.17e-11
2019-09-22, 16:38:38, 8.16e-13, 9.15e-11
2019-09-22, 16:38:42, 9.29e-13, 9.17e-11
2019-09-22, 16:38:46, 9.54e-13, 9.16e-11
2019-09-22, 16:38:51, 1.05e-12, 9.12e-11
2019-09-22, 16:38:55, 9.77e-13, 9.15e-11
2019-09-22, 16:38:59, 9.44e-13, 9.17e-11
2019-09-22, 16:39:03, 9.85e-13, 9.14e-11
2019-09-22, 16:39:08, 9.45e-13, 9.15e-11
2019-09-22, 16:39:12, 9.5e-13, 9.14e-11
2019-09-22, 16:39:16, 9.47e-13, 9.13e-11
2019-09-22, 16:39:20, 9.59e-13, 9.16e-11
2019-09-22, 16:39:24, 9.31e-13, 9.14e-11
2019-09-22, 16:39:29, 9.36e-13, 9.15e-11
2019-09-22, 16:39:33, 9.86e-13, 9.13e-11
2019-09-22, 16:39:37, 1.01e-12, 9.16e-11
2019-09-22, 16:39:41, 9.45e-13, 9.13e-11
2019-09-22, 16:39:46, 9.48e-13, 9.14e-11
2019-09-22, 16:39:50, 9.89e-13, 9.14e-11
2019-09-22, 16:39:54, 9.96e-13, 9.14e-11
2019-09-22, 16:39:58, 9.65e-13, 9.14e-11
2019-09-22, 16:40:02, 8.97e-13, 9.18e-11
2019-09-22, 16:40:07, 9.08e-13, 9.16e-11
2019-09-22, 16:40:11, 9.89e-13, 9.16e-11
2019-09-22, 16:40:15, 9.76e-13, 9.14e-11
2019-09-22, 16:40:19, 1.1e-12, 9.13e-11
2019-09-22, 16:40:24, 9.45e-13, 9.15e-11
2019-09-22, 16:40:28, 1.02e-12, 9.13e-11
2019-09-22, 16:40:32, 8.94e-13, 9.15e-11
2019-09-22, 16:40:36, 9.72e-13, 9.16e-11
2019-09-22, 16:40:40, 9.99e-13, 9.15e-11
2019-09-22, 16:40:45, 8.71e-13, 9.16e-11
2019-09-22, 16:40:49, 9.79e-13, 9.16e-11
2019-09-22, 16:40:53, 9.42e-13, 9.14e-11
2019-09-22, 16:40:57, 1.01e-12, 9.15e-11
2019-09-22, 16:41:02, 9.12e-13, 9.11e-11
2019-09-22, 16:41:06, 1.11e-12, 9.16e-11
2019-09-22, 16:41:10, 8.5e-13, 9.16e-11
2019-09-22, 16:41:14, 9.2e-13, 9.13e-11
2019-09-22, 16:41:18, 9.48e-13, 9.14e-11
2019-09-22, 16:41:23, 9.14e-13, 9.17e-11
2019-09-22, 16:41:27, 9.36e-13, 9.16e-11
2019-09-22, 16:41:31, 9.93e-13, 9.15e-11
2019-09-22, 16:41:35, 9.24e-13, 9.14e-11
2019-09-22, 16:41:40, 9.54e-13, 9.12e-11
2019-09-22, 16:41:44, 9.5e-13, 9.13e-11
2019-09-22, 16:41:48, 9.48e-13, 9.09e-11
2019-09-22, 16:41:52, 1.01e-12, 9.13e-11
2019-09-22, 16:41:56, 8.51e-13, 9.09e-11
2019-09-22, 16:42:01, 8.92e-13, 9.12e-11
2019-09-22, 16:42:05, 9.7e-13, 9.12e-11
2019-09-22, 16:42:09, 9.6e-13, 9.12e-11
2019-09-22, 16:42:13, 9.6e-13, 9.14e-11
2019-09-22, 16:42:18, 1.01e-12, 9.12e-11
2019-09-22, 16:42:22, 9.97e-13, 9.16e-11
2019-09-22, 16:42:26, 9.8e-13, 9.16e-11
2019-09-22, 16:42:30, 9.34e-13, 9.14e-11
2019-09-22, 16:42:34, 9.96e-13, 9.16e-11
2019-09-22, 16:42:39, 9.13e-13, 9.14e-11
2019-09-22, 16:42:43, 9.39e-13, 9.15e-11
2019-09-22, 16:42:47, 9.59e-13, 9.12e-11
2019-09-22, 16:42:51, 9.98e-13, 9.15e-11
2019-09-22, 16:42:56, 9.34e-13, 9.17e-11
2019-09-22, 16:43:00, 1.04e-12, 9.12e-11
2019-09-22, 16:43:04, 9.07e-13, 9.17e-11
2019-09-22, 16:43:08, 9.56e-13, 9.16e-11
2019-09-22, 16:43:12, 9.31e-13, 9.14e-11
2019-09-22, 16:43:17, 9.67e-13, 9.14e-11
2019-09-22, 16:43:21, 1.07e-12, 9.15e-11
2019-09-22, 16:43:25, 9.31e-13, 9.18e-11
2019-09-22, 16:43:29, 9.78e-13, 9.21e-11
2019-09-22, 16:43:34, 9.27e-13, 9.19e-11
2019-09-22, 16:43:38, 8.37e-13, 9.18e-11
2019-09-22, 16:43:42, 8.91e-13, 9.16e-11
2019-09-22, 16:43:46, 1.06e-12, 9.13e-11
2019-09-22, 16:43:50, 9.14e-13, 9.15e-11
2019-09-22, 16:43:55, 9.48e-13, 9.17e-11
2019-09-22, 16:43:59, 1.09e-12, 9.16e-11
2019-09-22, 16:44:03, 9.34e-13, 9.15e-11
2019-09-22, 16:44:07, 1.02e-12, 9.15e-11
2019-09-22, 16:44:11, 9.61e-13, 9.14e-11
2019-09-22, 16:44:16, 9.69e-13, 9.14e-11
2019-09-22, 16:44:20, 9.41e-13, 9.16e-11
2019-09-22, 16:44:24, 9.37e-13, 9.17e-11
2019-09-22, 16:44:28, 9.88e-13, 9.15e-11
2019-09-22, 16:44:33, 9.61e-13, 9.16e-11
2019-09-22, 16:44:37, 9.93e-13, 9.15e-11
2019-09-22, 16:44:41, 9.84e-13, 9.17e-11
2019-09-22, 16:44:45, 1.08e-12, 9.17e-11
2019-09-22, 16:44:49, 1.18e-12, 9.16e-11
2019-09-22, 16:44:54, 1.04e-12, 9.19e-11
2019-09-22, 16:44:58, 9.73e-13, 9.16e-11
2019-09-22, 16:45:02, 8.37e-13, 9.15e-11
2019-09-22, 16:45:06, 9.35e-13, 9.15e-11
2019-09-22, 16:45:11, 8.71e-13, 9.17e-11
2019-09-22, 16:45:15, 9.53e-13, 9.15e-11
2019-09-22, 16:45:19, 9.88e-13, 9.16e-11
2019-09-22, 16:45:23, 9.12e-13, 9.15e-11
2019-09-22, 16:45:27, 9.76e-13, 9.17e-11
2019-09-22, 16:45:32, 9.24e-13, 9.15e-11
2019-09-22, 16:45:36, 1.11e-12, 9.13e-11
2019-09-22, 16:45:40, 1.03e-12, 9.17e-11
2019-09-22, 16:45:44, 9.1e-13, 9.14e-11
2019-09-22, 16:45:49, 9.94e-13, 9.14e-11
2019-09-22, 16:45:53, 9.74e-13, 9.19e-11
2019-09-22, 16:45:57, 1.05e-12, 9.15e-11
2019-09-22, 16:46:01, 9.41e-13, 9.16e-11
2019-09-22, 16:46:05, 9.55e-13, 9.13e-11
2019-09-22, 16:46:10, 9.31e-13, 9.19e-11
2019-09-22, 16:46:14, 8.17e-13, 9.13e-11
2019-09-22, 16:46:18, 9.42e-13, 9.15e-11
2019-09-22, 16:46:22, 9.97e-13, 9.13e-11
2019-09-22, 16:46:27, 9.59e-13, 9.18e-11
2019-09-22, 16:46:31, 1.01e-12, 9.14e-11
2019-09-22, 16:46:35, 9.44e-13, 9.12e-11
2019-09-22, 16:46:39, 9.82e-13, 9.14e-11
2019-09-22, 16:46:43, 1.05e-12, 9.13e-11
2019-09-22, 16:46:48, 9.83e-13, 9.14e-11
2019-09-22, 16:46:52, 9.85e-13, 9.16e-11
2019-09-22, 16:46:56, 9.79e-13, 9.15e-11
2019-09-22, 16:47:00, 9.52e-13, 9.14e-11
2019-09-22, 16:47:05, 9.95e-13, 9.15e-11
2019-09-22, 16:47:09, 9.71e-13, 9.15e-11
2019-09-22, 16:47:13, 9.61e-13, 9.17e-11
2019-09-22, 16:47:17, 9.37e-13, 9.13e-11
2019-09-22, 16:47:21, 1.06e-12, 9.14e-11
2019-09-22, 16:47:26, 9.66e-13, 9.15e-11
2019-09-22, 16:47:30, 9.98e-13, 9.16e-11
2019-09-22, 16:47:34, 9.22e-13, 9.16e-11
2019-09-22, 16:47:38, 1.08e-12, 9.18e-11
2019-09-22, 16:47:43, 9.06e-13, 9.17e-11
2019-09-22, 16:47:47, 8.87e-13, 9.16e-11
2019-09-22, 16:47:51, 8.92e-13, 9.16e-11
2019-09-22, 16:47:55, 9.5e-13, 9.15e-11
2019-09-22, 16:47:59, 9.82e-13, 9.19e-11
2019-09-22, 16:48:04, 9.46e-13, 9.15e-11
2019-09-22, 16:48:08, 9.94e-13, 9.16e-11
2019-09-22, 16:48:12, 9.73e-13, 9.15e-11
2019-09-22, 16:48:16, 9.63e-13, 9.14e-11
2019-09-22, 16:48:21, 9.51e-13, 9.2e-11
2019-09-22, 16:48:25, 9.79e-13, 9.16e-11
2019-09-22, 16:48:29, 9.52e-13, 9.17e-11
2019-09-22, 16:48:33, 8.74e-13, 9.21e-11
2019-09-22, 16:48:37, 9.86e-13, 9.14e-11
2019-09-22, 16:48:42, 9.44e-13, 9.17e-11
2019-09-22, 16:48:46, 9.24e-13, 9.18e-11
2019-09-22, 16:48:50, 8.45e-13, 9.18e-11
2019-09-22, 16:48:54, 9.22e-13, 9.16e-11
2019-09-22, 16:48:59, 9.36e-13, 9.12e-11
2019-09-22, 16:49:03, 9.84e-13, 9.15e-11
2019-09-22, 16:49:07, 9.67e-13, 9.16e-11
2019-09-22, 16:49:11, 1e-12, 9.15e-11
2019-09-22, 16:49:15, 9.32e-13, 9.18e-11
2019-09-22, 16:49:20, 9.86e-13, 9.16e-11
2019-09-22, 16:49:24, 8.83e-13, 9.17e-11
2019-09-22, 16:49:28, 9.92e-13, 9.14e-11
2019-09-22, 16:49:32, 9.73e-13, 9.18e-11
2019-09-22, 16:49:37, 9.24e-13, 9.18e-11
2019-09-22, 16:49:41, 1e-12, 9.19e-11
2019-09-22, 16:49:45, 9.93e-13, 9.17e-11
2019-09-22, 16:49:49, 9.54e-13, 9.12e-11
2019-09-22, 16:49:53, 9.61e-13, 9.16e-11
2019-09-22, 16:49:58, 9.61e-13, 9.19e-11
2019-09-22, 16:50:02, 8.97e-13, 9.15e-11
2019-09-22, 16:50:06, 9.62e-13, 9.14e-11
2019-09-22, 16:50:10, 9.35e-13, 9.16e-11
2019-09-22, 16:50:15, 1.05e-12, 9.15e-11
2019-09-22, 16:50:19, 9.68e-13, 9.13e-11
2019-09-22, 16:50:23, 8.83e-13, 9.16e-11
2019-09-22, 16:50:27, 1.02e-12, 9.18e-11
2019-09-22, 16:50:31, 9.98e-13, 9.18e-11
2019-09-22, 16:50:36, 9.11e-13, 9.17e-11
2019-09-22, 16:50:40, 9.39e-13, 9.21e-11
2019-09-22, 16:50:44, 9.53e-13, 9.16e-11
2019-09-22, 16:50:48, 9.58e-13, 9.16e-11
2019-09-22, 16:50:53, 9.48e-13, 9.16e-11
2019-09-22, 16:50:57, 9.34e-13, 9.16e-11
2019-09-22, 16:51:01, 9.5e-13, 9.15e-11
2019-09-22, 16:51:05, 1e-12, 9.18e-11
2019-09-22, 16:51:09, 1.04e-12, 9.17e-11
2019-09-22, 16:51:14, 9.91e-13, 9.17e-11
2019-09-22, 16:51:18, 9.96e-13, 9.16e-11
2019-09-22, 16:51:22, 9.55e-13, 9.18e-11
2019-09-22, 16:51:26, 9.83e-13, 9.16e-11
2019-09-22, 16:51:30, 1.01e-12, 9.16e-11
2019-09-22, 16:51:35, 1e-12, 9.17e-11
2019-09-22, 16:51:39, 9.4e-13, 9.17e-11
2019-09-22, 16:51:43, 9.13e-13, 9.14e-11
2019-09-22, 16:51:47, 1.03e-12, 9.14e-11
2019-09-22, 16:51:52, 1.02e-12, 9.14e-11
2019-09-22, 16:51:56, 1.01e-12, 9.12e-11
2019-09-22, 16:52:00, 8.83e-13, 9.13e-11
2019-09-22, 16:52:04, 9.54e-13, 9.16e-11
2019-09-22, 16:52:08, 9.71e-13, 9.13e-11
2019-09-22, 16:52:13, 1.02e-12, 9.16e-11
2019-09-22, 16:52:17, 1.01e-12, 9.17e-11
2019-09-22, 16:52:21, 9.03e-13, 9.16e-11
2019-09-22, 16:52:25, 9.4e-13, 9.15e-11
2019-09-22, 16:52:30, 9.31e-13, 9.14e-11
2019-09-22, 16:52:34, 9.37e-13, 9.15e-11
2019-09-22, 16:52:38, 8.26e-13, 9.14e-11
2019-09-22, 16:52:42, 9.93e-13, 9.14e-11
2019-09-22, 16:52:46, 9.73e-13, 9.18e-11
2019-09-22, 16:52:51, 9.4e-13, 9.15e-11
2019-09-22, 16:52:55, 9.49e-13, 9.15e-11
2019-09-22, 16:52:59, 9.48e-13, 9.14e-11
2019-09-22, 16:53:03, 1.05e-12, 9.14e-11
2019-09-22, 16:53:08, 9.37e-13, 9.16e-11
2019-09-22, 16:53:12, 9.7e-13, 9.16e-11
2019-09-22, 16:53:16, 9.83e-13, 9.11e-11
2019-09-22, 16:53:20, 9.67e-13, 9.13e-11
2019-09-22, 16:53:24, 9.56e-13, 9.14e-11
2019-09-22, 16:53:29, 9.47e-13, 9.1e-11
2019-09-22, 16:53:33, 9.89e-13, 9.1e-11
2019-09-22, 16:53:37, 9.64e-13, 9.11e-11
2019-09-22, 16:53:41, 9.6e-13, 9.16e-11
2019-09-22, 16:53:46, 9.83e-13, 9.14e-11
2019-09-22, 16:53:50, 9.98e-13, 9.13e-11
2019-09-22, 16:53:54, 9.31e-13, 9.14e-11
2019-09-22, 16:53:58, 1.02e-12, 9.15e-11
2019-09-22, 16:54:02, 9.84e-13, 9.18e-11
2019-09-22, 16:54:07, 9.17e-13, 9.16e-11
2019-09-22, 16:54:11, 1e-12, 9.15e-11
2019-09-22, 16:54:15, 9.5e-13, 9.14e-11
2019-09-22, 16:54:19, 9.43e-13, 9.15e-11
2019-09-22, 16:54:24, 9.17e-13, 9.14e-11
2019-09-22, 16:54:28, 1e-12, 9.09e-11
2019-09-22, 16:54:32, 9.37e-13, 9.14e-11
2019-09-22, 16:54:36, 9.52e-13, 9.14e-11
2019-09-22, 16:54:40, 9.91e-13, 9.15e-11
2019-09-22, 16:54:45, 1e-12, 9.1e-11
2019-09-22, 16:54:49, 9.62e-13, 9.13e-11
2019-09-22, 16:54:53, 8.97e-13, 9.11e-11
2019-09-22, 16:54:57, 9.67e-13, 9.12e-11
2019-09-22, 16:55:02, 9.42e-13, 9.12e-11
2019-09-22, 16:55:06, 9.27e-13, 9.13e-11
2019-09-22, 16:55:10, 9.86e-13, 9.12e-11
2019-09-22, 16:55:14, 1.01e-12, 9.13e-11
2019-09-22, 16:55:18, 1.03e-12, 9.11e-11
2019-09-22, 16:55:23, 9.88e-13, 9.14e-11
2019-09-22, 16:55:27, 9.45e-13, 9.15e-11
2019-09-22, 16:55:31, 9.71e-13, 9.15e-11
2019-09-22, 16:55:35, 9.73e-13, 9.13e-11
2019-09-22, 16:55:40, 9.55e-13, 9.14e-11
2019-09-22, 16:55:44, 9.49e-13, 9.14e-11
2019-09-22, 16:55:48, 9.58e-13, 9.15e-11
2019-09-22, 16:55:52, 9.02e-13, 9.16e-11
2019-09-22, 16:55:56, 9.31e-13, 9.14e-11
2019-09-22, 16:56:01, 9.61e-13, 9.16e-11
2019-09-22, 16:56:05, 9.98e-13, 9.12e-11
2019-09-22, 16:56:09, 9.18e-13, 9.14e-11
2019-09-22, 16:56:13, 1.03e-12, 9.11e-11
2019-09-22, 16:56:18, 9.64e-13, 9.12e-11
2019-09-22, 16:56:22, 9.44e-13, 9.11e-11
2019-09-22, 16:56:26, 9.38e-13, 9.12e-11
2019-09-22, 16:56:30, 9.93e-13, 9.09e-11
2019-09-22, 16:56:34, 1.06e-12, 9.11e-11
2019-09-22, 16:56:39, 9.73e-13, 9.12e-11
2019-09-22, 16:56:43, 9.39e-13, 9.15e-11
2019-09-22, 16:56:47, 1.07e-12, 9.12e-11
2019-09-22, 16:56:51, 9.69e-13, 9.14e-11
2019-09-22, 16:56:56, 1.01e-12, 9.16e-11
2019-09-22, 16:57:00, 1.03e-12, 9.12e-11
2019-09-22, 16:57:04, 9.67e-13, 9.12e-11
2019-09-22, 16:57:08, 1e-12, 9.11e-11
2019-09-22, 16:57:12, 8.85e-13, 9.13e-11
2019-09-22, 16:57:17, 9.14e-13, 9.11e-11
2019-09-22, 16:57:21, 1.02e-12, 9.13e-11
2019-09-22, 16:57:25, 8.57e-13, 9.14e-11
2019-09-22, 16:57:29, 9.89e-13, 9.09e-11
2019-09-22, 16:57:34, 9.37e-13, 9.1e-11
2019-09-22, 16:57:38, 8.97e-13, 9.12e-11
2019-09-22, 16:57:42, 9.6e-13, 9.16e-11
2019-09-22, 16:57:46, 1.03e-12, 9.14e-11
2019-09-22, 16:57:50, 1.09e-12, 9.13e-11
2019-09-22, 16:57:55, 1.01e-12, 9.14e-11
2019-09-22, 16:57:59, 1.02e-12, 9.13e-11
2019-09-22, 16:58:03, 9.73e-13, 9.13e-11
2019-09-22, 16:58:07, 8.82e-13, 9.15e-11
2019-09-22, 16:58:12, 9.55e-13, 9.17e-11
2019-09-22, 16:58:16, 9.9e-13, 9.12e-11
2019-09-22, 16:58:20, 9.35e-13, 9.13e-11
2019-09-22, 16:58:24, 9.6e-13, 9.12e-11
2019-09-22, 16:58:28, 9.4e-13, 9.13e-11
2019-09-22, 16:58:33, 9.21e-13, 9.13e-11
2019-09-22, 16:58:37, 9.83e-13, 9.12e-11
2019-09-22, 16:58:41, 9.55e-13, 9.11e-11
2019-09-22, 16:58:45, 1e-12, 9.11e-11
2019-09-22, 16:58:50, 9.75e-13, 9.14e-11
2019-09-22, 16:58:54, 8.99e-13, 9.14e-11
2019-09-22, 16:58:58, 9.42e-13, 9.13e-11
2019-09-22, 16:59:02, 9.5e-13, 9.12e-11
2019-09-22, 16:59:06, 9.3e-13, 9.16e-11
2019-09-22, 16:59:11, 9.09e-13, 9.15e-11
2019-09-22, 16:59:15, 9.66e-13, 9.12e-11
2019-09-22, 16:59:19, 9.76e-13, 9.1e-11
2019-09-22, 16:59:23, 9.24e-13, 9.13e-11
2019-09-22, 16:59:28, 9.7e-13, 9.13e-11
2019-09-22, 16:59:32, 9.14e-13, 9.12e-11
2019-09-22, 16:59:36, 9.28e-13, 9.12e-11
2019-09-22, 16:59:40, 9.95e-13, 9.18e-11
2019-09-22, 16:59:44, 9.68e-13, 9.12e-11
2019-09-22, 16:59:49, 1.08e-12, 9.15e-11
2019-09-22, 16:59:53, 1.02e-12, 9.16e-11
2019-09-22, 16:59:57, 1.01e-12, 9.13e-11
2019-09-22, 17:00:01, 9.76e-13, 9.13e-11
2019-09-22, 17:00:06, 1.01e-12, 9.14e-11
2019-09-22, 17:00:10, 9.54e-13, 9.13e-11
2019-09-22, 17:00:14, 8.41e-13, 9.12e-11
2019-09-22, 17:00:18, 9.94e-13, 9.12e-11
2019-09-22, 17:00:22, 9.92e-13, 9.16e-11
2019-09-22, 17:00:27, 9.41e-13, 9.15e-11
2019-09-22, 17:00:31, 9.8e-13, 9.15e-11
2019-09-22, 17:00:35, 9.82e-13, 9.14e-11
2019-09-22, 17:00:39, 9.49e-13, 9.11e-11
2019-09-22, 17:00:44, 9.85e-13, 9.11e-11
2019-09-22, 17:00:48, 8.45e-13, 9.1e-11
2019-09-22, 17:00:52, 9.32e-13, 9.15e-11
2019-09-22, 17:00:56, 9.06e-13, 9.14e-11
2019-09-22, 17:01:00, 8.52e-13, 9.13e-11
2019-09-22, 17:01:05, 9.19e-13, 9.12e-11
2019-09-22, 17:01:09, 9.28e-13, 9.14e-11
2019-09-22, 17:01:13, 9.32e-13, 9.14e-11
2019-09-22, 17:01:17, 9.17e-13, 9.15e-11
2019-09-22, 17:01:22, 9.38e-13, 9.13e-11
2019-09-22, 17:01:26, 1.04e-12, 9.14e-11
2019-09-22, 17:01:30, 9.33e-13, 9.14e-11
2019-09-22, 17:01:34, 9.41e-13, 9.13e-11
2019-09-22, 17:01:38, 9.91e-13, 9.12e-11
2019-09-22, 17:01:43, 1e-12, 9.12e-11
2019-09-22, 17:01:47, 9.5e-13, 9.12e-11
2019-09-22, 17:01:51, 1.01e-12, 9.11e-11
2019-09-22, 17:01:55, 1.01e-12, 9.11e-11
2019-09-22, 17:01:59, 9.76e-13, 9.12e-11
2019-09-22, 17:02:04, 9.82e-13, 9.13e-11
2019-09-22, 17:02:08, 9.78e-13, 9.13e-11
2019-09-22, 17:02:12, 9.67e-13, 9.11e-11
2019-09-22, 17:02:16, 9.56e-13, 9.12e-11
2019-09-22, 17:02:21, 9.34e-13, 9.13e-11
2019-09-22, 17:02:25, 9.67e-13, 9.13e-11
2019-09-22, 17:02:29, 9.38e-13, 9.13e-11
2019-09-22, 17:02:33, 1.03e-12, 9.14e-11
2019-09-22, 17:02:37, 1.03e-12, 9.1e-11
2019-09-22, 17:02:42, 9.5e-13, 9.1e-11
2019-09-22, 17:02:46, 9.71e-13, 9.13e-11
2019-09-22, 17:02:50, 9.74e-13, 9.15e-11
2019-09-22, 17:02:54, 9.64e-13, 9.16e-11
2019-09-22, 17:02:59, 9.81e-13, 9.12e-11
2019-09-22, 17:03:03, 9.26e-13, 9.16e-11
2019-09-22, 17:03:07, 9e-13, 9.12e-11
2019-09-22, 17:03:11, 9.72e-13, 9.12e-11
2019-09-22, 17:03:15, 9.36e-13, 9.1e-11
2019-09-22, 17:03:20, 9.56e-13, 9.13e-11
2019-09-22, 17:03:24, 9.55e-13, 9.11e-11
2019-09-22, 17:03:28, 1.02e-12, 9.14e-11
2019-09-22, 17:03:32, 9.99e-13, 9.1e-11
2019-09-22, 17:03:37, 9.27e-13, 9.16e-11
2019-09-22, 17:03:41, 1e-12, 9.09e-11
2019-09-22, 17:03:45, 9.47e-13, 9.15e-11
2019-09-22, 17:03:49, 9.51e-13, 9.15e-11
2019-09-22, 17:03:53, 8.97e-13, 9.12e-11
2019-09-22, 17:03:58, 9.78e-13, 9.11e-11
2019-09-22, 17:04:02, 1e-12, 9.14e-11
2019-09-22, 17:04:06, 9.13e-13, 9.14e-11
2019-09-22, 17:04:10, 8.83e-13, 9.13e-11
2019-09-22, 17:04:15, 9.15e-13, 9.12e-11
2019-09-22, 17:04:19, 9.89e-13, 9.12e-11
2019-09-22, 17:04:23, 9.42e-13, 9.11e-11
2019-09-22, 17:04:27, 9.74e-13, 9.13e-11
2019-09-22, 17:04:31, 9.52e-13, 9.12e-11
2019-09-22, 17:04:36, 1.12e-12, 9.14e-11
2019-09-22, 17:04:40, 9.49e-13, 9.11e-11
2019-09-22, 17:04:44, 9.42e-13, 9.17e-11
2019-09-22, 17:04:48, 9.81e-13, 9.12e-11
2019-09-22, 17:04:53, 9.68e-13, 9.12e-11
2019-09-22, 17:04:57, 9.89e-13, 9.09e-11
2019-09-22, 17:05:01, 9.11e-13, 9.16e-11
2019-09-22, 17:05:05, 1.06e-12, 9.11e-11
2019-09-22, 17:05:09, 9.5e-13, 9.15e-11
2019-09-22, 17:05:14, 9.29e-13, 9.14e-11
2019-09-22, 17:05:18, 9.59e-13, 9.13e-11
2019-09-22, 17:05:22, 9.23e-13, 9.15e-11
2019-09-22, 17:05:26, 1.02e-12, 9.11e-11
2019-09-22, 17:05:31, 1.09e-12, 9.17e-11
2019-09-22, 17:05:35, 9.72e-13, 9.17e-11
2019-09-22, 17:05:39, 9.27e-13, 9.12e-11
2019-09-22, 17:05:43, 9.2e-13, 9.13e-11
2019-09-22, 17:05:47, 9.28e-13, 9.13e-11
2019-09-22, 17:05:52, 9.74e-13, 9.12e-11
2019-09-22, 17:05:56, 1.03e-12, 9.15e-11
2019-09-22, 17:06:00, 9.88e-13, 9.14e-11
2019-09-22, 17:06:04, 9.15e-13, 9.12e-11
2019-09-22, 17:06:09, 9.59e-13, 9.15e-11
2019-09-22, 17:06:13, 1.01e-12, 9.12e-11
2019-09-22, 17:06:17, 9.5e-13, 9.14e-11
2019-09-22, 17:06:21, 9.73e-13, 9.09e-11
2019-09-22, 17:06:25, 9.02e-13, 9.12e-11
2019-09-22, 17:06:30, 9.41e-13, 9.14e-11
2019-09-22, 17:06:34, 9.31e-13, 9.14e-11
2019-09-22, 17:06:38, 8.26e-13, 9.12e-11
2019-09-22, 17:06:42, 1.02e-12, 9.11e-11
2019-09-22, 17:06:47, 9.22e-13, 9.12e-11
2019-09-22, 17:06:51, 9.86e-13, 9.11e-11
2019-09-22, 17:06:55, 9.8e-13, 9.17e-11
2019-09-22, 17:06:59, 9.66e-13, 9.16e-11
2019-09-22, 17:07:03, 9.12e-13, 9.11e-11
2019-09-22, 17:07:08, 9.78e-13, 9.12e-11
2019-09-22, 17:07:12, 9.79e-13, 9.1e-11
2019-09-22, 17:07:16, 9.99e-13, 9.1e-11
2019-09-22, 17:07:20, 9.61e-13, 9.1e-11
2019-09-22, 17:07:24, 1.02e-12, 9.11e-11
2019-09-22, 17:07:29, 9e-13, 9.14e-11
2019-09-22, 17:07:33, 9.99e-13, 9.12e-11
2019-09-22, 17:07:37, 9.3e-13, 9.14e-11
2019-09-22, 17:07:41, 9.31e-13, 9.14e-11
2019-09-22, 17:07:46, 9.32e-13, 9.14e-11
2019-09-22, 17:07:50, 9.85e-13, 9.12e-11
2019-09-22, 17:07:54, 8.04e-13, 9.13e-11
2019-09-22, 17:07:58, 9.14e-13, 9.13e-11
2019-09-22, 17:08:02, 9.95e-13, 9.09e-11
2019-09-22, 17:08:07, 9.62e-13, 9.11e-11
2019-09-22, 17:08:11, 9.5e-13, 9.14e-11
2019-09-22, 17:08:15, 1.13e-12, 9.15e-11
2019-09-22, 17:08:19, 9.97e-13, 9.13e-11
2019-09-22, 17:08:24, 1.01e-12, 9.17e-11
2019-09-22, 17:08:28, 8.9e-13, 9.13e-11
2019-09-22, 17:08:32, 9.42e-13, 9.12e-11
2019-09-22, 17:08:36, 1e-12, 9.16e-11
2019-09-22, 17:08:40, 9.43e-13, 9.11e-11
2019-09-22, 17:08:45, 9.45e-13, 9.11e-11
2019-09-22, 17:08:49, 9.72e-13, 9.1e-11
2019-09-22, 17:08:53, 9.96e-13, 9.09e-11
2019-09-22, 17:08:57, 9.88e-13, 9.13e-11
2019-09-22, 17:09:02, 9.64e-13, 9.14e-11
2019-09-22, 17:09:06, 9.52e-13, 9.14e-11
2019-09-22, 17:09:10, 1.03e-12, 9.13e-11
2019-09-22, 17:09:14, 8.8e-13, 9.14e-11
2019-09-22, 17:09:18, 9.32e-13, 9.12e-11
2019-09-22, 17:09:23, 9.3e-13, 9.15e-11
2019-09-22, 17:09:27, 8.96e-13, 9.11e-11
2019-09-22, 17:09:31, 1e-12, 9.1e-11
2019-09-22, 17:09:35, 1.07e-12, 9.11e-11
2019-09-22, 17:09:40, 9.58e-13, 9.13e-11
2019-09-22, 17:09:44, 8.87e-13, 9.14e-11
2019-09-22, 17:09:48, 9.81e-13, 9.16e-11
2019-09-22, 17:09:52, 1.02e-12, 9.14e-11
2019-09-22, 17:09:56, 9.27e-13, 9.13e-11
2019-09-22, 17:10:01, 9.57e-13, 9.15e-11
2019-09-22, 17:10:05, 1e-12, 9.13e-11
2019-09-22, 17:10:09, 9.51e-13, 9.11e-11
2019-09-22, 17:10:13, 9.4e-13, 9.15e-11
2019-09-22, 17:10:18, 9.28e-13, 9.13e-11
2019-09-22, 17:10:22, 9.31e-13, 9.12e-11
2019-09-22, 17:10:26, 9.1e-13, 9.11e-11
2019-09-22, 17:10:30, 9.37e-13, 9.12e-11
2019-09-22, 17:10:35, 9.57e-13, 9.15e-11
2019-09-22, 17:10:39, 9.24e-13, 9.11e-11
2019-09-22, 17:10:43, 9.6e-13, 9.16e-11
2019-09-22, 17:10:47, 9.66e-13, 9.14e-11
2019-09-22, 17:10:52, 9.12e-13, 9.13e-11
2019-09-22, 17:10:56, 1.01e-12, 9.15e-11
2019-09-22, 17:11:00, 9.72e-13, 9.13e-11
2019-09-22, 17:11:04, 9.28e-13, 9.11e-11
2019-09-22, 17:11:08, 1.02e-12, 9.14e-11
2019-09-22, 17:11:13, 1.01e-12, 9.13e-11
2019-09-22, 17:11:17, 9.44e-13, 9.13e-11
2019-09-22, 17:11:21, 9.98e-13, 9.11e-11
2019-09-22, 17:11:25, 1.06e-12, 9.13e-11
2019-09-22, 17:11:30, 9.71e-13, 9.14e-11
2019-09-22, 17:11:34, 1.01e-12, 9.09e-11
2019-09-22, 17:11:38, 9.67e-13, 9.1e-11
2019-09-22, 17:11:42, 1.01e-12, 9.09e-11
2019-09-22, 17:11:46, 1.07e-12, 9.14e-11
2019-09-22, 17:11:51, 8.9e-13, 9.14e-11
2019-09-22, 17:11:55, 9.64e-13, 9.14e-11
2019-09-22, 17:11:59, 9.56e-13, 9.1e-11
2019-09-22, 17:12:03, 1e-12, 9.14e-11
2019-09-22, 17:12:08, 9.73e-13, 9.15e-11
2019-09-22, 17:12:12, 9.53e-13, 9.18e-11
2019-09-22, 17:12:16, 9.33e-13, 9.14e-11
2019-09-22, 17:12:20, 9.57e-13, 9.14e-11
2019-09-22, 17:12:24, 9.52e-13, 9.13e-11
2019-09-22, 17:12:29, 1.02e-12, 9.11e-11
2019-09-22, 17:12:33, 9.47e-13, 9.15e-11
2019-09-22, 17:12:37, 8.8e-13, 9.1e-11
2019-09-22, 17:12:41, 1.06e-12, 9.1e-11
2019-09-22, 17:12:46, 9.62e-13, 9.11e-11
2019-09-22, 17:12:50, 9.92e-13, 9.16e-11
2019-09-22, 17:12:54, 1.01e-12, 9.13e-11
2019-09-22, 17:12:58, 9.59e-13, 9.13e-11
2019-09-22, 17:13:02, 8.81e-13, 9.12e-11
2019-09-22, 17:13:07, 9.33e-13, 9.12e-11
2019-09-22, 17:13:11, 1.09e-12, 9.15e-11
2019-09-22, 17:13:15, 8.48e-13, 9.12e-11
2019-09-22, 17:13:19, 9.54e-13, 9.14e-11
2019-09-22, 17:13:24, 9.67e-13, 9.12e-11
2019-09-22, 17:13:28, 9.8e-13, 9.16e-11
2019-09-22, 17:13:32, 1.1e-12, 9.16e-11
2019-09-22, 17:13:36, 1.01e-12, 9.16e-11
2019-09-22, 17:13:40, 9.47e-13, 9.17e-11
2019-09-22, 17:13:45, 9.92e-13, 9.1e-11
2019-09-22, 17:13:49, 9.26e-13, 9.08e-11
2019-09-22, 17:13:53, 1e-12, 9.13e-11
2019-09-22, 17:13:57, 9.77e-13, 9.13e-11
2019-09-22, 17:14:01, 9.4e-13, 9.19e-11
2019-09-22, 17:14:06, 8.78e-13, 9.15e-11
2019-09-22, 17:14:10, 9.44e-13, 9.13e-11
2019-09-22, 17:14:14, 9.19e-13, 9.11e-11
2019-09-22, 17:14:18, 1.05e-12, 9.12e-11
2019-09-22, 17:14:23, 9.94e-13, 9.12e-11
2019-09-22, 17:14:27, 8.4e-13, 9.12e-11
2019-09-22, 17:14:31, 9.87e-13, 9.13e-11
2019-09-22, 17:14:35, 1e-12, 9.12e-11
2019-09-22, 17:14:39, 1.08e-12, 9.13e-11
2019-09-22, 17:14:44, 9.24e-13, 9.13e-11
2019-09-22, 17:14:48, 9.17e-13, 9.12e-11
2019-09-22, 17:14:52, 1.05e-12, 9.17e-11
2019-09-22, 17:14:56, 9.42e-13, 9.14e-11
2019-09-22, 17:15:01, 9.66e-13, 9.12e-11
2019-09-22, 17:15:05, 9.3e-13, 9.13e-11
2019-09-22, 17:15:09, 9.51e-13, 9.13e-11
2019-09-22, 17:15:13, 9.68e-13, 9.14e-11
2019-09-22, 17:15:17, 1.09e-12, 9.15e-11
2019-09-22, 17:15:22, 9.38e-13, 9.15e-11
2019-09-22, 17:15:26, 1.05e-12, 9.13e-11
2019-09-22, 17:15:30, 9.88e-13, 9.13e-11
2019-09-22, 17:15:34, 1.02e-12, 9.12e-11
2019-09-22, 17:15:39, 9.97e-13, 9.12e-11
2019-09-22, 17:15:43, 1.01e-12, 9.13e-11
2019-09-22, 17:15:47, 9.68e-13, 9.11e-11
2019-09-22, 17:15:51, 9.45e-13, 9.16e-11
2019-09-22, 17:15:55, 9.83e-13, 9.15e-11
2019-09-22, 17:16:00, 9.44e-13, 9.17e-11
2019-09-22, 17:16:04, 9.03e-13, 9.17e-11
2019-09-22, 17:16:08, 9.71e-13, 9.12e-11
2019-09-22, 17:16:12, 9.19e-13, 9.16e-11
2019-09-22, 17:16:17, 9.13e-13, 9.13e-11
2019-09-22, 17:16:21, 9.7e-13, 9.12e-11
2019-09-22, 17:16:25, 9.15e-13, 9.13e-11
2019-09-22, 17:16:29, 9.53e-13, 9.13e-11
2019-09-22, 17:16:33, 9.77e-13, 9.13e-11
2019-09-22, 17:16:38, 9.79e-13, 9.14e-11
2019-09-22, 17:16:42, 8.93e-13, 9.1e-11
2019-09-22, 17:16:46, 9.9e-13, 9.11e-11
2019-09-22, 17:16:50, 9.7e-13, 9.13e-11
2019-09-22, 17:16:55, 9.84e-13, 9.14e-11
2019-09-22, 17:16:59, 9.76e-13, 9.15e-11
2019-09-22, 17:17:03, 9.11e-13, 9.15e-11
2019-09-22, 17:17:07, 9.7e-13, 9.16e-11
2019-09-22, 17:17:12, 9.41e-13, 9.13e-11
2019-09-22, 17:17:16, 9.22e-13, 9.18e-11
2019-09-22, 17:17:20, 1e-12, 9.14e-11
2019-09-22, 17:17:24, 9.71e-13, 9.13e-11
2019-09-22, 17:17:29, 9.33e-13, 9.13e-11
2019-09-22, 17:17:33, 1.06e-12, 9.09e-11
2019-09-22, 17:17:37, 8.4e-13, 9.11e-11
2019-09-22, 17:17:41, 1.01e-12, 9.09e-11
2019-09-22, 17:17:45, 1.01e-12, 9.13e-11
2019-09-22, 17:17:50, 9.95e-13, 9.13e-11
2019-09-22, 17:17:54, 1.03e-12, 9.14e-11
2019-09-22, 17:17:58, 9.5e-13, 9.15e-11
2019-09-22, 17:18:02, 1e-12, 9.17e-11
2019-09-22, 17:18:07, 9.77e-13, 9.11e-11
2019-09-22, 17:18:11, 8.62e-13, 9.16e-11
2019-09-22, 17:18:15, 9.71e-13, 9.13e-11
2019-09-22, 17:18:19, 9.87e-13, 9.12e-11
2019-09-22, 17:18:23, 9.55e-13, 9.13e-11
2019-09-22, 17:18:28, 9.63e-13, 9.1e-11
2019-09-22, 17:18:32, 9.75e-13, 9.12e-11
2019-09-22, 17:18:36, 9.3e-13, 9.13e-11
2019-09-22, 17:18:40, 9.43e-13, 9.14e-11
2019-09-22, 17:18:45, 9.68e-13, 9.12e-11
2019-09-22, 17:18:49, 9.26e-13, 9.13e-11
2019-09-22, 17:18:53, 9.6e-13, 9.11e-11
2019-09-22, 17:18:57, 1.04e-12, 9.16e-11
2019-09-22, 17:19:01, 9.3e-13, 9.12e-11
2019-09-22, 17:19:06, 9.5e-13, 9.13e-11
2019-09-22, 17:19:10, 9.31e-13, 9.12e-11
2019-09-22, 17:19:14, 9.62e-13, 9.15e-11
2019-09-22, 17:19:18, 9.62e-13, 9.12e-11
2019-09-22, 17:19:23, 9.46e-13, 9.09e-11
2019-09-22, 17:19:27, 1.02e-12, 9.11e-11
2019-09-22, 17:19:31, 1.02e-12, 9.12e-11
2019-09-22, 17:19:35, 9.62e-13, 9.13e-11
2019-09-22, 17:19:39, 8.42e-13, 9.08e-11
2019-09-22, 17:19:44, 9.72e-13, 9.14e-11
2019-09-22, 17:19:48, 1.04e-12, 9.12e-11
2019-09-22, 17:19:52, 9.17e-13, 9.12e-11
2019-09-22, 17:19:56, 9.01e-13, 9.13e-11
2019-09-22, 17:20:00, 1.03e-12, 9.13e-11
2019-09-22, 17:20:05, 9.75e-13, 9.15e-11
2019-09-22, 17:20:09, 9.29e-13, 9.11e-11
2019-09-22, 17:20:13, 9.61e-13, 9.14e-11
2019-09-22, 17:20:17, 9.53e-13, 9.12e-11
2019-09-22, 17:20:22, 9.74e-13, 9.16e-11
2019-09-22, 17:20:26, 9.5e-13, 9.14e-11
2019-09-22, 17:20:30, 9.79e-13, 9.14e-11
2019-09-22, 17:20:34, 9.28e-13, 9.17e-11
2019-09-22, 17:20:38, 9.86e-13, 9.13e-11
2019-09-22, 17:20:43, 9.65e-13, 9.11e-11
2019-09-22, 17:20:47, 9.54e-13, 9.13e-11
2019-09-22, 17:20:51, 9.2e-13, 9.12e-11
2019-09-22, 17:20:55, 9.85e-13, 9.13e-11
2019-09-22, 17:21:00, 9.78e-13, 9.11e-11
2019-09-22, 17:21:04, 9.77e-13, 9.11e-11
2019-09-22, 17:21:08, 9.84e-13, 9.14e-11
2019-09-22, 17:21:12, 9.5e-13, 9.12e-11
2019-09-22, 17:21:16, 9.85e-13, 9.15e-11
2019-09-22, 17:21:21, 9.92e-13, 9.09e-11
2019-09-22, 17:21:25, 9.32e-13, 9.15e-11
2019-09-22, 17:21:29, 9.79e-13, 9.13e-11
2019-09-22, 17:21:33, 9.31e-13, 9.11e-11
2019-09-22, 17:21:38, 8.51e-13, 9.15e-11
2019-09-22, 17:21:42, 1e-12, 9.13e-11
2019-09-22, 17:21:46, 9.53e-13, 9.14e-11
2019-09-22, 17:21:50, 8.41e-13, 9.13e-11
2019-09-22, 17:21:54, 9.89e-13, 9.13e-11
2019-09-22, 17:21:59, 9.56e-13, 9.14e-11
2019-09-22, 17:22:03, 9.54e-13, 9.13e-11
2019-09-22, 17:22:07, 9.5e-13, 9.11e-11
2019-09-22, 17:22:11, 9.19e-13, 9.11e-11
2019-09-22, 17:22:16, 9.85e-13, 9.13e-11
2019-09-22, 17:22:20, 9.8e-13, 9.18e-11
2019-09-22, 17:22:24, 1.06e-12, 9.14e-11
2019-09-22, 17:22:28, 1.08e-12, 9.11e-11
2019-09-22, 17:22:32, 9.53e-13, 9.12e-11
2019-09-22, 17:22:37, 9.29e-13, 9.13e-11
2019-09-22, 17:22:41, 9.86e-13, 9.09e-11
2019-09-22, 17:22:45, 9.32e-13, 9.08e-11
2019-09-22, 17:22:49, 9.48e-13, 9.09e-11
2019-09-22, 17:22:54, 9e-13, 9.14e-11
2019-09-22, 17:22:58, 9.31e-13, 9.11e-11
2019-09-22, 17:23:02, 9.99e-13, 9.12e-11
2019-09-22, 17:23:06, 9.23e-13, 9.09e-11
2019-09-22, 17:23:10, 1.03e-12, 9.11e-11
2019-09-22, 17:23:15, 1e-12, 9.1e-11
2019-09-22, 17:23:19, 9.36e-13, 9.14e-11
2019-09-22, 17:23:23, 9.52e-13, 9.12e-11
2019-09-22, 17:23:27, 9.93e-13, 9.18e-11
2019-09-22, 17:23:32, 9.7e-13, 9.14e-11
2019-09-22, 17:23:36, 9.87e-13, 9.15e-11
2019-09-22, 17:23:40, 9.47e-13, 9.11e-11
2019-09-22, 17:23:44, 9.88e-13, 9.13e-11
2019-09-22, 17:23:48, 9.99e-13, 9.13e-11
2019-09-22, 17:23:53, 9.37e-13, 9.1e-11
2019-09-22, 17:23:57, 9.55e-13, 9.14e-11
2019-09-22, 17:24:01, 1.02e-12, 9.13e-11
2019-09-22, 17:24:06, 9.69e-13, 9.14e-11
2019-09-22, 17:24:10, 9.77e-13, 9.1e-11
2019-09-22, 17:24:14, 9.9e-13, 9.12e-11
2019-09-22, 17:24:18, 9.42e-13, 9.17e-11
2019-09-22, 17:24:22, 9.33e-13, 9.12e-11
2019-09-22, 17:24:27, 1.01e-12, 9.12e-11
2019-09-22, 17:24:31, 9.64e-13, 9.15e-11
2019-09-22, 17:24:35, 9.48e-13, 9.12e-11
2019-09-22, 17:24:39, 8.71e-13, 9.14e-11
2019-09-22, 17:24:44, 9.9e-13, 9.15e-11
2019-09-22, 17:24:48, 9.21e-13, 9.14e-11
2019-09-22, 17:24:52, 9.47e-13, 9.16e-11
2019-09-22, 17:24:56, 9.35e-13, 9.13e-11
2019-09-22, 17:25:00, 9.32e-13, 9.15e-11
2019-09-22, 17:25:05, 9.85e-13, 9.11e-11
2019-09-22, 17:25:09, 9.87e-13, 9.13e-11
2019-09-22, 17:25:13, 8.33e-13, 9.12e-11
2019-09-22, 17:25:17, 8.42e-13, 9.17e-11
2019-09-22, 17:25:21, 9.73e-13, 9.1e-11
2019-09-22, 17:25:26, 9.84e-13, 9.1e-11
2019-09-22, 17:25:30, 9.37e-13, 9.1e-11
2019-09-22, 17:25:34, 1.02e-12, 9.12e-11
2019-09-22, 17:25:38, 9.86e-13, 9.13e-11
2019-09-22, 17:25:43, 9.59e-13, 9.12e-11
2019-09-22, 17:25:47, 9.45e-13, 9.12e-11
2019-09-22, 17:25:51, 1.01e-12, 9.1e-11
2019-09-22, 17:25:55, 9.54e-13, 9.11e-11
2019-09-22, 17:25:59, 9.06e-13, 9.12e-11
2019-09-22, 17:26:04, 9.93e-13, 9.11e-11
2019-09-22, 17:26:08, 9.55e-13, 9.12e-11
2019-09-22, 17:26:12, 1e-12, 9.13e-11
2019-09-22, 17:26:16, 9.81e-13, 9.13e-11
2019-09-22, 17:26:21, 9.1e-13, 9.12e-11
2019-09-22, 17:26:25, 9.44e-13, 9.13e-11
2019-09-22, 17:26:29, 9.35e-13, 9.13e-11
2019-09-22, 17:26:33, 9.41e-13, 9.14e-11
2019-09-22, 17:26:37, 9.33e-13, 9.12e-11
2019-09-22, 17:26:42, 8.81e-13, 9.16e-11
2019-09-22, 17:26:46, 9.29e-13, 9.14e-11
2019-09-22, 17:26:50, 1.06e-12, 9.15e-11
2019-09-22, 17:26:54, 1.02e-12, 9.13e-11
2019-09-22, 17:26:59, 9.84e-13, 9.14e-11
2019-09-22, 17:27:03, 9.09e-13, 9.15e-11
2019-09-22, 17:27:07, 9.95e-13, 9.14e-11
2019-09-22, 17:27:11, 9.95e-13, 9.13e-11
2019-09-22, 17:27:15, 9.63e-13, 9.13e-11
2019-09-22, 17:27:20, 9.82e-13, 9.16e-11
2019-09-22, 17:27:24, 9.01e-13, 9.13e-11
2019-09-22, 17:27:28, 8.77e-13, 9.12e-11
2019-09-22, 17:27:32, 9.8e-13, 9.13e-11
2019-09-22, 17:27:37, 1.01e-12, 9.11e-11
2019-09-22, 17:27:41, 1.11e-12, 9.15e-11
2019-09-22, 17:27:45, 9.5e-13, 9.14e-11
2019-09-22, 17:27:49, 9.12e-13, 9.13e-11
2019-09-22, 17:27:53, 9.52e-13, 9.11e-11
2019-09-22, 17:27:58, 9.21e-13, 9.15e-11
2019-09-22, 17:28:02, 9.04e-13, 9.12e-11
2019-09-22, 17:28:06, 9.21e-13, 9.16e-11
2019-09-22, 17:28:10, 1.02e-12, 9.15e-11
2019-09-22, 17:28:15, 9.48e-13, 9.13e-11
2019-09-22, 17:28:19, 1.03e-12, 9.12e-11
2019-09-22, 17:28:23, 9.61e-13, 9.13e-11
2019-09-22, 17:28:27, 1.09e-12, 9.15e-11
2019-09-22, 17:28:31, 9.84e-13, 9.12e-11
2019-09-22, 17:28:36, 9.07e-13, 9.15e-11
2019-09-22, 17:28:40, 8.76e-13, 9.15e-11
2019-09-22, 17:28:44, 9.26e-13, 9.13e-11
2019-09-22, 17:28:48, 9.08e-13, 9.16e-11
2019-09-22, 17:28:53, 9.61e-13, 9.14e-11
2019-09-22, 17:28:57, 9.27e-13, 9.12e-11
2019-09-22, 17:29:01, 9.77e-13, 9.15e-11
2019-09-22, 17:29:05, 1.08e-12, 9.12e-11
2019-09-22, 17:29:09, 9.56e-13, 9.13e-11
2019-09-22, 17:29:14, 9.44e-13, 9.14e-11
2019-09-22, 17:29:18, 9.85e-13, 9.12e-11
2019-09-22, 17:29:22, 9.5e-13, 9.12e-11
2019-09-22, 17:29:26, 9.65e-13, 9.11e-11
2019-09-22, 17:29:30, 1.04e-12, 9.14e-11
2019-09-22, 17:29:35, 9.48e-13, 9.11e-11
2019-09-22, 17:29:39, 9.18e-13, 9.13e-11
2019-09-22, 17:29:43, 1.01e-12, 9.19e-11
2019-09-22, 17:29:47, 9.35e-13, 9.14e-11
2019-09-22, 17:29:52, 1.05e-12, 9.13e-11
2019-09-22, 17:29:56, 9.62e-13, 9.14e-11
2019-09-22, 17:30:00, 1.07e-12, 9.19e-11
2019-09-22, 17:30:04, 9.24e-13, 9.14e-11
2019-09-22, 17:30:08, 9.52e-13, 9.13e-11
2019-09-22, 17:30:13, 9.52e-13, 9.09e-11
2019-09-22, 17:30:17, 1e-12, 9.15e-11
2019-09-22, 17:30:21, 9.7e-13, 9.13e-11
2019-09-22, 17:30:25, 1.05e-12, 9.13e-11
2019-09-22, 17:30:30, 9.73e-13, 9.15e-11
2019-09-22, 17:30:34, 9.96e-13, 9.16e-11
2019-09-22, 17:30:38, 1.02e-12, 9.15e-11
2019-09-22, 17:30:42, 9.06e-13, 9.1e-11
2019-09-22, 17:30:46, 9.73e-13, 9.14e-11
2019-09-22, 17:30:51, 9.55e-13, 9.15e-11
2019-09-22, 17:30:55, 9.89e-13, 9.16e-11
2019-09-22, 17:30:59, 9.59e-13, 9.11e-11
2019-09-22, 17:31:03, 9.17e-13, 9.12e-11
2019-09-22, 17:31:08, 8.68e-13, 9.1e-11
2019-09-22, 17:31:12, 9.65e-13, 9.14e-11
2019-09-22, 17:31:16, 1.01e-12, 9.1e-11
2019-09-22, 17:31:20, 9.61e-13, 9.13e-11
2019-09-22, 17:31:24, 9.19e-13, 9.12e-11
2019-09-22, 17:31:29, 1.03e-12, 9.14e-11
2019-09-22, 17:31:33, 9e-13, 9.15e-11
2019-09-22, 17:31:37, 9.17e-13, 9.14e-11
2019-09-22, 17:31:41, 1.02e-12, 9.16e-11
2019-09-22, 17:31:46, 9.69e-13, 9.13e-11
2019-09-22, 17:31:50, 9.8e-13, 9.13e-11
2019-09-22, 17:31:54, 1.01e-12, 9.1e-11
2019-09-22, 17:31:58, 9.9e-13, 9.14e-11
2019-09-22, 17:32:03, 9.37e-13, 9.12e-11
2019-09-22, 17:32:07, 9.46e-13, 9.12e-11
2019-09-22, 17:32:11, 9.63e-13, 9.12e-11
2019-09-22, 17:32:15, 9.51e-13, 9.12e-11
2019-09-22, 17:32:19, 9.91e-13, 9.1e-11
2019-09-22, 17:32:24, 1.06e-12, 9.14e-11
2019-09-22, 17:32:28, 9.82e-13, 9.14e-11
2019-09-22, 17:32:32, 9.58e-13, 9.13e-11
2019-09-22, 17:32:36, 9.4e-13, 9.15e-11
2019-09-22, 17:32:41, 9.81e-13, 9.13e-11
2019-09-22, 17:32:45, 9.21e-13, 9.14e-11
2019-09-22, 17:32:49, 9.23e-13, 9.15e-11
2019-09-22, 17:32:53, 8.93e-13, 9.14e-11
2019-09-22, 17:32:57, 9.32e-13, 9.13e-11
2019-09-22, 17:33:02, 9.76e-13, 9.16e-11
2019-09-22, 17:33:06, 1.06e-12, 9.12e-11
2019-09-22, 17:33:10, 1e-12, 9.12e-11
2019-09-22, 17:33:14, 9.8e-13, 9.13e-11
2019-09-22, 17:33:18, 1e-12, 9.13e-11
2019-09-22, 17:33:23, 1e-12, 9.14e-11
2019-09-22, 17:33:27, 9.54e-13, 9.12e-11
2019-09-22, 17:33:31, 9.98e-13, 9.15e-11
2019-09-22, 17:33:35, 1.06e-12, 9.14e-11
2019-09-22, 17:33:40, 9.68e-13, 9.1e-11
2019-09-22, 17:33:44, 9.05e-13, 9.14e-11
2019-09-22, 17:33:48, 1.02e-12, 9.14e-11
2019-09-22, 17:33:52, 9.31e-13, 9.15e-11
2019-09-22, 17:33:56, 9.88e-13, 9.12e-11
2019-09-22, 17:34:01, 9.5e-13, 9.14e-11
2019-09-22, 17:34:05, 1e-12, 9.14e-11
2019-09-22, 17:34:09, 9.49e-13, 9.16e-11
2019-09-22, 17:34:13, 9.83e-13, 9.14e-11
2019-09-22, 17:34:18, 9.03e-13, 9.15e-11
2019-09-22, 17:34:22, 9.59e-13, 9.15e-11
2019-09-22, 17:34:26, 9.73e-13, 9.16e-11
2019-09-22, 17:34:30, 9.17e-13, 9.14e-11
2019-09-22, 17:34:35, 9.08e-13, 9.13e-11
2019-09-22, 17:34:39, 9.7e-13, 9.12e-11
2019-09-22, 17:34:43, 9.63e-13, 9.12e-11
2019-09-22, 17:34:47, 1e-12, 9.13e-11
2019-09-22, 17:34:52, 9.58e-13, 9.13e-11
2019-09-22, 17:34:56, 9.41e-13, 9.1e-11
2019-09-22, 17:35:00, 9.53e-13, 9.11e-11
2019-09-22, 17:35:04, 9.44e-13, 9.16e-11
2019-09-22, 17:35:08, 9.17e-13, 9.11e-11
2019-09-22, 17:35:13, 9.17e-13, 9.15e-11
2019-09-22, 17:35:17, 9.85e-13, 9.11e-11
2019-09-22, 17:35:21, 9.12e-13, 9.12e-11
2019-09-22, 17:35:25, 9.59e-13, 9.12e-11
2019-09-22, 17:35:30, 9.3e-13, 9.11e-11
2019-09-22, 17:35:34, 1.01e-12, 9.13e-11
2019-09-22, 17:35:38, 9.56e-13, 9.09e-11
2019-09-22, 17:35:42, 9.23e-13, 9.13e-11
2019-09-22, 17:35:46, 8.62e-13, 9.16e-11
2019-09-22, 17:35:51, 1e-12, 9.13e-11
2019-09-22, 17:35:55, 1.02e-12, 9.15e-11
2019-09-22, 17:35:59, 9.65e-13, 9.16e-11
2019-09-22, 17:36:03, 9.73e-13, 9.15e-11
2019-09-22, 17:36:08, 9.39e-13, 9.14e-11
2019-09-22, 17:36:12, 9.79e-13, 9.12e-11
2019-09-22, 17:36:16, 9.95e-13, 9.14e-11
2019-09-22, 17:36:20, 9.69e-13, 9.13e-11
2019-09-22, 17:36:24, 1.09e-12, 9.14e-11
2019-09-22, 17:36:29, 9.22e-13, 9.12e-11
2019-09-22, 17:36:33, 9.61e-13, 9.14e-11
2019-09-22, 17:36:37, 9.45e-13, 9.16e-11
2019-09-22, 17:36:41, 9.57e-13, 9.13e-11
2019-09-22, 17:36:46, 9.49e-13, 9.12e-11
2019-09-22, 17:36:50, 1.15e-12, 9.12e-11
2019-09-22, 17:36:54, 1e-12, 9.13e-11
2019-09-22, 17:36:58, 9.86e-13, 9.13e-11
2019-09-22, 17:37:02, 9.45e-13, 9.1e-11
2019-09-22, 17:37:07, 1.02e-12, 9.13e-11
2019-09-22, 17:37:11, 9.88e-13, 9.14e-11
2019-09-22, 17:37:15, 9.8e-13, 9.12e-11
2019-09-22, 17:37:19, 9.67e-13, 9.14e-11
2019-09-22, 17:37:24, 9.33e-13, 9.13e-11
2019-09-22, 17:37:28, 8.92e-13, 9.13e-11
2019-09-22, 17:37:32, 9.79e-13, 9.14e-11
2019-09-22, 17:37:36, 9.3e-13, 9.14e-11
2019-09-22, 17:37:40, 1.04e-12, 9.12e-11
2019-09-22, 17:37:45, 1.01e-12, 9.12e-11
2019-09-22, 17:37:49, 9.58e-13, 9.16e-11
2019-09-22, 17:37:53, 9.52e-13, 9.13e-11
2019-09-22, 17:37:57, 9.95e-13, 9.14e-11
2019-09-22, 17:38:02, 9.61e-13, 9.14e-11
2019-09-22, 17:38:06, 9.48e-13, 9.1e-11
2019-09-22, 17:38:10, 9.95e-13, 9.13e-11
2019-09-22, 17:38:14, 9.11e-13, 9.15e-11
2019-09-22, 17:38:18, 8.83e-13, 9.13e-11
2019-09-22, 17:38:23, 1.01e-12, 9.16e-11
2019-09-22, 17:38:27, 9.73e-13, 9.13e-11
2019-09-22, 17:38:31, 9.86e-13, 9.14e-11
2019-09-22, 17:38:35, 9.78e-13, 9.13e-11
2019-09-22, 17:38:40, 9.05e-13, 9.14e-11
2019-09-22, 17:38:44, 9.63e-13, 9.12e-11
2019-09-22, 17:38:48, 1.02e-12, 9.12e-11
2019-09-22, 17:38:52, 9.01e-13, 9.13e-11
2019-09-22, 17:38:56, 9.64e-13, 9.14e-11
2019-09-22, 17:39:01, 1.02e-12, 9.15e-11
2019-09-22, 17:39:05, 9.92e-13, 9.13e-11
2019-09-22, 17:39:09, 8.93e-13, 9.17e-11
2019-09-22, 17:39:13, 9.5e-13, 9.12e-11
2019-09-22, 17:39:18, 9.84e-13, 9.15e-11
2019-09-22, 17:39:22, 9.23e-13, 9.12e-11
2019-09-22, 17:39:26, 8.67e-13, 9.09e-11
2019-09-22, 17:39:30, 9.2e-13, 9.14e-11
2019-09-22, 17:39:34, 1.08e-12, 9.11e-11
2019-09-22, 17:39:39, 9.25e-13, 9.13e-11
2019-09-22, 17:39:43, 9.56e-13, 9.13e-11
2019-09-22, 17:39:47, 9.17e-13, 9.1e-11
2019-09-22, 17:39:51, 1.02e-12, 9.11e-11
2019-09-22, 17:39:56, 8.9e-13, 9.11e-11
2019-09-22, 17:40:00, 9.58e-13, 9.13e-11
2019-09-22, 17:40:04, 9.84e-13, 9.06e-11
2019-09-22, 17:40:08, 9.22e-13, 9.13e-11
2019-09-22, 17:40:12, 9.27e-13, 9.19e-11
2019-09-22, 17:40:17, 1e-12, 9.13e-11
2019-09-22, 17:40:21, 9.45e-13, 9.11e-11
2019-09-22, 17:40:25, 9.85e-13, 9.12e-11
2019-09-22, 17:40:29, 9.35e-13, 9.15e-11
2019-09-22, 17:40:34, 8.71e-13, 9.15e-11
2019-09-22, 17:40:38, 9.94e-13, 9.11e-11
2019-09-22, 17:40:42, 9.64e-13, 9.12e-11
2019-09-22, 17:40:46, 9.58e-13, 9.15e-11
2019-09-22, 17:40:50, 9.42e-13, 9.19e-11
2019-09-22, 17:40:55, 9.6e-13, 9.15e-11
2019-09-22, 17:40:59, 9.63e-13, 9.11e-11
2019-09-22, 17:41:03, 9e-13, 9.11e-11
2019-09-22, 17:41:07, 9.57e-13, 9.16e-11
2019-09-22, 17:41:12, 9.32e-13, 9.11e-11
2019-09-22, 17:41:16, 9.3e-13, 9.14e-11
2019-09-22, 17:41:20, 9.57e-13, 9.13e-11
2019-09-22, 17:41:24, 9.61e-13, 9.11e-11
2019-09-22, 17:41:29, 9.75e-13, 9.18e-11
2019-09-22, 17:41:33, 9.44e-13, 9.09e-11
2019-09-22, 17:41:37, 9.69e-13, 9.11e-11
2019-09-22, 17:41:41, 9.56e-13, 9.11e-11
2019-09-22, 17:41:46, 9.52e-13, 9.14e-11
2019-09-22, 17:41:50, 9.76e-13, 9.15e-11
2019-09-22, 17:41:54, 9.88e-13, 9.11e-11
2019-09-22, 17:41:58, 9.48e-13, 9.12e-11
2019-09-22, 17:42:02, 8.76e-13, 9.12e-11
2019-09-22, 17:42:07, 1.03e-12, 9.12e-11
2019-09-22, 17:42:11, 1e-12, 9.13e-11
2019-09-22, 17:42:15, 9.43e-13, 9.15e-11
2019-09-22, 17:42:19, 9.13e-13, 9.11e-11
2019-09-22, 17:42:24, 9.44e-13, 9.11e-11
2019-09-22, 17:42:28, 1.11e-12, 9.14e-11
2019-09-22, 17:42:32, 1.01e-12, 9.14e-11
2019-09-22, 17:42:36, 8.97e-13, 9.12e-11
2019-09-22, 17:42:40, 9.99e-13, 9.12e-11
2019-09-22, 17:42:45, 1.02e-12, 9.13e-11
2019-09-22, 17:42:49, 9.6e-13, 9.14e-11
2019-09-22, 17:42:53, 1.03e-12, 9.13e-11
2019-09-22, 17:42:57, 1.09e-12, 9.12e-11
2019-09-22, 17:43:02, 9.33e-13, 9.1e-11
2019-09-22, 17:43:06, 9.77e-13, 9.09e-11
2019-09-22, 17:43:10, 9.45e-13, 9.17e-11
2019-09-22, 17:43:14, 9.79e-13, 9.12e-11
2019-09-22, 17:43:18, 9.65e-13, 9.15e-11
2019-09-22, 17:43:23, 9.64e-13, 9.16e-11
2019-09-22, 17:43:27, 9.44e-13, 9.11e-11
2019-09-22, 17:43:31, 9.37e-13, 9.09e-11
2019-09-22, 17:43:35, 9.66e-13, 9.11e-11
2019-09-22, 17:43:40, 9.2e-13, 9.11e-11
2019-09-22, 17:43:44, 9.99e-13, 9.14e-11
2019-09-22, 17:43:48, 9.6e-13, 9.11e-11
2019-09-22, 17:43:52, 1.02e-12, 9.11e-11
2019-09-22, 17:43:56, 9.73e-13, 9.12e-11
2019-09-22, 17:44:01, 9.67e-13, 9.12e-11
2019-09-22, 17:44:05, 9.35e-13, 9.12e-11
2019-09-22, 17:44:09, 9.72e-13, 9.14e-11
2019-09-22, 17:44:13, 9.74e-13, 9.13e-11
2019-09-22, 17:44:18, 9.84e-13, 9.15e-11
2019-09-22, 17:44:22, 8.98e-13, 9.12e-11
2019-09-22, 17:44:26, 8.87e-13, 9.15e-11
2019-09-22, 17:44:30, 9.44e-13, 9.15e-11
2019-09-22, 17:44:34, 9.62e-13, 9.16e-11
2019-09-22, 17:44:39, 9.85e-13, 9.14e-11
2019-09-22, 17:44:43, 9.6e-13, 9.17e-11
2019-09-22, 17:44:47, 9.7e-13, 9.12e-11
2019-09-22, 17:44:51, 9.19e-13, 9.11e-11
2019-09-22, 17:44:56, 9.14e-13, 9.15e-11
2019-09-22, 17:45:00, 9.62e-13, 9.12e-11
2019-09-22, 17:45:04, 9.26e-13, 9.16e-11
2019-09-22, 17:45:08, 9.45e-13, 9.12e-11
2019-09-22, 17:45:12, 9.6e-13, 9.1e-11
2019-09-22, 17:45:17, 9.71e-13, 9.15e-11
2019-09-22, 17:45:21, 9.64e-13, 9.15e-11
2019-09-22, 17:45:25, 9.52e-13, 9.14e-11
2019-09-22, 17:45:29, 1.01e-12, 9.15e-11
2019-09-22, 17:45:33, 1.07e-12, 9.14e-11
2019-09-22, 17:45:38, 9.11e-13, 9.12e-11
2019-09-22, 17:45:42, 8.36e-13, 9.14e-11
2019-09-22, 17:45:46, 9.59e-13, 9.12e-11
2019-09-22, 17:45:50, 9.6e-13, 9.16e-11
2019-09-22, 17:45:55, 1.03e-12, 9.12e-11
2019-09-22, 17:45:59, 1.07e-12, 9.15e-11
2019-09-22, 17:46:03, 1e-12, 9.11e-11
2019-09-22, 17:46:07, 9.21e-13, 9.11e-11
2019-09-22, 17:46:11, 1.07e-12, 9.1e-11
2019-09-22, 17:46:16, 9.33e-13, 9.16e-11
2019-09-22, 17:46:20, 9.45e-13, 9.1e-11
2019-09-22, 17:46:24, 1.12e-12, 9.13e-11
2019-09-22, 17:46:28, 9.2e-13, 9.12e-11
2019-09-22, 17:46:33, 1.02e-12, 9.11e-11
2019-09-22, 17:46:37, 9.42e-13, 9.16e-11
2019-09-22, 17:46:41, 9.06e-13, 9.16e-11
2019-09-22, 17:46:45, 9.88e-13, 9.11e-11
2019-09-22, 17:46:49, 9.71e-13, 9.16e-11
2019-09-22, 17:46:54, 9.19e-13, 9.13e-11
2019-09-22, 17:46:58, 9.68e-13, 9.14e-11
2019-09-22, 17:47:02, 9.55e-13, 9.13e-11
2019-09-22, 17:47:09, 9.66e-13, 9.12e-11
2019-09-22, 17:47:13, 9.27e-13, 9.14e-11
2019-09-22, 17:47:17, 9.47e-13, 9.15e-11
2019-09-22, 17:47:22, 9.18e-13, 9.11e-11
2019-09-22, 17:47:26, 9.61e-13, 9.12e-11
2019-09-22, 17:47:30, 9.7e-13, 9.12e-11
2019-09-22, 17:47:34, 1.02e-12, 9.13e-11
2019-09-22, 17:47:39, 9.7e-13, 9.13e-11
2019-09-22, 17:47:43, 1.01e-12, 9.12e-11
2019-09-22, 17:47:47, 9.56e-13, 9.17e-11
2019-09-22, 17:47:51, 9.28e-13, 9.1e-11
2019-09-22, 17:47:55, 9.59e-13, 9.13e-11
2019-09-22, 17:48:00, 9.13e-13, 9.12e-11
2019-09-22, 17:48:04, 9.42e-13, 9.13e-11
2019-09-22, 17:48:08, 9.84e-13, 9.13e-11
2019-09-22, 17:48:12, 9.74e-13, 9.13e-11
2019-09-22, 17:48:16, 8.95e-13, 9.09e-11
2019-09-22, 17:48:21, 9.77e-13, 9.1e-11
2019-09-22, 17:48:25, 9.49e-13, 9.09e-11
2019-09-22, 17:48:29, 9.35e-13, 9.14e-11
2019-09-22, 17:48:33, 1.06e-12, 9.12e-11
2019-09-22, 17:48:38, 9.57e-13, 9.11e-11
2019-09-22, 17:48:42, 9.12e-13, 9.13e-11
2019-09-22, 17:48:46, 9.2e-13, 9.12e-11
2019-09-22, 17:48:50, 9.12e-13, 9.13e-11
2019-09-22, 17:48:55, 8.9e-13, 9.1e-11
2019-09-22, 17:48:59, 9.89e-13, 9.11e-11
2019-09-22, 17:49:03, 9.48e-13, 9.11e-11
2019-09-22, 17:49:07, 1.04e-12, 9.11e-11
2019-09-22, 17:49:11, 9.86e-13, 9.13e-11
2019-09-22, 17:49:16, 1.08e-12, 9.16e-11
2019-09-22, 17:49:20, 1.08e-12, 9.15e-11
2019-09-22, 17:49:24, 1e-12, 9.11e-11
2019-09-22, 17:49:28, 9.76e-13, 9.17e-11
2019-09-22, 17:49:32, 1.08e-12, 9.15e-11
2019-09-22, 17:49:37, 9.45e-13, 9.12e-11
2019-09-22, 17:49:41, 1e-12, 9.09e-11
2019-09-22, 17:49:45, 9.68e-13, 9.13e-11
2019-09-22, 17:49:49, 9.31e-13, 9.11e-11
2019-09-22, 17:49:54, 9.74e-13, 9.1e-11
2019-09-22, 17:49:58, 8.74e-13, 9.1e-11
2019-09-22, 17:50:02, 9.98e-13, 9.11e-11
2019-09-22, 17:50:06, 9.36e-13, 9.09e-11
2019-09-22, 17:50:10, 9.25e-13, 9.13e-11
2019-09-22, 17:50:15, 1.03e-12, 9.13e-11
2019-09-22, 17:50:19, 9.68e-13, 9.12e-11
2019-09-22, 17:50:23, 9.97e-13, 9.07e-11
2019-09-22, 17:50:27, 1.15e-12, 9.14e-11
2019-09-22, 17:50:32, 9.97e-13, 9.1e-11
2019-09-22, 17:50:36, 9.44e-13, 9.12e-11
2019-09-22, 17:50:40, 9.7e-13, 9.14e-11
2019-09-22, 17:50:44, 9.28e-13, 9.15e-11
2019-09-22, 17:50:48, 9.57e-13, 9.11e-11
2019-09-22, 17:50:53, 1e-12, 9.12e-11
2019-09-22, 17:50:57, 1.02e-12, 9.1e-11
2019-09-22, 17:51:01, 9.58e-13, 9.11e-11
2019-09-22, 17:51:05, 1.02e-12, 9.1e-11
2019-09-22, 17:51:10, 9.93e-13, 9.13e-11
2019-09-22, 17:51:14, 9.4e-13, 9.12e-11
2019-09-22, 17:51:18, 9.58e-13, 9.14e-11
2019-09-22, 17:51:22, 1.03e-12, 9.13e-11
2019-09-22, 17:51:26, 1.02e-12, 9.12e-11
2019-09-22, 17:51:31, 1.07e-12, 9.12e-11
2019-09-22, 17:51:35, 9.69e-13, 9.11e-11
2019-09-22, 17:51:39, 9.48e-13, 9.14e-11
2019-09-22, 17:51:43, 1.02e-12, 9.11e-11
2019-09-22, 17:51:48, 9.78e-13, 9.1e-11
2019-09-22, 17:51:52, 9.27e-13, 9.16e-11
2019-09-22, 17:51:56, 9.47e-13, 9.09e-11
2019-09-22, 17:52:00, 9.73e-13, 9.13e-11
2019-09-22, 17:52:04, 9.9e-13, 9.11e-11
2019-09-22, 17:52:09, 1.08e-12, 9.11e-11
2019-09-22, 17:52:13, 9.94e-13, 9.13e-11
2019-09-22, 17:52:17, 9.68e-13, 9.11e-11
2019-09-22, 17:52:21, 9.7e-13, 9.12e-11
2019-09-22, 17:52:26, 9.69e-13, 9.14e-11
2019-09-22, 17:52:30, 1.13e-12, 9.13e-11
2019-09-22, 17:52:34, 8.88e-13, 9.11e-11
2019-09-22, 17:52:38, 9.33e-13, 9.13e-11
2019-09-22, 17:52:42, 9.53e-13, 9.11e-11
2019-09-22, 17:52:47, 1e-12, 9.12e-11
2019-09-22, 17:52:51, 9.25e-13, 9.09e-11
2019-09-22, 17:52:55, 9.65e-13, 9.14e-11
2019-09-22, 17:52:59, 9.67e-13, 9.09e-11
2019-09-22, 17:53:03, 9.7e-13, 9.11e-11
2019-09-22, 17:53:08, 9.21e-13, 9.13e-11
2019-09-22, 17:53:12, 9.99e-13, 9.14e-11
2019-09-22, 17:53:16, 9.32e-13, 9.12e-11
2019-09-22, 17:53:20, 9.77e-13, 9.14e-11
2019-09-22, 17:53:25, 9.45e-13, 9.12e-11
2019-09-22, 17:53:29, 8.95e-13, 9.11e-11
2019-09-22, 17:53:33, 9.59e-13, 9.13e-11
2019-09-22, 17:53:37, 9.33e-13, 9.13e-11
2019-09-22, 17:53:41, 1.01e-12, 9.11e-11
2019-09-22, 17:53:46, 9.81e-13, 9.15e-11
2019-09-22, 17:53:50, 9.52e-13, 9.07e-11
2019-09-22, 17:53:54, 1.01e-12, 9.14e-11
2019-09-22, 17:53:58, 9.79e-13, 9.12e-11
2019-09-22, 17:54:03, 9.72e-13, 9.12e-11
2019-09-22, 17:54:07, 9.95e-13, 9.1e-11
2019-09-22, 17:54:11, 1.02e-12, 9.1e-11
2019-09-22, 17:54:15, 9.48e-13, 9.16e-11
2019-09-22, 17:54:19, 9.62e-13, 9.13e-11
2019-09-22, 17:54:24, 9.52e-13, 9.16e-11
2019-09-22, 17:54:28, 9.76e-13, 9.13e-11
2019-09-22, 17:54:32, 9.99e-13, 9.16e-11
2019-09-22, 17:54:36, 9.4e-13, 9.13e-11
2019-09-22, 17:54:41, 1e-12, 9.13e-11
2019-09-22, 17:54:45, 9.5e-13, 9.15e-11
2019-09-22, 17:54:49, 9.71e-13, 9.11e-11
2019-09-22, 17:54:53, 9.37e-13, 9.15e-11
2019-09-22, 17:54:57, 8.78e-13, 9.13e-11
2019-09-22, 17:55:02, 9.74e-13, 9.12e-11
2019-09-22, 17:55:06, 9.25e-13, 9.12e-11
2019-09-22, 17:55:10, 9.48e-13, 9.13e-11
2019-09-22, 17:55:14, 9.26e-13, 9.13e-11
2019-09-22, 17:55:19, 9.84e-13, 9.13e-11
2019-09-22, 17:55:23, 9.9e-13, 9.14e-11
2019-09-22, 17:55:27, 9.7e-13, 9.12e-11
2019-09-22, 17:55:31, 9.14e-13, 9.11e-11
2019-09-22, 17:55:35, 9.97e-13, 9.13e-11
2019-09-22, 17:55:40, 9.81e-13, 9.14e-11
2019-09-22, 17:55:44, 9.93e-13, 9.1e-11
2019-09-22, 17:55:48, 9.84e-13, 9.11e-11
2019-09-22, 17:55:52, 9.5e-13, 9.14e-11
2019-09-22, 17:55:57, 9.81e-13, 9.13e-11
2019-09-22, 17:56:01, 9.56e-13, 9.13e-11
2019-09-22, 17:56:05, 1.02e-12, 9.1e-11
2019-09-22, 17:56:09, 9.71e-13, 9.09e-11
2019-09-22, 17:56:13, 1.11e-12, 9.14e-11
2019-09-22, 17:56:18, 9.55e-13, 9.18e-11
2019-09-22, 17:56:22, 1.04e-12, 9.11e-11
2019-09-22, 17:56:26, 9.3e-13, 9.12e-11
2019-09-22, 17:56:30, 1.02e-12, 9.1e-11
2019-09-22, 17:56:34, 1.03e-12, 9.09e-11
2019-09-22, 17:56:39, 9.58e-13, 9.09e-11
2019-09-22, 17:56:43, 9.9e-13, 9.1e-11
2019-09-22, 17:56:47, 1.05e-12, 9.09e-11
2019-09-22, 17:56:51, 9.47e-13, 9.12e-11
2019-09-22, 17:56:56, 9.03e-13, 9.14e-11
2019-09-22, 17:57:00, 9.62e-13, 9.14e-11
2019-09-22, 17:57:04, 9.2e-13, 9.14e-11
2019-09-22, 17:57:08, 9.81e-13, 9.11e-11
2019-09-22, 17:57:12, 9.6e-13, 9.1e-11
2019-09-22, 17:57:17, 9.84e-13, 9.17e-11
2019-09-22, 17:57:21, 9.64e-13, 9.15e-11
2019-09-22, 17:57:25, 1.03e-12, 9.15e-11
2019-09-22, 17:57:29, 9.95e-13, 9.13e-11
2019-09-22, 17:57:34, 9.4e-13, 9.12e-11
2019-09-22, 17:57:38, 9.86e-13, 9.11e-11
2019-09-22, 17:57:42, 9.57e-13, 9.13e-11
2019-09-22, 17:57:46, 9.34e-13, 9.16e-11
2019-09-22, 17:57:50, 1.11e-12, 9.09e-11
2019-09-22, 17:57:55, 9.37e-13, 9.13e-11
2019-09-22, 17:57:59, 9.86e-13, 9.13e-11
2019-09-22, 17:58:03, 1.13e-12, 9.15e-11
2019-09-22, 17:58:07, 9.72e-13, 9.12e-11
2019-09-22, 17:58:12, 9.71e-13, 9.14e-11
2019-09-22, 17:58:16, 9.55e-13, 9.06e-11
2019-09-22, 17:58:20, 9.78e-13, 9.09e-11
2019-09-22, 17:58:24, 8.85e-13, 9.09e-11
2019-09-22, 17:58:28, 1.02e-12, 9.11e-11
2019-09-22, 17:58:33, 9.5e-13, 9.11e-11
2019-09-22, 17:58:37, 8.84e-13, 9.12e-11
2019-09-22, 17:58:41, 8.69e-13, 9.13e-11
2019-09-22, 17:58:45, 9.73e-13, 9.13e-11
2019-09-22, 17:58:50, 1.03e-12, 9.1e-11
2019-09-22, 17:58:54, 9.37e-13, 9.13e-11
2019-09-22, 17:58:58, 9.87e-13, 9.12e-11
2019-09-22, 17:59:02, 8.81e-13, 9.16e-11
2019-09-22, 17:59:06, 9.2e-13, 9.15e-11
2019-09-22, 17:59:11, 9.59e-13, 9.11e-11
2019-09-22, 17:59:15, 9.18e-13, 9.13e-11
2019-09-22, 17:59:19, 9.32e-13, 9.11e-11
2019-09-22, 17:59:23, 9.99e-13, 9.13e-11
2019-09-22, 17:59:28, 1.12e-12, 9.12e-11
2019-09-22, 17:59:32, 9.41e-13, 9.14e-11
2019-09-22, 17:59:36, 1.01e-12, 9.1e-11
2019-09-22, 17:59:40, 9.67e-13, 9.07e-11
2019-09-22, 17:59:44, 1.01e-12, 9.1e-11
2019-09-22, 17:59:49, 9.59e-13, 9.12e-11
2019-09-22, 17:59:53, 9.29e-13, 9.08e-11
2019-09-22, 17:59:57, 9.96e-13, 9.12e-11
2019-09-22, 18:00:01, 9.31e-13, 9.11e-11
2019-09-22, 18:00:06, 9.72e-13, 9.13e-11
2019-09-22, 18:00:10, 9.97e-13, 9.1e-11
2019-09-22, 18:00:14, 9.65e-13, 9.12e-11
2019-09-22, 18:00:18, 9.28e-13, 9.11e-11
2019-09-22, 18:00:22, 9.97e-13, 9.1e-11
2019-09-22, 18:00:27, 9.99e-13, 9.09e-11
2019-09-22, 18:00:31, 9.63e-13, 9.13e-11
2019-09-22, 18:00:35, 9.97e-13, 9.12e-11
2019-09-22, 18:00:39, 9.5e-13, 9.13e-11
2019-09-22, 18:00:43, 1.06e-12, 9.09e-11
2019-09-22, 18:00:48, 9.25e-13, 9.11e-11
2019-09-22, 18:00:52, 1e-12, 9.09e-11
2019-09-22, 18:00:56, 9.62e-13, 9.13e-11
2019-09-22, 18:01:00, 9.51e-13, 9.11e-11
2019-09-22, 18:01:05, 1.01e-12, 9.15e-11
2019-09-22, 18:01:09, 9.32e-13, 9.12e-11
2019-09-22, 18:01:13, 9.58e-13, 9.11e-11
2019-09-22, 18:01:17, 9.77e-13, 9.13e-11
2019-09-22, 18:01:21, 9.83e-13, 9.16e-11
2019-09-22, 18:01:26, 9.12e-13, 9.13e-11
2019-09-22, 18:01:30, 8.9e-13, 9.18e-11
2019-09-22, 18:01:34, 9.19e-13, 9.14e-11
2019-09-22, 18:01:38, 8.57e-13, 9.17e-11
2019-09-22, 18:01:43, 9.58e-13, 9.13e-11
2019-09-22, 18:01:47, 9.1e-13, 9.14e-11
2019-09-22, 18:01:51, 9.64e-13, 9.15e-11
2019-09-22, 18:01:55, 9.29e-13, 9.12e-11
2019-09-22, 18:01:59, 9.7e-13, 9.12e-11
2019-09-22, 18:02:04, 1e-12, 9.13e-11
2019-09-22, 18:02:08, 9.69e-13, 9.16e-11
2019-09-22, 18:02:12, 9.3e-13, 9.13e-11
2019-09-22, 18:02:16, 9.32e-13, 9.16e-11
2019-09-22, 18:02:21, 9.53e-13, 9.12e-11
2019-09-22, 18:02:25, 8.92e-13, 9.13e-11
2019-09-22, 18:02:29, 9.74e-13, 9.12e-11
2019-09-22, 18:02:33, 9.94e-13, 9.13e-11
2019-09-22, 18:02:37, 9.21e-13, 9.14e-11
2019-09-22, 18:02:42, 9.72e-13, 9.16e-11
2019-09-22, 18:02:46, 9.56e-13, 9.13e-11
2019-09-22, 18:02:50, 9.25e-13, 9.14e-11
2019-09-22, 18:02:54, 9.93e-13, 9.11e-11
2019-09-22, 18:02:59, 9.49e-13, 9.18e-11
2019-09-22, 18:03:03, 1e-12, 9.09e-11
2019-09-22, 18:03:07, 9.77e-13, 9.13e-11
2019-09-22, 18:03:11, 1.01e-12, 9.12e-11
2019-09-22, 18:03:15, 9.69e-13, 9.1e-11
2019-09-22, 18:03:20, 1.01e-12, 9.15e-11
2019-09-22, 18:03:24, 1.01e-12, 9.15e-11
2019-09-22, 18:03:28, 1.01e-12, 9.12e-11
2019-09-22, 18:03:32, 9.54e-13, 9.09e-11
2019-09-22, 18:03:37, 1.01e-12, 9.12e-11
2019-09-22, 18:03:41, 1e-12, 9.14e-11
2019-09-22, 18:03:45, 1.07e-12, 9.13e-11
2019-09-22, 18:03:49, 9.4e-13, 9.13e-11
2019-09-22, 18:03:53, 9.63e-13, 9.14e-11
2019-09-22, 18:03:58, 9.25e-13, 9.13e-11
2019-09-22, 18:04:02, 1e-12, 9.14e-11
2019-09-22, 18:04:06, 9.24e-13, 9.16e-11
2019-09-22, 18:04:10, 1.02e-12, 9.14e-11
2019-09-22, 18:04:15, 9.73e-13, 9.12e-11
2019-09-22, 18:04:19, 9.54e-13, 9.14e-11
2019-09-22, 18:04:23, 9.79e-13, 9.14e-11
2019-09-22, 18:04:27, 1.01e-12, 9.13e-11
2019-09-22, 18:04:31, 9.97e-13, 9.15e-11
2019-09-22, 18:04:36, 9.77e-13, 9.14e-11
2019-09-22, 18:04:40, 9.5e-13, 9.11e-11
2019-09-22, 18:04:44, 8.94e-13, 9.11e-11
2019-09-22, 18:04:48, 1.02e-12, 9.1e-11
2019-09-22, 18:04:52, 1.07e-12, 9.07e-11
2019-09-22, 18:04:57, 1.01e-12, 9.1e-11
2019-09-22, 18:05:01, 9.53e-13, 9.14e-11
2019-09-22, 18:05:05, 9.6e-13, 9.16e-11
2019-09-22, 18:05:09, 9.32e-13, 9.16e-11
2019-09-22, 18:05:14, 9.86e-13, 9.13e-11
2019-09-22, 18:05:18, 9.53e-13, 9.12e-11
2019-09-22, 18:05:22, 9.13e-13, 9.11e-11
2019-09-22, 18:05:26, 9.43e-13, 9.15e-11
2019-09-22, 18:05:30, 9.65e-13, 9.14e-11
2019-09-22, 18:05:35, 9.04e-13, 9.13e-11
2019-09-22, 18:05:39, 9.5e-13, 9.12e-11
2019-09-22, 18:05:43, 9.42e-13, 9.12e-11
2019-09-22, 18:05:47, 1.02e-12, 9.15e-11
2019-09-22, 18:05:52, 9.33e-13, 9.09e-11
2019-09-22, 18:05:56, 9.45e-13, 9.15e-11
2019-09-22, 18:06:00, 9.47e-13, 9.17e-11
2019-09-22, 18:06:04, 9.92e-13, 9.15e-11
2019-09-22, 18:06:08, 1.04e-12, 9.16e-11
2019-09-22, 18:06:13, 9.38e-13, 9.15e-11
2019-09-22, 18:06:17, 9.59e-13, 9.14e-11
2019-09-22, 18:06:21, 9.41e-13, 9.13e-11
2019-09-22, 18:06:25, 9.92e-13, 9.13e-11
2019-09-22, 18:06:30, 9.92e-13, 9.17e-11
2019-09-22, 18:06:34, 9.63e-13, 9.09e-11
2019-09-22, 18:06:38, 9.83e-13, 9.11e-11
2019-09-22, 18:06:42, 1e-12, 9.14e-11
2019-09-22, 18:06:46, 9.36e-13, 9.12e-11
2019-09-22, 18:06:51, 8.34e-13, 9.13e-11
2019-09-22, 18:06:55, 1.02e-12, 9.11e-11
2019-09-22, 18:06:59, 9.57e-13, 9.14e-11
2019-09-22, 18:07:03, 9.54e-13, 9.16e-11
2019-09-22, 18:07:08, 9.76e-13, 9.15e-11
2019-09-22, 18:07:12, 1.04e-12, 9.15e-11
2019-09-22, 18:07:16, 9.64e-13, 9.16e-11
2019-09-22, 18:07:20, 9.53e-13, 9.15e-11
2019-09-22, 18:07:24, 1.01e-12, 9.18e-11
2019-09-22, 18:07:29, 1.08e-12, 9.14e-11
2019-09-22, 18:07:33, 9.32e-13, 9.11e-11
2019-09-22, 18:07:37, 1.01e-12, 9.16e-11
2019-09-22, 18:07:41, 9.77e-13, 9.14e-11
2019-09-22, 18:07:46, 9.84e-13, 9.17e-11
2019-09-22, 18:07:50, 9.75e-13, 9.16e-11
2019-09-22, 18:07:54, 9.43e-13, 9.18e-11
2019-09-22, 18:07:58, 9.79e-13, 9.14e-11
2019-09-22, 18:08:02, 8.44e-13, 9.14e-11
2019-09-22, 18:08:07, 9.92e-13, 9.15e-11
2019-09-22, 18:08:11, 9.97e-13, 9.13e-11
2019-09-22, 18:08:15, 1.06e-12, 9.1e-11
2019-09-22, 18:08:19, 9.67e-13, 9.14e-11
2019-09-22, 18:08:24, 9.37e-13, 9.15e-11
2019-09-22, 18:08:28, 9.56e-13, 9.12e-11
2019-09-22, 18:08:32, 9.32e-13, 9.12e-11
2019-09-22, 18:08:36, 9.58e-13, 9.11e-11
2019-09-22, 18:08:40, 9.77e-13, 9.08e-11
2019-09-22, 18:08:45, 9.66e-13, 9.13e-11
2019-09-22, 18:08:49, 9.37e-13, 9.11e-11
2019-09-22, 18:08:53, 9.38e-13, 9.14e-11
2019-09-22, 18:08:57, 8.73e-13, 9.14e-11
2019-09-22, 18:09:02, 9.06e-13, 9.11e-11
2019-09-22, 18:09:06, 1.01e-12, 9.13e-11
2019-09-22, 18:09:10, 9.74e-13, 9.17e-11
2019-09-22, 18:09:14, 9.68e-13, 9.12e-11
2019-09-22, 18:09:18, 9.67e-13, 9.12e-11
2019-09-22, 18:09:23, 1e-12, 9.17e-11
2019-09-22, 18:09:27, 9.66e-13, 9.14e-11
2019-09-22, 18:09:31, 9.59e-13, 9.17e-11
2019-09-22, 18:09:35, 9.38e-13, 9.17e-11
2019-09-22, 18:09:39, 9.89e-13, 9.11e-11
2019-09-22, 18:09:44, 9.5e-13, 9.13e-11
2019-09-22, 18:09:48, 9.59e-13, 9.12e-11
2019-09-22, 18:09:52, 9.34e-13, 9.16e-11
2019-09-22, 18:09:56, 1.02e-12, 9.14e-11
2019-09-22, 18:10:01, 9.34e-13, 9.13e-11
2019-09-22, 18:10:05, 9.41e-13, 9.17e-11
2019-09-22, 18:10:09, 1.05e-12, 9.12e-11
2019-09-22, 18:10:13, 9.81e-13, 9.15e-11
2019-09-22, 18:10:17, 9.39e-13, 9.15e-11
2019-09-22, 18:10:22, 9.75e-13, 9.17e-11
2019-09-22, 18:10:26, 8.26e-13, 9.15e-11
2019-09-22, 18:10:30, 8.44e-13, 9.17e-11
2019-09-22, 18:10:34, 9.71e-13, 9.17e-11
2019-09-22, 18:10:39, 9.63e-13, 9.13e-11
2019-09-22, 18:10:43, 9.39e-13, 9.15e-11
2019-09-22, 18:10:47, 9.8e-13, 9.13e-11
2019-09-22, 18:10:51, 9.3e-13, 9.12e-11
2019-09-22, 18:10:55, 1.02e-12, 9.17e-11
2019-09-22, 18:11:00, 9.62e-13, 9.11e-11
2019-09-22, 18:11:04, 1.01e-12, 9.12e-11
2019-09-22, 18:11:08, 1.09e-12, 9.13e-11
2019-09-22, 18:11:12, 1e-12, 9.09e-11
2019-09-22, 18:11:17, 9.98e-13, 9.15e-11
2019-09-22, 18:11:21, 9.69e-13, 9.11e-11
2019-09-22, 18:11:25, 9.38e-13, 9.13e-11
2019-09-22, 18:11:29, 9.46e-13, 9.12e-11
2019-09-22, 18:11:33, 1.01e-12, 9.15e-11
2019-09-22, 18:11:38, 9.98e-13, 9.16e-11
2019-09-22, 18:11:42, 9.17e-13, 9.14e-11
2019-09-22, 18:11:46, 9.59e-13, 9.14e-11
2019-09-22, 18:11:50, 9.55e-13, 9.12e-11
2019-09-22, 18:11:55, 9.62e-13, 9.13e-11
2019-09-22, 18:11:59, 8.68e-13, 9.15e-11
2019-09-22, 18:12:03, 9.88e-13, 9.14e-11
2019-09-22, 18:12:07, 9.38e-13, 9.13e-11
2019-09-22, 18:12:11, 1.15e-12, 9.15e-11
2019-09-22, 18:12:16, 8.84e-13, 9.15e-11
2019-09-22, 18:12:20, 9.47e-13, 9.12e-11
2019-09-22, 18:12:24, 9.86e-13, 9.07e-11
2019-09-22, 18:12:28, 1e-12, 9.1e-11
2019-09-22, 18:12:33, 9.85e-13, 9.12e-11
2019-09-22, 18:12:37, 9.44e-13, 9.12e-11
2019-09-22, 18:12:41, 9.51e-13, 9.15e-11
2019-09-22, 18:12:45, 1.03e-12, 9.16e-11
2019-09-22, 18:12:49, 9.08e-13, 9.13e-11
2019-09-22, 18:12:54, 9.27e-13, 9.13e-11
2019-09-22, 18:12:58, 9.96e-13, 9.11e-11
2019-09-22, 18:13:02, 1.06e-12, 9.12e-11
2019-09-22, 18:13:06, 9.49e-13, 9.1e-11
2019-09-22, 18:13:11, 9.04e-13, 9.13e-11
2019-09-22, 18:13:15, 9.34e-13, 9.15e-11
2019-09-22, 18:13:19, 9.86e-13, 9.11e-11
2019-09-22, 18:13:23, 9.83e-13, 9.11e-11
2019-09-22, 18:13:27, 9.88e-13, 9.11e-11
2019-09-22, 18:13:32, 7.91e-13, 9.08e-11
2019-09-22, 18:13:36, 9.71e-13, 9.11e-11
2019-09-22, 18:13:40, 9.25e-13, 9.14e-11
2019-09-22, 18:13:44, 9.45e-13, 9.14e-11
2019-09-22, 18:13:49, 9.79e-13, 9.12e-11
2019-09-22, 18:13:53, 9.9e-13, 9.11e-11
2019-09-22, 18:13:57, 1.01e-12, 9.13e-11
2019-09-22, 18:14:01, 1.01e-12, 9.1e-11
2019-09-22, 18:14:05, 1.02e-12, 9.12e-11
2019-09-22, 18:14:10, 9.92e-13, 9.14e-11
2019-09-22, 18:14:14, 1.01e-12, 9.13e-11
2019-09-22, 18:14:18, 1.02e-12, 9.15e-11
2019-09-22, 18:14:22, 9.25e-13, 9.13e-11
2019-09-22, 18:14:27, 9.42e-13, 9.13e-11
2019-09-22, 18:14:31, 8.29e-13, 9.15e-11
2019-09-22, 18:14:35, 1.02e-12, 9.12e-11
2019-09-22, 18:14:39, 9.71e-13, 9.12e-11
2019-09-22, 18:14:43, 1.04e-12, 9.14e-11
2019-09-22, 18:14:48, 9.22e-13, 9.14e-11
2019-09-22, 18:14:52, 9.64e-13, 9.13e-11
2019-09-22, 18:14:56, 9.76e-13, 9.09e-11
2019-09-22, 18:15:00, 9.71e-13, 9.11e-11
2019-09-22, 18:15:05, 8.92e-13, 9.14e-11
2019-09-22, 18:15:09, 9.63e-13, 9.12e-11
2019-09-22, 18:15:13, 9.86e-13, 9.13e-11
2019-09-22, 18:15:17, 9.68e-13, 9.14e-11
2019-09-22, 18:15:21, 8.89e-13, 9.12e-11
2019-09-22, 18:15:26, 9.81e-13, 9.13e-11
2019-09-22, 18:15:30, 9.76e-13, 9.2e-11
2019-09-22, 18:15:34, 1.03e-12, 9.17e-11
2019-09-22, 18:15:38, 1.02e-12, 9.16e-11
2019-09-22, 18:15:43, 8.61e-13, 9.12e-11
2019-09-22, 18:15:47, 1.01e-12, 9.11e-11
2019-09-22, 18:15:51, 9.98e-13, 9.12e-11
2019-09-22, 18:15:55, 9.89e-13, 9.12e-11
2019-09-22, 18:15:59, 9.53e-13, 9.15e-11
2019-09-22, 18:16:04, 1e-12, 9.17e-11
2019-09-22, 18:16:08, 9.47e-13, 9.15e-11
2019-09-22, 18:16:12, 9.64e-13, 9.18e-11
2019-09-22, 18:16:16, 9.47e-13, 9.12e-11
2019-09-22, 18:16:21, 9.44e-13, 9.08e-11
2019-09-22, 18:16:25, 9.59e-13, 9.12e-11
2019-09-22, 18:16:29, 9e-13, 9.11e-11
2019-09-22, 18:16:33, 9.25e-13, 9.12e-11
2019-09-22, 18:16:37, 9.84e-13, 9.11e-11
2019-09-22, 18:16:42, 9.5e-13, 9.15e-11
2019-09-22, 18:16:46, 1.01e-12, 9.13e-11
2019-09-22, 18:16:50, 9.33e-13, 9.15e-11
2019-09-22, 18:16:54, 9.51e-13, 9.13e-11
2019-09-22, 18:16:58, 9.65e-13, 9.11e-11
2019-09-22, 18:17:03, 9.71e-13, 9.16e-11
2019-09-22, 18:17:07, 9.83e-13, 9.09e-11
2019-09-22, 18:17:11, 9.58e-13, 9.14e-11
2019-09-22, 18:17:15, 9.13e-13, 9.16e-11
2019-09-22, 18:17:20, 1.02e-12, 9.13e-11
2019-09-22, 18:17:24, 9.67e-13, 9.15e-11
2019-09-22, 18:17:28, 1.06e-12, 9.08e-11
2019-09-22, 18:17:32, 9.84e-13, 9.1e-11
2019-09-22, 18:17:36, 9.76e-13, 9.12e-11
2019-09-22, 18:17:41, 1.03e-12, 9.12e-11
2019-09-22, 18:17:45, 9.53e-13, 9.12e-11
2019-09-22, 18:17:49, 9.14e-13, 9.07e-11
2019-09-22, 18:17:53, 9.64e-13, 9.16e-11
2019-09-22, 18:17:58, 9.28e-13, 9.15e-11
2019-09-22, 18:18:02, 9.87e-13, 9.13e-11
2019-09-22, 18:18:06, 9.57e-13, 9.14e-11
2019-09-22, 18:18:10, 9.07e-13, 9.1e-11
2019-09-22, 18:18:14, 9.32e-13, 9.13e-11
2019-09-22, 18:18:19, 9.64e-13, 9.09e-11
2019-09-22, 18:18:23, 8.22e-13, 9.13e-11
2019-09-22, 18:18:27, 9.35e-13, 9.09e-11
2019-09-22, 18:18:31, 9.78e-13, 9.12e-11
2019-09-22, 18:18:36, 9.97e-13, 9.13e-11
2019-09-22, 18:18:40, 9.94e-13, 9.08e-11
2019-09-22, 18:18:44, 9.6e-13, 9.12e-11
2019-09-22, 18:18:48, 9.62e-13, 9.13e-11
2019-09-22, 18:18:52, 9.35e-13, 9.08e-11
2019-09-22, 18:18:57, 8.92e-13, 9.14e-11
2019-09-22, 18:19:01, 9.71e-13, 9.1e-11
2019-09-22, 18:19:05, 9.77e-13, 9.12e-11
2019-09-22, 18:19:09, 9.85e-13, 9.11e-11
2019-09-22, 18:19:14, 9.73e-13, 9.13e-11
2019-09-22, 18:19:18, 9.25e-13, 9.13e-11
2019-09-22, 18:19:22, 1.01e-12, 9.12e-11
2019-09-22, 18:19:26, 9.61e-13, 9.13e-11
2019-09-22, 18:19:30, 9.55e-13, 9.14e-11
2019-09-22, 18:19:35, 9.61e-13, 9.11e-11
2019-09-22, 18:19:39, 9.92e-13, 9.09e-11
2019-09-22, 18:19:43, 9.82e-13, 9.11e-11
2019-09-22, 18:19:47, 9.5e-13, 9.12e-11
2019-09-22, 18:19:52, 1.05e-12, 9.16e-11
2019-09-22, 18:19:56, 9.57e-13, 9.09e-11
2019-09-22, 18:20:00, 9.3e-13, 9.14e-11
2019-09-22, 18:20:04, 1e-12, 9.14e-11
2019-09-22, 18:20:08, 9.61e-13, 9.12e-11
2019-09-22, 18:20:13, 9.87e-13, 9.13e-11
2019-09-22, 18:20:17, 9.85e-13, 9.13e-11
2019-09-22, 18:20:21, 9.9e-13, 9.15e-11
2019-09-22, 18:20:25, 1.01e-12, 9.15e-11
2019-09-22, 18:20:29, 9.14e-13, 9.14e-11
2019-09-22, 18:20:34, 9.58e-13, 9.13e-11
2019-09-22, 18:20:38, 1.01e-12, 9.14e-11
2019-09-22, 18:20:42, 1.01e-12, 9.12e-11
2019-09-22, 18:20:46, 9.67e-13, 9.13e-11
2019-09-22, 18:20:51, 9.9e-13, 9.13e-11
2019-09-22, 18:20:55, 9.99e-13, 9.13e-11
2019-09-22, 18:20:59, 9.51e-13, 9.11e-11
2019-09-22, 18:21:03, 9.37e-13, 9.14e-11
2019-09-22, 18:21:07, 1e-12, 9.14e-11
2019-09-22, 18:21:12, 9.73e-13, 9.11e-11
2019-09-22, 18:21:16, 1e-12, 9.15e-11
2019-09-22, 18:21:20, 9.56e-13, 9.11e-11
2019-09-22, 18:21:24, 9.29e-13, 9.11e-11
2019-09-22, 18:21:29, 1.01e-12, 9.12e-11
2019-09-22, 18:21:33, 9.5e-13, 9.15e-11
2019-09-22, 18:21:37, 9.77e-13, 9.13e-11
2019-09-22, 18:21:41, 9.68e-13, 9.12e-11
2019-09-22, 18:21:45, 9.98e-13, 9.12e-11
2019-09-22, 18:21:50, 9.67e-13, 9.17e-11
2019-09-22, 18:21:54, 9.14e-13, 9.15e-11
2019-09-22, 18:21:58, 9.67e-13, 9.14e-11
2019-09-22, 18:22:02, 9.63e-13, 9.16e-11
2019-09-22, 18:22:07, 9.67e-13, 9.14e-11
2019-09-22, 18:22:11, 9.4e-13, 9.13e-11
2019-09-22, 18:22:15, 9.7e-13, 9.14e-11
2019-09-22, 18:22:19, 1.01e-12, 9.15e-11
2019-09-22, 18:22:23, 9.33e-13, 9.15e-11
2019-09-22, 18:22:28, 9.96e-13, 9.14e-11
2019-09-22, 18:22:32, 9.01e-13, 9.12e-11
2019-09-22, 18:22:36, 9.18e-13, 9.13e-11
2019-09-22, 18:22:40, 9.94e-13, 9.13e-11
2019-09-22, 18:22:45, 9.95e-13, 9.1e-11
2019-09-22, 18:22:49, 1.02e-12, 9.11e-11
2019-09-22, 18:22:53, 9.31e-13, 9.13e-11
2019-09-22, 18:22:57, 8.72e-13, 9.15e-11
2019-09-22, 18:23:01, 9.84e-13, 9.12e-11
2019-09-22, 18:23:06, 9.37e-13, 9.15e-11
2019-09-22, 18:23:10, 9.32e-13, 9.17e-11
2019-09-22, 18:23:14, 9.57e-13, 9.15e-11
2019-09-22, 18:23:18, 9.32e-13, 9.19e-11
2019-09-22, 18:23:23, 9.74e-13, 9.16e-11
2019-09-22, 18:23:27, 9.43e-13, 9.14e-11
2019-09-22, 18:23:31, 9.74e-13, 9.12e-11
2019-09-22, 18:23:35, 9.6e-13, 9.15e-11
2019-09-22, 18:23:39, 9.3e-13, 9.14e-11
2019-09-22, 18:23:44, 9.63e-13, 9.13e-11
2019-09-22, 18:23:48, 9.15e-13, 9.13e-11
2019-09-22, 18:23:52, 1.01e-12, 9.14e-11
2019-09-22, 18:23:56, 9.66e-13, 9.14e-11
2019-09-22, 18:24:01, 9.52e-13, 9.15e-11
2019-09-22, 18:24:05, 9.79e-13, 9.09e-11
2019-09-22, 18:24:09, 9.76e-13, 9.11e-11
2019-09-22, 18:24:13, 1.05e-12, 9.14e-11
2019-09-22, 18:24:17, 1.02e-12, 9.15e-11
2019-09-22, 18:24:22, 9.28e-13, 9.14e-11
2019-09-22, 18:24:26, 9.84e-13, 9.13e-11
2019-09-22, 18:24:30, 1.02e-12, 9.12e-11
2019-09-22, 18:24:34, 9.38e-13, 9.16e-11
2019-09-22, 18:24:39, 9.57e-13, 9.13e-11
2019-09-22, 18:24:43, 8.96e-13, 9.13e-11
2019-09-22, 18:24:47, 9.34e-13, 9.1e-11
2019-09-22, 18:24:51, 1.04e-12, 9.11e-11
2019-09-22, 18:24:55, 9.97e-13, 9.18e-11
2019-09-22, 18:25:00, 1e-12, 9.11e-11
2019-09-22, 18:25:04, 9.07e-13, 9.13e-11
2019-09-22, 18:25:08, 9.11e-13, 9.12e-11
2019-09-22, 18:25:12, 8.78e-13, 9.14e-11
2019-09-22, 18:25:17, 9.6e-13, 9.13e-11
2019-09-22, 18:25:21, 8.9e-13, 9.13e-11
2019-09-22, 18:25:25, 9.1e-13, 9.13e-11
2019-09-22, 18:25:29, 9.76e-13, 9.13e-11
2019-09-22, 18:25:33, 9.75e-13, 9.14e-11
2019-09-22, 18:25:38, 9.54e-13, 9.13e-11
2019-09-22, 18:25:42, 9.91e-13, 9.12e-11
2019-09-22, 18:25:46, 1.08e-12, 9.14e-11
2019-09-22, 18:25:50, 8.24e-13, 9.14e-11
2019-09-22, 18:25:55, 1.02e-12, 9.13e-11
2019-09-22, 18:25:59, 9.03e-13, 9.14e-11
2019-09-22, 18:26:03, 1.04e-12, 9.12e-11
2019-09-22, 18:26:07, 9.55e-13, 9.17e-11
2019-09-22, 18:26:11, 9.85e-13, 9.14e-11
2019-09-22, 18:26:16, 1.01e-12, 9.12e-11
2019-09-22, 18:26:20, 9.99e-13, 9.14e-11
2019-09-22, 18:26:24, 1e-12, 9.13e-11
2019-09-22, 18:26:28, 1.05e-12, 9.14e-11
2019-09-22, 18:26:33, 8.31e-13, 9.18e-11
2019-09-22, 18:26:37, 9.32e-13, 9.12e-11
2019-09-22, 18:26:41, 9.27e-13, 9.14e-11
2019-09-22, 18:26:45, 9.3e-13, 9.13e-11
2019-09-22, 18:26:49, 9.61e-13, 9.16e-11
2019-09-22, 18:26:54, 1.01e-12, 9.09e-11
2019-09-22, 18:26:58, 9.5e-13, 9.16e-11
2019-09-22, 18:27:02, 9.89e-13, 9.16e-11
2019-09-22, 18:27:06, 9.33e-13, 9.11e-11
2019-09-22, 18:27:10, 9.55e-13, 9.12e-11
2019-09-22, 18:27:15, 9.49e-13, 9.14e-11
2019-09-22, 18:27:19, 1.02e-12, 9.16e-11
2019-09-22, 18:27:23, 9.14e-13, 9.12e-11
2019-09-22, 18:27:27, 1.1e-12, 9.12e-11
2019-09-22, 18:27:32, 9.84e-13, 9.13e-11
2019-09-22, 18:27:36, 1.03e-12, 9.09e-11
2019-09-22, 18:27:40, 9.08e-13, 9.13e-11
2019-09-22, 18:27:44, 9.77e-13, 9.13e-11
2019-09-22, 18:27:48, 1.01e-12, 9.1e-11
2019-09-22, 18:27:53, 9.31e-13, 9.15e-11
2019-09-22, 18:27:57, 1.02e-12, 9.16e-11
2019-09-22, 18:28:01, 9.36e-13, 9.13e-11
2019-09-22, 18:28:05, 9.57e-13, 9.17e-11
2019-09-22, 18:28:10, 9.76e-13, 9.12e-11
2019-09-22, 18:28:14, 9.97e-13, 9.12e-11
2019-09-22, 18:28:18, 1.02e-12, 9.14e-11
2019-09-22, 18:28:22, 9.21e-13, 9.13e-11
2019-09-22, 18:28:26, 9.8e-13, 9.15e-11
2019-09-22, 18:28:31, 9.52e-13, 9.14e-11
2019-09-22, 18:28:35, 9.68e-13, 9.11e-11
2019-09-22, 18:28:39, 9.98e-13, 9.11e-11
2019-09-22, 18:28:43, 9.61e-13, 9.11e-11
2019-09-22, 18:28:48, 9.63e-13, 9.16e-11
2019-09-22, 18:28:52, 1.04e-12, 9.15e-11
2019-09-22, 18:28:56, 9.76e-13, 9.13e-11
2019-09-22, 18:29:00, 9.62e-13, 9.1e-11
2019-09-22, 18:29:04, 1.09e-12, 9.08e-11
2019-09-22, 18:29:09, 9.63e-13, 9.06e-11
2019-09-22, 18:29:13, 9.47e-13, 9.07e-11
2019-09-22, 18:29:17, 1.05e-12, 9.06e-11
2019-09-22, 18:29:21, 9.6e-13, 9.07e-11
2019-09-22, 18:29:26, 9.58e-13, 9.11e-11
2019-09-22, 18:29:30, 9.47e-13, 9.09e-11
2019-09-22, 18:29:34, 9.66e-13, 9.15e-11
2019-09-22, 18:29:38, 9.98e-13, 9.12e-11
2019-09-22, 18:29:42, 9.56e-13, 9.13e-11
2019-09-22, 18:29:47, 9.79e-13, 9.13e-11
2019-09-22, 18:29:51, 9.36e-13, 9.12e-11
2019-09-22, 18:29:55, 1.01e-12, 9.14e-11
2019-09-22, 18:29:59, 9.42e-13, 9.11e-11
2019-09-22, 18:30:04, 1.02e-12, 9.1e-11
2019-09-22, 18:30:08, 9.85e-13, 9.15e-11
2019-09-22, 18:30:22, 8.87e-13, 9.15e-11
2019-09-22, 18:30:26, 9.33e-13, 9.11e-11
2019-09-22, 18:30:30, 8.99e-13, 9.14e-11
2019-09-22, 18:30:34, 1.02e-12, 9.15e-11
2019-09-22, 18:30:38, 9.68e-13, 9.14e-11
2019-09-22, 18:30:43, 9.91e-13, 9.11e-11
2019-09-22, 18:30:47, 1.04e-12, 9.11e-11
2019-09-22, 18:30:51, 9.46e-13, 9.11e-11
2019-09-22, 18:30:55, 1.07e-12, 9.1e-11
2019-09-22, 18:31:00, 9.69e-13, 9.15e-11
2019-09-22, 18:31:04, 1.1e-12, 9.09e-11
2019-09-22, 18:31:08, 9.41e-13, 9.12e-11
2019-09-22, 18:31:12, 9.92e-13, 9.1e-11
2019-09-22, 18:31:16, 1.01e-12, 9.12e-11
2019-09-22, 18:31:21, 9.57e-13, 9.11e-11
2019-09-22, 18:31:25, 9.53e-13, 9.11e-11
2019-09-22, 18:31:29, 1.06e-12, 9.1e-11
2019-09-22, 18:31:33, 9.52e-13, 9.09e-11
2019-09-22, 18:31:38, 9.45e-13, 9.1e-11
2019-09-22, 18:31:42, 1.03e-12, 9.14e-11
2019-09-22, 18:31:46, 9.9e-13, 9.1e-11
2019-09-22, 18:31:50, 9.62e-13, 9.13e-11
2019-09-22, 18:31:54, 1e-12, 9.14e-11
2019-09-22, 18:31:59, 9.46e-13, 9.13e-11
2019-09-22, 18:32:03, 9.6e-13, 9.1e-11
2019-09-22, 18:32:07, 9.06e-13, 9.09e-11
2019-09-22, 18:32:11, 9.42e-13, 9.1e-11
2019-09-22, 18:32:16, 9.01e-13, 9.11e-11
2019-09-22, 18:32:20, 9.32e-13, 9.09e-11
2019-09-22, 18:32:24, 9.73e-13, 9.11e-11
2019-09-22, 18:32:28, 8.74e-13, 9.11e-11
2019-09-22, 18:32:32, 9.33e-13, 9.11e-11
2019-09-22, 18:32:37, 1.02e-12, 9.07e-11
2019-09-22, 18:32:41, 9.61e-13, 9.1e-11
2019-09-22, 18:32:45, 9.83e-13, 9.12e-11
2019-09-22, 18:32:49, 9.96e-13, 9.12e-11
2019-09-22, 18:32:54, 9.78e-13, 9.12e-11
2019-09-22, 18:32:58, 9.86e-13, 9.15e-11
2019-09-22, 18:33:02, 9.61e-13, 9.16e-11
2019-09-22, 18:33:06, 1.08e-12, 9.1e-11
2019-09-22, 18:33:10, 9.49e-13, 9.09e-11
2019-09-22, 18:33:15, 9.39e-13, 9.12e-11
2019-09-22, 18:33:19, 8.89e-13, 9.17e-11
2019-09-22, 18:33:23, 1.02e-12, 9.13e-11
2019-09-22, 18:33:27, 9.79e-13, 9.11e-11
2019-09-22, 18:33:32, 1.06e-12, 9.1e-11
2019-09-22, 18:33:36, 9.06e-13, 9.11e-11
2019-09-22, 18:33:40, 9.86e-13, 9.15e-11
2019-09-22, 18:33:44, 9.96e-13, 9.14e-11
2019-09-22, 18:33:48, 9.49e-13, 9.08e-11
2019-09-22, 18:33:53, 1.01e-12, 9.16e-11
2019-09-22, 18:33:57, 9.05e-13, 9.12e-11
2019-09-22, 18:34:01, 1.08e-12, 9.12e-11
2019-09-22, 18:34:05, 9.21e-13, 9.1e-11
2019-09-22, 18:34:09, 9.48e-13, 9.17e-11
2019-09-22, 18:34:14, 9.37e-13, 9.12e-11
2019-09-22, 18:34:18, 1.1e-12, 9.13e-11
2019-09-22, 18:34:22, 9.39e-13, 9.12e-11
2019-09-22, 18:34:26, 9.74e-13, 9.14e-11
2019-09-22, 18:34:31, 9.52e-13, 9.15e-11
2019-09-22, 18:34:35, 9.76e-13, 9.12e-11
2019-09-22, 18:34:39, 9.8e-13, 9.14e-11
2019-09-22, 18:34:43, 9.67e-13, 9.12e-11
2019-09-22, 18:34:47, 9.73e-13, 9.08e-11
2019-09-22, 18:34:52, 9.76e-13, 9.12e-11
2019-09-22, 18:34:56, 9.63e-13, 9.11e-11
2019-09-22, 18:35:00, 8.97e-13, 9.14e-11
2019-09-22, 18:35:04, 1.01e-12, 9.12e-11
2019-09-22, 18:35:09, 9.44e-13, 9.17e-11
2019-09-22, 18:35:13, 1e-12, 9.12e-11
2019-09-22, 18:35:17, 1e-12, 9.09e-11
2019-09-22, 18:35:21, 9.57e-13, 9.12e-11
2019-09-22, 18:35:25, 8.46e-13, 9.12e-11
2019-09-22, 18:35:30, 9.65e-13, 9.14e-11
2019-09-22, 18:35:34, 9.66e-13, 9.1e-11
2019-09-22, 18:35:38, 9.62e-13, 9.16e-11
2019-09-22, 18:35:42, 9.41e-13, 9.11e-11
2019-09-22, 18:35:47, 9.96e-13, 9.1e-11
2019-09-22, 18:35:51, 9.45e-13, 9.1e-11
2019-09-22, 18:35:55, 9.55e-13, 9.11e-11
2019-09-22, 18:35:59, 9.71e-13, 9.1e-11
2019-09-22, 18:36:03, 1.01e-12, 9.17e-11
2019-09-22, 18:36:08, 9.7e-13, 9.11e-11
2019-09-22, 18:36:12, 9.13e-13, 9.12e-11
2019-09-22, 18:36:16, 9.35e-13, 9.12e-11
2019-09-22, 18:36:20, 9.2e-13, 9.13e-11
2019-09-22, 18:36:25, 9.43e-13, 9.11e-11
2019-09-22, 18:36:29, 9.54e-13, 9.14e-11
2019-09-22, 18:36:33, 9.54e-13, 9.14e-11
2019-09-22, 18:36:37, 1.08e-12, 9.13e-11
2019-09-22, 18:36:41, 9.57e-13, 9.11e-11
2019-09-22, 18:36:46, 9.53e-13, 9.15e-11
2019-09-22, 18:36:50, 9.92e-13, 9.12e-11
2019-09-22, 18:36:54, 9.61e-13, 9.16e-11
2019-09-22, 18:36:58, 1.06e-12, 9.14e-11
2019-09-22, 18:37:03, 1.1e-12, 9.13e-11
2019-09-22, 18:37:07, 9.32e-13, 9.15e-11
2019-09-22, 18:37:11, 9.72e-13, 9.13e-11
2019-09-22, 18:37:15, 1.05e-12, 9.12e-11
2019-09-22, 18:37:19, 9.64e-13, 9.11e-11
2019-09-22, 18:37:24, 9.81e-13, 9.14e-11
2019-09-22, 18:37:28, 9.1e-13, 9.13e-11
2019-09-22, 18:37:32, 9.26e-13, 9.12e-11
2019-09-22, 18:37:36, 1.02e-12, 9.11e-11
2019-09-22, 18:37:40, 8.96e-13, 9.15e-11
2019-09-22, 18:37:45, 9.09e-13, 9.14e-11
2019-09-22, 18:37:49, 8.98e-13, 9.15e-11
2019-09-22, 18:37:53, 9.13e-13, 9.16e-11
2019-09-22, 18:37:57, 9.66e-13, 9.13e-11
2019-09-22, 18:38:02, 1.06e-12, 9.12e-11
2019-09-22, 18:38:06, 9.54e-13, 9.13e-11
2019-09-22, 18:38:10, 1.01e-12, 9.13e-11
2019-09-22, 18:38:14, 1.01e-12, 9.17e-11
2019-09-22, 18:38:18, 9.47e-13, 9.11e-11
2019-09-22, 18:38:23, 9.6e-13, 9.1e-11
2019-09-22, 18:38:27, 9.94e-13, 9.13e-11
2019-09-22, 18:38:31, 9.11e-13, 9.18e-11
2019-09-22, 18:38:35, 9.67e-13, 9.16e-11
2019-09-22, 18:38:40, 9.59e-13, 9.14e-11
2019-09-22, 18:38:44, 9.08e-13, 9.17e-11
2019-09-22, 18:38:48, 8.99e-13, 9.14e-11
2019-09-22, 18:38:52, 9.52e-13, 9.14e-11
2019-09-22, 18:38:56, 9.88e-13, 9.14e-11
2019-09-22, 18:39:01, 9.57e-13, 9.13e-11
2019-09-22, 18:39:05, 9.12e-13, 9.12e-11
2019-09-22, 18:39:09, 9.23e-13, 9.13e-11
2019-09-22, 18:39:13, 9.35e-13, 9.13e-11
2019-09-22, 18:39:18, 9.34e-13, 9.14e-11
2019-09-22, 18:39:22, 9.94e-13, 9.1e-11
2019-09-22, 18:39:26, 9.46e-13, 9.13e-11
2019-09-22, 18:39:30, 9.68e-13, 9.11e-11
2019-09-22, 18:39:34, 9.97e-13, 9.11e-11
2019-09-22, 18:39:39, 9.55e-13, 9.13e-11
2019-09-22, 18:39:43, 9.33e-13, 9.14e-11
2019-09-22, 18:39:47, 9.94e-13, 9.15e-11
2019-09-22, 18:39:51, 1.03e-12, 9.12e-11
2019-09-22, 18:39:56, 9.85e-13, 9.16e-11
2019-09-22, 18:40:00, 9.88e-13, 9.15e-11
2019-09-22, 18:40:04, 9.87e-13, 9.12e-11
2019-09-22, 18:40:08, 9.27e-13, 9.15e-11
2019-09-22, 18:40:12, 9.51e-13, 9.12e-11
2019-09-22, 18:40:17, 9.5e-13, 9.16e-11
2019-09-22, 18:40:21, 9.28e-13, 9.14e-11
2019-09-22, 18:40:25, 9.64e-13, 9.13e-11
2019-09-22, 18:40:29, 1.01e-12, 9.1e-11
2019-09-22, 18:40:34, 9.6e-13, 9.15e-11
2019-09-22, 18:40:38, 9.31e-13, 9.13e-11
2019-09-22, 18:40:42, 9.8e-13, 9.15e-11
2019-09-22, 18:40:46, 9.39e-13, 9.12e-11
2019-09-22, 18:40:50, 9.53e-13, 9.13e-11
2019-09-22, 18:40:55, 9.02e-13, 9.15e-11
2019-09-22, 18:40:59, 9.31e-13, 9.15e-11
2019-09-22, 18:41:03, 1e-12, 9.15e-11
2019-09-22, 18:41:07, 9.33e-13, 9.13e-11
2019-09-22, 18:41:12, 1.06e-12, 9.13e-11
2019-09-22, 18:41:16, 9.76e-13, 9.12e-11
2019-09-22, 18:41:20, 9.5e-13, 9.14e-11
2019-09-22, 18:41:24, 9.38e-13, 9.14e-11
2019-09-22, 18:41:28, 1.01e-12, 9.19e-11
2019-09-22, 18:41:33, 9.75e-13, 9.12e-11
2019-09-22, 18:41:37, 9.54e-13, 9.09e-11
2019-09-22, 18:41:41, 9.67e-13, 9.11e-11
2019-09-22, 18:41:45, 9.3e-13, 9.17e-11
2019-09-22, 18:41:50, 9.42e-13, 9.17e-11
2019-09-22, 18:41:54, 9.67e-13, 9.16e-11
2019-09-22, 18:41:58, 9e-13, 9.19e-11
2019-09-22, 18:42:02, 9.06e-13, 9.17e-11
2019-09-22, 18:42:06, 9.69e-13, 9.12e-11
2019-09-22, 18:42:11, 7.91e-13, 9.15e-11
2019-09-22, 18:42:15, 9.81e-13, 9.14e-11
2019-09-22, 18:42:19, 9.41e-13, 9.16e-11
2019-09-22, 18:42:23, 8.9e-13, 9.15e-11
2019-09-22, 18:42:27, 9.12e-13, 9.16e-11
2019-09-22, 18:42:32, 9.38e-13, 9.13e-11
2019-09-22, 18:42:36, 9.76e-13, 9.16e-11
2019-09-22, 18:42:40, 1.01e-12, 9.12e-11
2019-09-22, 18:42:44, 1.01e-12, 9.15e-11
2019-09-22, 18:42:49, 9.41e-13, 9.15e-11
2019-09-22, 18:42:53, 9.59e-13, 9.13e-11
2019-09-22, 18:42:57, 1.02e-12, 9.15e-11
2019-09-22, 18:43:01, 9.36e-13, 9.14e-11
2019-09-22, 18:43:05, 8.84e-13, 9.15e-11
2019-09-22, 18:43:10, 9.67e-13, 9.12e-11
2019-09-22, 18:43:14, 9.43e-13, 9.16e-11
2019-09-22, 18:43:18, 1.08e-12, 9.15e-11
2019-09-22, 18:43:22, 9.18e-13, 9.12e-11
2019-09-22, 18:43:27, 9.87e-13, 9.12e-11
2019-09-22, 18:43:31, 7.71e-13, 9.1e-11
2019-09-22, 18:43:35, 9.65e-13, 9.11e-11
2019-09-22, 18:43:39, 9.8e-13, 9.11e-11
2019-09-22, 18:43:43, 1.07e-12, 9.11e-11
2019-09-22, 18:43:48, 9.31e-13, 9.12e-11
2019-09-22, 18:43:52, 9.92e-13, 9.12e-11
2019-09-22, 18:43:56, 1.05e-12, 9.14e-11
2019-09-22, 18:44:00, 9.5e-13, 9.12e-11
2019-09-22, 18:44:05, 1.01e-12, 9.13e-11
2019-09-22, 18:44:09, 9.71e-13, 9.15e-11
2019-09-22, 18:44:13, 9.16e-13, 9.11e-11
2019-09-22, 18:44:17, 9.67e-13, 9.13e-11
2019-09-22, 18:44:21, 9.37e-13, 9.14e-11
2019-09-22, 18:44:26, 9.34e-13, 9.09e-11
2019-09-22, 18:44:30, 9.92e-13, 9.14e-11
2019-09-22, 18:44:34, 9.9e-13, 9.12e-11
2019-09-22, 18:44:38, 9.45e-13, 9.07e-11
2019-09-22, 18:44:43, 8.43e-13, 9.09e-11
2019-09-22, 18:44:47, 9.77e-13, 9.1e-11
2019-09-22, 18:44:51, 9.51e-13, 9.09e-11
2019-09-22, 18:44:55, 1.1e-12, 9.09e-11
2019-09-22, 18:44:59, 9.48e-13, 9.08e-11
2019-09-22, 18:45:04, 9.61e-13, 9.12e-11
2019-09-22, 18:45:08, 9.54e-13, 9.13e-11
2019-09-22, 18:45:12, 8.85e-13, 9.08e-11
2019-09-22, 18:45:16, 9.03e-13, 9.12e-11
2019-09-22, 18:45:21, 1.01e-12, 9.13e-11
2019-09-22, 18:45:25, 1.01e-12, 9.09e-11
2019-09-22, 18:45:29, 8.43e-13, 9.06e-11
2019-09-22, 18:45:33, 1.01e-12, 9.12e-11
2019-09-22, 18:45:37, 9.5e-13, 9.08e-11
2019-09-22, 18:45:42, 9.89e-13, 9.1e-11
2019-09-22, 18:45:46, 9.72e-13, 9.12e-11
2019-09-22, 18:45:50, 8.55e-13, 9.06e-11
2019-09-22, 18:45:54, 9.66e-13, 9.1e-11
2019-09-22, 18:45:59, 9.7e-13, 9.09e-11
2019-09-22, 18:46:03, 8.76e-13, 9.15e-11
2019-09-22, 18:46:07, 1.08e-12, 9.11e-11
2019-09-22, 18:46:11, 9.38e-13, 9.1e-11
2019-09-22, 18:46:15, 9.47e-13, 9.16e-11
2019-09-22, 18:46:20, 1.07e-12, 9.17e-11
2019-09-22, 18:46:24, 9.37e-13, 9.12e-11
2019-09-22, 18:46:28, 9.38e-13, 9.18e-11
2019-09-22, 18:46:32, 9.46e-13, 9.15e-11
2019-09-22, 18:46:36, 1.01e-12, 9.12e-11
2019-09-22, 18:46:41, 9.58e-13, 9.17e-11
2019-09-22, 18:46:45, 9.48e-13, 9.16e-11
2019-09-22, 18:46:49, 9.74e-13, 9.15e-11
2019-09-22, 18:46:53, 9.49e-13, 9.12e-11
2019-09-22, 18:46:58, 9.12e-13, 9.17e-11
2019-09-22, 18:47:02, 9.7e-13, 9.16e-11
2019-09-22, 18:47:06, 9.85e-13, 9.16e-11
2019-09-22, 18:47:10, 9.26e-13, 9.12e-11
2019-09-22, 18:47:14, 9.99e-13, 9.13e-11
2019-09-22, 18:47:19, 9.68e-13, 9.1e-11
2019-09-22, 18:47:23, 9.1e-13, 9.15e-11
2019-09-22, 18:47:27, 9.61e-13, 9.16e-11
2019-09-22, 18:47:31, 9.26e-13, 9.15e-11
2019-09-22, 18:47:36, 9.69e-13, 9.09e-11
2019-09-22, 18:47:40, 9.62e-13, 9.12e-11
2019-09-22, 18:47:44, 1.06e-12, 9.14e-11
2019-09-22, 18:47:48, 9.37e-13, 9.12e-11
2019-09-22, 18:47:52, 9.74e-13, 9.14e-11
2019-09-22, 18:47:57, 9.74e-13, 9.13e-11
2019-09-22, 18:48:01, 9.46e-13, 9.12e-11
2019-09-22, 18:48:05, 9.98e-13, 9.14e-11
2019-09-22, 18:48:09, 1.06e-12, 9.13e-11
2019-09-22, 18:48:14, 9.72e-13, 9.15e-11
2019-09-22, 18:48:18, 1.1e-12, 9.15e-11
2019-09-22, 18:48:22, 8.98e-13, 9.14e-11
2019-09-22, 18:48:26, 9.66e-13, 9.18e-11
2019-09-22, 18:48:30, 9.02e-13, 9.17e-11
2019-09-22, 18:48:35, 9.56e-13, 9.14e-11
2019-09-22, 18:48:39, 9.05e-13, 9.18e-11
2019-09-22, 18:48:43, 1.03e-12, 9.18e-11
2019-09-22, 18:48:47, 9.29e-13, 9.12e-11
2019-09-22, 18:48:52, 9.74e-13, 9.12e-11
2019-09-22, 18:48:56, 9.77e-13, 9.14e-11
2019-09-22, 18:49:00, 9.27e-13, 9.15e-11
2019-09-22, 18:49:04, 9.81e-13, 9.11e-11
2019-09-22, 18:49:08, 9.26e-13, 9.12e-11
2019-09-22, 18:49:13, 9.46e-13, 9.15e-11
2019-09-22, 18:49:17, 9.6e-13, 9.15e-11
2019-09-22, 18:49:21, 9.66e-13, 9.13e-11
2019-09-22, 18:49:25, 9.83e-13, 9.15e-11
2019-09-22, 18:49:30, 1.01e-12, 9.13e-11
2019-09-22, 18:49:34, 1.07e-12, 9.13e-11
2019-09-22, 18:49:38, 9.63e-13, 9.17e-11
2019-09-22, 18:49:42, 1.08e-12, 9.13e-11
2019-09-22, 18:49:47, 9.52e-13, 9.16e-11
2019-09-22, 18:49:51, 9.63e-13, 9.11e-11
2019-09-22, 18:49:55, 9.97e-13, 9.12e-11
2019-09-22, 18:49:59, 1.01e-12, 9.15e-11
2019-09-22, 18:50:04, 9.48e-13, 9.15e-11
2019-09-22, 18:50:08, 9.09e-13, 9.15e-11
2019-09-22, 18:50:12, 1.11e-12, 9.11e-11
2019-09-22, 18:50:16, 9.88e-13, 9.13e-11
2019-09-22, 18:50:20, 9.35e-13, 9.17e-11
2019-09-22, 18:50:25, 9.98e-13, 9.12e-11
2019-09-22, 18:50:29, 9.82e-13, 9.13e-11
2019-09-22, 18:50:33, 1.01e-12, 9.16e-11
2019-09-22, 18:50:37, 9.68e-13, 9.16e-11
2019-09-22, 18:50:42, 9.27e-13, 9.11e-11
2019-09-22, 18:50:46, 9.44e-13, 9.15e-11
2019-09-22, 18:50:50, 9.33e-13, 9.18e-11
2019-09-22, 18:50:54, 9.91e-13, 9.12e-11
2019-09-22, 18:50:58, 9.8e-13, 9.13e-11
2019-09-22, 18:51:03, 9.07e-13, 9.14e-11
2019-09-22, 18:51:07, 1.01e-12, 9.13e-11
2019-09-22, 18:51:11, 9.76e-13, 9.14e-11
2019-09-22, 18:51:15, 1.03e-12, 9.13e-11
2019-09-22, 18:51:20, 9.3e-13, 9.16e-11
2019-09-22, 18:51:24, 9.75e-13, 9.12e-11
2019-09-22, 18:51:28, 9.49e-13, 9.15e-11
2019-09-22, 18:51:32, 9.74e-13, 9.15e-11
2019-09-22, 18:51:36, 1.05e-12, 9.12e-11
2019-09-22, 18:51:41, 9.56e-13, 9.12e-11
2019-09-22, 18:51:45, 9.78e-13, 9.11e-11
2019-09-22, 18:51:49, 9.77e-13, 9.1e-11
2019-09-22, 18:51:53, 9.71e-13, 9.12e-11
2019-09-22, 18:51:58, 1.01e-12, 9.12e-11
2019-09-22, 18:52:02, 9.02e-13, 9.11e-11
2019-09-22, 18:52:06, 9.58e-13, 9.1e-11
2019-09-22, 18:52:10, 9.32e-13, 9.11e-11
2019-09-22, 18:52:14, 9.34e-13, 9.1e-11
2019-09-22, 18:52:19, 9.5e-13, 9.14e-11
2019-09-22, 18:52:23, 9.41e-13, 9.11e-11
2019-09-22, 18:52:27, 9.84e-13, 9.13e-11
2019-09-22, 18:52:31, 9.59e-13, 9.15e-11
2019-09-22, 18:52:35, 9.72e-13, 9.18e-11
2019-09-22, 18:52:40, 1.02e-12, 9.13e-11
2019-09-22, 18:52:44, 9.4e-13, 9.14e-11
2019-09-22, 18:52:48, 9.7e-13, 9.12e-11
2019-09-22, 18:52:52, 9.3e-13, 9.1e-11
2019-09-22, 18:52:57, 8.89e-13, 9.09e-11
2019-09-22, 18:53:01, 9.13e-13, 9.07e-11
2019-09-22, 18:53:05, 9.71e-13, 9.13e-11
2019-09-22, 18:53:09, 8.87e-13, 9.12e-11
2019-09-22, 18:53:13, 1.01e-12, 9.13e-11
2019-09-22, 18:53:18, 9.5e-13, 9.1e-11
2019-09-22, 18:53:22, 9.94e-13, 9.13e-11
2019-09-22, 18:53:26, 9.25e-13, 9.13e-11
2019-09-22, 18:53:30, 8.53e-13, 9.11e-11
2019-09-22, 18:53:35, 9.3e-13, 9.14e-11
2019-09-22, 18:53:39, 9.09e-13, 9.14e-11
2019-09-22, 18:53:43, 9.63e-13, 9.13e-11
2019-09-22, 18:53:47, 8.46e-13, 9.1e-11
2019-09-22, 18:53:51, 9.77e-13, 9.14e-11
2019-09-22, 18:53:56, 9.44e-13, 9.16e-11
2019-09-22, 18:54:00, 9.39e-13, 9.12e-11
2019-09-22, 18:54:04, 1.01e-12, 9.12e-11
2019-09-22, 18:54:08, 9.87e-13, 9.11e-11
2019-09-22, 18:54:13, 9.25e-13, 9.12e-11
2019-09-22, 18:54:17, 9.76e-13, 9.12e-11
2019-09-22, 18:54:21, 9.51e-13, 9.14e-11
2019-09-22, 18:54:25, 9.51e-13, 9.13e-11
2019-09-22, 18:54:29, 1.01e-12, 9.11e-11
2019-09-22, 18:54:34, 9.59e-13, 9.13e-11
2019-09-22, 18:54:38, 9.88e-13, 9.12e-11
2019-09-22, 18:54:42, 9.38e-13, 9.15e-11
2019-09-22, 18:54:46, 9.45e-13, 9.1e-11
2019-09-22, 18:54:51, 9.53e-13, 9.08e-11
2019-09-22, 18:54:55, 1.1e-12, 9.09e-11
2019-09-22, 18:54:59, 8.96e-13, 9.16e-11
2019-09-22, 18:55:03, 9.78e-13, 9.09e-11
2019-09-22, 18:55:07, 9.03e-13, 9.1e-11
2019-09-22, 18:55:12, 9.41e-13, 9.11e-11
2019-09-22, 18:55:16, 9.46e-13, 9.08e-11
2019-09-22, 18:55:20, 9.24e-13, 9.11e-11
2019-09-22, 18:55:24, 9.79e-13, 9.06e-11
2019-09-22, 18:55:29, 9.42e-13, 9.08e-11
2019-09-22, 18:55:33, 9.59e-13, 9.08e-11
2019-09-22, 18:55:37, 9.51e-13, 9.09e-11
2019-09-22, 18:55:41, 9.86e-13, 9.09e-11
2019-09-22, 18:55:45, 9.45e-13, 9.1e-11
2019-09-22, 18:55:50, 9.49e-13, 9.11e-11
2019-09-22, 18:55:54, 1.04e-12, 9.12e-11
2019-09-22, 18:55:58, 8.89e-13, 9.14e-11
2019-09-22, 18:56:02, 9.81e-13, 9.13e-11
2019-09-22, 18:56:07, 9.82e-13, 9.11e-11
2019-09-22, 18:56:11, 9.1e-13, 9.14e-11
2019-09-22, 18:56:15, 8.55e-13, 9.13e-11
2019-09-22, 18:56:19, 9.54e-13, 9.13e-11
2019-09-22, 18:56:23, 1.13e-12, 9.12e-11
2019-09-22, 18:56:28, 1.07e-12, 9.13e-11
2019-09-22, 18:56:32, 9.43e-13, 9.12e-11
2019-09-22, 18:56:36, 1.03e-12, 9.13e-11
2019-09-22, 18:56:40, 9.58e-13, 9.12e-11
2019-09-22, 18:56:44, 9.35e-13, 9.11e-11
2019-09-22, 18:56:49, 1e-12, 9.13e-11
2019-09-22, 18:56:53, 9.72e-13, 9.13e-11
2019-09-22, 18:56:57, 1.02e-12, 9.11e-11
2019-09-22, 18:57:01, 9.38e-13, 9.13e-11
2019-09-22, 18:57:06, 9.5e-13, 9.16e-11
2019-09-22, 18:57:10, 9.85e-13, 9.14e-11
2019-09-22, 18:57:14, 9.52e-13, 9.14e-11
2019-09-22, 18:57:18, 9.89e-13, 9.14e-11
2019-09-22, 18:57:22, 8.24e-13, 9.09e-11
2019-09-22, 18:57:27, 1.1e-12, 9.14e-11
2019-09-22, 18:57:31, 9.64e-13, 9.11e-11
2019-09-22, 18:57:35, 9.98e-13, 9.12e-11
2019-09-22, 18:57:39, 9.15e-13, 9.14e-11
2019-09-22, 18:57:44, 9.43e-13, 9.14e-11
2019-09-22, 18:57:48, 9.57e-13, 9.18e-11
2019-09-22, 18:57:52, 9.84e-13, 9.12e-11
2019-09-22, 18:57:56, 9.68e-13, 9.12e-11
2019-09-22, 18:58:00, 9.64e-13, 9.12e-11
2019-09-22, 18:58:05, 9.54e-13, 9.11e-11
2019-09-22, 18:58:09, 8.76e-13, 9.14e-11
2019-09-22, 18:58:13, 9.59e-13, 9.14e-11
2019-09-22, 18:58:17, 9.52e-13, 9.14e-11
2019-09-22, 18:58:22, 9.67e-13, 9.13e-11
2019-09-22, 18:58:26, 9.28e-13, 9.14e-11
2019-09-22, 18:58:30, 8.65e-13, 9.1e-11
2019-09-22, 18:58:34, 9.32e-13, 9.1e-11
2019-09-22, 18:58:38, 9.47e-13, 9.15e-11
2019-09-22, 18:58:43, 9.2e-13, 9.12e-11
2019-09-22, 18:58:47, 1.22e-12, 9.14e-11
2019-09-22, 18:58:51, 9.51e-13, 9.12e-11
2019-09-22, 18:58:55, 9.89e-13, 9.12e-11
2019-09-22, 18:59:00, 1.03e-12, 9.13e-11
2019-09-22, 18:59:04, 1.12e-12, 9.17e-11
2019-09-22, 18:59:08, 9.85e-13, 9.11e-11
2019-09-22, 18:59:12, 9.73e-13, 9.15e-11
2019-09-22, 18:59:16, 9.48e-13, 9.13e-11
2019-09-22, 18:59:21, 9.64e-13, 9.14e-11
2019-09-22, 18:59:25, 9.85e-13, 9.08e-11
2019-09-22, 18:59:29, 1.02e-12, 9.12e-11
2019-09-22, 18:59:33, 9.67e-13, 9.13e-11
2019-09-22, 18:59:38, 9.98e-13, 9.12e-11
2019-09-22, 18:59:42, 9.54e-13, 9.09e-11
2019-09-22, 18:59:46, 9.57e-13, 9.1e-11
2019-09-22, 18:59:50, 9.9e-13, 9.08e-11
2019-09-22, 18:59:54, 8.77e-13, 9.1e-11
2019-09-22, 18:59:59, 9.1e-13, 9.09e-11
2019-09-22, 19:00:03, 1.02e-12, 9.06e-11
2019-09-22, 19:00:07, 9.37e-13, 9.09e-11
2019-09-22, 19:00:11, 9.75e-13, 9.08e-11
2019-09-22, 19:00:16, 9.68e-13, 9.08e-11
2019-09-22, 19:00:20, 1e-12, 9.06e-11
2019-09-22, 19:00:24, 1e-12, 9.06e-11
2019-09-22, 19:00:28, 1.05e-12, 9.1e-11
2019-09-22, 19:00:32, 9.2e-13, 9.08e-11
2019-09-22, 19:00:37, 1.01e-12, 9.1e-11
2019-09-22, 19:00:41, 9.78e-13, 9.08e-11
2019-09-22, 19:00:45, 9.81e-13, 9.08e-11
2019-09-22, 19:00:49, 9.75e-13, 9.08e-11
2019-09-22, 19:00:54, 9.99e-13, 9.09e-11
2019-09-22, 19:00:58, 9.52e-13, 9.1e-11
2019-09-22, 19:01:02, 9.69e-13, 9.07e-11
2019-09-22, 19:01:06, 8.9e-13, 9.08e-11
2019-09-22, 19:01:10, 1.1e-12, 9.07e-11
2019-09-22, 19:01:15, 9.71e-13, 9.07e-11
2019-09-22, 19:01:19, 1.02e-12, 9.08e-11
2019-09-22, 19:01:23, 9.81e-13, 9.08e-11
2019-09-22, 19:01:27, 8.59e-13, 9.1e-11
2019-09-22, 19:01:32, 1.02e-12, 9.09e-11
2019-09-22, 19:01:36, 9.08e-13, 9.09e-11
2019-09-22, 19:01:40, 9.86e-13, 9.11e-11
2019-09-22, 19:01:44, 1e-12, 9.05e-11
2019-09-22, 19:01:48, 9.06e-13, 9.04e-11
2019-09-22, 19:01:53, 9.14e-13, 9.07e-11
2019-09-22, 19:01:57, 1.07e-12, 9.08e-11
2019-09-22, 19:02:01, 9.64e-13, 9.09e-11
2019-09-22, 19:02:05, 9.38e-13, 9.07e-11
2019-09-22, 19:02:09, 9.63e-13, 9.06e-11
2019-09-22, 19:02:14, 9.78e-13, 9.08e-11
2019-09-22, 19:02:18, 9.37e-13, 9.08e-11
2019-09-22, 19:02:22, 9.43e-13, 9.06e-11
2019-09-22, 19:02:27, 9.54e-13, 9.11e-11
2019-09-22, 19:02:31, 9.76e-13, 9.05e-11
2019-09-22, 19:02:35, 9.45e-13, 9.11e-11
2019-09-22, 19:02:39, 9.34e-13, 9.1e-11
2019-09-22, 19:02:43, 9.64e-13, 9.1e-11
2019-09-22, 19:02:48, 1.02e-12, 9.1e-11
2019-09-22, 19:02:52, 9.97e-13, 9.04e-11
2019-09-22, 19:02:56, 9.41e-13, 9.07e-11
2019-09-22, 19:03:00, 1e-12, 9.07e-11
2019-09-22, 19:03:05, 9.19e-13, 9.09e-11
2019-09-22, 19:03:09, 9.6e-13, 9.05e-11
2019-09-22, 19:03:13, 9.64e-13, 9.1e-11
2019-09-22, 19:03:17, 1e-12, 9.07e-11
2019-09-22, 19:03:21, 9.65e-13, 9.06e-11
2019-09-22, 19:03:26, 9.46e-13, 9.06e-11
2019-09-22, 19:03:30, 9.19e-13, 9.08e-11
2019-09-22, 19:03:34, 8.29e-13, 9.08e-11
2019-09-22, 19:03:38, 9.68e-13, 9.05e-11
2019-09-22, 19:03:43, 9.87e-13, 9.04e-11
2019-09-22, 19:03:47, 9.42e-13, 9e-11
2019-09-22, 19:03:51, 1.01e-12, 9.08e-11
2019-09-22, 19:03:55, 1.07e-12, 9.04e-11
2019-09-22, 19:03:59, 9.54e-13, 9.06e-11
2019-09-22, 19:04:04, 9.7e-13, 9.05e-11
2019-09-22, 19:04:08, 9.77e-13, 9.07e-11
2019-09-22, 19:04:12, 9.62e-13, 9.06e-11
2019-09-22, 19:04:16, 9.59e-13, 9.04e-11
2019-09-22, 19:04:21, 9.84e-13, 9.09e-11
2019-09-22, 19:04:25, 9.93e-13, 9.04e-11
2019-09-22, 19:04:29, 9.66e-13, 9.05e-11
2019-09-22, 19:04:33, 9.88e-13, 9.07e-11
2019-09-22, 19:04:37, 1.08e-12, 9.06e-11
2019-09-22, 19:04:42, 9.08e-13, 9.06e-11
2019-09-22, 19:04:46, 9.11e-13, 9.06e-11
2019-09-22, 19:04:50, 1e-12, 9.1e-11
2019-09-22, 19:04:54, 9.96e-13, 9.05e-11
2019-09-22, 19:04:59, 9.21e-13, 9.07e-11
2019-09-22, 19:05:03, 8.94e-13, 9.04e-11
2019-09-22, 19:05:07, 1.02e-12, 9.04e-11
2019-09-22, 19:05:11, 9.87e-13, 9.01e-11
2019-09-22, 19:05:15, 8.22e-13, 9.03e-11
2019-09-22, 19:05:20, 9.57e-13, 9.07e-11
2019-09-22, 19:05:24, 1.01e-12, 9.06e-11
2019-09-22, 19:05:28, 8.97e-13, 9.02e-11
2019-09-22, 19:05:32, 9.85e-13, 9.02e-11
2019-09-22, 19:05:37, 9.25e-13, 9.04e-11
2019-09-22, 19:05:41, 9.98e-13, 9.08e-11
2019-09-22, 19:05:45, 9.82e-13, 9.06e-11
2019-09-22, 19:05:49, 9.31e-13, 9.04e-11
2019-09-22, 19:05:53, 1e-12, 9.03e-11
2019-09-22, 19:05:58, 8.99e-13, 9.04e-11
2019-09-22, 19:06:02, 8.96e-13, 9.02e-11
2019-09-22, 19:06:06, 9.95e-13, 9.04e-11
2019-09-22, 19:06:10, 1.01e-12, 9.04e-11
2019-09-22, 19:06:14, 1.05e-12, 9.03e-11
2019-09-22, 19:06:19, 9.61e-13, 9.05e-11
2019-09-22, 19:06:23, 9.84e-13, 9.07e-11
2019-09-22, 19:06:27, 8.89e-13, 9.04e-11
2019-09-22, 19:06:31, 9.73e-13, 9.05e-11
2019-09-22, 19:06:36, 8.68e-13, 9.07e-11
2019-09-22, 19:06:40, 9.63e-13, 9.05e-11
2019-09-22, 19:06:44, 9.67e-13, 9.07e-11
2019-09-22, 19:06:48, 9.43e-13, 9.05e-11
2019-09-22, 19:06:52, 9.94e-13, 9.04e-11
2019-09-22, 19:06:57, 9.39e-13, 9.04e-11
2019-09-22, 19:07:01, 9.57e-13, 9.05e-11
2019-09-22, 19:07:05, 9.61e-13, 9.08e-11
2019-09-22, 19:07:09, 9.4e-13, 9.05e-11
2019-09-22, 19:07:14, 9.99e-13, 9.01e-11
2019-09-22, 19:07:18, 9.43e-13, 9.04e-11
2019-09-22, 19:07:22, 1.01e-12, 9.05e-11
2019-09-22, 19:07:26, 9.73e-13, 9.05e-11
2019-09-22, 19:07:30, 9.41e-13, 9.09e-11
2019-09-22, 19:07:35, 1e-12, 9.09e-11
2019-09-22, 19:07:39, 9.37e-13, 9.11e-11
2019-09-22, 19:07:43, 9.79e-13, 9.12e-11
2019-09-22, 19:07:47, 9.89e-13, 9.06e-11
2019-09-22, 19:07:52, 9.01e-13, 9.1e-11
2019-09-22, 19:07:56, 9.59e-13, 9.11e-11
2019-09-22, 19:08:00, 9.36e-13, 9.1e-11
2019-09-22, 19:08:04, 1.02e-12, 9.09e-11
2019-09-22, 19:08:08, 9.2e-13, 9.09e-11
2019-09-22, 19:08:13, 1.01e-12, 9.11e-11
2019-09-22, 19:08:17, 9.63e-13, 9.09e-11
2019-09-22, 19:08:21, 9.62e-13, 9.14e-11
2019-09-22, 19:08:25, 1.07e-12, 9.13e-11
2019-09-22, 19:08:30, 9.53e-13, 9.1e-11
2019-09-22, 19:08:34, 9.89e-13, 9.11e-11
2019-09-22, 19:08:38, 9.66e-13, 9.13e-11
2019-09-22, 19:08:42, 9.78e-13, 9.11e-11
2019-09-22, 19:08:46, 9.29e-13, 9.11e-11
2019-09-22, 19:08:51, 1.04e-12, 9.06e-11
2019-09-22, 19:08:55, 9.47e-13, 9.14e-11
2019-09-22, 19:08:59, 9.58e-13, 9.11e-11
2019-09-22, 19:09:03, 9.16e-13, 9.08e-11
2019-09-22, 19:09:08, 9.19e-13, 9.11e-11
2019-09-22, 19:09:12, 1e-12, 9.1e-11
2019-09-22, 19:09:16, 9.89e-13, 9.09e-11
2019-09-22, 19:09:20, 9.18e-13, 9.13e-11
2019-09-22, 19:09:24, 9.7e-13, 9.09e-11
2019-09-22, 19:09:29, 8.84e-13, 9.13e-11
2019-09-22, 19:09:33, 9.23e-13, 9.12e-11
2019-09-22, 19:09:37, 9.36e-13, 9.08e-11
2019-09-22, 19:09:41, 9.53e-13, 9.11e-11
2019-09-22, 19:09:45, 9.48e-13, 9.13e-11
2019-09-22, 19:09:50, 1.07e-12, 9.06e-11
2019-09-22, 19:09:54, 9.66e-13, 9.08e-11
2019-09-22, 19:09:58, 9.85e-13, 9.12e-11
2019-09-22, 19:10:02, 9.53e-13, 9.12e-11
2019-09-22, 19:10:07, 9.61e-13, 9.09e-11
2019-09-22, 19:10:11, 1.03e-12, 9.12e-11
2019-09-22, 19:10:15, 9.12e-13, 9.07e-11
2019-09-22, 19:10:19, 9.71e-13, 9.08e-11
2019-09-22, 19:10:23, 9.27e-13, 9.1e-11
2019-09-22, 19:10:28, 9.35e-13, 9.06e-11
2019-09-22, 19:10:32, 9.24e-13, 9.06e-11
2019-09-22, 19:10:36, 9.39e-13, 9.13e-11
2019-09-22, 19:10:40, 9.66e-13, 9.08e-11
2019-09-22, 19:10:45, 9.2e-13, 9.08e-11
2019-09-22, 19:10:49, 9.69e-13, 9.1e-11
2019-09-22, 19:10:53, 9.64e-13, 9.08e-11
2019-09-22, 19:10:57, 9.42e-13, 9.1e-11
2019-09-22, 19:11:01, 9.37e-13, 9.09e-11
2019-09-22, 19:11:06, 9.51e-13, 9.11e-11
2019-09-22, 19:11:10, 1.05e-12, 9.11e-11
2019-09-22, 19:11:14, 9.47e-13, 9.08e-11
2019-09-22, 19:11:18, 9.92e-13, 9.12e-11
2019-09-22, 19:11:23, 9.77e-13, 9.09e-11
2019-09-22, 19:11:27, 9.79e-13, 9.1e-11
2019-09-22, 19:11:31, 9.95e-13, 9.08e-11
2019-09-22, 19:11:35, 8.24e-13, 9.09e-11
2019-09-22, 19:11:39, 9.99e-13, 9.09e-11
2019-09-22, 19:11:44, 9.52e-13, 9.11e-11
2019-09-22, 19:11:48, 9.66e-13, 9.1e-11
2019-09-22, 19:11:52, 9.78e-13, 9.08e-11
2019-09-22, 19:11:56, 9.75e-13, 9.09e-11
2019-09-22, 19:12:01, 9.72e-13, 9.1e-11
2019-09-22, 19:12:05, 9.24e-13, 9.11e-11
2019-09-22, 19:12:09, 1.01e-12, 9.1e-11
2019-09-22, 19:12:13, 9.09e-13, 9.06e-11
2019-09-22, 19:12:17, 1.03e-12, 9.1e-11
2019-09-22, 19:12:22, 9.75e-13, 9.11e-11
2019-09-22, 19:12:26, 1.02e-12, 9.08e-11
2019-09-22, 19:12:30, 8.63e-13, 9.1e-11
2019-09-22, 19:12:34, 1.01e-12, 9.08e-11
2019-09-22, 19:12:39, 9.59e-13, 9.08e-11
2019-09-22, 19:12:43, 9.94e-13, 9.07e-11
2019-09-22, 19:12:47, 9.64e-13, 9.07e-11
2019-09-22, 19:12:51, 9.59e-13, 9.09e-11
2019-09-22, 19:12:55, 9.65e-13, 9.1e-11
2019-09-22, 19:13:00, 9.11e-13, 9.12e-11
2019-09-22, 19:13:04, 9.49e-13, 9.09e-11
2019-09-22, 19:13:08, 9.1e-13, 9.1e-11
2019-09-22, 19:13:12, 9.5e-13, 9.09e-11
2019-09-22, 19:13:16, 9.47e-13, 9.12e-11
2019-09-22, 19:13:21, 1.12e-12, 9.11e-11
2019-09-22, 19:13:25, 9.33e-13, 9.11e-11
2019-09-22, 19:13:29, 9.56e-13, 9.1e-11
2019-09-22, 19:13:33, 1e-12, 9.03e-11
2019-09-22, 19:13:38, 9.78e-13, 9.03e-11
2019-09-22, 19:13:42, 1e-12, 9.11e-11
2019-09-22, 19:13:46, 1.01e-12, 9.13e-11
2019-09-22, 19:13:50, 9.18e-13, 9.12e-11
2019-09-22, 19:13:54, 9.41e-13, 9.08e-11
2019-09-22, 19:13:59, 9.79e-13, 9.16e-11
2019-09-22, 19:14:03, 9.79e-13, 9.12e-11
2019-09-22, 19:14:07, 9.34e-13, 9.12e-11
2019-09-22, 19:14:11, 9.28e-13, 9.12e-11
2019-09-22, 19:14:16, 9.74e-13, 9.12e-11
2019-09-22, 19:14:20, 9.37e-13, 9.12e-11
2019-09-22, 19:14:24, 8.98e-13, 9.1e-11
2019-09-22, 19:14:28, 1.03e-12, 9.11e-11
2019-09-22, 19:14:32, 1e-12, 9.11e-11
2019-09-22, 19:14:37, 9.39e-13, 9.1e-11
2019-09-22, 19:14:41, 8.72e-13, 9.09e-11
2019-09-22, 19:14:45, 9.34e-13, 9.13e-11
2019-09-22, 19:14:49, 9.39e-13, 9.1e-11
2019-09-22, 19:14:54, 9.79e-13, 9.12e-11
2019-09-22, 19:14:58, 9.71e-13, 9.1e-11
2019-09-22, 19:15:02, 9.75e-13, 9.13e-11
2019-09-22, 19:15:06, 9.3e-13, 9.09e-11
2019-09-22, 19:15:10, 9.45e-13, 9.11e-11
2019-09-22, 19:15:15, 9.6e-13, 9.13e-11
2019-09-22, 19:15:19, 9.4e-13, 9.12e-11
2019-09-22, 19:15:23, 1.01e-12, 9.1e-11
2019-09-22, 19:15:27, 9.81e-13, 9.13e-11
2019-09-22, 19:15:32, 9.53e-13, 9.1e-11
2019-09-22, 19:15:36, 9.2e-13, 9.09e-11
2019-09-22, 19:15:40, 1.02e-12, 9.11e-11
2019-09-22, 19:15:44, 9.26e-13, 9.11e-11
2019-09-22, 19:15:48, 1.1e-12, 9.11e-11
2019-09-22, 19:15:53, 9.2e-13, 9.11e-11
2019-09-22, 19:15:57, 9.04e-13, 9.12e-11
2019-09-22, 19:16:01, 8.51e-13, 9.1e-11
2019-09-22, 19:16:05, 8.77e-13, 9.12e-11
2019-09-22, 19:16:10, 1.03e-12, 9.12e-11
2019-09-22, 19:16:14, 9.4e-13, 9.08e-11
2019-09-22, 19:16:18, 8.9e-13, 9.12e-11
2019-09-22, 19:16:22, 8.85e-13, 9.11e-11
2019-09-22, 19:16:26, 1e-12, 9.1e-11
2019-09-22, 19:16:31, 9.72e-13, 9.11e-11
2019-09-22, 19:16:35, 9.99e-13, 9.1e-11
2019-09-22, 19:16:39, 9.69e-13, 9.12e-11
2019-09-22, 19:16:43, 9.98e-13, 9.17e-11
2019-09-22, 19:16:47, 9.69e-13, 9.1e-11
2019-09-22, 19:16:52, 9.15e-13, 9.13e-11
2019-09-22, 19:16:56, 8.28e-13, 9.11e-11
2019-09-22, 19:17:00, 9.04e-13, 9.12e-11
2019-09-22, 19:17:04, 9.86e-13, 9.09e-11
2019-09-22, 19:17:09, 9.63e-13, 9.09e-11
2019-09-22, 19:17:13, 1.02e-12, 9.12e-11
2019-09-22, 19:17:17, 8.57e-13, 9.14e-11
2019-09-22, 19:17:21, 9.18e-13, 9.11e-11
2019-09-22, 19:17:25, 1.02e-12, 9.11e-11
2019-09-22, 19:17:30, 9.11e-13, 9.14e-11
2019-09-22, 19:17:34, 9.41e-13, 9.15e-11
2019-09-22, 19:17:38, 9.1e-13, 9.07e-11
2019-09-22, 19:17:42, 9.27e-13, 9.07e-11
2019-09-22, 19:17:47, 9.23e-13, 9.06e-11
2019-09-22, 19:17:51, 1.01e-12, 9.07e-11
2019-09-22, 19:17:55, 9.69e-13, 9.05e-11
2019-09-22, 19:17:59, 9.82e-13, 9.11e-11
2019-09-22, 19:18:03, 9.26e-13, 9.11e-11
2019-09-22, 19:18:08, 9.07e-13, 9.13e-11
2019-09-22, 19:18:12, 1.03e-12, 9.12e-11
2019-09-22, 19:18:16, 8.37e-13, 9.1e-11
2019-09-22, 19:18:20, 9.27e-13, 9.12e-11
2019-09-22, 19:18:25, 9.61e-13, 9.11e-11
2019-09-22, 19:18:29, 9.41e-13, 9.14e-11
2019-09-22, 19:18:33, 1.01e-12, 9.13e-11
2019-09-22, 19:18:37, 9.81e-13, 9.14e-11
2019-09-22, 19:18:41, 9.25e-13, 9.1e-11
2019-09-22, 19:18:46, 1e-12, 9.1e-11
2019-09-22, 19:18:50, 1.02e-12, 9.1e-11
2019-09-22, 19:18:54, 9.38e-13, 9.14e-11
2019-09-22, 19:18:58, 9.38e-13, 9.11e-11
2019-09-22, 19:19:03, 1.05e-12, 9.15e-11
2019-09-22, 19:19:07, 9.86e-13, 9.14e-11
2019-09-22, 19:19:11, 8.93e-13, 9.17e-11
2019-09-22, 19:19:15, 1.05e-12, 9.12e-11
2019-09-22, 19:19:20, 9.78e-13, 9.13e-11
2019-09-22, 19:19:24, 9.22e-13, 9.1e-11
2019-09-22, 19:19:28, 1.01e-12, 9.1e-11
2019-09-22, 19:19:33, 9.86e-13, 9.11e-11
2019-09-22, 19:19:37, 9.83e-13, 9.15e-11
2019-09-22, 19:19:41, 9.48e-13, 9.09e-11
2019-09-22, 19:19:45, 9.56e-13, 9.14e-11
2019-09-22, 19:19:50, 9.9e-13, 9.11e-11
2019-09-22, 19:19:54, 9.61e-13, 9.19e-11
2019-09-22, 19:19:58, 1.02e-12, 9.09e-11
2019-09-22, 19:20:02, 9.85e-13, 9.1e-11
2019-09-22, 19:20:06, 1.02e-12, 9.12e-11
2019-09-22, 19:20:11, 8.99e-13, 9.11e-11
2019-09-22, 19:20:15, 9.12e-13, 9.12e-11
2019-09-22, 19:20:19, 9.92e-13, 9.1e-11
2019-09-22, 19:20:23, 9.92e-13, 9.11e-11
2019-09-22, 19:20:28, 9.68e-13, 9.11e-11
2019-09-22, 19:20:32, 9.67e-13, 9.09e-11
2019-09-22, 19:20:36, 9.53e-13, 9.07e-11
2019-09-22, 19:20:40, 9.42e-13, 9.07e-11
2019-09-22, 19:20:44, 1.03e-12, 9.11e-11
2019-09-22, 19:20:49, 9.09e-13, 9.06e-11
2019-09-22, 19:20:53, 9.14e-13, 9.12e-11
2019-09-22, 19:20:57, 1.11e-12, 9.11e-11
2019-09-22, 19:21:01, 8.67e-13, 9.15e-11
2019-09-22, 19:21:06, 9.56e-13, 9.14e-11
2019-09-22, 19:21:10, 9.63e-13, 9.13e-11
2019-09-22, 19:21:14, 9.79e-13, 9.14e-11
2019-09-22, 19:21:18, 9.85e-13, 9.14e-11
2019-09-22, 19:21:22, 9.72e-13, 9.12e-11
2019-09-22, 19:21:27, 9.85e-13, 9.11e-11
2019-09-22, 19:21:31, 1.02e-12, 9.11e-11
2019-09-22, 19:21:35, 9.45e-13, 9.11e-11
2019-09-22, 19:21:39, 9.58e-13, 9.13e-11
2019-09-22, 19:21:43, 9.08e-13, 9.14e-11
2019-09-22, 19:21:48, 9.74e-13, 9.12e-11
2019-09-22, 19:21:52, 9.78e-13, 9.1e-11
2019-09-22, 19:21:56, 9.46e-13, 9.11e-11
2019-09-22, 19:22:00, 9.77e-13, 9.13e-11
2019-09-22, 19:22:05, 9.15e-13, 9.1e-11
2019-09-22, 19:22:09, 8.36e-13, 9.14e-11
2019-09-22, 19:22:13, 9.89e-13, 9.12e-11
2019-09-22, 19:22:17, 9.59e-13, 9.15e-11
2019-09-22, 19:22:21, 9.63e-13, 9.11e-11
2019-09-22, 19:22:26, 9.62e-13, 9.13e-11
2019-09-22, 19:22:30, 9.58e-13, 9.11e-11
2019-09-22, 19:22:34, 9.74e-13, 9.12e-11
2019-09-22, 19:22:38, 9.63e-13, 9.15e-11
2019-09-22, 19:22:43, 1.02e-12, 9.12e-11
2019-09-22, 19:22:47, 8.29e-13, 9.11e-11
2019-09-22, 19:22:51, 8.85e-13, 9.15e-11
2019-09-22, 19:22:55, 9.43e-13, 9.12e-11
2019-09-22, 19:22:59, 1.01e-12, 9.12e-11
2019-09-22, 19:23:04, 8.45e-13, 9.12e-11
2019-09-22, 19:23:08, 1.03e-12, 9.12e-11
2019-09-22, 19:23:12, 9.1e-13, 9.11e-11
2019-09-22, 19:23:16, 1e-12, 9.12e-11
2019-09-22, 19:23:21, 8.82e-13, 9.13e-11
2019-09-22, 19:23:25, 9.28e-13, 9.09e-11
2019-09-22, 19:23:29, 1e-12, 9.12e-11
2019-09-22, 19:23:33, 9.5e-13, 9.11e-11
2019-09-22, 19:23:37, 9.32e-13, 9.14e-11
2019-09-22, 19:23:42, 9.57e-13, 9.11e-11
2019-09-22, 19:23:46, 8.9e-13, 9.11e-11
2019-09-22, 19:23:50, 9.73e-13, 9.11e-11
2019-09-22, 19:23:54, 1.05e-12, 9.09e-11
2019-09-22, 19:23:59, 9.23e-13, 9.12e-11
2019-09-22, 19:24:03, 9.45e-13, 9.11e-11
2019-09-22, 19:24:07, 9.31e-13, 9.09e-11
2019-09-22, 19:24:11, 9.44e-13, 9.13e-11
2019-09-22, 19:24:15, 9.87e-13, 9.08e-11
2019-09-22, 19:24:20, 9.85e-13, 9.14e-11
2019-09-22, 19:24:24, 1.03e-12, 9.1e-11
2019-09-22, 19:24:28, 9.79e-13, 9.12e-11
2019-09-22, 19:24:32, 9.39e-13, 9.14e-11
2019-09-22, 19:24:37, 9.45e-13, 9.11e-11
2019-09-22, 19:24:41, 9.46e-13, 9.13e-11
2019-09-22, 19:24:45, 1.03e-12, 9.17e-11
2019-09-22, 19:24:49, 9.39e-13, 9.12e-11
2019-09-22, 19:24:53, 9.22e-13, 9.11e-11
2019-09-22, 19:24:58, 9.15e-13, 9.1e-11
2019-09-22, 19:25:02, 9.76e-13, 9.12e-11
2019-09-22, 19:25:06, 9.27e-13, 9.14e-11
2019-09-22, 19:25:10, 9.09e-13, 9.1e-11
2019-09-22, 19:25:14, 9.81e-13, 9.13e-11
2019-09-22, 19:25:19, 9.41e-13, 9.11e-11
2019-09-22, 19:25:23, 9.5e-13, 9.12e-11
2019-09-22, 19:25:27, 9.92e-13, 9.13e-11
2019-09-22, 19:25:31, 9.79e-13, 9.13e-11
2019-09-22, 19:25:36, 9.75e-13, 9.14e-11
2019-09-22, 19:25:40, 9.61e-13, 9.15e-11
2019-09-22, 19:25:44, 9.87e-13, 9.11e-11
2019-09-22, 19:25:48, 1.02e-12, 9.14e-11
2019-09-22, 19:25:52, 1.01e-12, 9.12e-11
2019-09-22, 19:25:57, 9.72e-13, 9.09e-11
2019-09-22, 19:26:01, 9.27e-13, 9.13e-11
2019-09-22, 19:26:05, 9.37e-13, 9.11e-11
2019-09-22, 19:26:09, 9.23e-13, 9.11e-11
2019-09-22, 19:26:14, 1.04e-12, 9.13e-11
2019-09-22, 19:26:18, 1.08e-12, 9.12e-11
2019-09-22, 19:26:22, 9.45e-13, 9.12e-11
2019-09-22, 19:26:26, 9.23e-13, 9.11e-11
2019-09-22, 19:26:30, 9.74e-13, 9.09e-11
2019-09-22, 19:26:35, 9.68e-13, 9.14e-11
2019-09-22, 19:26:39, 9.8e-13, 9.11e-11
2019-09-22, 19:26:43, 1.01e-12, 9.1e-11
2019-09-22, 19:26:47, 9.54e-13, 9.12e-11
2019-09-22, 19:26:52, 9.17e-13, 9.13e-11
2019-09-22, 19:26:56, 9.57e-13, 9.12e-11
2019-09-22, 19:27:00, 9.33e-13, 9.12e-11
2019-09-22, 19:27:04, 9.66e-13, 9.12e-11
2019-09-22, 19:27:08, 9.7e-13, 9.13e-11
2019-09-22, 19:27:13, 9.68e-13, 9.14e-11
2019-09-22, 19:27:17, 1.01e-12, 9.15e-11
2019-09-22, 19:27:21, 9.6e-13, 9.13e-11
2019-09-22, 19:27:25, 9.64e-13, 9.12e-11
2019-09-22, 19:27:30, 9.27e-13, 9.12e-11
2019-09-22, 19:27:34, 9.46e-13, 9.15e-11
2019-09-22, 19:27:38, 8.73e-13, 9.17e-11
2019-09-22, 19:27:42, 9.01e-13, 9.11e-11
2019-09-22, 19:27:46, 9.79e-13, 9.07e-11
2019-09-22, 19:27:51, 1.05e-12, 9.07e-11
2019-09-22, 19:27:55, 8.64e-13, 9.1e-11
2019-09-22, 19:27:59, 9.94e-13, 9.12e-11
2019-09-22, 19:28:03, 1.08e-12, 9.12e-11
2019-09-22, 19:28:08, 9.47e-13, 9.13e-11
2019-09-22, 19:28:12, 9.32e-13, 9.11e-11
2019-09-22, 19:28:16, 9.67e-13, 9.16e-11
2019-09-22, 19:28:20, 9.77e-13, 9.11e-11
2019-09-22, 19:28:24, 9.77e-13, 9.16e-11
2019-09-22, 19:28:29, 1.01e-12, 9.11e-11
2019-09-22, 19:28:33, 9.37e-13, 9.13e-11
2019-09-22, 19:28:37, 1e-12, 9.12e-11
2019-09-22, 19:28:41, 9.38e-13, 9.12e-11
2019-09-22, 19:28:45, 9.05e-13, 9.15e-11
2019-09-22, 19:28:50, 9.48e-13, 9.14e-11
2019-09-22, 19:28:54, 9.3e-13, 9.12e-11
2019-09-22, 19:28:58, 9.18e-13, 9.12e-11
2019-09-22, 19:29:02, 1.04e-12, 9.14e-11
2019-09-22, 19:29:07, 9.36e-13, 9.15e-11
2019-09-22, 19:29:11, 9.13e-13, 9.11e-11
2019-09-22, 19:29:15, 8.51e-13, 9.11e-11
2019-09-22, 19:29:19, 1.01e-12, 9.1e-11
2019-09-22, 19:29:23, 9.83e-13, 9.14e-11
2019-09-22, 19:29:28, 9.28e-13, 9.12e-11
2019-09-22, 19:29:32, 1.03e-12, 9.09e-11
2019-09-22, 19:29:36, 1.06e-12, 9.1e-11
2019-09-22, 19:29:40, 9.47e-13, 9.07e-11
2019-09-22, 19:29:45, 8.99e-13, 9.1e-11
2019-09-22, 19:29:49, 9.12e-13, 9.13e-11
2019-09-22, 19:29:53, 9.26e-13, 9.07e-11
2019-09-22, 19:29:57, 9.7e-13, 9.09e-11
2019-09-22, 19:30:01, 9.99e-13, 9.14e-11
2019-09-22, 19:30:06, 8.97e-13, 9.13e-11
2019-09-22, 19:30:10, 9.83e-13, 9.11e-11
2019-09-22, 19:30:14, 9.72e-13, 9.12e-11
2019-09-22, 19:30:39, 8.47e-13, 9.05e-11
2019-09-22, 19:30:43, 9.56e-13, 9.1e-11
2019-09-22, 19:30:48, 1.01e-12, 9.08e-11
2019-09-22, 19:30:52, 9.55e-13, 9.1e-11
2019-09-22, 19:30:56, 9.5e-13, 9.06e-11
2019-09-22, 19:31:00, 9.82e-13, 9.06e-11
2019-09-22, 19:31:04, 9.45e-13, 9.11e-11
2019-09-22, 19:31:09, 1.01e-12, 9.09e-11
2019-09-22, 19:31:13, 1.06e-12, 9.12e-11
2019-09-22, 19:31:17, 9.97e-13, 9.08e-11
2019-09-22, 19:31:21, 9.79e-13, 9.09e-11
2019-09-22, 19:31:26, 9.74e-13, 9.11e-11
2019-09-22, 19:31:30, 9.33e-13, 9.13e-11
2019-09-22, 19:31:34, 1.01e-12, 9.1e-11
2019-09-22, 19:31:38, 9.57e-13, 9.13e-11
2019-09-22, 19:31:42, 1.01e-12, 9.11e-11
2019-09-22, 19:31:47, 9.13e-13, 9.12e-11
2019-09-22, 19:31:51, 9.57e-13, 9.09e-11
2019-09-22, 19:31:55, 9.51e-13, 9.11e-11
2019-09-22, 19:31:59, 9.3e-13, 9.12e-11
2019-09-22, 19:32:04, 9.96e-13, 9.1e-11
2019-09-22, 19:32:08, 8.98e-13, 9.1e-11
2019-09-22, 19:32:12, 9.61e-13, 9.13e-11
2019-09-22, 19:32:16, 9.41e-13, 9.07e-11
2019-09-22, 19:32:20, 1.06e-12, 9.1e-11
2019-09-22, 19:32:25, 9.33e-13, 9.12e-11
2019-09-22, 19:32:29, 9.35e-13, 9.1e-11
2019-09-22, 19:32:33, 9.85e-13, 9.11e-11
2019-09-22, 19:32:37, 9.76e-13, 9.1e-11
2019-09-22, 19:32:42, 9.85e-13, 9.09e-11
2019-09-22, 19:32:46, 8.98e-13, 9.05e-11
2019-09-22, 19:32:50, 8.93e-13, 9.07e-11
2019-09-22, 19:32:54, 1e-12, 9.1e-11
2019-09-22, 19:32:58, 1.09e-12, 9.05e-11
2019-09-22, 19:33:03, 9.5e-13, 9.04e-11
2019-09-22, 19:33:07, 9.38e-13, 9.1e-11
2019-09-22, 19:33:11, 1.15e-12, 9.06e-11
2019-09-22, 19:33:15, 9.42e-13, 9.03e-11
2019-09-22, 19:33:19, 8.98e-13, 9.06e-11
2019-09-22, 19:33:24, 9.62e-13, 9.02e-11
2019-09-22, 19:33:28, 8.26e-13, 9.07e-11
2019-09-22, 19:33:32, 9.68e-13, 9.02e-11
2019-09-22, 19:33:36, 9.44e-13, 9.06e-11
2019-09-22, 19:33:41, 9.18e-13, 9.04e-11
2019-09-22, 19:33:45, 9.91e-13, 9.06e-11
2019-09-22, 19:33:49, 9.62e-13, 9.1e-11
2019-09-22, 19:33:53, 1e-12, 9.09e-11
2019-09-22, 19:33:57, 9.58e-13, 9.04e-11
2019-09-22, 19:34:02, 9.53e-13, 9.05e-11
2019-09-22, 19:34:06, 8.96e-13, 9.04e-11
2019-09-22, 19:34:10, 9.3e-13, 9.07e-11
2019-09-22, 19:34:14, 9.44e-13, 9.05e-11
2019-09-22, 19:34:19, 9.59e-13, 9.1e-11
2019-09-22, 19:34:23, 9.46e-13, 9.05e-11
2019-09-22, 19:34:27, 9.25e-13, 9.04e-11
2019-09-22, 19:34:31, 9.37e-13, 9.03e-11
2019-09-22, 19:34:35, 9.33e-13, 9.05e-11
2019-09-22, 19:34:40, 9.15e-13, 9.05e-11
2019-09-22, 19:34:44, 9.77e-13, 9.03e-11
2019-09-22, 19:34:48, 9.98e-13, 8.99e-11
2019-09-22, 19:34:52, 9.1e-13, 9.04e-11
2019-09-22, 19:34:57, 1.07e-12, 9.03e-11
2019-09-22, 19:35:01, 9.74e-13, 9.02e-11
2019-09-22, 19:35:05, 1.02e-12, 9.03e-11
2019-09-22, 19:35:09, 9.57e-13, 9.05e-11
2019-09-22, 19:35:13, 9.35e-13, 9.06e-11
2019-09-22, 19:35:18, 9.19e-13, 9.03e-11
2019-09-22, 19:35:22, 7.66e-13, 9.11e-11
2019-09-22, 19:35:26, 1.01e-12, 9.03e-11
2019-09-22, 19:35:30, 9.23e-13, 9e-11
2019-09-22, 19:35:35, 8.76e-13, 9.05e-11
2019-09-22, 19:35:39, 9.22e-13, 9.04e-11
2019-09-22, 19:35:43, 9.68e-13, 9.08e-11
2019-09-22, 19:35:47, 1.01e-12, 9.07e-11
2019-09-22, 19:35:51, 1.02e-12, 9.05e-11
2019-09-22, 19:35:56, 9.98e-13, 9.02e-11
2019-09-22, 19:36:00, 1.01e-12, 9.04e-11
2019-09-22, 19:36:04, 9.81e-13, 9.06e-11
2019-09-22, 19:36:08, 9.95e-13, 9.03e-11
2019-09-22, 19:36:13, 9.45e-13, 9.03e-11
2019-09-22, 19:36:17, 9.34e-13, 9.04e-11
2019-09-22, 19:36:21, 9.3e-13, 9.03e-11
2019-09-22, 19:36:25, 9.61e-13, 9.03e-11
2019-09-22, 19:36:29, 1e-12, 9.07e-11
2019-09-22, 19:36:34, 9.96e-13, 9.03e-11
2019-09-22, 19:36:38, 1.09e-12, 9.04e-11
2019-09-22, 19:36:42, 9.7e-13, 9.05e-11
2019-09-22, 19:36:46, 1.02e-12, 9.03e-11
2019-09-22, 19:36:51, 1e-12, 9.05e-11
2019-09-22, 19:36:55, 9.27e-13, 9.06e-11
2019-09-22, 19:36:59, 9.26e-13, 9.05e-11
2019-09-22, 19:37:03, 8.74e-13, 9.06e-11
2019-09-22, 19:37:07, 9.04e-13, 9.05e-11
2019-09-22, 19:37:12, 9.79e-13, 9.09e-11
2019-09-22, 19:37:16, 9.6e-13, 9.11e-11
2019-09-22, 19:37:20, 9.64e-13, 9.1e-11
2019-09-22, 19:37:24, 9.73e-13, 9.09e-11
2019-09-22, 19:37:28, 9.44e-13, 9.1e-11
2019-09-22, 19:37:33, 8.38e-13, 9.09e-11
2019-09-22, 19:37:37, 9.76e-13, 9.09e-11
2019-09-22, 19:37:41, 9.32e-13, 9.13e-11
2019-09-22, 19:37:45, 1.01e-12, 9.08e-11
2019-09-22, 19:37:50, 1.01e-12, 9.08e-11
2019-09-22, 19:37:54, 9.76e-13, 9.09e-11
2019-09-22, 19:37:58, 9.15e-13, 9.12e-11
2019-09-22, 19:38:02, 8.39e-13, 9.13e-11
2019-09-22, 19:38:06, 9.93e-13, 9.1e-11
2019-09-22, 19:38:11, 9.77e-13, 9.11e-11
2019-09-22, 19:38:15, 9.75e-13, 9.13e-11
2019-09-22, 19:38:19, 9.86e-13, 9.1e-11
2019-09-22, 19:38:23, 8.94e-13, 9.07e-11
2019-09-22, 19:38:28, 8.67e-13, 9.07e-11
2019-09-22, 19:38:32, 1.05e-12, 9.07e-11
2019-09-22, 19:38:36, 9.6e-13, 9.07e-11
2019-09-22, 19:38:40, 9.38e-13, 9.07e-11
2019-09-22, 19:38:44, 9.96e-13, 9.1e-11
2019-09-22, 19:38:49, 1.08e-12, 9.05e-11
2019-09-22, 19:38:53, 9.46e-13, 9.1e-11
2019-09-22, 19:38:57, 9.31e-13, 9.13e-11
2019-09-22, 19:39:01, 9.81e-13, 9.1e-11
2019-09-22, 19:39:06, 1.01e-12, 9.1e-11
2019-09-22, 19:39:10, 8.97e-13, 9.09e-11
2019-09-22, 19:39:14, 8.65e-13, 9.1e-11
2019-09-22, 19:39:18, 1.02e-12, 9.09e-11
2019-09-22, 19:39:22, 9.53e-13, 9.12e-11
2019-09-22, 19:39:27, 9.85e-13, 9.09e-11
2019-09-22, 19:39:31, 1.03e-12, 9.11e-11
2019-09-22, 19:39:35, 9.76e-13, 9.14e-11
2019-09-22, 19:39:39, 9.41e-13, 9.07e-11
2019-09-22, 19:39:44, 9.55e-13, 9.05e-11
2019-09-22, 19:39:48, 9.54e-13, 9.1e-11
2019-09-22, 19:39:52, 9.57e-13, 9.05e-11
2019-09-22, 19:39:56, 9.23e-13, 9.11e-11
2019-09-22, 19:40:00, 9.31e-13, 9.08e-11
2019-09-22, 19:40:05, 8.83e-13, 9.05e-11
2019-09-22, 19:40:09, 9.36e-13, 9.08e-11
2019-09-22, 19:40:13, 9.43e-13, 9.07e-11
2019-09-22, 19:40:17, 9.8e-13, 9.09e-11
2019-09-22, 19:40:22, 8.35e-13, 9.07e-11
2019-09-22, 19:40:26, 1.12e-12, 9.08e-11
2019-09-22, 19:40:30, 9.45e-13, 9.05e-11
2019-09-22, 19:40:34, 9.46e-13, 9.06e-11
2019-09-22, 19:40:38, 9.99e-13, 9.03e-11
2019-09-22, 19:40:43, 9.53e-13, 9.04e-11
2019-09-22, 19:40:47, 9.49e-13, 9.02e-11
2019-09-22, 19:40:51, 9.29e-13, 9.02e-11
2019-09-22, 19:40:55, 9.77e-13, 9.02e-11
2019-09-22, 19:40:59, 9.76e-13, 9.05e-11
2019-09-22, 19:41:04, 1.04e-12, 9.03e-11
2019-09-22, 19:41:08, 1.01e-12, 9.06e-11
2019-09-22, 19:41:12, 9.62e-13, 9.06e-11
2019-09-22, 19:41:16, 9.11e-13, 8.99e-11
2019-09-22, 19:41:21, 9.66e-13, 9.02e-11
2019-09-22, 19:41:25, 9.59e-13, 9.11e-11
2019-09-22, 19:41:29, 8.99e-13, 9.07e-11
2019-09-22, 19:41:33, 9.96e-13, 9.1e-11
2019-09-22, 19:41:37, 9.43e-13, 9.07e-11
2019-09-22, 19:41:42, 9.75e-13, 9.1e-11
2019-09-22, 19:41:46, 9.69e-13, 9.06e-11
2019-09-22, 19:41:50, 9.62e-13, 9.09e-11
2019-09-22, 19:41:54, 9.48e-13, 9.09e-11
2019-09-22, 19:41:59, 9.6e-13, 9.09e-11
2019-09-22, 19:42:03, 9.48e-13, 9.09e-11
2019-09-22, 19:42:07, 9.76e-13, 9.09e-11
2019-09-22, 19:42:11, 1.01e-12, 9.08e-11
2019-09-22, 19:42:15, 9.75e-13, 9.09e-11
2019-09-22, 19:42:20, 9.43e-13, 9.06e-11
2019-09-22, 19:42:24, 9.42e-13, 9.06e-11
2019-09-22, 19:42:28, 9.59e-13, 9.07e-11
2019-09-22, 19:42:32, 9.7e-13, 9.07e-11
2019-09-22, 19:42:37, 1.15e-12, 9.12e-11
2019-09-22, 19:42:41, 9.7e-13, 9.07e-11
2019-09-22, 19:42:45, 1.03e-12, 9.08e-11
2019-09-22, 19:42:49, 9.63e-13, 9.09e-11
2019-09-22, 19:42:53, 9.73e-13, 9.08e-11
2019-09-22, 19:42:58, 9.74e-13, 9.09e-11
2019-09-22, 19:43:02, 9.74e-13, 9.09e-11
2019-09-22, 19:43:06, 1.04e-12, 9.09e-11
2019-09-22, 19:43:10, 8.67e-13, 9.09e-11
2019-09-22, 19:43:15, 8.7e-13, 9.07e-11
2019-09-22, 19:43:19, 8.97e-13, 9.11e-11
2019-09-22, 19:43:23, 9.5e-13, 9.08e-11
2019-09-22, 19:43:27, 9.18e-13, 9.09e-11
2019-09-22, 19:43:31, 9.93e-13, 9.11e-11
2019-09-22, 19:43:36, 9.75e-13, 9.07e-11
2019-09-22, 19:43:40, 9.68e-13, 9.1e-11
2019-09-22, 19:43:44, 1e-12, 9.11e-11
2019-09-22, 19:43:48, 1.01e-12, 9.11e-11
2019-09-22, 19:43:53, 8.99e-13, 9.1e-11
2019-09-22, 19:43:57, 9.97e-13, 9.08e-11
2019-09-22, 19:44:01, 1.01e-12, 9.11e-11
2019-09-22, 19:44:05, 9.75e-13, 9.08e-11
2019-09-22, 19:44:09, 9.14e-13, 9.09e-11
2019-09-22, 19:44:14, 9.41e-13, 9.1e-11
2019-09-22, 19:44:18, 8.48e-13, 9.12e-11
2019-09-22, 19:44:22, 9.33e-13, 9.15e-11
2019-09-22, 19:44:26, 9.74e-13, 9.09e-11
2019-09-22, 19:44:31, 9.85e-13, 9.13e-11
2019-09-22, 19:44:35, 9.12e-13, 9.12e-11
2019-09-22, 19:44:39, 9.5e-13, 9.08e-11
2019-09-22, 19:44:43, 9.73e-13, 9.09e-11
2019-09-22, 19:44:47, 9.88e-13, 9.12e-11
2019-09-22, 19:44:52, 9.8e-13, 9.09e-11
2019-09-22, 19:44:56, 9.63e-13, 9.09e-11
2019-09-22, 19:45:00, 8.83e-13, 9.09e-11
2019-09-22, 19:45:04, 9.58e-13, 9.08e-11
2019-09-22, 19:45:08, 9.11e-13, 9.07e-11
2019-09-22, 19:45:13, 9.8e-13, 9.09e-11
2019-09-22, 19:45:17, 9.7e-13, 9.09e-11
2019-09-22, 19:45:21, 1.02e-12, 9.09e-11
2019-09-22, 19:45:25, 9.54e-13, 9.09e-11
2019-09-22, 19:45:30, 8.55e-13, 9.11e-11
2019-09-22, 19:45:34, 9.48e-13, 9.03e-11
2019-09-22, 19:45:38, 9.93e-13, 9.03e-11
2019-09-22, 19:45:42, 9.5e-13, 9.03e-11
2019-09-22, 19:45:47, 9.64e-13, 9.07e-11
2019-09-22, 19:45:51, 9.99e-13, 9.05e-11
2019-09-22, 19:45:55, 9.99e-13, 9.03e-11
2019-09-22, 19:45:59, 8.8e-13, 9.05e-11
2019-09-22, 19:46:03, 9.46e-13, 9.04e-11
2019-09-22, 19:46:08, 9.57e-13, 9.04e-11
2019-09-22, 19:46:12, 9.57e-13, 9.06e-11
2019-09-22, 19:46:16, 9.88e-13, 9.05e-11
2019-09-22, 19:46:21, 1.04e-12, 9.04e-11
2019-09-22, 19:46:25, 9.09e-13, 9.06e-11
2019-09-22, 19:46:29, 9.55e-13, 9.04e-11
2019-09-22, 19:46:33, 1.01e-12, 9.08e-11
2019-09-22, 19:46:37, 1e-12, 9.08e-11
2019-09-22, 19:46:42, 9.33e-13, 9.03e-11
2019-09-22, 19:46:46, 9.42e-13, 9.07e-11
2019-09-22, 19:46:50, 9.15e-13, 9.08e-11
2019-09-22, 19:46:54, 9.82e-13, 9.03e-11
2019-09-22, 19:46:59, 1.03e-12, 9.05e-11
2019-09-22, 19:47:03, 9.13e-13, 9.08e-11
2019-09-22, 19:47:07, 8.27e-13, 9.06e-11
2019-09-22, 19:47:11, 9.39e-13, 9.05e-11
2019-09-22, 19:47:15, 9.53e-13, 9.08e-11
2019-09-22, 19:47:20, 9.61e-13, 9.08e-11
2019-09-22, 19:47:24, 9.24e-13, 9.02e-11
2019-09-22, 19:47:28, 9.94e-13, 9.04e-11
2019-09-22, 19:47:32, 9.32e-13, 9.03e-11
2019-09-22, 19:47:36, 1.07e-12, 9.04e-11
2019-09-22, 19:47:41, 9.29e-13, 9.03e-11
2019-09-22, 19:47:45, 9.54e-13, 9.04e-11
2019-09-22, 19:47:49, 9.27e-13, 9.06e-11
2019-09-22, 19:47:53, 9.89e-13, 9.02e-11
2019-09-22, 19:47:58, 8.86e-13, 9.09e-11
2019-09-22, 19:48:02, 1.02e-12, 9.07e-11
2019-09-22, 19:48:06, 7.68e-13, 9.08e-11
2019-09-22, 19:48:10, 9.88e-13, 9.06e-11
2019-09-22, 19:48:14, 9.46e-13, 9.05e-11
2019-09-22, 19:48:19, 9.81e-13, 9.08e-11
2019-09-22, 19:48:23, 1.02e-12, 9.14e-11
2019-09-22, 19:48:27, 9.42e-13, 9.1e-11
2019-09-22, 19:48:31, 9.74e-13, 9.12e-11
2019-09-22, 19:48:36, 1.05e-12, 9.12e-11
2019-09-22, 19:48:40, 9.99e-13, 9.1e-11
2019-09-22, 19:48:44, 9.03e-13, 9.09e-11
2019-09-22, 19:48:48, 1.01e-12, 9.07e-11
2019-09-22, 19:48:52, 8.87e-13, 9.09e-11
2019-09-22, 19:48:57, 9.76e-13, 9.09e-11
2019-09-22, 19:49:01, 9.06e-13, 9.09e-11
2019-09-22, 19:49:05, 9.62e-13, 9.13e-11
2019-09-22, 19:49:10, 9.67e-13, 9.15e-11
2019-09-22, 19:49:14, 1.01e-12, 9.11e-11
2019-09-22, 19:49:18, 1.03e-12, 9.05e-11
2019-09-22, 19:49:22, 9.57e-13, 9.06e-11
2019-09-22, 19:49:26, 9.8e-13, 9.06e-11
2019-09-22, 19:49:31, 9.9e-13, 9.1e-11
2019-09-22, 19:49:35, 9.5e-13, 9.1e-11
2019-09-22, 19:49:39, 9.58e-13, 9.15e-11
2019-09-22, 19:49:43, 9.34e-13, 9.11e-11
2019-09-22, 19:49:47, 9.73e-13, 9.1e-11
2019-09-22, 19:49:52, 9.53e-13, 9.13e-11
2019-09-22, 19:49:56, 9.62e-13, 9.1e-11
2019-09-22, 19:50:00, 9.54e-13, 9.12e-11
2019-09-22, 19:50:04, 9.37e-13, 9.12e-11
2019-09-22, 19:50:09, 9.02e-13, 9.05e-11
2019-09-22, 19:50:13, 1.04e-12, 9.06e-11
2019-09-22, 19:50:17, 9.69e-13, 9.09e-11
2019-09-22, 19:50:21, 9.05e-13, 9.12e-11
2019-09-22, 19:50:25, 9.43e-13, 9.09e-11
2019-09-22, 19:50:30, 1.05e-12, 9.14e-11
2019-09-22, 19:50:34, 8.97e-13, 9.09e-11
2019-09-22, 19:50:38, 9.7e-13, 9.17e-11
2019-09-22, 19:50:42, 9.01e-13, 9.11e-11
2019-09-22, 19:50:47, 9.59e-13, 9.1e-11
2019-09-22, 19:50:51, 9.45e-13, 9.11e-11
2019-09-22, 19:50:55, 1.11e-12, 9.09e-11
2019-09-22, 19:50:59, 9.89e-13, 9.13e-11
2019-09-22, 19:51:03, 9.63e-13, 9.13e-11
2019-09-22, 19:51:08, 1.08e-12, 9.12e-11
2019-09-22, 19:51:12, 9.88e-13, 9.1e-11
2019-09-22, 19:51:16, 9.58e-13, 9.1e-11
2019-09-22, 19:51:20, 9.39e-13, 9.11e-11
2019-09-22, 19:51:25, 1.04e-12, 9.11e-11
2019-09-22, 19:51:29, 9.66e-13, 9.1e-11
2019-09-22, 19:51:33, 9.6e-13, 9.14e-11
2019-09-22, 19:51:37, 9.45e-13, 9.11e-11
2019-09-22, 19:51:41, 1.07e-12, 9.15e-11
2019-09-22, 19:51:46, 9.25e-13, 9.1e-11
2019-09-22, 19:51:50, 9.69e-13, 9.12e-11
2019-09-22, 19:51:54, 9.79e-13, 9.11e-11
2019-09-22, 19:51:58, 1e-12, 9.1e-11
2019-09-22, 19:52:03, 9.49e-13, 9.09e-11
2019-09-22, 19:52:07, 9.41e-13, 9.11e-11
2019-09-22, 19:52:11, 9.44e-13, 9.11e-11
2019-09-22, 19:52:15, 9.66e-13, 9.11e-11
2019-09-22, 19:52:19, 1.05e-12, 9.11e-11
2019-09-22, 19:52:24, 9.63e-13, 9.12e-11
2019-09-22, 19:52:28, 9.63e-13, 9.11e-11
2019-09-22, 19:52:32, 9.19e-13, 9.12e-11
2019-09-22, 19:52:36, 9.28e-13, 9.13e-11
2019-09-22, 19:52:41, 9.57e-13, 9.14e-11
2019-09-22, 19:52:45, 9.63e-13, 9.1e-11
2019-09-22, 19:52:49, 9.2e-13, 9.12e-11
2019-09-22, 19:52:53, 9.61e-13, 9.12e-11
2019-09-22, 19:52:57, 9.75e-13, 9.12e-11
2019-09-22, 19:53:02, 9.38e-13, 9.09e-11
2019-09-22, 19:53:06, 9.43e-13, 9.11e-11
2019-09-22, 19:53:10, 9.86e-13, 9.07e-11
2019-09-22, 19:53:14, 1.04e-12, 9.14e-11
2019-09-22, 19:53:19, 1.01e-12, 9.11e-11
2019-09-22, 19:53:23, 9.89e-13, 9.11e-11
2019-09-22, 19:53:27, 1.02e-12, 9.13e-11
2019-09-22, 19:53:31, 1.1e-12, 9.12e-11
2019-09-22, 19:53:35, 9.31e-13, 9.15e-11
2019-09-22, 19:53:40, 9.04e-13, 9.1e-11
2019-09-22, 19:53:44, 1.01e-12, 9.12e-11
2019-09-22, 19:53:48, 9.34e-13, 9.07e-11
2019-09-22, 19:53:52, 9.77e-13, 9.1e-11
2019-09-22, 19:53:56, 9.04e-13, 9.15e-11
2019-09-22, 19:54:01, 9.49e-13, 9.09e-11
2019-09-22, 19:54:05, 9.78e-13, 9.12e-11
2019-09-22, 19:54:09, 9.81e-13, 9.11e-11
2019-09-22, 19:54:13, 9.65e-13, 9.11e-11
2019-09-22, 19:54:18, 7.85e-13, 9.13e-11
2019-09-22, 19:54:22, 9.24e-13, 9.12e-11
2019-09-22, 19:54:26, 8.91e-13, 9.13e-11
2019-09-22, 19:54:30, 9.42e-13, 9.13e-11
2019-09-22, 19:54:34, 9.45e-13, 9.13e-11
2019-09-22, 19:54:39, 8.97e-13, 9.13e-11
2019-09-22, 19:54:43, 9.46e-13, 9.14e-11
2019-09-22, 19:54:47, 9.89e-13, 9.13e-11
2019-09-22, 19:54:51, 9.43e-13, 9.13e-11
2019-09-22, 19:54:56, 9.45e-13, 9.11e-11
2019-09-22, 19:55:00, 9.89e-13, 9.1e-11
2019-09-22, 19:55:04, 9.32e-13, 9.1e-11
2019-09-22, 19:55:08, 9.59e-13, 9.09e-11
2019-09-22, 19:55:12, 8.3e-13, 9.09e-11
2019-09-22, 19:55:17, 9.63e-13, 9.08e-11
2019-09-22, 19:55:21, 9.52e-13, 9.07e-11
2019-09-22, 19:55:25, 9.72e-13, 9.08e-11
2019-09-22, 19:55:29, 9.22e-13, 9.07e-11
2019-09-22, 19:55:34, 1.05e-12, 9.1e-11
2019-09-22, 19:55:38, 9.99e-13, 9.05e-11
2019-09-22, 19:55:42, 8.39e-13, 9.08e-11
2019-09-22, 19:55:46, 9.47e-13, 9.06e-11
2019-09-22, 19:55:50, 1.08e-12, 9.1e-11
2019-09-22, 19:55:55, 1.01e-12, 9.09e-11
2019-09-22, 19:55:59, 9.93e-13, 9.1e-11
2019-09-22, 19:56:03, 1.01e-12, 9.15e-11
2019-09-22, 19:56:07, 8.59e-13, 9.08e-11
2019-09-22, 19:56:12, 9.7e-13, 9.13e-11
2019-09-22, 19:56:16, 1.02e-12, 9.14e-11
2019-09-22, 19:56:20, 9.72e-13, 9.14e-11
2019-09-22, 19:56:24, 9.48e-13, 9.13e-11
2019-09-22, 19:56:28, 1.07e-12, 9.14e-11
2019-09-22, 19:56:33, 9.83e-13, 9.15e-11
2019-09-22, 19:56:37, 9.53e-13, 9.12e-11
2019-09-22, 19:56:41, 9.18e-13, 9.12e-11
2019-09-22, 19:56:45, 9.83e-13, 9.1e-11
2019-09-22, 19:56:50, 1.13e-12, 9.11e-11
2019-09-22, 19:56:54, 1.03e-12, 9.13e-11
2019-09-22, 19:56:58, 9.38e-13, 9.13e-11
2019-09-22, 19:57:02, 9.38e-13, 9.14e-11
2019-09-22, 19:57:06, 1.01e-12, 9.14e-11
2019-09-22, 19:57:11, 8.62e-13, 9.08e-11
2019-09-22, 19:57:15, 8.93e-13, 9.1e-11
2019-09-22, 19:57:19, 8.35e-13, 9.12e-11
2019-09-22, 19:57:23, 9.12e-13, 9.18e-11
2019-09-22, 19:57:28, 1e-12, 9.09e-11
2019-09-22, 19:57:32, 1.02e-12, 9.11e-11
2019-09-22, 19:57:36, 9.8e-13, 9.12e-11
2019-09-22, 19:57:40, 9.07e-13, 9.15e-11
2019-09-22, 19:57:44, 9.62e-13, 9.12e-11
2019-09-22, 19:57:49, 9.62e-13, 9.04e-11
2019-09-22, 19:57:53, 9.69e-13, 9.02e-11
2019-09-22, 19:57:57, 9.7e-13, 9.07e-11
2019-09-22, 19:58:01, 9.18e-13, 9.06e-11
2019-09-22, 19:58:05, 9.7e-13, 9.03e-11
2019-09-22, 19:58:10, 9.83e-13, 9.06e-11
2019-09-22, 19:58:14, 9.76e-13, 9.06e-11
2019-09-22, 19:58:18, 1.04e-12, 9.12e-11
2019-09-22, 19:58:22, 8.97e-13, 9.06e-11
2019-09-22, 19:58:27, 9.43e-13, 9.05e-11
2019-09-22, 19:58:31, 9.5e-13, 9.07e-11
2019-09-22, 19:58:35, 9.13e-13, 9.06e-11
2019-09-22, 19:58:39, 1.07e-12, 9.09e-11
2019-09-22, 19:58:43, 9.67e-13, 9.1e-11
2019-09-22, 19:58:48, 8.34e-13, 9.05e-11
2019-09-22, 19:58:52, 9.33e-13, 9.08e-11
2019-09-22, 19:58:56, 9.95e-13, 9.04e-11
2019-09-22, 19:59:00, 9.63e-13, 9.09e-11
2019-09-22, 19:59:05, 9.73e-13, 9.06e-11
2019-09-22, 19:59:09, 1e-12, 9.05e-11
2019-09-22, 19:59:13, 9.83e-13, 9.05e-11
2019-09-22, 19:59:17, 9.65e-13, 9.09e-11
2019-09-22, 19:59:21, 9.3e-13, 9.08e-11
2019-09-22, 19:59:26, 1.01e-12, 9.07e-11
2019-09-22, 19:59:30, 9.45e-13, 9.07e-11
2019-09-22, 19:59:34, 9.65e-13, 9.07e-11
2019-09-22, 19:59:38, 9.82e-13, 9.08e-11
2019-09-22, 19:59:43, 9.67e-13, 9.09e-11
2019-09-22, 19:59:47, 9.41e-13, 9.07e-11
2019-09-22, 19:59:51, 9.58e-13, 9.05e-11
2019-09-22, 19:59:55, 9.14e-13, 9.09e-11
2019-09-22, 19:59:59, 9.39e-13, 9.06e-11
2019-09-22, 20:00:04, 8.98e-13, 9.11e-11
2019-09-22, 20:00:08, 9.46e-13, 9.08e-11
2019-09-22, 20:00:12, 9.74e-13, 9.12e-11
2019-09-22, 20:00:16, 9.71e-13, 9.1e-11
2019-09-22, 20:00:21, 9.61e-13, 9.07e-11
2019-09-22, 20:00:25, 9.73e-13, 9.07e-11
2019-09-22, 20:00:29, 9.84e-13, 9.07e-11
2019-09-22, 20:00:33, 9.18e-13, 9.07e-11
2019-09-22, 20:00:37, 9.59e-13, 9.05e-11
2019-09-22, 20:00:42, 1.03e-12, 9.08e-11
2019-09-22, 20:00:46, 9.45e-13, 9.05e-11
2019-09-22, 20:00:50, 9.56e-13, 9.09e-11
2019-09-22, 20:00:54, 1.11e-12, 9.06e-11
2019-09-22, 20:00:59, 8.84e-13, 9.07e-11
2019-09-22, 20:01:03, 9.24e-13, 9.07e-11
2019-09-22, 20:01:07, 9.51e-13, 9.06e-11
2019-09-22, 20:01:11, 9.78e-13, 9.08e-11
2019-09-22, 20:01:15, 9.2e-13, 9.06e-11
2019-09-22, 20:01:20, 9.61e-13, 9.05e-11
2019-09-22, 20:01:24, 1.12e-12, 9.09e-11
2019-09-22, 20:01:28, 9.27e-13, 9.05e-11
2019-09-22, 20:01:32, 1.02e-12, 9.06e-11
2019-09-22, 20:01:36, 9.39e-13, 9.03e-11
2019-09-22, 20:01:41, 9.81e-13, 9.04e-11
2019-09-22, 20:01:45, 9.1e-13, 9.08e-11
2019-09-22, 20:01:49, 1.03e-12, 9.11e-11
2019-09-22, 20:01:53, 1.02e-12, 9.09e-11
2019-09-22, 20:01:58, 9.44e-13, 9.07e-11
2019-09-22, 20:02:02, 1.01e-12, 9.1e-11
2019-09-22, 20:02:06, 9.27e-13, 9.06e-11
2019-09-22, 20:02:10, 9.99e-13, 9.08e-11
2019-09-22, 20:02:14, 9.61e-13, 9.07e-11
2019-09-22, 20:02:19, 9.7e-13, 9.07e-11
2019-09-22, 20:02:23, 1e-12, 9.08e-11
2019-09-22, 20:02:27, 9.55e-13, 9.1e-11
2019-09-22, 20:02:31, 9.46e-13, 9.07e-11
2019-09-22, 20:02:36, 9.54e-13, 9.07e-11
2019-09-22, 20:02:40, 1.01e-12, 9.06e-11
2019-09-22, 20:02:44, 9.12e-13, 9.07e-11
2019-09-22, 20:02:48, 9.47e-13, 9.08e-11
2019-09-22, 20:02:52, 9.69e-13, 9.08e-11
2019-09-22, 20:02:57, 9.17e-13, 9.07e-11
2019-09-22, 20:03:01, 9.51e-13, 9.07e-11
2019-09-22, 20:03:05, 9.81e-13, 9.11e-11
2019-09-22, 20:03:09, 9.73e-13, 9.08e-11
2019-09-22, 20:03:14, 8.99e-13, 9.15e-11
2019-09-22, 20:03:18, 9.31e-13, 9.07e-11
2019-09-22, 20:03:22, 9.91e-13, 9.06e-11
2019-09-22, 20:03:26, 9.43e-13, 9.05e-11
2019-09-22, 20:03:30, 9.48e-13, 9.1e-11
2019-09-22, 20:03:35, 9.14e-13, 9.12e-11
2019-09-22, 20:03:39, 9.24e-13, 9.08e-11
2019-09-22, 20:03:43, 9.4e-13, 9.09e-11
2019-09-22, 20:03:47, 1.01e-12, 9.08e-11
2019-09-22, 20:03:52, 8.6e-13, 9.09e-11
2019-09-22, 20:03:56, 9.32e-13, 9.12e-11
2019-09-22, 20:04:00, 9.18e-13, 9.07e-11
2019-09-22, 20:04:04, 9.85e-13, 9.09e-11
2019-09-22, 20:04:08, 9.53e-13, 9.06e-11
2019-09-22, 20:04:13, 9.97e-13, 9.06e-11
2019-09-22, 20:04:17, 9.95e-13, 9.09e-11
2019-09-22, 20:04:21, 9.46e-13, 9.06e-11
2019-09-22, 20:04:26, 1.02e-12, 9.06e-11
2019-09-22, 20:04:30, 9.63e-13, 9.08e-11
2019-09-22, 20:04:34, 9.41e-13, 9.06e-11
2019-09-22, 20:04:38, 9.17e-13, 9.06e-11
2019-09-22, 20:04:42, 1.13e-12, 9.08e-11
2019-09-22, 20:04:47, 9.22e-13, 9.1e-11
2019-09-22, 20:04:51, 1.04e-12, 9.05e-11
2019-09-22, 20:04:55, 9.2e-13, 9.09e-11
2019-09-22, 20:04:59, 9.27e-13, 9.1e-11
2019-09-22, 20:05:04, 9.45e-13, 9.08e-11
2019-09-22, 20:05:08, 9.39e-13, 9.11e-11
2019-09-22, 20:05:12, 9.38e-13, 9.07e-11
2019-09-22, 20:05:16, 8.85e-13, 9.08e-11
2019-09-22, 20:05:20, 9.66e-13, 9.08e-11
2019-09-22, 20:05:25, 9.65e-13, 9.09e-11
2019-09-22, 20:05:29, 8.73e-13, 9.06e-11
2019-09-22, 20:05:33, 9.62e-13, 9.04e-11
2019-09-22, 20:05:37, 8.95e-13, 9.06e-11
2019-09-22, 20:05:42, 8.76e-13, 9.07e-11
2019-09-22, 20:05:46, 1.04e-12, 9.08e-11
2019-09-22, 20:05:50, 9.29e-13, 9.08e-11
2019-09-22, 20:05:54, 1.01e-12, 9.06e-11
2019-09-22, 20:05:58, 9.86e-13, 9.08e-11
2019-09-22, 20:06:03, 8.69e-13, 9.06e-11
2019-09-22, 20:06:07, 9.62e-13, 9.09e-11
2019-09-22, 20:06:11, 1e-12, 9.06e-11
2019-09-22, 20:06:15, 9.85e-13, 9.09e-11
2019-09-22, 20:06:19, 9.25e-13, 9.07e-11
2019-09-22, 20:06:24, 9.22e-13, 9.1e-11
2019-09-22, 20:06:28, 1.14e-12, 9.1e-11
2019-09-22, 20:06:32, 9.97e-13, 9.09e-11
2019-09-22, 20:06:36, 9.36e-13, 9.07e-11
2019-09-22, 20:06:41, 9.18e-13, 9.07e-11
2019-09-22, 20:06:45, 9.42e-13, 9.09e-11
2019-09-22, 20:06:49, 1.01e-12, 9.08e-11
2019-09-22, 20:06:53, 9.43e-13, 9.07e-11
2019-09-22, 20:06:57, 9.39e-13, 9.05e-11
2019-09-22, 20:07:02, 9.89e-13, 9.09e-11
2019-09-22, 20:07:06, 1e-12, 9.07e-11
2019-09-22, 20:07:10, 9.07e-13, 9.05e-11
2019-09-22, 20:07:14, 9.11e-13, 9.07e-11
2019-09-22, 20:07:19, 1.02e-12, 9.09e-11
2019-09-22, 20:07:23, 9.26e-13, 9.06e-11
2019-09-22, 20:07:27, 9.26e-13, 9.09e-11
2019-09-22, 20:07:31, 9.79e-13, 9.07e-11
2019-09-22, 20:07:35, 9.99e-13, 9.08e-11
2019-09-22, 20:07:40, 9.13e-13, 9.08e-11
2019-09-22, 20:07:44, 9.98e-13, 9.06e-11
2019-09-22, 20:07:48, 9.72e-13, 9.06e-11
2019-09-22, 20:07:52, 1.05e-12, 9.05e-11
2019-09-22, 20:07:57, 9.22e-13, 9.05e-11
2019-09-22, 20:08:01, 9.97e-13, 9.09e-11
2019-09-22, 20:08:05, 9.39e-13, 9.07e-11
2019-09-22, 20:08:09, 1.04e-12, 9.1e-11
2019-09-22, 20:08:13, 9.85e-13, 9.06e-11
2019-09-22, 20:08:18, 1.02e-12, 9.1e-11
2019-09-22, 20:08:22, 9.69e-13, 9.08e-11
2019-09-22, 20:08:26, 9.44e-13, 9.06e-11
2019-09-22, 20:08:30, 9.98e-13, 9.04e-11
2019-09-22, 20:08:35, 1.01e-12, 9.04e-11
2019-09-22, 20:08:39, 9.65e-13, 9.06e-11
2019-09-22, 20:08:43, 1.01e-12, 9.06e-11
2019-09-22, 20:08:47, 9.27e-13, 9.09e-11
2019-09-22, 20:08:51, 9.55e-13, 9.1e-11
2019-09-22, 20:08:56, 9.72e-13, 9.1e-11
2019-09-22, 20:09:00, 1.02e-12, 9.09e-11
2019-09-22, 20:09:04, 1.01e-12, 9.06e-11
2019-09-22, 20:09:08, 9.96e-13, 9.09e-11
2019-09-22, 20:09:13, 9.94e-13, 9.06e-11
2019-09-22, 20:09:17, 9.81e-13, 9.07e-11
2019-09-22, 20:09:21, 1.01e-12, 9.06e-11
2019-09-22, 20:09:25, 1.01e-12, 9.1e-11
2019-09-22, 20:09:29, 9.68e-13, 9.11e-11
2019-09-22, 20:09:34, 9.11e-13, 9.09e-11
2019-09-22, 20:09:38, 9.26e-13, 9.07e-11
2019-09-22, 20:09:42, 9.82e-13, 9.07e-11
2019-09-22, 20:09:46, 8.52e-13, 9.1e-11
2019-09-22, 20:09:51, 1.13e-12, 9.08e-11
2019-09-22, 20:09:55, 9.81e-13, 9.09e-11
2019-09-22, 20:09:59, 9.47e-13, 9.08e-11
2019-09-22, 20:10:03, 9.33e-13, 9.08e-11
2019-09-22, 20:10:07, 9.82e-13, 9.1e-11
2019-09-22, 20:10:12, 9.58e-13, 9.12e-11
2019-09-22, 20:10:16, 1.08e-12, 9.14e-11
2019-09-22, 20:10:20, 9.71e-13, 9.13e-11
2019-09-22, 20:10:24, 9.15e-13, 9.15e-11
2019-09-22, 20:10:28, 9.37e-13, 9.13e-11
2019-09-22, 20:10:33, 9.11e-13, 9.12e-11
2019-09-22, 20:10:37, 9.43e-13, 9.14e-11
2019-09-22, 20:10:41, 9.51e-13, 9.1e-11
2019-09-22, 20:10:45, 9.55e-13, 9.14e-11
2019-09-22, 20:10:50, 1.12e-12, 9.09e-11
2019-09-22, 20:10:54, 1e-12, 9.14e-11
2019-09-22, 20:10:58, 9.9e-13, 9.13e-11
2019-09-22, 20:11:02, 9.57e-13, 9.15e-11
2019-09-22, 20:11:06, 1.01e-12, 9.1e-11
2019-09-22, 20:11:11, 1.02e-12, 9.09e-11
2019-09-22, 20:11:15, 9.83e-13, 9.07e-11
2019-09-22, 20:11:19, 8.67e-13, 9.11e-11
2019-09-22, 20:11:23, 9.23e-13, 9.11e-11
2019-09-22, 20:11:28, 9.64e-13, 9.08e-11
2019-09-22, 20:11:32, 9.31e-13, 9.07e-11
2019-09-22, 20:11:36, 9.68e-13, 9.08e-11
2019-09-22, 20:11:40, 9.94e-13, 9.06e-11
2019-09-22, 20:11:44, 9.97e-13, 9.08e-11
2019-09-22, 20:11:49, 9.93e-13, 9.04e-11
2019-09-22, 20:11:53, 9.23e-13, 9.09e-11
2019-09-22, 20:11:57, 1.06e-12, 9.08e-11
2019-09-22, 20:12:01, 1.03e-12, 9.12e-11
2019-09-22, 20:12:06, 9.47e-13, 9.14e-11
2019-09-22, 20:12:10, 9.19e-13, 9.11e-11
2019-09-22, 20:12:14, 9.13e-13, 9.14e-11
2019-09-22, 20:12:18, 9.29e-13, 9.15e-11
2019-09-22, 20:12:22, 9.13e-13, 9.12e-11
2019-09-22, 20:12:27, 8.62e-13, 9.13e-11
2019-09-22, 20:12:31, 8.68e-13, 9.13e-11
2019-09-22, 20:12:35, 9.36e-13, 9.17e-11
2019-09-22, 20:12:40, 9.78e-13, 9.1e-11
2019-09-22, 20:12:44, 9.52e-13, 9.09e-11
2019-09-22, 20:12:48, 8.93e-13, 9.16e-11
2019-09-22, 20:12:52, 1.01e-12, 9.12e-11
2019-09-22, 20:12:56, 9.42e-13, 9.12e-11
2019-09-22, 20:13:01, 9.62e-13, 9.1e-11
2019-09-22, 20:13:05, 8.78e-13, 9.15e-11
2019-09-22, 20:13:09, 9.3e-13, 9.12e-11
2019-09-22, 20:13:13, 9.46e-13, 9.1e-11
2019-09-22, 20:13:18, 9.21e-13, 9.15e-11
2019-09-22, 20:13:22, 9.07e-13, 9.12e-11
2019-09-22, 20:13:26, 1.04e-12, 9.1e-11
2019-09-22, 20:13:30, 9.22e-13, 9.12e-11
2019-09-22, 20:13:34, 1.08e-12, 9.12e-11
2019-09-22, 20:13:39, 9.85e-13, 9.12e-11
2019-09-22, 20:13:43, 9.71e-13, 9.1e-11
2019-09-22, 20:13:47, 9.49e-13, 9.13e-11
2019-09-22, 20:13:51, 1.01e-12, 9.1e-11
2019-09-22, 20:13:56, 9.09e-13, 9.14e-11
2019-09-22, 20:14:00, 9.49e-13, 9.11e-11
2019-09-22, 20:14:04, 1e-12, 9.13e-11
2019-09-22, 20:14:08, 1.03e-12, 9.12e-11
2019-09-22, 20:14:12, 1.08e-12, 9.16e-11
2019-09-22, 20:14:17, 9.7e-13, 9.12e-11
2019-09-22, 20:14:21, 9.5e-13, 9.11e-11
2019-09-22, 20:14:25, 9.02e-13, 9.13e-11
2019-09-22, 20:14:29, 9.9e-13, 9.13e-11
2019-09-22, 20:14:34, 9.86e-13, 9.11e-11
2019-09-22, 20:14:38, 9.54e-13, 9.14e-11
2019-09-22, 20:14:42, 9.37e-13, 9.11e-11
2019-09-22, 20:14:46, 9.57e-13, 9.14e-11
2019-09-22, 20:14:50, 9.96e-13, 9.12e-11
2019-09-22, 20:14:55, 9.43e-13, 9.18e-11
2019-09-22, 20:14:59, 9.55e-13, 9.11e-11
2019-09-22, 20:15:03, 9.73e-13, 9.17e-11
2019-09-22, 20:15:07, 9.53e-13, 9.14e-11
2019-09-22, 20:15:11, 9.75e-13, 9.1e-11
2019-09-22, 20:15:16, 9.92e-13, 9.13e-11
2019-09-22, 20:15:20, 9.93e-13, 9.15e-11
2019-09-22, 20:15:24, 9.76e-13, 9.12e-11
2019-09-22, 20:15:28, 9.9e-13, 9.12e-11
2019-09-22, 20:15:33, 9.96e-13, 9.14e-11
2019-09-22, 20:15:37, 9.77e-13, 9.12e-11
2019-09-22, 20:15:41, 9.27e-13, 9.12e-11
2019-09-22, 20:15:45, 9.48e-13, 9.12e-11
2019-09-22, 20:15:49, 1.04e-12, 9.14e-11
2019-09-22, 20:15:54, 1.01e-12, 9.15e-11
2019-09-22, 20:15:58, 8.75e-13, 9.17e-11
2019-09-22, 20:16:02, 9.27e-13, 9.16e-11
2019-09-22, 20:16:06, 1.01e-12, 9.13e-11
2019-09-22, 20:16:11, 9.37e-13, 9.13e-11
2019-09-22, 20:16:15, 9.61e-13, 9.12e-11
2019-09-22, 20:16:19, 9.17e-13, 9.14e-11
2019-09-22, 20:16:23, 7.94e-13, 9.12e-11
2019-09-22, 20:16:27, 1.01e-12, 9.09e-11
2019-09-22, 20:16:32, 9.98e-13, 9.1e-11
2019-09-22, 20:16:36, 1.03e-12, 9.15e-11
2019-09-22, 20:16:40, 9.73e-13, 9.14e-11
2019-09-22, 20:16:44, 9.69e-13, 9.13e-11
2019-09-22, 20:16:49, 9.03e-13, 9.12e-11
2019-09-22, 20:16:53, 9.63e-13, 9.11e-11
2019-09-22, 20:16:57, 9.89e-13, 9.13e-11
2019-09-22, 20:17:01, 8.94e-13, 9.14e-11
2019-09-22, 20:17:05, 9.9e-13, 9.12e-11
2019-09-22, 20:17:10, 9.9e-13, 9.15e-11
2019-09-22, 20:17:14, 7.93e-13, 9.1e-11
2019-09-22, 20:17:18, 9.62e-13, 9.11e-11
2019-09-22, 20:17:22, 9.2e-13, 9.12e-11
2019-09-22, 20:17:27, 9.76e-13, 9.15e-11
2019-09-22, 20:17:31, 1e-12, 9.16e-11
2019-09-22, 20:17:35, 1.04e-12, 9.15e-11
2019-09-22, 20:17:39, 9.33e-13, 9.13e-11
2019-09-22, 20:17:43, 9.43e-13, 9.13e-11
2019-09-22, 20:17:48, 9.81e-13, 9.11e-11
2019-09-22, 20:17:52, 9.84e-13, 9.12e-11
2019-09-22, 20:17:56, 1e-12, 9.12e-11
2019-09-22, 20:18:00, 9.49e-13, 9.13e-11
2019-09-22, 20:18:05, 9.87e-13, 9.14e-11
2019-09-22, 20:18:09, 1.01e-12, 9.12e-11
2019-09-22, 20:18:13, 8.89e-13, 9.1e-11
2019-09-22, 20:18:17, 9.77e-13, 9.13e-11
2019-09-22, 20:18:21, 9.63e-13, 9.11e-11
2019-09-22, 20:18:26, 9.17e-13, 9.12e-11
2019-09-22, 20:18:30, 9.83e-13, 9.12e-11
2019-09-22, 20:18:34, 9.84e-13, 9.12e-11
2019-09-22, 20:18:38, 8.93e-13, 9.11e-11
2019-09-22, 20:18:43, 9.59e-13, 9.1e-11
2019-09-22, 20:18:47, 9.31e-13, 9.13e-11
2019-09-22, 20:18:51, 9.71e-13, 9.12e-11
2019-09-22, 20:18:55, 9.91e-13, 9.1e-11
2019-09-22, 20:18:59, 9.55e-13, 9.14e-11
2019-09-22, 20:19:04, 9.57e-13, 9.12e-11
2019-09-22, 20:19:08, 9.32e-13, 9.12e-11
2019-09-22, 20:19:12, 9.82e-13, 9.13e-11
2019-09-22, 20:19:16, 9.56e-13, 9.14e-11
2019-09-22, 20:19:20, 9.75e-13, 9.11e-11
2019-09-22, 20:19:25, 8.94e-13, 9.12e-11
2019-09-22, 20:19:29, 9.1e-13, 9.11e-11
2019-09-22, 20:19:33, 9.89e-13, 9.15e-11
2019-09-22, 20:19:37, 9.55e-13, 9.11e-11
2019-09-22, 20:19:42, 9.86e-13, 9.12e-11
2019-09-22, 20:19:46, 9.63e-13, 9.13e-11
2019-09-22, 20:19:50, 9.76e-13, 9.12e-11
2019-09-22, 20:19:54, 9.51e-13, 9.13e-11
2019-09-22, 20:19:58, 9.31e-13, 9.09e-11
2019-09-22, 20:20:03, 9.6e-13, 9.1e-11
2019-09-22, 20:20:07, 9.32e-13, 9.15e-11
2019-09-22, 20:20:11, 9.33e-13, 9.1e-11
2019-09-22, 20:20:15, 9.43e-13, 9.12e-11
2019-09-22, 20:20:20, 9.4e-13, 9.13e-11
2019-09-22, 20:20:24, 9.49e-13, 9.12e-11
2019-09-22, 20:20:28, 1.01e-12, 9.12e-11
2019-09-22, 20:20:32, 8.8e-13, 9.13e-11
2019-09-22, 20:20:36, 9.32e-13, 9.16e-11
2019-09-22, 20:20:41, 9.14e-13, 9.09e-11
2019-09-22, 20:20:45, 9.62e-13, 9.09e-11
2019-09-22, 20:20:49, 1e-12, 9.08e-11
2019-09-22, 20:20:53, 1.04e-12, 9.07e-11
2019-09-22, 20:20:58, 1e-12, 9.09e-11
2019-09-22, 20:21:02, 9.38e-13, 9.11e-11
2019-09-22, 20:21:06, 9.77e-13, 9.12e-11
2019-09-22, 20:21:10, 9.68e-13, 9.14e-11
2019-09-22, 20:21:14, 9.46e-13, 9.14e-11
2019-09-22, 20:21:19, 9.69e-13, 9.11e-11
2019-09-22, 20:21:23, 9.79e-13, 9.11e-11
2019-09-22, 20:21:27, 9.75e-13, 9.1e-11
2019-09-22, 20:21:31, 9.8e-13, 9.13e-11
2019-09-22, 20:21:36, 1.01e-12, 9.12e-11
2019-09-22, 20:21:40, 9.46e-13, 9.12e-11
2019-09-22, 20:21:44, 9.37e-13, 9.12e-11
2019-09-22, 20:21:48, 9.41e-13, 9.1e-11
2019-09-22, 20:21:52, 9.58e-13, 9.09e-11
2019-09-22, 20:21:57, 9.37e-13, 9.15e-11
2019-09-22, 20:22:01, 9.7e-13, 9.16e-11
2019-09-22, 20:22:05, 9.82e-13, 9.16e-11
2019-09-22, 20:22:09, 9.78e-13, 9.12e-11
2019-09-22, 20:22:14, 1.02e-12, 9.12e-11
2019-09-22, 20:22:18, 9.49e-13, 9.1e-11
2019-09-22, 20:22:22, 9.88e-13, 9.08e-11
2019-09-22, 20:22:26, 8.98e-13, 9.11e-11
2019-09-22, 20:22:30, 9.9e-13, 9.1e-11
2019-09-22, 20:22:35, 9.9e-13, 9.1e-11
2019-09-22, 20:22:39, 8.84e-13, 9.11e-11
2019-09-22, 20:22:43, 9.73e-13, 9.07e-11
2019-09-22, 20:22:47, 1.03e-12, 9.07e-11
2019-09-22, 20:22:52, 9.22e-13, 9.08e-11
2019-09-22, 20:22:56, 8.29e-13, 9.06e-11
2019-09-22, 20:23:00, 9.75e-13, 9.07e-11
2019-09-22, 20:23:04, 8.97e-13, 9.02e-11
2019-09-22, 20:23:08, 9.44e-13, 9.07e-11
2019-09-22, 20:23:13, 9.76e-13, 9.04e-11
2019-09-22, 20:23:17, 9.57e-13, 9.05e-11
2019-09-22, 20:23:21, 9.29e-13, 9.08e-11
2019-09-22, 20:23:25, 1.01e-12, 9.08e-11
2019-09-22, 20:23:30, 9.55e-13, 9.07e-11
2019-09-22, 20:23:34, 8.96e-13, 9.09e-11
2019-09-22, 20:23:38, 9.51e-13, 9.06e-11
2019-09-22, 20:23:42, 1.01e-12, 9.04e-11
2019-09-22, 20:23:46, 9.56e-13, 9.06e-11
2019-09-22, 20:23:51, 9.19e-13, 9.06e-11
2019-09-22, 20:23:55, 9.48e-13, 9.07e-11
2019-09-22, 20:23:59, 1.05e-12, 9.08e-11
2019-09-22, 20:24:03, 1.11e-12, 9.06e-11
2019-09-22, 20:24:07, 8.64e-13, 9.13e-11
2019-09-22, 20:24:12, 1.04e-12, 9.06e-11
2019-09-22, 20:24:16, 9.51e-13, 9.07e-11
2019-09-22, 20:24:20, 9.6e-13, 9.07e-11
2019-09-22, 20:24:24, 1.01e-12, 9.09e-11
2019-09-22, 20:24:29, 9.02e-13, 9.09e-11
2019-09-22, 20:24:33, 9.84e-13, 9.07e-11
2019-09-22, 20:24:37, 1e-12, 9.04e-11
2019-09-22, 20:24:41, 9.53e-13, 9.05e-11
2019-09-22, 20:24:45, 9.79e-13, 9.05e-11
2019-09-22, 20:24:50, 9.42e-13, 9.09e-11
2019-09-22, 20:24:54, 1.04e-12, 9.04e-11
2019-09-22, 20:24:58, 9.58e-13, 9.1e-11
2019-09-22, 20:25:02, 9.53e-13, 9.03e-11
2019-09-22, 20:25:07, 9.38e-13, 9.06e-11
2019-09-22, 20:25:11, 9.29e-13, 9.06e-11
2019-09-22, 20:25:15, 9.75e-13, 9.04e-11
2019-09-22, 20:25:19, 9.12e-13, 9.06e-11
2019-09-22, 20:25:23, 9.8e-13, 9.14e-11
2019-09-22, 20:25:28, 1.01e-12, 9.09e-11
2019-09-22, 20:25:32, 9.37e-13, 9.07e-11
2019-09-22, 20:25:36, 9.99e-13, 9.05e-11
2019-09-22, 20:25:40, 9.69e-13, 9.15e-11
2019-09-22, 20:25:45, 1e-12, 9.1e-11
2019-09-22, 20:25:49, 8.86e-13, 9.1e-11
2019-09-22, 20:25:53, 9.23e-13, 9.12e-11
2019-09-22, 20:25:57, 9.34e-13, 9.14e-11
2019-09-22, 20:26:01, 9.69e-13, 9.13e-11
2019-09-22, 20:26:06, 1.02e-12, 9.05e-11
2019-09-22, 20:26:10, 9.78e-13, 9.08e-11
2019-09-22, 20:26:14, 9.66e-13, 9.09e-11
2019-09-22, 20:26:18, 8.97e-13, 9.05e-11
2019-09-22, 20:26:23, 1.07e-12, 9.05e-11
2019-09-22, 20:26:27, 9.92e-13, 9.08e-11
2019-09-22, 20:26:31, 9.23e-13, 9.09e-11
2019-09-22, 20:26:35, 9.63e-13, 9.02e-11
2019-09-22, 20:26:39, 8.28e-13, 9.08e-11
2019-09-22, 20:26:44, 9.48e-13, 9.11e-11
2019-09-22, 20:26:48, 9.82e-13, 9.12e-11
2019-09-22, 20:26:52, 9.8e-13, 9.1e-11
2019-09-22, 20:26:56, 8.57e-13, 9.09e-11
2019-09-22, 20:27:01, 9.26e-13, 9.09e-11
2019-09-22, 20:27:05, 9.37e-13, 9.12e-11
2019-09-22, 20:27:09, 9.93e-13, 9.13e-11
2019-09-22, 20:27:13, 1.03e-12, 9.12e-11
2019-09-22, 20:27:17, 9.99e-13, 9.07e-11
2019-09-22, 20:27:22, 9.43e-13, 9.08e-11
2019-09-22, 20:27:26, 9.1e-13, 9.12e-11
2019-09-22, 20:27:30, 9.61e-13, 9.12e-11
2019-09-22, 20:27:34, 1.02e-12, 9.11e-11
2019-09-22, 20:27:39, 9.48e-13, 9.1e-11
2019-09-22, 20:27:43, 9.47e-13, 9.13e-11
2019-09-22, 20:27:47, 9.9e-13, 9.08e-11
2019-09-22, 20:27:51, 9.86e-13, 9.1e-11
2019-09-22, 20:27:55, 9.39e-13, 9.11e-11
2019-09-22, 20:28:00, 9.62e-13, 9.11e-11
2019-09-22, 20:28:04, 9.9e-13, 9.07e-11
2019-09-22, 20:28:08, 8.95e-13, 9.11e-11
2019-09-22, 20:28:12, 8.59e-13, 9.12e-11
2019-09-22, 20:28:17, 9.92e-13, 9.11e-11
2019-09-22, 20:28:21, 9.49e-13, 9.12e-11
2019-09-22, 20:28:25, 9.94e-13, 9.15e-11
2019-09-22, 20:28:29, 9.1e-13, 9.09e-11
2019-09-22, 20:28:33, 9.94e-13, 9.11e-11
2019-09-22, 20:28:38, 9.44e-13, 9.09e-11
2019-09-22, 20:28:42, 9.53e-13, 9.1e-11
2019-09-22, 20:28:46, 9.28e-13, 9.07e-11
2019-09-22, 20:28:50, 9.95e-13, 9.1e-11
2019-09-22, 20:28:55, 9.7e-13, 9.15e-11
2019-09-22, 20:28:59, 8.89e-13, 9.13e-11
2019-09-22, 20:29:03, 9.49e-13, 9.14e-11
2019-09-22, 20:29:07, 1.03e-12, 9.09e-11
2019-09-22, 20:29:11, 9.43e-13, 9.11e-11
2019-09-22, 20:29:16, 8.12e-13, 9.13e-11
2019-09-22, 20:29:20, 9.57e-13, 9.09e-11
2019-09-22, 20:29:24, 9.4e-13, 9.1e-11
2019-09-22, 20:29:28, 9.5e-13, 9.11e-11
2019-09-22, 20:29:32, 9.82e-13, 9.06e-11
2019-09-22, 20:29:37, 8.86e-13, 9.05e-11
2019-09-22, 20:29:41, 9.16e-13, 9.12e-11
2019-09-22, 20:29:45, 9.04e-13, 9.09e-11
2019-09-22, 20:29:49, 9.69e-13, 9.11e-11
2019-09-22, 20:29:54, 9.46e-13, 9.12e-11
2019-09-22, 20:29:58, 9.82e-13, 9.13e-11
2019-09-22, 20:30:02, 9.84e-13, 9.1e-11
2019-09-22, 20:30:06, 9.31e-13, 9.11e-11
2019-09-22, 20:30:10, 9.58e-13, 9.1e-11
2019-09-22, 20:30:15, 9.87e-13, 9.11e-11
2019-09-22, 20:30:19, 9.45e-13, 9.12e-11
2019-09-22, 20:30:23, 9.16e-13, 9.11e-11
2019-09-22, 20:30:27, 1.13e-12, 9.09e-11
2019-09-22, 20:30:32, 9.96e-13, 9.13e-11
2019-09-22, 20:30:36, 9.26e-13, 9.12e-11
2019-09-22, 20:30:40, 9.19e-13, 9.12e-11
2019-09-22, 20:30:44, 9.66e-13, 9.11e-11
2019-09-22, 20:30:48, 9.81e-13, 9.11e-11
2019-09-22, 20:30:53, 9.71e-13, 9.1e-11
2019-09-22, 20:30:57, 9.24e-13, 9.13e-11
2019-09-22, 20:31:01, 9.84e-13, 9.09e-11
2019-09-22, 20:31:05, 1.01e-12, 9.12e-11
2019-09-22, 20:31:10, 9.7e-13, 9.1e-11
2019-09-22, 20:31:14, 8.66e-13, 9.09e-11
2019-09-22, 20:31:18, 9.75e-13, 9.12e-11
2019-09-22, 20:31:22, 1.04e-12, 9.13e-11
2019-09-22, 20:31:26, 9.59e-13, 9.13e-11
2019-09-22, 20:31:31, 1.01e-12, 9.11e-11
2019-09-22, 20:31:35, 9.58e-13, 9.08e-11
2019-09-22, 20:31:39, 9.75e-13, 9.07e-11
2019-09-22, 20:31:43, 9.83e-13, 9.04e-11
2019-09-22, 20:31:48, 8.75e-13, 9.08e-11
2019-09-22, 20:31:52, 8.99e-13, 9.07e-11
2019-09-22, 20:31:56, 9.44e-13, 9.07e-11
2019-09-22, 20:32:00, 8.75e-13, 9.04e-11
2019-09-22, 20:32:04, 9.45e-13, 9.05e-11
2019-09-22, 20:32:09, 9.67e-13, 9.04e-11
2019-09-22, 20:32:13, 9.12e-13, 9.06e-11
2019-09-22, 20:32:17, 8.89e-13, 9.05e-11
2019-09-22, 20:32:21, 9.21e-13, 9.07e-11
2019-09-22, 20:32:26, 9.17e-13, 9.06e-11
2019-09-22, 20:32:30, 1e-12, 9.04e-11
2019-09-22, 20:32:34, 9.37e-13, 9.09e-11
2019-09-22, 20:32:38, 8.92e-13, 9.07e-11
2019-09-22, 20:32:42, 9.79e-13, 9.05e-11
2019-09-22, 20:32:47, 9.48e-13, 9.1e-11
2019-09-22, 20:32:51, 1.09e-12, 9.05e-11
2019-09-22, 20:32:55, 1.01e-12, 9.08e-11
2019-09-22, 20:32:59, 9.77e-13, 9.09e-11
2019-09-22, 20:33:04, 1.02e-12, 9.12e-11
2019-09-22, 20:33:08, 9.76e-13, 9.04e-11
2019-09-22, 20:33:12, 1.06e-12, 9.09e-11
2019-09-22, 20:33:16, 9.01e-13, 9.09e-11
2019-09-22, 20:33:20, 9.98e-13, 9.08e-11
2019-09-22, 20:33:25, 9.7e-13, 9.05e-11
2019-09-22, 20:33:29, 1.05e-12, 9.05e-11
2019-09-22, 20:33:33, 9.29e-13, 9.11e-11
2019-09-22, 20:33:37, 9.3e-13, 9.08e-11
2019-09-22, 20:33:42, 9.04e-13, 9.07e-11
2019-09-22, 20:33:46, 9.62e-13, 9.05e-11
2019-09-22, 20:33:50, 9.47e-13, 9.05e-11
2019-09-22, 20:33:54, 1.02e-12, 9.05e-11
2019-09-22, 20:33:58, 9.19e-13, 9.04e-11
2019-09-22, 20:34:03, 9.77e-13, 9.05e-11
2019-09-22, 20:34:07, 9.69e-13, 9.05e-11
2019-09-22, 20:34:11, 9.75e-13, 9.04e-11
2019-09-22, 20:34:15, 1.09e-12, 9.04e-11
2019-09-22, 20:34:19, 9.91e-13, 9.05e-11
2019-09-22, 20:34:24, 9.53e-13, 9.02e-11
2019-09-22, 20:34:28, 9.22e-13, 9.1e-11
2019-09-22, 20:34:32, 8.2e-13, 9.09e-11
2019-09-22, 20:34:36, 9.21e-13, 9.1e-11
2019-09-22, 20:34:41, 1.01e-12, 9.13e-11
2019-09-22, 20:34:45, 8.4e-13, 9.1e-11
2019-09-22, 20:34:49, 9.51e-13, 9.12e-11
2019-09-22, 20:34:53, 9.23e-13, 9.1e-11
2019-09-22, 20:34:57, 9.68e-13, 9.1e-11
2019-09-22, 20:35:02, 9.81e-13, 9.1e-11
2019-09-22, 20:35:06, 9.86e-13, 9.13e-11
2019-09-22, 20:35:10, 9.61e-13, 9.07e-11
2019-09-22, 20:35:14, 9.11e-13, 9.1e-11
2019-09-22, 20:35:19, 9.96e-13, 9.12e-11
2019-09-22, 20:35:23, 9.64e-13, 9.1e-11
2019-09-22, 20:35:27, 9.57e-13, 9.11e-11
2019-09-22, 20:35:31, 9.84e-13, 9.08e-11
2019-09-22, 20:35:35, 9.69e-13, 9.07e-11
2019-09-22, 20:35:40, 9.7e-13, 9.06e-11
2019-09-22, 20:35:44, 1.02e-12, 9.07e-11
2019-09-22, 20:35:48, 9.72e-13, 9.13e-11
2019-09-22, 20:35:52, 9.78e-13, 9.12e-11
2019-09-22, 20:35:57, 9.62e-13, 9.1e-11
2019-09-22, 20:36:01, 9.92e-13, 9.09e-11
2019-09-22, 20:36:05, 1.03e-12, 9.11e-11
2019-09-22, 20:36:09, 9.45e-13, 9.15e-11
2019-09-22, 20:36:13, 9.38e-13, 9.13e-11
2019-09-22, 20:36:18, 8.87e-13, 9.12e-11
2019-09-22, 20:36:22, 9.61e-13, 9.09e-11
2019-09-22, 20:36:26, 9.67e-13, 9.14e-11
2019-09-22, 20:36:30, 9.81e-13, 9.11e-11
2019-09-22, 20:36:35, 9.68e-13, 9.1e-11
2019-09-22, 20:36:39, 9.86e-13, 9.13e-11
2019-09-22, 20:36:43, 1.04e-12, 9.13e-11
2019-09-22, 20:36:47, 9.45e-13, 9.07e-11
2019-09-22, 20:36:51, 9.95e-13, 9.1e-11
2019-09-22, 20:36:56, 9.23e-13, 9.1e-11
2019-09-22, 20:37:00, 9.26e-13, 9.06e-11
2019-09-22, 20:37:04, 9.42e-13, 9.1e-11
2019-09-22, 20:37:08, 8.91e-13, 9.09e-11
2019-09-22, 20:37:13, 9.77e-13, 9.09e-11
2019-09-22, 20:37:17, 9.33e-13, 9.1e-11
2019-09-22, 20:37:21, 9.65e-13, 9.1e-11
2019-09-22, 20:37:25, 9.56e-13, 9.09e-11
2019-09-22, 20:37:29, 9.64e-13, 9.1e-11
2019-09-22, 20:37:34, 9.7e-13, 9.11e-11
2019-09-22, 20:37:38, 8.51e-13, 9.09e-11
2019-09-22, 20:37:42, 9.59e-13, 9.09e-11
2019-09-22, 20:37:46, 1e-12, 9.11e-11
2019-09-22, 20:37:51, 9.23e-13, 9.09e-11
2019-09-22, 20:37:55, 9.9e-13, 9.12e-11
2019-09-22, 20:37:59, 9.32e-13, 9.09e-11
2019-09-22, 20:38:03, 9.41e-13, 9.15e-11
2019-09-22, 20:38:07, 1.05e-12, 9.11e-11
2019-09-22, 20:38:12, 1.01e-12, 9.11e-11
2019-09-22, 20:38:16, 9.48e-13, 9.12e-11
2019-09-22, 20:38:20, 1.06e-12, 9.11e-11
2019-09-22, 20:38:24, 9.38e-13, 9.1e-11
2019-09-22, 20:38:28, 9.04e-13, 9.11e-11
2019-09-22, 20:38:33, 1.01e-12, 9.11e-11
2019-09-22, 20:38:37, 8.46e-13, 9.15e-11
2019-09-22, 20:38:41, 8.87e-13, 9.09e-11
2019-09-22, 20:38:45, 1.01e-12, 9.08e-11
2019-09-22, 20:38:50, 9.21e-13, 9.11e-11
2019-09-22, 20:38:54, 9.92e-13, 9.12e-11
2019-09-22, 20:38:58, 9.53e-13, 9.07e-11
2019-09-22, 20:39:02, 9.76e-13, 9.02e-11
2019-09-22, 20:39:06, 1.03e-12, 9.03e-11
2019-09-22, 20:39:11, 9.13e-13, 9.07e-11
2019-09-22, 20:39:15, 1.02e-12, 9.06e-11
2019-09-22, 20:39:19, 1.01e-12, 9.06e-11
2019-09-22, 20:39:23, 9.5e-13, 9.09e-11
2019-09-22, 20:39:28, 1e-12, 9.06e-11
2019-09-22, 20:39:32, 9.25e-13, 9.07e-11
2019-09-22, 20:39:36, 9.16e-13, 9.08e-11
2019-09-22, 20:39:40, 9.48e-13, 9.01e-11
2019-09-22, 20:39:44, 9.52e-13, 9.06e-11
2019-09-22, 20:39:49, 9.53e-13, 9.04e-11
2019-09-22, 20:39:53, 9.29e-13, 9.06e-11
2019-09-22, 20:39:57, 1.02e-12, 9.08e-11
2019-09-22, 20:40:01, 9.82e-13, 9.06e-11
2019-09-22, 20:40:06, 1.02e-12, 9.07e-11
2019-09-22, 20:40:10, 9.76e-13, 9.09e-11
2019-09-22, 20:40:14, 9.58e-13, 9.04e-11
2019-09-22, 20:40:18, 9.25e-13, 9.07e-11
2019-09-22, 20:40:22, 8.41e-13, 9.03e-11
2019-09-22, 20:40:27, 9.57e-13, 9.07e-11
2019-09-22, 20:40:31, 9.4e-13, 9.05e-11
2019-09-22, 20:40:35, 8.42e-13, 9.05e-11
2019-09-22, 20:40:39, 9.28e-13, 9.04e-11
2019-09-22, 20:40:44, 9.44e-13, 9.07e-11
2019-09-22, 20:40:48, 8.93e-13, 9.04e-11
2019-09-22, 20:40:52, 9.76e-13, 9.08e-11
2019-09-22, 20:40:56, 9.56e-13, 9.01e-11
2019-09-22, 20:41:00, 9.32e-13, 9.04e-11
2019-09-22, 20:41:05, 9.51e-13, 9.05e-11
2019-09-22, 20:41:09, 9.75e-13, 9.07e-11
2019-09-22, 20:41:13, 9.86e-13, 9.08e-11
2019-09-22, 20:41:17, 9.62e-13, 9.04e-11
2019-09-22, 20:41:22, 1e-12, 9.06e-11
2019-09-22, 20:41:26, 9.17e-13, 9.05e-11
2019-09-22, 20:41:30, 9.9e-13, 9.03e-11
2019-09-22, 20:41:34, 8.42e-13, 9.06e-11
2019-09-22, 20:41:38, 9.83e-13, 9.05e-11
2019-09-22, 20:41:43, 9.68e-13, 9.08e-11
2019-09-22, 20:41:47, 9.15e-13, 9.04e-11
2019-09-22, 20:41:51, 1.09e-12, 9.06e-11
2019-09-22, 20:41:55, 9.64e-13, 9.08e-11
2019-09-22, 20:42:00, 1.05e-12, 9.06e-11
2019-09-22, 20:42:04, 9.32e-13, 9.05e-11
2019-09-22, 20:42:08, 9.74e-13, 9.06e-11
2019-09-22, 20:42:12, 9.67e-13, 9.05e-11
2019-09-22, 20:42:16, 9.59e-13, 9.06e-11
2019-09-22, 20:42:21, 9.38e-13, 9.04e-11
2019-09-22, 20:42:25, 1.01e-12, 9.06e-11
2019-09-22, 20:42:29, 1e-12, 9.12e-11
2019-09-22, 20:42:33, 9.72e-13, 9.13e-11
2019-09-22, 20:42:38, 9.01e-13, 9.1e-11
2019-09-22, 20:42:42, 9.23e-13, 9.06e-11
2019-09-22, 20:42:46, 9.26e-13, 9.04e-11
2019-09-22, 20:42:50, 9.96e-13, 9.06e-11
2019-09-22, 20:42:54, 9.39e-13, 9.05e-11
2019-09-22, 20:42:59, 9.55e-13, 9.08e-11
2019-09-22, 20:43:03, 9.99e-13, 9.04e-11
2019-09-22, 20:43:07, 9.44e-13, 9.02e-11
2019-09-22, 20:43:11, 9.54e-13, 9.05e-11
2019-09-22, 20:43:16, 1.05e-12, 9.01e-11
2019-09-22, 20:43:20, 9.51e-13, 9.06e-11
2019-09-22, 20:43:24, 9.85e-13, 9.05e-11
2019-09-22, 20:43:28, 9.68e-13, 9.04e-11
2019-09-22, 20:43:32, 9.93e-13, 9.04e-11
2019-09-22, 20:43:37, 9.8e-13, 9.06e-11
2019-09-22, 20:43:41, 9.05e-13, 9.06e-11
2019-09-22, 20:43:45, 1.16e-12, 9.06e-11
2019-09-22, 20:43:49, 9.69e-13, 9.08e-11
2019-09-22, 20:43:54, 8.58e-13, 9.01e-11
2019-09-22, 20:43:58, 9.6e-13, 9.06e-11
2019-09-22, 20:44:02, 9.26e-13, 9.03e-11
2019-09-22, 20:44:06, 1.07e-12, 9.03e-11
2019-09-22, 20:44:10, 9.7e-13, 9.04e-11
2019-09-22, 20:44:15, 9.57e-13, 9.08e-11
2019-09-22, 20:44:19, 9.57e-13, 9e-11
2019-09-22, 20:44:23, 9.14e-13, 9.02e-11
2019-09-22, 20:44:27, 9.78e-13, 9.03e-11
2019-09-22, 20:44:31, 9.89e-13, 9.07e-11
2019-09-22, 20:44:36, 9.6e-13, 9.03e-11
2019-09-22, 20:44:40, 9.29e-13, 9.03e-11
2019-09-22, 20:44:44, 1.13e-12, 9.07e-11
2019-09-22, 20:44:48, 9.68e-13, 9.09e-11
2019-09-22, 20:44:53, 9.66e-13, 9.04e-11
2019-09-22, 20:44:57, 9.67e-13, 9.04e-11
2019-09-22, 20:45:01, 1.06e-12, 9.01e-11
2019-09-22, 20:45:05, 1e-12, 9.02e-11
2019-09-22, 20:45:09, 9.75e-13, 9.01e-11
2019-09-22, 20:45:14, 9.25e-13, 9.04e-11
2019-09-22, 20:45:18, 9.21e-13, 9.03e-11
2019-09-22, 20:45:22, 8.94e-13, 9.03e-11
2019-09-22, 20:45:26, 9.46e-13, 9.04e-11
2019-09-22, 20:45:31, 9.74e-13, 9.05e-11
2019-09-22, 20:45:35, 9.67e-13, 9.04e-11
2019-09-22, 20:45:39, 9.64e-13, 9.08e-11
2019-09-22, 20:45:43, 9.03e-13, 9.04e-11
2019-09-22, 20:45:47, 1.07e-12, 9.01e-11
2019-09-22, 20:45:52, 9.64e-13, 9.05e-11
2019-09-22, 20:45:56, 9.51e-13, 9.07e-11
2019-09-22, 20:46:00, 1.01e-12, 9.03e-11
2019-09-22, 20:46:04, 9.27e-13, 9.04e-11
2019-09-22, 20:46:09, 9.12e-13, 9.05e-11
2019-09-22, 20:46:13, 9.43e-13, 9.05e-11
2019-09-22, 20:46:17, 1.07e-12, 9.02e-11
2019-09-22, 20:46:21, 9.75e-13, 9.07e-11
2019-09-22, 20:46:25, 9.93e-13, 9.05e-11
2019-09-22, 20:46:30, 9.27e-13, 9.06e-11
2019-09-22, 20:46:34, 9.29e-13, 9.07e-11
2019-09-22, 20:46:38, 9.99e-13, 9.01e-11
2019-09-22, 20:46:42, 1.06e-12, 9.06e-11
2019-09-22, 20:46:47, 9.55e-13, 9e-11
2019-09-22, 20:46:51, 9.63e-13, 9.03e-11
2019-09-22, 20:46:55, 9.43e-13, 9.02e-11
2019-09-22, 20:46:59, 9.78e-13, 9.04e-11
2019-09-22, 20:47:03, 9.59e-13, 9.02e-11
2019-09-22, 20:47:08, 9.79e-13, 9.05e-11
2019-09-22, 20:47:12, 9.97e-13, 9.03e-11
2019-09-22, 20:47:16, 9.41e-13, 9.02e-11
2019-09-22, 20:47:20, 9.2e-13, 9.03e-11
2019-09-22, 20:47:25, 9.39e-13, 9.06e-11
2019-09-22, 20:47:29, 9.73e-13, 9e-11
2019-09-22, 20:47:33, 9.29e-13, 9.05e-11
2019-09-22, 20:47:37, 9.56e-13, 9.08e-11
2019-09-22, 20:47:41, 9.8e-13, 9.09e-11
2019-09-22, 20:47:46, 9.53e-13, 9.04e-11
2019-09-22, 20:47:50, 9.35e-13, 9.09e-11
2019-09-22, 20:47:54, 9.87e-13, 9.09e-11
2019-09-22, 20:47:58, 9.35e-13, 9.08e-11
2019-09-22, 20:48:02, 9.5e-13, 9.08e-11
2019-09-22, 20:48:07, 9.08e-13, 9.07e-11
2019-09-22, 20:48:11, 9.86e-13, 9.08e-11
2019-09-22, 20:48:15, 9.64e-13, 9.11e-11
2019-09-22, 20:48:19, 9.57e-13, 9.07e-11
2019-09-22, 20:48:24, 9.78e-13, 9.08e-11
2019-09-22, 20:48:28, 9.55e-13, 9.09e-11
2019-09-22, 20:48:32, 9.63e-13, 9.1e-11
2019-09-22, 20:48:36, 9.57e-13, 9.08e-11
2019-09-22, 20:48:40, 9.73e-13, 9.05e-11
2019-09-22, 20:48:45, 9.27e-13, 9.1e-11
2019-09-22, 20:48:49, 1.03e-12, 9.09e-11
2019-09-22, 20:48:53, 9.7e-13, 9.09e-11
2019-09-22, 20:48:57, 9.78e-13, 9.08e-11
2019-09-22, 20:49:02, 1e-12, 9.08e-11
2019-09-22, 20:49:06, 9.72e-13, 9.09e-11
2019-09-22, 20:49:10, 1.08e-12, 9.12e-11
2019-09-22, 20:49:14, 1.01e-12, 9.09e-11
2019-09-22, 20:49:18, 1.01e-12, 9.08e-11
2019-09-22, 20:49:23, 9.57e-13, 9.09e-11
2019-09-22, 20:49:27, 9.05e-13, 9.06e-11
2019-09-22, 20:49:31, 8.95e-13, 9.09e-11
2019-09-22, 20:49:35, 9.54e-13, 9.12e-11
2019-09-22, 20:49:40, 8.64e-13, 9.08e-11
2019-09-22, 20:49:44, 9.53e-13, 9.09e-11
2019-09-22, 20:49:48, 9.87e-13, 9.07e-11
2019-09-22, 20:49:52, 1.05e-12, 9.11e-11
2019-09-22, 20:49:56, 1.03e-12, 9.09e-11
2019-09-22, 20:50:01, 1.04e-12, 9.09e-11
2019-09-22, 20:50:05, 1.01e-12, 9.08e-11
2019-09-22, 20:50:09, 9.29e-13, 9.06e-11
2019-09-22, 20:50:13, 1.08e-12, 9.12e-11
2019-09-22, 20:50:18, 9.46e-13, 9.1e-11
2019-09-22, 20:50:22, 1.01e-12, 9.11e-11
2019-09-22, 20:50:26, 9.54e-13, 9.1e-11
2019-09-22, 20:50:30, 1.02e-12, 9.1e-11
2019-09-22, 20:50:34, 9.76e-13, 9.12e-11
2019-09-22, 20:50:39, 9.47e-13, 9.07e-11
2019-09-22, 20:50:43, 1.01e-12, 9.05e-11
2019-09-22, 20:50:47, 8.94e-13, 9.07e-11
2019-09-22, 20:50:51, 9.61e-13, 9.07e-11
2019-09-22, 20:50:56, 9.85e-13, 9.08e-11
2019-09-22, 20:51:00, 9.33e-13, 9.1e-11
2019-09-22, 20:51:04, 9.09e-13, 9.08e-11
2019-09-22, 20:51:08, 9.35e-13, 9.09e-11
2019-09-22, 20:51:12, 9.42e-13, 9.06e-11
2019-09-22, 20:51:17, 9.76e-13, 9.06e-11
2019-09-22, 20:51:21, 9.3e-13, 9.09e-11
2019-09-22, 20:51:25, 1.03e-12, 9.06e-11
2019-09-22, 20:51:29, 1.03e-12, 9.09e-11
2019-09-22, 20:51:34, 9.18e-13, 9.06e-11
2019-09-22, 20:51:38, 9.39e-13, 9.08e-11
2019-09-22, 20:51:42, 9.47e-13, 9.1e-11
2019-09-22, 20:51:46, 9.78e-13, 9.08e-11
2019-09-22, 20:51:50, 9e-13, 9.08e-11
2019-09-22, 20:51:55, 9.7e-13, 9.09e-11
2019-09-22, 20:51:59, 9.87e-13, 9.08e-11
2019-09-22, 20:52:03, 9.98e-13, 9.09e-11
2019-09-22, 20:52:07, 9.61e-13, 9.07e-11
2019-09-22, 20:52:12, 9.51e-13, 9.09e-11
2019-09-22, 20:52:16, 9.14e-13, 9.1e-11
2019-09-22, 20:52:20, 9.35e-13, 9.09e-11
2019-09-22, 20:52:24, 1.07e-12, 9.06e-11
2019-09-22, 20:52:28, 9.02e-13, 9.08e-11
2019-09-22, 20:52:33, 9.77e-13, 9.09e-11
2019-09-22, 20:52:37, 9.89e-13, 9.09e-11
2019-09-22, 20:52:41, 9.66e-13, 9.06e-11
2019-09-22, 20:52:45, 9.4e-13, 9.06e-11
2019-09-22, 20:52:50, 9.71e-13, 9.07e-11
2019-09-22, 20:52:54, 9.37e-13, 9.13e-11
2019-09-22, 20:52:58, 9.45e-13, 9.1e-11
2019-09-22, 20:53:02, 9.95e-13, 9.07e-11
2019-09-22, 20:53:06, 9.85e-13, 9.08e-11
2019-09-22, 20:53:11, 9.56e-13, 9.07e-11
2019-09-22, 20:53:15, 9.68e-13, 9.09e-11
2019-09-22, 20:53:19, 8.82e-13, 9.1e-11
2019-09-22, 20:53:23, 1.02e-12, 9.09e-11
2019-09-22, 20:53:27, 9.82e-13, 9.06e-11
2019-09-22, 20:53:32, 1.11e-12, 9.05e-11
2019-09-22, 20:53:36, 9.63e-13, 9.07e-11
2019-09-22, 20:53:40, 9.25e-13, 9.1e-11
2019-09-22, 20:53:44, 9.61e-13, 9.06e-11
2019-09-22, 20:53:49, 9.37e-13, 9.08e-11
2019-09-22, 20:53:53, 9.47e-13, 9.1e-11
2019-09-22, 20:53:57, 1.02e-12, 9.09e-11
2019-09-22, 20:54:01, 9.43e-13, 9.04e-11
2019-09-22, 20:54:05, 9.5e-13, 9.05e-11
2019-09-22, 20:54:10, 9.81e-13, 9.04e-11
2019-09-22, 20:54:14, 9.71e-13, 9.07e-11
2019-09-22, 20:54:18, 8.77e-13, 9.08e-11
2019-09-22, 20:54:22, 1.09e-12, 9.08e-11
2019-09-22, 20:54:27, 8.91e-13, 9.11e-11
2019-09-22, 20:54:31, 9.69e-13, 9.03e-11
2019-09-22, 20:54:35, 9.49e-13, 9.09e-11
2019-09-22, 20:54:39, 8.23e-13, 9.1e-11
2019-09-22, 20:54:43, 9.72e-13, 9.07e-11
2019-09-22, 20:54:48, 9.17e-13, 9.07e-11
2019-09-22, 20:54:52, 9.9e-13, 9.05e-11
2019-09-22, 20:54:56, 9.33e-13, 9.08e-11
2019-09-22, 20:55:00, 9.62e-13, 9.08e-11
2019-09-22, 20:55:05, 9.51e-13, 9.1e-11
2019-09-22, 20:55:09, 9.65e-13, 9.06e-11
2019-09-22, 20:55:13, 8.79e-13, 9.09e-11
2019-09-22, 20:55:17, 9.71e-13, 9.07e-11
2019-09-22, 20:55:21, 9.77e-13, 9.09e-11
2019-09-22, 20:55:26, 1.01e-12, 9.1e-11
2019-09-22, 20:55:30, 1.01e-12, 9.09e-11
2019-09-22, 20:55:34, 9.6e-13, 9.12e-11
2019-09-22, 20:55:38, 1.02e-12, 9.09e-11
2019-09-22, 20:55:43, 8.75e-13, 9.08e-11
2019-09-22, 20:55:47, 9.82e-13, 9.09e-11
2019-09-22, 20:55:51, 9.72e-13, 9.13e-11
2019-09-22, 20:55:55, 1e-12, 9.09e-11
2019-09-22, 20:55:59, 9.3e-13, 9.07e-11
2019-09-22, 20:56:04, 1.04e-12, 9.11e-11
2019-09-22, 20:56:08, 9.4e-13, 9.12e-11
2019-09-22, 20:56:12, 9.61e-13, 9.09e-11
2019-09-22, 20:56:16, 1.04e-12, 9.11e-11
2019-09-22, 20:56:21, 8.61e-13, 9.08e-11
2019-09-22, 20:56:25, 9.64e-13, 9.07e-11
2019-09-22, 20:56:29, 9.37e-13, 9.08e-11
2019-09-22, 20:56:33, 9.63e-13, 9.1e-11
2019-09-22, 20:56:37, 9.68e-13, 9.07e-11
2019-09-22, 20:56:42, 9.52e-13, 9.08e-11
2019-09-22, 20:56:46, 9.75e-13, 9.06e-11
2019-09-22, 20:56:50, 9.36e-13, 9.09e-11
2019-09-22, 20:56:54, 9.75e-13, 9.07e-11
2019-09-22, 20:56:59, 8.53e-13, 9.09e-11
2019-09-22, 20:57:03, 9.45e-13, 9.07e-11
2019-09-22, 20:57:07, 8.81e-13, 9.09e-11
2019-09-22, 20:57:11, 9.4e-13, 9.07e-11
2019-09-22, 20:57:15, 1.02e-12, 9.04e-11
2019-09-22, 20:57:20, 1.12e-12, 9.1e-11
2019-09-22, 20:57:24, 9.63e-13, 9.08e-11
2019-09-22, 20:57:28, 9.65e-13, 9.08e-11
2019-09-22, 20:57:32, 9.73e-13, 9.13e-11
2019-09-22, 20:57:37, 9.51e-13, 9.09e-11
2019-09-22, 20:57:41, 9.51e-13, 9.1e-11
2019-09-22, 20:57:45, 9.29e-13, 9.09e-11
2019-09-22, 20:57:49, 9.52e-13, 9.08e-11
2019-09-22, 20:57:53, 9.03e-13, 9.11e-11
2019-09-22, 20:57:58, 9.47e-13, 9.1e-11
2019-09-22, 20:58:02, 9.61e-13, 9.04e-11
2019-09-22, 20:58:06, 9.59e-13, 9.08e-11
2019-09-22, 20:58:10, 9.89e-13, 9.11e-11
2019-09-22, 20:58:15, 9.26e-13, 9.1e-11
2019-09-22, 20:58:19, 9.26e-13, 9.07e-11
2019-09-22, 20:58:23, 9.92e-13, 9.11e-11
2019-09-22, 20:58:27, 8.82e-13, 9.09e-11
2019-09-22, 20:58:31, 9.23e-13, 9.11e-11
2019-09-22, 20:58:36, 9.83e-13, 9.07e-11
2019-09-22, 20:58:40, 9.54e-13, 9.13e-11
2019-09-22, 20:58:44, 1.13e-12, 9.08e-11
2019-09-22, 20:58:48, 9.1e-13, 9.1e-11
2019-09-22, 20:58:52, 9.15e-13, 9.1e-11
2019-09-22, 20:58:57, 9.89e-13, 9.08e-11
2019-09-22, 20:59:01, 9.65e-13, 9.08e-11
2019-09-22, 20:59:05, 1.03e-12, 9.07e-11
2019-09-22, 20:59:09, 9.66e-13, 9.1e-11
2019-09-22, 20:59:14, 8.39e-13, 9.08e-11
2019-09-22, 20:59:18, 9.45e-13, 9.09e-11
2019-09-22, 20:59:22, 9.82e-13, 9.07e-11
2019-09-22, 20:59:26, 9.24e-13, 9.08e-11
2019-09-22, 20:59:30, 9.07e-13, 9.11e-11
2019-09-22, 20:59:35, 1e-12, 9.09e-11
2019-09-22, 20:59:39, 9.68e-13, 9.09e-11
2019-09-22, 20:59:43, 9.28e-13, 9.06e-11
2019-09-22, 20:59:47, 9.55e-13, 9.07e-11
2019-09-22, 20:59:52, 9.55e-13, 9.06e-11
2019-09-22, 20:59:56, 1e-12, 9.08e-11
2019-09-22, 21:00:00, 9.81e-13, 9.06e-11
2019-09-22, 21:00:04, 9.52e-13, 9.06e-11
2019-09-22, 21:00:08, 9.79e-13, 9.06e-11
2019-09-22, 21:00:13, 9.09e-13, 9.08e-11
2019-09-22, 21:00:18, 9.44e-13, 9.11e-11
2019-09-22, 21:00:22, 9.73e-13, 9.08e-11
2019-09-22, 21:00:26, 9.91e-13, 9.09e-11
2019-09-22, 21:00:30, 9.19e-13, 9.1e-11
2019-09-22, 21:00:34, 9.89e-13, 9.06e-11
2019-09-22, 21:00:39, 9.32e-13, 9.1e-11
2019-09-22, 21:00:43, 1.02e-12, 9.07e-11
2019-09-22, 21:00:47, 1.02e-12, 9.07e-11
2019-09-22, 21:00:51, 9.72e-13, 9.1e-11
2019-09-22, 21:00:56, 9.4e-13, 9.12e-11
2019-09-22, 21:01:00, 9.42e-13, 9.12e-11
2019-09-22, 21:01:04, 9.56e-13, 9.06e-11
2019-09-22, 21:01:08, 9.95e-13, 9.09e-11
2019-09-22, 21:01:12, 9.63e-13, 9.11e-11
2019-09-22, 21:01:17, 9.19e-13, 9.09e-11
2019-09-22, 21:01:21, 8.85e-13, 9.06e-11
2019-09-22, 21:01:25, 9.76e-13, 9.1e-11
2019-09-22, 21:01:29, 7.92e-13, 9.08e-11
2019-09-22, 21:01:34, 1e-12, 9.09e-11
2019-09-22, 21:01:38, 9.35e-13, 9.13e-11
2019-09-22, 21:01:42, 1.02e-12, 9.11e-11
2019-09-22, 21:01:46, 9.23e-13, 9.07e-11
2019-09-22, 21:01:50, 9.93e-13, 9.12e-11
2019-09-22, 21:01:55, 9.01e-13, 9.1e-11
2019-09-22, 21:01:59, 9.14e-13, 9.08e-11
2019-09-22, 21:02:03, 1.01e-12, 9.11e-11
2019-09-22, 21:02:07, 9.4e-13, 9.1e-11
2019-09-22, 21:02:12, 9.94e-13, 9.05e-11
2019-09-22, 21:02:16, 1.05e-12, 9.06e-11
2019-09-22, 21:02:20, 9.67e-13, 9.08e-11
2019-09-22, 21:02:24, 1e-12, 9.1e-11
2019-09-22, 21:02:28, 1.11e-12, 9.12e-11
2019-09-22, 21:02:33, 8.46e-13, 9.07e-11
2019-09-22, 21:02:37, 9.89e-13, 9.09e-11
2019-09-22, 21:02:41, 9.64e-13, 9.09e-11
2019-09-22, 21:02:45, 1.04e-12, 9.06e-11
2019-09-22, 21:02:50, 9.52e-13, 9.07e-11
2019-09-22, 21:02:54, 9.35e-13, 9.1e-11
2019-09-22, 21:02:58, 8.58e-13, 9.08e-11
2019-09-22, 21:03:02, 9.75e-13, 9.1e-11
2019-09-22, 21:03:06, 9.85e-13, 9.1e-11
2019-09-22, 21:03:11, 9.63e-13, 9.09e-11
2019-09-22, 21:03:15, 9.81e-13, 9.1e-11
2019-09-22, 21:03:19, 9.67e-13, 9.14e-11
2019-09-22, 21:03:23, 1e-12, 9.07e-11
2019-09-22, 21:03:28, 9.27e-13, 9.08e-11
2019-09-22, 21:03:32, 9.64e-13, 9.1e-11
2019-09-22, 21:03:36, 9.99e-13, 9.08e-11
2019-09-22, 21:03:40, 9.62e-13, 9.11e-11
2019-09-22, 21:03:44, 9.39e-13, 9.09e-11
2019-09-22, 21:03:49, 9.57e-13, 9.07e-11
2019-09-22, 21:03:53, 9.64e-13, 9.09e-11
2019-09-22, 21:03:57, 9.32e-13, 9.09e-11
2019-09-22, 21:04:01, 9.95e-13, 9.08e-11
2019-09-22, 21:04:05, 9.61e-13, 9.09e-11
2019-09-22, 21:04:10, 9.17e-13, 9.09e-11
2019-09-22, 21:04:14, 9.64e-13, 9.1e-11
2019-09-22, 21:04:18, 9.08e-13, 9.08e-11
2019-09-22, 21:04:22, 9.04e-13, 9.08e-11
2019-09-22, 21:04:27, 9.24e-13, 9.07e-11
2019-09-22, 21:04:31, 9.42e-13, 9.05e-11
2019-09-22, 21:04:35, 1.01e-12, 9.06e-11
2019-09-22, 21:04:39, 9.6e-13, 9.09e-11
2019-09-22, 21:04:43, 9.95e-13, 9.11e-11
2019-09-22, 21:04:48, 9.61e-13, 9.08e-11
2019-09-22, 21:04:52, 9.52e-13, 9.08e-11
2019-09-22, 21:04:56, 9.21e-13, 9.12e-11
2019-09-22, 21:05:00, 9.99e-13, 9.07e-11
2019-09-22, 21:05:05, 9.52e-13, 9.09e-11
2019-09-22, 21:05:09, 9.77e-13, 9.12e-11
2019-09-22, 21:05:13, 9.75e-13, 9.1e-11
2019-09-22, 21:05:17, 9.86e-13, 9.09e-11
2019-09-22, 21:05:21, 9.85e-13, 9.09e-11
2019-09-22, 21:05:26, 8.83e-13, 9.08e-11
2019-09-22, 21:05:30, 9.46e-13, 9.08e-11
2019-09-22, 21:05:34, 9.38e-13, 9.05e-11
2019-09-22, 21:05:38, 9.83e-13, 9.1e-11
2019-09-22, 21:05:43, 9.69e-13, 9.09e-11
2019-09-22, 21:05:47, 9.58e-13, 9.07e-11
2019-09-22, 21:05:51, 9.03e-13, 9.09e-11
2019-09-22, 21:05:55, 1.02e-12, 9.12e-11
2019-09-22, 21:05:59, 9.29e-13, 9.08e-11
2019-09-22, 21:06:04, 9.78e-13, 9.11e-11
2019-09-22, 21:06:08, 9.2e-13, 9.07e-11
2019-09-22, 21:06:12, 9.23e-13, 9.11e-11
2019-09-22, 21:06:16, 1.01e-12, 9.06e-11
2019-09-22, 21:06:21, 9.86e-13, 9.09e-11
2019-09-22, 21:06:25, 9.65e-13, 9.09e-11
2019-09-22, 21:06:29, 9.42e-13, 9.1e-11
2019-09-22, 21:06:33, 9.57e-13, 9.11e-11
2019-09-22, 21:06:37, 9.64e-13, 9.15e-11
2019-09-22, 21:06:42, 8.76e-13, 9.11e-11
2019-09-22, 21:06:46, 9.24e-13, 9.07e-11
2019-09-22, 21:06:50, 9.56e-13, 9.1e-11
2019-09-22, 21:06:54, 1.18e-12, 9.11e-11
2019-09-22, 21:06:59, 9.36e-13, 9.08e-11
2019-09-22, 21:07:03, 9.63e-13, 9.09e-11
2019-09-22, 21:07:07, 9.61e-13, 9.11e-11
2019-09-22, 21:07:11, 9.14e-13, 9.11e-11
2019-09-22, 21:07:15, 9.71e-13, 9.1e-11
2019-09-22, 21:07:20, 9.35e-13, 9.14e-11
2019-09-22, 21:07:24, 1.03e-12, 9.09e-11
2019-09-22, 21:07:28, 9.74e-13, 9.11e-11
2019-09-22, 21:07:32, 9.79e-13, 9.11e-11
2019-09-22, 21:07:37, 9.68e-13, 9.12e-11
2019-09-22, 21:07:41, 9.82e-13, 9.13e-11
2019-09-22, 21:07:45, 9.5e-13, 9.09e-11
2019-09-22, 21:07:49, 1e-12, 9.11e-11
2019-09-22, 21:07:53, 9.49e-13, 9.1e-11
2019-09-22, 21:07:58, 9.94e-13, 9.1e-11
2019-09-22, 21:08:02, 8.77e-13, 9.09e-11
2019-09-22, 21:08:06, 9.06e-13, 9.08e-11
2019-09-22, 21:08:10, 1.05e-12, 9.08e-11
2019-09-22, 21:08:15, 9.81e-13, 9.13e-11
2019-09-22, 21:08:19, 8.73e-13, 9.12e-11
2019-09-22, 21:08:23, 9.63e-13, 9.09e-11
2019-09-22, 21:08:27, 9.39e-13, 9.14e-11
2019-09-22, 21:08:31, 9.98e-13, 9.09e-11
2019-09-22, 21:08:36, 8.59e-13, 9.11e-11
2019-09-22, 21:08:40, 1.05e-12, 9.11e-11
2019-09-22, 21:08:44, 9.33e-13, 9.1e-11
2019-09-22, 21:08:48, 9.16e-13, 9.08e-11
2019-09-22, 21:08:53, 9.78e-13, 9.1e-11
2019-09-22, 21:08:57, 9.26e-13, 9.09e-11
2019-09-22, 21:09:01, 9.71e-13, 9.11e-11
2019-09-22, 21:09:05, 1.01e-12, 9.1e-11
2019-09-22, 21:09:09, 9.64e-13, 9.1e-11
2019-09-22, 21:09:14, 9.62e-13, 9.1e-11
2019-09-22, 21:09:18, 9.64e-13, 9.07e-11
2019-09-22, 21:09:22, 1.02e-12, 9.1e-11
2019-09-22, 21:09:26, 9.36e-13, 9.11e-11
2019-09-22, 21:09:30, 1.02e-12, 9.08e-11
2019-09-22, 21:09:35, 9.33e-13, 9.06e-11
2019-09-22, 21:09:39, 8.94e-13, 9.11e-11
2019-09-22, 21:09:43, 1.01e-12, 9.08e-11
2019-09-22, 21:09:47, 9.99e-13, 9.09e-11
2019-09-22, 21:09:52, 9.97e-13, 9.12e-11
2019-09-22, 21:09:56, 9.32e-13, 9.1e-11
2019-09-22, 21:10:00, 9.67e-13, 9.09e-11
2019-09-22, 21:10:04, 9.46e-13, 9.09e-11
2019-09-22, 21:10:08, 8.57e-13, 9.08e-11
2019-09-22, 21:10:13, 9.97e-13, 9.12e-11
2019-09-22, 21:10:17, 9.45e-13, 9.07e-11
2019-09-22, 21:10:21, 9.76e-13, 9.1e-11
2019-09-22, 21:10:25, 1.05e-12, 9.07e-11
2019-09-22, 21:10:30, 1.09e-12, 9.08e-11
2019-09-22, 21:10:34, 9.01e-13, 9.09e-11
2019-09-22, 21:10:38, 1.04e-12, 9.06e-11
2019-09-22, 21:10:42, 9.6e-13, 9.09e-11
2019-09-22, 21:10:46, 9.28e-13, 9.1e-11
2019-09-22, 21:10:51, 9.82e-13, 9.08e-11
2019-09-22, 21:10:55, 1e-12, 9.08e-11
2019-09-22, 21:10:59, 9.76e-13, 9.11e-11
2019-09-22, 21:11:03, 9.48e-13, 9.08e-11
2019-09-22, 21:11:08, 9.98e-13, 9.07e-11
2019-09-22, 21:11:12, 1.01e-12, 9.07e-11
2019-09-22, 21:11:16, 9.33e-13, 9.08e-11
2019-09-22, 21:11:20, 1.03e-12, 9.07e-11
2019-09-22, 21:11:24, 9.5e-13, 9.11e-11
2019-09-22, 21:11:29, 1.05e-12, 9.09e-11
2019-09-22, 21:11:33, 9.63e-13, 9.11e-11
2019-09-22, 21:11:37, 7.99e-13, 9.08e-11
2019-09-22, 21:11:41, 9.37e-13, 9.06e-11
2019-09-22, 21:11:46, 8.96e-13, 9.05e-11
2019-09-22, 21:11:50, 9.41e-13, 9.06e-11
2019-09-22, 21:11:54, 9.34e-13, 9.04e-11
2019-09-22, 21:11:58, 1.01e-12, 9.12e-11
2019-09-22, 21:12:02, 9.13e-13, 9.08e-11
2019-09-22, 21:12:07, 9.72e-13, 9.08e-11
2019-09-22, 21:12:11, 9.86e-13, 9.05e-11
2019-09-22, 21:12:15, 1.02e-12, 9.06e-11
2019-09-22, 21:12:19, 1e-12, 9.07e-11
2019-09-22, 21:12:24, 1.16e-12, 9.07e-11
2019-09-22, 21:12:28, 9.12e-13, 9.07e-11
2019-09-22, 21:12:32, 9.18e-13, 9.04e-11
2019-09-22, 21:12:36, 9.19e-13, 9.1e-11
2019-09-22, 21:12:40, 9.78e-13, 9.1e-11
2019-09-22, 21:12:45, 9.91e-13, 9.08e-11
2019-09-22, 21:12:49, 9.61e-13, 9.1e-11
2019-09-22, 21:12:53, 9.37e-13, 9.1e-11
2019-09-22, 21:12:57, 9.75e-13, 9.09e-11
2019-09-22, 21:13:02, 1e-12, 9.08e-11
2019-09-22, 21:13:06, 1.11e-12, 9.1e-11
2019-09-22, 21:13:10, 9.65e-13, 9.07e-11
2019-09-22, 21:13:14, 9.21e-13, 9.09e-11
2019-09-22, 21:13:18, 9.48e-13, 9.07e-11
2019-09-22, 21:13:23, 9.4e-13, 9.07e-11
2019-09-22, 21:13:27, 9.42e-13, 9.09e-11
2019-09-22, 21:13:31, 9.71e-13, 9.09e-11
2019-09-22, 21:13:35, 9.13e-13, 9.08e-11
2019-09-22, 21:13:40, 9.52e-13, 9.09e-11
2019-09-22, 21:13:44, 9.95e-13, 9.15e-11
2019-09-22, 21:13:48, 8.65e-13, 9.09e-11
2019-09-22, 21:13:52, 1.05e-12, 9.09e-11
2019-09-22, 21:13:56, 9.75e-13, 9.1e-11
2019-09-22, 21:14:01, 9.8e-13, 9.07e-11
2019-09-22, 21:14:05, 1.02e-12, 9.1e-11
2019-09-22, 21:14:09, 1.02e-12, 9.06e-11
2019-09-22, 21:14:13, 9.9e-13, 9.09e-11
2019-09-22, 21:14:18, 9.23e-13, 9.11e-11
2019-09-22, 21:14:22, 9.93e-13, 9.07e-11
2019-09-22, 21:14:26, 8.75e-13, 9.16e-11
2019-09-22, 21:14:30, 9.95e-13, 9.08e-11
2019-09-22, 21:14:35, 9.31e-13, 9.1e-11
2019-09-22, 21:14:39, 9.5e-13, 9.07e-11
2019-09-22, 21:14:43, 9.5e-13, 9.08e-11
2019-09-22, 21:14:47, 9.38e-13, 9.11e-11
2019-09-22, 21:14:51, 9.12e-13, 9.1e-11
2019-09-22, 21:14:56, 1.11e-12, 9.1e-11
2019-09-22, 21:15:00, 9.42e-13, 9.1e-11
2019-09-22, 21:15:04, 9.33e-13, 9.11e-11
2019-09-22, 21:15:08, 9.88e-13, 9.1e-11
2019-09-22, 21:15:12, 9.45e-13, 9.12e-11
2019-09-22, 21:15:17, 8.45e-13, 9.14e-11
2019-09-22, 21:15:21, 1.01e-12, 9.08e-11
2019-09-22, 21:15:25, 1e-12, 9.07e-11
2019-09-22, 21:15:29, 1e-12, 9.1e-11
2019-09-22, 21:15:34, 1.04e-12, 9.09e-11
2019-09-22, 21:15:38, 9.14e-13, 9.12e-11
2019-09-22, 21:15:42, 9.88e-13, 9.08e-11
2019-09-22, 21:15:46, 9.18e-13, 9.12e-11
2019-09-22, 21:15:50, 9.54e-13, 9.11e-11
2019-09-22, 21:15:55, 9.28e-13, 9.08e-11
2019-09-22, 21:15:59, 1.03e-12, 9.11e-11
2019-09-22, 21:16:03, 9.34e-13, 9.09e-11
2019-09-22, 21:16:07, 9.96e-13, 9.12e-11
2019-09-22, 21:16:12, 9.17e-13, 9.08e-11
2019-09-22, 21:16:16, 1.05e-12, 9.08e-11
2019-09-22, 21:16:20, 9.48e-13, 9.08e-11
2019-09-22, 21:16:24, 9.64e-13, 9.08e-11
2019-09-22, 21:16:28, 9.85e-13, 9.09e-11
2019-09-22, 21:16:33, 9.26e-13, 9.07e-11
2019-09-22, 21:16:37, 9.69e-13, 9.1e-11
2019-09-22, 21:16:41, 9.92e-13, 9.12e-11
2019-09-22, 21:16:45, 9.67e-13, 9.12e-11
2019-09-22, 21:16:50, 9.68e-13, 9.11e-11
2019-09-22, 21:16:54, 9.72e-13, 9.11e-11
2019-09-22, 21:16:58, 1.01e-12, 9.08e-11
2019-09-22, 21:17:02, 1e-12, 9.07e-11
2019-09-22, 21:17:06, 9.34e-13, 9.09e-11
2019-09-22, 21:17:11, 9.31e-13, 9.1e-11
2019-09-22, 21:17:15, 9.83e-13, 9.09e-11
2019-09-22, 21:17:19, 1e-12, 9.11e-11
2019-09-22, 21:17:23, 9.96e-13, 9.13e-11
2019-09-22, 21:17:28, 9.88e-13, 9.11e-11
2019-09-22, 21:17:32, 1.17e-12, 9.13e-11
2019-09-22, 21:17:36, 9.72e-13, 9.07e-11
2019-09-22, 21:17:40, 9.77e-13, 9.07e-11
2019-09-22, 21:17:44, 9.68e-13, 9.08e-11
2019-09-22, 21:17:49, 1.01e-12, 9.07e-11
2019-09-22, 21:17:53, 9.81e-13, 9.1e-11
2019-09-22, 21:17:57, 9.17e-13, 9.12e-11
2019-09-22, 21:18:01, 9.27e-13, 9.09e-11
2019-09-22, 21:18:06, 9.35e-13, 9.1e-11
2019-09-22, 21:18:10, 1e-12, 9.12e-11
2019-09-22, 21:18:14, 8.96e-13, 9.11e-11
2019-09-22, 21:18:18, 1.09e-12, 9.12e-11
2019-09-22, 21:18:22, 8.91e-13, 9.08e-11
2019-09-22, 21:18:27, 1.01e-12, 9.12e-11
2019-09-22, 21:18:31, 9.94e-13, 9.12e-11
2019-09-22, 21:18:35, 9.57e-13, 9.09e-11
2019-09-22, 21:18:39, 9.62e-13, 9.12e-11
2019-09-22, 21:18:43, 9.37e-13, 9.11e-11
2019-09-22, 21:18:48, 1.01e-12, 9.1e-11
2019-09-22, 21:18:52, 9.74e-13, 9.09e-11
2019-09-22, 21:18:56, 9.68e-13, 9.11e-11
2019-09-22, 21:19:00, 7.86e-13, 9.11e-11
2019-09-22, 21:19:05, 9.29e-13, 9.14e-11
2019-09-22, 21:19:09, 9.91e-13, 9.09e-11
2019-09-22, 21:19:13, 8.89e-13, 9.11e-11
2019-09-22, 21:19:17, 1.12e-12, 9.12e-11
2019-09-22, 21:19:21, 9.55e-13, 9.11e-11
2019-09-22, 21:19:26, 1.1e-12, 9.11e-11
2019-09-22, 21:19:30, 9.6e-13, 9.1e-11
2019-09-22, 21:19:34, 9.88e-13, 9.11e-11
2019-09-22, 21:19:38, 9.69e-13, 9.11e-11
2019-09-22, 21:19:43, 9.76e-13, 9.08e-11
2019-09-22, 21:19:47, 9.65e-13, 9.12e-11
2019-09-22, 21:19:51, 9.5e-13, 9.14e-11
2019-09-22, 21:19:55, 9.83e-13, 9.07e-11
2019-09-22, 21:19:59, 1e-12, 9.09e-11
2019-09-22, 21:20:04, 9.93e-13, 9.12e-11
2019-09-22, 21:20:08, 9.5e-13, 9.08e-11
2019-09-22, 21:20:12, 9.79e-13, 9.11e-11
2019-09-22, 21:20:16, 8.62e-13, 9.11e-11
2019-09-22, 21:20:21, 9.55e-13, 9.08e-11
2019-09-22, 21:20:25, 9e-13, 9.08e-11
2019-09-22, 21:20:29, 9.41e-13, 9.08e-11
2019-09-22, 21:20:33, 9.16e-13, 9.1e-11
2019-09-22, 21:20:37, 9.37e-13, 9.09e-11
2019-09-22, 21:20:42, 9.63e-13, 9.08e-11
2019-09-22, 21:20:46, 1.1e-12, 9.11e-11
2019-09-22, 21:20:50, 8.99e-13, 9.14e-11
2019-09-22, 21:20:54, 9.52e-13, 9.1e-11
2019-09-22, 21:20:59, 9.73e-13, 9.12e-11
2019-09-22, 21:21:03, 9.54e-13, 9.04e-11
2019-09-22, 21:21:07, 8.46e-13, 9.11e-11
2019-09-22, 21:21:11, 9.72e-13, 9.09e-11
2019-09-22, 21:21:15, 1.01e-12, 9.07e-11
2019-09-22, 21:21:20, 9.51e-13, 9.13e-11
2019-09-22, 21:21:24, 1.03e-12, 9.1e-11
2019-09-22, 21:21:28, 9.34e-13, 9.1e-11
2019-09-22, 21:21:32, 1.13e-12, 9.09e-11
2019-09-22, 21:21:37, 9.55e-13, 9.12e-11
2019-09-22, 21:21:41, 9.54e-13, 9.06e-11
2019-09-22, 21:21:45, 9.66e-13, 9.11e-11
2019-09-22, 21:21:49, 9.41e-13, 9.1e-11
2019-09-22, 21:21:53, 9.62e-13, 9.12e-11
2019-09-22, 21:21:58, 9.19e-13, 9.11e-11
2019-09-22, 21:22:02, 9.43e-13, 9.07e-11
2019-09-22, 21:22:06, 8.74e-13, 9.1e-11
2019-09-22, 21:22:10, 1.02e-12, 9.1e-11
2019-09-22, 21:22:15, 8.59e-13, 9.14e-11
2019-09-22, 21:22:19, 8.87e-13, 9.09e-11
2019-09-22, 21:22:23, 9.47e-13, 9.1e-11
2019-09-22, 21:22:27, 9.85e-13, 9.1e-11
2019-09-22, 21:22:31, 9.64e-13, 9.09e-11
2019-09-22, 21:22:36, 1e-12, 9.12e-11
2019-09-22, 21:22:40, 9.32e-13, 9.11e-11
2019-09-22, 21:22:44, 1.13e-12, 9.14e-11
2019-09-22, 21:22:48, 8.9e-13, 9.05e-11
2019-09-22, 21:22:53, 9.12e-13, 9.11e-11
2019-09-22, 21:22:57, 9.95e-13, 9.12e-11
2019-09-22, 21:23:01, 9.46e-13, 9.14e-11
2019-09-22, 21:23:05, 1.05e-12, 9.12e-11
2019-09-22, 21:23:09, 9.77e-13, 9.11e-11
2019-09-22, 21:23:14, 9.14e-13, 9.09e-11
2019-09-22, 21:23:18, 9.51e-13, 9.12e-11
2019-09-22, 21:23:22, 9.46e-13, 9.11e-11
2019-09-22, 21:23:26, 9.37e-13, 9.12e-11
2019-09-22, 21:23:30, 9.92e-13, 9.1e-11
2019-09-22, 21:23:35, 8.93e-13, 9.14e-11
2019-09-22, 21:23:39, 9.77e-13, 9.1e-11
2019-09-22, 21:23:43, 9.55e-13, 9.11e-11
2019-09-22, 21:23:47, 9e-13, 9.1e-11
2019-09-22, 21:23:52, 9.64e-13, 9.11e-11
2019-09-22, 21:23:56, 9.3e-13, 9.14e-11
2019-09-22, 21:24:00, 9.73e-13, 9.14e-11
2019-09-22, 21:24:04, 9.18e-13, 9.11e-11
2019-09-22, 21:24:08, 9.98e-13, 9.16e-11
2019-09-22, 21:24:13, 7.9e-13, 9.11e-11
2019-09-22, 21:24:17, 8.87e-13, 9.12e-11
2019-09-22, 21:24:21, 9.77e-13, 9.14e-11
2019-09-22, 21:24:25, 1.06e-12, 9.15e-11
2019-09-22, 21:24:30, 9.84e-13, 9.14e-11
2019-09-22, 21:24:34, 9.6e-13, 9.1e-11
2019-09-22, 21:24:38, 9.23e-13, 9.1e-11
2019-09-22, 21:24:42, 9.62e-13, 9.15e-11
2019-09-22, 21:24:46, 8.29e-13, 9.1e-11
2019-09-22, 21:24:51, 1.05e-12, 9.12e-11
2019-09-22, 21:24:55, 9.41e-13, 9.12e-11
2019-09-22, 21:24:59, 9.48e-13, 9.13e-11
2019-09-22, 21:25:03, 9.57e-13, 9.13e-11
2019-09-22, 21:25:08, 9.9e-13, 9.12e-11
2019-09-22, 21:25:12, 7.89e-13, 9.1e-11
2019-09-22, 21:25:16, 9.51e-13, 9.13e-11
2019-09-22, 21:25:20, 8.97e-13, 9.11e-11
2019-09-22, 21:25:24, 9.82e-13, 9.11e-11
2019-09-22, 21:25:29, 9.76e-13, 9.14e-11
2019-09-22, 21:25:33, 9.28e-13, 9.12e-11
2019-09-22, 21:25:37, 1.02e-12, 9.1e-11
2019-09-22, 21:25:41, 8.82e-13, 9.09e-11
2019-09-22, 21:25:46, 9.31e-13, 9.1e-11
2019-09-22, 21:25:50, 1.01e-12, 9.11e-11
2019-09-22, 21:25:54, 9.78e-13, 9.08e-11
2019-09-22, 21:25:58, 1.04e-12, 9.14e-11
2019-09-22, 21:26:02, 9.91e-13, 9.11e-11
2019-09-22, 21:26:07, 1.15e-12, 9.15e-11
2019-09-22, 21:26:11, 9.22e-13, 9.11e-11
2019-09-22, 21:26:15, 9.74e-13, 9.11e-11
2019-09-22, 21:26:19, 9.76e-13, 9.16e-11
2019-09-22, 21:26:24, 1.05e-12, 9.11e-11
2019-09-22, 21:26:28, 1e-12, 9.15e-11
2019-09-22, 21:26:32, 9.36e-13, 9.14e-11
2019-09-22, 21:26:36, 9.62e-13, 9.14e-11
2019-09-22, 21:26:40, 1.04e-12, 9.14e-11
2019-09-22, 21:26:45, 1.01e-12, 9.09e-11
2019-09-22, 21:26:49, 9.64e-13, 9.1e-11
2019-09-22, 21:26:53, 9.9e-13, 9.1e-11
2019-09-22, 21:26:57, 9.74e-13, 9.1e-11
2019-09-22, 21:27:02, 9.35e-13, 9.12e-11
2019-09-22, 21:27:06, 9.87e-13, 9.1e-11
2019-09-22, 21:27:10, 9.96e-13, 9.1e-11
2019-09-22, 21:27:14, 9.82e-13, 9.11e-11
2019-09-22, 21:27:18, 9.79e-13, 9.13e-11
2019-09-22, 21:27:23, 7.96e-13, 9.14e-11
2019-09-22, 21:27:27, 9.47e-13, 9.11e-11
2019-09-22, 21:27:31, 9.98e-13, 9.14e-11
2019-09-22, 21:27:35, 1.07e-12, 9.16e-11
2019-09-22, 21:27:39, 9.55e-13, 9.12e-11
2019-09-22, 21:27:44, 9.95e-13, 9.11e-11
2019-09-22, 21:27:48, 9.76e-13, 9.09e-11
2019-09-22, 21:27:52, 1.06e-12, 9.14e-11
2019-09-22, 21:27:56, 9.34e-13, 9.15e-11
2019-09-22, 21:28:01, 9.81e-13, 9.12e-11
2019-09-22, 21:28:05, 9.38e-13, 9.1e-11
2019-09-22, 21:28:09, 1.05e-12, 9.11e-11
2019-09-22, 21:28:13, 1.01e-12, 9.13e-11
2019-09-22, 21:28:17, 9.91e-13, 9.13e-11
2019-09-22, 21:28:22, 9.77e-13, 9.08e-11
2019-09-22, 21:28:26, 9.37e-13, 9.09e-11
2019-09-22, 21:28:30, 9.77e-13, 9.11e-11
2019-09-22, 21:28:34, 9.36e-13, 9.1e-11
2019-09-22, 21:28:39, 9.96e-13, 9.1e-11
2019-09-22, 21:28:43, 9.25e-13, 9.13e-11
2019-09-22, 21:28:47, 9.87e-13, 9.13e-11
2019-09-22, 21:28:51, 9.16e-13, 9.12e-11
2019-09-22, 21:28:55, 9.96e-13, 9.09e-11
2019-09-22, 21:29:00, 1e-12, 9.12e-11
2019-09-22, 21:29:04, 9.04e-13, 9.11e-11
2019-09-22, 21:29:08, 9.94e-13, 9.14e-11
2019-09-22, 21:29:12, 9.47e-13, 9.15e-11
2019-09-22, 21:29:17, 8.55e-13, 9.13e-11
2019-09-22, 21:29:21, 9.31e-13, 9.12e-11
2019-09-22, 21:29:25, 8.72e-13, 9.12e-11
2019-09-22, 21:29:29, 9.46e-13, 9.12e-11
2019-09-22, 21:29:33, 9.51e-13, 9.15e-11
2019-09-22, 21:29:38, 1.01e-12, 9.08e-11
2019-09-22, 21:29:42, 1.05e-12, 9.11e-11
2019-09-22, 21:29:46, 8.64e-13, 9.14e-11
2019-09-22, 21:29:50, 1.01e-12, 9.12e-11
2019-09-22, 21:29:55, 9.79e-13, 9.11e-11
2019-09-22, 21:29:59, 9.62e-13, 9.12e-11
2019-09-22, 21:30:03, 1.02e-12, 9.2e-11
2019-09-22, 21:30:07, 9.55e-13, 9.09e-11
2019-09-22, 21:30:11, 9.2e-13, 9.12e-11
2019-09-22, 21:30:16, 9.5e-13, 9.11e-11
2019-09-22, 21:30:20, 1.01e-12, 9.12e-11
2019-09-22, 21:30:24, 9.43e-13, 9.09e-11
2019-09-22, 21:30:28, 9.71e-13, 9.17e-11
2019-09-22, 21:30:33, 9.51e-13, 9.16e-11
2019-09-22, 21:30:37, 9.68e-13, 9.14e-11
2019-09-22, 21:30:41, 9.22e-13, 9.08e-11
2019-09-22, 21:30:45, 8.46e-13, 9.13e-11
2019-09-22, 21:30:49, 1.03e-12, 9.11e-11
2019-09-22, 21:30:54, 1.01e-12, 9.09e-11
2019-09-22, 21:30:58, 9.88e-13, 9.11e-11
2019-09-22, 21:31:02, 9.77e-13, 9.09e-11
2019-09-22, 21:31:06, 9.52e-13, 9.08e-11
2019-09-22, 21:31:11, 9.9e-13, 9.11e-11
2019-09-22, 21:31:15, 9.6e-13, 9.12e-11
2019-09-22, 21:31:19, 1.09e-12, 9.1e-11
2019-09-22, 21:31:23, 9.88e-13, 9.1e-11
2019-09-22, 21:31:27, 1.02e-12, 9.09e-11
2019-09-22, 21:31:32, 9.79e-13, 9.12e-11
2019-09-22, 21:31:36, 9.54e-13, 9.01e-11
2019-09-22, 21:31:40, 9.63e-13, 9.07e-11
2019-09-22, 21:31:44, 1.03e-12, 9.09e-11
2019-09-22, 21:31:49, 9.56e-13, 9.03e-11
2019-09-22, 21:31:53, 9.52e-13, 9.07e-11
2019-09-22, 21:31:57, 9.68e-13, 9.06e-11
2019-09-22, 21:32:01, 9.43e-13, 9.08e-11
2019-09-22, 21:32:05, 9.35e-13, 9.08e-11
2019-09-22, 21:32:10, 9.51e-13, 9.03e-11
2019-09-22, 21:32:14, 9.69e-13, 9.08e-11
2019-09-22, 21:32:18, 1.03e-12, 9.09e-11
2019-09-22, 21:32:22, 9.92e-13, 9.07e-11
2019-09-22, 21:32:27, 9.87e-13, 9.1e-11
2019-09-22, 21:32:31, 9.64e-13, 9.04e-11
2019-09-22, 21:32:35, 9.7e-13, 9.07e-11
2019-09-22, 21:32:39, 9.01e-13, 9.04e-11
2019-09-22, 21:32:43, 9.41e-13, 9.08e-11
2019-09-22, 21:32:48, 1e-12, 9.05e-11
2019-09-22, 21:32:52, 1.04e-12, 9.03e-11
2019-09-22, 21:32:56, 9.34e-13, 9.07e-11
2019-09-22, 21:33:00, 9.64e-13, 9.05e-11
2019-09-22, 21:33:04, 9.78e-13, 9.04e-11
2019-09-22, 21:33:09, 9.14e-13, 9.09e-11
2019-09-22, 21:33:13, 9.68e-13, 9.03e-11
2019-09-22, 21:33:17, 9.48e-13, 9.04e-11
2019-09-22, 21:33:21, 9.78e-13, 9.04e-11
2019-09-22, 21:33:26, 9.04e-13, 9.08e-11
2019-09-22, 21:33:30, 1.08e-12, 9.04e-11
2019-09-22, 21:33:34, 9.71e-13, 9.05e-11
2019-09-22, 21:33:38, 9.32e-13, 9.08e-11
2019-09-22, 21:33:42, 9.39e-13, 9.05e-11
2019-09-22, 21:33:47, 9.09e-13, 9.05e-11
2019-09-22, 21:33:51, 9.37e-13, 9.01e-11
2019-09-22, 21:33:55, 1.02e-12, 9.06e-11
2019-09-22, 21:33:59, 9.03e-13, 9.04e-11
2019-09-22, 21:34:04, 8.97e-13, 9.04e-11
2019-09-22, 21:34:08, 9.26e-13, 9.04e-11
2019-09-22, 21:34:12, 9.6e-13, 9.04e-11
2019-09-22, 21:34:16, 9.16e-13, 9.04e-11
2019-09-22, 21:34:20, 9.24e-13, 9.03e-11
2019-09-22, 21:34:25, 9.55e-13, 9.02e-11
2019-09-22, 21:34:29, 9.56e-13, 9.06e-11
2019-09-22, 21:34:33, 9.48e-13, 9.02e-11
2019-09-22, 21:34:37, 9.36e-13, 9.06e-11
2019-09-22, 21:34:42, 9.85e-13, 9.05e-11
2019-09-22, 21:34:46, 9.49e-13, 9.07e-11
2019-09-22, 21:34:50, 1.05e-12, 9.01e-11
2019-09-22, 21:34:54, 9.58e-13, 9.05e-11
2019-09-22, 21:34:58, 9.01e-13, 9.02e-11
2019-09-22, 21:35:03, 9.58e-13, 9.02e-11
2019-09-22, 21:35:07, 1.02e-12, 9.02e-11
2019-09-22, 21:35:11, 8.05e-13, 9.06e-11
2019-09-22, 21:35:15, 1.06e-12, 9.05e-11
2019-09-22, 21:35:20, 9.34e-13, 9.04e-11
2019-09-22, 21:35:24, 1.04e-12, 9.02e-11
2019-09-22, 21:35:28, 9.37e-13, 9.05e-11
2019-09-22, 21:35:32, 1.05e-12, 9.04e-11
2019-09-22, 21:35:36, 9.56e-13, 9.06e-11
2019-09-22, 21:35:41, 9.03e-13, 9.03e-11
2019-09-22, 21:35:45, 9.46e-13, 9.07e-11
2019-09-22, 21:35:49, 9.71e-13, 9.1e-11
2019-09-22, 21:35:53, 9.69e-13, 9.06e-11
2019-09-22, 21:35:58, 9.62e-13, 9.06e-11
2019-09-22, 21:36:02, 9.86e-13, 9.05e-11
2019-09-22, 21:36:06, 9.8e-13, 9.06e-11
2019-09-22, 21:36:10, 8.96e-13, 9.05e-11
2019-09-22, 21:36:14, 9.82e-13, 9.03e-11
2019-09-22, 21:36:19, 9.23e-13, 9.08e-11
2019-09-22, 21:36:23, 9.87e-13, 9.04e-11
2019-09-22, 21:36:27, 9.36e-13, 9.02e-11
2019-09-22, 21:36:31, 9.33e-13, 9.07e-11
2019-09-22, 21:36:36, 9.63e-13, 9.03e-11
2019-09-22, 21:36:40, 9.6e-13, 9.03e-11
2019-09-22, 21:36:44, 1e-12, 9.06e-11
2019-09-22, 21:36:48, 9.5e-13, 9.1e-11
2019-09-22, 21:36:52, 9.82e-13, 9.04e-11
2019-09-22, 21:36:57, 1.02e-12, 9.02e-11
2019-09-22, 21:37:01, 9.77e-13, 9.06e-11
2019-09-22, 21:37:05, 1.02e-12, 9.05e-11
2019-09-22, 21:37:09, 1e-12, 9.06e-11
2019-09-22, 21:37:14, 9.16e-13, 9.08e-11
2019-09-22, 21:37:18, 9.49e-13, 9.08e-11
2019-09-22, 21:37:22, 8.82e-13, 9.14e-11
2019-09-22, 21:37:26, 9.58e-13, 9.04e-11
2019-09-22, 21:37:30, 1.11e-12, 9.06e-11
2019-09-22, 21:37:35, 1.07e-12, 9.07e-11
2019-09-22, 21:37:39, 9.44e-13, 9.09e-11
2019-09-22, 21:37:43, 1.02e-12, 9.11e-11
2019-09-22, 21:37:47, 9.07e-13, 9.12e-11
2019-09-22, 21:37:52, 9.32e-13, 9.13e-11
2019-09-22, 21:37:56, 1.04e-12, 9.11e-11
2019-09-22, 21:38:00, 9.67e-13, 9.1e-11
2019-09-22, 21:38:04, 9.97e-13, 9.12e-11
2019-09-22, 21:38:08, 9.57e-13, 9.14e-11
2019-09-22, 21:38:13, 9.81e-13, 9.13e-11
2019-09-22, 21:38:17, 9.23e-13, 9.09e-11
2019-09-22, 21:38:21, 9.12e-13, 9.13e-11
2019-09-22, 21:38:25, 9.17e-13, 9.13e-11
2019-09-22, 21:38:29, 8.38e-13, 9.09e-11
2019-09-22, 21:38:34, 9.4e-13, 9.1e-11
2019-09-22, 21:38:38, 1.02e-12, 9.08e-11
2019-09-22, 21:38:42, 9.48e-13, 9.07e-11
2019-09-22, 21:38:46, 9.82e-13, 9.08e-11
2019-09-22, 21:38:51, 9.66e-13, 9.06e-11
2019-09-22, 21:38:55, 9.89e-13, 9.11e-11
2019-09-22, 21:38:59, 9.78e-13, 9.08e-11
2019-09-22, 21:39:03, 1.04e-12, 9.07e-11
2019-09-22, 21:39:07, 9.18e-13, 9.07e-11
2019-09-22, 21:39:12, 9.26e-13, 9.1e-11
2019-09-22, 21:39:16, 9.43e-13, 9.1e-11
2019-09-22, 21:39:20, 9.22e-13, 9.1e-11
2019-09-22, 21:39:24, 9.83e-13, 9.13e-11
2019-09-22, 21:39:29, 9.33e-13, 9.13e-11
2019-09-22, 21:39:33, 9.72e-13, 9.09e-11
2019-09-22, 21:39:37, 9.62e-13, 9.1e-11
2019-09-22, 21:39:41, 9.2e-13, 9.1e-11
2019-09-22, 21:39:45, 1.03e-12, 9.1e-11
2019-09-22, 21:39:50, 1.01e-12, 9.08e-11
2019-09-22, 21:39:54, 9.48e-13, 9.12e-11
2019-09-22, 21:39:58, 9.72e-13, 9.09e-11
2019-09-22, 21:40:02, 9.07e-13, 9.13e-11
2019-09-22, 21:40:07, 9.47e-13, 9.1e-11
2019-09-22, 21:40:11, 9.38e-13, 9.13e-11
2019-09-22, 21:40:15, 9.74e-13, 9.12e-11
2019-09-22, 21:40:19, 9.05e-13, 9.12e-11
2019-09-22, 21:40:23, 9.36e-13, 9.13e-11
2019-09-22, 21:40:28, 9.41e-13, 9.1e-11
2019-09-22, 21:40:32, 9.59e-13, 9.12e-11
2019-09-22, 21:40:36, 9.14e-13, 9.13e-11
2019-09-22, 21:40:40, 1.04e-12, 9.12e-11
2019-09-22, 21:40:45, 8.82e-13, 9.12e-11
2019-09-22, 21:40:49, 9.98e-13, 9.13e-11
2019-09-22, 21:40:53, 9.91e-13, 9.12e-11
2019-09-22, 21:40:57, 1.04e-12, 9.1e-11
2019-09-22, 21:41:01, 1.01e-12, 9.09e-11
2019-09-22, 21:41:06, 1.02e-12, 9.11e-11
2019-09-22, 21:41:10, 9.8e-13, 9.08e-11
2019-09-22, 21:41:14, 9.6e-13, 9.08e-11
2019-09-22, 21:41:18, 9.73e-13, 9.07e-11
2019-09-22, 21:41:23, 9.87e-13, 9.1e-11
2019-09-22, 21:41:27, 9.79e-13, 9.09e-11
2019-09-22, 21:41:31, 9.25e-13, 9.12e-11
2019-09-22, 21:41:35, 9.57e-13, 9.09e-11
2019-09-22, 21:41:39, 9.38e-13, 9.13e-11
2019-09-22, 21:41:44, 9.75e-13, 9.09e-11
2019-09-22, 21:41:48, 9.52e-13, 9.11e-11
2019-09-22, 21:41:52, 9.79e-13, 9.11e-11
2019-09-22, 21:41:56, 9.6e-13, 9.11e-11
2019-09-22, 21:42:01, 9.29e-13, 9.12e-11
2019-09-22, 21:42:05, 9.91e-13, 9.09e-11
2019-09-22, 21:42:09, 9.71e-13, 9.11e-11
2019-09-22, 21:42:13, 9.68e-13, 9.11e-11
2019-09-22, 21:42:17, 1.04e-12, 9.12e-11
2019-09-22, 21:42:22, 7.84e-13, 9.1e-11
2019-09-22, 21:42:26, 9.56e-13, 9.08e-11
2019-09-22, 21:42:30, 9.7e-13, 9.12e-11
2019-09-22, 21:42:34, 8.6e-13, 9.11e-11
2019-09-22, 21:42:39, 9.25e-13, 9.11e-11
2019-09-22, 21:42:43, 9.5e-13, 9.09e-11
2019-09-22, 21:42:47, 9.62e-13, 9.11e-11
2019-09-22, 21:42:51, 9.74e-13, 9.09e-11
2019-09-22, 21:42:55, 9.31e-13, 9.08e-11
2019-09-22, 21:43:00, 8.99e-13, 9.09e-11
2019-09-22, 21:43:04, 9.63e-13, 9.11e-11
2019-09-22, 21:43:08, 9.42e-13, 9.12e-11
2019-09-22, 21:43:12, 9.21e-13, 9.15e-11
2019-09-22, 21:43:16, 9.93e-13, 9.11e-11
2019-09-22, 21:43:21, 1e-12, 9.11e-11
2019-09-22, 21:43:25, 9.62e-13, 9.13e-11
2019-09-22, 21:43:29, 9.4e-13, 9.13e-11
2019-09-22, 21:43:33, 9.42e-13, 9.11e-11
2019-09-22, 21:43:38, 9.92e-13, 9.11e-11
2019-09-22, 21:43:42, 8.83e-13, 9.11e-11
2019-09-22, 21:43:46, 9.33e-13, 9.11e-11
2019-09-22, 21:43:50, 9.75e-13, 9.12e-11
2019-09-22, 21:43:54, 8.67e-13, 9.04e-11
2019-09-22, 21:43:59, 9.41e-13, 9.05e-11
2019-09-22, 21:44:03, 9.42e-13, 9.03e-11
2019-09-22, 21:44:07, 9.88e-13, 9.04e-11
2019-09-22, 21:44:11, 9.64e-13, 9.06e-11
2019-09-22, 21:44:16, 9.47e-13, 9.06e-11
2019-09-22, 21:44:20, 8.52e-13, 9.06e-11
2019-09-22, 21:44:24, 9.09e-13, 9.09e-11
2019-09-22, 21:44:28, 9.3e-13, 9.05e-11
2019-09-22, 21:44:32, 8.56e-13, 9.03e-11
2019-09-22, 21:44:37, 9.54e-13, 9.05e-11
2019-09-22, 21:44:41, 9.85e-13, 9.07e-11
2019-09-22, 21:44:45, 9.38e-13, 9.05e-11
2019-09-22, 21:44:49, 1e-12, 9.06e-11
2019-09-22, 21:44:54, 1.01e-12, 9.05e-11
2019-09-22, 21:44:58, 1.01e-12, 9.06e-11
2019-09-22, 21:45:02, 9.8e-13, 9.05e-11
2019-09-22, 21:45:06, 1e-12, 9.05e-11
2019-09-22, 21:45:10, 9.87e-13, 9.08e-11
2019-09-22, 21:45:15, 9.29e-13, 9.04e-11
2019-09-22, 21:45:19, 9.84e-13, 9.08e-11
2019-09-22, 21:45:23, 8.52e-13, 9.09e-11
2019-09-22, 21:45:27, 7.88e-13, 9.07e-11
2019-09-22, 21:45:32, 9.57e-13, 9.1e-11
2019-09-22, 21:45:36, 9.99e-13, 9.07e-11
2019-09-22, 21:45:40, 9.46e-13, 9.03e-11
2019-09-22, 21:45:44, 9.75e-13, 9.09e-11
2019-09-22, 21:45:48, 9.76e-13, 9.06e-11
2019-09-22, 21:45:53, 1.13e-12, 9.03e-11
2019-09-22, 21:45:57, 1.08e-12, 9.07e-11
2019-09-22, 21:46:01, 1.01e-12, 9.08e-11
2019-09-22, 21:46:05, 9.99e-13, 9.09e-11
2019-09-22, 21:46:10, 9.75e-13, 9.06e-11
2019-09-22, 21:46:14, 9.53e-13, 9.09e-11
2019-09-22, 21:46:18, 9.83e-13, 9.13e-11
2019-09-22, 21:46:22, 8.81e-13, 9.07e-11
2019-09-22, 21:46:26, 8.51e-13, 9.1e-11
2019-09-22, 21:46:31, 9.72e-13, 9.09e-11
2019-09-22, 21:46:35, 9.56e-13, 9.03e-11
2019-09-22, 21:46:39, 9e-13, 9.03e-11
2019-09-22, 21:46:43, 9.64e-13, 9.03e-11
2019-09-22, 21:46:47, 9.32e-13, 9.03e-11
2019-09-22, 21:46:52, 9.72e-13, 9e-11
2019-09-22, 21:46:56, 9.74e-13, 9.03e-11
2019-09-22, 21:47:00, 9.54e-13, 9.01e-11
2019-09-22, 21:47:04, 9.54e-13, 9.05e-11
2019-09-22, 21:47:09, 9.72e-13, 9.08e-11
2019-09-22, 21:47:13, 9.6e-13, 9.04e-11
2019-09-22, 21:47:17, 9.55e-13, 9.08e-11
2019-09-22, 21:47:21, 9.03e-13, 9.1e-11
2019-09-22, 21:47:25, 9.32e-13, 9.12e-11
2019-09-22, 21:47:30, 9.72e-13, 9.09e-11
2019-09-22, 21:47:34, 8.9e-13, 9.09e-11
2019-09-22, 21:47:38, 8.97e-13, 9.09e-11
2019-09-22, 21:47:42, 1.06e-12, 9.09e-11
2019-09-22, 21:47:47, 9.54e-13, 9.14e-11
2019-09-22, 21:47:51, 9.37e-13, 9.08e-11
2019-09-22, 21:47:55, 9.27e-13, 9.04e-11
2019-09-22, 21:47:59, 9.89e-13, 9.14e-11
2019-09-22, 21:48:03, 9.27e-13, 9.12e-11
2019-09-22, 21:48:08, 9.65e-13, 9.12e-11
2019-09-22, 21:48:12, 9.93e-13, 9.1e-11
2019-09-22, 21:48:16, 9.45e-13, 9.1e-11
2019-09-22, 21:48:20, 9.88e-13, 9.12e-11
2019-09-22, 21:48:25, 1.03e-12, 9.08e-11
2019-09-22, 21:48:29, 9.2e-13, 9.11e-11
2019-09-22, 21:48:33, 9.76e-13, 9.12e-11
2019-09-22, 21:48:37, 9.43e-13, 9.09e-11
2019-09-22, 21:48:41, 9.2e-13, 9.1e-11
2019-09-22, 21:48:46, 9.8e-13, 9.12e-11
2019-09-22, 21:48:50, 1.02e-12, 9.13e-11
2019-09-22, 21:48:54, 9.02e-13, 9.08e-11
2019-09-22, 21:48:58, 9.3e-13, 9.08e-11
2019-09-22, 21:49:03, 9.93e-13, 9.13e-11
2019-09-22, 21:49:07, 8.15e-13, 9.08e-11
2019-09-22, 21:49:11, 9.13e-13, 9.12e-11
2019-09-22, 21:49:15, 9.48e-13, 9.09e-11
2019-09-22, 21:49:19, 9.51e-13, 9.11e-11
2019-09-22, 21:49:24, 9.48e-13, 9.12e-11
2019-09-22, 21:49:28, 9e-13, 9.1e-11
2019-09-22, 21:49:32, 9.48e-13, 9.08e-11
2019-09-22, 21:49:36, 8.78e-13, 9.07e-11
2019-09-22, 21:49:41, 1.15e-12, 9.09e-11
2019-09-22, 21:49:45, 9.97e-13, 9.08e-11
2019-09-22, 21:49:49, 9.39e-13, 9.12e-11
2019-09-22, 21:49:53, 9.56e-13, 9.12e-11
2019-09-22, 21:49:57, 9.18e-13, 9.08e-11
2019-09-22, 21:50:02, 9.79e-13, 9.09e-11
2019-09-22, 21:50:06, 9.34e-13, 9.1e-11
2019-09-22, 21:50:10, 1.05e-12, 9.09e-11
2019-09-22, 21:50:14, 1.01e-12, 9.12e-11
2019-09-22, 21:50:19, 9.87e-13, 9.15e-11
2019-09-22, 21:50:23, 9.86e-13, 9.12e-11
2019-09-22, 21:50:27, 9.46e-13, 9.11e-11
2019-09-22, 21:50:31, 9.57e-13, 9.11e-11
2019-09-22, 21:50:35, 1.03e-12, 9.11e-11
2019-09-22, 21:50:40, 9.23e-13, 9.11e-11
2019-09-22, 21:50:44, 1.01e-12, 9.11e-11
2019-09-22, 21:50:48, 9.72e-13, 9.11e-11
2019-09-22, 21:50:52, 9.21e-13, 9.14e-11
2019-09-22, 21:50:56, 1.01e-12, 9.1e-11
2019-09-22, 21:51:01, 9.97e-13, 9.11e-11
2019-09-22, 21:51:05, 9.49e-13, 9.11e-11
2019-09-22, 21:51:09, 9.53e-13, 9.11e-11
2019-09-22, 21:51:13, 9.37e-13, 9.08e-11
2019-09-22, 21:51:18, 9.38e-13, 9.09e-11
2019-09-22, 21:51:22, 9.13e-13, 9.04e-11
2019-09-22, 21:51:26, 9.43e-13, 9.06e-11
2019-09-22, 21:51:30, 8.86e-13, 9.06e-11
2019-09-22, 21:51:34, 9.94e-13, 9.08e-11
2019-09-22, 21:51:39, 8.06e-13, 9.07e-11
2019-09-22, 21:51:43, 9.73e-13, 9.08e-11
2019-09-22, 21:51:47, 1.12e-12, 9.05e-11
2019-09-22, 21:51:51, 1.03e-12, 9.06e-11
2019-09-22, 21:51:56, 9.97e-13, 9.09e-11
2019-09-22, 21:52:00, 1e-12, 9.04e-11
2019-09-22, 21:52:04, 1.08e-12, 9.08e-11
2019-09-22, 21:52:08, 1.01e-12, 9.07e-11
2019-09-22, 21:52:12, 9.61e-13, 9.08e-11
2019-09-22, 21:52:17, 9.94e-13, 9.1e-11
2019-09-22, 21:52:21, 9.44e-13, 9.08e-11
2019-09-22, 21:52:25, 9.93e-13, 9.08e-11
2019-09-22, 21:52:29, 9.96e-13, 9.07e-11
2019-09-22, 21:52:34, 9.7e-13, 9.1e-11
2019-09-22, 21:52:38, 1e-12, 9.08e-11
2019-09-22, 21:52:42, 9.59e-13, 9.07e-11
2019-09-22, 21:52:46, 9.99e-13, 9.07e-11
2019-09-22, 21:52:50, 9.58e-13, 9.06e-11
2019-09-22, 21:52:55, 9.08e-13, 9.09e-11
2019-09-22, 21:52:59, 9.49e-13, 9.07e-11
2019-09-22, 21:53:03, 8.73e-13, 9.09e-11
2019-09-22, 21:53:07, 9.12e-13, 9.03e-11
2019-09-22, 21:53:12, 1.05e-12, 9.07e-11
2019-09-22, 21:53:16, 9.72e-13, 9.03e-11
2019-09-22, 21:53:20, 1.01e-12, 9.07e-11
2019-09-22, 21:53:24, 8.99e-13, 9.06e-11
2019-09-22, 21:53:28, 9.48e-13, 9.07e-11
2019-09-22, 21:53:33, 9.54e-13, 9.05e-11
2019-09-22, 21:53:37, 9.33e-13, 9.04e-11
2019-09-22, 21:53:41, 9.68e-13, 9.08e-11
2019-09-22, 21:53:45, 1.01e-12, 9.08e-11
2019-09-22, 21:53:50, 1.02e-12, 9.08e-11
2019-09-22, 21:53:54, 9.02e-13, 9.08e-11
2019-09-22, 21:53:58, 9.47e-13, 9.07e-11
2019-09-22, 21:54:02, 8.54e-13, 9.07e-11
2019-09-22, 21:54:06, 9.01e-13, 9.06e-11
2019-09-22, 21:54:11, 8.7e-13, 9.06e-11
2019-09-22, 21:54:15, 9.17e-13, 9.08e-11
2019-09-22, 21:54:19, 9.79e-13, 9.04e-11
2019-09-22, 21:54:23, 9.85e-13, 9.03e-11
2019-09-22, 21:54:28, 9.64e-13, 9.02e-11
2019-09-22, 21:54:32, 9.97e-13, 9.06e-11
2019-09-22, 21:54:36, 9.55e-13, 9.05e-11
2019-09-22, 21:54:40, 9.74e-13, 9.08e-11
2019-09-22, 21:54:44, 9.16e-13, 9.03e-11
2019-09-22, 21:54:49, 9.58e-13, 9.02e-11
2019-09-22, 21:54:53, 9.05e-13, 9.08e-11
2019-09-22, 21:54:57, 9.39e-13, 9.05e-11
2019-09-22, 21:55:01, 1e-12, 9.05e-11
2019-09-22, 21:55:05, 8.73e-13, 9.06e-11
2019-09-22, 21:55:10, 9.66e-13, 9.07e-11
2019-09-22, 21:55:14, 1e-12, 9.09e-11
2019-09-22, 21:55:18, 9.45e-13, 9.08e-11
2019-09-22, 21:55:22, 1.01e-12, 9.08e-11
2019-09-22, 21:55:27, 9.32e-13, 9.07e-11
2019-09-22, 21:55:31, 9.53e-13, 9.07e-11
2019-09-22, 21:55:35, 9.87e-13, 9.04e-11
2019-09-22, 21:55:39, 9.35e-13, 9.04e-11
2019-09-22, 21:55:43, 9.65e-13, 9e-11
2019-09-22, 21:55:48, 9.35e-13, 9.08e-11
2019-09-22, 21:55:52, 9.36e-13, 9.06e-11
2019-09-22, 21:55:56, 1.09e-12, 9.06e-11
2019-09-22, 21:56:00, 9.55e-13, 9.06e-11
2019-09-22, 21:56:05, 9.57e-13, 9.05e-11
2019-09-22, 21:56:09, 8.88e-13, 9.07e-11
2019-09-22, 21:56:13, 1e-12, 9.07e-11
2019-09-22, 21:56:17, 1.01e-12, 9.06e-11
2019-09-22, 21:56:21, 9.91e-13, 9.09e-11
2019-09-22, 21:56:26, 8.76e-13, 9.06e-11
2019-09-22, 21:56:30, 9.78e-13, 9.05e-11
2019-09-22, 21:56:34, 9.94e-13, 9.08e-11
2019-09-22, 21:56:38, 9.95e-13, 9.07e-11
2019-09-22, 21:56:43, 9.48e-13, 9.09e-11
2019-09-22, 21:56:47, 9e-13, 9.07e-11
2019-09-22, 21:56:51, 9.33e-13, 9.07e-11
2019-09-22, 21:56:55, 9.93e-13, 9.07e-11
2019-09-22, 21:56:59, 1.14e-12, 9.04e-11
2019-09-22, 21:57:04, 9.93e-13, 9.07e-11
2019-09-22, 21:57:08, 1.04e-12, 9.07e-11
2019-09-22, 21:57:12, 9.72e-13, 9.07e-11
2019-09-22, 21:57:16, 9.45e-13, 9.03e-11
2019-09-22, 21:57:21, 9.61e-13, 9.04e-11
2019-09-22, 21:57:25, 9.76e-13, 9.1e-11
2019-09-22, 21:57:29, 9.49e-13, 9.06e-11
2019-09-22, 21:57:33, 9.8e-13, 9.08e-11
2019-09-22, 21:57:37, 9.82e-13, 9.07e-11
2019-09-22, 21:57:42, 1e-12, 9.06e-11
2019-09-22, 21:57:46, 9.23e-13, 9.05e-11
2019-09-22, 21:57:50, 9.59e-13, 9.07e-11
2019-09-22, 21:57:54, 9.26e-13, 9.05e-11
2019-09-22, 21:57:59, 9.52e-13, 9.09e-11
2019-09-22, 21:58:03, 1.01e-12, 9.07e-11
2019-09-22, 21:58:07, 1.01e-12, 9.07e-11
2019-09-22, 21:58:11, 9.94e-13, 9.07e-11
2019-09-22, 21:58:15, 9.26e-13, 9.04e-11
2019-09-22, 21:58:20, 9.04e-13, 9.05e-11
2019-09-22, 21:58:24, 1.13e-12, 9.03e-11
2019-09-22, 21:58:28, 9.22e-13, 9.04e-11
2019-09-22, 21:58:32, 9.19e-13, 9.05e-11
2019-09-22, 21:58:36, 9.71e-13, 9.05e-11
2019-09-22, 21:58:41, 9.31e-13, 9.08e-11
2019-09-22, 21:58:45, 1.01e-12, 9.05e-11
2019-09-22, 21:58:49, 1e-12, 9.08e-11
2019-09-22, 21:58:53, 9.51e-13, 9.06e-11
2019-09-22, 21:58:58, 1.01e-12, 9.02e-11
2019-09-22, 21:59:02, 9.71e-13, 9.04e-11
2019-09-22, 21:59:06, 9.57e-13, 9.09e-11
2019-09-22, 21:59:10, 9.46e-13, 9.04e-11
2019-09-22, 21:59:14, 9.22e-13, 9.03e-11
2019-09-22, 21:59:19, 9.38e-13, 9.04e-11
2019-09-22, 21:59:23, 9.91e-13, 9.03e-11
2019-09-22, 21:59:27, 8.6e-13, 9.04e-11
2019-09-22, 21:59:31, 9.38e-13, 9.03e-11
2019-09-22, 21:59:36, 9.66e-13, 9.02e-11
2019-09-22, 21:59:40, 9.54e-13, 9.03e-11
2019-09-22, 21:59:44, 8.97e-13, 9.02e-11
2019-09-22, 21:59:48, 9.12e-13, 9.03e-11
2019-09-22, 21:59:52, 9.26e-13, 9e-11
2019-09-22, 21:59:57, 1.02e-12, 9.04e-11
2019-09-22, 22:00:01, 9.42e-13, 9.04e-11
2019-09-22, 22:00:05, 9.96e-13, 9.05e-11
2019-09-22, 22:00:09, 9.6e-13, 9.08e-11
2019-09-22, 22:00:14, 9.47e-13, 9.06e-11
2019-09-22, 22:00:18, 9.59e-13, 9.06e-11
2019-09-22, 22:00:22, 9.45e-13, 9.08e-11
2019-09-22, 22:00:26, 9.12e-13, 9.05e-11
2019-09-22, 22:00:30, 1e-12, 9.01e-11
2019-09-22, 22:00:35, 8.81e-13, 9.02e-11
2019-09-22, 22:00:39, 9.26e-13, 9.06e-11
2019-09-22, 22:00:43, 9.56e-13, 9.05e-11
2019-09-22, 22:00:47, 8.43e-13, 9.06e-11
2019-09-22, 22:00:52, 1.12e-12, 9.02e-11
2019-09-22, 22:00:56, 9.8e-13, 9.08e-11
2019-09-22, 22:01:00, 8.99e-13, 9.1e-11
2019-09-22, 22:01:04, 9.79e-13, 9.11e-11
2019-09-22, 22:01:08, 9.27e-13, 9.13e-11
2019-09-22, 22:01:13, 9.37e-13, 9.09e-11
2019-09-22, 22:01:17, 1.03e-12, 9.12e-11
2019-09-22, 22:01:21, 9.4e-13, 9.1e-11
2019-09-22, 22:01:25, 9.63e-13, 9.06e-11
2019-09-22, 22:01:30, 1.04e-12, 9.06e-11
2019-09-22, 22:01:34, 1.02e-12, 9.08e-11
2019-09-22, 22:01:38, 9.82e-13, 9.13e-11
2019-09-22, 22:01:42, 9.78e-13, 9.07e-11
2019-09-22, 22:01:46, 1.08e-12, 9.05e-11
2019-09-22, 22:01:51, 9.74e-13, 9.05e-11
2019-09-22, 22:01:55, 1e-12, 9.07e-11
2019-09-22, 22:01:59, 1.02e-12, 9.03e-11
2019-09-22, 22:02:03, 9.69e-13, 9.07e-11
2019-09-22, 22:02:07, 8.98e-13, 9.05e-11
2019-09-22, 22:02:12, 9.77e-13, 9.07e-11
2019-09-22, 22:02:16, 9.6e-13, 9.07e-11
2019-09-22, 22:02:20, 9.62e-13, 9.06e-11
2019-09-22, 22:02:24, 1e-12, 9.05e-11
2019-09-22, 22:02:29, 9.93e-13, 9.09e-11
2019-09-22, 22:02:33, 9.15e-13, 9.09e-11
2019-09-22, 22:02:37, 9.83e-13, 9.06e-11
2019-09-22, 22:02:41, 9.64e-13, 9.07e-11
2019-09-22, 22:02:45, 9.05e-13, 9.07e-11
2019-09-22, 22:02:50, 1.05e-12, 9.08e-11
2019-09-22, 22:02:54, 9.42e-13, 9.11e-11
2019-09-22, 22:02:58, 1.07e-12, 9.11e-11
2019-09-22, 22:03:02, 9.44e-13, 9.05e-11
2019-09-22, 22:03:07, 9.89e-13, 9.1e-11
2019-09-22, 22:03:11, 9.17e-13, 9.09e-11
2019-09-22, 22:03:15, 9.53e-13, 9.07e-11
2019-09-22, 22:03:19, 9.36e-13, 9.05e-11
2019-09-22, 22:03:23, 9.67e-13, 9.07e-11
2019-09-22, 22:03:28, 1.01e-12, 9.07e-11
2019-09-22, 22:03:32, 9.56e-13, 9.09e-11
2019-09-22, 22:03:36, 8.4e-13, 9.06e-11
2019-09-22, 22:03:40, 9.39e-13, 9.13e-11
2019-09-22, 22:03:45, 1.05e-12, 9.06e-11
2019-09-22, 22:03:49, 9.57e-13, 9.08e-11
2019-09-22, 22:03:53, 8.92e-13, 9.08e-11
2019-09-22, 22:03:57, 1e-12, 9.06e-11
2019-09-22, 22:04:01, 1.04e-12, 9.07e-11
2019-09-22, 22:04:06, 9.95e-13, 9.08e-11
2019-09-22, 22:04:10, 1e-12, 9.1e-11
2019-09-22, 22:04:14, 9.07e-13, 9.08e-11
2019-09-22, 22:04:18, 9.88e-13, 9.1e-11
2019-09-22, 22:04:23, 1.05e-12, 9.12e-11
2019-09-22, 22:04:27, 1.02e-12, 9.08e-11
2019-09-22, 22:04:31, 9.79e-13, 9.1e-11
2019-09-22, 22:04:35, 9.23e-13, 9.1e-11
2019-09-22, 22:04:39, 9.55e-13, 9.08e-11
2019-09-22, 22:04:44, 9.83e-13, 9.11e-11
2019-09-22, 22:04:48, 9.21e-13, 9.1e-11
2019-09-22, 22:04:52, 1.04e-12, 9.1e-11
2019-09-22, 22:04:56, 8.77e-13, 9.08e-11
2019-09-22, 22:05:01, 9.94e-13, 9.12e-11
2019-09-22, 22:05:05, 9.74e-13, 9.09e-11
2019-09-22, 22:05:09, 9.78e-13, 9.11e-11
2019-09-22, 22:05:13, 9.27e-13, 9.1e-11
2019-09-22, 22:05:17, 1.01e-12, 9.09e-11
2019-09-22, 22:05:22, 9.5e-13, 9.08e-11
2019-09-22, 22:05:26, 1.01e-12, 9.08e-11
2019-09-22, 22:05:30, 9.05e-13, 9.1e-11
2019-09-22, 22:05:34, 9.44e-13, 9.07e-11
2019-09-22, 22:05:39, 8.83e-13, 9.07e-11
2019-09-22, 22:05:43, 9.63e-13, 9.09e-11
2019-09-22, 22:05:47, 1.05e-12, 9.08e-11
2019-09-22, 22:05:51, 1.01e-12, 9.1e-11
2019-09-22, 22:05:55, 9.46e-13, 9.06e-11
2019-09-22, 22:06:00, 9.47e-13, 9.08e-11
2019-09-22, 22:06:04, 9.79e-13, 9.06e-11
2019-09-22, 22:06:08, 9.42e-13, 9.08e-11
2019-09-22, 22:06:12, 9.01e-13, 9.07e-11
2019-09-22, 22:06:17, 9.98e-13, 9.06e-11
2019-09-22, 22:06:21, 9.68e-13, 9.05e-11
2019-09-22, 22:06:25, 9.79e-13, 9.06e-11
2019-09-22, 22:06:29, 1e-12, 9.09e-11
2019-09-22, 22:06:33, 1.03e-12, 9.07e-11
2019-09-22, 22:06:38, 9.46e-13, 9.08e-11
2019-09-22, 22:06:42, 9.68e-13, 9.09e-11
2019-09-22, 22:06:46, 9.51e-13, 9.06e-11
2019-09-22, 22:06:50, 9.91e-13, 9.09e-11
2019-09-22, 22:06:54, 9.81e-13, 9.04e-11
2019-09-22, 22:06:59, 9.29e-13, 9.02e-11
2019-09-22, 22:07:03, 9.31e-13, 9e-11
2019-09-22, 22:07:07, 9.45e-13, 8.99e-11
2019-09-22, 22:07:11, 9.99e-13, 8.99e-11
2019-09-22, 22:07:16, 9.53e-13, 9.06e-11
2019-09-22, 22:07:20, 8.95e-13, 9.06e-11
2019-09-22, 22:07:24, 1.02e-12, 9.04e-11
2019-09-22, 22:07:28, 9.43e-13, 9.09e-11
2019-09-22, 22:07:32, 9.02e-13, 9.02e-11
2019-09-22, 22:07:37, 1.03e-12, 9.03e-11
2019-09-22, 22:07:41, 9.77e-13, 9.04e-11
2019-09-22, 22:07:45, 1.1e-12, 9.03e-11
2019-09-22, 22:07:49, 9.47e-13, 9.03e-11
2019-09-22, 22:07:54, 1.01e-12, 9.03e-11
2019-09-22, 22:07:58, 9.69e-13, 9.01e-11
2019-09-22, 22:08:02, 9.29e-13, 8.97e-11
2019-09-22, 22:08:06, 1.01e-12, 9.04e-11
2019-09-22, 22:08:10, 9.64e-13, 9.05e-11
2019-09-22, 22:08:15, 9.32e-13, 9.05e-11
2019-09-22, 22:08:19, 9.73e-13, 9.04e-11
2019-09-22, 22:08:23, 9.44e-13, 9.05e-11
2019-09-22, 22:08:27, 9.3e-13, 9.09e-11
2019-09-22, 22:08:32, 9.96e-13, 9.04e-11
2019-09-22, 22:08:36, 9.89e-13, 9.05e-11
2019-09-22, 22:08:40, 8.38e-13, 9.02e-11
2019-09-22, 22:08:44, 9.43e-13, 9.06e-11
2019-09-22, 22:08:48, 9.94e-13, 9.06e-11
2019-09-22, 22:08:53, 9.39e-13, 9.05e-11
2019-09-22, 22:08:57, 9.74e-13, 9.04e-11
2019-09-22, 22:09:01, 9.53e-13, 9.04e-11
2019-09-22, 22:09:05, 9.62e-13, 9.04e-11
2019-09-22, 22:09:10, 1.14e-12, 9.05e-11
2019-09-22, 22:09:14, 9.64e-13, 9.03e-11
2019-09-22, 22:09:18, 9.72e-13, 9e-11
2019-09-22, 22:09:22, 9.61e-13, 9.01e-11
2019-09-22, 22:09:26, 9.7e-13, 9.06e-11
2019-09-22, 22:09:31, 9.18e-13, 9.05e-11
2019-09-22, 22:09:35, 9.17e-13, 9.04e-11
2019-09-22, 22:09:39, 9.18e-13, 9e-11
2019-09-22, 22:09:43, 9.11e-13, 9.03e-11
2019-09-22, 22:09:48, 1.04e-12, 9.03e-11
2019-09-22, 22:09:52, 9.3e-13, 9.08e-11
2019-09-22, 22:09:56, 9.81e-13, 9.02e-11
2019-09-22, 22:10:00, 9.94e-13, 9.05e-11
2019-09-22, 22:10:04, 9.96e-13, 9.04e-11
2019-09-22, 22:10:09, 9.16e-13, 9.01e-11
2019-09-22, 22:10:13, 9.38e-13, 9.02e-11
2019-09-22, 22:10:17, 9.67e-13, 9.02e-11
2019-09-22, 22:10:21, 9.12e-13, 9.07e-11
2019-09-22, 22:10:25, 8.16e-13, 9.07e-11
2019-09-22, 22:10:30, 8.63e-13, 9.09e-11
2019-09-22, 22:10:34, 9.15e-13, 9.09e-11
2019-09-22, 22:10:38, 9.35e-13, 9.08e-11
2019-09-22, 22:10:42, 1e-12, 9e-11
2019-09-22, 22:10:47, 9.49e-13, 9.02e-11
2019-09-22, 22:10:51, 9.98e-13, 9.04e-11
2019-09-22, 22:10:55, 9.28e-13, 9.07e-11
2019-09-22, 22:10:59, 1e-12, 9.02e-11
2019-09-22, 22:11:03, 9.48e-13, 9.05e-11
2019-09-22, 22:11:08, 9.52e-13, 9.02e-11
2019-09-22, 22:11:12, 9.83e-13, 9.05e-11
2019-09-22, 22:11:16, 9.76e-13, 9.02e-11
2019-09-22, 22:11:20, 1.08e-12, 9.02e-11
2019-09-22, 22:11:25, 1.06e-12, 9.04e-11
2019-09-22, 22:11:29, 8.62e-13, 9.03e-11
2019-09-22, 22:11:33, 9.3e-13, 9.02e-11
2019-09-22, 22:11:37, 9.29e-13, 9.05e-11
2019-09-22, 22:11:41, 9.4e-13, 9.05e-11
2019-09-22, 22:11:46, 9.74e-13, 9.03e-11
2019-09-22, 22:11:50, 9.74e-13, 9.06e-11
2019-09-22, 22:11:54, 9.03e-13, 9.03e-11
2019-09-22, 22:11:58, 1.02e-12, 8.98e-11
2019-09-22, 22:12:03, 9.12e-13, 9.04e-11
2019-09-22, 22:12:07, 9.3e-13, 9.03e-11
2019-09-22, 22:12:11, 9.48e-13, 9.05e-11
2019-09-22, 22:12:15, 8.95e-13, 9.02e-11
2019-09-22, 22:12:19, 1.02e-12, 9.02e-11
2019-09-22, 22:12:24, 9.39e-13, 9.02e-11
2019-09-22, 22:12:28, 9.08e-13, 9.03e-11
2019-09-22, 22:12:32, 9.92e-13, 9.07e-11
2019-09-22, 22:12:36, 1e-12, 9.01e-11
2019-09-22, 22:12:41, 1.01e-12, 9.02e-11
2019-09-22, 22:12:45, 9.16e-13, 9.03e-11
2019-09-22, 22:12:49, 9.47e-13, 9.04e-11
2019-09-22, 22:12:53, 1.08e-12, 9.05e-11
2019-09-22, 22:12:57, 8.93e-13, 9.06e-11
2019-09-22, 22:13:02, 9.88e-13, 9.11e-11
2019-09-22, 22:13:06, 9.88e-13, 9.08e-11
2019-09-22, 22:13:10, 9.96e-13, 9.12e-11
2019-09-22, 22:13:14, 1.13e-12, 9.02e-11
2019-09-22, 22:13:19, 9.72e-13, 9.02e-11
2019-09-22, 22:13:23, 9.27e-13, 9.02e-11
2019-09-22, 22:13:27, 9.54e-13, 9.03e-11
2019-09-22, 22:13:31, 9.04e-13, 9.06e-11
2019-09-22, 22:13:35, 9.6e-13, 9.03e-11
2019-09-22, 22:13:40, 8.13e-13, 9.02e-11
2019-09-22, 22:13:44, 9.67e-13, 9.03e-11
2019-09-22, 22:13:48, 9.63e-13, 9e-11
2019-09-22, 22:13:52, 9.53e-13, 9.03e-11
2019-09-22, 22:13:57, 1.01e-12, 9.04e-11
2019-09-22, 22:14:01, 1.04e-12, 9e-11
2019-09-22, 22:14:05, 9.25e-13, 9.06e-11
2019-09-22, 22:14:09, 9.41e-13, 9e-11
2019-09-22, 22:14:13, 8.04e-13, 9.01e-11
2019-09-22, 22:14:18, 9.72e-13, 8.99e-11
2019-09-22, 22:14:22, 9.26e-13, 9.03e-11
2019-09-22, 22:14:26, 9.79e-13, 9.01e-11
2019-09-22, 22:14:30, 1.03e-12, 9.05e-11
2019-09-22, 22:14:34, 8.98e-13, 9.04e-11
2019-09-22, 22:14:39, 9.43e-13, 9.02e-11
2019-09-22, 22:14:43, 9.82e-13, 9.03e-11
2019-09-22, 22:14:47, 9.86e-13, 9.03e-11
2019-09-22, 22:14:51, 9.81e-13, 9.03e-11
2019-09-22, 22:14:56, 9.83e-13, 9.05e-11
2019-09-22, 22:15:00, 1.01e-12, 9.02e-11
2019-09-22, 22:15:04, 9.98e-13, 9.02e-11
2019-09-22, 22:15:08, 8.2e-13, 9.08e-11
2019-09-22, 22:15:12, 9.75e-13, 9.08e-11
2019-09-22, 22:15:17, 9.71e-13, 9.08e-11
2019-09-22, 22:15:21, 9.33e-13, 9.04e-11
2019-09-22, 22:15:25, 9.51e-13, 9.09e-11
2019-09-22, 22:15:29, 9.45e-13, 9.12e-11
2019-09-22, 22:15:34, 9.8e-13, 9.06e-11
2019-09-22, 22:15:38, 9.78e-13, 9.08e-11
2019-09-22, 22:15:42, 9.23e-13, 9.08e-11
2019-09-22, 22:15:46, 9.99e-13, 9.08e-11
2019-09-22, 22:15:50, 9.41e-13, 9.06e-11
2019-09-22, 22:15:55, 9.51e-13, 9.05e-11
2019-09-22, 22:15:59, 9.67e-13, 9.04e-11
2019-09-22, 22:16:03, 1.06e-12, 9.02e-11
2019-09-22, 22:16:07, 9.64e-13, 9.03e-11
2019-09-22, 22:16:12, 9.85e-13, 9.01e-11
2019-09-22, 22:16:16, 9.5e-13, 9.02e-11
2019-09-22, 22:16:20, 9.38e-13, 9.05e-11
2019-09-22, 22:16:24, 1.06e-12, 9.01e-11
2019-09-22, 22:16:28, 9.74e-13, 9.04e-11
2019-09-22, 22:16:33, 9.65e-13, 9.06e-11
2019-09-22, 22:16:37, 7.95e-13, 9.01e-11
2019-09-22, 22:16:41, 9.67e-13, 9.03e-11
2019-09-22, 22:16:45, 9.06e-13, 9.05e-11
2019-09-22, 22:16:50, 9.71e-13, 9.07e-11
2019-09-22, 22:16:54, 9.97e-13, 9.05e-11
2019-09-22, 22:16:58, 9.75e-13, 9.05e-11
2019-09-22, 22:17:02, 9.42e-13, 9.03e-11
2019-09-22, 22:17:06, 9.23e-13, 9.04e-11
2019-09-22, 22:17:11, 9.36e-13, 9.04e-11
2019-09-22, 22:17:15, 8.87e-13, 9.02e-11
2019-09-22, 22:17:19, 9.81e-13, 9.02e-11
2019-09-22, 22:17:23, 1.06e-12, 9.04e-11
2019-09-22, 22:17:28, 9.68e-13, 9.01e-11
2019-09-22, 22:17:32, 9.54e-13, 9.02e-11
2019-09-22, 22:17:36, 9.71e-13, 9.04e-11
2019-09-22, 22:17:40, 9.79e-13, 9.07e-11
2019-09-22, 22:17:44, 9.39e-13, 9.03e-11
2019-09-22, 22:17:49, 9.81e-13, 9.06e-11
2019-09-22, 22:17:53, 1.01e-12, 9.02e-11
2019-09-22, 22:17:57, 1.01e-12, 9.02e-11
2019-09-22, 22:18:01, 9.33e-13, 9.02e-11
2019-09-22, 22:18:06, 9.35e-13, 9.02e-11
2019-09-22, 22:18:10, 9.95e-13, 9.01e-11
2019-09-22, 22:18:14, 9.7e-13, 9.02e-11
2019-09-22, 22:18:18, 9.21e-13, 9.02e-11
2019-09-22, 22:18:22, 9.43e-13, 9.01e-11
2019-09-22, 22:18:27, 9.24e-13, 9.06e-11
2019-09-22, 22:18:31, 9.21e-13, 9.07e-11
2019-09-22, 22:18:35, 9.85e-13, 9.02e-11
2019-09-22, 22:18:39, 9.28e-13, 9.04e-11
2019-09-22, 22:18:43, 9.73e-13, 9.06e-11
2019-09-22, 22:18:48, 9.98e-13, 9.01e-11
2019-09-22, 22:18:52, 9.72e-13, 9.06e-11
2019-09-22, 22:18:56, 9.82e-13, 9.06e-11
2019-09-22, 22:19:00, 9.43e-13, 9.02e-11
2019-09-22, 22:19:05, 1.03e-12, 9.03e-11
2019-09-22, 22:19:09, 9.86e-13, 9.03e-11
2019-09-22, 22:19:13, 9.76e-13, 9.03e-11
2019-09-22, 22:19:17, 8.89e-13, 9.03e-11
2019-09-22, 22:19:21, 9.91e-13, 9.05e-11
2019-09-22, 22:19:26, 9.53e-13, 9.03e-11
2019-09-22, 22:19:30, 9.81e-13, 8.99e-11
2019-09-22, 22:19:34, 9.8e-13, 9.04e-11
2019-09-22, 22:19:38, 9.29e-13, 9.06e-11
2019-09-22, 22:19:43, 1.05e-12, 9.03e-11
2019-09-22, 22:19:47, 1.02e-12, 9.04e-11
2019-09-22, 22:19:51, 9.87e-13, 9.02e-11
2019-09-22, 22:19:55, 9.55e-13, 9.04e-11
2019-09-22, 22:19:59, 9.63e-13, 9.03e-11
2019-09-22, 22:20:04, 1.01e-12, 9.06e-11
2019-09-22, 22:20:08, 9.39e-13, 9.02e-11
2019-09-22, 22:20:12, 9.2e-13, 9.04e-11
2019-09-22, 22:20:16, 9.34e-13, 9.08e-11
2019-09-22, 22:20:21, 9.63e-13, 9.04e-11
2019-09-22, 22:20:25, 1.02e-12, 9.04e-11
2019-09-22, 22:20:29, 9.27e-13, 9.09e-11
2019-09-22, 22:20:33, 9.65e-13, 9.08e-11
2019-09-22, 22:20:37, 9.39e-13, 9.05e-11
2019-09-22, 22:20:42, 9.41e-13, 9.05e-11
2019-09-22, 22:20:46, 9.64e-13, 9e-11
2019-09-22, 22:20:50, 8.14e-13, 9.02e-11
2019-09-22, 22:20:54, 9.44e-13, 9.04e-11
2019-09-22, 22:20:59, 9.34e-13, 9.05e-11
2019-09-22, 22:21:03, 9.19e-13, 9.07e-11
2019-09-22, 22:21:07, 9.91e-13, 9.07e-11
2019-09-22, 22:21:11, 8.81e-13, 9.08e-11
2019-09-22, 22:21:15, 9.68e-13, 9.06e-11
2019-09-22, 22:21:20, 9.95e-13, 9.03e-11
2019-09-22, 22:21:24, 9.33e-13, 9.06e-11
2019-09-22, 22:21:28, 9.32e-13, 9.02e-11
2019-09-22, 22:21:32, 9.75e-13, 9.05e-11
2019-09-22, 22:21:37, 9.61e-13, 9.03e-11
2019-09-22, 22:21:41, 9.61e-13, 9.05e-11
2019-09-22, 22:21:45, 1.04e-12, 9e-11
2019-09-22, 22:21:49, 9.53e-13, 9.05e-11
2019-09-22, 22:21:53, 9.9e-13, 9.07e-11
2019-09-22, 22:21:58, 1.14e-12, 9.06e-11
2019-09-22, 22:22:02, 9.04e-13, 9.05e-11
2019-09-22, 22:22:06, 1.02e-12, 9.05e-11
2019-09-22, 22:22:10, 1.03e-12, 9.01e-11
2019-09-22, 22:22:15, 9.56e-13, 9.04e-11
2019-09-22, 22:22:19, 9.81e-13, 9.04e-11
2019-09-22, 22:22:23, 8.96e-13, 9.07e-11
2019-09-22, 22:22:27, 9.92e-13, 9.01e-11
2019-09-22, 22:22:31, 9.26e-13, 9.04e-11
2019-09-22, 22:22:36, 9.33e-13, 9.07e-11
2019-09-22, 22:22:40, 9.85e-13, 9e-11
2019-09-22, 22:22:44, 9.6e-13, 9.03e-11
2019-09-22, 22:22:48, 1.04e-12, 9.02e-11
2019-09-22, 22:22:53, 9.64e-13, 9.04e-11
2019-09-22, 22:22:57, 9.7e-13, 9.04e-11
2019-09-22, 22:23:01, 1.01e-12, 9.04e-11
2019-09-22, 22:23:05, 1.11e-12, 9.07e-11
2019-09-22, 22:23:09, 9.43e-13, 9.07e-11
2019-09-22, 22:23:14, 9.63e-13, 9.05e-11
2019-09-22, 22:23:18, 9.58e-13, 9.07e-11
2019-09-22, 22:23:22, 9.43e-13, 9.06e-11
2019-09-22, 22:23:26, 9.7e-13, 9.05e-11
2019-09-22, 22:23:30, 9.67e-13, 9.07e-11
2019-09-22, 22:23:35, 1.02e-12, 9.06e-11
2019-09-22, 22:23:39, 8.71e-13, 9.05e-11
2019-09-22, 22:23:43, 9.91e-13, 9.04e-11
2019-09-22, 22:23:47, 1.05e-12, 9.1e-11
2019-09-22, 22:23:52, 9.34e-13, 9.05e-11
2019-09-22, 22:23:56, 9.53e-13, 9.04e-11
2019-09-22, 22:24:00, 1.04e-12, 9.05e-11
2019-09-22, 22:24:04, 9.45e-13, 9.03e-11
2019-09-22, 22:24:08, 9.75e-13, 9.06e-11
2019-09-22, 22:24:13, 8.8e-13, 9.06e-11
2019-09-22, 22:24:17, 9.12e-13, 9.02e-11
2019-09-22, 22:24:21, 9.82e-13, 9.08e-11
2019-09-22, 22:24:25, 9.86e-13, 9.08e-11
2019-09-22, 22:24:30, 9.82e-13, 9.08e-11
2019-09-22, 22:24:34, 1.02e-12, 9.12e-11
2019-09-22, 22:24:38, 9.31e-13, 9.12e-11
2019-09-22, 22:24:42, 1.02e-12, 9.07e-11
2019-09-22, 22:24:46, 9.75e-13, 9.1e-11
2019-09-22, 22:24:51, 1.01e-12, 9.09e-11
2019-09-22, 22:24:55, 9.57e-13, 9.1e-11
2019-09-22, 22:24:59, 9.65e-13, 9.07e-11
2019-09-22, 22:25:03, 8.27e-13, 9.1e-11
2019-09-22, 22:25:08, 9.16e-13, 9.08e-11
2019-09-22, 22:25:12, 9.92e-13, 9.11e-11
2019-09-22, 22:25:16, 9.54e-13, 9.1e-11
2019-09-22, 22:25:20, 9.93e-13, 9.07e-11
2019-09-22, 22:25:24, 9.48e-13, 9.1e-11
2019-09-22, 22:25:29, 9.17e-13, 9.14e-11
2019-09-22, 22:25:33, 9.38e-13, 9.09e-11
2019-09-22, 22:25:37, 9.39e-13, 9.09e-11
2019-09-22, 22:25:41, 9.91e-13, 9.1e-11
2019-09-22, 22:25:46, 9.96e-13, 9.11e-11
2019-09-22, 22:25:50, 9.41e-13, 9.11e-11
2019-09-22, 22:25:54, 9.45e-13, 9.09e-11
2019-09-22, 22:25:58, 1.01e-12, 9.08e-11
2019-09-22, 22:26:02, 9.72e-13, 9.11e-11
2019-09-22, 22:26:07, 1.01e-12, 9.08e-11
2019-09-22, 22:26:11, 9.53e-13, 9.07e-11
2019-09-22, 22:26:15, 9.49e-13, 9.1e-11
2019-09-22, 22:26:19, 1.06e-12, 9.1e-11
2019-09-22, 22:26:24, 9.35e-13, 9.08e-11
2019-09-22, 22:26:28, 1e-12, 9.11e-11
2019-09-22, 22:26:32, 9.28e-13, 9.09e-11
2019-09-22, 22:26:36, 9.75e-13, 9.11e-11
2019-09-22, 22:26:40, 8.99e-13, 9.07e-11
2019-09-22, 22:26:45, 9.36e-13, 9.1e-11
2019-09-22, 22:26:49, 9.61e-13, 9.11e-11
2019-09-22, 22:26:53, 9.28e-13, 9.14e-11
2019-09-22, 22:26:57, 9.58e-13, 9.11e-11
2019-09-22, 22:27:02, 9.88e-13, 9.08e-11
2019-09-22, 22:27:06, 9.65e-13, 9.06e-11
2019-09-22, 22:27:10, 9.41e-13, 9.04e-11
2019-09-22, 22:27:14, 9.6e-13, 9.04e-11
2019-09-22, 22:27:18, 9.21e-13, 9.06e-11
2019-09-22, 22:27:23, 1e-12, 9.04e-11
2019-09-22, 22:27:27, 9.12e-13, 9.03e-11
2019-09-22, 22:27:31, 9.53e-13, 9.04e-11
2019-09-22, 22:27:35, 9.94e-13, 9.07e-11
2019-09-22, 22:27:40, 8.72e-13, 9.07e-11
2019-09-22, 22:27:44, 1.08e-12, 9.05e-11
2019-09-22, 22:27:48, 9.75e-13, 9.03e-11
2019-09-22, 22:27:52, 9.88e-13, 9.07e-11
2019-09-22, 22:27:56, 9.84e-13, 9e-11
2019-09-22, 22:28:01, 1.01e-12, 9.02e-11
2019-09-22, 22:28:05, 9.74e-13, 9.04e-11
2019-09-22, 22:28:09, 9.29e-13, 9.09e-11
2019-09-22, 22:28:13, 1.01e-12, 9.03e-11
2019-09-22, 22:28:18, 9.24e-13, 9e-11
2019-09-22, 22:28:22, 9.56e-13, 9.09e-11
2019-09-22, 22:28:26, 1e-12, 9.04e-11
2019-09-22, 22:28:30, 9.23e-13, 9.07e-11
2019-09-22, 22:28:34, 9.9e-13, 9.02e-11
2019-09-22, 22:28:39, 9.94e-13, 9.05e-11
2019-09-22, 22:28:43, 9.86e-13, 9.02e-11
2019-09-22, 22:28:47, 8.98e-13, 9.04e-11
2019-09-22, 22:28:51, 9.78e-13, 9.01e-11
2019-09-22, 22:28:56, 1.07e-12, 9.05e-11
2019-09-22, 22:29:00, 9.96e-13, 9e-11
2019-09-22, 22:29:04, 9.2e-13, 9.04e-11
2019-09-22, 22:29:08, 9.57e-13, 9.04e-11
2019-09-22, 22:29:12, 9.77e-13, 9.06e-11
2019-09-22, 22:29:17, 9.01e-13, 9.06e-11
2019-09-22, 22:29:21, 9.05e-13, 9.02e-11
2019-09-22, 22:29:25, 9.1e-13, 9.06e-11
2019-09-22, 22:29:29, 9.25e-13, 9.05e-11
2019-09-22, 22:29:33, 9.87e-13, 9.02e-11
2019-09-22, 22:29:38, 9.54e-13, 9e-11
2019-09-22, 22:29:42, 9.55e-13, 9.02e-11
2019-09-22, 22:29:46, 9.11e-13, 9e-11
2019-09-22, 22:29:50, 9.24e-13, 9.05e-11
2019-09-22, 22:29:55, 9.88e-13, 9.02e-11
2019-09-22, 22:29:59, 9.53e-13, 9.07e-11
2019-09-22, 22:30:03, 9.38e-13, 9.04e-11
2019-09-22, 22:30:07, 1.1e-12, 9.05e-11
2019-09-22, 22:30:11, 9.8e-13, 9.04e-11
2019-09-22, 22:30:16, 9.99e-13, 9.05e-11
2019-09-22, 22:30:20, 9.09e-13, 9.04e-11
2019-09-22, 22:30:24, 9.98e-13, 9.06e-11
2019-09-22, 22:30:28, 1.06e-12, 9.03e-11
2019-09-22, 22:30:33, 8.99e-13, 9.05e-11
2019-09-22, 22:30:37, 9.8e-13, 9.02e-11
2019-09-22, 22:30:41, 9.81e-13, 9.05e-11
2019-09-22, 22:30:45, 9.8e-13, 9.02e-11
2019-09-22, 22:30:50, 9.41e-13, 9.03e-11
2019-09-22, 22:30:54, 9.67e-13, 9.01e-11
2019-09-22, 22:30:58, 9.45e-13, 8.98e-11
2019-09-22, 22:31:02, 9.68e-13, 9.03e-11
2019-09-22, 22:31:06, 9.74e-13, 9.11e-11
2019-09-22, 22:31:11, 1.1e-12, 9.01e-11
2019-09-22, 22:31:15, 9.65e-13, 9.04e-11
2019-09-22, 22:31:19, 9.35e-13, 9.06e-11
2019-09-22, 22:31:23, 9.4e-13, 9.07e-11
2019-09-22, 22:31:28, 9.32e-13, 9.08e-11
2019-09-22, 22:31:32, 9.79e-13, 9.07e-11
2019-09-22, 22:31:36, 9.5e-13, 9.04e-11
2019-09-22, 22:31:40, 9.71e-13, 9.07e-11
2019-09-22, 22:31:44, 9.74e-13, 9.04e-11
2019-09-22, 22:31:49, 9.37e-13, 9.05e-11
2019-09-22, 22:31:53, 9.86e-13, 9.07e-11
2019-09-22, 22:31:57, 9.69e-13, 9.07e-11
2019-09-22, 22:32:01, 1.01e-12, 9.01e-11
2019-09-22, 22:32:06, 1.09e-12, 9.05e-11
2019-09-22, 22:32:10, 9.27e-13, 9.03e-11
2019-09-22, 22:32:14, 9.73e-13, 9.03e-11
2019-09-22, 22:32:18, 9.51e-13, 9.04e-11
2019-09-22, 22:32:22, 9.47e-13, 9.08e-11
2019-09-22, 22:32:27, 9.13e-13, 9.04e-11
2019-09-22, 22:32:31, 9.4e-13, 9.02e-11
2019-09-22, 22:32:35, 1.04e-12, 9.07e-11
2019-09-22, 22:32:39, 9.25e-13, 9.04e-11
2019-09-22, 22:32:43, 9.44e-13, 9.1e-11
2019-09-22, 22:32:48, 1.04e-12, 9.08e-11
2019-09-22, 22:32:52, 9.55e-13, 9.02e-11
2019-09-22, 22:32:56, 1.07e-12, 9.04e-11
2019-09-22, 22:33:00, 1.03e-12, 9.07e-11
2019-09-22, 22:33:05, 9.79e-13, 9.02e-11
2019-09-22, 22:33:09, 9.27e-13, 9.06e-11
2019-09-22, 22:33:13, 9.59e-13, 9.01e-11
2019-09-22, 22:33:17, 9.69e-13, 9.04e-11
2019-09-22, 22:33:21, 9.91e-13, 9.05e-11
2019-09-22, 22:33:26, 9.69e-13, 9e-11
2019-09-22, 22:33:30, 1.01e-12, 9.02e-11
2019-09-22, 22:33:34, 1.02e-12, 9.04e-11
2019-09-22, 22:33:38, 9.5e-13, 9.04e-11
2019-09-22, 22:33:43, 9.69e-13, 9.02e-11
2019-09-22, 22:33:47, 9.57e-13, 9.03e-11
2019-09-22, 22:33:51, 9.72e-13, 9.01e-11
2019-09-22, 22:33:55, 9.25e-13, 9.04e-11
2019-09-22, 22:33:59, 9.88e-13, 9.04e-11
2019-09-22, 22:34:04, 1.02e-12, 9.02e-11
2019-09-22, 22:34:08, 1.09e-12, 9.01e-11
2019-09-22, 22:34:12, 9.42e-13, 9.05e-11
2019-09-22, 22:34:16, 9.33e-13, 9.08e-11
2019-09-22, 22:34:21, 9.34e-13, 9.01e-11
2019-09-22, 22:34:25, 9.32e-13, 9.09e-11
2019-09-22, 22:34:29, 1.01e-12, 9.06e-11
2019-09-22, 22:34:33, 1.01e-12, 9.03e-11
2019-09-22, 22:34:37, 9.66e-13, 9.06e-11
2019-09-22, 22:34:42, 9.61e-13, 9.03e-11
2019-09-22, 22:34:46, 9.34e-13, 9.01e-11
2019-09-22, 22:34:50, 9.61e-13, 9.09e-11
2019-09-22, 22:34:54, 9.45e-13, 9.03e-11
2019-09-22, 22:34:59, 1.15e-12, 9.07e-11
2019-09-22, 22:35:03, 1.03e-12, 9.06e-11
2019-09-22, 22:35:07, 9.13e-13, 9e-11
2019-09-22, 22:35:11, 9.93e-13, 9.04e-11
2019-09-22, 22:35:15, 9.42e-13, 9.02e-11
2019-09-22, 22:35:20, 9.69e-13, 9.02e-11
2019-09-22, 22:35:24, 1.03e-12, 9.07e-11
2019-09-22, 22:35:28, 1.02e-12, 9.04e-11
2019-09-22, 22:35:32, 9.61e-13, 9e-11
2019-09-22, 22:35:37, 9.35e-13, 9.02e-11
2019-09-22, 22:35:41, 9.77e-13, 9.02e-11
2019-09-22, 22:35:45, 9.5e-13, 9.03e-11
2019-09-22, 22:35:49, 9.63e-13, 9.07e-11
2019-09-22, 22:35:53, 9.89e-13, 9.01e-11
2019-09-22, 22:35:58, 9.75e-13, 9.04e-11
2019-09-22, 22:36:02, 9.15e-13, 9.08e-11
2019-09-22, 22:36:06, 9.78e-13, 9.1e-11
2019-09-22, 22:36:10, 9.23e-13, 9.06e-11
2019-09-22, 22:36:14, 1.06e-12, 9.04e-11
2019-09-22, 22:36:19, 9.89e-13, 9.06e-11
2019-09-22, 22:36:23, 9.63e-13, 9.07e-11
2019-09-22, 22:36:27, 9e-13, 9.06e-11
2019-09-22, 22:36:31, 1.13e-12, 9.08e-11
2019-09-22, 22:36:36, 9.9e-13, 9.04e-11
2019-09-22, 22:36:40, 9.57e-13, 9.09e-11
2019-09-22, 22:36:44, 1.05e-12, 9.02e-11
2019-09-22, 22:36:48, 9.74e-13, 9.05e-11
2019-09-22, 22:36:52, 1.02e-12, 9.05e-11
2019-09-22, 22:36:57, 1.01e-12, 9.01e-11
2019-09-22, 22:37:01, 8.45e-13, 9.01e-11
2019-09-22, 22:37:05, 1.01e-12, 9.05e-11
2019-09-22, 22:37:09, 9.97e-13, 9.03e-11
2019-09-22, 22:37:14, 9.12e-13, 9.04e-11
2019-09-22, 22:37:18, 9.67e-13, 9.02e-11
2019-09-22, 22:37:22, 9.95e-13, 9.05e-11
2019-09-22, 22:37:26, 9.69e-13, 9.03e-11
2019-09-22, 22:37:30, 1.05e-12, 9.03e-11
2019-09-22, 22:37:35, 9.57e-13, 9.04e-11
2019-09-22, 22:37:39, 9.51e-13, 9.04e-11
2019-09-22, 22:37:43, 9.46e-13, 9.07e-11
2019-09-22, 22:37:47, 9.34e-13, 9.05e-11
2019-09-22, 22:37:52, 1.12e-12, 9.04e-11
2019-09-22, 22:37:56, 9.54e-13, 9.02e-11
2019-09-22, 22:38:00, 9.54e-13, 9.1e-11
2019-09-22, 22:38:04, 9.52e-13, 9.01e-11
2019-09-22, 22:38:08, 9.61e-13, 9.03e-11
2019-09-22, 22:38:13, 9.65e-13, 9.04e-11
2019-09-22, 22:38:17, 9.49e-13, 9.04e-11
2019-09-22, 22:38:21, 9.14e-13, 9.07e-11
2019-09-22, 22:38:25, 1.06e-12, 9.06e-11
2019-09-22, 22:38:30, 1.06e-12, 9.09e-11
2019-09-22, 22:38:34, 8.84e-13, 9e-11
2019-09-22, 22:38:38, 9.17e-13, 9.06e-11
2019-09-22, 22:38:42, 1.02e-12, 9.06e-11
2019-09-22, 22:38:46, 8.83e-13, 9.03e-11
2019-09-22, 22:38:51, 9.42e-13, 9.05e-11
2019-09-22, 22:38:55, 9.05e-13, 9.04e-11
2019-09-22, 22:38:59, 1.01e-12, 9.02e-11
2019-09-22, 22:39:03, 9.96e-13, 9.03e-11
2019-09-22, 22:39:08, 1.02e-12, 9.04e-11
2019-09-22, 22:39:12, 9.37e-13, 9.02e-11
2019-09-22, 22:39:16, 9.87e-13, 9.03e-11
2019-09-22, 22:39:20, 9.56e-13, 9.04e-11
2019-09-22, 22:39:24, 8.35e-13, 9.05e-11
2019-09-22, 22:39:29, 8.99e-13, 9.06e-11
2019-09-22, 22:39:33, 1.03e-12, 9.03e-11
2019-09-22, 22:39:37, 9.67e-13, 9.06e-11
2019-09-22, 22:39:41, 9.44e-13, 9.05e-11
2019-09-22, 22:39:46, 9.57e-13, 9.01e-11
2019-09-22, 22:39:50, 9.51e-13, 9.04e-11
2019-09-22, 22:39:54, 9.54e-13, 9.1e-11
2019-09-22, 22:39:58, 9.86e-13, 9.05e-11
2019-09-22, 22:40:02, 9.19e-13, 9.03e-11
2019-09-22, 22:40:07, 9.97e-13, 9.08e-11
2019-09-22, 22:40:11, 9.33e-13, 9.02e-11
2019-09-22, 22:40:15, 9.59e-13, 9.05e-11
2019-09-22, 22:40:19, 9.78e-13, 9.04e-11
2019-09-22, 22:40:23, 1.04e-12, 9.03e-11
2019-09-22, 22:40:28, 9.95e-13, 9.04e-11
2019-09-22, 22:40:32, 9.86e-13, 9e-11
2019-09-22, 22:40:36, 9.91e-13, 9.08e-11
2019-09-22, 22:40:40, 1.03e-12, 9.04e-11
2019-09-22, 22:40:45, 9.31e-13, 9.1e-11
2019-09-22, 22:40:49, 9.64e-13, 9.08e-11
2019-09-22, 22:40:53, 9.7e-13, 9.05e-11
2019-09-22, 22:40:57, 9.54e-13, 9.09e-11
2019-09-22, 22:41:01, 9.67e-13, 9.04e-11
2019-09-22, 22:41:06, 8.48e-13, 9.05e-11
2019-09-22, 22:41:10, 9.44e-13, 9.03e-11
2019-09-22, 22:41:14, 1.05e-12, 9.05e-11
2019-09-22, 22:41:18, 9.57e-13, 9.05e-11
2019-09-22, 22:41:23, 1.01e-12, 9.05e-11
2019-09-22, 22:41:27, 9.22e-13, 9.06e-11
2019-09-22, 22:41:31, 9.29e-13, 9.06e-11
2019-09-22, 22:41:35, 9.03e-13, 9.07e-11
2019-09-22, 22:41:39, 9.25e-13, 9.05e-11
2019-09-22, 22:41:44, 8.99e-13, 9.07e-11
2019-09-22, 22:41:48, 1e-12, 9.04e-11
2019-09-22, 22:41:52, 1.01e-12, 9.06e-11
2019-09-22, 22:41:56, 9.32e-13, 9.08e-11
2019-09-22, 22:42:01, 9.06e-13, 9.07e-11
2019-09-22, 22:42:05, 9.76e-13, 9.07e-11
2019-09-22, 22:42:09, 9.65e-13, 9.05e-11
2019-09-22, 22:42:13, 1.01e-12, 9.05e-11
2019-09-22, 22:42:17, 9.77e-13, 9.05e-11
2019-09-22, 22:42:22, 9.48e-13, 9.08e-11
2019-09-22, 22:42:26, 9.52e-13, 9.04e-11
2019-09-22, 22:42:30, 9.53e-13, 9.05e-11
2019-09-22, 22:42:34, 1.09e-12, 9.04e-11
2019-09-22, 22:42:39, 9.96e-13, 9.06e-11
2019-09-22, 22:42:43, 9.28e-13, 9.05e-11
2019-09-22, 22:42:47, 9.7e-13, 9.08e-11
2019-09-22, 22:42:51, 9.81e-13, 9.07e-11
2019-09-22, 22:42:55, 9.54e-13, 9.07e-11
2019-09-22, 22:43:00, 9.82e-13, 9.05e-11
2019-09-22, 22:43:04, 9.53e-13, 9.05e-11
2019-09-22, 22:43:08, 9.54e-13, 9.06e-11
2019-09-22, 22:43:12, 9.04e-13, 9.08e-11
2019-09-22, 22:43:17, 9.28e-13, 9.05e-11
2019-09-22, 22:43:21, 9.94e-13, 9.1e-11
2019-09-22, 22:43:25, 9.37e-13, 9.04e-11
2019-09-22, 22:43:29, 9.76e-13, 9.02e-11
2019-09-22, 22:43:33, 9.24e-13, 9.09e-11
2019-09-22, 22:43:38, 8.49e-13, 9.08e-11
2019-09-22, 22:43:42, 1.06e-12, 9.02e-11
2019-09-22, 22:43:46, 9.15e-13, 9.07e-11
2019-09-22, 22:43:50, 9.27e-13, 9.04e-11
2019-09-22, 22:43:55, 9.5e-13, 9.06e-11
2019-09-22, 22:43:59, 9.61e-13, 9.03e-11
2019-09-22, 22:44:03, 9.29e-13, 9.06e-11
2019-09-22, 22:44:07, 1.03e-12, 9.03e-11
2019-09-22, 22:44:11, 9.44e-13, 9.06e-11
2019-09-22, 22:44:16, 9.85e-13, 9.08e-11
2019-09-22, 22:44:20, 9.36e-13, 9.08e-11
2019-09-22, 22:44:24, 9.52e-13, 9.07e-11
2019-09-22, 22:44:28, 9.43e-13, 9.08e-11
2019-09-22, 22:44:33, 9.21e-13, 9.05e-11
2019-09-22, 22:44:37, 1.02e-12, 9.08e-11
2019-09-22, 22:44:41, 9.68e-13, 9.08e-11
2019-09-22, 22:44:45, 9.62e-13, 9.05e-11
2019-09-22, 22:44:49, 9.6e-13, 9.08e-11
2019-09-22, 22:44:54, 1.06e-12, 9.09e-11
2019-09-22, 22:44:58, 1e-12, 9.06e-11
2019-09-22, 22:45:02, 9.33e-13, 9.06e-11
2019-09-22, 22:45:06, 9.41e-13, 9.08e-11
2019-09-22, 22:45:10, 9.8e-13, 9.06e-11
2019-09-22, 22:45:15, 9.06e-13, 9.04e-11
2019-09-22, 22:45:19, 9.06e-13, 9.08e-11
2019-09-22, 22:45:23, 1.07e-12, 9.07e-11
2019-09-22, 22:45:27, 9.82e-13, 9.05e-11
2019-09-22, 22:45:32, 9.15e-13, 9.02e-11
2019-09-22, 22:45:36, 9.59e-13, 9.04e-11
2019-09-22, 22:45:40, 9.63e-13, 9.1e-11
2019-09-22, 22:45:44, 9.59e-13, 9.02e-11
2019-09-22, 22:45:48, 1.03e-12, 9.06e-11
2019-09-22, 22:45:53, 9.83e-13, 9.09e-11
2019-09-22, 22:45:57, 9.28e-13, 9.07e-11
2019-09-22, 22:46:01, 9.24e-13, 9.09e-11
2019-09-22, 22:46:05, 9.76e-13, 9.04e-11
2019-09-22, 22:46:10, 9.34e-13, 9.07e-11
2019-09-22, 22:46:14, 1e-12, 9.07e-11
2019-09-22, 22:46:18, 9.95e-13, 9.04e-11
2019-09-22, 22:46:22, 1.11e-12, 9.02e-11
2019-09-22, 22:46:26, 8.84e-13, 9.1e-11
2019-09-22, 22:46:31, 9.25e-13, 9.07e-11
2019-09-22, 22:46:35, 9.69e-13, 9.11e-11
2019-09-22, 22:46:39, 9.78e-13, 9.04e-11
2019-09-22, 22:46:43, 9.53e-13, 9.08e-11
2019-09-22, 22:46:48, 9.87e-13, 9.07e-11
2019-09-22, 22:46:52, 9.56e-13, 9.05e-11
2019-09-22, 22:46:56, 9.68e-13, 9.09e-11
2019-09-22, 22:47:00, 9.46e-13, 9.05e-11
2019-09-22, 22:47:04, 8.48e-13, 9.06e-11
2019-09-22, 22:47:09, 9.9e-13, 9.08e-11
2019-09-22, 22:47:13, 8.88e-13, 9.1e-11
2019-09-22, 22:47:17, 9.46e-13, 9.1e-11
2019-09-22, 22:47:21, 9.72e-13, 9.08e-11
2019-09-22, 22:47:26, 9.75e-13, 9.07e-11
2019-09-22, 22:47:30, 9.93e-13, 9.11e-11
2019-09-22, 22:47:34, 9.46e-13, 9.08e-11
2019-09-22, 22:47:38, 9.11e-13, 9.03e-11
2019-09-22, 22:47:42, 9.86e-13, 9.04e-11
2019-09-22, 22:47:47, 9.98e-13, 9.07e-11
2019-09-22, 22:47:51, 1.05e-12, 9.06e-11
2019-09-22, 22:47:55, 9.32e-13, 9.06e-11
2019-09-22, 22:47:59, 8.98e-13, 9.06e-11
2019-09-22, 22:48:04, 9.23e-13, 9.07e-11
2019-09-22, 22:48:08, 8.95e-13, 9.06e-11
2019-09-22, 22:48:12, 9.12e-13, 9.12e-11
2019-09-22, 22:48:16, 9.18e-13, 9.07e-11
2019-09-22, 22:48:20, 9.72e-13, 9.07e-11
2019-09-22, 22:48:25, 9.78e-13, 9.08e-11
2019-09-22, 22:48:29, 9.53e-13, 9.05e-11
2019-09-22, 22:48:33, 9.35e-13, 9.08e-11
2019-09-22, 22:48:37, 9.96e-13, 9.05e-11
2019-09-22, 22:48:42, 9.45e-13, 9.06e-11
2019-09-22, 22:48:46, 9.45e-13, 9.07e-11
2019-09-22, 22:48:50, 7.98e-13, 9.05e-11
2019-09-22, 22:48:54, 9.13e-13, 9.03e-11
2019-09-22, 22:48:58, 9.27e-13, 9.04e-11
2019-09-22, 22:49:03, 8.5e-13, 9.08e-11
2019-09-22, 22:49:07, 9.42e-13, 9.06e-11
2019-09-22, 22:49:11, 8.84e-13, 9.04e-11
2019-09-22, 22:49:15, 9.36e-13, 9.05e-11
2019-09-22, 22:49:20, 9.85e-13, 9.07e-11
2019-09-22, 22:49:24, 9.61e-13, 9.04e-11
2019-09-22, 22:49:28, 9.36e-13, 9.1e-11
2019-09-22, 22:49:32, 9.81e-13, 9.04e-11
2019-09-22, 22:49:36, 9.3e-13, 9.07e-11
2019-09-22, 22:49:41, 1.02e-12, 9.11e-11
2019-09-22, 22:49:45, 1.03e-12, 9.09e-11
2019-09-22, 22:49:49, 9.53e-13, 9.02e-11
2019-09-22, 22:49:53, 1.02e-12, 9.06e-11
2019-09-22, 22:49:58, 9.63e-13, 9.08e-11
2019-09-22, 22:50:02, 9.42e-13, 9.04e-11
2019-09-22, 22:50:06, 8.81e-13, 9.05e-11
2019-09-22, 22:50:10, 9.11e-13, 9.03e-11
2019-09-22, 22:50:14, 9.88e-13, 9.04e-11
2019-09-22, 22:50:19, 9.48e-13, 9.05e-11
2019-09-22, 22:50:23, 9.32e-13, 9.04e-11
2019-09-22, 22:50:27, 1.02e-12, 9.06e-11
2019-09-22, 22:50:31, 1.02e-12, 9.09e-11
2019-09-22, 22:50:36, 9.94e-13, 9.04e-11
2019-09-22, 22:50:40, 9.55e-13, 9.01e-11
2019-09-22, 22:50:44, 9.97e-13, 9.03e-11
2019-09-22, 22:50:48, 9.86e-13, 9.03e-11
2019-09-22, 22:50:52, 9.72e-13, 9.07e-11
2019-09-22, 22:50:57, 9.53e-13, 9e-11
2019-09-22, 22:51:01, 9.27e-13, 9.06e-11
2019-09-22, 22:51:05, 9.53e-13, 9.06e-11
2019-09-22, 22:51:09, 9.38e-13, 9.09e-11
2019-09-22, 22:51:13, 1.04e-12, 9.07e-11
2019-09-22, 22:51:18, 9.56e-13, 9.04e-11
2019-09-22, 22:51:22, 1.02e-12, 9.06e-11
2019-09-22, 22:51:26, 8.81e-13, 9.08e-11
2019-09-22, 22:51:30, 9.84e-13, 9.06e-11
2019-09-22, 22:51:35, 9.88e-13, 9.05e-11
2019-09-22, 22:51:39, 9.82e-13, 9.09e-11
2019-09-22, 22:51:43, 9.52e-13, 9.02e-11
2019-09-22, 22:51:47, 1e-12, 9.08e-11
2019-09-22, 22:51:51, 8.97e-13, 9.02e-11
2019-09-22, 22:51:56, 1.01e-12, 9.07e-11
2019-09-22, 22:52:00, 1.01e-12, 9.01e-11
2019-09-22, 22:52:04, 1.02e-12, 9.05e-11
2019-09-22, 22:52:08, 9.8e-13, 9.05e-11
2019-09-22, 22:52:13, 9.66e-13, 9.06e-11
2019-09-22, 22:52:17, 9.89e-13, 9.09e-11
2019-09-22, 22:52:21, 9.41e-13, 9.08e-11
2019-09-22, 22:52:25, 9.5e-13, 9.06e-11
2019-09-22, 22:52:29, 9.71e-13, 9.05e-11
2019-09-22, 22:52:34, 9.32e-13, 9.08e-11
2019-09-22, 22:52:38, 1.01e-12, 9.07e-11
2019-09-22, 22:52:42, 9.63e-13, 9.05e-11
2019-09-22, 22:52:46, 1.02e-12, 9.08e-11
2019-09-22, 22:52:51, 9.54e-13, 9.08e-11
2019-09-22, 22:52:55, 9.99e-13, 9.06e-11
2019-09-22, 22:52:59, 9.49e-13, 9.08e-11
2019-09-22, 22:53:03, 9.23e-13, 9.05e-11
2019-09-22, 22:53:07, 1.03e-12, 9.09e-11
2019-09-22, 22:53:12, 1.02e-12, 9.05e-11
2019-09-22, 22:53:16, 9.27e-13, 9.06e-11
2019-09-22, 22:53:20, 9.02e-13, 9.05e-11
2019-09-22, 22:53:24, 1.01e-12, 9.06e-11
2019-09-22, 22:53:29, 9.53e-13, 9.06e-11
2019-09-22, 22:53:33, 9.15e-13, 9.04e-11
2019-09-22, 22:53:37, 9.38e-13, 9.06e-11
2019-09-22, 22:53:41, 9.41e-13, 9.05e-11
2019-09-22, 22:53:45, 8.94e-13, 9.08e-11
2019-09-22, 22:53:50, 9.04e-13, 9.08e-11
2019-09-22, 22:53:54, 9.47e-13, 9.05e-11
2019-09-22, 22:53:58, 9.63e-13, 9.04e-11
2019-09-22, 22:54:02, 9.5e-13, 9.03e-11
2019-09-22, 22:54:07, 9.52e-13, 9.12e-11
2019-09-22, 22:54:11, 9.57e-13, 9.08e-11
2019-09-22, 22:54:15, 9.58e-13, 9.08e-11
2019-09-22, 22:54:19, 1.04e-12, 9.05e-11
2019-09-22, 22:54:23, 1.04e-12, 9.06e-11
2019-09-22, 22:54:28, 9.83e-13, 9.06e-11
2019-09-22, 22:54:32, 1e-12, 9.12e-11
2019-09-22, 22:54:36, 8.92e-13, 9.12e-11
2019-09-22, 22:54:40, 9.42e-13, 9.16e-11
2019-09-22, 22:54:44, 9.29e-13, 9.14e-11
2019-09-22, 22:54:49, 9.28e-13, 9.15e-11
2019-09-22, 22:54:53, 9.43e-13, 9.13e-11
2019-09-22, 22:54:57, 1.14e-12, 9.12e-11
2019-09-22, 22:55:01, 9.77e-13, 9.08e-11
2019-09-22, 22:55:06, 9.55e-13, 9.05e-11
2019-09-22, 22:55:10, 9.06e-13, 9.07e-11
2019-09-22, 22:55:14, 9.15e-13, 9.07e-11
2019-09-22, 22:55:18, 9.88e-13, 9.1e-11
2019-09-22, 22:55:22, 9.11e-13, 9.13e-11
2019-09-22, 22:55:27, 1.03e-12, 9.07e-11
2019-09-22, 22:55:31, 1.02e-12, 9.08e-11
2019-09-22, 22:55:35, 9.87e-13, 9.09e-11
2019-09-22, 22:55:39, 1.03e-12, 9.12e-11
2019-09-22, 22:55:44, 1.04e-12, 9.09e-11
2019-09-22, 22:55:48, 9.72e-13, 9.1e-11
2019-09-22, 22:55:52, 1.04e-12, 9.09e-11
2019-09-22, 22:55:56, 9.41e-13, 9.07e-11
2019-09-22, 22:56:00, 8.56e-13, 9.07e-11
2019-09-22, 22:56:05, 1.01e-12, 9.08e-11
2019-09-22, 22:56:09, 9.92e-13, 9.02e-11
2019-09-22, 22:56:13, 9.4e-13, 9.09e-11
2019-09-22, 22:56:17, 9.58e-13, 9.12e-11
2019-09-22, 22:56:22, 9.3e-13, 9.06e-11
2019-09-22, 22:56:26, 9.67e-13, 9.08e-11
2019-09-22, 22:56:30, 9.41e-13, 9.1e-11
2019-09-22, 22:56:34, 1.06e-12, 9.06e-11
2019-09-22, 22:56:38, 9.81e-13, 9.08e-11
2019-09-22, 22:56:43, 9.46e-13, 9.04e-11
2019-09-22, 22:56:47, 9.71e-13, 9.1e-11
2019-09-22, 22:56:51, 9.58e-13, 9.08e-11
2019-09-22, 22:56:55, 9.36e-13, 9.08e-11
2019-09-22, 22:57:00, 9.6e-13, 9.05e-11
2019-09-22, 22:57:04, 8.97e-13, 9.06e-11
2019-09-22, 22:57:08, 9.73e-13, 9.09e-11
2019-09-22, 22:57:12, 1.03e-12, 9.07e-11
2019-09-22, 22:57:16, 1.04e-12, 9.09e-11
2019-09-22, 22:57:21, 9.67e-13, 9.14e-11
2019-09-22, 22:57:25, 9.96e-13, 9.14e-11
2019-09-22, 22:57:29, 9.33e-13, 9.13e-11
2019-09-22, 22:57:33, 9.34e-13, 9.14e-11
2019-09-22, 22:57:38, 8.92e-13, 9.11e-11
2019-09-22, 22:57:42, 9.28e-13, 9.12e-11
2019-09-22, 22:57:46, 9.04e-13, 9.1e-11
2019-09-22, 22:57:50, 9.68e-13, 9.13e-11
2019-09-22, 22:57:54, 1.06e-12, 9.1e-11
2019-09-22, 22:57:59, 9.69e-13, 9.08e-11
2019-09-22, 22:58:03, 9.8e-13, 9.07e-11
2019-09-22, 22:58:07, 9.52e-13, 9.14e-11
2019-09-22, 22:58:11, 1.02e-12, 9.13e-11
2019-09-22, 22:58:16, 9.58e-13, 9.11e-11
2019-09-22, 22:58:20, 9.36e-13, 9.12e-11
2019-09-22, 22:58:24, 9.79e-13, 9.14e-11
2019-09-22, 22:58:28, 9.8e-13, 9.11e-11
2019-09-22, 22:58:32, 1.02e-12, 9.09e-11
2019-09-22, 22:58:37, 9.54e-13, 9.1e-11
2019-09-22, 22:58:41, 9.48e-13, 9.11e-11
2019-09-22, 22:58:45, 9.6e-13, 9.1e-11
2019-09-22, 22:58:49, 9.78e-13, 9.07e-11
2019-09-22, 22:58:53, 9.78e-13, 9.07e-11
2019-09-22, 22:58:58, 1.02e-12, 9.06e-11
2019-09-22, 22:59:02, 9.81e-13, 9.05e-11
2019-09-22, 22:59:06, 9.33e-13, 9.06e-11
2019-09-22, 22:59:10, 8.21e-13, 9.07e-11
2019-09-22, 22:59:15, 9.56e-13, 9.06e-11
2019-09-22, 22:59:19, 8.29e-13, 9.05e-11
2019-09-22, 22:59:23, 9.67e-13, 9.06e-11
2019-09-22, 22:59:27, 9.69e-13, 9.08e-11
2019-09-22, 22:59:31, 8.91e-13, 9.07e-11
2019-09-22, 22:59:36, 9.55e-13, 9.03e-11
2019-09-22, 22:59:40, 9.3e-13, 9.08e-11
2019-09-22, 22:59:44, 9.45e-13, 9.06e-11
2019-09-22, 22:59:48, 1.05e-12, 9.07e-11
2019-09-22, 22:59:53, 9.44e-13, 9.07e-11
2019-09-22, 22:59:57, 9.28e-13, 9.06e-11
2019-09-22, 23:00:01, 9.88e-13, 9.05e-11
2019-09-22, 23:00:05, 1.01e-12, 9.03e-11
2019-09-22, 23:00:09, 9.17e-13, 9.09e-11
2019-09-22, 23:00:14, 9.8e-13, 9.09e-11
2019-09-22, 23:00:18, 9.17e-13, 9.1e-11
2019-09-22, 23:00:22, 1.01e-12, 9.11e-11
2019-09-22, 23:00:26, 9.41e-13, 9.06e-11
2019-09-22, 23:00:31, 9.44e-13, 9.07e-11
2019-09-22, 23:00:35, 9.37e-13, 9.03e-11
2019-09-22, 23:00:39, 1e-12, 9.07e-11
2019-09-22, 23:00:43, 8.8e-13, 9.07e-11
2019-09-22, 23:00:47, 9.55e-13, 9.06e-11
2019-09-22, 23:00:52, 9.28e-13, 9.03e-11
2019-09-22, 23:00:56, 9.82e-13, 9.03e-11
2019-09-22, 23:01:00, 9.24e-13, 9.08e-11
2019-09-22, 23:01:04, 9.02e-13, 9.06e-11
2019-09-22, 23:01:09, 9.46e-13, 9.06e-11
2019-09-22, 23:01:13, 9.71e-13, 9.08e-11
2019-09-22, 23:01:17, 9.82e-13, 9e-11
2019-09-22, 23:01:21, 9.63e-13, 9.04e-11
2019-09-22, 23:01:25, 9.45e-13, 9.1e-11
2019-09-22, 23:01:30, 9.31e-13, 9.06e-11
2019-09-22, 23:01:34, 9.18e-13, 9.11e-11
2019-09-22, 23:01:38, 9.29e-13, 9.06e-11
2019-09-22, 23:01:42, 9.65e-13, 9.06e-11
2019-09-22, 23:01:47, 9.96e-13, 9.1e-11
2019-09-22, 23:01:51, 9.11e-13, 9.08e-11
2019-09-22, 23:01:55, 9.83e-13, 9.08e-11
2019-09-22, 23:01:59, 9.3e-13, 9.11e-11
2019-09-22, 23:02:03, 9.66e-13, 9.03e-11
2019-09-22, 23:02:08, 9.15e-13, 9.06e-11
2019-09-22, 23:02:12, 9.33e-13, 9.08e-11
2019-09-22, 23:02:16, 9.8e-13, 9.08e-11
2019-09-22, 23:02:20, 9.77e-13, 9.06e-11
2019-09-22, 23:02:24, 1.01e-12, 9.1e-11
2019-09-22, 23:02:29, 9.48e-13, 9.04e-11
2019-09-22, 23:02:33, 8.07e-13, 9.08e-11
2019-09-22, 23:02:37, 9.77e-13, 9.09e-11
2019-09-22, 23:02:41, 9.08e-13, 9.07e-11
2019-09-22, 23:02:46, 9.1e-13, 9.05e-11
2019-09-22, 23:02:50, 9.52e-13, 9.08e-11
2019-09-22, 23:02:54, 1.02e-12, 9.1e-11
2019-09-22, 23:02:58, 1.03e-12, 9.07e-11
2019-09-22, 23:03:02, 9.54e-13, 9.11e-11
2019-09-22, 23:03:07, 1.03e-12, 9.07e-11
2019-09-22, 23:03:11, 1.05e-12, 9.09e-11
2019-09-22, 23:03:15, 9.75e-13, 9.05e-11
2019-09-22, 23:03:19, 9.39e-13, 9.05e-11
2019-09-22, 23:03:24, 9.78e-13, 9.1e-11
2019-09-22, 23:03:28, 9.55e-13, 9.06e-11
2019-09-22, 23:03:32, 9.79e-13, 9.08e-11
2019-09-22, 23:03:36, 8.8e-13, 9.1e-11
2019-09-22, 23:03:40, 8.96e-13, 9.05e-11
2019-09-22, 23:03:45, 9.95e-13, 9.03e-11
2019-09-22, 23:03:49, 1.01e-12, 9.02e-11
2019-09-22, 23:03:53, 1.14e-12, 9.04e-11
2019-09-22, 23:03:57, 9.49e-13, 9.05e-11
2019-09-22, 23:04:02, 9.67e-13, 9.03e-11
2019-09-22, 23:04:06, 9.66e-13, 9.06e-11
2019-09-22, 23:04:10, 9.5e-13, 9.05e-11
2019-09-22, 23:04:14, 9.22e-13, 9.05e-11
2019-09-22, 23:04:18, 9.45e-13, 9.08e-11
2019-09-22, 23:04:23, 9.21e-13, 9.06e-11
2019-09-22, 23:04:27, 9.68e-13, 9.07e-11
2019-09-22, 23:04:31, 9.63e-13, 9.05e-11
2019-09-22, 23:04:35, 8.72e-13, 9.06e-11
2019-09-22, 23:04:40, 9.72e-13, 9.07e-11
2019-09-22, 23:04:44, 9.58e-13, 9.08e-11
2019-09-22, 23:04:48, 9.87e-13, 9.05e-11
2019-09-22, 23:04:52, 9.78e-13, 9.04e-11
2019-09-22, 23:04:56, 9.8e-13, 9.05e-11
2019-09-22, 23:05:01, 9.34e-13, 9.07e-11
2019-09-22, 23:05:05, 9.61e-13, 9.08e-11
2019-09-22, 23:05:09, 1e-12, 9.09e-11
2019-09-22, 23:05:13, 9.37e-13, 9.07e-11
2019-09-22, 23:05:18, 9.4e-13, 9.07e-11
2019-09-22, 23:05:22, 9.69e-13, 9.09e-11
2019-09-22, 23:05:26, 9.87e-13, 9.09e-11
2019-09-22, 23:05:30, 9.66e-13, 9.07e-11
2019-09-22, 23:05:34, 9.48e-13, 9.05e-11
2019-09-22, 23:05:39, 8.85e-13, 9.12e-11
2019-09-22, 23:05:43, 9.18e-13, 9.06e-11
2019-09-22, 23:05:47, 9.91e-13, 9.06e-11
2019-09-22, 23:05:51, 1.01e-12, 9.05e-11
2019-09-22, 23:05:56, 8.53e-13, 9.12e-11
2019-09-22, 23:06:00, 1.04e-12, 9.07e-11
2019-09-22, 23:06:04, 1.01e-12, 9.07e-11
2019-09-22, 23:06:08, 9.73e-13, 9.11e-11
2019-09-22, 23:06:12, 9.56e-13, 9.05e-11
2019-09-22, 23:06:17, 1.01e-12, 9.09e-11
2019-09-22, 23:06:21, 9.11e-13, 9.1e-11
2019-09-22, 23:06:25, 9.34e-13, 9.07e-11
2019-09-22, 23:06:29, 1.07e-12, 9.06e-11
2019-09-22, 23:06:33, 9.85e-13, 9.11e-11
2019-09-22, 23:06:38, 1.03e-12, 9.04e-11
2019-09-22, 23:06:42, 1.09e-12, 9.1e-11
2019-09-22, 23:06:46, 9.7e-13, 9.06e-11
2019-09-22, 23:06:50, 9.7e-13, 9.07e-11
2019-09-22, 23:06:55, 9.89e-13, 9.08e-11
2019-09-22, 23:06:59, 1.04e-12, 9.05e-11
2019-09-22, 23:07:03, 9.3e-13, 9.06e-11
2019-09-22, 23:07:07, 9.81e-13, 9.08e-11
2019-09-22, 23:07:11, 9.84e-13, 9.07e-11
2019-09-22, 23:07:16, 1.01e-12, 9.11e-11
2019-09-22, 23:07:20, 1.02e-12, 9.1e-11
2019-09-22, 23:07:24, 9.28e-13, 9.1e-11
2019-09-22, 23:07:28, 8.79e-13, 9.08e-11
2019-09-22, 23:07:33, 9.9e-13, 9.09e-11
2019-09-22, 23:07:37, 1.05e-12, 9.05e-11
2019-09-22, 23:07:41, 9.71e-13, 9.12e-11
2019-09-22, 23:07:45, 9.47e-13, 9.11e-11
2019-09-22, 23:07:49, 1.02e-12, 9.06e-11
2019-09-22, 23:07:54, 9.55e-13, 9.12e-11
2019-09-22, 23:07:58, 1.08e-12, 9.09e-11
2019-09-22, 23:08:02, 1.15e-12, 9.1e-11
2019-09-22, 23:08:06, 1.09e-12, 9.07e-11
2019-09-22, 23:08:11, 9.68e-13, 9.06e-11
2019-09-22, 23:08:15, 9.75e-13, 9.09e-11
2019-09-22, 23:08:19, 9.53e-13, 9.05e-11
2019-09-22, 23:08:23, 9.54e-13, 9.11e-11
2019-09-22, 23:08:27, 1e-12, 9.05e-11
2019-09-22, 23:08:32, 9.46e-13, 9.06e-11
2019-09-22, 23:08:36, 9.79e-13, 9.08e-11
2019-09-22, 23:08:40, 1.02e-12, 9.07e-11
2019-09-22, 23:08:44, 1.09e-12, 9.08e-11
2019-09-22, 23:08:49, 9.02e-13, 9.09e-11
2019-09-22, 23:08:53, 1.02e-12, 9.1e-11
2019-09-22, 23:08:57, 9.99e-13, 9.06e-11
2019-09-22, 23:09:01, 1.09e-12, 9.1e-11
2019-09-22, 23:09:05, 9.51e-13, 9.09e-11
2019-09-22, 23:09:10, 9.93e-13, 9.05e-11
2019-09-22, 23:09:14, 9.31e-13, 9.06e-11
2019-09-22, 23:09:18, 9.8e-13, 9.07e-11
2019-09-22, 23:09:22, 9.53e-13, 9.09e-11
2019-09-22, 23:09:27, 9.44e-13, 9.06e-11
2019-09-22, 23:09:31, 9.74e-13, 9.04e-11
2019-09-22, 23:09:35, 9.95e-13, 9.05e-11
2019-09-22, 23:09:39, 9.42e-13, 9.06e-11
2019-09-22, 23:09:43, 9.58e-13, 9.04e-11
2019-09-22, 23:09:48, 7.61e-13, 9.06e-11
2019-09-22, 23:09:52, 1.01e-12, 9.02e-11
2019-09-22, 23:09:56, 9.81e-13, 9.01e-11
2019-09-22, 23:10:00, 1.06e-12, 9.04e-11
2019-09-22, 23:10:05, 9.52e-13, 9.04e-11
2019-09-22, 23:10:09, 9.33e-13, 9.03e-11
2019-09-22, 23:10:13, 9.29e-13, 9.07e-11
2019-09-22, 23:10:17, 8.62e-13, 9.07e-11
2019-09-22, 23:10:21, 8.63e-13, 9.07e-11
2019-09-22, 23:10:26, 9.19e-13, 9.09e-11
2019-09-22, 23:10:30, 9.38e-13, 9.05e-11
2019-09-22, 23:10:34, 9.31e-13, 9.05e-11
2019-09-22, 23:10:38, 9.52e-13, 9.07e-11
2019-09-22, 23:10:43, 9.14e-13, 9.06e-11
2019-09-22, 23:10:47, 1e-12, 9.11e-11
2019-09-22, 23:10:51, 8.82e-13, 9.07e-11
2019-09-22, 23:10:55, 9.83e-13, 9.09e-11
2019-09-22, 23:10:59, 9.96e-13, 9.07e-11
2019-09-22, 23:11:04, 1.02e-12, 9.06e-11
2019-09-22, 23:11:08, 9.52e-13, 9.1e-11
2019-09-22, 23:11:12, 9.78e-13, 9.08e-11
2019-09-22, 23:11:16, 9.62e-13, 9.06e-11
2019-09-22, 23:11:21, 9.57e-13, 9.05e-11
2019-09-22, 23:11:25, 1.03e-12, 9.09e-11
2019-09-22, 23:11:29, 9.59e-13, 9.03e-11
2019-09-22, 23:11:33, 9.57e-13, 9.09e-11
2019-09-22, 23:11:37, 9.84e-13, 9.09e-11
2019-09-22, 23:11:42, 8.48e-13, 9.13e-11
2019-09-22, 23:11:46, 1.13e-12, 9.09e-11
2019-09-22, 23:11:50, 9.67e-13, 9.09e-11
2019-09-22, 23:11:54, 1.01e-12, 9.06e-11
2019-09-22, 23:11:58, 1e-12, 9.1e-11
2019-09-22, 23:12:03, 9.63e-13, 9.11e-11
2019-09-22, 23:12:07, 9.07e-13, 9.08e-11
2019-09-22, 23:12:11, 9.51e-13, 9.11e-11
2019-09-22, 23:12:15, 9.12e-13, 9.08e-11
2019-09-22, 23:12:20, 9.27e-13, 9.07e-11
2019-09-22, 23:12:24, 9.62e-13, 9.13e-11
2019-09-22, 23:12:28, 1.01e-12, 9.07e-11
2019-09-22, 23:12:32, 9.77e-13, 9.08e-11
2019-09-22, 23:12:36, 1.01e-12, 9.06e-11
2019-09-22, 23:12:41, 9.82e-13, 9.1e-11
2019-09-22, 23:12:45, 9.49e-13, 9.1e-11
2019-09-22, 23:12:49, 9.79e-13, 9.05e-11
2019-09-22, 23:12:53, 9.22e-13, 9.05e-11
2019-09-22, 23:12:58, 9.55e-13, 9.06e-11
2019-09-22, 23:13:02, 9.11e-13, 9.07e-11
2019-09-22, 23:13:06, 8.96e-13, 9.11e-11
2019-09-22, 23:13:10, 8.24e-13, 9.05e-11
2019-09-22, 23:13:14, 9.86e-13, 9.07e-11
2019-09-22, 23:13:19, 9.57e-13, 9.1e-11
2019-09-22, 23:13:23, 9.04e-13, 9.08e-11
2019-09-22, 23:13:27, 1.02e-12, 9.07e-11
2019-09-22, 23:13:31, 1.02e-12, 9.08e-11
2019-09-22, 23:13:36, 1.05e-12, 9.07e-11
2019-09-22, 23:13:40, 9.51e-13, 9.11e-11
2019-09-22, 23:13:44, 1.01e-12, 9.05e-11
2019-09-22, 23:13:48, 1.01e-12, 9.05e-11
2019-09-22, 23:13:52, 8.59e-13, 9.08e-11
2019-09-22, 23:13:57, 1.08e-12, 9.04e-11
2019-09-22, 23:14:01, 9.46e-13, 9.08e-11
2019-09-22, 23:14:05, 1.01e-12, 9.1e-11
2019-09-22, 23:14:09, 9.64e-13, 9.06e-11
2019-09-22, 23:14:14, 9.62e-13, 9.07e-11
2019-09-22, 23:14:18, 1.01e-12, 9.08e-11
2019-09-22, 23:14:22, 9.96e-13, 9.06e-11
2019-09-22, 23:14:26, 9.87e-13, 9.09e-11
2019-09-22, 23:14:30, 9.38e-13, 9.06e-11
2019-09-22, 23:14:35, 9.5e-13, 9.07e-11
2019-09-22, 23:14:39, 9.68e-13, 9.09e-11
2019-09-22, 23:14:43, 9.8e-13, 9.05e-11
2019-09-22, 23:14:47, 1.05e-12, 9.07e-11
2019-09-22, 23:14:52, 9.54e-13, 9.1e-11
2019-09-22, 23:14:56, 9.61e-13, 9.05e-11
2019-09-22, 23:15:00, 1.02e-12, 9.06e-11
2019-09-22, 23:15:04, 9.46e-13, 9.09e-11
2019-09-22, 23:15:08, 9.58e-13, 9.07e-11
2019-09-22, 23:15:13, 9.1e-13, 9.05e-11
2019-09-22, 23:15:17, 1.05e-12, 9.02e-11
2019-09-22, 23:15:21, 9.92e-13, 9.05e-11
2019-09-22, 23:15:25, 1.01e-12, 9.02e-11
2019-09-22, 23:15:30, 1.06e-12, 9.03e-11
2019-09-22, 23:15:34, 9.35e-13, 9.06e-11
2019-09-22, 23:15:38, 9.81e-13, 9.07e-11
2019-09-22, 23:15:42, 9.71e-13, 9.05e-11
2019-09-22, 23:15:46, 9.43e-13, 9.02e-11
2019-09-22, 23:15:51, 9.95e-13, 9.07e-11
2019-09-22, 23:15:55, 9.12e-13, 9.04e-11
2019-09-22, 23:15:59, 9.52e-13, 9.02e-11
2019-09-22, 23:16:03, 9.34e-13, 9.06e-11
2019-09-22, 23:16:07, 1.04e-12, 9.04e-11
2019-09-22, 23:16:12, 1.05e-12, 9.03e-11
2019-09-22, 23:16:16, 9.68e-13, 9.07e-11
2019-09-22, 23:16:20, 9.95e-13, 9.05e-11
2019-09-22, 23:16:24, 9.61e-13, 9.09e-11
2019-09-22, 23:16:29, 9.74e-13, 9.04e-11
2019-09-22, 23:16:33, 9.26e-13, 9.08e-11
2019-09-22, 23:16:37, 9.54e-13, 9.05e-11
2019-09-22, 23:16:41, 9.73e-13, 9.07e-11
2019-09-22, 23:16:45, 9e-13, 9.06e-11
2019-09-22, 23:16:50, 1.02e-12, 9.04e-11
2019-09-22, 23:16:54, 9.49e-13, 9.06e-11
2019-09-22, 23:16:58, 1.02e-12, 9.03e-11
2019-09-22, 23:17:02, 9.82e-13, 9.05e-11
2019-09-22, 23:17:07, 9.34e-13, 9.05e-11
2019-09-22, 23:17:11, 9.29e-13, 9.04e-11
2019-09-22, 23:17:15, 9.44e-13, 9.04e-11
2019-09-22, 23:17:19, 9.04e-13, 9.03e-11
2019-09-22, 23:17:23, 9.48e-13, 9.07e-11
2019-09-22, 23:17:28, 9.37e-13, 9.04e-11
2019-09-22, 23:17:32, 9.64e-13, 9.05e-11
2019-09-22, 23:17:36, 1.18e-12, 9.04e-11
2019-09-22, 23:17:40, 8.48e-13, 9.01e-11
2019-09-22, 23:17:45, 1.02e-12, 9.04e-11
2019-09-22, 23:17:49, 9.39e-13, 9.06e-11
2019-09-22, 23:17:53, 9.56e-13, 9.02e-11
2019-09-22, 23:17:57, 9.65e-13, 9.08e-11
2019-09-22, 23:18:01, 9.14e-13, 9.05e-11
2019-09-22, 23:18:06, 9.1e-13, 9.04e-11
2019-09-22, 23:18:10, 9.43e-13, 9.01e-11
2019-09-22, 23:18:14, 9.41e-13, 9.05e-11
2019-09-22, 23:18:18, 1e-12, 9.05e-11
2019-09-22, 23:18:23, 8.77e-13, 9e-11
2019-09-22, 23:18:27, 1.01e-12, 9.1e-11
2019-09-22, 23:18:31, 9.11e-13, 9.04e-11
2019-09-22, 23:18:35, 9.17e-13, 9.11e-11
2019-09-22, 23:18:39, 9.71e-13, 9.1e-11
2019-09-22, 23:18:44, 9.52e-13, 9.1e-11
2019-09-22, 23:18:48, 9.85e-13, 9.12e-11
2019-09-22, 23:18:52, 8.1e-13, 9.13e-11
2019-09-22, 23:18:56, 9.49e-13, 9.09e-11
2019-09-22, 23:19:01, 1.02e-12, 9.08e-11
2019-09-22, 23:19:05, 9.68e-13, 9.11e-11
2019-09-22, 23:19:09, 9.41e-13, 9.13e-11
2019-09-22, 23:19:13, 9.33e-13, 9.13e-11
2019-09-22, 23:19:17, 1.03e-12, 9.11e-11
2019-09-22, 23:19:22, 9.02e-13, 9.1e-11
2019-09-22, 23:19:26, 8.64e-13, 9.09e-11
2019-09-22, 23:19:30, 9.13e-13, 9.08e-11
2019-09-22, 23:19:34, 1.04e-12, 9.08e-11
2019-09-22, 23:19:39, 9.88e-13, 9.08e-11
2019-09-22, 23:19:43, 9.45e-13, 9.08e-11
2019-09-22, 23:19:47, 8.74e-13, 9.09e-11
2019-09-22, 23:19:51, 1.05e-12, 9.1e-11
2019-09-22, 23:19:55, 9.65e-13, 9.12e-11
2019-09-22, 23:20:00, 9.71e-13, 9.07e-11
2019-09-22, 23:20:04, 1.01e-12, 9.09e-11
2019-09-22, 23:20:08, 9.3e-13, 9.11e-11
2019-09-22, 23:20:12, 1e-12, 9.1e-11
2019-09-22, 23:20:16, 9.2e-13, 9.06e-11
2019-09-22, 23:20:21, 9.32e-13, 9.06e-11
2019-09-22, 23:20:25, 9.31e-13, 9.11e-11
2019-09-22, 23:20:29, 9.72e-13, 9.07e-11
2019-09-22, 23:20:33, 9.77e-13, 9.08e-11
2019-09-22, 23:20:38, 9.06e-13, 9.09e-11
2019-09-22, 23:20:42, 9.31e-13, 9.06e-11
2019-09-22, 23:20:46, 9.68e-13, 9.11e-11
2019-09-22, 23:20:50, 1.01e-12, 9.09e-11
2019-09-22, 23:20:54, 9.65e-13, 9.11e-11
2019-09-22, 23:20:59, 9.67e-13, 9.11e-11
2019-09-22, 23:21:03, 9.38e-13, 9.11e-11
2019-09-22, 23:21:07, 9.47e-13, 9.1e-11
2019-09-22, 23:21:11, 1.02e-12, 9.07e-11
2019-09-22, 23:21:16, 9.24e-13, 9.13e-11
2019-09-22, 23:21:20, 9.9e-13, 9.12e-11
2019-09-22, 23:21:24, 9.95e-13, 9.06e-11
2019-09-22, 23:21:28, 9.82e-13, 9.14e-11
2019-09-22, 23:21:32, 8.95e-13, 9.09e-11
2019-09-22, 23:21:37, 9.67e-13, 9.1e-11
2019-09-22, 23:21:41, 9.52e-13, 9.07e-11
2019-09-22, 23:21:45, 9.68e-13, 9.04e-11
2019-09-22, 23:21:49, 9.61e-13, 9.06e-11
2019-09-22, 23:21:54, 9.34e-13, 9.03e-11
2019-09-22, 23:21:58, 1.08e-12, 9.08e-11
2019-09-22, 23:22:02, 9.66e-13, 9.07e-11
2019-09-22, 23:22:06, 9.67e-13, 9.13e-11
2019-09-22, 23:22:10, 9.84e-13, 9.06e-11
2019-09-22, 23:22:15, 8.9e-13, 9.12e-11
2019-09-22, 23:22:19, 1.01e-12, 9.12e-11
2019-09-22, 23:22:23, 9.77e-13, 9.14e-11
2019-09-22, 23:22:27, 9.97e-13, 9.06e-11
2019-09-22, 23:22:32, 9.79e-13, 9.08e-11
2019-09-22, 23:22:36, 9.28e-13, 9.1e-11
2019-09-22, 23:22:40, 9.65e-13, 9.1e-11
2019-09-22, 23:22:44, 9.82e-13, 9.06e-11
2019-09-22, 23:22:48, 9.4e-13, 9.04e-11
2019-09-22, 23:22:53, 9.87e-13, 9.05e-11
2019-09-22, 23:22:57, 9.49e-13, 9.03e-11
2019-09-22, 23:23:01, 9e-13, 9.07e-11
2019-09-22, 23:23:05, 8.83e-13, 9.11e-11
2019-09-22, 23:23:10, 9.43e-13, 9.1e-11
2019-09-22, 23:23:14, 9.25e-13, 9.11e-11
2019-09-22, 23:23:18, 9.58e-13, 9.11e-11
2019-09-22, 23:23:22, 9.7e-13, 9.08e-11
2019-09-22, 23:23:26, 9.98e-13, 9.1e-11
2019-09-22, 23:23:31, 9.33e-13, 9.09e-11
2019-09-22, 23:23:35, 9.59e-13, 9.1e-11
2019-09-22, 23:23:39, 1.01e-12, 9.11e-11
2019-09-22, 23:23:43, 9.72e-13, 9.08e-11
2019-09-22, 23:23:48, 1e-12, 9.09e-11
2019-09-22, 23:23:52, 9.7e-13, 9.07e-11
2019-09-22, 23:23:56, 9.46e-13, 9.07e-11
2019-09-22, 23:24:00, 9.32e-13, 9.06e-11
2019-09-22, 23:24:04, 9.89e-13, 9.07e-11
2019-09-22, 23:24:09, 9.78e-13, 9.09e-11
2019-09-22, 23:24:13, 9.41e-13, 9.08e-11
2019-09-22, 23:24:17, 1.04e-12, 9.05e-11
2019-09-22, 23:24:21, 9.7e-13, 9.05e-11
2019-09-22, 23:24:25, 9.61e-13, 9.07e-11
2019-09-22, 23:24:30, 9.49e-13, 9.01e-11
2019-09-22, 23:24:34, 9.23e-13, 9.03e-11
2019-09-22, 23:24:38, 9.48e-13, 9.04e-11
2019-09-22, 23:24:42, 9.32e-13, 9.01e-11
2019-09-22, 23:24:47, 9.73e-13, 9.1e-11
2019-09-22, 23:24:51, 9.81e-13, 9.06e-11
2019-09-22, 23:24:55, 9.01e-13, 9.06e-11
2019-09-22, 23:24:59, 9.45e-13, 9.03e-11
2019-09-22, 23:25:03, 9.92e-13, 9.05e-11
2019-09-22, 23:25:08, 9.75e-13, 9.05e-11
2019-09-22, 23:25:12, 9.03e-13, 9.08e-11
2019-09-22, 23:25:16, 9.54e-13, 9.03e-11
2019-09-22, 23:25:20, 9.6e-13, 9.04e-11
2019-09-22, 23:25:25, 9.79e-13, 9.05e-11
2019-09-22, 23:25:29, 1.01e-12, 9.01e-11
2019-09-22, 23:25:33, 9.61e-13, 9.05e-11
2019-09-22, 23:25:37, 9.5e-13, 9.03e-11
2019-09-22, 23:25:41, 9.1e-13, 9.04e-11
2019-09-22, 23:25:46, 9.99e-13, 9.09e-11
2019-09-22, 23:25:50, 9.61e-13, 9.05e-11
2019-09-22, 23:25:54, 1.03e-12, 9.09e-11
2019-09-22, 23:25:58, 1.03e-12, 9.07e-11
2019-09-22, 23:26:03, 8.22e-13, 9.02e-11
2019-09-22, 23:26:07, 9.38e-13, 9.06e-11
2019-09-22, 23:26:11, 9.63e-13, 9.03e-11
2019-09-22, 23:26:15, 1e-12, 9.06e-11
2019-09-22, 23:26:19, 9.16e-13, 9.06e-11
2019-09-22, 23:26:24, 9.49e-13, 9.01e-11
2019-09-22, 23:26:28, 1.08e-12, 9.08e-11
2019-09-22, 23:26:32, 9.53e-13, 9.08e-11
2019-09-22, 23:26:36, 9.43e-13, 9.04e-11
2019-09-22, 23:26:41, 9.62e-13, 9.05e-11
2019-09-22, 23:26:45, 9.13e-13, 9.08e-11
2019-09-22, 23:26:49, 1e-12, 8.99e-11
2019-09-22, 23:26:53, 1.04e-12, 9.05e-11
2019-09-22, 23:26:57, 9.74e-13, 9.06e-11
2019-09-22, 23:27:02, 9.49e-13, 9.06e-11
2019-09-22, 23:27:06, 9.06e-13, 9.01e-11
2019-09-22, 23:27:10, 8.65e-13, 9.12e-11
2019-09-22, 23:27:14, 9.44e-13, 9.09e-11
2019-09-22, 23:27:19, 9.66e-13, 9.08e-11
2019-09-22, 23:27:23, 9.41e-13, 9.12e-11
2019-09-22, 23:27:27, 8.93e-13, 9.07e-11
2019-09-22, 23:27:31, 9.86e-13, 9.06e-11
2019-09-22, 23:27:35, 9.26e-13, 9.12e-11
2019-09-22, 23:27:40, 9.31e-13, 9.08e-11
2019-09-22, 23:27:44, 9.66e-13, 9.08e-11
2019-09-22, 23:27:48, 9.59e-13, 9.11e-11
2019-09-22, 23:27:52, 9.5e-13, 9.07e-11
2019-09-22, 23:27:56, 9.63e-13, 9.11e-11
2019-09-22, 23:28:01, 9.37e-13, 9.04e-11
2019-09-22, 23:28:05, 9.35e-13, 9.02e-11
2019-09-22, 23:28:09, 9.23e-13, 9.04e-11
2019-09-22, 23:28:13, 1.03e-12, 9.05e-11
2019-09-22, 23:28:18, 9.43e-13, 9.04e-11
2019-09-22, 23:28:22, 9.46e-13, 9.02e-11
2019-09-22, 23:28:26, 9.66e-13, 9.02e-11
2019-09-22, 23:28:30, 9.66e-13, 9.07e-11
2019-09-22, 23:28:34, 9.49e-13, 9.08e-11
2019-09-22, 23:28:39, 9.83e-13, 9.06e-11
2019-09-22, 23:28:43, 9.48e-13, 9.03e-11
2019-09-22, 23:28:47, 1.02e-12, 9.04e-11
2019-09-22, 23:28:51, 9.13e-13, 9.04e-11
2019-09-22, 23:28:56, 1.01e-12, 9.08e-11
2019-09-22, 23:29:00, 9.93e-13, 9.02e-11
2019-09-22, 23:29:04, 1.09e-12, 9.06e-11
2019-09-22, 23:29:08, 9.97e-13, 9.07e-11
2019-09-22, 23:29:12, 9.7e-13, 9.02e-11
2019-09-22, 23:29:17, 9.85e-13, 9.02e-11
2019-09-22, 23:29:21, 9.67e-13, 9.03e-11
2019-09-22, 23:29:25, 9.48e-13, 9.07e-11
2019-09-22, 23:29:29, 9.2e-13, 9.04e-11
2019-09-22, 23:29:34, 9.37e-13, 9.05e-11
2019-09-22, 23:29:38, 9.58e-13, 9.04e-11
2019-09-22, 23:29:42, 9.73e-13, 9.02e-11
2019-09-22, 23:29:46, 9.11e-13, 9.08e-11
2019-09-22, 23:29:50, 9.33e-13, 9.01e-11
2019-09-22, 23:29:55, 8.99e-13, 9.02e-11
2019-09-22, 23:29:59, 9.96e-13, 9.01e-11
2019-09-22, 23:30:03, 9.48e-13, 9.03e-11
2019-09-22, 23:30:07, 8.85e-13, 9.04e-11
2019-09-22, 23:30:12, 9.52e-13, 9.08e-11
2019-09-22, 23:30:16, 9.87e-13, 9.06e-11
2019-09-22, 23:30:20, 9.66e-13, 9.05e-11
2019-09-22, 23:30:26, 9.64e-13, 9.04e-11
2019-09-22, 23:30:30, 1.11e-12, 9.05e-11
2019-09-22, 23:30:35, 9.84e-13, 9.07e-11
2019-09-22, 23:30:39, 9.84e-13, 9.09e-11
2019-09-22, 23:30:43, 9.67e-13, 9.04e-11
2019-09-22, 23:30:47, 9.39e-13, 9.07e-11
2019-09-22, 23:30:52, 9.97e-13, 9.05e-11
2019-09-22, 23:30:56, 8.98e-13, 9.08e-11
2019-09-22, 23:31:00, 9.39e-13, 9.07e-11
2019-09-22, 23:31:04, 9.28e-13, 9.08e-11
2019-09-22, 23:31:09, 1.01e-12, 9.06e-11
2019-09-22, 23:31:13, 9.77e-13, 9.07e-11
2019-09-22, 23:31:17, 9.94e-13, 9.01e-11
2019-09-22, 23:31:21, 9.68e-13, 9.01e-11
2019-09-22, 23:31:26, 9.42e-13, 9.06e-11
2019-09-22, 23:31:30, 9.26e-13, 9.06e-11
2019-09-22, 23:31:34, 9.82e-13, 9.07e-11
2019-09-22, 23:31:38, 9.42e-13, 9.06e-11
2019-09-22, 23:31:42, 9.71e-13, 9.04e-11
2019-09-22, 23:31:47, 9.27e-13, 9.06e-11
2019-09-22, 23:31:51, 9.59e-13, 9.06e-11
2019-09-22, 23:31:55, 9.37e-13, 9.06e-11
2019-09-22, 23:31:59, 9.63e-13, 9.07e-11
2019-09-22, 23:32:04, 9.71e-13, 9.07e-11
2019-09-22, 23:32:08, 9.64e-13, 9.05e-11
2019-09-22, 23:32:12, 9.16e-13, 9.05e-11
2019-09-22, 23:32:16, 9.9e-13, 9.12e-11
2019-09-22, 23:32:20, 9.7e-13, 9.1e-11
2019-09-22, 23:32:25, 9.63e-13, 9.11e-11
2019-09-22, 23:32:29, 9.4e-13, 9.12e-11
2019-09-22, 23:32:33, 8.9e-13, 9.1e-11
2019-09-22, 23:32:37, 1e-12, 9.07e-11
2019-09-22, 23:32:42, 9.7e-13, 9.11e-11
2019-09-22, 23:32:46, 9.46e-13, 9.09e-11
2019-09-22, 23:32:50, 9.81e-13, 9.09e-11
2019-09-22, 23:32:54, 9.77e-13, 9.13e-11
2019-09-22, 23:32:58, 9.94e-13, 9.11e-11
2019-09-22, 23:33:03, 1.03e-12, 9.1e-11
2019-09-22, 23:33:07, 9.7e-13, 9.12e-11
2019-09-22, 23:33:11, 9.24e-13, 9.07e-11
2019-09-22, 23:33:15, 9.59e-13, 9.07e-11
2019-09-22, 23:33:19, 9.26e-13, 9.07e-11
2019-09-22, 23:33:24, 1.01e-12, 9.11e-11
2019-09-22, 23:33:28, 1.13e-12, 9.11e-11
2019-09-22, 23:33:32, 9.58e-13, 9.12e-11
2019-09-22, 23:33:36, 9.63e-13, 9.12e-11
2019-09-22, 23:33:41, 9.44e-13, 9.1e-11
2019-09-22, 23:33:45, 1e-12, 9.14e-11
2019-09-22, 23:33:49, 9.91e-13, 9.13e-11
2019-09-22, 23:33:53, 9.87e-13, 9.11e-11
2019-09-22, 23:33:57, 8.97e-13, 9.08e-11
2019-09-22, 23:34:02, 9.67e-13, 9.09e-11
2019-09-22, 23:34:06, 1.07e-12, 9.1e-11
2019-09-22, 23:34:10, 1.11e-12, 9.13e-11
2019-09-22, 23:34:14, 9.29e-13, 9.1e-11
2019-09-22, 23:34:19, 1.02e-12, 9.09e-11
2019-09-22, 23:34:23, 9.39e-13, 9.08e-11
2019-09-22, 23:34:27, 9.77e-13, 9.12e-11
2019-09-22, 23:34:31, 9.47e-13, 9.08e-11
2019-09-22, 23:34:35, 1.05e-12, 9.13e-11
2019-09-22, 23:34:40, 9.35e-13, 9.14e-11
2019-09-22, 23:34:44, 9.52e-13, 9.09e-11
2019-09-22, 23:34:48, 8.46e-13, 9.12e-11
2019-09-22, 23:34:52, 9.82e-13, 9.14e-11
2019-09-22, 23:34:57, 9.65e-13, 9.14e-11
2019-09-22, 23:35:01, 8.97e-13, 9.12e-11
2019-09-22, 23:35:05, 9.69e-13, 9.08e-11
2019-09-22, 23:35:09, 9.13e-13, 9.12e-11
2019-09-22, 23:35:13, 9.76e-13, 9.14e-11
2019-09-22, 23:35:18, 9.54e-13, 9.12e-11
2019-09-22, 23:35:22, 9.58e-13, 9.08e-11
2019-09-22, 23:35:26, 9.34e-13, 9.09e-11
2019-09-22, 23:35:30, 9.36e-13, 9.11e-11
2019-09-22, 23:35:35, 9.55e-13, 9.12e-11
2019-09-22, 23:35:39, 1.02e-12, 9.09e-11
2019-09-22, 23:35:43, 9.61e-13, 9.1e-11
2019-09-22, 23:35:47, 9.34e-13, 9.09e-11
2019-09-22, 23:35:51, 1.15e-12, 9.09e-11
2019-09-22, 23:35:56, 9.68e-13, 9.08e-11
2019-09-22, 23:36:00, 9.1e-13, 9.13e-11
2019-09-22, 23:36:04, 9.77e-13, 9.12e-11
2019-09-22, 23:36:08, 9.47e-13, 9.13e-11
2019-09-22, 23:36:13, 9.23e-13, 9.15e-11
2019-09-22, 23:36:17, 1e-12, 9.11e-11
2019-09-22, 23:36:21, 9.88e-13, 9.12e-11
2019-09-22, 23:36:25, 9.29e-13, 9.11e-11
2019-09-22, 23:36:29, 8.73e-13, 9.13e-11
2019-09-22, 23:36:34, 9.19e-13, 9.08e-11
2019-09-22, 23:36:38, 1.04e-12, 9.09e-11
2019-09-22, 23:36:42, 9.1e-13, 9.12e-11
2019-09-22, 23:36:46, 9.4e-13, 9.1e-11
2019-09-22, 23:36:51, 8.67e-13, 9.08e-11
2019-09-22, 23:36:55, 8.86e-13, 9.1e-11
2019-09-22, 23:36:59, 9.08e-13, 9.12e-11
2019-09-22, 23:37:03, 1.1e-12, 9.11e-11
2019-09-22, 23:37:07, 8.9e-13, 9.09e-11
2019-09-22, 23:37:12, 8.7e-13, 9.1e-11
2019-09-22, 23:37:16, 9.9e-13, 9.11e-11
2019-09-22, 23:37:20, 9.52e-13, 9.13e-11
2019-09-22, 23:37:24, 1.01e-12, 9.12e-11
2019-09-22, 23:37:29, 9.99e-13, 9.07e-11
2019-09-22, 23:37:33, 9.05e-13, 9.08e-11
2019-09-22, 23:37:37, 9.53e-13, 9.14e-11
2019-09-22, 23:37:41, 9.19e-13, 9.13e-11
2019-09-22, 23:37:45, 8.69e-13, 9.11e-11
2019-09-22, 23:37:50, 9.8e-13, 9.11e-11
2019-09-22, 23:37:54, 9.35e-13, 9.13e-11
2019-09-22, 23:37:58, 9.62e-13, 9.12e-11
2019-09-22, 23:38:02, 9.08e-13, 9.13e-11
2019-09-22, 23:38:06, 9.59e-13, 9.09e-11
2019-09-22, 23:38:11, 1.02e-12, 9.13e-11
2019-09-22, 23:38:15, 9.05e-13, 9.14e-11
2019-09-22, 23:38:19, 8.81e-13, 9.16e-11
2019-09-22, 23:38:23, 9.83e-13, 9.16e-11
2019-09-22, 23:38:28, 9.72e-13, 9.12e-11
2019-09-22, 23:38:32, 9.48e-13, 9.1e-11
2019-09-22, 23:38:36, 1.06e-12, 9.16e-11
2019-09-22, 23:38:40, 1.13e-12, 9.12e-11
2019-09-22, 23:38:44, 9.63e-13, 9.12e-11
2019-09-22, 23:38:49, 8.98e-13, 9.12e-11
2019-09-22, 23:38:53, 9.43e-13, 9.12e-11
2019-09-22, 23:38:57, 9.51e-13, 9.13e-11
2019-09-22, 23:39:01, 8.59e-13, 9.12e-11
2019-09-22, 23:39:06, 9.79e-13, 9.1e-11
2019-09-22, 23:39:10, 9.89e-13, 9.12e-11
2019-09-22, 23:39:14, 9.26e-13, 9.14e-11
2019-09-22, 23:39:18, 9.69e-13, 9.13e-11
2019-09-22, 23:39:22, 1.06e-12, 9.15e-11
2019-09-22, 23:39:27, 9.43e-13, 9.09e-11
2019-09-22, 23:39:31, 9.41e-13, 9.13e-11
2019-09-22, 23:39:35, 9.53e-13, 9.13e-11
2019-09-22, 23:39:39, 9.52e-13, 9.09e-11
2019-09-22, 23:39:44, 9.4e-13, 9.14e-11
2019-09-22, 23:39:48, 9.85e-13, 9.16e-11
2019-09-22, 23:39:52, 9.74e-13, 9.13e-11
2019-09-22, 23:39:56, 9.7e-13, 9.13e-11
2019-09-22, 23:40:00, 9.81e-13, 9.15e-11
2019-09-22, 23:40:05, 9.73e-13, 9.1e-11
2019-09-22, 23:40:09, 9.68e-13, 9.1e-11
2019-09-22, 23:40:13, 9.84e-13, 9.15e-11
2019-09-22, 23:40:17, 9.91e-13, 9.14e-11
2019-09-22, 23:40:22, 9.73e-13, 9.08e-11
2019-09-22, 23:40:26, 8.93e-13, 9.09e-11
2019-09-22, 23:40:30, 9.43e-13, 9.1e-11
2019-09-22, 23:40:34, 9.69e-13, 9.13e-11
2019-09-22, 23:40:38, 9.65e-13, 9.15e-11
2019-09-22, 23:40:43, 9.31e-13, 9.14e-11
2019-09-22, 23:40:47, 9.85e-13, 9.12e-11
2019-09-22, 23:40:51, 9.44e-13, 9.12e-11
2019-09-22, 23:40:55, 9.64e-13, 9.1e-11
2019-09-22, 23:41:00, 9.76e-13, 9.1e-11
2019-09-22, 23:41:04, 1e-12, 9.12e-11
2019-09-22, 23:41:08, 9.71e-13, 9.11e-11
2019-09-22, 23:41:12, 9.85e-13, 9.08e-11
2019-09-22, 23:41:16, 1.1e-12, 9.03e-11
2019-09-22, 23:41:21, 9.29e-13, 9.08e-11
2019-09-22, 23:41:25, 9.75e-13, 9.05e-11
2019-09-22, 23:41:29, 9.71e-13, 9.08e-11
2019-09-22, 23:41:33, 8.25e-13, 9.09e-11
2019-09-22, 23:41:38, 9.87e-13, 9.06e-11
2019-09-22, 23:41:42, 9.61e-13, 9.08e-11
2019-09-22, 23:41:46, 1.19e-12, 9.09e-11
2019-09-22, 23:41:50, 1e-12, 9.06e-11
2019-09-22, 23:41:54, 9.7e-13, 9.02e-11
2019-09-22, 23:41:59, 1.02e-12, 9.06e-11
2019-09-22, 23:42:03, 9.39e-13, 9.09e-11
2019-09-22, 23:42:07, 9.78e-13, 9.08e-11
2019-09-22, 23:42:11, 8.88e-13, 9.08e-11
2019-09-22, 23:42:15, 9.43e-13, 9.06e-11
2019-09-22, 23:42:20, 9.53e-13, 9.1e-11
2019-09-22, 23:42:24, 9.27e-13, 9.08e-11
2019-09-22, 23:42:28, 9.33e-13, 9.07e-11
2019-09-22, 23:42:32, 9.64e-13, 9.09e-11
2019-09-22, 23:42:37, 9.18e-13, 9.1e-11
2019-09-22, 23:42:41, 9.62e-13, 9.07e-11
2019-09-22, 23:42:45, 1e-12, 9.06e-11
2019-09-22, 23:42:49, 9.03e-13, 9.04e-11
2019-09-22, 23:42:53, 1.01e-12, 9.07e-11
2019-09-22, 23:42:58, 9.24e-13, 9.07e-11
2019-09-22, 23:43:02, 1.05e-12, 9.09e-11
2019-09-22, 23:43:06, 9.79e-13, 9.06e-11
2019-09-22, 23:43:10, 9.63e-13, 9.07e-11
2019-09-22, 23:43:15, 1.08e-12, 9.06e-11
2019-09-22, 23:43:19, 9.66e-13, 9.05e-11
2019-09-22, 23:43:23, 8.95e-13, 9.07e-11
2019-09-22, 23:43:27, 9.49e-13, 9.08e-11
2019-09-22, 23:43:31, 9.56e-13, 9.09e-11
2019-09-22, 23:43:36, 9.67e-13, 9.05e-11
2019-09-22, 23:43:40, 9.61e-13, 9.1e-11
2019-09-22, 23:43:44, 9.57e-13, 9.1e-11
2019-09-22, 23:43:48, 1.01e-12, 9.12e-11
2019-09-22, 23:43:53, 9.44e-13, 9.13e-11
2019-09-22, 23:43:57, 9.42e-13, 9.13e-11
2019-09-22, 23:44:01, 1.04e-12, 9.12e-11
2019-09-22, 23:44:05, 9.91e-13, 9.1e-11
2019-09-22, 23:44:09, 9.66e-13, 9.11e-11
2019-09-22, 23:44:14, 9.98e-13, 9.12e-11
2019-09-22, 23:44:18, 9.61e-13, 9.12e-11
2019-09-22, 23:44:22, 1.04e-12, 9.09e-11
2019-09-22, 23:44:26, 9.65e-13, 9.11e-11
2019-09-22, 23:44:31, 9.45e-13, 9.09e-11
2019-09-22, 23:44:35, 9.7e-13, 9.13e-11
2019-09-22, 23:44:39, 1.01e-12, 9.11e-11
2019-09-22, 23:44:43, 8.53e-13, 9.12e-11
2019-09-22, 23:44:47, 9.63e-13, 9.15e-11
2019-09-22, 23:44:52, 1.05e-12, 9.11e-11
2019-09-22, 23:44:56, 9.67e-13, 9.1e-11
2019-09-22, 23:45:00, 9.53e-13, 9.11e-11
2019-09-22, 23:45:04, 9.8e-13, 9.14e-11
2019-09-22, 23:45:09, 9.84e-13, 9.15e-11
2019-09-22, 23:45:13, 9.69e-13, 9.17e-11
2019-09-22, 23:45:17, 9.33e-13, 9.11e-11
2019-09-22, 23:45:21, 9.17e-13, 9.09e-11
2019-09-22, 23:45:25, 9.87e-13, 9.12e-11
2019-09-22, 23:45:30, 9.43e-13, 9.11e-11
2019-09-22, 23:45:34, 9.97e-13, 9.11e-11
2019-09-22, 23:45:38, 9.22e-13, 9.1e-11
2019-09-22, 23:45:42, 9.2e-13, 9.1e-11
2019-09-22, 23:45:47, 9.61e-13, 9.16e-11
2019-09-22, 23:45:51, 9.19e-13, 9.13e-11
2019-09-22, 23:45:55, 1.02e-12, 9.14e-11
2019-09-22, 23:45:59, 8.44e-13, 9.09e-11
2019-09-22, 23:46:03, 9.49e-13, 9.09e-11
2019-09-22, 23:46:08, 9.71e-13, 9.13e-11
2019-09-22, 23:46:12, 9.92e-13, 9.07e-11
2019-09-22, 23:46:16, 9.64e-13, 9.16e-11
2019-09-22, 23:46:20, 9.49e-13, 9.12e-11
2019-09-22, 23:46:25, 9.75e-13, 9.12e-11
2019-09-22, 23:46:29, 9.82e-13, 9.11e-11
2019-09-22, 23:46:33, 1e-12, 9.09e-11
2019-09-22, 23:46:37, 9.18e-13, 9.14e-11
2019-09-22, 23:46:41, 9.58e-13, 9.12e-11
2019-09-22, 23:46:46, 8.2e-13, 9.12e-11
2019-09-22, 23:46:50, 9.97e-13, 9.13e-11
2019-09-22, 23:46:54, 9.77e-13, 9.14e-11
2019-09-22, 23:46:58, 9.55e-13, 9.11e-11
2019-09-22, 23:47:03, 9.7e-13, 9.1e-11
2019-09-22, 23:47:07, 1.05e-12, 9.15e-11
2019-09-22, 23:47:11, 9.62e-13, 9.08e-11
2019-09-22, 23:47:15, 9.23e-13, 9.12e-11
2019-09-22, 23:47:19, 9.53e-13, 9.09e-11
2019-09-22, 23:47:24, 9.36e-13, 9.14e-11
2019-09-22, 23:47:28, 9.43e-13, 9.13e-11
2019-09-22, 23:47:32, 9.09e-13, 9.1e-11
2019-09-22, 23:47:36, 9.61e-13, 9.1e-11
2019-09-22, 23:47:40, 8.77e-13, 9.12e-11
2019-09-22, 23:47:45, 8.96e-13, 9.14e-11
2019-09-22, 23:47:49, 9.62e-13, 9.13e-11
2019-09-22, 23:47:53, 8.84e-13, 9.1e-11
2019-09-22, 23:47:57, 1.04e-12, 9.11e-11
2019-09-22, 23:48:02, 9.58e-13, 9.12e-11
2019-09-22, 23:48:06, 9.34e-13, 9.13e-11
2019-09-22, 23:48:10, 9.35e-13, 9.1e-11
2019-09-22, 23:48:14, 9.54e-13, 9.12e-11
2019-09-22, 23:48:18, 9.52e-13, 9.13e-11
2019-09-22, 23:48:23, 9.87e-13, 9.13e-11
2019-09-22, 23:48:27, 8.81e-13, 9.13e-11
2019-09-22, 23:48:31, 1.02e-12, 9.16e-11
2019-09-22, 23:48:35, 1.02e-12, 9.14e-11
2019-09-22, 23:48:40, 9.64e-13, 9.13e-11
2019-09-22, 23:48:44, 9.64e-13, 9.12e-11
2019-09-22, 23:48:48, 1.04e-12, 9.16e-11
2019-09-22, 23:48:52, 9.54e-13, 9.18e-11
2019-09-22, 23:48:56, 1e-12, 9.13e-11
2019-09-22, 23:49:01, 1.02e-12, 9.13e-11
2019-09-22, 23:49:05, 9.28e-13, 9.13e-11
2019-09-22, 23:49:09, 9.89e-13, 9.11e-11
2019-09-22, 23:49:13, 9.72e-13, 9.09e-11
2019-09-22, 23:49:18, 9.33e-13, 9.05e-11
2019-09-22, 23:49:22, 9.32e-13, 9.06e-11
2019-09-22, 23:49:26, 9.41e-13, 9.09e-11
2019-09-22, 23:49:30, 9.76e-13, 9.06e-11
2019-09-22, 23:49:34, 9.65e-13, 9.08e-11
2019-09-22, 23:49:39, 9.43e-13, 9.08e-11
2019-09-22, 23:49:43, 9.04e-13, 9.15e-11
2019-09-22, 23:49:47, 9.28e-13, 9.12e-11
2019-09-22, 23:49:51, 9.58e-13, 9.14e-11
2019-09-22, 23:49:56, 9.45e-13, 9.15e-11
2019-09-22, 23:50:00, 9.57e-13, 9.14e-11
2019-09-22, 23:50:04, 9.58e-13, 9.12e-11
2019-09-22, 23:50:08, 9.68e-13, 9.12e-11
2019-09-22, 23:50:12, 9.57e-13, 9.14e-11
2019-09-22, 23:50:17, 9.75e-13, 9.1e-11
2019-09-22, 23:50:21, 9.57e-13, 9.11e-11
2019-09-22, 23:50:25, 1e-12, 9.1e-11
2019-09-22, 23:50:29, 8.96e-13, 9.12e-11
2019-09-22, 23:50:34, 8.97e-13, 9.1e-11
2019-09-22, 23:50:38, 9.77e-13, 9.15e-11
2019-09-22, 23:50:42, 9.58e-13, 9.13e-11
2019-09-22, 23:50:46, 9.95e-13, 9.07e-11
2019-09-22, 23:50:50, 9.63e-13, 9.1e-11
2019-09-22, 23:50:55, 8.65e-13, 9.11e-11
2019-09-22, 23:50:59, 9.12e-13, 9.07e-11
2019-09-22, 23:51:03, 9.49e-13, 9.11e-11
2019-09-22, 23:51:07, 9.71e-13, 9.05e-11
2019-09-22, 23:51:12, 9.78e-13, 9.07e-11
2019-09-22, 23:51:16, 1.01e-12, 9.07e-11
2019-09-22, 23:51:20, 9.15e-13, 9.12e-11
2019-09-22, 23:51:24, 1.02e-12, 9.14e-11
2019-09-22, 23:51:28, 9.58e-13, 9.15e-11
2019-09-22, 23:51:33, 9.58e-13, 9.11e-11
2019-09-22, 23:51:37, 9.5e-13, 9.14e-11
2019-09-22, 23:51:41, 8.88e-13, 9.13e-11
2019-09-22, 23:51:45, 9.2e-13, 9.15e-11
2019-09-22, 23:51:50, 9.82e-13, 9.1e-11
2019-09-22, 23:51:54, 9.61e-13, 9.16e-11
2019-09-22, 23:51:58, 9.19e-13, 9.15e-11
2019-09-22, 23:52:02, 9.98e-13, 9.06e-11
2019-09-22, 23:52:06, 1.11e-12, 9.13e-11
2019-09-22, 23:52:11, 8.88e-13, 9.1e-11
2019-09-22, 23:52:15, 8.74e-13, 9.12e-11
2019-09-22, 23:52:19, 1.02e-12, 9.12e-11
2019-09-22, 23:52:23, 9.48e-13, 9.15e-11
2019-09-22, 23:52:28, 9.99e-13, 9.1e-11
2019-09-22, 23:52:32, 9.86e-13, 9.06e-11
2019-09-22, 23:52:36, 9.82e-13, 9.06e-11
2019-09-22, 23:52:40, 9.46e-13, 9.1e-11
2019-09-22, 23:52:44, 1.03e-12, 9.13e-11
2019-09-22, 23:52:49, 9.82e-13, 9.1e-11
2019-09-22, 23:52:53, 9.18e-13, 9.07e-11
2019-09-22, 23:52:57, 9.41e-13, 9.06e-11
2019-09-22, 23:53:01, 1.09e-12, 9.09e-11
2019-09-22, 23:53:05, 9.57e-13, 9.09e-11
2019-09-22, 23:53:10, 1.05e-12, 9.1e-11
2019-09-22, 23:53:14, 9.68e-13, 9.13e-11
2019-09-22, 23:53:18, 1.02e-12, 9.07e-11
2019-09-22, 23:53:22, 9.89e-13, 9.1e-11
2019-09-22, 23:53:27, 9.3e-13, 9.12e-11
2019-09-22, 23:53:31, 9.64e-13, 9.09e-11
2019-09-22, 23:53:35, 9.33e-13, 9.09e-11
2019-09-22, 23:53:39, 9.48e-13, 9.07e-11
2019-09-22, 23:53:43, 8.91e-13, 9.11e-11
2019-09-22, 23:53:48, 9.6e-13, 9.08e-11
2019-09-22, 23:53:52, 9.44e-13, 9.11e-11
2019-09-22, 23:53:56, 1.04e-12, 9.13e-11
2019-09-22, 23:54:00, 9.29e-13, 9.11e-11
2019-09-22, 23:54:05, 9.52e-13, 9.13e-11
2019-09-22, 23:54:09, 1.04e-12, 9.09e-11
2019-09-22, 23:54:13, 9.12e-13, 9.08e-11
2019-09-22, 23:54:17, 9.09e-13, 9.12e-11
2019-09-22, 23:54:21, 9.77e-13, 9.09e-11
2019-09-22, 23:54:26, 9.7e-13, 9.11e-11
2019-09-22, 23:54:30, 9.82e-13, 9.13e-11
2019-09-22, 23:54:34, 1e-12, 9.08e-11
2019-09-22, 23:54:38, 9.13e-13, 9.12e-11
2019-09-22, 23:54:43, 9.65e-13, 9.14e-11
2019-09-22, 23:54:47, 9.5e-13, 9.12e-11
2019-09-22, 23:54:51, 9.47e-13, 9.16e-11
2019-09-22, 23:54:55, 1.03e-12, 9.12e-11
2019-09-22, 23:54:59, 9.79e-13, 9.18e-11
2019-09-22, 23:55:04, 9.33e-13, 9.16e-11
2019-09-22, 23:55:08, 8.98e-13, 9.14e-11
2019-09-22, 23:55:12, 9.74e-13, 9.15e-11
2019-09-22, 23:55:16, 8.13e-13, 9.16e-11
2019-09-22, 23:55:21, 9.7e-13, 9.16e-11
2019-09-22, 23:55:25, 9.77e-13, 9.14e-11
2019-09-22, 23:55:29, 9.39e-13, 9.14e-11
2019-09-22, 23:55:33, 9.64e-13, 9.13e-11
2019-09-22, 23:55:37, 8.95e-13, 9.14e-11
2019-09-22, 23:55:42, 1.01e-12, 9.15e-11
2019-09-22, 23:55:46, 9.41e-13, 9.17e-11
2019-09-22, 23:55:50, 9.64e-13, 9.11e-11
2019-09-22, 23:55:54, 9.48e-13, 9.13e-11
2019-09-22, 23:55:59, 9.6e-13, 9.07e-11
2019-09-22, 23:56:03, 9e-13, 9.08e-11
2019-09-22, 23:56:07, 9.54e-13, 9.12e-11
2019-09-22, 23:56:11, 1.01e-12, 9.11e-11
2019-09-22, 23:56:15, 9.17e-13, 9.17e-11
2019-09-22, 23:56:20, 9.64e-13, 9.12e-11
2019-09-22, 23:56:24, 1.03e-12, 9.15e-11
2019-09-22, 23:56:28, 8.89e-13, 9.09e-11
2019-09-22, 23:56:32, 1.14e-12, 9.08e-11
2019-09-22, 23:56:37, 9.77e-13, 9.09e-11
2019-09-22, 23:56:41, 1.07e-12, 9.09e-11
2019-09-22, 23:56:45, 1.01e-12, 9.07e-11
2019-09-22, 23:56:49, 9.24e-13, 9.06e-11
2019-09-22, 23:56:53, 9.92e-13, 9.09e-11
2019-09-22, 23:56:58, 9.68e-13, 9.07e-11
2019-09-22, 23:57:02, 8.53e-13, 9.1e-11
2019-09-22, 23:57:06, 9.85e-13, 9.07e-11
2019-09-22, 23:57:10, 9.74e-13, 9.12e-11
2019-09-22, 23:57:14, 9.72e-13, 9.13e-11
2019-09-22, 23:57:19, 9.6e-13, 9.11e-11
2019-09-22, 23:57:23, 9.73e-13, 9.07e-11
2019-09-22, 23:57:27, 9.43e-13, 9.11e-11
2019-09-22, 23:57:31, 9.45e-13, 9.1e-11
2019-09-22, 23:57:36, 1.04e-12, 9.08e-11
2019-09-22, 23:57:40, 1.05e-12, 9.06e-11
2019-09-22, 23:57:44, 9.9e-13, 9.06e-11
2019-09-22, 23:57:48, 9.85e-13, 9.05e-11
2019-09-22, 23:57:52, 1e-12, 9.08e-11
2019-09-22, 23:57:57, 8.17e-13, 9.11e-11
2019-09-22, 23:58:01, 9.44e-13, 9.04e-11
2019-09-22, 23:58:05, 9.55e-13, 9.11e-11
2019-09-22, 23:58:09, 9.15e-13, 9.1e-11
2019-09-22, 23:58:14, 9.53e-13, 9.12e-11
2019-09-22, 23:58:18, 1.05e-12, 9.07e-11
2019-09-22, 23:58:22, 9.69e-13, 9.06e-11
2019-09-22, 23:58:26, 9.71e-13, 9.09e-11
2019-09-22, 23:58:30, 9.84e-13, 9.06e-11
2019-09-22, 23:58:35, 9.16e-13, 9.1e-11
2019-09-22, 23:58:39, 9.47e-13, 9.11e-11
2019-09-22, 23:58:43, 9.9e-13, 9.12e-11
2019-09-22, 23:58:47, 8.93e-13, 9.11e-11
2019-09-22, 23:58:52, 9.76e-13, 9.12e-11
2019-09-22, 23:58:56, 9.64e-13, 9.1e-11
2019-09-22, 23:59:00, 8.9e-13, 9.11e-11
2019-09-22, 23:59:04, 9.2e-13, 9.09e-11
2019-09-22, 23:59:08, 7.99e-13, 9.05e-11
2019-09-22, 23:59:13, 9.99e-13, 9.08e-11
2019-09-22, 23:59:17, 9.72e-13, 9.06e-11
2019-09-22, 23:59:21, 9.21e-13, 9.09e-11
2019-09-22, 23:59:25, 1.04e-12, 9.06e-11
2019-09-22, 23:59:30, 9.7e-13, 9.08e-11
2019-09-22, 23:59:34, 9.89e-13, 9.13e-11
2019-09-22, 23:59:38, 9.62e-13, 9.07e-11
2019-09-22, 23:59:42, 9.87e-13, 9.1e-11
2019-09-22, 23:59:46, 9.47e-13, 9.09e-11
2019-09-22, 23:59:51, 9.8e-13, 9.11e-11
2019-09-22, 23:59:55, 9.5e-13, 9.1e-11
2019-09-22, 23:59:59, 9.66e-13, 9.06e-11
